text
"['\nII. 사업의 내용\n1. 사업의 개요\n당사의 백화점 부문은 \'21년 2월 더현대서울을 신규 오픈하며 현재 16개의 백화점과 8개의 아울렛을 운영 중이며, 면세점 부문은 무역센터점, 동대문점, 인천공항점을 운영하고 있습니다. 또한, 2025년 현대시티아울렛 청주점(가칭) 출점을 계획하고 있습니다.\'21년 3분기 누계 매출액은 연결 기준 2조 4,718억원이며 이중 백화점 부문은 1조 5,379억원(상품 및 상품관련 매출 1조 3,701억원, 용역매출 1,678억원), 면세점 부문은 1조 231억원(상품 및 상품관련 매출 1조 216억원, 용역매출 15억원) 입니다. 또한, 연결기준으로 영업이익은 1,702억원으로 백화점 부문 2,010억원, 면세점 부문 △302억원이며, 총 자산은 9조 3,188억원으로 백화점 부문 10조 1,038억원, 면세점 부문 7,647억원을 기록하였습니다.백화점 부문은 오프라인 매장을 중심으로 한 상품판매를 주 판매방법으로 하고 있으며, 매출증대를 위한 주된 전략으로 고품격 서비스 제공과 고객만족 극대화를 채택하여 제조, 금융, 서비스의 조화를 통해 고객의 생활을 업그레이드 할 수 있는 고품질의가치를 판매하고 있습니다. 면세점 부문은 매장 직접판매와 인터넷 면세점을 통해 수입품 및 국산품을 판매하고 있으며, 매출증대 및 MS 점유율 확대, 고품격 서비스 제공을 통한 고객만족 극대화를 위해 판촉, 마케팅 전담부서를 운영하며 고객관리, 홍보 등 고객관리에 힘쓰고 있습니다.연결회사는 여러 활동으로 인하여 시장위험, 신용위험 및 유동성 위험과 같은 다양한금융위험에 노출되어 있으며, 연결회사의 전반적인 위험관리프로그램은 금융시장의 예측불가능성에 초점을 맞추고 재무성과에 잠재적으로 불리할 수 있는 효과를 최소화하는데 중점을 두고 있습니다. 당사는 당분기말 2건의 통화스왑거래를 체결하고 있으며, 통화스왑거래로 인하여 당분기 중 금융손익으로 인식한 파생상품평가손익은 45억원, 기타포괄손익누계액으로 인식한 파생상품평가손실은 1억원입니다.당분기말 현재 연결회사가 맺고 있는 주요 계약은 현대아울렛 가산점과 경영관리계약을 맺고 있으며, 백화점 부문(현대시티몰 가든파이브점 外 5개)과 면세점 부문(동대문점 外 2개)의 임차 사업소에 대한 임차계약을 맺고 있습니다. 그리고 면세점 부문은 2018년 10월과 2020년 2월 시내면세점 특허를 취득하였으며, 2020년 4월 인천국제공항 제4기 제1여객터미널 면세사업권 DF7구역 최종낙찰자로 선정되어 임대차계약을 체결하였습니다.본 사업의 개요에 요약된 내용의 세부사항 및 포함되지 않은 내용 등은 \'Ⅱ. 사업의 내용\'의 \'2. 주요 제품 및 서비스\' 부터 \'7. 기타 참고사항\'까지의 항목에 상세히 기재되어 있으며 이를 참고하여 주시기 바랍니다.\n2. 주요 제품 및 서비스\n지배회사와 종속회사는 영업부문에 대한 구분시 기업회계기준서 1108호에 따른통합기준 및 양적기준을 고려하였으며, 수익을 창출하는 재화와 용역의 성격, 시장 및 판매방법의 특징, 사업의 계속성 등을 고려한 영업부문별 경영성과를 적절히 반영할 수 있도록 백화점 부문, 면세점 부문으로 세분화 하였습니다.연결실체의 사업부문별 요약재무현황은 다음과 같습니다.\n(단위 : 백만원, %)\n사업부문\n제20기 3분기\n제19기\n제18기\n2021년\n2020년\n2019년\n금액\n비중\n금액\n비중\n금액\n비중\n백화점 부문\n매출액\n1,537,936\n60.1%\n1,752,287\n73.8%\n1,936,909\n84.0%\n영업이익\n201,036\n117.7%\n200,126\n148.7%\n367,633\n125.3%\n총 자산\n10,103,790\n92.9%\n9,572,053\n93.4%\n8,741,155\n96.7%\n면세점 부문\n매출액\n1,023,094\n39.9%\n622,398\n26.2%\n368,834\n16.0%\n영업이익\n(30,239)\n(17.7%)\n(65,499)\n(48.7%)\n(74,184)\n(25.3%)\n총 자산\n764,673\n7.1%\n678,954\n6.6%\n302,686\n3.3%\n별도합산\n매출액\n2,561,030\n100.0%\n2,374,685\n100.0%\n2,305,743\n100.0%\n영업이익\n170,797\n100.0%\n134,627\n100.0%\n293,449\n100.0%\n총 자산\n10,868,463\n100.0%\n10,251,007\n100.0%\n9,043,841\n100.0%\n기타내부거래 제거\n매출액\n(89,234)\n-\n(101,533)\n-\n(106,793)\n-\n영업이익\n(606)\n-\n1,237\n-\n(1,204)\n-\n총 자산\n(1,549,685)\n-\n(1,543,974)\n-\n(1,420,747)\n-\n연결합산\n매출액\n2,471,796\n-\n2,273,152\n-\n2,198,950\n-\n영업이익\n170,191\n-\n135,864\n-\n292,245\n-\n총 자산\n9,318,778\n-\n8,707,033\n-\n7,623,094\n-\n3. 원재료 및 생산설비\n가. 주요 원재료해당사항 없습니다.나. 영업용 설비 현황\n연결회사의 사업장 소재 및 현황은 다음과 같습니다.\xa0\n[2021. 09. 30 기준]\n(단위 : 백만원,㎡)\n구\xa0 \xa0 \xa0 분\n소재지\n\xa0토 지\xa0\n\xa0건 물\xa0\n장부가\xa0 합계\xa0\n비 고\n\xa0장부가\xa0\n\xa0면\xa0 적\xa0\n장부가\xa0\n\xa0면\xa0 적\xa0\n본\xa0 \xa0 \xa0 \xa0 사\n서울 강남구 外\n160,051\n\xa0 \xa0\xa0 46,006\n111,162\n\xa0 \xa0 30,731\n271,213\n소유\n-\n\xa0 \xa0 \xa0 \xa0 \xa0 \xa0 \xa0 -\n-\n\xa0 \xa0 \xa0 1,671\n-\n임차\n압구정본점\n서울 강남구\n146,736\n\xa0 \xa0\xa0 10,330\n56,046\n\xa0 \xa0\xa0 58,764\n202,782\n소유\n-\n\xa0 \xa0 \xa0 \xa0 \xa0 \xa0 -\n-\n\xa0 \xa0 \xa0\xa0 3,860\n-\n임차\n천\xa0\xa0 호\xa0\xa0 점\n서울 강동구\n123,741\n\xa0 \xa0 \xa0\xa0 8,979\n161,816\n\xa0 \xa0\xa0 99,633\n285,557\n소유\n-\n\xa0 \xa0 \xa0 \xa0 \xa0 \xa0 -\n-\n\xa0 \xa0 \xa0\xa0 2,263\n-\n임차\n신\xa0\xa0 촌\xa0\xa0 점\n서울 서대문구 外\n79,782\n\xa0 \xa0 \xa0\xa0 8,016\n96,169\n\xa0\xa0 84,832\n175,951\n소유\n-\n\xa0 \xa0 \xa0 \xa0 \xa0 \xa0\xa0 -\n-\n\xa0 \xa0 \xa0 578\n-\n임차\n미\xa0\xa0 아\xa0\xa0 점\n서울 성북구\n97,068\n\xa0 \xa0\xa0 11,686\n88,180\n\xa0 \xa0 98,697\n185,248\n소유\n-\n\xa0 \xa0 \xa0 \xa0 \xa0 \xa0 -\n-\n\xa0 \xa0 \xa0 \xa0\xa0 175\n-\n임차\n디큐브시티점\n서울 구로구\n-\n\xa0 \xa0 \xa0 \xa0 \xa0 \xa0 -\n-\n\xa0\xa0 116,588\n-\n임차\n중\xa0\xa0 동\xa0\xa0 점\n부천 원미구\n77,191\n\xa0 \xa0\xa0 13,768\n170,917\n\xa0 149,821\n248,108\n소유\n판\xa0\xa0 교\xa0\xa0 점\n성남시 분당구\n413,185\n\xa0 \xa0\xa0 21,227\n343,048\n\xa0 \xa0 219,591\n756,233\n소유\n부\xa0\xa0 산\xa0\xa0 점\n부산 동구\n41,513\n\xa0 \xa0 \xa0\xa0 9,477\n56,027\n\xa0 \xa0\xa0 73,677\n97,540\n소유\n대\xa0\xa0 구\xa0\xa0 점\n대구 중구\n139,882\n\xa0 \xa0 \xa0\xa0 13,019\n138,337\n\xa0 \xa0 118,247\n278,219\n소유\n울\xa0\xa0 산\xa0\xa0 점\n울산 남구外\n80,510\n10,839\n62,983\n104,561\n143,493\n소유\n동\xa0\xa0 구\xa0\xa0 점\n울산 동구外\n42,397\n\xa0 \xa0 \xa0 \xa0 24,133\n28,335\n\xa0 \xa0 \xa0 41,416\n70,732\n소유\n-\n\xa0 \xa0 \xa0 \xa0 \xa0 \xa0 \xa0 -\n-\n\xa0 \xa0 \xa0 \xa0\xa0 471\n-\n임차\n더현대서울\n서울 영등포구\n-\n-\n-\n193,935\n-\n임차\n가산아울렛\n서울 구로구\n-\n-\n-\n67,434\n-\n위탁경영\n동대문아울렛\n서울 동대문구\n-\n\xa0 \xa0 \xa0 \xa0 \xa0 \xa0 \xa0 -\n-\n\xa0 \xa0 52,807\n-\n임차\n송도아울렛\n인천 연수구\n143,986\n\xa0 \xa0 \xa0 \xa0 59,193\n179,713\n\xa0 \xa0\xa0 139,043\n323,699\n소유\n가든파이브점\n서울 송파구\n-\n\xa0 \xa0 \xa0 \xa0 \xa0 \xa0 -\n-\n100,065\n-\n임차\n대구아울렛\n대구 동구\n-\n\xa0 \xa0 \xa0 \xa0 \xa0 \xa0 -\n-\n71,933\n-\n임차\n대전아울렛\n대전 유성구\n87,500\n99,691\n206,327\n129,521\n293,827\n소유\n무역센터점\n서울 강남구\n181,532\n\xa0 \xa0 \xa0 10,198\n171,679\n\xa0 \xa0 109,233\n353,211\n소유\n-\n\xa0 \xa0 \xa0 \xa0 5,600\n-\n\xa0 \xa0\xa0 31,588\n-\n임차\n목\xa0\xa0 동\xa0\xa0 점\n서울 양천구\n37,554\n\xa0 \xa0 \xa0 \xa0 10,166\n136,398\n\xa0 \xa0 161,932\n173,952\n소유\n킨 텍 스 점\n고양 일산서구\n63,784\n\xa0 \xa0 \xa0 12,962\n125,429\n\xa0 \xa0\xa0 96,213\n189,213\n소유\n충\xa0\xa0 청\xa0\xa0 점\n청주 복대동\n74,418\n\xa0 \xa0 \xa0 27,418\n95,245\n\xa0 \xa0\xa0 86,635\n169,663\n소유\n김포아울렛\n김포 고촌읍\n95,839\n\xa0 \xa0 \xa0 \xa0 52,270\n234,693\n\xa0 \xa0 204,865\n330,532\n소유\n스페이스원\n남양주시 다산동\n182,330\n83,964\n208,012\n131,974\n390,342\n소유\n면세점 무역센터점\n서울 강남구 外\n-\n\xa0 \xa0 \xa0 \xa0 \xa0 \xa0 \xa0 -\n-\n\xa0\xa0 29,854\n-\n임차\n면세점 동대문점\n서울 동대문구 外\n-\n-\n-\n20,922\n-\n임차\n면세점 인천공항점\n인천 중구\n-\n-\n-\n3,322\n-\n임차\n현대쇼핑\n서울 서대문구 外\n28,812\n\xa0 \xa0 \xa0 \xa0 3,763\n7,106\n\xa0 \xa0 11,507\n35,918\n소유\n합 계\n2,297,811\n\xa0 542,705\n2,677,622\n2,848,359\n4,975,433\n-\n※ 주요 유형자산에 대한 시가는 객관적인 시가 판단이 어려워 기재를 생략하였습니다.\n다. 신규 지점 등의 설치계획연결회사는 충청북도 청주시에 시티아울렛 출점을 계획하고 있습니다.\xa0\r\n[2021.09.30 기준]\n(단위 : 억원)\n사 업부 문\n구분\n투 자 기 간\n투자대상 자산\n투 자 효 과\n총예정투자액\n기투자액\n향후투자액\n비고\n백화점(아울렛)\n신설\n2021년~2025년(예정)\n현대시티아울렛 청주점(가칭)\nㆍM/S 및 경쟁력 강화\n150\xa0\n-\n150\xa0\n임차\n합 계\n150\xa0\n-\n150\xa0\n-\n※ 투자기간 및 투자금액은 향후 투자과정에서 변경될 수 있습니다.\n4. 매출 및 수주상황\n가. 매출실적연결회사의 매출은 상품에 대한 매출을 인식하는 상품매출과 용역제공에 대한 매출을 인식하는 용역매출로 구분할 수 있습니다. 이어지는 표는 이러한 연결회사의 매출형태 구분에 따른 매출액을 나타낸 것입니다.\n(단위 : 백만원, %)\n사업부문\n매출유형\n제20기 3분기\n제19기\n제18기\n2021년\n2020년\n2019년\n매출액\n비율\n매출액\n비율\n매출액\n비율\n백화점부문\n상품 및상품관련매출\n1,370,123\n55.4%\n1,552,606\n68.3%\n1,717,100\n78.1%\n용역매출\n167,813\n6.8%\n199,681\n8.8%\n219,809\n10.0%\n면세점부문\n상품 및상품관련매출\n1,021,582\n41.3%\n620,274\n27.3%\n366,401\n16.7%\n용역매출\n1,511\n0.1%\n2,124\n0.1%\n2,433\n0.1%\n기타/내부거래 제거\n(89,233)\n(3.6%)\n(101,533)\n(4.5%)\n(106,793)\n(4.9%)\n합 계\n2,471,796\n100.0%\n2,273,152\n100.0%\n2,198,950\n100.0%\n나. 판매경로 및 주요 매출처(백화점)납품업자 → 현대백화점 → 소비자(면세점)납품업자 → 현대백화점 면세점 → 소비자\n다. 판매방법(백화점)백화점은 오프라인 매장을 중심으로 한 상품 판매를 주 판매방법으로 하고 있으며, 결제수단은 현금, 상품권, 카드 등을 채택하고 있습니다.또한 PC, 모바일 등의 매체를 통해 고객에게 직접 상품 정보를 제공 및 주문 접수를 하고, 해당 매체를 통해 고객이 신용카드 결제 또는 무통장 입금 방식으로 상품대금 결제를 완료하면 택배회사를 통해 상품을 배송합니다.\n(면세점)면세점은 매장 직접판매와 인터넷 면세점을 통해 수입품 및 국산품을 판매하고 있으며, 결제수단은 현금, 상품권, 카드 등을 채택하고 있습니다.라. 판매전략(백화점)백화점은 매출증대를 위한 주된 전략으로 고품격 서비스 제공과 고객만족 극대화를 채택하였으며 제조, 금융, 서비스의 조화를 통해 고객의 생활을 업그레이드 할 수 있는 고품질의 가치를 판매하고 있습니다. 더불어 사업다각화 등은 회사가 추진하고 있는 중요한 매출증대 및 신규성장을 위한 전략입니다.(면세점)면세점은 매출증대 및\xa0 MS 점유율 확대 및 고품격 서비스 제공을 통한 고객만족 극대화를 위해 판촉, 마케팅 전담 부서를 운영하며 고객관리, 홍보 등 고객 관리에 힘쓰고 있습니다. 마. 수주상황해당사항 없습니다.\n5. 위험관리 및 파생거래\n연결회사는 여러 활동으로 인하여 시장위험(환위험, 공정가치 이자율위험, 현금흐름이자율위험 및 가격위험), 신용위험 및 유동성위험과 같은 다양한 금융 위험에 노출되어 있습니다. 연결회사의 전반적인 위험관리프로그램은 금융시장의 예측불가능성에 초점을 맞추고 있으며 재무성과에 잠재적으로 불리할 수 있는 효과를 최소화하는데 중점을 두고 있습니다.위험관리는 이사회에서 승인한 정책에 따라 주관부서(연결회사 재무팀)에 의해 이루어지고 있습니다. 연결회사의 재무팀은 각 영업부서들과 긴밀히 협력하여 재무위험을 식별, 평가 및 회피하고 있습니다. 이사회는 외환위험, 이자율위험, 신용위험, 파생금융상품과 비파생금융상품의 이용 및 유동성을 초과하는 투자와 같은 특정 분야에 관한 문서화된 정책 뿐 아니라, 전반적인 위험관리에 대한 문서화된 정책을 제공합니다.\n가. 시장위험(1) 외환위험보고기간종료일\xa0현재\xa0외환 위험에 노출되어 있는 연결회사의 금융자산ㆍ부채의 내역의 원화환산 기준액은 다음과 같습니다.\xa0\n(단위:천원,USD,EUR,CNH,JPY,HKD)\n계 정 과 목\n통화\n당분기말\n전기말\n외화금액\n원화금액\n외화금액\n원화금액\n외화자산:\n현금및현금성자산\nUSD\n126,400\xa0\n149,771\xa0\n126,400\xa0\n137,523\xa0\nEUR\n17,000\xa0\n23,363\xa0\n17,000\xa0\n22,750\xa0\nCNH\n267,500\xa0\n48,961\xa0\n267,500\xa0\n44,662\xa0\nJPY\n11,210,000\xa0\n118,622\xa0\n11,210,000\xa0\n118,183\xa0\n미수금\nUSD\n18,053,166\xa0\n21,391,197\xa0\n8,417,106\xa0\n9,157,811\xa0\nHKD\n\u3000-\xa0\n-\xa0\n2,131,493\xa0\n299,155\xa0\nEUR\n79,853\xa0\n109,743\xa0\n54,016\xa0\n72,286\xa0\n외화자산 합계\n-\u3000\n21,841,657\xa0\n-\u3000\n9,852,370\xa0\n외화부채:\n매입채무\nUSD\n11,772,763\xa0\n13,949,546\xa0\n12,523,757\xa0\n13,625,848\xa0\nJPY\n8,511,600\xa0\n90,068\xa0\n-\n-\n미지급금\nUSD\n1,078\xa0\n1,277\xa0\n1,078\xa0\n1,173\xa0\n외화부채 합계\n-\n14,040,891\xa0\n-\u3000\n13,627,021\xa0\n보고기간종료일 현재 각 외화에 대한 원화 환율 10% 변동시 환율변동이 법인세비용차감전이익에 미치는 영향은 다음과 같습니다.\n(단위:천원)\n구\xa0\xa0 분\n당분기말\n전기말\n10% 상승시\n10% 하락시\n10% 상승시\n10% 하락시\nUSD\n759,015\xa0\n(759,015)\n(433,169)\n433,169\xa0\nHKD\n\xa0-\xa0\n\xa0-\xa0\n29,916\xa0\n(29,916)\nCNH\n4,896\xa0\n(4,896)\n4,466\xa0\n(4,466)\nJPY\n2,855\xa0\n(2,855)\n11,818\xa0\n(11,818)\nEUR\n13,311\xa0\n(13,311)\n9,504\xa0\n(9,504)\n합\xa0\xa0 계\n780,077\xa0\n(780,077)\n(377,465)\n377,465\xa0\n(2) 가격위험\n연결회사는 상장 및 비상장주식을 포함하는 지분증권에 투자하고 있습니다. 연결회사는 이를 위하여 하나 이상의 직접적 또는 간접적 투자수단을 이용하고 있으며\xa0당분기말 현재 연결회사의 지분증권투자(관계기업 제외)\xa0중 시가로 평가하고 있는 지분증권투자 금액은\xa056,884백만원(전기말:\xa049,198백만원)입니다.보고기간종료일\xa0현재\xa0지분증권의 공정가액변동에 따른 효과는 다음과 같습니다.\n(단위:천원)\n구\xa0\xa0 분\n주가의 변동\n세전순이익에 미치는 효과\n기타포괄손익에 미치는 효과\n당분기말\n10%\n-\xa0\n5,688,372\xa0\n-10%\n-\xa0\n(5,688,372)\n전기말\n10%\n-\xa0\n4,919,825\xa0\n-10%\n-\xa0\n(4,919,825)\n이 분석은 다른 변수들은 일정하며 연결회사가 보유하고 있는 지분상품의 주가가 10% 증가 또는 감소한 경우를 분석한 것입니다. 또한, 상기의 자본에 미치는 효과는 이연법인세 효과를 조정하기 전의 금액입니다.\n(3) 이자율위험\n연결회사의 이자율 위험은 주로 변동이자부 차입금에 연관되어 있으며, 이와 관련된 이자비용은 이자율 위험에 노출되어 있습니다. 보고기간종료일 현재 이자율위험에 노출된 자산ㆍ부채의 장부금액은 다음과 같습니다.\n(단위:천원)\n구\xa0 분\n당분기말\n전기말\n변동이자부차입금\n\xa0 20,000,000\xa0\n-\xa0\n\xa0\n연결회사는 공정가치 이자율위험을 관리하기 위하여 내부적으로 이자율 변동으로 인한 이자율위험을 정기적으로 측정하고 있습니다. 보고기간종료일 현재 다른 모든 변수가 일정하고 이자율이 1% 변동시 세전손익에 미치는 영향은 다음과 같습니다.\n(단위:천원)\n구\xa0 분\n당분기말\n전기말\n1% 상승시\n1% 하락시\n1% 상승시\n1% 하락시\n변동금리부차입금\n\xa0 (200,000)\n200,000\xa0\n-\xa0\n-\xa0\n나. 신용위험신용위험은 연결회사의 위험관리정책에 의하여 전사적 신용위험 관리, 실시간 모니터링 및 채권 안전장치 마련을 통한 손실 최소화 및 회수율을 높이는 것을 목적으로 관리하고 있습니다. 신용위험은 보유하고 있는 수취채권 및 확정계약을 포함한 도소매 거래처에 대한 신용위험뿐 아니라 현금및현금성자산, 은행 및 금융기관 예치금으로부터 발생하고 있습니다. 은행 및 금융기관의 경우, 독립적인 신용평가기관으로부터의 신용등급이 최소 A이상인 경우에 한하여 거래를 하고 있습니다.\xa0\r\n신용정책은 여신 관리규정, 채권 관리규정, 시스템을 통한 모니터링 등으로 구성되며연결회사 차원에서 운영되고 모니터링됩니다. 고객에 대한 여신부여는 거래처의 외부신용등급, 지급 성향, 거래조건, 회사운영기간, 거래금액 등을 고려한 여신평가기준에 의거하여 적정한도가 산출되며 연결회사 규정에 따른 재량권자에 의해서 승인됩니다.\n또한, 연결회사는 신용위험을 회피하기 위하여 채권관리규정 및 시스템을 운영하고 있습니다. 신용위험을 회피하기 위하여 담보의 경우 부동산, 보증보험, 은행지급보증등을 적용하고 있습니다. 따라서 보고기간종료일 현재 연결회사의 매출채권 중 연체되지 않고 손상되지 않은 금융자산의 신용도는 가능한 경우 외부신용등급 또는 거래상대방의 부도율에 대한 이력정보 등을 고려하여 측정할 수 있습니다.\n- 매출채권 및 기타채권연결회사는 매출채권에 대해 전체 기간 기대신용손실을 손실충당금으로 인식하는 간편법을 적용합니다. 기대신용손실을 측정하기 위해 매출채권은 신용위험 특성과 연체일을 기준으로 구분하였습니다. 보고기간종료일 현재 손실충당금은 다음과 같습니다. 기대신용손실에는 미래전망정보가 포함됩니다.\n<당분기말>\n(단위:천원)\n구\xa0\xa0 분\n정상\n30일\xa0이하\n30일 초과\n60일 초과\n120일 초과\n합\xa0\xa0 계\n매출채권\n총 장부금액\n582,477,773\xa0\n2,361,386\xa0\n389,605\xa0\n725,117\xa0\n6,712,521\xa0\n592,666,402\xa0\n기대손실률\n\xa00.14%~1.0%\xa0\n9.23%\xa0\n76.51%\xa0\n96.24%\xa0\n100.00%\xa0\n\u3000\n손실충당금\n(898,276)\n(217,956)\n(298,087)\n(697,842)\n(6,712,521)\n(8,824,682)\n소\xa0\xa0 계\n581,579,497\xa0\n2,143,430\xa0\n91,518\xa0\n27,275\xa0\n\xa0-\xa0\n583,841,720\xa0\n미수금\n총 장부금액\n91,720,992\xa0\n20,940\xa0\n14,524\xa0\n42,300\xa0\n637,082\xa0\n92,435,838\xa0\n기대손실률\n\xa00.05%~0.14%\xa0\n9.23%\xa0\n76.51%\xa0\n96.69%\xa0\n100.00%\xa0\n\u3000\n손실충당금\n(24,738)\n(1,933)\n(11,112)\n(40,901)\n(637,082)\n(715,766)\n소\xa0\xa0 계\n91,696,254\xa0\n19,007\xa0\n3,412\xa0\n1,399\xa0\n\xa0-\xa0\n91,720,072\xa0\n합\xa0\xa0 계\n673,275,751\xa0\n2,162,437\xa0\n94,930\xa0\n28,674\xa0\n\xa0-\xa0\n675,561,792\xa0\n<전기말>\n(단위:천원)\n구\xa0\xa0 분\n정상\n30일\xa0이하\n30일 초과\n60일 초과\n120일 초과\n합\xa0\xa0 계\n매출채권\n총 장부금액\n543,720,974\xa0\n2,176,248\xa0\n376,967\xa0\n680,540\xa0\n4,520,522\xa0\n551,475,251\xa0\n기대손실률\n\xa00.14%~1.0%\xa0\n9.23%\xa0\n76.51%\xa0\n96.14%\xa0\n100.00%\xa0\n\u3000\n손실충당금\n(859,451)\n(200,868)\n(288,417)\n(654,264)\n(4,520,522)\n(6,523,522)\n소\xa0\xa0 계\n542,861,523\xa0\n1,975,380\xa0\n88,550\xa0\n26,276\xa0\n\xa0-\xa0\n544,951,729\xa0\n미수금\n총 장부금액\n47,967,126\xa0\n20,666\xa0\n13,730\xa0\n38,216\xa0\n384,113\xa0\n48,423,851\xa0\n기대손실률\n\xa00.05%~0.14%\xa0\n9.23%\xa0\n76.51%\xa0\n96.56%\xa0\n100.00%\xa0\n\u3000\n손실충당금\n(153,358)\n(1,907)\n(10,505)\n(36,901)\n(384,113)\n(586,784)\n소\xa0\xa0 계\n47,813,768\xa0\n18,759\xa0\n3,225\xa0\n1,315\xa0\n\xa0-\xa0\n47,837,067\xa0\n합\xa0\xa0 계\n590,675,291\xa0\n1,994,139\xa0\n91,775\xa0\n27,591\xa0\n\xa0-\xa0\n592,788,796\xa0\n당분기와 전분기 중 매출채권 및 미수금의 손실충당금 변동내역은 다음과 같습니다.\xa0\n(단위:천원)\n구\xa0\xa0 분\n당분기\n전분기\n매출채권\n미수금\n매출채권\n미수금\n기초\xa0손실충당금\n(6,523,522)\n(586,784)\n(6,926,322)\n(605,825)\n당분기 중 당기손익으로 인식된 손실충당금의 증가 (*)\n(2,767,824)\n(344,452)\n(2,944,022)\n(391,359)\n회수가 불가능하여 당분기 중 제각된 금액\n466,664\xa0\n215,470\xa0\n380,624\xa0\n63,785\xa0\n분기말\xa0손실충당금\n(8,824,682)\n(715,766)\n(9,489,720)\n(933,399)\n(*) 채권손상과 관련하여 대손상각비로 인식되었습니다. 채권은 손상이 발생하였지만 식별되지 않았다는 객관적인 증거가 있는지를 결정하기 위하여 집합적으로 평가하였습니다. 이러한 채권들의 손상차손 추정금액은 대손충당금 계정으로 차감 표시되었습니다. 연결회사는 다음의 징후가 있는 경우 손상의객관적인 증거가 있는 것으로 간주하였습니다. - 지급의무자의 유의적인 재무적 어려움 - 이자지급이나 원금상환의 불이행이나 지연(외상매출금의 경우 4개월 이상 연체)다. 유동성위험연결회사는 매월 향후 3개월 자금수지계획을 수립함으로써 영업, 투자, 재무활동에서의 자금수지를 미리 예측하고 있으며, 이를 통해 필요 유동성 규모를 사전에 확보하고 유지하여 향후에 발생할 수 있는 유동성위험을 사전에 관리하고 있습니다. \n보고기간종료일 현재 금융부채에 대하여 보고기간종료일로부터 계약만기일까지의 잔여 만기에 따라 만기별로 구분된 순유동성은 다음과 같습니다.\n<당분기말>\n(단위:천원)\n구\xa0\xa0 분\n3개월 미만\n3개월에서 1년이하\n1년에서 2년 이하\n2년에서 5년 이하\n5년 초과\n합\xa0\xa0 계\n매입채무및기타채무\n675,989,173\xa0\n\xa0-\xa0\n\xa0-\xa0\n\xa0-\xa0\n\xa0-\xa0\n675,989,173\xa0\n미지급비용\n26,964,607\xa0\n\xa0-\xa0\n\xa0-\xa0\n\xa0-\xa0\n\xa0-\xa0\n26,964,607\xa0\n사채 (*1)\n2,750,157\xa0\n8,250,472\xa0\n315,887,637\xa0\n347,823,243\xa0\n\xa0-\xa0\n674,711,509\xa0\n단기차입금\n522,392,491\n24,609,828\xa0\n\xa0-\xa0\n\xa0-\xa0\n\xa0-\xa0\n547,002,319\xa0\n유동성장기차입금 (*1)\n394,027\xa0\n100,750,329\xa0\n\xa0-\xa0\n\xa0-\xa0\n\xa0-\xa0\n101,144,356\xa0\n장기차입금 (*1)\n595,000\xa0\n1,785,000\xa0\n102,235,342\xa0\n20,620,000\xa0\n\xa0-\xa0\n125,235,342\xa0\n예수보증금 (*2)\xa0\n972,140\xa0\n8,953,698\xa0\n13,451,809\xa0\n9,375,704\xa0\n7,442,889\xa0\n40,196,240\xa0\n리스부채 (*2)\n20,405,795\xa0\n80,135,048\xa0\n104,598,792\xa0\n281,626,557\xa0\n433,749,729\xa0\n920,515,921\xa0\n합\xa0\xa0 계\n1,250,463,390\xa0\n224,484,375\xa0\n536,173,580\xa0\n659,445,504\xa0\n441,192,618\xa0\n3,111,759,467\xa0\n(*1) 차입금과 사채의 만기별 금액은 미래예상이자비용이 포함되어 있으며 현재가치평가 전 금액입니다(*2)\xa0유동과 비유동 합계 금액이며, 현재가치 평가 전 금액입니다.\n<전기말>\n(단위:천원)\n구\xa0\xa0 분\n3개월미만\n3개월에서1년이하\n1년에서2년이하\n2년에서5년이하\n5년초과\n합\xa0\xa0 계\n매입채무및기타채무\n648,077,226\xa0\n\xa0-\xa0\n\xa0-\xa0\n\xa0-\xa0\n\xa0-\xa0\n648,077,226\xa0\n미지급비용\xa0\n9,140,456\xa0\n\xa0-\xa0\n\xa0-\xa0\n\xa0-\xa0\n\xa0-\xa0\n9,140,456\xa0\n유동성사채 (*1)\xa0\n1,551,250\xa0\n251,551,250\xa0\n\xa0-\xa0\n\xa0-\xa0\n\xa0-\xa0\n253,102,500\xa0\n사채 (*1)\n1,817,633\xa0\n5,458,339\xa0\n7,275,972\xa0\n361,820,986\xa0\n\xa0-\xa0\n376,372,930\xa0\n단기차입금\n505,000,000\xa0\n\xa0-\xa0\n\xa0-\xa0\n\xa0-\xa0\n\xa0-\xa0\n505,000,000\xa0\n유동성장기차입금 (*1)\xa0\n100,628,767\xa0\n\xa0-\xa0\n\xa0-\xa0\n\xa0-\xa0\n\xa0-\xa0\n100,628,767\xa0\n장기차입금 (*1)\xa0\n832,397\xa0\n2,461,356\xa0\n102,506,329\xa0\n101,609,667\xa0\n\xa0-\xa0\n207,409,749\xa0\n예수보증금 (*2)\xa0\n1,368,798\xa0\n19,577,045\xa0\n5,044,173\xa0\n8,783,999\xa0\n5,567,760\xa0\n40,341,775\xa0\n리스부채 (*2)\n13,275,564\xa0\n37,283,162\xa0\n75,410,761\xa0\n209,900,213\xa0\n305,819,234\xa0\n641,688,934\xa0\n합\xa0\xa0 계\n1,281,692,091\xa0\n316,331,152\xa0\n190,237,235\xa0\n682,114,865\xa0\n311,386,994\xa0\n2,781,762,337\xa0\n(*1) 차입금과 사채의 만기별 금액은 미래예상이자비용이 포함되어 있으며 현재가치평가 전 금액입니다(*2)\xa0유동과 비유동 합계 금액이며, 현재가치 평가 전 금액입니다.\n라. 자본위험관리\n연결회사의 자본관리는 건전한 자본구조의 유지를 통한 주주이익의 극대화를 목적으로 하고 있으며, 최적 자본구조 달성을 위해 부채비율, 순차입금비율 등의 재무비율을 매월 모니터링하여 필요할 경우 적절한 재무구조 개선방안을 실행하고 있습니다.\n보고기간종료일 현재 연결회사의 부채비율, 순차입금비율은 다음과 같습니다.\xa0\n(단위:천원)\n구\xa0\xa0 분\n당분기말\n전기말\n\xa0부채(A)\xa0\n\xa04,164,549,468\xa0\n\xa03,674,740,993\xa0\n\xa0자본(B)\xa0\n5,154,228,680\xa0\n\xa05,032,291,555\xa0\n\xa0현금및현금성자산(C)\n\xa0 \xa0\xa0 59,632,371\xa0\n\xa0 \xa0\xa0 34,612,907\xa0\n\xa0차입금(D) (*)\n\xa01,416,958,828\xa0\n\xa01,406,789,007\xa0\n\xa0부채비율(A/B)\xa0\n80.80%\n73.02%\xa0\n\xa0순차입금비율(D-C)/B\xa0\n26.33%\n27.27%\xa0\n(*) 차입금 및 사채의 합계 금액입니다.\n마. 파생상품 및 위험회피회계(1)\xa0파생상품의 구성내역\n(단위:천원)\n구\xa0\xa0 분\n당분기말\n전기말\n유동\n비유동\n유동\n비유동\n파생상품부채:\n\xa0\xa0 통화스왑\n-\xa0\n678,674\xa0\n-\xa0\n3,877,093\xa0\n파생상품자산:\n통화이자율스왑\n-\xa0\n1,157,354\xa0\n-\xa0\n-\xa0\n(2) 파생상품 및 위험회피회계\n(단위:원)\n거래목적\n파생상품종류\n계약기간\n거래금액\n약정이자율\n약정환율\n현금흐름위험회피\n통화이자율스왑\n2020.06.18~2023.06.16\nUSD\n30,000,000\n수취\n3M LIBOR + 1.15\n1,216.50\n지급\n1.36\n2021.06.18~2024.06.18\nUSD\n30,000,000\n수취\n3M LIBOR + 0.05\n1,133.50\n지급\n1.15\n바. 파생상품 관련 손익연결회사가\xa0상기의 통화이자율스왑계약으로 인하여 당분기 중 금융수익으로 인식한 파생상품 평가이익 및 평가손실은 각각 4,753,674천원 및 204,620천원(전분기: 평가손실 1,331,040천원)이며, 기타포괄손익으로 인식한 파생상품평가손실은 142,738천원(전분기: 파생상품평가손실 186,857천원)입니다. 기타포괄손익으로 인식한 파생상품평가손실은 자본에 직접 차감되는 법인세효과를 반영한 세후금액입니다.\n6. 주요계약 및 연구개발활동\n가. 수탁경영계약당분기말 현재 연결회사가 체결하고 있는 수탁경영계약의 내용은 다음과 같습니다.\n거래처\n계약대상\n계약내용\n계약기간\n(주)한라\n현대아울렛 가산점\n경영관리계약\n2014.05.01 ~ 2030.02.10\n나. 주요 임차계약\xa0당분기말 현재 연결회사가 체결하고 있는 주요 임차계약은 다음과 같습니다.\xa0\r\n구분\n계약 상대방\n체결일\n체결목적\n현대시티몰 가든파이브점 임차계약\n에스에이치공사 및 주식회사 가든파이브라이프\n2015년 1월\n현대시티몰 가든파이브점 운영\n현대백화점 디큐브시티점 임차계약\n주식회사 펨코 제17호기업구조조정부동산투자회사\n2015년 3월\n현대백화점 디큐브시티점 운영\n현대시티아울렛 동대문점 임차계약\n주식회사 국민은행 및 파인트리자산운용주식회사\n2015년 3월\n현대시티아울렛 동대문점 운영\n현대백화점 더현대서울 임차계약\n와이이십이프로젝트 금융투자 주식회사\n2016년 9월\n현대백화점 더현대서울 운영\n현대시티아울렛 대구점 임차계약\n주식회사 대백아울렛\n2018년 7월\n현대시티아울렛 대구점 운영\n현대시티아울렛 청주점 임차계약\n주식회사 청주고속터미널\n2019년 5월\n현대시티아울렛 청주점 출점(예정)\n현대백화점면세점 동대문점 임차계약\n(주)두산\n2019년 12월\n현대백화점면세점 동대문점 운영\n현대백화점면세점 인천공항점 임차계약\n인천국제공항공사\n2020년 4월\n현대백화점면세점 인천공항점 운영\n다. 면세점 특허 취득연결회사는 2018년 10월 서울세관장으로부터 서울지역 시내면세점 특허를 취득하였으며, 2020년 2월 시내면세점 특허를 추가로 취득하였습니다. 부여된 특허기간은 영업시작으로부터 5년이며, 2023년 10월, 2025년 2월 특허가 만료될 예정입니다.또한, 2020년 4월 인천국제공항 제4기 제1여객터미널 면세사업권 DF7구역 최종낙찰자로 선정되어 임대차계약을 체결하였고, 2020년 9월 영업을 개시하였습니다. 부여된 특허기간은 영업시작으로부터 5년이며, 2025년 8월 특허가 만료될 예정입니다.\n라. 연구개발활동(1) 연구개발활동의 개요연결회사는 고객만족의 극대화와 주주의 이익증대를 위해 유통산업에 대한 지속적인연구 및 개발을 수행하고 있습니다. (2) 연구개발 담당조직연결회사는 상품본부내에 미래사업부를 설립하여 트렌드 연구를 통해 미래 신규 수익 사업모델을 개발하고 실행하는 미래사업팀과 백화점 차별화를 위한 자주 MD의개발 및 실행을 담당하는 자주MD팀, 당사 신규점 프로젝트와 기존 점포 리뉴얼시MD운영 방향성 수립 및 컨셉을 제안하는 MD 전략팀을 운영하고 있습니다.\n연구개발활동 조직도\n(3) 연구개발 비용\n연결회사의 최근 3년간 연구개발 비용은 다음과 같습니다.\xa0\n(단위 : 백만원, %)\n과\xa0 \xa0 \xa0\xa0 목\n제20기 3분기\n제19기\n제18기\n비 고\n연구개발비용 계\n2,333\n3,017\n1,629\n-\n정부보조금\n-\n-\n-\n-\n연구개발비 / 매출액 비율[연구개발비용계÷당기매출액×100]\n0.09%\n0.13%\n0.07%\n-\n(4) 연구개발 실적회사의 연구개발 실적은 다음과 같습니다.① 국내외 유통산업 조사 및 신규 비즈니스 연구ㆍ분석ㆍ동향보고② 선진 해외유통업체 비즈니스 모델 및 시스템 시찰 주관 ③ 해외유통업체ㆍ연구소와의 교류④ 경영정책 연구 및 제언을 통한 경영정책수립 지원⑤ 신규 또는 리뉴얼 프로젝트 개발 컨셉 및 방향성 연구⑥ 해외 컨텐츠 현황 조사 및 국내 도입 검토⑦ 당사 단독 브랜드 개발 및 운영\n7. 기타 참고사항\n가. 백화점 부문(산업의 특성)백화점이란 매장면적의 합계가 3천제곱미터 이상이며 다양한 상품을 구매할 수 있도록 현대적 판매시설과 소비 편의시설이 설치된 점포를 의미합니다. 백화점은 시대의 흐름에 맞춰 유행을 선도하는 업태로서 단순한 물품판매를 넘어 차별화 된 고객서비스를 제공하고, 현대화된 대형판매시설을 갖춘 인프라를 통해 도시형 라이프스타일을 제공하는 등 도시 생활에 큰 부분을 차지하고 있습니다. 백화점은 단순 판매시설을 넘어서 영화관, 문화센터, 유명 식당가 등 다양한 서비스 시설을 제공하여 소비자에게 원스톱쇼핑이 가능한 새로운 문화공간이 되었습니다. 최근에는 급변하는 시대에 대응하기 위해 교외형 프리미엄 아울렛, 도심형 아울렛, 온라인 쇼핑몰, 자체적 노하우를 담은 직매입 편집매장 등을 운영하며 새로운 사업부문으로 영역을 확장하고 경쟁력을 강화하여 차별화 된 유통업태로 거듭나고 있습니다.백화점은 내점고객에 의한 소비가 매출의 큰 부분을 차지하고 있기 때문에 입지여건이 상당히 중요합니다. 상권규모, 경쟁점포 현황, 교통환경, 접근성 및 주차시설 확보 등 다양한 입지여건이 각 점포 및 기업의 경쟁역량을 결정하는 주요한 요소이며, 기 확보된 영업점포의 경우 경쟁점 출점을 제외하면 입지여건 변동에 따른 변동성은 낮다고 볼 수 있습니다. 신규출점시에는 앞서 언급한 상권내 인구규모, 인구구성, 소득수준, 접근성 등 복합적인 요인들이 고려되어야 합니다. 입지산업으로 부지확보가 중요하고 건축, 인테리어 등에 상당한 시간과 자금이 소요 될 뿐만 아니라, 신규 출점시 기존점포의 견제, 판촉비 부담 등이 있기 때문에 초기 진입장벽이 타 업태에 비해 높다고 볼 수 있습니다.한편, 최근에는 입지와 관계없는 온라인 쇼핑 시장 확대로 온라인 매출 신장추세가 계속되고 그 비중 또한 점진적으로 증가되고 있는 바, 백화점에서도 온라인 쇼핑몰에 입점하거나 자체 공식 온라인몰을 구축, 운영하는 등 온ㆍ오프라인 연계를 통한 경쟁력 확보에 노력을 기울이고 있습니다.(산업의 성장성)미국, 일본과 같은 글로벌 백화점 업계와 마찬가지로 경기둔화 및 저성장 추세, 소비심리 위축 등으로 국내 백화점 산업 또한 성장률이 둔화되고 있습니다. 하지만 전반적인 생활수준의 향상 및 소비의 질적향상으로 인해 고객들의 욕구가 고급화 되고 있으며, 규모의 경제로 인해 중소 유통업태의 규모는 점진적으로 작아지는 반면, 백화점과 아울렛, 대형마트 및 인터넷 쇼핑몰 등 현대적 리테일 채널의 수요는 점차 확대되고 있습니다. 그렇기 때문에 백화점은 기존 고객관리를 강화하고, 신규고객이 유입될 수 있도록 다양한 소비트렌드를 충족시킬 수 있는 신성장 동력을 발굴하여 경쟁력을 강화시키고 있습니다.향후 백화점 산업은 수도권 신도시 및 지방 신흥 상권을 중심으로 프리미엄아울렛 출점 등 다양한 방면으로 사업확대를 시도하면서 성장을 이어나갈 것입니다. 이와 더불어 경제 저성장, 고령화 등의 장기적인 영향을 대비하기 위하여 도심형 아울렛출점, 온라인 쇼핑몰 확대 및 R&D 등을 통해 운영효율을 적극적으로 개선하고 있습니다.(경기변동의 특성 및 계절성)백화점은 최종 소비자를 대상으로 하기 때문에 경기변동, 계절, 소비자 성향에 따른 소비지출 요소에 영향을 받고 있습니다. 특히 백화점의 경우 경기변동에 탄력적인 패션상품 및 고가 내구소비재 위주의 상품구성으로 경기변동에 영향을 받을 수 있으나 이러한 민감성을 극복하기 위해 경기변동에 크게 영향을 받지 않는 고소득층을 주요 고객으로 삼는 고급화 전략을 지향하여 우수고객을 중심으로 고정고객을 확대하고, 각 계절에 적합한 판매정책을 수립하기 위해 노력하고 있습니다. 또한 경기 둔화에 따른 소비자의 합리적 소비확대에 따라 아울렛 사업 및 온라인 쇼핑몰 사업 확대를 통해 다양한 신규 소비층 유입을 위해 노력하고 있습니다.(시장여건) 국내 백화점시장은 현대, 롯데, 신세계가 BIG3로서 시장점유율의 대부분을 차지하고 있으며 2021년 3분기말 현재 현대백화점의 시장점유율은 이어지는 표와 같습니다.당사는 지속가능한 성장동력을 확보하고자, 2021년 2월 서울 영등포구 여의도동에 백화점인 더현대서울을 신규 오픈하였습니다. 더불어 2025년에는 충청북도 청주시에 아울렛 출점을 계획하고 있습니다.\n\xa0 (단위 : %)\n구\xa0 \xa0\xa0 분\n2021년 3분기\n2020년\n2019년\n시장점유율\n29%\n28%\n27%\n주1) 3사의 주업종인 백화점 매출을 기준으로 시장점유율을 계산함(아울렛 제외)\xa0 \xa0 (경쟁사 자료는 각사 IR, 공시, 애널리스트 자료 등을 바탕으로 당사가 추정함)주2) 현대백화점 매출범위 : 연결회사의 백화점 점포의 매출(임대을매출ㆍ특약매출 포함)\n(경쟁요소)백화점의 경쟁력은 크게 동 업태와 타 업태간의 경쟁력으로 나눌 수 있습니다. 백화점 간의 경쟁력은 크게 ""양질의 상권 확보"", ""Buying Power"", ""브랜드 인지도""에 있다고 할 수 있으며 현대, 롯데, 신세계 등 이른바 Big 3의 경우 양질의 상권 확보는 물론전국적 Network망을 통한 구매협상력, 브랜드 인지도가 달성되어 있어 신규업체의 진입장벽이 높다고 볼 수 있습니다.반면 대형마트, 홈쇼핑, 인터넷쇼핑몰, 해외직구 등과 같은 타 업태와의 경쟁관계는 치열해져 가고 있으며 패션상품 중심의 명품브랜드의 유치, 매장의 고급화, 식품 및 가전 상품군의 프리미엄화 등의 고급화 전략을 통해 차별화하고 있습니다. 이와 더불어 합리적 소비 트렌드 확산에 맞춰 아울렛 사업, 인터넷 쇼핑몰 등 사업영역을 확대하여 경쟁력을 강화하고 있습니다.(신규사업 등의 내용 및 전망) 연결회사는 적극적인 사업 확장 및 점유율 확대를 위해 노력하고 있습니다. 2020년 6월 현대프리미엄아울렛 대전점, 2020년 11월 현대프리미엄아울렛 스페이스원에 이어, 2021년 2월에 서울 영등포구 여의도동에 백화점인 더현대서울을 성공적으로 오픈해 고객과 시장의 큰 주목을 받고 있습니다.더현대서울은 쇼핑을 통한 힐링이라는 리테일 테라피를 콘셉트로 내세웠습니다. 전체 영업면적에서 매장면적의 비중을 절반 정도로 줄이는 파격적인 공간 구성과 자연친화적인 요소들로, 코로나 시대에 가장 이상적인 \'미래형 백화점 플랫폼\'으로 평가 받고 있습니다. 또한, 당사는 2025년 충청북도 청주시에 시티아울렛 출점을 계획하고 있습니다.오프라인 사업과 더불어 일상화된 비대면 라이프스타일에 온라인/디지털 역량도 강화하고 있습니다. 2020년 프리미엄 식품몰 \'현대식품관 투홈\'을 새롭게 론칭하였으며, 비대면결제, 무인매장 등 온/오프라인이 시너지를 내고 새로운 고객 경험을 제시할 수 있는 다양한 IT 신기술을 적극적으로 도입해 운영하고 있습니다.\n나. 면세점 부문\n(산업의 특성)\n면세사업은 국가에서 부여하는 보세판매장의 설치 및 운영 특허를 획득한 사업자가관세 및 내국세(부가세, 개별소비세, 농특세, 교육세, 주세 등) 등 과세가 면제된 보세화물을 지정된 장소에서 판매하는 사업입니다.\n보세판매장은 면세점과 같은 의미이며 설치장소와 목적에 따라 시내면세점, 출국장면세점, 입국장면세점, 지정면세점, 외교관면세점으로 구분할 수 있습니다. 면세사업의 목적은 한국을 방문하는 외국인의 외화 획득과 해외로 출국하는 내국인의 외화 유출 억제, 국내 관광산업의 진흥 및 고용시장 활성화 등 경제 발전에 직·간접적으로 기여함으로써 국가경쟁력을 제고하는 것이며, 면세점에서 해외 여행객에게 판매한 상품은 외국으로 전량 수출되기때문에 대외무역법과 관광진흥법 등의 규정을 적용할 경우, 면세산업은 종합소매업임과 동시에 무역업이자 관광산업으로도 분류할 수 있습니다.\n면세점은 백화점 등 일반 유통업과 달리 한국을 방문하는 외국인과 해외로 출국하는 내국인만 이용이 가능하기 때문에 관광시장 동향과 밀접한 관계가 있습니다. 또한 국제정세 및 환율 등 다양한 외부 환경에 민감한 특성을 보입니다.\n면세점은 물량의 규모가 곧 사업경쟁력으로 연결되며, 이는 다시 Buying Power 강화 및 원가율의 효율화로 선순환되는 특성을 지닙니다. 또한 면세점을 운영하기 위해서는 상품매입, 매장 및 인테리어 조성, 운전자금 이외에도 보세창고와 물류시설, 전산 시스템 등 인프라 구축을 위한 대규모 초기 투자가 필요하기 때문에 규모의 경제 확보는 면세사업의 핵심 역량이라 할 수 있습니다.\n(산업의 성장성)\n국내 면세시장은 중국인 관광객 및 보따리 상의 방한 증가에 힘입어 높은 성장세를 유지해 왔습니다.\n2017년 한중 관계 경색으로 중국인 관광객이 급감한 적이 있었으나 이듬해인 2018년부터 회복세를 보여 전체 시장 매출 약 19조원을 기록하였고, 특히 2019년은 전년 대비 객단가 상승, 아웃바운드 시장의 성장, 동남아 고객의 유입 증가 등으로 인하여 역대 최고 수준인 약 25조원의 매출을 기록하였습니다.\n최근 전세계적으로 유행하고 있는 전염병 코로나19 유행으로 인하여 면세점을 포함한 관광산업 전체가 주춤하고 있지만, 사태 종식 후에는 중국 정부의 완전한 방한 단체 관광 규제 완화 등 향후 추가적인 관광객 유입 확대가 예상됩니다.\n(경기변동의 특성 및 계절성)\n면세점은 백화점 등 타 유통업계와 달리 외국인 관광객이 주요 고객이기 때문에 환율및 국제 정세, 글로벌 경기에 민감한 특성을 보입니다. 또한 지진, 쓰나미와 같은 자연재해와 전염성 질병, 테러 및 전쟁 등 국가간 관계와 국가 정책 등\xa0\n다양한 사회적이슈에 의한 외국인 여행 수요에도 큰 영향을 받습니다.\n\xa0\n(시장여건)\n면세점은 유통, 관광, 특허사업의 결합형태로 일반 유통업 대비 진입장벽이 높고, 사업의 특성상 외국인의 해외여행 수요, 국제정세 등에 영향을 크게 받고 있습니다. 면세시장은 2017년 외부환경의 변수에도 지속적으로 성장세를 보이고 있으며 시장환경의 변화 극복을 위해 노력하고 있습니다.\n\xa0\n현대백화점면세점은 2021년 9월 말 현재 서울 시내 대기업 면세점 기준 약 15.7%의 MS를 점유하고 있으며, 동대문점 개점을 통하여 2019년 말 약 4% 였던 MS 대비 약 3.9배의 시장점유율을 확보하였습니다. 코로나로 인한 면세시장의 성장세는 주춤하고 있지만, 현대백화점면세점은 동대문점 개점을 통해 안정적인 매출을 확보 중이며, 2020년 9월 인천공항점 개점으로 시장 확대를 통한 성장을 기대하고 있습니다.\n* 주1) 면세점 매출의 범위 : 총매출에서 에누리를 제외한 순매출 기준\n\xa0\n(경쟁요소)\n면세산업은 관광객 증가로 인한 확대 필요성이 충족되고, 운영인의 운영 및 관련 역량에 대해 충분한 평가를 거친 후 특허를 취득해야 사업을 영위할 수 있기 때문에 진입장벽이 매우 높은 시장이며 코로나19로 인해 경쟁이 심화되었습니다. 특히 중국정부의 주도 하에 이루어지고 있는 자국 면세시장 규모확대 정책으로 인해 향후 국내면세점 뿐 아니라 해외면세점과의 경쟁도 치열해질 것으로 예상됩니다.\n\xa0\n다. 환경보호 규제준수현황연결회사는 에너지 목표관리제 관리업체로 지정된 이후 정부의 녹색경영 정책을 준수하고자 사업장별 온실가스 배출량 감축과 에너지 사용량 절감을 위해 노력하고 있습니다. 자세한 사항은 XI. 그 밖에 투자자 보호를 위하여 필요한 사항 4.작성기준일 이후 발생한 주요사항의 \'1.녹색경영\' 부분을 참조하여 주시기 바랍니다.\n']"
