text
"['\n3. 연결재무제표 주석\n제 37 기 2019년\xa0 12월 31일 현재\n제 36 기 2018년\xa0 12월 31일 현재\n대성홀딩스주식회사와 그 종속기업\n1. 일반 사항 :\xa0\n본 재무제표는 기업회계기준서 제1110호 \'연결재무제표\'에 따른 연결재무제표이며, 대성홀딩스주식회사(이하 ""회사"")와 연결재무제표 작성대상 종속기업(이하 회사와 종속기업을 일괄하여 ""연결회사"")의 일반적인 사항은 다음과 같습니다.1.1 지배회사의 개요회사는 종속기업 사업내용의 경영지도, 업무지원 등 종속기업의 경영효율성을 높이고 가치증대 향상을 위한 서비스를 제공하고 있으며, IT 사업부문과 교육콘텐츠 사업부문을 통하여 시스템 통합 및 소프트웨어 개발, 교육 콘텐츠 개발, 교육정보처리 사업을 영위하고 있습니다.회사의 자본금은 설립 후 수차례의 증자를 거쳐 보고기간종료일 현재\xa016,089백만원입니다. 회사의 최대주주는\xa0김영훈(지분율: 39.90%)으로, 최대주주 및 그 특수관계자의 전체보유 지분율은\xa072.74%입니다.\n1.2 종속기업의 현황\xa0\n당기말\xa0현재 회사의 연결대상 종속기업의 현황은 다음과 같습니다.\xa0\n구분\n지배지분율(%)\n비지배지분율(%)\n소재지\n결산월\n업종\n대성에너지㈜\n71.27\xa0\n28.73\xa0\n한국\n12월\n도시가스의 공급 및 설비공사 등\n대성청정에너지㈜\n100.00\xa0\n-\xa0\n한국\n12월\n도시가스의 공급 및 가스공급설비 공급 등\n대성글로벌네트웍㈜\n100.00\xa0\n-\xa0\n한국\n12월\n설비 및 배관공사업, 텔레마케팅, 도소매업 등\n대성이앤씨㈜\n80.12\xa0\n19.88\xa0\n한국\n12월\n산업환경설비 공사업 및 전기시설ㆍ가스시설공사업 등\n대성창업투자㈜(*1)\n47.16\xa0\n52.84\xa0\n한국\n12월\n창업자에 대한 투자, 창업투자조합의 결성 및 업무의 집행 등\n대성환경에너지㈜\n71.00\xa0\n29.00\xa0\n한국\n12월\n매립가스개발 자원화사업 등\n대성에너지 제5서비스㈜(*2)\n71.27\xa0\n28.73\xa0\n한국\n12월\n사업시설 유지관리 서비스업\n대성에너지 제6서비스㈜(*2)\n71.27\xa0\n28.73\xa0\n한국\n12월\n사업시설 유지관리 서비스업\n대성에너지 제7서비스㈜(*2)\n71.27\xa0\n28.73\xa0\n한국\n12월\n사업시설 유지관리 서비스업\n대성에너지서비스 1센터㈜(*3)\n71.27\xa0\n28.73\xa0\n한국\n12월\n사업시설 유지관리 서비스업\n대성에너지서비스 2센터㈜(*3)\n71.27\xa0\n28.73\xa0\n한국\n12월\n사업시설 유지관리 서비스업\n대성에너지서비스 3센터㈜(*3)\n71.27\xa0\n28.73\xa0\n한국\n12월\n사업시설 유지관리 서비스업\n(*1) 보유지분율은 50% 미만이나, 나머지 주주의 지분율이 매우 낮고 넓게 분산되어있으며, 과거 주주총회에서의 의결 양상을 고려시 의사결정과정에서 회사는 항상 과반수의 의결권을 행사할 수 있었으므로 종속기업으로 분류하였습니다.(*2) 전기 중 설립되었으며, 대성에너지㈜가 100% 소유하고 있습니다.(*3) 당기 중 설립되었으며, 대성에너지㈜가 100% 소유하고 있습니다.\n1.3 연결대상범위의 변동\n(1) 당기 중 신규로 연결에 포함된 기업\n기업명\n사\xa0\xa0 유\n대성에너지서비스 1센터㈜\n당기 중 설립되었으며, 대성에너지㈜가 100% 소유하고 있습니다.\n대성에너지서비스 2센터㈜\n당기 중 설립되었으며, 대성에너지㈜가 100% 소유하고 있습니다.\n대성에너지서비스 3센터㈜\n당기 중 설립되었으며, 대성에너지㈜가 100% 소유하고 있습니다.\n(2) 당기 중 연결에 제외된 기업\n기업명\n사\xa0\xa0 유\nDaesung America Inc.\n당기말 지분율이 변동(당기말: 38.96%, 전기말: 64.29%)하여 관계기업투자로 계정분류하였습니다.\n대성에너지제1서비스㈜\n당기중 청산되었습니다.\n대성에너지제2서비스㈜\n당기중 청산되었습니다.\n대성에너지제3서비스㈜\n당기중 청산되었습니다.\n1.4 종속기업 관련 재무정보 요약\n보고기간종료일 현재\xa0연결대상 종속기업의 요약재무상태표와 동일로 종료되는 회계연도의 요약포괄손익계산서는 다음과 같습니다(단위 : 천원).\n(1) 당기말 및 당기 :\xa0\n구분\n자산\n부채\n자본\n매출\n당기순손익\n총포괄손익\n대성에너지㈜\n696,317,903\n389,009,855\n307,308,048\n773,995,689\n13,590,508\n11,918,367\n대성청정에너지㈜\n88,457,757\n45,144,645\n43,313,112\n102,036,664\n2,186,637\n1,248,389\n대성글로벌네트웍㈜\n14,229,722\n8,743,268\n5,486,454\n33,469,676\n15,124\n(397,088)\n대성이앤씨㈜\n5,800,025\n73,614\n5,726,411\n754,830\n284,772\n284,175\n대성창업투자㈜\n50,926,213\n916,387\n50,009,826\n6,940,947\n(174,293)\n(149,129)\n대성환경에너지㈜\n25,244,659\n2,171,886\n23,072,773\n4,586,042\n2,321,570\n2,321,570\n대성에너지 제5서비스㈜\n1,015,233\n520,787\n494,446\n2,965,273\n(314,588)\n(314,588)\n대성에너지 제6서비스㈜\n1,064,405\n417,938\n646,467\n2,882,855\n(142,708)\n(142,708)\n대성에너지 제7서비스㈜\n1,168,474\n602,770\n565,704\n3,114,576\n(219,229)\n(219,229)\n대성에너지서비스 1센터㈜\n1,578,965\n690,415\n888,550\n1,664,167\n(11,450)\n(11,450)\n대성에너지서비스 2센터㈜\n1,600,249\n668,388\n931,861\n1,762,571\n31,861\n31,861\n대성에너지서비스 3센터㈜\n1,700,331\n725,801\n974,530\n2,227,797\n74,530\n74,530\n(2) 전기말 및 전기\xa0\n구분\n자산\n부채\n자본\n매출\n당기순손익\n총포괄손익\n대성에너지㈜\n653,695,753\n351,431,072\n302,264,681\n770,679,358\n13,169,115\n12,606,643\n대성청정에너지㈜\n79,545,818\n35,481,096\n44,064,722\n94,564,106\n4,186,313\n4,037,767\n대성글로벌네트웍㈜\n13,737,436\n7,853,894\n5,883,542\n33,436,582\n(115,002)\n(606,259)\n대성이앤씨㈜\n5,597,427\n155,190\n5,442,237\n91,208\n(1,809,487)\n(1,804,766)\n대성창업투자㈜\n50,775,789\n616,835\n50,158,954\n9,683,668\n1,602,793\n1,643,443\n대성환경에너지㈜\n22,437,067\n1,685,865\n20,751,202\n2,348,674\n165,336\n165,336\n대성에너지 제1서비스㈜\n2,447,944\n342,168\n2,105,776\n3,541,811\n(31,009)\n(31,009)\n대성에너지 제2서비스㈜\n2,446,078\n311,312\n2,134,766\n2,797,033\n(144,139)\n(144,139)\n대성에너지 제3서비스㈜\n2,026,991\n459,580\n1,567,411\n4,212,573\n(201,323)\n(201,323)\nDaesung America Inc.\n3,120,309\n1,416,384\n1,703,925\n85,745\n(203,645)\n(143,818)\n대성에너지 제5서비스㈜\n1,147,527\n338,493\n809,034\n1,276,317\n(90,966)\n(90,966)\n대성에너지 제6서비스㈜\n1,061,642\n272,468\n789,174\n1,241,498\n(110,825)\n(110,825)\n대성에너지 제7서비스㈜\n1,304,329\n519,396\n784,933\n1,288,336\n(115,067)\n(115,067)\n2. 중요한 회계정책 :\n\xa0\n다음은 재무제표의 작성에 적용된 주요한 회계정책입니다. 이러한 정책은 별도의 언급이 없다면, 표시된 회계기간에 계속적으로 적용됩니다.\n2.1 재무제표 작성기준\n\xa0\n연결회사의 연결재무제표는 한국채택국제회계기준에 따라 작성되었습니다. 한국채택국제회계기준은 국제회계기준위원회(""IASB"")가 발표한 기준서와 해석서 중 대한민국이 채택한 내용을 의미합니다.\xa0 \n재무제표는 다음을 제외하고는 역사적 원가에 기초하여 작성하였습니다.\n-\xa0\n특정 금융자산과 금융부채(파생상품 포함), 공정가치로 측정하는 특정 유형자산과 투자부동산 유형\n-\xa0\n순공정가치로 측정하는 매각예정자산\n-\xa0\n확정급여제도와 공정가치로 측정하는 사외적립자산\n한국채택국제회계기준은 재무제표 작성시 중요한 회계추정의 사용을 허용하고 있으며, 회계정책을 적용함에 있어 경영진의 판단을 요구하고 있습니다. 보다 복잡하고 높은 수준의 판단이 요구되는 부분이나 중요한 가정 및 추정이 요구되는 부분은 주석3에서 설명하고 있습니다.\n2.2 회계정책과 공시의 변경가. 연결회사가 채택한 제ㆍ개정 기준서\n\xa0\n연결회사는 2019년 1월 1일로 개시하는 회계기간부터 다음의 개정 기준서 및 해석서를 신규로 적용하였습니다. (1) 기업회계기준서 제1116호 \'리스\' 제정 기업회계기준서 제1116호 \'리스\'는 단일 리스이용자 모형을 도입하여 리스기간이 12개월을 초과하고 기초자산이 소액이 아닌 모든 리스에 대하여 리스이용자가 자산과 부채를 인식하도록 요구합니다. 리스이용자는 사용권자산과 리스료 지급의무를 나타내는 리스부채를 인식해야 합니다.연결회사는 기업회계기준서 제1116호의 도입 결과 회계정책을 변경하였습니다. 기업회계기준서 제1116호의 경과 규정에 따라 변경된 회계정책을 소급 적용하였고, 최초 적용으로 인한 누적효과는 최초 적용일인 2019년 1월 1일에 반영하였습니다. 비교 표시된 전기 재무제표는 재작성되지 않았습니다. 리스기준서와 새로운 회계정책의 도입 영향은 주석 35에서 보여주고 있습니다.(2) 기업회계기준서 제1109호 \'금융상품\' 개정 - 부(-)의 보상을 수반하는 중도상환특성 부의 보상을 수반하는 일부 중도상환 가능한 금융자산을 상각후원가로 측정될 수 있도록 개정하였으며, 상각후원가로 측정되는 금융부채가 조건변경 되었으나 제거되지는 않은 경우 변경으로 인한 효과는 당기손익으로 인식되어야 합니다. 해당 기준서의개정이 재무제표에 미치는 중요한 영향은 없습니다.(3) 기업회계기준서 제1019호 \'종업원급여\' 개정 - 제도의 개정, 축소, 정산 확정급여제도의 변경으로 제도의 개정, 축소, 정산이 되는 경우 제도의 변경 이후 회계기간의 잔여기간에 대한 당기근무원가 및 순이자를 산정하기 위해 순확정급여부채(자산)의 재측정에 사용된 가정을 사용합니다.\xa0 또한, 자산인식상한의 영향으로 이전에 인식하지 않은 초과적립액의 감소도 과거근무원가나 정산손익의 일부로 당기손익에 반영합니다. 해당 기준서의 개정이 재무제표에 미치는 중요한 영향은 없습니다.(4) 기업회계기준서 제1028호 \'관계기업과 공동기업에 대한 투자\' 개정 - 관계기업과공동기업에 대한 장기투자지분 관계기업이나 공동기업에 대한 다른 금융상품(지분법을 적용하지 않는 금융상품)이 기업회계기준서 제1109호의 적용 대상임을 명확히 하였으며, 관계기업이나 공동기업에 대한 순투자의 일부를 구성하는 장기투자지분의 손상 회계처리에 대해서는 기업회계기준서 제1109호를 우선하여 적용하도록 개정하였습니다. 해당 기준서의 개정이 재무제표에 미치는 중요한 영향은 없습니다.(5) 기업회계기준해석서 제2123호 \'법인세 처리의 불확실성\' 제정 제정된 해석서는 기업이 적용한 법인세 처리를 과세당국이 인정할지에 대한 불확실성이 존재하는 경우 당기법인세와 이연법인세의 인식 및 측정에 적용하며, 법인세 처리 불확실성의 회계단위와 재평가가 필요한 상황 등에 대한 지침을 포함하고 있습니다. 해당 해석서의 제정이 재무제표에 미치는 중요한 영향은 없습니다.(6) 연차개선 2015-2017① 기업회계기준서 제1103호 \'사업결합\' 개정 공동영업과 관련된 자산에 대한 권리와 부채에 대한 의무를 보유하다가 해당 공동영업(사업의 정의 충족)에 대한 지배력을 획득하는 것은 단계적으로 이루어지는 사업결합이므로 취득자는 공동영업에 대하여 이전에 보유하고 있던 지분 전부를 재측정합니다. 해당 기준서의 개정이 재무제표에 미치는 중요한 영향은 없습니다.② 기업회계기준서 제1111호 \'공동약정\' 개정 공동영업에 참여는 하지만 공동지배력을 보유하지 않은 공동영업 당사자가 공동영업에 대한 공동지배력을 획득하는 경우 공동영업에 대하여 이전에 보유하고 있던 지분은 재측정하지 않습니다. 해당 기준서의 개정이 재무제표에 미치는 중요한 영향은 없습니다.③ 기업회계기준서 제1012호 \'법인세\' 개정 기업회계기준서 제1012호 문단 57A의 규정(배당의 세효과 인식시점과 인식항목을 규정)은 배당의 법인세효과 모두에 적용되며, 배당의 법인세효과를 원래 인식하였던 항목에 따라 당기손익, 기타포괄손익 또는 자본으로 인식하도록 개정되었습니다. 해당 기준서의 개정이 재무제표에 미치는 중요한 영향은 없습니다.④ 기업회계기준서 제1023호 \'차입원가\'적격자산을 의도된 용도로 사용(또는 판매) 가능하게 하는 데 필요한 대부분의 활동이 완료되면, 해당 자산을 취득하기 위해 특정 목적으로 차입한 자금을 일반차입금에포함한다는 사실을 명확히 하였습니다. 해당 기준서의 개정이 재무제표에 미치는 중요한 영향은 없습니다.나. 연결회사가 적용하지 않은 제ㆍ개정 기준서 및 해석서연결회사는 제정 또는 공표됐으나 2019년 1월 1일 이후 시작하는 회계연도에 시행일이 도래하지 않았고, 조기 적용하지 않은 제ㆍ개정 기준서 및 해석서는 다음과 같습니다. (1) 기업회계기준서 제1001호 \'재무제표 표시\', 제1008호 \'회계정책, 회계추정의 변경 및 오류\' 개정 - 중요성의 정의\'중요성의 정의\'를 명확히 하고 기준서 제1001호와 제1008호를 명확해진 정의에 따라 개정하였습니다. 중요성 판단 시 중요한 정보의 누락이나 왜곡표시뿐만 아니라 중요하지 않은 정보로 인한 영향과 연결회사가 공시할 정보를 결정할 때 정보이용자의 특성을 고려하도록 하였습니다. 동 개정사항은 2020년 1월 1일 이후 시작하는 회계연도부터 적용되며, 조기도입이 가능합니다. 연결회사는 동 개정으로 인해 재무제표에 중요한 영향은 없을 것으로 예상하고 있습니다.(2) 기업회계기준서 제1103호 \'사업결합\' 개정 - 사업의 정의개정된 사업의 정의에서는, 취득한 활동과 자산의 집합을 사업으로 판단하기 위해서는 산출물의 창출에 함께 유의적으로 기여할 수 있는 능력을 가진 투입물과 실질적인과정을 반드시 포함하도록 하였고 원가 감소에 따른 경제적 효익은 제외하였습니다. 이와 함께 취득한 총자산의 대부분의 공정가치가 식별가능한 단일 자산 또는 자산집합에 집중되어 있는 경우, 취득한 활동과 자산의 집합은 사업이 아닌, 자산 또는 자산의 집합으로 결정할 수 있는 선택적 집중테스트가 추가되었습니다. 동 개정사항은 2020년 1월 1일 이후 시작하는 회계연도부터 적용되며, 조기도입이 가능합니다. 연결회사는 동 개정으로 인해 재무제표에 중요한 영향은 없을 것으로 예상하고 있습니다.2.3 연결 연결회사는 기업회계기준서 제1110호 \'연결재무제표\'에 따라 연결재무제표를 작성하고 있습니다.가. 종속기업 -종속기업은 회사가 지배하고 있는 모든 기업(특수목적기업 포함)입니다. 회사가 피투자자에 대한 관여로 변동이익에 노출되거나 변동이익에 대한 권리가 있고, 피투자자에 대하여 자신의 힘으로 그러한 이익에 영향을 미칠 능력이 있는 경우, 해당 피투자자를 지배합니다. 종속기업은 회사가 지배하게 되는 시점부터 연결에 포함되며, 지배력을 상실하는 시점부터 연결에서 제외됩니다. 연결회사의 사업결합은 취득법으로 회계처리 됩니다. 이전대가는 취득일의 공정가치로 측정하고, 사업결합으로 취득한 식별가능한 자산ㆍ부채 및 우발부채는 취득일의 공정가치로 최초 측정하고 있습니다. 연결회사는 청산 시 순자산의 비례적 몫을 제공하는 비지배지분을 사업결합 건별로 판단하여 피취득자의 순자산 중 비례적 지분 또는 공정가치로 측정합니다. 그밖의 비지배지분은 다른 기준서의 요구사항이 없다면 공정가치로 측정합니다. 취득관련 원가는 발생 시 당기비용으로 인식됩니다. 영업권은 이전대가, 피취득자에 대한 비지배지분의 금액과 취득자가 이전에 보유하고 있던 피취득자에 대한 지분의 취득일의 공정가치 합계액이 취득한 식별가능한 순자산을 초과하는 금액으로 인식됩니다. 이전대가 등이 취득한 종속기업 순자산의 공정가액보다 작다면, 그 차액은 당기손익으로 인식합니다. 연결회사 내의 기업간에 발생하는 거래로 인한 채권, 채무의 잔액, 수익과 비용 및 미실현이익 등은 제거됩니다. 또한 종속기업의 회계정책은 연결회사에서 채택한 회계정책을 일관성 있게 적용하기 위해 차이가 나는 경우 수정됩니다.지배력의 상실을 발생시키지 않는 비지배지분과의 거래는 비지배지분의 조정금액과 지급하거나 수취한 대가의 공정가치의 차이를 지배기업의 지분으로 자본에 직접 인식합니다. 연결회사가 지배력을 상실하는 경우 해당 기업에 대해 계속 보유하게 되는 지분은 동시점에 공정가치로 재측정되며, 관련 차액은 당기손익으로 인식됩니다. 나. 관계기업 -관계기업은 연결회사가 유의적 영향력을 보유하는 기업이며, 관계기업 투자는 최초에 취득원가로 인식하며 이후 지분법을 적용합니다. 연결회사와 관계기업 간의 거래에서 발생한 미실현이익은 연결회사의 관계기업에 대한 지분에 해당하는 부분만큼 제거됩니다.\xa0관계기업의 손실 중 연결회사의 지분이 관계기업에 대한 투자지분(순투자의 일부를 구성하는 장기투자지분 포함)과 같거나 초과하는 경우에는 지분법 적용을 중지합니다. 단, 연결회사의 지분이 영(0)으로 감소된 이후 추가 손실분에 대하여 연결회사에 법적-의제의무가 있거나, 관계기업을 대신하여 지급하여야 하는 경우, 그 금액까지만 손실과 부채로 인식합니다.\xa0또한 관계기업 투자에 대한 객관적인 손상의 징후가 있는 경우 관계기업 투자의 회수가능액과 장부금액과의 차이는 손상차손으로 인식됩니다. 연결회사는 지분법을 적용하기 위하여 관계기업의 재무제표를 이용할 때, 유사한 상황에서 발생한 동일한 거래나 사건에 대하여\xa0연결회사가 적용하는회계정책과 동일한 회계정책이 적용되었는지 검토하여 필요한 경우 관계기업의 재무제표를 조정합니다.2.4 외화환산\n(1) 기능통화와 표시통화\n\xa0\n연결회사는 연결회사 내 개별기업의 재무제표에 포함되는 항목들을 각각의 영업활동이 이뤄지는 주된 경제 환경에서의 통화(""기능통화"")를 적용하여 측정하고 있습니다. 지배기업의 기능통화는 대한민국 원화이며, 연결재무제표는 대한민국 원화로 표시돼있습니다.\n(2) 외화거래와 보고기간말의 환산\n\xa0\n외화거래는 거래일의 환율 또는 재측정되는 항목인 경우 평가일의 환율을 적용한 기능통화로 인식됩니다.\xa0 외화거래의 결제나 화폐성 외화 자산ㆍ부채의 환산에서 발생하는 외환차이는 당기손익으로 인식됩니다. 다만, 조건을 충족하는 현금흐름위험회피나 순투자의 위험회피의 효과적인 부분과 관련되거나 보고기업의 해외사업장에 대한 순투자의 일부인 화폐성항목에서 생기는 손익은 기타포괄손익으로 인식합니다.\n\xa0\n차입금과 관련된 외환차이는 손익계산서에 금융원가로 표시되며, 다른 외환차이는 기타수익 또는 기타비용에 표시됩니다.\n\xa0\n비화폐성 금융자산ㆍ부채로부터 발생하는 외환차이는 공정가치 변동손익의 일부로 보아 당기손익-공정가치 측정 지분상품으로부터 발생하는 외환차이는 당기손익으로, 기타포괄손익-공정가치 측정 지분상품의 외환차이는 기타포괄손익에 포함하여 인식됩니다.2.5 현금흐름표연결회사는 연결현금흐름표를 간접법으로 작성하고 있습니다.2.6 금융자산(1) 분류연결회사는 다음의 측정 범주로 금융자산을 분류합니다.\n-\xa0\n당기손익 - 공정가치 측정 금융자산\xa0\n-\n기타포괄손익 - 공정가치 측정 금융자산\n-\xa0\n상각후원가 측정 금융자산\n금융자산은 금융자산의 관리를 위한 사업모형과 금융자산의 계약상 현금흐름 특성에근거하여 분류합니다.공정가치로 측정하는 금융자산의 손익은 당기손익 또는 기타포괄손익으로 인식합니다. 채무상품에 대한 투자는 해당 자산을 보유하는 사업모형에 따라 당기손익 또는 기타포괄손익으로 인식합니다. 연결회사는 금융자산을 관리하는 사업모형을 변경하는 경우에만 채무상품을 재분류합니다. 단기매매항목이 아닌 지분상품에 대한 투자는 최초 인식시점에 후속적인 공정가치 변동을 기타포괄손익으로 표시할 것을 지정하는 취소불가능한 선택을 할 수 있습니다. 지정되지 않은 지분상품에 대한 투자의 공정가치 변동은 당기손익으로 인식합니다.(2) 측정\n연결회사는 최초 인식시점에 금융자산을 공정가치로 측정하며, 당기손익-공정가치 측정 금융자산이 아닌 경우에 해당 금융자산의 취득이나 해당 금융부채의 발행과 직접 관련되는 거래원가는 공정가치에 가산합니다. 당기손익-공정가치 측정 금융자산의 거래원가는 당기손익으로 비용처리합니다. 내재파생상품을 포함하는 복합계약은 계약상 현금흐름이 원금과 이자로만 구성되어 있는지를 결정할 때 해당 복합계약 전체를 고려합니다.\n① 채무상품금융자산의 후속적인 측정은 금융자산의 계약상 현금흐름 특성과 그 금융자산을 관리하는 사업모형에 근거합니다. 연결회사는 채무상품을 다음의 세 범주로 분류합니다.(가) 상각후원가계약상 현금흐름을 수취하기 위해 보유하는 것이 목적인 사업모형 하에서 금융자산을 보유하고, 계약상 현금흐름이 원리금만으로 구성되어 있는 자산은 상각후원가로 측정합니다. 상각후원가로 측정하는 금융자산으로서 위험회피관계의 적용 대상이 아닌 금융자산의 손익은 해당 금융자산을 제거하거나 손상할 때 당기손익으로 인식합니다. 유효이자율법에 따라 인식하는 금융자산의 이자수익은 ‘금융수익’에 포함됩니다.(나) 기타포괄손익-공정가치 측정 금융자산계약상 현금흐름의 수취와 금융자산의 매도 둘 다를 통해 목적을 이루는 사업모형 하에서 금융자산을 보유하고, 계약상 현금흐름이 원리금만으로 구성되어 있는 금융자산은 기타포괄손익-공정가치로 측정합니다. 손상차손(환입)과 이자수익 및 외환손익을 제외하고는, 기타포괄손익-공정가치로 측정하는 금융자산의 손익은 기타포괄손익으로 인식합니다. 금융자산을 제거할 때에는 인식한 기타포괄손익누계액을 자본에서 당기손익으로 재분류합니다. 유효이자율법에 따라 인식하는 금융자산의 이자수익은\xa0 \'금융수익\'에 포함됩니다. 외환손익은 \'기타수익 또는 기타비용\'으로 표시하고 손상차손은 \'기타 비용\'으로 표시합니다. (다) 당기손익-공정가치 측정 금융자산상각후원가 측정이나 기타포괄손익-공정가치 측정 금융자산이 아닌 채무상품은 당기손익-공정가치로 측정됩니다. 위험회피관계가 적용되지 않는 당기손익-공정가치 측정 채무상품의 손익은 당기손익으로 인식하고 발생한 기간에 손익계산서에 \'기타수익 또는 기타비용\'으로 표시합니다.② 지분상품연결회사는 모든 지분상품에 대한 투자를 후속적으로 공정가치로 측정합니다. 공정가치 변동을 기타포괄손익으로 표시할 것을 선택한 지분상품에 대해 기타포괄손익으로 인식한 금액은 해당 지분상품을 제거할 때에도 당기손익으로 재분류하지 않습니다. 이러한 지분상품에 대한 배당수익은 연결회사가 배당을 받을 권리가 확정된 때 \'금융수익\'으로 당기손익으로 인식합니다.당기손익-공정가치로 측정하는 금융자산의 공정가치 변동은 손익계산서에 \'기타수익 또는 기타비용\'으로 표시합니다. 기타포괄손익-공정가치로 측정하는 지분상품에대한 손상차손(환입)은 별도로 구분하여 인식하지 않습니다.\xa0 (3) 손상연결회사는 미래전망정보에 근거하여 상각후원가로 측정하거나 기타포괄손익-공정가치로 측정하는 채무상품에 대한 기대신용손실을 평가합니다. 손상 방식은 신용위험의 유의적인 증가 여부에 따라 결정됩니다. 단, 매출채권에 대해 연결회사는 채권의 최초 인식시점부터 전체기간 기대신용손실을 인식하는 간편법을 적용합니다.\n(4) 인식과 제거\n\xa0\n금융자산의 정형화된 매입 또는 매도는 매매일에 인식하거나 제거합니다. 금융자산은 현금흐름에 대한 계약상 권리가 소멸하거나 금융자산을 양도하고 소유에 따른 위험과 보상의 대부분을 이전한 경우에 제거됩니다.\n연결회사가 금융자산을 양도한 경우라도 채무자의 채무불이행시의 소구권 등으로 양도한 금융자산의 소유에 따른 위험과 보상의 대부분을 연결회사가 보유하는 경우에는 이를 제거하지 않고 그 양도자산 전체를 계속하여 인식하되, 수취한 대가를 금융부채로 인식합니다. 해당 금융부채는 재무상태표에 \'차입금\'으로 분류하고 있습니다.\n(5) 금융상품의 상계\n금융자산과 부채는 인식한 자산과 부채에 대해 법적으로 집행가능한 상계권리를 현재 보유하고 있고, 순액으로 결제하거나 자산을 실현하는 동시에 부채를 결제할 의도를 가지고 있을 때 상계하여 재무상태표에 순액으로 표시합니다. 법적으로 집행가능한 상계권리는 미래사건에 좌우되지 않으며, 정상적인 사업과정의 경우와 채무불이행의 경우 및 지급불능이나 파산의 경우에도 집행가능한 것을 의미합니다.\n2.7 재고자산재고자산은 원가와 순실현가능가치 중 작은 금액으로 표시되고, 재고자산의 원가는 개별법, 평균법과 선입선출법에 따라 결정됩니다.2.8 유형자산유형자산은 역사적원가에서 감가상각누계액과 손상차손누계액을 차감하여 표시됩니다. 역사적원가는 자산의 취득에 직접적으로 관련된 지출을 포함합니다. 토지를 제외한 자산은 취득원가에서 잔존가치를 제외하고, 다음의 추정 경제적 내용연수에 걸쳐 정액법으로 상각됩니다.\xa0\n구분\n내용연수\n건물\n15 - 40년\n구축물\n5 - 20년\n기계장치\n4 - 20년\n차량운반구\n4 - 5년\n공구와비품\n2 - 5년\n공급설비\n15 - 30년\n열공급설비\n15 - 20년\n전기공급설비\n15 - 20년\n임차점포시설물\n5년\n기타유형자산\n2 - 5년\n유형자산의 감가상각방법과 잔존가치 및 경제적 내용연수는 매 회계연도 말에 재검토되고 필요한 경우 추정의 변경으로 회계처리 됩니다.2.9\xa0투자부동산 임대수익이나 투자차익을 목적으로 보유하고 있는 부동산은 투자부동산으로 분류됩니다. 투자부동산은 최초 인식시점에 원가로 측정되며, 최초 인식 후에는 원가에서 감가상각누계액과 손상차손누계액을 차감한 금액으로 표시됩니다. 투자부동산 중 토지를 제외한 투자부동산은 추정 경제적 내용연수 30~40년 동안 정액법으로 상각됩니다.\n2.10\xa0무형자산\xa0무형자산의 취득원가는 구입원가와 자산을 사용할 수 있도록 준비하는 데 직접 관련된 지출로 구성되어 있습니다. 가. 사용수익기부자산 -사용수익기부자산의 경우 취득원가에서 사용이 가능한 시점부터 15년 내지 20년 이내의 합리적인 내용연수에 걸쳐 정액법에 의해 산정된 상각누계액을 차감한 금액으로 표시하고 있습니다.나. 영업권 -영업권은 주석2.3의 가.에서 설명하는 방식으로 측정되며, 원가에서 손상차손누계액을 차감한 금액으로 표시되고 있습니다. \n다. 개발비 -개발활동과 관련된 지출은 해당 개발계획의 결과가 새로운 제품의 개발이나 실질적 기능 향상을 위한 것이며 회사가 그 개발계획의 기술적, 상업적 달성가능성이 높고 소요되는 자원을 신뢰성있게 측정가능한 경우에만 자본화됩니다. 자본화된 개발 관련 지출에는 직접노무비와 관련 공통 경비 발생액을 합리적으로 배분한 금액을 포함하고 있습니다. 자본화된 개발관련 지출은 상각누계액과 손상차손누계액을 차감하여계상하고 있습니다. 개발비는 5년 동안 정액법으로 상각되며 포괄손익계산서에 비용으로 계상하고 있습니다. 이러한 요건을 만족하지 못하는 개발 관련 지출은 발생시 비용으로 인식하고 있습니다.라. 회원권 - 회원권은 이를 이용할 수 있을 것으로 기대되는 기간에 대하여 예측가능한 제한이 없으므로 내용연수가 비한정인 것으로 보아 상각하지 않습니다.마. 기타의 무형자산 -특허권, 상표권 및 내부사용목적의 소프트웨어는 3년 내지 5년의 추정내용연수동안 정액법으로 상각됩니다. 2.11\xa0매출채권매출채권은 공정가치로 인식할 때에 유의적인 금융요소를 포함하지 않는 경우에는 무조건적인 대가의 금액으로 최초 인식합니다. 매출채권은 후속적으로 유효이자율법을 적용한 상각후원가에 손실충당금을 차감하여 측정됩니다. 2.12\xa0비금융자산의 손상 영업권이나 내용연수가 비한정인 무형자산에 대하여는 매년, 상각대상 자산에 대하여는 자산손상을 시사하는 징후가 있을 때 손상검사를 수행하고 있습니다. 손상차손은 회수가능액(사용가치 또는 처분부대원가를 차감한 공정가치 중 높은 금액)을 초과하는 장부금액만큼 인식되고 영업권 이외의 비금융자산에 대한 손상차손은 매 보고기간말에 환입가능성이 검토됩니다.\n2.13 매입채무와 기타 채무\n\xa0\n매입채무와 기타 채무는 회사가 보고기간말 전에 재화나 용역을 제공받았으나 지급되지 않은 부채입니다.\xa0매입채무와 기타 채무는 지급기일이 보고기간 후 12개월 후가 아니라면 유동부채로 표시되었습니다. 해당 채무들은 최초에 공정가치로 인식되고 후속적으로 유효이자율법을 적용한 상각후원가로 측정됩니다.\n2.14\xa0사내근로복지기금연결회사의 사내근로복지기금이 관련 법 또는 정관상 목적사업준비금 등 종업원급여지급에만 사용이 가능하도록 규정되어 향후 사내근로복지기금에 불입하는 기여금을 감소시키는 경제적 효익이 기대되는 경우 사내근로복지기금의 순자산 중 목적사업비재원으로 사용할 수 있는 순액을 자산으로 인식하고 있습니다.\n2.15\xa0금융부채 \n(1)\xa0 분류 및 측정\n\xa0\n연결회사의 당기손익-공정가치 측정 금융부채는 단기매매목적의 금융상품입니다. 주로 단기간 내에 재매입할 목적으로 부담하는 금융부채는 단기매매금융부채로 분류됩니다. 또한, 위험회피회계의 수단으로 지정되지 않은 파생상품이나 금융상품으로부터 분리된 내재파생상품도 단기매매금융부채로 분류됩니다.\n\xa0\n당기손익-공정가치 측정 금융부채, 금융보증계약, 금융자산의 양도가 제거조건을 충족하지 못하는 경우에 발생하는 금융부채를 제외한 모든 비파생금융부채는 상각후원가로 측정하는 금융부채로 분류되고 있으며, 재무상태표 상 \'매입채무\', \'차입금\' 및 \'기타금융부채\' 등으로 표시됩니다. \xa0\n(2)\xa0 제거\n\xa0\n금융부채는 계약상 의무가 이행, 취소 또는 만료되어 소멸되거나 기존 금융부채의 조건이 실질적으로 변경된 경우에 재무상태표에서 제거됩니다. 소멸하거나 제3자에게 양도한 금융부채의 장부금액과 지급한 대가(양도한 비현금자산이나 부담한 부채를 포함)의 차액은 당기손익으로 인식합니다.\n\xa0\n2.16\xa0순확정급여부채연결회사는 다양한 형태의 퇴직연금제도를 운영하고 있으며, 일반적으로 주기적인 보험수리적 계산에 의해 산정된 금액을 보험회사나 수탁자가 관리하는 기금에 대한 지급을 통해 조달하고 있습니다. 연결회사는 확정기여제도와 확정급여제도를 모두 운영하고 있습니다.확정기여제도는 연결회사가 고정된 금액의 기여금을 별도 기금에 지급하는 퇴직연금제도이며, 기여금은 종업원이 근무용역을 제공 하였을때 비용으로 인식됩니다. 확정급여제도는 확정기여제도를 제외한 모든 퇴직연금제도 입니다.\xa0일반적으로 확정급여제도는 연령, 근속연수나 급여수준등의 요소에 의하여 종업원이퇴직할 때 지급받을 퇴직연금급여의 금액이 확정됩니다. 확정급여제도와 관련하여재무상태표에 계상된 부채는 보고기간말 현재 확정급여채무의 현재가치에서 사외적립자산의 공정가치를 차감한 금액입니다. 확정급여채무는 매년 독립된 보험계리인에 의해 예측단위적립방식에 따라 산정되며, 확정급여채무의 현재가치는 그 지급시점과만기가 유사한우량회사채의 이자율로 기대미래현금유출액을 할인하여 산정됩니다. 한편, 순확정급여부채와 관련한 재측정요소는 기타포괄손익으로 인식됩니다. 제도 개정, 축소 또는 정산이 발생하는 경우에는 과거근무원가 또는 정산으로 인한 손익은 당기손익으로 인식됩니다. 2.17\xa0수익인식 \n수익은 연결회사의 통상적인 활동에서 발생하는 재화의 판매 및 용역의 제공에 대하여 받았거나 받을 대가의 공정가치로 구성되어 있습니다. 수익은 부가가치세, 반품, 리베이트 및 할인액을 차감한 순액으로 표시하고 있습니다. 수익금액을 신뢰성 있게 측정할 수 있고, 미래의 경제적 효익이 기업에 유입될 가능성이 높으며, 다음에서 설명하고 있는 연결회사의 활동별 특정 요건을 충족하는 경우에 수익을 인식하고 있습니다. 추정은 고객의 유형, 거래의 유형 및 개별 거래조건 등의 과거 자료를 바탕으로 하고 있습니다. (1) 재화의 판매 및 서비스의 제공 -연결회사는 도시가스 공급을 주요사업으로 하고 있으며, 도시가스 공급과 관련한 수익은 재화에 대한 통제가 고객에게 이전되는 시점인 도시가스의 공급 시점에 인식됩니다. 연결회사는 가스계량기 공급(10등급 초과)을 도시가스 공급과 구분되는 별도의 수행의무로 식별합니다. 회사는 해당고객으로부터 수취하는 계량기교체 관련 수입을 계약부채(이연수익)로 인식하고, 고객에게 계량기가 인도되었을 때 수행의무를 이행한 것으로 판단합니다.\n연결회사는 도시가스공급규정에 따라 도시가스공급 신청자로부터 수취하는 공사부담금을 계약부채(선수수익)로 인식하고, 고객의 기대공급기간을 고려하여 체계적이고 합리적인 기준에 따라 수익을 인식합니다.\n2.18\xa0정부보조금정부보조금은 보조금의 수취와 정부보조금에 부가된 조건의 준수에 대한 합리적인 확신이 있을 때 공정가치로 인식됩니다. 자산관련보조금은 자산의 장부금액을 계산할 때 차감하여 표시되며, 수익관련보조금은 이연하여 정부보조금의 교부 목적과 관련된 비용에서 차감하여 표시됩니다.\n2.19\xa0법인세비용 및 이연법인세 \n법인세비용은 당기법인세와 이연법인세로 구성됩니다. 법인세는 기타포괄손익이나 자본에 직접 인식된 항목과 관련된 금액은 해당 항목에서 직접 인식하며, 이를 제외하고는 당기손익으로 인식됩니다. 당기 법인세비용은 보고기간말 현재 제정되었거나 실질적으로 제정된 세법에 기초하여 측정됩니다.  이연법인세는 자산과 부채의 장부금액과 세무기준액의 차이로 정의되는 일시적 차이에 대하여 장부금액을 회수하거나 결제할 때의 예상 법인세효과로 인식됩니다. 다만,사업결합 이외의 거래에서 자산ㆍ부채를 최초로 인식할 때 발생하는 이연법인세자산과 부채는 그 거래가 회계이익이나 과세소득에 영향을 미치지 않는다면 인식되지 않습니다.\xa0\n\xa0\n이연법인세자산은 차감할 일시적차이가 사용될 수 있는 미래 과세소득의 발생가능성이 높은 경우에 인식됩니다.  종속기업, 관계기업 및 공동기업 투자지분과 관련된 가산할 일시적차이에 대하여 소멸시점을 통제할 수 있고 예측가능한 미래에 일시적차이가 소멸하지 않을 가능성이 높은 경우를 제외하고 이연법인세부채를 인식하고 있습니다. 또한 이러한 자산으로부터 발생하는 차감할 일시적차이에 대하여 일시적차이가 예측가능한 미래에 소멸할가능성이 높고 일시적차이가 사용될 수 있는 과세소득이 발생할 가능성이 높은 경우에만 이연법인세자산을 인식하고 있습니다.  이연법인세 자산과 부채는 법적으로 당기법인세자산과 당기법인세부채를 상계할 수 있는 권리를 연결회사가 보유하고 있고, 이연법인세 자산과 부채가 동일한 과세당국에 의해서 부과되는 법인세와 관련된 경우에 상계합니다. 당기법인세 자산과 부채는 법적으로 상계할 수 있는 권리를 연결회사가 보유하고 있고, 순액으로 결제할 의도가 있거나 자산을 실현하는 동시에 부채를 결제하려는 의도가 있는 경우에 상계합니다.\n2.20\xa0주당이익 기본주당이익은 주주에게 귀속되는 연결포괄손익계산서상 지배회사소유주지분 당기순이익을 보고기간 동안의 가중평균 유통보통주식수로 나누어 산정한 것입니다.\n희석주당이익은 주주에게 귀속되는 연결포괄손익계산서상 지배회사소유주지분 당기순이익을 보고기간 동안의 연결회사의 가중평균 유통보통주식수와 가중평균 잠재적 희석증권주식수로 나누어 산정한 것입니다. 잠재적 희석증권은 희석효과가 발생하는 경우에만 희석주당이익의 계산에 반영됩니다.\n2.21 리스주석 2.2에서 설명한 것처럼 연결회사는 리스에 대한 회계정책을 변경하였습니다. 새로운 회계정책의 영향에 대한 정보는 주석 35에서 제공합니다.연결회사는 다양한 사무실, 자동차 등을 리스하고 있습니다. 리스계약은 일반적으로 고정기간으로 체결되지만 아래에서 설명하는 연장선택권이 있을 수 있습니다.계약에는 리스요소와 비리스요소가 모두 포함될 수 있습니다. 연결회사는 상대적 개별 가격에 기초하여 계약 대가를 리스요소와 비리스요소에 배분하였습니다. 그러나 연결회사가 리스이용자인 부동산 리스의 경우 리스요소와 비리스요소를 분리하지 않고 하나의 리스요소로 회계처리하는 실무적 간편법을 적용하였습니다리스조건은 개별적으로 협상되며 다양한 계약조건을 포함합니다. 리스계약에 따라 부과되는 다른 제약은 없지만 리스자산을 차입금의 담보로 제공할 수는 없습니다.2019년 1월 1일부터 연결회사는 리스된 자산을 사용할 수 있는 리스개시일에 사용권자산과 이에 대응하는 부채를 인식합니다.연결회사는 계약이 집행가능한 기간 내에서 해지불능기간에 리스이용자가 연장선택권을 행사할 것이 상당히 확실한 경우의 그 대상기간과 종료선택권을 행사하지 않을 것이 상당히 확실한 경우의 그 대상기간을 포함하여 리스기간을 산정합니다. 연결회사는 리스이용자와 리스제공자가 각각 다른 당사자의 동의 없이 종료할 수 있는 권리가 있는 경우 계약을 종료할 때 부담할 경제적 불이익을 고려하여 집행가능한 기간을산정합니다. 리스에서 생기는 자산과 부채는 최초에 현재가치기준으로 측정합니다. 리스부채는 다음 리스료의 순현재가치를 포함합니다.\n-\n받을 리스 인센티브를 차감한 고정리스료(실질적인 고정리스료 포함)\n-\n개시일 현재 지수나 요율을 사용하여 최초 측정한, 지수나 요율(이율)에 따라 달라지는 변동리스료\n-\n잔존가치보증에 따라 연결회사(리스이용자)가 지급할 것으로 예상되는 금액\n-\n연결회사(리스이용자)가 매수선택권을 행사할 것이 상당히 확실한 경우에 그 매수선택권의 행사가격\n-\n리스기간이 연결회사(리스이용자)의 종료선택권 행사를 반영하는 경우에 그 리스를 종료하기 위하여 부담하는 금액\n또한 리스부채의 측정에는 상당히 확실한(reasonably certain) 연장선택권에 따라 지급될 리스료를 포함합니다.리스의 내재이자율을 쉽게 산정할 수 있는 경우 그 이자율로 리스료를 할인합니다. 내재이자율을 쉽게 산정할 수 없는 경우에는 리스이용자가 비슷한 경제적 환경에서 비슷한 기간에 걸쳐 비슷한 담보로 사용권자산과 가치가 비슷한 자산을 획득하는 데 필요한 자금을 차입한다면 지급해야 할 이자율인 리스이용자의 증분차입이자율을 사용합니다.\n연결회사는 증분차입이자율을 다음과 같이 산정합니다.\n-\n가능하다면 개별 리스이용자가 받은 최근 제3자 금융 이자율에 제3자 금융을 받은 이후 재무상태의 변경을 반영\n-\n최근 제3자 금융을 받지 않은 종속기업이 보유한 리스의 경우 무위험이자율에 신용위험을 조정하는 상향 접근법을 사용\n-\n국가, 통화, 담보, 보증과 같은 리스에 특정한 조정을 반영\n연결회사는 지수나 요율에 따라 달라지는 변동리스료의 경우 지수나 요율이 유효할 때까지 리스부채에 포함하지 않는 변동리스료의 잠재적 미래 증가 위험에 노출되어 있습니다. 지수나 요율에 따라 달라지는 리스료의 조정액이 유효한 시점에서 리스부채를 재평가하고 사용권자산을 조정합니다.각 리스료는 리스부채의 상환과 금융원가로 배분합니다. 금융원가는 각 기간의 리스부채 잔액에 대하여 일정한 기간 이자율이 산출되도록 계산된 금액을 리스기간에 걸쳐 당기손익으로 인식합니다. \n사용권자산은 다음 항목들로 구성된 원가로 측정합니다.\n-\n리스부채의 최초 측정금액\n-\n받은 리스 인센티브를 차감한 리스개시일이나 그 전에 지급한 리스료\n-\n리스이용자가 부담하는 리스개설직접원가\n-\n복구원가의 추정치\n사용권자산은 리스개시일부터 사용권자산의 내용연수 종료일과 리스기간 종료일 중 이른 날까지의 기간동안 감가상각합니다. 연결회사가 매수선택권을 행사할 것이 상당히 확실한(reasonably certain) 경우 사용권자산은 기초자산의 내용연수에 걸쳐 감가상각합니다. 단기리스와 모든 소액자산 리스와 관련된 리스료는 정액 기준에 따라 당기손익으로 인식합니다. 단기리스는 리스기간이 12개월 이하인 리스이며, 소액리스자산은 IT기기와 소액의 사무실 비품으로 구성되어 있습니다.(1) 연장선택권 및 종료선택권연결회사 전체에 걸쳐 다수의 부동산 등 리스계약에 연장선택권 및 종료선택권을 포함하고 있습니다. 이러한 조건들은 계약 관리 측면에서 운영상의 유연성을 극대화하기 위해 사용됩니다. 보유하고 있는 대부분의 연장선택권 및 종료선택권은 해당 리스제공자가 아니라 연결회사가 행사할 수 있습니다.2.22\xa0부문별 보고 영업부문별 정보는 최고영업의사결정자에게 보고되는 사업본부별로 공시됩니다. 최고영업의사결정자는 영업부문에 배부될 자원과 영업부문의 성과를 평가하는데 책임이 있습니다.2.23 재무제표 승인연결회사의 재무제표는 2020년 2월 26일자로 이사회에서 승인되었으며, 정기주주총회에서 수정승인 될 수 있습니다.\n3. 중요한 회계적 추정과 가정 :\n재무제표 작성에는 미래에 대한 가정 및 추정이 요구되며 경영진은 연결회사의 회계정책을 적용하기 위해 판단이 요구됩니다. 추정 및 가정은 지속적으로 평가되며, 과거 경험과 현재의 상황에 비추어 합리적으로 예측가능한 미래의 사건을 고려하여 이루어집니다. 회계추정의 결과가 실제 결과와 동일한 경우는 드물 것이므로 중요한 조정을 유발할 수 있는 유의적인 위험을 내포하고 있습니다.\n\xa0\n다음 회계연도에 자산 및 부채 장부금액의 조정에 영향을 미칠 수 있는 경영진 판단과 유의적 위험에 대한 추정 및 가정은 다음과 같습니다. 일부 항목에 대한 유의적인 판단 및 추정에 대한 추가적인 정보는 개별 주석에 포함되어 있습니다.(1) 수익인식연결회사가 고객에게 청구되지 않은 수익을 추정한 금액은 가스구매량, 용도별 판매단가, 검침량, 검침일정 등의 다양한 요소들의 변동에 영향을 받습니다\n(2) 법인세\n\xa0\n연결회사의 과세소득에 대한 법인세는 다양한 국가의 세법 및 과세당국의 결정을 적용하여 산정되므로 최종 세효과를 산정하는 데에는 불확실성이 존재합니다.\n\xa0\n연결회사는 특정 기간동안 과세소득의 일정 금액을 투자, 임금증가 등에 사용하지 않았을 때 세법에서 정하는 방법에 따라 산정된 법인세를 추가로 부담합니다. 따라서, 해당 기간의 당기법인세와 이연법인세를 측정할 때 이에 따른 세효과를 반영하여야 하고, 이로 인해 연결회사가 부담할 법인세는 각 연도의 투자, 임금증가 등의 수준에 따라 달라지므로 최종 세효과를 산정하는데에는 불확실성이 존재합니다.\n(3) 금융상품의 공정가치\n\xa0\n활성시장에서 거래되지 않는 금융상품의 공정가치는 원칙적으로 평가기법을 사용하여 결정됩니다. 연결회사는 보고기간말 현재 중요한 시장상황에 기초하여 다양한 평가기법의 선택 및 가정에 대한 판단을 하고 있습니다(주석 5 참조).(4) 금융자산의 손상\n\xa0\n금융자산의 손실충당금은 부도위험 및 기대손실률 등에 대한 가정에 기초하여 측정됩니다. 회사는 이러한 가정의 설정 및 손상모델에 사용되는 투입변수의 선정에 있어서 회사의 과거 경험, 현재 시장 상황, 재무보고일 기준의 미래전망정보 등을 고려하여 판단합니다.\n(5) 순확정급여부채\n\xa0\n순확정급여부채의 현재가치는 보험수리적방식에 의해 결정되는 다양한 요소들 특히 할인율의 변동에 영향을 받습니다.\n(6) 리스리스기간을 산정할 때에 경영진은 연장선택권을 행사하거나 종료선택권을 행사하지 않을 경제적 유인이 생기게 하는 관련되는 사실 및 상황을 모두 고려합니다. 연장선택권의 대상 기간(또는 종료선택권의 대상 기간)은 리스이용자가 연장선택권을 행사할 것(또는 행사하지 않을 것)이 상당히 확실한 경우에만 리스기간에 포함됩니다. 선택권이 실제로 행사되거나(행사되지 않거나) 연결회사가 선택권을 행사할(행사하지 않을) 의무를 부담하게 되는 경우에 리스기간을 다시 평가합니다. 리스이용자가 통제할 수 있는 범위에 있고 리스기간을 산정할 때에 영향을 미치는 유의적인 사건이일어나거나 상황에 유의적인 변화가 있을 때에만 연결회사는 연장선택권을 행사할 것(또는 행사하지 않을 것)이 상당히 확실한지의 판단을 변경합니다.4. 재무위험관리 :연결회사는\xa0여러 활동으로 인하여 시장위험(환위험, 공정가치 이자율 위험, 현금흐름이자율 위험 및 가격위험), 신용위험 및 유동성 위험과 같은 다양한 금융 위험에 노출되어 있습니다. 회사는 전반적인 위험관리를 통해 금융시장의 예측불가능성에 초점을 맞추고 있으며 재무성과에 잠재적으로 불리할 수 있는 효과를 최소화하는데 중점을 두고 있습니다. \n가. 시장위험 -(1) 환율변동위험\n연결회사가 노출되어 있는 외화 환포지션은 다음과 같습니다(단위: 천원).\n구분\n당기말\n전기말\n현금및현금성자산\n\u3000\n\u3000\n\xa0 USD\n27,787\n6,585\n단기금융상품\n\xa0 NZD\n397,281\n375,871\n매출채권\n\xa0 USD\n-\n12,484\n미수금\n\xa0 USD\n2,114\n3,961\n미지급금\n\xa0 USD\n61,490\n62,521\n연결회사는 외화로 표시된 채권과 채무의 환노출 위험을 주기적으로 평가, 관리 및 보고하고 있습니다. 연결회사는 환율변동위험에 대한 다각적인 분석을 실시하고 있으며 환율이 100원/NZD 변동할 경우 당기와 전기의 세전손익은 각각 51백만원, 50백만원 변동하며, 100원/USD 변동할 경우 당기와 전기의 세전손익은 각각 4백만원,(-)4백만원 변동합니다.(2) 주가변동위험연결회사는 당기손익-공정가치금융자산으로 분류되는 보유 지분증권의 가격위험에 노출돼 있습니다.연결회사의 공정가치 평가 지분증권 중 일부는 공개시장에서 거래되고 있으며 KOSPI 주가지수, NASDAQ 주가지수 등에 속해 있습니다.\n\xa0\n공정가치 평가 지분증권과 관련하여 주가지수의 상승 또는 하락이 연결회사의 당기순이익 및 자본에 미치는 영향은 다음과 같습니다. 이 분석은 다른 변수들은 일정하며 연결회사가 보유하고 있는 지분증권이 과거 해당 지수와의 상관관계에 따라 움직인다는 가정 하에 주가지수가 30% 증가한 경우를 분석한 것입니다(단위: 천원).\xa0\n지수\n당기순이익에 대한 영향\xa0 \xa0\n자본에 대한 영향\xa0 \xa0\n당기\n전기\n당기\n전기\nKOSPI\n64,020\n68,605\n64,020\n68,605\nKOSDAQ\n314,408\n628,868\n314,408\n628,868\nNYSE\n6,116\n5,342\n6,116\n5,342\nNASDAQ\n266,550\n166,035\n266,550\n166,035\n계\n651,094\n868,850\n651,094\n868,850\n\xa0(3) 이자율 위험연결회사의 이자율 위험은 주로 변동금리부 조건의 차입금 및 사채에서 발생하는 현금흐름 이자율 위험입니다. 연결회사는 이자율 노출에 대해 다각적인 분석을 실시하고 있습니다. 이자율이 1% 변동할 경우 세전손익은 당기 103,146천원, 전기 72,760천원 변동합니다.나. 신용위험 -신용위험은 연결회사의 통상적인 거래 및 투자활동에서 발생하며 고객 또는 거래상대방이 계약조건상 의무사항을 지키지 못하였을 때 발생합니다. 이러한 신용위험을 관리하기 위하여 연결회사는 주기적으로 고객과 거래상대방의 재무상태와 과거 경험및 기타 요소들을 고려하여 재무신용도를 평가하고 있습니다.\xa0\n신용위험은 현금 및 현금성자산, 각종 예금 등과 같은 금융기관과의 거래에서도 발생할 수 있습니다. 이러한 위험을 줄이기 위하여 회사는 신용도가 높은 금융기관들에 대해서만 거래를 하고 있습니다.\n(1) 신용위험에 대한 노출정도\n보고기간종료일 현재 신용위험에 대한 노출정도는 다음과 같습니다(단위: 천원).\n구분\n당기말\n전기말\n\xa0 현금및현금성자산(*1)\n48,098,481\n77,620,963\n\xa0 단기금융상품\n50,756,105\n62,582,416\n\xa0 매출채권\n186,304,830\n186,208,912\n\xa0 미수금\n9,047,115\n8,000,651\n\xa0 미수수익\n1,519,450\n1,476,252\n\xa0 단기대여금\n174,504\n138,187\n\xa0 장기금융상품\n47,250\n33,812\n\xa0 당기손익-공정가치금융자산\n8,688,954\n8,587,261\n\xa0 기타포괄손익-공정가치금융자산\n7,621,048\n8,173,039\n\xa0 상각후원가금융자산\n27,925\n27,925\n\xa0 장기대여금\n553,756\n547,046\n\xa0 보증금\n3,740,187\n4,106,250\n\xa0 장기성매출채권\n10,388,674\n11,743,122\n\xa0 충당부채\n4,172,000\n4,170,000\n(*1)\xa0해당 계정의 일부항목으로 구성됩니다.\n(2) 금융자산의 손상연결회사는 기대신용손실 모형이 적용되는 다음의 금융자산을 보유하고 있습니다. - 재화 및 용역의 제공에 따른 매출채권- 상각후원가로 측정하는 기타 금융자산\n현금성자산도 손상 규정의 적용대상에 포함되나 식별된 기대신용손실은 유의적이지 않습니다.(가) 매출채권회사는 매출채권에 대해 전체 기간 기대신용손실을 손실충당금으로 인식하는 간편법을 적용합니다. 기대신용손실을 측정하기 위해 매출채권은 신용위험 특성과 연체일을 기준으로 구분하였습니다. \n당기와 전기 중 매출채권의 손실충당금 변동내역은 다음과 같습니다(단위: 천원).\xa0\n구분\n당기\n전기\n기초 손실충당금\n1,112,424\n2,194,964\n기초 이익잉여금의 조정(회계정책의 변경)\n-\n(1,116,347)\n당기 중 당기손익으로 인식된 손실충당금의 증가\n(33,657)\n59,553\n회수가 불가능하여 당기중 제각된 금액\n(200,534)\n(25,746)\n기말 손실충당금\n878,233\n1,112,424\n매출채권 손실충당금은 다음과 같습니다(단위: 천원). ① 당기말\n구분\u3000\n60일 이내 정상\n60일 ~ 150일\xa0  이내, 연체\n120일 ~ 360일 이내, 연체\xa0\xa0\n12개월 초과 연체\n계\n기대 손실률\n0.2%\n8.18%\n14.94%\n84.13%\n총 장부금액(*)\n195,667,782\n1,351,442\n131,032\n421,481\n197,571,737\n손실충당금\n393,562\n110,516\n19,575\n354,580\n878,233\n(*) 장기성매출채권이 포함된 금액입니다.② 전기말\n구분\u3000\n60일 이내 정상\n60일 ~ 150일\xa0  이내, 연체\n120일 ~ 360일 이내, 연체\xa0\xa0\n12개월 초과 연체\n계\n기대 손실률\n0.35%\n15.23%\n32.58%\n77.24%\n총 장부금액(*)\n198,065,605\n511,322\n82,475\n405,056\n199,064,458\n손실충당금\n694,805\n77,871\n26,869\n312,879\n1,112,424\n(*) 장기성매출채권이 포함된 금액입니다.\n(나) 상각후원가 측정 기타 금융자산\n상각후원가로 측정하는 기타 금융자산에는 장단기금융상품, 미수금, 미수수익, 보증금 등이 포함됩니다.\xa0\n\xa0\n상각후원가로 측정되는 기타 금융자산에 대한 손실충당금의 변동 내역은 다음과 같습니다(단위: 천원).\n구분\u3000\n미수금\n계\n당기초 손실충당금\n481,444\n481,444\n당기손익에 인식된 손실충당금의 증가\n421,867\n421,867\n미사용금액 환입\n(1,726)\n(1,726)\n채권의 제각\n(508,473)\n(508,473)\n당기말 손실충당금\n393,112\n393,112\n(3) 당기손익-공정가치 측정 금융자산연결회사는 당기손익-공정가치 측정 금융자산에 대한 신용위험에도 노출되어 있습니다. 당기 현재 연결회사의 관련 최대노출금액은 해당 장부금액입니다. \n다. 유동성 위험 -연결회사는 적정 유동성의 유지를 위하여 주기적인 자금수지 예측, 조정을 통해 유동성위험을 관리하고 있습니다.\xa0또한 금융기관들과 수입신용장 발행약정, 차입약정, 어음할인약정 및 당좌차월약정 등을 맺고 있습니다.\n보고기간종료일 현재 금융부채의 잔존계약 만기별 현금흐름은 다음과 같습니다(단위:천원).(1) 당기말\n구분\n3개월 이하\n3개월 초과 1년 이하\n1년 초과 5년 이하\n5년 초과\n합계\n매입채무\n208,034,984\n-\n-\n-\n208,034,984\n차입금\n45,712,236\n1,823,460\n5,761,876\n1,291,285\n54,588,857\n사채\n40,953,325\n2,169,375\n100,723,125\n-\n143,845,825\n기타부채(*1)\n22,536,195\n927,033\n483,495\n3,782,421\n27,729,144\n계\n317,236,740\n4,919,868\n106,968,496\n5,073,706\n434,198,810\n(*1) 기타부채에는 자금보충약정으로 인한 최대 유출 예상금액이 포함되어 있습니다.(2) 전기말\n구분\n3개월 이하\n3개월 초과 1년 이하\n1년 초과 5년 이하\n5년 초과\n합계\n매입채무\n206,203,245\n-\n-\n-\n206,203,245\n차입금\n20,735,979\n2,360,988\n8,853,011\n2,271,480\n34,221,458\n사채\n61,276,125\n2,859,975\n143,845,825\n-\n207,981,925\n기타부채(*1)\n16,127,047\n3,341,710\n460,653\n3,592,905\n23,522,315\n계\n304,342,396\n8,562,673\n153,159,489\n5,864,385\n471,928,943\n(*1) 기타부채에는 자금보충약정으로 인한 최대 유출 예상금액이 포함되어 있습니다.상기 현금흐름은 계약상 원금과 이자가 포함된 금액입니다.\n라. 자본위험관리 -\n연결회사의 자본관리목적은 건전한 자본구조를 유지하는 데 있습니다. 연결회사는 자본관리지표로 부채비율을 이용하고 있습니다. 이 비율은 총부채를 총자본으로 나누어 산출하고 있으며 총부채 및 총자본은 재무제표에 공시된 숫자로 계산합니다.보고기간종료일 현재 연결회사의 부채비율은 다음과 같습니다(단위: 천원).\n구\xa0\xa0 분\n당기말\n전기말\n부채\n596,032,747\n584,723,015\n자본\n539,809,803\n532,614,436\n부채비율\n110.42%\n109.78%\n5.\xa0공정가치\xa0\xa0: 당기 중 연결회사의 금융자산과 금융부채의 공정가치에 영향을 미치는 사업환경 및 경제적인 환경의 유의적인 변동은 없습니다.가. 금융상품 종류별 공정가치 -\n보고기간종료일 현재 금융상품의 종류별 장부금액 및 공정가치는 다음과 같습니다(단위:천원).\n구분\n당기말\n전기말\n장부금액\n공정가치\n장부금액\n공정가치\n금융자산\n\xa0 현금및현금성자산\n48,131,615\n48,131,615\n77,641,267\n77,641,267\n\xa0 단기금융상품\n50,756,105\n50,756,105\n62,582,416\n62,582,416\n\xa0 매출채권\n186,304,830\n186,304,830\n186,208,912\n186,208,912\n\xa0 미수금(*2)\n9,047,115\n9,047,115\n8,000,651\n8,000,651\n\xa0 미수수익\n1,519,450\n1,519,450\n1,476,252\n1,476,252\n\xa0 단기대여금\n174,504\n174,504\n138,187\n138,187\n\xa0 장기금융상품\n47,250\n47,250\n33,812\n33,812\n\xa0 당기손익-공정가치금융자산(*1)\n8,688,954\n8,688,954\n8,587,261\n8,587,261\n\xa0 기타포괄손익-공정가치금융자산\n7,621,048\n7,621,048\n8,173,039\n8,173,039\n\xa0 상각후원가금융자산\n27,925\n27,925\n27,925\n27,925\n\xa0 장기대여금\n553,756\n551,698\n547,046\n540,335\n\xa0 보증금\n3,740,187\n3,740,187\n4,106,250\n4,106,250\n\xa0 장기성매출채권\n10,388,674\n10,388,674\n11,743,122\n11,743,122\n소계\n327,001,413\n326,999,355\n369,266,140\n369,259,429\n금융부채\u3000\n\xa0\xa0 매입채무\n208,034,984\n208,034,984\n206,203,245\n206,203,245\n\xa0\xa0 단기차입금\n45,000,000\n45,000,000\n20,133,912\n20,133,912\n\xa0\xa0 미지급금\n7,633,032\n7,633,032\n6,118,146\n6,118,146\n\xa0\xa0 미지급비용(*2)\n3,056,367\n3,056,367\n2,371,710\n2,371,710\n\xa0\xa0 예수금(*2)\n5,479,433\n5,479,433\n3,986,763\n3,986,763\n\xa0\xa0 미지급배당금\n26,165\n26,165\n23,256\n23,256\n\xa0\xa0 유동성장기차입금\n2,306,520\n2,306,520\n2,586,940\n2,586,940\n\xa0\xa0 사채(*1)\n139,846,472\n141,523,282\n199,664,715\n201,260,784\n\xa0\xa0 장기차입금\n6,194,308\n6,559,480\n9,700,672\n10,134,980\n\xa0\xa0 수입보증금\n2,993,363\n2,993,363\n3,070,530\n3,070,530\n\xa0\xa0 리스부채(*1)\n25,096,295\n25,096,295\n-\n-\n소계\n445,666,939\n447,708,921\n453,859,889\n455,890,266\n(*1) 유동 및 비유동 항목을 합산한 금액입니다.(*2) 해당 계정의 일부항목으로 구성됩니다.나. 공정가치 서열체계 -공정가치로 측정되는 금융상품은 공정가치 서열체계에 따라 구분되며 정의된 수준들은 다음과 같습니다.- 측정일에 동일한 자산이나 부채에 대해 접근할 수 있는 활성시장의 (조정하지 않은) 공시가격 (수준 1) - 수준 1의 공시가격 외에 자산이나 부채에 대해 직접적으로나 간접적으로 관측할 수 있는 투입변수 (수준 2) - 자산이나 부채에 대한 관측할 수 없는 투입변수 (수준 3) \n보고기간종료일 현재 공정가치로 측정하는 금융상품의 공정가치 서열체계는 다음과 같습니다(단위: 천원).(1) 당기말\n구분\n당기말\n수준 1\n수준 2\n수준 3\n합계\n(1) 자산\n당기손익-공정가치금융자산\n2,782,454\n203,871\n5,702,629\n8,688,954\n기타포괄손익-공정가치금융자산\n-\n-\n7,621,048\n7,621,048\n(2) 전기말\n구분\n전기말\n수준 1\n수준 2\n수준 3\n합계\n(1) 자산\n당기손익-공정가치금융자산\n3,713,033\n81,087,781\n4,670,357\n89,471,171\n기타포괄손익-공정가치금융자산\n-\n-\n8,173,039\n8,173,039\n다. 반복적인 공정가치 측정치의 서열체계 수준 간 이동\xa0-연결회사는 공정가치 서열체계의 수준 간 이동을\xa0보고기간 말에\xa0인식합니다.당기 중 수준 1과 수준 2간의 대체는 없습니다.\n라. 가치평가기법 및 투입변수\xa0-연결회사는 공정가치 서열체계에서 수준 2와 수준 3으로 분류되는 반복적인 공정가치측정치, 비반복적인 공정가치측정치에 대해 다음의 가치평가기법과 투입변수를 사용하고 있습니다(단위:천원).\n당기말\n공정가치\n수준\n가치평가기법\n투입변수\n수준3 투입변수\n기타포괄손익-공정가치 금융자산\n\xa0대구그린파워㈜ 주식\n6,565,332\n3\xa0\n수익접근법\n신용위험이 반영된 할인율\n3.15%~10.42%(5.61%)\n\xa0기타 지분상품 등\n1,055,716\n3\xa0\n-\xa0\n-\xa0\n-\xa0\n당기손익-공정가치 금융자산\xa0\n\xa0출자금 등\n203,871\n2\n순자산가치법\n-\n-\n\xa0기타 지분상품 등\n5,702,629\n3\n수익접근법 등\n신용위험이 반영된 할인율\n-\n전기말\n공정가치\n수준\n가치평가기법\n투입변수\n수준3 투입변수\n기타포괄손익-공정가치 금융자산\n\xa0대구그린파워㈜ 주식\n6,833,008\n3\n수익접근법\n신용위험이 반영된 할인율\n3.22%~9.32%(5.27%)\n\xa0기타 지분상품 등\n1,340,031\n3\n-\n-\n-\n당기손익-공정가치 금융자산\xa0\n\xa0출자금 등\n203,871\n2\n순자산가치법\n-\n-\n\xa0현금성자산(MMF 등)\n25,177,365\n2\n\xa0단기금융상품(CP 등)\n55,706,545\n2\n현재가치법 등\n신용위험이 반영된 할인율\n-\n\xa0기타 지분상품 등\n4,670,357\n3\n수익접근법 등\n신용위험이 반영된 할인율\n-\n마. 수준 3으로 분류된 공정가치 측정치의 가치평가과정\xa0-연결회사의 재무부서는 재무보고 목적의 공정가치를 측정하고 있으며, 이러한 공정가치 측정치는 수준 3으로 분류되는 공정가치 측정치를 포함하고 있습니다. 바. 수준3으로 분류된 반복적인 공정가치 측정치의 민감도 분석\xa0-금융상품의 민감도 분석은 통계적 기법을 이용한 관측 불가능한 투입변수의 변동에따른 금융상품의 가치 변동에 기초하여 유리한 변동과 불리한 변동으로 구분하여 이루어집니다. 그리고 공정가치가 두 개 이상의 투입변수에 영향을 받는 경우에는 가장유리하거나 또는 가장 불리한 금액을 바탕으로 산출됩니다. 민감도 분석대상으로 수준3으로 분류되는 금융상품 중 해당 공정가치 변동이 기타포괄손익으로 인식되는 지분증권이 있습니다.각 금융상품별 투입변수의 변동에 따른 손익효과에 대한 민감도 분석 결과는 아래와 같습니다(단위:천원).\n구분\n당기\n전기\n유리한 변동\n불리한 변동\n유리한 변동\n불리한 변동\n당기손익\n자본\n당기손익\n자본\n당기손익\n자본\n당기손익\n자본\n기타포괄손익-공정가치 금융자산\n\xa0대구그린파워㈜ 주식(*1)\n-\n4,579,584\n-\n(3,954,037)\n-\n5,382,612\n-\n(3,642,719)\n(*1) 해당 주식은 주요 관측불가능한 투입변수인 할인율을 1% 증가 또는 감소시킴으로써 공정가치 변동을 산출하고 있습니다.\n6. 범주별 금융상품 :가. 금융상품의 범주별 분류 -보고기간종료일 현재 금융상품의 범주별 분류내역은 다음과 같습니다(단위: 천원).(1) 당기말\n구분\n당기손익-공정가치\xa0 금융자산\n기타포괄손익-공정가치 금융자산\n\xa0 상각후원가  측정금융자산\n\xa0 상각후원가  측정금융부채\n계\n금융자산\n\xa0 현금및현금성자산\n-\n-\n48,131,615\n-\n48,131,615\n\xa0 단기금융상품\n-\n-\n50,756,105\n-\n50,756,105\n\xa0 매출채권\n-\n-\n186,304,830\n-\n186,304,830\n\xa0 미수금(*1)\n-\n-\n9,047,115\n-\n9,047,115\n\xa0 미수수익\n-\n-\n1,519,450\n-\n1,519,450\n\xa0 단기대여금\n-\n-\n174,504\n-\n174,504\n\xa0 장기금융상품\n-\n-\n47,250\n-\n47,250\n\xa0 당기손익-공정가치금융자산(*2)\n8,688,954\n-\n-\n-\n8,688,954\n\xa0 기타포괄손익-공정가치금융자산\n-\n7,621,048\n-\n-\n7,621,048\n\xa0 상각후원가금융자산\n-\n-\n27,925\n-\n27,925\n\xa0 장기대여금\n-\n-\n553,756\n-\n553,756\n\xa0 보증금\n-\n-\n3,740,187\n-\n3,740,187\n\xa0 장기성매출채권\n-\n-\n10,388,674\n-\n10,388,674\n계\n8,688,954\n7,621,048\n310,691,411\n-\n327,001,413\n금융부채\n\xa0\xa0 매입채무\n-\n-\n-\n208,034,984\n208,034,984\n\xa0\xa0 단기차입금\n-\n-\n-\n45,000,000\n45,000,000\n\xa0\xa0 미지급금\n-\n-\n-\n7,633,032\n7,633,032\n\xa0\xa0 미지급비용(*1)\n-\n-\n-\n3,056,367\n3,056,367\n\xa0\xa0 예수금(*1)\n-\n-\n-\n5,479,433\n5,479,433\n\xa0\xa0 미지급배당금\n-\n-\n-\n26,165\n26,165\n\xa0\xa0 유동성장기차입금\n-\n-\n-\n2,306,520\n2,306,520\n\xa0\xa0 사채(*2)\n-\n-\n-\n139,846,472\n139,846,472\n\xa0\xa0 장기차입금\n-\n-\n-\n6,194,308\n6,194,308\n\xa0\xa0 수입보증금\n-\n-\n-\n2,993,363\n2,993,363\n\xa0\xa0 리스부채(*2)\n-\n-\n-\n25,096,295\n25,096,295\n계\n-\n-\n-\n445,666,939\n445,666,939\n(*1) 해당 계정의 일부항목으로 구성됩니다.(*2) 유동 및 비유동 항목을 합산한 금액입니다.(2) 전기말\n구분\n당기손익-공정가치\xa0 금융자산\n기타포괄손익-공정가치 금융자산\n\xa0 상각후원가  측정금융자산\n\xa0 상각후원가  측정금융부채\n계\n금융자산\n\xa0 현금및현금성자산\n25,177,365\n-\n52,463,902\n-\n77,641,267\n\xa0 단기금융상품\n55,706,545\n-\n6,875,871\n-\n62,582,416\n\xa0 매출채권\n-\n-\n186,208,912\n-\n186,208,912\n\xa0 미수금(*1)\n-\n-\n8,000,651\n-\n8,000,651\n\xa0 미수수익\n-\n-\n1,476,252\n-\n1,476,252\n\xa0 단기대여금\n-\n-\n138,187\n-\n138,187\n\xa0 장기금융상품\n-\n-\n33,812\n-\n33,812\n\xa0 당기손익-공정가치금융자산(*2)\n8,587,261\n-\n-\n-\n8,587,261\n\xa0 기타포괄손익-공정가치금융자산\n-\n8,173,039\n-\n-\n8,173,039\n\xa0 상각후원가금융자산\n-\n-\n27,925\n-\n27,925\n\xa0 장기대여금\n-\n-\n547,046\n-\n547,046\n\xa0 보증금\n-\n-\n4,106,250\n-\n4,106,250\n\xa0 장기성매출채권\n-\n-\n11,743,122\n-\n11,743,122\n계\n89,471,171\n8,173,039\n271,621,930\n-\n369,266,140\n금융부채\n\xa0\xa0 매입채무\n-\n-\n-\n206,203,245\n206,203,245\n\xa0\xa0 단기차입금\n-\n-\n-\n20,133,912\n20,133,912\n\xa0\xa0 미지급금(*1)\n-\n-\n-\n6,118,146\n6,118,146\n\xa0\xa0 미지급비용(*1)\n-\n-\n-\n2,371,710\n2,371,710\n\xa0\xa0 예수금(*1)\n-\n-\n-\n3,986,763\n3,986,763\n\xa0\xa0 미지급배당금\n-\n-\n-\n23,256\n23,256\n\xa0\xa0 유동성장기차입금\n-\n-\n-\n2,586,940\n2,586,940\n\xa0\xa0 사채(*2)\n-\n-\n-\n199,664,715\n199,664,715\n\xa0\xa0 장기차입금\n-\n-\n-\n9,700,672\n9,700,672\n\xa0\xa0 수입보증금\n-\n-\n-\n3,070,530\n3,070,530\n계\n-\n-\n-\n453,859,889\n453,859,889\n(*1) 해당 계정의 일부항목으로 구성됩니다.(*2) 유동 및 비유동 항목을 합산한 금액입니다.\n나. 금융상품의 범주별 순손익 -당기와 전기 중 금융상품의 범주별 순손익은 다음과 같습니다(단위: 천원).\n구분\n당기\n전기\n(1) 당기손익-공정가치 금융자산\n\u3000\n\u3000\n평가손익\n(195,627)\n581,313\n처분손익\n1,307\n2,187,182\n투자손익\n627,626\n1,183,228\n이자수익\n531,434\n888,652\n수입배당금\n49,870\n71,530\n(2) 기타포괄손익-공정가치 금융자산\n평가손익\n(430,552)\n371,051\n(3) 상각후원가 금융자산\n외화환산손익\n6,089\n5,418\n외환차손익\n8,270\n(8,951)\n이자수익\n2,410,726\n2,997,744\n처분손익\n-\n(10,061)\n(4) 상각후원가 금융부채\n이자비용\n(6,537,225)\n(6,600,138)\n외환차손익\n(2,724)\n(5,146)\n7. 금융자산 :가. 당기손익-공정가치 금융자산 - (1) 당기손익-공정가치 금융자산 -\xa0 \xa0 \xa0 \xa0 \xa0 \xa0 \xa0 \xa0 \xa0 \xa0 \xa0 \xa0 \xa0 \xa0 \xa0 \xa0 \xa0 \xa0 \xa0 \xa0 \xa0 \xa0 \xa0 \xa0 \xa0 \xa0 \xa0 \xa0 \xa0 \xa0 \xa0 \xa0 \xa0 \xa0 \xa0 \xa0 \xa0 \xa0 \xa0 \xa0 \xa0 \xa0 \xa0 \xa0 \xa0 \xa0 \xa0 \xa0 \xa0 \xa0 (단위: 천원)\n구\xa0 \xa0\xa0 분\n당기말\n전기말\n비유동항목\n\u3000\n\u3000\n\xa0 해외 상장주식\n1,139,105\n709,549\n\xa0 국내 상장주식\n581,666\n1,261,341\n\xa0 기타비유동항목\n5,906,500\n4,874,228\n유동항목\n\xa0 국외 상장주식\n26,138\n22,829\n\xa0 국내 상장주식\n1,035,545\n1,719,314\n\xa0 기타단기금융상품\n-\n55,706,545\n\xa0 현금및현금성자산\n-\n25,177,365\n합\xa0 \xa0 계\n8,688,954\n89,471,171\n\xa0 \xa0 \xa0 \xa0 \xa0 \xa0 \xa0 \xa0 \xa0 \xa0 \xa0 \xa0 \xa0 \xa0 \xa0 \xa0 \xa0\xa0\n(2) 당기손익으로 인식된 금액\xa0 \xa0 \xa0 \xa0 \xa0 \xa0 \xa0 \xa0 \xa0 \xa0 \xa0 \xa0 \xa0 \xa0 \xa0 \xa0 \xa0 \xa0 \xa0 \xa0 \xa0 \xa0 \xa0 \xa0 \xa0 \xa0 \xa0 \xa0 \xa0 \xa0 \xa0 \xa0 \xa0 \xa0 \xa0 \xa0 \xa0 \xa0 \xa0 \xa0 \xa0 \xa0 \xa0 \xa0 \xa0 \xa0 \xa0 \xa0\xa0 (단위: 천원)\n구\xa0 \xa0\xa0 분\n당기말\n전기말\n지분상품 관련 손익\n483,176\n4,023,253\n채무상품 관련 손익\n531,434\n888,652\n합\xa0 \xa0 계\n1,014,610\n4,911,905\n나. 기타포괄손익-공정가치 금융자산 -\xa0 \xa0 (1) 기타포괄손익-공정가치지분상품\xa0 \xa0 \xa0 \xa0 \xa0 \xa0 \xa0 \xa0 \xa0 \xa0 \xa0 \xa0 \xa0 \xa0 \xa0 \xa0 \xa0 \xa0 \xa0 \xa0 \xa0 \xa0 \xa0 \xa0 \xa0 \xa0 \xa0 \xa0 \xa0 \xa0 \xa0 \xa0 \xa0 \xa0 \xa0 \xa0 \xa0 \xa0 \xa0 \xa0 \xa0 \xa0 \xa0 \xa0 \xa0 \xa0 \xa0 \xa0 \xa0 \xa0 \xa0 \xa0 \xa0 \xa0 \xa0 \xa0 \xa0 \xa0 \xa0 \xa0 \xa0 \xa0 \xa0 \xa0 \xa0 \xa0 \xa0 \xa0 \xa0 \xa0 \xa0 \xa0 \xa0 \xa0 \xa0 \xa0 \xa0 \xa0 \xa0\xa0 (단위: 천원)\n구\xa0 \xa0\xa0 분\n당기말\n전기말\n지분증권\n7,621,048\n8,173,039\n합\xa0 \xa0 계\n7,621,048\n8,173,039\n다. 매출채권 및 기타상각후원가 측정금융자산 - (1) 매출채권 및 기타상각후원가 측정금융자산 \xa0 \xa0 \xa0 \xa0 \xa0 \xa0 \xa0 \xa0 \xa0 \xa0 \xa0 \xa0 \xa0 \xa0 \xa0 \xa0 \xa0 \xa0 \xa0 \xa0 \xa0 \xa0 \xa0 \xa0 \xa0 \xa0 \xa0 \xa0 \xa0 \xa0 \xa0 \xa0 \xa0 \xa0 \xa0 \xa0 \xa0 \xa0 \xa0 \xa0 \xa0 \xa0 \xa0 \xa0 \xa0 \xa0 \xa0 \xa0 \xa0 \xa0 \xa0\xa0 (단위: 천원)\n구\xa0 \xa0\xa0 분\n당기말\n전기말\n유동\n비유동\n합계\n유동\n비유동\n합계\n현금및현금성자산\n48,131,615\n-\n48,131,615\n52,463,902\n-\n52,463,902\n단기금융상품\n50,756,105\n-\n50,756,105\n6,875,871\n-\n6,875,871\n매출채권\n186,304,830\n-\n186,304,830\n186,208,912\n-\n186,208,912\n미수금\n9,047,115\n-\n9,047,115\n8,000,651\n-\n8,000,651\n미수수익\n1,519,450\n-\n1,519,450\n1,476,252\n-\n1,476,252\n단기대여금\n174,504\n-\n174,504\n138,187\n-\n138,187\n장기금융상품\n-\n47,250\n47,250\n-\n33,812\n33,812\n상각후원가금융자산\n-\n27,925\n27,925\n-\n27,925\n27,925\n장기대여금\n-\n553,756\n553,756\n-\n547,046\n547,046\n보증금\n-\n3,740,187\n3,740,187\n-\n4,106,250\n4,106,250\n장기성매출채권\n-\n10,388,674\n10,388,674\n-\n11,743,122\n11,743,122\n합계\n295,933,619\n14,757,792\n310,691,411\n255,163,775\n16,458,155\n271,621,930\n(2) 손상매출채권, 기타 상각후원가 금융자산의 손상 및 회사의 신용위험 관련 사항은 주석 4.나.(2)를 참고하시기 바랍니다.\n8. 사용이 제한된 예금 :보고기간종료일 현재 사용이 제한된 금융상품은 다음과 같습니다(단위: 천원).\n구분\n내용\n당기말\n전기말\n장기금융상품\n당좌개설보증금\n24,000\n22,000\n9. 손실충당금 : 당기와 전기 중 손실충당금 변동내역은 다음과 같습니다(단위: 천원).\n가. 당기 -\xa0\n구분\n매출채권\n미수금\n계\n기초 장부가액\n1,112,424\n481,444\n1,593,868\n채권에 대한 대손상각비\n54,705\n421,867\n476,572\n미사용금액 환입\n(88,362)\n(1,726)\n(90,088)\n채권의 제각\n(200,534)\n(508,473)\n(709,007)\n기말 장부가액\n878,233\n393,112\n1,271,345\n나. 전기 -\xa0\n구분\n매출채권\n미수금\n선급금\n계\n기초 장부가액\n2,194,964\n487,801\n581,223\n3,263,988\n회계정책변경의 효과\n(1,116,347)\n-\n-\n(1,116,347)\n채권에 대한 대손상각비\n59,553\n327,625\n-\n387,178\n미사용금액 환입\n-\n(1,292)\n(835)\n(2,127)\n채권의 제각\n(25,746)\n(332,690)\n(580,388)\n(938,824)\n기말 장부가액\n1,112,424\n481,444\n-\n1,593,868\n10. 금융자산의 제거 :연결회사는 매출채권 중 일부 받을어음을 거래처에 배서양도하고, 동 받을어음의 만기까지 대금불이행에 따른 손실을 보증하여 양도자산의 소유에 따른 위험과 보상의 대부분을 보유하고 있습니다. 상기와 관련하여 보고기간종료일 현재 전체가 제거되지 않은 양도 금융자산의 내역은 다음과 같습니다(단위: 천원).\n구분\n대여금및수취채권\n당기말\n전기말\n자산의 장부금액\n-\n133,912\n관련 부채의 장부금액\n-\n(133,912)\n양도자산에 한하여 소구권이 있는 부채:\n자산의 공정가치\n-\n133,912\n관련 부채의 공정가치\n-\n(133,912)\n순포지션\n-\n-\n11. 재고자산 :보고기간종료일 현재 재고자산의 내역은 다음과 같습니다(단위: 천원).\n구분\n당기말\n전기말\n평가전금액\n평가충당금\n장부가액\n평가전금액\n평가충당금\n장부가액\n상품\n111,974\n-\n111,974\n134,886\n-\n134,886\n천연가스\n167,241\n-\n167,241\n145,843\n-\n145,843\n제품\n14,855\n-\n14,855\n15,451\n-\n15,451\n저장품\n544,386\n-\n544,386\n425,345\n-\n425,345\n계\n838,456\n-\n838,456\n721,525\n-\n721,525\n12. 유형자산 : 가. 유형자산 구성내역 -보고기간종료일 현재 유형자산의 구성내역은 다음과 같습니다(단위: 천원).\n(1) 당기말\n구분\n취득원가\n감가상각누계액\n공사부담금(*)\n장부가액\n토지\n64,738,046\n-\n-\n64,738,046\n건물\n26,491,337\n(9,597,608)\n-\n16,893,729\n구축물\n2,077,631\n(1,505,410)\n-\n572,221\n기계장치\n21,367,010\n(16,539,182)\n-\n4,827,828\n차량운반구\n2,764,838\n(1,743,303)\n-\n1,021,535\n공구와비품\n19,273,188\n(13,402,939)\n-\n5,870,249\n공급설비\n667,727,821\n(259,223,180)\n(17,720,165)\n390,784,476\n열공급설비\n24,449,005\n(12,097,390)\n(1,721,692)\n10,629,923\n전기공급설비\n13,472,122\n(5,126,545)\n(580,545)\n7,765,032\n임차점포시설물\n689,250\n(615,155)\n-\n74,095\n건설중인자산\n2,983,360\n-\n-\n2,983,360\n기타의 유형자산\n20,500\n-\n-\n20,500\n계\n846,054,108\n(319,850,712)\n(20,022,402)\n506,180,994\n(*) 한국채택국제회계기준 전환일 이전에 수취한 공사부담금입니다.\n(2) 전기말\n구분\n취득원가\n감가상각누계액\n공사부담금(*)\n장부가액\n토지\n61,766,343\n-\n-\n61,766,343\n건물\n26,268,137\n(8,805,027)\n-\n17,463,110\n구축물\n2,064,651\n(1,413,495)\n-\n651,156\n기계장치\n21,020,088\n(15,913,562)\n-\n5,106,526\n차량운반구\n2,494,416\n(1,712,723)\n-\n781,693\n공구와비품\n18,174,349\n(13,200,225)\n-\n4,974,124\n공급설비\n621,626,152\n(240,243,823)\n(21,236,324)\n360,146,005\n열공급설비\n24,449,005\n(10,638,146)\n(2,066,633)\n11,744,226\n전기공급설비\n15,160,307\n(5,127,482)\n(639,931)\n9,392,894\n임차점포시설물\n689,250\n(488,667)\n-\n200,583\n건설중인자산\n3,839,246\n-\n-\n3,839,246\n기타의 유형자산\n1,030,647\n(237,550)\n-\n793,097\n계\n798,582,591\n(297,780,700)\n(23,942,888)\n476,859,003\n(*) 한국채택국제회계기준 전환일 이전에 수취한 공사부담금입니다.나. 유형자산 변동내역 - 당기와 전기 중 유형자산의 변동내역은 다음과 같습니다(단위: 천원).(1) 당기\n구분\n기초\n취득\n연결범위 변동\n처분 등\n감가상각\n본계정대체\n기말\n토지(*)\n61,766,343\n(20)\n(1,807,408)\n-\n-\n4,779,131\n64,738,046\n건물(*)\n17,463,110\n223,200\n-\n-\n(792,581)\n-\n16,893,729\n구축물\n651,156\n12,980\n-\n-\n(91,915)\n-\n572,221\n기계장치(*)\n5,106,526\n248,102\n-\n-\n(625,620)\n98,820\n4,827,828\n차량운반구\n781,693\n694,342\n-\n(151,546)\n(302,954)\n-\n1,021,535\n공구와비품\n4,974,124\n2,083,063\n-\n(68,029)\n(1,490,000)\n371,091\n5,870,249\n공급설비(*)\n360,146,005\n-\n-\n608,799\n(19,149,713)\n49,179,385\n390,784,476\n열공급설비\n11,744,226\n-\n-\n-\n(1,114,303)\n-\n10,629,923\n전기공급설비\n9,392,894\n28,558\n-\n(1,946,187)\n(724,982)\n1,014,749\n7,765,032\n임차점포시설물\n200,583\n-\n-\n-\n(126,488)\n-\n74,095\n건설중인자산\n3,839,246\n54,587,290\n-\n-\n-\n(55,443,176)\n2,983,360\n기타의 유형자산\n793,097\n-\n(772,597)\n-\n-\n-\n20,500\n계\n476,859,003\n57,877,515\n(2,580,005)\n(1,556,963)\n(24,418,556)\n-\n506,180,994\n(*) 토지, 건물, 기계장치 및 공급설비 중 일부는 차입금 등과 관련하여 금융기관에 담보로 제공되어 있습니다(주석31\xa0참조).(2) 전기\n구분\n기초\n취득\n처분 등\n감가상각\n본계정대체\n기말\n토지(*)\n61,591,637\n174,706\n-\n-\n-\n61,766,343\n건물(*)\n18,116,251\n133,561\n-\n(786,702)\n-\n17,463,110\n구축물\n735,875\n6,789\n-\n(91,508)\n-\n651,156\n기계장치(*)\n5,308,426\n196,360\n(6)\n(615,541)\n217,287\n5,106,526\n차량운반구\n494,431\n526,118\n(3,791)\n(235,065)\n-\n781,693\n공구와비품\n3,502,962\n775,263\n(14,074)\n(1,201,218)\n1,911,191\n4,974,124\n공급설비(*)\n345,968,472\n-\n(455,514)\n(30,899,008)\n45,532,055\n360,146,005\n열공급설비\n12,322,154\n11,219\n-\n(1,099,104)\n509,957\n11,744,226\n전기공급설비\n10,007,746\n105,424\n-\n(759,833)\n39,557\n9,392,894\n임차점포시설물\n328,051\n-\n(1)\n(127,467)\n-\n200,583\n건설중인자산\n5,657,403\n46,391,890\n-\n-\n(48,210,047)\n3,839,246\n기타의 유형자산\n816,465\n36,005\n-\n(59,373)\n-\n793,097\n계\n464,849,873\n48,357,335\n(473,386)\n(35,874,819)\n-\n476,859,003\n(*) 토지, 건물, 기계장치 및 공급설비 중 일부는 차입금 등과 관련하여 금융기관에 담보로 제공되어 있습니다(주석31\xa0참조).13. 리스 :연결회사가 리스이용자인 경우의 리스에 대한 정보는 다음과 같습니다. (1) 연결재무상태표에 인식된 금액리스와 관련해 연결재무상태표에 인식된 금액은 다음과 같습니다(단위: 천원).\n구 분\n당기말\n당기초\n사용권자산\n부동산\n2,081,067\n1,732,847\n도로점용료\n21,094,025\n21,428,196\n정압실임차료\n1,412,563\n1,342,952\nCNG충전부지임차료\n204,087\n330,777\n합계\n24,791,742\n24,834,772\n구 분\n당기말\n당기초\n리스부채\n유동\n2,625,484\n2,047,242\n비유동\n22,470,811\n22,728,762\n합계\n25,096,295\n24,776,004\n당기 중 증가된 사용권자산은 2,803백만원입니다.(2) 연결손익계산서에 인식된 금액리스와 관련해 연결손익계산서에 인식된 금액은 다음과 같습니다(단위: 천원).\n구 분\n당기\n사용권자산의 감가상각비\n\u3000\n\xa0 부동산\n1,005,986\n\xa0 기타\n1,841,036\n합계\n2,847,022\n리스부채에 대한 이자비용(금융원가에 포함)\n861,006\n단기리스료(매출원가 및 관리비에 포함)\n111,714\n단기리스가 아닌 소액자산 리스료(관리비에 포함)\n35,627\n당기 중 리스의 총 현금유출은 2,683백만원입니다.(3) 리스부채 만기분석당기말 현재 리스부채의 만기내역은 다음과 같습니다(단위: 천원).\n구 분\n당기말\n1년이내\xa0\n2,652,152\n1년초과 2년이내\xa0\n2,320,924\n2년초과\xa0\n20,155,485\n합계\n25,128,561\n14. 무형자산 :가. 무형자산 변동내역 - 당기와 전기 중 무형자산의 변동내역은 다음과 같습니다(단위: 천원).\n(1) 당기\n구분\n기초\n증가\n처분 등\n상각\n손상\n기말\n취득원가\n상각누계액\n손상차손누계액\n사용수익기부자산\n1,574,774\n-\n-\n(312,879)\n-\n1,261,895\n4,458,033\n(3,196,138)\n-\n영업권\n1,122,308\n-\n-\n-\n-\n1,122,308\n1,122,308\n-\n-\n개발비\n554,704\n43,000\n-\n(163,592)\n-\n434,112\n1,153,752\n(719,640)\n-\n회원권\n901,624\n36,726\n(110,440)\n-\n(21,975)\n805,935\n960,937\n-\n(155,002)\n기타의무형자산\n1,728\n-\n-\n(1,719)\n-\n9\n42,373\n(42,364)\n-\n계\n4,155,138\n79,726\n(110,440)\n(478,190)\n(21,975)\n3,624,259\n7,737,403\n(3,958,142)\n(155,002)\n(2) 전기\n구분\n기초\n증가\n처분 등\n상각\n기말\n취득원가\n상각누계액\n손상차손누계액\n사용수익기부자산\n1,968,269\n-\n-\n(393,495)\n1,574,774\n5,203,733\n(3,628,959)\n-\n영업권\n1,122,308\n-\n-\n-\n1,122,308\n1,122,308\n-\n-\n개발비\n843,200\n389,269\n(242,769)\n(434,996)\n554,704\n2,663,803\n(2,109,099)\n-\n회원권\n944,483\n-\n(3,800)\n(39,059)\n901,624\n1,034,651\n-\n(133,027)\n기타의무형자산\n5,231\n-\n-\n(3,503)\n1,728\n1,048,423\n(1,046,695)\n-\n계\n4,883,491\n389,269\n(246,569)\n(871,053)\n4,155,138\n11,072,918\n(6,784,753)\n(133,027)\n나. 영업권 손상검사 - \n연결회사는 매년 영업권에 대한 손상검사를 수행하고 있습니다. 손상평가 수행결과,\xa0현금창출단위의 장부가액이 회수가능액을 초과하지는 않을 것으로 판단하고 있습니다. \n15. 투자부동산 :당기와 전기 중 투자부동산의 변동내역은 다음과 같습니다(단위: 천원).가. 당기 -\n구분\n기초\n취득\n처분\n감가상각\n기말\n취득원가\n감가상각누계액\n토지\n543,553\n-\n-\n-\n543,553\n543,553\n-\n건물\n1,293,851\n-\n-\n(84,622)\n1,209,229\n2,461,113\n(1,251,884)\n계\n1,837,404\n-\n-\n(84,622)\n1,752,782\n3,004,666\n(1,251,884)\n나. 전기 -\n구분\n기초\n취득\n처분\n감가상각\n기말\n취득원가\n감가상각누계액\n토지\n543,553\n-\n-\n-\n543,553\n543,553\n-\n건물\n1,378,473\n-\n-\n(84,622)\n1,293,851\n2,461,113\n(1,167,262)\n계\n1,922,026\n-\n-\n(84,622)\n1,837,404\n3,004,666\n(1,167,262)\n16. 관계기업 투자 :보고기간종료일 현재 관계기업 투자의 세부내역은 다음과 같습니다(단위 : 천원).가. 관계기업 투자 현황 -\xa0\n기업명\xa0\n소유지분율 (%)\n주된 사업장\n사용재무제표일\xa0\n관계기업 활동의 성격 등\xa0\n당기말\xa0\n전기말\xa0\n서울도시가스㈜\n22.60\xa0\n22.60\xa0\n한국\n12월 31일\n\u3000\n연구개발특구일자리창출투자펀드\n13.50\xa0\n13.50\xa0\n한국\n12월 31일\n(*1)\n대구그린에너지센터㈜\n7.14\xa0\n7.14\xa0\n한국\n12월 31일\n(*2)\n대성세컨더리투자조합\n20.00\xa0\n20.00\xa0\n한국\n12월 31일\n\u3000\nJeremiah 111, LLC\n-\xa0\n50.00\xa0\n미국\n12월 31일\n(*4)\nDaesung America Inc.\n38.96\xa0\n-\xa0\n미국\n12월 31일\n(*4)\n신한은행-대성문화콘텐츠투자조합\n28.59\xa0\n28.59\xa0\n한국\n12월 31일\n\u3000\n대성 글로벌위너 청년창업 투자조합\n36.67\xa0\n36.67\xa0\n한국\n12월 31일\n\u3000\n대성 따뜻한 임팩트 투자조합\n30.00\xa0\n-\xa0\n한국\n12월 31일\n(*3)\n대성CT투자조합\n10.26\xa0\n10.26\xa0\n한국\n12월 31일\n(*1)\n대성 상생 투자조합\n7.14\xa0\n7.14\xa0\n한국\n12월 31일\n(*1)\nIBK-대성 문화콘텐츠 강소기업 투자조합\n10.00\xa0\n10.00\xa0\n한국\n12월 31일\n(*1)\nIBK-대성 위풍당당 강소콘텐츠 코리아 투자조합\n13.33\xa0\n13.33\xa0\n한국\n12월 31일\n(*1)\nK-Innovation 수산전문투자조합\n15.00\xa0\n15.00\xa0\n한국\n12월 31일\n(*1)\n대성창업투자 신탁형 벤처투자조합\n13.00\xa0\n13.00\xa0\n한국\n12월 31일\n(*1)\n대성 블라썸 일자리 투자조합\n23.59\xa0\n23.59\xa0\n한국\n12월 31일\n\u3000\n대성 굿무비 투자조합\n5.88\xa0\n5.88\xa0\n한국\n12월 31일\n(*1)\n(*1) 조합출자금에 대한 회사의 지분율이 20%미만이지만, 업무집행조합원으로 유의적인 영향력을 행사하는 것으로 판단하여 지분법으로 평가하고 있습니다.(*2) 연결회사의 보유지분율은 20%미만이나 이사회 참여를 통하여 유의적인 영향력을 보유하는 것으로 판단하여 지분법으로 평가하고 있습니다.(*3) 당기중 신설되었습니다.(*4) 전기말 종속기업이었던 Daesung America Inc.가 지분율 변동으로 관계기업투자로 계정분류되었으며, Daesung America Inc.의 관계기업인 Jeremiah 111, LLC은 관계기업에서 제외되었습니다.\n나. 지분법 평가내역 -(1) 당기\xa0 \xa0 \xa0 \xa0 \xa0 \xa0 \xa0 \xa0 \xa0 \xa0 \xa0 \xa0 \xa0 \xa0 \xa0 \xa0 \xa0 \xa0 \xa0 \xa0 \xa0 \xa0 \xa0 \xa0 \xa0 \xa0 \xa0 \xa0 \xa0 \xa0 \xa0 \xa0 \xa0 \xa0 \xa0 \xa0 \xa0 \xa0 \xa0 \xa0 \xa0 \xa0 \xa0 \xa0 \xa0 \xa0 (단위: 천원)\n기업명\n당기초\n연결범위\n\xa0변동\n취득\n지분법평가\n당기말\n지분법손익\n(*1)\n기타포괄손익 등\n배당금수령\n반환 등\n서울도시가스㈜\n223,208,469\n-\n-\n8,488,510\n(599,455)\n(1,977,500)\n-\n229,120,024\n연구개발특구일자리창출투자펀드\n10,518,353\n-\n-\n(586,177)\n56,564\n-\n(2,835,000)\n7,153,740\n대구그린에너지센터㈜\n1\n-\n-\n-\n-\n-\n-\n1\n대성세컨더리투자조합\n3,132,088\n-\n-\n(7,552)\n-\n-\n-\n3,124,536\nJeremiah 111, LLC\n96,761\n(96,761)\n-\n-\n-\n-\n-\n-\n신한은행-대성문화콘텐츠투자조합\n1,624,710\n-\n-\n(11,038)\n-\n-\n-\n1,613,672\n대성 글로벌위너 청년창업 투자조합\n4,265,748\n-\n729,500\n26,450\n-\n-\n(152,000)\n4,869,698\nDaesung America Inc.\n-\n1,468,385\n-\n(278,115)\n12,614\n-\n-\n1,202,884\n대성 따뜻한 임팩트 투자조합\n-\n-\n1,620,000\n(46,905)\n-\n-\n-\n1,573,095\n대성CT투자조합\n744,287\n-\n-\n(99,876)\n-\n-\n(553,846)\n90,565\n대성 상생 투자조합\n3,052,241\n-\n-\n-\n-\n-\n(3,052,241)\n-\nIBK-대성 문화콘텐츠 강소기업 투자조합\n267,757\n-\n-\n-\n-\n-\n(267,757)\n-\nIBK-대성 위풍당당 강소콘텐츠 코리아 투자조합\n990,651\n-\n600,000\n142,211\n-\n-\n-\n1,732,862\nK-Innovation 수산전문투자조합\n1,443,511\n-\n765,000\n211,878\n-\n-\n-\n2,420,389\n대성창업투자 신탁형 벤처투자조합\n1,226,407\n-\n-\n(320,025)\n-\n-\n-\n906,382\n대성 블라썸 일자리 투자조합\n1,386,015\n-\n2,840,000\n(229,212)\n-\n-\n-\n3,996,803\n대성 굿무비 투자조합\n397,825\n-\n300,000\n(14,219)\n-\n-\n-\n683,606\n합\xa0 계\n252,354,824\n1,371,624\n6,854,500\n7,275,930\n(530,277)\n(1,977,500)\n(6,860,844)\n258,488,257\n(*1) 지분법손익 중 일부는 투자수익에 포함되어 있습니다.(2) 전기\xa0 \xa0 \xa0 \xa0 \xa0 \xa0 \xa0 \xa0 \xa0 \xa0 \xa0 \xa0 \xa0 \xa0 \xa0 \xa0 \xa0 \xa0 \xa0 \xa0 \xa0 \xa0 \xa0 \xa0 \xa0 \xa0 \xa0 \xa0 \xa0 \xa0 \xa0 \xa0 \xa0 \xa0 \xa0 \xa0 \xa0 \xa0 \xa0 \xa0 \xa0 \xa0 \xa0 \xa0 \xa0 \xa0 (단위: 천원)\n기업명\n당기초\n취득\n지분법평가\n당기말\n지분법손익(*1)\n기타포괄손익 등\n배당금수령\n반환 등(*2)\n서울도시가스㈜\n214,081,927\n-\n12,038,872\n(996,796)\n(1,977,500)\n61,966\n223,208,469\n연구개발특구일자리창출투자펀드\n10,528,245\n-\n4,362,006\n91,372\n-\n(4,463,270)\n10,518,353\n대구그린에너지센터㈜\n1,115,480\n-\n(1,115,479)\n-\n-\n-\n1\n대성세컨더리투자조합\n3,647,756\n-\n(115,668)\n-\n-\n(400,000)\n3,132,088\nJeremiah 111, LLC\n91,007\n25,393\n(19,639)\n-\n-\n-\n96,761\n신한은행-대성문화콘텐츠투자조합\n1,303,526\n600,000\n(278,816)\n-\n-\n-\n1,624,710\n대성 글로벌위너 청년창업 투자조합\n1,098,050\n3,300,000\n(132,302)\n-\n-\n-\n4,265,748\n바이넥스트 CT2호 투자조합\n95,000\n-\n-\n-\n-\n(95,000)\n-\nKoFC-대성 Pioneer Champ 2010-2호 벤처투자조합\n1,069,842\n-\n-\n-\n(1,102,213)\n32,371\n-\n대성CT투자조합\n952,457\n-\n(233,722)\n-\n-\n25,552\n744,287\n대성 상생 투자조합\n3,017,191\n-\n35,050\n-\n-\n-\n3,052,241\nIBK-대성 문화콘텐츠 강소기업 투자조합\n486,629\n-\n(38,841)\n-\n-\n(180,031)\n267,757\nIBK-대성 위풍당당 강소콘텐츠 코리아 투자조합\n1,136,273\n-\n(172,290)\n-\n-\n26,668\n990,651\nK-Innovation 수산전문투자조합\n1,226,916\n300,000\n(83,405)\n-\n-\n-\n1,443,511\n대성창업투자 신탁형 벤처투자조합\n620,018\n650,000\n(43,611)\n-\n-\n-\n1,226,407\n대성 블라썸 일자리 투자조합\n-\n1,420,000\n(33,985)\n-\n-\n-\n1,386,015\n대성 굿무비 투자조합\n-\n400,000\n(2,175)\n-\n-\n-\n397,825\n합\xa0 계\n240,470,317\n6,695,393\n14,165,995\n(905,424)\n(3,079,713)\n(4,991,744)\n252,354,824\n(*1) 지분법손익 중 일부는 투자수익에 포함되어 있습니다.(*2) 조합의 기업회계기준서 제1109호 적용으로 인한 자본항목구성의 기초잔액 변동을 반영하였습니다.다. 관계기업의 요약재무정보 -\xa0\n\xa0(1) 당기 및 당기말\xa0 \xa0 \xa0 \xa0 \xa0 \xa0 \xa0 \xa0 \xa0 \xa0 \xa0 \xa0 \xa0 \xa0 \xa0 \xa0 \xa0 \xa0 \xa0 \xa0 \xa0 \xa0 \xa0 \xa0 \xa0 \xa0 \xa0 \xa0 \xa0 \xa0 \xa0 \xa0 \xa0 \xa0 \xa0 \xa0 \xa0 \xa0\xa0 (단위: 천원)\n기업명\xa0\n관계기업의 당기 요약재무정보\n관계기업에서수령한 배당금\n유동자산\n비유동자산\n유동부채\n비유동부채\n수익\n영업손익\n기타포괄손익\n총포괄손익\n서울도시가스㈜\n735,450,340\n847,951,735\n331,602,617\n283,982,560\n1,361,002,172\n10,457,974\n(2,062,477)\n27,401,590\n1,977,500\n연구개발특구일자리창출투자펀드\n12,247,624\n47,925,668\n7,182,629\n-\n13,559,233\n(4,342,046)\n418,994\n(3,923,052)\n-\n대구그린에너지센터㈜\n11,713,679\n110,498,444\n17,792,229\n117,361,000\n15,144,581\n(4,408,460)\n-\n(10,926,216)\n-\n대성세컨더리투자조합\n2,604,181\n14,658,103\n1,639,603\n-\n796,814\n(37,755)\n-\n(37,755)\n-\n신한은행-대성 문화콘텐츠 투자조합\n3,795,977\n1,886,876\n35,000\n-\n564,202\n(38,630)\n-\n(38,630)\n-\n대성 글로벌위너 청년창업 투자조합\n2,178,586\n11,202,043\n99,637\n-\n462,065\n72,136\n-\n72,136\n-\nDaesung America Inc.\n1,167,480\n3,399,882\n1,477,182\n2,779\n79,022\n(103,922)\n-\n(156,074)\n-\n대성 따뜻한 임팩트 투자조합\n1,437,245\n3,900,154\n93,750\n-\n8,552\n(156,350)\n-\n(156,350)\n-\n대성CT투자조합\n1,057,967\n65,955\n240,918\n-\n1,468,087\n(973,795)\n-\n(973,795)\n-\nTV조선-대성 상생 투자조합\n-\n-\n-\n-\n149,741\n146,323\n-\n146,323\n-\nIBK-대성 문화콘텐츠 강소기업 투자조합\n-\n-\n-\n-\n1,221,178\n(1,082,127)\n-\n(1,082,127)\n-\nIBK-대성 위풍당당 강소콘텐츠 코리아 투자조합\n1,593,720\n12,337,347\n112,123\n-\n453,570\n46,991\n-\n46,991\n-\nK-Innovation 수산전문투자조합\n1,910,172\n15,627,955\n727,347\n-\n1,205,188\n687,368\n-\n687,368\n-\n대성창업투자 신탁형 벤처투자조합\n1,178,543\n8,470,862\n43,023\n-\n13,975\n(320,025)\n-\n(320,025)\n-\n대성 블라썸 일자리 투자조합\n2,401,960\n15,158,030\n154,718\n-\n43,595\n(570,188)\n-\n(570,188)\n-\n대성 굿무비 투자조합\n7,901,654\n3,804,649\n85,000\n-\n104,279\n(241,725)\n-\n(241,725)\n-\n\xa0\n(2) 전기 및 전기말\xa0 \xa0 \xa0 \xa0 \xa0 \xa0 \xa0 \xa0 \xa0 \xa0 \xa0 \xa0 \xa0 \xa0 \xa0 \xa0 \xa0 \xa0 \xa0 \xa0 \xa0 \xa0 \xa0 \xa0 \xa0 \xa0 \xa0 \xa0 \xa0 \xa0 \xa0 \xa0 \xa0 \xa0 \xa0 \xa0 \xa0 \xa0\xa0 (단위: 천원)\n기업명\xa0\n관계기업의 전기 요약재무정보\n관계기업에서 수령한 배당금\n유동자산\n비유동자산\n유동부채\n비유동부채\n수익\n영업손익\n기타포괄손익\n총포괄손익\n서울도시가스㈜\n599,363,050\n769,257,469\n196,089,669\n225,028,541\n1,388,970,384\n4,342,030\n(3,608,460)\n38,181,457\n1,977,500\n연구개발특구일자리창출투자펀드\n12,091,339\n73,217,877\n7,395,501\n-\n42,613,319\n32,311,151\n676,830\n32,987,981\n-\n대구그린에너지센터㈜\n9,733,061\n119,968,992\n8,585,944\n123,131,000\n14,339,830\n(2,469,965)\n-\n(8,720,235)\n-\n대성세컨더리투자조합\n1,680,536\n15,642,467\n1,662,567\n-\n278,778\n(578,340)\n-\n(578,340)\n-\nJeremiah 111, LLC\n2,228\n192,537\n-\n-\n-\n(39,273)\n-\n(39,273)\n-\n신한은행-대성 문화콘텐츠 투자조합\n3,125,775\n2,598,760\n38,053\n-\n359,247\n(975,859)\n-\n(975,859)\n-\n대성 글로벌위너 청년창업 투자조합\n3,531,819\n8,200,895\n98,859\n-\n20,485\n(360,824)\n-\n(360,824)\n-\n대성CT투자조합\n4,898,357\n2,463,062\n104,620\n-\n175,548\n(2,278,788)\n-\n(2,278,788)\n-\nTV조선-대성 상생 투자조합\n42,787,972\n-\n56,600\n-\n784,658\n490,697\n-\n490,697\n-\nIBK-대성 문화콘텐츠 강소기업 투자조합\n623,389\n2,272,608\n218,425\n-\n1,631,607\n(331,180)\n-\n(331,180)\n-\nIBK-대성 위풍당당 강소콘텐츠 코리아 투자조합\n1,758,418\n7,594,471\n80,936\n-\n159,232\n(636,875)\n-\n(636,875)\n-\nK-Innovation 수산전문투자조합\n1,982,177\n9,046,488\n5,253\n-\n30,860\n(430,421)\n-\n(430,421)\n-\n대성창업투자 신탁형 벤처투자조합\n1,803,953\n8,165,477\n43,023\n-\n34,236\n(123,795)\n-\n(123,795)\n-\n대성 블라썸 일자리 투자조합\n3,227,182\n2,800,028\n91,750\n-\n7,539\n(84,540)\n-\n(84,540)\n-\n대성 굿무비 투자조합\n6,615,285\n200,000\n52,257\n-\n15,615\n(36,972)\n-\n(36,972)\n-\n라. 지분법 적용의 중지로 인하여 인식하지 못한 누적 미반영 지분변동액은 다음과 같습니다.\n(단위: 천원)\xa0\n회사명\n당기\n전기\n미반영 손실\n미반영 손실 누계액\n미반영 손실\n미반영 손실 누계액\n대구그린에너지센터㈜\n438,337\n923,371\n485,034\n485,034\n마. 시장성 있는 관계기업 투자의 공정가치 -\xa0\n구분\xa0\n기업명\xa0\n당기말\xa0\n전기말\xa0\n시장가치\n장부가액\n시장가치\n장부가액\n관계기업\n서울도시가스㈜\n79,778,000\n229,120,024\n96,502,000\n223,208,469\n바. 비연결 구조화 기업에 대한 지분 - (1) 비연결구조화기업의 주요 특성보고기간종료일 현재 연결회사가 보유한 비연결구조화기업의 주요 특성은 다음과 같습니다.\n구\xa0 분\xa0\n성격, 목적, 활동 등\n한국벤처투자조합\n연구개발특구 일자리창출투자펀드, 대성 세컨더리 투자조합, 대성 따뜻한 임팩트 투자조합은 중소기업 육성을 목적으로 벤처기업 육성에 관한 특별조치법에 의해 조성된 한국벤처투자조합으로서, 투자자금을 사모로 조달하고 발생하는 수익을 투자 조합원들 간에 배분하는 구조입니다. 회사는 벤처투자조합에 대한 유한책임조합원으로, 해당 투자조합의 가치 하락 시 원금 손실의 위험이 있습니다.\n창업투자조합\n대성CT투자조합, 대성 상생 투자조합, 신한은행-대성 문화콘텐츠 투자조합, IBK-대성 위풍당당 강소콘텐츠 코리아 투자조합, 대성창업투자 신탁형 벤처투자조합, 대성 글로벌위너 청년창업 투자조합, 대성 블라썸 일자리 투자조합, 대성 굿무비 투자조합은 중소기업의 설립을 촉진하고 중소기업의 건전한 발전을 목적으로 중소기업창원지원법에 의해 조성된 창업투자조합으로, 투자자금을 사모로 조달하고 발생하는 수익을 투자 조합원들 간에 배분하는 구조입니다. 회사는 창업투자조합에 대한 유한책임조합원으로, 해당 투자조합의 가치 하락 시 원금 손실의 위험이 있습니다.\n농식품투자조합\nK-Innovation 수산전문투자조합은 농림수산식품산업에 대한 투자를 촉진하고, 농림수산식품산업의 규모화 및 경쟁력 강화를 목적으로 농림수산식품투자조합 결성 및 운용에 관한 법률에 의해 조성된 농식품투자조합입니다. 회사는 농식품투자조합에 대한 유한책임조합원으로, 해당 투자조합의 가치 하락 시 원금 손실의 위험이 있습니다.\n(2) 비연결구조화기업의 규모 및 위험보고기간종료일 현재 비연결구조화기업의 규모 및 비연결구조화기업에 대한 연결회사의 지분과 관련된 위험의 성격은 다음과 같습니다(단위 : 천원).\n구\xa0 분\xa0\n당기말\n전기말\n비연결구조화기업의 자산총액\n173,345,271\n216,328,335\n재무상태표에 인식된 자산\n관계기업 투자주식\n28,165,347\n29,049,591\n최대 노출금액 (*1)\n28,165,347\n29,049,591\n(*1) 최대 노출금액은 재무제표에 인식한 투자자산 금액입니다.\n17. 차입금 및 사채 :보고기간종료일 현재 차입금 및 사채의 내역은 다음과 같습니다(단위: 천원).가. 단기차입금 -\n구분\n차입처\n연이자율(%)\n당기말\n전기말\n2019.12.31\n일반자금대출\n신한은행 외\n2.64 ~ 2.69\n45,000,000\n20,000,000\n할인어음\n-\xa0\n-\n-\n133,912\n계\n\u3000\n\u3000\n45,000,000\n20,133,912\n나. 장기차입금 -\n구분\n차입처\n연이자율(%)\n당기말\n전기말\n2019.12.31\n석유사업기금\nKB국민은행 등\n3.00\xa0\n2,629,400\n3,321,600\n안전관리기금\nKB국민은행 등\n1.75\xa0\n2,160,600\n2,516,500\n에너지기금\nKEB외환은행\n3.00\xa0\n1,398,540\n2,145,580\n천연가스기금\nKEB외환은행 등\n1.25\xa0\n2,839,150\n3,630,950\n시설자금\n김영훈\n-\xa0\n-\n1,388,750\n소계\n\u3000\n\u3000\n9,027,690\n13,003,380\n차감: 유동성대체분\n\u3000\n\u3000\n(2,306,520)\n(2,586,940)\n차감: 현재가치할인차금\n\u3000\n\u3000\n(526,862)\n(715,768)\n차감계\n\u3000\n\u3000\n6,194,308\n9,700,672\n다. 사채 -\n구분\n연이자율(%)\n당기말\n전기말\n2019.12.31\n제9회무보증사채\n-\xa0\n-\n60,000,000\n제10회무보증사채\n2.30\xa0\n40,000,000\n40,000,000\n제11회무보증사채\n2.92\xa0\n50,000,000\n50,000,000\n제5회무보증사채\n2.87\xa0\n50,000,000\n50,000,000\n사채할인발행차금\n\u3000\n(153,528)\n(335,285)\n소계\n\u3000\n139,846,472\n199,664,715\n차감: 유동성대체분\n\u3000\n(39,992,187)\n(59,989,129)\n차감계\n\u3000\n99,854,285\n139,675,586\n라. 비유동 차입부채의 공정가치 -\n구분\n당기말\n전기말\n장부가액\n공정가치(*)\n장부가액\n공정가치(*)\n차입금\n6,194,308\n6,600,791\n9,700,672\n10,197,670\n사채\n99,854,285\n101,412,178\n139,675,586\n141,173,365\n계\n106,048,593\n108,012,969\n149,376,258\n151,371,035\n(*) 장기차입금 및 사채의 공정가치는 미래에 기대되는 유출 현금흐름의 명목가액을 시장이자율로 할인하여 산출하였습니다. 시장이자율은 연결회사의 차입금, 사채와 동일한 신용등급과 만기를 보유한 회사채의 이자율을 이용하였습니다.18.\xa0순확정급여부채\xa0:\n보고기간종료일 현재\xa0순확정급여부채\xa0관련 내역은 다음과 같습니다(단위: 천원).가.\xa0순확정급여부채\xa0산정내역 -\xa0\n구\xa0 \xa0\xa0 분\xa0\n당기말\n전기말\n확정급여채무의 현재가치\n56,011,028\n48,568,713\n사외적립자산의 공정가치\n(48,033,415)\n(41,851,776)\n계\n7,977,613\n6,716,937\n나. 확정급여제도 관련 인식 손익 -\n구분\n당기\n전기\n당기근무원가\n6,544,996\n5,761,658\n이자원가\n1,210,337\n1,102,618\n사외적립자산 이자수익\n(1,132,968)\n(1,210,387)\n계\n6,622,365\n5,653,889\n다. 확정급여채무의 변동내역 -\n구분\n당기\n전기\n기초금액\n48,568,713\n41,984,161\n당기근무원가\n6,544,996\n5,761,658\n이자원가\n1,210,337\n1,102,618\n재측정요소\n- 인구통계적가정의 변동으로 인한 보험수리적손익\n949,206\n1,143,415\n- 재무적가정의 변동으로 인한 보험수리적손익\n88,406\n(16,257)\n- 경험적조정으로 인한 보험수리적손익\n2,795,111\n974,367\n지급액(*)\n(4,145,741)\n(2,381,249)\n기말금액\n56,011,028\n48,568,713\n(*) 관계사 전출입 포함라. 사외적립자산의 공정가치 변동내역 -\n구분\n당기\n전기\n기초금액\n41,851,776\n36,737,750\n이자수익\n1,132,968\n1,210,387\n재측정요소\n- 사외적립자산의 수익(이자수익에 포함된 금액 제외)\n(334,142)\n(507,787)\n사외적립자산 납입액(*)\n11,031,224\n5,932,844\n지급액(*)\n(5,648,411)\n(1,521,418)\n보고기간말 금액\n48,033,415\n41,851,776\n(*) 관계사 전출입 포함마. 사외적립자산의 유형별 공정가치 -\n구분\n당기말\n전기말\n금리연동형 원금보장 상품\n48,002,713\n41,818,013\n국민연금전환금\n30,702\n33,763\n계\n48,033,415\n41,851,776\n바. 보험수리적평가를 위하여 사용된 주요 추정 내역 -\n구분\n당기말\n전기말\n기대임금상승률\n1.27% ~ 6.36%\n1.28% ~ 6.26%\n할인율\n2.30% ~ 3.23%\n2.80% ~ 3.65%\n확정급여채무의 현재가치 계산을 위하여 사용한 할인율은 확정급여채무의 통화 및 예상지급시기와 일관성이 있는 우량회사채의 시장수익률을 참조하여 결정되었습니다.\xa0\n사. 주요 가정의 변동에 따른 당기 확정급여채무의 민감도 분석 -\n구분\n확정급여채무에 대한 영향\n가정의 변동\n가정의 증가\n가정의 감소\n할인율\n1.0%\n(2,227,304)\n1,913,921\n임금인상률\n1.0%\n2,533,192\n(1,764,636)\n상기의 민감도 분석은 다른 가정은 일정하다는 가정하에 산정되었습니다. 주요 보험수리적가정의 변동에 대한 확정급여채무의 민감도는 재무상태표에 인식된 확정급여채무 산정 시 사용한 예측단위접근법과 동일한 방법을 사용하여 산정되었습니다. 민감도 분석에 사용된 방법 및 가정은 전기와 동일합니다.아. 미래현금흐름에 대한 확정급여제도의 영향\xa0-연결회사는 기금의 적립수준을 매년 검토하고, 기금에 결손이 발생하는 경우 이를 보전하는 정책을 보유하고 있습니다. 2020년 12월 31일로 종료하는 회계연도의 예상기여금은 8,482백만원입니다.당기말 현재 할인되지 않은 연금 급여지급액의 만기 분석은 아래와 같습니다.\n구\xa0 \xa0\xa0 분\n1년미만\n1년~2년 미만\n2~5년 미만\n5년이상\n합계\n급여지급액\n7,451,194\n17,389,516\n12,895,297\n28,688,950\n66,424,957\n확정급여채무의 가중평균만기는\xa06.47년입니다.\n19. 이연수익 :당기 및 전기 중 이연수익의 변동내역은 다음과 같습니다(단위: 천원).가. 당기 -\n구분\n기초\n증가\n수익인식\n기말\n공사부담금\n76,804,926\xa0\n15,838,070\xa0\n(5,993,061)\n86,649,935\xa0\n정책자금\n715,768\xa0\n-\xa0\n(188,906)\n526,862\xa0\n계\n77,520,694\xa0\n15,838,070\xa0\n(6,181,967)\n87,176,797\xa0\n나. 전기 -\n구분\n기초\n증가\n수익인식\n기말\n공사부담금\n71,224,814\n10,611,685\n(5,031,573)\n76,804,926\n정책자금\n1,055,372\n-\n(339,604)\n715,768\n계\n72,280,186\n10,611,685\n(5,371,177)\n77,520,694\n20. 자본금 : \n보고기간종료일 현재 자본금의 내역은 다음과 같습니다.\n구분\n당기말\n전기말\n수권주식수\n100,000,000주\n100,000,000주\n주당금액\n1,000원\n1,000원\n발행주식수\n16,089,459주\n16,089,459주\n보통주자본금\n16,089,459천원\n16,089,459천원\n21. 이익잉여금 :보고기간종료일 현재 이익잉여금 중 법정적립금과 임의적립금의 세부내역은 다음과 같습니다(단위: 천원).\n구분\n당기말\n전기말\n법정적립금\n\xa0이익준비금\n8,044,730\n8,044,730\n\xa0기업발전적립금\n3,600,000\n3,600,000\n소 계\n11,644,730\n11,644,730\n임의적립금\n\xa0기타임의적립금\n98,600,000\n98,600,000\n소 계\n98,600,000\n98,600,000\n합 계\n110,244,730\n110,244,730\n이익준비금은 상법상 자본금의 50%에 달할 때까지 매결산기에 금전에 의한 이익배당액의 10% 이상을 이익준비금으로 적립하도록 규정되어 있으며, 동 이익준비금은 현금으로 배당할 수 없으나 주주총회의 결의에 의한 자본전입 또는 결손보전을 위해서는 사용이 가능합니다. 또한 법인세법 규정에 의하여 공제받은 법인세 상당액을 기업발전적립금으로 적립하고 있는 바, 이는 결손금보전 및 자본전입 이외의 목적으로는 처분할 수 없습니다.22. 고객과의 계약에서 생기는 수익 및 관련 계약자산과 계약부채 :가. 고객과의 계약에서 생기는 수익 -(1) 연결회사는 수익과 관련해 손익계산서에 다음 금액을 인식하였습니다(단위: 천원).\n구 분\n당기\n전기\n고객과의 계약에서 생기는 수익\n912,629,776\xa0\n901,857,389\xa0\n기타 원천으로부터의 수익: 투자수익 등\n5,938,134\xa0\n7,971,709\xa0\n총 수익\n918,567,910\xa0\n909,829,098\xa0\n연결회사는 다음의 주요 매출유형별로 재화나 용역을 기간에 걸쳐 이전하거나 한 시점에 이전함으로써 수익을 창출합니다(단위: 천원).가. 당기 -\n구분\n상품매출\n용역매출\n기타매출\n합계\n가스매출\n전기매출\n열매출\n기타매출\n외부고객으로부터 수익\n854,351,046\xa0\n7,556,083\xa0\n5,379,137\xa0\n608,266\xa0\n29,967,537\xa0\n14,767,707\xa0\n912,629,776\xa0\n수익인식 시점\n\u3000\n\u3000\n\u3000\n\u3000\n\u3000\n\u3000\n\u3000\n\xa0 한 시점에 인식\n854,351,046\xa0\n7,556,083\xa0\n5,379,137\xa0\n608,266\xa0\n-\xa0\n8,768,186\xa0\n876,662,718\xa0\n\xa0 기간에 걸쳐 인식\n-\xa0\n-\xa0\n-\xa0\n-\xa0\n29,967,537\xa0\n5,999,521\xa0\n35,967,058\xa0\n나. 전기 -\n구분\n상품매출\n용역매출\n기타매출\n합계\n가스매출\n전기매출\n열매출\n기타매출\n외부고객으로부터 수익\n842,765,044\xa0\n7,642,150\xa0\n5,214,242\xa0\n236,371\xa0\n32,380,352\xa0\n13,619,230\xa0\n901,857,389\xa0\n수익인식 시점\n\u3000\n\u3000\n\u3000\n\u3000\n\u3000\n\u3000\n\u3000\n\xa0 한 시점에 인식\n842,765,044\xa0\n7,642,150\xa0\n5,214,242\xa0\n236,371\xa0\n-\xa0\n6,681,259\xa0\n862,539,066\xa0\n\xa0 기간에 걸쳐 인식\n-\xa0\n-\xa0\n-\xa0\n-\xa0\n32,380,352\xa0\n6,937,971\xa0\n39,318,323\xa0\n기타매출 중 공사부담금은 도시가스공급규정에 의거 연결회사가 고객으로부터 이전받는 현금및현금성자산으로 연결회사는 한국채택국제회계기준 전환일 이후 수령한 공사부담금에 대하여 이연수익으로 인식 후 공급설비 내용연수에 걸쳐 수익으로 인식하고 있으며, 전환일 이전에 수령한 공사부담금은 경과규정에 따라 자산에서 차감 표시하고 해당 자산의 내용연수에 걸쳐 감가상각비와 상계하고 있습니다. 또한 계량기교체수익은 수령일에 선수수익으로 인식 후 계량기교체시점에 수익으로 인식하고 있습니다.나. 고객과의 계약과 관련된 부채 -\xa0 (1) 연결회사가 인식하고 있는 계약부채는 다음과 같습니다.(단위:천원).\n구분\n당기말\n전기말\n계약부채-공사부담금(*1)\n86,649,935\xa0\n76,804,926\xa0\n계약부채-계량기교체(*2)\n6,235,658\xa0\n5,823,699\xa0\n계약부채 합계\n92,885,593\xa0\n82,628,625\xa0\n(*1) 연결재무상태표상 이연수익으로 계상되어 있습니다.(*2) 연결재무상태표상 장기선수수익으로 계상되어 있습니다.(2) 당기에 인식한 수익 중 기초 계약부채와 관련된 금액은 다음과 같습니다(단위:천원).\xa0\n구분\n당기말\n전기말\n기초의 계약부채 잔액 중 당기에 인식한 수익\n기타매출(공사부담금 수익)\n5,993,061\xa0\n5,031,573\xa0\n기타매출(계량기교체 수익)\n2,445,723\xa0\n3,596,862\xa0\n기타매출(교육사업매출)\n-\xa0\n158,932\xa0\n23.\xa0판매비와관리비 :당기 및 전기의 판매비와관리비 내역은 다음과 같습니다(단위: 천원).\n구\xa0 \xa0 \xa0 \xa0 분\n당기\n전기\n급여\n20,837,387\xa0\n20,320,770\xa0\n퇴직급여\n1,972,166\xa0\n1,932,282\xa0\n복리후생비\n3,362,875\xa0\n3,367,280\xa0\n보건방역비\n237,164\xa0\n209,410\xa0\n여비교통비\n492,607\xa0\n472,665\xa0\n차량유지비\n752,720\xa0\n853,752\xa0\n통신비\n303,636\xa0\n316,706\xa0\n소모품비\n342,580\xa0\n313,942\xa0\n수선비\n364,679\xa0\n215,707\xa0\n도서인쇄비\n186,555\xa0\n198,335\xa0\n광고선전비\n964,229\xa0\n756,288\xa0\n제수수료\n3,331,789\xa0\n2,678,553\xa0\n요금고지수수료\n1,885,797\xa0\n3,189,280\xa0\n감가상각비\n8,612,125\xa0\n5,169,827\xa0\n무형자산상각비\n165,311\xa0\n133,311\xa0\n회의비\n6,939\xa0\n14,076\xa0\n회비\n495,506\xa0\n494,347\xa0\n교육훈련비\n335,337\xa0\n244,154\xa0\n보험료\n376,160\xa0\n324,093\xa0\n접대비\n307,773\xa0\n308,371\xa0\n세금과공과\n1,715,922\xa0\n1,628,601\xa0\n도로점용료\n89,464\xa0\n2,086,501\xa0\n수송비\n19,328\xa0\n26,320\xa0\n안전관리비\n6,233,082\xa0\n9,258,036\xa0\n배관유지비\n38,304,200\xa0\n47,882,211\xa0\nCNG관리비\n7,716,889\xa0\n7,638,941\xa0\n전산처리비\n13,692\xa0\n16,255\xa0\n수도광열비\n435,439\xa0\n456,141\xa0\n지급임차료\n136,176\xa0\n987,406\xa0\n대손상각비\n(33,657)\n59,553\xa0\n용구손료 등\n2,095,302\xa0\n2,763,943\xa0\n계\n102,059,172\xa0\n114,317,057\xa0\n24. 비용의 성격별 분류 :당기와 전기 중 발생한 비용의 성격별 분류는 다음과 같습니다(단위: 천원).\n가.\xa0당기 -\n구\xa0 \xa0\xa0 분\n판매비와 관리비\n매출원가\n건설중인자산\n계\n일반관리비\nCNG관리비\n안전관리비\n배관유지비\n소계\n재고자산의 증감\n-\xa0\n-\xa0\n-\xa0\n-\xa0\n-\xa0\n730,329,859\xa0\n4,279,345\xa0\n734,609,204\xa0\n급여\n20,837,387\xa0\n2,286,796\xa0\n3,822,731\xa0\n12,730,277\xa0\n39,677,191\xa0\n43,095,551\xa0\n3,064,325\xa0\n85,837,067\xa0\n퇴직급여\n1,972,166\xa0\n213,136\xa0\n341,001\xa0\n1,228,175\xa0\n3,754,478\xa0\n2,631,752\xa0\n280,366\xa0\n6,666,596\xa0\n제수수료 등\n5,217,586\xa0\n1,917,200\xa0\n56,621\xa0\n896,224\xa0\n8,087,631\xa0\n3,530,983\xa0\n63,933\xa0\n11,682,547\xa0\n지급임차료\n136,176\xa0\n-\xa0\n-\xa0\n12,391\xa0\n148,567\xa0\n306,826\xa0\n-\xa0\n455,393\xa0\n복리후생비\n3,362,875\xa0\n504,023\xa0\n734,786\xa0\n2,406,170\xa0\n7,007,854\xa0\n3,448,578\xa0\n520,500\xa0\n10,976,932\xa0\n감가상각비\n8,612,125\xa0\n484,165\xa0\n-\xa0\n15,627,883\xa0\n24,724,173\xa0\n2,541,405\xa0\n-\xa0\n27,265,578\xa0\n광고선전비\n964,229\xa0\n28,689\xa0\n185,194\xa0\n3,507\xa0\n1,181,619\xa0\n58,912\xa0\n-\xa0\n1,240,531\xa0\n통신수수료\n-\xa0\n-\xa0\n-\xa0\n-\xa0\n-\xa0\n360,667\xa0\n-\xa0\n360,667\xa0\n용역원가\n-\xa0\n-\xa0\n-\xa0\n-\xa0\n-\xa0\n1,400,140\xa0\n7,465,137\xa0\n8,865,277\xa0\n기타\n8,702,457\xa0\n2,282,880\xa0\n1,092,749\xa0\n5,399,573\xa0\n17,477,659\xa0\n2,685,587\xa0\n38,913,684\xa0\n59,076,930\xa0\n투자비용\n-\xa0\n-\xa0\n-\xa0\n-\xa0\n-\xa0\n2,250,832\xa0\n-\xa0\n2,250,832\xa0\n계\n49,805,001\xa0\n7,716,889\xa0\n6,233,082\xa0\n38,304,200\xa0\n102,059,172\xa0\n792,641,092\xa0\n54,587,290\xa0\n949,287,554\xa0\n나. 전기 -\n구\xa0 \xa0\xa0 분\n판매비와 관리비\n매출원가\n건설중인자산\n계\n일반관리비\nCNG관리비\n안전관리비\n배관유지비\n소계\n재고자산의 증감\n-\n-\n-\n-\n-\n717,154,520\n4,898,026\n722,052,546\n급여\n20,320,770\n2,200,099\n4,072,396\n11,544,962\n38,138,227\n37,403,798\n2,977,406\n78,519,431\n퇴직급여\n1,932,282\n135,168\n394,675\n1,066,235\n3,528,360\n1,824,767\n309,886\n5,663,013\n제수수료 등\n5,867,832\n1,602,124\n3,030,576\n719,035\n11,219,567\n3,486,273\n37,256\n14,743,096\n지급임차료\n987,406\n109,563\n-\n98,325\n1,195,294\n715,036\n-\n1,910,330\n복리후생비\n3,367,280\n472,794\n736,046\n2,195,143\n6,771,263\n4,836,891\n461,052\n12,069,206\n감가상각비\n5,169,827\n483,752\n-\n27,890,787\n33,544,366\n2,330,453\n-\n35,874,819\n광고선전비\n756,288\n31,187\n129,546\n372\n917,393\n66,731\n-\n984,124\n통신수수료\n-\n-\n-\n-\n-\n384,278\n-\n384,278\n용역원가\n-\n-\n-\n-\n-\n2,597,995\n5,106,254\n7,704,249\n기타\n11,136,184\n2,604,254\n894,797\n4,367,352\n19,002,587\n3,680,481\n32,602,007\n55,285,075\n투자비용\n-\n-\n-\n-\n-\n2,590,687\n-\n2,590,687\n계\n49,537,869\n7,638,941\n9,258,036\n47,882,211\n114,317,057\n777,071,910\n46,391,887\n937,780,854\n25.\xa0기타수익 및 비용 :당기와 전기의 기타수익 및 비용의 내역은 다음과 같습니다(단위: 천원).\n구\xa0 \xa0 \xa0 \xa0 분\n당기\n전기\n기타수익:\n\u3000\n\u3000\n수입배당금\n49,870\xa0\n71,530\xa0\n임대료수익\n209,526\xa0\n191,843\xa0\n용역수입\n950,059\xa0\n720,987\xa0\n단기금융상품평가이익\n-\xa0\n83,685\xa0\n단기금융상품처분이익\n-\xa0\n1,962,275\xa0\n당기손익-공정가치금융자산평가이익\n432,865\xa0\n-\xa0\n당기손익-공정가치금융자산처분이익\n1,307\xa0\n6,412\xa0\n유형자산처분이익\n1,395,980\xa0\n1,031,372\xa0\n무형자산처분이익\n-\xa0\n217,803\xa0\n대손충당금환입\n1,726\xa0\n2,127\xa0\n정부보조금수익\n188,906\xa0\n359,234\xa0\n잡이익\n3,886,114\xa0\n2,144,830\xa0\n종속기업투자처분이익\n189,579\xa0\n-\xa0\n계\n7,305,932\xa0\n6,792,098\xa0\n기타비용:\n\u3000\n\u3000\n기부금\n857,094\xa0\n1,266,640\xa0\n임대비용\n235,391\xa0\n215,606\xa0\n용역비용\n2,122,839\xa0\n2,176,776\xa0\n단기금융상품평가손실\n-\xa0\n274,130\xa0\n단기금융상품처분손실\n1,012\xa0\n138,648\xa0\n당기손익-공정가치금융자산평가손실\n628,492\xa0\n55,309\xa0\n당기손익-공정가치금융자산처분손실\n-\xa0\n128\xa0\n투자부동산감가상각비\n58,825\xa0\n58,825\xa0\n유형자산처분손실\n2,520,532\xa0\n307,277\xa0\n무형자산손상차손\n21,975\xa0\n39,059\xa0\n기타의대손상각비\n421,867\xa0\n327,625\xa0\n충당부채전입액\n4,172,000\xa0\n-\xa0\n무형자산처분손실\n14,987\xa0\n94,232\xa0\n잡손실\n232,448\xa0\n-\xa0\n계\n11,287,462\xa0\n4,954,255\xa0\n26. 법인세비용\xa0:가. 당기 및 전기의 계속사업 법인세비용의 구성요소는 다음과 같습니다(단위: 천원).\n구분\n당기\n전기\n법인세부담액\n6,106,232\xa0\n4,924,546\xa0\n일시적차이로 인한 이연법인세 변동액\n(729,141)\n1,194,899\xa0\n자본에 직접 가감된 이연법인세\n940,166\xa0\n199,050\xa0\n법인세비용\n6,317,257\xa0\n6,318,495\xa0\n나. 당기 및 전기 중 자본에 직접 가감된 이연법인세는 다음과 같습니다(단위: 천원).\n구분\n당기\n전기\n기타포괄손익-공정가치금융자산평가손익\n121,438\xa0\n44,498\xa0\n부의지분법자본변동\n(7,164)\n(173,901)\n순확정급여부채의 재측정요소\n825,892\xa0\n574,050\xa0\n회계정책변경효과 등\n-\xa0\n(245,597)\n계\n940,166\xa0\n199,050\xa0\n다. 당기 및 전기 중 계속사업 법인세비용차감전순이익과 법인세비용 간의 관계는 다음과 같습니다(단위: 천원).\n구\xa0 분\n당기\n전기\n법인세비용차감전순이익\n24,244,008\xa0\n30,097,624\xa0\n적용세율에 따른 법인세\n5,311,682\xa0\n6,599,477\xa0\n조정사항\n\xa0비과세수익\n(107,529)\n(862,747)\n\xa0비공제비용\n19,404\xa0\n198,965\xa0\n\xa0법인세추납액\n27\xa0\n-\xa0\n\xa0세액공제\n(20,691)\n-\n\xa0기타\n1,114,364\xa0\n382,800\xa0\n소계\n1,005,575\xa0\n(280,982)\n법인세비용\n6,317,257\xa0\n6,318,495\xa0\n유효세율\n26.1%\n21.0%\n라. 이연법인세자산(부채)의 증감내역은 다음과 같습니다(단위: 천원). (1) 당기\n구\xa0 분\n기초\xa0\n손익계산서\n기타포괄손익\n기말\xa0\n미수수익\n46,051\xa0\n21,291\xa0\n-\xa0\n67,342\xa0\n대손충당금\n12,950\xa0\n(31,468)\n-\xa0\n(18,518)\n계량기교체비\n1,137,294\xa0\n180,837\xa0\n-\xa0\n1,318,131\xa0\n단기매매증권평가이익\n(15,401)\n15,401\xa0\n-\xa0\n-\xa0\n장기투자증권감액손실\n133,311\xa0\n20,112\xa0\n-\xa0\n153,423\xa0\n매도가능증권\n50,657\xa0\n136,029\xa0\n-\xa0\n186,686\xa0\n단기매매증권\n362,915\xa0\n121,095\xa0\n-\xa0\n484,010\xa0\n지분법적용투자주식\n(32,353,524)\n(505,858)\n(7,164)\n(32,866,546)\n퇴직급여충당부채\n8,586,345\xa0\n(33,860)\n780,597\xa0\n9,333,082\xa0\n퇴직연금\n(8,529,088)\n(650,444)\n45,295\xa0\n(9,134,237)\n미사용연차수당\n346,243\xa0\n(31,710)\n-\xa0\n314,533\xa0\n공사부담금\n14,348,961\xa0\n1,162,448\xa0\n-\xa0\n15,511,409\xa0\n분담금 일시상각충당금\n(14,348,959)\n(1,162,448)\n-\xa0\n(15,511,407)\n미지급비용\n44,542\xa0\n9,821\xa0\n-\xa0\n54,363\xa0\n이월결손금\n257,595\xa0\n(257,595)\n-\xa0\n-\xa0\n기타\n510,208\xa0\n795,324\xa0\n121,438\xa0\n1,426,970\xa0\n합\xa0 계\n(29,409,900)\n(211,025)\n940,166\xa0\n(28,680,759)\n(2) 전기\n구\xa0 분\n기초\xa0\n손익계산서\n기타포괄손익\n기말\xa0\n미수수익\n88,918\n(42,867)\n-\n46,051\n대손충당금\n159,978\n(147,028)\n-\n12,950\n대손상각비\n-\n-\n-\n-\n계량기교체비\n476,648\n660,646\n-\n1,137,294\n단기매매증권평가이익\n-\n(15,401)\n-\n(15,401)\n장기투자증권감액손실\n133,311\n-\n-\n133,311\n매도가능증권\n298,932\n(230,044)\n(18,231)\n50,657\n단기매매증권\n591,873\n(228,958)\n-\n362,915\n지분법적용투자주식\n(30,538,601)\n(1,641,022)\n(173,901)\n(32,353,524)\n퇴직급여충당부채\n7,301,739\n760,149\n524,457\n8,586,345\n퇴직연금\n(7,169,662)\n(1,409,019)\n49,593\n(8,529,088)\n미사용연차수당\n255,632\n90,611\n-\n346,243\n공사부담금\n13,465,960\n883,001\n-\n14,348,961\n분담금 일시상각충당금\n(13,465,958)\n(883,001)\n-\n(14,348,959)\n미지급비용\n39,604\n4,938\n-\n44,542\n이월결손금\n-\n257,595\n-\n257,595\n기타\n146,625\n546,451\n(182,868)\n510,208\n합\xa0 계\n(28,215,001)\n(1,393,949)\n199,050\n(29,409,900)\n마. 보고기간종료일 현재 총액기준 이연법인세자산과 부채의 내역은 다음과 같습니다(단위: 천원).\n구분\n당기말\n전기말\n이연법인세자산\n\u3000\n\u3000\n\xa012개월 후에 결제될 이연법인세자산\n25,519,452\xa0\n24,642,186\xa0\n\xa012개월 이내에 결제될 이연법인세자산\n3,665,349\xa0\n1,322,909\xa0\n소계\n29,184,801\xa0\n25,965,095\xa0\n이연법인세부채\n\u3000\n\u3000\n\xa012개월 후에 결제될 이연법인세부채\n(57,847,042)\n(55,231,571)\n\xa012개월 이내에 결제될 이연법인세부채\n(18,518)\n(143,424)\n소계\n(57,865,560)\n(55,374,995)\n이연법인세자산(부채) 순액\n(28,680,759)\n(29,409,900)\n바. 보고기간말 현재 이연법인세자산(부채)로 인식하지 않은 차감(가산)할 일시적 차이의 내역은 다음과 같습니다(단위:천원).\xa0\xa0\n구\xa0 분\n당기말\n전기말\n사\xa0 유\n종속기업 투자지분\n(41,489,288)\n(38,716,821)\n미배당이익은 영구적으로 재투자예정\n종속기업 투자지분\n(19,687,064)\n(19,687,065)\n처분하지 않을 예정\n종속기업 투자지분\n14,486,051\xa0\n15,408,187\xa0\n미래과세소득의 불확실\n27. 충당부채 :충당부채의 내역 및 그 변동 내역은 다음과 같습니다(단위: 천원).\n구분\n당기말\n기초\xa0\n-\xa0\n손익계산서 증(감):\xa0\n\u3000\n\xa0추가 충당금전입\xa0\n4,172,000\xa0\n기말\n4,172,000\xa0\n유동항목\n4,172,000\xa0\n비유동항목\xa0\n-\xa0\n연결회사는 건설운영출자자로 출자한 대구그린에너지센터(주)에게 대주단이 원리금 상환에 문제가 있다고 판단할 경우 자금을 보충할 의무를 부담하고 있습니다.\xa0회사는자금보충의무를 부담할 가능성이 높다고 판단하여 총 한도금액(149억)에 건설운영출자비율을 고려하여 충당부채를 설정하였습니다(주석31 참조).28. 주당순이익 :\n당기 및 전기의 주당순이익 산출내역은 다음과 같습니다(단위: 원, 주).\n구분\n당기\n전기\n지배주주 보통주 당기순이익\n13,461,548,491\xa0\n19,534,191,467\xa0\n가중평균 유통보통주식수\n16,089,459\xa0\n16,089,459\xa0\n기본주당순이익\xa0\xa0\n\u3000\n\u3000\n\xa0 기본주당순이익\n837\xa0\n1,214\xa0\n연결회사는 당기 및 전기 중 잠재적 보통주가 존재하지 않으므로 희석주당순이익은 기본주당순이익과 동일합니다.29. 배당금 :2018년 12월 31일로 종료되는 회계기간에 대한 보통주 배당금 5,997백만원은 2019년 4월에 지급되었습니다(전기 지급액: 6,706백만원).\n30. 영업활동 현금흐름 :\n가. 현금및현금성자산의 구성내역 -보고기간종료일 현재 현금흐름표상 현금및현금성자산은 다음으로 구성되어 있습니다(단위: 천원).\n구\xa0\xa0 분\n당기말\n전기말\n현금\n33,134\xa0\n20,305\xa0\n보통예금\n7,749,849\xa0\n4,482,672\xa0\n기업자유예금\n216,008\xa0\n222,746\xa0\n기타현금성자산(*)\n40,132,624\xa0\n72,915,545\xa0\n계\n48,131,615\xa0\n77,641,268\xa0\n(*) 기타현금성자산은 요구불예금 및 취득일로부터 만기일이 3개월 이내인 정기예금, 환매조건부채권 등 확정된 금액으로 전환이 용이하고, 가치변동에 대한 위험이 경미한 자산으로 구성되어 있습니다.\n나. 영업활동으로부터 창출된 현금흐름 - 당기와 전기 중 영업활동으로부터 창출된 현금흐름은 다음과 같습니다(단위: 천원).\n구\xa0\xa0 분\n당기\n전기\n당기순이익\n17,926,751\n23,779,129\n조정 :\n\xa0법인세비용\n6,317,257\n6,318,495\n\xa0이자수익\n(2,942,160)\n(3,886,395)\n\xa0이자비용\n6,537,225\n6,600,138\n\xa0수입배당금\n(49,870)\n(71,530)\n\xa0퇴직급여\n6,622,365\n5,663,013\n\xa0감가상각비\n27,265,578\n35,874,819\n\xa0투자부동산감가상각비\n84,622\n84,622\n\xa0무형자산상각비 및 손상차손\n500,165\n871,053\n\xa0대손상각비(환입)\n(33,657)\n59,553\n\xa0유형자산처분이익\n(1,395,980)\n(1,031,372)\n\xa0유형자산처분손실\n2,520,532\n307,277\n\xa0단기금융상품평가이익\n-\n(83,685)\n\xa0단기금융상품평가손실\n-\n274,130\n\xa0단기금융상품처분이익\n-\n(1,962,275)\n\xa0단기금융상품처분손실\n1,012\n138,648\n\xa0당기손익-공정가치금융자산평가이익\n(432,865)\n-\n\xa0당기손익-공정가치금융자산평가손실\n628,492\n55,309\n\xa0당기손익-공정가치금융자산처분이익\n(1,307)\n(6,412)\n\xa0투자수익\n(2,115,308)\n(5,592,128)\n\xa0투자비용\n2,250,832\n2,590,815\n\xa0기타의대손상각비\n421,867\n327,625\n\xa0대손충당금환입\n(1,726)\n(2,127)\n\xa0외화환산손익\n(6,089)\n(5,418)\n\xa0지분법이익\n(8,490,686)\n(13,912,919)\n\xa0지분법손실\n549,364\n1,370,848\n\xa0보조금수익\n(6,181,967)\n(5,371,177)\n\xa0잡손실\n5,771\n-\n\xa0잡이익\n(25,671)\n(13,227)\n\xa0무형자산처분이익\n-\n(217,803)\n\xa0복리후생비\n570,452\n675,041\n\xa0무형자산처분손실\n14,987\n-\n\xa0충당부채전입액\n4,172,000\n-\n\xa0종속기업투자처분이익\n(189,579)\n-\n소계\n36,595,656\n29,054,918\n영업활동으로 인한 자산부채의 변동 :\n\xa0매출채권의 증감\n1,243,737\n3,207,538\n\xa0미수금의 증감\n(1,423,419)\n1,627,540\n\xa0미수수익의 증감\n(129,828)\n711,997\n\xa0선급금의 증감\n197,743\n372,025\n\xa0선급비용의 증감\n39,663\n(154,127)\n\xa0재고자산의 증감\n(116,931)\n867,817\n\xa0보증금의 증감\n409,377\n701,626\n\xa0매입채무의 증감\n758,532\n1,532,315\n\xa0미지급급의 증감\n(446,574)\n(581,332)\n\xa0선수금의 증감\n222,329\n(400,603)\n\xa0선수수익의 증감\n443,505\n(868,711)\n\xa0미지급비용의 증감\n930,645\n741,831\n\xa0예수금의 증감\n1,554,922\n519,263\n\xa0하자보수충당부채의 증감\n-\n(420,000)\n\xa0퇴직금의 증감\n2,996,481\n(2,052,621)\n\xa0사외적립자산의 증감\n(1,074,543)\n1,170,769\n\xa0사외적립자산 납입액\n(11,031,224)\n(5,932,844)\n\xa0수입보증금의 증감\n(139,176)\n(4,704)\n\xa0이연수익의 증감\n13,650,167\n10,611,685\n\xa0당기손익-공정가치금융자산의 증감\n-\n1,177,879\n\xa0관계기업투자의 증감\n(608,515)\n(430,046)\n소계\n7,476,891\n12,397,297\n계\n61,999,298\n65,231,344\n다. 현금의 유입과 유출이 없는 투자와 재무활동 -\n당기와 전기 중 현금유입과 유출이 없는 주요 투자와 재무활동은 다음과 같습니다(단위: 천원).\n구\xa0\xa0 분\n당기\n전기\n사채의 유동성 대체\n39,992,187\n59,989,129\n장기차입금의 유동성 대체\n2,306,520\n2,586,940\n건설중자산의 본계정 대체\n55,443,176\n48,210,045\n유형자산 취득금액의 미지급\n2,619,950\n482,657\n라. 재무활동에서 생기는 부채의 조정내용 -당기 중 재무활동에서 생기는 부채의 조정내용은 다음과 같습니다(단위: 천원)(1) 당기\n구분\n재무활동으로 인한 부채\n합계\n단기차입금\n유동성장기차입금\n유동성사채\n장기차입금\n사채\n리스부채\n당기초 순부채\n20,133,912\n2,586,940\n59,989,129\n9,700,672\n139,675,586\n-\n232,086,239\n회계정책의 변경\n-\n-\n-\n-\n-\n24,776,004\n24,776,004\n현금흐름\n25,000,000\n(2,586,940)\n(60,000,000)\n-\n-\n(3,329,107)\n(40,916,047)\n기타 비금융변동\n(133,912)\n2,306,520\n40,003,058\n(3,506,364)\n(39,821,301)\n3,649,398\n2,497,399\n당기말 순부채\n45,000,000\n2,306,520\n39,992,187\n6,194,308\n99,854,285\n25,096,295\n218,443,595\n(2) 전기\n구분\n재무활동으로 인한 부채\n합계\n단기차입금\n유동성장기차입금\n유동성사채\n장기차입금\n사채\n전기초 순부채\n20,037,400\n3,866,740\n99,975,496\n18,046,609\n99,830,886\n241,757,131\n현금흐름\n96,512\n(3,866,740)\n(100,000,000)\n(6,098,600)\n99,636,440\n(10,232,388)\n기타 비금융변동\n-\n2,586,940\n60,013,633\n(2,247,337)\n(59,791,740)\n561,496\n전기말 순부채\n20,133,912\n2,586,940\n59,989,129\n9,700,672\n139,675,586\n232,086,239\n31. 우발채무와\xa0약정사항 :\n가. 담보제공자산 - 보고기간 종료일 현재 담보로 제공된 연결회사 소유의 자산은 다음과 같습니다(단위:천원, USD).\n담보제공자산\n담보권자\n담보설정금액\n내용\n당기말\n전기말\n토지 및 건물\nKB국민은행\n23,067,000  USD 1,300,000\xa0\n23,067,000  USD 1,300,000\xa0\n차입금담보설정\n건물\n수협은행\n3,619,848\xa0\n3,881,454\xa0\n토지 및 건물\n㈜하이프라자, ㈜장인가구\n900,000\xa0\n900,000\xa0\n임대보증금\n계\n27,586,848\xa0 USD 1,300,000\xa0\n27,848,454  USD 1,300,000\xa0\n상기 이외에 연결회사는 차입금과 관련하여 기계장치와 공급설비 등을 KEB하나은행 등에 한도액 22,658백만원(전기말: 26,833백만원)의 양도담보로 제공하고 있습니다.연결회사는 대구그린파워㈜ 차입금과 관련하여 연결회사가 보유하고 있는 대구그린파워㈜ 주식 1,454,760주를 대주단에 담보로 제공하고 있으며, 자기자본유지의무 등을 제공하고 있습니다.또한 연결회사는 대구그린에너지센터㈜ 차입금과 관련하여 연결회사가 보유하고 있는 대구그린에너지센터㈜ 주식 332,000주를 대주단에 담보로 제공하고 있으며, 대구그린에너지센터㈜의 건설운영출자자 약정과 관련하여 의무이행을 담보 및 보장하기 위해 백지수표 8매를 대구그린에너지센터㈜에 견질 및 담보로 제공하고 있습니다. 한편, 화재보험 부보금액 13,389백만원을 수협은행\xa0등에\xa0차입금 담보로 제공하고 있습니다.\n나. 계류중인 소송사건 - \n보고기간종료일 현재 회사가 피고로 계류 중인 중요한 소송사건의 내역은 다음과 같으며, 이러한 소송사건의 결과가 연결재무제표에 미치는 영향을 현재로서는 예측할 수 없습니다(단위: 천원).\xa0\n소송내용\n원 고\n피 고\n소송가액\n진행현황\n손해배상\n뱅크웰㈜\n대성홀딩스㈜ 외5\n2,316,340\n진행중\n다. 기타 약정사항 -(1) 보고기간종료일 현재 연결회사가 금융기관과 체결한 한도거래 약정내역은 다음과 같습니다(단위: 천원).\n금융기관\n내역\n한도약정액\n당기말\n전기말\n대구은행 외\n당좌차월약정(*1)\n14,500,000\n11,500,000\n신한은행 외\n대출약정(*2)\n54,000,000\n47,000,000\n계\n\u3000\n68,500,000\n58,500,000\n(*1) 보고기간종료일 현재 전액 미사용하고 있습니다.(*2) 보고기간종료일 현재 29,000백만원 미사용금액이 존재합니다.(2) 연결회사는 한국가스공사와의 천연가스수급계약과 관련하여 연결회사가 천연가스 매입대금을 지급기한까지 지불하지 못하는 등의 사유 발생시 천연가스 매출채권을 한국가스공사에게 양도하는 계약을 체결하고, 백지수표 1매를 견질로 제공하고 있습니다.\xa0\n(3) 연결회사는 보고기간종료일 현재 서울보증보험으로부터\xa03,511백만원의\xa0보증보험을 제공받고 있습니다.\n라. 실시협약 -\n연결회사는 2005년 2월 14일에 대구시와 대구 방천리 위생매립장 매립가스개발 자원화 민간투자시설사업과 관련하여 변경실시협약을 체결하였습니다. 본 실시협약에 따르면 동 시설의 준공과 동시에 해당시설의 소유권은 대구광역시에 귀속되고, 이에 따라 2006년 10월 20일에 운영개시일로부터 20년간 당해 시설을 사용할 수 있는 관리운영권을 취득하였으며, 2013년 12월 19일에 법인세 인하에 따라 무상사용기간을운영개시일로부터 19년 6월로 변경하는 변경실시협약(2차)을 체결하였습니다. 한편, 실시협약상 총사업비는 2002년 8월 30일 불변가격기준으로 22,974백만원이며, 연결회사는 매립가스 사용에 대한 대가로 대구광역시에 다음의 사용료를 납부합니다.- 기본사용료: 매년 500백만원(무상사용기간동안 고정금액)- 변동사용료: 중질가스 사용에 따른 세제곱미터(㎡)당 납입금액 0.2원 (2002년 8월 30일 기준 가격으로 매년 실제소비자물가상승율만큼 증가)을 기준으로 하고, 5년 단위로 세제곱미터(㎥)당 0.26원 ~ 1.94원으로 변경됩니다.\n또한 대구광역시는 무상사용 기간동안 당해연도 실제 사용료 수입이 2002년 8월부터 당해연도까지의 누적 소비자물가지수 변동률을 반영한 추정 사용료 수입액의 85%에 미달하는 경우 미달분을 보상하고, 115%를 초과하는 경우 그 초과분을 환수합니다. 마. 매립가스공급 및 수급에 관한 협약서 -연결회사는 2004년 12월 23일 한국지역난방공사와 매립가스공급 및 수급에 관한 협약을 체결하였습니다. 동 협약서에 따르면 연결회사는 매립가스를 에너지 자원화할 수 있도록 한국지역난방공사에게 활용가능한 양을 우선적으로 공급하도록 하고 한국지역난방공사는 연중 타 연료에 우선하여 전량 사용토록 하는 것을 원칙으로 하고 있습니다.바. 출자약정서 -(1)\xa0\xa0연결회사는 대구그린파워㈜의 출자자로서 피투자회사의 대구혁신도시 열병합발전사업 프로젝트금융 차입시 금융서류와 관련하여 대주단(신한은행 외 11개\xa0금융기관)과출자자약정서를 체결하였습니다.\xa0출자자약정서는 피투자회사에 대한 연결회사의 자기자본 유지의무, 하자담보책임 및 열배관 시설 운영책임 등을 규정하고 있습니다.(2) 연결회사의\xa0관계기업인 대구그린에너지센터㈜는 국민은행 외 6개 금융기관과 프로젝트파이낸싱 차입약정을 체결하고 있으며, 연결회사는 피투자회사가 차입약정을 위배하거나\xa0실시협약 중도해지 등의 사유로 자금이 부족할 경우 피투자회사에 자금을 제공할 의무를 부담하고 있습니다.\xa0출자자약정서는 상기 이외 피투자회사에 대한 회사의 책임운영의무, 최소스팀물량 공급 및 계약단가유지 의무, 관리운영계약에 따른 효율보증준수의무 등을 규정하고 있습니다.\xa0피투자회사는 2019년 중 대주단과의 대출약정을 준수하지 못하여 기한이익 상실 조건에 해당되었으며 이에 따라 연결회사가 자금보충의무를 부담할 가능성이 높아졌습니다. 연결회사는 자금보충의무의 총한도액 149억원 중 연결회사의 건설운영출자비율을 고려하여 41.7억원을 충당부채로 설정하였으며, 자금보충의무는 건설운영출자자간 연대의무입니다.(3)\xa0연결회사는 일부 조합에 대해 조합손실보전약정의무에 따라 투자조합에 손실이 발생하는 경우, 조합출자금 총액의 일정비율(3~5%)에 상당하는 금액에 대해 연결회사의출자액을 한도로 하여 손실을 우선변제할 의무를 가지고 있습니다.32. 특수관계자와의 거래 :\n가. 주요 특수관계자 - \n보고기간종료일 현재 주요 특수관계자 내역은 다음과 같습니다.\n구분\n당기말\n전기말\xa0\n최상위지배자\n김영훈(개인)\n김영훈(개인)\n관계기업\n연구개발특구일자리창출투자펀드\n연구개발특구일자리창출투자펀드\n대구그린에너지센터㈜\n대구그린에너지센터㈜\n대성세컨더리투자조합\n대성세컨더리투자조합\n서울도시가스㈜\n서울도시가스㈜\n-\nJeremiah 111 LLC(*1)\nDaesung America Inc.(*2)\n-\xa0\n대성CT투자조합\n대성CT투자조합\nTV조선-대성 상생 투자조합\nTV조선-대성 상생 투자조합\nIBK 대성 문화콘텐츠 강소기업투자조합\nIBK 대성 문화콘텐츠 강소기업투자조합\nIBK-대성 위풍당당 강소콘텐츠 코리아 투자조합\nIBK-대성 위풍당당 강소콘텐츠 코리아 투자조합\nK-Innovation 수산전문투자조합\nK-Innovation 수산전문투자조합\n신한은행-대성 문화콘텐츠 투자조합\n신한은행-대성 문화콘텐츠 투자조합\n대성글로벌위너 청년창업 투자조합\n대성글로벌위너 청년창업 투자조합\n대성창업투자 신탁형 벤처투자조합\n대성창업투자 신탁형 벤처투자조합\n대성 블라썸 일자리 투자조합\n대성 블라썸 일자리 투자조합\n대성 굿무비 투자조합\n대성 굿무비 투자조합\n대성 따뜻한 임팩트 투자조합\n-\xa0\n기타 특수관계자(*3)\n㈜코리아닷컴커뮤니케이션즈\n㈜코리아닷컴커뮤니케이션즈\n㈜대성\n㈜대성\n알앤알㈜\n알앤알㈜\n대성C&S㈜ 등\n대성C&S㈜ 등\n(*1) 당기말 특수관계자에서 제외되었으나, 특수관계자 제외전까지의 거래내역을 포함하였습니다.(*2) 당기 지분율 하락에 따라 종속기업에서 관계기업으로 변경하였습니다.(*3) 기타특수관계자는 한국채택국제회계기준 제1024호 문단9에서 규정하는 지배력있는 개인에 의해 지배되는 회사 및 유의적인 영향력을 행사하는 회사를 포함하고 있습니다.나. 매출 및 매입 등 거래 -당기와 전기 중 특수관계자와 거래내역은 다음과 같습니다(단위:천원).\xa0\n구분\n당기\n전기\n매출 등(*1)\n매입 등(*2)\n사용권자산의 취득\n이자비용\n매출 등(*1)\n매입 등(*2)\n서울도시가스㈜\n1,977,500\n-\n-\n-\n1,977,500\n-\n㈜코리아닷컴커뮤니케이션즈\n3,608\n163,064\n-\n4,070\n3,549\n221,213\n㈜대성\n3,835\n44,776\n-\n-\n3,774\n192,697\n대성투자자문㈜\n-\n-\n-\n-\n1,205\n-\n㈜알앤알\n3,910\n-\n-\n-\n3,540\n-\n대성산업㈜\n-\n-\n-\n-\n-\n11,559\n대성계전㈜\n-\n-\n-\n-\n-\n845,603\n대성큐\n293\n480\n-\n-\n7,073\n10,296\n대구그린에너지센터㈜\n860,834\n2,494,926\n-\n-\n(758,352)\n2,241,179\n연구개발특구 일자리창출투자펀드 외 10개 운영조합\n3,832,039\n-\n-\n-\n2,370,628\n-\n기타\n457,630\n86,972\n-\n-\n1,148,508\n27,373\n계\n7,139,649\n2,790,218\n-\n4,070\n4,757,425\n3,549,920\n(*1) 매출에는 재화와 용역, 배당금 및 기타수익이 포함되어 있습니다.(*2) 매입에는 재화와 용역에 대한 영업비용과 기타비용이 포함되어 있습니다.상기 이외에 연결회사는 당기 중 기타 특수관계자에게 3,025백만원(전기 : 3,636백만원)의 배당금을 지급하였습니다.다. 특수관계자에 대한 채권, 채무의 주요 잔액 -보고기간종료일 현재 특수관계자와의 채권, 채무 잔액은 다음과 같습니다(단위: 천원).\n구분\n당기말\n전기말\n채 권\n채 무\n리스부채\n채 권\n채 무\n㈜코리아닷컴커뮤니케이션즈\n325\n14,864\n155,829\n325\n20,153\n㈜대성\n352\n22,247\n-\n344\n32,145\n㈜알앤알\n-\n-\n-\n325\n-\n대성산업㈜\n-\n-\n-\n-\n1,390\n대성계전㈜\n-\n-\n-\n-\n198,899\n대성큐\n-\n-\n-\n-\n11,326\n대구그린에너지센터㈜\n798,491\n453,663\n-\n229,983\n488,736\n연구개발특구 일자리창출투자펀드 외 10개 운영조합\n6,241,131\n-\n-\n5,710,241\n-\n기타\n41,873\n7,700\n-\n55,294\n1,389,950\n계\n7,082,172\n498,474\n155,829\n5,996,512\n2,142,599\n연결회사는 상기 외 종업원 대여금을 보유하고 있습니다.라. 특수관계자와의 자금거래 등-(1)\xa0당기와 전기 중\xa0관계기업에 대한\xa0현금출자 및 회수내역은 다음과 같습니다(단위:천원).\n특수관계자 구분\n회사명\n당기\n전기\n출자\n회수\n출자\n회수\n\xa0 \xa0\xa0 관계기업\nKoFC-대성 Pioneer Champ 2010-2호 벤처투자조합\n-\n-\n-\n(500,000)\n대성CT투자조합\n-\n(553,846)\n-\n-\n대성 상생 투자조합\n-\n(3,052,241)\n-\n-\nK-Innovation 수산전문투자조합\n765,000\n-\n300,000\n-\n대성세컨더리투자조합\n-\n-\n-\n(400,000)\n바이넥스트CT2호 투자조합\n-\n-\n-\n(95,000)\n연구개발특구일자리창출투자펀드\n-\n(2,835,000)\n-\n(4,522,500)\n신한은행-대성문화콘텐츠투자조합\n-\n-\n600,000\n-\nJeremiah 111, LLC\n-\n-\n25,393\n-\n대성 따뜻한 임팩트 투자조합\n1,620,000\n-\n-\n-\nIBK-대성 문화콘텐츠 강소기업 투자조합\n-\n(267,757)\n-\n(300,000)\n대성창업투자 신탁형 벤처투자조합\n-\n-\n650,000\n-\n대성 블라썸 일자리 투자조합\n2,840,000\n-\n1,420,000\n-\n대성 글로벌위너 청년창업 투자조합\n729,500\n(152,000)\n3,300,000\n-\nIBK-대성 위풍당당 강소콘텐츠 코리아 투자조합\n600,000\n-\n-\n-\n대성 굿무비 투자조합\n300,000\n-\n400,000\n-\n계\n6,854,500\n(6,860,844)\n6,695,393\n(5,817,500)\n마. 지급보증 및 담보제공 -연결회사는 대구그린에너지센터㈜ 차입금과 관련하여 회사가 보유하고 있는 대구그린에너지센터㈜ 주식 332,000주를 담보로 제공하고 있으며, 자금보충 약정 등을 제공하고 있습니다. 연결회사는 자금보충의무를 부담할 가능성이 높다고 판단하여 41.7억원을 충당부채로 설정하였습니다. 한편, 대구그린에너지센터(주)의 건설운영출자자약정과 관련하여 의무이행을 담보하고자 백지수표 8매를 대구그린에너지센터(주)에 견질 및 담보로 제공하고 있습니다.바. 주요 경영진에 대한 보상 -\xa0 당기와 전기 중 연결회사가 주요 경영진에 대한 보상을 위해 비용으로 반영한 금액은 다음과 같습니다(단위:천원).\xa0\n구\xa0\xa0 분\n당기\n전기\n단기급여\n5,177,646\n4,627,404\n퇴직급여\n1,026,202\n872,875\n상기 주요 경영진에는 연결회사 활동의 계획, 운영, 통제에 대한 중요한 권한과 책임을 가진 법적 등기이사(비상임 포함) 및 감사위원이 포함되어 있습니다.\n33. 비지배지분에 대한 정보 : 가.\xa0누적비지배지분의 변동 -\n\xa0\n연결회사에 포함된 비지배지분이 중요한 종속기업의 당기손익 및 자본 중 비지배지분에 배분된 당기순손익 및 누적비지배지분은 다음과 같습니다(단위: 천원).\xa0\n(1) 당기말\xa0\n구 분\n비지배지분율(%)\n기초 누적\n비지배지분\n비지배지분에배부된 당기순손익\n비지배지분에배분된 배당금\n기타\n기말 누적비지배지분\n대성에너지㈜\n28.73\xa0\n86,775,714\n3,907,725\n(1,975,000)\n(480,360)\n88,228,079\n대성이앤씨㈜\n19.88\xa0\n(65,713)\n143,397\n-\n(121)\n77,563\n대성창업투자㈜\n52.84\xa0\n26,505,427\n(92,102)\n-\n13,298\n26,426,623\n대성환경에너지㈜\n29.00\xa0\n6,017,846\n673,254\n-\n4\n6,691,104\nDaesung America Inc.\n35.71\xa0\n608,547\n-\n-\n(608,547)\n-\n대성에너지제5서비스㈜\n28.73\xa0\n(26,132)\n(90,372)\n-\n-\n(116,504)\n대성에너지제6서비스㈜\n28.73\xa0\n(31,837)\n(40,996)\n-\n-\n(72,833)\n대성에너지제7서비스㈜\n28.73\xa0\n(33,056)\n(62,979)\n-\n-\n(96,035)\n대성에너지서비스 1센터㈜\n28.73\xa0\n-\n(3,289)\n-\n-\n(3,289)\n대성에너지서비스 2센터㈜\n28.73\xa0\n-\n9,153\n-\n-\n9,153\n대성에너지서비스 3센터㈜\n28.73\xa0\n-\n21,411\n-\n-\n21,411\n합계\n\u3000\n119,750,796\n4,465,202\n(1,975,000)\n(1,075,726)\n121,165,272\n(2) 전기말\n구 분\n비지배지분율(%)\n기초 누적\n비지배지분\n비지배지분에배부된 당기순손익\n비지배지분에배분된 배당금\n기타\n기말 누적비지배지분\n대성에너지㈜\n28.73\n86,173,469\n3,786,670\n(1,975,000)\n(1,209,425)\n86,775,714\n대성이앤씨㈜\n19.88\n817,050\n(272,887)\n(610,815)\n939\n(65,713)\n대성창업투자㈜\n52.84\n25,298,503\n846,962\n-\n359,962\n26,505,427\n대성환경에너지㈜\n29.00\n6,067,297\n47,946\n(97,397)\n-\n6,017,846\nDaesung America Inc.\n35.71\n659,908\n(72,730)\n-\n21,369\n608,547\n대성에너지제5서비스㈜\n28.73\n-\n(26,132)\n-\n-\n(26,132)\n대성에너지제6서비스㈜\n28.73\n-\n(31,837)\n-\n-\n(31,837)\n대성에너지제7서비스㈜\n28.73\n-\n(33,056)\n-\n-\n(33,056)\n합계\n119,016,227\n4,244,936\n(2,683,212)\n(827,155)\n119,750,796\n나.\xa0종속기업의 요약재무정보 -\n비지배지분이 연결회사에 중요한 종속기업의 내부거래 제거전 요약 재무정보는 다음과 같습니다(단위: 천원).\xa0\n(1) 요약재무상태표1) 당기말\n구 분\n유동자산\n비유동자산\n유동부채\n비유동부채\n자본\n대성에너지㈜\n205,476,262\n490,841,641\n229,206,765\n159,803,091\n307,308,047\n대성이앤씨㈜\n5,228,391\n571,634\n73,614\n-\n5,726,411\n대성창업투자㈜\n21,126,988\n29,799,224\n610,724\n305,663\n50,009,825\n대성환경에너지㈜\n14,028,405\n11,216,254\n1,669,419\n502,467\n23,072,773\n대성에너지제5서비스㈜\n864,097\n151,136\n308,772\n212,015\n494,446\n대성에너지제6서비스㈜\n924,913\n139,492\n310,176\n107,763\n646,466\n대성에너지제7서비스㈜\n1,019,466\n149,008\n313,466\n289,304\n565,704\n대성에너지서비스 1센터㈜\n1,352,302\n226,663\n618,809\n71,606\n888,550\n대성에너지서비스 2센터㈜\n1,468,217\n132,032\n474,340\n194,048\n931,861\n대성에너지서비스 3센터㈜\n1,539,031\n161,300\n542,386\n183,415\n974,531\n2) 전기말\n구 분\n유동자산\n비유동자산\n유동부채\n비유동부채\n자본\n대성에너지㈜\n210,563,882\n443,131,872\n217,394,155\n134,036,917\n302,264,682\n대성이앤씨㈜\n4,947,906\n649,520\n155,190\n-\n5,442,236\n대성창업투자㈜\n21,583,975\n29,191,813\n366,729\n250,105\n50,158,954\n대성환경에너지㈜\n9,955,960\n12,481,107\n1,242,672\n443,193\n20,751,202\nDaesung America Inc.\n443,541\n2,676,768\n24,967\n1,391,416\n1,703,926\n대성에너지제5서비스㈜\n959,897\n187,630\n214,030\n124,463\n809,034\n대성에너지제6서비스㈜\n918,063\n143,580\n208,037\n64,431\n789,175\n대성에너지제7서비스㈜\n1,150,965\n153,365\n211,945\n307,451\n784,934\n(2) 요약포괄손익계산서1) 당기\n구 분\n매출\n당기순이익\n기타포괄손익\n총포괄손익\n대성에너지㈜\n773,995,689\n13,590,508\n(1,672,141)\n11,918,367\n대성이앤씨㈜\n754,830\n284,772\n(597)\n284,175\n대성창업투자㈜\n6,940,947\n(174,293)\n25,164\n(149,129)\n대성환경에너지㈜\n4,586,042\n2,321,570\n-\n2,321,570\n대성에너지제5서비스㈜\n2,965,273\n(314,588)\n-\n(314,588)\n대성에너지제6서비스㈜\n2,882,855\n(142,708)\n-\n(142,708)\n대성에너지제7서비스㈜\n3,114,576\n(219,229)\n-\n(219,229)\n대성에너지서비스 1센터㈜\n1,664,167\n(11,450)\n-\n(11,450)\n대성에너지서비스 2센터㈜\n1,762,571\n31,861\n-\n31,861\n대성에너지서비스 3센터㈜\n2,227,797\n74,530\n-\n74,530\n2) 전기\n구 분\n매출\n당기순이익\n기타포괄손익\n총포괄손익\n대성에너지㈜\n770,679,358\n13,169,115\n(562,472)\n12,606,643\n대성이앤씨㈜\n91,208\n(1,809,487)\n4,721\n(1,804,766)\n대성창업투자㈜\n9,683,668\n1,602,793\n40,650\n1,643,443\n대성환경에너지㈜\n2,348,674\n165,336\n-\n165,336\nDaesung America Inc.\n85,745\n(203,645)\n59,827\n(143,818)\n대성에너지제5서비스㈜\n1,276,317\n(90,966)\n-\n(90,966)\n대성에너지제6서비스㈜\n1,241,498\n(110,825)\n-\n(110,825)\n대성에너지제7서비스㈜\n1,288,336\n(115,067)\n-\n(115,067)\n(3) 요약현금흐름표1) 당기\n구 분\n영업활동으로인한 현금흐름\n투자활동으로인한 현금흐름\n재무활동으로인한 현금흐름\n현금및현금성자산의 증가(감소)\n기초 현금및현금성자산\n현금의환율변동효과\n기말 현금및현금성자산\n대성에너지㈜\n48,040,989\n(40,945,223)\n(6,103,844)\n991,922\n5,033,009\n-\n6,024,931\n대성이앤씨㈜\n338,679\n(3,999,115)\n-\n(3,660,436)\n4,789,345\n-\n1,128,909\n대성창업투자㈜\n(423,759)\n326,695\n(70,200)\n(167,264)\n7,453,662\n-\n7,286,398\n대성환경에너지㈜\n4,266,952\n(2,209,027)\n-\n2,057,925\n1,181,242\n-\n3,239,167\n대성에너지제5서비스㈜\n(85,713)\n(29,781)\n-\n(115,494)\n494,991\n-\n379,497\n대성에너지제6서비스㈜\n3,507\n(56,922)\n-\n(53,415)\n427,310\n-\n373,895\n대성에너지제7서비스㈜\n(169,019)\n(63,699)\n-\n(232,718)\n637,737\n-\n405,019\n대성에너지서비스 1센터㈜\n(168,549)\n(128,948)\n-\n(297,497)\n900,000\n-\n602,503\n대성에너지서비스 2센터㈜\n19,523\n(50,951)\n-\n(31,428)\n900,000\n-\n868,572\n대성에너지서비스 3센터㈜\n(13,166)\n(63,255)\n-\n(76,421)\n900,000\n-\n823,579\n2) 전기\n구 분\n영업활동으로인한 현금흐름\n\xa0투자활동으로인한 현금흐름\n\xa0재무활동으로인한 현금흐름\n현금및현금성자산의 증가(감소)\n기초 현금및현금성자산\n현금의환율변동효과\n기말 현금및현금성자산\n대성에너지㈜\n51,066,176\n(44,202,964)\n(10,207,410)\n(3,344,198)\n8,377,206\n-\n5,033,008\n대성이앤씨㈜\n(680,791)\n(8,160)\n(3,072,234)\n(3,761,185)\n8,550,530\n-\n4,789,345\n대성창업투자㈜\n2,345,171\n(3,190,718)\n-\n(845,547)\n8,299,209\n-\n7,453,662\n대성환경에너지㈜\n1,132,272\n(1,162,087)\n(335,850)\n(365,665)\n1,546,908\n-\n1,181,243\nDaesung America Inc.\n(194,155)\n(125,820)\n49,500\n(270,475)\n270,702\n59,827\n60,054\n대성에너지제5서비스㈜\n(299,360)\n(105,649)\n-\n(405,009)\n900,000\n-\n494,991\n대성에너지제6서비스㈜\n(390,107)\n(82,583)\n-\n(472,690)\n900,000\n-\n427,310\n대성에너지제7서비스㈜\n(195,010)\n(67,254)\n-\n(262,264)\n900,000\n-\n637,736\n34. 부문별 보고 :\n전략적 의사결정을 수립하는 경영진은 연결회사의 영업부문을 결정하고 있습니다. 경영진은 부문에 배분될 자원에 대한 의사결정을 하고 부문의 성과를 평가하기 위하여 부문의 영업이익을 기준으로 검토하고 있습니다. 연결회사의 부문은 비금융업과 금융업으로 구분하였습니다.\n가. 부문별 수익 -\n당기와 전기 중 부문별 수익은 다음과 같습니다(단위: 천원).(1) 당기\n구분\n비금융업\n금융업\n합계\n총부문수익(*1)\n951,460,966\n6,940,947\n958,401,913\n내부수익\n(39,433,073)\n-\n(39,433,073)\n재무제표 조정\n-\n(400,930)\n(400,930)\n매출액\n912,027,893\n6,540,017\n918,567,910\n영업이익\n24,068,072\n(200,426)\n23,867,646\n감가상각비 등\n27,618,801\n231,563\n27,850,364\n(*1) 금융업의 총부문수익은 연결재무제표 상 기타수익 및 금융수익으로 분류한 400,930천원이 포함된 금액입니다.\n(2) 전기\n구분\n비금융업\n금융업\n합계\n총부문수익(*1)\n938,825,463\n9,683,668\n948,509,131\n내부수익\n(37,628,120)\n-\n(37,628,120)\n재무제표 조정\n-\n(1,051,913)\n(1,051,913)\n매출액\n901,197,343\n8,631,755\n909,829,098\n영업이익\n17,159,879\n1,280,252\n18,440,131\n감가상각비 등\n36,654,610\n175,883\n36,830,493\n(*1) 금융업의 총부문수익은 연결재무제표 상 기타수익 및 금융수익으로 분류한 1,051,913천원이 포함된 금액입니다.\n나. 부문별 자산과 부채 등 - 보고기간종료일 현재 부문별 자산과 부채 등 주요 재무정보는 다음과 같습니다(단위:천원).(1) 당기말\n구분\n비금융업\n금융업\n합계\n총자산(*1)\n1,084,916,337\n50,926,213\n1,135,842,550\n관계기업 투자\n237,706,476\n20,781,781\n258,488,257\n유형 및 무형자산, 투자부동산\n511,368,226\n189,809\n511,558,035\n비유동자산(유무형자산)의 취득\n57,920,422\n36,818\n57,957,240\n총부채(*1)\n595,116,360\n916,387\n596,032,747\n(*1) 경영진에 보고된 부문별 자산과 부채는 재무제표상의 자산 및 부채와 동일한 방식으로 산출되었으며, 부문별 영업에 근거하여 배부되었습니다. \n(2) 전기말\n구분\n비금융업\n금융업\n합계\n총자산(*1)\n1,066,561,661\n50,775,789\n1,117,337,450\n관계기업 투자\n231,443,572\n20,911,252\n252,354,824\n유형 및 무형자산, 투자부동산\n482,521,111\n330,435\n482,851,546\n비유동자산(유무형자산)의 취득\n48,742,661\n3,941\n48,746,602\n총부채(*1)\n584,106,180\n616,835\n584,723,015\n(*1) 경영진에 보고된 부문별 자산과 부채는 재무제표상의 자산 및 부채와 동일한 방식으로 산출되었으며, 부문별 영업에 근거하여 배부되었습니다. 한편, 연결회사의 매출 중 국내 매출이 차지하는 비중은 99%이상이며, 경영진에 보고되는 연결회사의 제품과 용역수익 등은 포괄손익계산서의 매출액과 동일한\xa0 금액입니다.35. 회계정책의 변경 :주석 2.2.(1)에서 설명한 것처럼 연결회사는 기업회계기준서 제1116호를 2019년 1월 1일부터 소급하여 적용하였으나 기준서의 경과 규정에 따라 허용되는 방법으로 전기재무제표를 재작성하지 않았습니다. 따라서 새로운 리스 기준에 따른 재분류와 조정은 2019년 1월 1일의 개시 연결재무상태표에 인식되었습니다.1) 기업회계기준서 제1116호 \'리스\'의 채택에 따라 인식된 조정연결회사는 기업회계기준서 제1116호의 적용으로 종전에 기업회계기준서 제1017호의 원칙에 따라 \'운용리스\'로 분류하였던 리스와 관련하여 리스부채를 인식하였습니다. 해당 리스부채는 2019년 1월 1일 현재 리스이용자의 증분차입이자율로 할인한 나머지 리스료의 현재가치로 측정되었습니다. 2019년 1월 1일 현재 리스부채의 측정에 사용된 리스이용자의 가중평균 증분차입이자율은 1.56% ~ 5.07%입니다.연결회사는 기업회계기준서 제1116호를 최초 적용하면서 기준서에서 허용하는 다음의 실무적 간편법을 사용하였습니다.\n-\n특성이 상당히 비슷한 리스 포트폴리오에 단일 할인율의 적용\n-\n리스가 손실부담계약인지에 대한 종전 평가에 의존한 사용권자산의 손상검토 - 최초 적용일 현재 손실부담계약은 없습니다.\n-\n최초 적용일 현재 12개월 이내에 리스기간이 종료되는 운용리스를 단기리스와 같은 방식으로 회계처리\n-\n최초 적용일의 사용권자산 측정에 리스개설직접원가를 제외\n-\n연장선택권이나 종료선택권이 있는 계약의 리스기간 결정에 사후판단 사용\n또한 연결회사는 최초 적용일 현재 계약이 리스에 해당하는지 또는 리스가 내재되었는지를 재평가하지 않았습니다. 대신 최초 적용일 이전에 체결된 계약에 대하여 기업회계기준서 제1017호와 기업회계기준해석서 제2104호 \'약정에 리스가 포함되어 있는지의 결정\'을 적용하여 종전에 리스로 식별된 계약에 기업회계기준서 제1116호를 적용하였습니다.(2) 리스부채의 측정 (단위: 천원)\n구분\n2019년\n최초 적용일 현재 인식된 리스부채\n24,776,004\xa0\n인식된 리스부채의 유동분류\n\u3000\n유동 리스부채\n2,047,242\xa0\n비유동 리스부채\n22,728,762\xa0\n합계\n24,776,004\xa0\n(3) 사용권자산의 측정\n사용권자산은 리스부채와 동일한 금액에 전기말 현재 연결재무상태표에 인식된 리스와 관련하여 선급하거나 미지급한 리스료 금액을 조정하여 측정하였습니다. 최초 적용일 현재 사용권자산의 조정이 요구되는 손실부담리스는 없었습니다.\n(4) 최초 적용일 현재 연결재무상태표에 인식된 조정\n회계정책의 변경으로 최초 적용일 현재 연결재무상태표의 다음 항목이 조정되었습니다.\n-\n사용권자산: 24,835백만원 증가\n-\n리스부채: 24,776백만원 증가\n36. 보고기간종료일 후 발생사건 :연결회사는 2020년 2월 21일자로 고정이자율(만기 2023년 2월 21일) 조건의 무보증사채 600억원을 발행하였습니다.\xa0\n']"
