text
"['\nII. 사업의 내용\n1. 사업의 개요\n주식회사 지누스(이하 \'당사\')는 1979년 3월 설립 이후 2000년대 초반까지 텐트로 대표되는 캠핑용품의 제조 및 판매 사업을 영위하였습니다. 2000년대 중반부터 주력사업을 매트리스, 베개 및 가구사업으로 전환하여 본 보고서 제출일 현재까지 영위하고있으며 약 30년간 캠핑사업을 영위하면서 견고하게 유지해 온 월마트, 케이마트와 같은 대형 소매상과의 영업 네트워크를 바탕으로 빠른 시간 내에 사업의 기반을 구축하였습니다.특히, 당사가 2005년 세계 최초로 상업화에 성공한 소형 박스 포장 매트리스의 개념은 기존 매트리스 산업의 커다란 혁신을 가져왔습니다. 매트리스에 이어 소형 박스 포장형의 침대 프레임도 개발되어 박스포장의 완벽한 침대(Bed-in-a Box)로 사업범위가 확장되었습니다. 막대한 물류비용 때문에 수입을 꺼려하며 국내생산에 의존하던 미국 침대 시장에 대한 수출이 가능해졌으며, 침대 및 가구 전문점이 독점하고 있던 침대 판매시장에서 온라인 판매 경로를 개척하여 유통 시장이 획기적으로 변화하는 발단이 되었습니다.\xa0\xa0\n또한, 당사는 매트리스, 침실가구류 등에서 거둔 성과를 바탕으로 최근 거실가구, 주방가구, 사무용 가구 등으로 사업영역을 확대해 나가는\xa0한편, 캐나다, 한국, 중국, 호주, 일본, 싱가포르, 베트남, 유럽 등으로의 지역적 확장도 지속적으로 추진하고 있습니다.\xa0\xa0\n가. 업계의 현황1) 산업의 개요침실가구(Bedroom Furniture)로 분류되는 가구 제품은 매트리스, 침대 프레임(Bed Frame), 박스 스프링(Box Spring) 등 하나의 침대를 구성하는 품목뿐만 아니라 침대 옆에 놓는 협탁, 서랍장, 화장대 등 침실에서 사용되는 가구를 포함하고 있습니다. 과거 서구권 중심으로 발전해온 침실가구 산업은 현재 미국과 중국에서 가장 큰 시장을형성하고 있으며 전 세계 소득 수준 향상과 이에 따른 소비문화 변화, 건강과 수면에 대한 인식 변화와 함께 지속적으로 성장하고 있습니다. 미국의 침대협회인 ISPA(International Sleep Products Association)의 자료에 따르면,\xa0전세계 침실가구 산업 내 가장 큰 규모를 차지하고\xa0있는\xa0미국 침실가구 시장은 2010년부터 2019년까지 연평균성장률(CAGR) 4.0%로 성장하여 2019년 도매가격 기준 약 8,370백만달러의 규모를 형성하고 있는 것으로 파악됩니다.\n[USA Mattress & Foundation Market Size from 2010 to 2019]\n\xa0 \xa0 \xa0 \xa0 \xa0 \xa0 \xa0 \xa0 \xa0 \xa0 \xa0 \xa0 \xa0 \xa0 \xa0 \xa0 \xa0 \xa0 \xa0 \xa0 \xa0 \xa0 \xa0 \xa0 \xa0 \xa0 \xa0 \xa0 \xa0 \xa0 \xa0 \xa0 \xa0 \xa0 \xa0 \xa0 \xa0 \xa0 \xa0 \xa0\xa0 (단위 : 백만 USD)\n출처: 2019 ISPA Report\n※ 2016년부터 Mattres 타입별 자료 미공시전체 침실 가구 중 수면환경과 직접적으로 연관되어 가장 중요하게 인지되는 제품은 매트리스이며, 전체 침실가구 시장 매출 중 가장 큰 부분을 차지하고 있는 핵심 제품입니다. 매트리스 제품은 크게 전통적인 스프링 내장형 매트리스(Inner Spring)와 비스프링 매트리스(Memory Foam, Air, Latex 등)로 구분됩니다. 스프링 내장형 매트리스가 과거 침대시장의 대부분을 점유해 온 전통적 제품인 반면, Memory Foam 매트리스로 대표되는 비스프링 매트리스는 최근 북미시장을 중심으로 급속도로 발전하기 시작한 새로운 유형의 제품입니다. 특히 최근에는 보온성, 흡습성, 투습성, 방습성을 갖춘 기능성 매트리스 위주로 제품이 확산되며 이미 성숙기에 도입했다고 판단되었던 매트리스 산업이 새로운 성장 가능성을 갖게 되었습니다.이러한 매트리스와 침대 프레임은 일반적으로 Twin, Full, Queen, King, California King등의 표준 규격으로 출시됩니다.ISPA에 따르면 미국시장에서는 Queen 사이즈에 대한 수요가 가장 높아\xa02019년 기준 전체 판매량의 41.5%를\xa0차지하고 있으며,\xa0그 다음으로는 각각 Twin과 King 사이즈 순으로 많이 판매되고 있습니다. 최근 가구업계는\xa0고령화, 혼인율\xa0감소, 1인 가구 증가 추세에 따라 점차 소형 가구 판매량이 증가할 것으로 전망하고 있습니다. 이와 같이 매트리스 및 침대프레임은 소비자들의 니즈에 따라 다양한 사이즈의 제품에 대한 수요가 발생되므로 동일한 모델이라도 사이즈별 제품에 대한 수요를 파악하여 효율적으로 관리하고 판매하는 것이 해당 산업 내 업체들의 중요한 역량입니다.매트리스 재질에 대한 선호도 역시 국가별로 차이가 있습니다. 북미시장에서는 전통적인 스프링 매트리스가 총 수요의 70%를 차지하고 있으며, 나머지 30%를 메모리폼 매트리스로 대표되는 비스프링 매트리스가 차지하고 있습니다.\xa0 유럽시장에서는 라텍스(Latex) 매트리스가 비스프링 매트리스의 주종을 이루고 있습니다. 최근 스프링 매트리스와 메모리폼 매트리스의 구조물을 혼합한 하이브리드 매트리스와 차가운재질의 젤(Gel)을 메모리폼에 도포하거나 함침시킨 젤 매트리스(Gel Mattress)가 새로운 기능성 매트리스로 북미시장에서 출시되는 등 매트리스 산업은 전통적인 스프링 매트리스 위주 시장에서 점차 비스프링 매트리스의 비중이 증가하는 추세를 보이고 있습니다.매트리스를 지지하고 있는 침대 프레임(Bed Frame)에서는 목재나 철재를 이용한 다양한 디자인의 제품들이 시장에 출시되어 있습니다. 과거 북미시장에서는 하단의 독립적인 침대 프레임과 매트리스를 지지하는 박스 스프링(Box Spring)이 분리되어 있는 제품이 전통적인 침대 프레임의 주종을 이루고 있었습니다.\xa0 그러나 최근에는 아시아권에서 사용되는 일체형 침대 프레임이 북미시장에 출시되어 베드프레임의 수요에 큰 변화가 일고 있으며, 당사가 일체형 침대 프레임 시장의 성장을 주도하고 있습니다. 주로 유럽시장에서 판매되던 전동 프레임(Adjustable Frame)도 최근에 북미시장에서 출시되어 소비자의 주목을 받고 있습니다.\n[당사 매트리스 및 침구 가구류 제품]\n(출처: 당사자료)\n2) 산업의 성장성세계 가구시장은 500조가 넘는 큰 시장을 형성하고 있습니다. 사람의 삶을 영위하는데 필요한 의식주와 밀접한 관련을 맺고 있기 때문에 경기에 영향을 받지 않고 꾸준하고 안정적으로 성장을 하고 있습니다. 가구산업은 특히 국가의 경제력이나 인구수에 밀접한 연관성을 가지고 있습니다.가구 시장은 오랫동안 부피적인 한계로 인하여 온라인 판매가 매우 제한적이었습니다. 하지만, 최근 다양한 온라인 가구 제품들이 개발되고, 물류인프라 등이 개선되면서 온라인 판매가 급속도로 성장하고 있습니다. 시장 조사 전문기관인 Technavio의 보고서에 따르면 전 세계 온라인 가구 시장은 약 650억달러 규모를 형성하고 있으며,이 시장은 매해 15 ~ 20% 수준으로 성장하여 2022년에는 1,050억달러 규모까지 성장할 것으로 예측하고 있습니다.시장 분포를 보면 여러가지 온라인 환경이 훌륭한 미국이 가장 큰 온라인 가구시장 점유율을 보이고 있으며, 중국, 그리고 EU국가들(독일, 영국, 프랑스 등)이 그 뒤를 이어 거대한 시장을 형성하고 있습니다.\n[세계 온라인 가구 시장 규모 예상]\n(출처 : Technavio)\n온라인 매트리스 시장도 비슷한 양상을 보이고 있습니다.\xa0 전 세계적으로 약 45억달러(5조원)에 육박하는 시장을 형성하고 있으며 매해 두자리수의 성장을 거듭하면서 2022년에는 62억달러(7조원)의 시장을 형성할 것으로 기대하고 있습니다. 매트리스는 서구식 침실문화에 익숙한 미국이 가장 큰 시장을 형성하고 있으며 14억 인구와 빠른 경제성장률을 보이고 있는 중국이 비슷한 규모의 시장을 형성하고 있습니다.\n[세계 온라인 매트리스 시장 규모 예상]\n(출처 : Technavio)\n블룸버그에서는 ""일년에 약 3 ~ 4% 성장하는 매트리스 산업의 성장이 모두 온라인 판매로 이루어진다"" 라고 하고 있으며, 포브스는 ""매트리스 온라인 시장이 불가능한 영역으로 간주되어 왔는데 새로운 Mattress-in-a-box가 16조원 규모의 매트리스 시장을 빠르게 잠식하고 있다"" 라고 설명하고 있습니다.\xa0 모든 매체들은 매트리스의 온라인 판매 비중이 계속 증가할 것이라고 예측하고 있습니다.\n3) 경기변동의 특성가) 일반 경기변동과의 관계당사가 영위하는 매트리스와 침실용 가구 산업은 대표적인 내구소비재로 경기변동에따른 소득수준의 영향을 받습니다. 내구소비재는 일반적으로 소득수준의 향상과 함께 성장하는 경향이 있기 때문에 과거 대비 삶의 질이 높아지고 전반적인 소득 수준이 향상됨에 따라 안정적으로 성장해왔습니다.\n[가구수요와 1인당 가처분소득 추이 비교]\n(출처 : Ibis World(2017.07 기준), 코트라 해외시장 뉴스)\n그러나, 매트리스 및 침실용 가구는 현대인이 추구하는 가치인 건강 및 높은 삶의 질과 직접적으로 연관이 되어 있으므로 다소 필수재의 성격을 갖는다는 특징이 있습니다. 즉, 업계에서는 경기가 침체되어 가계소득이 감소하더라도 직접적인 매트리스 판매량 감소로 이어지는 상관관계가 높지 않다고 분석하고 있습니다.나) 계절적 경기변동여부 및 변동 정도당사가 영위하는 매트리스와 침실용 가구 산업은 계절적 영향을 직접적으로 받지 않는 사업에 해당하는 것으로 판단하고 있습니다.나. 회사의 현황1) 영업 개황당사는 독자적인 R&D부터 제품의 생산, 물류 그리고 최종 소비자에 대한 온라인 판매와 그들의 의견 수렴까지 사업의 전 과정을 통합 관리하는 독특한 사업모델을 갖고있습니다. 당사는 급속히 성장하고 있는 온라인 시장을 중심으로 매트리스에서 침실가구 그리고 다양한 가구분야로 사업영역을 확장하면서 지속적으로 성장하고 있습니다.\n[당사 Business Overview]\n(출처 : 당사 자료)\n매트리스, 침대 프레임 등과 같은 침실 가구에서 얻은 소비자의 높은 인지도가 거실 가구, 오피스 가구, 주방 가구, 아웃도어 가구 등 다양한 가구 카테고리로의 진출을 원활하게 해줍니다. 거실 가구의 대표적인 품목인 소파는 오랜 기간의 R&D활동을 통해 이미 수십 종의 다양한 디자인 제품들이 온라인 채널에 출시되었습니다. 다양한종류의 테이블들도 개발되어 지속적으로 출시되고 있습니다. 침대에 이어 소파, 테이블 등의 모든 제품들이 설치가 쉽고 빠른 온라인 전용제품으로 개발되어 작은 박스에포장되는 방식으로 FedEx나 UPS를 통하여 소비자에게 배송됩니다. 이러한 신규 카테고리 제품에 대하여는 온라인을 통한 가구 구매가 소비자에게 친숙할 수 있도록 마케팅활동을 지속적으로 강화하고 있습니다.\n2) 시장의 특성가) 주요 목표 시장당사는 매트리스 및 가구를 개발, 제조하고 판매하는 사업을 영위하고 있으며, 주로 목표로 하는 시장을 크게 세가지 측면에서 설정하였습니다.① 지리적 측면당사는 과거 캠핑용품을 제조, 판매하던 시절부터 견고하게 유지해온 북미시장의 유통망을 바탕으로 지난 10여년 간 북미시장에 특화된 매트리스 및 침실가구 제품을 연구개발하여 판매해왔습니다. 그 결과, 당사 매출액의 대부분은 매트리스 및 침실가구의 최대시장인 미국과 캐나다에서 발생하고 있습니다. 북미시장은 과거부터 매트리스를 비롯한 침실가구 시장이 매우 발달하였으며 전세계적인 기업들이 치열하게 경쟁하는 시장입니다. 당사는 북미시장에서 오랜 시간동안 축적해온 노하우와 성공모델을 바탕으로 서구권(호주, 영국, 유럽 등) 뿐만 아니라 당사의 생산법인이 위치해 있는 중국과 인도네시아, 본사가 위치한 한국 등으로의 지역적 확장에 집중하고 있습니다.\n[당사 해외 진출 현황]\n출처: 당사자료\n각 국가별로 매트리스 규격의 차이, 스프링 및 메모리폼 매트리스에 대한 선호도 차이가 존재하지만 미국에서 판매하는 제품들과 근본적인 측면은 동일하기 때문에 각 시장의 소비자에 대한 철저한 분석과 지속적인 연구 개발과 더불어 적극적인 마케팅활동을 통해 해당 시장의 점유율을 높일 예정입니다.② 유통채널 측면당사가 2005년과 2006년 각각 개발한 Mattress-In-A-Box와 Frame-In-A-Box는 북미시장을 비롯한 전 세계 매트리스 및 침실가구 산업에 큰 혁신을 가져왔습니다. 당사는 차별화된 매트리스 압축 포장기술로 해결하지 못했던 매트리스의 부피로 인한 제약을 상당부분 해결하며, 2000년대 후반부터 본격적으로 온라인 매트리스 사업에 착수하였습니다.\n[당사의 매트리스와 프레임의 포장기술]\n(출처 : 당사 자료)\n당사는 북미 최대의 온라인 커머스 플랫폼인 Amazon.com을 비롯하여 Walmart.com, Samsclub.com, Wayfair.com, Costco.com 등 주요한 온라인 채널을 통해서 제품을 판매하고 있으며, 자체 온라인 플랫폼인 Zinus.com을 통해서도 꾸준히 판매량을 증가시키고 있습니다. 당사가 가진 혁신적인 제품 디자인은 온라인 판매에 최적화된 모델을 갖추고 있습니다. 고객이 원하는 다양한 방식으로 공급되며, Fedex나 UPS로배송가능한 규격의 박스에 포장되고 조립이 간편하다는 특징은 온라인 가구판매업체에게 필요한 핵심 경쟁요소입니다.당사는 온라인채널에 집중하는 한편, 오프라인 채널인 Walmart Store을 통해 당사의제품을 공급하고 있습니다. Walmart Store는 미국 내 4,000개 넘는 매장을 보유하고있는 대형 유통기업이며 당사는 Walmart Store의 유일한 매트리스 공급자로서 활발히 거래하고 있습니다.최초 메모리폼 매트리스 제품으로 시작되었던 거래는 최근 스프링 매트리스 및 기타 프레임 제품으로 확대되고 있습니다. 온라인 채널을 통해 제품을 판매할 때는 배송업체에서 소비자의 문 앞까지 배송(Last Mile Service)해 주는 서비스를 받을 수 있지만오프라인 매장에서는 선반에 진열된 제품을 소비자가 구매하면 직접 들고 집으로 가지고 가야 한다는 단점이 있습니다. 따라서 이러한 단점을 극복하고 당사만의 특별한판매방식을 구축하기 위하여 여행가방과 같이 바퀴가 달린 박스에 압축포장하는 기술을 개발하여 미국 등 주요 국가에서 특허권을 취득하였습니다. 별도의 배송으로 인한 비용부담 없이 오프라인 매장에서 소비자에게 매트리스와 침대 프레임을 직접 판매하는 방식은 혁신적인 당사의 기술입니다.\xa0 당사는 선별된 대형 소매상을 대상으로 점차 바퀴형 포장 제품의 유통망을 확대할 계획을 가지고 있습니다. 이러한 혁신적인 변화를 통해 당사는 온라인으로 대체되지 않는 오프라인 시장에서 쇼핑을 즐기는 소비자들을 공략하고 전문점들이 주도하고 있던 전통적인 오프라인 시장에서 강력한 유통망을 보유하고 있는 대형소매상이 적극 참여하는 변화를 이끌어 낼 것입니다.\n③ 인구통계학적 측면인구 통계학적인 측면에서 당사의 목표시장은 온라인 구매가 익숙한 밀레니얼 세대라고 할 수 있습니다. 밀레니얼 세대의 주류를 이루고 있는 대학생, 사회 초년생 등은생활에 필요한 제품을 소비할 때 가성비를 중요시하는 경향을 가지고 있습니다. 이들은 대학진학, 취업 등의 계기로 독립하여 1인가구 또는 2-3인 가구를 구성하며 당사의 제품을 구매할 확률이 높은 고객층입니다. 전세계적으로 증가하고 있는 1인가구 역시 당사가 목표로하고 있는 주된 고객층입니다. 뿐만 아니라 북미시장에서 자녀의 방이나 손님방에 사용하는 매트리스 시장 역시 당사가 목표로 하고 지속적으로 연구개발중인 시장입니다.\xa0 아직 부부들이 사용하는 침실에는 전통적인 브랜드 제품을 선호하는 경향이 남아 있지만, 자녀방이나 손님방등에서는 가성비 높은 제품을 선호하며 이러한 수요가 메인 침실에 대한 수요 이상으로 높아 지고 있는 추세입니다.\n나) 경쟁상황 및 비교우위당사는 제품의 R&D, 생산, 마케팅과 판매까지 연계된 수직계열화된 벨류체인을 기반으로 제품의 품질향상과 원가\xa0절감을 동시에 관리하고 있습니다.\xa0 또한,\xa0본 보고서 작성기준일 현재 약 100만개의 소비자 의견을 수집하여 R&D 단계에 반영함으로써 시장내에서의 경쟁우위를 확보하고 있으며,\xa0496개의 국내와 해외 특허\xa0보유를 통해 제품\xa0경쟁력을 견고히 하고 있습니다.다) 시장점유율 추이미국침대협회 ISPA의 시장규모 자료 및 온라인 점유율 자료를 기준으로 미국 매트리스 시장 및 온라인 매트리스 시장에서 당사의 시장점유율을 계산하였습니다. 온라인 매트리스 시장에 대한 정확한 통계자료가 존재하지 않기 때문에 온라인의 전체적인 점유율을 바탕으로 역산하였습니다. 본 계산 방식에 따르면 당사는 미국 전체 매트리스 시장에서 4~6% 정도의 점유율을 차지하고 있으며, 온라인 매트리스 시장에서는 25~32% 수준의 시장을 점유하고 있는 것으로 분석됩니다.\xa0\xa0\r\n[ 미국 매트리스 시장점유율 ]\n(단위: 백만 USD)\n구 분\n2019년\n2018년\n2017년\n전체\n매트리스 시장\n\xa0시장 규모금액 주1)\n7,381\n7,220\n7,298\n온라인\xa0\n매트리스 시장\n\xa0시장 규모금액\n1,550\n1,155\n1,095\n\xa0비중(%)\n21.0%\n16.0%\n15.0%\n당사 매트리스 판매금액\n390\n315\n348\n당사\n\xa0매트리스 시장점유율\n5.3%\n4.4%\n4.8%\n\xa0매트리스 온라인 시장점유율\n25.2%\n27.3%\n31.8%\n(출처 : 전체 매트리스 시장 시장규모- ISPA, 온라인 매트리스 시장 비중 - Furniture Today 및 bizjournals)\n주1) 도매시장 기준\n다. 신규 사업 등의 내용 및 전망1) 제품의 확장(Category Expansion)\r\n당사는 매트리스, 프레임 등 침실가구에서 거둔 성공모델을 바탕으로 거실, 주방, 서재, 야외공간에서 사용될 수 있는 제품군들의 확장을 적극적으로 추진하고 있습니다.소파, 테이블, 협탁, 파티오 가구 등 신규 분야의 가구제품들을 온라인 유통이 가능한형태로 개발하여 출시하고 있습니다. 거실가구인 소파와 같이 시장규모가 매우 크지만 아직 온라인 거래가 활발하지 않은 새로운 분야에 선제적으로 진출하여 침실가구에서 벗어나 종합 온라인 가구 회사로서 성장하고자 합니다.\n[당사의 제품 확장 전략]\n(출처 : 당사 자료)\n2) 지역적 확장(Geographical Expansion)당사는 전 세계적으로 제품과 그 브랜드의 가치를 가름하는 미국 시장에서 구축한 성공모델과 브랜드 인지도를 바탕으로 판매시장의 지역적인 확장을 지속적으로 추진하고 있습니다. 견고한 협력관계를 맺고 있는 아마존 등 기존 온라인 고객의 적극적인 글로벌 확장 전략이 당사의 신시장 개척을 지원하고 있습니다. 2018년 호주 판매법인을 설립하여 호주 시장에 진출하였으며, 같은 해 하반기부터 한국 내수 시장에서 본격적인 성장을 도모하고 있습니다. 2019년 하반기 일본 판매법인을 설립하여 일본시장에 진출하였으며, 2020년 상반기에는 싱가포르와 인도네시아 판매법인을 추가로 설립하였습니다. 같은 해 하반기에는 베트남 판매법인과 EU 판매를 총괄하는 영국 판매법인이 추가로 설립되어 지역적 확장을 지속적으로 확대해 나가고 있습니다.\n2. 주요 제품 및 서비스\n가.주요제품등의현황\xa0\n(단위 : 백만원, %)\n매출\n유형\n제품명\n2021년 당분기\n2020년\n2019년\n매출액\n비율\n매출액\n비율\n매출액\n비율\n제품(주1)\nMattress\n428,378\n53.5%\n466,068\n47.1%\n422,836\n51.7%\nBedroom Furniture\n311,904\n39.0%\n430,569\n43.5%\n325,633\n39.9%\nOther Furniture\n21,407\n2.7%\n31,950\n3.2%\n24,243\n3.0%\n소 계\n761,688\n95.2%\n928,586\n93.8%\n772,712\n94.6%\n상품 및 기타매출\n39,091\n4.8%\n60,939\n6.2%\n44,425\n5.4%\n매출총계\n800,779\n100.0%\n989,525\n100.0%\n817,138\n100.0%\n※ 2021년 1분기부터 Bedroom Furniture로 분류되던 Pillow 제품을 Other Furniture 카테 고리로 분류하여 매출액을 산정하였습니다.\n\xa0\n주1) 당사 주요 제품에 대한 설명은 다음과 같습니다.\xa0\nNo\n제 품 설 명\n1\nMattress\n\xa0Foam Mattress\n당사의 폼 매트리스는 천연식물성원료를 사용하여 습도가 조절되며, 압력을 흡수하는 컴포트폼이 체형과 자세에 따라 모양을 잡아주어 체중이 분산되고, 뼈와 관절에 가해지는 부담을 덜어준다는 특징을 가지고 있습니다.\xa0\n2\n\xa0Spring Mattress\n수백 개의 스프링이 몸을 탄탄하게 받쳐 주며, 움직임이 분산되어 옆 사람의 뒤척임에도 큰 영향이 없을 만큼 안정적인 것이 특징입니다. 스프링과 폼으로 구성된 스프링 매트리스와 스프링에 특수 폼 (메모리 폼 or 젤 메모리 폼)으로 구성되어 폼과 스프링 매트리스의 장점을 모두 지닌 하이브리드 스프링 매트리스가 대표적입니다.\xa0\n3\n\xa0Topper\n오래된 매트리스 위나 딱딱한 바닥에서 다양한 용도로 사용할 수 있는 얇은 매트리스입니다.\xa0\n4\nBedroomFurniture\n\xa0Frame for Mattress\n매트리스를 받쳐주는 베이스 역할을 하는 제품으로 당사의 제품은 슬림하면서도 모던하고 심플한 디자인을 가지고 있습니다. 메탈 소재의 프레임이 하중을 견고하게 지탱하며, 매트리스의 움직임과소음을 방지하는 우든 슬랫 구조와 매트리스 통풍을 원활히 해주는 스틸 슬랫 구조의 제품들을 판매하고 있습니다.\xa0\n5\n\xa0SmartBase\n접이식 디자인으로 별다른 도구 없이 빠르고 간편하게 설치할수 있고 이동과 보관도 편리하다는 특징을 가진 당사만의 제품입니다. 튼튼한 메탈소재로 제작되어 흔들림 없이 견고하게 매트리스를 지탱하며, 바닥 보호를 위해 프레임의 다리에 고무 캡이 부착되어 있습니다.\n6\n\xa0Box Spring\n매트리스를 받쳐주는 가장 전통적인 방식의 제품으로 별도의 Bed Frame 위에 Box Spring을 올리고사용합니다.\xa0 기존의 부피가 크고 소재도 나무 한 가지였던 박스 스프링 시장에 당사가 접이식, 조립식 박스 스프링을 개발하여 시장으로부터 좋은 반응을 얻고 있습니다. 부피를 획기적으로 줄이고소재도 나무, 스틸, 나무 + 스틸 (하이브리드)로 다양화하고 있습니다.\xa0\n7\n\xa0Platform Bed\n매트리스를 받쳐주는 베이스 역할을 하는 제품으로 모든 Platform Bed는 우든 슬랫 구조로 되어 있어 통풍이 원활하고 매트리스를 안정적으로 지지한다는 특성을 가지고 있습니다. 당사는 헤드보드 뒷면 지퍼 포켓 속에 모든 부품을 넣어 단 하나의 상자로 소비자에게 배송하는 획기적인 포장 방법을 개발하여 적용하고 있습니다.\xa0\n8\nOtherFurniture\n\xa0Furniture\n거실, 서재, 주방 등 집안의 다양한 곳에서 사용되는 가구 및 소파류 그리고 야외 (정원, 뒷 뜰)에서 사용 가능한 Outdoor 가구들이 속해 있습니다.\xa0 과거 부피 때문에 온라인 구매 및 배송이 거의 불가능했으나 당사가 가구들을 컴팩트 한 상자에 담아 배송함으로써 비용을 절약하게 하였으며 축적된 노하우를 바탕으로 배송 중에 제품이 파손되지 않도록 하는 포장 기술을 개발, 적용하여 고객들이 온라인에서도 가구를 안심하고 구매할 수 있도록 하였습니다.\xa0\xa0\n9\n\xa0Pillow\n용도에 따라 수면에 사용되는 일반적인 Pillow와 수면 외의 목적으로 사용되는 Accessory pillow (여행용, 등받침, 쿠션)등으로 나뉘어 집니다.\xa0 일반 Pillow 중 가장 보편적인 디자인은 목과 등의 연결 곡선을 바르게 정렬하는 인체공학적 디자인의 컨투어 필로우와 어떤 자세로 누워도 편안한 전통형 필로우가 있습니다.\xa0\n나. 주요 제품등의 가격 변동 추이 1) 가격변동추이\xa0\r\n(단위: 원, USD)\n품 목\n2021년 당분기\n2020년\n2019년\nMattress\n내수\n122,023\n121,093\n130,269\n수출\n118,242\n124,741\n122,628\n\xa0$105\n$106\n$ 104\nBedroom Furniture\n내수\n92,481\n66,229\n55,602\n수출\n79,278\n78,906\n70,847\n\xa0$70\n$67\n$ 61\nOther Furniture\n내수\n18,207\n-\n18,950\n수출\n43,713\n40,627\n28,424\n\xa0$39\n$34\n$ 24\n※ 2021년 1분기부터 Bedroom Furniture로 분류되던 Pillow 제품을 Other Furniture로 분류하여 매출액을 산정하였습니다. 2) 가격산출 기준 및 가격변동원인\n가) 가격산출 기준\n품목별 내수 및 수출의 각 매출금액을 매출수량으로 나누어 가격을 산출하였습니다.\n\xa0\n나) 가격의 변동원인\n당사는 1천여 개 이상의 다양한 매트리스 및 가구 제품을 생산하여 다양한 채널을 통해 판매하고 있습니다. 당사가 판매하는 제품은 최종소비자에게 판매되는 소비재로서, 일반적으로 원가의 변동이나 물가의 변동 등이 즉각적으로 가격에 반영되지 않고다소 경직적인 것이 특징입니다. 당사가 산출한 평균가격(매출금액/매출수량)은 유통업체에 납품하는 도매가격으로 아래와 같은 원인에 의해 복합적으로 평균 가격이 변동합니다.\n[평균 판매단가 변동원인]\n변동원인\n내용\n제품 Mix의 변경\n주력 제품들의 판매 비중이 변화하면 평균 가격이 변동됩니다.\n연간 가격 협상\n주요 제품의 경우 유통업체와 매년 일정 수준의 가격 조정을 협상하며, 협상의 결과에 따라 판매가격이 변동하게 됩니다.\n판매 채널의 변화\n판매 채널별로 주력으로 판매하는 제품의 가격대가 상이하므로, 상대적으로 가격대가 높은 제품들을 판매하는 유통업체의 판매 비중 변동에 따라 전체 평균 판매가격이 변동하게 됩니다.\n\xa0\n당사의 판매단가 변동은 상기와 같은 여러 요인이 복합적으로 적용되었으나, 다른 요인에 비해 제품 구성의 변화에 따른 단가 변동 효과가 가장 크게 작용하는 것으로 판단하고 있습니다.\n3. 원재료 및 생산설비\n가. 주요 원재료 매입 현황\n(기준일 :\xa0\n2021년 09월 30일\n)\n(단위 : 백만원)\n구 분\n주1)\n원ㆍ부\n재료명\n주요 매입처\n주2)\n2021년 당분기\n2020년\n2019년\n\xa0CHEMICAL\nTDI\nCovestro Polymers (China) Co. Ltd. / HANHWA CHEMICAL 등\n12,205\n28,685\n20,265\nMDI\nWanhua Chemical group Co. Ltd.\n22,162\n23,371\n23,381\n\xa0Polyol\nDow Chemical (Shanghai) Co. Ltd.\xa0\nCOVESTRO (HONG KONG) LIMITED/KPX CHEMICAL CO., LTD 등\n82,715\n81,487\n63,212\nOthers\nOsic Performance Materials\n\xa0(Shanghai) Co. Ltd.\n15,999\n17,745\n14,003\n소\xa0 계\n133,081\n151,287\n120,86\nSPRING주3)\nPocket\xa0\nSpring 등\n\xa0Lianfengsheng Bedding Co. Ltd.\n3,333\n6,806\n21,248\n\xa0Steel Wire\nPT.ANEKA BAJA PERKASA INDUSTRY\nFoshan Liankun Metal Products Co., Ltd.\n16,959\n10,478\n-\n소계\n20,292\n17,284\n21,248\nFRAME\nSteel\n\xa0Coil 등\n\xa0Xiamen SK ment Co. Ltd. 등\n18,433\n28,529\n14,830\n※ 당사는 원재료를 중국, 인도네시아를 포함한 여러 국가에서 조달하고 있습니다. 해당 국가들의 사용 통화가 서로 다른 관계로 각각의 원재료별 매입액은 모두 원화로환산한 뒤 합산하여 기재하였습니다.\n주1) 종속기업 중 생산법인이 매입한 원부재료 금액을 기준으로 집계하였습니다. 주2) 주요 매입처 중 당사의 특수관계자는 없습니다.\n주3) 2020년 반기부터 SPRING 원ㆍ부 재료명에 SPRING 생산 목적의 Steel Wire를 포함 하여 매입액을 산정하였습니다.\n\xa0\n나. 주요 원재료 가격 변동 추이\xa0\n(단위 : 원)\n구 분\n(주1)\n\xa0원ㆍ부재료명\n국내\n/수입\n\xa0단위\n\xa02021년 당분기\n2020년\n2019년\n\xa0CHEMICAL(주2)\nTDI\n수입\nKG\n2,188\n1,699\n2,035\nMDI\n수입\nKG\n4,127\n2,936\n3,226\nPolyol\n수입\nKG\n2,886\n1,879\n1,825\nOthers\n수입\nKG\n4,167\n3,360\n4,130\nSPRING(주3)\nPocket Spring 등\n수입\nPC\n21,211\n24,508\n25,325\nSteel Wire\n수입\nKG\n1,176\n881\n-\nFRAME\nSteel Coil 등\n수입\nKG\n854\n631\n677\n※ 당사는 원재료를 중국, 인도네시아를 포함한 여러 국가에서 조달하고 있습니다. 해당 국가들의 사용 통화가 서로 다른 관계로 각각의 원재료별 매입액은 모두 원화로 환산한 뒤 합산하여 기재하였습니다.\n주1) 당사의 사업구조를 반영하여 연결 기준으로 주요 원재료의 가격변동 추이를 산정하였습니다.\n주2) 당사의 제품 중 메모리폼 매트리스는 Polyol, TDI, MDI 등의 화학원료가 상당부분을 차지하고 있으며, TDI나 MDI로 대표되는 화학제품은 공급시장의 변화에 따라 그 가격이 변동됩니다.\n주3) 2020년 반기부터 SPRING 원ㆍ부 재료명에 SPRING 생산 목적의 Steel Wire를 포함 하여 원재료 가격을 산정하였습니다.\n\xa0\n다.생산능력 및 생산능력의 산출근거\n\xa0\n당사는 모든 생산이 해외법인 또는 해외 외주공장에서 진행되고 있습니다. 따라서, 아래 생산 능력은 법인별로 기재하였습니다. 또한, PT. Zinus Global Indonesia는 2018년에 설립되어, 2019년 부터 상업생산을 시작하였습니다. 미국생산법인은 2021년6월 하순부터 상업생산을 개시하여 당 보고서에 기재하였습니다.\n1) 생산능력\n(단위 : 천개, %)\n품 목\n사업소\n2021년 당분기\n2020년\n2019년\n생산\n능력\n생산\n실적\n생산\n가동율\n생산\n능력\n생산\n실적\n생산\n가동율\n생산\n능력\n생산\n실적\n생산\n가동율\n\xa0Mattress\n중국 생산법인\n940\n625\n66.5%\n968\n678\n70.0%\n2,578\n1,812\n70.3%\n인도네시아 생산법인\n2,697\n2,223\n82.4%\n3,506\n3,079\n87.8%\n1,817\n1,590\n87.5%\n미국 생산법인\n96\n28\n29.2%\n-\n-\n-\n-\n-\n-\n소 계\n3,733\n2,876\n77.0%\n4,474\n3,757\n87.8%\n4,395\n3,402\n77.4%\nBedroom Furniture\n중국 생산법인\n3,020\n2,313\n76.6%\n3,595\n3,284\n91.3%\n1,710\n1,160\n67.8%\nOther Furniture\n중국 생산법인\n170\n108\n63.4%\n282\n149\n52.6%\n61\n16\n26.7%\n※ 상기 자료는 누적기준으로 작성되었습니다.\r\n※ 생산능력 = 사업장별 연간 조업일수 및 조업시간에서 생산설비를 최적으로 가동 했을 경우의 생산량\n라.생산설비에 관한 사항\n(단위: 천원)\n구\xa0\xa0 분\n토 지\n건 물\n기계장치\n차량운반구\n공구와기구\n시설물\n사용권자산\n기타의유형자산\n건설중인자산\n합 계\n\xa0당분기\n\xa0 기초금액\n12,567,016\n118,188,054\n24,175,648\n2,596,692\n3,250,941\n9,971,286\n67,937,350\n2,235,731\n22,570,270\n263,492,988\n\xa0 취득/자본적지출\n648,486\n889,003\n464,925\n1,152,492\n461,611\n382,622\n614,489\n343,283\n48,993,759\n53,950,670\n\xa0 처 분\n-\n-\n(120,352)\n(49,233)\n(14,596)\n-\n-\n(9,042)\n(45,240)\n(238,463)\n\xa0 대 체\n-\n549,999\n5,066,911\n(111,740)\n965,919\n8,906,114\n-\n5,561\n(20,256,867)\n(4,874,103)\n\xa0 감가상각\n-\n(4,065,913)\n(3,275,464)\n(568,935)\n(929,578)\n(1,297,905)\n(8,495,328)\n(643,008)\n-\n(19,276,131)\n\xa0 외환차이\n846,222\n10,580,502\n2,315,922\n264,551\n312,864\n1,271,586\n5,697,460\n146,255\n3,261,003\n24,696,365\n\xa0 분기말금액\n14,061,724\n126,141,645\n28,627,590\n3,283,827\n4,047,161\n19,233,703\n65,753,971\n2,078,780\n54,522,925\n317,751,326\n\xa0당분기말\n\xa0 취득원가\n14,061,724\n145,696,278\n42,820,371\n5,902,777\n7,367,590\n23,335,535\n92,941,960\n6,439,381\n54,522,925\n393,088,541\n\xa0 상각 및 손상누계액\n-\n(19,554,633)\n(14,192,781)\n(2,618,950)\n(3,320,429)\n(4,101,832)\n(27,187,989)\n(4,360,601)\n-\n(75,337,215)\n마. 제품별 생산 공정도1) Mattress 생산당사의 메모리폼 및 스프링 매트리스 제품은 아래와 같은 공정도를 거쳐 생산이 됩니다.\n[메모리폼 및 스프링 매트리스 생산공정도].\n\xa0\n2) Bedroom Furniture 생산SmartBase나 다양한 Platform Bed 등은 사양에 따라 매우 다양한 생산과정을 거치게 됩니다. 기본적으로 지누스는 냉연강판을 구입하여서 조관(구부려서 파이프를 만드는 작업), 절단, 용접, 분체 도장(페인팅)하는 모든 작업을 직접 수행합니다.\xa0 특히, 사람의 노동력에 의존하지 않고 최신 자동 설비로 생산공정을 진행하기 때문에 균일한 품질의 제품이 생산되고 생산성이 유지됩니다.\xa0 아래와 같이 철제를 활용한 다양한 침실가구를 생산하는 공정도 및 주요 공정 사진을 참고하실 수 있도록 정리하였습니다.\n[SmartBase 및 Platform Beds 생산공정도]\n4. 매출 및 수주상황\n가. 매출 실적\n(단위: 백만원)\n매출\n유형\n품 목\n2021년 당분기\n2020년\n2019년\n제품\n\xa0Mattress\n수출\n408,345\n452,570\n\xa0\xa0 411,892\n내수\n20,032\n13,498\n11,007\n\xa0Bedroom Furniture\n수출\n308,180\n427,452\n\xa0 \xa0 \xa0 323,727\n내수\n3,724\n3,117\n1,906\n\xa0Other Furniture\n수출\n21,060\n31,945\n\xa0 24,211\n내수\n347\n4,928\n31\n수출 소계\n737,585\n911,966\n\xa0 \xa0 759,768\n내수 소계\n24,103\n13,498\n11,007\n수출 및 내수 소계\n761,688\n928,586\n\xa0\xa0 772,712\n상품\n\xa0Mattress\n수출\n29,455\n42,949\n\xa0 \xa0 34,512\n내수\n-\n-\n-\n\xa0Bedroom Furniture\n수출\n7,248\n8,346\n\xa0\xa0 6,611\n내수\n-\n-\n-\xa0\n\xa0Other Furniture\n수출\n2,388\n9,643\n\xa0 \xa0 3,302\n내수\n-\n-\n-\xa0\n수출 소계\n39,091\n60,939\n\xa0 \xa0 44,425\n내수 소계\n-\n-\n-\xa0\n수출 및 내수 소계\n39,091\n60,939\n\xa0 \xa0\xa0 44,425\n합계\n수출 합계\n776,676\n972,905\n804,193\n내수 합계\n24,103\n16,620\n12,,944\n수출 및 내수 합계\n800,779\n989,525\n\xa0817,138\n※ 2021년 1분기부터 Bedroom Furniture 카테고리로 분류되던 Pillow 제품을 Other Furniture 카테고리로 분류하여 매출액을 산정하였습니다.\n나. 판매경로별 매출액\n(단위: 개, 백만원)\n판매경로\n2021년 당분기\n2020년\n2019년\n수량\n금액\n비중\n수량\n금액\n비중\n수량\n금액\n비중\n온라인 채널\n6,896,053\n636,245\n79.5%\n9,200,937\n829,635\n83.8%\n7,805,834\n648,293\n79.3%\n오프라인 채널\n1,545,187\n164,534\n20.5%\n1,476,758\n159,890\n16.2%\n1,585,046\n168,845\n20.7%\n합계\n8,441,240\n800,779\n100.0%\n10,677,695\n989,525\n100.0%\n9,390,880\n817,138\n100.0%\n※ 상기 자료는 누적기준으로 작성되었습니다. \n다. 판매 전략당사는 철저한 시장조사를 통해 소비자들의 니즈를 파악하고 당사의 주요 거래처의 특성에 맞는 당사만의 판매전략을 수립하고 추진하고 있습니다. 당사의 주요 제품 판매전략은 다음과 같습니다.\xa0\r\n전략\n1. 제품명 설정 시 순위권 검색어를 반영하여 노출 빈도 극대화\xa0\n2. 온라인 채널별 차별화된 제품 전략\n3. 최대 판매시즌에 온라인채널과 협업하여 제품 판매\xa0\n4. Sponsor AD\n5. 고객의 의견에 따른 경영\n라. 주요매출처 등 현황\n(단위: 백만원)\n매출처\n구분\n매출액\n2021년 당분기\n2020년\n2019년\n금 액\n비 중\n금 액\n비 중\n금 액\n비 중\n고객1\n수출\n352,834\n44.1%\n490,036\n49.5%\n387,920\n47.5%\n고객2\n수출\n250,714\n31.3%\n255,495\n25.8%\n259,664\n31.8%\n고객3\n수출\n98,151\n12.3%\n128,303\n13.0%\n79,241\n9.7%\n5. 위험관리 및 파생거래\n가. 외환위험당사는 국제적으로 영업활동을 영위하고 있기 때문에 외환위험, 특히 주로 미국달러화 및 인도네시아 루피아와 관련된 환율 변동 위험에 노출되어 있습니다. 외환위험은미래예상거래, 인식된 자산과 부채, 해외사업장에 대한 순투자와 관련하여 발생하고 있습니다.나. 이자율 위험이자율 위험은 미래의 시장이자율 변동에 따라 예금 또는 차입금 등에서 발생하는 이자수익 및 이자비용이 변동될 위험을 뜻하며, 이는 주로 변동금리부 조건의 예금과 차입금에서 발생하고 있습니다. 당사의 이자율 위험관리의 목표는 이자율 변동으로 인한 불확실성과 순이자비용의 최소화를 추구함으로써 기업의 가치를 극대화하는데 있습니다.당사는 보고기간말 현재 변동금리부 차입금 대비 변동금리부 예금이 적어서 이자율 상승 시 순이자비용이 증가합니다. 한편, 당사는 내부자금 공유 확대를 통한 외부차입 최소화, 고금리 차입금 감축, 장/단기 차입구조 개선, 고정 대 변동이자 차입조건의 적정비율 유지, 대응방안 수립 및 변동금리부 조건의 단기차입금과 예금을 적절히운영함으로써 이자율 변동에 따른 위험을 최소화하고 있습니다.다. 신용 위험신용위험은 기업 및 개인 고객에 대한 신용거래 및 채권 뿐 아니라 현금성자산, 채무상품의 계약 현금흐름, 유리한 파생상품 및 예치금 등에서도 발생합니다.1) 위험관리당사는 지속적으로 신용위험을 관리하고 있으며, 은행 및 금융기관의 경우 우량 신용등급의 은행 및 금융기관과만 거래합니다.기업 고객의 경우 외부 신용등급을 확인할 수 있는 경우 동 정보를 사용하고 그 외의 경우에는 내부적으로 고객의 재무상태와 과거 경험 등을 근거로 신용등급을 평가합니다. 고객별 한도는 내부 및 외부 신용등급에 따라 한도를 적용하며, 경영진은 이러한 고객별 한도의 준수 여부를 정기적으로 검토합니다. 개인 고객에 대한 매출은 현금 또는 허용된 신용카드 거래만을 허용하여 신용위험을 최소화합니다. 당사가 보유하는 채무상품은 모두 낮은 신용위험의 상품에 해당합니다. 이러한 채무상품들에 대해서는 신용등급을 모니터링하여 신용위험의 하락을 평가하고 있습니다.2) 신용보강일부 거래처에 대해서는 계약 불이행을 방지하기 위해 일정 비율의 선수금을 받고 거래를 진행하고 있습니다.3) 금융자산의 손상당사는 기대신용손실 모형이 적용되는 다음의 금융자산을 보유하고 있습니다.ㆍ 재화의 제공에 따른 매출채권ㆍ 상각후원가로 측정하는 기타 금융자산현금성자산도 손상 규정의 적용대상에 포함되나 식별된 기대신용손실은 유의적이지 않습니다.\n라. 유동성 위험유동성위험은 연결회사의 경영환경 또는 금융시장의 악화로 인해 당사가 부담하고 있는 단기 채무를 적기에 이행하지 못할 위험으로 정의합니다. 당사는 적정 유동성의유지를 위하여 주기적인 자금수지 예측, 조정을 통해 유동성 위험을 관리하고 있습니다.마. 자본위험관리 당사의 자본관리 목적은 계속기업으로서 주주 및 이해당사자들에게 이익을 지속적으로 제공할 수 있는 능력을 보호하고 자본비용을 절감하기 위해 최적 자본구조를 유지하는 것입니다.당사는 자본조달비율에 기초하여 자본을 관리하고 있습니다. 자본조달비율은 순부채를 총자본으로 나누어 산출하고 있습니다. 순부채는 총차입금(연결재무상태표의 장단기차입금 및 사채 포함)에서 현금 및 현금성자산을 차감한 금액이며 총자본은 연결재무상태표의 ""자본""에 순부채를 가산한 금액입니다.본 보고서 작성 기준일 현재 당사의 부채비율은 다음과 같습니다.\n(단위: 천원)\n구\xa0\xa0 분\n당분기말\n전기말\n부 채\n492,061,630\n482,394,178\n자 본\n465,457,380\n414,413,207\n부채 비율\n105.7%\n116.4%\n본 보고서 작성 기준일 현재 당사의 자본조달비율은 다음과 같습니다.\n(단위: 천원)\n구\xa0\xa0 분\n당분기말\n전기말\n\xa0총차입금 (A)\n272,995,213\n234,168,100\n\xa0차감:현금및현금성자산 (B)\n113,978,958\n96,745,947\n\xa0순부채 (C=A-B)\n159,016,255\n137,422,153\n\xa0자본총계 (D)\n465,457,380\n414,413,207\n\xa0총자본 (E=C+D)\n624,473,634\n551,835,360\n\xa0자본조달비율 (F=C/E)\n25.5%\n24.9%\n6. 주요계약 및 연구개발활동\n가. 주요계약당사는 본 보고서 작성 기준일 현재 회사의 재무상태에 영향을 미치는 비경상적인 중요계약이 존재하지 않습니다. 나. 연구개발활동\n1) 연구개발 담당조직\xa0\n팀 구분\n인원(명)\n업무\n임원\n1\nHead of Design Dept.\n디자인1팀\n6\nBed Room / Mattress Design\n디자인2팀\n3\nLiving Room / Outdoor Design\xa0\n디자인3팀\n5\nDining Room / Office Furniture Design\n그래픽디자인팀\n3\nCommunication Design\n합계\n18\n당사는 연구 개발에 대한 지속적인 투자를 통하여 기반 기술을 확보하고 새로운 카테고리로 사업을 확장하기 위해 노력하고 있습니다. 특히 소파, 테이블 등 기존 시장은 크지만 온라인 판매가 활성화되지 못한 분야에서 온라인 판매를 촉진할 수 있도록 배송이 간편하고 설치에 용이하며 디자인이 우수한 제품을 개발하기 위하여 연구 개발 역량을 집중하고 있습니다.\n\xa0\n당사가 연구개발 역량을 집중하는 분야는 주요 자재인 폼의 물성을 개선하기 위한 화학적 분야와 철제 및 목제 구조물의 소비자 편의성을 높이고 안정성과 강도를 강화하기 위한 구조물 엔지니어링 분야입니다. 제품의 미관을 아름답게 하고 소비자의 편안함을 향상시키기 위하 여 원단류에 대한 연구 개발에도 주력하고 있으며, 안전한 물류관리와 배송을 위하여 포장방법을 지속적으로 개선하고 있습니다. 이러한 연구개발의 결과로 당사는 현재\xa0496종\xa0이상의 특허권과 실용신안권을 해외와 국내에서 보유하고 있습니다.\r\n\xa0\n한국의 디자인 R&D센터에서는 세계적인 디자인 트렌드에 부합되는 다양한 디자인 제품을 개발하여 일본 Good Design Award, 미국 IDEA Award, Reddot Design Award, A’Design Award 등 권위있는 디자인 공모전에서 수상한 기록을 가지고 있습니다.\n\xa0\n당사는 국내외 가구 시장의 변화를 선도할 수 있는 제품을 개발하고 글로벌 디자인 트렌드에 신속하게 대응하여 온라인 가구시장의 발전을 지속적으로 선도해 나갈 것입니다. 이를 위해 한국 디자인 R&D센터를 중심으로 국내외 우수 인재를 지속적으로 확보하면서 우수기술 보유기업과의 전략적제휴 등도 지속적으로 추진해 나가고있습니다.\n\xa0\n2) 연구개발비용\n(단위 : 백만원)\n구 분\n2021년 당분기\n2020년\n2019년\n원재료\n180\n195\n2,056\n인건비\n1,118\n1,420\n2,636\n제조경비\n-\n-\n-\n위탁용역비\n516\n797\n905\n기타\n967\n933\n848\n합 계\n2,781\n3,345\n6,445\n자산계상\n\u3000\n-\n-\n비용계상\n2,781\n3,345\n6,445\n연구개발비/매출액 비율\n0.4%\n0.3%\n0.8%\n3) 연구개발 실적\n구분\n연구결과 및 수상실적\n2016년\n\xa0- 하이브리드 베드 프레임 \'Tuscan , Sonoma, Urban, Contemporary\' 시리즈 개발\n\xa0- 모던 스튜디오 테이블 시리즈 개발:\xa0 16\' 미국 Good Design 어워드 : Winner 선정\n\xa0- Sonnet 베드 프레임 개발:\xa0 17\' 일본, 미국 Good Design 어워드 : Winner 선정\n2017년\n\xa0- Ironline 하이브리드 베드 프레임 개발:\xa0 미국 Good Design 어워드 : Winner 선정\n\xa0- 우드 베드 프레임 \'Cottage, Mid-Century, Industrial, Provence\' 시리즈 개발\n\xa0- \'Justina Standing Box Spring\' 시리즈 3종 개발\n\xa0- \'Bio Fusion\', \'Charcoal\', \'Mint Green\' 폼/스프링 매트리스 개발\n\xa0- 데이베드 카테고리 런칭 Metal Daybed \'Split-Rail\' 외 8종 개발\n\xa0- 다이닝 테이블 카테고리 런칭 \'Farmhouse ,Mid-Century, Alto 17 종 Table 시리즈\' 개발\n\xa0- Alto Table:\xa0 18’ 일본,미국 Good Design 어워드 : Winner 선정\n\xa0- \'Smart Adjust Standing Desk\' 시리즈 14종 개발\n\xa0- 펫 카테고리 런칭 \'Basic Foam Stair 시리즈\' 개발\n2018년\n\xa0- 소파 카테고리 런칭 \'Contemporary, Classic, Mid-Century 시리즈\' 소파 10종 개발\n\xa0- Outdoor Sofa & Table 카테고리 런칭 \'Conversation Sofa Set\' 시리즈 5종 개발\n\xa0- \'Outdoor Dining Table & Chair Set\' 5종 개발\n\xa0- \'Acacia Wood Bed\' 시리즈 4종 개발\n\xa0- 신규 매트리스 \'Eucalyptus\', \'Cloud-Like & Gel\', \'그린티 2.0\' 시리즈 개발\n\xa0- \'Savannah\' 컴팩 베드 프레임 시리즈 3종 개발\n\xa0- \'Double Deck Lifting Table\' 시리즈 개발: 18\' 한국 GD 어워드 : Winner 선정\n2019년\n- 2세대 Sofa-in-a-box 개발\n- K-Design Collection 개발 : 베드룸, 리빙룸 11종\xa0\n- Adjustable bed base 및 전용 매트리스 개발\n- 헤드보드 틸팅 기능의 Avery Platform Bed with Reclining headboard 4종 개발\n- Customizable Bed Frame & Headboard 시스템 개발\xa0\n- 2019 Red Dot Concept Award Best of Best : Cord Reel Table\n- 2019 Red Dot Concept Award Winner : Photo Table\n- 2019 Good Design Award Japan Winner : Folding Lock Table\n- 2019 Good Design Award USA Winner (총6개) : \xa0\xa0 Quick Snap Standing Mattress Foundation, Wooden Compack Bed Frame, Uncovered Box\xa0 \xa0\xa0 Spring, Ironline Platform Bed w/o Headboard, Lever Lock Desk, Screw Lock Desk\n2020년\n- 베스트셀링 매트리스 제품 업그레이드: Green Tea, Ultima, Gel-Infused, Cloud- Made in USA 매트리스 개발: Bliss, Green Tea Luxe, Ultra Cool Gel, Winter Cloud- 3세대Sofa-in-a-box 개발: 모듈러 소파 플랫폼- 2020년 Red Dot Concept Award Best of the Best : Moving Z- 2020년Red Dot Product Award Winner (총2개): Lever Lock Desk, Folding Lock Desk- 2020년IDEA Award Finalist (총2개): Moving Z, Parker Platform Bed System- 2020년US Good Design Award Winner (총4개): Logan & Thomson Sectional Sofa, \xa0\xa0 Avery Platform Bed with Reclining Headboard, Bree Platform Bed, K-Design collection\n2021년\n- OPP mattress collection \'Essential\' 개발 : Hard foam, Memory foam\xa0 두 개의 콜렉션 출시\n- 필로우 3종 개발 : shredded foam, auto cut foam, mold foam 타입 - 포장, 커버 개선을 포함한 필로우 카테고리 재진입을 위한 개발\n-\xa0 Sofa-in-a-box 개발 2 콜렉션 개발 :\xa0 Jamison with capsule bracket, Luca with w-clip\xa0\n- 다기능 소파 및 오토만 개발 (총 7개) : Quinn sleeper sofa, foldable foam sofa OPP & Better,\xa0\xa0 오토만 6개-소파 core collection을 위한 구색 아이템\n- Mid-Century modern style 목재 베드프레임 개발 (총 4종) : Linda, Allen, Raymond, Amelia - 목재 소재 다변화를 위한 대나무 베드프레임 개발(총 6개) : \xa0\xa0 칼라옵션에 따른 Suzanne bamboo version 2개, OPP Figari 2개, Better tier 2개\xa0\n- OPP 카테고리 강화를 위한 Mixed material platform bed 개발 (총 3종) : Mory 2종, Tucker\n- 중고가 채널 출시를 위한 스틸베드프레임 콜렉션 개발 (총 10개) : \xa0\xa0 gold, industrial finishing의 캐노피, 플랫폼 베드 프레임\n- 2021년 버전 Savannah & Pablo Outdoor collection 개발 (총 24개) : \xa0\xa0 알루미늄 소재 첫 적용 제품. Conversation set 출시 완료.\xa0\n- 2021년 IF Design Award\xa0 : Zinus Box Opener\n7. 기타 참고사항\n가. 지적재산권 보유 현황당사는 R&D활동의 지적 재산화에도 집중하여 본 보고서 작성기준일 현재 국내와 해외 상표권, 특허권 등을 820건 신청ㆍ등록 완료하였습니다.\n구분\n등록\n국내상표권\n51\n해외상표권\n273\n국내 특허권 및 실용신안권\n27\n해외 특허권 및 실용신안권\n469\n합 계\n820\n나.\xa0ESG (Environmental, Social, Governance) 경영\n당사는 미국을 포함한 다수의 국가에 매트리스와 침대, 소파 및 기타 가구 제품 등을 제공하며 전세계 많은 사람들의 수면과 삶의 질이 향상될 수 있도록 노력하고 있습니다. 또한, 지역사회와 환경을 보호하며 사회적 가치를 실현해야 한다는 사실을 명확하게 인지하고 있습니다. 특히, 장기 기업가치 제고를 위한 ESG 경영의 중요성에 깊이 공감하고 있으며, 재무적 성과뿐만 아니라 환경, 사회, 지배구조 등 비재무 성과의 극대화로 글로벌 표준에 부합하는 지속가능경영 달성을 위해 노력하고 있습니다.\n당사의 이사회와 경영진들은 지속가능한 경영을 위해 ESG를 최우선 요소로 고려하고 있습니다. 당사가 세계 최초로 상업화하여 오늘날 시장을 선도하고 있는 박스 포장 매트리스(Mattress-In-A-Box)가 전세계 매트리스 시장에 혁신을 일으켰듯이, ESG 경영에서도 새로운 관점에서 혁신적인 방향성을 제시할 수 있도록 노력하겠습니다.\n\xa0\n1) 친환경 포장방식 도입\n모든 제품이 온라인 유통망을 통해 공급되는 당사의 특성상 배송 포장에 사용되는 원자재의 양과 종류는 환경 보호와 밀접한 관련이 있습니다. 당사는 2020년 9월부터 재활용이 어려운 기존 스티로폼 대신 100% 재생종이를 사용한 친환경 포장방식을 도입하였습니다. 그 결과, 첫 도입이래 2021년 8월 현재까지 약 110톤에 이르는 스티로폼 사용량을 줄일 수 있었습니다. 앞으로도 당사는 친환경 재생종이 포장재 도입을 확대해서 매년 100톤 이상의 스티로폼을 꾸준히 절감할 계획입니다. 또한, 현재 사용중인 PE 필름도 자연분해가 가능한 친환경 필름으로 교체하는 작업을 추가로 진행 중에 있습니다. 당사는 앞으로도 친환경 포장방식을 더욱 고도화 함으로써 자체 공장 출고분에 대해서는 내년까지 모든 포장재를 100% 친환경 자재로 대체하겠다는목표를 적극적으로 추진할 계획입니다.\xa0\n\xa02) 친환경 인증마크 획득 당사는 제품생산에 있어 인체에 무해하고 친환경적인 원자재 사용을 최우선으로 고려하고 있습니다. 2021년 5월 당사의 중국 및 인도네시아 생산법인에서 생산하는 매트리스, 소파, 가구 등 모든 제품들은 글로벌 친환경 섬유제품 품질 인증마크인 STANDARD 100 by OEKO-TEX 인증을 획득하였습니다. 이를 통해 당사가 생산하는 제품들에 사용된섬유 원자재의 친환경성, 인체 무해성을 공식적으로 인정받는 계기가 되었으며, 향후 타생산법인에서도 이러한 인증 획득을 확대해 나갈 계획입니다. 또한, 섬유 뿐만 아니라 목재가 사용되는 제품 생산에 있어서도 친환경 원자재를 최우선적으로 선별하여 사용하고 있습니다. 예를 들어, 가구 생산에 필요한 외주업체 선정에 있어서는 글로벌 친환경 목재 인증인 FSC(Forest Stewardship Council)의 FMC(Forest Management Certification) 획득 여부를 최우선적으로 고려하고 있습니다. 당사 또한 자체 출고하는 제품들이 조속히 해당 인증 획득할 수 있도록 올해 안에 필요한 모든 준비를 마무리 할 계획입니다. \n3) \'In-A-Box\' 포장을 통한 탄소 발자국(Carbon footprint) 최소화\n당사의 모든 제품은 하나의 상자에 담기는 \'In-A-Box\' 컨셉으로 판매되고 있습니다.모든 매트리스와 가구들이 하나의 박스에 압축 포장되기 때문에 기존 오프라인 포장방식 대비 부피가 매우 줄어드는 효과가 있습니다. 이는 물류 측면에서 봤을 때 한 번에 더 많은 제품을 수용함으로써 훨씬 더 효율적인 운송을 가능하게 합니다. 결과적으로 해상 및 육로 운송에서 필연적으로 발생하는 연료사용량을 줄일 수 있으며 이를통해 탄소 발자국 (Carbon footprint)이 최소화되는 효과가 있습니다.\xa0\n\xa0\n4) Zero Waste Policy 지향\n당사는 생산 공정에서 필연적으로 발생하는 폐기물을 최소화하기 위해 장기적인 Zero Waste Policy를 수립하여 운영해오고 있습니다. 일례로, 메모리폼 생산과정에서 부산물로 발생하는 스크랩 폼(Scrap foam)을 제품 개발에 활용함으로써 생산성은 높이고 폐기물 발생은 최소화하는 방식을 채택하고\xa0있습니다.\n\xa0\n5) 신재생 에너지의 적극적 도입\n당사는 생산시설에 대표적인 친환경 에너지로 분류되는 태양광 발전설비를 도입함으로써 친환경 에너지 사용률을 높이고 외부 전력량 사용을 절감하기 위한 계획을 추진중입니다. 2021년 연말까지 7만평 이상의 공장부지를 가진 중국 화안공장 지붕에 태양광 패널을 설치함으로써 외부 전기 사용을 최소화하면서 생산라인이 가동될 수 있도록 준비하고 있습니다. 중국 화안공장을 시작으로 미국 서부에 위치한 물류창고에도 태양광 패널 도입이 예정되어 있으며 향후 당사의 다른 시설에도 점차 도입을 늘려 나갈 계획입니다.\n\xa0\n6) 제품 기부 활동 (ZINUS Hope Mattress Campaign)\n당사의 경영철학은 \'행복경영 - 직원, 고객, 이웃\'에 기반합니다. 당사가 지속경영에 필요한 많은 도움을 지역사회로부터 받고 있기에, 당사가 얻은 이익 중 일부는 지역사회에서 필요로 하는 재원으로 제공되어야 한다고 믿습니다. 이러한 경영철학에 따라 당사는 오래 전부터 자체적인 Hope Mattress Campaign등을 통해 꾸준히 전 세계분쟁국가 및 취약계층에 대한 매트리스, 프레임 나눔 활동을 이어오고 있습니다.\xa0\n(가) 아프리카 (잠비아, 시에라리온) 매트리스 나눔 프로젝트 : 2017년과 2018년 어린이재단(Childfund)과의 제휴를 통해 아프리카 잠비아와 시에라리온에 매트리스와 프레임을 기증하는 프로젝트를 진행하였습니다. 2년 동안 기증된 매트리스와 프레임은 총 8,000개 이상이며, 기증된 매트리스와 프레임은 각각의 해당 국가들의 복지기관에 배분되어 소외된 계층에게 전달되었습니다.\n(나) Hope Mattress 나눔 프로젝트 : 2019년에도 사회복지법인인 대한적십자사와 동천학원에 당사의 메모리폼 매트리스와 프레임을 지원하는, Hope Mattress 캠페인 활동을 이어갔습니다. 대한적십자사에는 1,400개의 메모리폼 매트리스를, 동천학원에는 메모리폼 매트리스와 프레임을 각각 426개, 103개씩 기부하였습니다.\n(다) 사랑의 매트리스 드림 (Dream) : 2017년 신한카드와 사회복지법인 \'아이들과 미래재단\'과 함께 크리스마스 연말을 맞아 사회복지시설에게 메모리폼 매트리스를 지원하는 \'사랑의 매트리스 드림(Dream)\' 활동으로 나눔 프로젝트를 실천했습니다. 전국 126개의 비영리기관 및 단체에 총 2,700개의 메모리폼 매트리스를 기부하였습니다.\n\xa0\n7) 지역 사회 장학금 전달\n당사는 사업을 영위하고 있는 중국/인도네시아에서 회사와 직원들이 함께 참여하는 장학금전달, 지역사회 기부활동을 상시화 하고 있습니다. 향후에도 다양한 국가별 사회공헌 활동을 통해 지역사회와 함께 성장할 수 있도록 힘쓸 예정입니다.\xa0\xa0\n\xa0\n8) 지누스 윤리강령(Code of Conduct) 도입\n당사는 기업의 장기적인 성공이 윤리적이고 존경스러운 기업 시민이 되는 것과 깊은관련이 있다고 믿습니다. 이에 따라 당사의 글로벌 HR팀은 전사 조직에 통용되는 윤리강령(Code of Conduct)을 배포하고 상시 교육하고 있습니다. 이는 당사의 직원뿐만 아니라 관계를 맺고 있는 협력사들에게도 적용되며, 협력하고 있는 모든 기업으로부터 윤리서약서를 받고 거래를 이어가고 있습니다.\xa0\n']"
