text
"['\n7. 증권의 발행을 통한 자금조달에 관한 사항\n7-1. 증권의 발행을 통한 자금조달 실적\n가. 지분증권의 발행 등과 관련된 사항\n[지분증권의 발행 등과 관련된 사항]\n(1) 증자(감자)현황\n(기준일 :\xa0\n2021년 12월 31일\n)\n(단위 : 원, 주)\n주식발행(감소)일자\n발행(감소)형태\n발행(감소)한 주식의 내용\n종류\n수량\n주당액면가액\n주당발행(감소)가액\n비고\n2015년 08월 03일\n-\n보통주\n26,360,297\n200\n235,073\n-\n2015년 08월 03일\n-\n우선주\n566,135\n200\n106,328\n-\n2021년 12월 09일\n-\n보통주\n3,789,032\n200\n264,076\n-\n* 상기 주식발행(감소)일자는 합병등기일 기준으로 기재하였음\n나. 채무증권의 발행 등과 관련된 사항\n[채무증권의 발행 등과 관련된 사항]\n(1) 채무증권 발행실적[SK주식회사]\n(기준일 :\xa0\n2021년 12월 31일\n)\n(단위 : 백만원, %)\n발행회사\n증권종류\n발행방법\n발행일자\n권면(전자등록)총액\n이자율\n평가등급(평가기관)\n만기일\n상환여부\n주관회사\nSK㈜\n기업어음증권\n사모\n2021.01.04\n240,000\n0.99\nA1(한신평,한기평,NICE)\n2021.05.06\n상환\nKB증권, SK증권\nSK㈜\n기업어음증권\n사모\n2021.01.11\n110,000\n0.84\nA1(한신평,한기평,NICE)\n2021.05.11\n상환\nKB증권, SK증권\nSK㈜\n기업어음증권\n사모\n2021.01.19\n60,000\n0.83\nA1(한신평,한기평,NICE)\n2021.04.20\n상환\nKB증권, SK증권\nSK㈜\n기업어음증권\n사모\n2021.02.19\n50,000\n0.84\nA1(한신평,한기평,NICE)\n2021.06.18\n상환\nSK증권\nSK㈜\n회사채(녹색채권)\n공모\n2021.02.24\n60,000\n1.237\nAA+(한기평,한신평,NICE)\n2024.02.24\n미상환\nKB증권, SK증권\nSK㈜\n회사채(녹색채권)\n공모\n2021.02.24\n150,000\n1.603\nAA+(한기평,한신평,NICE)\n2026.02.24\n미상환\nKB증권, SK증권\nSK㈜\n회사채(녹색채권)\n공모\n2021.02.24\n30,000\n1.746\nAA+(한기평,한신평,NICE)\n2028.02.24\n미상환\nKB증권, SK증권\nSK㈜\n회사채(녹색채권)\n공모\n2021.02.24\n80,000\n2.025\nAA+(한기평,한신평,NICE)\n2031.02.24\n미상환\nKB증권, SK증권\nSK㈜\n기업어음증권\n사모\n2021.04.06\n100,000\n0.72\nA1(한신평,한기평,NICE)\n2021.06.07\n상환\nKB증권, SK증권\nSK㈜\n기업어음증권\n사모\n2021.04.22\n150,000\n0.74\nA1(한신평,한기평,NICE)\n2021.06.22\n상환\nSK증권, 신영증권\nSK㈜\n기업어음증권\n사모\n2021.04.26\n260,000\n0.81\nA1(한신평,한기평,NICE)\n2021.07.26\n상환\nSK증권, KB증권, 신영증권\nSK㈜\n기업어음증권\n사모\n2021.04.30\n100,000\n0.81\nA1(한신평,한기평,NICE)\n2021.07.30\n상환\nKB증권, 신한은행\nSK㈜\n기업어음증권\n사모\n2021.04.30\n80,000\n0.84\nA1(한신평,한기평,NICE)\n2021.08.30\n상환\nKB증권, 신영증권\nSK㈜\n기업어음증권\n사모\n2021.05.06\n240,000\n0.79\nA1(한신평,한기평,NICE)\n2021.08.06\n상환\nKB증권, SK증권\nSK㈜\n기업어음증권\n사모\n2021.05.11\n110,000\n0.76\nA1(한신평,한기평,NICE)\n2021.08.10\n상환\nSK증권\nSK㈜\n회사채\n공모\n2021.06.04\n40,000\n1.528\nAA+(한기평,한신평,NICE)\n2024.06.04\n미상환\n삼성증권\xa0\nSK㈜\n회사채\n공모\n2021.06.04\n220,000\n2.073\nAA+(한기평,한신평,NICE)\n2026.06.04\n미상환\n삼성증권\xa0\nSK㈜\n회사채\n공모\n2021.06.04\n70,000\n2.494\nAA+(한기평,한신평,NICE)\n2031.06.04\n미상환\n삼성증권\xa0\nSK㈜\n기업어음증권\n사모\n2021.06.07\n100,000\n0.83\nA1(한신평,한기평,NICE)\n2021.09.07\n상환\nKB증권\nSK㈜\n기업어음증권\n사모\n2021.06.18\n50,000\n0.99\nA1(한신평,한기평,NICE)\n2021.09.28\n상환\nSK증권\nSK㈜\n기업어음증권\n사모\n2021.06.22\n150,000\n1.03\nA1(한신평,한기평,NICE)\n2021.09.28\n상환\nSK증권, KB증권\nSK㈜\n기업어음증권\n사모\n2021.07.19\n110,000\n0.95\nA1(한신평,한기평,NICE)\n2021.10.19\n상환\nSK증권\nSK㈜\n기업어음증권\n사모\n2021.07.26\n260,000\n1.04\nA1(한신평,한기평,NICE)\n2021.10.25\n상환\nSK증권, KB증권, 삼성증권\nSK㈜\n기업어음증권\n사모\n2021.07.30\n100,000\n1.02\nA1(한신평,한기평,NICE)\n2021.11.02\n상환\nSK증권\nSK㈜\n기업어음증권\n사모\n2021.08.06\n240,000\n1.00\nA1(한신평,한기평,NICE)\n2021.11.05\n상환\nSK증권\nSK㈜\n기업어음증권\n사모\n2021.08.10\n110,000\n1.04\nA1(한신평,한기평,NICE)\n2021.11.09\n상환\nKB증권, 신영증권, 신한은행,\nSK㈜\n기업어음증권\n사모\n2021.08.12\n50,000\n1.21\nA1(한신평,한기평,NICE)\n2022.01.13\n미상환\nKB증권, 삼성증권\nSK㈜\n기업어음증권\n사모\n2021.08.17\n40,000\n1.11\nA1(한신평,한기평,NICE)\n2021.12.02\n상환\nSK증권, 삼성증권\nSK㈜\n기업어음증권\n사모\n2021.08.18\n50,000\n1.12\nA1(한신평,한기평,NICE)\n2021.12.02\n상환\nSK증권\nSK㈜\n기업어음증권\n사모\n2021.08.18\n100,000\n1.12\nA1(한신평,한기평,NICE)\n2021.12.06\n상환\nKB증권\nSK㈜\n기업어음증권\n사모\n2021.08.19\n20,000\n1.10\nA1(한신평,한기평,NICE)\n2021.12.06\n상환\nSK증권, 삼성증권\nSK㈜\n기업어음증권\n사모\n2021.08.23\n30,000\n1.20\nA1(한신평,한기평,NICE)\n2022.01.24\n미상환\nSK증권\nSK㈜\n기업어음증권\n사모\n2021.08.30\n80,000\n1.39\nA1(한신평,한기평,NICE)\n2021.11.29\n상환\nKB증권, SK증권\nSK㈜\n기업어음증권\n사모\n2021.09.07\n100,000\n1.40\nA1(한신평,한기평,NICE)\n2021.12.02\n상환\nKB증권, 신한은행, 신영증권\nSK㈜\n회사채\n공모\n2021.09.13\n100,000\n1.869\nAA+(한기평,한신평,NICE)\n2024.09.13\n미상환\nNH투자증권\nSK㈜\n회사채\n공모\n2021.09.13\n200,000\n2.088\nAA+(한기평,한신평,NICE)\n2026.09.13\n미상환\nNH투자증권\nSK㈜\n회사채\n공모\n2021.09.13\n60,000\n2.282\nAA+(한기평,한신평,NICE)\n2031.09.13\n미상환\nNH투자증권\nSK㈜\n기업어음증권\n사모\n2021.09.28\n200,000\n1.59\nA1(한신평,한기평,NICE)\n2021.12.14\n상환\nSK증권\nSK㈜\n기업어음증권\n사모\n2021.10.19\n110,000\n1.81\nA1(한신평,한기평,NICE)\n2022.01.24\n미상환\nKB증권, SK증권, 신한은행\xa0\nSK㈜\n기업어음증권\n사모\n2021.10.25\n30,000\n1.91\nA1(한신평,한기평,NICE)\n2022.02.10\n미상환\nSK증권\nSK㈜\n기업어음증권\n사모\n2021.10.26\n60,000\n1.83\nA1(한신평,한기평,NICE)\n2022.01.25\n미상환\n키움증권\nSK㈜\n기업어음증권\n사모\n2021.10.26\n80,000\n1.99\nA1(한신평,한기평,NICE)\n2022.03.24\n미상환\nKB증권, SK증권\nSK㈜\n기업어음증권\n사모\n2021.10.27\n30,000\n1.83\nA1(한신평,한기평,NICE)\n2022.01.25\n미상환\n키움증권\nSK㈜\n기업어음증권\n사모\n2021.11.02\n60,000\n1.91\nA1(한신평,한기평,NICE)\n2022.02.10\n미상환\nSK증권, 키움증권\nSK㈜\n기업어음증권\n사모\n2021.11.02\n60,000\n1.99\nA1(한신평,한기평,NICE)\n2022.03.04\n미상환\nKB증권, SK증권\nSK㈜\n기업어음증권\n사모\n2021.11.04\n30,000\n1.99\nA1(한신평,한기평,NICE)\n2022.04.05\n미상환\nSK증권\nSK㈜\n기업어음증권\n사모\n2021.11.05\n15,000\n1.98\nA1(한신평,한기평,NICE)\n2022.02.10\n미상환\nKB증권\nSK㈜\n회사채\n공모\n2021.11.05\n50,000\n2.505\nAA+(한기평,한신평,NICE)\n2024.11.05\n미상환\nSK증권, 한국투자증권\nSK㈜\n회사채\n공모\n2021.11.05\n100,000\n2.716\nAA+(한기평,한신평,NICE)\n2026.11.05\n미상환\nSK증권, 한국투자증권\nSK㈜\n회사채\n공모\n2021.11.05\n40,000\n2.830\nAA+(한기평,한신평,NICE)\n2031.11.05\n미상환\nSK증권, 한국투자증권\nSK㈜\n기업어음증권\n사모\n2021.11.08\n20,000\n1.98\nA1(한신평,한기평,NICE)\n2022.02.08\n미상환\n신영증권\nSK㈜\n기업어음증권\n사모\n2021.11.08\n50,000\n1.98\nA1(한신평,한기평,NICE)\n2022.02.10\n미상환\nSK증권, 삼성증권\nSK㈜\n기업어음증권\n사모\n2021.11.08\n10,000\n1.99\nA1(한신평,한기평,NICE)\n2022.04.29\n미상환\n삼성증권\nSK㈜\n기업어음증권\n사모\n2021.11.09\n90,000\n2.00\nA1(한신평,한기평,NICE)\n2022.03.04\n미상환\nKB증권, 신영증권, 키움증권\nSK㈜\n기업어음증권\n사모\n2021.11.09\n50,000\n2.03\nA1(한신평,한기평,NICE)\n2022.04.29\n미상환\nSK증권\nSK㈜\n기업어음증권\n사모\n2021.11.11\n20,000\n2.00\nA1(한신평,한기평,NICE)\n2022.03.24\n미상환\n신한은행\nSK㈜\n기업어음증권\n사모\n2021.11.15\n50,000\n2.03\nA1(한신평,한기평,NICE)\n2022.04.29\n미상환\nSK증권\nSK㈜\n기업어음증권\n사모\n2021.11.15\n170,000\n2.04\nA1(한신평,한기평,NICE)\n2022.06.27\n미상환\nSK증권, 신한은행, 키움증권\nSK㈜\n기업어음증권\n사모\n2021.11.29\n150,000\n2.14\nA1(한신평,한기평,NICE)\n2022.05.30\n미상환\nSK증권\nSK㈜\n기업어음증권\n사모\n2021.12.01\n40,000\n2.10\nA1(한신평,한기평,NICE)\n2022.04.29\n미상환\nSK증권, 키움증권\nSK㈜\n기업어음증권\n사모\n2021.12.02\n40,000\n2.11\nA1(한신평,한기평,NICE)\n2022.04.05\n미상환\nKB증권, 신영증권\nSK㈜\n기업어음증권\n사모\n2021.12.02\n80,000\n2.13\nA1(한신평,한기평,NICE)\n2022.05.10\n미상환\nKB증권, SK증권\nSK㈜\n기업어음증권\n사모\n2021.11.17\n30,000\n2.21\nA1(한신평,한기평,NICE)\n2022.01.28\n미상환\n하이투자증권\nSK㈜\n기업어음증권\n사모\n2021.11.17\n20,000\n2.21\nA1(한신평,한기평,NICE)\n2022.02.25\n미상환\n하이투자증권\nSK㈜\n기업어음증권\n사모\n2021.11.17\n50,000\n2.22\nA1(한신평,한기평,NICE)\n2022.02.25\n미상환\nSK증권\nSK㈜\n기업어음증권\n사모\n2021.11.19\n50,000\n2.21\nA1(한신평,한기평,NICE)\n2022.01.28\n미상환\n키움증권\nSK㈜\n기업어음증권\n사모\n2021.11.19\n30,000\n2.22\nA1(한신평,한기평,NICE)\n2022.02.25\n미상환\nSK증권\nSK㈜\n기업어음증권\n사모\n2021.11.22\n100,000\n2.21\nA1(한신평,한기평,NICE)\n2022.01.28\n미상환\nSK증권\nSK㈜\n기업어음증권\n사모\n2021.11.22\n20,000\n2.21\nA1(한신평,한기평,NICE)\n2022.02.25\n미상환\n한양증권\nSK㈜\n기업어음증권\n사모\n2021.11.23\n30,000\n2.22\nA1(한신평,한기평,NICE)\n2022.01.28\n미상환\n삼성증권\nSK㈜\n기업어음증권\n사모\n2021.11.23\n20,000\n2.22\nA1(한신평,한기평,NICE)\n2022.02.25\n미상환\n삼성증권\nSK㈜\n기업어음증권\n사모\n2021.11.23\n50,000\n2.21\nA1(한신평,한기평,NICE)\n2022.01.28\n미상환\n대신증권\nSK㈜\n기업어음증권\n사모\n2021.11.24\n100,000\n2.22\nA1(한신평,한기평,NICE)\n2022.02.23\n미상환\nKB증권\nSK㈜\n기업어음증권\n사모\n2021.11.24\n20,000\n2.21\nA1(한신평,한기평,NICE)\n2022.01.28\n미상환\nNH투자증권\nSK㈜\n기업어음증권\n사모\n2021.12.14\n80,000\n2.21\nA1(한신평,한기평,NICE)\n2022.06.13\n미상환\nKB증권, SK증권, 신한은행\nSK㈜\n기업어음증권\n사모\n2021.12.23\n120,000\n2.18\nA1(한신평,한기평,NICE)\n2022.06.22\n미상환\n키움증권\n합 \xa0계\n-\n-\n-\n6,455,000\n-\n-\n-\n-\n-\n[SK이노베이션]\xa0\n[SK이노베이션]\n(기준일 :\xa0\n2021년 12월 31일\n)\n(단위 : 백만원, %)\n발행회사\n증권종류\n발행방법\n발행일자\n권면(전자등록)총액\n이자율\n평가등급(평가기관)\n만기일\n상환여부\n주관회사\nSK이노베이션㈜\n회사채\n공모\n2021.01.20\n250,000\n1.21\nAA+(한기평)/AA(나이스)\n2024.01.19\n미상환\nSK증권/신한금융투자\nSK이노베이션㈜\n회사채\n공모\n2021.01.20\n160,000\n1.54\nAA+(한기평)/AA(한신평)\n2026.01.20\n미상환\nSK증권/신한금융투자\nSK이노베이션㈜\n회사채\n공모\n2021.01.20\n90,000\n2.03\nAA+(한기평)/AA(나이스)\n2031.01.20\n미상환\nSK증권/신한금융투자\nSK이노베이션㈜\n회사채\n사모\n2021.08.05\n90,000\n2.133\nAA(한신평)/AA(나이스)\n2026.08.05\n미상환\nSK증권\nSK이노베이션㈜\n회사채\n사모\n2021.08.05\n60,000\n2.267\nAA(한기평)/AA(나이스)\n2028.08.05\n미상환\nSK증권\nSK이노베이션㈜\n회사채\n사모\n2021.08.05\n50,000\n2.359\nAA(한기평)/AA(한신평)\n2031.08.05\n미상환\nSK증권\n합 \xa0계\n-\n-\n-\n700,000\n-\n주) 2021년 10월 1일 SK 온(주) 및 SK 어스온(주) 분할에 따라,\xa0SK이노베이션 5-2회차(공모) 회사채는 SK 온(주), 그리고 6-1회차, 6-2회차(사모) 회사채는 SK 어스온(주)로 승계 되었습니다.[SK Battery America INC.]\n(기준일 :\xa0\n2021년 12월 31일\n)\n(단위 : USD, %)\n발행회사\n증권종류\n발행방법\n발행일자\n권면(전자등록)총액\n이자율\n평가등급(평가기관)\n만기일\n상환여부\n주관회사\nSK Battery America INC\n회사채\n공모\n2021.01.26\nUSD 300,000,000\n1.625\nBaa3 (무디스)\n2024.01.26\n미상환\nBNP Paribas, BofA Securities, Citigroup,Credit Agricole CIB, HSBC\nSK Battery America INC\n회사채\n공모\n2021.01.26\nUSD 700,000,000\n2.125\nBaa3 (무디스)\n2026.01.26\n미상환\nBNP Paribas, BofA Securities, Citigroup,Credit Agricole CIB, HSBC\n합 \xa0계\n-\n-\n-\nUSD 1,000,000,000\n-\n-\n-\n-\n-\n[SK에너지(주)]\n(기준일 :\xa0\n2021년 12월 31일\n)\n(단위 : 백만원, %)\n발행회사\n증권종류\n발행방법\n발행일자\n권면(전자등록)총액\n이자율\n평가등급(평가기관)\n만기일\n상환여부\n주관회사\nSK에너지㈜\n회사채\n공모\n2021.04.06\n170,000\n1.57\nAA(한기평/나이스)\n2024.04.05\n미상환\nNH투자증권,SK증권\nSK에너지㈜\n회사채\n공모\n2021.04.06\n240,000\n2.06\nAA(한기평/한신평)\n2026.04.06\n미상환\nNH투자증권,SK증권\nSK에너지㈜\n회사채\n공모\n2021.04.06\n30,000\n2.39\nAA(한신평/나이스)\n2028.04.06\n미상환\nNH투자증권,SK증권\nSK에너지㈜\n회사채\n공모\n2021.04.06\n60,000\n2.58\nAA(한신평/나이스)\n2031.04.07\n미상환\nNH투자증권,SK증권\n합 \xa0계\n-\n-\n-\n500,000\n-\n-\n-\n-\n-\n[SK지오센트릭(주)]\n(기준일 :\xa0\n2021년 12월 31일\n)\n(단위 : 백만원, %)\n발행회사\n증권종류\n발행방법\n발행일자\n권면(전자등록)총액\n이자율\n평가등급(평가기관)\n만기일\n상환여부\n주관회사\n에스케이지오센트릭\n기업어음증권\n사모\n2021.01.27\n50,000\n0.83\nA1(한신평/한기평/나이스)\n2021.03.26\n상환\n키움증권\n에스케이지오센트릭\n기업어음증권\n사모\n2021.01.27\n50,000\n0.83\nA1(한신평/한기평/나이스)\n2021.03.29\n상환\n키움증권\n에스케이지오센트릭\n회사채\n공모\n2021.04.27\n180,000\n1.55\nAA0(한신평)/AA-(한기평)\n2024.04.26\n미상환\nKB증권\n에스케이지오센트릭\n회사채\n공모\n2021.04.27\n90,000\n1.99\nAA0(한신평)/AA-(나이스)\n2026.04.27\n미상환\nKB증권\n에스케이지오센트릭\n회사채\n공모\n2021.04.27\n30,000\n2.86\nAA-(한기평)/AA-(나이스)\n2031.04.27\n미상환\nKB증권\n합 \xa0계\n-\n-\n-\n400,000\n-\n-\n-\n-\n-\n[SK인천석유화학(주)]\n(기준일 :\xa0\n2021년 12월 31일\n)\n(단위 : 백만원, %)\n발행회사\n증권종류\n발행방법\n발행일자\n권면(전자등록)총액\n이자율\n평가등급(평가기관)\n만기일\n상환여부\n주관회사\nSK인천석유화학㈜\n회사채\n사모\n2021.02.22\n90,000\n2.479\nA+ (한신평 / NICE)\n2026.02.20\n미상환\nSK증권\nSK인천석유화학㈜\n회사채\n사모\n2021.02.22\n10,000\n2.878\nA+ (한신평 / NICE)\n2028.02.22\n미상환\nSK증권\nSK인천석유화학㈜\n회사채\n공모\n2021.06.11\n90,000\n1.598\nA+ (한신평 / 한기평/ NICE)\n2023.06.09\n미상환\n한국투자증권, SK증권, 신한금융투자\nSK인천석유화학㈜\n회사채\n공모\n2021.06.11\n205,000\n2.637\nA+ (한신평 / 한기평/ NICE)\n2026.06.11\n미상환\n한국투자증권, SK증권, 신한금융투자\nSK인천석유화학㈜\n회사채\n공모\n2021.10.27\n50,000\n2.856\nA+ (한신평 / 한기평/ NICE)\n2024.10.25\n미상환\nSK증권, KB증권\nSK인천석유화학㈜\n회사채\n공모\n2021.10.27\n55,000\n3.504\nA+ (한신평 / 한기평/ NICE)\n2026.10.27\n미상환\nSK증권, KB증권\n합 \xa0계\n-\n-\n-\n500,000\n-\n[SK텔레콤][SK텔레콤]\n(기준일 :\xa0\n2021년 12월 31일\n)\n(단위 : 백만원, %)\n발행회사\n증권종류\n발행방법\n발행일자\n권면(전자등록)총액\n이자율\n평가등급(평가기관)\n만기일\n상환여부\n주관회사\nSK텔레콤㈜\n전자단기사채\n사모\n2021.01.04\n100,000\xa0\n0.790\xa0\nA1 (한신평, 한기평, NICE)\n2021.01.26\n상환\nKB증권\nSK텔레콤㈜\n전자단기사채\n사모\n2021.01.04\n50,000\xa0\n0.790\xa0\nA1 (한신평, 한기평, NICE)\n2021.01.26\n상환\nBNK투자증권\nSK텔레콤㈜\n전자단기사채\n사모\n2021.01.04\n50,000\xa0\n\xa0 \xa00.790\xa0\nA1 (한신평, 한기평, NICE)\n2021.01.26\n상환\n우리종합금융\nSK텔레콤㈜\n전자단기사채\n사모\n2021.01.07\n200,000\xa0\n\xa0 0.580\xa0\nA1 (한신평, 한기평, NICE)\n2021.01.15\n상환\nBNK투자증권\nSK텔레콤㈜\n전자단기사채\n사모\n2021.01.07\n200,000\xa0\n\xa00.670\xa0\nA1 (한신평, 한기평, NICE)\n2021.01.29\n상환\nKB증권\nSK텔레콤㈜\n전자단기사채\n사모\n2021.01.07\n50,000\xa0\n0.670\xa0\nA1 (한신평, 한기평, NICE)\n2021.01.29\n상환\n신영증권\nSK텔레콤㈜\n전자단기사채\n사모\n2021.01.07\n50,000\xa0\n\xa0 0.670\xa0\nA1 (한신평, 한기평, NICE)\n2021.01.29\n상환\nKTB투자증권\nSK텔레콤㈜\n기업어음증권\n사모\n2021.01.11\n100,000\xa0\n\xa00.610\xa0\nA1 (한신평, 한기평, NICE)\n2021.01.14\n상환\nBNK투자증권\nSK텔레콤㈜\n기업어음증권\n사모\n2021.01.11\n150,000\xa0\n\xa0 \xa00.640\xa0\nA1 (한신평, 한기평, NICE)\n2021.01.14\n상환\nKB증권\nSK텔레콤㈜\n전자단기사채\n사모\n2021.01.11\n50,000\xa0\n0.630\xa0\nA1 (한신평, 한기평, NICE)\n2021.01.14\n상환\nKTB투자증권\nSK텔레콤㈜\n회사채\n공모\n2021.01.15\n80,000\xa0\n\xa01.174\xa0\nAAA (한신평, 한기평, NICE)\n2024.01.14\n미상환\n한국투자증권, SK증권\nSK텔레콤㈜\n회사채\n공모\n2021.01.15\n80,000\xa0\n\xa0 1.388\xa0\nAAA (한신평, 한기평, NICE)\n2026.01.15\n미상환\n한국투자증권, SK증권\nSK텔레콤㈜\n회사채\n공모\n2021.01.15\n50,000\xa0\n\xa0 \xa01.801\xa0\nAAA (한신평, 한기평, NICE)\n2031.01.15\n미상환\n한국투자증권, SK증권\nSK텔레콤㈜\n회사채\n공모\n2021.01.15\n100,000\xa0\n\xa0 \xa01.892\xa0\nAAA (한신평, 한기평, NICE)\n2041.01.15\n미상환\n한국투자증권, SK증권\nSK텔레콤㈜\n전자단기사채\n사모\n2021.02.01\n100,000\xa0\n\xa0 \xa00.690\xa0\nA1 (한신평, 한기평, NICE)\n2021.02.18\n상환\nBNK투자증권\nSK텔레콤㈜\n전자단기사채\n사모\n2021.02.01\n100,000\xa0\n\xa0 \xa00.690\xa0\nA1 (한신평, 한기평, NICE)\n2021.02.18\n상환\nKB증권\nSK텔레콤㈜\n전자단기사채\n사모\n2021.02.01\n50,000\xa0\n\xa0 \xa0 0.690\xa0\nA1 (한신평, 한기평, NICE)\n2021.02.18\n상환\nKTB투자증권\nSK텔레콤㈜\n전자단기사채\n사모\n2021.02.01\n50,000\xa0\n\xa0 \xa00.690\xa0\nA1 (한신평, 한기평, NICE)\n2021.02.18\n상환\n우리종합금융\nSK텔레콤㈜\n전자단기사채\n사모\n2021.02.04\n100,000\xa0\n\xa0 \xa0 0.630\xa0\nA1 (한신평, 한기평, NICE)\n2021.02.26\n상환\nBNK투자증권\nSK텔레콤㈜\n전자단기사채\n사모\n2021.02.04\n100,000\xa0\n\xa0 \xa0 0.630\xa0\nA1 (한신평, 한기평, NICE)\n2021.02.26\n상환\nKB증권\nSK텔레콤㈜\n전자단기사채\n사모\n2021.02.08\n100,000\xa0\n\xa0 \xa0 0.660\xa0\nA1 (한신평, 한기평, NICE)\n2021.02.26\n상환\nKTB투자증권\nSK텔레콤㈜\n전자단기사채\n사모\n2021.03.05\n100,000\xa0\n\xa0 \xa00.710\xa0\nA1 (한신평, 한기평, NICE)\n2021.03.25\n상환\nBNK투자증권\nSK텔레콤㈜\n전자단기사채\n사모\n2021.03.05\n100,000\xa0\n0.710\xa0\nA1 (한신평, 한기평, NICE)\n2021.03.25\n상환\nKB증권\nSK텔레콤㈜\n전자단기사채\n사모\n2021.03.05\n50,000\xa0\n\xa0 \xa00.710\xa0\nA1 (한신평, 한기평, NICE)\n2021.03.25\n상환\nKTB투자증권\nSK텔레콤㈜\n전자단기사채\n사모\n2021.03.05\n50,000\xa0\n\xa0 \xa0 0.710\xa0\nA1 (한신평, 한기평, NICE)\n2021.03.25\n상환\n우리종합금융\nSK텔레콤㈜\n전자단기사채\n사모\n2021.03.09\n50,000\xa0\n\xa0 \xa0 0.810\xa0\nA1 (한신평, 한기평, NICE)\n2021.03.31\n상환\nBNK투자증권\nSK텔레콤㈜\n전자단기사채\n사모\n2021.03.09\n50,000\xa0\n0.810\xa0\nA1 (한신평, 한기평, NICE)\n2021.03.31\n상환\nKB증권\nSK텔레콤㈜\n전자단기사채\n사모\n2021.03.11\n50,000\xa0\n\xa0 \xa0 0.810\xa0\nA1 (한신평, 한기평, NICE)\n2021.03.31\n상환\nKTB투자증권\nSK텔레콤㈜\n전자단기사채\n사모\n2021.03.11\n50,000\xa0\n\xa0 \xa0 0.810\xa0\nA1 (한신평, 한기평, NICE)\n2021.03.31\n상환\n삼성증권\nSK텔레콤㈜\n전자단기사채\n사모\n2021.04.06\n100,000\xa0\n\xa0 \xa0 0.520\xa0\nA1 (한신평, 한기평, NICE)\n2021.04.22\n상환\nBNK투자증권\nSK텔레콤㈜\n전자단기사채\n사모\n2021.04.06\n100,000\xa0\n0.520\xa0\nA1 (한신평, 한기평, NICE)\n2021.04.22\n상환\n삼성증권\nSK텔레콤㈜\n전자단기사채\n사모\n2021.04.06\n50,000\xa0\n\xa0 \xa0 0.520\xa0\nA1 (한신평, 한기평, NICE)\n2021.04.22\n상환\nKTB투자증권\nSK텔레콤㈜\n전자단기사채\n사모\n2021.04.06\n50,000\xa0\n\xa0 \xa0 0.520\xa0\nA1 (한신평, 한기평, NICE)\n2021.04.22\n상환\nSK증권\nSK텔레콤㈜\n전자단기사채\n사모\n2021.04.12\n100,000\xa0\n\xa0 \xa0 0.620\xa0\nA1 (한신평, 한기평, NICE)\n2021.04.26\n상환\n삼성증권\nSK텔레콤㈜\n전자단기사채\n사모\n2021.04.12\n100,000\xa0\n\xa0 \xa0 0.620\xa0\nA1 (한신평, 한기평, NICE)\n2021.04.26\n상환\nKB증권\nSK텔레콤㈜\n전자단기사채\n사모\n2021.04.12\n50,000\xa0\n0.620\xa0\nA1 (한신평, 한기평, NICE)\n2021.04.26\n상환\n키움증권\nSK텔레콤㈜\n전자단기사채\n사모\n2021.04.15\n100,000\xa0\n\xa0 \xa00.710\xa0\nA1 (한신평, 한기평, NICE)\n2021.05.13\n상환\nKB증권\nSK텔레콤㈜\n전자단기사채\n사모\n2021.04.15\n100,000\xa0\n\xa0 \xa0 0.710\xa0\nA1 (한신평, 한기평, NICE)\n2021.05.13\n상환\nKTB투자증권\nSK텔레콤㈜\n전자단기사채\n사모\n2021.04.15\n50,000\xa0\n\xa0 \xa0 0.710\xa0\nA1 (한신평, 한기평, NICE)\n2021.05.13\n상환\nSK증권\nSK텔레콤㈜\n기업어음증권\n사모\n2021.04.19\n100,000\xa0\n\xa0 \xa00.550\xa0\nA1 (한신평, 한기평, NICE)\n2021.04.26\n상환\nKB증권\nSK텔레콤㈜\n기업어음증권\n사모\n2021.04.19\n100,000\xa0\n\xa0 \xa0 0.550\xa0\nA1 (한신평, 한기평, NICE)\n2021.04.26\n상환\n삼성증권\nSK텔레콤㈜\n기업어음증권\n사모\n2021.04.19\n100,000\xa0\n\xa0 \xa0 0.550\xa0\nA1 (한신평, 한기평, NICE)\n2021.04.26\n상환\n신한은행\nSK텔레콤㈜\n전자단기사채\n사모\n2021.05.03\n100,000\xa0\n\xa0 \xa0 0.660\xa0\nA1 (한신평, 한기평, NICE)\n2021.05.25\n상환\nKTB투자증권\nSK텔레콤㈜\n전자단기사채\n사모\n2021.05.03\n100,000\xa0\n\xa0 \xa0 0.660\xa0\nA1 (한신평, 한기평, NICE)\n2021.05.25\n상환\n삼성증권\nSK텔레콤㈜\n기업어음증권\n사모\n2021.05.06\n100,000\xa0\n\xa0 \xa0 0.610\xa0\nA1 (한신평, 한기평, NICE)\n2021.05.26\n상환\nBNK투자증권\nSK텔레콤㈜\n기업어음증권\n사모\n2021.05.06\n100,000\xa0\n\xa0 \xa0 0.610\xa0\nA1 (한신평, 한기평, NICE)\n2021.05.26\n상환\nKB증권\nSK텔레콤㈜\n기업어음증권\n사모\n2021.05.06\n100,000\xa0\n\xa0 \xa0 0.610\xa0\nA1 (한신평, 한기평, NICE)\n2021.05.26\n상환\n신한은행\nSK텔레콤㈜\n전자단기사채\n사모\n2021.05.10\n100,000\xa0\n\xa0 \xa0 0.680\xa0\nA1 (한신평, 한기평, NICE)\n2021.06.16\n상환\nBNK투자증권\nSK텔레콤㈜\n전자단기사채\n사모\n2021.05.10\n100,000\xa0\n\xa00.680\xa0\nA1 (한신평, 한기평, NICE)\n2021.06.16\n상환\n키움증권\nSK텔레콤㈜\n전자단기사채\n사모\n2021.05.10\n50,000\xa0\n\xa0 \xa0 0.610\xa0\nA1 (한신평, 한기평, NICE)\n2021.05.28\n상환\n신영증권\nSK텔레콤㈜\n전자단기사채\n사모\n2021.05.17\n50,000\xa0\n\xa0 \xa0 0.590\xa0\nA1 (한신평, 한기평, NICE)\n2021.05.28\n상환\nKTB투자증권\nSK텔레콤㈜\n전자단기사채\n사모\n2021.05.17\n50,000\xa0\n0.590\xa0\nA1 (한신평, 한기평, NICE)\n2021.05.28\n상환\n한양증권\nSK텔레콤㈜\n전자단기사채\n사모\n2021.05.17\n50,000\xa0\n\xa0 \xa0 0.640\xa0\nA1 (한신평, 한기평, NICE)\n2021.06.22\n상환\nKB증권\nSK텔레콤㈜\n전자단기사채\n사모\n2021.05.17\n50,000\xa0\n\xa0 \xa0 0.640\xa0\nA1 (한신평, 한기평, NICE)\n2021.06.22\n상환\n삼성증권\nSK텔레콤㈜\n기업어음증권\n사모\n2021.06.04\n100,000\xa0\n\xa0 \xa0 0.610\xa0\nA1 (한신평, 한기평, NICE)\n2021.06.30\n상환\nBNK투자증권\nSK텔레콤㈜\n기업어음증권\n사모\n2021.06.04\n100,000\xa0\n\xa0 \xa00.610\xa0\nA1 (한신평, 한기평, NICE)\n2021.06.30\n상환\n삼성증권\nSK텔레콤㈜\n기업어음증권\n사모\n2021.06.04\n100,000\xa0\n\xa0 \xa0 0.610\xa0\nA1 (한신평, 한기평, NICE)\n2021.06.30\n상환\nKB증권\nSK텔레콤㈜\n전자단기사채\n사모\n2021.06.10\n100,000\xa0\n\xa0 \xa0 0.800\xa0\nA1 (한신평, 한기평, NICE)\n2021.06.30\n상환\n키움증권\nSK텔레콤㈜\n전자단기사채\n사모\n2021.06.10\n40,000\xa0\n\xa0 \xa0 0.800\xa0\nA1 (한신평, 한기평, NICE)\n2021.06.30\n상환\nKTB투자증권\nSK텔레콤㈜\n전자단기사채\n사모\n2021.06.10\n50,000\xa0\n\xa0 \xa00.800\xa0\nA1 (한신평, 한기평, NICE)\n2021.06.30\n상환\nKB증권\nSK텔레콤㈜\n전자단기사채\n사모\n2021.06.11\n110,000\xa0\n\xa0 \xa0 0.780\xa0\nA1 (한신평, 한기평, NICE)\n2021.06.24\n상환\nBNK투자증권\nSK텔레콤㈜\n전자단기사채\n사모\n2021.07.02\n100,000\xa0\n\xa00.720\xa0\nA1 (한신평, 한기평, NICE)\n2021.07.29\n상환\nBNK투자증권\nSK텔레콤㈜\n전자단기사채\n사모\n2021.07.05\n100,000\xa0\n\xa0 \xa0 0.730\xa0\nA1 (한신평, 한기평, NICE)\n2021.07.30\n상환\nBNK투자증권\nSK텔레콤㈜\n전자단기사채\n사모\n2021.07.05\n100,000\xa0\n\xa0 \xa00.730\xa0\nA1 (한신평, 한기평, NICE)\n2021.07.30\n상환\nSK증권\nSK텔레콤㈜\n전자단기사채\n사모\n2021.07.05\n100,000\xa0\n\xa0 \xa0 0.730\xa0\nA1 (한신평, 한기평, NICE)\n2021.07.30\n상환\n삼성증권\nSK텔레콤㈜\n전자단기사채\n사모\n2021.07.06\n100,000\xa0\n\xa0 0.690\xa0\nA1 (한신평, 한기평, NICE)\n2021.07.30\n상환\nBNK투자증권\nSK텔레콤㈜\n전자단기사채\n사모\n2021.07.06\n100,000\xa0\n0.690\xa0\nA1 (한신평, 한기평, NICE)\n2021.07.30\n상환\n키움증권\nSK텔레콤㈜\n전자단기사채\n사모\n2021.07.06\n70,000\xa0\n\xa0 \xa00.690\xa0\nA1 (한신평, 한기평, NICE)\n2021.07.30\n상환\n신영증권\nSK텔레콤㈜\n기업어음증권\n사모\n2021.08.05\n100,000\xa0\n\xa0 \xa00.540\xa0\nA1 (한신평, 한기평, NICE)\n2021.08.17\n상환\n신한은행\nSK텔레콤㈜\n전자단기사채\n사모\n2021.08.05\n100,000\xa0\n\xa0 \xa0 0.540\xa0\nA1 (한신평, 한기평, NICE)\n2021.08.17\n상환\nKB증권\nSK텔레콤㈜\n전자단기사채\n사모\n2021.08.06\n100,000\xa0\n\xa0 \xa0 0.600\xa0\nA1 (한신평, 한기평, NICE)\n2021.08.26\n상환\nBNK투자증권\nSK텔레콤㈜\n전자단기사채\n사모\n2021.08.06\n50,000\xa0\n\xa0 \xa0 0.600\xa0\nA1 (한신평, 한기평, NICE)\n2021.08.26\n상환\nKB증권\nSK텔레콤㈜\n전자단기사채\n사모\n2021.08.06\n50,000\xa0\n\xa0 \xa00.600\xa0\nA1 (한신평, 한기평, NICE)\n2021.08.26\n상환\n신영증권\nSK텔레콤㈜\n전자단기사채\n사모\n2021.08.10\n100,000\xa0\n\xa0 \xa0 0.720\xa0\nA1 (한신평, 한기평, NICE)\n2021.08.25\n상환\n삼성증권\nSK텔레콤㈜\n전자단기사채\n사모\n2021.08.10\n100,000\xa0\n\xa00.720\xa0\nA1 (한신평, 한기평, NICE)\n2021.08.25\n상환\n키움증권\nSK텔레콤㈜\n기업어음증권\n사모\n2021.09.01\n100,000\xa0\n\xa0 \xa0 0.960\xa0\nA1 (한신평, 한기평, NICE)\n2021.09.10\n상환\nKB증권\nSK텔레콤㈜\n전자단기사채\n사모\n2021.09.03\n100,000\xa0\n\xa0 \xa0 1.210\xa0\nA1 (한신평, 한기평, NICE)\n2021.09.28\n상환\nBNK투자증권\nSK텔레콤㈜\n전자단기사채\n사모\n2021.09.03\n100,000\xa0\n\xa0 \xa01.210\xa0\nA1 (한신평, 한기평, NICE)\n2021.09.28\n상환\nKTB투자증권\nSK텔레콤㈜\n전자단기사채\n사모\n2021.09.06\n100,000\xa0\n\xa0 \xa0 0.870\xa0\nA1 (한신평, 한기평, NICE)\n2021.09.30\n상환\nBNK투자증권\nSK텔레콤㈜\n전자단기사채\n사모\n2021.09.06\n50,000\xa0\n\xa0 \xa0 1.210\xa0\nA1 (한신평, 한기평, NICE)\n2021.09.30\n상환\nKB증권\nSK텔레콤㈜\n전자단기사채\n사모\n2021.09.06\n20,000\xa0\n\xa0 \xa0 1.210\xa0\nA1 (한신평, 한기평, NICE)\n2021.09.30\n상환\n신영증권\nSK텔레콤㈜\n전자단기사채\n사모\n2021.09.06\n30,000\xa0\n\xa0 \xa0 1.210\xa0\nA1 (한신평, 한기평, NICE)\n2021.09.30\n상환\n한양증권\nSK텔레콤㈜\n전자단기사채\n사모\n2021.09.09\n50,000\xa0\n\xa0 \xa0 1.350\xa0\nA1 (한신평, 한기평, NICE)\n2021.09.30\n상환\n삼성증권\nSK텔레콤㈜\n전자단기사채\n사모\n2021.09.09\n40,000\xa0\n\xa0 \xa0 1.350\xa0\nA1 (한신평, 한기평, NICE)\n2021.09.30\n상환\nKTB투자증권\nSK텔레콤㈜\n전자단기사채\n사모\n2021.09.09\n10,000\xa0\n1.350\xa0\nA1 (한신평, 한기평, NICE)\n2021.09.30\n상환\nBNK투자증권\nSK텔레콤㈜\n전자단기사채\n사모\n2021.09.10\n150,000\xa0\n\xa0 \xa0 1.350\xa0\nA1 (한신평, 한기평, NICE)\n2021.09.28\n상환\n키움증권\nSK텔레콤㈜\n전자단기사채\n사모\n2021.09.10\n20,000\xa0\n\xa0 \xa0 1.350\xa0\nA1 (한신평, 한기평, NICE)\n2021.09.28\n상환\nBNK투자증권\nSK텔레콤㈜\n전자단기사채\n사모\n2021.09.27\n50,000\xa0\n\xa0 \xa0 0.720\xa0\nA1 (한신평, 한기평, NICE)\n2021.09.29\n상환\nBNK투자증권\nSK텔레콤㈜\n전자단기사채\n사모\n2021.10.05\n50,000\xa0\n\xa0 \xa00.760\xa0\nA1 (한신평, 한기평, NICE)\n2021.10.14\n상환\nKB증권\nSK텔레콤㈜\n전자단기사채\n사모\n2021.10.05\n50,000\xa0\n0.760\xa0\nA1 (한신평, 한기평, NICE)\n2021.10.14\n상환\n신영증권\nSK텔레콤㈜\n전자단기사채\n사모\n2021.10.07\n100,000\xa0\n\xa0 \xa0 1.100\xa0\nA1 (한신평, 한기평, NICE)\n2021.10.21\n상환\n키움증권\nSK텔레콤㈜\n전자단기사채\n사모\n2021.10.07\n100,000\xa0\n\xa0 \xa0 1.100\xa0\nA1 (한신평, 한기평, NICE)\n2021.10.21\n상환\nKB증권\nSK텔레콤㈜\n전자단기사채\n사모\n2021.10.07\n100,000\xa0\n\xa0 \xa0 1.100\xa0\nA1 (한신평, 한기평, NICE)\n2021.10.21\n상환\n삼성증권\nSK텔레콤㈜\n전자단기사채\n사모\n2021.10.12\n100,000\xa0\n\xa0 \xa0 1.200\xa0\nA1 (한신평, 한기평, NICE)\n2021.10.26\n상환\n키움증권\nSK텔레콤㈜\n전자단기사채\n사모\n2021.10.12\n100,000\xa0\n1.200\xa0\nA1 (한신평, 한기평, NICE)\n2021.10.26\n상환\nKB증권\nSK텔레콤㈜\n회사채\n공모\n2021.10.28\n90,000\xa0\n\xa0 \xa0 2.469\xa0\nAAA (한신평, 한기평, NICE)\n2024.10.28\n미상환\n미래에셋증권, SK증권\nSK텔레콤㈜\n회사채\n공모\n2021.10.28\n70,000\xa0\n\xa0 \xa0 2.694\xa0\nAAA (한신평, 한기평, NICE)\n2026.10.28\n미상환\n미래에셋증권, SK증권\nSK텔레콤㈜\n회사채\n공모\n2021.10.28\n40,000\xa0\n\xa0 \xa0 2.680\xa0\nAAA (한신평, 한기평, NICE)\n2041.10.28\n미상환\n미래에셋증권, SK증권\nSK텔레콤㈜\n전자단기사채\n사모\n2021.11.04\n100,000\xa0\n\xa0 \xa0 0.760\xa0\nA1 (한신평, 한기평, NICE)\n2021.11.15\n상환\n키움증권\nSK텔레콤㈜\n전자단기사채\n사모\n2021.11.04\n100,000\xa0\n\xa0 \xa0 0.760\xa0\nA1 (한신평, 한기평, NICE)\n2021.11.15\n상환\n삼성증권\nSK텔레콤㈜\n전자단기사채\n사모\n2021.11.05\n100,000\xa0\n\xa0 \xa0 1.200\xa0\nA1 (한신평, 한기평, NICE)\n2021.11.25\n상환\n키움증권\nSK텔레콤㈜\n전자단기사채\n사모\n2021.11.05\n100,000\xa0\n\xa0 \xa0 1.200\xa0\nA1 (한신평, 한기평, NICE)\n2021.11.25\n상환\nKB증권\nSK텔레콤㈜\n전자단기사채\n사모\n2021.11.09\n200,000\xa0\n\xa0 \xa0 1.110\xa0\nA1 (한신평, 한기평, NICE)\n2021.11.23\n상환\n키움증권\nSK텔레콤㈜\n전자단기사채\n사모\n2021.11.09\n100,000\xa0\n\xa0 \xa0 1.110\xa0\nA1 (한신평, 한기평, NICE)\n2021.11.25\n상환\nKTB투자증권\nSK텔레콤㈜\n전자단기사채\n사모\n2021.12.03\n200,000\xa0\n1.190\xa0\nA1 (한신평, 한기평, NICE)\n2021.12.17\n상환\n키움증권\nSK텔레콤㈜\n전자단기사채\n사모\n2021.12.03\n100,000\xa0\n\xa0 \xa01.190\xa0\nA1 (한신평, 한기평, NICE)\n2021.12.17\n상환\n삼성증권\nSK텔레콤㈜\n전자단기사채\n사모\n2021.12.06\n100,000\xa0\n\xa0 \xa0 1.210\xa0\nA1 (한신평, 한기평, NICE)\n2021.12.22\n상환\n키움증권\nSK텔레콤㈜\n전자단기사채\n사모\n2021.12.06\n60,000\xa0\n\xa0 \xa0 1.210\xa0\nA1 (한신평, 한기평, NICE)\n2021.12.22\n상환\n신영증권\nSK텔레콤㈜\n전자단기사채\n사모\n2021.12.06\n100,000\xa0\n\xa0 \xa0 1.190\xa0\nA1 (한신평, 한기평, NICE)\n2021.12.20\n상환\nKB증권\nSK텔레콤㈜\n전자단기사채\n사모\n2021.12.06\n40,000\xa0\n1.190\xa0\nA1 (한신평, 한기평, NICE)\n2021.12.20\n상환\n신영증권\nSK텔레콤㈜\n전자단기사채\n사모\n2021.12.20\n100,000\xa0\n\xa0 \xa01.190\xa0\nA1 (한신평, 한기평, NICE)\n2021.12.24\n상환\nKB증권\nSK텔레콤㈜\n전자단기사채\n사모\n2021.12.20\n40,000\xa0\n\xa0 \xa01.190\xa0\nA1 (한신평, 한기평, NICE)\n2021.12.22\n상환\n신영증권\n합 \xa0계\n-\n-\n-\n\xa09,390,000\xa0\n-\n-\n-\n-\n-\n[SK브로드밴드]\n(기준일 :\xa0\n2021년 12월 31일\n)\n(단위 : 백만원, %)\n발행회사\n증권종류\n발행방법\n발행일자\n권면(전자등록)총액\n이자율\n평가등급(평가기관)\n만기일\n상환여부\n주관회사\n에스케이브로드밴드(주)\n기업어음증권\n사모\n2021.04.02\n50,000\n1.75\nA1(한신평,한기평,NICE)\n2021.04.12\n상환\n신한은행\n에스케이브로드밴드(주)\n회사채\n공모\n2021.07.13\n100,000\n1.688\nAA(한신평,한기평,NICE)\n2024.07.12\n미상환\nNH투자증권\n합 \xa0계\n-\n-\n-\n150,000\n-\n-\n-\n-\n-\n[SK스퀘어]\n[SK쉴더스]\n(기준일 :\xa0\n2021년 12월 31일\n)\n(단위 : 백만원, % )\n발행회사\n증권종류\n발행방법\n발행일자\n권면(전자등록)총액\n이자율\n평가등급(평가기관)\n만기일\n상환여부\n주관회사\n에스케이쉴더스㈜\n회사채\n사모\n2021.04.30\n5,758\n2.000\n-\n2023.10.01\n미상환\n-\n에스케이쉴더스㈜\n회사채\n공모\n2021.07.28\n120,000\n2.290\nA0 (한신평, 한기평)\n2024.07.26\n미상환\nSK증권㈜, KB증권㈜, 삼성증권㈜,하나금융투자㈜, 신한금융투자㈜\n에스케이쉴더스㈜\n회사채\n공모\n2021.07.28\n80,000\n2.555\nA0 (한신평, 한기평)\n2026.07.28\n미상환\nSK증권㈜, KB증권㈜, 삼성증권㈜,하나금융투자㈜, 신한금융투자㈜\n에스케이쉴더스㈜\n회사채\n공모\n2021.10.25\n67,000\n2.961\nA0 (한신평, 한기평)\n2024.10.25\n미상환\nSK증권㈜, KB증권㈜\xa0\n합 \xa0계\n-\n-\n-\n272,758\n-\n-\n-\n-\n-\n[SK네트웍스]\n[SK네트웍스]\n(기준일 :\xa0\n2021년 12월 31일\n)\n(단위 : 백만원, %)\n발행회사\n증권종류\n발행방법\n발행일자\n권면(전자등록)총액\n이자율\n평가등급(평가기관)\n만기일\n상환여부\n주관회사\nSK네트웍스\n기업어음증권\n사모\n2021.04.19\n\xa0 \xa0 \xa0 \xa0 \xa0 \xa0 \xa0 \xa0 170,000\n1.544\xa0\nAA- (한기평, 한신평, NICE)\n2024.04.19\n미상환\nSK증권, 한국투자증권\nSK네트웍스\n기업어음증권\n사모\n2021.04.19\n\xa0 \xa0 \xa0 \xa0 \xa0 \xa0 \xa0 \xa0 150,000\n1.974\xa0\nAA- (한기평, 한신평, NICE)\n2026.04.19\n미상환\nSK증권, 한국투자증권\nSK네트웍스\n기업어음증권\n사모\n2021.04.19\n\xa0 \xa0 \xa0 \xa0 \xa0 \xa0 \xa0 \xa0 \xa0 80,000\n2.234\xa0\nAA- (한기평, 한신평, NICE)\n2028.04.19\n미상환\nSK증권, 한국투자증권\n합 \xa0계\n-\n-\n-\n400,000\n-\n-\n-\n-\n-\n[SK매직]\n(기준일 :\xa0\n2021년 12월 31일\n)\n(단위 : 백만원, %)\n발행회사\n증권종류\n발행방법\n발행일자\n권면(전자등록)총액\n이자율\n평가등급(평가기관)\n만기일\n상환여부\n주관회사\nSK매직(주)\n회사채\n공모\n2021.03.08\n150,000\n1.52\nA+ (한신평), A (한기평, NICE)\n2024.03.08\n미상환\n케이비증권㈜,SK증권㈜\nSK매직(주)\n기업어음증권\n사모\n2021.05.20\n10,000\n0.96\nA2+ (한신평), A2 (한기평, NICE)\n2021.08.11\n상환\n-\nSK매직(주)\n기업어음증권\n사모\n2021.05.21\n10,000\n0.96\nA2+ (한신평), A2 (한기평, NICE)\n2021.08.11\n상환\n-\nSK매직(주)\n기업어음증권\n사모\n2021.05.24\n10,000\n0.96\nA2+ (한신평), A2 (한기평, NICE)\n2021.08.11\n상환\n-\nSK매직(주)\n기업어음증권\n사모\n2021.06.21\n5,000\n1.00\nA2+ (한신평, 한기평, NICE)\n2021.08.11\n상환\n-\nSK매직(주)\n기업어음증권\n사모\n2021.06.21\n5,000\n1.00\nA2+ (한신평, 한기평, NICE)\n2021.08.11\n상환\n-\nSK매직(주)\n기업어음증권\n사모\n2021.06.22\n5,000\n1.00\nA2+ (한신평, 한기평, NICE)\n2021.08.11\n상환\n-\nSK매직(주)\n기업어음증권\n사모\n2021.06.22\n5,000\n1.00\nA2+ (한신평, 한기평, NICE)\n2021.08.11\n상환\n-\nSK매직(주)\n기업어음증권\n사모\n2021.08.19\n5,000\n1.20\nA2+ (한신평, 한기평, NICE)\n2021.11.18\n상환\n-\nSK매직(주)\n기업어음증권\n사모\n2021.08.19\n5,000\n1.20\nA2+ (한신평, 한기평, NICE)\n2021.11.18\n상환\n-\nSK매직(주)\n기업어음증권\n사모\n2021.08.20\n5,000\n1.20\nA2+ (한신평, 한기평, NICE)\n2021.11.19\n상환\n-\nSK매직(주)\n기업어음증권\n사모\n2021.08.20\n5,000\n1.20\nA2+ (한신평, 한기평, NICE)\n2021.11.19\n상환\n-\nSK매직(주)\n기업어음증권\n사모\n2021.09.09\n5,000\n1.20\nA2+ (한신평, 한기평, NICE)\n2021.09.15\n상환\n-\nSK매직(주)\n기업어음증권\n사모\n2021.09.09\n5,000\n1.20\nA2+ (한신평, 한기평, NICE)\n2021.09.15\n상환\n-\nSK매직(주)\n기업어음증권\n사모\n2021.09.10\n5,000\n1.20\nA2+ (한신평, 한기평, NICE)\n2021.09.16\n상환\n-\nSK매직(주)\n기업어음증권\n사모\n2021.09.10\n5,000\n1.20\nA2+ (한신평, 한기평, NICE)\n2021.09.16\n상환\n-\nSK매직(주)\n기업어음증권\n사모\n2021.09.14\n5,000\n1.53\nA2+ (한신평, 한기평, NICE)\n2021.12.14\n상환\n-\nSK매직(주)\n기업어음증권\n사모\n2021.09.14\n5,000\n1.53\nA2+ (한신평, 한기평, NICE)\n2021.12.14\n상환\n-\nSK매직(주)\n기업어음증권\n사모\n2021.09.15\n5,000\n1.53\nA2+ (한신평, 한기평, NICE)\n2021.12.15\n상환\n-\nSK매직(주)\n기업어음증권\n사모\n2021.09.15\n5,000\n1.53\nA2+ (한신평, 한기평, NICE)\n2021.12.15\n상환\n-\nSK매직(주)\n기업어음증권\n사모\n2021.09.16\n5,000\n1.53\nA2+ (한신평, 한기평, NICE)\n2021.12.16\n상환\n-\nSK매직(주)\n기업어음증권\n사모\n2021.09.16\n5,000\n1.53\nA2+ (한신평, 한기평, NICE)\n2021.12.16\n상환\n-\nSK매직(주)\n기업어음증권\n사모\n2021.10.18\n5,000\n1.65\nA2+ (한신평, 한기평, NICE)\n2021.12.13\n상환\n-\nSK매직(주)\n기업어음증권\n사모\n2021.10.18\n5,000\n1.65\nA2+ (한신평, 한기평, NICE)\n2021.12.13\n상환\n-\nSK매직(주)\n기업어음증권\n사모\n2021.10.19\n5,000\n1.65\nA2+ (한신평, 한기평, NICE)\n2021.12.14\n상환\n-\nSK매직(주)\n기업어음증권\n사모\n2021.10.19\n5,000\n1.65\nA2+ (한신평, 한기평, NICE)\n2021.12.14\n상환\n-\nSK매직(주)\n기업어음증권\n사모\n2021.12.10\n5,000\n2.35\nA2+ (한신평, 한기평, NICE)\n2022.03.04\n미상환\n-\nSK매직(주)\n기업어음증권\n사모\n2021.12.10\n5,000\n2.35\nA2+ (한신평, 한기평, NICE)\n2022.03.04\n미상환\n-\nSK매직(주)\n기업어음증권\n사모\n2021.12.13\n5,000\n2.35\nA2+ (한신평, 한기평, NICE)\n2022.03.04\n미상환\n-\nSK매직(주)\n기업어음증권\n사모\n2021.12.13\n5,000\n2.35\nA2+ (한신평, 한기평, NICE)\n2022.03.04\n미상환\n-\nSK매직(주)\n기업어음증권\n사모\n2021.12.14\n5,000\n2.35\nA2+ (한신평, 한기평, NICE)\n2022.03.04\n미상환\n-\nSK매직(주)\n기업어음증권\n사모\n2021.12.14\n5,000\n2.35\nA2+ (한신평, 한기평, NICE)\n2022.03.04\n미상환\n-\nSK매직(주)\n기업어음증권\n사모\n2021.12.15\n5,000\n2.35\nA2+ (한신평, 한기평, NICE)\n2022.03.04\n미상환\n-\nSK매직(주)\n기업어음증권\n사모\n2021.12.15\n5,000\n2.35\nA2+ (한신평, 한기평, NICE)\n2022.03.04\n미상환\n-\nSK매직(주)\n기업어음증권\n사모\n2021.12.16\n5,000\n2.35\nA2+ (한신평, 한기평, NICE)\n2022.03.04\n미상환\n-\nSK매직(주)\n기업어음증권\n사모\n2021.12.16\n5,000\n2.35\nA2+ (한신평, 한기평, NICE)\n2022.03.04\n미상환\n-\nSK매직(주)\n기업어음증권\n사모\n2021.12.17\n5,000\n2.35\nA2+ (한신평, 한기평, NICE)\n2022.03.04\n미상환\n-\nSK매직(주)\n기업어음증권\n사모\n2021.12.17\n5,000\n2.35\nA2+ (한신평, 한기평, NICE)\n2022.03.04\n미상환\n-\n합 \xa0계\n-\n-\n-\n350,000\n-\n-\n-\n-\n-\n- SK매직(주)는 동 사업보고서의 작성 기준일 이후인 2022년 2월 14일, 2월 15일에 각 100억원의 CP를 발행하였으며, 2022년 3월 3일 회사채 1,500억원을 발행하였습니다. 이와 관련된 자세한 사항은 SK매직(주)가 2022년 2월 18일에 제출한 증권신고서를 참고하시기 바랍니다. \n[SK렌터카(舊 AJ렌터카)]\n(기준일 :\xa0\n2021년 12월 31일\n)\n(단위 : 백만원, %)\n발행회사\n증권종류\n발행방법\n발행일자\n권면(전자등록)총액\n이자율\n평가등급(평가기관)\n만기일\n상환여부\n주관회사\nSK렌터카(주)\n회사채\n공모\n2021.09.14\n90,000\n2.058\nA0(긍정적)(한신평, 한기평, NICE)\n2024.09.14\n미상환\nKB증권(주)\nSK렌터카(주)\n회사채\n공모\n2021.09.14\n60,000\n1.887\nA0(긍정적)(한신평, 한기평, NICE)\n2023.09.14\n미상환\nKB증권(주)\nSK렌터카(주)\n기업어음증권\n사모\n2021.09.03\n5,000\n1.25\nA2(한신평, 한기평, NICE)\n2021.09.14\n상환\n-\nSK렌터카(주)\n기업어음증권\n사모\n2021.09.03\n5,000\n1.25\nA2(한신평, 한기평, NICE)\n2021.09.14\n상환\n-\nSK렌터카(주)\n기업어음증권\n사모\n2021.09.03\n5,000\n1.25\nA2 (한신평, 한기평, NICE)\n2021.09.14\n상환\n-\nSK렌터카(주)\n기업어음증권\n사모\n2021.09.03\n5,000\n1.25\nA2(한신평, 한기평, NICE)\n2021.09.14\n상환\n-\nSK렌터카(주)\n기업어음증권\n사모\n2021.09.03\n5,000\n1.25\nA2 (한신평, 한기평, NICE)\n2021.09.14\n상환\n-\nSK렌터카(주)\n기업어음증권\n사모\n2021.09.03\n5,000\n1.25\nA2 (한신평, 한기평, NICE)\n2021.09.14\n상환\n-\nSK렌터카(주)\n기업어음증권\n사모\n2021.09.03\n5,000\n1.25\nA2 (한신평, 한기평, NICE)\n2021.09.14\n상환\n-\nSK렌터카(주)\n기업어음증권\n사모\n2021.09.03\n5,000\n1.25\nA2(한신평, 한기평, NICE)\n2021.09.14\n상환\n-\nSK렌터카(주)\n기업어음증권\n사모\n2021.08.26\n5,000\n1.20\nA2 (한신평, 한기평, NICE)\n2021.09.14\n상환\n-\nSK렌터카(주)\n기업어음증권\n사모\n2021.08.26\n5,000\n1.20\nA2 (한신평, 한기평, NICE)\n2021.09.14\n상환\n-\nSK렌터카(주)\n기업어음증권\n사모\n2021.08.26\n5,000\n1.20\nA2 (한신평, 한기평, NICE)\n2021.09.14\n상환\n-\nSK렌터카(주)\n기업어음증권\n사모\n2021.08.26\n5,000\n1.20\nA2 (한신평, 한기평, NICE)\n2021.09.14\n상환\n-\nSK렌터카(주)\n기업어음증권\n사모\n2021.08.26\n5,000\n1.20\nA2 (한신평, 한기평, NICE)\n2021.09.14\n상환\n-\nSK렌터카(주)\n기업어음증권\n사모\n2021.08.26\n5,000\n1.20\nA2(한신평, 한기평, NICE)\n2021.09.14\n상환\n-\nSK렌터카(주)\n기업어음증권\n사모\n2021.06.08\n5,000\n1.28\nA2 (한기평, 한신평)\n2022.06.07\n미상환\n-\nSK렌터카(주)\n기업어음증권\n사모\n2021.06.08\n5,000\n1.28\nA2 (한기평, 한신평)\n2022.06.07\n미상환\n-\nSK렌터카(주)\n기업어음증권\n사모\n2021.06.08\n5,000\n1.28\nA2 (한기평, 한신평)\n2022.06.07\n미상환\n-\nSK렌터카(주)\n기업어음증권\n사모\n2021.06.08\n5,000\n1.28\nA2 (한기평, 한신평)\n2022.06.07\n미상환\n-\nSK렌터카(주)\n기업어음증권\n사모\n2021.04.14\n5,000\n1.23\nA2 (한기평, 한신평)\n2022.04.13\n미상환\n-\nSK렌터카(주)\n기업어음증권\n사모\n2021.04.14\n5,000\n1.23\nA2 (한기평, 한신평)\n2022.04.13\n미상환\n-\nSK렌터카(주)\n기업어음증권\n사모\n2021.04.14\n5,000\n1.23\nA2 (한기평, 한신평)\n2022.04.13\n미상환\n-\nSK렌터카(주)\n기업어음증권\n사모\n2021.04.14\n5,000\n1.23\nA2 (한기평, 한신평)\n2022.04.13\n미상환\n-\nSK렌터카(주)\n기업어음증권\n사모\n2021.03.04\n50,000\n1.10\nA2 (한기평, 한신평)\n2021.09.03\n상환\n-\nSK렌터카(주)\n기업어음증권\n사모\n2021.03.03\n5,000\n1.13\nA2 (한기평, 한신평)\n2021.09.03\n상환\n-\nSK렌터카(주)\n기업어음증권\n사모\n2021.03.03\n5,000\n1.13\nA2 (한기평, 한신평)\n2021.09.03\n상환\n-\nSK렌터카(주)\n기업어음증권\n사모\n2021.03.03\n5,000\n1.13\nA2 (한기평, 한신평)\n2021.09.03\n상환\n-\nSK렌터카(주)\n기업어음증권\n사모\n2021.03.03\n5,000\n1.13\nA2 (한기평, 한신평)\n2021.09.03\n상환\n-\nSK렌터카(주)\n회사채\n공모\n2021.02.04\n202,000\n1.448\nA0(긍정적)(NICE신용평가)A0(안정적)(한기평/한신평)\n2024.02.04\n미상환\n키움증권(주),SK증권(주)\nSK렌터카(주)\n회사채(녹색채권)\n공모\n2021.02.04\n98,000\n1.877\nA0(긍정적)(NICE신용평가)A0(안정적)(한기평/한신평)\n2026.02.04\n미상환\n키움증권(주),SK증권(주)\n합 \xa0계\n-\n-\n-\n630,000\n-\n-\n-\n-\n-\n※ 평가등급은 발행시점의 등급을 기재함\n[SKC]\n(기준일 :\xa0\n2021년 12월 31일\n)\n(단위 : 백만원, %)\n발행회사\n증권종류\n발행방법\n발행일자\n권면(전자등록)총액\n이자율\n평가등급(평가기관)\n만기일\n상환여부\n주관회사\nSKC㈜\n회사채\n사모\n2021.02.09\n70,000\n1.800\nA+(한기평,한신평,NICE)\n2023.02.09\n미상환\n키움증권\nSKC㈜\n회사채\n사모\n2021.02.09\n50,000\n2.950\nA+(한기평,한신평,NICE)\n2028.02.09\n미상환\n신영증권\nSKC㈜\n기업어음증권\n사모\n2021.03.11\n60,000\n1.160\nA2+(한기평,한신평,NICE)\n2021.06.11\n상환\nSK증권\nSKC㈜\n기업어음증권\n사모\n2021.06.04\n50,000\n1.580\nA2+(한기평,한신평,NICE)\n2021.06.30\n상환\n신한은행\nSKC㈜\n기업어음증권\n사모\n2021.06.11\n60,000\n1.140\nA2+(한기평,한신평,NICE)\n2021.09.13\n상환\nSK증권\nSKC㈜\n기업어음증권\n사모\n2021.07.02\n50,000\n1.610\nA2+(한기평,한신평,NICE)\n2021.07.30\n상환\n신한은행\nSKC㈜\n기업어음증권\n사모\n2021.07.30\n50,000\n1.620\nA2+(한기평,한신평,NICE)\n2021.08.31\n상환\n신한은행\nSKC㈜\n기업어음증권\n사모\n2021.08.31\n50,000\n1.840\nA2+(한기평,한신평,NICE)\n2021.09.30\n상환\n신한은행\nSKC㈜\n기업어음증권\n사모\n2021.09.10\n10,000\n1.820\nA2+(한기평,한신평,NICE)\n2022.03.10\n미상환\nSK증권\nSKC㈜\n기업어음증권\n사모\n2021.09.10\n30,000\n1.820\nA2+(한기평,한신평,NICE)\n2022.03.10\n미상환\n하이투자증권(주)\nSKC㈜\n기업어음증권\n사모\n2021.10.01\n50,000\n1.960\nA2+(한기평,한신평,NICE)\n2021.10.29\n상환\n신한은행\nSKC㈜\n기업어음증권\n사모\n2021.10.29\n50,000\n2.020\nA2+(한기평,한신평,NICE)\n2021.11.30\n상환\n신한은행\nSKC㈜\n기업어음증권\n사모\n2021.11.30\n50,000\n2.170\nA2+(한기평,한신평,NICE)\n2021.12.31\n상환\n신한은행\nSK텔레시스\n기업어음증권\n사모\n2021.02.19\n3,000\n3.900\nA3-(한기평,서신평)\n2022.02.18\n미상환\n-\nSK텔레시스\n기업어음증권\n사모\n2021.02.25\n1,000\n3.900\nA3-(한기평,서신평)\n2022.02.24\n미상환\n-\nSK텔레시스\n기업어음증권\n사모\n2021.03.05\n1,000\n3.500\nA3-(한기평,서신평)\n2021.10.05\n상환\n-\nSK텔레시스\n기업어음증권\n사모\n2021.03.05\n1,000\n3.500\nA3-(한기평,서신평)\n2021.10.05\n상환\n-\nSK텔레시스\n기업어음증권\n사모\n2021.03.09\n1,000\n3.500\nA3-(한기평,서신평)\n2021.10.08\n상환\n-\nSK텔레시스\n기업어음증권\n사모\n2021.03.09\n5,000\n3.900\nA3-(한기평,서신평)\n2022.03.08\n미상환\n-\nSK텔레시스\n기업어음증권\n사모\n2021.03.19\n2,000\n3.500\nA3-(한기평,서신평)\n2021.10.19\n상환\n-\nSK텔레시스\n기업어음증권\n사모\n2021.04.02\n10,000\n3.700\nA3-(한기평,서신평)\n2021.11.02\n상환\n-\nSK텔레시스\n기업어음증권\n사모\n2021.04.15\n2,000\n3.600\nA3-(한기평,서신평)\n2021.11.15\n상환\n-\nSK텔레시스\n기업어음증권\n사모\n2021.04.16\n6,000\n3.600\nA3-(한기평,서신평)\n2021.11.16\n상환\n-\nSK텔레시스\n기업어음증권\n사모\n2021.04.21\n1,000\n3.600\nA3-(한기평,서신평)\n2021.11.19\n상환\n-\nSK텔레시스\n기업어음증권\n사모\n2021.04.21\n2,000\n3.900\nA3-(한기평,서신평)\n2022.04.20\n미상환\n-\nSK텔레시스\n기업어음증권\n사모\n2021.04.22\n1,000\n3.600\nA3-(한기평,서신평)\n2021.11.22\n상환\n-\nSK텔레시스\n기업어음증권\n사모\n2021.04.22\n1,000\n3.900\nA3-(한기평,서신평)\n2022.04.21\n미상환\n-\nSK텔레시스\n기업어음증권\n사모\n2021.04.29\n6,000\n3.600\nA3-(한기평,서신평)\n2021.11.29\n상환\n-\nSK텔레시스\n기업어음증권\n사모\n2021.05.07\n2,000\n3.600\nA3-(한기평,서신평)\n2021.12.07\n상환\n-\nSK텔레시스\n기업어음증권\n사모\n2021.05.07\n5,000\n3.600\nA3-(한기평,서신평)\n2021.12.07\n상환\n-\nSK텔레시스\n기업어음증권\n사모\n2021.05.18\n1,000\n3.600\nA3-(한기평,서신평)\n2021.12.17\n상환\n-\nSK텔레시스\n기업어음증권\n사모\n2021.05.20\n1,000\n3.600\nA3-(한기평,서신평)\n2021.12.20\n상환\n-\nSK텔레시스\n기업어음증권\n사모\n2021.05.25\n1,000\n3.600\nA3-(한기평,서신평)\n2021.12.27\n상환\n-\nSK텔레시스\n기업어음증권\n사모\n2021.05.25\n8,500\n3.950\nA3-(한기평,서신평)\n2022.05.24\n미상환\n-\nSK텔레시스\n기업어음증권\n사모\n2021.05.27\n9,500\n3.950\nA3-(한기평,서신평)\n2022.05.26\n미상환\n-\nSK텔레시스\n기업어음증권\n사모\n2021.05.27\n3,000\n3.950\nA3-(한기평,서신평)\n2022.05.26\n미상환\n-\nSK텔레시스\n기업어음증권\n사모\n2021.06.03\n7,000\n3.600\nA3-(한기평,서신평)\n2022.01.04\n미상환\n-\nSK텔레시스\n기업어음증권\n사모\n2021.06.08\n1,500\n3.600\nA3-(한기평,서신평)\n2022.01.07\n미상환\n-\nSK텔레시스\n기업어음증권\n사모\n2021.06.09\n1,000\n3.600\nA3-(한기평,서신평)\n2022.01.10\n미상환\n-\nSK텔레시스\n기업어음증권\n사모\n2021.06.14\n12,000\n3.950\nA3-(한기평,서신평)\n2022.06.13\n미상환\n-\nSK텔레시스\n기업어음증권\n사모\n2021.06.14\n1,000\n3.600\nA3-(한기평,서신평)\n2022.01.14\n미상환\n-\nSK텔레시스\n기업어음증권\n사모\n2021.06.16\n9,000\n3.600\nA3-(한기평,서신평)\n2022.01.14\n미상환\n-\nSK텔레시스\n기업어음증권\n사모\n2021.06.16\n1,000\n3.900\nA3-(한기평,서신평)\n2022.06.15\n미상환\n-\nSK텔레시스\n기업어음증권\n사모\n2021.06.16\n2,000\n3.600\nA3-(한기평,서신평)\n2022.01.17\n미상환\n-\nSKC 하이테크앤마케팅\n전자단기사채\n사모\n2021.01.07\n10,000\n2.250\nA3(한신평, NICE)\n2021.04.06\n상환\n유진투자증권\nSKC 하이테크앤마케팅\n전자단기사채\n사모\n2021.03.25\n10,000\n2.250\nA3(한신평, NICE)\n2021.06.23\n상환\n유진투자증권\nSKC 하이테크앤마케팅\n전자단기사채\n사모\n2021.04.06\n10,000\n2.250\nA3(한신평, NICE)\n2021.07.05\n상환\n유진투자증권\nSKC 하이테크앤마케팅\n회사채\n사모\n2021.04.21\n10,000\n1.900\nBBB/Stable (한신평,NICE)\n2022.10.21\n미상환\n유진투자증권\nSKC 하이테크앤마케팅\n전자단기사채\n사모\n2021.05.07\n10,000\n1.950\nA3(한신평, NICE)\n2021.08.06\n상환\n신영증권\nSKC 하이테크앤마케팅\n전자단기사채\n사모\n2021.06.11\n6,000\n1.950\nA3(한신평, NICE)\n2022.06.10\n미상환\n신영증권\nSKC 하이테크앤마케팅\n전자단기사채\n사모\n2021.06.11\n4,000\n1.950\nA3(한신평, NICE)\n2021.09.10\n상환\n신영증권\nSKC 하이테크앤마케팅\n전자단기사채\n사모\n2021.08.06\n10,000\n1.950\nA3(한신평, NICE)\n2021.11.05\n상환\n신영증권\nSKC 하이테크앤마케팅\n전자단기사채\n사모\n2021.09.10\n4,000\n1.950\nA3(한신평, NICE)\n2021.12.10\n상환\n신영증권\nSKC 하이테크앤마케팅\n전자단기사채\n사모\n2021.08.06\n10,000\n1.950\nA3(한신평, NICE)\n2022.02.04\n미상환\n신영증권\n합 \xa0계\n-\n-\n-\n822,500\n-\n-\n-\n-\n-\n[SK에코플랜트]\n(기준일 :\xa0\n2021년 12월 31일\n)\n(단위 : 백만원, %)\n발행회사\n증권종류\n발행방법\n발행일자\n권면(전자등록)총액\n이자율\n평가등급(평가기관)\n만기일\n상환여부\n주관회사\nSK에코플랜트\n기업어음증권\n사모\n2021.02.17\n20,000\n2.65\nA2-(한신평, 한기평, NICE)\n2021.03.17\n상환\n우리종합금융㈜\nSK에코플랜트\n회사채\n공모\n2021.02.26\n300,000\n2.16\nA-(한신평, 한기평, NICE)\n2024.02.26\n미상환\nSK증권, NH투자증권\nSK에코플랜트\n기업어음증권\n사모\n2021.04.12\n20,000\n2.50\nA2-(한신평, 한기평, NICE)\n2021.05.12\n상환\n우리종합금융(주)\nSK에코플랜트\n회사채\n사모\n2021.04.26\n200,000\n2.29\nA-(한신평, 한기평, NICE)\n2023.04.26\n미상환\nKB증권, SK증권, 키움증권, DB금융투자, 유진투자증권, 한화투자증권, 한양증권\nSK에코플랜트\n회사채\n공모\n2021.07.29\n100,000\n2.31\nA-(한신평, 한기평, NICE)\n2023.07.28\n미상환\n삼성증권㈜, KB증권㈜, 한국산업은행\nSK에코플랜트\n회사채\n공모\n2021.07.29\n200,000\n2.61\nA-(한신평, 한기평, NICE)\n2024.07.29\n미상환\n삼성증권㈜, KB증권㈜, 한국산업은행\nSK에코플랜트\n회사채\n사모\n2021.09.16\n50,000\n3.06\nA-(한신평, 한기평, NICE)\n2025.09.16\n미상환\n한양증권㈜, 삼성증권㈜\nSK에코플랜트\n회사채\n사모\n2021.09.16\n50,000\n3.06\nA-(한신평, 한기평, NICE)\n2025.09.16\n상환*\n한양증권㈜\n합 \xa0계\n-\n-\n-\n940,000\n-\n-\n-\n-\n-\n* 2021년 12월 28일 부 조기상환 완료[SK E&S]\n(기준일 :\xa0\n2021년 12월 31일\n)\n(단위 : 백만원, %)\n발행회사\n증권종류\n발행방법\n발행일자\n권면(전자등록)총액\n이자율\n평가등급(평가기관)\n만기일\n상환여부\n주관회사\n에스케이이엔에스㈜\n기업어음증권\n사모\n2021.01.20\n70,000\n0.85\nA1 (한신평, 한기평, NICE)\n2021.02.18\n상환\n삼성증권㈜\n에스케이이엔에스㈜\n기업어음증권\n사모\n2021.01.20\n50,000\n0.85\nA1 (한신평, 한기평, NICE)\n2021.02.18\n상환\n하이투자증권㈜\n에스케이이엔에스㈜\n기업어음증권\n사모\n2021.01.25\n100,000\n0.95\nA1 (한신평, 한기평, NICE)\n2021.02.18\n상환\n하이투자증권㈜\n에스케이이엔에스㈜\n회사채\n공모\n2021.02.17\n\xa0 \xa0 \xa0 \xa0110,000\n2.17\nAA0 (한신평, 한기평, NICE)\n2031.02.17\n미상환\nSK증권\n에스케이이엔에스㈜\n회사채\n공모\n2021.02.17\n\xa0 \xa0 \xa0 \xa0 \xa0120,000\n1.84\nAA0 (한신평, 한기평, NICE)\n2028.02.17\n미상환\nSK증권\n에스케이이엔에스㈜\n회사채\n공모\n2021.02.17\n\xa0 \xa0 \xa0 \xa0 \xa0 \xa0 \xa0120,000\n1.63\nAA0 (한신평, 한기평, NICE)\n2026.02.17\n미상환\nSK증권\n에스케이이엔에스㈜\n회사채\n공모\n2021.02.17\n\xa0 \xa0 \xa0 \xa0 \xa0 \xa0 \xa0 150,000\n1.25\nAA0 (한신평, 한기평, NICE)\n2024.02.17\n미상환\nSK증권\n에스케이이엔에스㈜\n기업어음증권\n사모\n2021.02.25\n100,000\n1.60\nA1 (한신평, 한기평, NICE)\n2021.05.25\n상환\n신한은행\n에스케이이엔에스㈜\n기업어음증권\n사모\n2021.03.16\n100,000\n1.09\nA1 (한신평, 한기평, NICE)\n2022.03.10\n미상환\n신한은행\n에스케이이엔에스㈜\n기업어음증권\n사모\n2021.04.15\n80,000\n0.88\nA1 (한신평, 한기평, NICE)\n2021.11.03\n상환\n신한은행\n에스케이이엔에스㈜\n기업어음증권\n사모\n2021.05.25\n100,000\n1.60\nA1 (한신평, 한기평, NICE)\n2021.08.25\n상환\n신한은행\n에스케이이엔에스㈜\n기업어음증권\n사모\n2021.08.25\n100,000\n1.60\nA1 (한신평, 한기평, NICE)\n2021.11.25\n상환\n신한은행\n에스케이이엔에스㈜\n기업어음증권\n사모\n2021.08.27\n100,000\n1.40\nA1 (한신평, 한기평, NICE)\n2021.12.15\n상환\n하이투자증권㈜\n에스케이이엔에스㈜\n기업어음증권\n사모\n2021.08.30\n40,000\n1.40\nA1 (한신평, 한기평, NICE)\n2021.12.15\n상환\n하이투자증권㈜\n에스케이이엔에스㈜\n기업어음증권\n사모\n2021.10.06\n130,000\n1.55\nA1 (한신평, 한기평, NICE)\n2021.11.25\n상환\n하이투자증권㈜\n에스케이이엔에스㈜\n기업어음증권\n사모\n2021.11.25\n100,000\n1.60\nA1 (한신평, 한기평, NICE)\n2022.02.25\n미상환\n신한은행\n파주에너지서비스㈜\n회사채\n공모\n2021.11.08\n40,000\n2.90\nAA-(한신평, NICE)\n2026.11.08\n미상환\nKB증권\n파주에너지서비스㈜\n회사채\n공모\n2021.11.08\n40,000\n2.66\nAA-(한신평, NICE)\n2024.11.06\n미상환\nKB증권\n나래에너지서비스㈜\n기업어음증권\n사모\n2021.09.15\n30,000\n2.01\n\xa0A2+ (한신평, 한기평)\xa0\n2022.09.13\n미상환\n신영증권㈜\n합 \xa0계\n-\n-\n-\n1,680,000\n-\n-\n-\n-\n[SK머티리얼즈]\n(기준일 :\xa0\n2021년 12월 31일\n)\n(단위 : 백만원, %)\n발행회사\n증권종류\n발행방법\n발행일자\n권면(전자등록)총액\n이자율\n평가등급(평가기관)\n만기일\n상환여부\n주관회사\n에스케이머티리얼즈\n회사채\n공모\n2021.02.25\n230,000\n1.44\nAA+(한신평, 한기평)\n2024.02.23\n미상환\n신한금융투자, SK증권\n에스케이머티리얼즈\n회사채\n공모\n2021.02.25\n70,000\n1.75\nAA+(한신평, 한기평)\n2026.02.23\n미상환\n신한금융투자, SK증권\n합 \xa0계\n-\n-\n-\n300,000\n-\n-\n-\n-\n-\n주) 2021.12.01 물적분할 및 SK(주)와의 합병으로 인한 수시평가(2021.12)를 통해 분할 전 법인인  \xa0 \xa0 SK머티리얼즈(주)의 회사채 신용등급 A+에서 SK(주)의 연대보증이 반영된 AA+로 등급 상향됨\n[SK머티리얼즈에어플러스(주)]\n(기준일 :\xa0\n2021년 12월 31일\n)\n(단위 : 백만원, %)\n발행회사\n증권종류\n발행방법\n발행일자\n권면(전자등록)총액\n이자율\n평가등급(평가기관)\n만기일\n상환여부\n주관회사\nSK머티리얼즈에어플러스\n기업어음증권\n사모\n2021.01.18\n20,000\n2.15\nA2-(한기평,NICE, 한신평)\n2021.07.18\n상환\n한국투자증권\nSK머티리얼즈에어플러스\n기업어음증권\n사모\n2021.02.19\n10,000\n2.10\nA2-(한기평,NICE, 한신평)\n2021.08.25\n상환\nNH투자증권\nSK머티리얼즈에어플러스\n기업어음증권\n사모\n2021.02.25\n10,000\n2.10\nA2-(한기평,NICE, 한신평)\n2021.08.25\n상환\nNH투자증권\nSK머티리얼즈에어플러스\n기업어음증권\n사모\n2021.03.19\n10,000\n1.85\nA2-(한기평,NICE, 한신평)\n2021.07.19\n상환\n한국투자증권\nSK머티리얼즈에어플러스\n회사채\n사모\n2021.05.10\n60,000\n2.12\nA-(한신평, NICE)\n2023.05.10\n미상환\n한국투자증권, NH투자증권\nSK머티리얼즈에어플러스\n회사채\n사모\n2021.05.10\n40,000\n2.63\nA-(한신평, NICE)\n2024.05.10\n미상환\n한국투자증권, NH투자증권\nSK머티리얼즈에어플러스\n기업어음증권\n사모\n2021.07.19\n30,000\n1.97\nA2-(NICE, 한신평)\n2022.07.18\n미상환\n한국투자증권\nSK머티리얼즈에어플러스\n기업어음증권\n사모\n2021.08.25\n20,000\n2.09\nA2-(NICE, 한신평)\n2022.08.24\n미상환\nNH투자증권\nSK머티리얼즈에어플러스\n기업어음증권\n사모\n2021.10.07\n20,000\n2.13\nA2-(NICE, 한신평)\n2022.10.06\n미상환\n한국투자증권\n합 \xa0계\n-\n-\n-\n220,000\n-\n-\n-\n-\n-\n(2) 만기별 미상환 채무증권 잔액(가) 기업어음증권 미상환 잔액\n[연결 기준] \xa0 \xa0 \xa0 \xa0 \xa0 \xa0 \xa0 \xa0 \xa0 \xa0 \xa0 \xa0 \xa0 \xa0 \xa0 \xa0 \xa0 \xa0 \xa0 \xa0 \xa0 \xa0 \xa0 \xa0 \xa0 \xa0 \xa0 \xa0 \xa0 \xa0 \xa0 \xa0 \xa0 \xa0 \xa0 \xa0 \xa0 \xa0 \xa0 \xa0 \xa0 \xa0 \xa0 \xa0 \xa0 \xa0 \xa0 \xa0 \xa0 \xa0 \xa0\xa0\n(기준일 :\xa0\n2021년 12월 31일\n)\n(단위 : 백만원)\n잔여만기\n10일 이하\n10일초과30일이하\n30일초과90일이하\n90일초과180일이하\n180일초과1년이하\n1년초과2년이하\n2년초과3년이하\n3년 초과\n합 계\n미상환 잔액\n공모\n-\n-\n-\n-\n-\n-\n-\n-\n-\n사모\n29,500\n572,000\n1,154,000\n677,000\n120,000\n-\n-\n-\n2,552,500\n합계\n29,500\n572,000\n1,154,000\n677,000\n120,000\n-\n-\n-\n2,552,500\n[별도 기준]\n(기준일 :\xa0\n2021년 12월 31일\n)\n(단위 : 백만원)\n잔여만기\n10일 이하\n10일초과30일이하\n30일초과90일이하\n90일초과180일이하\n180일초과1년이하\n1년초과2년이하\n2년초과3년이하\n3년 초과\n합 계\n미상환 잔액\n공모\n-\n-\n-\n-\n-\n-\n-\n-\n-\n사모\n-\n560,000\n885,000\n600,000\n-\n-\n-\n-\n2,045,000\n합계\n-\n560,000\n885,000\n600,000\n-\n-\n-\n-\n2,045,000\n(나) 단기사채 미상환 잔액\n[연결 기준] \xa0 \xa0 \xa0 \xa0 \xa0 \xa0 \xa0 \xa0 \xa0 \xa0 \xa0 \xa0 \xa0 \xa0 \xa0 \xa0 \xa0 \xa0 \xa0 \xa0 \xa0 \xa0 \xa0 \xa0 \xa0 \xa0 \xa0 \xa0 \xa0 \xa0 \xa0 \xa0 \xa0 \xa0 \xa0 \xa0 \xa0 \xa0 \xa0 \xa0 \xa0 \xa0 \xa0 \xa0 \xa0 \xa0 \xa0 \xa0 \xa0 \xa0 \xa0\n(기준일 :\xa0\n2021년 12월 31일\n)\n(단위 : 백만원)\n잔여만기\n10일 이하\n10일초과30일이하\n30일초과90일이하\n90일초과180일이하\n180일초과1년이하\n합 계\n발행 한도\n잔여 한도\n미상환 잔액\n공모\n-\n-\n-\n-\n-\n-\n-\n-\n사모\n-\n-\n10,000\n6,000\n-\n16,000\n760,000\n744,000\n합계\n-\n-\n10,000\n6,000\n-\n16,000\n1,310,000\n1,294,000\n* SK텔레콤의 전자단기사채 발행 한도의 경우 공모와 사모를 구분하여 받지 않았으며, 합계에만 포함하였습니다.\n[별도 기준]\n(기준일 :\xa0\n2021년 12월 31일\n)\n(단위 : 백만원)\n잔여만기\n10일 이하\n10일초과30일이하\n30일초과90일이하\n90일초과180일이하\n180일초과1년이하\n합 계\n발행 한도\n잔여 한도\n미상환 잔액\n공모\n-\n-\n-\n-\n-\n-\n-\n-\n사모\n-\n-\n-\n-\n-\n-\n-\n-\n합계\n-\n-\n-\n-\n-\n-\n-\n-\n(다) 회사채 미상환 잔액\n[연결 기준] \xa0 \xa0 \xa0 \xa0 \xa0 \xa0 \xa0 \xa0 \xa0 \xa0 \xa0 \xa0 \xa0 \xa0 \xa0 \xa0 \xa0 \xa0 \xa0 \xa0 \xa0 \xa0 \xa0 \xa0 \xa0 \xa0 \xa0 \xa0 \xa0 \xa0 \xa0 \xa0 \xa0 \xa0 \xa0 \xa0 \xa0 \xa0 \xa0 \xa0 \xa0 \xa0 \xa0 \xa0 \xa0 \xa0 \xa0 \xa0 \xa0 \xa0 \xa0\n(기준일 :\xa0\n2021년 12월 31일\n)\n(단위 : 백만원)\n잔여만기\n1년 이하\n1년초과2년이하\n2년초과3년이하\n3년초과4년이하\n4년초과5년이하\n5년초과10년이하\n10년초과\n합 계\n미상환 잔액\n공모\n5,305,000\n6,216,650\n6,804,650\n3,003,000\n4,067,850\n5,314,200\n1,130,000\n31,841,350\n사모\n251,707\n1,428,400\n98,788\n565,650\n280,000\n340,010\n30,000\n2,994,555\n합계\n5,556,707\n7,645,050\n6,903,438\n3,568,650\n4,347,850\n5,654,210\n1,160,000\n34,835,905\n* 상기 금액 중 SK쉴더스 (舊, ADT캡스(주)) 발행 사모사채 금액은 만기보장수익률 2%가 포함되지 않은 금액입니다.\n[별도 기준]\n(기준일 :\xa0\n2021년 12월 31일\n)\n(단위 : 백만원)\n잔여만기\n1년 이하\n1년초과2년이하\n2년초과3년이하\n3년초과4년이하\n4년초과5년이하\n5년초과10년이하\n10년초과\n합 계\n미상환 잔액\n공모\n1,220,000\n1,215,000\n1,310,000\n810,000\n860,000\n1,320,000\n-\n6,735,000\n사모\n-\n-\n-\n-\n-\n-\n-\n-\n합계\n1,220,000\n1,215,000\n1,310,000\n810,000\n860,000\n1,320,000\n-\n6,735,000\n(라) 신종자본증권 미상환 잔액\n[연결 기준] \xa0 \xa0 \xa0 \xa0 \xa0 \xa0 \xa0 \xa0 \xa0 \xa0 \xa0 \xa0 \xa0 \xa0 \xa0 \xa0 \xa0 \xa0 \xa0 \xa0 \xa0 \xa0 \xa0 \xa0 \xa0 \xa0 \xa0 \xa0 \xa0 \xa0 \xa0 \xa0 \xa0 \xa0 \xa0 \xa0 \xa0 \xa0 \xa0 \xa0 \xa0 \xa0 \xa0 \xa0 \xa0 \xa0 \xa0 \xa0 \xa0 \xa0 \xa0 \xa0\n(기준일 :\xa0\n2021년 12월 31일\n)\n(단위 : 백만원)\n잔여만기\n1년 이하\n1년초과5년이하\n5년초과10년이하\n10년초과15년이하\n15년초과20년이하\n20년초과30년이하\n30년초과\n합 계\n미상환 잔액\n공모\n-\n-\n-\n-\n-\n-\n-\n-\n사모\n-\n-\n100,000\n-\n-\n1,330,000\n400,000\n1,830,000\n합계\n-\n-\n100,000\n-\n-\n1,330,000\n400,000\n1,830,000\n[별도 기준]\n(기준일 :\xa0\n2021년 12월 31일\n)\n(단위 : 백만원 )\n잔여만기\n1년 이하\n1년초과5년이하\n5년초과10년이하\n10년초과15년이하\n15년초과20년이하\n20년초과30년이하\n30년초과\n합 계\n미상환 잔액\n공모\n-\n-\n-\n-\n-\n-\n-\n-\n사모\n-\n-\n-\n-\n-\n-\n-\n-\n합계\n-\n-\n-\n-\n-\n-\n-\n-\n(마) 조건부자본증권 미상환 잔액\n[연결 기준] \xa0 \xa0 \xa0 \xa0 \xa0 \xa0 \xa0 \xa0 \xa0 \xa0 \xa0 \xa0 \xa0 \xa0 \xa0 \xa0 \xa0 \xa0 \xa0 \xa0 \xa0 \xa0 \xa0 \xa0 \xa0 \xa0 \xa0 \xa0 \xa0 \xa0 \xa0 \xa0 \xa0 \xa0 \xa0 \xa0 \xa0 \xa0 \xa0 \xa0 \xa0 \xa0 \xa0 \xa0 \xa0 \xa0 \xa0 \xa0 \xa0 \xa0 \xa0\xa0\n(기준일 :\xa0\n2021년 12월 31일\n)\n(단위 : 백만원)\n잔여만기\n1년 이하\n1년초과2년이하\n2년초과3년이하\n3년초과4년이하\n4년초과5년이하\n5년초과10년이하\n10년초과20년이하\n20년초과30년이하\n30년초과\n합 계\n미상환 잔액\n공모\n-\n-\n-\n-\n-\n-\n-\n-\n-\n-\n사모\n-\n-\n-\n-\n-\n-\n-\n-\n-\n-\n합계\n-\n-\n-\n-\n-\n-\n-\n-\n-\n-\n[별도 기준]\n(기준일 :\xa0\n2021년 12월 31일\n)\n(단위 : 백만원)\n잔여만기\n1년 이하\n1년초과2년이하\n2년초과3년이하\n3년초과4년이하\n4년초과5년이하\n5년초과10년이하\n10년초과20년이하\n20년초과30년이하\n30년초과\n합 계\n미상환 잔액\n공모\n-\n-\n-\n-\n-\n-\n-\n-\n-\n-\n사모\n-\n-\n-\n-\n-\n-\n-\n-\n-\n-\n합계\n-\n-\n-\n-\n-\n-\n-\n-\n-\n-\n(3) 사채관리계약 주요내용 및 충족여부 등[SK주식회사]\n(작성기준일 :\xa0\n2021년 12월 31일\n)\n(단위 : 백만원, %)\n채권명\n발행일\n만기일\n발행액\n사채관리계약체결일\n사채관리회사\nSK(주) 제270-3회 무보증사채\n2012.11.02\n2022.11.02\n50,000\n2012.10.23\n메리츠종합금융증권\n(이행현황기준일 :\xa0\n2021년 12월 31일\n)\n재무비율 유지현황\n계약내용\n부채비율 300% 이하 유지 (별도 기준)\n이행현황\n이행\n담보권설정 제한현황\n계약내용\n자기자본의 500% 이하 (별도 기준)\n이행현황\n이행\n자산처분 제한현황\n계약내용\n자산총액의 70% 이하 (별도 기준)\n이행현황\n이행\n지배구조변경 제한현황\n계약내용\n-\n이행현황\n-\n이행상황보고서 제출현황\n이행현황\n2021.09.14 제출\n* 이행현황기준일은 이행현황 판단 시 적용한 회계감사인의 감사의견(확인 및 의견표시)이 표명된 가장 최근의 재무제표의 작성기준일이며, 지배구조변경 제한현황은 공시서류작성기준일임.\n(작성기준일 :\xa0\n2021년 12월 31일\n)\n(단위 : 백만원, %)\n채권명\n발행일\n만기일\n발행액\n사채관리계약체결일\n사채관리회사\nSK(주) 제273-3회 무보증사채\n2014.03.25\n2024.03.25\n100,000\n2014.03.13\n한국증권금융\n(이행현황기준일 :\xa0\n2021년 12월 31일\n)\n재무비율 유지현황\n계약내용\n부채비율 400% 이하 유지 (별도 기준)\n이행현황\n이행\n담보권설정 제한현황\n계약내용\n자기자본의 500% 이하 (별도 기준)\n이행현황\n이행\n자산처분 제한현황\n계약내용\n자산총액의 70% 이하 (별도 기준)\n이행현황\n이행\n지배구조변경 제한현황\n계약내용\n-\n이행현황\n-\n이행상황보고서 제출현황\n이행현황\n2021.09.14 제출\n* 이행현황기준일은 이행현황 판단 시 적용한 회계감사인의 감사의견(확인 및 의견표시)이 표명된 가장 최근의 재무제표의 작성기준일이며, 지배구조변경 제한현황은 공시서류작성기준일임.\n(작성기준일 :\xa0\n2021년 12월 31일\n)\n(단위 : 백만원, %)\n채권명\n발행일\n만기일\n발행액\n사채관리계약체결일\n사채관리회사\nSK(주) 제266-2회 무보증사채\n2015.02.06\n2022.02.06\n100,000\n2015.01.27\n한국증권금융\nSK(주) 제274-3회 무보증사채\n2015.09.30\n2022.09.30\n80,000\n2015.09.16\n한국증권금융\nSK(주) 제275-3회 무보증사채\n2015.12.07\n2022.12.07\n60,000\n2015.11.25\n한국증권금융\nSK(주) 제276-3회 무보증사채\n2016.03.07\n2023.03.07\n150,000\n2016.02.23\n한국증권금융\nSK(주) 제277-3회 무보증사채\n2016.06.01\n2023.06.01\n120,000\n2016.05.20\n한국증권금융\nSK(주) 제277-4회 무보증사채\n2016.06.01\n2026.06.01\n60,000\n2016.05.20\n한국증권금융\nSK(주) 제278-3회 무보증사채\n2016.09.07\n2023.09.07\n110,000\n2016.08.26\n한국증권금융\nSK(주) 제279-2회 무보증사채\n2017.03.06\n2022.03.06\n190,000\n2017.02.21\n한국증권금융\nSK(주) 제279-3회 무보증사채\n2017.03.06\n2024.03.06\n120,000\n2017.02.21\n한국증권금융\nSK(주) 제280-2회 무보증사채\n2017.06.01\n2022.06.01\n200,000\n2017.05.22\nDB금융투자\nSK(주) 제280-3회 무보증사채\n2017.06.01\n2024.06.01\n110,000\n2017.05.22\nDB금융투자\nSK(주) 제281-2회 무보증사채\n2017.08.04\n2022.08.04\n130,000\n2017.07.25\nDB금융투자\nSK(주) 제281-3회 무보증사채\n2017.08.04\n2024.08.04\n70,000\n2017.07.25\nDB금융투자\nSK(주) 제282-2회 무보증사채\n2017.10.25\n2022.10.25\n150,000\n2017.10.13\nDB금융투자\nSK(주) 제282-3회 무보증사채\n2017.10.25\n2024.10.25\n80,000\n2017.10.13\nDB금융투자\n(이행현황기준일 :\xa0\n2021년 12월 31일\n)\n재무비율 유지현황\n계약내용\n부채비율 200% 이하 유지 (별도 기준)\n이행현황\n이행\n담보권설정 제한현황\n계약내용\n자기자본의 500% 이하 (별도 기준)\n이행현황\n이행\n자산처분 제한현황\n계약내용\n자산총액의 100% 이하 (별도 기준)\n이행현황\n이행\n지배구조변경 제한현황\n계약내용\n-\n이행현황\n-\n이행상황보고서 제출현황\n이행현황\n2021.09.14 제출\n* 이행현황기준일은 이행현황 판단 시 적용한 회계감사인의 감사의견(확인 및 의견표시)이 표명된 가장 최근의 재무제표의 작성기준일이며, 지배구조변경 제한현황은 공시서류작성기준일임.\n(작성기준일 :\xa0\n2021년 12월 31일\n)\n(단위 : 백만원, %)\n채권명\n발행일\n만기일\n발행액\n사채관리계약체결일\n사채관리회사\nSK(주) 제283-1회 무보증사채\n2018.02.27\n2023.02.27\n150,000\n2018.02.13\nDB금융투자\nSK(주) 제283-2회 무보증사채\n2018.02.27\n2025.02.27\n60,000\n2018.02.13\nDB금융투자\nSK(주) 제283-3회 무보증사채\n2018.02.27\n2028.02.27\n100,000\n2018.02.13\nDB금융투자\nSK(주) 제284-1회 무보증사채\n2018.06.08\n2023.06.08\n170,000\n2018.05.28\nDB금융투자\nSK(주) 제284-2회 무보증사채\n2018.06.08\n2025.06.08\n60,000\n2018.05.28\nDB금융투자\nSK(주) 제284-3회 무보증사채\n2018.06.08\n2028.06.08\n100,000\n2018.05.28\nDB금융투자\nSK(주) 제285-1회 무보증사채\n2018.09.06\n2023.09.06\n150,000\n2018.08.27\n한국증권금융\nSK(주) 제285-2회 무보증사채\n2018.09.06\n2025.09.06\n60,000\n2018.08.27\n한국증권금융\nSK(주) 제285-3회 무보증사채\n2018.09.06\n2028.09.06\n120,000\n2018.08.27\n한국증권금융\nSK(주) 제286-2회 무보증사채\n2018.11.29\n2023.11.29\n100,000\n2018.11.19\n한국증권금융\nSK(주) 제287-1회 무보증사채\n2019.02.27\n2024.02.27\n150,000\n2019.02.15\n한국증권금융\nSK(주) 제287-2회 무보증사채\n2019.02.27\n2026.02.27\n70,000\n2019.02.15\n한국증권금융\nSK(주) 제287-3회 무보증사채\n2019.02.27\n2029.02.27\n80,000\n2019.02.15\n한국증권금융\nSK(주) 제288-1회 무보증사채\n2019.06.04\n2024.06.04\n170,000\n2019.05.23\n한국증권금융\nSK(주) 제288-2회 무보증사채\n2019.06.04\n2026.06.04\n60,000\n2019.05.23\n한국증권금융\nSK(주) 제288-3회 무보증사채\n2019.06.04\n2029.06.04\n110,000\n2019.05.23\n한국증권금융\nSK(주) 제289-1회 무보증사채\n2019.09.20\n2022.09.20\n130,000\n2019.09.06\n한국증권금융\nSK(주) 제289-2회 무보증사채\n2019.09.20\n2024.09.20\n120,000\n2019.09.06\n한국증권금융\nSK(주) 제289-3회 무보증사채\n2019.09.20\n2029.09.20\n70,000\n2019.09.06\n한국증권금융\nSK(주) 제290-1회 무보증사채\n2019.11.28\n2022.11.28\n80,000\n2019.11.18\n한국증권금융\nSK(주) 제290-2회 무보증사채\n2019.11.28\n2024.11.28\n90,000\n2019.11.18\n한국증권금융\nSK(주) 제290-3회 무보증사채\n2019.11.28\n2029.11.28\n70,000\n2019.11.18\n한국증권금융\nSK(주) 제291-1회 무보증사채\n2020.02.20\n2023.02.20\n70,000\n2020.02.10\n한국증권금융\nSK(주) 제291-2회 무보증사채\n2020.02.20\n2025.02.20\n160,000\n2020.02.10\n한국증권금융\nSK(주) 제291-3회 무보증사채\n2020.02.20\n2027.02.20\n40,000\n2020.02.10\n한국증권금융\nSK(주) 제291-4회 무보증사채\n2020.02.20\n2030.02.20\n60,000\n2020.02.10\n한국증권금융\nSK(주) 제292-1회 무보증사채\n2020.06.03\n2023.06.03\n110,000\n2020.05.22\n한국증권금융\nSK(주) 제292-2회 무보증사채\n2020.06.03\n2025.06.03\n120,000\n2020.05.22\n한국증권금융\nSK(주) 제292-3회 무보증사채\n2020.06.03\n2030.06.03\n50,000\n2020.05.22\n한국증권금융\nSK(주) 제293-1회 무보증사채\n2020.09.07\n2025.09.07\n200,000\n2020.08.26\n한국증권금융\nSK(주) 제293-2회 무보증사채\n2020.09.07\n2027.09.07\n30,000\n2020.08.26\n한국증권금융\nSK(주) 제293-3회 무보증사채\n2020.09.07\n2030.09.07\n120,000\n2020.08.26\n한국증권금융\nSK(주) 제294-1회 무보증사채\n2020.12.03\n2025.12.03\n150,000\n2020.11.23\n한국증권금융\nSK(주) 제294-2회 무보증사채\n2020.12.03\n2030.12.03\n90,000\n2020.11.23\n한국증권금융\nSK(주) 제295-1회 무보증사채\n2021.02.24\n2024.02.24\n60,000\n2021.02.20\n한국증권금융\nSK(주) 제295-2회 무보증사채\n2021.02.24\n2026.02.24\n150,000\n2021.02.20\n한국증권금융\nSK(주) 제295-3회 무보증사채\n2021.02.24\n2028.02.24\n30,000\n2021.02.20\n한국증권금융\nSK(주) 제295-4회 무보증사채\n2021.02.24\n2031.02.24\n80,000\n2021.02.20\n한국증권금융\nSK(주) 제296-1회 무보증사채\n2021.06.04\n2024.06.04\n40,000\n2021.05.25\n한국증권금융\nSK(주) 제296-2회 무보증사채\n2021.06.04\n2026.06.04\n220,000\n2021.05.25\n한국증권금융\nSK(주) 제296-3회 무보증사채\n2021.06.04\n2031.06.04\n70,000\n2021.05.25\n한국증권금융\n(이행현황기준일 :\xa0\n2021년 12월 31일\n)\n재무비율 유지현황\n계약내용\n부채비율 200% 이하 유지 (별도 기준)\n이행현황\n이행\n담보권설정 제한현황\n계약내용\n자기자본의 500% 이하 (별도 기준)\n이행현황\n이행\n자산처분 제한현황\n계약내용\n자산총액의 100% 이하 (별도 기준)\n이행현황\n이행\n지배구조변경 제한현황\n계약내용\n상호출자제한기업 집단 제외\n이행현황\n이행\n이행상황보고서 제출현황\n이행현황\n2021.09.14 제출\n* 이행현황기준일은 이행현황 판단 시 적용한 회계감사인의 감사의견(확인 및 의견표시)이 표명된 가장 최근의 재무제표의 작성기준일이며, 지배구조변경 제한현황은 공시서류작성기준일임.\n(작성기준일 :\xa0\n2021년 12월 31일\n)\n(단위 : 백만원, %)\n채권명\n발행일\n만기일\n발행액\n사채관리계약체결일\n사채관리회사\nSK(주) 제297-1회 무보증사채\n2021.09.13\n2024.09.13\n100,000\n2021.09.01\n한국증권금융\nSK(주) 제297-2회 무보증사채\n2021.09.13\n2026.09.13\n200,000\n2021.09.01\n한국증권금융\nSK(주) 제297-3회 무보증사채\n2021.09.13\n2031.09.13\n60,000\n2021.09.01\n한국증권금융\nSK(주) 제298-1회 무보증사채\n2021.11.05\n2024.11.05\n50,000\n2021.10.26\n한국증권금융\nSK(주) 제298-2회 무보증사채\n2021.11.05\n2026.11.05\n100,000\n2021.10.26\n한국증권금융\nSK(주) 제298-3회 무보증사채\n2021.11.05\n2031.11.05\n40,000\n2021.10.26\n한국증권금융\n(이행현황기준일 :\xa0\n2021년 12월 31일\n)\n재무비율 유지현황\n계약내용\n부채비율 200% 이하 유지 (별도 기준)\n이행현황\n이행\n담보권설정 제한현황\n계약내용\n자기자본의 500% 이하 (별도 기준)\n이행현황\n이행\n자산처분 제한현황\n계약내용\n자산총액의 100% 이하 (별도 기준)\n이행현황\n이행\n지배구조변경 제한현황\n계약내용\n상호출자제한기업 집단 제외\n이행현황\n이행\n이행상황보고서 제출현황\n이행현황\n-\n* 이행현황기준일은 이행현황 판단 시 적용한 회계감사인의 감사의견(확인 및 의견표시)이 표명된 가장 \xa0 \xa0최근의 재무제표의 작성기준일이며, 지배구조변경 제한현황은 공시서류작성기준일임.[SK이노베이션]\n[SK이노베이션(주)](1) 제2회 무보증사채\n(작성기준일 :\xa0\n2021년 12월 31일\n)\n(단위 : 백만원, %)\n채권명\n발행일\n만기일\n발행액\n사채관리계약체결일\n사채관리회사\n제2-3회 무보증사채\n2014.07.16\n2024.07.16\n60,000\n2014.07.04\n한국증권금융 회사채관리팀\n남승희 (02-3770-8556)\n(이행현황기준일 :\xa0\n2021년 12월 31일\n)\n재무비율 유지현황\n계약내용\n부채비율(연결재무제표 기준) 400% 이하 유지\n이행현황\n당기말 현재 이행중(152.4%)\n담보권설정 제한현황\n계약내용\n사채 발행 이후 지급보증 또는 담보권 설정 채무 합계액이 직전 회계년도 자기자본의 300% 미만\n이행현황\n당기말 현재 이행중(1.0%)\n자산처분 제한현황\n계약내용\n한 회계연도당 자산총계의100% 이상 자산처분 제한\n이행현황\n당기말 현재 이행중(2.0%)\n지배구조변경 제한현황\n계약내용\n-\n이행현황\n-\n이행상황보고서 제출현황\n이행현황\n2021년 9월 8일 제출완료\n* 이행현황기준일은 이행현황 판단 시 적용한 회계감사인의 감사의견(확인 및 의견표시)이 표명된 가장 최근의 재무제표의 작성기준일이며, 지배구조변경 제한현황은 공시서류작성기준일임.(2)\xa0제4회 무보증사채\n\xa0(작성기준일 :\xa0\n2021년 12월 31일\n)\n(단위 : 백만원, %)\n채권명\n발행일\n만기일\n발행액\n사채관리계약체결일\n사채관리회사\n제4-1회 무보증사채\n2020.09.16\n2023.09.15\n210,000\n2020.09.04\n한국예탁결제원 채권등록2팀\n김계선 (051-519-1824)\n(이행현황기준일 :\xa0\n2021년 12월 31일\n)\n재무비율 유지현황\n계약내용\n부채비율(연결재무제표 기준) 400% 이하 유지\n이행현황\n당기말 현재 이행중(152.4%)\n담보권설정 제한현황\n계약내용\n사채 발행 이후 지급보증 또는 담보권 설정 채무 합계액이 직전 회계년도 자기자본의 300% 미만\n이행현황\n당기말 현재 이행중(1.0%)\n자산처분 제한현황\n계약내용\n한 회계연도당 자산총계의100% 이상 자산처분 제한\n이행현황\n당기말 현재 이행중(2.0%)\n지배구조변경 제한현황\n계약내용\n상호출자제한 기업집단에서 제외되는 경우\n이행현황\n준수\n이행상황보고서 제출현황\n이행현황\n2021년 9월 8일 제출완료\n(3) 제5회 무보증사채\n\xa0(작성기준일 :\xa0\n2021년 12월 31일\n)\n(단위 : 백만원, %)\n채권명\n발행일\n만기일\n발행액\n사채관리계약체결일\n사채관리회사\n제5-1회 무보증사채\n2021.01.20\n2024.01.19\n250,000\n2021.01.08\n한국예탁결제원 채권등록2팀\n김계선 (051-519-1824)\n제5-3회 무보증사채\n2021.01.20\n2031.01.20\n90,000\n2021.01.08\n한국예탁결제원 채권등록2팀\n김계선 (051-519-1824)\n(이행현황기준일 :\xa0\n2021년 12월 31일\n)\n재무비율 유지현황\n계약내용\n부채비율(연결재무제표 기준) 400% 이하 유지\n이행현황\n당기말 현재 이행중(152.4%)\n담보권설정 제한현황\n계약내용\n사채 발행 이후 지급보증 또는 담보권 설정 채무 합계액이 직전 회계년도 자기자본의 300% 미만\n이행현황\n당기말 현재 이행중(1.0%)\n자산처분 제한현황\n계약내용\n한 회계연도당 자산총계의100% 이상 자산처분 제한\n이행현황\n당기말 현재 이행중(2.0%)\n지배구조변경 제한현황\n계약내용\n상호출자제한 기업집단에서 제외되는 경우\n이행현황\n준수\n이행상황보고서 제출현황\n이행현황\n2021년 9월 8일 제출완료\n[SK에너지(주)](1)\xa0SK에너지㈜ 제39회 무보증사채\n(작성기준일 :\xa0\n2021년 12월 31일\n)\n(단위 : 백만원, %)\n채권명\n발행일\n만기일\n발행액\n사채관리계약체결일\n사채관리회사\n제31-3회 무보증사채\n2012.09.21\n2022.09.21\n50,000\n2012.09.11\n한화투자증권 구조화금융팀 이지수대리(02-3772-7456)\n(이행현황기준일 :\xa0\n2021년 12월 31일\n)\n재무비율 유지현황\n계약내용\n부채비율(연결재무제표 기준) 500% 이하 유지\n이행현황\n당기말 현재 이행 중 (271.5%)\n담보권설정 제한현황\n계약내용\n사채 발행 이후 지급보증 또는 담보권 설정 채무합계액이 직전 회계연도 자기자본의 100% 이하 설정 가능\n이행현황\n당기말 현재 이행 중 (0.1%)\n자산처분 제한현황\n계약내용\n한 회계연도당 자산총액의 100% 이상 자산처분 제한\n이행현황\n당기말 현재 이행 중 (4.17%)\n지배구조변경 제한현황\n계약내용\n-\n이행현황\n-\n이행상황보고서 제출현황\n이행현황\n2021년 9월 3일 제출완료\n* 이행현황기준일은 이행현황 판단 시 적용한 회계감사인의 감사의견(확인 및 의견표시)이 표명된 가장 최근의 재무제표의 작성기준일이며, 지배구조변경 제한현황은 공시서류작성기준일임.\n(2)\xa0\xa0SK에너지㈜ 제39회 무보증사채\n(작성기준일 :\xa0\n2021년 12월 31일\n)\n(단위 : 백만원, %)\n채권명\n발행일\n만기일\n발행액\n사채관리계약체결일\n사채관리회사\n제39-3회 무보증사채\n2014.10.10\n2024.10.10\n70,000\n2014.09.26\n한국증권금융 회사채관리팀 박윤아(02-3770-8556)\n(이행현황기준일 :\xa0\n2021년 12월 31일\n)\n재무비율 유지현황\n계약내용\n부채비율(연결재무제표 기준) 400% 이하 유지\n이행현황\n당기말 현재 이행 중 (271.5%)\n담보권설정 제한현황\n계약내용\n사채 발행 이후 지급보증 또는 담보권 설정 채무합계액이 직전 회계연도 자기자본의 300% 이하 설정 가능\n이행현황\n당기말 현재 이행 중 (0.1%)\n자산처분 제한현황\n계약내용\n한 회계연도당 자산총액의 100% 이상 자산처분 제한\n이행현황\n당기말 현재 이행 중 (4.17%)\n지배구조변경 제한현황\n계약내용\n-\n이행현황\n-\n이행상황보고서 제출현황\n이행현황\n2021년 9월 3일 제출완료\n\xa0\n(3)\xa0SK에너지㈜ 제41회 무보증사채\n(작성기준일 :\xa0\n2021년 12월 31일\n)\n(단위 : 백만원, %)\n채권명\n발행일\n만기일\n발행액\n사채관리계약체결일\n사채관리회사\n제41-2회 무보증사채\n2015.06.25\n2022.06.25\n170,000\n2015.06.15\n한국증권금융 회사채관리팀 박윤아(02-3770-8556)\n제41-3회 무보증사채\n2015.06.25\n2025.06.25\n100,000\n2015.06.15\n한국증권금융 회사채관리팀 박윤아(02-3770-8556)\n(이행현황기준일 :\xa0\n2021년 12월 31일\n)\n재무비율 유지현황\n계약내용\n부채비율(연결재무제표 기준) 400% 이하 유지\n이행현황\n당기말 현재 이행 중 (271.5%)\n담보권설정 제한현황\n계약내용\n사채 발행 이후 지급보증 또는 담보권 설정 채무합계액이 직전 회계연도 자기자본의 300% 이하 설정 가능\n이행현황\n당기말 현재 이행 중 (0.1%)\n자산처분 제한현황\n계약내용\n한 회계연도당 자산총액의 100% 이상 자산처분 제한\n이행현황\n당기말 현재 이행 중 (4.17%)\n지배구조변경 제한현황\n계약내용\n-\n이행현황\n-\n이행상황보고서 제출현황\n이행현황\n2021년 9월 3일 제출완료\n(4)\xa0SK에너지㈜ 제42회 무보증사채\n(작성기준일 :\xa0\n2021년 12월 31일\n)\n(단위 : 백만원, %)\n채권명\n발행일\n만기일\n발행액\n사채관리계약체결일\n사채관리회사\n제42-2회 무보증사채\n2015.11.04\n2022.11.04\n70,000\n2015.10.23\n한국증권금융 회사채관리팀 박윤아(02-3770-8556)\n(이행현황기준일 :\xa0\n2021년 12월 31일\n)\n재무비율 유지현황\n계약내용\n부채비율(연결재무제표 기준) 400% 이하 유지\n이행현황\n당기말 현재 이행 중 (271.5%)\n담보권설정 제한현황\n계약내용\n사채 발행 이후 지급보증 또는 담보권 설정 채무합계액이 직전 회계연도 자기자본의 300% 이하 설정 가능\n이행현황\n당기말 현재 이행 중 (0.1%)\n자산처분 제한현황\n계약내용\n한 회계연도당 자산총액의 100% 이상 자산처분 제한\n이행현황\n당기말 현재 이행 중 (4.17%)\n지배구조변경 제한현황\n계약내용\n-\n이행현황\n-\n이행상황보고서 제출현황\n이행현황\n2021년 9월 3일 제출완료\n(5)\xa0SK에너지㈜ 제43회 무보증사채\n(작성기준일 :\xa0\n2021년 12월 31일\n)\n(단위 : 백만원, %)\n채권명\n발행일\n만기일\n발행액\n사채관리계약체결일\n사채관리회사\n제43-2회 무보증사채\n2018.04.26\n2023.04.26\n190,000\n2018.04.16\n교보증권 DCM본부신현미 과장 (02-3771-9650)\n제43-3회 무보증사채\n2018.04.26\n2028.04.26\n160,000\n2018.04.16\n교보증권 DCM본부신현미 과장 (02-3771-9650)\n(이행현황기준일 :\xa0\n2021년 12월 31일\n)\n재무비율 유지현황\n계약내용\n부채비율(연결재무제표 기준) 400% 이하 유지\n이행현황\n당기말 현재 이행 중 (271.5%)\n담보권설정 제한현황\n계약내용\n사채 발행 이후 지급보증 또는 담보권 설정 채무합계액이 최근 보고서 상 자기자본의 100% 이하 설정 가능\n이행현황\n당기말 현재 이행 중 (0.1%)\n자산처분 제한현황\n계약내용\n한 회계연도당 자산총액의 100% 이상 자산처분 제한\n이행현황\n당기말 현재 이행 중 (4.17%)\n지배구조변경 제한현황\n계약내용\n상호출자제한기업집단에서 제외\n이행현황\n당기말 현재\xa0이행 중\xa0\n이행상황보고서 제출현황\n이행현황\n2021년 9월 3일 제출완료\n(6)\xa0SK에너지㈜ 제44회 무보증사채\n(작성기준일 :\xa0\n2021년 12월 31일\n)\n(단위 : 백만원, %)\n채권명\n발행일\n만기일\n발행액\n사채관리계약체결일\n사채관리회사\n제44-2회 무보증사채\n2018.10.30\n2023.10.30\n250,000\n2018.10.18\n교보증권 DCM본부신현미 과장 (02-3771-9650)\n제44-3회 무보증사채\n2018.10.30\n2028.10.30\n150,000\n2018.10.18\n교보증권 DCM본부신현미 과장 (02-3771-9650)\n(이행현황기준일 :\xa0\n2021년 12월 31일\n)\n재무비율 유지현황\n계약내용\n부채비율(연결재무제표 기준) 450% 이하 유지\n이행현황\n당기말 현재 이행 중 (271.5%)\n담보권설정 제한현황\n계약내용\n사채 발행 이후 지급보증 또는 담보권 설정 채무합계액이 최근 보고서 상 자기자본의 100% 이하 설정 가능\n이행현황\n당기말 현재 이행 중 (0.1%)\n자산처분 제한현황\n계약내용\n한 회계연도당 자산총액의 100% 이상 자산처분 제한\n이행현황\n당기말 현재 이행 중 (4.17%)\n지배구조변경 제한현황\n계약내용\n상호출자제한기업집단에서 제외\n이행현황\n당기말 현재 이행 중\xa0\n이행상황보고서 제출현황\n이행현황\n2021년 9월 3일 제출완료\n(7)\xa0SK에너지㈜ 제45회 무보증사채\n(작성기준일 :\xa0\n2021년 12월 31일\n)\n(단위 : 백만원, %)\n채권명\n발행일\n만기일\n발행액\n사채관리계약체결일\n사채관리회사\n제45-1회 무보증사채\n2019.02.21\n2022.02.21\n140,000\n2019.02.11\n교보증권 DCM본부신현미 과장 (02-3771-9650)\xa0\n제45-2회 무보증사채\n2019.02.21\n2024.02.21\n180,000\n2019.02.11\n교보증권 DCM본부신현미 과장 (02-3771-9650)\n제45-3회 무보증사채\n2019.02.21\n2029.02.21\n180,000\n2019.02.11\n교보증권 DCM본부신현미 과장 (02-3771-9650)\n(이행현황기준일 :\xa0\n2021년 12월 31일\n)\n재무비율 유지현황\n계약내용\n부채비율(연결재무제표 기준) 450% 이하 유지\n이행현황\n당기말 현재 이행 중 (271.5%)\n담보권설정 제한현황\n계약내용\n사채 발행 이후 지급보증 또는 담보권 설정 채무합계액이 최근 보고서 상 자기자본의 100% 이하 설정 가능\n이행현황\n당기말 현재 이행 중 (0.1%)\n자산처분 제한현황\n계약내용\n한 회계연도당 자산총액의 100% 이상 자산처분 제한\n이행현황\n당기말 현재 이행 중 (4.17%)\n지배구조변경 제한현황\n계약내용\n상호출자제한기업집단에서 제외\n이행현황\n당기말 현재 이행 중\xa0\n이행상황보고서 제출현황\n이행현황\n2021년 9월 3일 제출완료\n(8)\xa0SK에너지㈜ 제46회 무보증사채\n(작성기준일 :\xa0\n2021년 12월 31일\n)\n(단위 : 백만원, %)\n채권명\n발행일\n만기일\n발행액\n사채관리계약체결일\n사채관리회사\n제46-1회 무보증사채\n2019.09.26\n2022.09.26\n120,000\n2019.09.16\n한국증권금융 회사채관리팀 남승희(02-3770-8556)\xa0\n제46-2회 무보증사채\n2019.09.26\n2024.09.26\n190,000\n2019.09.16\n한국증권금융 회사채관리팀 남승희(02-3770-8556)\n제46-3회 무보증사채\n2019.09.26\n2026.09.26\n70,000\n2019.09.16\n한국증권금융 회사채관리팀 남승희(02-3770-8556)\n제46-4회 무보증사채\n2019.09.26\n2029.09.26\n120,000\n2019.09.16\n한국증권금융 회사채관리팀 남승희(02-3770-8556)\n(이행현황기준일 :\xa0\n2021년 12월 31일\n)\n재무비율 유지현황\n계약내용\n부채비율(연결재무제표 기준) 450% 이하 유지\n이행현황\n당기말 현재 이행 중 (271.5%)\n담보권설정 제한현황\n계약내용\n사채 발행 이후 지급보증 또는 담보권 설정 채무합계액이 최근 보고서 상 자기자본의 100% 이하 설정 가능\n이행현황\n당기말 현재 이행 중 (0.1%)\n자산처분 제한현황\n계약내용\n한 회계연도당 자산총액의 100% 이상 자산처분 제한\n이행현황\n당기말 현재 이행 중 (4.17%)\n지배구조변경 제한현황\n계약내용\n상호출자제한기업집단에서 제외\n이행현황\n당기말 현재 이행 중\xa0\n이행상황보고서 제출현황\n이행현황\n2021년 9월 3일 제출완료\n(9)\xa0SK에너지㈜ 제47회 무보증사채\n(작성기준일 :\xa0\n2021년 12월 31일\n)\n(단위 : 백만원, %)\n채권명\n발행일\n만기일\n발행액\n사채관리계약체결일\n사채관리회사\n제47-1회 무보증사채\n2020.04.24\n2023.04.24\n340,000\n2020.04.13\n한국증권금융 회사채관리팀\xa0남승희(02-3770-8556)\xa0\n제47-2회 무보증사채\n2020.04.24\n2025.04.24\n100,000\n2020.04.13\n한국증권금융 회사채관리팀\xa0남승희(02-3770-8556)\n제47-3회 무보증사채\n2020.04.24\n2030.04.24\n110,000\n2020.04.13\n한국증권금융 회사채관리팀\xa0남승희(02-3770-8556)\n(이행현황기준일 :\xa0\n2021년 12월 31일\n)\n재무비율 유지현황\n계약내용\n부채비율(연결재무제표 기준) 450% 이하 유지\n이행현황\n당기말 현재 이행 중 (271.5%)\n담보권설정 제한현황\n계약내용\n사채 발행 이후 지급보증 또는 담보권 설정 채무합계액이 최근 보고서 상 자기자본의 100% 이하 설정 가능\n이행현황\n당기말 현재 이행 중 (0.1%)\n자산처분 제한현황\n계약내용\n한 회계연도당 자산총액의 100% 이상 자산처분 제한\n이행현황\n당기말 현재 이행 중 (4.17%)\n지배구조변경 제한현황\n계약내용\n상호출자제한기업집단에서 제외\n이행현황\n당기말 현재 이행 중\xa0\n이행상황보고서 제출현황\n이행현황\n2021년 9월 3일 제출완료\n(10)\xa0SK에너지㈜ 제48회 무보증사채\n(작성기준일 :\xa0\n2021년 12월 31일\n)\n(단위 : 백만원, %)\n채권명\n발행일\n만기일\n발행액\n사채관리계약체결일\n사채관리회사\n제48-1회 무보증사채\n2021.04.06\n2024.04.05\n170,000\n2021.03.25\n한국예탁결제원 회사채관리팀\xa0김계선(051-519-1824)\xa0\n제48-2회 무보증사채\n2021.04.06\n2026.04.06\n240,000\n2021.03.25\n한국예탁결제원 회사채관리팀\xa0김계선(051-519-1824)\xa0\n제48-3회 무보증사채\n2021.04.06\n2028.04.06\n30,000\n2021.03.25\n한국예탁결제원 회사채관리팀\xa0김계선(051-519-1824)\xa0\n제48-4회 무보증사채\n2021.04.06\n2031.04.06\n60,000\n2021.03.25\n한국예탁결제원 회사채관리팀\xa0김계선(051-519-1824)\xa0\n(이행현황기준일 :\xa0\n2021년 12월 31일\n)\n재무비율 유지현황\n계약내용\n부채비율(연결재무제표 기준)\xa0450%\xa0이하 유지\n이행현황\n당기말 현재 이행 중 (271.5%)\n담보권설정 제한현황\n계약내용\n사채 발행 이후 지급보증 또는 담보권 설정 채무합계액이 최근 보고서 상 자기자본의\xa0100%\xa0이하 설정 가능\n이행현황\n당기말 현재 이행 중 (0.1%)\n자산처분 제한현황\n계약내용\n한 회계연도당 자산총액의\xa0100%\xa0이상 자산처분 제한\n이행현황\n당기말 현재 이행 중 (4.17%)\n지배구조변경 제한현황\n계약내용\n상호출자제한기업집단에서 제외\n이행현황\n당기말 현재 이행 중\xa0\n이행상황보고서 제출현황\n이행현황\n2021년 9월 3일 제출완료\n※ 2014.10.27에 발행한 40회 무보증 사모사채는 사채관리계약을 체결하지 않아 별도로 기재하지 않음.[SK지오센트릭(주)](1) 에스케이지오센트릭(주) 제 9회 무보증사채\r\n(작성기준일 :\xa0\n2021년 12월 31일\n)\n(단위 : 백만원, %)\n채권명\n발행일\n만기일\n발행액\n사채관리계약체결일\n사채관리회사\n제 9-3회무보증사채\n2012.10.25\n2022.10.25\n50,000\n2012.10.15\n하나금융투자\n기업금융실 송지은\n(02-3771-3463)\n(이행현황기준일 :\xa0\n2021년 12월 31일\n)\n재무비율 유지현황\n계약내용\n부채비율(연결재무제표 기준) 400%이하 유지\n이행현황\n작성기준일 현재 이행 중\xa0(94.3%)\n담보권설정 제한현황\n계약내용\n사채 발행 이후 지급보증 또는 담보권 설정 채무합계액이 직전 회계년도 자기자본의 100% 이하\n이행현황\n작성기준일 현재 이행 중\xa0(15.9%)\n자산처분 제한현황\n계약내용\n한 회계연도당 자산총계의 100% 이내 자산처분 제한\n이행현황\n작성기준일 현재 이행 중\xa0(0.84%)\n지배구조변경 제한현황\n계약내용\n-\n이행현황\n-\n이행상황보고서 제출현황\n이행현황\n\'21.9.10 제출\n(2) 에스케이지오센트릭(주) 제 14회 무보증사채\n(작성기준일 :\xa0\n2021년 12월 31일\n)\n(단위 : 백만원, %)\n채권명\n발행일\n만기일\n발행액\n사채관리계약체결일\n사채관리회사\n제 14-2회무보증사채\n2018.10.11\n2023.10.11\n230,000\n2018.09.27\n한국예탁결제원양성을 차장(051-519-1819)\n제 14-3회무보증사채\n2018.10.11\n2028.10.11\n160,000\n2018.09.27\n(이행현황기준일 :\xa0\n2021년 12월 31일\n)\n재무비율 유지현황\n계약내용\n부채비율(연결재무제표 기준) 400%이하 유지\n이행현황\n작성기준일 현재 이행\xa0중 (94.3%)\n담보권설정 제한현황\n계약내용\n사채 발행 이후 지급보증 또는 담보권 설정 채무합계액이 직전 회계년도 자기자본의 200% 이하\n이행현황\n작성기준일 현재 이행\xa0중 (15.9%)\n자산처분 제한현황\n계약내용\n한 회계연도당 자산총계의 50% 이내 자산처분 제한\n이행현황\n작성기준일 현재 이행 중\xa0(0.84%)\n지배구조변경 제한현황\n계약내용\n상호출자제한 기업집단 제외\n이행현황\n작성기준일 현재 이행 중\n이행상황보고서 제출현황\n이행현황\n\'21.9.10 제출\n(3) 에스케이지오센트릭(주) 제 15회 무보증사채\n(작성기준일 :\xa0\n2021년 12월 31일\n)\n(단위 : 백만원, %)\n채권명\n발행일\n만기일\n발행액\n사채관리계약체결일\n사채관리회사\n제 15-1회무보증사채\n2019.06.13\n2022.06.13\n90,000\n2019.05.31\n한국예탁결제원양성을 차장(051-519-1819)\n제 15-2회무보증사채\n2019.06.13\n2024.06.13\n70,000\n2019.05.31\n제 15-3회무보증사채\n2019.06.13\n2026.06.13\n150,000\n2019.05.31\n제 15-4회무보증사채\n2019.06.13\n2029.06.13\n190,000\n2019.05.31\n(이행현황기준일 :\xa0\n2021년 12월 31일\n)\n재무비율 유지현황\n계약내용\n부채비율(연결재무제표 기준) 400%이하 유지\n이행현황\n작성기준일 현재 이행 중\xa0(94.3%)\n담보권설정 제한현황\n계약내용\n사채 발행 이후 지급보증 또는 담보권 설정 채무합계액이 직전 회계년도 자기자본의 200% 이하\n이행현황\n작성기준일 현재 이행 중\xa0(15.9%)\n자산처분 제한현황\n계약내용\n한 회계연도당 자산총계의 50% 이내 자산처분 제한\n이행현황\n작성기준일 현재 이행 중\xa0(0.84%)\n지배구조변경 제한현황\n계약내용\n상호출자제한 기업집단 제외\n이행현황\n작성기준일 현재 이행 중\n이행상황보고서 제출현황\n이행현황\n\'21.9.10 제출\n(4) 에스케이지오센트릭(주) 제 16회 무보증사채\n(작성기준일 :\xa0\n2021년 12월 31일\n)\n(단위 : 백만원, %)\n채권명\n발행일\n만기일\n발행액\n사채관리계약체결일\n사채관리회사\n제 16-1회무보증사채\n2020.06.29\n2023.06.29\n230,000\n2020.06.17\n한국예탁결제원양성을 차장(051-519-1819)\n제 16-2회무보증사채\n2020.06.29\n2025.06.27\n170,000\n2020.06.17\n(이행현황기준일 :\xa0\n2021년 12월 31일\n)\n재무비율 유지현황\n계약내용\n부채비율(연결재무제표 기준) 400%이하 유지\n이행현황\n작성기준일 현재 이행 중\xa0(94.3%)\n담보권설정 제한현황\n계약내용\n사채 발행 이후 지급보증 또는 담보권 설정 채무합계액이 직전 회계년도 자기자본의 200% 이하\n이행현황\n작성기준일 현재 이행 중\xa0(15.9%)\n자산처분 제한현황\n계약내용\n한 회계연도당 자산총계의 50% 이내 자산처분 제한\n이행현황\n작성기준일 현재 이행 중\xa0(0.84%)\n지배구조변경 제한현황\n계약내용\n상호출자제한 기업집단 제외\n이행현황\n작성기준일 현재 이행 중\n이행상황보고서 제출현황\n이행현황\n\'21.9.10 제출\n(5) 에스케이지오센트릭(주) 제 18회 무보증사채\n(작성기준일 :\xa0\n2021년 12월 31일\n)\n(단위 : 백만원, %)\n채권명\n발행일\n만기일\n발행액\n사채관리계약체결일\n사채관리회사\n제 18-1회무보증사채\n2021.04.27\n2024.04.26\n180,000\n2021.04.22\n한국예탁결제원양성을 차장(051-519-1819)\n제 18-2회무보증사채\n2021.04.27\n2026.04.27\n90,000\n2021.04.22\n제 18-3회무보증사채\n2021.04.27\n2031.04.27\n30,000\n2021.04.22\n(이행현황기준일 :\xa0\n2021년 12월 31일\n)\n재무비율 유지현황\n계약내용\n부채비율(연결재무제표 기준) 400%이하 유지\n이행현황\n작성기준일 현재 이행 중\xa0(94.3%)\n담보권설정 제한현황\n계약내용\n사채 발행 이후 지급보증 또는 담보권 설정 채무합계액이 직전 회계년도 자기자본의 200% 이하\n이행현황\n작성기준일 현재 이행 중\xa0(15.9%)\n자산처분 제한현황\n계약내용\n한 회계연도당 자산총계의 50% 이내 자산처분 제한\n이행현황\n작성기준일 현재 이행 중\xa0(0.84%)\n지배구조변경 제한현황\n계약내용\n상호출자제한 기업집단 제외\n이행현황\n작성기준일 현재 이행 중\n이행상황보고서 제출현황\n이행현황\n\'21.9.10 제출\n* 이행현황기준일은 이행현황 판단 시 적용한 회계감사인의 감사의견(확인 및 의견표시)이 표명된 가장 최근의 재무제표의 작성기준일이며, 지배구조변경 제한현황은 공시서류작성기준일임.\n[SK인천석유화학(주)]\n(1) SK인천석유화학(주) 제 15회 무보증사채\n(작성기준일 :\xa0\n2021년 12월 31일\n)\n(단위 : 백만원, %)\n채권명\n발행일\n만기일\n발행액\n사채관리계약체결일\n사채관리회사\n제15-2회 무보증사채\n2017.03.30\n2022.03.30\n180,000\xa0\n2017.03.20\n한국증권금융(주)회사채관리팀\xa0남승희(02-3770-8556)\n제15-3회 무보증사채\n2017.03.30\n2024.03.30\n30,000\xa0\n2017.03.20\n한국증권금융(주)회사채관리팀\xa0남승희(02-3770-8556)\n(이행현황기준일 :\xa0\n2021년 12월 31일\n)\n재무비율 유지현황\n계약내용\n부채비율 400%이하 유지\n이행현황\n이행\xa0(작성기준일 현재 부채비율\xa0217.9 %)\n담보권설정 제한현황\n계약내용\n사채 발행 이후 지급보증 또는 담보권이 설정되는 채무의 합계액이 최근 보고서 상 자기자본의\xa0200%\xa0미만\n이행현황\n이행\xa0(작성기준일 현재\xa00.0\xa0%)\n자산처분 제한현황\n계약내용\n한 회계연도당 자산총액의\xa070%이상 자산처분 제한\n이행현황\n이행 (작성기준일 현재 1.5 %)\n지배구조변경 제한현황\n계약내용\n-\n이행현황\n-\n이행상황보고서 제출현황\n이행현황\n2020.09.11\xa0제출\n(2) SK인천석유화학(주) 제 16회 무보증사채\n(작성기준일 :\xa0\n2021년 12월 31일\n)\n(단위 : 백만원, %)\n채권명\n발행일\n만기일\n발행액\n사채관리계약체결일\n사채관리회사\n제16-1회무보증사채\n2018.04.05\n2021.04.05\n130,000\xa0\n2018.03.26\n이베스트투자증권유선아 대리 (02-3779-8749)\xa0\n제16-2회무보증사채\n2018.04.05\n2023.04.05\n150,000\xa0\n2018.03.26\n\xa0이베스트투자증권유선아 대리 (02-3779-8749)\xa0\n제16-3회무보증사채\n2018.04.05\n2025.04.05\n120,000\xa0\n2018.03.26\n\xa0이베스트투자증권유선아 대리 (02-3779-8749)\xa0\n(이행현황기준일 :\xa0\n2021년 12월 31일\n)\n재무비율 유지현황\n계약내용\n부채비율 400%이하 유지\n이행현황\n이행\xa0(작성기준일 현재 부채비율\xa0217.9 %)\n담보권설정 제한현황\n계약내용\n사채 발행 이후 지급보증 또는 담보권이 설정되는 채무의 합계액이 최근 보고서 상 자기자본의\xa0200%\xa0미만\n이행현황\n이행\xa0(작성기준일 현재\xa00.0\xa0%)\n자산처분 제한현황\n계약내용\n한 회계연도당 자산총액의\xa070%이상 자산처분 제한\n이행현황\n이행 (작성기준일 현재 1.5 %)\n지배구조변경 제한현황\n계약내용\n상호출자제한 기업집단 제외\n이행현황\n이행\n이행상황보고서 제출현황\n이행현황\n2020.09.11\xa0제출\n(3) SK인천석유화학(주) 제 18회 무보증사채\n(작성기준일 :\xa0\n2021년 12월 31일\n)\n(단위 : 백만원, %)\n채권명\n발행일\n만기일\n발행액\n사채관리계약체결일\n사채관리회사\n제18-1회무보증사채\n2019.01.22\n2022.01.22\n120,000\xa0\n2019.01.10\n한국증권금융(주)회사채관리팀\xa0남승희(02-3770-8556)\n제18-2회무보증사채\n2019.01.22\n2024.01.22\n210,000\xa0\n2019.01.10\n한국증권금융(주)회사채관리팀\xa0남승희(02-3770-8556)\n제18-3회무보증사채\n2019.01.22\n2026.01.22\n150,000\xa0\n2019.01.10\n한국증권금융(주)회사채관리팀\xa0남승희(02-3770-8556)\n제18-4회무보증사채\n2019.01.22\n2029.01.22\n120,000\xa0\n2019.01.10\n한국증권금융(주)회사채관리팀\xa0남승희(02-3770-8556)\n(이행현황기준일 :\xa0\n2021년 12월 31일\n)\n재무비율 유지현황\n계약내용\n부채비율 400%이하 유지\n이행현황\n이행\xa0(작성기준일 현재 부채비율\xa0217.9 %)\n담보권설정 제한현황\n계약내용\n사채 발행 이후 지급보증 또는 담보권이 설정되는 채무의 합계액이 최근 보고서 상 자기자본의\xa0200%\xa0미만\n이행현황\n이행\xa0(작성기준일 현재\xa00.0\xa0%)\n자산처분 제한현황\n계약내용\n한 회계연도당 자산총액의\xa070%이상 자산처분 제한\n이행현황\n이행 (작성기준일 현재 1.5 %)\n지배구조변경 제한현황\n계약내용\n상호출자제한 기업집단 제외\n이행현황\n이행\n이행상황보고서 제출현황\n이행현황\n2020.09.11\xa0제출\n(4) SK인천석유화학(주) 제 19회 무보증사채\n(작성기준일 :\xa0\n2021년 12월 31일\n)\n(단위 : 백만원, %)\n채권명\n발행일\n만기일\n발행액\n사채관리계약체결일\n사채관리회사\n제19-1회무보증사채\n2020.07.13\n2023.07.13\n180,000\xa0\n2020.07.01\n한국증권금융(주)회사채관리팀\xa0남승희(02-3770-8556)\n제19-2회무보증사채\n2020.07.13\n2025.07.11\n60,000\xa0\n2020.07.01\n한국증권금융(주)회사채관리팀\xa0남승희(02-3770-8556)\n제19-3회무보증사채\n2020.07.13\n2030.07.12\n60,000\xa0\n2020.07.01\n한국증권금융(주)회사채관리팀\xa0남승희(02-3770-8556)\n(이행현황기준일 :\xa0\n2021년 12월 31일\n)\n재무비율 유지현황\n계약내용\n부채비율 400%이하 유지\n이행현황\n이행\xa0(작성기준일 현재 부채비율\xa0217.9 %)\n담보권설정 제한현황\n계약내용\n사채 발행 이후 지급보증 또는 담보권이 설정되는 채무의 합계액이 최근 보고서 상 자기자본의\xa0200%\xa0미만\n이행현황\n이행\xa0(작성기준일 현재\xa00.0\xa0%)\n자산처분 제한현황\n계약내용\n한 회계연도당 자산총액의\xa070%이상 자산처분 제한\n이행현황\n이행 (작성기준일 현재 1.5 %)\n지배구조변경 제한현황\n계약내용\n상호출자제한 기업집단 제외\n이행현황\n이행\n이행상황보고서 제출현황\n이행현황\n2020.09.11\xa0제출\n(5) SK인천석유화학(주) 제 21회 무보증사채\n(작성기준일 :\xa0\n2021년 12월 31일\n)\n(단위 : 백만원, %)\n채권명\n발행일\n만기일\n발행액\n사채관리계약체결일\n사채관리회사\n제21-1회무보증사채\n2021.06.11\n2023.06.09\n90,000\xa0\n2021.06.01\n한국증권금융(주)회사채관리팀\xa0남승희(02-3770-8556)\n제21-2회무보증사채\n2021.06.11\n2026.06.11\n205,000\xa0\n2021.06.01\n한국증권금융(주)회사채관리팀\xa0남승희(02-3770-8556)\n(이행현황기준일 :\xa0\n2021년 12월 31일\n)\n재무비율 유지현황\n계약내용\n부채비율 400%이하 유지\n이행현황\n이행 (작성기준일 현재 부채비율 217.9 %)\n담보권설정 제한현황\n계약내용\n사채 발행 이후 지급보증 또는 담보권이 설정되는  \xa0채무의 합계액이 최근 보고서 상 자기자본의 200% 미만\n이행현황\n이행 (작성기준일 현재 0.0 %)\n자산처분 제한현황\n계약내용\n한 회계연도당 자산총액의 70%이상 자산처분 제한\n이행현황\n이행 (작성기준일 현재 1.5 %)\n지배구조변경 제한현황\n계약내용\n상호출자제한 기업집단 제외\n이행현황\n이행\n이행상황보고서 제출현황\n이행현황\n2021.09.10 제출\n(6) SK인천석유화학(주) 제 22회 무보증사채\n(작성기준일 :\xa0\n2021년 12월 31일\n)\n(단위 : 백만원, %)\n채권명\n발행일\n만기일\n발행액\n사채관리계약체결일\n사채관리회사\n제22-1회 무보증사채\n2021.10.27\n2024.10.25\n50,000\n2021.10.15\n한국예탁결제원 채권등록2팀 김계선 차장 (051-519-1824)\n제22-2회 무보증사채\n2021.10.27\n2026.10.27\n55,000\n2021.10.25\n한국예탁결제원 채권등록2팀 김계선 차장 (051-519-1824)\n(이행현황기준일 :\xa0\n2021년 12월 31일\n)\n재무비율 유지현황\n계약내용\n부채비율 400%이하 유지\n이행현황\n이행 (작성기준일 현재 부채비율 217.9 %)\n담보권설정 제한현황\n계약내용\n사채 발행 이후 지급보증 또는 담보권이 설정되는  \xa0채무의 합계액이 최근 보고서 상 자기자본의 200% 미만\n이행현황\n이행 (작성기준일 현재 0.0 %)\n자산처분 제한현황\n계약내용\n한 회계연도당 자산총액의 70%이상 자산처분 제한\n이행현황\n이행 (작성기준일 현재 1.5 %)\n지배구조변경 제한현황\n계약내용\n상호출자제한 기업집단 제외\n이행현황\n이행\n이행상황보고서 제출현황\n이행현황\n2021년 반기 이후 발행이므로 2022년 4월부터 제출의무\n* 이행현황기준일은 이행현황 판단 시 적용한 회계감사인의 감사의견(확인 및 의견표시)이 표명된 가장 최근의 재무제표의 작성기준일이며, 지배구조변경 제한현황은 공시서류작성기준일임.\n※ 작성일 기준\xa0만기가 도래하지 않은 제10회, 제12-2회,\xa0제17회, 제20-1회, 제20-2회\xa0무보증\xa0사모사채는 사채관리계약을 체결하지 아니하여 재무비율유지 등 별도의 정함이 없음\n[SK루브리컨츠(주)](1) SK루브리컨츠(주) 제 8회 무보증사채\r\n(작성기준일 :\xa0\n2021년 12월 31일\n)\n(단위 : 백만원, %)\n채권명\n발행일\n만기일\n발행액\n사채관리계약체결일\n사채관리회사\n제 8-2회\xa0\n무보증사채\n2018.09.20\n2023.09.20\n120,000\n2018.09.10\n한국증권금융(주)\n회사채관리팀 황수림\n(02-3770-8556)\n(이행현황기준일 :\xa0\n2021년 12월 31일\n)\n재무비율 유지현황\n계약내용\n부채비율 400%이하로 유지 (연결 재무제표 기준)\n이행현황\n이행(작성기준일 현재 부채비율 124.48%)\n담보권설정 제한현황\n계약내용\n본사채 발행 이후 지급보증 또는 담보권이 설정되는 채무의 합계액이 직전 회계년도 자기자본의 400% 미만\n이행현황\n이행(작성기준일 현재 0.00%)\n자산처분 제한현황\n계약내용\n하나의 회계년도에 1회 또는 수회에 걸쳐 자산총액의 100% 이상의 자산 매매ㆍ양도ㆍ임대 기타 처분 제한\n이행현황\n이행 (작성기준일 현재 0.69%)\n지배구조변경 제한현황\n계약내용\n상호출자제한 기업집단 제외\n이행현황\n작성기준일 현재 이행중\n이행상황보고서 제출현황\n이행현황\n2021. 9. 6.\n* 이행현황기준일은 이행현황 판단 시 적용한 회계감사인의 감사의견(확인 및 의견표시)이 표명된 가장 최근의 재무제표의 작성기준일이며, 지배구조변경 제한현황은 공시서류작성기준일임.\n(2) SK루브리컨츠(주) 제 9회 무보증사채\n(작성기준일 :\xa0\n2021년 12월 31일\n)\n(단위 : 백만원, %)\n채권명\n발행일\n만기일\n발행액\n사채관리계약체결일\n사채관리회사\n제 9-1회\xa0\n무보증사채\n2019.08.27\n2022.08.26\n100,000\n2019.08.14\n한국증권금융(주)\n회사채관리팀 황수림\n(02-3770-8556)\n제 9-2회\xa0\n무보증사채\n2019.08.27\n2024.08.27\n70,000\n2019.08.14\n한국증권금융(주)\n회사채관리팀 황수림\n(02-3770-8556)\n제 9-3회\xa0\n무보증사채\n2019.08.27\n2026.08.27\n100,000\n2019.08.14\n한국증권금융(주)\n회사채관리팀 황수림\n(02-3770-8556)\n제 9-4회\xa0\n무보증사채\n2019.08.27\n2029.08.27\n30,000\n2009.08.14\n한국증권금융(주)\n회사채관리팀 황수림\n(02-3770-8556)\n(이행현황기준일 :\xa0\n2021년 12월 31일\n)\n재무비율 유지현황\n계약내용\n부채비율 400%이하로 유지 (연결 재무제표 기준)\n이행현황\n이행(작성기준일 현재 부채비율 124.48%)\n담보권설정 제한현황\n계약내용\n본사채 발행 이후 지급보증 또는 담보권이 설정되는 채무의 합계액이 직전 회계년도 자기자본의 400% 미만\n이행현황\n이행(작성기준일 현재 0.00%)\n자산처분 제한현황\n계약내용\n하나의 회계년도에 1회 또는 수회에 걸쳐 자산총액의 100% 이상의 자산 매매ㆍ양도ㆍ임대 기타 처분 제한\n이행현황\n이행 (작성기준일 현재 0.69%)\n지배구조변경 제한현황\n계약내용\n상호출자제한 기업집단 제외\n이행현황\n작성기준일 현재 이행중\n이행상황보고서 제출현황\n이행현황\n2021. 9. 6.\n* 이행현황기준일은 이행현황 판단 시 적용한 회계감사인의 감사의견(확인 및 의견표시)이 표명된 가장 최근의 재무제표의 작성기준일이며, 지배구조변경 제한현황은 공시서류작성기준일임.\n(3) SK루브리컨츠(주) 제 10회 무보증사채\n(작성기준일 :\xa0\n2021년 12월 31일\n)\n(단위 : 백만원, %)\n채권명\n발행일\n만기일\n발행액\n사채관리계약체결일\n사채관리회사\n제 10-1회\xa0\n무보증사채\n2020.05.26\n2023.05.26\n180,000\n2020.05.26\n한국증권금융(주)\n회사채관리팀 황수림\n(02-3770-8556)\n제 10-2회\xa0\n무보증사채\n2020.05.26\n2025.05.26\n50,000\n2020.05.26\n한국증권금융(주)\n회사채관리팀 황수림\n(02-3770-8556)\n제 10-3회\xa0\n무보증사채\n2020.05.26\n2027.05.26\n70,000\n2020.05.26\n한국증권금융(주)\n회사채관리팀 황수림\n(02-3770-8556)\n(이행현황기준일 :\xa0\n2021년 12월 31일\n)\n재무비율 유지현황\n계약내용\n부채비율 400%이하로 유지 (연결 재무제표 기준)\n이행현황\n이행(작성기준일 현재 부채비율 124.48%)\n담보권설정 제한현황\n계약내용\n본사채 발행 이후 지급보증 또는 담보권이 설정되는 채무의 합계액이 직전 회계년도 자기자본의 400% 미만\n이행현황\n이행(작성기준일 현재 0.00%)\n자산처분 제한현황\n계약내용\n하나의 회계년도에 1회 또는 수회에 걸쳐 자산총액의 100% 이상의 자산 매매ㆍ양도ㆍ임대 기타 처분 제한\n이행현황\n이행 (작성기준일 현재 0.69%)\n지배구조변경 제한현황\n계약내용\n상호출자제한 기업집단 제외\n이행현황\n작성기준일 현재 이행중\n이행상황보고서 제출현황\n이행현황\n2021. 9. 6.\n* 이행현황기준일은 이행현황 판단 시 적용한 회계감사인의 감사의견(확인 및 의견표시)이 표명된 가장 최근의 재무제표의 작성기준일이며, 지배구조변경 제한현황은 공시서류작성기준일임.\n[SK온(주)]\n(1) SK온㈜ 제1회 무보증사채\n(작성기준일 :\xa0\n2021년 12월 31일\n)\n(단위 : 백만원, %)\n채권명\n발행일\n만기일\n발행액\n사채관리계약체결일\n사채관리회사\n1-1회 무보증사채\n2018.09.13\n2023.09.13\n140,000\n2018.09.03\n한국예탁결제원 채권등록2팀김계선 (051-519-1824)\n1-2회 무보증사채\n2018.09.13\n2028.09.13\n210,000\n2018.09.03\n한국예탁결제원 채권등록2팀김계선 (051-519-1824)\n(이행현황기준일 :\xa0\n2021년 12월 31일\n)\n재무비율 유지현황\n계약내용\n부채비율(연결재무제표 기준) 400% 이하 유지\n이행현황\n당기말 현재 이행중(166.4%)\n담보권설정 제한현황\n계약내용\n사채 발행 이후 지급보증 또는 담보권 설정 채무 합계액이 직전 회계년도 자기자본의 300% 미만\n이행현황\n당기말 현재 이행중(0.0%)\n자산처분 제한현황\n계약내용\n한 회계연도당 자산총계의100% 이상 자산처분 제한\n이행현황\n당기말 현재 이행중(0.2%)\n지배구조변경 제한현황\n계약내용\n상호출자제한 기업집단에서 제외되는 경우\n이행현황\n준수\n이행상황보고서 제출현황\n이행현황\n2021년 9월 8일 제출완료\n* 이행현황기준일은 이행현황 판단 시 적용한 회계감사인의 감사의견(확인 및 의견표시)이 표명된 가장 최근의 재무제표의 작성기준일이며, 지배구조변경 제한현황은 공시서류작성기준일임.\n(2) SK온㈜ 제2회 무보증사채\n(작성기준일 :\xa0\n2021년 12월 31일\n)\n(단위 : 백만원, %)\n채권명\n발행일\n만기일\n발행액\n사채관리계약체결일\n사채관리회사\n2-1회 무보증사채\n2020.09.16\n2025.09.16\n110,000\n2020.09.04\n한국예탁결제원 채권등록2팀김계선 (051-519-1824)\n2-2회 무보증사채\n2020.09.16\n2030.09.16\n80,000\n2020.09.04\n한국예탁결제원 채권등록2팀김계선 (051-519-1824)\n(이행현황기준일 :\xa0\n2021년 12월 31일\n)\n재무비율 유지현황\n계약내용\n부채비율(연결재무제표 기준) 400% 이하 유지\n이행현황\n당기말 현재 이행중(166.4%)\n담보권설정 제한현황\n계약내용\n사채 발행 이후 지급보증 또는 담보권 설정 채무 합계액이 직전 회계년도 자기자본의 300% 미만\n이행현황\n당기말 현재 이행중(0.0%)\n자산처분 제한현황\n계약내용\n한 회계연도당 자산총계의100% 이상 자산처분 제한\n이행현황\n당기말 현재 이행중(0.2%)\n지배구조변경 제한현황\n계약내용\n상호출자제한 기업집단에서 제외되는 경우\n이행현황\n준수\n이행상황보고서 제출현황\n이행현황\n2021년 9월 8일 제출완료\n* 이행현황기준일은 이행현황 판단 시 적용한 회계감사인의 감사의견(확인 및 의견표시)이 표명된 가장 최근의 재무제표의 작성기준일이며, 지배구조변경 제한현황은 공시서류작성기준일임.\n(3) SK온㈜ 제3회 무보증사채\n(작성기준일 :\xa0\n2021년 12월 31일\n)\n(단위 : 백만원, %)\n채권명\n발행일\n만기일\n발행액\n사채관리계약체결일\n사채관리회사\n3-1회 무보증사채\n2021.01.20\n2026.01.20\n160,000\n2021.01.08\n한국예탁결제원 채권등록2팀김계선 (051-519-1824)\n(이행현황기준일 :\xa0\n2021년 12월 31일\n)\n재무비율 유지현황\n계약내용\n부채비율(연결재무제표 기준) 400% 이하 유지\n이행현황\n당기말 현재 이행중(166.4%)\n담보권설정 제한현황\n계약내용\n사채 발행 이후 지급보증 또는 담보권 설정 채무 합계액이 직전 회계년도 자기자본의 300% 미만\n이행현황\n당기말 현재 이행중(0.0%)\n자산처분 제한현황\n계약내용\n한 회계연도당 자산총계의100% 이상 자산처분 제한\n이행현황\n당기말 현재 이행중(0.2%)\n지배구조변경 제한현황\n계약내용\n상호출자제한 기업집단에서 제외되는 경우\n이행현황\n준수\n이행상황보고서 제출현황\n이행현황\n2021년 9월 8일 제출완료\n* 이행현황기준일은 이행현황 판단 시 적용한 회계감사인의 감사의견(확인 및 의견표시)이 표명된 가장 최근의 재무제표의 작성기준일이며, 지배구조변경 제한현황은 공시서류작성기준일임.\n[SK텔레콤][SK텔레콤][61회 회사채]\r\n(작성기준일 :\xa0\n2021년 12월 31일\n)\n(단위 : 백만원, %)\n채권명\n발행일\n만기일\n발행액\n사채관리계약체결일\n사채관리회사\nSK텔레콤주식회사 제61-2회 무보증 사채\n2011.12.27\n2021.12.27\n190,000\n2011.12.19\n하나금융투자\n(이행현황기준일 :\xa0\n2021년 12월 31일\n)\n재무비율 유지현황\n계약내용\n부채비율 300% 이하 유지\n이행현황\n이행\n담보권설정 제한현황\n계약내용\n지급보증 또는 \'담보권\'이 설정되는 채무의 합계액이 직전 회계연도 \'자기자본\'의 50% 미만\n이행현황\n이행\n자산처분 제한현황\n계약내용\n한 회계연도당 총액 2조원 이상 자산처분 제한\n이행현황\n이행\n지배구조변경 제한현황\n계약내용\n해당사항없음\n이행현황\n해당사항없음\n이행상황보고서 제출현황\n이행현황\n2021.08.18 제출\n* 이행현황기준일은 이행현황 판단 시 적용한 회계감사인의 감사의견(확인 및 의견표시)이 표명된 가장 최근의 재무제표의 작성기준일이며, 지배구조변경 제한현황은 공시서류작성 기준일임.\n[62회 회사채]\xa0\n채권명\n발행일\n만기일\n발행액\n사채관리 계약체결일\n사채관리회사\nSK텔레콤주식회사 제62-2회무보증사채\n2012.08.28\n2022.08.28\n140,000\n2012.08.22\n메리츠종합금융증권\nSK텔레콤주식회사 제62-3회무보증사채\n2012.08.28\n2032.08.28\n90,000\n2012.08.22\n메리츠종합금융증권\n재무비율 유지현황\n계약내용\n부채비율 300% 이하 유지\n이행현황\n이행\n담보권설정 제한현황\n계약내용\n지급보증 또는 \'담보권\'이 설정되는 채무의 합계액이 직전 회계연도 \'자기자본\'의 100% 미만\n이행현황\n이행\n자산처분 제한현황\n계약내용\n한 회계연도당 총액 2조원 이상 자산처분 제한\n이행현황\n이행\n지배구조변경 제한현황\n계약내용\n해당사항 없음\n이행현황\n해당사항 없음\n이행상황보고서 제출현황\n이행현황\n2021.08.18 제출\n\xa0\n[63~69회 회사채]\n채권명\n발행일\n만기일\n발행액\n사채관리 계약체결일\n사채관리회사\nSK텔레콤주식회사 제63-1회 무보증 사채\n2013.04.23\n2023.04.23\n230,000\n2013.04.17\n한국증권금융\nSK텔레콤주식회사 제63-2회 무보증 사채\n2013.04.23\n2033.04.23\n130,000\n2013.04.17\n한국증권금융\nSK텔레콤주식회사 제64-2회 무보증 사채\n2014.05.14\n2024.05.14\n150,000\n2014.04.29\n한국증권금융\nSK텔레콤주식회사 제65-3회 무보증 사채\n2014.10.28\n2024.10.28\n190,000\n2014.10.16\n한국증권금융\nSK텔레콤주식회사제66-1회무보증사채\n2015.02.26\n2022.02.26\n100,000\n2015.02.11\n한국증권금융\nSK텔레콤주식회사 제66-2회 무보증 사채\n2015.02.26\n2025.02.26\n150,000\n2015.02.11\n한국증권금융\nSK텔레콤주식회사 제66-3회 무보증 사채\n2015.02.26\n2030.02.26\n50,000\n2015.02.11\n한국증권금융\nSK텔레콤주식회사 제67-2회 무보증 사채\n2015.07.17\n2025.07.17\n70,000\n2015.07.09\n한국증권금융\nSK텔레콤주식회사 제67-3회 무보증 사채\n2015.07.17\n2030.07.17\n90,000\n2015.07.09\n한국증권금융\nSK텔레콤주식회사 제68-2회 무보증 사채\n2015.11.30\n2025.11.30\n100,000\n2015.11.18\n한국증권금융\nSK텔레콤주식회사 제68-3회무보증사채\n2015.11.30\n2035.11.30\n70,000\n2015.11.18\n한국증권금융\nSK텔레콤주식회사 제69-3회무보증사채\n2016.03.04\n2026.03.04\n90,000\n2016.02.22\n한국증권금융\nSK텔레콤주식회사 제69-4회무보증사채\n2016.03.04\n2036.03.04\n80,000\n2016.02.22\n한국증권금융\n재무비율 유지현황\n계약내용\n부채비율 300% 이하 유지\n이행현황\n이행\n담보권설정 제한현황\n계약내용\n지급보증 또는 \'담보권\'이 설정되는 채무의 합계액이 직전 회계연도 \'자기자본\'의 100% 미만\n이행현황\n이행\n자산처분 제한현황\n계약내용\n한 회계연도당 총액 2조원 이상 자산처분 제한\n이행현황\n이행\n지배구조변경 제한현황\n계약내용\n해당사항 없음\n이행현황\n해당사항 없음\n이행상황보고서 제출현황\n이행현황\n2021.08.18 제출\n\xa0\n[70~71회 회사채]\n채권명\n발행일\n만기일\n발행액\n사채관리 계약체결일\n사채관리회사\nSK텔레콤주식회사 제70-3회 무보증사채\n2016.06.03\n2026.06.03\n120,000\n2016.05.24\n한국증권금융\nSK텔레콤주식회사 제70-4회 무보증사채\n2016.06.03\n2031.06.03\n50,000\n2016.05.24\n한국증권금융\nSK텔레콤주식회사 제71-2회 무보증사채\n2017.04.25\n2022.04.25\n120,000\n2017.04.13\n한국증권금융\nSK텔레콤주식회사 제71-3회 무보증사채\n2017.04.25\n2027.04.25\n100,000\n2017.04.13\n한국증권금융\nSK텔레콤주식회사 제71-4회 무보증사채\n2017.04.25\n2032.04.25\n90,000\n2017.04.13\n한국증권금융\n재무비율 유지현황\n계약내용\n부채비율 300% 이하 유지\n이행현황\n이행\n담보권설정 제한현황\n계약내용\n지급보증 또는 \'담보권\'이 설정되는 채무의 합계액이 직전 회계연도 \'자기자본\'의 150% 미만\n이행현황\n이행\n자산처분 제한현황\n계약내용\n한 회계연도당 총액 5조원 이상 자산처분 제한\n이행현황\n이행\n지배구조변경 제한현황\n계약내용\n해당사항 없음\n이행현황\n해당사항 없음\n이행상황보고서 제출현황\n이행현황\n2021.08.18 제출\n[72~75회 회사채]\n채권명\n발행일\n만기일\n발행액\n사채관리 계약체결일\n사채관리회사\nSK텔레콤주식회사 제72-2회 무보증사채\n2017.11.10\n2022.11.10\n80,000\n2017.10.31\n한국증권금융\nSK텔레콤주식회사 제72-3회 무보증사채\n2017.11.10\n2027.11.10\n100,000\n2017.10.31\n한국증권금융\nSK텔레콤주식회사 제73-2회 무보증사채\n2018.02.20\n2023.02.20\n100,000\n2018.02.06\n한국증권금융\nSK텔레콤주식회사 제73-3회 무보증사채\n2018.02.20\n2028.02.20\n200,000\n2018.02.06\n한국증권금융\nSK텔레콤주식회사 제73-4회 무보증사채\n2018.02.20\n2038.02.20\n90,000\n2018.02.06\n한국증권금융\nSK텔레콤주식회사 제74-2회 무보증사채\n2018.09.17\n2023.09.17\n150,000\n2018.09.05\n한국증권금융\nSK텔레콤주식회사 제74-3회 무보증사채\n2018.09.17\n2038.09.17\n50,000\n2018.09.05\n한국증권금융\nSK텔레콤주식회사 제75-1회 무보증사채\n2019.03.06\n2022.03.06\n180,000\n2019.02.21\n한국증권금융\nSK텔레콤주식회사 제75-2회 무보증사채\n2019.03.06\n2024.03.06\n120,000\n2019.02.21\n한국증권금융\nSK텔레콤주식회사 제75-3회 무보증사채\n2019.03.06\n2029.03.06\n50,000\n2019.02.21\n한국증권금융\nSK텔레콤주식회사 제75-4회 무보증사채\n2019.03.06\n2039.03.06\n50,000\n2019.02.21\n한국증권금융\n재무비율 유지현황\n계약내용\n부채비율 300% 이하 유지\n이행현황\n이행\n담보권설정 제한현황\n계약내용\n지급보증 또는 \'담보권\'이 설정되는 채무의 합계액이 직전 회계연도 \'자기자본\'의 150% 미만\n이행현황\n이행\n자산처분 제한현황\n계약내용\n한 회계연도당 자산총계 50% 이상 자산처분 제한\n이행현황\n이행\n지배구조변경 제한\n계약내용\n상호출자제한\n기업집단에서 제외\n이행현황\xa0\n준수\xa0\n이행상황보고서 제출현황\n이행현황\n2021.08.18 제출\n\xa0\n[76회 회사채]\n채권명\n발행일\n만기일\n발행액\n사채관리 계약체결일\n사채관리회사\nSK텔레콤주식회사 제76-1회 무보증사채\n2019.07.29\n2022.07.29\n120,000\n2019.07.17\n한국증권금융\nSK텔레콤주식회사 제76-2회 무보증사채\n2019.07.29\n2024.07.29\n60,000\n2019.07.17\n한국증권금융\nSK텔레콤주식회사 제76-3회 무보증사채\n2019.07.29\n2029.07.29\n120,000\n2019.07.17\n한국증권금융\nSK텔레콤주식회사 제76-4회 무보증사채\n2019.07.29\n2039.07.29\n50,000\n2019.07.17\n한국증권금융\nSK텔레콤주식회사 제76-5회 무보증사채\n2019.07.29\n2049.07.29\n50,000\n2019.07.17\n한국증권금융\n재무비율 유지현황\n계약내용\n부채비율 300% 이하 유지\n이행현황\n이행\n담보권설정 제한현황\n계약내용\n지급보증 또는 \'담보권\'이 설정되는 채무의 합계액이 직전 회계연도 \'자기자본\'의 150% 미만\n이행현황\n이행\n자산처분 제한현황\n계약내용\n한 회계연도당 자산총계 50% 이상 자산처분 제한\n이행현황\n이행\n지배구조변경 제한\n계약내용\n상호출자제한\n기업집단에서 제외\n이행현황\xa0\n준수\xa0\n이행상황보고서 제출현황\n이행현황\n2021.08.18 제출\n\xa0\n[77회 회사채]\n채권명\n발행일\n만기일\n발행액\n사채관리 계약체결일\n사채관리회사\nSK텔레콤주식회사 제77-1회 무보증사채\n2019.10.22\n2022.10.21\n90,000\n2019.10.10\n한국증권금융\nSK텔레콤주식회사 제77-2회 무보증사채\n2019.10.22\n2024.10.22\n50,000\n2019.10.10\n한국증권금융\nSK텔레콤주식회사 제77-3회 무보증사채\n2019.10.22\n2029.10.22\n30,000\n2019.10.10\n한국증권금융\nSK텔레콤주식회사 제77-4회 무보증사채\n2019.10.22\n2039.10.22\n30,000\n2019.10.10\n한국증권금융\n재무비율 유지현황\n계약내용\n부채비율 300% 이하 유지\n이행현황\n이행\n담보권설정 제한현황\n계약내용\n지급보증 또는 \'담보권\'이 설정되는 채무의 합계액이 직전 회계연도 \'자기자본\'의 150% 미만\n이행현황\n이행\n자산처분 제한현황\n계약내용\n한 회계연도당 자산총계 50% 이상 자산처분 제한\n이행현황\n이행\n지배구조변경 제한\n계약내용\n상호출자제한\n기업집단에서 제외\n이행현황\xa0\n준수\n이행상황보고서 제출현황\n이행현황\n2021.08.18 제출\n\xa0\n[78회 회사채]\n채권명\n발행일\n만기일\n발행액\n사채관리 계약체결일\n사채관리회사\nSK텔레콤주식회사 제78-1회 무보증사채\n2020.01.14\n2023.01.13\n170,000\n2019.12.31\n한국증권금융\nSK텔레콤주식회사 제78-2회 무보증사채\n2020.01.14\n2025.01.14\n130,000\n2019.12.31\n한국증권금융\nSK텔레콤주식회사 제78-3회 무보증사채\n2020.01.14\n2030.01.14\n50,000\n2019.12.31\n한국증권금융\nSK텔레콤주식회사 제78-4회 무보증사채\n2020.01.14\n2040.01.14\n70,000\n2019.12.31\n한국증권금융\n재무비율 유지현황\n계약내용\n부채비율 300% 이하 유지\n이행현황\n이행\n담보권설정 제한현황\n계약내용\n지급보증 또는 \'담보권\'이 설정되는 채무의 합계액이 직전 회계연도 \'자기자본\'의 150% 미만\n이행현황\n이행\n자산처분 제한현황\n계약내용\n한 회계연도당 자산총계 50% 이상 자산처분 제한\n이행현황\n이행\n지배구조변경 제한\n계약내용\n상호출자제한\n기업집단에서 제외\n이행현황\xa0\n준수\n이행상황보고서 제출현황\n이행현황\n2021.08.18 제출\n\xa0\n[79회 회사채]\n채권명\n발행일\n만기일\n발행액\n사채관리 계약체결일\n사채관리회사\nSK텔레콤주식회사 제79-1회 무보증사채\n2020.10.19\n2025.10.19\n140,000\n2020.10.06\n한국증권금융\nSK텔레콤주식회사 제79-2회 무보증사채\n2020.10.19\n2030.10.19\n40,000\n2020.10.06\n한국증권금융\nSK텔레콤주식회사 제79-3회 무보증사채\n2020.10.19\n2040.10.19\n110,000\n2020.10.06\n한국증권금융\n재무비율 유지현황\n계약내용\n부채비율 300% 이하 유지\n이행현황\n이행\n담보권설정 제한현황\n계약내용\n지급보증 또는 \'담보권\'이 설정되는 채무의 합계액이 직전 회계연도 \'자기자본\'의 150% 미만\n이행현황\n이행\n자산처분 제한현황\n계약내용\n한 회계연도당 자산총계 50% 이상 자산처분 제한\n이행현황\n이행\n지배구조변경 제한\n계약내용\n상호출자제한\n기업집단에서 제외\n이행현황\xa0\n준수\n이행상황보고서 제출현황\n이행현황\n2021.08.18 제출\n\xa0\n[80회 회사채]\n채권명\n발행일\n만기일\n발행액\n사채관리 계약체결일\n사채관리회사\nSK텔레콤주식회사 제80-1회 무보증사채\n2021.01.15\n2024.01.14\n80,000\n2021.01.05\n한국증권금융\nSK텔레콤주식회사 제80-2회 무보증사채\n2021.01.15\n2026.01.15\n80,000\n2021.01.05\n한국증권금융\nSK텔레콤주식회사 제80-3회 무보증사채\n2021.01.15\n2031.01.15\n50,000\n2021.01.05\n한국증권금융\nSK텔레콤주식회사 제80-4회 무보증사채\n2021.01.15\n2041.01.15\n100,000\n2021.01.05\n한국증권금융\n재무비율 유지현황\n계약내용\n부채비율 300% 이하 유지\n이행현황\n이행\n담보권설정 제한현황\n계약내용\n지급보증 또는 \'담보권\'이 설정되는 채무의 합계액이 직전 회계연도 \'자기자본\'의 150% 미만\n이행현황\n이행\n자산처분 제한현황\n계약내용\n한 회계연도당 자산총계 50% 이상 자산처분 제한\n이행현황\n이행\n지배구조변경 제한\n계약내용\n상호출자제한\xa0\n기업집단에서 제외\n이행현황\xa0\n준수\n이행상황보고서 제출현황\n이행현황\n2021.08.18 제출\n[81회 회사채]\r\n채권명\n발행일\n만기일\n발행액\n사채관리 계약체결일\n사채관리회사\nSK텔레콤주식회사 제81-1회 무보증사채\n2021.10.28\n2024.10.28\n90,000\n2021.01.05\n한국증권금융\nSK텔레콤주식회사 제81-2회 무보증사채\n2021.10.28\n2026.10.28\n70,000\n2021.01.05\n한국증권금융\nSK텔레콤주식회사 제81-3회 무보증사채\n2021.10.28\n2041.10.28\n40,000\n2021.01.05\n한국증권금융\n재무비율 유지현황\n계약내용\n부채비율 300% 이하 유지\n이행현황\n이행\n담보권설정 제한현황\n계약내용\n지급보증 또는 \'담보권\'이 설정되는 채무의 합계액이 직전 회계연도 \'자기자본\'의 150% 미만\n이행현황\n이행\n자산처분 제한현황\n계약내용\n한 회계연도당 자산총계 50% 이상 자산처분 제한\n이행현황\n이행\n지배구조변경 제한\n계약내용\n상호출자제한\n기업집단에서 제외\n이행현황\xa0\n준수\xa0\n이행상황보고서 제출현황\n이행현황\n2021년 사업보고서\n제출 후 보고 예정\n[SK브로드밴드]\n(작성기준일 :\xa0\n2021년 12월 31일\n)\n(단위 : 백만원, %)\n채권명\n발행일\n만기일\n발행액\n사채관리계약체결일\n사채관리회사\n제44회 무보증사채\n2017.02.03\n2022.02.03\n150,000\n2017.01.20\n한국증권금융㈜\n(이행현황기준일 :\xa0\n2021년 12월 31일\n)\n재무비율 유지현황\n계약내용\n부채비율 400% 이하\n이행현황\n이행\n담보권설정 제한현황\n계약내용\n자기자본의 200%\n이행현황\n이행\n자산처분 제한현황\n계약내용\n총액 2조원 한도\n이행현황\n이행\n지배구조변경 제한현황\n계약내용\n-\n이행현황\n-\n이행상황보고서 제출현황\n이행현황\n2021년 9월 8일 제출\n주) 이행현황 중 지배구조변경 제한현황은 표준무보증 사채관리계약서 제2-5조의2개정(개정일 2017년9월 22일) 전 사채관리계약을 체결한 건이기에 해당사항 없습니다.\xa0\n(작성기준일 :\xa0\n2021년 12월 31일\n)\n(단위 : 백만원, %)\n채권명\n발행일\n만기일\n발행액\n사채관리계약체결일\n사채관리회사\n제45-2회 무보증사채\n2017.10.11\n2022.10.11\n140,000\n2017.09.20\n한국증권금융㈜\n(이행현황기준일 :\xa0\n2021년 12월 31일\n)\n재무비율 유지현황\n계약내용\n부채비율 400% 이하\n이행현황\n이행\n담보권설정 제한현황\n계약내용\n자기자본의 200%\n이행현황\n이행\n자산처분 제한현황\n계약내용\n자산총계의 70% 이하\n이행현황\n이행\n지배구조변경 제한현황\n계약내용\n-\n이행현황\n-\n이행상황보고서 제출현황\n이행현황\n2021년 9월 8일 제출\n주) 이행현황 중 지배구조변경 제한현황은 표준무보증 사채관리계약서 제2-5조의2개정(개정일 2017년 9월 22일) 전 사채관리계약을 체결한 건이기에 해당사항 없습니다.\xa0\n(작성기준일 :\xa0\n2021년 12월 31일\n)\n(단위 : 백만원, %)\n채권명\n발행일\n만기일\n발행액\n사채관리계약체결일\n사채관리회사\n제46-2회 무보증사채\n2018.02.01\n2023.02.01\n80,000\n2018.01.19\n한국증권금융㈜\n제47-1회 무보증사채\n2019.03.26\n2022.03.26\n50,000\n2019.03.14\n한국증권금융㈜\n제47-2회 무보증사채\n2019.03.26\n2024.03.26\n160,000\n2019.03.14\n한국증권금융㈜\n제48-1회 무보증사채\n2019.09.24\n2022.09.23\n80,000\n2019.09.10\n한국증권금융㈜\n제48-2회 무보증사채\n2019.09.24\n2024.09.24\n100,000\n2019.09.10\n한국증권금융㈜\n제48-3회 무보증사채\n2019.09.24\n2026.09.23\n50,000\n2019.09.10\n한국증권금융㈜\n제49-1회 무보증사채\n2020.06.11\n2023.06.09\n100,000\n2020.06.01\n한국증권금융㈜\n제49-2회 무보증사채\n2020.06.11\n2025.06.11\n100,000\n2020.06.01\n한국증권금융㈜\n제50회 무보증사채\n2020.09.25\n2025.09.25\n160,000\n2020.09.15\n한국증권금융㈜\n제51회 무보증사채\n2021.07.13\n2024.07.12\n100,000\n2021.07.01\n한국증권금융㈜\n합 계\n-\n-\n980,000\n-\n-\n(이행현황기준일 :\xa0\n2021년 12월 31일\n)\n재무비율 유지현황\n계약내용\n부채비율 400% 이하\n이행현황\n이행\n담보권설정 제한현황\n계약내용\n자기자본의 200%\n이행현황\n이행\n자산처분 제한현황\n계약내용\n자산총계의 70% 이하\n이행현황\n이행\n지배구조변경 제한현황\n계약내용\n지배구조의 변경사유가 발생하지 않아야 함\n이행현황\n이행\n이행상황보고서 제출현황\n이행현황\n2021년 9월 8일 제출\n주1) 제47회 사채부터 재무비율 유지현황이 연결재무제표 기준으로 변경되었습니다.\xa0주2) 2021년 7월 13일 발행한 제51회 무보증사채의 이행상황보고서는 2021년 말 재무제표 확정 이후 제출 예정입니다.[SK스퀘어]\n[SK쉴더스]\n(작성기준일 :\xa0\n2021년 12월 31일\n)\n(단위 : 백만원, %)\n채권명\n발행일\n만기일\n발행액\n사채관리계약체결일\n사채관리회사\n제6-1회 무기명식 이권부 무보증사채\n2021.07.28\n2024.07.26\n120,000\n2021.07.16\n한국증권금융㈜\n제6-2회 무기명식 이권부 무보증사채\n2021.07.28\n2026.07.28\n80,000\n2021.07.16\n한국증권금융㈜\n제 7회 무기명식 이권부 무보증사채\n2021.10.25\n2024.10.25\n67,000\n2021.10.13\nDB금융투자㈜\n(이행현황기준일 :\xa0\n2021년 12월 31일\n)\n재무비율 유지현황\n계약내용\n부채비율 1,000% 이하\n이행현황\n이행\n담보권설정 제한현황\n계약내용\n자기자본의 650%\n이행현황\n이행\n자산처분 제한현황\n계약내용\n자산총계 50% 이하\n이행현황\n이행\n지배구조변경 제한현황\n계약내용\n지배구조의 변경사유가 발생하지 않아야 함\n이행현황\n이행\n이행상황보고서 제출현황\n이행현황\n제출일 미도래\n* 이행현황기준일은 이행현황 판단 시 적용한 회계감사인의 감사의견(확인 및 의견표시)이 표명된 가장 최근의 재무제표의 작성기준일이며, 지배구조변경 제한현황은 공시서류작성기준일임.\n[SK네트웍스][SK네트웍스]\n(작성기준일 :\xa0\n2021년 12월 31일\n)\n(단위 : 백만원, %)\n채권명\n발행일\n만기일\n발행액\n사채관리계약체결일\n사채관리회사\nSK네트웍스㈜ 제 179-3회  무기명식 이권부무보증사채\n2015.04.29\n2022.04.29\n100,000\n2015.04.17\n한국증권금융 주식회사\nSK네트웍스㈜ 제 181-2회  무기명식 이권부무보증사채\n2018.04.18\n2023.04.18\n140,000\n2018.04.12\n한국증권금융 주식회사\n(이행현황기준일 :\xa0\n2021년 12월 31일\n)\n재무비율 유지현황\n계약내용\n부채비율 별도재무제표 기준 500% 이하\n이행현황\n이행 (178%)\n담보권설정 제한현황\n계약내용\n사채 발행 이후 지급보증 또는 담보권이 설정되는 채무의 합계액이 직전 회계연도 자기자본의 500% 또는 300% 이하(주1)\n이행현황\n이행 (자기자본의 31%)\n자산처분 제한현황\n계약내용\n하나의 회계연도에 1회 또는 수회에 걸쳐자산총액의 100% 또는 70% 이상 자산처분 제한 (주2)\n이행현황\n이행 (자산 총계의 5%)\n지배구조변경 제한현황\n계약내용\n「독점규제 및 공정거래에 관한 법률」제14조에 따른 상호출자제한기업집단 제외 제한(에스케이 그룹) (주3)\n이행현황\n이행\n이행상황보고서 제출현황\n이행현황\n2021.08.24 (21년 2분기 기준 제출)\n* 이행현황기준일은 이행현황 판단 시 적용한 회계감사인의\xa0감사의견(확인 및 의견표시)이 표명된 가장 최근의 재무제표의 작성기준일이며, 지배구조변경 제한현황은 공시서류작성기준일임.\n주1) 제180회차 이전 : 500% 이하, 제181회차 이후 : 300% 이하주2) 제180회차 이전 : 100% 이상, 제181회차 이후 : 70% 이상주3) 당사의 제180회차까지의 무기명식 이권부 무보증사채에 대한 지배구조변경 제한현황은 표준무보증 사채관리계약서 제2-5조의2 개정(개정일2017년 9월 22일) 전 사채관리계약을 체결하여 해당사항 없음을 알려드립니다.\n(작성기준일 :\xa0\n2021년 12월 31일\n)\n(단위 : 백만원, %)\n채권명\n발행일\n만기일\n발행액\n사채관리계약체결일\n사채관리회사\nSK네트웍스㈜ 제 182-1회  무기명식 이권부 무보증사채\n2019.04.19\n2022.04.19\n90,000\n2019.04.09\n한국증권금융 주식회사\nSK네트웍스㈜ 제 182-2회  무기명식 이권부 무보증사채\n2019.04.19\n2024.04.19\n200,000\n2019.04.09\n한국증권금융 주식회사\nSK네트웍스㈜ 제 182-3회  무기명식 이권부 무보증사채\n2019.04.19\n2026.04.19\n110,000\n2019.04.09\n한국증권금융 주식회사\nSK네트웍스㈜ 제 183-1회  무기명식 이권  무보증사채\n2021.04.19\n2024.04.19\n170,000\n2021.04.07\n한국증권금융 주식회사\nSK네트웍스㈜ 제 183-2회  무기명식 이권부 무보증사채\n2021.04.19\n2026.04.19\n150,000\n2021.04.07\n한국증권금융 주식회사\nSK네트웍스㈜ 제 183-3회  무기명식 이권부 무보증사채\n2021.04.19\n2028.04.19\n80,000\n2021.04.07\n한국증권금융 주식회사\n(이행현황기준일 :\xa0\n2021년 12월 31일\n)\n재무비율 유지현황\n계약내용\n부채비율 연결재무제표 기준 500% 이하\n이행현황\n이행 (294%)\n담보권설정 제한현황\n계약내용\n사채 발행 이후 지급보증 또는 담보권이 설정되는  채무의 합계액이 직전 회계연도 자기자본의 300% 이하\n이행현황\n이행 (자기자본의 38%)\n자산처분 제한현황\n계약내용\n하나의 회계연도에 1회 또는 수회에 걸쳐 자산총액의 70% 이상 자산처분 제한\n이행현황\n이행 (자산 총계의 3%)\n지배구조변경 제한현황\n계약내용\n「독점규제 및 공정거래에 관한 법률」제14조에 따른 상호출자제한기업집단 제외 제한(에스케이 그룹)\n이행현황\n이행\n이행상황보고서 제출현황\n이행현황\n2021.08.24 (21년 2분기 기준 제출)\n* 이행현황기준일은 이행현황 판단 시 적용한 회계감사인의 감사의견(확인 및 의견표시)이 표명된 가장 최근의 재무제표의 작성기준일이며, 지배구조변경 제한현황은 공시서류작성기준일임.[SK매직]\n(작성기준일 :\xa0\n2021년 12월 31일\n)\n(단위 : 백만원, %)\n채권명\n발행일\n만기일\n발행액\n사채관리계약체결일\n사채관리회사\nSK매직(주) 제3회무기명식 이권부 무보증사채\n2019.03.05\n2022.03.04\n90,000\n2019.02.20\n한국증권금융(주)\nSK매직(주) 제4회무기명식 이권부 무보증사채\n2020.03.05\n2023.03.03\n120,000\n2020.02.24\n현대차증권(주)\nSK매직(주) 제5회무기명식 이권부 무보증사채\n2021.03.08\n2024.03.08\n150,000\n2021.02.23\n유진투자증권(주)\n(이행현황기준일 :\xa0\n2021년 12월 31일\n)\n재무비율 유지현황\n계약내용\n부채비율 연결 재무상태표 기준 400% 이하\n이행현황\n이행 (부채비율 256%)\n담보권설정 제한현황\n계약내용\n사채발행 이후 지급보증 또는 담보권이 설정되는 채무의 합계액이  최근 보고서상 자기자본의 300% 이하 (연결기준)\n이행현황\n이행 (자기자본의 24%)\n자산처분 제한현황\n계약내용\n하나의 회계년도에 1회 또는 수회에 걸쳐  자산총계의 30% 이상 자산처분 제한 (연결기준)\n이행현황\n이행 (자산총계의 3%)\n지배구조변경 제한현황\n계약내용\n「독점규제 및 공정거래에 관한 법률」제14조에 따른 상호출자제한기업집단 제외 제한 (에스케이 그룹)\n이행현황\n이행\n이행상황보고서 제출현황\n이행현황\n2021.09.08 제출\n* 이행현황기준일은 이행현황 판단 시 적용한 회계감사인의 감사의견(확인 및 의견표시)이 표명된 가장 최근의 재무제표의 작성기준일이며, 지배구조변경 제한현황은 공시서류작성기준일임.[SK렌터카(舊 AJ렌터카)]\n(작성기준일 :\xa0\n2021년 12월 31일\n)\n(단위 : 백만원, %)\n채권명\n발행일\n만기일\n발행액\n사채관리계약체결일\n사채관리회사\n에스케이렌터카(주)제46-2회 무보증 사채\n2021.09.14\n2024.09.14\n90,000\n2021.09.02\n한국증권금융\n에스케이렌터카(주)제46-1회 무보증 사채\n2021.09.14\n2023.09.14\n60,000\n2021.09.02\n한국증권금융\n에스케이렌터카(주)제45-2회 무보증 사채\n2021.02.04\n2026.02.04\n98,000\n2021.01.25\nBNK투자증권\n에스케이렌터카(주)제45-1회 무보증 사채\n2021.02.04\n2024.02.04\n202,000\n2021.01.25\nBNK투자증권\n에스케이렌터카(주)제44회 무보증 사채\n2019.10.25\n2022.10.25\n120,000\n2019.10.15\nBNK투자증권\n에스케이렌터카(주)제43회 무보증 사채\n2019.05.03\n2022.05.03\n150,000\n2019.04.22\n이베스트투자증권\n(이행현황기준일 :\xa0\n2021년 12월 31일\n)\n재무비율 유지현황\n계약내용\n[제46-1회/제46-2회]부채비율 950% 이하 유지(연결재무제표 기준)[제45-1회/제45-2회]부채비율 700% 이하 유지(연결재무제표 기준)[제43회/제44회]부채비율 600% 이하 유지(연결재무제표 기준)\n이행현황\n이행\n담보권설정 제한현황\n계약내용\n[제46-1회/제46-2회]사채발행 이후 지급보증 또는 담보권이 설정되는 채무의 합계액이 최근보고서상 자기자본의 300% 이하(연결재무제표 기준)[제43회/제44회/제45-1회/제45-2회]사채발행 이후 지급보증 또는 담보권이 설정되는 채무의 합계액이 최근보고서상 자기자본의 450% 이하(연결재무제표 기준)\n이행현황\n이행\n자산처분 제한현황\n계약내용\n하나의 회계연도에 1회 또는 수회에 걸쳐 자산총계의 70% 이상 자산처분 제한(연결재무제표 기준)\n이행현황\n이행\n지배구조변경 제한현황\n계약내용\n[제44회/제45-1회/제45-2회/제46-1회/제46-2회]상호출자제한기업집단 제외 제한[제43회]최대주주의 변경 제한\n이행현황\n이행\n이행상황보고서 제출현황\n이행현황\n2021.09.10\n* 이행현황기준일은 이행현황 판단 시 적용한 회계감사인의 감사의견(확인 및 의견표시)이 표명된 가장 최근의 재무제표의 작성기준일이며, 지배구조변경 제한현황은 공시서류작성기준일임.\n[SKC]\n[SKC]\n(작성기준일 :\xa0\n2021년 12월 31일\n)\n(단위 : 백만원, %)\n채권명\n발행일\n만기일\n발행액\n사채관리계약체결일\n사채관리회사\n제139-2회\n2018.02.21\n2023.02.21\n80,000\n2018.02.06\n이베스트투자증권㈜\n제140-2회\n2018.10.17\n2023.10.17\n80,000\n2018.10.02\n이베스트투자증권㈜\n제142-1회\n2020.05.28\n2022.05.28\n105,000\n2020.05.18\n주식회사 BNK투자증권\n제142-2회\n2020.05.28\n2025.05.28\n95,000\n2020.05.18\n주식회사 BNK투자증권\n(이행현황기준일 :\xa0\n2021년 12월 31일\n)\n재무비율 유지현황\n계약내용\n부채비율(연결재무제표 기준)  - 139-2회 ~ 144회 : 500% 이하 유지\n이행현황\n171%\n담보권설정 제한현황\n계약내용\n사채 발행 이후 지급보증 또는 담보권 설정 채무  합계액이 최근보고서 상 자기자본의 400% 이하\n이행현황\n91%\n자산처분 제한현황\n계약내용\n\xa0 \xa0- 137회 : 한 회계연도당 자산총액의 100% 이상 자산처분 제한 \xa0 \xa0- 139~142회 : 한 회계연도당 자산총액의 90% 이상 자산처분 제한\n이행현황\n0%\n지배구조변경 제한현황\n계약내용\n- 139~142회 : 상호출자제한 기업집단에서 제외\n이행현황\n139~142회 : 이행\n이행상황보고서 제출현황\n이행현황\n2021.09.15 제출\n* 이행현황기준일은 이행현황 판단 시 적용한 회계감사인의 감사의견(확인 및 의견표시)이 표명된 가장 최근의 재무제표의 작성기준일이며, 지배구조변경 제한현황은 공시서류작성기준일임.\n[SK텔레시스]\n(작성기준일 :\xa0\n2021년 12월 31일\n)\n(단위 : 백만원, %)\n채권명\n발행일\n만기일\n발행액\n사채관리계약체결일\n사채관리회사\n제8회 무보증 공모사채\n2021.07.19\n2024.07.19\n\xa0 \xa0 \xa0 \xa0 \xa0 30,000\xa0\n2021.07.12\nSK증권\n(이행현황기준일 :\xa0\n2021년 12월 31일\n)\n재무비율 유지현황\n계약내용\n부채총액 5,000억원이하 유지(별도재무제표 기준)\n이행현황\n최근 보고서상 부채총액 177,736 \xa0(단위: 백만원, 2021.6.30기준)\n담보권설정 제한현황\n계약내용\n지급보증 또는 ""담보권""이 설정되는 채무의 합계액 500억원 이하 유지(별도재무제표 기준)\n이행현황\n최근 보고서상 담보권설정 채무의 합계액 15,000 \xa0(단위: 백만원, 2021.6.30 기준)\n자산처분 제한현황\n계약내용\n자산총액의 100% 이상의 자산 처분 제한(별도재무제표 기준)\n이행현황\n최근 보고서상 자산총계 243,917 \xa0(단위: 백만원, 2021.6.30 기준)\n지배구조변경 제한현황\n계약내용\n상호출자제한 기업집단에서 제외\n이행현황\n이행\n이행상황보고서 제출현황\n이행현황\n2021.08.17\n* 이행현황기준일은 이행현황 판단 시 적용한 회계감사인의 감사의견(확인 및 의견표시)이 표명된 가장 최근의 재무제표의 작성기준일이며, 지배구조변경 제한현황은 공시서류작성기준일입니다.\n* 당사의 최근 3사업년도(2019~2021년) 기간동안, 최대주주의 변동은 없으며, 공시서류 제출일 현재 당사의 최대주주인 SKC(주)가 보유한\xa0지분(율)은\xa0190,799,357주(81.40%)입니다.* 당사는 사채관리계약에 의거 연 2회(사업보고서 및 분기보고서 제출일로부터 30일이내) 이행상황보고서를 제출하고 있습니다.\xa0\n[SK 에코플랜트]\n(작성기준일 :\xa0\n2021년 12월 31일\n)\n(단위 : 백만원, %)\n채권명\n발행일\n만기일\n발행액\n사채관리계약체결일\n사채관리회사\n160회\n2019.10.14\n2022.10.14\n150,000\n2019.09.30\n키움증권㈜\n(이행현황기준일 :\xa0\n2021.06.30\n)\n재무비율 유지현황\n계약내용\n부채비율 990% 이하\n이행현황\n이행(338.36%)\n담보권설정 제한현황\n계약내용\n발행 이후 지급보증 또는 담보권이 설정되는 채무의 합계액이 최근보고서상 자기자본의 700% 이내\n이행현황\n이행(32.53%)\n자산처분 제한현황\n계약내용\n1회계년도에 1회 또는 수회에 걸쳐 자산총계의 90%이내\n이행현황\n이행(8,158백만원)\n지배구조변경 제한현황\n계약내용\n-\n이행현황\n-\n이행상황보고서 제출현황\n이행현황\n2021.09.06\n(작성기준일 :\xa0\n2021년 12월 31일\n)\n(단위 : 백만원, %)\n채권명\n발행일\n만기일\n발행액\n사채관리계약체결일\n사채관리회사\n162-1회\n2020.06.23\n2023.06.23\n100,000\n2020.06.11\nDB금융투자(주)\n(이행현황기준일 :\xa0\n2021.06.30\n)\n재무비율 유지현황\n계약내용\n부채비율 990% 이하\n이행현황\n이행(338.36%)\n담보권설정 제한현황\n계약내용\n발행 이후 지급보증 또는 담보권이 설정되는 채무의 합계액이 최근보고서상 자기자본의 700% 이내\n이행현황\n이행(32.53%)\n자산처분 제한현황\n계약내용\n1회계년도에 1회 또는 수회에 걸쳐 자산총계의 90%이내\n이행현황\n이행(8,158백만원)\n지배구조변경 제한현황\n계약내용\n-\n이행현황\n-\n이행상황보고서 제출현황\n이행현황\n2021.09.06\n(작성기준일 :\xa0\n2021년 12월 31일\n)\n(단위 : 백만원, %)\n채권명\n발행일\n만기일\n발행액\n사채관리계약체결일\n사채관리회사\n162-2회\n2020.06.23\n2023.06.23\n100,000\n2020.06.11\nDB금융투자(주)\n(이행현황기준일 :\xa0\n2021.06.30\n)\n재무비율 유지현황\n계약내용\n부채비율 990% 이하\n이행현황\n이행(338.36%)\n담보권설정 제한현황\n계약내용\n발행 이후 지급보증 또는 담보권이 설정되는 채무의 합계액이 최근보고서상 자기자본의 700% 이내\n이행현황\n이행(32.53%)\n자산처분 제한현황\n계약내용\n1회계년도에 1회 또는 수회에 걸쳐 자산총계의 90%이내\n이행현황\n이행(8,158백만원)\n지배구조변경 제한현황\n계약내용\n-\n이행현황\n-\n이행상황보고서 제출현황\n이행현황\n2021.09.06\n(작성기준일 :\xa0\n2021년 12월 31일\n)\n(단위 : 백만원, %)\n채권명\n발행일\n만기일\n발행액\n사채관리계약체결일\n사채관리회사\n165회\n2020.11.27\n2023.11.27\n150,000\n2020.11.17\n현대차증권(주)\n(이행현황기준일 :\xa0\n2021.06.30\n)\n재무비율 유지현황\n계약내용\n부채비율 990% 이하\n이행현황\n이행(338.36%)\n담보권설정 제한현황\n계약내용\n발행 이후 지급보증 또는 담보권이 설정되는 채무의 합계액이 최근보고서상 자기자본의 700% 이내\n이행현황\n이행(32.53%)\n자산처분 제한현황\n계약내용\n1회계년도에 1회 또는 수회에 걸쳐 자산총계의 90%이내\n이행현황\n이행(8,158백만원)\n지배구조변경 제한현황\n계약내용\n-\n이행현황\n-\n이행상황보고서 제출현황\n이행현황\n2021.09.06\n(작성기준일 :\xa0\n2021년 12월 31일\n)\n(단위 : 백만원, %)\n채권명\n발행일\n만기일\n발행액\n사채관리계약체결일\n사채관리회사\n166회\n2021.02.26\n2024.02.26\n300,000\n2021.02.16\n유진투자증권(주)\n(이행현황기준일 :\xa0\n2021.06.30\n)\n재무비율 유지현황\n계약내용\n부채비율 990% 이하\n이행현황\n이행(338.36%)\n담보권설정 제한현황\n계약내용\n발행 이후 지급보증 또는 담보권이 설정되는 채무의 합계액이 최근보고서상 자기자본의 700% 이내\n이행현황\n이행(32.53%)\n자산처분 제한현황\n계약내용\n1회계년도에 1회 또는 수회에 걸쳐 자산총계의 90%이내\n이행현황\n이행(8,158백만원)\n지배구조변경 제한현황\n계약내용\n-\n이행현황\n-\n이행상황보고서 제출현황\n이행현황\n2021.09.06\n(작성기준일 :\xa0\n2021년 12월 31일\n)\n(단위 : 백만원, %)\n채권명\n발행일\n만기일\n발행액\n사채관리계약체결일\n사채관리회사\n168-1회\n2021.07.29\n2023.07.28\n100,000\n2021.07.19\n유진투자증권(주)\n(이행현황기준일 :\xa0\n-\n)\n재무비율 유지현황\n계약내용\n부채비율 990% 이하\n이행현황\n-\n담보권설정 제한현황\n계약내용\n발행 이후 지급보증 또는 담보권이 설정되는 채무의 합계액이 최근보고서상 자기자본의 700% 이내\n이행현황\n-\n자산처분 제한현황\n계약내용\n1회계년도에 1회 또는 수회에 걸쳐 자산총계의 90%이내\n이행현황\n-\n지배구조변경 제한현황\n계약내용\n-\n이행현황\n-\n이행상황보고서 제출현황\n이행현황\n-\n(작성기준일 :\xa0\n2021년 12월 31일\n)\n(단위 : 백만원, %)\n채권명\n발행일\n만기일\n발행액\n사채관리계약체결일\n사채관리회사\n168-2회\n2021.07.29\n2024.07.29\n200,000\n2021.07.19\n유진투자증권(주)\n(이행현황기준일 :\xa0\n-\n)\n재무비율 유지현황\n계약내용\n부채비율 990% 이하\n이행현황\n-\n담보권설정 제한현황\n계약내용\n발행 이후 지급보증 또는 담보권이 설정되는 채무의 합계액이 최근보고서상 자기자본의 700% 이내\n이행현황\n-\n자산처분 제한현황\n계약내용\n1회계년도에 1회 또는 수회에 걸쳐 자산총계의 90%이내\n이행현황\n-\n지배구조변경 제한현황\n계약내용\n-\n이행현황\n-\n이행상황보고서 제출현황\n이행현황\n-\n* 상기 사채관리계약 주요내용 및 충족여부 등과 관련하여 이행현황기준일은 이행현황 판단 시 적용한 회계감사인의 감사의견(확인 및 의견표시)이 표명된 가장 최근의 재무제표의 작성기준일이며, 지배구조변경 제한현황은 공시서류작성기준일임.* 당사는 사채관리계약 이행상황 보고서를 연2회(사업보고서 및 반기보고서 제출일로부터 30일 이내) 사채관리기관에 제출하고 있음.\n[SK E&S]\n(기준일 :\xa0\n2021년 12월 31일\n)\n(단위 :\xa0억원)\n사명\n에스케이이엔에스㈜\n채권명\n제12-3회\n제13-1회\n제13-2회\n제13-3회\n발행일\n2016-08-29\n2017-04-12\n2017-04-12\n2017-04-12\n만기일\n2023-08-29\n2022-04-12\n2024-04-12\n2027-04-12\n발행액\n1,000\n1,500\n500\n500\n사채관리 계약체결일\n2016-08-17\n2017-03-31\n2017-03-31\n2017-03-31\n사채관리회사\n한국증권금융㈜\n한국증권금융㈜\n한국증권금융㈜\n한국증권금융㈜\n이행현황 기준일\n2021-12-31\n2021-12-31\n2021-12-31\n2021-12-31\n재무비율 유지현황\n계약내용\n부채비율 400%\n부채비율 400%\n부채비율 400%\n부채비율 400%\n이행현황\n이행(68%)\n이행(68%)\n이행(68%)\n이행(68%)\n담보권설정 제한현황\n계약내용\n자기자본의 300%\n자기자본의 300%\n자기자본의 300%\n자기자본의 300%\n이행현황\n이행(90%)\n이행(90%)\n이행(90%)\n이행(90%)\n자산처분 제한현황\n계약내용\n자기자본의 200%\n자기자본의 200%\n자기자본의 200%\n자기자본의 200%\n이행현황\n이행(1%)\n이행(1%)\n이행(1%)\n이행(1%)\n지배구조변경 제한현황\n계약내용\n-\n-\n-\n-\n이행현황\n-\n-\n-\n-\n이행상황보고서 제출현황\n이행현황\n2021-08-30\n2021-08-30\n2021-08-30\n2021-08-30\n(기준일 :\xa0\n2021년 12월 31일\n)\n(단위 :\xa0억원)\n사명\n에스케이이엔에스㈜\n채권명\n제14-1회\n제14-2회\n제14-3회\n제14-4회\n발행일\n2020-01-30\n2020-01-30\n2020-01-30\n2020-01-30\n만기일\n2023-01-30\n2025-01-30\n2027-01-30\n2030-01-30\n발행액\n800\n1,100\n800\n1,100\n사채관리 계약체결일\n2020-01-16\n2020-01-16\n2020-01-16\n2020-01-16\n사채관리회사\n한국증권금융㈜\n한국증권금융㈜\n한국증권금융㈜\n한국증권금융㈜\n이행현황 기준일\n2021-12-31\n2021-12-31\n2021-12-31\n2021-12-31\n재무비율 유지현황\n계약내용\n부채비율 400%\n부채비율 400%\n부채비율 400%\n부채비율 400%\n이행현황\n이행(68%)\n이행(68%)\n이행(68%)\n이행(68%)\n담보권설정 제한현황\n계약내용\n자기자본의 300%\n자기자본의 300%\n자기자본의 300%\n자기자본의 300%\n이행현황\n이행(90%)\n이행(90%)\n이행(90%)\n이행(90%)\n자산처분 제한현황\n계약내용\n자기자본의 200%\n자기자본의 200%\n자기자본의 200%\n자기자본의 200%\n이행현황\n이행(1%)\n이행(1%)\n이행(1%)\n이행(1%)\n지배구조변경 제한현황\n계약내용\n상호출자제한기업집단에서 제외\n이행현황\n이행\n이행상황보고서 제출현황\n이행현황\n2021-08-30\n2021-08-30\n2021-08-30\n2021-08-30\n(기준일 :\xa0\n2021년 12월 31일\n)\n(단위 :\xa0억원)\n사명\n에스케이이엔에스㈜\n채권명\n\xa0제 16-1회\xa0\n\xa0제 16-2회\xa0\n\xa0제 16-3회\xa0\n\xa0제 16-4회\xa0\n발행일\n2021-02-17\n2021-02-17\n2021-02-17\n2021-02-17\n만기일\n2024-02-17\n2026-02-17\n2028-02-17\n2031-02-17\n발행액\n1,500\n1,200\n1,200\n1,100\n사채관리 계약체결일\n-\n-\n-\n-\n사채관리회사\n한국예탁결제원\n한국예탁결제원\n한국예탁결제원\n한국예탁결제원\n이행현황 기준일\n2021-12-31\n2021-12-31\n2021-12-31\n2021-12-31\n재무비율 유지현황\n계약내용\n부채비율 400%\n부채비율 400%\n부채비율 400%\n부채비율 400%\n이행현황\n이행(68%)\n이행(68%)\n이행(68%)\n이행(68%)\n담보권설정 제한현황\n계약내용\n자기자본의 300%\n자기자본의 300%\n자기자본의 300%\n자기자본의 300%\n이행현황\n이행(90%)\n이행(90%)\n이행(90%)\n이행(90%)\n자산처분 제한현황\n계약내용\n자기자본의 200%\n자기자본의 200%\n자기자본의 200%\n자기자본의 200%\n이행현황\n이행(1%)\n이행(1%)\n이행(1%)\n이행(1%)\n지배구조변경 제한현황\n계약내용\n상호출자제한기업집단에서 제외\n이행현황\n이행\n이행상황보고서 제출현황\n이행현황\n2021-08-30\n2021-08-30\n2021-08-30\n2021-08-30\n(기준일 :\xa0\n2021년 12월 31일\n)\n(단위 :\xa0억원)\n사명\n파주에너지서비스㈜\n채권명\n제1-1회\n제1-2회\n제1-3회\n제2-1회\n발행일\n2015-03-18\n2015-03-18\n2015-03-18\n2015-09-04\n만기일\n2022-03-18\n2025-03-18\n2027-03-18\n2022-09-04\n발행액\n1,000\n1,900\n600\n500\n사채관리 계약체결일\n2015-03-06\n2015-03-06\n2015-03-06\n2015-08-25\n사채관리회사\n한국증권금융(주)\n한국증권금융(주)\n한국증권금융(주)\n한국증권금융(주)\n이행현황 기준일\n2021-12-31\n2021-12-31\n2021-12-31\n2021-12-31\n재무비율 유지현황\n계약내용\n부채비율 800%\n부채비율 800%\n부채비율 800%\n부채비율 800%\n이행현황\n이행(171%)\n이행(171%)\n이행(171%)\n이행(171%)\n담보권설정 제한현황\n계약내용\n자기자본의 500%\n자기자본의 500%\n자기자본의 500%\n자기자본의 500%\n이행현황\n이행(0%)\n이행(0%)\n이행(0%)\n이행(0%)\n자산처분 제한현황\n계약내용\n자기자본의 200%\n자기자본의 200%\n자기자본의 200%\n자기자본의 200%\n이행현황\n이행(0%)\n이행(0%)\n이행(0%)\n이행(0%)\n지배구조변경 제한현황\n계약내용\n-\n-\n-\n-\n이행현황\n-\n-\n-\n-\n이행상황보고서 제출현황\n이행현황\n2021-09-06\n2021-09-06\n2021-09-06\n2021-09-06\n(기준일 :\xa0\n2021년 12월 31일\n)\n(단위 :\xa0억원)\n사명\n파주에너지서비스㈜\n채권명\n제2-2회\n제2-3회\n제3-2회\n제4-1회\n발행일\n2015-09-04\n2015-09-04\n2018-11-26\n2019-10-23\n만기일\n2025-09-04\n2027-09-04\n2023-11-24\n2024-10-23\n발행액\n500\n500\n700\n500\n사채관리 계약체결일\n2015-08-25\n2015-08-25\n2018-11-14\n2019-10-11\n사채관리회사\n한국증권금융(주)\n한국증권금융(주)\n한국증권금융(주)\n한국증권금융(주)\n이행현황 기준일\n2021-12-31\n2021-12-31\n2021-12-31\n2021-12-31\n재무비율 유지현황\n계약내용\n부채비율 800%\n부채비율 800%\n부채비율 800%\n부채비율 800%\n이행현황\n이행(171%)\n이행(171%)\n이행(171%)\n이행(171%)\n담보권설정 제한현황\n계약내용\n자기자본의 500%\n자기자본의 500%\n자기자본의 500%\n자기자본의 500%\n이행현황\n이행(0%)\n이행(0%)\n이행(0%)\n이행(0%)\n자산처분 제한현황\n계약내용\n자기자본의 200%\n자기자본의 200%\n자기자본의 200%\n자기자본의 200%\n이행현황\n이행(0%)\n이행(0%)\n이행(0%)\n이행(0%)\n지배구조변경 제한현황\n계약내용\n-\n-\n상호출자제한기업집단에서 제외\n이행현황\n-\n-\n이행\n이행상황보고서 제출현황\n이행현황\n2021-09-06\n2021-09-06\n2021-09-06\n2021-09-06\n(기준일 :\xa0\n2021년 12월 31일\n)\n(단위 :\xa0억원)\n사명\n파주에너지서비스㈜\n채권명\n제4-2회\n제5-1회\n제5-2회\n발행일\n2019-10-23\n2021-11-08\n2021-11-08\n만기일\n2026-10-23\n2024-11-08\n2026-11-06\n발행액\n300\n400\n400\n사채관리 계약체결일\n2019-10-11\n2021-10-27\n2021-10-27\n사채관리회사\n한국증권금융(주)\n한국증권금융(주)\n한국증권금융(주)\n이행현황 기준일\n2021-12-31\n2021-12-31\n2021-12-31\n재무비율 유지현황\n계약내용\n부채비율 800%\n부채비율 500%\n부채비율 500%\n이행현황\n이행(171%)\n이행(171%)\n이행(171%)\n담보권설정 제한현황\n계약내용\n자기자본의 500%\n자기자본의 400%\n자기자본의 400%\n이행현황\n이행(0%)\n이행(0%)\n이행(0%)\n자산처분 제한현황\n계약내용\n자기자본의 200%\n자기자본의 200%\n자기자본의 200%\n이행현황\n이행(0%)\n이행(0%)\n이행(0%)\n지배구조변경 제한현황\n계약내용\n상호출자제한기업집단에서 제외\n이행현황\n이행\n이행상황보고서 제출현황\n이행현황\n2021-09-06\n-\n-\n(기준일 :\xa0\n2021년 12월 31일\n)\n(단위 :\xa0억원)\n사명\n나래에너지서비스㈜ (舊 위례에너지서비스㈜)\n채권명\n제1-1회\n제1-2회\n제2-2회\n제4회\n발행일\n2014-12-09\n2014-12-09\n2017-10-27\n2020-10-27\n만기일\n2024-12-09\n2026-12-09\n2022-10-27\n2023-10-27\n발행액\n2,000\n500\n100\n1,000\xa0\n사채관리 계약체결일\n2014-11-27\n2014-11-27\n2017-10-17\n2020-10-15\n사채관리회사\n한국예탁결제원\n한국예탁결제원\n이베스트투자증권㈜\n한국예탁결제원\n이행현황 기준일\n2021-12-31\n2021-12-31\n2021-12-31\n2021-12-31\n재무비율 유지현황\n계약내용\n부채비율 1,000%\n부채비율 1,000%\n부채비율 1,000%\n부채비율 800%\n이행현황\n이행(178%)\n이행(178%)\n이행(178%)\n이행(178%)\n담보권설정 제한현황\n계약내용\n자기자본의500%\n자기자본의500%\n자기자본의500%\n자기자본의400%\n이행현황\n이행(0%)\n이행(0%)\n이행(0%)\n이행(0%)\n자산처분 제한현황\n계약내용\n자기자본의200%\n자기자본의200%\n자기자본의200%\n자산총계의70%\n이행현황\n이행(0%)\n이행(0%)\n이행(0%)\n이행(0%)\n지배구조변경 제한현황\n계약내용\n-\n-\n상호출자제한기업집단에서 제외\n이행현황\n-\n-\n이행\n2021-09-06\n2021-09-06\n2021-09-06\n이행상황보고서 제출현황\n이행현황\n2021-09-06\n2021-09-06\n2021-09-06\n2021-09-06\n(기준일 :\xa0\n2021년 12월 31일\n)\n(단위 :\xa0억원)\n사명\n여주에너지서비스㈜\n채권명\n제1-1회\n제1-2회\n발행일\n2020-08-27\n2020-08-27\n만기일\n2025-08-27\n2030-08-27\n발행액\n1,300\xa0\n700\n사채관리 계약체결일\n2020-08-14\n2020-08-14\n사채관리회사\n한국예탁결제원\n한국예탁결제원\n이행현황 기준일\n2021-12-31\n2021-12-31\n재무비율 유지현황\n계약내용\n부채비율 400%\n부채비율 400%\n이행현황\n이행(117%)\n이행(117%)\n담보권설정 제한현황\n계약내용\n자기자본의 400%\n자기자본의 400%\n이행현황\n이행(0%)\n이행(0%)\n자산처분 제한현황\n계약내용\n자산총계의 70%\n자산총계의 70%\n이행현황\n이행(0%)\n이행(0%)\n지배구조변경 제한현황\n계약내용\n상호출자제한기업집단에서 제외\n이행현황\n이행\n이행상황보고서 제출현황\n이행현황\n2021-09-02\n2021-09-02\n[SK실트론]\n(작성기준일 :\xa0\n2021년 12월 31일\n)\n(단위 : 백만원, %)\n채권명\n발행일\n만기일\n발행액\n사채관리계약체결일\n사채관리회사\nSK실트론㈜ 제44-1회 무보증사채\n2019.02.18\n2022.02.18\n200,000\n2019.02.01\n한국예탁결제원\nSK실트론㈜ 제44-2회 무보증사채\n2019.02.18\n2024.02.18\n120,000\n2019.02.01\n한국예탁결제원\n(이행현황기준일 :\xa0\n2021년 12월 31일\n)\n재무비율 유지현황\n계약내용\n부채비율 500% 이하 (연결기준)\n이행현황\n이행 (180%)\n담보권설정 제한현황\n계약내용\n자기자본의 500% 이하 (연결기준)\n이행현황\n이행 (15%)\n자산처분 제한현황\n계약내용\n총액 2조원 이상 자산의 매매, 양도, 임대, 기타 처분 제한 (연결기준)\n이행현황\n이행 (3,365백만원)\n지배구조변경 제한현황\n계약내용\n상호출자제한기업집단에서 제외되는 지배구조의 변경 제한\n이행현황\n이행\n이행상황보고서 제출현황\n이행현황\n2021년 9월 15일 제출\n* 이행현황기준일은 이행현황 판단 시 적용한 회계감사인의 감사의견(확인 및 의견표시)이 표명된 가장 최근의 재무제표의 작성기준일이며, 지배구조변경 제한현황은 공시서류작성기준일임.\n(작성기준일 :\xa0\n2021년 12월 31일\n)\n(단위 : 백만원, %)\n채권명\n발행일\n만기일\n발행액\n사채관리계약체결일\n사채관리회사\nSK실트론㈜ 제45-1회 무보증사채\n2019.10.29\n2022.10.28\n140,000\n2019.10.17\n한국예탁결제원\nSK실트론㈜ 제45-2회 무보증사채\n2019.10.29\n2024.10.29\n120,000\n2019.10.17\n한국예탁결제원\n(이행현황기준일 :\xa0\n2021년 12월 31일\n)\n재무비율 유지현황\n계약내용\n부채비율 500% 이하 (연결기준)\n이행현황\n이행 (180%)\n담보권설정 제한현황\n계약내용\n자기자본의 500% 이하 (연결기준)\n이행현황\n이행 (15%)\n자산처분 제한현황\n계약내용\n총액 2조원 이상 자산의 매매, 양도, 임대, 기타 처분 제한 (연결기준)\n이행현황\n이행 (3,365백만원)\n지배구조변경 제한현황\n계약내용\n상호출자제한기업집단에서 제외되는 지배구조의 변경 제한\n이행현황\n이행\n이행상황보고서 제출현황\n이행현황\n2021년 9월 15일 제출\n* 이행현황기준일은 이행현황 판단 시 적용한 회계감사인의 감사의견(확인 및 의견표시)이 표명된 가장 최근의 재무제표의 작성기준일이며, 지배구조변경 제한현황은 공시서류작성기준일임.\n(작성기준일 :\xa0\n2021년 12월 31일\n)\n(단위 : 백만원, %)\n채권명\n발행일\n만기일\n발행액\n사채관리계약체결일\n사채관리회사\nSK실트론㈜ 제46-1회 무보증사채\n2020.10.26\n2023.10.26\n171,000\n2020.10.14\n한국예탁결제원\nSK실트론㈜ 제46-2회 무보증사채\n2020.10.26\n2025.10.26\n28,000\n2020.10.14\n한국예탁결제원\n(이행현황기준일 :\xa0\n2021년 12월 31일\n)\n재무비율 유지현황\n계약내용\n부채비율 500% 이하 (연결기준)\n이행현황\n이행 (180%)\n담보권설정 제한현황\n계약내용\n자기자본의 500% 이하 (연결기준)\n이행현황\n이행 (15%)\n자산처분 제한현황\n계약내용\n총액 2조원 이상 자산의 매매, 양도, 임대, 기타 처분 제한 (연결기준)\n이행현황\n이행 (3,365백만원)\n지배구조변경 제한현황\n계약내용\n상호출자제한기업집단에서 제외되는 지배구조의 변경 제한\n이행현황\n이행\n이행상황보고서 제출현황\n이행현황\n2021년 9월 15일 제출\n* 이행현황기준일은 이행현황 판단 시 적용한 회계감사인의 감사의견(확인 및 의견표시)이 표명된 가장 최근의 재무제표의 작성기준일이며, 지배구조변경 제한현황은 공시서류작성기준일임\n[SK머티리얼즈]\n(작성기준일 :\xa0\n2021년 12월 31일\n)\n(단위 : 백만원, %)\n채권명\n발행일\n만기일\n발행액\n사채관리계약체결일\n사채관리회사\n1회 무보증사채\r\n2018.03.02\n2023.03.02\n30,000\n2018.02.14\n한국증권금융\n(이행현황기준일 :\xa0\n2021년 12월 31일\n)\n재무비율 유지현황\n계약내용\n별도 부채비율 400% 이하\n이행현황\n219%\n담보권설정 제한현황\n계약내용\n별도 자기자본 300% 미만\n이행현황\n54%\n자산처분 제한현황\n계약내용\n별도 자산총액의 80% 이내\n이행현황\n0.00%\n지배구조변경 제한현황\n계약내용\n상호출자제한기업집단에서 제외되는경우 상환청구권 부여\n이행현황\n지배구조변경 없음\n이행상황보고서 제출현황\n이행현황\n2021.09.02\n주) 2021.12.01 물적분할 및 SK(주)와의 합병을 통해 기존 18-2회 회사채의 종목명이 1회로 변경됨\n(작성기준일 :\xa0\n2021년 12월 31일\n)\n(단위 : 백만원, %)\n채권명\n발행일\n만기일\n발행액\n사채관리계약체결일\n사채관리회사\n2회 무보증사채\r\n2019.04.26\n2022.04.26\n100,000\n2019.04.16\n한국증권금융\n(이행현황기준일 :\xa0\n2021년 12월 31일\n)\n재무비율 유지현황\n계약내용\n별도 부채비율 400% 이하\n이행현황\n219%\n담보권설정 제한현황\n계약내용\n별도 자기자본 300% 미만\n이행현황\n54%\n자산처분 제한현황\n계약내용\n별도 자산총액의 80% 이내\n이행현황\n0.00%\n지배구조변경 제한현황\n계약내용\n상호출자제한기업집단에서 제외되는경우 상환청구권 부여\n이행현황\n지배구조변경 없음\n이행상황보고서 제출현황\n이행현황\n2021.09.02\n주) 2021.12.01 물적분할 및 SK(주)와의 합병을 통해 기존 19-1회 회사채의 종목명이 2회로 변경됨\n(작성기준일 :\xa0\n2021년 12월 31일\n)\n(단위 : 백만원, %)\n채권명\n발행일\n만기일\n발행액\n사채관리계약체결일\n사채관리회사\n3회 무보증사채\r\n2020.07.03\n2025.07.03\n30,000\n2020.06.23\n한국증권금융\n(이행현황기준일 :\xa0\n2021년 12월 31일\n)\n재무비율 유지현황\n계약내용\n별도 부채비율 400% 이하\n이행현황\n219%\n담보권설정 제한현황\n계약내용\n별도 자기자본 300% 미만\n이행현황\n54%\n자산처분 제한현황\n계약내용\n별도 자산총액의 80% 이내\n이행현황\n0.00%\n지배구조변경 제한현황\n계약내용\n상호출자제한기업집단에서 제외되는경우 상환청구권 부여\n이행현황\n지배구조변경 없음\n이행상황보고서 제출현황\n이행현황\n2021.09.02\n주) 2021.12.01 물적분할 및 SK(주)와의 합병을 통해 기존 20-2회 회사채의 종목명이 3회로 변경됨\n(작성기준일 :\xa0\n2021년 12월 31일\n)\n(단위 : 백만원, %)\n채권명\n발행일\n만기일\n발행액\n사채관리계약체결일\n사채관리회사\n4-1회 무보증사채\n2021.02.25\n2024.02.23\n230,000\n2021.02.15\n한국증권금융\n(이행현황기준일 :\xa0\n2021년 12월 31일\n)\n재무비율 유지현황\n계약내용\n별도 부채비율 400% 이하\n이행현황\n219%\n담보권설정 제한현황\n계약내용\n별도 자기자본 300% 미만\n이행현황\n54%\n자산처분 제한현황\n계약내용\n별도 자산총액의 80% 이내\n이행현황\n0.00%\n지배구조변경 제한현황\n계약내용\n상호출자제한기업집단에서 제외되는경우 상환청구권 부여\n이행현황\n지배구조변경 없음\n이행상황보고서 제출현황\n이행현황\n2021.09.02\n주) 2021.12.01 물적분할 및 SK(주)와의 합병을 통해 기존 21-1회 회사채의 종목명이 4-1회로 변경됨\n(작성기준일 :\xa0\n2021년 12월 31일\n)\n(단위 : 백만원, %)\n채권명\n발행일\n만기일\n발행액\n사채관리계약체결일\n사채관리회사\n4-2회 무보증사채\n2021.02.25\n2026.02.23\n70,000\n2021.02.15\n한국증권금융\n(이행현황기준일 :\xa0\n2021년 12월 31일\n)\n재무비율 유지현황\n계약내용\n별도 부채비율 400% 이하\n이행현황\n219%\n담보권설정 제한현황\n계약내용\n별도 자기자본 300% 미만\n이행현황\n54%\n자산처분 제한현황\n계약내용\n별도 자산총액의 80% 이내\n이행현황\n0.00%\n지배구조변경 제한현황\n계약내용\n상호출자제한기업집단에서 제외되는경우 상환청구권 부여\n이행현황\n지배구조변경 없음\n이행상황보고서 제출현황\n이행현황\n2021.09.02\n주) 2021.12.01 물적분할 및 SK(주)와의 합병을 통해 기존 21-2 회사채의 종목명이 4-2회로 변경됨\n(4) 자본으로 인정되는 미상환 채무증권\n연결실체는 신종자본증권을 발행하였으며, 그 내역은 다음과 같습니다.\xa0\n(단위: 백만원)\n발행부문\n구 \xa0분\n발행일\n만기일(주1)\n이자율(%)(주2)\n당기말\n전기말\nSK이노베이션 계열\n제1회 사모 채권형 신종자본증권\n2019.03.15\n2049.03.15\n4.20\n600,000\xa0\n600,000\xa0\nSK텔레콤 계열\n제2-1회 사모 채권형 신종자본증권\n2018.06.07\n2078.06.07\n3.70\n300,000\xa0\n300,000\xa0\nSK텔레콤 계열\n제2-2회 사모 채권형 신종자본증권\n2018.06.07\n2078.06.07\n3.65\n100,000\xa0\n100,000\xa0\nSK E&S 계열\n제2회 원화신종자본증권\n2019.10.11\n2049.10.11\n3.30\n330,000\xa0\n330,000\xa0\nSK E&S 계열\n제3회 원화신종자본증권\n2020.07.14\n2050.07.14\n3.60\n400,000\xa0\n400,000\xa0\n(주1)\n발행회사의 선택에 따라 발행일로부터 일정기간이 경과한 이후 중도상환을 할 수 있고, 만기 시점을 연장할 수 있습니다.\n(주2)\n계약에 따라 발행일로부터 일정기간 경과 후 이자율이 변동됩니다.\n[SK인천석유화학(주)]\n발행회차\n제1회 사모 채권형 신종자본증권\xa0\n발행일\n\xa02019년 03월 15일\n발행금액\n\xa0600,000 백만원\n발행목적\n\xa0상환목적\n발행방법\n\xa0사모\n상장여부\n\xa0비상장\n미상환잔액\n\xa0600,000백만원\n자본인정에관한 사항\n회계처리 근거\n만기시점 발행사의 의사결정에 따라 만기연장이 가능하며,일정 요건 충족 시 이자 지급 연기 가능 등 원금과 이자의 지급을 회피할 수 있는 무조건적인 권리가 있어 회계상 자본으로 인정\n신용평가기관의 자본인정비율 등\n국내신용평가기관은 현재 당사가 발행한 신종자본증권의 일부를 자본으로 인정하고 있음\n미지급 누적이자\n-\n만기 및 조기상환 가능일\n만기일 : 2049년 3월 15일\n조기상환 가능일: 발행일로부터 5년째 되는 날(2024년 3월 15일) 또는 그 이후의 각 이자지급일\n발행금리\n4.200%\n※ Step-up 조항\n- 발행 후 5년~30년 : 재설정일 2영업일 전 개별민평금리 \xa0(5Y)+1.934%+1.5%\xa0\n\xa0 (최초 재설정일은 2024.03.15이며, 이후 매년 재설정)\n우선순위\n회사의 청산절차 에서 잔여재산분배에 관한 우선주식과 동순위이고, 회사의 보통주식보다 선순위이며, 기타 회사의 기존 우선주식과 동순위임이 명시된 채무를 제외한 나머지 채무들에 대하여는 후순위\n부채분류 시 재무구조에 미치는 영향\n부채비율 상승(당기말 기준 부채비율 217.9%에서 399.0%로상승)\n기타 중요한 발행조건 등\n-\n[SK텔레콤]\n발행회차\n제2-1회\xa0\n제2-2회\xa0\n발행일\n2018년 06월 07일\n2018년 06월 07일\n발행금액\n300,000백만원\n100,000백만원\n발행목적\n운영자금 사용\n발행방법\n사모\n상장여부\n비상장\n미상환잔액\n300,000백만원\n100,000백만원\n자본인정에관한 사항\n회계처리 근거\n만기시점 발행사의 의사결정에 따라 만기연장이 가능,일정 요건 충족 시 이자 지급 연기 가능 등 원금과 이자의 지급을 회피할 수 있는 무조건적인 권리가 있어 회계상 자본으로 인정\n신용평가기관의자본인정비율 등\n해외신용평가기관과 국내신용평가기관은 현재 당사가 발행한 신종자본증권의 일부를 자본으로 인정하고 있음\n미지급 누적이자\n-\n만기 및 조기상환 가능일\n만기일 : 2078년 6월 7일조기상환 가능일: 특이사항이 발생하지 않는 경우 발행일 5년 후인 2023년 6월 7일 이후부터 조기상환 가능\n발행금리\n3.704%\n3.654%\n※ Step-up 조항: 발행 후 10년 경과시점에 0.25% 가산, 25년 경과시점에 0.75% 가산적용(누적 1.00% 가산)\n우선순위\n후순위(청산 시 우선주와 동 순위)\n부채분류 시 재무구조에미치는 영향\n부채비율 상승\xa0\n기타 중요한 발행조건 등\n-\n[SK E&S]\n발행회차\n2회차\n3회차\n발행일\n2019년 10월 11일\n2020년 7월 14일\n발행금액\n330,000,000,000원\n400,000,000,000원\n발행목적\n재원조달 등\n발행방법\n국내사모\n상장여부\n비상장\n미상환잔액\n330,000,000,000원\n400,000,000,000원\n자본인정에 관한 사항\n회계처리 근거\n만기시점 발행사의 의사결정에 따라 만기연장이 가능, 일정 요건(보통주에 대한 배당금 미지급 등) 충족 시 이자 지급 연기 가능 등 원금과 이자의 지급을 회피할 수 있는 무조건적인 권리가 있어 회계상 자본으로 인정\n신용평가기관의 자본인정비율 등\n해외신용평가기관과 국내신용평가기관은 현재 당사가 발행한 신종자본증권의 50~100%를 자본으로 인정하고 있음\n미지급 누적이자\n-\n만기 및 조기상환 가능일\n만기일: 2049년 10월 11일 (자동연장)\n만기일: 2050년 7월 14일 (자동연장)\n특이사항이 발생하지 않는 경우 발행일 5년 후인 2024년 10월 11일 이후부터 조기상환 가능\n특이사항이 발생하지 않는 경우 발행일 5년 후인 2025년 7월 14일 이후부터 조기상환 가능\n발행금리\n3.300%\n3.600%\nStep-up조항: 발행 후 10년 경과시점에 0.25% 가산, 25년 경과시점에 0.75% 가산적용 (누적 1.00% 가산)\n우선순위\n후순위(청산시 우선주와 동순위)\n부채분류 시재무구조에 미치는 영향\n부채비율 상승(2021년 09월 30일 연결기준 부채비율\xa0204%에서 268%로 상승)\n기타 중요한 발행조건 등\n-\n7-2. 증권의 발행을 통해 조달된 자금의 사용실적\n가. 공모자금의 사용내역\n(기준일 :\xa0\n2021년 12월 31일\n)\n(단위 : 백만원)\n구 분\n회차\n납입일\n증권신고서 등의 자금사용 계획\n실제 자금사용 내역\n차이발생 사유 등\n사용용도\n조달금액\n내용\n금액\n회사채\n287-1회\n2019.02.27\n차환자금\n150,000\n차환자금\n150,000\n-\n회사채\n287-2회\n2019.02.27\n차환자금\n70,000\n차환자금\n70,000\n-\n회사채\n287-3회\n2019.02.27\n운영자금\n50,000\n운영자금\n50,000\n-\n회사채\n287-3회\n2019.02.27\n차환자금\n30,000\n차환자금\n30,000\n-\n회사채\n288-1회\n2019.06.04\n차환자금\n170,000\n차환자금\n170,000\n-\n회사채\n288-2회\n2019.06.04\n차환자금\n60,000\n차환자금\n60,000\n-\n회사채\n288-3회\n2019.06.04\n운영자금\n10,000\n운영자금\n10,000\n-\n회사채\n288-3회\n2019.06.04\n차환자금\n100,000\n차환자금\n100,000\n-\n회사채\n289-1회\n2019.09.20\n운영자금\n10,000\n운영자금\n10,000\n-\n회사채\n289-1회\n2019.09.20\n차환자금\n120,000\n차환자금\n120,000\n-\n회사채\n289-2회\n2019.09.20\n운영자금\n90,000\n운영자금\n90,000\n-\n회사채\n289-2회\n2019.09.20\n차환자금\n30,000\n차환자금\n30,000\n-\n회사채\n289-3회\n2019.09.20\n운영자금\n70,000\n운영자금\n70,000\n-\n회사채\n290-1회\n2019.11.28\n운영자금\n10,000\n운영자금\n10,000\n-\n회사채\n290-1회\n2019.11.28\n차환자금\n70,000\n차환자금\n70,000\n-\n회사채\n290-2회\n2019.11.28\n운영자금\n60,000\n운영자금\n60,000\n-\n회사채\n290-2회\n2019.11.28\n차환자금\n30,000\n차환자금\n30,000\n-\n회사채\n290-3회\n2019.11.28\n운영자금\n70,000\n운영자금\n70,000\n-\n회사채\n291-1회\n2020.02.20\n차환자금\n70,000\n차환자금\n70,000\n-\n회사채\n291-2회\n2020.02.20\n차환자금\n160,000\n차환자금\n160,000\n-\n회사채\n291-3회\n2020.02.20\n차환자금\n40,000\n차환자금\n40,000\n-\n회사채\n291-4회\n2020.02.20\n차환자금\n60,000\n차환자금\n60,000\n-\n회사채\n292-1회\n2020.06.03\n차환자금\n110,000\n차환자금\n110,000\n-\n회사채\n292-2회\n2020.06.03\n차환자금\n120,000\n차환자금\n120,000\n-\n회사채\n292-3회\n2020.06.03\n차환자금\n50,000\n차환자금\n50,000\n-\n회사채\n293-1회\n2020.09.07\n차환자금\n200,000\n차환자금\n200,000\n-\n회사채\n293-2회\n2020.09.07\n차환자금\n30,000\n차환자금\n30,000\n-\n회사채\n293-3회\n2020.09.07\n차환자금\n120,000\n차환자금\n120,000\n-\n회사채\n294-1회\n2020.12.03\n차환자금\n150,000\n차환자금\n150,000\n-\n회사채\n294-2회\n2020.12.03\n차환자금\n90,000\n차환자금\n90,000\n-\n회사채\n295-1회\n2021.02.24\n차환자금\n60,000\n차환자금\n60,000\n-\n회사채\n295-2회\n2021.02.24\n차환자금\n150,000\n차환자금\n150,000\n-\n회사채\n295-3회\n2021.02.24\n차환자금\n30,000\n차환자금\n30,000\n-\n회사채\n295-4회\n2021.02.24\n차환자금\n80,000\n차환자금\n80,000\n-\n회사채\n296-1회\n2021.06.04\n차환자금\n40,000\n차환자금\n40,000\n-\n회사채\n296-2회\n2021.06.04\n차환자금\n220,000\n차환자금\n220,000\n-\n회사채\n296-3회\n2021.06.04\n차환자금\n70,000\n차환자금\n70,000\n-\n회사채\n297-1회\n2021.09.13\n차환자금\n100,000\n차환자금\n100,000\n-\n회사채\n297-2회\n2021.09.13\n차환자금\n200,000\n차환자금\n200,000\n-\n회사채\n297-3회\n2021.09.13\n차환자금\n60,000\n차환자금\n60,000\n-\n회사채\n298-1회\n2021.11.05\n차환자금\n50,000\n차환자금\n50,000\n-\n회사채\n298-2회\n2021.11.05\n차환자금\n100,000\n차환자금\n100,000\n-\n회사채\n298-3회\n2021.11.05\n차환자금\n40,000\n차환자금\n40,000\n-\n회사채\n299회\n2017.04.10\n시설자금\n50,000\n시설자금\n50,000\n-\n회사채\n300회\n2019.04.26\n차환자금\n50,000\n차환자금\n50,000\n-\n회사채\n301회\n2020.07.03\n차환자금\n85,000\n차환자금\n85,000\n-\n나. 사모자금의 사용내역\n(기준일 :\xa0\n2021년 12월 31일\n)\n(단위 : 백만원)\n구 분\n회차\n납입일\n주요사항보고서의 자금사용 계획\n실제 자금사용 내역\n차이발생 사유 등\n사용용도\n조달금액\n내용\n금액\n기업어음증권\n1\n2019.01.28\n차환자금\n300,000\n차환자금\n300,000\n-\n기업어음증권\n2\n2019.02.28\n차환자금\n300,000\n차환자금\n300,000\n-\n기업어음증권\n3\n2019.03.21\n차환자금\n200,000\n차환자금\n200,000\n-\n기업어음증권\n4\n2019.05.28\n차환자금\n300,000\n차환자금\n300,000\n-\n기업어음증권\n5\n2019.06.19\n차환자금\n200,000\n차환자금\n200,000\n-\n기업어음증권\n6\n2019.06.27\n차환자금\n100,000\n차환자금\n100,000\n-\n기업어음증권\n7\n2019.07.29\n차환자금\n200,000\n차환자금\n200,000\n-\n기업어음증권\n8\n2019.09.18\n차환자금\n200,000\n차환자금\n200,000\n-\n기업어음증권\n9\n2019.09.26\n차환자금\n100,000\n차환자금\n100,000\n-\n기업어음증권\n10\n2019.10.21\n차환자금\n100,000\n차환자금\n100,000\n-\n기업어음증권\n11\n2019.10.29\n차환자금\n100,000\n차환자금\n100,000\n-\n기업어음증권\n12\n2019.11.13\n차환자금\n100,000\n차환자금\n100,000\n-\n기업어음증권\n13\n2019.11.21\n차환자금\n200,000\n차환자금\n200,000\n-\n기업어음증권\n14\n2019.12.18\n차환자금\n200,000\n차환자금\n200,000\n-\n기업어음증권\n15\n2019.12.26\n차환자금\n90,000\n차환자금\n90,000\n-\n기업어음증권\n16\n2020.01.21\n차환자금\n110,000\n차환자금\n110,000\n-\n기업어음증권\n17\n2020.01.29\n차환자금\n100,000\n차환자금\n100,000\n-\n기업어음증권\n18\n2020.02.06\n차환자금\n150,000\n차환자금\n150,000\n-\n기업어음증권\n19\n2020.02.13\n차환자금\n100,000\n차환자금\n100,000\n-\n기업어음증권\n20\n2020.02.20\n차환자금\n200,000\n차환자금\n200,000\n-\n기업어음증권\n21\n2020.03.20\n운영자금\n220,000\n운영자금\n220,000\n-\n기업어음증권\n22\n2020.04.01\n차환자금\n70,000\n차환자금\n70,000\n-\n기업어음증권\n23\n2020.04.09\n차환자금\n30,000\n차환자금\n30,000\n-\n기업어음증권\n24\n2020.04.20\n차환자금\n10,000\n차환자금\n10,000\n-\n기업어음증권\n25\n2020.04.21\n차환자금\n110,000\n차환자금\n110,000\n-\n기업어음증권\n26\n2020.04.29\n차환자금\n100,000\n차환자금\n100,000\n-\n기업어음증권\n27\n2020.05.07\n차환자금\n160,000\n차환자금\n160,000\n-\n기업어음증권\n28\n2020.05.13\n차환자금\n100,000\n차환자금\n100,000\n-\n기업어음증권\n29\n2020.05.20\n차환자금\n210,000\n차환자금\n210,000\n-\n기업어음증권\n30\n2020.06.29\n차환자금\n60,000\n차환자금\n60,000\n-\n기업어음증권\n31\n2020.07.02\n차환자금\n40,000\n차환자금\n40,000\n-\n기업어음증권\n32\n2020.07.09\n차환자금\n20,000\n차환자금\n20,000\n-\n기업어음증권\n33\n2020.07.21\n차환자금\n90,000\n차환자금\n90,000\n-\n기업어음증권\n34\n2020.07.27\n차환자금\n60,000\n차환자금\n60,000\n-\n기업어음증권\n35\n2020.07.30\n차환자금\n30,000\n차환자금\n30,000\n-\n기업어음증권\n36\n2020.08.07\n차환자금\n220,000\n차환자금\n220,000\n-\n기업어음증권\n37\n2020.08.13\n차환자금\n100,000\n차환자금\n100,000\n-\n기업어음증권\n38\n2020.08.20\n차환자금\n230,000\n차환자금\n230,000\n-\n기업어음증권\n39\n2020.11.20\n차환자금\n50,000\n차환자금\n50,000\n-\n기업어음증권\n40\n2020.12.03\n차환자금\n60,000\n차환자금\n60,000\n-\n기업어음증권\n41\n2020.12.07\n차환자금\n125,000\n차환자금\n125,000\n-\n기업어음증권\n42\n2020.12.17\n차환자금\n60,000\n차환자금\n60,000\n-\n기업어음증권\n43\n2020.12.22\n차환자금\n310,000\n차환자금\n310,000\n-\n기업어음증권\n44\n2021.01.04\n차환자금\n240,000\n차환자금\n240,000\n-\n기업어음증권\n45\n2021.01.11\n차환자금\n110,000\n차환자금\n110,000\n-\n기업어음증권\n46\n2021.01.19\n차환자금\n60,000\n차환자금\n60,000\n-\n기업어음증권\n47\n2021.02.19\n차환자금\n50,000\n차환자금\n50,000\n-\n기업어음증권\n48\n2021.04.06\n차환자금\n100,000\n차환자금\n100,000\n-\n기업어음증권\n49\n2021.04.22\n차환자금\n150,000\n차환자금\n150,000\n-\n기업어음증권\n50\n2021.04.26\n차환자금\n260,000\n차환자금\n260,000\n-\n기업어음증권\n51\n2021.04.30\n차환자금\n180,000\n차환자금\n180,000\n-\n기업어음증권\n52\n2021.05.06\n차환자금\n240,000\n차환자금\n240,000\n-\n기업어음증권\n53\n2021.05.11\n차환자금\n110,000\n차환자금\n110,000\n-\n기업어음증권\n54\n2021.06.07\n차환자금\n100,000\n차환자금\n100,000\n-\n기업어음증권\n55\n2021.06.18\n차환자금\n50,000\n차환자금\n50,000\n-\n기업어음증권\n56\n2021.06.22\n차환자금\n150,000\n차환자금\n150,000\n-\n기업어음증권\n57\n2021.07.19\n차환자금\n110,000\n차환자금\n110,000\n-\n기업어음증권\n58\n2021.07.26\n차환자금\n260,000\n차환자금\n260,000\n-\n기업어음증권\n59\n2021.07.30\n차환자금\n100,000\n차환자금\n100,000\n-\n기업어음증권\n60\n2021.08.06\n차환자금\n240,000\n차환자금\n240,000\n-\n기업어음증권\n61\n2021.08.10\n차환자금\n110,000\n차환자금\n110,000\n-\n기업어음증권\n62\n2021.08.12\n차환자금\n50,000\n차환자금\n50,000\n-\n기업어음증권\n63\n2021.08.17\n차환자금\n40,000\n차환자금\n40,000\n-\n기업어음증권\n64\n2021.08.18\n차환자금\n150,000\n차환자금\n150,000\n-\n기업어음증권\n65\n2021.08.19\n차환자금\n20,000\n차환자금\n20,000\n-\n기업어음증권\n66\n2021.08.23\n차환자금\n30,000\n차환자금\n30,000\n-\n기업어음증권\n67\n2021.08.30\n차환자금\n80,000\n차환자금\n80,000\n-\n기업어음증권\n68\n2021.09.07\n차환자금\n100,000\n차환자금\n100,000\n-\n기업어음증권\n69\n2021.09.28\n차환자금\n200,000\n차환자금\n200,000\n-\n기업어음증권\n70\n2021.10.19\n차환자금\n110,000\n차환자금\n110,000\n-\n기업어음증권\n71\n2021.10.25\n차환자금\n30,000\n차환자금\n30,000\n-\n기업어음증권\n72\n2021.10.26\n차환자금\n140,000\n차환자금\n140,000\n-\n기업어음증권\n73\n2021.10.27\n차환자금\n30,000\n차환자금\n30,000\n-\n기업어음증권\n74\n2021.11.02\n차환자금\n120,000\n차환자금\n120,000\n-\n기업어음증권\n75\n2021.11.04\n차환자금\n30,000\n차환자금\n30,000\n-\n기업어음증권\n76\n2021.11.05\n차환자금\n15,000\n차환자금\n15,000\n-\n기업어음증권\n77\n2021.11.08\n차환자금\n80,000\n차환자금\n80,000\n-\n기업어음증권\n78\n2021.11.09\n차환자금\n140,000\n차환자금\n140,000\n-\n기업어음증권\n79\n2021.11.11\n차환자금\n20,000\n차환자금\n20,000\n-\n기업어음증권\n80\n2021.11.15\n차환자금\n220,000\n차환자금\n220,000\n-\n기업어음증권\n81\n2021.11.17\n주식매수청구\n30,000\n주식매수청구\n30,000\n-\n기업어음증권\n82\n2021.11.17\n주식매수청구\n20,000\n주식매수청구\n20,000\n-\n기업어음증권\n83\n2021.11.17\n주식매수청구\n50,000\n주식매수청구\n50,000\n-\n기업어음증권\n84\n2021.11.19\n주식매수청구\n50,000\n주식매수청구\n50,000\n-\n기업어음증권\n85\n2021.11.19\n주식매수청구\n30,000\n주식매수청구\n30,000\n-\n기업어음증권\n86\n2021.11.22\n주식매수청구\n100,000\n주식매수청구\n100,000\n-\n기업어음증권\n87\n2021.11.22\n주식매수청구\n20,000\n주식매수청구\n20,000\n-\n기업어음증권\n88\n2021.11.23\n주식매수청구\n30,000\n주식매수청구\n30,000\n-\n기업어음증권\n89\n2021.11.23\n주식매수청구\n20,000\n주식매수청구\n20,000\n-\n기업어음증권\n90\n2021.11.23\n주식매수청구\n50,000\n주식매수청구\n50,000\n-\n기업어음증권\n91\n2021.11.24\n주식매수청구\n100,000\n주식매수청구\n100,000\n-\n기업어음증권\n92\n2021.11.24\n주식매수청구\n20,000\n주식매수청구\n20,000\n-\n기업어음증권\n93\n2021.11.29\n차환자금\n150,000\n차환자금\n150,000\n-\n기업어음증권\n94\n2021.12.01\n차환자금\n40,000\n차환자금\n40,000\n-\n기업어음증권\n95\n2021.12.02\n차환자금\n120,000\n차환자금\n120,000\n-\n기업어음증권\n96\n2021.12.14\n차환자금\n80,000\n차환자금\n80,000\n-\n기업어음증권\n97\n2021.12.23\n차환자금\n120,000\n차환자금\n120,000\n-\n']"
