text
"['\n2. 연결재무제표\n연결 재무상태표\n제 37 기 1분기말 2019.03.31 현재\n제 36 기말 \xa0 \xa0 \xa0 \xa0 \xa02018.12.31 현재\n(단위 : 원)\n\u3000\n제 37 기 1분기말\n제 36 기말\n자산\n\u3000\n\u3000\n\u3000유동자산\n753,346,474,406\n240,334,103,921\n\u3000\u3000현금및현금성자산\n362,294,605,089\n34,688,509,192\n\u3000\u3000기타유동금융자산\n1,197,982,957\n\u3000\n\u3000\u3000\u3000당기손익-공정가치측정 금융자산\n1,197,982,957\n\u3000\n\u3000\u3000매출채권 및 기타채권\n217,956,148,344\n161,997,422,789\n\u3000\u3000\u3000금융기관예치금\n20,312,165,754\n95,753,097,637\n\u3000\u3000\u3000매출채권\n224,641,840,748\n85,536,450,080\n\u3000\u3000\u3000(매출채권현재가치할인차금)\n(41,446,319)\n\u3000\n\u3000\u3000\u3000(매출채권손상차손누계액)\n(35,775,624,338)\n(24,608,302,961)\n\u3000\u3000\u3000단기대여금\n1,381,914,000\n\u3000\n\u3000\u3000\u3000(단기대여금손상차손누계액)\n(534,914,000)\n\u3000\n\u3000\u3000\u3000미수금\n75,853,719,513\n65,222,514,897\n\u3000\u3000\u3000(미수금손상차손누계액)\n(72,812,818,906)\n(64,097,328,619)\n\u3000\u3000\u3000미수수익\n5,657,356,538\n4,888,080,830\n\u3000\u3000\u3000(미수수익손상차손누계액)\n(726,235,355)\n(697,286,042)\n\u3000\u3000\u3000단기보증금\n190,709\n196,967\n\u3000\u3000계약자산\n16,027,650\n267,605,100\n\u3000\u3000당기법인세자산\n2,727,408,075\n2,296,763,941\n\u3000\u3000기타유동자산\n119,755,170,545\n14,688,844,563\n\u3000\u3000\u3000선급금\n24,168,399,311\n1,984,752,550\n\u3000\u3000\u3000(선급금손상차손누계액)\n(8,097,589,013)\n(742,731,380)\n\u3000\u3000\u3000선급비용\n97,975,003,369\n9,128,447,925\n\u3000\u3000\u3000선급부가가치세\n1,616,687,146\n833,777,091\n\u3000\u3000\u3000반환재고회수권\n4,092,669,732\n3,484,598,377\n\u3000\u3000유동성금융리스채권\n526,871,347\n474,669,651\n\u3000\u3000\u3000유동성금융리스채권\n618,561,444\n495,699,924\n\u3000\u3000\u3000(유통성금융리스채권현재가치할인차금)\n(91,690,097)\n(21,030,273)\n\u3000\u3000재고자산\n48,872,260,399\n25,920,288,685\n\u3000\u3000\u3000상품\n30,605,626,941\n20,083,880,274\n\u3000\u3000\u3000(상품평가충당금)\n(1,949,108,571)\n(950,300,475)\n\u3000\u3000\u3000제품\n18,023,430,006\n\u3000\n\u3000\u3000\u3000(제품평가충당금)\n(2,640,032,141)\n\u3000\n\u3000\u3000\u3000재공품\n6,748,707,310\n6,721,962,486\n\u3000\u3000\u3000(재공품평가충당금)\n(2,017,782,072)\n\u3000\n\u3000\u3000\u3000원재료\n11,224,987\n11,100,692\n\u3000\u3000\u3000미착재고자산\n31,494,304\n\u3000\n\u3000\u3000\u3000기타재고자산\n58,699,635\n53,645,708\n\u3000비유동자산\n2,089,028,708,935\n273,520,428,285\n\u3000\u3000기타비유동금융자산\n11,464,532,699\n214,459,295\n\u3000\u3000\u3000내재파생상품자산\n10,173,446,745\n\u3000\n\u3000\u3000\u3000당기손익-공정가치측정금융자산-비유동\n723,200,595\n214,459,295\n\u3000\u3000\u3000기타포괄손익-공정가치측정 금융자산-비유동\n567,885,359\n\u3000\n\u3000\u3000장기매출채권 및 기타채권\n40,983,062,688\n5,270,302,134\n\u3000\u3000\u3000장기금융기관예치금\n442,560,587\n426,575,000\n\u3000\u3000\u3000장기매출채권\n2,083,222,725\n\u3000\n\u3000\u3000\u3000(장기매출채권현재가치할인차금)\n(91,332,172)\n\u3000\n\u3000\u3000\u3000(장기매출채권손상차손누계액)\n(22,000,000)\n\u3000\n\u3000\u3000\u3000장기대여금\n2,909,405,388\n127,465,650\n\u3000\u3000\u3000(장기대여금손상차손누계액)\n(596,700,037)\n\u3000\n\u3000\u3000\u3000장기보증금\n36,257,906,197\n4,716,261,484\n\u3000\u3000관계기업주식\n1,761,484,018,656\n129,725,024,263\n\u3000\u3000이연법인세자산\n28,592,133,731\n31,431,703,797\n\u3000\u3000기타비유동자산\n300,397,154\n117,839,566\n\u3000\u3000\u3000장기선급금\n73,670,000\n73,670,000\n\u3000\u3000\u3000장기선급비용\n343,971\n5,492,130\n\u3000\u3000\u3000기타의기타비유동자산\n226,383,183\n38,677,436\n\u3000\u3000금융리스채권\n2,388,806,898\n1,966,425,720\n\u3000\u3000\u3000금융리스채권\n2,572,357,448\n2,179,671,884\n\u3000\u3000\u3000(금융리스채권 현재가치할인차금)\n(183,550,550)\n(213,246,164)\n\u3000\u3000유형자산\n152,564,692,293\n94,759,036,428\n\u3000\u3000\u3000토지\n70,632,708,129\n52,517,357,577\n\u3000\u3000\u3000건물\n71,300,954,698\n25,647,844,424\n\u3000\u3000\u3000(건물감가상각누계액)\n(26,118,474,115)\n(9,294,722,467)\n\u3000\u3000\u3000구축물\n2,587,480,708\n2,587,480,708\n\u3000\u3000\u3000(구축물감가상각누계액)\n(934,585,286)\n(918,413,531)\n\u3000\u3000\u3000기계장치\n8,367,463,048\n8,269,690,157\n\u3000\u3000\u3000(기계장치감가상각누계액)\n(6,238,889,940)\n(6,054,226,218)\n\u3000\u3000\u3000차량운반구\n172,405,869\n152,384,863\n\u3000\u3000\u3000(차량운반구감가상각누계액)\n(66,466,887)\n(37,378,786)\n\u3000\u3000\u3000공기구\n7,737,749,440\n7,717,949,440\n\u3000\u3000\u3000(공기구감가상각누계액)\n(1,132,119,319)\n(823,296,425)\n\u3000\u3000\u3000비품\n84,532,562,482\n17,856,001,611\n\u3000\u3000\u3000(비품감가상각누계액)\n(72,124,930,610)\n(13,886,439,453)\n\u3000\u3000\u3000(비품손상차손누계액)\n(752,840,382)\n(752,840,382)\n\u3000\u3000\u3000금융리스비품\n802,094,504\n802,094,504\n\u3000\u3000\u3000(금융리스비품감가상각누계액)\n(802,090,504)\n(802,090,504)\n\u3000\u3000\u3000렌탈자산\n22,500,287,683\n11,878,042,550\n\u3000\u3000\u3000(렌탈자산감가상각누계액)\n(9,390,786,883)\n(1,180,868,334)\n\u3000\u3000\u3000기타유형자산\n1,476,301,654\n1,405,713,936\n\u3000\u3000\u3000(기타유형자산감가상각누계액)\n(430,717,996)\n(372,527,242)\n\u3000\u3000\u3000건설중인유형자산\n446,586,000\n47,280,000\n\u3000\u3000투자부동산\n3,162,099,423\n\u3000\n\u3000\u3000\u3000토지\n2,688,002,941\n\u3000\n\u3000\u3000\u3000투자부동산-건물\n871,901,564\n\u3000\n\u3000\u3000\u3000(투자부동산-건물:감가상각누계액)\n(397,805,082)\n\u3000\n\u3000\u3000무형자산\n64,621,174,941\n10,035,637,082\n\u3000\u3000\u3000영업권\n13,555,866,833\n1,865,800,541\n\u3000\u3000\u3000(영업권손상차손누계액)\n(7,054,861,512)\n(1,217,287,285)\n\u3000\u3000\u3000산업재산권\n2,343,246,076\n1,372,636,306\n\u3000\u3000\u3000(산업재산권상각누계액)\n(2,033,467,911)\n(1,119,747,695)\n\u3000\u3000\u3000(산업재산권손상차손누계액)\n(26,771,120)\n(8,468,064)\n\u3000\u3000\u3000개발비\n242,846,402,326\n8,379,509,954\n\u3000\u3000\u3000(개발비감가상각누계액)\n(194,371,044,113)\n(5,782,166,270)\n\u3000\u3000\u3000(개발비손상차손누계액)\n(10,971,464,940)\n\u3000\n\u3000\u3000\u3000(개발비정부보조금)\n(5,531,432)\n\u3000\n\u3000\u3000\u3000소프트웨어\n35,954,743,755\n11,414,653,982\n\u3000\u3000\u3000(소프트웨어감가상각누계액)\n(30,232,973,659)\n(8,165,167,135)\n\u3000\u3000\u3000(소프트웨어손상차손누계액)\n(3,495,456,658)\n(927,713,845)\n\u3000\u3000\u3000시설이용권\n12,140,456,095\n4,589,405,585\n\u3000\u3000\u3000(시설이용권손상차손누계액)\n(613,265,585)\n(594,508,262)\n\u3000\u3000\u3000기타무형자산\n115,183,071,761\n1,874,210,770\n\u3000\u3000\u3000(기타무형자산상각누계액)\n(114,578,940,263)\n(1,548,399,831)\n\u3000\u3000\u3000(기타무형자산손상차손누계액)\n(538,798,456)\n(255,630,489)\n\u3000\u3000\u3000건설중인무형자산\n6,519,963,744\n158,508,820\n\u3000\u3000사용권자산\n23,467,790,452\n\u3000\n\u3000\u3000\u3000사용권자산\n29,362,404,579\n\u3000\n\u3000\u3000\u3000(사용권자산감가상각누계액)\n(5,894,614,127)\n\u3000\n\u3000매각예정비유동자산\n248,612,282,613\n245,999,567,002\n\u3000자산총계\n3,090,987,465,954\n759,854,099,208\n부채\n\u3000\n\u3000\n\u3000유동부채\n759,427,276,288\n259,920,084,324\n\u3000\u3000기타유동금융부채\n118,875,228\n\u3000\n\u3000\u3000\u3000내재파생상품부채\n118,875,228\n\u3000\n\u3000\u3000매입채무및기타채무\n103,272,293,107\n69,482,450,865\n\u3000\u3000\u3000매입채무\n56,352,516,876\n55,773,446,851\n\u3000\u3000\u3000미지급금\n20,001,535,758\n11,516,806,486\n\u3000\u3000\u3000미지급비용\n26,268,887,371\n1,835,844,426\n\u3000\u3000\u3000단기예수보증금\n649,353,102\n356,353,102\n\u3000\u3000단기차입금\n240,972,352,891\n77,633,200,000\n\u3000\u3000유동성차채\n213,980,399,818\n14,993,572,195\n\u3000\u3000\u3000유동성사채\n214,000,000,000\n15,000,000,000\n\u3000\u3000\u3000(유동성사채할인발행차금)\n(1,483,400,886)\n(6,427,805)\n\u3000\u3000\u3000(유동성)사채 상환할증금\n1,463,800,704\n\u3000\n\u3000\u3000당기법인세부채\n13,082,342,866\n127,631,894\n\u3000\u3000유동성충당부채\n6,251,973,323\n4,018,463,858\n\u3000\u3000\u3000유동성반품충당부채\n5,585,526,564\n3,993,727,723\n\u3000\u3000\u3000유동성마일리지충당부채\n25,685,060\n24,736,135\n\u3000\u3000\u3000유동성소송충당부채\n640,761,699\n\u3000\n\u3000\u3000기타유동부채\n114,323,962,123\n33,045,851,006\n\u3000\u3000\u3000선수금\n91,142,335,614\n21,578,145,679\n\u3000\u3000\u3000선수수익\n11,527,435,194\n9,568,267,078\n\u3000\u3000\u3000예수부가가치세\n2,264,988,870\n1,135,306,396\n\u3000\u3000\u3000예수금\n3,387,309,967\n762,978,833\n\u3000\u3000\u3000환불부채\n106,090\n693,560\n\u3000\u3000\u3000기타의기타유동부채\n444,862\n459,460\n\u3000\u3000\u3000책임이행적립금\n6,001,341,526\n\u3000\n\u3000\u3000유동성리스부채\n17,535,637,033\n\u3000\n\u3000\u3000유동성회생채무\n49,889,439,899\n60,618,914,506\n\u3000\u3000\u3000유동성회생채무\n51,950,688,787\n63,952,954,803\n\u3000\u3000\u3000(유동성회생채무현재가치할인차금)\n(2,061,248,888)\n(3,334,040,297)\n\u3000비유동부채\n1,617,196,233,193\n36,479,484,107\n\u3000\u3000장기매입채무 및 기타장기채무\n2,879,224,194\n2,644,200,401\n\u3000\u3000\u3000장기미지급금\n2,626,100,000\n\u3000\n\u3000\u3000\u3000예수보증금\n253,124,194\n2,644,200,401\n\u3000\u3000장기차입금\n1,084,652,669,161\n\u3000\n\u3000\u3000\u3000장기차입금\n1,100,000,000,000\n\u3000\n\u3000\u3000\u3000(장기차입금현재가치할인차금)\n(15,347,330,839)\n\u3000\n\u3000\u3000사채\n472,420,076,444\n\u3000\n\u3000\u3000\u3000전환사채\n500,000,000,000\n\u3000\n\u3000\u3000\u3000(전환사채전환권조정)\n(290,596,305,198)\n\u3000\n\u3000\u3000\u3000전환사채상환할증금\n263,016,381,642\n\u3000\n\u3000\u3000파생상품부채\n9,088,366,184\n\u3000\n\u3000\u3000\u3000파생상품부채\n9,088,366,184\n\u3000\n\u3000\u3000퇴직급여부채\n22,222,166,316\n10,858,661,751\n\u3000\u3000\u3000확정급여채무\n69,767,813,923\n21,450,320,860\n\u3000\u3000\u3000사외적립자산\n(47,545,647,607)\n(10,591,659,109)\n\u3000\u3000이연법인세부채\n8,821,992,406\n8,455,034,514\n\u3000\u3000기타비유동부채\n3,649,382\n11,686,363\n\u3000\u3000\u3000장기선수수익\n3,649,382\n11,686,363\n\u3000\u3000장기리스부채\n6,211,508,853\n\u3000\n\u3000\u3000회생채무\n10,896,580,253\n14,509,901,078\n\u3000\u3000\u3000회생채무\n12,677,564,704\n17,103,276,140\n\u3000\u3000\u3000(회생채무현재가치할인차금)\n(1,780,984,451)\n(2,593,375,062)\n\u3000매각예정비유동부채\n236,948,891,467\n237,814,794,063\n\u3000부채총계\n2,613,572,400,948\n534,214,362,494\n자본\n\u3000\n\u3000\n\u3000지배기업 소유주지분\n211,377,763,045\n236,891,731,450\n\u3000\u3000자본금\n39,333,334,000\n39,333,334,000\n\u3000\u3000\u3000보통주자본금\n39,333,334,000\n39,333,334,000\n\u3000\u3000자본잉여금\n108,607,223,291\n102,923,553,502\n\u3000\u3000\u3000주식발행초과금\n59,653,629,584\n59,653,629,584\n\u3000\u3000\u3000감자차익\n10,426,232,000\n10,426,232,000\n\u3000\u3000\u3000기타자본잉여금\n38,527,361,707\n32,843,691,918\n\u3000\u3000기타포괄손익누계액\n(749,526,365)\n3,520,245,354\n\u3000\u3000\u3000기타포괄-공정가치 측정 금융상품 평가손익\n(11,184)\n\u3000\n\u3000\u3000\u3000지분법자본변동\n96,712,473\n4,372,043,916\n\u3000\u3000\u3000해외사업환산손익\n(846,227,654)\n(851,798,562)\n\u3000\u3000기타자본구성요소\n6,521,804,707\n6,366,453,670\n\u3000\u3000\u3000자기주식\n(2,135,921,312)\n(2,135,921,312)\n\u3000\u3000\u3000주식선택권\n1,611,755,376\n1,456,404,339\n\u3000\u3000\u3000출자전환채무\n7,045,970,643\n7,045,970,643\n\u3000\u3000이익잉여금(결손금)\n57,664,927,412\n84,748,144,924\n\u3000\u3000\u3000이익잉여금(결손금)\n57,664,927,412\n84,748,144,924\n\u3000비지배지분\n266,037,301,961\n(11,251,994,736)\n\u3000자본총계\n477,415,065,006\n225,639,736,714\n부재및자본총계\n3,090,987,465,954\n759,854,099,208\n연결 포괄손익계산서\n제 37 기 1분기 2019.01.01 부터 2019.03.31 까지\n제 36 기 1분기 2018.01.01 부터 2018.03.31 까지\n(단위 : 원)\n\u3000\n제 37 기 1분기\n제 36 기 1분기\n3개월\n누적\n3개월\n누적\n매출액\n102,439,243,786\n102,439,243,786\n70,076,123,954\n70,076,123,954\n매출원가\n73,117,111,405\n73,117,111,405\n62,004,626,181\n62,004,626,181\n매출총이익\n29,322,132,381\n29,322,132,381\n8,071,497,773\n8,071,497,773\n판매비와관리비\n38,869,730,913\n38,869,730,913\n15,800,987,466\n15,800,987,466\n\u3000급여\n10,391,359,068\n10,391,359,068\n5,026,544,253\n5,026,544,253\n\u3000퇴직급여\n832,510,504\n832,510,504\n356,061,493\n356,061,493\n\u3000복리후생비\n1,747,947,517\n1,747,947,517\n1,025,521,399\n1,025,521,399\n\u3000판매촉진비\n917,713,108\n917,713,108\n282,344,126\n282,344,126\n\u3000광고선전비\n1,015,511,721\n1,015,511,721\n1,571,993,459\n1,571,993,459\n\u3000포장운반비\n496,338,290\n496,338,290\n432,664,118\n432,664,118\n\u3000통신비\n114,201,367\n114,201,367\n91,433,121\n91,433,121\n\u3000임차료\n383,683,076\n383,683,076\n755,010,362\n755,010,362\n\u3000수도광열비\n70,815,279\n70,815,279\n61,405,083\n61,405,083\n\u3000차량유지비\n30,573,477\n30,573,477\n30,934,129\n30,934,129\n\u3000세금과공과\n564,765,048\n564,765,048\n326,335,298\n326,335,298\n\u3000지급수수료\n10,864,443,004\n10,864,443,004\n767,587,123\n767,587,123\n\u3000여비교통비\n287,879,604\n287,879,604\n300,312,181\n300,312,181\n\u3000교육훈련비\n591,970,112\n591,970,112\n291,978,073\n291,978,073\n\u3000용역비\n1,958,399,612\n1,958,399,612\n935,576,176\n935,576,176\n\u3000도서인쇄비\n23,178,568\n23,178,568\n67,118,027\n67,118,027\n\u3000소모품비\n239,915,338\n239,915,338\n134,298,738\n134,298,738\n\u3000회의비\n135,369,416\n135,369,416\n131,746,470\n131,746,470\n\u3000견본비\n1,648,114\n1,648,114\n4,696,627\n4,696,627\n\u3000접대비\n307,728,481\n307,728,481\n257,001,992\n257,001,992\n\u3000보험료\n199,214,466\n199,214,466\n137,942,711\n137,942,711\n\u3000감가상각비\n920,052,010\n920,052,010\n372,980,400\n372,980,400\n\u3000무형자산상각비\n196,131,555\n196,131,555\n146,387,103\n146,387,103\n\u3000사용권자산상각비\n1,310,909,817\n1,310,909,817\n\u3000\n\u3000\n\u3000수선비\n87,323,669\n87,323,669\n409,617,704\n409,617,704\n\u3000판매수수료\n4,373,551,237\n4,373,551,237\n62,773,620\n62,773,620\n\u3000주식보상비용\n161,172,148\n161,172,148\n120,371,028\n120,371,028\n\u3000연구비\n36,945,376\n36,945,376\n\u3000\n\u3000\n\u3000매출채권손상차손(환입)\n296,042,828\n296,042,828\n1,689,462,769\n1,689,462,769\n\u3000리스료\n114,354,771\n114,354,771\n\u3000\n\u3000\n\u3000기타의판매비와관리비\n198,082,332\n198,082,332\n10,889,883\n10,889,883\n영업이익(손실)\n(9,547,598,532)\n(9,547,598,532)\n(7,729,489,693)\n(7,729,489,693)\n기타수익\n76,129,151,435\n76,129,151,435\n213,679,152\n213,679,152\n\u3000외환차익\n75,931,953\n75,931,953\n9,033,949\n9,033,949\n\u3000외화환산이익\n9,423,919\n9,423,919\n731,254\n731,254\n\u3000기타유동자산손상차손환입\n3,029,020\n3,029,020\n1,275,350\n1,275,350\n\u3000관계기업주식처분이익\n\u3000\n\u3000\n173,598,978\n173,598,978\n\u3000지분법이익\n2,328,656,589\n2,328,656,589\n\u3000\n\u3000\n\u3000사용손료수익\n778,354\n778,354\n\u3000\n\u3000\n\u3000염가매수차익\n72,785,370,772\n72,785,370,772\n\u3000\n\u3000\n\u3000잡이익\n925,960,828\n925,960,828\n29,039,621\n29,039,621\n기타비용\n80,703,589,131\n80,703,589,131\n1,487,067,051\n1,487,067,051\n\u3000외환차손\n207,602,347\n207,602,347\n42,361,529\n42,361,529\n\u3000외화환산손실\n47,794,379\n47,794,379\n82,269,094\n82,269,094\n\u3000유형자산처분손실\n15,204,207\n15,204,207\n32,000\n32,000\n\u3000무형자산손상차손\n1,212,062\n1,212,062\n\u3000\n\u3000\n\u3000기타채권손상차손\n3,143,014,814\n3,143,014,814\n630,413\n630,413\n\u3000기타유동자산손상차손\n5,379,354\n5,379,354\n\u3000\n\u3000\n\u3000매각예정자산손상차손\n\u3000\n\u3000\n1,253,490,000\n1,253,490,000\n\u3000관계기업주식등처분손실\n77,075,253,310\n77,075,253,310\n\u3000\n\u3000\n\u3000지분법손실\n46,230,357\n46,230,357\n\u3000\n\u3000\n\u3000기부금\n132,265,255\n132,265,255\n107,000,000\n107,000,000\n\u3000잡손실\n29,633,046\n29,633,046\n1,284,015\n1,284,015\n금융수익\n10,275,647,670\n10,275,647,670\n1,292,234,836\n1,292,234,836\n\u3000이자수익\n803,156,184\n803,156,184\n1,148,898,122\n1,148,898,122\n\u3000배당금수익\n\u3000\n\u3000\n57,560,000\n57,560,000\n\u3000금융보증수익\n4,077,174,550\n4,077,174,550\n85,776,714\n85,776,714\n\u3000파생상품평가이익\n1,023,375,311\n1,023,375,311\n\u3000\n\u3000\n\u3000당기손익-공정가치측정금융자산 처분이익\n4,354,200,000\n4,354,200,000\n\u3000\n\u3000\n\u3000당기손익-공정가치측정금융자산 평가이익\n17,741,625\n17,741,625\n\u3000\n\u3000\n금융원가\n12,242,765,926\n12,242,765,926\n1,280,349,259\n1,280,349,259\n\u3000이자비용\n3,503,889,782\n3,503,889,782\n956,173,525\n956,173,525\n\u3000회생채무현재가치할인차금상각비\n1,537,536,031\n1,537,536,031\n171,675,734\n171,675,734\n\u3000파생상품평가손실\n6,227,684,213\n6,227,684,213\n\u3000\n\u3000\n\u3000당기손익-공정가치측정금융자산손상차손\n\u3000\n\u3000\n152,500,000\n152,500,000\n\u3000차입주선수수료\n973,655,900\n973,655,900\n\u3000\n\u3000\n법인세비용차감전계속사업순이익(손실)\n(16,089,154,484)\n(16,089,154,484)\n(8,990,992,015)\n(8,990,992,015)\n계속사업손익법인세비용(수익)\n8,869,557,453\n8,869,557,453\n911,300,632\n911,300,632\n계속영업이익(손실)\n(24,958,711,937)\n(24,958,711,937)\n(9,902,292,647)\n(9,902,292,647)\n중단영업이익(손실)\n(100,300,407)\n(100,300,407)\n(810,124,657)\n(810,124,657)\n분기순이익(손실)\n(25,059,012,344)\n(25,059,012,344)\n(10,712,417,304)\n(10,712,417,304)\n\u3000지배기업 소유주지분\n(28,125,220,495)\n(28,125,220,495)\n(10,400,916,160)\n(10,400,916,160)\n\u3000비지배지분\n3,066,208,151\n3,066,208,151\n(311,501,144)\n(311,501,144)\n기타포괄이익(손실)\n(1,740,013,401)\n(1,740,013,401)\n962,018,756\n962,018,756\n\u3000후속적으로 당기손익으로 재분류되지 않는 포괄손익\n\u3000\n\u3000\n\u3000\n\u3000\n\u3000\u3000순확정급여부채의 재측정요소\n(472,055,698)\n(472,055,698)\n(2,399,812)\n(2,399,812)\n\u3000\u3000지분법이익잉여금\n(70,681,727)\n(70,681,727)\n139,681,082\n139,681,082\n\u3000\u3000기타포괄손익-공정가치측정금융자산 평가손실\n(19,110)\n(19,110)\n(2,308,450)\n(2,308,450)\n\u3000후속적으로 당기손익으로 재분류되는 포괄손익\n\u3000\n\u3000\n\u3000\n\u3000\n\u3000\u3000해외사업환산손익\n1,434,201\n1,434,201\n(129,301,708)\n(129,301,708)\n\u3000\u3000지분법자본변동\n(1,198,691,067)\n(1,198,691,067)\n956,347,644\n956,347,644\n총포괄이익(손실)\n(26,799,025,745)\n(26,799,025,745)\n(9,750,398,548)\n(9,750,398,548)\n\u3000지배기업 소유주지분\n(29,305,065,705)\n(29,305,065,705)\n(9,417,289,080)\n(9,417,289,080)\n\u3000비지배지분\n2,506,039,960\n2,506,039,960\n(333,109,468)\n(333,109,468)\n주당손익\n\u3000\n\u3000\n\u3000\n\u3000\n\u3000기본주당손익 (단위 : 원)\n(380)\n(380)\n(144)\n(144)\n\u3000기본주당계속영업손익 (단위 : 원)\n(379)\n(379)\n(132)\n(132)\n\u3000기본주당중단영업손익 (단위 : 원)\n(1)\n(1)\n(11)\n(11)\n\u3000희석주당손익 (단위 : 원)\n(380)\n(380)\n(144)\n(144)\n\u3000희석주당계속영업손익 (단위 : 원)\n(379)\n(379)\n(132)\n(132)\n\u3000희석주당중단영업손익 (단위 : 원)\n(1)\n(1)\n(11)\n(11)\n연결 자본변동표\n제 37 기 1분기 2019.01.01 부터 2019.03.31 까지\n제 36 기 1분기 2018.01.01 부터 2018.03.31 까지\n(단위 : 원)\n\u3000\n자본\n지배기업의 소유주에게 귀속되는 자본\n비지배지분\n자본 \xa0합계\n자본금\n자본잉여금\n기타포괄손익누계액\n이익잉여금(결손금)\n기타자본구성요소\n지배기업의 소유주에게 귀속되는 자본 \xa0합계\n2018.01.01 (기초자본)\n38,588,603,500\n100,764,526,402\n2,521,312,996\n192,395,907,451\n8,657,366,605\n342,927,716,954\n(9,223,552,943)\n333,704,164,011\n회계정책의 변경 효과\n\u3000\n\u3000\n\u3000\n(3,932,189,782)\n\u3000\n(3,932,189,782)\n\u3000\n(3,932,189,782)\n수정후 재작성된 금액\n38,588,603,500\n100,764,526,402\n2,521,312,996\n188,463,717,669\n8,657,366,605\n338,995,527,172\n(9,223,552,943)\n329,771,974,229\n분기순이익(손실)\n\u3000\n\u3000\n\u3000\n(10,400,916,160)\n\u3000\n(10,400,916,160)\n(311,501,144)\n(10,712,417,304)\n지분법자본변동\n\u3000\n\u3000\n956,347,644\n\u3000\n\u3000\n956,347,644\n\u3000\n956,347,644\n기타포괄손익-공정가치측정 금융자산 평가손실\n\u3000\n\u3000\n(1,715,879)\n\u3000\n\u3000\n(1,715,879)\n(592,571)\n(2,308,450)\n해외사업환산손익\n\u3000\n\u3000\n(98,136,717)\n\u3000\n\u3000\n(98,136,717)\n(31,164,991)\n(129,301,708)\n지분법이익잉여금\n\u3000\n\u3000\n\u3000\n139,681,082\n\u3000\n139,681,082\n\u3000\n139,681,082\n재측정손익\n\u3000\n\u3000\n\u3000\n(12,549,050)\n\u3000\n(12,549,050)\n10,149,238\n(2,399,812)\n주식보상원가의 인식\n\u3000\n\u3000\n\u3000\n\u3000\n120,371,028\n120,371,028\n\u3000\n120,371,028\n전환사채의 발행\n\u3000\n\u3000\n\u3000\n\u3000\n\u3000\n\u3000\n\u3000\n\u3000\n연결실체의 변동\n\u3000\n\u3000\n\u3000\n\u3000\n\u3000\n\u3000\n\u3000\n\u3000\n2018.03.31 (기말자본)\n38,588,603,500\n100,764,526,402\n3,377,808,044\n178,189,933,541\n8,777,737,633\n329,698,609,120\n(9,556,662,411)\n320,141,946,709\n2019.01.01 (기초자본)\n39,333,334,000\n102,923,553,502\n3,520,245,354\n84,748,144,924\n6,366,453,670\n236,891,731,450\n(11,251,994,736)\n225,639,736,714\n회계정책의 변경 효과\n\u3000\n\u3000\n\u3000\n\u3000\n\u3000\n\u3000\n\u3000\n\u3000\n수정후 재작성된 금액\n\u3000\n\u3000\n\u3000\n\u3000\n\u3000\n\u3000\n\u3000\n\u3000\n분기순이익(손실)\n\u3000\n\u3000\n\u3000\n(28,125,220,495)\n\u3000\n(28,125,220,495)\n3,066,208,151\n(25,059,012,344)\n지분법자본변동\n\u3000\n\u3000\n(738,536,764)\n\u3000\n\u3000\n(738,536,764)\n(460,154,303)\n(1,198,691,067)\n기타포괄손익-공정가치측정 금융자산 평가손실\n\u3000\n\u3000\n(11,184)\n\u3000\n\u3000\n(11,184)\n(7,926)\n(19,110)\n해외사업환산손익\n\u3000\n\u3000\n5,570,908\n\u3000\n\u3000\n5,570,908\n(4,136,707)\n1,434,201\n지분법이익잉여금\n\u3000\n\u3000\n\u3000\n(45,036,120)\n\u3000\n(45,036,120)\n(25,645,607)\n(70,681,727)\n재측정손익\n\u3000\n\u3000\n\u3000\n(401,832,050)\n\u3000\n(401,832,050)\n(70,223,648)\n(472,055,698)\n주식보상원가의 인식\n\u3000\n\u3000\n\u3000\n\u3000\n155,351,037\n155,351,037\n5,821,111\n161,172,148\n전환사채의 발행\n\u3000\n15,813,069,496\n\u3000\n\u3000\n\u3000\n15,813,069,496\n11,205,614,765\n27,018,684,261\n연결실체의 변동\n\u3000\n(10,129,399,707)\n(3,536,794,679)\n1,488,871,153\n\u3000\n(12,177,323,233)\n263,571,820,861\n251,394,497,628\n2019.03.31 (기말자본)\n39,333,334,000\n108,607,223,291\n(749,526,365)\n57,664,927,412\n6,521,804,707\n211,377,763,045\n266,037,301,961\n477,415,065,006\n연결 현금흐름표\n제 37 기 1분기 2019.01.01 부터 2019.03.31 까지\n제 36 기 1분기 2018.01.01 부터 2018.03.31 까지\n(단위 : 원)\n\u3000\n제 37 기 1분기\n제 36 기 1분기\n영업활동현금흐름\n(20,408,159,623)\n(4,186,618,374)\n\u3000계속영업\n(15,238,369,992)\n(5,964,232,458)\n\u3000계속영업이익(손실)\n(24,958,711,937)\n(9,902,292,647)\n\u3000현금의 유출이 없는 비용 등의 가산\n106,311,078,591\n11,161,583,763\n\u3000\u3000퇴직급여\n1,339,302,550\n817,542,414\n\u3000\u3000감가상각비\n1,836,406,359\n592,522,196\n\u3000\u3000무형자산상각비\n751,515,987\n344,222,125\n\u3000\u3000사용권자산상각비\n1,310,909,817\n\u3000\n\u3000\u3000외화환산손실\n47,794,379\n82,269,094\n\u3000\u3000매출채권손상차손\n296,042,828\n1,689,462,769\n\u3000\u3000기타채권손상차손\n3,143,014,814\n630,413\n\u3000\u3000재고자산평가손실\n92,477,465\n\u3000\n\u3000\u3000재고자산폐기손실\n50,495,475\n\u3000\n\u3000\u3000유형자산처분손실\n15,204,207\n32,000\n\u3000\u3000무형자산손상차손\n1,212,062\n\u3000\n\u3000\u3000기타유동자산손상차손\n5,379,354\n\u3000\n\u3000\u3000매각예정자산손상차손\n\u3000\n1,253,490,000\n\u3000\u3000당기손익-공정가치측정금융자산손상차손\n\u3000\n152,500,000\n\u3000\u3000관계기업등처분손실\n77,075,253,310\n\u3000\n\u3000\u3000이자비용\n3,503,889,782\n956,173,525\n\u3000\u3000회생채무현재가치할인차금상각비\n1,537,536,031\n171,675,734\n\u3000\u3000주식보상비용\n161,172,148\n120,371,028\n\u3000\u3000지분법손실\n46,230,357\n4,069,324,837\n\u3000\u3000법인세비용\n8,869,557,453\n940,407,249\n\u3000\u3000파생상품평가손실\n6,227,684,213\n\u3000\n\u3000\u3000기타현금의 유출이 없는 비용 등의 가산\n\u3000\n(29,039,621)\n\u3000현금의 유입이 없는 수익 등의 차감\n(90,030,926,983)\n(2,209,055,265)\n\u3000\u3000이자수익\n(803,156,184)\n(1,148,845,434)\n\u3000\u3000배당금수익\n\u3000\n(57,560,000)\n\u3000\u3000외화환산이익\n(9,423,919)\n(731,254)\n\u3000\u3000기타유동자산손상차손환입\n(3,029,020)\n(1,275,350)\n\u3000\u3000당기손익-공정가치측정금융자산 처분이익\n(4,354,200,000)\n\u3000\n\u3000\u3000당기손익-공정가치측정금융자산 평가이익\n(17,741,625)\n\u3000\n\u3000\u3000관계기업주식처분이익\n\u3000\n(173,598,978)\n\u3000\u3000금융보증수익\n(4,077,174,550)\n(85,776,714)\n\u3000\u3000지분법이익\n(6,937,872,157)\n(693,912,434)\n\u3000\u3000재고자산평가손실충당금환입\n(19,583,445)\n(47,355,101)\n\u3000\u3000파생상풍평가이익\n(1,023,375,311)\n\u3000\n\u3000\u3000염가매수차익\n(72,785,370,772)\n\u3000\n\u3000영업활동으로 인한 자산 부채의 변동\n(6,154,761,656)\n(4,840,398,503)\n\u3000\u3000매출채권의 증가\n18,556,982,737\n(2,095,835,440)\n\u3000\u3000미수금의 감소\n(1,370,469,892)\n(1,157,574,681)\n\u3000\u3000미수수익의 감소\n2,452,392,850\n(3,951,725,188)\n\u3000\u3000선급금의 감소\n356,096,687\n155,743,231\n\u3000\u3000선급비용의 증가\n(5,973,601,862)\n(505,447,962)\n\u3000\u3000선급부가세의 증가\n(762,151,485)\n(94,138,134)\n\u3000\u3000반환재고회수권의 증가\n(608,071,355)\n(3,519,773,572)\n\u3000\u3000선급법인세의 증가\n(95,151,350)\n(78,966,490)\n\u3000\u3000미수법인세환급액의 증가\n\u3000\n(641,310)\n\u3000\u3000재고자산의 감소(증가)\n367,994,359\n(1,466,405,353)\n\u3000\u3000장기매출채권의 감소\n393,995,562\n\u3000\n\u3000\u3000장기선급비용의 감소(증가)\n4,973,657\n7,949,461\n\u3000\u3000금융리스채권의 증가\n(451,709,788)\n(93,300,289)\n\u3000\u3000매입채무의 감소\n(7,689,116,236)\n3,057,157,600\n\u3000\u3000미지급금의 감소\n(6,566,557,540)\n2,057,849,404\n\u3000\u3000장기미지급금의 감소\n(52,742,000)\n\u3000\n\u3000\u3000미지급비용의 감소\n(2,802,230,513)\n(238,029,065)\n\u3000\u3000선수금의 증가\n1,436,614,311\n(913,621,588)\n\u3000\u3000선수수익의 감소\n(2,824,828,679)\n1,343,280,171\n\u3000\u3000예수금의 증가\n165,579,557\n(18,565,652)\n\u3000\u3000부가세예수금의 증가\n475,687,936\n(846,538,588)\n\u3000\u3000기타유동부채의 감소\n(587,470)\n\u3000\n\u3000\u3000장기선수수익의 감소\n(7,665,669)\n(8,325,761)\n\u3000\u3000반품추정부채의 감소\n(42,338,721)\n3,454,922,786\n\u3000\u3000마일리지충당부채의 증가\n948,925\n539,733\n\u3000\u3000퇴직급여부채의관계사 전입\n3,032,837\n277,041,975\n\u3000\u3000퇴직급여부채의 지급\n(1,748,378,394)\n(205,993,791)\n\u3000\u3000사외적립자산의 납입\n2,131,200\n\u3000\n\u3000\u3000책임이행적립금의 증가\n624,408,680\n\u3000\n\u3000법인세환급(납부)\n(405,048,007)\n(174,069,806)\n\u3000중단영업\n(5,169,789,631)\n1,777,614,084\n투자활동현금흐름\n(1,507,017,881,494)\n(27,748,795,727)\n\u3000계속영업\n(1,504,923,460,594)\n(25,639,733,809)\n\u3000\u3000투자활동으로 인한 현금 유입액\n177,487,264,777\n3,384,359,803\n\u3000\u3000\u3000단기금융기관예치금의 감소\n94,317,898,637\n(80,161,267)\n\u3000\u3000\u3000이자의 수취\n1,162,808,414\n3,375,080,552\n\u3000\u3000\u3000배당금의 수취\n\u3000\n57,560,000\n\u3000\u3000\u3000장기대여금의 회수\n11,600,000\n\u3000\n\u3000\u3000\u3000보증금의 회수\n15,000,000\n20,000,000\n\u3000\u3000\u3000장기보증금의 회수\n2,664,200,000\n11,600,000\n\u3000\u3000\u3000무형자산의 처분\n\u3000\n280,518\n\u3000\u3000\u3000사업결합으로 인한 현금유입액\n79,315,757,726\n\u3000\n\u3000\u3000투자활동으로 인한 현금유출액\n(1,682,410,725,371)\n(29,024,093,612)\n\u3000\u3000\u3000단기금융기관예치금의 증가\n(18,635,266,754)\n(13,298,047,438)\n\u3000\u3000\u3000단기대여금의 증가\n(847,000,000)\n\u3000\n\u3000\u3000\u3000장기대여금의 증가\n169,641\n\u3000\n\u3000\u3000\u3000보증금의 증가\n(139,100,000)\n\u3000\n\u3000\u3000\u3000장기보증금의 증가\n(57,167,603)\n(1,257,370,302)\n\u3000\u3000\u3000관계기업투자주식의 취득\n(1,658,758,444,632)\n(9,999,998,058)\n\u3000\u3000\u3000유형자산의 취득\n(3,050,980,279)\n(3,160,607,237)\n\u3000\u3000\u3000건설중인자산의 취득\n\u3000\n(185,220,700)\n\u3000\u3000\u3000무형자산의 취득\n(922,935,744)\n(1,122,849,877)\n\u3000중단영업\n(2,094,420,900)\n(2,109,061,918)\n재무활동현금흐름\n1,855,004,023,771\n(1,389,208,234)\n\u3000계속영업\n1,852,034,750,656\n(871,981,349)\n\u3000\u3000재무활동으로 인한 현금유입액\n1,910,424,470,891\n51,015,100,000\n\u3000\u3000\u3000단기차입금의 증가\n111,526,152,891\n51,000,000,000\n\u3000\u3000\u3000장기차입금의 증가\n1,100,000,000,000\n\u3000\n\u3000\u3000\u3000사채의 발행\n198,894,100,000\n\u3000\n\u3000\u3000\u3000전환사채의 발행\n500,000,000,000\n\u3000\n\u3000\u3000\u3000예수보증금의 증가\n4,218,000\n15,100,000\n\u3000\u3000재무활동으로 인한 현금 유출액\n(58,389,720,235)\n(51,887,081,349)\n\u3000\u3000\u3000이자의 지급\n(3,503,941,051)\n(496,043,161)\n\u3000\u3000\u3000단기차입금의 상환\n(37,187,000,000)\n(21,300,000,000)\n\u3000\u3000\u3000유동성사채의 상환\n\u3000\n(30,000,000,000)\n\u3000\u3000\u3000회생채권의 상환\n(11,803,508,189)\n(68,538,188)\n\u3000\u3000\u3000단기예수보증금의 감소\n(10,000,000)\n\u3000\n\u3000\u3000\u3000예수보증금의 감소\n(90,528,000)\n(22,500,000)\n\u3000\u3000\u3000유동성 리스부채의 상환\n(5,008,291,086)\n\u3000\n\u3000\u3000\u3000장기리스부채의 감소\n(786,451,909)\n\u3000\n\u3000중단영업\n2,969,273,115\n(517,226,885)\n기타현금의 증가(감소)\n36,418,022\n(64,465,738)\n해외사업환산으로 인한 현금의 변동\n32,583,798\n(63,683,510)\n외화표시 현금및현금성자산의 환율변동효과\n3,834,224\n(782,228)\n현금및현금성자산의순증가(감소)\n327,614,400,676\n(33,389,088,073)\n기초 현금및현금성자산\n34,688,509,192\n53,344,883,853\n매각예정자산으로 분류\n(8,304,779)\n2,291,722\n기말 현금및현금성자산\n362,294,605,089\n19,958,087,502\n']"
