text
"['\n5. 재무제표 주석\n1. 일반사항롯데관광개발 주식회사(이하 ""회사"")는 1971년 5월에 설립되어 관광개발 및 국내외 여행알선업, 항공권 판매대행업, 전세운수업을 주요 사업으로 영위하고 있습니다. 본사는 서울시 종로구 세종대로 149에 위치하고 있습니다. 회사는 2006년 6월\xa0유가증권시장에 주식을 상장하였으며 주요 주주 현황은 다음과 같습니다. \xa0 \xa0 \xa0 \xa0 \xa0 \xa0 \xa0 \xa0 \xa0 \xa0 \xa0 \xa0 \xa0 \xa0 \xa0 \xa0 \xa0 \xa0 \xa0 \xa0 \xa0 \xa0 \xa0 \xa0 \xa0 \xa0 \xa0 \xa0 \xa0 \xa0 \xa0 \xa0 \xa0 \xa0 \xa0 \xa0 \xa0 \xa0 \xa0 \xa0 \xa0 \xa0 \xa0 \xa0 \xa0 \xa0 \xa0 \xa0 \xa0 \xa0\xa0 (단위 :\xa0주,%)\n주주명\n당반기\n전기\n주식수\n지분율\n주식수\n지분율\n김기병\n19,768,171\n28.65\n19,768,171\n30.34\n신정희\n1,408,147\n2.04\n1,408,147\n2.16\n김한성\n641,445\n0.93\n641,445\n0.98\n김한준\n290,757\n0.42\n290,757\n0.45\n동화투자개발㈜\n15,505,376\n22.47\n15,505,376\n23.79\n자산관리공사\n2,781,217\n4.03\n2,781,217\n4.27\n우리사주조합\n538,190\n0.78\n578,418\n0.89\n기타주주\n28,077,037\n40.68\n24,189,643\n37.12\n합 계\n69,010,340\n100.00\n65,163,174\n100.00\n2. 중요한 회계정책\n반기재무제표는 기업회계기준서 제1034호 \'중간재무보고\'에 따라 작성되었으며 연차재무제표에서 요구되는 정보에 비하여 적은 정보를 포함하고 있습니다.\xa0 반기재무제표는 보고기간말 현재 유효한 한국채택국제회계기준에 따라 작성되었으며,\xa0반기재무제표를 작성하기 위하여 채택한 중요한 회계정책은 별도의 언급이 없는 한 전기 연차재무제표 작성시 채택한 회계정책과 동일하게 적용되었습니다.\xa0 반기재무제표 작성을 위하여 채택한 중요한 회계정책은 다음과 같습니다. \n(1) 회계정책의 변경과 공시1) 회사가 채택한 제ㆍ개정 기준서\n회사가 2019년\xa01월 1일 이후 개시하는 회계기간부터 적용한 제ㆍ개정 기준서\xa0및 해석서는 다음과 같습니다.\xa0\n(가) 기업회계기준서 제1116호 \'리스\' 제정\n개정기준서는 단일 리스이용자 모형을 도입하여 리스기간이 12개월을 초과하고 기초자산이 소액이 아닌 모든 리스에 대하여 리스이용자에게 사용권자산과 리스부채를인식하도록 요구합니다. \n회사는 기업회계기준서 제1116호의 경과 규정에 따라 변경된 회계정책을 소급 적용하였고, 최초 적용으로 인한 누적효과는 최초 적용일인 2019년 1월 1일에 반영하였습니다. 비교 표시된 전기 재무제표는 재작성되지 않았으며, 최초적용 누적효과는 2019년 1월 1일에 이익잉여금(또는 자본)으로 인식하였습니다. 상기 개정내용의 적용 및 그에 따른 영향은 다음과 같습니다.\n① 회계정책의 변경으로 최초 적용일에 인식된 조정 내역\n\xa0 \xa0 \xa0 \xa0 \xa0 \xa0 \xa0 \xa0 \xa0 \xa0 \xa0 \xa0 \xa0 \xa0 \xa0 \xa0 \xa0 \xa0 \xa0 \xa0 \xa0 \xa0 \xa0 \xa0 \xa0 \xa0 \xa0 \xa0 \xa0 \xa0 \xa0 \xa0 \xa0 \xa0 \xa0 \xa0 \xa0 \xa0 \xa0 \xa0 \xa0\xa0 (단위: 천원)\n\xa0 계정과목\n조정금액\n\xa0사용권자산\n4,355,202\n\xa0리스부채\n\xa04,045,876\n\xa0이익잉여금\n-\n부동산 리스계약에 대한 사용권자산은 기업회계기준서 제1116호를 처음부터 적용해온 것처럼 소급하여 측정하였습니다. 그 밖의 사용권자산은 리스부채와 동일한 금액에 전기말 현재 재무상태표에 인식된 리스와 관련하여 선급하거나 미지급한 리스료 금액을 조정하여 측정하였습니다. 최초 적용일 현재 사용권자산의 조정이 요구되는 손실부담리스는 없습니다.② 최초 적용일 재무상태표에 인식된 리스부채\n\xa0 \xa0 \xa0 \xa0 \xa0 \xa0 \xa0 \xa0 \xa0 \xa0 \xa0 \xa0 \xa0 \xa0 \xa0 \xa0 \xa0 \xa0 \xa0 \xa0 \xa0 \xa0 \xa0 \xa0 \xa0 \xa0 \xa0 \xa0 \xa0 \xa0 \xa0 \xa0 \xa0 \xa0 \xa0 \xa0 \xa0 \xa0 \xa0 \xa0 \xa0 \xa0 \xa0 \xa0 \xa0 \xa0 \xa0 \xa0 \xa0 \xa0 \xa0\xa0 (단위: 천원)\n구\xa0\xa0 분\n금\xa0 액\n전기말의 운용리스약정\n4,661,141\n최초 적용일 현재 리스이용자의 증분차입이자율을 사용한 할인액\n(615,265)\n최초 적용일 현재 인식된 리스부채\n\xa04,045,876\n유동리스부채\n\xa0 \xa0 \xa0 1,760,493\n비유동리스부채\n\xa0 \xa0 \xa0 2,285,383\n회사는 기업회계기준서 제1116호의 적용으로 종전에 기업회계기준서 제1017호를 적용하여 운용리스로 분류하였던 리스에 대하여 리스부채를 인식하였습니다. 해당 리스부채는 2019년 1월 1일 현재 리스이용자의 증분차입이자율로 할인한 나머지 리스료의 현재가치로 측정되었습니다. 2019년 1월 1일 현재 리스부채의 측정에 적용된회사의 가중평균 증분차입이자율은 5.84%입니다.\n회사는 종전에 금융리스로 분류한 리스거래에 대하여 최초 적용일 직전 리스자산과 리스부채의 장부금액을 최초 적용일 현재 사용권자산과 리스부채의 장부금액으로 인식하였고, 기업회계기준서 제1116호의 측정원칙은 최초 적용일 이후부터 적용하였습니다.\xa0\n③ 실무적 간편법의 사용\n회사는 기업회계기준서 제1116호를 최초 적용하면서 기준서에서 허용하는 다음의 실무적 간편법을 사용하였습니다.\n\xa0 - 특성이 상당히 비슷한 리스 포트폴리오에 단일 할인율 적용\n\xa0 - 리스가 손실부담계약인지에 대한 종전 평가에 의존한 사용권자산의 손상 검토\n\xa0 - 최초 적용일로부터 12개월 이내에 리스기간이 종료되는 리스에 대하여 단기리스와 같은 방식으로 회계처리\n\xa0 - 최초 적용일의 사용권자산 측정치에서 리스개설직접원가를 제외\n\xa0 - 연장 또는 종료선택권이 포함된 계약의 리스기간 결정에 사후판단 사용\n\xa0\n또한 회사는 최초 적용일 현재 계약이 리스인지 또는 리스를 포함하고 있는지를 재평가하지 않았습니다. 기업회계기준서 제1017호와 기업회계기준해석서 제2104호 \'약정에 리스가 포함되어 있는지의 결정\'을 적용하여 종전에 리스로 식별된 계약에 기업회계기준서 제1116호를 적용하였습니다.리스제공자의 회계처리는 2018년 12월 31일로 종료하는 회계연도에 대한 연차재무제표 작성시 적용된 회계정책과 유의적으로 변동되지 않았습니다. 리스제공자는 계속적으로 리스를 금융리스 또는 운용리스로 분류하고 두 유형의 리스를 다르게 회계처리합니다.\n(나)\xa0 기업회계기준서 제1109호 \'금융상품\' 개정개정기준서는 중도상환 또는 중도환매를 허용하는 채무상품이 원리금 지급만으로 구성되는 계약상 현금흐름의 요건을 충족하는지 평가시, 거래상대방에 대한 부(-)의 보상이 계약의 조기청산에 대한 합리적인 보상이라면 원리금 지급만으로 구성되는\xa0계약상 현금흐름의 요건을 충족할 수 있음을\xa0명확히 하였습니다.\xa0상기 개정 내용이 재무제표에 미치는 유의적인 영향은 없습니다.\n(다)\xa0 기업회계기준서 제1019호 \'종업원급여\' 개정개정기준서는 확정급여제도의 변경으로 제도의 개정, 축소, 정산이 되는 경우 순확정급여부채(자산)의 재측정에 사용된 가정을 사용하여 잔여 보고기간에 대한 당기근무원가 및 순이자를 결정하도록 하고 있습니다.\xa0또한, 자산인식상한의 영향으로 이전에인식하지 않은 초과적립액이 감소하는 경우 과거근무원가나 정산손익의 일부로 당기손익에 반영합니다.\xa0상기 개정 내용이 재무제표에 미치는 유의적인 영향은 없습니다.(라)\xa0 기업회계기준서 제1028호 \'관계기업과 공동기업에 대한 투자\' 개정\n개정기준서는 관계기업이나 공동기업에 대한 다른 금융상품(지분법을 적용하지 않는금융상품)은 기업회계기준서 제1109호의 적용 대상이며, 관계기업이나 공동기업에 대한 순투자의 일부를 구성하는 장기투자지분의 손상 회계처리에 대해서는 기업회계기준서 제1109호를 우선하여 적용하는 것을 주요 내용으로 하고 있습니다.\xa0상기 개정 내용이 재무제표에 미치는 유의적인 영향은 없습니다.\xa0(마)\xa0 기업회계기준해석서 제2123호 \'법인세처리의 불확실성\' 제정제정해석서는 기업이 법인세 처리에 불확실성이 있을 때 불확실한 법인세 처리를 개별적으로 고려할지 아니면 하나 이상의 다른 불확실한 법인세 처리와 함께 고려할지를 판단하도록 하고 있으며, 기업이 과세당국이 불확실한 법인세 처리를 수용할 가능성이 높은지를 고려하여 그 가능성이 높다면 법인세 신고에 사용하였거나 사용하려는 법인세 처리와 일관되게 과세소득(세무상결손금), 세무기준액, 미사용 세무상결손금, 미사용 세액공제, 세율을 산정하며, 그 가능성이 높지 않다면 과세소득(세무상결손금) 등을 산정할 때에 불확실성의 영향을 반영하는 것을 주요 내용으로 하고 있습니다.\xa0상기 제정 내용이 재무제표에 미치는 유의적인 영향은 없습니다.(바)\xa0\xa0한국채택국제회계기준 2015-2017 연차개선\n① 기업회계기준서 제1012호 \'법인세\'개정기준서는 배당의 모든 법인세 효과를 인식하도록 하고 있으며 과거의 거래나 사건을 어디에 인식하였는지에 따라 배당의 법인세효과를 당기손익, 기타포괄손익 또는 자본으로 인식하도록 하고 있습니다.\xa0상기 개정 내용이 재무제표에 미치는 유의적인 영향은 없습니다.\n② 기업회계기준서 제1023호 \'차입원가\'개정 기준서는 적격자산을 의도된 용도로 사용(또는 판매) 가능하게 하는 데 필요한 대부분의 활동이 완료된 후에도 특정차입금의 잔액이 존재하는 경우, 해당 차입금은 일반차입금의 자본화이자율을 계산할 때 일반차입금에 포함한다는 사실을 명확히 하였습니다.\xa0상기 개정 내용이 재무제표에 미치는 유의적인 영향은 없습니다.\n③ 기업회계기준서 제1103호 \'사업결합\'개정 기준서는 기업이 공동영업인 사업에 대한 지배력을 획득하고, 그 취득일 직전에해당 공동영업과 관련된 자산에 대한 권리와 부채에 대한 의무를 보유하고 있었다면,이는 단계적으로 이루어지는 사업결합이므로, 이전에 보유하고 있던 지분을 재측정하는 것을 포함하여 단계적으로 이루어지는 사업결합에 대한 요구사항을 적용하도록하고 있습니다.\xa0상기 개정 내용이 재무제표에 미치는 유의적인 영향은 없습니다.④ 기업회계기준서 제1111호 \'공동약정\'공동영업에 참여는 하지만 공동지배력을 보유하지 않은 공동영업 당사자가 공동영업에 대한 공동지배력을 획득하는 경우 공동영업에 대해 이전에 보유하고 있던 지분은 재측정하지 않습니다.\xa0상기 개정 내용이 재무제표에 미치는 유의적인 영향은 없습니다.2) 제정 또는 공표되었으나 아직 시행되지 않은 제ㆍ개정 기준서 및 해석서는 없습니다.\xa0\n(2) 재무제표 작성기준1) 회계기준재무제표는\xa0주식회사 등의 외부감사에 관한 법률에서 규정하고 있는 국제회계기준위원회의 국제회계기준을 채택하여 정한 회계처리기준인 한국채택국제회계기준에 따라 작성되었습니다. 2) 측정기준재무제표는 금융상품 등 아래의 회계정책에서 별도로 언급하고 있는 사항을 제외하고는 역사적원가를 기준으로 작성되었습니다.\xa0\xa0 3) 기능통화와 표시통화재무제표는 회사의 기능통화이면서 표시통화인 ""원(KRW)""으로 표시되고 있으며 별도로 언급하고 있는 사항을 제외하고는 ""원(KRW)"" 단위로 표시되고 있습니다.\xa0\n(3) 별도재무제표에서 종속기업, 관계기업 및\xa0공동기업에 대한 투자재무제표는 기업회계기준서 제1027호 \'별도재무제표\'에 따른 별도재무제표로서\xa0지배기업, 관계기업의 투자자 또는\xa0공동기업의 참여자가 투자자산을 피투자자의 보고된 성과와 순자산에 근거하지 않고 직접적인 지분투자에 근거하여\xa0원가법으로 표시한 재무제표이며, 종속기업, 관계기업 또는\xa0공동기업으로부터 배당을 받을 권리가 확정되는 시점에 그 배당금을 별도재무제표에 당기손익으로 인식하고 있습니다.\xa0\n(4) 외화환산기능통화로 외화거래를 최초로 인식하는 경우에 거래일의 외화와 기능통화 사이의 현물환율을 외화금액에 적용하여 기록하며, 보고기간말 화폐성 외화항목은 마감환율로 환산하며, 역사적원가로 측정하는 비화폐성 외화항목은 거래일의 환율로 환산하고, 공정가치로 측정하는 비화폐성 외화항목은 공정가치가 결정된 날의 환율로 환산하고 있습니다. 화폐성항목의 결제시점에 생기는 외환차이와 화폐성항목의 환산에 사용한 환율이 회계기간 중 최초로 인식한 시점이나 전기의 재무제표 환산시점의 환율과 다르기 때문에 생기는 외환차이는 그 외환차이가 생기는 회계기간의 손익으로 인식하고 있으며, 일정요건을 충족하는 위험회피회계를 적용하는 외환차이 등은 기타포괄손익으로 보고하고 있습니다.비화폐성항목에서 생긴 손익을 기타포괄손익으로 인식하는 경우에 그 손익에 포함된환율변동효과도 기타포괄손익으로 인식하며, 비화폐성항목에서 생긴 손익을 당기손익으로 인식하는 경우에는 그 손익에 포함된 환율변동효과도 당기손익으로 인식하고있습니다. \n(5) 현금및현금성자산회사는 보유현금과 요구불예금, 유동성이 매우 높은 단기 투자자산으로서 확정된 금액의 현금으로 전환이 용이하고 가치변동의 위험이 경미한 자산을 현금 및 현금성자산으로 분류하고 있습니다. 지분상품은 현금성자산에서 제외하고 있으며 다만 상환일이 정해져 있고 취득일로부터 상환일까지의 기간이 단기인 우선주와 같이 실질적인 현금성자산인 경우에는 현금성자산에 포함하고 있으며, 금융회사의 요구에 따라 즉시 상환하여야 하는 당좌차월은 현금및현금성자산의 구성요소에 포함하고 있습니다.\xa0\xa0\n(6) 금융상품\n1) 금융자산금융자산은 금융상품의 계약당사자가 되는 때에만 재무상태표에 인식하고 있으며, 금융자산의 정형화된 매입이나 매도는 매매일 또는 결제일에 인식하고 있습니다. 금융상품의 최초 인식시점에 사업모형과 금융자산의 계약상 현금흐름의 특성에 따라금융자산은 당기손익-공정가치측정금융자산, 기타포괄손익-공정가치측정금융자산,상각후원가측정금융자산으로 분류하고 있습니다.금융자산은 최초인식시 공정가치로 측정하고 있으며, 당기손익-공정가치금융자산이 아닌 경우 당해 금융자산의 취득과 직접 관련되는 거래원가는 최초인식하는 공정가치에 가산하여 측정하고 있습니다. (가) 당기손익-공정가치측정금융자산금융자산을 단기매매목적으로 보유하고 있거나, 당기손익-공정가치측정금융자산으로 지정하는 경우와 기타포괄손익-공정가치측정금융자산 또는 상각후원가측정금융자산으로 분류되지 않는 금융자산은 당기손익-공정가치측정금융자산으로 분류합니다.\xa0\n또한 당기손익-공정가치측정금융자산의 지정이 서로 다른 기준에 따라 자산이나 부채를 측정하거나, 그에 따른 평가손익 등을 인식함으로써 발생할 수 있는 인식과 측정상의 불일치를 제거하거나 상당히 감소시킬 수 있는 경우에는 당기손익-공정가치 측정금융자산으로 지정할 수 있습니다.\n당기손익-공정가치측정금융자산은 공정가치로 측정하며 공정가치 변동으로 인한 평가손익은 당기손익으로 인식하고 있습니다. 금융자산으로부터 획득한 배당금과 이자수익도 당기손익으로 인식합니다.\n(나) 기타포괄손익-공정가치측정금융자산\n채무증권 중 사업모형이 현금흐름 수취 및 매도 사업모형으로 분류되고 계약상 현금흐름이 원금과 이자만으로 구성되어 있는지에 대한 검토를 만족하는 금융자산이나 단기간 내 매도할 목적이 아닌 지분증권 중 기타포괄손익-공정가치측정금융자산으로 지정한 상품은 기타포괄손익-공정가치측정금융자산으로 분류하고 있습니다. 기타포괄손익-공정가치측정금융자산은 최초인식 후에 공정가치로 측정합니다. 공정가치의 변동으로 인하여 발생하는 손익은 유효이자율법에 따른 이자수익, 배당수익 및 손익으로 직접 인식되는 화폐성자산에 대한 외환차이를 제외하고는 자본의 기타포괄손익항목으로 인식하고 있습니다.\xa0\n기타포괄손익-공정가치측정금융자산을 처분하는 경우 기타포괄손익으로 인식한 누적손익은 해당 기간의 당기손익으로 인식합니다. 다만, 기타포괄손익-공정가치측정 금융자산으로 지정한 지분증권에서 발생한 누적평가손익은 처분시 해당기간의 당기손익으로 인식되지 않습니다.\n외화로 표시된 기타포괄손익-공정가치측정금융자산의 공정가치는 해당 외화로 측정되며 보고기간 말 현재 환율로 환산합니다. 공정가치 변동분 중 상각후원가의 변동으로 인한 환산차이에서 발생한 부분은 당기손익으로 인식하며 기타 변동은 자본으로 인식하고 있습니다.\n\xa0(다) 상각후원가측정금융자산사업모형이 현금흐름 수취로 분류되고 계약상현금흐름 특성 평가를 만족하는 금융자산은 상각후원가 측정 금융자산으로 분류합니다. 최초 인식 후에는 유효이자율법을 사용한 상각후원가로 측정하며, 이자수익은 유효이자율법을 사용하여 인식합니다. (라) 금융자산의 제거금융자산의 현금흐름에 대한 계약상 권리가 소멸하거나, 금융자산의 현금흐름에 대한 권리를 양도하고 금융자산의 소유에 따른 위험과 보상의 대부분을 이전할 때 금융자산을 제거하고 있습니다. 만약,\xa0금융자산의 소유에 따른 위험과 보상의 대부분을 보유하지도 않고 이전하지도 아니한 경우,\xa0회사가 금융자산을 통제하고 있지도 않다면 금융자산을 제거하고, 금융자산을 계속 통제하고 있다면 그 양도자산에 대하여 지속적으로 관여하는 정도까지 계속하여 인식하고, 관련 부채를 함께 인식하고 있습니다. \xa02) 금융자산(채무상품)의 기대신용손실당기손익-공정가치측정금융자산을 제외한 상각후원가측정금융자산 및 기타포괄손익-공정가치측정채무상품은 매 보고기간 말에 기대신용손실을 평가하고 있습니다. 손실충당금의 측정방식은 신용위험의 유의적인 증가 여부에 따라 결정됩니다. 금융자산의 최초 인식 후 신용위험의 유의적인 증가 여부에 따라 아래 표와 같이 3단계로구분하여 12개월 기대신용손실이나 전체기간 기대신용손실에 해당하는 금액으로 손실충당금을 인식합니다.\n구 분\n손실충당금\nStage 1\n최초 인식 후 신용위험이 유의적으로 증가하지 않은 경우(주1)\n12개월 기대신용손실: 보고기간 말 이후 12개월 내에 발생 가능한 금융상품의 채무불이행 사건으로 인한 기대신용손실\nStage 2\n최초 인식 후 신용위험이 유의적으로 증가한 경우\n전체기간 기대신용손실: 기대존속기간에 발생할 수 있는 모든 채무불이행 사건으로 인한 기대신용손실\nStage 3\n신용이 손상된 경우\xa0\n(주1) 보고기간 말 신용위험이 낮은 경우에는 신용위험이 유의적으로 증가하지 않은 것으로 간주할 수 있음최초 인식 시점에 신용이 손상된 금융자산에 대하여 최초 인식 후 전체기간 기대신용손실의 누적변동분만을 손실충당금으로 계상합니다.한편, 매출채권, 계약자산, 리스채권 등에 대해서는 전체기간 기대신용손실에 해당하는 금액으로 손실충당금을 측정하는 간편법을 적용하고 있습니다. \n기대신용손실은 일정 범위의 발생 가능한 결과를 확률가중한 값으로, 화폐의 시간가치를 반영하고, 보고기간 말에 과거사건, 현재 상황과 미래 경제적 상황에 대한 예측에 대한 과도한 원가나 노력 없이 이용할 수 있는 정보를 반영해 측정합니다.\n3) 금융부채금융부채는 금융상품의 계약당사자가 되는 때에만 재무상태표에 인식하고 있으며, 금융부채의 최초 인식시 당기손익-공정가치측정금융부채 또는 기타금융부채로 분류하고 공정가치로 측정하고 있습니다. 당기손익-공정가치측정금융부채를 제외하고는해당 금융부채의 발생과 직접 관련되는 거래비용은 최초 측정시 공정가치에 차감하고 있습니다.\n(가)\xa0당기손익-공정가치측정부채당기손익-공정가치측정금융부채는 최초 인식시점에 당기손익-공정가치측정금융부채로 지정한 금융부채를 포함하고 있습니다. 당기손익-공정가치측정금융부채는 최초 인식 후 공정가치로 측정하며, 공정가치의 변동은 당기손익으로 인식하고 있습니다. 한편,최초 인식시점에 발행과 관련하여 발생한 거래비용은 발생 즉시 당기손익으로 인식하고 있습니다. (나) 당기손익-공정가치측정부채로 분류되지 않는 금융부채당기손익-공정가치측정부채로 분류되지 않는 금융부채는 다음의 금융부채를 제외하고는 최초인식 후 유효이자율법을 사용하여 상각후원가로 측정하고 있습니다. 금융자산의 양도가 제거 조건을 충족하지 못하거나 지속적관여접근법이 적용되는 경우에 발생하는 금융부채의 경우, 양도자산을 상각후원가로 측정한다면 양도자산과 관련부채의 순장부금액이 양도자가 보유하는 권리와 부담하는 의무의 상각후원가가 되도록 관련부채를 측정하며, 양도자산을 공정가치로 측정한다면 양도자산과 관련부채의 순장부금액이 양도자가 보유하는 권리와 부담하는 의무의 독립적으로 측정된 공정가치가 되도록 관련부채를 측정하고 있습니다. 금융보증부채(금융자산의 양도가 제거 조건을 충족하지 못하거나 지속적관여접근법이 적용되는 경우에 발생하는 금융부채 제외)와\xa0 시장이자율보다 낮은 이자율로 대출하기로 한 약정은 기대신용손실모형에 따른 손실충당금과 최초인식금액에서 이익누계액을 차감한 금액 중 큰 금액으로 측정됩니다.(다) 금융부채의 제거금융부채(또는 금융부채의 일부)는 소멸한 경우(즉, 계약상 의무가 이행, 취소 또는 만료된 경우)에만 재무상태표에서 제거하고 있습니다. 기존 차입자와 대여자가 실질적으로 다른 조건으로 채무상품을 교환하거나 기존 금융부채(또는 금융부채의 일부)의 조건이 실질적으로 변경된 경우 최초의 금융부채를 제거하고 새로운 금융부채를 인식하고 있으며, 소멸하거나 제3자에게 양도한 금융부채(또는 금융부채의 일부)의 장부금액과 지급한 대가의 차액은 당기손익으로 인식하고 있습니다. 4) 금융자산과 금융부채의 상계회사는 인식한 자산과 부채에 대해 법적으로 집행가능한 상계권리를 현재 보유하고 있으면서 순액으로 결제하거나 자산을 실현하는 동시에 부채를 결제할 의도를 가지고 있는 경우에 금융자산과 금융부채를 상계하고 재무상태표에 순액으로 표시하고 있습니다. 5) 부채와 자본의 분류채무상품과 지분상품은 계약의 실질 및 금융부채와 지분상품의 정의에 따라 금융부채 또는 자본으로 분류하고 있습니다.\n6) 파생상품파생상품은 최초 인식시 계약일의 공정가치로 측정하고 이후 공정가치로 재측정하고있습니다.\xa0\n(가) 내재파생상품① 금융자산이 주계약인 복합계약내재파생상품을 포함하는 금융자산은 복합계약 전체를 고려하여 분류를 결정하고 내재파생상품을 분리하여 인식하지 않습니다. 계약상 현금흐름이 원금과 이자로만 구성되어 있는지를 판단할 때에도 해당 복합계약 전체를 고려합니다.\xa0 ② 그 밖의 복합계약(복합계약이 금융자산이 아닌 주계약을 포함하는 경우)내재파생상품의 경제적 특성 및 위험이 주계약의 경제적 특성 및 위험과 밀접하게 관련되어 있지 않고, 내재파생상품과 동일한 조건을 가진 별도의 금융상품 등이 파생상품의 정의를 충족하며 복합계약의 공정가치 변동이 당기손익으로 인식되지 아니하는경우 주계약과 분리하여 별도의 파생상품으로 회계처리하고 있습니다.\n(7) 투자부동산투자부동산은 임대수익이나 시세차익 또는 두 가지 모두를 얻기 위하여 회사가\xa0 보유하고 있는 부동산으로서 최초 인식시점에 원가로 측정하고 거래원가는 최초 측정에 포함하고 있습니다.\xa0최초 인식 이후 투자부동산은 취득원가에서 감가상각누계액과 손상차손누계액을 차감한 금액을 장부금액으로 표시하고 있습니다.후속원가는 자산으로부터 발생하는 미래경제적효익이 유입될 가능성이 높으며, 자산의 원가를 신뢰성 있게 측정할 수 있는 경우 자산의 장부금액에 포함하거나 적절한 경우 별도의 자산으로 인식하고 있으며, 일상적인 수선ㆍ유지와 관련하여 발생하는 원가는 발생시점에 당기손익으로 인식하고 있습니다.투자부동산 중 토지에 대해서는 감가상각을 하지 않으며, 토지를 제외한 투자부동산은 경제적 내용연수에 따라 40년을 적용하여 정액법으로 상각하고 있습니다. 투자부동산의 감가상각방법, 잔존가치 및 내용연수는 매 보고기간말에 재검토하고 있으며, 이를 변경하는 것이 적절하다고 판단되는 경우 회계추정의 변경으로 회계처리하고 있습니다.\n부동산의 용도가 변경되는 경우에만 투자부동산의 대체가 발생하고 있으며 투자부동산, 자가사용부동산, 재고자산 사이에 대체가 발생할 때에 대체 전 자산의 장부금액을 승계하고 있습니다.투자부동산을 처분하거나, 투자부동산의 사용을 영구히 중지하고 처분으로도 더 이상의 경제적효익을 기대할 수 없는 경우에는 재무상태표에서 제거하고 있으며,\xa0투자부동산의 폐기나 처분으로 발생하는 손익은 순처분금액과 장부금액의 차액이며 폐기나 처분이 발생한 기간에 당기손익으로 인식하고 있습니다.\xa0(8) 유형자산유형자산은 최초 인식시점에 원가로 측정하고\xa0최초 인식 이후 취득원가에서 감가상각누계액과 손상차손누계액을 차감한 금액을 장부금액으로 표시하고 있습니다.\xa0유형자산의 원가는\xa0관세 및 환급불가능한 취득 관련 세금을 가산하고 매입할인과 리베이트 등을 차감한 구입가격, 경영진이 의도하는 방식으로 자산을 가동하는 데 필요한 장소와 상태에 이르게 하는 데 직접 관련되는 원가와 자산을 해체, 제거하거나 부지를 복구하는 데 소요될 것으로 최초에 추정되는 원가로 구성되고 있습니다.\xa0 \n후속원가는 자산으로부터 발생하는 미래경제적효익이 유입될 가능성이 높으며, 자산의 원가를 신뢰성 있게 측정할 수 있는 경우 자산의 장부금액에 포함하거나 적절한 경우 별도의 자산으로 인식하고 있으며, 일상적인 수선ㆍ유지와 관련하여 발생하는 원가는 발생시점에 당기손익으로 인식하고 있습니다.유형자산은 아래의 내용연수와 감가상각방법을 적용하여 감가상각하고 있습니다.\xa0\n구\xa0 \xa0 \xa0 \xa0 분\n내\xa0 용\xa0 연\xa0 수\n감가상각방법\n차량운반구(일반/운송)\n4년/6년\n정액법\n집기비품 등\n5년\n정액법\n유형자산을 구성하는 일부의 원가가 당해 유형자산의 전체원가에 비교하여 유의적이라면 해당 유형자산을 감가상각할 때 그 부분은 별도로 구분하여 감가상각하고 있습니다. 유형자산의 감가상각방법, 잔존가치 및 내용연수는 매 보고기간말에 재검토하고 있으며, 이를 변경하는 것이 적절하다고 판단되는 경우 회계추정의 변경으로 회계처리하고 있습니다.유형자산의 장부금액은 처분하는 때, 사용이나 처분을 통하여 미래경제적효익이 예상되지 않을 때 제거하고 있으며 제거로 인하여 발생하는 손익은 자산을 제거할 때 당기손익으로 인식하고 있습니다.\xa0\n(9) 무형자산회사는 자산에서 발생하는 미래경제적효익이 기업에 유입될 가능성이 높고 자산의 원가를 신뢰성 있게 측정할 수 있는 경우에 무형자산으로 인식하고 있으며, 최초 인식 후에 무형자산은 원가에서 상각누계액과 손상차손누계액을 차감한 금액을 장부금액으로 하고 있습니다. 1) 개별취득개별 취득하는 무형자산의 원가는 구입가격(매입할인과 리베이트를 차감하고 수입관세와 환급받을 수 없는 제세금을 포함)과 자산을 의도한 목적에 사용할 수 있도록 준비하는 데 직접 관련되는 원가로 구성되고 있습니다. \n2) 영업권사업결합과 관련하여 이전대가, 피취득자에 대한 비지배지분의 금액 및 단계적으로 이루어지는 사업결합의 경우 회사가 이전에 보유하고 있던 피취득자에 대한 지분의 취득일의 공정가치의 합계금액이 취득일의 식별가능한 취득 자산과 인수 부채의 순액을 초과하는 경우 그 초과금액을 영업권으로 인식하고 있습니다. 3) 사업결합으로 인한 취득사업결합으로 취득하는 영업권과 분리하여 인식하는 무형자산의 취득원가는 취득일의 공정가치로 측정하고 있습니다.\xa0\n4) 내부적으로 창출한 무형자산연구(또는 내부 프로젝트의 연구단계)에서 발생한 지출은 발생시점에 비용으로 인식하고 있으며, 무형자산을 사용하거나 판매하기 위해 그 자산을 완성할 수 있는 기술적 실현가능성,무형자산을 완성하여 사용하거나 판매하려는 기업의 의도, 무형자산을 사용하거나 판매할 수 있는 기업의 능력, 무형자산이 미래경제적효익을 창출하는 방법, 무형자산의 개발을 완료하고 그것을 판매하거나 사용하는 데 필요한 기술적, 재정적 자원 등의 입수가능성, 개발과정에서 발생한 무형자산 관련 지출을 신뢰성 있게 측정할 수 있는 기업의 능력을 모두 제시할 수 있는 경우에만 개발활동(또는 내부 프로젝트의 개발단계)에서 발생한 무형자산을 인식하고 있습니다. 내부적으로 창출한 무형자산의 원가는 무형자산의 인식기준을 최초로 충족시킨 이후에 발생한 지출금액의 합으로 하며 그 자산의 창출, 제조 및 경영자가 의도하는 방식으로 운영될 수 있게 준비하는 데 필요한 직접 관련된 모든 원가를 포함하고 있습니다. 내부적으로 창출한 영업권은 자산으로 인식하지 아니하고 있습니다. 5) 내용연수 및 상각내용연수가 유한한 무형자산의 경우 상각대상금액은 자산이 사용가능한 때부터 내용연수동안\xa0정액법으로 배분하고 있습니다. 상각대상금액은 잔존가치를 차감하여 결정하고 있으며,\xa0 잔존가치는 내용연수 종료 시점에 제 3자가 자산을 구입하기로 한 약정이 있거나, 무형자산의 활성시장이 있어 잔존가치를 그 활성시장에 기초하여 결정할 수 있고 그러한 활성시장이 내용연수 종료 시점에 존재할 가능성이 높은 경우를 제외하고는 영(0)으로 하고 있습니다. 내용연수가 유한한 무형자산의 상각기간과 상각방법은 매 보고기간말에 재검토하고 있으며 이를 변경하는 것이 적절하다고 판단되는 경우 회계추정의 변경으로 회계처리하고 있습니다.내용연수가 비한정인 무형자산은 상각하지 아니하며, 매 보고기간말 혹은 손상을 시사하는 징후가 있을 때 회수가능액과 장부금액을 비교하여 손상검사를 수행하고 있습니다. 무형자산의 내용연수가 비한정이라는 평가를 계속하여 정당화하는지를 매 보고기간말에 재검토하여 적절하지 않은 경우 회계추정의 변경으로 처리하고 있습니다. \n무형자산은 아래의 내용연수와 상각방법을 적용하고 있습니다.\xa0\n구\xa0 \xa0 \xa0 \xa0 분\n내 용 연 수\n상각방법\n소프트웨어\n5년\n정액법\n기타의무형자산\n5년\n정액법\n회\xa0\xa0 원\xa0\xa0 권\n비한정\n-\n6) 무형자산의 제거무형자산의 장부금액은 처분하는 때, 사용이나 처분으로 미래 경제적 효익이 예상되지 않을 때에 제거하며, 제거 손익은 순매각금액(매각금액에서 매각부대원가를 뺀 금액)과 장부금액의 차액으로 산정하며, 손익계산서에서 당기손익으로 인식합니다.\n(10) 차입원가회사는 의도된 용도로 사용하거나 판매가능한 상태에 이르게 하는 데 상당한 기간을 필요로 하는 적격자산의 취득, 건설 또는 생산과 직접 관련된 차입원가는 당해 자산 원가의 일부로 자본화하고 있으며 기타 차입원가는 발생기간에 비용으로 인식하고 있습니다.\xa0\n적격자산을 취득하기 위한 목적으로 특정하여 차입한 자금에 한하여 회계기간동안 그 차입금으로부터 실제 발생한 차입원가에서 당해 차입금의 일시적 운용에서 생긴 투자수익을 차감한 금액을 자본화가능차입원가로 결정하고 있습니다. 일반적인 목적으로 자금을 차입하고 이를 적격자산의 취득을 위해 사용하는 경우에 한하여 당해 자산관련 지출액에 자본화이자율을 적용하는 방식으로 자본화가능차입원가를 결정하고 있으며, 자본화이자율은 회계기간에 존재하는 기업의 차입금(적격자산을 취득하기 위해 특정 목적으로 차입한 자금 제외)에서 발생된 차입원가를 가중평균하여 산정하며 회계기간동안 자본화한 차입원가는 당해 기간동안 실제 발생한 차입원가를 초과할 수 없습니다. (11) 정부보조금회사는 정부보조금에 부수되는 조건의 준수와 보조금 수취에 대한 합리적인 확신이 있을 경우에만 정부보조금을 인식하고 있으며 시장이자율보다 낮은 이자율의 정부대여금의 효익은 정부보조금으로 처리하고 있습니다.수익관련정부보조금은 정부보조금으로 보전하려 하는 관련원가와 대응시키기 위해 필요한 기간에 걸쳐 체계적인 기준에 따라 정부보조금을 수익으로 인식하며,\xa0자산관련정부보조금은\xa0자산의 장부금액을 결정할 때 차감하여 표시하고 감가상각자산의 내용연수에 걸쳐 감가상각비를 감소시키는 방식으로 당기손익으로 인식하고 있습니다.이미 발생한 비용이나 손실에 대한 보전 또는 향후의 관련원가 없이 회사에 제공되는즉각적인 금융지원으로 수취하는 정부보조금은 정부보조금을 수취할 권리가 발생하는 기간에 수익으로 인식하며,\xa0\xa0비화폐성자산을 정부보조금으로 수취하는 경우 비화폐성자산의 공정가치를 평가하여 보조금과 자산 모두를 그 공정가치로 회계처리하고있습니다.상환의무가 발생하게 된 정부보조금은 회계추정의 변경으로 회계처리하고 있습니다.\n(12) 리스리스는 리스제공자가 대가와 교환하여 식별되는 자산의 사용 통제권을 일정기간 동안 리스이용자에게 이전하는 계약입니다. 회사는 계약의 약정시점에, 계약 자체가 리스인지, 계약이 리스를 포함하는지를 판단합니다. \n리스이용자 및 리스제공자는 리스계약이나 리스를 포함하는 계약에서 계약의 각 리스요소를 리스가 아닌 요소(이하\'비리스요소\'라고 함)와 분리하여 리스로 회계처리합니다. 다만, 회사는 리스이용자로서의 회계처리에서 실무적 간편법을 적용하여 비리스요소를 리스요소와 분리하지 않고 각 리스요소와 관련 비리스요소를 하나의 리스요소로 회계처리합니다.\n[리스이용자 회계처리]\n회사는 리스개시일에 기초자산을 사용할 권리를 나타내는 사용권자산과 리스료를 지급할 의무를 나타내는 리스부채를 인식합니다. 다만 회사는 단기리스와 소액기초자산리스에 대하여 리스이용자의 인식, 측정 및 표시 규정을 적용하지 않는 예외규정을선택하였습니다.\n사용권자산은 리스개시일에 원가로 측정하고, 후속적으로 원가에서 감가상각누계액과 손상차손누계액을 차감하고, 리스부채의 재측정에 따른 조정을 반영하여 측정합니다. 또한 사용권자산은 리스개시일부터 사용권자산의 내용연수 종료일과 리스기간종료일 중 이른 날까지 감가상각합니다. 사용권자산은 재무상태표에 \'유형자산\'으로 분류합니다.\n리스부채는 리스개시일 현재 지급되지 않은 리스료의 현재가치로 측정됩니다. 리스의 내재이자율을 쉽게 산정할 수 있는 경우에는 그 이자율로 리스료를 할인하며 그 이자율을 쉽게 산정할 수 없는 경우에는 리스이용자의 증분차입이자율을 사용합니다. 리스부채는 후속적으로 리스부채에 대한 이자비용만큼 증가하고, 지급한 리스료를 반영하여 감소합니다. 잔존가치보증에 따라 지급할 것으로 예상되는 금액의 변동,지수나 요율(이율)의 변동, 리스기간의 변경, 매수선택권이나 연장선택권의 행사여부평가의 변동에 따라 미래 리스료가 변경되는 경우에 리스부채를 재측정합니다. 리스부채는 재무상태표에 \'유동성장기부채\' 또는 \'장기차입금\'으로 분류합니다.\n단기리스(리스개시일에 리스기간이 12개월 이하인 리스)와 소액자산리스의 경우 예외 규정을 선택하여 리스료를 리스기간에 걸쳐 정액기준으로 비용을 인식합니다.\xa0\n[리스제공자 회계처리]회사는 리스약정일에 리스자산의 소유에 따른 위험과 보상의 대부분을 이전하는 리스는 금융리스로 분류하고, 금융리스 이외의 모든 리스는 운용리스로 분류합니다. 1) 금융리스리스제공자는 금융리스의 리스순투자와 동일한 금액을 금융리스채권으로 인식하고 있으며, 금융리스에서 이자수익은 리스제공자의 금융리스 순투자 금액에 대하여 일정한 기간이자율이 산출되는 방식을 적용하여 인식하고 있습니다. 금융리스에서 제조자나 판매자인 리스제공자는 일반판매에 대하여 채택하고 있는 회계정책에 따라 매출손익을 인식하고 있으며, 만약 인위적으로 낮은 이자율이 적용되었다면 시장이자율을 적용하였을 경우의 금액을 한도로 매출이익을 인식하고 있습니다. 제조자나 판매자인 리스제공자로서 부담하는 금융리스 체결원가는 리스개시일에 비용으로 인식하고 있습니다.2) 운용리스운용리스에서 리스료수익은 리스자산의 사용으로 생기는 효익이 감소되는 형태를 더잘 나타내는 다른 체계적인 인식기준이 없다면 리스기간에 걸쳐 정액기준으로 인식하고 있습니다. 운용리스의 체결 과정에서 발생한 리스개설직접원가는 운용리스자산의 장부금액에 더하고 리스료 수익과 같은 기준으로 리스기간에 걸쳐 비용으로 인식하며 운용리스자산의 감가상각은 리스제공자가 소유한 비슷한 자산의 보통 감가상각정책과 일치하게 회계처리하고 있습니다.\xa0\n(13) 충당부채충당부채는 과거사건의 결과로 현재의무가 존재하고, 당해 의무를 이행하기 위하여 경제적효익을 갖는 자원이 유출될 가능성이 높으며 당해 의무의 이행에 소요되는 금액을 신뢰성 있게 추정할 수 있는 경우에 인식하고 있습니다. 충당부채로 인식하는 금액은 현재의무를 보고기간말에 이행하기 위하여 소요되는 지출에 대한 최선의 추정치로서 최선의 추정치를 구할 때에는 관련된 사건과 상황에 대한 불가피한 위험과 불확실성을 고려하고 있습니다. 화폐의 시간가치 효과가 중요한 경우 충당부채는 의무를 이행하기 위하여 예상되는 지출액의 현재가치로 평가하고 있으며 할인율은 부채의 고유한 위험과 화폐의 시간가치에 대한 현행 시장의 평가를 반영한 세전 이율이며 이 할인율에 반영되는 위험에는 미래 현금흐름을 추정할 때 고려된 위험은 반영하지 아니하고 있습니다. 현재의무를 이행하기 위하여 소요되는 지출 금액에 영향을 미치는 미래사건이 발생할 것이라는 충분하고 객관적인 증거가 있는 경우에는 그러한 미래사건을 감안하여 충당부채 금액을 추정하고 있으며, 자산의 예상처분이익은 충당부채를 측정하는 데 고려하지 아니하고 있습니다. 충당부채를 결제하기 위하여 필요한 지출액의 일부 또는 전부를 제 3자가 변제할 것이 예상되는 경우 회사가 의무를 이행한다면 변제를 받을 것이 거의 확실하게 되는 때에 한하여 변제금액을 인식하고 별도의 자산으로 회계처리하고 있으며 자산으로 인식하는 금액은 관련 충당부채 금액을 초과할 수 없습니다. 매 보고기간말마다 충당부채의 잔액을 검토하고, 보고기간말 현재 최선의 추정치를 반영하여 조정하며 의무이행을 위하여 경제적효익을 갖는 자원이 유출될 가능성이 더 이상 높지 아니한 경우에는 관련 충당부채를 환입하고 있습니다. 충당부채는 최초인식과 관련있는 지출에만 사용하고 있습니다. \n(14) 전환사채회사가 발행한 전환사채는 계약의 실질에 따라 금융부채와 자본으로 각각 분류하고 있습니다. 최초인식시점에서 금융부채의 공정가치는 계약상 정해진 미래현금흐름을 당해 금융상품과 동일한 조건 및 유사한 신용상태를 가지며 실질적으로 동일한 현금흐름을 제공하지만 전환권이 없는 채무상품에 적용되는 그 시점의 시장이자율로 할인한 현재가치로 추정하고 전환권의 행사로 인하여 소멸되거나 만기까지 유효이자율법을 적용한 상각후원가로 측정하며, 자본요소인 전환권의 장부금액은 전환사채 전체의 공정가치에서 금융부채의 공정가치를 차감하여 법인세효과를 반영한 금액으로 결정하고 이후 재측정하지 않고 있습니다. 전환사채의 발행과 관련된 거래원가는 배분된 발행금액에 비례하여 금융부채와 자본에 배분하고 있습니다. (15) 자기주식회사가 자기지분상품을 재취득하는 경우 이러한 지분상품은 자본에서 자기주식의 과목으로 하여 차감하고 있습니다. 자기지분상품을 매입 또는 매도하거나 발행 또는 소각하는 경우의 손익은 당기손익으로 인식하지 아니하고 있습니다. (16) 수익\n회사는 기업회계기준서 제1115호 \'고객과의 계약에서 생기는 수익\'의 적용범위에 포함되는 고객과의 모든 계약에 5단계 수익인식모형(① 계약 식별 → ② 수행의무식별 → ③ 거래가격 산정 → ④ 거래가격을 수행의무에 배분 →⑤ 수행의무 이행 시 수익 인식)을 적용하여 수익을 인식합니다. 1) 수행의무의 식별회사는 ① 고객이 재화나 용역 그 자체에서 효익을 얻거나 고객이 쉽게 구할 수 있는 다른 자원과 함께하여 그 재화나 용역에서 효익을 얻을 수 있고, ② 고객에게 재화나 용역을 이전하기로 하는 약속을 계약\xa0회사내의 다른 약속과 별도로 식별해 낼 수 있다면 구별되는 별도의 수행의무로 식별합니다.\xa0또한, 각각의 수행의무를 한 시점에 이행하는지 기간에 걸쳐 이행하는지에 따라 회사의 수익인식 시점이 변경되었습니다.2)\xa0한 시점에 이행하는 수행의무\n재화의 판매에 따른\xa0수익은 자산을 이전하여 수행의무를 이행할 때 인식하고 있으며,한 시점에 이행하는 수행의무는 고객에게 재화나 용역에 대한 통제를 이전하는 시점에 이행되고 있습니다. 회사는 수행의무를 이행하는 시점을 판단하기 위한 통제 이전의 지표로 다음을 참고하고 있습니다. ① 기업은 자산에 대해 현재 지급청구권이 있다② 고객에게 자산의 법적 소유권이 있다③ 기업이 자산의 물리적 점유를 이전하였다④ 자산의 소유에 따른 유의적인 위험과 보상이 고객에게 있다⑤ 고객이 자산을 인수하였다3)\xa0기간에 걸쳐 이행하는 수행의무회사는 다음 기준 중 어느 하나를 충족하는 경우 재화나 용역에 대한 통제를 기간에 걸쳐 이전하므로, 기간에 걸쳐 수행의무를 이행하는 것으로 보아 기간에 걸쳐 수익을인식하고 있습니다.① 고객은 기업이 수행하는 대로 기업의 수행에서 제공하는 효익을 동시에 얻고 소비한다② 기업이 수행하여 만들어지거나 가치가 높아지는 대로 고객이 통제하는 자산을 회사가 만들거나 그 자산 가치를 높인다③ 기업이 수행하여 만든 자산이 기업 자체에는 대체 용도가 없고 지금까지 수행을 완료한 부분에 대해 집행 가능한 지급청구권이 기업에 있다\n4) 투입법을 이용한 진행률 측정\n회사는 기간에 걸쳐 이행하는 수행의무에는 투입법으로 진행률 측정방법을 적용하고있습니다. 고객에게 재화나 용역에 대한 통제를 이전하는 과정에서 기업의 수행 정도를 나타내지 못하는 투입물의 영향은 투입법에서 제외하고 있습니다. 또한, 수행의무의 산출물을 합리적으로 측정할 수 없으나 원가는 회수될 것으로 예상한다면, 산출물을 합리적으로 측정할 수 있을 때까지 발생원가 범위에서만 수익을 인식하고 있습니다. 한편, 계약 개시 시점에 재화가 구별되지 않고, 고객이 재화와 관련된 용역을 제공받는 때 보다 유의적으로 이른 시점에 그 재화를 통제할 것으로 예상되며, 이전되는 재화의 원가가 수행의무를 완전히 이행하기 위해 예상되는 총 원가와 비교하여 유의적인데다, 기업이 제삼자에게서 재화를 조달받고 그 재화의 설계와 생산에 유의적으로\xa0관여하지 않는다고 예상한다면, 수행의무를 이행하기 위해 사용한 재화의 원가와 동일한 금액을 수익으로 인식하고 있습니다.\n5) 변동대가\n회사는 계약에서 약속한 대가에 변동금액이 포함된 경우에 고객에게 약속한 재화나 용역을 이전하고 그 대가로 받을 권리를 갖게 될 금액을 추정하고 있습니다. 대가는 할인(discount), 리베이트, 환불, 공제(credits), 가격할인(price concessions), 장려금(incentives), 성과보너스, 위약금이나 그 밖의 비슷한 항목 때문에 변동될 수 있습니다. 회사가 대가를 받을 권리가 미래 사건의 발생 여부에 달려있는 경우에도약속한 대가는 변동될 수 있습니다. 예를 들면 반품권을 부여하여 제품을 판매하거나특정단계에 도달해야 고정금액의 성과보너스를 주기로 약속한 경우에 대가는 변동될 수 있습니다.\n6) 유의적인 금융요소회사는 거래가격을 산정할 때, 계약 당사자들 간에 합의한 지급시기 때문에 고객에게재화나 용역을 이전하면서 유의적인 금융 효익이 고객이나 기업에 제공되는 경우에는 화폐의 시간가치가 미치는 영향을 반영하여 약속된 대가를 조정하고 있습니다.\xa0다만, 계약을 개시할 때 기업이 고객에게 약속한 재화나 용역을 이전하는 시점과 고객이 그에 대한 대가를 지급하는 시점 간의 기간이 1년 이내일 것이라고 예상한다면 유의적인 금융요소의 영향을 반영하여 약속한 대가(금액)를 조정하지 않는 실무적 간편법을 적용하고 있습니다\n7) 거래가격의 배분\n회사는 하나의 계약에서 식별된 여러 수행의무에 상대적 개별 판매가격을 기초로 거래가격을 배분합니다.\n8) 계약체결증분원가\n계약체결 증분원가는 고객과 계약을 체결하기 위해 들인 원가로서 계약을 체결하지 않았다면 들지 않았을 원가로 회사는 계약 체결 여부와 무관하게 드는 계약체결원가는 계약 체결 여부와 관계없이 고객에게 그 원가를 명백히 청구할 수 있는 경우가 아니라면 발생시점에 비용으로 인식하고 있습니다. 자산화된 계약체결증분원가는 관련된 재화나 용역을 고객에게 이전하는 방식과 일치하는 체계적인 기준으로 상각하고 있습니다.\xa0다만, 회사는 상각기간이 1년 이하인 경우 계약체결 증분원가를 발생시점에 비용으로 인식하는 실무적 간편법을 적용하고 있습니다\n9) 계약자산 및 계약부채\n계약자산은 기업이 고객에게 이전한 재화나 용역에 대하여 그 대가를 받을 기업의 권리이며, 계약부채는 기업이 고객에게서 이미 받은 대가(또는 지급기일이 된 대가)에 상응하여 고객에게 재화나 용역을 이전하여야 하는 기업의 의무로 정의됩니다. 회사는 한 계약에서 발생한 계약자산과 계약부채는 상계하여 순액으로 재무상태표에표시하고 있습니다.\n(17) 종업원급여1) 단기종업원급여단기종업원급여는 임금, 사회보장분담금, 종업원이 관련 근무용역을 제공하는 회계기간의 말부터 12개월 이내에 결제될 유급연차휴가 또는 유급병가 등과 같은 단기유급휴가, 종업원이 관련 근무용역을 제공하는 회계기간의 말부터 12개월 이내에 지급될 이익분배금과 상여금 및 현직종업원을 위한 비화폐성급여를 포함하고 있습니다. 종업원이 회계기간에 근무용역을 제공한 때 근무용역과 교환하여 지급이 예상되는 단기종업원급여의 할인되지 않은 금액을 이미 지급한 금액을 차감한 후 미지급비용으로 인식하며, 이미 지급한 금액이 해당 급여의 할인되지 않은 금액보다 많은 경우에는 그 초과액 때문에 미래 지급액이 감소하거나 현금이 환급되는 만큼을 선급비용으로\xa0인식하며,\xa0다른 한국채택국제회계기준서에 따라 해당 급여를 자산의 원가에 포함하는 경우를 제외하고는 비용으로 인식하고 있습니다.\xa02) 퇴직급여\n(가) 확정급여제도확정급여제도는 확정기여제도 이외의 모든 퇴직급여제도로서\xa0순확정급여부채로 인식하는 금액은 보고기간말 현재 확정급여채무의\xa0현재가치에서 관련 확정급여채무를\xa0직접 결제하는 데 사용할 수 있는 사외적립자산의 보고기간말 현재 공정가치를 차감한 금액이며, 확정급여채무는 매년 독립적인 보험계리법인에 의해 예측단위적립방식에 따라 산정하고 있습니다. 확정급여채무의 현재가치는 급여가 지급될 통화로 표시되고 관련 확정급여부채의 지급시점과 만기가 유사한\xa0우량회사채의\xa0시장수익률로\xa0기대미래현금유출액을 할인하여 산정하고 있습니다.확정급여원가 중 근무원가와 순확정급여부채(자산)의 순이자는 당기손익으로 인식하며, 순확정급여부채(자산)의 재측정요소는 기타포괄손익으로 인식하고 있습니다. 한편, 기타포괄손익에 인식되는 순확정급여부채(자산)의 재측정요소는 후속기간에 당기손익으로 재분류하지 아니하고 있습니다. 부의\xa0순확정급여부채인\xa0순확정급여자산은\xa0 제도로부터 환급받거나 제도에 대한 미래기여금이 절감되는 방식으로 이용가능한 경제적효익의 현재가치의 합계를 한도로 인식하고 있습니다. 회사가 급여를 과거근무용역에 귀속시키는 확정급여제도를 새로 도입하거나 기존의 확정급여제도에서 과거근무용역에 대하여 지급해야 하는 급여를 변경하는 경우 발생하는 과거근무원가는 제도개정으로 인하여 발생하는 부채의 변동금액으로\xa0측정하고 즉시 비용으로 인식하고 있습니다.\xa0\n3) 기타장기종업원급여기타장기종업원급여는 종업원이 관련 근무용역을 제공한 회계기간의 말부터 12개월이 지난 후에 결제될 것으로 예상되는 장기유급휴가, 그 밖의 장기근속급여, 장기장애급여, 이익분배금과 상여금, 이연보상을 포함하고 있습니다. 기타장기종업원급여와 관련하여 부채로 인식할 금액은 보고기간말 현재 확정급여채무의 현재가치에서 관련 확정급여채무를 직접 결제하는 데 사용할 수 있는 사외적립자산의 보고기간말 현재 공정가치를 차감하여 인식하고 있습니다.\xa0\n4) 해고급여해고급여에 대한 부채와 비용은 회사가 해고급여의 제안을 더 이상 철회할 수 없을 때와 기업회계기준서 제1037호\xa0\xa0 \'충당부채, 우발부채, 우발자산\'의 적용범위에 포함되고 해고급여의 지급을 수반하는 구조조정에 대한 원가를 인식할 때 중 이른 날에인식합니다. (18) 자산손상재고자산,\xa0기업회계기준서 제1115호 \'고객과의 계약에서 생기는 수익\'에 따라 인식하는 계약자산과 계약을 체결하거나 이행하기 위해 든 원가에서 생기는 자산, 이연법인세자산, 종업원급여에서\xa0생기는\xa0자산,금융자산, 공정가치로 측정되는 투자부동산, 매각예정비유동자산 등을 제외한 모든 자산의 손상은 아래의 방법으로 손상차손을 인식하고 있습니다.\xa0내용연수가 비한정인 무형자산, 아직 사용할 수 없는 무형자산 및 사업결합으로 취득한 영업권에 대해서는 자산손상을 시사하는 징후가 있는지에 관계없이\xa0 매년\xa0 회수가능액을 추정하고 장부금액과 비교하여 손상검사를 하고 있으며, 그 외의 자산은 매 보고기간말마다 자산손상을 시사하는 징후가 있는지를 검토하고 그러한 징후가 있다면 개별 자산별로 회수가능액을 추정하며 개별 자산의 회수가능액을 추정할 수 없다면 그 자산이 속하는 현금창출단위의 회수가능액을 추정하고 있습니다. 자산의 회수가능액은 자산 또는 현금창출단위의 순공정가치와 사용가치 더 많은 금액으로 측정하고 있습니다. 자산의 회수가능액이 장부금액에 미달하는 경우 자산의 장부금액을 회수가능액으로 감소시키며, 손상차손은 즉시 당기손익으로 인식하고 있습니다. 손상검사 목적상 사업결합으로 취득한 영업권은 사업결합으로 인한 시너지효과의 혜택을 받게 될 것으로 기대되는 각 현금창출단위에 취득일로부터 배분되고 있습니다. 영업권이 배분된 현금창출단위에 대해서는 매년 그리고 손상을 시사하는 징후가 있을 때마다 영업권을 포함한 현금창출단위의 장부금액과 회수가능액을 비교하여 손상검사를 하고 있으며 현금창출단위의 장부금액이 회수가능액을 초과하는 경우에는 손상차손을 인식하고 있습니다. 현금창출단위의 손상차손은 우선 현금창출단위에 배분된 영업권의 장부금액을 감소시키고 그 다음 현금창출단위에 속하는 다른 자산에 각각 장부금액에 비례하여 배분하고 있습니다. 매 보고기간말마다 영업권을 제외한 자산에 대해 과거에 인식한 손상차손이 더 이상 존재하지 않거나 감소된 것을 시사하는 징후가 있는지를 검토하여 징후가 있는 경우 당해 자산의 회수가능액을 추정하고 있으며 직전 손상차손의 인식시점 이후 회수가능액을 결정하는 데 사용된 추정치에 변화가 있는 경우에만 환입하고 있습니다. 손상차손환입으로 증가된 장부금액은 과거에 손상차손을 인식하기 전 장부금액의 감가상각 또는 상각 후 잔액을 초과할 수 없으며,\xa0손상차손환입은 즉시 당기손익으로 인식하고 있습니다.\xa0현금창출단위의 손상차손환입은 현금창출단위를 구성하는 자산들(영업권 제외)의 장부금액에 비례하여 배분하며, 영업권에 대해 인식한 손상차손은 후속기간에 환입하지 않고 있습니다. (19) 법인세법인세비용(수익)은 당기법인세비용(수익)과 이연법인세비용(수익)으로 구성되고 있습니다. 당기법인세와 이연법인세는 수익이나 비용으로 인식하여 당기손익에 포함하고 있으며, 동일 회계기간 또는 다른 회계기간에 자본에 직접 가감되는 항목과 관련된 당기법인세와 이연법인세는 자본에 직접 가감하고 있습니다. 1) 당기법인세당기법인세는 회계기간의 과세소득(세무상결손금)에 대하여 납부할(환급받을) 법인세액이며, 과세소득(세무상결손금)은 과세당국이 제정한 법규에 따라 납부할(환급받을) 법인세를 산출하는 대상이 되는 회계기간의 이익(손실)으로서 포괄손익계산서의 손익과는 차이가 있습니다. 당기 및 과거기간의 당기법인세부채(자산)는 보고기간말까지 제정되었거나 실질적으로 제정된 세율(및 세법)을 사용하여,\xa0 과세당국에 납부할(과세당국으로부터 환급받을) 것으로 예상되는 금액으로 측정하고 있습니다.\n당기 및 과거기간의 당기법인세 중 납부되지 않은 부분을 부채로 인식하며, 과거기간에 납부하여야 할 금액을 초과해서 납부하였다면 그 초과금액은 자산으로 인식하고 있으며, 과거 회계기간의 당기법인세에 대하여 소급공제가 가능한 세무상결손금과 관련된 혜택은 자산으로 인식하고 있습니다. 2) 이연법인세회사는 모든 가산할 일시적차이에 대하여 이연법인세부채를 인식하고 있습니다. 다만 영업권을 최초로 인식하는 경우와 자산·부채가 최초로 인식되는 거래가 사업결합거래가 아니고 거래 당시의 회계이익이나 과세소득(세무상결손금)에 영향을 미치지 아니하는 거래인 경우 및 종속기업·지점 및 관계기업에 대한 투자자산\xa0그리고\xa0공동약정투자지분과 관련된 가산할 일시적차이에 대하여 지배기업· 투자자 또는\xa0참여자가 일시적차이의 소멸시점을 통제할 수 있고 예측가능한 미래에 일시적차이가 소멸하지 않을 가능성이 높을 경우에 발생하는 이연법인세부채는 인식하지 아니하고 있습니다. 회사는 차감할 일시적차이가 사용될 수 있는 과세소득의 발생가능성이 높은 경우에 모든 차감할 일시적차이에 대하여 이연법인세자산을 인식하고 있습니다. 다만, 자산이나 부채를 최초로 인식할 때 발생하는 거래로 사업결합거래가 아니고 거래 당시 회계이익이나 과세소득(세무상결손금)에 영향을 미치지 않는 거래인 경우\xa0 및\xa0 종속기업·지점 및 관계기업에 대한 투자자산 그리고\xa0공동약정투자지분과 관련된 모든 차감할 일시적차이에 대하여 일시적차이가 예측가능한 미래에 소멸할 가능성이 높지않거나 일시적차이가 사용될 수 있는 과세소득이 발생할 가능성이 높지 않은 경우에는 이연법인세자산은 인식하지 아니하고 있습니다. 미사용 세무상결손금과 세액공제가 사용될 수 있는 미래 과세소득의 발생가능성이 높은 경우 그 범위 안에서 이월된 미사용 세무상결손금과 세액공제에 대하여 이연법인세자산을 인식하고 있습니다. 이연법인세자산의 장부금액은 매 보고기간말에 검토하며 이연법인세자산의 일부 또는 전부에 대한 혜택이 사용되기에 충분한 과세소득이 발생할 가능성이 더 이상 높지않다면 이연법인세자산의 장부금액을 감액시키고 감액된 금액은 사용되기에 충분한 과세소득이 발생할 가능성이 높아지면 그 범위 내에서 환입하고 있습니다. 이연법인세 자산과 부채는 보고기간말까지 제정되었거나 실질적으로 제정된 세율(및세법)에 근거하여 당해 자산이 실현되거나 부채가 결제될 회계기간에 적용될 것으로 기대되는 세율을 사용하여 측정하고 있으며 이연법인세 자산과 부채는 할인하지 아니하고 있습니다. 회사가 당기법인세자산과 당기법인세부채를 상계할 수 있는 법적으로 집행가능한 권리를 가지고 있으며 동일한 과세당국에 의해서 부과되는 법인세와 관련하여 이연법인세자산과 이연법인세부채를 상계하고 있습니다. \xa0(20) 주당이익회사는 기본주당이익과 희석주당이익을 보통주에 귀속되는 계속영업손익과 당기순손익에 대하여 계산하고 포괄손익계산서에 표시하고 있습니다. 기본주당이익은 보통주에 귀속되는 특정 회계기간의 당기순손익을 그 기간에 유통된보통주식수를 가중평균한 주식수로 나누어 계산하고 있으며, 보통주에 귀속되는 금액은 계속영업손익과 당기순손익 각각의 금액에서 자본으로 분류된 우선주에 대한 세후우선주 배당금,우선주 상환시 발생한 차액 및 유사한 효과를 조정한 금액입니다.희석주당이익은 모든 희석효과가 있는 잠재적보통주의 영향을 고려하여 보통주에 귀속되는 당기순손익 및 가중평균유통보통주식수를 조정하여 계산하고 있습니다.\n(21) 매각예정비유동자산\n비유동자산(또는 처분자산집단)의 장부금액이 계속사용이 아닌 매각거래를 통하여 주로 회수될 것이라면 이를 매각예정으로 분류하며 순공정가치와 장부금액 중 작은 금액으로 측정하고, 그 자산은 감가상각(또는 상각)하지 아니하고 있습니다. 매각예정으로 분류된 비유동자산은 다른 자산과 별도로 재무상태표에 표시하며 매각예정으로 분류된 처분자산집단에 포함되는 자산이나 부채는 다른 자산이나 부채와 별도로 재무상태표에 표시하고 있습니다. (22) 중단영업회사는 별도의 주요 사업계열이나 영업지역을 처분하거나 매각예정으로 분류되는 경우 등을 중단영업으로 분류하고 있으며, 중단영업이 있는 경우 세후 중단영업손익 등을 포괄손익계산서에 단일금액으로 표시하고 중단영업의 수익, 비용 및 세전 중단영업손익 등을 공시하고 있습니다. 또한, 회사는 비교표시되는 과거재무제표에 중단영업관련 공시사항을 다시 표시하고 있습니다.(23) 오류수정특정기간에 미치는 오류의 영향이나 오류의 누적효과를 실무적으로 결정할 수 없는 경우를 제외하고는 중요한 전기오류가 발견된 이후 최초로 발행을 승인하는 재무제표에 오류가 발생한 과거기간의 재무제표가 비교표시되는 경우 그 재무정보를 재작성하고 있습니다.(24) 중요한 회계추정 및 판단\n재무제표의 작성시 경영진은 회계정책의 적용이나 자산, 부채, 수익, 비용의 장부금액 및 우발부채의 금액에 영향을 미칠 수 있는 판단과 추정 및 가정을 하여야 합니다.보고기간말 현재 이러한 추정치는 경영진의 최선의 판단 및 추정에 따라 이루어지고 있으며 추정치와 추정에 대한 가정은 지속적으로 검토되고 있으나 향후 경영환경의 변화에 따라 실제 결과와는 중요하게 다를 수도 있습니다.\n3. 금융상품의 범주 및 상계(1) 금융자산의 범주<당반기>\xa0 \xa0 \xa0 \xa0 \xa0 \xa0 \xa0 \xa0 \xa0 \xa0 \xa0 \xa0 \xa0 \xa0 \xa0 \xa0 \xa0 \xa0 \xa0 \xa0 \xa0 \xa0 \xa0 \xa0 \xa0 \xa0 \xa0 \xa0 \xa0 \xa0 \xa0 \xa0 \xa0 \xa0 \xa0 \xa0 \xa0 \xa0 \xa0 \xa0 \xa0 \xa0 \xa0 \xa0 \xa0 \xa0 \xa0 \xa0 \xa0 \xa0 \xa0 (단위 : 천원)\n구분\n상각후원가측정금융자산\n당기손익-공정가치측정금융자산\n기타포괄손익-공정가치측정금융자산\n합계\n현금및현금성자산\n10,060,205\n-\n-\n10,060,205\n단기금융상품\n87,849,368\n-\n-\n87,849,368\n매출채권\n313,120\n-\n-\n313,120\n단기대여금\n35,000\n-\n-\n35,000\n미수금 등\n12,007,885\n-\n-\n12,007,885\n장기금융상품\n302,500\n-\n-\n302,500\n장기기타금융자산\n-\n-\n7,396,526\n7,396,526\n보증금 등\n2,057,631\n-\n-\n2,057,631\n합계\n112,625,709\n-\n7,396,526\n120,022,235\n<전기>\n\xa0 \xa0 \xa0 \xa0 \xa0 \xa0 \xa0 \xa0 \xa0 \xa0 \xa0 \xa0 \xa0 \xa0 \xa0 \xa0 \xa0 \xa0 \xa0 \xa0 \xa0 \xa0 \xa0 \xa0 \xa0 \xa0 \xa0 \xa0 \xa0 \xa0 \xa0 \xa0 \xa0 \xa0 \xa0 \xa0 \xa0 \xa0 \xa0 \xa0 \xa0 \xa0 \xa0 \xa0 \xa0 \xa0 \xa0 \xa0 \xa0 \xa0 \xa0 (단위 : 천원)\n구분\n상각후원가측정금융자산\n당기손익-공정가치측정금융자산\n기타포괄손익-공정가치측정금융자산\n합계\n현금및현금성자산\n11,781,990\n-\n-\n11,781,990\n단기금융상품\n182,682,802\n-\n-\n182,682,802\n매출채권\n274,649\n-\n-\n274,649\n단기대여금\n35,000\n-\n-\n35,000\n미수금 등\n8,261,024\n-\n-\n8,261,024\n장기금융상품\n302,500\n-\n-\n302,500\n장기기타금융자산\n-\n-\n8,896,869\n8,896,869\n보증금 등\n2,226,147\n-\n-\n2,226,147\n합계\n205,564,113\n-\n8,896,869\n214,460,982\n(2) 금융부채의 범주\n<당반기>\xa0 \xa0 \xa0 \xa0 \xa0 \xa0 \xa0 \xa0 \xa0 \xa0 \xa0 \xa0 \xa0 \xa0 \xa0 \xa0 \xa0 \xa0 \xa0 \xa0 \xa0 \xa0 \xa0 \xa0 \xa0 \xa0 \xa0 \xa0 \xa0 \xa0 \xa0 \xa0 \xa0 \xa0 \xa0 \xa0 \xa0 \xa0 \xa0 \xa0 \xa0 \xa0 \xa0 \xa0 \xa0 \xa0 \xa0 \xa0 \xa0 \xa0 \xa0 (단위 : 천원)\n구분\n당기손익-공정가치측정금융부채\n상각후원가측정금융부채\n합계\n매입채무\n-\n216,850\n216,850\n금융리스부채(유동)\n-\n1,883,983\n1,883,983\n미지급금 등\n-\n83,709,209\n83,709,209\n사채\n-\n1,884,282\n1,884,282\n단기기타금융부채\n138,682\n-\n138,682\n금융리스부채(비유동)\n-\n1,733,347\n1,733,347\n합계\n138,682\n89,427,672\n89,566,354\n<전기>\n\xa0 \xa0 \xa0 \xa0 \xa0 \xa0 \xa0 \xa0 \xa0 \xa0 \xa0 \xa0 \xa0 \xa0 \xa0 \xa0 \xa0 \xa0 \xa0 \xa0 \xa0 \xa0 \xa0 \xa0 \xa0 \xa0 \xa0 \xa0 \xa0 \xa0 \xa0 \xa0 \xa0 \xa0 \xa0 \xa0 \xa0 \xa0 \xa0 \xa0 \xa0 \xa0 \xa0 \xa0 \xa0 \xa0 \xa0 \xa0 \xa0 \xa0 \xa0 (단위 : 천원)\n구분\n당기손익-공정가치측정금융부채\n상각후원가측정금융부채\n합계\n매입채무\n-\n162,200\n162,200\n금융리스부채(유동)\n-\n283,843\n283,843\n미지급금 등\n-\n13,174,841\n13,174,841\n사채\n-\n28,088,754\n28,088,754\n단기기타금융부채\n2,149,571\n-\n2,149,571\n금융리스부채(비유동)\n-\n180,902\n180,902\n장기미지급금\n-\n87,840,267\n87,840,267\n합계\n2,149,571\n129,730,806\n131,880,377\n(3) 금융상품 범주별 순손익<당반기>\n\xa0 \xa0 \xa0 \xa0 \xa0 \xa0 \xa0 \xa0 \xa0 \xa0 \xa0 \xa0 \xa0 \xa0 \xa0 \xa0 \xa0 \xa0 \xa0 \xa0 \xa0 \xa0 \xa0 \xa0 \xa0 \xa0 \xa0 \xa0 \xa0 \xa0 \xa0 \xa0 \xa0 \xa0 \xa0 \xa0 \xa0 \xa0 \xa0 \xa0 \xa0 \xa0 \xa0 \xa0 \xa0 \xa0 \xa0 \xa0 \xa0 \xa0 \xa0 (단위 : 천원)\n구분\n수익(비용)\n기타포괄손익\n재분류조정\n이자수익(비용)\n수수료수익(비용)\n평가이익(손실)\n<금융자산>\n\u3000\n\u3000\n\u3000\n\u3000\n\u3000\n\u3000\n\xa0상각후원가측정금융자산\n-\n-\n-\n846,533\n-\n-\n\xa0기타포괄손익-공정가치측정금융자산\n-\n-\n-\n-\n-\n\u3000\n\xa0당기손익-공정가치측정금융자산\n-\n-\n-\n-\n-\n-\n합계\n-\n-\n-\n846,533\n-\n-\n<금융부채>\n\u3000\n\u3000\n\u3000\n\u3000\n\u3000\n\u3000\n\xa0당기손익인식금융부채\n2,010,889\n-\n-\n-\n-\n-\n\xa0상각후원가측정금융부채\n(23,607)\n-\n-\n(104,779)\n(97,594)\n-\n합계\n1,987,282\n-\n-\n(104,779)\n(97,594)\n-\n<전반기>\n\xa0 \xa0 \xa0 \xa0 \xa0 \xa0 \xa0 \xa0 \xa0 \xa0 \xa0 \xa0 \xa0 \xa0 \xa0 \xa0 \xa0 \xa0 \xa0 \xa0 \xa0 \xa0 \xa0 \xa0 \xa0 \xa0 \xa0 \xa0 \xa0 \xa0 \xa0 \xa0 \xa0 \xa0 \xa0 \xa0 \xa0 \xa0 \xa0 \xa0 \xa0 \xa0 \xa0 \xa0 \xa0 \xa0 \xa0 \xa0 \xa0 \xa0 \xa0 (단위 : 천원)\n구분\n수익(비용)\n기타포괄손익\n재분류조정\n이자수익(비용)\n수수료수익(비용)\n평가이익(손실)\n<금융자산>\n\u3000\n\u3000\n\u3000\n\u3000\n\u3000\n\u3000\n상각후원가측정금융자산\n-\n-\n-\n83,507\n-\n-\n기타포괄손익-공정가치측정금융자산\n-\n-\n-\n-\n-\n-\n당기손익-공정가치측정금융자산\n-\n-\n-\n-\n-\n(98,150,000)\n합계\n-\n-\n-\n83,507\n-\n-\n<금융부채>\n\u3000\n\u3000\n\u3000\n\u3000\n\u3000\n\u3000\n\xa0당기손익인식금융부채\n(54,520)\n-\n-\n-\n-\n-\n\xa0상각후원가측정금융부채\n100,138\n-\n-\n(17,821)\n(104,712)\n-\n합계\n45,618\n-\n-\n(17,821)\n(104,712)\n(98,150,000)\n4. 공정가치\n(1) 공정가치로 측정되는 자산·부채의 공정가치 측정치1) 공정가치 서열체계 및 측정방법\r\n공정가치란 측정일에 시장참여자 사이의 정상거래에서 자산을 매도할때 받거나 부채를 이전할 때 지급하게 될 가격을 의미합니다. 공정가치 측정은 측정일에 현행 시장 상황에서 자산을 매도하거나 부채를 이전하는 시장참여자 사이의 정상거래에서의 가격을 추정하는 것으로, 회사는 공정가치 평가시 시장정보를 최대한 사용하고, 관측 가능하지 않은 변수는 최소한으로 사용하고 있습니다.\n회사는 공정가치로 측정되는 자산·부채를 공정가치 측정에 사용된 투입변수에 따라다음과 같은 공정가치 서열체계로 분류하였습니다. \n수준1 : 활성시장에서 공시되는 가격을 공정가치로 측정하는 자산·부채의 경우 동 자산·부채의 공정가치는 수준1로 분류됩니다. \n수준2 : 가치평가기법을 사용하여 자산·부채의 공정가치를 측정하는 경우, 모든 유의적인 투입변수가 시장에서 관측한 정보에 해당하면 자산·부채의 공정가치는 수준2로 분류됩니다. \n수준3 : 가치평가기법을 사용하여 자산·부채의 공정가치를 측정하는 경우, 하나 이상의 유의적인 투입변수가 시장에서 관측불가능한 정보에 해당하면 동 금융상품의 공정가치는 수준3으로 분류됩니다. \n자산·부채의 공정가치는 자체적으로 개발한 내부평가모형을 통해 평가한 값을 사용하거나 독립적인 외부평가기관이 평가한 값을 제공받아 사용하고 있습니다.\n2) 보고기간말 현재 회사의 재무제표에 계상된 금융상품의 장부금액과 공정가치의 비교내역은 다음과 같습니다. \xa0 \xa0 \xa0 \xa0 \xa0 \xa0 \xa0 \xa0 \xa0 \xa0 \xa0 \xa0 \xa0 \xa0 \xa0 \xa0 \xa0 \xa0 \xa0 \xa0 \xa0 \xa0 \xa0 \xa0 \xa0 \xa0 \xa0 \xa0 \xa0 \xa0 \xa0 \xa0 \xa0 \xa0 \xa0 \xa0 \xa0 \xa0 \xa0 \xa0 \xa0 \xa0 \xa0 \xa0 \xa0 \xa0 \xa0 \xa0 \xa0 \xa0 \xa0 (단위 : 천원)\n종 류\n당반기\n전기\xa0\n장부금액\n공정가치\n장부금액\xa0\n공정가치\xa0\n<금융자산>\n\u3000\n\u3000\n\u3000\n\u3000\n현금및현금성자산\n10,060,205\n10,060,205\n11,781,990\n11,781,990\n단기금융상품\n87,849,368\n87,849,368\n182,682,802\n182,682,802\n매출채권\n313,120\n313,120\n274,649\n274,649\n단기대여금\n35,000\n35,000\n35,000\n35,000\n미수금 등\n12,007,885\n12,007,885\n8,261,024\n8,261,024\n장기금융상품\n302,500\n302,500\n302,500\n302,500\n장기기타금융자산\n7,396,526\n7,396,526\n8,896,869\n8,896,869\n보증금 등\n2,057,631\n2,057,631\n2,226,147\n2,226,147\n합계\n120,022,235\n120,022,235\n214,460,982\n214,460,982\n<금융부채>\n\u3000\n\u3000\n\u3000\n\u3000\n매입채무\n216,850\n216,850\n162,200\n162,200\n금융리스부채(유동)\n1,883,983\n1,883,983\n283,843\n283,843\n미지급금 등\n83,709,209\n83,709,209\n13,174,841\n13,174,841\n사채\n1,884,282\n1,884,282\n28,088,754\n28,088,754\n단기기타금융부채\n138,682\n138,682\n2,149,571\n2,149,571\n금융리스부채(비유동)\n1,733,347\n1,733,347\n180,902\n180,902\n장기미지급금\n-\n-\n87,840,267\n87,840,267\n합계\n89,566,354\n89,566,354\n131,880,377\n131,880,377\n상기의 금융자산과 금융부채의 공정가치는 해당 금융상품을 강제매각이나 청산이 아닌 거래 의사가 있는 당사자간의 정상거래를 통해 거래되는 금액으로 산출되었으며, 시장참여자의 공정가치 추정시 사용되는 방법 및 가정에 근거하고 있습니다. 상기의 공정가치 추정에 사용된 구체적인 방법 및 가정은 다음과 같습니다.(가) 현금 및 단기예치금, 매출채권, 매입채무 및 기타 유동부채는 만기가 단기이므로장부금액이 공정가치와 유사합니다.(나) 경영진은 재무상태표 상 상각후원가로 측정되는 금융상품의 장부금액은 공정가치와 유사하다고 판단하고 있습니다.3)\xa0보고기간말 현재\xa0재무상태표에 공정가치로 측정되는\xa0자산·부채의 공정가치 서열체계별 공정가치 금액은 다음과 같습니다.\n<당반기>보고기간말 현재 금융상품의 수준별 공정가치 측정치는 다음과 같습니다.\xa0 \xa0 \xa0 \xa0 \xa0 \xa0 \xa0 \xa0 \xa0 \xa0 \xa0 \xa0 \xa0 \xa0 \xa0 \xa0 \xa0 \xa0 \xa0 \xa0 \xa0 \xa0 \xa0 \xa0 \xa0 \xa0 \xa0 \xa0 \xa0 \xa0 \xa0 \xa0 \xa0 \xa0 \xa0 \xa0 \xa0 \xa0 \xa0 \xa0 \xa0 \xa0 \xa0 \xa0 \xa0 \xa0 \xa0 \xa0 \xa0 \xa0 \xa0 \xa0 (단위:천원)\n구분\n장부금액\n수준1\n수준2\n수준3\n<자산>\n\u3000\n\u3000\n\u3000\n\u3000\n기타포괄손익-공정가치측정금융자산\n7,396,526\n-\n-\n7,396,526\n<부채>\n단기기타금융부채\n138,682\n-\n-\n138,682\n<전기>보고기간말 현재 금융상품의 수준별 공정가치 측정치는 다음과 같습니다.\xa0 \xa0 \xa0 \xa0 \xa0 \xa0 \xa0 \xa0 \xa0 \xa0 \xa0 \xa0 \xa0 \xa0 \xa0 \xa0 \xa0 \xa0 \xa0 \xa0 \xa0 \xa0 \xa0 \xa0 \xa0 \xa0 \xa0 \xa0 \xa0 \xa0 \xa0 \xa0 \xa0 \xa0 \xa0 \xa0 \xa0 \xa0 \xa0 \xa0 \xa0 \xa0 \xa0 \xa0 \xa0 \xa0 \xa0 \xa0 \xa0 \xa0 \xa0 \xa0 (단위:천원)\n구분\n장부금액\n수준1\n수준2\n수준3\n<자산>\n\u3000\n\u3000\n\u3000\n\u3000\n기타포괄손익-공정가치측정금융자산\n8,896,869\n-\n-\n8,896,869\n<부채>\n단기기타금융부채\n2,149,571\n-\n-\n2,149,571\n(2)\xa0공정가치 서열체계 수준3 관련 공시\n1) 공정가치로 측정되는 자산·부채 중 공정가치 서열체계 수준3으로 분류된 자산·부채의 당기 변동내역은 다음과 같습니다.\n<당반기>\xa0 \xa0 \xa0 \xa0 \xa0 \xa0 \xa0 \xa0 \xa0 \xa0 \xa0 \xa0 \xa0 \xa0 \xa0 \xa0 \xa0 \xa0 \xa0 \xa0 \xa0 \xa0 \xa0 \xa0 \xa0 \xa0 \xa0 \xa0 \xa0 \xa0 \xa0 \xa0 \xa0 \xa0 \xa0 \xa0 \xa0 \xa0 \xa0 \xa0 \xa0 \xa0 \xa0 \xa0 \xa0 \xa0 \xa0 \xa0 \xa0 \xa0 \xa0 (단위 : 천원)\n구분\n금융자산\n금융부채\n당기손익-공정가치측정금융자산\n기타포괄손익-공정가치측정금융자산\n단기기타금융부채\n기초잔액\n-\n8,896,869\n2,149,571\n당해 기간의 총손익\n-\n-\n-\n\xa0\xa0 당기손익에 포함된 손익\n-\n-\n-\n\xa0\xa0 기타포괄손익에 포함된 손익\n-\n(1,500,343)\n-\n발행\n-\n-\n-\n매도\n-\n-\n(2,010,889)\n기말잔액\n-\n7,396,526\n138,682\n<전기>\xa0 \xa0 \xa0 \xa0 \xa0 \xa0 \xa0 \xa0 \xa0 \xa0 \xa0 \xa0 \xa0 \xa0 \xa0 \xa0 \xa0 \xa0 \xa0 \xa0 \xa0 \xa0 \xa0 \xa0 \xa0 \xa0 \xa0 \xa0 \xa0 \xa0 \xa0 \xa0 \xa0 \xa0 \xa0 \xa0 \xa0 \xa0 \xa0 \xa0 \xa0 \xa0 \xa0 \xa0 \xa0 \xa0 \xa0 \xa0 \xa0 \xa0 \xa0 (단위 : 천원)\n구분\n금융자산\n금융부채\n당기손익-공정가치측정금융자산\n기타포괄손익-공정가치측정금융자산\n단기기타금융부채\n기초잔액\n75,500,000\n3,121,960\n4,247,640\n당해 기간의 총손익\n(75,500,000)\n5,774,909\n1,115,848\n\xa0\xa0 당기손익에 포함된 손익\n(75,500,000)\n-\n1,115,848\n\xa0\xa0 기타포괄손익에 포함된 손익\n-\n5,774,909\n-\n발행\n-\n-\n-\n매도\n-\n-\n(982,221)\n기말잔액\n-\n8,896,869\n2,149,571\n2) 보고기간말 현재 재무상태표에서 공정가치로 측정된 자산·부채 중 공정가치 서열체계 수준3으로 분류된 항목의 가치평가기법, 투입변수 및 유의적이지만 관측가능하지 않은 투입변수에 대한 범위 등은 다음과 같습니다.\n<당반기>\xa0 \xa0 \xa0 \xa0 \xa0 \xa0 \xa0 \xa0 \xa0 \xa0 \xa0 \xa0 \xa0 \xa0 \xa0 \xa0 \xa0 \xa0 \xa0 \xa0 \xa0 \xa0 \xa0 \xa0 \xa0 \xa0 \xa0 \xa0 \xa0 \xa0 \xa0 \xa0 \xa0 \xa0 \xa0 \xa0 \xa0 \xa0 \xa0 \xa0 \xa0 \xa0 \xa0 \xa0 \xa0 \xa0 \xa0 \xa0 \xa0 (단위 : 천원)\n구분\n공정가치\n가치평가기법\n투입변수\n유의적이지만 관측 가능하지 않은 투입변수\n<자산>\n\xa0 금융자산\n\xa0 \xa0 기타포괄손익-공정가치측정금융자산\n7,396,526\n순자산가치비율\n-\n-\n<부채>\n\xa0 금융부채\n\xa0 \xa0 단기기타금융부채\n138,682\n이항모형\n미래주가 및 할인율\n미래주가변동비율\n합계\n138,682\n<전기>\n\xa0 \xa0 \xa0 \xa0 \xa0 \xa0 \xa0 \xa0 \xa0 \xa0 \xa0 \xa0 \xa0 \xa0 \xa0 \xa0 \xa0 \xa0 \xa0 \xa0 \xa0 \xa0 \xa0 \xa0 \xa0 \xa0 \xa0 \xa0 \xa0 \xa0 \xa0 \xa0 \xa0 \xa0 \xa0 \xa0 \xa0 \xa0 \xa0 \xa0 \xa0 \xa0 \xa0 \xa0 \xa0 \xa0 \xa0 \xa0 \xa0 (단위 : 천원)\n구분\n공정가치\n가치평가기법\n투입변수\n유의적이지만 관측 가능하지 않은 투입변수\n<자산>\n\xa0 금융자산\n\xa0 \xa0 기타포괄손익-공정가치측정금융자산\n8,896,869\n순자산가치비율\n-\n-\n<부채>\n\xa0 금융부채\n\xa0 \xa0 단기기타금융부채\n2,149,571\n이항모형\n미래주가 및 할인율\n미래주가변동비율\n합계\n2,149,571\n3)\xa0관측가능하지 않은 투입변수의 변동에 의한 공정가치 측정치의 민감도\n(가)\xa0관측가능하지 않은 투입변수의 변동이\xa0공정가치 측정치에 미치는 영향은 다음과 같습니다.\n<당반기>\xa0 \xa0 \xa0 \xa0 \xa0 \xa0 \xa0 \xa0 \xa0 \xa0 \xa0 \xa0 \xa0 \xa0 \xa0 \xa0 \xa0 \xa0 \xa0 \xa0 \xa0 \xa0 \xa0 \xa0 \xa0 \xa0 \xa0 \xa0 \xa0 \xa0 \xa0 \xa0 \xa0 \xa0 \xa0 \xa0 \xa0 \xa0 \xa0 \xa0 \xa0 \xa0 \xa0 \xa0 \xa0 \xa0 \xa0 \xa0 \xa0 (단위 : 천원)\n구분\n공정가치\n가치평가기법\n관측 가능하지 않은 투입변수\n관측가능하지 않은 투입변수가 공정가치 측정에 미치는 영향\n<부채>\n\xa0 금융부채 :\xa0\n\xa0 \xa0 단기기타금융부채\n138,682\n이항모형\n미래주가 및 할인율\n미래주가 상승에 따라 가치하락\n합계\n138,682\n<전기>\n\xa0 \xa0 \xa0 \xa0 \xa0 \xa0 \xa0 \xa0 \xa0 \xa0 \xa0 \xa0 \xa0 \xa0 \xa0 \xa0 \xa0 \xa0 \xa0 \xa0 \xa0 \xa0 \xa0 \xa0 \xa0 \xa0 \xa0 \xa0 \xa0 \xa0 \xa0 \xa0 \xa0 \xa0 \xa0 \xa0 \xa0 \xa0 \xa0 \xa0 \xa0 \xa0 \xa0 \xa0 \xa0 \xa0 \xa0 \xa0 \xa0 \xa0 \xa0 (단위 : 천원)\n구분\n공정가치\n가치평가기법\n관측 가능하지 않은 투입변수\n관측가능하지 않은 투입변수가 공정가치 측정에 미치는 영향\n<부채>\n\xa0 금융부채 :\xa0\n\xa0 \xa0 단기기타금융부채\n2,149,571\n이항모형\n미래주가 및 할인율\n미래주가 상승에 따라 가치하락\n합계\n2,149,571\n5. 현금및현금성자산현금및현금성자산의 내용은 다음과 같습니다. \xa0 \xa0 \xa0 \xa0 \xa0 \xa0 \xa0 \xa0 \xa0 \xa0 \xa0 \xa0 \xa0 \xa0 \xa0 \xa0 \xa0 \xa0 \xa0 \xa0 \xa0 \xa0 \xa0 \xa0 \xa0 \xa0 \xa0 \xa0 \xa0 \xa0 \xa0 \xa0 \xa0 \xa0 \xa0 \xa0 \xa0 \xa0 \xa0 \xa0 \xa0 \xa0 \xa0 \xa0 \xa0 \xa0 \xa0 \xa0 \xa0 \xa0\xa0 (단위 : 천원)\n구분\n당반기\n전기\n현금\n1,694\n608\n예금\n10,058,512\n11,781,382\n합계\n10,060,205\n11,781,990\n6. 매출채권 및 기타채권(1) 매출채권 및 기타채권의 내용은 다음과 같습니다. \xa0 \xa0 \xa0 \xa0 \xa0 \xa0 \xa0 \xa0 \xa0 \xa0 \xa0 \xa0 \xa0 \xa0 \xa0 \xa0 \xa0 \xa0 \xa0 \xa0 \xa0 \xa0 \xa0 \xa0 \xa0 \xa0 \xa0 \xa0 \xa0 \xa0 \xa0 \xa0 \xa0 \xa0 \xa0 \xa0 \xa0 \xa0 \xa0 \xa0 \xa0 \xa0 \xa0 \xa0 \xa0 \xa0 \xa0 \xa0 \xa0 \xa0 \xa0 (단위 : 천원)\n구분\n당반기\n전기\n채권액\n손실충당금\n장부금액\n채권액\n대손충당금\n장부금액\n매출채권\n341,719\n(28,599)\n313,120\n299,245\n(24,596)\n274,649\n단기기타채권 :\n\u3000\n\u3000\n\u3000\n\u3000\n\u3000\n\u3000\n\xa0\xa0 단기대여금\n35,000\n-\n35,000\n35,000\n-\n35,000\n\xa0\xa0 미수금\n12,079,483\n(233,801)\n11,845,682\n8,238,580\n(172,382)\n8,066,198\n\xa0\xa0 미수수익\n162,203\n-\n162,203\n194,826\n-\n194,826\n소계\n12,276,686\n(233,801)\n12,042,885\n8,468,407\n(172,382)\n8,296,024\n장기기타채권 :\n\u3000\n\u3000\n\u3000\n\u3000\n\u3000\n\u3000\n\xa0\xa0 보증금\n2,057,631\n-\n2,057,631\n2,226,147\n-\n2,226,147\n소계\n2,057,631\n-\n2,057,631\n2,226,147\n-\n2,226,147\n합계\n14,676,036\n(262,400)\n14,413,635\n10,993,799\n(196,978)\n10,796,820\n(2) 당기말 현재 매출채권에 대해 전체 기간 기대신용손실을 손실충당금으로 인식하는 간편법을 적용하고 있으며, 매출채권의 신용위험정보의 세부내용은 다음과 같습니다.\n<당반기>\n\xa0 \xa0 \xa0 \xa0 \xa0 \xa0 \xa0 \xa0 \xa0 \xa0 \xa0 \xa0 \xa0 \xa0 \xa0 \xa0 \xa0 \xa0 \xa0 \xa0 \xa0 \xa0 \xa0 \xa0 \xa0 \xa0 \xa0 \xa0 \xa0 \xa0 \xa0 \xa0 \xa0 \xa0 \xa0 \xa0 \xa0 \xa0 \xa0 \xa0 \xa0 \xa0 \xa0 \xa0 \xa0 \xa0 \xa0 \xa0 \xa0 \xa0 \xa0 (단위 : 천원)\n구 분\n연체된 일수\n미연체\n180일미만\n180~360일\n360일 초과\n계\n총장부금액\n-\n301,065\n18,832\n21,822\n341,719\n기대손실율\n-\n1%\n20%\n100%\n-\n전체기간기대손실\n-\n3,011\n3,766\n21,822\n28,599\n순장부금액\n-\n298,054\n15,066\n-\n313,120\n(3)\xa0손실충당금의 변동내용은 다음과 같습니다.<당반기>\xa0 \xa0 \xa0 \xa0 \xa0 \xa0 \xa0 \xa0 \xa0 \xa0 \xa0 \xa0 \xa0 \xa0 \xa0 \xa0 \xa0 \xa0 \xa0 \xa0 \xa0 \xa0 \xa0 \xa0 \xa0 \xa0 \xa0 \xa0 \xa0 \xa0 \xa0 \xa0 \xa0 \xa0 \xa0 \xa0 \xa0 \xa0 \xa0 \xa0 \xa0 \xa0 \xa0 \xa0 \xa0 \xa0 \xa0 \xa0 \xa0 \xa0 \xa0 (단위 : 천원)\r\n구분\n기초\n설정\n제각\n환입\n기타\n기말\n매출채권\n24,596\n4,003\n-\n-\n-\n28,599\n단기기타채권 :\n\u3000\n\u3000\n\u3000\n\u3000\n\u3000\n\u3000\n\xa0\xa0 미수금\n172,382\n61,419\n-\n-\n-\n233,801\n소계\n172,382\n61,419\n-\n-\n-\n233,801\n장기기타채권 :\n\u3000\n\u3000\n\u3000\n\u3000\n\u3000\n\u3000\n\xa0\xa0 보증금\n-\n-\n\u3000\n-\n-\n-\n소계\n-\n-\n-\n-\n-\n-\n합계\n196,978\n65,422\n-\n-\n-\n262,400\n<전기>\n\xa0 \xa0 \xa0 \xa0 \xa0 \xa0 \xa0 \xa0 \xa0 \xa0 \xa0 \xa0 \xa0 \xa0 \xa0 \xa0 \xa0 \xa0 \xa0 \xa0 \xa0 \xa0 \xa0 \xa0 \xa0 \xa0 \xa0 \xa0 \xa0 \xa0 \xa0 \xa0 \xa0 \xa0 \xa0 \xa0 \xa0 \xa0 \xa0 \xa0 \xa0 \xa0 \xa0 \xa0 \xa0 \xa0 \xa0 \xa0 \xa0 \xa0 \xa0 (단위 : 천원)\n구분\n기초-기준서 1039호\n제1109호 적용에 따른 조정\n최초적용일 손실충당금- 기준서 제1109호\n설정\n제각\n환입\n기타\n기말\n매출채권\n23,927\n-\n23,927\n669\n-\n-\n-\n24,596\n단기기타채권 :\n\u3000\n\u3000\n\u3000\n\u3000\n\u3000\n\u3000\n\u3000\n\u3000\n\xa0\xa0 미수금\n91,239\n-\n91,239\n81,144\n-\n-\n-\n172,382\n소계\n91,239\n-\n91,239\n81,144\n-\n-\n-\n172,382\n장기기타채권 :\n\u3000\n\u3000\n\u3000\n\u3000\n\u3000\n\u3000\n\u3000\n\u3000\n\xa0\xa0 보증금\n-\n-\n-\n-\n\u3000\n-\n-\n-\n소계\n-\n-\n-\n-\n-\n-\n-\n-\n합계\n115,166\n-\n115,166\n81,813\n-\n-\n-\n196,978\n7.\xa0기타금융자산(1)\xa0기타금융자산의 내용은 다음과 같습니다. \xa0 \xa0 \xa0 \xa0 \xa0 \xa0 \xa0 \xa0 \xa0 \xa0 \xa0 \xa0 \xa0 \xa0 \xa0 \xa0 \xa0 \xa0 \xa0 \xa0 \xa0 \xa0 \xa0 \xa0 \xa0 \xa0 \xa0 \xa0 \xa0 \xa0 \xa0 \xa0 \xa0 \xa0 \xa0 \xa0 \xa0 \xa0 \xa0 \xa0 \xa0 \xa0 \xa0 \xa0 \xa0 \xa0 \xa0 \xa0 \xa0 \xa0 (단위 : 천원)\n구분\n당반기\n전기\n<장기기타금융자산>\n당기손익-공정가치측정금융자산\n\xa0\xa0 지분증권\n-\n-\n\xa0\xa0 채무증권\n-\n-\n기타포괄손익-공정가치측정금융자산\n\xa0\xa0 지분증권\n7,396,526\n8,896,869\n\xa0\xa0 채무증권\n-\n-\n합계\n7,396,526\n8,896,869\n(2)\xa0당기손익-공정가치측정금융자산의 내용은 다음과 같습니다.\xa0\n1)\xa0지분증권\n<당반기>\xa0 \xa0 \xa0 \xa0 \xa0 \xa0 \xa0 \xa0 \xa0 \xa0 \xa0 \xa0 \xa0 \xa0 \xa0 \xa0 \xa0 \xa0 \xa0 \xa0 \xa0 \xa0 \xa0 \xa0 \xa0 \xa0 \xa0 \xa0 \xa0 \xa0 \xa0 \xa0 \xa0 \xa0 \xa0 \xa0 \xa0 \xa0 \xa0 \xa0 \xa0 \xa0 \xa0 \xa0 \xa0 \xa0 \xa0 \xa0 \xa0 \xa0\xa0 (단위 : 천원)\n구분\n주식수\n지분율\n취득원가\n장부금액\n평가손실\n당반기\n누계\n드림허브프로젝트금융투자회사(주)\n30,200,000\n15.10%\n151,000,000\n-\n-\n151,000,000\n(주)\xa0현재 휴업중인 상태로 전기에 전액 평가손실을 인식하였습니다.<전기>\r\n\xa0 \xa0 \xa0 \xa0 \xa0 \xa0 \xa0 \xa0 \xa0 \xa0 \xa0 \xa0 \xa0 \xa0 \xa0 \xa0 \xa0 \xa0 \xa0 \xa0 \xa0 \xa0 \xa0 \xa0 \xa0 \xa0 \xa0 \xa0 \xa0 \xa0 \xa0 \xa0 \xa0 \xa0 \xa0 \xa0 \xa0 \xa0 \xa0 \xa0 \xa0 \xa0 \xa0 \xa0 \xa0 \xa0 \xa0 \xa0 \xa0 \xa0\xa0 (단위 : 천원)\n구분\n주식수\n지분율\n취득원가\n장부금액\n평가손실\n전기\n누계\n드림허브프로젝트금융투자회사(주)\n30,200,000\n15.10%\n151,000,000\n-\n75,500,000\n151,000,000\n(주)\xa0활성시장에서 공시되는 가격이 없고 공정가치를 신뢰성 있게 측정할 수 없어 취득원가로 측정하고\xa0있습니다. 용산개발사업 시행사인 드림허브프로젝트금융투자(주)가 한국철도공사와의 토지소유권말소등기소송 항소심에서 패소하여 항소심 판결이 2018년 5월 11일 최종 확정됨에 따라\xa0회사가 보유한 드림허브프로젝트금융투자(주)의 지분 755억(취득가액 1,510억중 755억은 기손상차손 반영) 및 채무증권 226.5억에 대한 회수 불확실성을 반영하여\xa0평가손실을 인식하였습니다.\n2) 채무증권① 채무증권의 내용 \n<당반기>\xa0 \xa0 \xa0 \xa0 \xa0 \xa0 \xa0 \xa0 \xa0 \xa0 \xa0 \xa0 \xa0 \xa0 \xa0 \xa0 \xa0 \xa0 \xa0 \xa0 \xa0 \xa0 \xa0 \xa0 \xa0 \xa0 \xa0 \xa0 \xa0 \xa0 \xa0 \xa0 \xa0 \xa0 \xa0 \xa0 \xa0 \xa0 \xa0 \xa0 \xa0 \xa0 \xa0 \xa0 \xa0 \xa0 \xa0 \xa0 \xa0 \xa0 (단위 : 천원)\n구분\n이자율\n취득원가\n장부금액\n평가손실\n당반기\n누계\n드림허브프로젝트㈜ 전환사채\n5.00%\n22,650,000\n-\n-\n22,650,000\n<전기>\r\n\xa0 \xa0 \xa0 \xa0 \xa0 \xa0 \xa0 \xa0 \xa0 \xa0 \xa0 \xa0 \xa0 \xa0 \xa0 \xa0 \xa0 \xa0 \xa0 \xa0 \xa0 \xa0 \xa0 \xa0 \xa0 \xa0 \xa0 \xa0 \xa0 \xa0 \xa0 \xa0 \xa0 \xa0 \xa0 \xa0 \xa0 \xa0 \xa0 \xa0 \xa0 \xa0 \xa0 \xa0 \xa0 \xa0 \xa0 \xa0 \xa0 \xa0 (단위 : 천원)\n구분\n이자율\n취득원가\n장부금액\n평가손실\n전기\n누계\n드림허브프로젝트㈜ 전환사채\n5.00%\n22,650,000\n-\n22,650,000\n22,650,000\n(주) 용산개발사업 시행사인 드림허브프로젝트금융투자(주)가 한국철도공사와의 토지소유권말소등기소송 항소심에서 패소하여 항소심 판결이 2018년 5월 11일 최종 확정됨에 따라 회사가 보유한 드림허브프로젝트금융투자(주)의 지분 755억(취득가액1,510억중 755억은 기손상차손 반영) 및 채무증권 226.5억에 대한 회수 불확실성을 반영하여\xa0평가손실을 인식하였습니다.② 채무증권의 만기별 내용<당반기>\xa0 \xa0 \xa0 \xa0 \xa0 \xa0 \xa0 \xa0 \xa0 \xa0 \xa0 \xa0 \xa0 \xa0 \xa0 \xa0 \xa0 \xa0 \xa0 \xa0 \xa0 \xa0 \xa0 \xa0 \xa0 \xa0 \xa0 \xa0 \xa0 \xa0 \xa0 \xa0 \xa0 \xa0 \xa0 \xa0 \xa0 \xa0 \xa0 \xa0 \xa0 \xa0 \xa0 \xa0 \xa0 \xa0 \xa0 \xa0 \xa0 \xa0 (단위 : 천원)\r\n구분\n취득원가\n공정가치\n장부금액\n1년 이내\n22,650,000\n-\n-\n1년초과 5년이내\n-\n-\n-\n5년초과 10년이내\n-\n-\n-\n10년초과\n-\n-\n-\n합계\n22,650,000\n-\n-\n<전기>\n\xa0 \xa0 \xa0 \xa0 \xa0 \xa0 \xa0 \xa0 \xa0 \xa0 \xa0 \xa0 \xa0 \xa0 \xa0 \xa0 \xa0 \xa0 \xa0 \xa0 \xa0 \xa0 \xa0 \xa0 \xa0 \xa0 \xa0 \xa0 \xa0 \xa0 \xa0 \xa0 \xa0 \xa0 \xa0 \xa0 \xa0 \xa0 \xa0 \xa0 \xa0 \xa0 \xa0 \xa0 \xa0 \xa0 \xa0 \xa0 \xa0 \xa0 (단위 : 천원)\n구분\n취득원가\n공정가치\n장부금액\n1년 이내\n22,650,000\n-\n-\n1년초과 5년이내\n-\n-\n-\n5년초과 10년이내\n-\n-\n-\n10년초과\n-\n-\n-\n합계\n22,650,000\n-\n-\n(3)\xa0기타포괄손익-공정가치측정금융자산\xa0\n1) 당반기 및 전기말 현재 기타포괄손익-공정가치측정금융자산\xa0 내용은 다음과 같습니다. <당반기>\xa0 \xa0 \xa0 \xa0 \xa0 \xa0 \xa0 \xa0 \xa0 \xa0 \xa0 \xa0 \xa0 \xa0 \xa0 \xa0 \xa0 \xa0 \xa0 \xa0 \xa0 \xa0 \xa0 \xa0 \xa0 \xa0 \xa0 \xa0 \xa0 \xa0 \xa0 \xa0\xa0 (단위 : 천원)\r\n구분\n금액\n장기기타포괄손익-공정가치측정금융자산\xa0\n\xa0 \xa0 시장성있는지분증권\n-\n\xa0 \xa0 시장성없는지분증권\n7,396,526\n합계\n7,396,526\n<전기>\n\xa0 \xa0 \xa0 \xa0 \xa0 \xa0 \xa0 \xa0 \xa0 \xa0 \xa0 \xa0 \xa0 \xa0 \xa0 \xa0 \xa0 \xa0 \xa0 \xa0 \xa0 \xa0 \xa0 \xa0 \xa0 \xa0 \xa0 \xa0 \xa0 \xa0 \xa0 \xa0 (단위 : 천원)\n구분\n금액\n장기기타포괄손익-공정가치측정금융자산\xa0\n\xa0 \xa0 시장성있는지분증권\n-\n\xa0 \xa0 시장성없는지분증권\n8,896,869\n합계\n8,896,869\n2)\xa0지분증권\n<당반기>\xa0 \xa0 \xa0 \xa0 \xa0 \xa0 \xa0 \xa0 \xa0 \xa0 \xa0 \xa0 \xa0 \xa0 \xa0 \xa0 \xa0 \xa0 \xa0 \xa0 \xa0 \xa0 \xa0 \xa0 \xa0 \xa0 \xa0 \xa0 \xa0 \xa0 \xa0 \xa0 \xa0 \xa0 \xa0 \xa0 \xa0 \xa0 \xa0 \xa0 \xa0 \xa0 \xa0 \xa0 \xa0 \xa0 \xa0 \xa0 \xa0 \xa0 (단위 : 천원)\n구분\n주식수\n지분율\n취득원가\n공정가치(순자산지분가액)\n장부금액\n동화투자개발(주)\n312,196\n6.31%\n3,121,960\n7,396,526\n7,396,526\n(주)\xa0활성시장에서 공시되는 가격이 없고 공정가치를 신뢰성 있게 측정할 수 없어\xa0 최근 결산재무제표를 기준으로 순자산지분가액으로 산정하였습니다.<전기>\r\n\xa0 \xa0 \xa0 \xa0 \xa0 \xa0 \xa0 \xa0 \xa0 \xa0 \xa0 \xa0 \xa0 \xa0 \xa0 \xa0 \xa0 \xa0 \xa0 \xa0 \xa0 \xa0 \xa0 \xa0 \xa0 \xa0 \xa0 \xa0 \xa0 \xa0 \xa0 \xa0 \xa0 \xa0 \xa0 \xa0 \xa0 \xa0 \xa0 \xa0 \xa0 \xa0 \xa0 \xa0 \xa0 \xa0 \xa0 \xa0 \xa0 \xa0 (단위 : 천원)\n구분\n주식수\n지분율\n취득원가\n공정가치(순자산지분가액)\n장부금액\n동화투자개발(주)\n312,196\n6.31%\n3,121,960\n8,896,869\n8,896,869\n(주)\xa0활성시장에서 공시되는 가격이 없고 공정가치를 신뢰성 있게 측정할 수 없어\xa0 최근 결산재무제표를 기준으로 순자산지분가액으로 산정하였습니다.\n8. 종속기업 및 관계기업투자(1) 현황종속기업 및 관계기업의 현황은 다음과 같습니다. \n<당반기>\xa0 \xa0 \xa0 \xa0 \xa0 \xa0 \xa0 \xa0 \xa0 \xa0 \xa0 \xa0 \xa0 \xa0 \xa0 \xa0 \xa0 \xa0 \xa0 \xa0 \xa0 \xa0 \xa0 \xa0 \xa0 \xa0 \xa0 \xa0 \xa0 \xa0 \xa0 \xa0 \xa0 \xa0 \xa0 \xa0 \xa0 \xa0 \xa0 \xa0 \xa0 \xa0 \xa0 \xa0 \xa0 \xa0 \xa0 \xa0\n기업명\n지분율(%)\n주된사업장\n보고기간 종료일\n관계의성격\n측정방법\n<종속기업>\n\xa0 (주)엘티크루즈홀리데이\n100.00%\n대한민국\n2019.06.30\n여행서비스\n원가법\n\xa0 (주)엘티엔터테인먼트\n100.00%\n대한민국\n2019.06.30\n카지노, 환전업\n원가법\n\xa0\xa0 용산역세권개발(주)\n70.10%\n대한민국\n2019.06.30\n자문서비스\n원가법\n\xa0\xa0 마이데일리(주)\n58.54%\n대한민국\n2019.06.30\n인터넷언론\n원가법\n<관계기업>\n\xa0\xa0 코레일관광개발(주)\n39.20%\n대한민국\n2019.06.30\n여행서비스\n원가법\n<전기>\xa0\xa0 \xa0 \xa0 \xa0\n기업명\n지분율(%)\n주된사업장\n보고기간 종료일\n관계의성격\n측정방법\n<종속기업>\n\xa0 (주)엘티크루즈홀리데이\n100.00%\n대한민국\n2018.12.31\n여행서비스\n원가법\n\xa0 (주)엘티엔터테인먼트(주1)\n100.00%\n대한민국\n2018.12.31\n카지노, 환전업\n원가법\n\xa0\xa0 용산역세권개발(주)\n70.10%\n대한민국\n2018.12.31\n자문서비스\n원가법\n\xa0\xa0 마이데일리(주)\n58.54%\n대한민국\n2018.12.31\n인터넷언론\n원가법\n<관계기업>\n\xa0\xa0 코레일관광개발(주)\n39.20%\n대한민국\n2018.12.31\n여행서비스\n원가법\n(주1) 2018년 8월 17일 파라다이스그룹이 제주 롯데호텔에서 운영중이던 \'파라다이스 제주롯데 카지노(주식회사 두성)\'를 주식양수도 계약을 통해 149억원에 인수한 후, 상호를 (주)엘티엔터테인먼트로 변경하고 350억원 유상증자에 참여하여 (주)엘티엔터테인먼트의 재무구조를 개선함으로써 카지노사업 진출의 기반을 마련하였습니다.(2) 투자내용종속기업 및 관계기업투자의 내용은 다음과 같습니다.\n\xa0\xa0 \xa0 \xa0 \xa0 \xa0 \xa0 \xa0 \xa0 \xa0 \xa0 \xa0 \xa0 \xa0 \xa0 \xa0 \xa0 \xa0 \xa0 \xa0 \xa0 \xa0 \xa0 \xa0 \xa0 \xa0 \xa0 \xa0 \xa0 \xa0 \xa0 \xa0 \xa0 \xa0 \xa0 \xa0 \xa0 \xa0 \xa0 \xa0 \xa0 \xa0 \xa0 \xa0 \xa0 \xa0 \xa0 \xa0 \xa0 \xa0 \xa0 (단위 : 천원)\n기업명\n당반기\n전기\n취득원가\n순자산지분가액\n장부금액\n취득원가\n순자산지분가액\n장부금액\n<종속기업>\n\u3000\n\u3000\n\u3000\n\xa0 (주)엘티크루즈홀리데이\n50,000\n11,474\n50,000\n50,000\n11,473\n50,000\n\xa0 (주)엘티엔터테인먼트\n49,894,325\n(13,622)\n46,941,315\n49,894,325\n2,971,130\n46,941,315\n\xa0 용산역세권개발(주)\n2,674,237\n-\n-\n2,674,237\n-\n-\n\xa0 마이데일리(주)\n8,827,000\n214,154\n2,859,721\n8,827,000\n302,811\n2,859,721\n소계\n61,445,561\n212,006\n49,851,036\n61,445,561\n3,285,415\n49,851,036\n<관계기업>\n\u3000\n\u3000\n\u3000\n\u3000\n\u3000\n\u3000\n\xa0 코레일관광개발(주)\n1,568,000\n3,724,252\n3,092,192\n1,568,000\n3,180,519\n3,092,192\n소계\n1,568,000\n3,724,252\n3,092,192\n1,568,000\n3,180,519\n3,092,192\n합계\n63,013,561\n3,936,258\n52,943,227\n63,013,561\n6,465,933\n52,943,227\n(3) 변동내용종속기업 및 관계기업투자의 변동내용은 다음과 같습니다.<당반기>\xa0 \xa0 \xa0 \xa0 \xa0 \xa0 \xa0 \xa0 \xa0 \xa0 \xa0 \xa0 \xa0 \xa0 \xa0 \xa0 \xa0 \xa0 \xa0 \xa0 \xa0 \xa0 \xa0 \xa0 \xa0 \xa0 \xa0 \xa0 \xa0 \xa0 \xa0 \xa0 \xa0 \xa0 \xa0 \xa0 \xa0 \xa0 \xa0 \xa0 \xa0 \xa0 \xa0 \xa0 \xa0 \xa0 \xa0 \xa0 \xa0 \xa0 (단위 : 천원)\r\n기업명\n기초\n취득\n처분\n기타\n손상차손\n기말\n<종속기업>\n\u3000\n\u3000\n\u3000\n\u3000\n\u3000\n\u3000\n\xa0 (주)엘티크루즈홀리데이\n50,000\n-\n-\n-\n-\n50,000\n\xa0 (주)엘티엔터테인먼트\n46,941,315\n\u3000\n-\n-\n\u3000\n46,941,315\n\xa0 용산역세권개발(주)\n-\n-\n-\n-\n-\n-\n\xa0 마이데일리(주)\n2,859,721\n-\n-\n-\n-\n2,859,721\n소계\n49,851,036\n-\n-\n-\n-\n49,851,036\n<관계기업>\n\u3000\n\u3000\n\u3000\n\u3000\n\u3000\n\u3000\n\xa0 코레일관광개발(주)\n3,092,192\n-\n-\n-\n-\n3,092,192\n소계\n3,092,192\n-\n-\n-\n-\n3,092,192\n합계\n52,943,227\n-\n-\n-\n-\n52,943,227\n<전기>\n\xa0 \xa0 \xa0 \xa0 \xa0 \xa0 \xa0 \xa0 \xa0 \xa0 \xa0 \xa0 \xa0 \xa0 \xa0 \xa0 \xa0 \xa0 \xa0 \xa0 \xa0 \xa0 \xa0 \xa0 \xa0 \xa0 \xa0 \xa0 \xa0 \xa0 \xa0 \xa0 \xa0 \xa0 \xa0 \xa0 \xa0 \xa0 \xa0 \xa0 \xa0 \xa0 \xa0 \xa0 \xa0 \xa0 \xa0 \xa0 \xa0 \xa0 (단위 : 천원)\n기업명\n기초\n취득\n처분\n기타\n손상차손\n기말\n<종속기업>\n\u3000\n\u3000\n\u3000\n\u3000\n\u3000\n\u3000\n\xa0 (주)엘티크루즈홀리데이\n50,000\n-\n-\n-\n-\n50,000\n\xa0 (주)엘티엔터테인먼트(주1)\n-\n49,894,325\n-\n-\n(2,953,010)\n46,941,315\n\xa0 용산역세권개발(주)(주2)\n2,801,110\n-\n-\n-\n(2,801,110)\n-\n\xa0 마이데일리(주)\n2,859,721\n-\n-\n-\n-\n2,859,721\n소계\n5,710,831\n49,894,325\n-\n-\n(5,754,120)\n49,851,036\n<관계기업>\n\u3000\n\u3000\n\u3000\n\u3000\n\u3000\n\u3000\n\xa0 코레일관광개발(주)\n3,092,192\n-\n-\n-\n-\n3,092,192\n소계\n3,092,192\n-\n-\n-\n-\n3,092,192\n합계\n8,803,023\n49,894,325\n-\n-\n(5,754,120)\n52,943,227\n(주1) 전기에 취득한 투자주식으로 종속기업에 편입되어 연결재무제표상 사업결합 회계처리를 위해 식별 가능한 취득 자산 및 인수 부채를 공정가치로 평가하는 매수가격 배분(PPA, Purchase Price Allocation) 용역을 외부평가기관에 의뢰하여 측정하였고 취득금액과의 차액을 손상차손으로 인식하였습니다.(주2) 용산개발사업 시행사인 드림허브프로젝트금융투자(주)가 한국철도공사와의 토지소유권말소등기소송 항소심에서 패소하여 항소심 판결이 2018년 5월 11일 최종 확정됨에 따라 회사가 보유한 용산역세권개발(주)의 지분 28억에 대한 회수 불확실성을 반영하여 손상차손 인식하였습니다.(4) 요약재무정보종속기업 및 관계기업의 요약재무정보는 다음과 같습니다. <당반기>\xa0 \xa0 \xa0 \xa0 \xa0 \xa0 \xa0 \xa0 \xa0 \xa0 \xa0 \xa0 \xa0 \xa0 \xa0 \xa0 \xa0 \xa0 \xa0 \xa0 \xa0 \xa0 \xa0 \xa0 \xa0 \xa0 \xa0 \xa0 \xa0 \xa0 \xa0 \xa0 \xa0 \xa0 \xa0 \xa0 \xa0 \xa0 \xa0 \xa0 \xa0 \xa0 \xa0 \xa0 \xa0 \xa0 \xa0 \xa0 \xa0 \xa0 (단위 : 천원)\n기업명\n자산\n부채\n자본\n매출\n당기순손익\n총포괄손익\n<종속기업>\n\u3000\n\u3000\n\u3000\n\u3000\n\u3000\n\u3000\n\xa0 (주)엘티크루즈홀리데이\n11,474\n-\n11,474\n-\n1\n1\n\xa0 (주)엘티엔터테인먼트\n4,307,853\n4,321,476\n(13,622)\n2,592,360\n(2,984,753)\n(2,984,753)\n\xa0 용산역세권개발(주)\n233,815\n9,948,132\n(9,714,317)\n-\n-\n-\n\xa0 마이데일리(주)\n965,335\n599,510\n365,825\n874,040\n(151,446)\n(151,446)\n<관계기업>\n\u3000\n\u3000\n\u3000\n\u3000\n\u3000\n\u3000\n\xa0 코레일관광개발(주)\n21,878,475\n12,377,831\n9,500,643\n30,417,906\n1,133,401\n1,133,401\n<전기>\xa0 \xa0 \xa0 \xa0 \xa0 \xa0 \xa0 \xa0 \xa0 \xa0 \xa0 \xa0 \xa0 \xa0 \xa0 \xa0 \xa0 \xa0 \xa0 \xa0 \xa0 \xa0 \xa0 \xa0 \xa0 \xa0 \xa0 \xa0 \xa0 \xa0 \xa0 \xa0 \xa0 \xa0 \xa0 \xa0 \xa0 \xa0 \xa0 \xa0 \xa0 \xa0 \xa0 \xa0 \xa0 \xa0 \xa0 \xa0 \xa0 \xa0 (단위 : 천원)\n기업명\n자산\n부채\n자본\n매출\n당기순손익\n총포괄손익\n<종속기업>\n\u3000\n\u3000\n\u3000\n\u3000\n\u3000\n\u3000\n\xa0 (주)엘티크루즈홀리데이\n11,473\n-\n11,473\n-\n(421)\n(421)\n\xa0 (주)엘티엔터테인먼트\n6,796,931\n3,825,801\n2,971,130\n2,503,741\n(1,276,632)\n(1,276,632)\n\xa0 용산역세권개발(주)\n233,815\n9,948,132\n(9,714,317)\n33,034\n(14,754,558)\n(14,754,558)\n\xa0 마이데일리(주)\n963,803\n446,531\n517,272\n2,171,751\n12,027\n12,027\n<관계기업>\n\u3000\n\u3000\n\u3000\n\u3000\n\u3000\n\u3000\n\xa0 코레일관광개발(주)\n18,465,299\n10,351,731\n8,113,568\n55,071,987\n(616,698)\n(616,698)\n9. 유형자산(1) 유형자산의 내용은 다음과 같습니다. \n<당반기>\xa0 \xa0 \xa0 \xa0 \xa0 \xa0 \xa0 \xa0 \xa0 \xa0 \xa0 \xa0 \xa0 \xa0 \xa0 \xa0 \xa0 \xa0 \xa0 \xa0 \xa0 \xa0 \xa0 \xa0 \xa0 \xa0 \xa0 \xa0 \xa0 \xa0 \xa0 \xa0 \xa0 \xa0 \xa0 \xa0 \xa0 \xa0 \xa0 \xa0 \xa0 \xa0 \xa0 \xa0 \xa0 \xa0 \xa0 \xa0 \xa0 \xa0 (단위 : 천원)\n구분\n취득원가\n감가상각누계액\n손상차손누계액\n정부보조금\n장부금액\n토지\n104,656,632\n-\n-\n-\n104,656,632\n차량운반구\n2,811,301\n(1,781,026)\n-\n-\n1,030,275\n건설중인자산\n197,275,922\n-\n-\n-\n197,275,922\n사용권자산\n4,355,202\n(826,698)\n-\n-\n3,528,504\n기타의유형자산\n4,984,720\n(3,533,934)\n-\n-\n1,450,786\n합계\n314,083,777\n(6,141,658)\n-\n-\n307,942,119\n<전기>\n\xa0 \xa0 \xa0 \xa0 \xa0 \xa0 \xa0 \xa0 \xa0 \xa0 \xa0 \xa0 \xa0 \xa0 \xa0 \xa0 \xa0 \xa0 \xa0 \xa0 \xa0 \xa0 \xa0 \xa0 \xa0 \xa0 \xa0 \xa0 \xa0 \xa0 \xa0 \xa0 \xa0 \xa0 \xa0 \xa0 \xa0 \xa0 \xa0 \xa0 \xa0 \xa0 \xa0 \xa0 \xa0 \xa0 \xa0 \xa0 \xa0 \xa0 (단위 : 천원)\n구분\n취득원가\n감가상각누계액\n손상차손누계액\n정부보조금\n장부금액\n토지\n104,656,632\n-\n-\n-\n104,656,632\n차량운반구\n2,729,721\n(1,681,397)\n-\n-\n1,048,324\n건설중인자산\n109,864,099\n-\n-\n-\n109,864,099\n기타의유형자산\n4,387,341\n(3,301,415)\n-\n-\n1,085,926\n합계\n221,637,792\n(4,982,812)\n-\n-\n216,654,980\n(2) 유형자산의 변동내용은 다음과 같습니다. \n<당반기>\xa0 \xa0 \xa0 \xa0 \xa0 \xa0 \xa0 \xa0 \xa0 \xa0 \xa0 \xa0 \xa0 \xa0 \xa0 \xa0 \xa0 \xa0 \xa0 \xa0 \xa0 \xa0 \xa0 \xa0 \xa0 \xa0 \xa0 \xa0 \xa0 \xa0 \xa0 \xa0 \xa0 \xa0 \xa0 \xa0 \xa0 \xa0 \xa0 \xa0 \xa0 \xa0 \xa0 \xa0 \xa0 \xa0 \xa0 \xa0 \xa0 \xa0\xa0 (단위 : 천원)\n구분\n토지\n차량운반구\n건설중인자산\n사용권자산\n기타의유형자산\n합계\n기초\n104,656,632\n1,048,324\n109,864,099\n-\n1,085,926\n216,654,980\n증가 :\n\u3000\n\u3000\n\u3000\n\u3000\n\u3000\n\u3000\n\xa0\xa0 취득\n-\n81,581\n87,411,823\n4,355,202\n597,379\n92,445,985\n감소 :\n\u3000\n\u3000\n\u3000\n\u3000\n\u3000\n\u3000\n\xa0\xa0 처분\n-\n-\n-\n-\n-\n-\n\xa0\xa0 감가상각\n-\n(99,629)\n-\n(826,698)\n(232,519)\n(1,158,846)\n기말\n104,656,632\n1,030,275\n197,275,922\n3,528,504\n1,450,786\n307,942,119\n(주) 감가상각비 중 당기손익 등으로 인식된 감가상각비는\xa0 1,159백만원 입니다.\n<전기>\n\xa0 \xa0 \xa0 \xa0 \xa0 \xa0 \xa0 \xa0 \xa0 \xa0 \xa0 \xa0 \xa0 \xa0 \xa0 \xa0 \xa0 \xa0 \xa0 \xa0 \xa0 \xa0 \xa0 \xa0 \xa0 \xa0 \xa0 \xa0 \xa0 \xa0 \xa0 \xa0 \xa0 \xa0 \xa0 \xa0 \xa0 \xa0 \xa0 \xa0 \xa0 \xa0 \xa0 \xa0 \xa0 \xa0 \xa0 \xa0 \xa0 \xa0 (단위 : 천원)\n구분\n토지\n차량운반구\n건설중인자산\n기타의유형자산\n합계\n기초\n104,656,632\n66,976\n93,470,315\n1,092,833\n199,286,755\n증가 :\n\u3000\n\u3000\n\u3000\n\u3000\n\u3000\n\xa0\xa0 취득\n-\n1,135,816\n16,393,784\n394,714\n17,924,314\n감소 :\n\u3000\n\u3000\n\u3000\n\u3000\n\u3000\n\xa0\xa0 처분\n-\n(3)\n-\n-\n(3)\n\xa0\xa0 감가상각\n-\n(154,465)\n-\n(401,621)\n(556,086)\n기말\n104,656,632\n1,048,324\n109,864,099\n1,085,926\n216,654,980\n(주) 감가상각비 중 당기손익 등으로 인식된 감가상각비는\xa0 556백만원 입니다.\n10. 무형자산\n(1) 무형자산의 내용은 다음과 같습니다.\n<당반기>\xa0 \xa0 \xa0 \xa0 \xa0 \xa0 \xa0 \xa0 \xa0 \xa0 \xa0 \xa0 \xa0 \xa0 \xa0 \xa0 \xa0 \xa0 \xa0 \xa0 \xa0 \xa0 \xa0 \xa0 \xa0 \xa0 \xa0 \xa0 \xa0 \xa0 \xa0 \xa0 \xa0 \xa0 \xa0 \xa0 \xa0 \xa0 \xa0 \xa0 \xa0 \xa0 \xa0 \xa0 \xa0 \xa0 \xa0 \xa0 \xa0 \xa0 (단위 : 천원)\n구분\n취득원가\n감가상각누계액\n손상차손누계액\n정부보조금\n장부금액\n소프트웨어\n5,104,214\n(1,793,636)\n-\n-\n3,310,578\n회원권\n550,574\n-\n(130,074)\n-\n420,500\n합계\n5,654,788\n(1,793,636)\n(130,074)\n-\n3,731,078\n(주) 회사는 회원권을 비한정내용연수를 가진 무형자산으로 분류하고 상각하지 않고 있습니다.\n<전기>\r\n\xa0 \xa0 \xa0 \xa0 \xa0 \xa0 \xa0 \xa0 \xa0 \xa0 \xa0 \xa0 \xa0 \xa0 \xa0 \xa0 \xa0 \xa0 \xa0 \xa0 \xa0 \xa0 \xa0 \xa0 \xa0 \xa0 \xa0 \xa0 \xa0 \xa0 \xa0 \xa0 \xa0 \xa0 \xa0 \xa0 \xa0 \xa0 \xa0 \xa0 \xa0 \xa0 \xa0 \xa0 \xa0 \xa0 \xa0 \xa0 \xa0 \xa0 (단위 : 천원)\n구분\n취득원가\n감가상각누계액\n손상차손누계액\n정부보조금\n장부금액\n소프트웨어\n5,009,714\n(1,289,515)\n-\n-\n3,720,199\n회원권\n550,574\n-\n(130,074)\n-\n420,500\n합계\n5,560,288\n(1,289,515)\n(130,074)\n-\n4,140,699\n(주) 회사는 회원권을 비한정내용연수를 가진 무형자산으로 분류하고 상각하지 않고 있습니다.(2) 무형자산의 변동내용은 다음과 같습니다. <당반기>\xa0 \xa0 \xa0 \xa0 \xa0 \xa0 \xa0 \xa0 \xa0 \xa0 \xa0 \xa0 \xa0 \xa0 \xa0 \xa0 \xa0 \xa0 \xa0 \xa0 \xa0 \xa0 \xa0 \xa0 \xa0 \xa0 \xa0 \xa0 \xa0 \xa0 \xa0 \xa0 \xa0 \xa0 \xa0 \xa0 \xa0 \xa0 \xa0 \xa0 \xa0 \xa0 \xa0 \xa0 \xa0 \xa0 \xa0 \xa0 \xa0 \xa0 (단위 : 천원)\r\n구분\n소프트웨어\n회원권\n합계\n기초\n3,720,199\n420,500\n4,140,699\n증가\n\u3000\n\u3000\n\u3000\n\xa0 개별취득\n94,500\n-\n94,500\n감소 :\n\u3000\n\u3000\n\u3000\n\xa0 처분\n-\n-\n-\n\xa0 상각\n(504,121)\n-\n(504,121)\n\xa0 손상차손:\n\u3000\n\u3000\n\u3000\n\xa0 \xa0 당기손익\n-\n-\n-\n기말\n3,310,578\n420,500\n3,731,078\n<전기>\n\xa0 \xa0 \xa0 \xa0 \xa0 \xa0 \xa0 \xa0 \xa0 \xa0 \xa0 \xa0 \xa0 \xa0 \xa0 \xa0 \xa0 \xa0 \xa0 \xa0 \xa0 \xa0 \xa0 \xa0 \xa0 \xa0 \xa0 \xa0 \xa0 \xa0 \xa0 \xa0 \xa0 \xa0 \xa0 \xa0 \xa0 \xa0 \xa0 \xa0 \xa0 \xa0 \xa0 \xa0 \xa0 \xa0 \xa0 \xa0 \xa0 \xa0 (단위 : 천원)\n구분\n소프트웨어\n회원권\n합계\n기초\n961,135\n420,500\n1,381,635\n증가\n\u3000\n\u3000\n\u3000\n\xa0 개별취득\n3,225,900\n-\n3,225,900\n감소 :\n\u3000\n\u3000\n\u3000\n\xa0 처분\n-\n-\n-\n\xa0 상각\n(466,836)\n-\n(466,836)\n\xa0 손상차손:\n\u3000\n\u3000\n\u3000\n\xa0 \xa0 당기손익\n-\n-\n-\n기말\n3,720,199\n420,500\n4,140,699\n(3) 무형자산상각비의 포괄손익계산서의 계정과목별 내용은 다음과 같습니다. \xa0 \xa0 \xa0 \xa0 \xa0 \xa0 \xa0 \xa0 \xa0 \xa0 \xa0 \xa0 \xa0 \xa0 \xa0 \xa0 \xa0 \xa0 \xa0 \xa0 \xa0 \xa0 \xa0 \xa0 \xa0 \xa0 \xa0 \xa0 \xa0 \xa0 \xa0 \xa0 \xa0 \xa0 \xa0 \xa0 \xa0 \xa0 \xa0 \xa0 \xa0 \xa0 \xa0 \xa0 \xa0 \xa0 \xa0 \xa0 \xa0 \xa0 (단위 : 천원)\n구분\n당반기\n전기\n판매비와관리비\n504,121\n466,836\n11. 리스\n(1) 당반기말 현재 기초자산 유형별 사용권자산의 내역은 다음과 같습니다.\xa0 \xa0 \xa0 \xa0 \xa0 \xa0 \xa0 \xa0 \xa0 \xa0 \xa0 \xa0 \xa0 \xa0 \xa0 \xa0 \xa0 \xa0 \xa0 \xa0 \xa0 \xa0 \xa0 \xa0 \xa0 \xa0 \xa0 \xa0 \xa0 \xa0 \xa0 \xa0 \xa0 \xa0 \xa0 \xa0 \xa0 \xa0 \xa0 \xa0 \xa0 \xa0 \xa0 \xa0 \xa0 \xa0 \xa0 \xa0 \xa0 \xa0\xa0 (단위 : 천원)\r\n구분\n당반기\n전기\n부동산\n4,355,202\n-\n차량운반구\n571,641\n571,641\n합계\n4,926,843\n571,641\n(주) 당기 중 증가된 사용권자산은 4,355백만원입니다.(2) 당기 중 리스와 관련해 손익으로 인식된 금액은 다음과 같습니다.\xa0 \xa0 \xa0 \xa0 \xa0 \xa0 \xa0 \xa0 \xa0 \xa0 \xa0 \xa0 \xa0 \xa0 \xa0 \xa0 \xa0 \xa0 \xa0 \xa0 \xa0 \xa0 \xa0 \xa0 \xa0 \xa0 \xa0 \xa0 \xa0 \xa0 \xa0 \xa0 \xa0 \xa0 \xa0 \xa0 \xa0 \xa0 \xa0 \xa0 \xa0 \xa0 \xa0 \xa0 \xa0 \xa0 \xa0 \xa0 \xa0 \xa0\xa0 (단위 : 천원)\r\n구분\n당반기\n전기\n사용권자산의 감가상각비\n\u3000\n\xa0 \xa0 부동산\n826,698\n-\n\xa0 \xa0 차량운반구\n47,636\n420,500\n합계\n874,334\n420,500\n리스부채에 대한 이자비용\n122,360\n-\n(3) 당반기말 및 전기말 현재 리스부채 및 금융리스부채의 내역은 다음과 같습니다.\xa0 \xa0 \xa0 \xa0 \xa0 \xa0 \xa0 \xa0 \xa0 \xa0 \xa0 \xa0 \xa0 \xa0 \xa0 \xa0 \xa0 \xa0 \xa0 \xa0 \xa0 \xa0 \xa0 \xa0 \xa0 \xa0 \xa0 \xa0 \xa0 \xa0 \xa0 \xa0 \xa0 \xa0 \xa0 \xa0 \xa0 \xa0 \xa0 \xa0 \xa0 \xa0 \xa0 \xa0 \xa0 \xa0 \xa0 \xa0 \xa0 \xa0\xa0 (단위 : 천원)\r\n구분\n당반기\n전기\n최소리스료\n최소리스료의현재가치\n최소리스료\n최소리스료의현재가치\n1년 이내\n1,781,933\n1,781,933\n283,843\n283,843\n1년 초과 5년 이내\n1,281,716\n1,281,716\n180,902\n180,902\n5년 초과\n553,681\n553,681\n-\n-\n합계\n3,617,330\n3,617,330\n464,745\n464,745\n(4) 당반기말 및 전기말 현재 리스부채 및 금융리스부채의 유동성분류 내역은 다음과 같습니다.\n\xa0 \xa0 \xa0 \xa0 \xa0 \xa0 \xa0 \xa0 \xa0 \xa0 \xa0 \xa0 \xa0 \xa0 \xa0 \xa0 \xa0 \xa0 \xa0 \xa0 \xa0 \xa0 \xa0 \xa0 \xa0 \xa0 \xa0 \xa0 \xa0 \xa0 \xa0 \xa0 \xa0 \xa0 \xa0 \xa0 \xa0 \xa0 \xa0 \xa0 \xa0 \xa0 \xa0 \xa0 \xa0 \xa0 \xa0 \xa0 \xa0 \xa0\xa0 (단위 : 천원)\r\n구분\n당반기\n전기\n유동\n1,883,983\n283,843\n비유동\n1,733,347\n180,902\n합계\n3,617,330\n464,745\n12. 매입채무 및 기타채무매입채무 및 기타채무의 내용은 다음과 같습니다. \xa0 \xa0 \xa0 \xa0 \xa0 \xa0 \xa0 \xa0 \xa0 \xa0 \xa0 \xa0 \xa0 \xa0 \xa0 \xa0 \xa0 \xa0 \xa0 \xa0 \xa0 \xa0 \xa0 \xa0 \xa0 \xa0 \xa0 \xa0 \xa0 \xa0 \xa0 \xa0 \xa0 \xa0 \xa0 \xa0 \xa0 \xa0 \xa0 \xa0 \xa0 \xa0 \xa0 \xa0 \xa0 \xa0 \xa0 \xa0 \xa0 \xa0 (단위 : 천원)\r\n구분\n당반기\n전기\n매입채무\n216,850\n162,200\n단기기타채무\n\u3000\n\u3000\n\xa0 미지급금\n82,311,215\n11,929,895\n\xa0 미지급비용\n669,926\n528,299\n\xa0 예수금\n728,068\n716,646\n\xa0 수탁금\n19,468,749\n17,683,903\n소계\n103,177,958\n30,858,744\n장기기타채무\n\u3000\n\u3000\n\xa0 장기미지급금(주1)\n-\n87,840,267\n소계\n-\n87,840,267\n합계\n103,394,808\n118,861,211\n(주1) 당기중 장기미지급금(드림타워 토지)을 미지급금으로 유동성대체 하였습니다.13. 차입금(1) 사채1) 사채의 내용은 다음과 같습니다. \xa0 \xa0 \xa0 \xa0 \xa0 \xa0 \xa0 \xa0 \xa0 \xa0 \xa0 \xa0 \xa0 \xa0 \xa0 \xa0 \xa0 \xa0 \xa0 \xa0 \xa0 \xa0 \xa0 \xa0 \xa0 \xa0 \xa0 \xa0 \xa0 \xa0 \xa0 \xa0 \xa0 \xa0 \xa0 \xa0 \xa0 \xa0 \xa0 \xa0 \xa0 \xa0 \xa0 \xa0 \xa0 \xa0 \xa0 \xa0 \xa0 \xa0 \xa0 (단위 : 천원)\n구분\n당반기\n전기\n전환사채\n1,884,282\n28,088,754\n합계\n1,884,282\n28,088,754\n2) 전환사채의 내용은 다음과 같습니다. \xa0 \xa0 \xa0 \xa0 \xa0 \xa0 \xa0 \xa0 \xa0 \xa0 \xa0 \xa0 \xa0 \xa0 \xa0 \xa0 \xa0 \xa0 \xa0 \xa0 \xa0 \xa0 \xa0 \xa0 \xa0 \xa0 \xa0 \xa0 \xa0 \xa0 \xa0 \xa0 \xa0 \xa0 \xa0 \xa0 \xa0 \xa0 \xa0 \xa0 \xa0 \xa0 \xa0 \xa0 \xa0 \xa0 \xa0 \xa0 \xa0 \xa0 \xa0 (단위 : 천원)\n구분\n발행일\n만기일\n이자율\n당반기\n전기\n제5회 무보증 사모 전환사채\n2017.08.18\n2020.08.18\n0%\n2,000,000\n31,000,000\n상환할증금 (가산)\n60,832\n942,896\n전환권조정 (차감)\n(168,232)\n(3,672,559)\n사채할인발행차금 (차감)\n(8,318)\n(181,583)\n합계\n1,884,282\n28,088,754\n3) 전환사채의 주요 발행조건은 다음과 같습니다.\xa0\n구분\n내용\n액면금액\n\xa0400 억원\n발행가액\n\xa0400 억원\n발행일\n\xa02017년 8월 18일\n만기일\n\xa02020년 8월 18일\n표면금리\n\xa00.0%\n만기보장수익률\n\xa01.0%\n전환가액\n\xa0주당 8,300원(최초)\n전환가액의 조정\n\xa0시가 하회 유상증자, 주식분할 및 병합, 합병 등\n전환청구기간\n\xa02018년 8월 18일부터 2020년 7월 18일까지\n조기상환청구권(Put Option)\n\xa02018년 8월 18일 및 이후 매 3개월이 해당되는 날\n(주) 상기 전환사채의 전환권은 자본(전환권대가)으로 분류되었으며, 조기상환청구권(Put Option)은 단기기타금융부채(파생금융부채)로 분리하여 계상하고 있습니다.\n14. 기타금융부채\n(1) 기타금융부채의 내용은 다음과 같습니다.\xa0\n<당반기>\xa0 \xa0 \xa0 \xa0 \xa0 \xa0 \xa0 \xa0 \xa0 \xa0 \xa0 \xa0 \xa0 \xa0 \xa0 \xa0 \xa0 \xa0 \xa0 \xa0 \xa0 \xa0 \xa0 \xa0 \xa0 \xa0 \xa0 \xa0 \xa0 \xa0 \xa0 \xa0 \xa0 \xa0 \xa0 (단위 : 천원)\n구분\n금액\n단기기타금융부채 :\xa0\n\xa0 \xa0 파생금융부채\n138,682\n합계\n138,682\n<전기>\xa0 \xa0 \xa0 \xa0 \xa0 \xa0 \xa0 \xa0 \xa0 \xa0 \xa0 \xa0 \xa0 \xa0 \xa0 \xa0 \xa0 \xa0 \xa0 \xa0 \xa0 \xa0 \xa0 \xa0 \xa0 \xa0 \xa0 \xa0 \xa0 \xa0 \xa0 \xa0 \xa0 \xa0 \xa0 \xa0 \xa0 \xa0 \xa0 \xa0 \xa0\xa0 (단위 : 천원)\n구분\n금액\n단기기타금융부채 :\xa0\n\xa0 \xa0 파생금융부채\n2,149,571\n합계\n2,149,571\n(2) 기타금융부채에 포함된 파생상품부채의 내용은 다음과 같습니다.\xa0 \xa0 \xa0 \xa0 \xa0 \xa0 \xa0 \xa0 \xa0 \xa0 \xa0 \xa0 \xa0 \xa0 \xa0 \xa0 \xa0 \xa0 \xa0 \xa0 \xa0 \xa0 \xa0 \xa0 \xa0 \xa0 \xa0 \xa0 \xa0 \xa0 \xa0 \xa0 \xa0 \xa0 \xa0 \xa0 \xa0 \xa0 \xa0 \xa0 \xa0 \xa0 \xa0 \xa0 \xa0 \xa0 \xa0 \xa0 \xa0 \xa0 (단위 : 천원)\n구분\n당반기\n전기\n<유동항목>\n\xa0전환사채 조기상환청구권\n138,682\n2,149,571\n합계\n138,682\n2,149,571\n15. 퇴직급여부채(1) 퇴직급여부채의 내용은 다음과 같습니다. \xa0 \xa0 \xa0 \xa0 \xa0 \xa0 \xa0 \xa0 \xa0 \xa0 \xa0 \xa0 \xa0 \xa0 \xa0 \xa0 \xa0 \xa0 \xa0 \xa0 \xa0 \xa0 \xa0 \xa0 \xa0 \xa0 \xa0 \xa0 \xa0 \xa0 \xa0 \xa0 \xa0 \xa0 \xa0 \xa0 \xa0 \xa0 \xa0 \xa0 \xa0 \xa0 \xa0 \xa0 \xa0 \xa0 \xa0 \xa0 \xa0 \xa0 (단위 : 천원)\n구분\n당반기\n전기\n확정급여채무 현재가치\n10,404,430\n10,103,270\n사외적립자산 공정가치\n(1,475,871)\n(1,465,994)\n합계\n8,928,559\n8,637,276\n(2) 확정급여채무확정급여채무의 변동내용은 다음과 같습니다. \xa0 \xa0 \xa0 \xa0 \xa0 \xa0 \xa0 \xa0 \xa0 \xa0 \xa0 \xa0 \xa0 \xa0 \xa0 \xa0 \xa0 \xa0 \xa0 \xa0 \xa0 \xa0 \xa0 \xa0 \xa0 \xa0 \xa0 \xa0 \xa0 \xa0 \xa0 \xa0 \xa0 \xa0 \xa0 \xa0 \xa0 \xa0 \xa0 \xa0 \xa0 \xa0 \xa0 \xa0 \xa0 \xa0 \xa0 \xa0 \xa0 \xa0 (단위 : 천원)\n구분\n당반기\n전기\n기초\n10,103,270\n8,565,133\n근무원가\n818,055\n1,332,345\n이자원가\n113,048\n227,427\n재측정요소 :\n\u3000\n\u3000\n\xa0 재무적가정의 변동에서 발생하는 보험수리적손익\n-\n786,503\n급여지급액\n(629,943)\n(808,137)\n기말\n10,404,430\n10,103,270\n(3) 사외적립자산1) 사외적립자산의 공정가치 변동내용은 다음과 같습니다. \xa0 \xa0 \xa0 \xa0 \xa0 \xa0 \xa0 \xa0 \xa0 \xa0 \xa0 \xa0 \xa0 \xa0 \xa0 \xa0 \xa0 \xa0 \xa0 \xa0 \xa0 \xa0 \xa0 \xa0 \xa0 \xa0 \xa0 \xa0 \xa0 \xa0 \xa0 \xa0 \xa0 \xa0 \xa0 \xa0 \xa0 \xa0 \xa0 \xa0 \xa0 \xa0 \xa0 \xa0 \xa0 \xa0 \xa0 \xa0 \xa0 \xa0 (단위 : 천원)\n구분\n당반기\n전기\n기초\n1,465,994\n1,349,105\n이자수익\n9,877\n38,749\n사용자 기여금\n-\n100,000\n재측정요소 :\n\u3000\n\u3000\n\xa0사외적립자산의 수익(이자수익에 포함된 금액 제외)\n-\n(21,860)\n급여지급액\n-\n-\n기말\n1,475,871\n1,465,994\n2) 사외적립자산의 구성내용은 다음과 같습니다.\xa0 \xa0 \xa0 \xa0 \xa0 \xa0 \xa0 \xa0 \xa0 \xa0 \xa0 \xa0 \xa0 \xa0 \xa0 \xa0 \xa0 \xa0 \xa0 \xa0 \xa0 \xa0 \xa0 \xa0 \xa0 \xa0 \xa0 \xa0 \xa0 \xa0 \xa0 \xa0 \xa0 \xa0 \xa0 \xa0 \xa0 \xa0 \xa0 \xa0 \xa0 \xa0 \xa0 \xa0 \xa0 \xa0 \xa0 \xa0 \xa0 \xa0 (단위 : 천원)\n구분\n당반기\n전기\n예금 등\n1,475,871\n1,465,994\n3) 사외적립자산의 실제수익은 다음과 같습니다. \xa0 \xa0 \xa0 \xa0 \xa0 \xa0 \xa0 \xa0 \xa0 \xa0 \xa0 \xa0 \xa0 \xa0 \xa0 \xa0 \xa0 \xa0 \xa0 \xa0 \xa0 \xa0 \xa0 \xa0 \xa0 \xa0 \xa0 \xa0 \xa0 \xa0 \xa0 \xa0 \xa0 \xa0 \xa0 \xa0 \xa0 \xa0 \xa0 \xa0 \xa0 \xa0 \xa0 \xa0 \xa0 \xa0 \xa0 \xa0 \xa0 \xa0 (단위 : 천원)\n구분\n당반기\n전반기\n사외적립자산\n9,877\n7,102\n(4) 총비용1) 당기손익 등으로 인식한 총비용의 내용은 다음과 같습니다. \xa0 \xa0 \xa0 \xa0 \xa0 \xa0 \xa0 \xa0 \xa0 \xa0 \xa0 \xa0 \xa0 \xa0 \xa0 \xa0 \xa0 \xa0 \xa0 \xa0 \xa0 \xa0 \xa0 \xa0 \xa0 \xa0 \xa0 \xa0 \xa0 \xa0 \xa0 \xa0 \xa0 \xa0 \xa0 \xa0 \xa0 \xa0 \xa0 \xa0 \xa0 \xa0 \xa0 \xa0 \xa0 \xa0 \xa0 \xa0 \xa0 \xa0 (단위 : 천원)\n구분\n당반기\n전반기\n당기근무원가\n818,055\n666,172\n순이자손익\n103,171\n106,612\n합계\n921,225\n772,784\n2) 당기손익 등으로 인식한 총비용의 계정과목별 내용은 다음과 같습니다. \xa0 \xa0 \xa0 \xa0 \xa0 \xa0 \xa0 \xa0 \xa0 \xa0 \xa0 \xa0 \xa0 \xa0 \xa0 \xa0 \xa0 \xa0 \xa0 \xa0 \xa0 \xa0 \xa0 \xa0 \xa0 \xa0 \xa0 \xa0 \xa0 \xa0 \xa0 \xa0 \xa0 \xa0 \xa0 \xa0 \xa0 \xa0 \xa0 \xa0 \xa0 \xa0 \xa0 \xa0 \xa0 \xa0 \xa0 \xa0 \xa0 \xa0 (단위 : 천원)\n구분\n당반기\n전반기\n영업원가\n25,685\n29,548\n판매비와관리비\n712,779\n658,284\n건설중인자산\n182,761\n84,952\n합계\n921,225\n772,784\n(5) 보험수리적가정 1) 보험수리적가정의 주요 내용은 다음과 같습니다. \xa0 \xa0 \xa0 \xa0 \xa0 \xa0 \xa0 \xa0 \xa0 \xa0 \xa0 \xa0 \xa0 \xa0 \xa0 \xa0 \xa0 \xa0 \xa0 \xa0 \xa0 \xa0 \xa0 \xa0 \xa0 \xa0 \xa0 \xa0 \xa0 \xa0 \xa0 \xa0 \xa0 \xa0 \xa0 \xa0 \xa0 \xa0 \xa0 \xa0 \xa0 \xa0 \xa0 \xa0 \xa0 \xa0 \xa0 \xa0 \xa0 \xa0 (단위 : 천원)\n구분\n당반기\n전반기\n할인율\n2.35%\n2.35%\n임금상승률\n3.84%\n3.84%\n2) 보고기간 종료일 현재 주요 가정의 변동에 따른 확정급여채무의 민감도 분석은 다음과 같습니다.\xa0\n<당반기>\xa0 \xa0 \xa0\xa0 \xa0 \xa0 \xa0 \xa0 \xa0 \xa0 \xa0 \xa0 \xa0 \xa0 \xa0 \xa0 \xa0 \xa0 \xa0 \xa0 \xa0 \xa0\xa0\xa0 \xa0 \xa0 \xa0 \xa0 \xa0 \xa0 \xa0 \xa0 \xa0 \xa0 \xa0 \xa0 \xa0 \xa0 \xa0 \xa0 \xa0 \xa0 \xa0 \xa0 \xa0 \xa0 \xa0 \xa0 \xa0 \xa0 \xa0 \xa0 \xa0 \xa0 \xa0 \xa0 \xa0 \xa0 \xa0 \xa0 \xa0 \xa0 \xa0 \xa0 \xa0 \xa0 \xa0 \xa0 \xa0 \xa0 \xa0 \xa0 \xa0 \xa0 \xa0 \xa0 \xa0 \xa0 \xa0 \xa0 \xa0 \xa0 \xa0 \xa0 \xa0 \xa0 \xa0 \xa0 \xa0 \xa0 \xa0 \xa0 \xa0 \xa0 \xa0 \xa0 \xa0 \xa0 \xa0 \xa0 \xa0 \xa0 \xa0 \xa0 (단위 : 천원)\n구\xa0 \xa0\xa0 분\n금\xa0 액\n비\xa0 율\n할인율 :\n\xa0 1% 상승\n(490,207)\n-4.71%\n\xa0 1% 하락\n559,565\n5.38%\n임금인상률 :\n\xa0 1% 상승\n560,729\n5.39%\n\xa0 1% 하락\n(500,209)\n-4.81%\n<전기>\xa0 \xa0 \xa0 \xa0 \xa0 \xa0 \xa0 \xa0 \xa0 \xa0 \xa0 \xa0 \xa0 \xa0 \xa0 \xa0 \xa0 \xa0 \xa0 \xa0 \xa0 \xa0 \xa0 \xa0 \xa0 \xa0 \xa0 \xa0 \xa0 \xa0 \xa0 \xa0 \xa0 \xa0 \xa0 \xa0 \xa0 \xa0 \xa0 \xa0 \xa0 \xa0 \xa0 \xa0 \xa0 \xa0 \xa0 \xa0 \xa0\xa0 (단위 : 천원)\n구\xa0 \xa0\xa0 분\n금\xa0 액\n비\xa0 율\n할인율 :\n\xa0 1% 상승\n(476,018)\n-4.71%\n\xa0 1% 하락\n543,368\n5.38%\n임금인상률 :\n\xa0 1% 상승\n544,498\n5.39%\n\xa0 1% 하락\n(485,730)\n-4.81%\n(6) 전기말 현재 회사의 확정급여채무의 가중평균만기는 6년이며, 할인되지 않은 연금 급여지급액의 만기분석은 다음과 같습니다.\xa0 \xa0 \xa0 \xa0 \xa0 \xa0 \xa0 \xa0 \xa0 \xa0 \xa0 \xa0 \xa0 \xa0 \xa0 \xa0 \xa0 \xa0 \xa0 \xa0 \xa0 \xa0 \xa0 \xa0 \xa0 \xa0 \xa0 \xa0 \xa0 \xa0 \xa0 \xa0 \xa0 \xa0 \xa0 \xa0 \xa0 \xa0 \xa0 \xa0 \xa0 \xa0 \xa0 \xa0 \xa0 \xa0 \xa0 \xa0 \xa0 \xa0 \xa0 (단위 : 천원)\n구 분\n1년 미만\n1년~2년미만\n2년~5년미만\n5년~10년미만\n10년 이상\n합계\n급여지급액\n3,693,482\n805,891\n1,965,906\n2,118,125\n2,839,430\n11,422,834\n16. 충당부채\xa0충당부채의 변동내용은 다음과 같습니다. \xa0 \xa0 \xa0 \xa0 \xa0 \xa0 \xa0 \xa0 \xa0 \xa0 \xa0 \xa0 \xa0 \xa0 \xa0 \xa0 \xa0 \xa0 \xa0 \xa0 \xa0 \xa0 \xa0 \xa0 \xa0 \xa0 \xa0 \xa0 \xa0 \xa0 \xa0 \xa0 \xa0 \xa0 \xa0 \xa0 \xa0 \xa0 \xa0 \xa0 \xa0 \xa0 \xa0 \xa0 \xa0 \xa0 \xa0 \xa0 \xa0 \xa0 (단위 : 천원)\r\n구분\n당반기\n전기\n기타충당부채\n기타충당부채\n충당부채변동내용 :\xa0\n\xa0 기초\n51,696,000\n51,696,000\n\xa0 설정\n-\n-\n\xa0 사용\n-\n-\n\xa0 환입\n-\n-\n\xa0 기말 :\xa0\n\xa0 \xa0 유동성\n-\n-\n\xa0 \xa0 비유동성\n51,696,000\n51,696,000\n(주) 서울보증보험(주)는 회사의 회생절차 진행시 한국철도공사에 지급한 보험금 중회사의 지분비율에 해당하는 금액에 대하여 ""회생채권조사확정재판""을 2013년 6월 4일 서울중앙지방법원에 제기하였으며, 이와 관련하여 서울중앙지방법원은 2013년 12월 9일에 ""서울보증보험 주식회사의 회생채권은 존재하지 아니함을 확정한다.""는 채무부존재 결정을 하였습니다.이에 서울보증보험(주)는 2013년 12월 27일자로 ""회생채권조사확정재판에 대한 이의""의 소를 제기하였고, 이와 관련하여\xa0서울지방법원의 2015년 6월 5일자 1심 판결 및 서울고등법원의 2018년 1월 12일자 2심 판결에 대하여 회사는 보고기간 종료일 현재 합리적 추정치를 기타충당부채로 계상하고 있습니다.또한\xa0서울고등법원이 2018년 1월 12일자로 결정한 상기의 판결에 대하여\xa0회사는 2018년 2월 1일자로\xa0상고하여\xa0현재 대법원에 계류중이며,\xa0향후 소송결과에 따라 기타충당부채 금액이 감액될 수 있습니다.\n17. 자본금과 자본잉여금(1) 자본금1) 자본금의 내용은 다음과 같습니다. \xa0 \xa0 \xa0 \xa0 \xa0 \xa0 \xa0 \xa0 \xa0 \xa0 \xa0 \xa0 \xa0 \xa0 \xa0 \xa0 \xa0 \xa0 \xa0 \xa0 \xa0 \xa0 \xa0 \xa0 \xa0 \xa0 \xa0 \xa0 \xa0 \xa0 \xa0 \xa0 \xa0 \xa0 \xa0 \xa0 \xa0 \xa0 \xa0 \xa0 \xa0 \xa0 \xa0 \xa0 \xa0 \xa0 \xa0 \xa0 \xa0\xa0 (단위 : 천원)\r\n구분\n당반기\n전기\n발행할주식의 총수\n100,000,000 주\n100,000,000 주\n1주당 액면금액\n500 원\n500 원\n발행한 주식수\n69,010,340 주\n65,163,174 주\n보통주자본금\n34,505,170\n32,581,587\n2) 자본금 및 주식발행초과금의 변동내용은 다음과 같습니다. \xa0 \xa0 \xa0 \xa0 \xa0 \xa0 \xa0 \xa0 \xa0 \xa0 \xa0 \xa0 \xa0 \xa0 \xa0 \xa0 \xa0 \xa0 \xa0 \xa0 \xa0 \xa0 \xa0 \xa0 \xa0 \xa0 \xa0 \xa0 \xa0 \xa0 \xa0 \xa0 \xa0 \xa0 \xa0 \xa0 \xa0 \xa0 \xa0 \xa0 \xa0 \xa0 \xa0 \xa0 \xa0 \xa0 \xa0 \xa0 \xa0\xa0 (단위 : 천원)\n구분\n일자\n증감주식수\n주당발행금액\n자본금\n주식발행초과금\n<전기>\n\xa0 기초\n2018.01.01\n45,395,023 주\n500 원\n22,697,512\n268,699,471\n\xa0\xa0 전환사채 전환\n2018.08.20\n301,204 주\n500 원\n150,602\n2,241,246\n\xa0\xa0 유상증자\n2018.10.20\n18,604,651 주\n500 원\n9,302,326\n200,300,068\n\xa0\xa0 전환사채 전환\n2018.10.26\n265,322 주\n500 원\n132,661\n1,798,172\n\xa0\xa0 전환사채 전환\n2018.11.22\n198,991 주\n500 원\n99,496\n1,357,531\n\xa0\xa0 전환사채 전환\n2018.11.30\n397,983 주\n500 원\n198,992\n2,726,966\n\xa0 기말\n2018.12.31\n65,163,174 주\n500 원\n32,581,587\n477,123,454\n<당반기>\n\xa0 기초\n2019.01.01\n65,163,174 주\n500 원\n32,581,587\n477,123,454\n\xa0\xa0 전환사채 전환\n2019.01.04\n174,184 주\n500 원\n87,092\n1,193,313\n\xa0\xa0 전환사채 전환\n2019.01.08\n66,330 주\n500 원\n33,165\n458,712\n\xa0\xa0 전환사채 전환\n2019.02.18\n328,203 주\n500 원\n164,102\n2,285,276\n\xa0\xa0 전환사채 전환\n2019.03.18\n2,918,540 주\n500 원\n1,459,270\n20,456,913\n\xa0\xa0 전환사채 전환\n2019.03.21\n184,531 주\n500 원\n92,266\n1,293,482\n\xa0\xa0 전환사채 전환\n2019.04.08\n175,378 주\n500 원\n87,689\n1,241,293\n\xa0 기말\n2019.06.30\n69,010,340 주\n500 원\n34,505,170\n504,052,444\n(2) 자본잉여금\n1)\xa0 자본잉여금의 내용은 다음과 같습니다.\xa0 \xa0 \xa0 \xa0 \xa0 \xa0 \xa0 \xa0 \xa0 \xa0 \xa0 \xa0 \xa0 \xa0 \xa0 \xa0 \xa0 \xa0 \xa0 \xa0 \xa0 \xa0 \xa0 \xa0 \xa0 \xa0 \xa0 \xa0 \xa0 \xa0 \xa0 \xa0 \xa0 \xa0 \xa0 \xa0 \xa0 \xa0 \xa0 \xa0 \xa0 \xa0 \xa0 \xa0 \xa0 \xa0 \xa0 \xa0 \xa0 \xa0 (단위 : 천원)\n구분\n당반기\n전기\n주식발행초과금\n504,052,444\n477,123,454\n신주인수권대가\n12,367,194\n12,367,194\n전환권대가\n158,211\n2,441,805\n합계\n516,577,849\n491,932,453\n2) 자본잉여금의 변동내용은 다음과 같습니다. <당반기>\n\xa0 \xa0 \xa0 \xa0 \xa0 \xa0 \xa0 \xa0 \xa0 \xa0 \xa0 \xa0 \xa0 \xa0 \xa0 \xa0 \xa0 \xa0 \xa0 \xa0 \xa0 \xa0 \xa0 \xa0 \xa0 \xa0 \xa0 \xa0 \xa0 \xa0 \xa0 \xa0 \xa0 \xa0 \xa0 \xa0 \xa0 \xa0 \xa0 \xa0 \xa0 \xa0 \xa0 \xa0 \xa0 \xa0 \xa0 \xa0 \xa0 \xa0 \xa0 (단위 : 천원)\n구분\n기초\n증가\n감소\n기말\n주식발행초과금\n477,123,454\n26,928,990\n-\n504,052,444\n신수인수권대가\n12,367,194\n-\n-\n12,367,194\n전환권대가\n2,441,805\n-\n(2,283,594)\n158,211\n합계\n491,932,453\n26,928,990\n(2,283,594)\n516,577,849\n<전기>\n\xa0 \xa0 \xa0 \xa0 \xa0 \xa0 \xa0 \xa0 \xa0 \xa0 \xa0 \xa0 \xa0 \xa0 \xa0 \xa0 \xa0 \xa0 \xa0 \xa0 \xa0 \xa0 \xa0 \xa0 \xa0 \xa0 \xa0 \xa0 \xa0 \xa0 \xa0 \xa0 \xa0 \xa0 \xa0 \xa0 \xa0 \xa0 \xa0 \xa0 \xa0 \xa0 \xa0 \xa0 \xa0 \xa0 \xa0 \xa0 \xa0 \xa0 \xa0 (단위 : 천원)\n구분\n기초\n증가\n감소\n기말\n주식발행초과금\n268,699,471\n208,423,983\n-\n477,123,454\n신수인수권대가\n12,367,194\n-\n-\n12,367,194\n전환권대가\n3,164,225\n-\n(722,421)\n2,441,805\n합계\n284,230,890\n208,423,983\n(722,421)\n491,932,453\n18.\xa0기타포괄손익누계액\n(1) 기타포괄손익누계액의 내용은 다음과 같습니다.<당반기>\xa0 \xa0 \xa0 \xa0 \xa0 \xa0 \xa0 \xa0 \xa0 \xa0 \xa0 \xa0 \xa0 \xa0 \xa0 \xa0 \xa0 \xa0 \xa0 \xa0 \xa0 \xa0 \xa0 \xa0 \xa0 \xa0 \xa0 \xa0 \xa0 \xa0 \xa0 \xa0 \xa0 \xa0 \xa0 \xa0\xa0 (단위 : 천원)\n구분\n금액\n기타포괄손익-공정가치측정 지분상품 평가손익\n3,334,162\n<전기>\n\xa0 \xa0 \xa0 \xa0 \xa0 \xa0 \xa0 \xa0 \xa0 \xa0 \xa0 \xa0 \xa0 \xa0 \xa0 \xa0 \xa0 \xa0 \xa0 \xa0 \xa0 \xa0 \xa0 \xa0 \xa0 \xa0 \xa0 \xa0 \xa0 \xa0 \xa0 \xa0 \xa0 \xa0 \xa0 \xa0\xa0 (단위 : 천원)\n구분\n금액\n기타포괄손익-공정가치측정 지분상품 평가손익\n4,504,429\n(2) 기타포괄손익누계액의 변동내용은 다음과 같습니다.<당반기>\n\xa0 \xa0 \xa0 \xa0 \xa0 \xa0 \xa0 \xa0 \xa0 \xa0 \xa0 \xa0 \xa0 \xa0 \xa0 \xa0 \xa0 \xa0 \xa0 \xa0 \xa0 \xa0 \xa0 \xa0 \xa0 \xa0 \xa0 \xa0 \xa0 \xa0 \xa0 \xa0 \xa0 \xa0 \xa0 \xa0 \xa0 \xa0 \xa0 \xa0 \xa0 \xa0 \xa0 \xa0 \xa0 \xa0 \xa0 \xa0 \xa0 \xa0 \xa0 (단위 : 천원)\n구분\n기초\n증가\n재분류조정\n기타감소\n법인세효과\n기말\n기타포괄손익-공정가치측정 지분상품 평가손익\n4,504,429\n-\n-\n(1,500,343)\n330,076\n3,334,162\n<전기>\n\xa0 \xa0 \xa0 \xa0 \xa0 \xa0 \xa0 \xa0 \xa0 \xa0 \xa0 \xa0 \xa0 \xa0 \xa0 \xa0 \xa0 \xa0 \xa0 \xa0 \xa0 \xa0 \xa0 \xa0 \xa0 \xa0 \xa0 \xa0 \xa0 \xa0 \xa0 \xa0 \xa0 \xa0 \xa0 \xa0 \xa0 \xa0 \xa0 \xa0 \xa0 \xa0 \xa0 \xa0 \xa0 \xa0 \xa0 \xa0 \xa0 \xa0\xa0 (단위 : 천원)\n구분\n기초\n(기준서 제1039호)\n회계정책의 변경효과\n기초(기준서 제1109호)\n증가\n재분류조정\n기타감소\n법인세효과\n기말\n기타포괄손익-공정가치측정 지분상품 평가손익\n-\n-\n-\n5,774,909\n-\n-\n(1,270,480)\n4,504,429\n19. 이익잉여금(결손금)\n(1) 이익잉여금(결손금)의 내용은 다음과 같습니다.\xa0 \xa0 \xa0 \xa0 \xa0 \xa0 \xa0 \xa0 \xa0 \xa0 \xa0 \xa0 \xa0 \xa0 \xa0 \xa0 \xa0 \xa0 \xa0 \xa0 \xa0 \xa0 \xa0 \xa0 \xa0 \xa0 \xa0 \xa0 \xa0 \xa0 \xa0 \xa0 \xa0 \xa0 \xa0 \xa0 \xa0 \xa0 \xa0 \xa0 \xa0 \xa0 \xa0 \xa0 \xa0 \xa0 \xa0 \xa0 \xa0\xa0 (단위 : 천원)\r\n구분\n당반기\n전기\n법정적립금 :\xa0\n\xa0\xa0 이익준비금(주1)\n1,500,000\n1,500,000\n\xa0\xa0 미처분이익잉여금(미처리결손금)\n(230,937,223)\n(240,920,358)\n합계\n(229,437,223)\n(239,420,358)\n(주1) 상법의 규정에 따라 자본금의 50%에 달할 때까지 매 결산기의 금전에 의한 이익배당액의 10% 이상의 금액을 이익준비금으로 적립하고 있으며, 이익배당목적으로 사용될 수 없으며 자본전입 또는 결손보전에만 사용이 가능합니다.\n20. 영업수익 및 영업비용(1) 영업수익의 내용은 다음과 같습니다. \xa0 \xa0 \xa0 \xa0 \xa0 \xa0 \xa0 \xa0 \xa0 \xa0 \xa0 \xa0 \xa0 \xa0 \xa0 \xa0 \xa0 \xa0 \xa0 \xa0 \xa0 \xa0 \xa0 \xa0 \xa0 \xa0 \xa0 \xa0 \xa0 \xa0 \xa0 \xa0 \xa0 \xa0 \xa0 \xa0 \xa0 \xa0 \xa0 \xa0 \xa0 \xa0 \xa0 \xa0 \xa0 \xa0 \xa0 \xa0 \xa0 \xa0 \xa0 (단위 : 천원)\r\n구분\n당반기\n전반기\n3개월\n누적\n3개월\n누적\n\xa0운수수입\n919,344\n1,408,850\n771,009\n1,436,196\n\xa0여행수입\n14,124,023\n24,228,229\n15,686,443\n25,309,286\n\xa0수수료수입\n4,891,725\n9,894,607\n3,546,417\n6,731,417\n\xa0용역수입\n1,216,271\n1,251,270\n2,187,668\n4,942,938\n합계\n21,151,363\n36,782,956\n22,191,537\n38,419,837\n(2) 영업원가의 내용은 다음과 같습니다. \xa0 \xa0 \xa0 \xa0 \xa0 \xa0 \xa0 \xa0 \xa0 \xa0 \xa0 \xa0 \xa0 \xa0 \xa0 \xa0 \xa0 \xa0 \xa0 \xa0 \xa0 \xa0 \xa0 \xa0 \xa0 \xa0 \xa0 \xa0 \xa0 \xa0 \xa0 \xa0 \xa0 \xa0 \xa0 \xa0 \xa0 \xa0 \xa0 \xa0 \xa0 \xa0 \xa0 \xa0 \xa0 \xa0 \xa0 \xa0 \xa0 \xa0\xa0 (단위 : 천원)\n구분\n당반기\n전반기\n3개월\n누적\n3개월\n누적\n\xa0운송사업비\n758,407\n1,330,415\n722,757\n1,426,007\n\xa0여행경비\n9,147,002\n16,951,999\n8,180,547\n14,090,418\n\xa0용역원가\n203,551\n220,933\n1,991,874\n4,558,249\n합계\n10,108,960\n18,503,347\n10,895,177\n20,074,673\n21. 판매비와 관리비\n판매비와관리비의 내용은 다음과 같습니다. \xa0 \xa0 \xa0 \xa0 \xa0 \xa0 \xa0 \xa0 \xa0 \xa0 \xa0 \xa0 \xa0 \xa0 \xa0 \xa0 \xa0 \xa0 \xa0 \xa0 \xa0 \xa0 \xa0 \xa0 \xa0 \xa0 \xa0 \xa0 \xa0 \xa0 \xa0 \xa0 \xa0 \xa0 \xa0 \xa0 \xa0 \xa0 \xa0 \xa0 \xa0 \xa0 \xa0 \xa0 \xa0 \xa0 \xa0 \xa0 \xa0\xa0 (단위 : 천원)\n구분\n당반기\n전반기\n3개월\n누적\n3개월\n누적\n\xa0급여\n4,090,863\n7,304,769\n3,071,488\n6,066,621\n\xa0잡급\n-\n-\n6,034\n6,034\n\xa0퇴직급여\n356,393\n712,779\n329,175\n658,284\n\xa0복리후생비\n101,763\n291,784\n100,507\n237,350\n\xa0임차료\n(182,795)\n156,728\n385,253\n722,675\n\xa0접대비\n99,997\n156,079\n61,662\n117,359\n\xa0감가상각비\n632,188\n719,119\n79,118\n155,947\n\xa0무형자산상각비\n253,636\n504,121\n90,782\n180,798\n\xa0세금과공과\n80,638\n156,082\n50,114\n116,809\n\xa0광고선전비\n1,582,531\n2,758,663\n1,619,840\n2,703,415\n\xa0대손상각비\n65,422\n65,422\n33,250\n33,250\n\xa0여비교통비\n44,353\n83,851\n48,591\n87,629\n\xa0통신비\n110,779\n221,231\n100,080\n199,946\n\xa0수도광열비\n9,986\n20,864\n10,233\n22,199\n\xa0수선비\n66,240\n131,586\n77,808\n149,253\n\xa0보험료\n413,135\n778,517\n460,990\n830,073\n\xa0도서인쇄비\n166,825\n258,025\n72,446\n159,412\n\xa0출장비\n30,720\n55,287\n33,460\n53,178\n\xa0사무용품비\n62,747\n121,308\n59,071\n116,694\n\xa0소모품비\n3,233\n47,989\n38,148\n70,933\n\xa0운반비\n-\n-\n300\n300\n\xa0지급수수료\n294,570\n508,658\n245,617\n430,136\n\xa0차량유지비\n14,862\n26,650\n8,326\n18,029\n\xa0교육훈련비\n39,113\n64,638\n38,501\n62,897\n\xa0잡비\n3,400\n5,175\n630\n1,230\n합계\n8,340,597\n15,149,326\n7,021,424\n13,200,451\n22.\xa0기타수익 및 기타비용(1)\xa0기타수익의\xa0내용은 다음과 같습니다. \xa0 \xa0 \xa0 \xa0 \xa0 \xa0 \xa0 \xa0 \xa0 \xa0 \xa0 \xa0 \xa0 \xa0 \xa0 \xa0 \xa0 \xa0 \xa0 \xa0 \xa0 \xa0 \xa0 \xa0 \xa0 \xa0 \xa0 \xa0 \xa0 \xa0 \xa0 \xa0 \xa0 \xa0 \xa0 \xa0 \xa0 \xa0 \xa0 \xa0 \xa0 \xa0 \xa0 \xa0 \xa0 \xa0 \xa0 \xa0 \xa0 (단위 : 천원)\n구분\n당반기\n전반기\n3개월\n누적\n3개월\n누적\n\xa0협찬금\n39,330\n78,970\n40,390\n78,380\n\xa0교육사업수익\n12,200\n23,160\n15,600\n26,780\n\xa0잡이익\n5,562,015\n5,563,777\n1,615\n5,512\n합계\n5,613,545\n5,665,907\n57,605\n110,672\n(2)\xa0기타비용의\xa0내용은 다음과 같습니다.\xa0\n\xa0 \xa0 \xa0 \xa0 \xa0 \xa0 \xa0 \xa0 \xa0 \xa0 \xa0 \xa0 \xa0 \xa0 \xa0 \xa0 \xa0 \xa0 \xa0 \xa0 \xa0 \xa0 \xa0 \xa0 \xa0 \xa0 \xa0 \xa0 \xa0 \xa0 \xa0 \xa0 \xa0 \xa0 \xa0 \xa0 \xa0 \xa0 \xa0 \xa0 \xa0 \xa0 \xa0 \xa0 \xa0 \xa0 \xa0 \xa0 \xa0 (단위 : 천원)\n구분\n당반기\n전반기\n3개월\n누적\n3개월\n누적\n\xa0기부금\n47,360\n71,860\n77,360\n86,360\n\xa0기타의 대손상각비(기타)\n-\n-\n7,052,287\n7,052,287\n\xa0기타의 지급수수료(기타)\n1,907\n1,907\n48,372\n388,128\n\xa0잡손실\n25\n82\n31\n48\n합계\n49,291\n73,849\n7,178,051\n7,526,823\n23.\xa0금융수익\xa0및 금융비용\n(1) 금융수익의 내용은 다음과 같습니다.\xa0\n\xa0 \xa0 \xa0 \xa0 \xa0 \xa0 \xa0 \xa0 \xa0 \xa0 \xa0 \xa0 \xa0 \xa0 \xa0 \xa0 \xa0 \xa0 \xa0 \xa0 \xa0 \xa0 \xa0 \xa0 \xa0 \xa0 \xa0 \xa0 \xa0 \xa0 \xa0 \xa0 \xa0 \xa0 \xa0 \xa0 \xa0 \xa0 \xa0 \xa0 \xa0 \xa0 \xa0 \xa0 \xa0 \xa0 \xa0 \xa0 \xa0 (단위 : 천원)\n구분\n당반기\n전반기\n3개월\n누적\n3개월\n누적\n\xa0이자수익\n776,456\n846,533\n43,683\n83,507\n\xa0외환차익\n341\n423\n110\n936\n\xa0외화환산이익\n10,516\n10,408\n119,749\n113,479\n\xa0단기기타금융부채처분이익\n91,672\n2,010,889\n-\n-\n합계\n878,985\n2,868,252\n163,542\n197,923\n(2) 금융비용의 내용은 다음과 같습니다.\xa0\n\xa0 \xa0 \xa0 \xa0 \xa0 \xa0 \xa0 \xa0 \xa0 \xa0 \xa0 \xa0 \xa0 \xa0 \xa0 \xa0 \xa0 \xa0 \xa0 \xa0 \xa0 \xa0 \xa0 \xa0 \xa0 \xa0 \xa0 \xa0 \xa0 \xa0 \xa0 \xa0 \xa0 \xa0 \xa0 \xa0 \xa0 \xa0 \xa0 \xa0 \xa0 \xa0 \xa0 \xa0 \xa0 \xa0 \xa0 \xa0 \xa0 (단위 : 천원)\n구분\n당반기\n전반기\n3개월\n누적\n3개월\n누적\n\xa0이자비용\n91,587\n104,779\n7,605\n17,821\n\xa0외환차손\n2,369\n12,639\n3,410\n5,118\n\xa0외화환산손실\n46,592\n21,798\n9,316\n9,159\n\xa0장기기타금융자산평가손실\n-\n-\n98,150,000\n98,150,000\n\xa0종속기업투자주식손상차손\n-\n-\n2,801,110\n2,801,110\n\xa0단기기타금융부채평가손실\n-\n-\n54,520\n54,520\n\xa0기타지급수수료(금융)\n-\n97,594\n-\n104,712\n합계\n140,548\n236,810\n101,025,962\n101,142,441\n24. 법인세비용(1) 법인세비용의 내용은 다음과 같습니다.\xa0 \xa0 \xa0 \xa0 \xa0 \xa0 \xa0 \xa0 \xa0 \xa0 \xa0 \xa0 \xa0 \xa0 \xa0 \xa0 \xa0 \xa0 \xa0 \xa0 \xa0 \xa0 \xa0 \xa0 \xa0 \xa0 \xa0 \xa0 \xa0 \xa0 \xa0 \xa0 \xa0 \xa0 \xa0 \xa0 \xa0 \xa0 \xa0 \xa0 \xa0 \xa0 \xa0 \xa0 \xa0 \xa0 \xa0 \xa0 \xa0 \xa0\xa0 (단위:\xa0 천원)\r\n구\xa0 \xa0 \xa0 \xa0 분\n당반기\n전반기\n법인세부담액\n1,659,637\n(211,867)\n일시적차이로 인한 이연법인세 변동액\n(619,063)\n(2,428,734)\n세무상결손금 등으로 인한 이연법인세 변동액\n-\n-\n자본에 직접 반영된 법인세비용\n330,076\n-\n법인세비용(수익)\n1,370,650\n(2,640,602)\n(2) 자본에 직접 반영된 법인세비용의 내용은 다음과 같습니다. \xa0 \xa0 \xa0 \xa0 \xa0 \xa0 \xa0 \xa0 \xa0 \xa0 \xa0 \xa0 \xa0 \xa0 \xa0 \xa0 \xa0 \xa0 \xa0 \xa0 \xa0 \xa0 \xa0 \xa0 \xa0 \xa0 \xa0 \xa0 \xa0 \xa0 \xa0 \xa0 \xa0 \xa0 \xa0 \xa0 \xa0 \xa0 \xa0 \xa0 \xa0 \xa0 \xa0 \xa0 \xa0 \xa0 \xa0 \xa0 \xa0 \xa0\xa0 (단위:\xa0 천원)\n구분\n당반기\n전반기\n당기법인세 :\n기타포괄손익-공정가치측정금융자산평가손익\n330,076\n-\n(3) 법인세비용차감전순손익과 법인세비용간의 관계는 다음과 같습니다. \xa0 \xa0 \xa0 \xa0 \xa0 \xa0 \xa0 \xa0 \xa0 \xa0 \xa0 \xa0 \xa0 \xa0 \xa0 \xa0 \xa0 \xa0 \xa0 \xa0 \xa0 \xa0 \xa0 \xa0 \xa0 \xa0 \xa0 \xa0 \xa0 \xa0 \xa0 \xa0 \xa0 \xa0 \xa0 \xa0 \xa0 \xa0 \xa0 \xa0 \xa0 \xa0 \xa0 \xa0 \xa0 \xa0 \xa0 \xa0 \xa0 \xa0\xa0 (단위 : 천원)\n구분\n당반기\n전반기\n법인세비용차감전순손익\n11,353,784\n(103,215,957)\n적용세율(22%)에 따른 법인세\n2,497,833\n(22,707,510)\n조정사항 :\n(1,127,183)\n20,066,909\n\xa0\xa0 비과세수익\n(1,948,713)\n(605,773)\n\xa0\xa0 비공제비용\n1,901,708\n24,604,454\n\xa0\xa0 기타\n(1,080,178)\n(3,931,772)\n법인세비용\n1,370,650\n(2,640,602)\n평균유효세율(주1)\n12.07%\n-\n(주1) 평균유효세율이 (-)으로 계산하지 않음.\n(4) 일시적차이 및 이연법인세자산(부채)의 증감내용은 다음과 같습니다.\n<당반기>\xa0 \xa0 \xa0 \xa0 \xa0 \xa0 \xa0 \xa0 \xa0 \xa0 \xa0 \xa0 \xa0 \xa0 \xa0 \xa0 \xa0 \xa0 \xa0 \xa0 \xa0 \xa0 \xa0 \xa0 \xa0 \xa0 \xa0 \xa0 \xa0 \xa0 \xa0 \xa0 \xa0 \xa0 \xa0 \xa0 \xa0 \xa0 \xa0 \xa0 \xa0 \xa0 \xa0 \xa0 \xa0 \xa0 \xa0 \xa0 \xa0 \xa0 \xa0 (단위:\xa0 천원)\n구\xa0 \xa0 분\n기초\n당기손익반영\n자본반영\n기말\n퇴직급여충당부채\n10,103,270\n301,160\n-\n10,404,430\n미지급급여\n528,299\n141,627\n-\n669,926\n미수수익\n(194,826)\n32,623\n-\n(162,203)\n회원권\n130,074\n-\n-\n130,074\n지분법적용투자주식\n1,218,983\n-\n-\n1,218,983\n보증금감액손실\n60,000\n-\n-\n60,000\n퇴직연금운용자산\n(1,465,994)\n(9,877)\n-\n(1,475,871)\n대손충당금\n7,180,163\n(43,935)\n-\n7,136,228\n종속기업투자주식손상차손\n8,920,289\n-\n-\n8,920,289\n매도가능금융자산손상차손\n173,650,000\n-\n-\n173,650,000\n지분법자본변동\n(68,938)\n-\n-\n(68,938)\n기타충당부채\n51,696,000\n-\n-\n51,696,000\n전환권조정\n(3,672,559)\n3,504,327\n-\n(168,232)\n사채상환할증금\n942,896\n(882,064)\n-\n60,832\n파생금융부채\n2,149,571\n(2,010,889)\n-\n138,682\n전환권대가(사채할인발행차금)\n17,693\n(16,552)\n-\n1,141\n건설중인자산\n(949,040)\n-\n-\n(949,040)\n건설중인자산(기부금)\n(14,600)\n-\n-\n(14,600)\n건설중인자산(접대비)\n(179,167)\n(12,166)\n-\n(191,333)\n기타포괄손익-공정가치측정금융자산평가손익\n(5,774,909)\n1,500,343\n-\n(4,274,566)\n임차보증금(현할차)\n-\n309,325\n-\n309,325\n이월결손금\n5,985,389\n(3,239,513)\n-\n2,745,876\n일시적차이 합계\n250,262,596\n(425,591)\n-\n249,837,005\n이연법인세자산\n4,164,865\n619,063\n-\n4,783,928\n<전기>\n\xa0 \xa0 \xa0 \xa0 \xa0 \xa0 \xa0 \xa0 \xa0 \xa0 \xa0 \xa0 \xa0 \xa0 \xa0 \xa0 \xa0 \xa0 \xa0 \xa0 \xa0 \xa0 \xa0 \xa0 \xa0 \xa0 \xa0 \xa0 \xa0 \xa0 \xa0 \xa0 \xa0 \xa0 \xa0 \xa0 \xa0 \xa0 \xa0 \xa0 \xa0 \xa0 \xa0 \xa0 \xa0 \xa0 \xa0 \xa0 \xa0 \xa0 \xa0 (단위:\xa0 천원)\n구\xa0 \xa0 분\n기초\n당기손익반영\n자본반영\n기말\n퇴직급여충당부채\n8,565,133\n1,538,138\n-\n10,103,270\n미지급급여\n444,452\n83,847\n-\n528,299\n미수수익\n(966,199)\n771,373\n-\n(194,826)\n회원권\n130,074\n-\n-\n130,074\n지분법적용투자주식\n(1,582,127)\n2,801,110\n-\n1,218,983\n보증금감액손실\n60,000\n-\n-\n60,000\n퇴직연금운용자산\n(1,349,105)\n(116,889)\n-\n(1,465,994)\n대손충당금\n38,090\n7,142,073\n-\n7,180,163\n종속기업투자주식손상차손\n5,967,279\n2,953,010\n-\n8,920,289\n매도가능금융자산손상차손\n75,500,000\n98,150,000\n-\n173,650,000\n지분법자본변동\n(68,938)\n-\n-\n(68,938)\n기타충당부채\n51,696,000\n-\n-\n51,696,000\n전환권조정\n(7,377,046)\n3,704,487\n-\n(3,672,559)\n사채상환할증금\n1,216,640\n(273,744)\n-\n942,896\n파생금융부채\n4,247,640\n(2,098,069)\n-\n2,149,571\n전환권대가(사채할인발행차금)\n35,540\n(17,847)\n-\n17,693\n건설중인자산\n(949,040)\n-\n-\n(949,040)\n건설중인자산(기부금)\n(2,500)\n(12,100)\n-\n(14,600)\n건설중인자산(접대비)\n-\n(179,167)\n-\n(179,167)\n기타포괄손익-공정가치측정금융자산평가손익\n-\n(5,774,909)\n-\n(5,774,909)\n이월결손금\n16,521,467\n(10,536,078)\n-\n5,985,389\n일시적차이 합계\n152,127,361\n98,135,234\n-\n250,262,596\n이연법인세자산\n1,850,177\n2,314,689\n-\n4,164,865\n(주) 일시적차이에 적용되는 미래의 예상세율로서 일시적차이의 소멸이 예상되는 시기의 세율을 적용하고 있습니다. 당기손익인식-공정가치측정금융자산과 이월결손금 및 기타충당부채와 관련하여 발생한 차감할 일시적 차이에 대하여 예측 가능한 미래에 일시적 차이가 실현 가능성이 불확실하여 이연법인세 자산을 인식하지 아니하였습니다.\n(5) 이연법인세자산으로 인식되지 아니한 내용은 다음과 같습니다.\xa0 \xa0 \xa0 \xa0 \xa0 \xa0 \xa0 \xa0 \xa0 \xa0 \xa0 \xa0 \xa0 \xa0 \xa0 \xa0 \xa0 \xa0 \xa0 \xa0 \xa0 \xa0 \xa0 \xa0 \xa0 \xa0 \xa0 \xa0 \xa0 \xa0 \xa0 \xa0 \xa0 \xa0 \xa0 \xa0 \xa0 \xa0 \xa0 \xa0 \xa0 \xa0 \xa0 \xa0 \xa0 \xa0 \xa0 \xa0 \xa0 \xa0\xa0 (단위 : 천원)\n구분\n당반기\n전기\n금액\n만료시기\n차감할일시적차이\n225,346,000\n-\n225,346,000\n미사용세무상결손금\n2,745,876\n2024.12.31\n5,985,389\n25. 비용의 성격별\xa0분류비용의 성격별 분류는 다음과 같습니다.\xa0\xa0 \xa0 \xa0 \xa0 \xa0 \xa0 \xa0 \xa0 \xa0 \xa0 \xa0 \xa0 \xa0 \xa0 \xa0 \xa0 \xa0 \xa0 \xa0 \xa0 \xa0 \xa0 \xa0 \xa0 \xa0 \xa0 \xa0 \xa0 \xa0 \xa0 \xa0 \xa0 \xa0 \xa0 \xa0 \xa0 \xa0 \xa0 \xa0 \xa0 \xa0 \xa0 \xa0 \xa0 \xa0 \xa0 \xa0 \xa0 \xa0 \xa0 \xa0 (단위 : 천원)\r\n구분\n당반기\n전반기\n\xa0대리점수수료 등 여행경비\xa0\n16,951,999\n14,090,418\n\xa0용역원가\xa0\n220,933\n4,558,249\n\xa0종업원급여\xa0\n7,800,095\n6,555,243\n\xa0임차료\xa0\n157,284\n724,175\n\xa0감가상각비\xa0\n843,166\n198,263\n\xa0무형자산상각비\xa0\n504,121\n180,798\n\xa0광고선전비\xa0\n2,758,663\n2,703,415\n\xa0유류비\xa0\n324,349\n348,874\n\xa0통신비\xa0\n225,132\n203,593\n\xa0보험료\xa0\n822,416\n868,981\n\xa0지급수수료\xa0\n509,208\n430,931\n\xa0기 타\xa0\n2,535,305\n2,412,185\n합계(주1)\n33,652,672\n33,275,124\n(주1) 포괄손익계산서상\xa0영업원가 및 판매비와관리비의 합계액입니다.\xa0\n26. 주당이익 \n(1)\xa0 기본주당순이익\n1) 기본주당순이익\xa0 \xa0 \xa0 \xa0 \xa0 \xa0 \xa0 \xa0 \xa0 \xa0 \xa0 \xa0 \xa0 \xa0 \xa0 \xa0 \xa0 \xa0 \xa0 \xa0 \xa0 \xa0 \xa0 \xa0 \xa0 \xa0 \xa0 \xa0 \xa0 \xa0 \xa0 \xa0 \xa0 \xa0 \xa0 \xa0 \xa0 \xa0 \xa0 \xa0 \xa0 \xa0 \xa0 \xa0 \xa0 \xa0 \xa0 \xa0 \xa0 \xa0 \xa0 \xa0\xa0 (단위 : 원)\n구분\n당반기\n전반기\n2분기\n반기\n2분기\n반기\n기본주당순이익 :\n\u3000\n\u3000\n\u3000\n\u3000\n\xa0보통주당기순이익\n8,478,881,323\n9,983,134,412\n(101,067,328,269)\n(100,575,355,119)\n\xa0가중평균유통보통주식수\n68,996,849\n67,517,857\n45,395,023\n45,395,023\n기본주당순이익\n123\n148\n(2,226)\n(2,216)\n2) 보통주당기순이익\xa0 \xa0 \xa0 \xa0 \xa0 \xa0 \xa0 \xa0 \xa0 \xa0 \xa0 \xa0 \xa0 \xa0 \xa0 \xa0 \xa0 \xa0 \xa0 \xa0 \xa0 \xa0 \xa0 \xa0 \xa0 \xa0 \xa0 \xa0 \xa0 \xa0 \xa0 \xa0 \xa0 \xa0 \xa0 \xa0 \xa0 \xa0 \xa0 \xa0 \xa0 \xa0 \xa0 \xa0 \xa0 \xa0 \xa0 \xa0 \xa0 \xa0 \xa0\xa0 (단위 : 원)\n구분\n당반기\n전반기\n2분기\n반기\n2분기\n반기\n보통주반기순이익 :\n\u3000\n\u3000\n\u3000\n\u3000\n\xa0반기순이익\n8,478,881,323\n9,983,134,412\n(101,067,328,269)\n(100,575,355,119)\n보통주반기순이익\n8,478,881,323\n9,983,134,412\n(101,067,328,269)\n(100,575,355,119)\n3) 가중평균유통보통주식수\xa0 \xa0 \xa0 \xa0 \xa0 \xa0 \xa0 \xa0 \xa0 \xa0 \xa0 \xa0 \xa0 \xa0 \xa0 \xa0 \xa0 \xa0 \xa0 \xa0 \xa0 \xa0 \xa0 \xa0 \xa0 \xa0 \xa0 \xa0 \xa0 \xa0 \xa0 \xa0 \xa0 \xa0 \xa0 \xa0 \xa0 \xa0 \xa0 \xa0 \xa0 \xa0 \xa0 \xa0 \xa0 \xa0 \xa0 \xa0 \xa0 \xa0 (단위 : 주)\n구분\n당반기\n전반기\n2분기\n반기\n2분기\n반기\n발행주식수 :\n69,010,340\n69,010,340\n45,395,023\n45,395,023\n가중평균유통보통주식수\n68,996,849\n67,517,857\n45,395,023\n45,395,023\n(2)\xa0 희석주당순이익\n1) 희석보통주당기순이익\xa0 \xa0 \xa0 \xa0 \xa0 \xa0 \xa0 \xa0 \xa0 \xa0 \xa0 \xa0 \xa0 \xa0 \xa0 \xa0 \xa0 \xa0 \xa0 \xa0 \xa0 \xa0 \xa0 \xa0 \xa0 \xa0 \xa0 \xa0 \xa0 \xa0 \xa0 \xa0 \xa0 \xa0 \xa0 \xa0 \xa0 \xa0 \xa0 \xa0 \xa0 \xa0 \xa0 \xa0 \xa0 \xa0 \xa0 \xa0 \xa0 \xa0 \xa0 \xa0\xa0 (단위 : 원)\n구분\n당반기\n전반기\n2분기\n반기\n2분기\n반기\n희석주당순이익 :\n\u3000\n\u3000\n\u3000\n\u3000\n\xa0희석보통주반기순이익\n8,478,881,323\n9,983,134,412\n-\n-\n\xa0희석가중평균유통보통주식수\n69,275,661\n69,275,661\n-\n-\n기본주당순이익\n122\n144\n-\n-\n2) 희석보통주반기순이익\xa0 \xa0 \xa0 \xa0 \xa0 \xa0 \xa0 \xa0 \xa0 \xa0 \xa0 \xa0 \xa0 \xa0 \xa0 \xa0 \xa0 \xa0 \xa0 \xa0 \xa0 \xa0 \xa0 \xa0 \xa0 \xa0 \xa0 \xa0 \xa0 \xa0 \xa0 \xa0 \xa0 \xa0 \xa0 \xa0 \xa0 \xa0 \xa0 \xa0 \xa0 \xa0 \xa0 \xa0 \xa0 \xa0 \xa0 \xa0 \xa0 \xa0 \xa0\xa0 (단위 : 원)\n구분\n당반기\n전반기\n2분기\n반기\n2분기\n반기\n희석보통주반기순이익 :\n8,478,881,323\n9,983,134,412\n-\n-\n가산 ; 이자비용\n-\n-\n-\n-\n차감 ; 그밖의 이익\n-\n-\n-\n-\n희석보통주반기순이익\n8,478,881,323\n9,983,134,412\n-\n-\n3) 희석가중평균유통보통주식수\xa0 \xa0 \xa0 \xa0 \xa0 \xa0 \xa0 \xa0 \xa0 \xa0 \xa0 \xa0 \xa0 \xa0 \xa0 \xa0 \xa0 \xa0 \xa0 \xa0 \xa0 \xa0 \xa0 \xa0 \xa0 \xa0 \xa0 \xa0 \xa0 \xa0 \xa0 \xa0 \xa0 \xa0 \xa0 \xa0 \xa0 \xa0 \xa0 \xa0 \xa0 \xa0 \xa0 \xa0 \xa0 \xa0 \xa0 \xa0 \xa0 \xa0 (단위 : 주)\n구분\n당반기\n전반기\n2분기\n반기\n2분기\n반기\n가중평균유통보통주식수\n68,996,849\n67,517,857\n-\n-\n희석잠재적보통주 ;\n\xa0 \xa0 전화사채 전환효과\n278,812\n1,757,804\n-\n-\n합계\n69,275,661\n69,275,661\n-\n-\n27. 현금흐름표\n(1) 현금및현금성자산은 재무상태표와 현금흐름표상의 금액이 일치하게 관리되고 있습니다. (2) 당기순이익에 대한 조정 내용은 다음과 같습니다. \xa0 \xa0 \xa0 \xa0 \xa0 \xa0 \xa0 \xa0 \xa0 \xa0 \xa0 \xa0 \xa0 \xa0 \xa0 \xa0 \xa0 \xa0 \xa0 \xa0 \xa0 \xa0 \xa0 \xa0 \xa0 \xa0 \xa0 \xa0 \xa0 \xa0 \xa0 \xa0 \xa0 \xa0 \xa0 \xa0 \xa0 \xa0 \xa0 \xa0 \xa0 \xa0 \xa0 \xa0 \xa0 \xa0 \xa0 \xa0 \xa0\xa0 (단위 : 천원)\n구분\n당반기\n전반기\n\xa0이자비용\n104,779\n17,821\n\xa0퇴직급여\n921,225\n772,784\n\xa0감가상각비\n1,158,846\n232,563\n\xa0무형자산상각비\n504,121\n180,798\n\xa0대손상각비\n65,422\n33,250\n\xa0외화환산손실\n21,798\n9,159\n\xa0기타의대손상각비(기타)\n-\n7,052,287\n\xa0장기기타금융자산평가손실\n-\n98,150,000\n\xa0종속기업투자주식손상차손\n-\n2,801,110\n\xa0단기기타금융부채평가손실\n-\n54,520\n\xa0법인세비용\n1,370,650\n(2,640,602)\n\xa0이자수익\n(846,533)\n(83,507)\n\xa0외화환산이익\n(10,408)\n(113,479)\n\xa0잡이익\n(5,560,000)\n-\n\xa0단기기타금융부채처분이익\n(2,010,889)\n-\n합계\n(4,280,988)\n106,466,704\n(3) 영업활동 자산 ·부채의 증감 내용은 다음과 같습니다. \xa0 \xa0 \xa0 \xa0 \xa0 \xa0 \xa0 \xa0 \xa0 \xa0 \xa0 \xa0 \xa0 \xa0 \xa0 \xa0 \xa0 \xa0 \xa0 \xa0 \xa0 \xa0 \xa0 \xa0 \xa0 \xa0 \xa0 \xa0 \xa0 \xa0 \xa0 \xa0 \xa0 \xa0 \xa0 \xa0 \xa0 \xa0 \xa0 \xa0 \xa0 \xa0 \xa0 \xa0 \xa0 \xa0 \xa0 \xa0 \xa0\xa0 (단위 : 천원)\n구분\n당반기\n전반기\n\xa0매출채권의 감소(증가)\n(42,474)\n(12,693)\n\xa0미수금의 감소(증가)\n(3,840,903)\n(1,285,497)\n\xa0미수수익의 감소(증가)\n4,381\n(109,112)\n\xa0선급금의 감소(증가)\n857,813\n(4,655,480)\n\xa0선급비용의 감소(증가)\n(124,694)\n171,041\n\xa0당기법인세자산의 감소(증가)\n-\n-\n\xa0기타당좌자산의 감소(증가)\n3,738\n(5,000)\n\xa0이연법인세자산의 감소(증가)\n-\n-\n\xa0매입채무의 증가(감소)\n54,650\n5,750\n\xa0리스부채의 증가(감소)\n(893,291)\n-\n\xa0미지급금의 증가(감소)\n2,937,313\n1,957,853\n\xa0선수금의 증가(감소)\n309,231\n(32,209)\n\xa0예수금의 증가(감소)\n11,422\n62,625\n\xa0수탁금의 증가(감소)\n1,784,845\n2,055,729\n\xa0미지급비용의 증가(감소)\n159,208\n127,575\n\xa0당기법인세부채의 증가(감소)\n(380,365)\n80,151\n\xa0장기미지급금의 증가(감소)\n(22,000,000)\n-\n\xa0확정급여채무의 증가(감소)\n(629,943)\n(574,123)\n\xa0사외적립자산의 감소(증가)\n-\n(100,000)\n합계\n(21,789,068)\n(2,313,391)\n(4) 현금및현금성자산의 사용을 수반하지 않는 중요한 거래내용은 다음과 같습니다. \xa0 \xa0 \xa0 \xa0 \xa0 \xa0 \xa0 \xa0 \xa0 \xa0 \xa0 \xa0 \xa0 \xa0 \xa0 \xa0 \xa0 \xa0 \xa0 \xa0 \xa0 \xa0 \xa0 \xa0 \xa0 \xa0 \xa0 \xa0 \xa0 \xa0 \xa0 \xa0 \xa0 \xa0 \xa0 \xa0 \xa0 \xa0 \xa0 \xa0 \xa0 \xa0 \xa0 \xa0 \xa0 \xa0 \xa0 \xa0 \xa0 \xa0 \xa0 (단위 : 천원)\n구분\n당반기\n전기\n\xa0건설중인자산의 증가(토지현할차상각 등)\n1,978,254\n7,006,733\n\xa0장기투자증권 공정가치측정금융자산평가이익\n(1,500,343)\n5,774,909\n\xa0금융리스외 자산의취득(차량운반구)\n-\n1,135,816\n\xa0전환사채 전환\n28,873,987\n8,718,172\n\xa0사용권자산 취득(리스(임대)관련 신회계기준 적용)\n4,355,202\n-\n\xa0장기미지급금 유동성 대체\xa0\n67,432,554\n-\n28. 특수관계자거래(1) 특수관계자 현황\n관계\n기업명\n비고\n당반기\n전기\n<회사에 영향력을 행사하는 기업>\n-\n\xa0 유의적영향력행사기업\n동화투자개발㈜\n동화투자개발㈜\n-\n<회사가 영향력을 행사하는 기업>\xa0\n-\n\xa0 종속기업\n㈜엘티크루즈홀리데이\n㈜엘티크루즈홀리데이\n-\n\xa0 종속기업\n㈜엘티엔터테인먼트\n㈜엘티엔터테인먼트\n-\n\xa0 종속기업\n마이데일리㈜\n마이데일리㈜\n-\n\xa0 종속기업\n용산역세권개발㈜\n용산역세권개발㈜\n-\n\xa0 관계기업\n코레일관광개발㈜\n코레일관광개발㈜\n-\n<기타특수관계자>\n-\n\xa0 기타\n㈜동화뉴텍\n㈜동화뉴텍\n-\n\xa0 기타\n㈜동화면세점\n㈜동화면세점\n-\n\xa0 기타\n롯데관광㈜\n롯데관광㈜\n-\n\xa0 기타\n드림허브프로젝트금융투자㈜\n드림허브프로젝트금융투자㈜\n-\n(2) 특수관계자와의 매출·매입 등 중요한 거래내용은 다음과 같습니다.<당반기>\n\xa0 \xa0 \xa0 \xa0 \xa0 \xa0 \xa0 \xa0 \xa0 \xa0 \xa0 \xa0 \xa0 \xa0 \xa0 \xa0 \xa0 \xa0 \xa0 \xa0 \xa0 \xa0 \xa0 \xa0 \xa0 \xa0 \xa0 \xa0 \xa0 \xa0 \xa0 \xa0 \xa0 \xa0 \xa0 \xa0 \xa0 \xa0 \xa0 \xa0 \xa0 \xa0 \xa0 \xa0 \xa0 \xa0 \xa0 \xa0 \xa0 \xa0 (단위 : 천원)\n특수관계자\n관계\n매출 등\n매입 등\n이자수익\n이자비용\n기타거래\n동화투자개발(주)\n유의적영향력행사기업\n406\n344,231\n-\n-\n-\n코레일관광개발㈜\n관계기업\n1,091\n5,961\n-\n-\n-\n(주)동화뉴텍\n기타\n1,625\n4,147\n-\n-\n-\n(주)동화면세점\n기타\n21,664\n-\n-\n-\n-\n롯데관광(주)\n기타\n102,658\n-\n-\n-\n-\n합계\n\u3000\n127,443\n354,339\n-\n-\n-\n<전기>\n\xa0 \xa0 \xa0 \xa0 \xa0 \xa0 \xa0 \xa0 \xa0 \xa0 \xa0 \xa0 \xa0 \xa0 \xa0 \xa0 \xa0 \xa0 \xa0 \xa0 \xa0 \xa0 \xa0 \xa0 \xa0 \xa0 \xa0 \xa0 \xa0 \xa0 \xa0 \xa0 \xa0 \xa0 \xa0 \xa0 \xa0 \xa0 \xa0 \xa0 \xa0 \xa0 \xa0 \xa0 \xa0 \xa0 \xa0 \xa0 \xa0 \xa0 (단위 : 천원)\n특수관계자\n관계\n매출 등\n매입 등\n이자수익\n이자비용\n기타거래\n동화투자개발(주)\n유의적영향력행사기업\n1,017\n650,325\n49,151\n513,921\n-\n용산역세권개발㈜\n종속기업\n-\n-\n2,665\n-\n-\n㈜엘티엔터테인먼트\n종속기업\n4,900\n-\n95,363\n-\n-\n코레일관광개발㈜\n관계기업\n-\n11,691\n-\n-\n-\n(주)동화뉴텍\n기타\n4,067\n7,765\n-\n-\n-\n(주)동화면세점\n기타\n54,268\n-\n53,267\n-\n-\n롯데관광(주)\n기타\n206,206\n1,364\n-\n-\n-\n합계\n\u3000\n270,459\n671,145\n200,446\n513,921\n-\n(3) 특수관계자와의 중요한 자금거래내용은 다음과 같습니다.<당반기>- 해당사항 없음\n<전기>\n\xa0 \xa0 \xa0 \xa0 \xa0 \xa0 \xa0 \xa0 \xa0 \xa0 \xa0 \xa0 \xa0 \xa0 \xa0 \xa0 \xa0 \xa0 \xa0 \xa0 \xa0 \xa0 \xa0 \xa0 \xa0 \xa0 \xa0 \xa0 \xa0 \xa0 \xa0 \xa0 \xa0 \xa0 \xa0 \xa0 \xa0 \xa0 \xa0 \xa0 \xa0 \xa0 \xa0 \xa0 \xa0 \xa0 \xa0\xa0\xa0 \xa0\xa0 (단위 : 천원)\r\n특수관계자\n관계\n자금대여거래\n자금차입거래\n기초\n증가\n감소\n기말\n기초\n차입\n상환\n기말\n동화투자개발(주)\n유의적영향력행사기업\n-\n6,000,000\n6,000,000\n-\n-\n40,000,000\n45,320,000\n-\n용산역세권개발㈜\n종속기업\n-\n11,000\n11,000\n-\n-\n-\n-\n-\n㈜엘티엔터테인먼트\n종속기업\n-\n15,300,000\n15,300,000\n-\n-\n\u3000-\n\u3000-\n-\n(주)동화면세점\n기타\n-\n18,280,000\n18,280,000\n-\n-\n-\n-\n-\n합계\n\u3000\n-\n39,591,000\n39,580,000\n-\n-\n40,000,000\n45,320,000\n-\n(4) 특수관계자와의 중요한 채권 및 채무의 내용은 다음과 같습니다.<당반기>\n\xa0 \xa0 \xa0 \xa0 \xa0 \xa0 \xa0 \xa0 \xa0 \xa0 \xa0 \xa0 \xa0 \xa0 \xa0 \xa0 \xa0 \xa0 \xa0 \xa0 \xa0 \xa0 \xa0 \xa0 \xa0 \xa0 \xa0 \xa0 \xa0 \xa0 \xa0 \xa0 \xa0 \xa0 \xa0 \xa0 \xa0 \xa0 \xa0 \xa0 \xa0 \xa0 \xa0 \xa0 \xa0 \xa0 \xa0 \xa0 \xa0 \xa0\xa0 (단위 : 천원)\n특수관계자\n관계\n채권\n채무\n매출채권\n기타채권\n채무증권\n단기대여금\n매입채무\n기타채무\n동화투자개발(주)\n유의적영향력행사기업\n-\n376,980\n-\n-\n-\n-\n롯데관광(주)\n기타\n40,234\n-\n-\n-\n-\n-\n합계\n\u3000\n40,234\n376,980\n-\n-\n-\n-\n<전기>\n\xa0 \xa0 \xa0 \xa0 \xa0 \xa0 \xa0 \xa0 \xa0 \xa0 \xa0 \xa0 \xa0 \xa0 \xa0 \xa0 \xa0 \xa0 \xa0 \xa0 \xa0 \xa0 \xa0 \xa0 \xa0 \xa0 \xa0 \xa0 \xa0 \xa0 \xa0 \xa0 \xa0 \xa0 \xa0 \xa0 \xa0 \xa0 \xa0 \xa0 \xa0 \xa0 \xa0 \xa0 \xa0 \xa0 \xa0 \xa0 \xa0 \xa0\xa0 (단위 : 천원)\n특수관계자\n관계\n채권\n채무\n매출채권\n기타채권\n채무증권\n단기대여금\n매입채무\n기타채무\n동화투자개발(주)\n유의적영향력행사기업\n-\n382,696\n-\n-\n-\n660\n코레일관광개발㈜\n관계기업\n3,575\n-\n-\n-\n-\n1,987\n롯데관광(주)\n기타\n45,673\n-\n-\n-\n-\n-\n합계\n\u3000\n49,248\n382,696\n-\n-\n-\n2,647\n(5) 특수관계자와의 담보 및 지급보증 내용1) 특수관계자에게 제공한 지급보증내용은 다음과 같습니다. <당반기>\xa0 \xa0 \xa0 \xa0 \xa0 \xa0 \xa0 \xa0 \xa0 \xa0 \xa0 \xa0 \xa0 \xa0 \xa0 \xa0 \xa0 \xa0 \xa0 \xa0 \xa0 \xa0 \xa0 \xa0 \xa0 \xa0 \xa0 \xa0 \xa0 \xa0 \xa0 \xa0 \xa0 \xa0 \xa0 \xa0 \xa0 \xa0 \xa0 \xa0 \xa0 \xa0 \xa0 \xa0 \xa0 \xa0 \xa0 \xa0 \xa0 \xa0 (단위 : 천원)\r\n구분\n특수관계자\n보증금액\n보증처\n내용\n제공한 내용\n(주)엘티엔터테인먼트\n2,160,000\n우리은행 제주지점\n운영자금 당좌차입시 지급보증\n<전기>\xa0 \xa0 \xa0 \xa0 \xa0 \xa0 \xa0 \xa0 \xa0 \xa0 \xa0 \xa0 \xa0 \xa0 \xa0 \xa0 \xa0 \xa0 \xa0 \xa0 \xa0 \xa0 \xa0 \xa0 \xa0 \xa0 \xa0 \xa0 \xa0 \xa0 \xa0 \xa0 \xa0 \xa0 \xa0 \xa0 \xa0 \xa0 \xa0 \xa0 \xa0 \xa0 \xa0 \xa0 \xa0 \xa0 \xa0 \xa0 \xa0 \xa0 (단위 : 천원)\r\n구분\n특수관계자\n보증금액\n보증처\n내용\n제공한 내용\n(주)엘티엔터테인먼트\n2,160,000\n우리은행 제주지점\n운영자금 당좌차입시 지급보증\n(6) 주요경영진에 대한 보상회사는 기업 활동의 계획ㆍ운영ㆍ통제에 대하여 중요한 권한과 책임을 가진 등기임원, 비등기임원, 내부감사 책임자 및 각 사업부문장 등을 주요 경영진으로 판단하였으며, 당기와 전기 중 주요 경영진에 대한 보상을 위해 지급한 금액은 다음과 같습니다.\n\xa0 \xa0 \xa0 \xa0 \xa0 \xa0 \xa0 \xa0 \xa0 \xa0 \xa0 \xa0 \xa0 \xa0 \xa0 \xa0 \xa0 \xa0 \xa0 \xa0 \xa0 \xa0 \xa0 \xa0 \xa0 \xa0 \xa0 \xa0 \xa0 \xa0 \xa0 \xa0 \xa0 \xa0 \xa0 \xa0 \xa0 \xa0 \xa0 \xa0 \xa0 \xa0 \xa0 \xa0 \xa0 \xa0 \xa0 \xa0 \xa0 \xa0 \xa0 (단위 : 천원)\n구분\n당반기\n전반기\n급여(주1)\n2,821,620\n1,263,946\n퇴직급여\n184,431\n145,006\n계\n3,006,051\n1,408,952\n(주1) 현직 주요 경영진에 대한 임금, 급여, 사회보장분담금(예: 국민연금), 유급연차휴가, 유급병가, 이익분배금 및 상여금(보고기간 종료일로부터 12개월 이내에 지급될 수 있는 것에 한함), 그리고 비화폐성급여(예: 의료급여, 주택, 자동차, 무상 또는 보조로공급된 재화와 용역) 등을 의미합니다.상기의 주요경영진은\xa0회사의 계획, 운영 및 통제에 대한 중요한 권한과 책임을 가진 주요임원입니다.\xa0\r\n29. 우발상황과 약정사항(1) 사용제한 금융자산사용제한 금융자산의 내용은 다음과 같습니다.\xa0\n\xa0 \xa0 \xa0 \xa0 \xa0 \xa0 \xa0 \xa0 \xa0 \xa0 \xa0 \xa0 \xa0 \xa0 \xa0 \xa0 \xa0 \xa0 \xa0 \xa0 \xa0 \xa0 \xa0 \xa0 \xa0 \xa0 \xa0 \xa0 \xa0 \xa0 \xa0 \xa0 \xa0 \xa0 \xa0 \xa0 \xa0 \xa0 \xa0 \xa0 \xa0 \xa0 \xa0 \xa0 \xa0 \xa0 \xa0 \xa0 \xa0 \xa0 (단위 : 천원)\n계정과목\n종류\n금융기관\n당반기\n전기\n사용제한내용\n단기금융상품\n정기예금\n농협은행\n3,500,000\n3,500,000\n질권설정(주1)\n정기예금\n우리은행\n1,230,000\n1,230,000\n정기예금\n신한은행\n100,000\n100,000\n정기예금\n국민은행\n200,000\n200,000\n장기금융상품\n정기예금\n우리은행\n2,500\n2,500\n당좌개설보증금\n합계\n\u3000\n\u3000\n5,032,500\n5,032,500\n(주1) 상기 단기금융상품은\xa0영업 및 BSP 지급보증\xa0관련하여 질권설정되어 있습니다.\n(2) 담보제공 및 사용제한 자산내용회사는 한국철도공사와 자산관리위탁회사지분 관련 합의를 체결하고 이를 담보하기 위해 삼성물산(주)와의 주식양수도계약에 따라 잠정적으로 취득한 용산역세권개발(주)의 주식 270,600주를 질권설정하고\xa0 있습니다.\n(3) 제공받은 담보 및 지급보증내용<당반기>\xa0 \xa0 \xa0 \xa0 \xa0 \xa0 \xa0 \xa0 \xa0 \xa0 \xa0 \xa0 \xa0 \xa0 \xa0 \xa0 \xa0 \xa0 \xa0 \xa0 \xa0 \xa0 \xa0 \xa0 \xa0 \xa0 \xa0 \xa0 \xa0 \xa0 \xa0 \xa0 \xa0 \xa0 \xa0 \xa0 \xa0 \xa0 \xa0 \xa0 \xa0 \xa0 \xa0 \xa0 \xa0 \xa0 \xa0 \xa0 \xa0 \xa0 (단위 : 천원)\r\n제공자\n보증금액\n보증처\n내용\n서울보증보험\n40,780\n㈜케이비에스엔 외\n영업관련 지급보증\n한국관광협회중앙회 여행공제회\xa0\n2,767,600\n대한항공 외\n영업보증공제 외\n농협은행\n7,000,000\nIATA\nIATA 항공발권 정산채무 지급보증\n<전기>\xa0 \xa0 \xa0 \xa0 \xa0 \xa0 \xa0 \xa0 \xa0 \xa0 \xa0 \xa0 \xa0 \xa0 \xa0 \xa0 \xa0 \xa0 \xa0 \xa0 \xa0 \xa0 \xa0 \xa0 \xa0 \xa0 \xa0 \xa0 \xa0 \xa0 \xa0 \xa0 \xa0 \xa0 \xa0 \xa0 \xa0 \xa0 \xa0 \xa0 \xa0 \xa0 \xa0 \xa0 \xa0 \xa0 \xa0 \xa0 \xa0 \xa0 (단위 : 천원)\n제공자\n보증금액\n보증처\n내용\n서울보증보험\n33,265\n㈜케이비에스엔 외\n영업관련지급보증\n한국관광협회중앙회 여행공제회\xa0\n2,354,600\n대한항공 외\n영업보증공제 외\n농협은행\n7,000,000\nIATA\nIATA 항공발권 정산채무 지급보증\n(4) 주요 보험가입내용\xa0 \xa0 \xa0 \xa0 \xa0 \xa0 \xa0 \xa0 \xa0 \xa0 \xa0 \xa0 \xa0 \xa0 \xa0 \xa0 \xa0 \xa0 \xa0 \xa0 \xa0 \xa0 \xa0 \xa0 \xa0 \xa0 \xa0 \xa0 \xa0 \xa0 \xa0 \xa0 \xa0 \xa0 \xa0 \xa0 \xa0 \xa0 \xa0 \xa0 \xa0 \xa0 \xa0 \xa0 \xa0 \xa0 \xa0 \xa0 \xa0 \xa0 \xa0\xa0(단위 : 천원)\n구분\n부보자산\n부보금액\n보험금수익자\n\xa0화재보험\n건물\n1,017,000\n회사\n(5) 계류중인 소송사건중요한 계류중인 소송사건의 내용은 다음과 같습니다.\xa0 2013년 4월 30일 한국철도공사(코레일)는 용산 국제업무지구 개발사업과 관련한 사업이행(계약)보증보험 보험금 2,400억원을 사업협약해제를 이유로 서울보증보험(주)에 청구하였습니다. 서울보증보험(주)는 동 보험금을 코레일에 지급하였으며 동 보험금 중 회사의 지분비율에 해당하는 51,696백만원을 지급하여 달라는 뜻의 공문을 2013년 7월 31일에 회사로 송부하였습니다.\r\n회사와 기타 민간출자사들은 협약 상 의무를 불이행한 바가 없고 사업의 무산 책임은코레일에 있다는 이유로 한국철도공사의 서울보증보험(주)에 대한 청구에 대하여 위 협약이행보증서와\xa0관련하여 채무가 없다는 채무부존재확인 소송을 2013년 7월 2일 제기하였으며,\xa0보고기간 종료일\xa0현재 1, 2심 패소하였으나 대법원에 상고하여\xa0계류중에 있습니다.서울지방법원의 2015년 6월 5일자 1심 판결 및 서울고등법원의 2018년 1월 12일자 2심 판결에 대하여 회사는 보고기간 종료일 현재 합리적 추정치를 기타충당부채로 계상하고있습니다.또한\xa0서울고등법원이 2018년 1월 12일자로 결정한 상기의 판결에 대하여\xa0회사는 2018년 2월 1일자로\xa0상고하여\xa0현재 대법원에 계류중이며,\xa0향후 소송결과에 따라 기타충당부채 금액이 감액될 수 있습니다.(7) 기타사항회사는 용산개발사업 시행사인 드림허브프로젝트금융투자(주)가 한국철도공사와의 토지소유권말소등기소송 항소심에서 패소하여 항소심 판결이 2018년 5월 11일 최종확정됨에 따라 회사가 보유한 드림허브프로젝트금융투자(주) 및 용산역세권개발(주)의 지분ㆍ채무 증권 및 기타채권에 대한 손상차손을 인식하였습니다 \n30. 영업부문\n회사는 단일사업부문(여행관련서비스)으로 기재를 생략합니다.31. 위험관리\n(1) 재무위험요소\n회사는 신용위험, 유동성 위험과 시장위험(환율변동위험, 이자율변동위험)에 노출되어 있으며, 회사의 전반적인 위험관리는 회사의 재무성과에 잠재적으로 불리할 수 있는 효과를 최소화하는데 중점을 두고 있습니다. 재무위험관리는 회사의 재무부문에 의해 이루어지고 있으며, 각 업무 부서들과 긴밀히 협력하여 금융위험을 식별, 평가 및 회피하고 있습니다.\n재무위험관리의 대상이 되는 회사의 금융자산은 현금 및 현금성자산, 매출채권 및 기타수취채권, 매도가능금융자산 등으로 구성되어 있으며, 금융부채는 매입채무 및\xa0기타지급채무 등으로 구성되어 있습니다.1) 시장위험\r\n가. 외환위험회사는 장부통화와 다른 수입과 지출로 인해 자산과 부채에 외화포지션이 발생하며, 이에 따라 다양한 통화로부터의 환율변동위험에 노출되어 있습니다. 회사가 노출되어 있는 주요 통화는 미국달러입니다.회사의 외환 위험관리의 목표는 환율 변동으로 인한 불확실성과 손익 변동을 최소화 함으로써 기업의 가치를 극대화하는데 있습니다.기능통화 이외의 외화로 표시된 화폐성자산 및 부채의 장부금액은 다음과 같습니다.\xa0 \xa0 \xa0 \xa0 \xa0 \xa0 \xa0 \xa0 \xa0 \xa0 \xa0 \xa0 \xa0 \xa0 \xa0 \xa0 \xa0 \xa0 \xa0 \xa0 \xa0 \xa0 \xa0 \xa0 \xa0 \xa0 \xa0 \xa0 \xa0 \xa0 \xa0 \xa0 \xa0 \xa0 \xa0 \xa0 \xa0 \xa0 \xa0 \xa0 \xa0 \xa0 \xa0 \xa0 \xa0 \xa0 \xa0 \xa0 \xa0 \xa0 \xa0\xa0 (단위:천원)\n구 분\n당반기\n전기\n외 화\n환율\n원화환산금액\n외 화\n환율\n원화환산금액\n외화예금\nUSD\n1,517,446\xa0\n1,156.80\xa0\n1,755,382\nUSD\n3,042,969\n1,118.10\n3,402,344\nEUR\n7,106\xa0\n1,315.11\xa0\n9,345\nEUR\n1,140\n1,279.16\n1,459\n-\n-\n-\n-\nJPY\n44,821\n10.13\n454\n미지급금\nUSD\n250,068\xa0\n1,156.80\xa0\n289,279\nUSD\n328,431\n1,118.10\n367,219\nEUR\n9,340\xa0\n1,315.11\xa0\n12,283\nEUR\n54,286\n1,279.16\n69,440\nCNY\n866,708\xa0\n168.08\xa0\n145,676\nCNY\n23,100\n162.76\n3,760\nCHF\n780\xa0\n1,184.09\xa0\n924\nCHF\n21,102\n142.77\n3,013\n-\n-\n-\n-\nSGD\n97,717\n818.28\n79,960\n상기 외화예금 및 미지급금과 관련하여 인식한 외화환산이익은 10,408천원(전반기: 113,479천원)이며, 외화환산손실은 21,798천원(전반기: 9,159천원)입니다.당반기말과 전기말 현재 다른 모든 변수가 일정하고 USD에 대한 기능통화의 환율이10% 변동시 환율변동이 당기손익에 미치는 영향은 다음과 같습니다\xa0 \xa0 \xa0 \xa0 \xa0 \xa0 \xa0 \xa0 \xa0 \xa0 \xa0 \xa0 \xa0 \xa0 \xa0 \xa0 \xa0 \xa0 \xa0 \xa0 \xa0 \xa0 \xa0 \xa0 \xa0 \xa0 \xa0 \xa0 \xa0 \xa0 \xa0 \xa0 \xa0 \xa0 \xa0 \xa0 \xa0 \xa0 \xa0 \xa0 \xa0 \xa0 \xa0 \xa0 \xa0 \xa0 \xa0 \xa0 \xa0\xa0 (단위:천원).\n구 분\n당반기\n전기\n10% 상승시\n10% 하락시\n10% 상승시\n10% 하락시\nUSD\n146,610\n(146,610)\n303,513\n(303,513)\nEUR\n(294)\n294\n(6,798)\n6,798\nJPY\n-\n-\n45\n(45)\nCNY\n(14,568)\n14,568\n(376)\n376\nCHF\n(92)\n92\n(301)\n301\nSGD\n-\n-\n(7,996)\n7,996\n합계\n131,657\n(131,657)\n288,087\n(288,087)\n상기 민감도 분석은 보고기간말 현재 기능통화 이외의 외화로 표시된 화폐성 자산 및부채를 대상으로 하였습니다.\n나. 주가변동 위험\n회사는 전략적 목적 등으로 상장주식 등에 투자를 검토하고 있습니다.\xa0이를 위하여 직접적 또는 간접적 투자수단을 이용하고 있으나, 당기 및 전기말 현재 회사가 투자하고 있는 상장주식은 없습니다.다. 이자율 위험이자율 위험은 미래 시장 이자율 변동에 따라 예금 또는 차입금 등에서 발생하는 이자비용이 변동될 위험으로서 이는 주로 변동금리부 조건의 차입금과 예금에서 발생하고 있습니다. 회사의 이자율위험관리의 목표는 이자율 변동으로 인한 불확실성과 순이자비용의 최소화를 추구함으로써 기업의 가치를 극대화하는데 있습니다.이를 위해 근본적으로 내부 자금 공유 확대를 통한 외부차입 최소화, 고금리 차입금 감축, 장/단기 차입구조 개선, 고정 대 변동이자 차입조건의 적정비율 유지, 주간/월간 단위의 국내외 금리동향 모니터링 실시 및 대응방안 수립 등을 통해 선제적으로 이자율 위험을 관리하고 있습니다.회사는 당반기말 현재 순차입금 상태로 이자율 상승에 따라 순이자 비용이 증가할 위험에 일부 노출되어 있으나, 내부적으로 변동금리부 조건의 단기차입금과 예금을 적절히 운영함으로써 이자율 변동에 따른 위험을 최소화하고 있습니다.당반기와 전기말 현재 다른 모든 변수가 일정하고 이자율이 0.1% 변동 시 변동금리부차입금에서 발생하는 이자비용의 영향은 없습니다.2) 신용위험\r\n신용위험은 회사의 통상적인 거래 및 투자활동에서 발생하며 고객 또는 거래상대방이 계약조건 상 의무사항을 지키지 못하였을 때 발생합니다. 은행 및 금융기관의 경우 신용등급이 우수한 금융기관과 거래하고 있으므로, 금융기관으로부터의 신용위험은 제한적입니다. 일반거래처의 경우 고객의 재무상태, 과거 경험 등 기타 요소들을 고려하여 신용을 평가하게 됩니다. 이러한 신용위험을 관리하기 위하여 회사는 주기적으로 고객과 거래상대방의 재무상태와 과거 경험 및 기타 요소들을 고려하여 재무신용도를 평가하고 있으며 거래상대방에 대한 개별적인 위험한도 관리 정책을 보유하고 있습니다.당반기 중 매출채권 및 기타금융자산에 포함된 미수금 등에서 중요한 손상의 징후가 발견되지 않았으며, 회사는 당반기말 현재 채무불이행 등이 발생할 징후는 낮은 것으로 판단하고 있습니다. 신용위험은 현금 및 현금성자산, 각종 예금 등과 같은 금융기관과의 거래에서도 발생할 수 있습니다. 이러한 위험을 줄이기 위해 회사는 신용도가높은 금융기관들과 거래하고 있으므로 금융기관으로부터의 신용위험은 제한적입니다. 당반기와 전기말 현재 각 금융상품별 신용위험과 관련된 분류는 다음과 같습니다.\xa0 \xa0 \xa0 \xa0 \xa0 \xa0 \xa0 \xa0 \xa0 \xa0 \xa0 \xa0 \xa0 \xa0 \xa0 \xa0 \xa0 \xa0 \xa0 \xa0 \xa0 \xa0 \xa0 \xa0 \xa0 \xa0 \xa0 \xa0 \xa0 \xa0 \xa0 \xa0 \xa0 \xa0 \xa0 \xa0 \xa0 \xa0 \xa0 \xa0 \xa0 \xa0 \xa0 \xa0 \xa0 \xa0 \xa0 \xa0 \xa0 \xa0 \xa0\xa0 (단위:천원)\n구 분\n당반기\n전기\n차감전장부금액\n이자수익누계액\n손상누계액\n기말장부금액(최대노출액)\n차감전장부금액\n이자수익누계액\n손상누계액\n기말장부금액(최대노출액)\n현금및현금성자산\n10,060,205\n-\n-\n10,060,205\n11,781,990\n-\n-\n11,781,990\n단기금융상품\n87,849,368\n-\n-\n87,849,368\n182,682,802\n-\n-\n182,682,802\n매출채권\n341,719\n-\n(28,599)\n313,120\n299,245\n-\n(24,596)\n274,649\n단기대여금\n35,000\n-\n-\n35,000\n35,000\n-\n-\n35,000\n미수금\n12,079,483\n-\n(233,801)\n11,845,682\n8,238,580\n-\n(172,382)\n8,066,198\n미수수익\n162,203\n-\n-\n162,203\n194,826\n-\n-\n194,826\n장기기타금융자산\n-\n-\n-\n-\n22,650,000\n1,367,236\n(24,017,236)\n-\n보증금\n2,057,631\n-\n-\n2,057,631\n2,226,147\n-\n-\n2,226,147\n합 계\n112,585,609\n-\n(262,400)\n112,323,209\n228,108,591\n1,367,236\n(24,214,215)\n205,261,613\n회사는 신용위험을 관리하기 위하여 다음과 같은 정책과 절차를 마련하여 운영하고 있습니다.\xa0\n수취채권과 관련하여 회사는 신규 거래처와 계약시 공개된 재무정보와 신용평가기관에 의하여 제공된 정보 등을 이용하여 거래처의 신용도를 평가하고 이를 근거로 신용거래한도를 결정하고 있으며, 일부 수취채권에 대해서 보험계약체결, 담보 또는 지급보증을 제공받고 있습니다. 한편, 회사는 우리은행, 신한은행 등의 금융기관에 현금및현금성자산 및 정기적금 등을 예치하고 있으나 신용등급이 우수한 금융기관과 거래하고 있으므로 금융기관으로부터의 신용위험은 제한적입니다. 은행 및 금융기관의 경우, 독립적인 신용등급기관으로부터의 신용등급이 일정수준 이상인 경우에 한하여 거래를 하고 있습니다.\n3) 유동성 위험\n유동성위험은 회사 경영 환경 또는 금융시장의 악화로 인해 회사가 부담하고 있는 단기 채무를 적기에 이행하지 못할 위험으로 정의합니다.\xa0\n회사는 유동성위험을 선제적으로 관리하기 위해 현금흐름 및 유동성 계획 등에 대해 주기적으로 예측하고 이에 따른 대응방안을 수립하고 있습니다.\xa0\n가. 회사의 비파생금융부채를 보고기간말로부터 계약 만기일까지의 잔여기간에 따라만기별로 구분한 표는 다음과 같습니다.\n<당반기>\xa0 \xa0 \xa0 \xa0 \xa0 \xa0 \xa0 \xa0 \xa0 \xa0 \xa0 \xa0 \xa0 \xa0 \xa0 \xa0 \xa0 \xa0 \xa0 \xa0 \xa0 \xa0 \xa0 \xa0 \xa0 \xa0 \xa0 \xa0 \xa0 \xa0 \xa0 \xa0 \xa0 \xa0 \xa0 \xa0 \xa0 \xa0 \xa0 \xa0 \xa0 \xa0 \xa0 \xa0 \xa0 \xa0 \xa0 \xa0 \xa0 \xa0 \xa0\xa0 (단위:천원)\n계정과목\xa0\n금액\n1년 미만\n1년에서 2년 이하\n2년에서 5년 이하\n5년 초과\n합계\n매입채무 및 기타지급채무\n103,394,808\n-\n-\n-\n103,394,808\n사채\n2,060,832\n\u3000-\n-\n\u3000-\n2,060,832\n합 계\n105,455,640\n-\n-\n-\n105,455,640\n<전기>\xa0 \xa0 \xa0 \xa0 \xa0 \xa0 \xa0 \xa0 \xa0 \xa0 \xa0 \xa0 \xa0 \xa0 \xa0 \xa0 \xa0 \xa0 \xa0 \xa0 \xa0 \xa0 \xa0 \xa0 \xa0 \xa0 \xa0 \xa0 \xa0 \xa0 \xa0 \xa0 \xa0 \xa0 \xa0 \xa0 \xa0 \xa0 \xa0 \xa0 \xa0 \xa0 \xa0 \xa0 \xa0 \xa0 \xa0 \xa0 \xa0 \xa0 \xa0\xa0 (단위:천원)\n계정과목\xa0\n금액\n1년 미만\n1년에서 2년 이하\n2년에서 5년 이하\n5년 초과\n합계\n매입채무 및 기타지급채무\n31,021,650\n91,310,144\n-\n-\n122,331,794\n사채\n31,942,896\n\u3000-\n\u3000-\n\u3000-\n31,942,896\n합 계\n62,964,546\n91,310,144\n-\n-\n154,274,690\n4) 자본 위험 관리\n회사의 자본관리 목적은 계속기업으로서 주주 및 이해당사자들에게 이익을 지속적으로 제공할 수 있는 능력을 보호하고 자본비용을 절감하기 위해 최적 자본구조를 유지하는 것입니다.\n회사는 동종산업내의 타사와 마찬가지로 자본조달비율에 기초하여 자본을 관리하고 있습니다. 자본조달비율은 순부채를 총자본으로 나누어 산출하고 있습니다. 순부채는 총 차입금에서 현금및현금성자산을 차감한 금액이며 총자본은 재무상태표의 \'자본\'에 순부채를 가산한 금액입니다.\xa0\n가. 자본조달비율 및 부채비율은 다음과 같습니다.\xa0 \xa0 \xa0 \xa0 \xa0 \xa0 \xa0 \xa0 \xa0 \xa0 \xa0 \xa0 \xa0 \xa0 \xa0 \xa0 \xa0 \xa0 \xa0 \xa0 \xa0 \xa0 \xa0 \xa0 \xa0 \xa0 \xa0 \xa0 \xa0 \xa0 \xa0 \xa0 \xa0 \xa0 \xa0 \xa0 \xa0 \xa0 \xa0 \xa0 \xa0 \xa0 \xa0 \xa0 \xa0 \xa0 \xa0 \xa0 \xa0 \xa0 \xa0 \xa0 (단위:천원)\n구 분\n당반기\n전기\n총차입금(A)\n1,884,282\n28,088,754\n차감 : 현금및현금성자산(B)\n(10,060,205)\n(11,781,990)\n순부채(C = A + B)\n(8,175,923)\n16,306,764\n부채총계(D)\n174,466,870\n213,544,893\n자본총계(E)\n324,979,957\n289,598,111\n총자본(F = C + E)\n316,804,034\n305,904,875\n자본조달비율(C / F)\n-\n5.33%\n부채비율(D / E)\n53.69%\n73.74%\n']"
