text
"['\n5. 재무제표 주석\n1. 일반사항화성산업주식회사(이하 \'회사\')는 건설업을 주 사업목적으로 1958년 9월에 설립되었으며, 1988년 9월 회사의 주식을 한국거래소가 개설하는 유가증권시장에 상장하였습니다. 회사의 본사 소재지는 대구광역시이며, 대구광역시 및 전국주요도시 일원에서 토목 및 건축 등 도급공사와 아파트 건설 및 분양사업 등을 영위하고 있습니다.한편, 당기말 현재 자본금은 62,254,000천원이며, 주요 주주현황은 다음과\xa0 같습니다.\n주주명\n당기\n전기\n주식수(주)\n지분율\n주식수(주)\n지분율\n이인중\n1,162,418\xa0\n9.34%\n1,362,418\xa0\n10.94%\n(주)화성개발\n1,153,769\xa0\n9.27%\n1,153,769\xa0\n9.27%\n이종원\n660,730\xa0\n5.31%\n460,730\xa0\n3.70%\n이홍중\n647,229\xa0\n5.20%\n647,229\xa0\n5.20%\n자기주식\n340,638\xa0\n2.74%\n340,638\xa0\n2.74%\n기타특수관계자\n1,529,349\xa0\n12.28%\n1,597,101\xa0\n12.83%\n기타주주\n6,956,667\xa0\n55.86%\n6,888,915\xa0\n55.33%\n합\xa0\xa0 계\n12,450,800\xa0\n100.00%\n12,450,800\xa0\n100.00%\n2. 중요한 회계정책재무제표는\xa0한국채택국제회계기준에 따라 작성되었으며 재무제표를 작성하기 위하여 채택한 중요한 회계정책은 별도의 언급이 없는 한 전기 재무제표 작성시 채택한 회계정책과 동일하게 적용되었습니다.\xa0 재무제표 작성을 위하여 채택한 중요한 회계정책은 다음과 같습니다.(1) 회계정책의 변경과 공시1) 회사가 채택한 제ㆍ개정 기준서회사가 2020년\xa01월 1일 이후 개시하는 회계기간부터 적용한 제ㆍ개정 기준서\xa0및 해석서는 다음과 같습니다. \n(가) 기업회계기준서 제1103호 \'사업결합\' (개정) - 사업의 정의개정 기준서는 기업이 취득한 대상이 \'사업\'인지 아니면 \'개별 자산취득\'인지 판단하는 데 필요한 사업 및 관련 구성요소의 정의를 명확히 하였습니다.\xa0취득한 대상이 사업이라고 판단 내리기 위해 산출물의 창출에 기여할 수 있는 투입물과 실질적인 과정이 필요하다는 점을 명확하게 설명하고, 산출물을 보다 좁게 정의하였습니다. 또한, 사업의 필수 구성요소 중 과정이 실질적인지 여부를 판단할 때 필요한 구체적인 지침과 사례를 추가하였으며, 취득한 대상이 사업이 아닌지 간단히 판단할 수 있는 집중테스트를 선택적으로 적용할 수 있도록 하였습니다.\xa0상기 개정 내용이 재무제표에 미치는 유의적인 영향은 없습니다.\n(나) 기업회계기준서 제1001호 \'재무제표 표시\' 및 제1008호 \'회계정책, 회계추정의 변경 및 오류\' (개정) - 중요성의 정의\n개정 기준서는 \'특정 보고기업에 대한 재무정보를 제공하는 일반목적재무제표에 정보를 누락하거나 잘못 기재하거나 불분명하게 하여, 이를 기초로 내리는 주요 이용자의 의사결정에 영향을 줄 것으로 합리적으로 예상할 수 있다면 그 정보는 중요하다\'고 기술함으로써 개념체계를 포함한 기준서간 중요성의 정의를 일관되게 정리하고 그 의미를 명확히 하였습니다.\xa0상기 개정 내용이 재무제표에 미치는 유의적인 영향은 없습니다.\n(다)\xa0기업회계기준서 제1109호 \'금융상품\', 제1039호 \'금융상품: 인식과 측정\',\xa0 \xa0 \xa0\xa0 제1107호 \'금융상품: 공시\' (개정) - 이자율지표 개혁\n\xa0\n개정 기준서는 이자율지표 개혁 움직임으로 인한 불확실성이 존재하는 동안 위험회피회계 적용과 관련하여 미래 전망 분석 시 예외규정을 적용하도록 하고 있습니다. 예외규정에서는 기존 이자율지표를 준거로 하는 예상현금흐름의 발생가능성이 매우 높은지, 위험회피대상항목과 위험회피수단 사이의 경제적 관계가 있는지, 양자간에 높은 위험회피효과가 있는지를 평가할 때, 위험회피대상항목과 위험회피수단이 준거로 하고 있는 이자율지표는 이자율지표 개혁의 영향으로 바뀌지 않는다고 가정합니다.상기 개정 내용이 재무제표에 미치는 유의적인 영향은 없습니다.\n2) 공표되었으나 아직 시행되지 않은 제ㆍ개정 기준서 및 해석서\n\xa0\n보고기간말 현재 제정ㆍ공표되었으나\xa02020년\xa01월 1일 이후 시작하는 회계기간에 시행일이 도래하지 아니하였고, 회사가 조기 적용하지 아니한 제ㆍ개정 기업회계기준서 및 해석서는 다음과 같습니다.\xa0\n(가) 기업회계기준서 제 1116호 \'리스\' (개정) - COVID-19 관련 임차료 할인 등\n\xa0\n실무적 간편법으로, 리스이용자는 COVID-19의 직접적인 결과로 발생한 임차료 할인 등(rent concession)이 리스변경에 해당하는지 평가하지 않을 수 있으며, 이러한 임차료 할인 등은 실무적 간편법의 적용요건을 충족하여야 하며,실무적 간편법을 선택한 리스이용자는 그러한 변동이 리스변경이 아닐 경우에 이 기준서가 규정하는 방식과 일관되게 회계처리하여야 합니다. 동 개정사항은 2020년 6월 1일 이후 시작하는 회계연도부터 적용되며, 조기적용이 허용됩니다.\xa0회사는 상기 개정 기준서의 적용이 재무제표에 미치는 영향이 유의적이지 아니할 것으로 예상하고 있습니다.\n(나) 기업회계기준서 제1103호 \'사업결합\' (개정) - 재무보고를 위한 개념체계 참조 \n식별할 수 있는 취득 자산과 인수 부채는 재무보고를 위한 개념체계의 정의를 충족하도록 개정되었으나, 기업회계기준서 제1037호 \'충당부채, 우발부채 및 우발자산\' 및 해석서 제2121호 \'부담금\' 의 적용범위에 포함되는 부채 및 우발부채에 대해서는 해당 기준서를 적용하도록 예외를 추가하고, 우발자산이 취득일에 인식되지 않는다는 점을 명확히 하였습니다. 동 개정사항은 2022년 1월 1일 이후 시작하는 회계연도부터 적용되며, 조기적용이 허용됩니다.\xa0회사는 상기 개정 기준서의 적용이 재무제표에 미치는 영향이 유의적이지 아니할 것으로 예상하고 있습니다.\n(다) 기업회계기준서 제1016호 \'유형자산\' (개정) - 의도한 사용 전의 매각금액\n개정 기준서는 경영진이 의도한 방식으로 유형자산을 가동할 수 있는 장소와 상태에 이르게 하는 동안에 생산된 재화를 판매하여 얻은 매각금액과 그 재화의 원가는 당기손익으로 인식하도록 요구하며, 이로 인해 당기손익에 포함한 매각금액과 원가를 공시하도록 요구하고 있습니다. 동 개정사항은 2022년 1월 1일 이후 시작하는 회계연도부터 적용되며, 조기적용이 허용됩니다.\xa0회사는 상기 개정 기준서의 적용이 재무제표에 미치는 영향이 유의적이지 아니할 것으로 예상하고 있습니다.\n(라) 기업회계기준서 제1037호 \'충당부채, 우발부채 및 우발자산\' (개정) - 손실부담계약: 계약이행원가\n개정 기준서는 손실부담계약을 식별할 때 계약이행원가는 계약을 이행하는 데 드는 증분원가와 계약을 이행하는 데 직접 관련되는 그 밖의 원가 배분액으로 구성됨을 명확히 하였습니다. 동 개정사항은 2022년 1월 1일 이후 시작하는 회계연도부터 적용되며, 조기적용이 허용됩니다.\xa0회사는 상기 개정 기준서의 적용이 재무제표에 미치는 영향이 유의적이지 아니할 것으로 예상하고 있습니다.\n(마) 기업회계기준서 제1001호 \'재무제표 표시\' (개정) - 부채의 유동·비유동 분류 \n부채의 분류는 기업이 보고기간 후 적어도 12개월 이상 부채의 결제를 연기할 권리의 행사 가능성에 영향을 받지 않으며, 부채가 비유동부채로 분류되는 기준을 충족한다면, 경영진이 보고기간 후 12개월 이내에 부채의 결제를 의도하거나 예상하더라 도, 또는 보고기간말과 재무제표 발행승인일 사이에 부채를 결제하더라도 비유동부채로 분류합니다. 또한, 부채를 유동·비유동으로 분류할 때 부채의 결제조건에 자기지분상품의 이전도 포함되나, 복합금융상품에서 자기지분상품으로 결제하는 옵션이 지분상품으로 분류되고 동 옵션을 부채와 분리하여 인식된 경우는 제외됩니다. 동 개정사항은 2023년 1월 1일 이후 시작하는 회계연도부터 적용하며, 조기적용이 허용됩니다.\xa0회사는 상기 개정 기준서의 적용이 재무제표에 미치는 영향이 유의적이지 아니할 것으로 예상하고 있습니다.\n(바) 한국채택국제회계기준 2018-2020 연차개선\n\xa0기업회계기준서 제1109호 \'금융상품\': 금융부채 제거 목적의 10% 테스트 관련 수수료에 차입자와 대여자 사이에서 지급하거나 수취한 수수료(상대방을 대신하여 지급하거나 수취한 수수료 포함)만 포함된다는 개정내용을 포함하여 기업회계기준서\xa0 \xa0 제1101호 \'한국채택국제회계기준의 최초 채택\': 최초채택기업인 종속기업, 기업회계기준서 제1116호 \'리스\': 리스인센티브, 기업회계기준서 제1041호 \'농림어업\': 공정가치 측정에 대한 일부 개정내용이 있습니다. 동 연차개선은 2022년 1월 1일 이후 시작하는 회계연도부터 적용되며, 조기적용이 허용됩니다.\xa0회사는 상기 개정 기준서의 적용이 재무제표에 미치는 영향이 유의적이지 아니할 것으로 예상하고 있습니다.\n(2) 재무제표 작성기준1) 회계기준재무제표는\xa0주식회사 등의 외부감사에 관한 법률에서 규정하고 있는 국제회계기준위원회의 국제회계기준을 채택하여 정한 회계처리기준인 한국채택국제회계기준에 따라 작성되었습니다. 2) 측정기준재무제표는 금융상품 등 아래의 회계정책에서 별도로 언급하고 있는 사항을 제외하고는 역사적원가를 기준으로 작성되었습니다.3) 기능통화와 표시통화재무제표는 회사의 기능통화이면서 표시통화인 ""원(KRW)"" 단위로 표시되고 있으며 별도로 언급하고 있는 사항을 제외하고는 ""원(KRW)"" 단위로 표시되고 있습니다.\n(3) 별도재무제표에서 종속기업, 관계기업 및\xa0공동기업에 대한 투자재무제표는 기업회계기준서 제1027호 \'별도재무제표\'에 따른 별도재무제표로서 지배기업, 관계기업의 투자자 또는 공동기업의 참여자가 투자자산을 피투자자의 보고된 성과와 순자산에 근거하지 않고 직접적인 지분투자에 근거하여 기업회계기준서 제1028호에서 규정하는 지분법으로 표시한 재무제표이며, 종속기업, 관계기업 또는 공동기업으로부터 배당을 받을 권리가 확정되는 시점에 지분법투자장부금액에서 차감하여 회계처리하고 있습니다.(4) 현금및현금성자산회사는 보유현금과 요구불예금, 유동성이 매우 높은 단기 투자자산으로서 확정된 금액의 현금으로 전환이 용이하고 가치변동의 위험이 경미한 자산을 현금 및 현금성자산으로 분류하고 있습니다. 지분상품은 현금성자산에서 제외하고 있으며 다만 상환일이 정해져 있고 취득일로부터 상환일까지의 기간이 단기인 우선주와 같이 실질적인 현금성자산인 경우에는 현금성자산에 포함하고 있으며, 금융회사의 요구에 따라 즉시 상환하여야 하는 당좌차월은 현금및현금성자산의 구성요소에 포함하고 있습니다.\n(5) 금융상품1) 금융자산금융자산은 금융상품의 계약당사자가 되는 때에만 재무상태표에 인식하고 있으며, 금융자산의 정형화된 매입이나 매도는 매매일 또는 결제일에 인식하고 있습니다. 금융상품의 최초 인식시점에 사업모형과 금융자산의 계약상 현금흐름의 특성에 따라금융자산은 당기손익-공정가치측정금융자산, 기타포괄손익-공정가치측정금융자산, 상각후원가측정금융자산으로 분류하고 있습니다.금융자산은 최초인식시 공정가치로 측정하고 있으며, 당기손익-공정가치측정금융자산이 아닌 경우 당해 금융자산의 취득과 직접 관련되는 거래원가는 최초인식하는 공정가치에 가산하여 측정하고 있습니다. (가) 당기손익-공정가치측정금융자산금융자산을 단기매매목적으로 보유하고 있거나, 당기손익-공정가치측정금융자산으로 지정하는 경우와 기타포괄손익-공정가치측정금융자산 또는 상각후원가측정금융자산으로 분류되지 않는 금융자산은 당기손익-공정가치측정금융자산으로 분류합니다.\xa0\n또한 당기손익-공정가치측정금융자산의 지정이 서로 다른 기준에 따라 자산이나 부채를 측정하거나, 그에 따른 평가손익 등을 인식함으로써 발생할 수 있는 인식과 측정상의 불일치를 제거하거나 상당히 감소시킬 수 있는 경우에는 당기손익-공정가치 측정금융자산으로 지정할 수 있습니다.\n당기손익-공정가치측정금융자산은 공정가치로 측정하며 공정가치 변동으로 인한 평가손익은 당기손익으로 인식하고 있습니다. 금융자산으로부터 획득한 배당금과 이자수익도 당기손익으로 인식합니다.\n(나) 기타포괄손익-공정가치측정금융자산\n채무증권 중 사업모형이 현금흐름 수취 및 매도 사업모형으로 분류되고 계약상 현금흐름이 원금과 이자만으로 구성되어 있는지에 대한 검토를 만족하는 금융자산이나 단기간 내 매도할 목적이 아닌 지분증권 중 기타포괄손익-공정가치측정금융자산으로 지정한 상품은 기타포괄손익-공정가치측정금융자산으로 분류하고 있습니다. 기타포괄손익-공정가치측정금융자산은 최초인식 후에 공정가치로 측정합니다. 공정가치의 변동으로 인하여 발생하는 손익은 유효이자율법에 따른 이자수익, 배당수익 및 손익으로 직접 인식되는 화폐성자산에 대한 외환차이를 제외하고는 자본의 기타포괄손익항목으로 인식하고 있습니다.\xa0\n기타포괄손익-공정가치측정금융자산을 처분하는 경우 기타포괄손익으로 인식한 누적손익은 해당 기간의 당기손익으로 인식합니다. 다만, 기타포괄손익-공정가치측정 금융자산으로 지정한 지분증권에서 발생한 누적평가손익은 처분시 해당기간의 당기손익으로 인식되지 않습니다.\n외화로 표시된 기타포괄손익-공정가치측정금융자산의 공정가치는 해당 외화로 측정되며 보고기간 말 현재 환율로 환산합니다. 공정가치 변동분 중 상각후원가의 변동으로 인한 환산차이에서 발생한 부분은 당기손익으로 인식하며 기타 변동은 자본으로 인식하고 있습니다.\n\xa0(다) 상각후원가측정금융자산사업모형이 현금흐름 수취로 분류되고 계약상현금흐름 특성 평가를 만족하는 금융자산은 상각후원가 측정 금융자산으로 분류합니다. 최초 인식 후에는 유효이자율법을 사용한 상각후원가로 측정하며, 이자수익은 유효이자율법을 사용하여 인식합니다. (라) 금융자산의 제거금융자산의 현금흐름에 대한 계약상 권리가 소멸하거나, 금융자산의 현금흐름에 대한 권리를 양도하고 금융자산의 소유에 따른 위험과 보상의 대부분을 이전할 때 금융자산을 제거하고 있습니다. 만약, 금융자산의 소유에 따른 위험과 보상의 대부분을 보유하지도 않고 이전하지도 아니한 경우, 회사가 금융자산을 통제하고 있지도 않다면 금융자산을 제거하고, 금융자산을 계속 통제하고 있다면 그 양도자산에 대하여 지속적으로 관여하는 정도까지 계속하여 인식하고, 관련 부채를 함께 인식하고 있습니다.  2) 금융자산(채무상품)의 기대신용손실당기손익-공정가치측정금융자산을 제외한 상각후원가측정금융자산 및 기타포괄손익-공정가치측정채무상품은 매 보고기간 말에 기대신용손실을 평가하고 있습니다. 손실충당금의 측정방식은 신용위험의 유의적인 증가 여부에 따라 결정됩니다. 금융자산의 최초 인식 후 신용위험의 유의적인 증가 여부에 따라 아래 표와 같이 3단계로구분하여 12개월 기대신용손실이나 전체기간 기대신용손실에 해당하는 금액으로 손실충당금을 인식합니다.\n구 분\n손실충당금\nStage 1\n최초 인식 후 신용위험이 유의적으로 증가하지 않은 경우(주1)\n12개월 기대신용손실: 보고기간 말 이후 12개월 내에 발생 가능한 금융상품의 채무불이행 사건으로 인한 기대신용손실\nStage 2\n최초 인식 후 신용위험이 유의적으로 증가한 경우\n전체기간 기대신용손실: 기대존속기간에 발생할 수 있는 모든 채무불이행 사건으로 인한 기대신용손실\nStage 3\n신용이 손상된 경우\xa0\n(주1) 보고기간 말 신용위험이 낮은 경우에는 신용위험이 유의적으로 증가하지 않은 것으로 간주할 수 있음최초 인식 시점에 신용이 손상된 금융자산에 대하여 최초 인식 후 전체기간 기대신용손실의 누적변동분만을 손실충당금으로 계상합니다.\n한편, 매출채권, 계약자산, 리스채권 등에 대해서는 전체기간 기대신용손실에 해당하는 금액으로 손실충당금을 측정하는 간편법을 적용하고 있습니다. \n기대신용손실은 일정 범위의 발생 가능한 결과를 확률가중한 값으로, 화폐의 시간가치를 반영하고, 보고기간 말에 과거사건, 현재 상황과 미래 경제적 상황에 대한 예측에 대한 과도한 원가나 노력 없이 이용할 수 있는 정보를 반영해 측정합니다.\n3) 금융부채금융부채는 금융상품의 계약당사자가 되는 때에만 재무상태표에 인식하고 있으며, 금융부채의 최초 인식시 당기손익-공정가치측정금융부채 또는 기타금융부채로 분류하고 공정가치로 측정하고 있습니다. 당기손익-공정가치측정금융부채를 제외하고는해당 금융부채의 발생과 직접 관련되는 거래비용은 최초 측정시 공정가치에 차감하고 있습니다.(가) 당기손익-공정가치측정부채당기손익-공정가치측정금융부채는 최초 인식시점에 당기손익-공정가치측정금융부채로 지정한 금융부채를 포함하고 있습니다. 당기손익-공정가치측정금융부채는 최초 인식 후 공정가치로 측정하며, 공정가치의 변동은 당기손익으로 인식하고 있습니다. 한편, 최초 인식시점에 발행과 관련하여 발생한 거래비용은 발생 즉시 당기손익으로 인식하고 있습니다. (나) 당기손익-공정가치측정부채로 분류되지 않는 금융부채당기손익-공정가치측정부채로 분류되지 않는 금융부채는 다음의 금융부채를 제외하고는 최초인식 후 유효이자율법을 사용하여 상각후원가로 측정하고 있습니다. 금융자산의 양도가 제거 조건을 충족하지 못하거나 지속적관여접근법이 적용되는 경우에 발생하는 금융부채의 경우, 양도자산을 상각후원가로 측정한다면 양도자산과 관련부채의 순장부금액이 양도자가 보유하는 권리와 부담하는 의무의 상각후원가가 되도록 관련부채를 측정하며, 양도자산을 공정가치로 측정한다면 양도자산과 관련부채의 순장부금액이 양도자가 보유하는 권리와 부담하는 의무의 독립적으로 측정된 공정가치가 되도록 관련부채를 측정하고 있습니다. 금융보증부채(금융자산의 양도가 제거 조건을 충족하지 못하거나 지속적관여접근법이 적용되는 경우에 발생하는 금융부채 제외)와 시장이자율보다 낮은 이자율로 대출하기로 한 약정은 기대신용손실모형에 따른 손실충당금과 최초인식금액에서 이익누계액을 차감한 금액 중 큰 금액으로 측정됩니다.(다) 금융부채의 제거금융부채(또는 금융부채의 일부)는 소멸한 경우(즉, 계약상 의무가 이행, 취소 또는 만료된 경우)에만 재무상태표에서 제거하고 있습니다. 기존 차입자와 대여자가 실질적으로 다른 조건으로 채무상품을 교환하거나 기존 금융부채(또는 금융부채의 일부)의 조건이 실질적으로 변경된 경우 최초의 금융부채를 제거하고 새로운 금융부채를 인식하고 있으며, 소멸하거나 제3자에게 양도한 금융부채(또는 금융부채의 일부)의 장부금액과 지급한 대가의 차액은 당기손익으로 인식하고 있습니다. 4) 금융자산과 금융부채의 상계회사는 인식한 자산과 부채에 대해 법적으로 집행가능한 상계권리를 현재 보유하고 있으면서 순액으로 결제하거나 자산을 실현하는 동시에 부채를 결제할 의도를 가지고 있는 경우에 금융자산과 금융부채를 상계하고 재무상태표에 순액으로 표시하고 있습니다. 5) 부채와 자본의 분류채무상품과 지분상품은 계약의 실질 및 금융부채와 지분상품의 정의에 따라 금융부채 또는 자본으로 분류하고 있습니다.6) 파생상품파생상품은 최초 인식시 계약일의 공정가치로 측정하고 이후 공정가치로 재측정하고있습니다.\xa0\n(가) 내재파생상품① 금융자산이 주계약인 복합계약내재파생상품을 포함하는 금융자산은 복합계약 전체를 고려하여 분류를 결정하고 내재파생상품을 분리하여 인식하지 않습니다. 계약상 현금흐름이 원금과 이자로만 구성되어 있는지를 판단할 때에도 해당 복합계약 전체를 고려합니다.\xa0 ② 그 밖의 복합계약(복합계약이 금융자산이 아닌 주계약을 포함하는 경우)내재파생상품의 경제적 특성 및 위험이 주계약의 경제적 특성 및 위험과 밀접하게 관련되어 있지 않고, 내재파생상품과 동일한 조건을 가진 별도의 금융상품 등이 파생상품의 정의를 충족하며 복합계약의 공정가치 변동이 당기손익으로 인식되지 아니하는경우 주계약과 분리하여 별도의 파생상품으로 회계처리하고 있습니다.(나) 위험회피회계\n회사는 특정위험으로 인해 인식된 자산이나 부채 또는 미인식된 확정계약의 전체 또는 일부의 공정가치 변동에 대한 위험회피의 경우 공정가치위험회피회계를 적용하며특정위험으로 인해 인식된 자산이나 부채 또는 발생가능성이 매우 높은 예상거래의 현금흐름 변동에 대한 위험회피의 경우 현금흐름위험회피회계를 적용하고 있습니다.\n위험회피회계를 적용하기 위하여 회사는 위험회피관계, 위험관리목적, 위험회피전 략, 회피대상위험 및 위험회피효과 평가방법 등을 문서화하고 있습니다. 위험회피효과는 회피대상위험으로 인한 파생상품의 공정가치나 현금흐름의 변동이 위험회피대상항목의 공정가치나 현금흐름의 변동위험을 상쇄하는 효과를 의미합니다.\n(다) 공정가치위험회피위험회피수단으로 지정되고, 공정가치위험회피회계의 적용요건을 충족한 파생금융상품의 공정가치 변동은 당기손익으로 인식하고 있으며, 회피대상위험으로 인한 위험회피대상항목의 공정가치 변동도 당기손익으로 인식하고 있습니다. 단, 위험회피대상항목이 지분상품이며, 공정가치의 변동을 기타포괄손익으로 표시하기로 선택한 경우에는 위험회피수단의 손익 및 회피대상위험으로 인한 위험회피대상항목의 손익을 기타포괄손익으로 인식하고 있습니다. 공정가치위험회피회계는 위험회피수단이 소멸, 매각, 행사 또는 종료되거나 공정가치위험회피회계의 적용조건을 더 이상 충족하지 않을 경우 중단됩니다. 회피대상위험으로 인한 위험회피대상항목의 장부금액 조정액은 위험회피회계가 중단된 날부터 상각하여 당기손익으로 인식하고 있습니다.(라) 현금흐름위험회피위험회피수단으로 지정되고 현금흐름위험회피회계의 적용요건을 충족한 파생상품의 공정가치 변동분 중 위험회피에 효과적인 부분은 기타포괄손익으로 처리하며, 위험회피에 비효과적인 부분은 당기손익으로 인식하고 있습니다. 현금흐름위험회피회계는 위험회피수단이 소멸, 매각, 행사 또는 종료되거나, 현금흐름위험회피회계의 적용요건을 더 이상 충족하지 않을 경우 중단됩니다. 현금흐름위험회피회계를 중단하는 경우에 위험회피대상의 미래 현금흐름이 여전히 발생할 것으로 예상되는 경우에 현금흐름위험회피적립금 누계액은 미래 현금흐름이 생길 때까지 또는 현금흐름위험회피적립금이 차손이며 그 차손의 전부나 일부가 미래기간에 회복되지 않을 것으로 예상될 때까지 현금흐름위험회피적립금에 남겨두고 있습니다. 다만, 위험회피대상의미래현금흐름이 더 이상 발생할 것으로 예상되지 않는 경우에는 현금흐름위험회피적립금 누계액은 즉시 당기손익으로 인식합니다.(마) 해외사업장순투자의 위험회피해외사업장에 대한 순투자 위험회피의 경우, 위험회피에 효과적인 부분은 기타포괄손익으로 인식하며, 위험회피에 비효과적인 부분은 당기손익으로 인식하고\xa0 있습니다. 위험회피에 효과적이어서 기타포괄손익으로 인식한 부분은 향후 그 해외사업장을 처분하거나 그 해외사업장의 일부를 처분하는 시점에 기업회계기준서 제1021호\xa0 \'환율변동효과\'에 따라 재분류조정으로 기타포괄손익에서 당기손익으로 재분류합니다.\n(6) 재고자산재고자산의 취득원가는 매입원가, 전환원가 및 재고자산을 현재의 장소에 현재의 상태로 이르게 하는 데 발생한 기타 원가 모두를 포함하고 있으며, 재고자산의 단위원가는\xa0원재료와 저장품은 선입선출법, 완성주택과 미완성주택 및 용지는 개별법을 사용하여\xa0결정하고 있습니다.재고자산은 취득원가와 순실현가능가치 중 낮은 금액으로 측정하고 있습니다. 순실현가능가치는 통상적인 영업과정의 예상 판매가격에서 예상되는 추가 완성원가와 판매비용을 차감한 금액으로서\xa0 매 후속기간에 순실현가능가치를\xa0 재평가하고 있습니다. 재고자산의 판매시 관련된 수익을 인식하는 기간에 재고자산의 장부금액을 비용으로인식하고 있으며 재고자산을 순실현가능가치로 감액한 평가손실과 모든 감모손실은 감액이나 감모가 발생한 기간에 비용으로 인식하며, 순실현가능가치의 상승으로 인한 재고자산 평가손실의 환입은 환입이 발생한 기간의 비용으로 인식된 재고자산 금액의 차감액으로 인식하고 있습니다. \n(7) 투자부동산투자부동산은 임대수익이나 시세차익 또는 두 가지 모두를 얻기 위하여 회사가\xa0 보유하고 있는 부동산으로서 최초 인식시점에 원가로 측정하고 거래원가는 최초 측정에 포함하고 있습니다.\xa0최초 인식 이후 투자부동산은 취득원가에서 감가상각누계액과 손상차손누계액을 차감한 금액을 장부금액으로 표시하고 있습니다.후속원가는 자산으로부터 발생하는 미래경제적효익이 유입될 가능성이 높으며, 자산의 원가를 신뢰성 있게 측정할 수 있는 경우 자산의 장부금액에 포함하거나 적절한 경우 별도의 자산으로 인식하고 있으며, 일상적인 수선ㆍ유지와 관련하여 발생하는 원가는 발생시점에 당기손익으로 인식하고 있습니다.투자부동산 중 토지에 대해서는 감가상각을 하지 않으며, 토지를 제외한 투자부동산은 경제적 내용연수에 따라 40년을 적용하여 정액법으로 상각하고 있습니다. 투자부동산의 감가상각방법, 잔존가치 및 내용연수는 매 보고기간말에 재검토하고 있으며, 이를 변경하는 것이 적절하다고 판단되는 경우 회계추정의 변경으로 회계처리하고 있습니다.부동산의 용도가 변경되는 경우에만 투자부동산의 대체가 발생하고 있으며 투자부동산, 자가사용부동산, 재고자산 사이에 대체가 발생할 때에 대체 전 자산의 장부금액을 승계하고 있습니다.투자부동산을 처분하거나, 투자부동산의 사용을 영구히 중지하고 처분으로도 더 이상의 경제적효익을 기대할 수 없는 경우에는 재무상태표에서 제거하고 있으며, 투자부동산의 폐기나 처분으로 발생하는 손익은 순처분금액과 장부금액의 차액이며 폐기나 처분이 발생한 기간에 당기손익으로 인식(판매후리스계약은 기업회계기준서\xa0 \xa0\xa0 제1116호를 적용하여 처분손익으로 인식)하고 있습니다.\n(8) 유형자산유형자산은 최초 인식시점에 원가로 측정하고\xa0최초 인식 이후 취득원가에서 감가상각누계액과 손상차손누계액을 차감한 금액을 장부금액으로 표시하고 있습니다.\xa0유형자산의 원가는\xa0관세 및 환급불가능한 취득 관련 세금을 가산하고 매입할인과 리베이트 등을 차감한 구입가격, 경영진이 의도하는 방식으로 자산을 가동하는 데 필요한 장소와 상태에 이르게 하는 데 직접 관련되는 원가와 자산을 해체, 제거하거나 부지를 복구하는 데 소요될 것으로 최초에 추정되는 원가로 구성되고 있습니다.\xa0 \n후속원가는 자산으로부터 발생하는 미래경제적효익이 유입될 가능성이 높으며, 자산의 원가를 신뢰성 있게 측정할 수 있는 경우 자산의 장부금액에 포함하거나 적절한 경우 별도의 자산으로 인식하고 있으며, 일상적인 수선ㆍ유지와 관련하여 발생하는 원가는 발생시점에 당기손익으로 인식하고 있습니다.유형자산 중 토지에 대해서는 감가상각을 하지 않으며, 토지를 제외한 유형자산은 아래의 내용연수와 감가상각방법을 적용하여 감가상각하고 있습니다.\xa0\n구\xa0 \xa0 \xa0 \xa0 분\n내\xa0 용\xa0 연\xa0 수\n감가상각방법\n건\xa0 \xa0 \xa0 \xa0 물\n40년\n정액법\n건물부속시설\n20년\n정액법\n구\xa0 축\xa0 물\n20년\n정액법\n기타유형자산\n5년\n정액법\n유형자산을 구성하는 일부의 원가가 당해 유형자산의 전체원가에 비교하여 유의적이라면 해당 유형자산을 감가상각할 때 그 부분은 별도로 구분하여 감가상각하고 있습니다.\xa0\n유형자산의 감가상각방법, 잔존가치 및 내용연수는 매 보고기간말에 재검토하고 있으며, 이를 변경하는 것이 적절하다고 판단되는 경우 회계추정의 변경으로 회계처리하고 있습니다.유형자산의 장부금액은 처분하는 때, 사용이나 처분을 통하여 미래경제적효익이 기대되지 않을 때 제거하고 있으며 제거로 인하여 발생하는 손익은 자산을 제거할 때 당기손익으로 인식하고 있습니다. (9) 무형자산회사는 자산에서 발생하는 미래경제적효익이 기업에 유입될 가능성이 높고 자산의 원가를 신뢰성 있게 측정할 수 있는 경우에 무형자산으로 인식하고 있으며, 최초 인식 후에 무형자산은 원가에서 상각누계액과 손상차손누계액을 차감한 금액을 장부금액으로 하고 있습니다. 1) 개별취득개별 취득하는 무형자산의 원가는 구입가격(매입할인과 리베이트를 차감하고 수입관세와 환급받을 수 없는 제세금을 포함)과 자산을 의도한 목적에 사용할 수 있도록 준비하는 데 직접 관련되는 원가로 구성되고 있습니다.\xa0\r\n2) 영업권사업결합과 관련하여 이전대가, 피취득자에 대한 비지배지분의 금액 및 단계적으로 이루어지는 사업결합의 경우 회사가 이전에 보유하고 있던 피취득자에 대한 지분의 취득일의 공정가치의 합계금액이 취득일의 식별가능한 취득 자산과 인수 부채의 순액을 초과하는 경우 그 초과금액을 영업권으로 인식하고 있습니다. 3) 사업결합으로 인한 취득사업결합으로 취득하는 영업권과 분리하여 인식하는 무형자산의 취득원가는 취득일의 공정가치로 측정하고 있습니다. 4) 내부적으로 창출한 무형자산연구(또는 내부 프로젝트의 연구단계)에서 발생한 지출은 발생시점에 비용으로 인식하고 있으며, 무형자산을 사용하거나 판매하기 위해 그 자산을 완성할 수 있는 기술적 실현가능성, 무형자산을 완성하여 사용하거나 판매하려는 기업의 의도, 무형자산을 사용하거나 판매할 수 있는 기업의 능력, 무형자산이 미래경제적효익을 창출하는 방법, 무형자산의 개발을 완료하고 그것을 판매하거나 사용하는 데 필요한 기술적, 재정적 자원 등의 입수가능성, 개발과정에서 발생한 무형자산 관련 지출을 신뢰성 있게 측정할 수 있는 기업의 능력을 모두 제시할 수 있는 경우에만 개발활동(또는 내부 프로젝트의 개발단계)에서 발생한 무형자산을 인식하고 있습니다. 내부적으로 창출한 무형자산의 원가는 무형자산의 인식기준을 최초로 충족시킨 이후에 발생한 지출금액의 합으로 하며 그 자산의 창출, 제조 및 경영자가 의도하는 방식으로 운영될 수 있게 준비하는 데 필요한 직접 관련된 모든 원가를 포함하고 있습니다. 내부적으로 창출한 영업권은 자산으로 인식하지 아니하고 있습니다. 5) 내용연수 및 상각내용연수가 유한한 무형자산의 경우 상각대상금액은 자산이 사용가능한 때부터 내용연수동안\xa0정액법으로\xa0배분하고 있습니다. 상각대상금액은 잔존가치를 차감하여 결정하고 있으며,\xa0 잔존가치는 내용연수 종료 시점에 제 3자가 자산을 구입하기로 한 약정이 있거나, 무형자산의 활성시장이 있어 잔존가치를 그 활성시장에 기초하여 결정할 수 있고 그러한 활성시장이 내용연수 종료 시점에 존재할 가능성이 높은 경우를 제외하고는 영(0)으로 하고 있습니다. 내용연수가 유한한 무형자산의 상각기간과 상각방법은 매 보고기간말에 재검토하고 있으며 이를 변경하는 것이 적절하다고 판단되는 경우 회계추정의 변경으로 회계처리하고 있습니다.내용연수가 비한정인 무형자산은 상각하지 아니하며, 매 보고기간말 혹은 손상을 시사하는 징후가 있을 때 회수가능액과 장부금액을 비교하여 손상검사를 수행하고 있습니다. 무형자산의 내용연수가 비한정이라는 평가를 계속하여 정당화하는지를 매 보고기간말에 재검토하여 적절하지 않은 경우 회계추정의 변경으로 처리하고 있습니다. \n무형자산은 아래의 내용연수와 상각방법을 적용하고 있습니다.\xa0\n구\xa0 \xa0 \xa0 \xa0 분\n내 용 연 수\n상각방법\n회\xa0\xa0 원\xa0\xa0 권\n비한정\n-\n6) 무형자산의 제거무형자산은 처분하는 때, 사용이나 처분으로부터 미래경제적효익이 기대되지 않을 때 재무상태표에서 제거하며 무형자산의 제거로 인하여 발생하는 이익이나 손실은 순매각가액과 장부금액의 차이로 결정하고 자산을 제거할 때 당기손익으로 인식하고있습니다. \n(10) 차입원가회사는 의도된 용도로 사용하거나 판매가능한 상태에 이르게 하는 데 상당한 기간을 필요로 하는 적격자산의 취득, 건설 또는 생산과 직접 관련된 차입원가는 당해 자산 원가의 일부로 자본화하고 있으며 기타 차입원가는 발생기간에 비용으로 인식하고 있습니다. 적격자산을 취득하기 위한 목적으로 특정하여 차입한 자금에 한하여 회계기간동안 그 차입금으로부터 실제 발생한 차입원가에서 당해 차입금의 일시적 운용에서 생긴 투자수익을 차감한 금액을 자본화가능차입원가로 결정하고 있습니다. 일반적인 목적으로 자금을 차입하고 이를 적격자산의 취득을 위해 사용하는 경우에 한하여 당해 자산관련 지출액에 자본화이자율을 적용하는 방식으로 자본화가능차입원가를 결정하고 있으며, 자본화이자율은\xa0회계기간에 존재하는 기업의 차입금(적격자산을 취득하기 위해 특정 목적으로 차입한 자금 제외)에서\xa0발생된 차입원가를\xa0가중평균하여 산정하며 회계기간동안 자본화한 차입원가는 당해 기간동안 실제 발생한 차입원가를 초과할 수 없습니다.\xa0\n(11) 리스리스는 리스제공자가 대가와 교환하여 식별되는 자산의 사용 통제권을 일정기간 동안 리스이용자에게 이전하는 계약입니다. 회사는 계약의 약정시점에, 계약 자체가 리스인지, 계약이 리스를 포함하는지를 판단합니다. \n리스이용자 및 리스제공자는 리스계약이나 리스를 포함하는 계약에서 계약의 각 리스요소를 리스가 아닌 요소(이하\'비리스요소\'라고 함)와 분리하여 리스로 회계처리합니다. 다만, 회사는 리스이용자로서의 회계처리에서 실무적 간편법을 적용하여 비리스요소를 리스요소와 분리하지 않고 각 리스요소와 관련 비리스요소를 하나의 리스요소로 회계처리합니다.\n회사는 리스개시일에 기초자산을 사용할 권리를 나타내는 사용권자산과 리스료를 지급할 의무를 나타내는 리스부채를 인식합니다. 다만 회사는 단기리스와 소액기초자산리스에 대하여 리스이용자의 인식, 측정 및 표시 규정을 적용하지 않는 예외규정을선택하였습니다.\n사용권자산은 리스개시일에 원가로 측정하고, 후속적으로 원가에서 감가상각누계액과 손상차손누계액을 차감하고, 리스부채의 재측정에 따른 조정을 반영하여 측정합니다. 또한 사용권자산은 리스개시일부터 사용권자산의 내용연수 종료일과 리스기간종료일 중 이른 날까지 감가상각합니다. 사용권자산은 재무상태표에 \'유형자산\'으로 분류합니다.\n리스부채는 리스개시일 현재 지급되지 않은 리스료의 현재가치로 측정됩니다. 리스의 내재이자율을 쉽게 산정할 수 있는 경우에는 그 이자율로 리스료를 할인하며 그 이자율을 쉽게 산정할 수 없는 경우에는 리스이용자의 증분차입이자율을 사용합니 다. 리스부채는 후속적으로 리스부채에 대한 이자비용만큼 증가하고, 지급한 리스료를 반영하여 감소합니다. 잔존가치보증에 따라 지급할 것으로 예상되는 금액의 변동,지수나 요율(이율)의 변 동, 리스기간의 변경, 매수선택권이나 연장선택권의 행사여부평가의 변동에 따라 미래 리스료가 변경되는 경우에 리스부채를 재측정합니다. 리스부채는 재무상태표에\xa0\xa0 \'유동성장기부채\' 또는 \'장기차입금\'으로 분류합니다.\n단기리스(리스개시일에 리스기간이 12개월 이하인 리스)와 소액자산리스의 경우 예외 규정을 선택하여 리스료를 리스기간에 걸쳐 정액기준으로 비용을 인식합니다.\xa0\n(12) 충당부채충당부채는 과거사건의 결과로 현재의무가 존재하고, 당해 의무를 이행하기 위하여 경제적효익을 갖는 자원이 유출될 가능성이 높으며 당해 의무의 이행에 소요되는 금액을 신뢰성 있게 추정할 수 있는 경우에 인식하고 있습니다. 충당부채로 인식하는 금액은 현재의무를 보고기간말에 이행하기 위하여 소요되는 지출에 대한 최선의 추정치로서 최선의 추정치를 구할 때에는 관련된 사건과 상황에 대한 불가피한 위험과 불확실성을 고려하고 있습니다. 화폐의 시간가치 효과가 중요한 경우 충당부채는 의무를 이행하기 위하여 예상되는 지출액의 현재가치로 평가하고 있으며 할인율은 부채의 고유한 위험과 화폐의 시간가치에 대한 현행 시장의 평가를 반영한 세전 이율이며 이 할인율에 반영되는 위험에는 미래 현금흐름을 추정할 때 고려된 위험은 반영하지 아니하고 있습니다. 현재의무를 이행하기 위하여 소요되는 지출 금액에 영향을 미치는 미래사건이 발생할 것이라는 충분하고 객관적인 증거가 있는 경우에는 그러한 미래사건을 감안하여 충당부채 금액을 추정하고 있으며, 자산의 예상처분이익은 충당부채를 측정하는 데 고려하지 아니하고 있습니다. 충당부채를 결제하기 위하여 필요한 지출액의 일부 또는 전부를 제 3자가 변제할 것이 예상되는 경우 회사가 의무를 이행한다면 변제를 받을 것이 거의 확실하게 되는 때에 한하여 변제금액을 인식하고 별도의 자산으로 회계처리하고 있으며 자산으로 인식하는 금액은 관련 충당부채 금액을 초과할 수 없습니다. 매 보고기간말마다 충당부채의 잔액을 검토하고, 보고기간말 현재 최선의 추정치를 반영하여 조정하며 의무이행을 위하여 경제적효익을 갖는 자원이 유출될 가능성이 더 이상 높지 아니한 경우에는 관련 충당부채를 환입하고 있습니다. 충당부채는 최초인식과 관련있는 지출에만 사용하고 있습니다. \n(13) 자기주식회사가 자기지분상품을 재취득하는 경우 이러한 지분상품은 자본에서 자기주식의 과목으로 하여 차감하고 있습니다. 자기지분상품을 매입 또는 매도하거나 발행 또는 소각하는 경우의 손익은 당기손익으로 인식하지 아니하고 있습니다. (14) 수익\n회사는 기업회계기준서 제1115호 \'고객과의 계약에서 생기는 수익\'의 적용범위에 포함되는 고객과의 모든 계약에 5단계 수익인식모형(① 계약 식별 → ② 수행의무 식별 → ③ 거래가격 산정 → ④ 거래가격을 수행의무에 배분 →⑤ 수행의무 이행 시 수익 인식)을 적용하여 수익을 인식합니다. \n1) 수행의무의 식별회사는 토목 및 건축 등 도급공사와 아파트 건설 및 분양사업을 영위하고 있습니다. 회사는 ① 고객이 재화나 용역 그 자체에서 효익을 얻거나 고객이 쉽게 구할 수 있는 다른 자원과 함께하여 그 재화나 용역에서 효익을 얻을 수 있고, ② 고객에게 재화나 용역을 이전하기로 하는 약속을 계약 내의 다른 약속과 별도로 식별해 낼 수 있다면 구별되는 별도의 수행의무로 식별합니다.\xa0\n2) 한 시점에 이행하는 수행의무\n재화의 판매에 따른 수익은 자산을 이전하여 수행의무를 이행할 때 인식하고 있으며,한 시점에 이행하는 수행의무는 고객에게 재화나 용역에 대한 통제를 이전하는 시점에 이행되고 있습니다. 회사는 수행의무를 이행하는 시점을 판단하기 위한 통제 이전의 지표로 다음을 참고하고 있습니다. ① 기업은 자산에 대해 현재 지급청구권이 있다② 고객에게 자산의 법적 소유권이 있다③ 기업이 자산의 물리적 점유를 이전하였다④ 자산의 소유에 따른 유의적인 위험과 보상이 고객에게 있다⑤ 고객이 자산을 인수하였다\n3) 기간에 걸쳐 이행하는 수행의무회사는 다음 기준 중 어느 하나를 충족하는 경우 재화나 용역에 대한 통제를 기간에 걸쳐 이전하므로, 기간에 걸쳐 수행의무를 이행하는 것으로 보아 기간에 걸쳐 수익을인식하고 있습니다.① 고객은 기업이 수행하는 대로 기업의 수행에서 제공하는 효익을 동시에 얻고 소비한다② 기업이 수행하여 만들어지거나 가치가 높아지는 대로 고객이 통제하는 자산을 기업이 만들거나 그 자산 가치를 높인다③ 기업이 수행하여 만든 자산이 기업 자체에는 대체 용도가 없고 지금까지 수행을 완료한 부분에 대해 집행 가능한 지급청구권이 기업에 있다\n4) 투입법을 이용한 진행률 측정\n회사는 기간에 걸쳐 이행하는 수행의무에는 투입법으로 진행률 측정방법을 적용하고있습니다. 고객에게 재화나 용역에 대한 통제를 이전하는 과정에서 기업의 수행 정도를 나타내지 못하는 투입물의 영향은 투입법에서 제외하고 있습니다. 또한, 수행의무의 산출물을 합리적으로 측정할 수 없으나 원가는 회수될 것으로 예상한다면, 산출물을 합리적으로 측정할 수 있을 때까지 발생원가 범위에서만 수익을 인식하고 있습니다. 한편, 계약 개시 시점에 재화가 구별되지 않고, 고객이 재화와 관련된 용역을 제공받는 때 보다 유의적으로 이른 시점에 그 재화를 통제할 것으로 예상되며, 이전되는 재화의 원가가 수행의무를 완전히 이행하기 위해 예상되는 총 원가와 비교하여 유의적인데다, 기업이 제삼자에게서 재화를 조달받고 그 재화의 설계와 생산에 유의적으로 관여하지 않는다고 예상한다면, 수행의무를 이행하기 위해 사용한 재화의 원가와 동일한 금액을 수익으로 인식하고 있습니다.\n5) 변동대가\n회사는 계약에서 약속한 대가에 변동금액이 포함된 경우에 고객에게 약속한 재화나 용역을 이전하고 그 대가로 받을 권리를 갖게 될 금액을 추정하고 있습니다. 대가는 할인(discount), 리베이트, 환불, 공제(credits), 가격할인(price concessions), 장려금(incentives), 성과보너스, 위약금이나 그 밖의 비슷한 항목 때문에 변동될 수 있습니다. 회사가 대가를 받을 권리가 미래 사건의 발생 여부에 달려있는 경우에도 약속한 대가는 변동될 수 있습니다. 예를 들면 반품권을 부여하여 제품을 판매하거나 특정 단계에 도달해야 고정금액의 성과보너스를 주기로 약속한 경우에 대가는 변동될 수 있습니다.\n6) 유의적인 금융요소회사는 거래가격을 산정할 때, 계약당사자들 간에 합의한 지급시기 때문에 고객에게재화나 용역을 이전하면서 유의적인 금융 효익이 고객이나 기업에 제공되는 경우에는 화폐의 시간가치가 미치는 영향을 반영하여 약속된 대가를 조정하고 있습니다.다만, 계약을 개시할 때 기업이 고객에게 약속한 재화나 용역을 이전하는 시점과 고객이 그에 대한 대가를 지급하는 시점 간의 기간이 1년 이내일 것이라고 예상한다면 유의적인 금융요소의 영향을 반영하여 약속한 대가(금액)를 조정하지 않는 실무적 간편법을 적용하고 있습니다.\n7) 거래가격의 배분\n회사는 하나의 계약에서 식별된 여러 수행의무에 상대적 개별 판매가격을 기초로 거래가격을 배분합니다.\xa0\n8)\xa0계약자산 및 계약부채\n계약자산은 기업이 고객에게 이전한 재화나 용역에 대하여 그 대가를 받을 기업의 권리이며, 계약부채는 기업이 고객에게서 이미 받은 대가(또는 지급기일이 된 대가)에 상응하여 고객에게 재화나 용역을 이전하여야 하는 기업의 의무로 정의됩니다. 회사는 한 계약에서 발생한 계약자산과 계약부채는 상계하여 순액으로 재무상태표에 표시하고 있습니다.\n(15) 종업원급여1) 단기종업원급여단기종업원급여는 임금, 사회보장분담금, 종업원이 관련 근무용역을 제공하는 회계기간의 말부터 12개월 이내에 결제될 유급연차휴가 또는 유급병가 등과 같은 단기유급휴가, 종업원이 관련 근무용역을 제공하는 회계기간의 말부터 12개월 이내에 지급될 이익분배금과 상여금 및 현직종업원을 위한 비화폐성급여를 포함하고 있습니다. 종업원이 회계기간에 근무용역을 제공한 때 근무용역과 교환하여 지급이 예상되는 단기종업원급여의 할인되지 않은 금액을 이미 지급한 금액을 차감한 후 미지급비용으로 인식하며, 이미 지급한 금액이 해당 급여의 할인되지 않은 금액보다 많은 경우에는 그 초과액 때문에 미래 지급액이 감소하거나 현금이 환급되는 만큼을 선급비용으로\xa0인식하며,\xa0다른 한국채택국제회계기준서에 따라 해당 급여를 자산의 원가에 포함하는 경우를 제외하고는 비용으로 인식하고 있습니다.\xa0\n2) 퇴직급여회사는 확정급여형 퇴직급여제도로서\xa0순확정급여부채로 인식하는 금액은 보고기간말 현재 확정급여채무의\xa0현재가치에서 관련 확정급여채무를\xa0직접 결제하는 데 사용할 수 있는 사외적립자산의 보고기간말 현재 공정가치를 차감한 금액이며, 확정급여채무는 매년 독립적인 보험계리법인에 의해 예측단위적립방식에 따라 산정하고 있습니다. 확정급여채무의 현재가치는 급여가 지급될 통화로 표시되고 관련 확정급여부채의 지급시점과 만기가 유사한\xa0우량회사채의\xa0시장수익률로 기대미래현금유출액을 할인하여 산정하고 있습니다.확정급여원가 중 근무원가와 순확정급여부채(자산)의 순이자는 당기손익으로 인식하며, 순확정급여부채(자산)의 재측정요소는 기타포괄손익으로 인식하고 있습니다. 한편, 기타포괄손익에 인식되는 순확정급여부채(자산)의 재측정요소는 후속기간에 당기손익으로 재분류하지 아니하고 있습니다. 부의\xa0순확정급여부채인\xa0순확정급여자산은\xa0 제도로부터 환급받거나 제도에 대한 미래기여금이 절감되는 방식으로 이용가능한 경제적효익의 현재가치의 합계를 한도로 인식하고 있습니다. 회사가 급여를 과거근무용역에 귀속시키는 확정급여제도를 새로 도입하거나 기존의 확정급여제도에서 과거근무용역에 대하여 지급해야 하는 급여를 변경하는 경우 발생하는 과거근무원가는 제도개정으로 인하여 발생하는 부채의 변동금액으로\xa0측정하고 즉시 비용으로 인식하고 있습니다. 3) 기타장기종업원급여기타장기종업원급여는 종업원이 관련 근무용역을 제공한 회계기간의 말부터 12개월이 지난 후에 결제될 것으로 예상되는 장기유급휴가, 그 밖의 장기근속급여, 장기장애급여, 이익분배금과 상여금, 이연보상을 포함하고 있습니다. 기타장기종업원급여와 관련하여 부채로 인식할 금액은 보고기간말 현재 확정급여채무의 현재가치에서 관련 확정급여채무를 직접 결제하는 데 사용할 수 있는 사외적립자산의 보고기간말 현재 공정가치를 차감하여 인식하고 있습니다. 4) 해고급여해고급여에 대한 부채와 비용은 회사가 해고급여의 제안을 더 이상 철회할 수 없을 때와 기업회계기준서 제1037호 \'충당부채, 우발부채, 우발자산\'의 적용범위에 포함되고 해고급여의 지급을 수반하는 구조조정에 대한 원가를 인식할 때 중 이른 날에 인식합니다. (16) 자산손상재고자산,\xa0기업회계기준서 제1115호 \'고객과의 계약에서 생기는 수익\'에 따라 인식하는 계약자산과 계약을 체결하거나 이행하기 위해 든 원가에서 생기는 자산,\xa0이연법인세자산, 종업원급여에서\xa0생기는\xa0자산,\xa0금융자산, 공정가치로 측정되는 투자부동산,매각예정비유동자산 등을 제외한 모든 자산의 손상은 아래의 방법으로 손상차손을 인식하고 있습니다. 내용연수가 비한정인 무형자산, 아직 사용할 수 없는 무형자산 및 사업결합으로 취득한 영업권에 대해서는 자산손상을 시사하는 징후가 있는지에 관계없이\xa0 매년\xa0 회수가능액을 추정하고 장부금액과 비교하여 손상검사를 하고 있으며, 그 외의 자산은 매 보고기간말마다 자산손상을 시사하는 징후가 있는지를 검토하고 그러한 징후가 있다면 개별 자산별로 회수가능액을 추정하며 개별 자산의 회수가능액을 추정할 수 없다면 그 자산이 속하는 현금창출단위의 회수가능액을 추정하고 있습니다. 자산의 회수가능액은 자산 또는 현금창출단위의 순공정가치와 사용가치 중 더 많은 금액으로 측정하고 있습니다. 자산의 회수가능액이 장부금액에 미달하는 경우 자산의 장부금액을 회수가능액으로 감소시키며, 손상차손은 즉시 당기손익으로 인식하고있습니다.\xa0\n손상검사 목적상 사업결합으로 취득한 영업권은 사업결합으로 인한 시너지효과의 혜택을 받게 될 것으로 기대되는 각 현금창출단위에 취득일로부터 배분되고 있습니다. 영업권이 배분된 현금창출단위에 대해서는 매년 그리고 손상을 시사하는 징후가 있을 때마다 영업권을 포함한 현금창출단위의 장부금액과 회수가능액을 비교하여 손상검사를 하고 있으며 현금창출단위의 장부금액이 회수가능액을 초과하는 경우에는 손상차손을 인식하고 있습니다. 현금창출단위의 손상차손은 우선 현금창출단위에 배분된 영업권의 장부금액을 감소시키고 그 다음 현금창출단위에 속하는 다른 자산에 각각 장부금액에 비례하여 배분하고 있습니다. 매 보고기간말마다 영업권을 제외한 자산에 대해 과거에 인식한 손상차손이 더 이상 존재하지 않거나 감소된 것을 시사하는 징후가 있는지를 검토하여 징후가 있는 경우 당해 자산의 회수가능액을 추정하고 있으며 직전 손상차손의 인식시점 이후 회수가능액을 결정하는 데 사용된 추정치에 변화가 있는 경우에만 환입하고 있습니다. 손상차손환입으로 증가된 장부금액은 과거에 손상차손을 인식하기 전 장부금액의 감가상각 또는 상각 후 잔액을 초과할 수 없으며,\xa0손상차손환입은 즉시 당기손익으로 인식하고 있습니다.\xa0현금창출단위의 손상차손환입은 현금창출단위를 구성하는 자산들(영업권 제외)의 장부금액에 비례하여 배분하며, 영업권에 대해 인식한 손상차손은 후속기간에 환입하지 않고 있습니다. (17) 법인세법인세비용(수익)은 당기법인세비용(수익)과 이연법인세비용(수익)으로 구성되고 있습니다. 당기법인세와 이연법인세는 수익이나 비용으로 인식하여 당기손익에 포함하고 있으며, 동일 회계기간 또는 다른 회계기간에 자본에 직접 가감되는 항목과 관련된 당기법인세와 이연법인세는 자본에 직접 가감하고 있습니다. 1) 당기법인세당기법인세는 회계기간의 과세소득(세무상결손금)에 대하여 납부할(환급받을) 법인세액이며, 과세소득(세무상결손금)은 과세당국이 제정한 법규에 따라 납부할(환급받을) 법인세를 산출하는 대상이 되는 회계기간의 이익(손실)으로서 포괄손익계산서의 손익과는 차이가 있습니다. 당기 및 과거기간의 당기법인세부채(자산)는 보고기간말까지 제정되었거나 실질적으로 제정된 세율(및 세법)을 사용하여,\xa0 과세당국에 납부할(과세당국으로부터 환급받을) 것으로 예상되는 금액으로 측정하고 있습니다.당기 및 과거기간의 당기법인세 중 납부되지 않은 부분을 부채로 인식하며, 과거기간에 납부하여야 할 금액을 초과해서 납부하였다면 그 초과금액은 자산으로 인식하고 있으며, 과거 회계기간의 당기법인세에 대하여 소급공제가 가능한 세무상결손금과 관련된 혜택은 자산으로 인식하고 있습니다. 2) 이연법인세회사는 모든 가산할 일시적차이에 대하여 이연법인세부채를 인식하고 있습니다. 다만 영업권을 최초로 인식하는 경우와 자산·부채가 최초로 인식되는 거래가 사업결합거래가 아니고 거래 당시의 회계이익이나 과세소득(세무상결손금)에 영향을 미치지 아니하는 거래인 경우 및 종속기업·지점 및 관계기업에 대한 투자자산\xa0그리고\xa0공동약정투자지분과 관련된 가산할 일시적차이에 대하여 지배기업· 투자자 또는\xa0참여자가 일시적차이의 소멸시점을 통제할 수 있고 예측가능한 미래에 일시적차이가 소멸하지 않을 가능성이 높을 경우에 발생하는 이연법인세부채는 인식하지 아니하고 있습니다.\xa0\xa0 회사는 차감할 일시적차이가 사용될 수 있는 과세소득의 발생가능성이 높은 경우에 모든 차감할 일시적차이에 대하여 이연법인세자산을 인식하고 있습니다. 다만, 자산이나 부채를 최초로 인식할 때 발생하는 거래로 사업결합거래가 아니고 거래 당시 회계이익이나 과세소득(세무상결손금)에 영향을 미치지 않는 거래인 경우\xa0 및\xa0 종속기업·지점 및 관계기업에 대한 투자자산 그리고\xa0공동약정투자지분과 관련된 모든 차감할 일시적차이에 대하여 일시적차이가 예측가능한 미래에 소멸할 가능성이 높지않거나 일시적차이가 사용될 수 있는 과세소득이 발생할 가능성이 높지 않은 경우에는 이연법인세자산은 인식하지 아니하고 있습니다. 미사용 세무상결손금과 세액공제가 사용될 수 있는 미래 과세소득의 발생가능성이 높은 경우 그 범위 안에서 이월된 미사용 세무상결손금과 세액공제에 대하여 이연법인세자산을 인식하고 있습니다. 이연법인세자산의 장부금액은 매 보고기간말에 검토하며 이연법인세자산의 일부 또는 전부에 대한 혜택이 사용되기에 충분한 과세소득이 발생할 가능성이 더 이상 높지않다면 이연법인세자산의 장부금액을 감액시키고 감액된 금액은 사용되기에 충분한 과세소득이 발생할 가능성이 높아지면 그 범위 내에서 환입하고 있습니다. 이연법인세 자산과 부채는 보고기간말까지 제정되었거나 실질적으로 제정된 세율(및세법)에 근거하여 당해 자산이 실현되거나 부채가 결제될 회계기간에 적용될 것으로 기대되는 세율을 사용하여 측정하고 있으며 이연법인세 자산과 부채는 할인하지 아니하고 있습니다. 회사가 당기법인세자산과 당기법인세부채를 상계할 수 있는 법적으로 집행가능한 권리를 가지고 있으며 동일한 과세당국에 의해서 부과되는 법인세와 관련하여 이연법인세자산과 이연법인세부채를 상계하고 있습니다.\xa0\n(18) 주당이익회사는 기본주당이익과 희석주당이익을 보통주에 귀속되는 계속영업손익과 당기순손익에 대하여 계산하고 포괄손익계산서에 표시하고 있습니다. 기본주당이익은 보통주에 귀속되는 특정 회계기간의 당기순손익을 그 기간에 유통된보통주식수를 가중평균한 주식수로 나누어 계산하고 있으며, 보통주에 귀속되는 금액은 계속영업손익과 당기순손익 각각의 금액에서 자본으로 분류된 우선주에 대한 세후우선주 배당금,우선주 상환시 발생한 차액 및 유사한 효과를 조정한 금액입니다.희석주당이익은 모든 희석효과가 있는 잠재적보통주의 영향을 고려하여 보통주에 귀속되는 당기순손익 및 가중평균유통보통주식수를 조정하여 계산하고 있습니다.\xa0 (19) 매각예정비유동자산비유동자산(또는 처분자산집단)의 장부금액이 계속사용이 아닌 매각거래를 통하여 주로 회수될 것이라면 이를 매각예정으로 분류하며 순공정가치와 장부금액 중 작은 금액으로 측정하고, 그 자산은 감가상각(또는 상각)하지 아니하고 있습니다. 매각예정으로 분류된 비유동자산은 다른 자산과 별도로 재무상태표에 표시하며 매각예정으로 분류된 처분자산집단에 포함되는 자산이나 부채는 다른 자산이나 부채와 별도로 재무상태표에 표시하고 있습니다.\xa0\n(20) 중단영업회사는 별도의 주요 사업계열이나 영업지역을 처분하거나 매각예정으로 분류되는 경우 등을 중단영업으로 분류하고 있으며, 중단영업이 있는 경우 세후 중단영업손익 등을 포괄손익계산서에 단일금액으로 표시하고 중단영업의 수익, 비용 및 세전 중단영업손익 등을 공시하고 있습니다. 또한, 회사는 비교표시되는 과거재무제표에 중단영업관련 공시사항을 다시 표시하고 있습니다.(21) 오류수정특정기간에 미치는 오류의 영향이나 오류의 누적효과를 실무적으로 결정할 수 없는 경우를 제외하고는 중요한 전기오류가 발견된 이후 최초로 발행을 승인하는 재무제표에 오류가 발생한 과거기간의 재무제표가 비교표시되는 경우 그 재무정보를 재작성하고 있습니다.\n(22) 중요한 회계추정 및 판단재무제표의 작성시 경영진은 회계정책의 적용이나 자산, 부채, 수익, 비용의 장부금액 및 우발부채의 금액에 영향을 미칠 수 있는 판단과 추정 및 가정을 하여야 합니다.보고기간말 현재 이러한 추정치는 경영진의 최선의 판단 및 추정에 따라 이루어지고 있으며 추정치와 추정에 대한 가정은 지속적으로 검토되고 있으나 향후 경영환경의 변화에 따라 실제 결과와는 중요하게 다를 수도 있습니다.2020년도 중 COVID-19의 확산은 국내외 경제에 중대한 영향을 미치고 있습니다. 이는 생산성 저하와 매출의 감소나 지연, 기존 채권의 회수 등에 부정적인 영향을 미칠 수 있으며 이로 인해 회사의 재무상태와 재무성과에도 부정적인 영향이 발생할 수있습니다. 재무제표 작성시 사용된 중요한 회계추정 및 가정은 COVID-19에 따른 불확실성의 변동에 따라 조정될 수 있으며, COVID-19로 인하여 회사의 사업, 재무상태 및 경영성과 등에 미칠 궁극적인 영향은 현재 예측할 수 없습니다.회계정책을 적용하는 과정에서 추정에 관련된 공시와는 별도로 재무제표에 인식되는금액에\xa0가장\xa0유의적인 영향을 미칠 수 있는 경영진이 내린 판단 및\xa0미래에 대한 가정과 보고기간말의 추정 불확실성과 관련하여 다음 회계연도에 자산과 부채의 장부금액에 대한 중요한 조정을 유발할 수 있는 유의적인 위험을 내포하고 있는 사항은 다음과 같습니다. \n1) 금융상품의 공정가치 측정공정가치 측정시 활성시장에서 공시되는 시장가격이 있는 경우에는 그 시장가격을 공정가치로 적용하나, 그러한 시장가격이 없는 경우에는 미래기대현금흐름과 할인율에 대한 경영자의 판단을 요구하는 평가기법을 이용하여 공정가치를 추정하고 있습니다.\n2) 상각후원가측정금융자산에 대한 대손충당금 설정상각후원가측정금융자산에 대한 손상차손금액을 산정하기 위해 현재 채권의 연령, 과거 대손경험 및 기타 경제ㆍ산업환경요인들을 고려하여 대손발생액을 추정하고 있습니다.\n3) 비금융자산의 손상회사는 매 보고기간말에 모든 비금융자산에 대하여 손상징후의 존재여부를 평가합니다. 비한정내용연수의 무형자산에 대해서는 매년 또는 손상징후가 있는 경우에 손상검사를 수행합니다. 기타 비금융자산에 대해서는 장부금액이 회수가능하지 않을 것이라는 징후가 있을 때 손상검사를 수행합니다. 사용가치를 계산하기 위하여 경영자는 해당 자산이나 현금창출단위로부터 발생하는 미래기대현금흐름을 추정하고 동 미래기대현금흐름의 현재가치를 계산하기 위한 적절한 할인율을 선택하여야 합니다.\n4) 퇴직급여제도퇴직급여제도의 원가는 보험수리적 평가방법을 이용하여 결정하고 이러한 보험수리적 평가방법의 적용을 위해서 할인율, 향후 급여증가율 등에 대한 가정을 세우는 것이 필요합니다. 퇴직급여제도는 장기간이라는 성격으로 인해 이러한 추정에 중요한 불확실성을 포함하고 있습니다.\xa0\n5) 충당부채회사는 주석 20에서 설명하는 바와 같이 당기말 현재 준공 후 하자보수와 관련한 충당부채와 관련하여 충당부채를 계상하고 있습니다. 이러한 충당부채는 과거 경험률에 기초한 추정에 근거하여 결정됩니다.\n6) 총공사수익 및 총공사원가에 대한 추정의 불확실성미청구공사 금액은 누적발생계약원가를 기준으로 측정하는 진행률의 영향을 받으며,총계약원가는 재료비, 노무비, 공사기간 등의 미래 예상치에 근거하여 추정하고 있습니다.\n7) 이연법인세이연법인세자산ㆍ부채의 인식과 측정은 경영진의 판단을 필요로 합니다. 특히, 이연법인세자산의 인식여부와 인식범위는 미래상황에 대한 가정과 경영진의 판단에 의해영향을 받게 됩니다.\n3. 금융상품의 범주 및 상계(1) 금융자산의 범주<당기>\xa0 \xa0 \xa0 \xa0 \xa0 \xa0 \xa0 \xa0 \xa0 \xa0 \xa0 \xa0 \xa0 \xa0 \xa0 \xa0 \xa0 \xa0 \xa0 \xa0 \xa0 \xa0 \xa0 \xa0 \xa0 \xa0 \xa0 \xa0 \xa0 \xa0 \xa0 \xa0 \xa0 \xa0 \xa0 \xa0 \xa0 \xa0 \xa0 \xa0 \xa0 \xa0 \xa0 \xa0 \xa0 \xa0 \xa0 \xa0 \xa0 \xa0 \xa0 (단위 : 천원)\n구\xa0\xa0 분\n당기손익-공정가치 측정금융자산\n상각후원가측정 금융자산\n기타포괄손익-공정가치측정금융자산\n합\xa0\xa0 계\n현금및현금성자산\n-\xa0\n241,150,114\xa0\n-\xa0\n241,150,114\xa0\n단기기타금융자산\n-\xa0\n-\xa0\n1,246,777\xa0\n1,246,777\xa0\n매출채권\n-\xa0\n18,466,085\xa0\n-\xa0\n18,466,085\xa0\n단기기타채권\n-\xa0\n11,247,294\xa0\n-\xa0\n11,247,294\xa0\n장기기타채권\n-\xa0\n28,757,089\xa0\n-\xa0\n28,757,089\xa0\n장기기타금융자산\n23,202,953\xa0\n1,039,822\xa0\n19,368,574\xa0\n43,611,349\xa0\n합\xa0\xa0 계\n23,202,953\xa0\n300,660,404\xa0\n20,615,351\xa0\n344,478,708\xa0\n<전기>\xa0 \xa0 \xa0 \xa0 \xa0 \xa0 \xa0 \xa0 \xa0 \xa0 \xa0 \xa0 \xa0 \xa0 \xa0 \xa0 \xa0 \xa0 \xa0 \xa0 \xa0 \xa0 \xa0 \xa0 \xa0 \xa0 \xa0 \xa0 \xa0 \xa0 \xa0 \xa0 \xa0 \xa0 \xa0 \xa0 \xa0 \xa0 \xa0 \xa0 \xa0 \xa0 \xa0 \xa0 \xa0 \xa0 \xa0 \xa0 \xa0 \xa0 \xa0 (단위 : 천원)\n구\xa0\xa0 분\n당기손익-공정가치 측정금융자산\n상각후원가측정 금융자산\n기타포괄손익-공정가치측정금융자산\n합\xa0\xa0 계\n현금및현금성자산\n-\xa0\n152,757,713\xa0\n-\xa0\n152,757,713\xa0\n단기기타금융자산\n-\xa0\n100,000\xa0\n1,521,980\xa0\n1,621,980\xa0\n매출채권\n-\xa0\n64,396,011\xa0\n-\xa0\n64,396,011\xa0\n단기기타채권\n-\xa0\n47,321,736\xa0\n-\xa0\n47,321,736\xa0\n장기기타채권\n-\xa0\n92,200\xa0\n-\xa0\n92,200\xa0\n장기기타금융자산\n9,323,291\xa0\n1,202,633\xa0\n38,298,544\xa0\n48,824,468\xa0\n합\xa0\xa0 계\n9,323,291\xa0\n265,870,293\xa0\n39,820,524\xa0\n315,014,108\xa0\n(2) 금융부채의 범주\n<당기>\xa0 \xa0 \xa0 \xa0 \xa0 \xa0 \xa0 \xa0 \xa0 \xa0 \xa0 \xa0 \xa0 \xa0 \xa0 \xa0 \xa0 \xa0 \xa0 \xa0 \xa0 \xa0 \xa0 \xa0 \xa0 \xa0 \xa0 \xa0 \xa0 \xa0 \xa0 \xa0 \xa0 \xa0 \xa0 \xa0 \xa0 \xa0 \xa0 \xa0 \xa0 \xa0 \xa0 \xa0 \xa0 \xa0 \xa0 \xa0 \xa0 \xa0 \xa0 (단위 : 천원)\n구분\n당기손익-공정가치 측정금융부채\n상각후원가측정금융부채\n합\xa0\xa0 계\n매입채무\n-\xa0\n23,506,311\xa0\n23,506,311\xa0\n단기기타채무\n-\xa0\n5,561,414\xa0\n5,561,414\xa0\n유동성장기차입금\n-\xa0\n4,665,700\xa0\n4,665,700\xa0\n단기기타금융부채\n-\xa0\n3,445,352\xa0\n3,445,352\xa0\n장기기타채무\n-\xa0\n304,411\xa0\n304,411\xa0\n장기기타금융부채\n-\xa0\n3,842,970\xa0\n3,842,970\xa0\n합\xa0\xa0 계\n-\xa0\n41,326,158\xa0\n41,326,158\xa0\n<전기>\xa0 \xa0 \xa0 \xa0 \xa0 \xa0 \xa0 \xa0 \xa0 \xa0 \xa0 \xa0 \xa0 \xa0 \xa0 \xa0 \xa0 \xa0 \xa0 \xa0 \xa0 \xa0 \xa0 \xa0 \xa0 \xa0 \xa0 \xa0 \xa0 \xa0 \xa0 \xa0 \xa0 \xa0 \xa0 \xa0 \xa0 \xa0 \xa0 \xa0 \xa0 \xa0 \xa0 \xa0 \xa0 \xa0 \xa0 \xa0 \xa0 \xa0 \xa0 (단위 : 천원)\n구분\n당기손익-공정가치 측정금융부채\n상각후원가측정 금융부채\n합\xa0\xa0 계\n매입채무\n-\xa0\n39,087,012\xa0\n39,087,012\xa0\n단기기타채무\n-\xa0\n4,257,397\xa0\n4,257,397\xa0\n단기기타금융부채\n-\xa0\n4,794,077\xa0\n4,794,077\xa0\n장기기타채무\n-\xa0\n297,820\xa0\n297,820\xa0\n장기차입금\n-\xa0\n7,591,100\xa0\n7,591,100\xa0\n장기기타금융부채\n-\xa0\n1,502,690\xa0\n1,502,690\xa0\n합\xa0\xa0 계\n-\xa0\n57,530,096\xa0\n57,530,096\xa0\n(3) 금융상품 범주별 순손익<당기>\n\xa0 \xa0 \xa0 \xa0 \xa0 \xa0 \xa0 \xa0 \xa0 \xa0 \xa0 \xa0 \xa0 \xa0 \xa0 \xa0 \xa0 \xa0 \xa0 \xa0 \xa0 \xa0 \xa0 \xa0 \xa0 \xa0 \xa0 \xa0 \xa0 \xa0 \xa0 \xa0 \xa0 \xa0 \xa0 \xa0 \xa0 \xa0 \xa0 \xa0 \xa0 \xa0 \xa0 \xa0 \xa0 \xa0 \xa0 \xa0 \xa0 \xa0 \xa0 (단위 : 천원)\n구분\n수익(비용)\n기타포괄손익\n이자수익(비용)\n<금융자산>\n\u3000\n\u3000\n\u3000\n당기손익-공정가치측정금융자산\n528,021\xa0\n-\xa0\n-\xa0\n상각후원가측정금융자산\n(650,041)\n-\xa0\n1,779,286\xa0\n기타포괄손익-공정가치측정금융자산\n626,265\xa0\n(3,434,929)\xa0\n606,587\xa0\n합\xa0\xa0 계\n504,245\xa0\n(3,434,929)\xa0\n2,385,873\xa0\n<금융부채>\n\u3000\n\u3000\n\u3000\n상각후원가측정금융부채\n-\xa0\n-\xa0\n(122,547)\xa0\n합\xa0\xa0 계\n-\xa0\n-\xa0\n(122,547)\xa0\n<전기>\n\xa0 \xa0 \xa0 \xa0 \xa0 \xa0 \xa0 \xa0 \xa0 \xa0 \xa0 \xa0 \xa0 \xa0 \xa0 \xa0 \xa0 \xa0 \xa0 \xa0 \xa0 \xa0 \xa0 \xa0 \xa0 \xa0 \xa0 \xa0 \xa0 \xa0 \xa0 \xa0 \xa0 \xa0 \xa0 \xa0 \xa0 \xa0 \xa0 \xa0 \xa0 \xa0 \xa0 \xa0 \xa0 \xa0 \xa0 \xa0 \xa0 \xa0 \xa0 (단위 : 천원)\n구분\n수익(비용)\n기타포괄손익\n이자수익(비용)\n<금융자산>\n\u3000\n\u3000\n\u3000\n당기손익-공정가치측정금융자산\n(73,569)\n-\xa0\n-\xa0\n상각후원가측정금융자산\n(14,939,807)\n-\xa0\n1,654,356\xa0\n기타포괄손익-공정가치측정금융자산\n442,937\xa0\n(823,356)\xa0\n574,249\xa0\n합\xa0\xa0 계\n(14,570,439)\n(823,356)\xa0\n2,228,605\xa0\n<금융부채>\n\u3000\n\u3000\n\u3000\n상각후원가측정금융부채\n-\xa0\n-\xa0\n(210,437)\xa0\n합\xa0\xa0 계\n-\xa0\n-\xa0\n(210,437)\xa0\n4. 공정가치\n(1) 보고기간말 현재 금융상품의 종류별 장부금액과 공정가치의 비교내용은 다음과 같습니다.<당기>\n\xa0 \xa0 \xa0 \xa0 \xa0 \xa0 \xa0 \xa0 \xa0 \xa0 \xa0 \xa0 \xa0 \xa0 \xa0 \xa0 \xa0 \xa0 \xa0 \xa0 \xa0 \xa0 \xa0 \xa0 \xa0 \xa0 \xa0 \xa0 \xa0 \xa0 \xa0 \xa0 \xa0 \xa0 \xa0 \xa0 \xa0 \xa0 \xa0 \xa0 \xa0 \xa0 \xa0 \xa0 \xa0 \xa0 \xa0 \xa0 \xa0 \xa0 \xa0\xa0 (단위: 천원)\n\xa0 종\xa0 류\n장부금액\n공정가치\n<금융자산>\n\u3000\n\u3000\n\xa0 현금및현금성자산\n241,150,114\xa0\n241,150,114\xa0\n\xa0 수익증권\n23,202,953\xa0\n23,202,953\xa0\n\xa0 채무증권\n9,683,503\xa0\n9,683,503\xa0\n\xa0 지분상품\n10,931,848\xa0\n10,931,848\xa0\n\xa0 기타금융자산\n1,039,822\xa0\n1,039,822\xa0\n합\xa0\xa0 계\xa0\n286,008,240\xa0\n286,008,240\xa0\n<금융부채>\n\u3000\n\u3000\n\xa0 차입금\n4,665,700\xa0\n4,665,700\xa0\n\xa0 기타금융부채\n7,288,322\xa0\n7,288,322\xa0\n합\xa0\xa0 계\n11,954,022\xa0\n11,954,022\xa0\n(주) 매출채권 및 매입채무 중 단기성으로 장부금액이 공정가치에 상당히 가까운 경우 공정가치 공시에서 제외하였습니다.\n<전기>\n\xa0 \xa0 \xa0 \xa0 \xa0 \xa0 \xa0 \xa0 \xa0 \xa0 \xa0 \xa0 \xa0 \xa0 \xa0 \xa0 \xa0 \xa0 \xa0 \xa0 \xa0 \xa0 \xa0 \xa0 \xa0 \xa0 \xa0 \xa0 \xa0 \xa0 \xa0 \xa0 \xa0 \xa0 \xa0 \xa0 \xa0 \xa0 \xa0 \xa0 \xa0 \xa0 \xa0 \xa0 \xa0 \xa0 \xa0 \xa0 \xa0 \xa0 \xa0\xa0 (단위: 천원)\n\xa0 종\xa0 류\n장부금액\n공정가치\n<금융자산>\n\xa0 현금및현금성자산\n152,757,713\xa0\n152,757,713\xa0\n\xa0 수익증권\n9,323,291\xa0\n9,323,291\xa0\n\xa0 채무증권\n12,269,332\xa0\n12,269,332\xa0\n\xa0 지분상품\n26,647,790\xa0\n26,647,790\xa0\n\xa0 기타금융자산\n\xa0903,401\xa0\n\xa0903,401\xa0\n합\xa0\xa0 계\xa0\n201,901,527\xa0\n201,901,527\xa0\n<금융부채>\n\xa0 차입금\n7,591,100\xa0\n7,591,100\xa0\n\xa0 기타금융부채\n6,296,767\xa0\n6,296,767\xa0\n합\xa0\xa0 계\n13,887,867\xa0\n13,887,867\xa0\n(주) 매출채권 및 매입채무, 장단기기타채권 및 기타채무 중 장부금액이 공정가치에 상당히 가까운 경우 공정가치 공시에서 제외하였습니다.\n(2) 공정가치로 측정되는 자산·부채의 공정가치 측정치1) 공정가치 서열체계 및 측정방법\n공정가치란 측정일에 시장참여자 사이의 정상거래에서 자산을 매도할 때 받거나 부채를 이전할 때 지급하게 될 가격을 의미합니다. 공정가치 측정은 측정일에 현행 시장 상황에서 자산을 매도하거나 부채를 이전하는 시장참여자 사이의 정상거래에서의가격을 추정하는 것으로, 회사는 공정가치 평가시 시장정보를 최대한 사용하고, 관측가능하지 않은 변수는 최소한으로 사용하고 있습니다.\n회사는 공정가치로 측정되는 자산·부채를 공정가치 측정에 사용된 투입변수에 따라다음과 같은 공정가치 서열체계로 분류하였습니다. \n수준1 : 활성시장에서 공시되는 가격을 공정가치로 측정하는 자산·부채의 경우 동 자산·부채의 공정가치는 수준1로 분류됩니다.\xa0\n수준2 : 가치평가기법을 사용하여 자산·부채의 공정가치를 측정하는 경우, 모든 유의적인 투입변수가 시장에서 관측한 정보에 해당하면 자산·부채의 공정가치는 수준2로 분류됩니다.\xa0\n수준3 : 가치평가기법을 사용하여 자산·부채의 공정가치를 측정하는 경우, 하나 이상의 유의적인 투입변수가 시장에서 관측불가능한 정보에 해당하면 동 금융상품의 공정가치는 수준3으로 분류됩니다. \n자산·부채의 공정가치는 자체적으로 개발한 내부평가모형을 통해 평가한 값을 사용하거나 독립적인 외부평가기관이 평가한 값을 제공받아 사용하고 있습니다.\n2) 보고기간말 현재\xa0재무상태표에 공정가치로 측정되는\xa0자산·부채의 공정가치 서열체계별 공정가치 금액은 다음과 같습니다.\n<당기>\xa0 \xa0 \xa0 \xa0 \xa0 \xa0 \xa0 \xa0 \xa0 \xa0 \xa0 \xa0 \xa0 \xa0 \xa0 \xa0 \xa0 \xa0 \xa0 \xa0 \xa0 \xa0 \xa0 \xa0 \xa0 \xa0 \xa0 \xa0 \xa0 \xa0 \xa0 \xa0 \xa0 \xa0 \xa0 \xa0 \xa0 \xa0 \xa0 \xa0 \xa0 \xa0 \xa0 \xa0 \xa0 \xa0 \xa0 \xa0 \xa0 \xa0 \xa0 (단위 : 천원)\n구분\n장부금액\n공정가치\n수준1\n수준2\n수준3\n합\xa0\xa0 계\n<자산>\xa0\n\u3000\n\u3000\n\u3000\n\u3000\n\u3000\n당기손익-공정가치측정채무상품\n15,579,838\xa0\n-\xa0\n-\xa0\n15,579,838\xa0\n15,579,838\xa0\n당기손익-공정가치측정지분상품\n7,623,115\xa0\n-\xa0\n-\xa0\n7,623,115\xa0\n7,623,115\xa0\n기타포괄손익-공정가치측정채무상품\n9,683,503\xa0\n9,683,503\xa0\n-\xa0\n-\xa0\n9,683,503\xa0\n기타포괄손익-공정가치측정지분상품\n10,931,848\xa0\n3,449,458\xa0\n-\xa0\n7,482,390\xa0\n10,931,848\xa0\n합\xa0\xa0 계\n43,818,304\xa0\n13,132,961\xa0\n-\xa0\n30,685,343\xa0\n43,818,304\xa0\n<전기>\xa0 \xa0 \xa0 \xa0 \xa0 \xa0 \xa0 \xa0 \xa0 \xa0 \xa0 \xa0 \xa0 \xa0 \xa0 \xa0 \xa0 \xa0 \xa0 \xa0 \xa0 \xa0 \xa0 \xa0 \xa0 \xa0 \xa0 \xa0 \xa0 \xa0 \xa0 \xa0 \xa0 \xa0 \xa0 \xa0 \xa0 \xa0 \xa0 \xa0 \xa0 \xa0 \xa0 \xa0 \xa0 \xa0 \xa0 \xa0 \xa0 \xa0 \xa0 (단위 : 천원)\n구분\n장부금액\n공정가치\n수준1\n수준2\n수준3\n합\xa0\xa0 계\n<자산>\xa0\n당기손익-공정가치측정금융상품\n9,323,291\xa0\n-\xa0\n-\xa0\n9,323,291\xa0\n9,323,291\xa0\n기타포괄손익-공정가치측정채무상품\n12,269,332\xa0\n12,269,332\xa0\n-\xa0\n-\xa0\n12,269,332\xa0\n기타포괄손익-공정가치측정지분상품\n27,551,191\xa0\n4,204,154\xa0\n-\xa0\n23,347,037\xa0\n27,551,191\xa0\n합\xa0\xa0 계\n49,143,814\xa0\n16,473,486\xa0\n-\xa0\n32,670,328\xa0\n49,143,814\xa0\n(3) 공정가치 서열체계 수준3 관련 공시당기말 현재 재무상태표에서 공정가치로 측정된 자산·부채 중 공정가치 서열체계 수준3으로 분류된 항목의 가치평가기법, 투입변수 및 유의적이지만 관측가능하지않은 투입변수에 대한 범위 등은 다음과 같습니다.\n\xa0 \xa0 \xa0 \xa0 \xa0 \xa0 \xa0 \xa0 \xa0 \xa0 \xa0 \xa0 \xa0 \xa0 \xa0 \xa0 \xa0 \xa0 \xa0 \xa0 \xa0 \xa0 \xa0 \xa0 \xa0 \xa0 \xa0 \xa0 \xa0 \xa0 \xa0 \xa0 \xa0 \xa0 \xa0 \xa0 \xa0 \xa0 \xa0 \xa0 \xa0 \xa0 \xa0 \xa0 \xa0 \xa0 \xa0 \xa0 \xa0 \xa0 \xa0 (단위 : 천원)\n구분\n공정가치\n가치평가기법\n유의적이지만 관측가능하지 않은 투입변수\n유의적이지만 관측가능하지 않은 투입변수의 범위\n당기손익-공정가치측정채무상품\n15,579,838\xa0\n현금흐름 할인모형\n성장율\n영구성장율 : 0.00%\n할인율\n할인율 : 13.70%\n당기손익-공정가치측정지분상품\n7,623,115\xa0\nHull & White 모형\n할인율\n할인율 : 1.95~4.50%\n기타포괄손익-공정가치측정지분상품\n7,482,390\xa0\n현금흐름 할인모형\n성장율\n영구성장율 : 1.00%\n할인율\n할인율 : 10.33%\n합\xa0\xa0 계\n30,685,343\xa0\n\u3000\n\u3000\n\u3000\n(4) 보고기간말 현재 수준3에 해당하는 금융상품의 계정과목별 증감내역은 다음과 같습니다.\xa0 \xa0 \xa0 \xa0 \xa0 \xa0 \xa0 \xa0 \xa0 \xa0 \xa0 \xa0 \xa0 \xa0 \xa0 \xa0 \xa0 \xa0 \xa0 \xa0 \xa0 \xa0 \xa0 \xa0 \xa0 \xa0 \xa0 \xa0 \xa0 \xa0 \xa0 \xa0 \xa0 \xa0 \xa0 \xa0 \xa0 \xa0 \xa0 \xa0 \xa0 \xa0 \xa0 \xa0 \xa0 \xa0 \xa0 \xa0 \xa0 \xa0 \xa0 (단위 : 천원)\n구분\n당기\n전기\n기초\n32,670,328\xa0\n17,956,756\xa0\n취득\n660,000\xa0\n1,600,200\xa0\n처분/상환\n\xa0-\xa0\n(15,864,430)\xa0\n타계정에서 대체\n\xa0-\xa0\n28,977,802\xa0\n평가\n(2,644,985)\xa0\n\xa0-\xa0\n기말\n30,685,343\xa0\n32,670,328\xa0\n(5) 당기말 현재 유의적인 관측불가능 투입변수의 변동에 다른 민감도 분석 결과는 다음과 같습니다.\xa0 \xa0 \xa0 \xa0 \xa0 \xa0 \xa0 \xa0 \xa0 \xa0 \xa0 \xa0 \xa0 \xa0 \xa0 \xa0 \xa0 \xa0 \xa0 \xa0 \xa0 \xa0 \xa0 \xa0 \xa0 \xa0 \xa0 \xa0 \xa0 \xa0 \xa0 \xa0 \xa0 \xa0 \xa0 \xa0 \xa0 \xa0 \xa0 \xa0 \xa0 \xa0 \xa0 \xa0 \xa0 \xa0 \xa0 \xa0 \xa0 \xa0 \xa0 (단위 : 천원)\n구분\n공정가치\n투입변수의 변동내역\n유리한 변동\n불리한 변동\n당기손익-공정가치측정금융상품\n23,202,953\xa0\n할인율의 1% 변동\n172,774\xa0\n(166,380)\n기타포괄손익-공정가치측정지분상품\n7,482,390\xa0\n성장률의 1% 변동\n306,877\xa0\n(249,112)\n할인율의 1% 변동\n631,805\xa0\n(505,444)\n합\xa0\xa0 계\n30,685,343\xa0\n\u3000\n1,111,456\xa0\n(920,936)\n5. 현금및현금성자산현금및현금성자산의 내용은 다음과 같습니다.\xa0 \xa0 \xa0 \xa0 \xa0 \xa0 \xa0 \xa0 \xa0 \xa0 \xa0 \xa0 \xa0 \xa0 \xa0 \xa0 \xa0 \xa0 \xa0 \xa0 \xa0 \xa0 \xa0 \xa0 \xa0 \xa0 \xa0 \xa0 \xa0 \xa0 \xa0 \xa0 \xa0 \xa0 \xa0 \xa0 \xa0 \xa0 \xa0 \xa0 \xa0 \xa0 \xa0 \xa0 \xa0 \xa0 \xa0 \xa0 \xa0 \xa0\xa0 (단위 : 천원)\n구분\n당기\n전기\n현금\n37,082\xa0\n86,218\xa0\n예금\n241,113,032\xa0\n152,671,494\xa0\n합\xa0\xa0 계\n241,150,114\xa0\n152,757,712\xa0\n6. 매출채권 및 기타채권(1) 매출채권 및 기타채권의 내용은 다음과 같습니다. \xa0 \xa0 \xa0 \xa0 \xa0 \xa0 \xa0 \xa0 \xa0 \xa0 \xa0 \xa0 \xa0 \xa0 \xa0 \xa0 \xa0 \xa0 \xa0 \xa0 \xa0 \xa0 \xa0 \xa0 \xa0 \xa0 \xa0 \xa0 \xa0 \xa0 \xa0 \xa0 \xa0 \xa0 \xa0 \xa0 \xa0 \xa0 \xa0 \xa0 \xa0 \xa0 \xa0 \xa0 \xa0 \xa0 \xa0 \xa0 \xa0 \xa0 \xa0 (단위 : 천원)\n구분\n당기\n전기\n채권액\n손실충당금\n장부금액\n채권액\n손실충당금\n장부금액\n매출채권 :\n\u3000\n\u3000\n\u3000\n\u3000\n\u3000\n\u3000\n\xa0 외상매출금\n1,988,487\xa0\n(404)\xa0\n1,988,083\xa0\n3,218,218\xa0\n-\xa0\n3,218,218\xa0\n\xa0 받을어음\n4,037,500\xa0\n-\xa0\n4,037,500\xa0\n-\xa0\n-\xa0\n-\xa0\n\xa0 공사미수금\n14,270,604\xa0\n(1,850,079)\xa0\n12,420,525\xa0\n13,335,209\xa0\n(1,846,489)\xa0\n11,488,720\xa0\n\xa0 분양미수금\n233,377\xa0\n(213,400)\xa0\n19,977\xa0\n49,902,473\xa0\n(213,400)\xa0\n49,689,073\xa0\n소\xa0\xa0 계\n20,529,968\xa0\n(2,063,883)\xa0\n18,466,085\xa0\n66,455,900\xa0\n(2,059,889)\xa0\n64,396,011\xa0\n단기기타채권 :\n\u3000\n\u3000\n\u3000\n\u3000\n\u3000\n\u3000\n\xa0 단기대여금\n7,206,187\xa0\n-\xa0\n7,206,187\xa0\n37,805,887\xa0\n(3,370,011)\xa0\n34,435,876\xa0\n\xa0 미수금\n4,436,868\xa0\n(1,135,535)\xa0\n3,301,333\xa0\n13,222,233\xa0\n(1,033,865)\xa0\n12,188,368\xa0\n\xa0 미수수익\n739,773\xa0\n-\xa0\n739,773\xa0\n697,493\xa0\n-\xa0\n697,493\xa0\n소\xa0\xa0 계\n12,382,828\xa0\n(1,135,535)\xa0\n11,247,293\xa0\n51,725,613\xa0\n(4,403,876)\xa0\n47,321,737\xa0\n장기기타채권 :\n\u3000\n\u3000\n\u3000\n\u3000\n\u3000\n\u3000\n\xa0 장기대여금\n50,027,101\xa0\n(21,270,011)\xa0\n28,757,090\xa0\n14,992,200\xa0\n(14,900,000)\xa0\n92,200\xa0\n소\xa0\xa0 계\n50,027,101\xa0\n(21,270,011)\xa0\n28,757,090\xa0\n14,992,200\xa0\n(14,900,000)\xa0\n92,200\xa0\n합\xa0\xa0 계\n82,939,897\xa0\n(24,469,429)\xa0\n58,470,468\xa0\n133,173,713\xa0\n(21,363,765)\xa0\n111,809,948\xa0\n(2) 보고기간말 현재 매출채권에 대해 전체 기간 기대신용손실을 손실충당금(대손충당금)으로 인식하는 간편법을 적용하고 있으며, 매출채권의 신용위험정보의 세부내용은 다음과 같습니다.<당기>\xa0 \xa0 \xa0 \xa0 \xa0 \xa0 \xa0 \xa0 \xa0 \xa0 \xa0 \xa0 \xa0 \xa0 \xa0 \xa0 \xa0 \xa0 \xa0 \xa0 \xa0 \xa0 \xa0 \xa0 \xa0 \xa0 \xa0 \xa0 \xa0 \xa0 \xa0 \xa0 \xa0 \xa0 \xa0 \xa0 \xa0 \xa0 \xa0 \xa0 \xa0 \xa0 \xa0 \xa0 \xa0 \xa0 \xa0 \xa0 \xa0 \xa0 \xa0 (단위 : 천원)\n구 분\n연체된 일수\n미연체\n60일 미만\n60~120일\n121~150일\n150일 초과\n계\n총장부금액\n17,798,204\xa0\n67,642\xa0\n593,563\xa0\n10,670\xa0\n2,059,889\xa0\n20,529,968\xa0\n기대손실율\n0.00%\n0.04%\n0.60%\n3.31%\n100.00%\n\u3000\n전체기간기대손실\n47\xa0\n26\xa0\n3,568\xa0\n353\xa0\n2,059,889\xa0\n2,063,883\xa0\n순장부금액\n17,798,157\xa0\n67,616\xa0\n589,995\xa0\n10,317\xa0\n-\xa0\n18,466,085\xa0\n(3)\xa0보고기간말 현재 매출채권의 손실충당금(대손충당금)의 변동내용은 다음과 같습니다.\n<당기>\xa0 \xa0 \xa0 \xa0 \xa0 \xa0 \xa0 \xa0 \xa0 \xa0 \xa0 \xa0 \xa0 \xa0 \xa0 \xa0 \xa0 \xa0 \xa0 \xa0 \xa0 \xa0 \xa0 \xa0 \xa0 \xa0 \xa0 \xa0 \xa0 \xa0 \xa0 \xa0 \xa0 \xa0 \xa0 \xa0 \xa0 \xa0 \xa0 \xa0 \xa0 \xa0 \xa0 \xa0 \xa0 \xa0 \xa0 \xa0 \xa0 \xa0 \xa0 (단위 : 천원)\r\n구분\n기초\n설정\n제각\n환입\n기타\n기말\n매출채권 :\n\u3000\n\u3000\n\u3000\n\u3000\n\u3000\n\u3000\n\xa0 외상매출금\n-\xa0\n503,074\xa0\n(484,798)\xa0\n-\xa0\n(17,872)\xa0\n404\xa0\n\xa0 받을어음\n-\xa0\n-\xa0\n-\xa0\n-\xa0\n-\xa0\n-\xa0\n\xa0 공사미수금\n1,846,489\xa0\n3,589\xa0\n-\xa0\n-\xa0\n-\xa0\n1,850,079\xa0\n\xa0 분양미수금\n213,400\xa0\n-\xa0\n-\xa0\n-\xa0\n-\xa0\n213,400\xa0\n소\xa0\xa0 계\n2,059,889\xa0\n506,663\xa0\n(484,798)\xa0\n-\xa0\n(17,872)\xa0\n2,063,883\xa0\n단기기타채권 :\n\u3000\n-\xa0\n-\xa0\n-\xa0\n-\xa0\n-\xa0\n\xa0 단기대여금\n3,370,011\xa0\n-\xa0\n-\xa0\n-\xa0\n(3,370,011)\xa0\n-\xa0\n\xa0 미수금\n1,033,865\xa0\n219,922\xa0\n(41,708)\xa0\n(76,544)\xa0\n-\xa0\n1,135,535\xa0\n\xa0 미수수익\n-\xa0\n-\xa0\n-\xa0\n-\xa0\n-\xa0\n-\xa0\n소\xa0\xa0 계\n4,403,876\xa0\n219,922\xa0\n(41,708)\xa0\n(76,544)\xa0\n(3,370,011)\xa0\n1,135,535\xa0\n장기기타채권 :\n\u3000\n-\xa0\n-\xa0\n-\xa0\n-\xa0\n-\xa0\n\xa0 장기대여금\n14,900,000\xa0\n-\xa0\n-\xa0\n-\xa0\n6,370,011\xa0\n21,270,011\xa0\n소\xa0\xa0 계\n14,900,000\xa0\n-\xa0\n-\xa0\n-\xa0\n6,370,011\xa0\n21,270,011\xa0\n합\xa0\xa0 계\n21,363,765\xa0\n726,585\xa0\n(526,506)\xa0\n(76,544)\xa0\n2,982,128\xa0\n24,469,429\xa0\n<전기>\xa0 \xa0 \xa0 \xa0 \xa0 \xa0 \xa0 \xa0 \xa0 \xa0 \xa0 \xa0 \xa0 \xa0 \xa0 \xa0 \xa0 \xa0 \xa0 \xa0 \xa0 \xa0 \xa0 \xa0 \xa0 \xa0 \xa0 \xa0 \xa0 \xa0 \xa0 \xa0 \xa0 \xa0 \xa0 \xa0 \xa0 \xa0 \xa0 \xa0 \xa0 \xa0 \xa0 \xa0 \xa0 \xa0 \xa0 \xa0 \xa0 \xa0 \xa0 (단위 : 천원)\r\n구분\n기초\n설정\n제각\n환입\n기타\n기말\n매출채권 :\n\u3000\n\u3000\n\u3000\n\u3000\n\u3000\n\u3000\n\xa0 외상매출금\n-\xa0\n-\xa0\n-\xa0\n-\xa0\n-\xa0\n-\xa0\n\xa0 받을어음\n-\xa0\n-\xa0\n-\xa0\n-\xa0\n-\xa0\n-\xa0\n\xa0 공사미수금\n1,846,489\xa0\n-\xa0\n-\xa0\n-\xa0\n-\xa0\n1,846,489\xa0\n\xa0 분양미수금\n242,750\xa0\n-\xa0\n(16,451)\xa0\n(12,900)\xa0\n-\xa0\n213,399\xa0\n소\xa0\xa0 계\n2,089,239\xa0\n-\xa0\n(16,451)\xa0\n(12,900)\xa0\n-\xa0\n2,059,888\xa0\n단기기타채권 :\n\u3000\n\u3000\n\u3000\n\u3000\n\u3000\n\u3000\n\xa0 단기대여금\n3,315,477\xa0\n54,534\xa0\n-\xa0\n-\xa0\n-\xa0\n3,370,011\xa0\n\xa0 미수금\n1,035,693\xa0\n-\xa0\n-\xa0\n(1,827)\xa0\n-\xa0\n1,033,866\xa0\n\xa0 미수수익\n-\xa0\n-\xa0\n-\xa0\n-\xa0\n-\xa0\n-\xa0\n소\xa0\xa0 계\n4,351,170\xa0\n54,534\xa0\n-\xa0\n(1,827)\xa0\n-\xa0\n4,403,877\xa0\n장기기타채권 :\n\u3000\n\u3000\n\u3000\n\u3000\n\u3000\n\u3000\n\xa0 장기대여금\n-\xa0\n14,900,000\xa0\n-\xa0\n-\xa0\n-\xa0\n14,900,000\xa0\n소\xa0\xa0 계\n-\xa0\n14,900,000\xa0\n-\xa0\n-\xa0\n-\xa0\n14,900,000\xa0\n합\xa0\xa0 계\n6,440,409\xa0\n14,954,534\xa0\n(16,451)\xa0\n(14,727)\xa0\n-\xa0\n21,363,765\xa0\n7. 기타금융자산(1) 기타금융자산의 내용은 다음과 같습니다. \xa0 \xa0 \xa0 \xa0 \xa0 \xa0 \xa0 \xa0 \xa0 \xa0 \xa0 \xa0 \xa0 \xa0 \xa0 \xa0 \xa0 \xa0 \xa0 \xa0 \xa0 \xa0 \xa0 \xa0 \xa0 \xa0 \xa0 \xa0 \xa0 \xa0 \xa0 \xa0 \xa0 \xa0 \xa0 \xa0 \xa0 \xa0 \xa0 \xa0 \xa0 \xa0 \xa0 \xa0 \xa0 \xa0 \xa0 \xa0 \xa0 \xa0 (단위 : 천원)\r\n구분\n당기\n전기\n단기기타금융자산 :\xa0\n\u3000\n\u3000\n\xa0 당기손익-공정가치측정금융자산\n-\xa0\n-\xa0\n\xa0 상각후원가측정기타금융자산\n-\xa0\n100,000\xa0\n\xa0 기타포괄손익-공정가치측정금융자산\n1,246,777\xa0\n1,521,980\xa0\n소\xa0\xa0 계\n1,246,777\xa0\n1,621,980\xa0\n장기기타금융자산 :\xa0\n\u3000\n\u3000\n\xa0 당기손익-공정가치측정금융자산\n23,202,953\xa0\n9,323,291\xa0\n\xa0 상각후원가측정기타금융자산\n1,039,822\xa0\n1,202,633\xa0\n\xa0 기타포괄손익-공정가치측정금융자산\n19,368,574\xa0\n38,298,544\xa0\n소\xa0\xa0 계\n43,611,349\xa0\n48,824,468\xa0\n합\xa0\xa0 계\n44,858,126\xa0\n50,446,448\xa0\n(2) 보고기간말 현재 당기손익-공정가치측정금융자산의 내용은 다음과 같습니다. \xa0 \xa0 \xa0 \xa0 \xa0 \xa0 \xa0 \xa0 \xa0 \xa0 \xa0 \xa0 \xa0 \xa0 \xa0 \xa0 \xa0 \xa0 \xa0 \xa0 \xa0 \xa0 \xa0 \xa0 \xa0 \xa0 \xa0 \xa0 \xa0 \xa0 \xa0 \xa0 \xa0 \xa0 \xa0 \xa0 \xa0 \xa0 \xa0 \xa0 \xa0 \xa0 \xa0 \xa0 \xa0 \xa0 \xa0 \xa0 \xa0 \xa0 (단위 : 천원)\n구분\n당기\n전기\n\xa0 지분상품\n7,623,115\xa0\n7,345,416\xa0\n\xa0 채무상품\n15,579,838\xa0\n1,977,875\xa0\n합\xa0\xa0 계\n23,202,953\xa0\n9,323,291\xa0\n(3) 보고기간말 현재 상각후원가측정기타금융자산의 내용은 다음과 같습니다.\xa0 \xa0 \xa0 \xa0 \xa0 \xa0 \xa0 \xa0 \xa0 \xa0 \xa0 \xa0 \xa0 \xa0 \xa0 \xa0 \xa0 \xa0 \xa0 \xa0 \xa0 \xa0 \xa0 \xa0 \xa0 \xa0 \xa0 \xa0 \xa0 \xa0 \xa0 \xa0 \xa0 \xa0 \xa0 \xa0 \xa0 \xa0 \xa0 \xa0 \xa0 \xa0 \xa0 \xa0 \xa0 \xa0 \xa0 \xa0 \xa0 \xa0 \xa0 (단위 : 천원)\n구분\n당기\n전기\n유동\n\u3000\n\u3000\n\xa0 단기금융상품\n-\xa0\n100,000\xa0\n소\xa0\xa0 계\n-\xa0\n100,000\xa0\n비유동\n\u3000\n\u3000\n\xa0 장기금융상품\n6,500\xa0\n28,500\xa0\n\xa0 보증금\n1,033,322\xa0\n1,174,133\xa0\n소\xa0\xa0 계\n1,039,822\xa0\n1,202,633\xa0\n합\xa0\xa0 계\n1,039,822\xa0\n1,302,633\xa0\n(4) 기타포괄손익-공정가치측정금융자산1) 보고기간말 현재 기타포괄손익-공정가치측정금융자산의 내용은 다음과 같습니 다.\xa0 \xa0 \xa0 \xa0 \xa0 \xa0 \xa0 \xa0 \xa0 \xa0 \xa0 \xa0 \xa0 \xa0 \xa0 \xa0 \xa0 \xa0 \xa0 \xa0 \xa0 \xa0 \xa0 \xa0 \xa0 \xa0 \xa0 \xa0 \xa0 \xa0 \xa0 \xa0 \xa0 \xa0 \xa0 \xa0 \xa0 \xa0 \xa0 \xa0 \xa0 \xa0 \xa0 \xa0 \xa0 \xa0 \xa0 \xa0 \xa0 \xa0 (단위 : 천원)\n구분\n당기\n전기\n단기기타포괄손익-공정가치측정금융자산 :\n\xa0 지분증권\n-\xa0\n-\xa0\n\xa0 채무증권\n1,246,777\xa0\n1,488,980\xa0\n\xa0 기타\n-\xa0\n33,000\xa0\n소\xa0\xa0 계\n1,246,777\xa0\n1,521,980\xa0\n장기기타포괄손익-공정가치측정금융자산 :\n\u3000\n\u3000\n\xa0 시장성있는지분증권\n3,449,458\xa0\n4,204,154\xa0\n\xa0 시장성없는지분증권\n7,482,390\xa0\n22,443,636\xa0\n\xa0 채무증권\n8,436,726\xa0\n10,780,353\xa0\n\xa0 기타\n-\xa0\n870,401\xa0\n소\xa0\xa0 계\n19,368,574\xa0\n38,298,544\xa0\n합\xa0\xa0 계\n20,615,351\xa0\n39,820,524\xa0\n(주1) 회사는 단기매매목적이 아닌 지분증권에 대해 최초적용일에 기타포괄손익-공정가치측정항목으로 지정하는 취소불가능한 선택권을 적용하였습니다.\n2) 보고기간말 현재 기타포괄손익-공정가치측정금융자산의 내용은 다음과\xa0 같습니다. (가) 시장성 있는 지분증권\n<당기>\xa0 \xa0 \xa0 \xa0 \xa0 \xa0 \xa0 \xa0 \xa0 \xa0 \xa0 \xa0 \xa0 \xa0 \xa0 \xa0 \xa0 \xa0 \xa0 \xa0 \xa0 \xa0 \xa0 \xa0 \xa0 \xa0 \xa0 \xa0 \xa0 \xa0 \xa0 \xa0 \xa0 \xa0 \xa0 \xa0 \xa0 \xa0 \xa0 \xa0 \xa0 \xa0 \xa0 \xa0 \xa0 \xa0 \xa0 \xa0\xa0 (단위 : 주, 천원)\n구분\n주식수\n지분율\n취득원가\n공정가치\n장부금액\n미실현보유손익\n(주)LG유플러스\n199,000\xa0\n0.05%\n1,252,598\xa0\n2,338,250\xa0\n2,338,250\xa0\n1,085,652\xa0\n(주)현대그린푸드\n80,000\xa0\n0.08%\n222,187\xa0\n700,800\xa0\n700,800\xa0\n478,613\xa0\n(주)DGB금융지주\n60,443\xa0\n0.04%\n927,348\xa0\n410,408\xa0\n410,408\xa0\n(516,940)\xa0\n합\xa0\xa0 계\n2,402,133\xa0\n3,449,458\xa0\n3,449,458\xa0\n1,047,325\xa0\n(주1) 당기 중 기타포괄손익-공정가치측정 항목으로 지정한 지분증권으로부터 인식한 배당금수익은 다음과 같습니다.\xa0 \xa0 \xa0 \xa0 \xa0 \xa0 \xa0 \xa0 \xa0 \xa0 \xa0 \xa0 \xa0 \xa0 \xa0 \xa0 \xa0 \xa0 \xa0 \xa0 \xa0 \xa0 \xa0 \xa0 \xa0 \xa0 \xa0 \xa0 \xa0 \xa0 \xa0 \xa0 \xa0 \xa0 \xa0 \xa0 \xa0 \xa0 \xa0 \xa0 \xa0 \xa0 \xa0 \xa0 \xa0 \xa0 \xa0 \xa0 \xa0 \xa0 \xa0 (단위 : 천원)\n구분\n제거한 지분증권\n보유중인 지분증권\n(주)LG유플러스\n-\xa0\n79,600\xa0\n(주)현대그린푸드\n-\xa0\n16,800\xa0\n(주)DGB금융지주\n-\xa0\n24,782\xa0\n합\xa0\xa0 계\n-\xa0\n121,182\xa0\n<전기>\xa0 \xa0 \xa0 \xa0 \xa0 \xa0 \xa0 \xa0 \xa0 \xa0 \xa0 \xa0 \xa0 \xa0 \xa0 \xa0 \xa0 \xa0 \xa0 \xa0 \xa0 \xa0 \xa0 \xa0 \xa0 \xa0 \xa0 \xa0 \xa0 \xa0 \xa0 \xa0 \xa0 \xa0 \xa0 \xa0 \xa0 \xa0 \xa0 \xa0 \xa0 \xa0 \xa0 \xa0 \xa0 \xa0 \xa0 \xa0\xa0 (단위 : 주, 천원)\n구분\n주식수\n지분율\n취득원가\n공정가치\n장부금액\n미실현보유손익\n(주)LG유플러스\n199,000\xa0\n0.05%\n1,252,598\xa0\n2,825,800\xa0\n2,825,800\xa0\n1,573,202\xa0\n(주)현대그린푸드\n80,000\xa0\n0.08%\n222,187\xa0\n948,000\xa0\n948,000\xa0\n725,813\xa0\n(주)DGB금융지주\n60,443\xa0\n0.04%\n927,348\xa0\n430,354\xa0\n430,354\xa0\n(496,994)\xa0\n합\xa0\xa0 계\n2,402,133\xa0\n4,204,154\xa0\n4,204,154\xa0\n1,802,021\xa0\n(주1) 전기 중 기타포괄손익-공정가치측정 항목으로 지정한 지분증권으로부터 인식한 배당금수익은 다음과 같습니다.\xa0 \xa0 \xa0 \xa0 \xa0 \xa0 \xa0 \xa0 \xa0 \xa0 \xa0 \xa0 \xa0 \xa0 \xa0 \xa0 \xa0 \xa0 \xa0 \xa0 \xa0 \xa0 \xa0 \xa0 \xa0 \xa0 \xa0 \xa0 \xa0 \xa0 \xa0 \xa0 \xa0 \xa0 \xa0 \xa0 \xa0 \xa0 \xa0 \xa0 \xa0 \xa0 \xa0 \xa0 \xa0 \xa0 \xa0 \xa0 \xa0 \xa0 \xa0 (단위 : 천원)\n구분\n제거한 지분증권\n보유중인 지분증권\n(주)LG유플러스\n-\xa0\n79,600\xa0\n(주)현대그린푸드\n-\xa0\n16,800\xa0\n(주)DGB금융지주\n-\xa0\n21,759\xa0\n합\xa0\xa0 계\n-\xa0\n118,159\xa0\n(나) 시장성 없는 지분증권\n<당기>\xa0 \xa0 \xa0 \xa0 \xa0 \xa0 \xa0 \xa0 \xa0 \xa0 \xa0 \xa0 \xa0 \xa0 \xa0 \xa0 \xa0 \xa0 \xa0 \xa0 \xa0 \xa0 \xa0 \xa0 \xa0 \xa0 \xa0 \xa0 \xa0 \xa0 \xa0 \xa0 \xa0 \xa0 \xa0 \xa0 \xa0 \xa0 \xa0 \xa0 \xa0 \xa0 \xa0 \xa0 \xa0 \xa0 \xa0 \xa0\xa0 (단위 : 주, 천원)\n구분\n주식수\n지분율\n취득원가\n공정가치\n장부금액\n미실현보유손익\n주식 :\n\u3000\n\u3000\n\u3000\n\u3000\n\u3000\n\u3000\n(주)엑스코\n3,610,315\xa0\n8.34%\n16,519,285\xa0\n7,356,177\xa0\n7,356,177\xa0\n(9,163,109)\xa0\n장교공영(주)\n323\xa0\n3.23%\n1,615\xa0\n1,615\xa0\n1,615\xa0\n-\xa0\n(주)대구MBC미디컴\n20,000\xa0\n10.00%\n100,000\xa0\n99,929\xa0\n99,929\xa0\n(70)\xa0\n엠에스상호저축은행\n17,834\xa0\n0.39%\n742,030\xa0\n-\xa0\n-\xa0\n(742,030)\xa0\n(주)대구프로축구단\n20,000\xa0\n0.61%\n100,000\xa0\n24,669\xa0\n24,669\xa0\n(75,331)\xa0\n제주항공우주호텔\n\xa0504,000\xa0\n18.00%\n2,520,000\xa0\n-\xa0\n-\xa0\n(2,520,000)\xa0\n합\xa0\xa0 계\n19,982,930\xa0\n7,482,390\xa0\n7,482,390\xa0\n(12,500,540)\xa0\n(주1) 독립적인 외부평가기관의 전문가적 판단에 근거한 합리적인 평가모형과 추정치를 사용하여 산정한 금액을 공정가치로 평가하였습니다.\xa0\n<전기>\xa0 \xa0 \xa0 \xa0 \xa0 \xa0 \xa0 \xa0 \xa0 \xa0 \xa0 \xa0 \xa0 \xa0 \xa0 \xa0 \xa0 \xa0 \xa0 \xa0 \xa0 \xa0 \xa0 \xa0 \xa0 \xa0 \xa0 \xa0 \xa0 \xa0 \xa0 \xa0 \xa0 \xa0 \xa0 \xa0 \xa0 \xa0 \xa0 \xa0 \xa0 \xa0 \xa0 \xa0 \xa0 \xa0 \xa0 \xa0\xa0 (단위 : 주, 천원)\n구분\n주식수\n지분율\n취득원가\n공정가치\n장부금액\n미실현보유손익\n주식 :\n\xa0(주)엑스코\n3,610,315\xa0\n8.34%\n16,519,285\xa0\n9,855,153\xa0\n9,855,153\xa0\n(6,664,132)\xa0\n\xa0장교공영(주)\n323\xa0\n3.23%\n1,615\xa0\n1,615\xa0\n1,615\xa0\n-\xa0\n\xa0(주)대구MBC미디컴\n20,000\xa0\n10.00%\n100,000\xa0\n99,930\xa0\n99,930\xa0\n(70)\xa0\n\xa0엠에스상호저축은행\n17,834\xa0\n0.39%\n742,030\xa0\n-\xa0\n-\xa0\n(742,030)\xa0\n\xa0(주)대구프로축구단\n20,000\xa0\n0.61%\n100,000\xa0\n24,669\xa0\n24,669\xa0\n(75,331)\xa0\n\xa0대성환경에너지(주)\n201,510\xa0\n15.00%\n1,007,550\xa0\n3,327,078\xa0\n3,327,078\xa0\n2,319,528\xa0\n\xa0대구드림교육주식회사\n1,942,262\xa0\n2.90%\n194,226\xa0\n63,073\xa0\n63,073\xa0\n(131,154)\xa0\n\xa0대구뮤지엄서비스\n104,118\xa0\n10.50%\n520,590\xa0\n-\xa0\n-\xa0\n(520,590)\xa0\n\xa0대가야푸른환경(주)\n73,471\xa0\n9.83%\n367,355\xa0\n-\xa0\n-\xa0\n(367,355)\xa0\n\xa0대구남부순환도로(주)\n854,240\xa0\n6.06%\n3,633,320\xa0\n-\xa0\n-\xa0\n(3,633,320)\xa0\n\xa0경주문예회관운영(주)\n89,180\xa0\n6.50%\n445,900\xa0\n-\xa0\n-\xa0\n(445,900)\xa0\n\xa0제주항공우주호텔\n504,000\xa0\n18.00%\n2,520,000\xa0\n258,987\xa0\n258,987\xa0\n(2,261,013)\xa0\n\xa0대구그린에너지센터주식회사\n201,400\xa0\n4.33%\n1,007,000\xa0\n-\xa0\n-\xa0\n(1,007,000)\xa0\n\xa0(주)희망세움이차\n18\xa0\n0.00%\n90\xa0\n90\xa0\n90\xa0\n-\xa0\n출자금 :\n\xa0건설공제조합\n5,643\xa0\n0.11%\n5,778,386\xa0\n8,431,206\xa0\n8,431,206\xa0\n2,652,821\xa0\n\xa0전기공사공제조합\n300\xa0\n0.01%\n46,635\xa0\n46,635\xa0\n46,635\xa0\n-\xa0\n\xa0전기통신공사공제조합\n250\xa0\n0.03%\n44,632\xa0\n44,632\xa0\n44,632\xa0\n-\xa0\n\xa0엔지니어링공제조합\n113\xa0\n0.02%\n11,568\xa0\n11,568\xa0\n11,568\xa0\n-\xa0\n\xa0한국전력기술인협회\n200\xa0\n0.12%\n20,000\xa0\n20,000\xa0\n20,000\xa0\n-\xa0\n\xa0한국산업로공업협동\n2\xa0\n0.00%\n2,000\xa0\n2,000\xa0\n2,000\xa0\n-\xa0\n\xa0(사)한국소각시설협회\n2\xa0\n0.00%\n2,000\xa0\n2,000\xa0\n2,000\xa0\n-\xa0\n\xa0희망경제기업구조조정조합1호\n4\xa0\n1.33%\n235,000\xa0\n235,000\xa0\n235,000\xa0\n-\xa0\n\xa0소방공제조합\n40\xa0\n0.02%\n20,000\xa0\n20,000\xa0\n20,000\xa0\n-\xa0\n합\xa0\xa0 계\n33,319,182\xa0\n22,443,636\xa0\n22,443,636\xa0\n(10,875,546)\xa0\n(주1) 독립적인 외부평가기관의 전문가적 판단에 근거한 합리적인 평가모형과 추정치를 사용하여 산정한 금액을 공정가치로 평가하였습니다. \n(주2) 전기 중 기타포괄손익-공정가치측정 항목으로 지정한 지분증권으로부터 인식한 배당금수익은 다음과 같습니다.\xa0 \xa0 \xa0 \xa0 \xa0 \xa0 \xa0 \xa0 \xa0 \xa0 \xa0 \xa0 \xa0 \xa0 \xa0 \xa0 \xa0 \xa0 \xa0 \xa0 \xa0 \xa0 \xa0 \xa0 \xa0 \xa0 \xa0 \xa0 \xa0 \xa0 \xa0 \xa0 \xa0 \xa0 \xa0 \xa0 \xa0 \xa0 \xa0 \xa0 \xa0 \xa0 \xa0 \xa0 \xa0 \xa0 \xa0 \xa0 \xa0 \xa0 \xa0 (단위 : 천원)\n구분\n제거한 지분증권\n보유중인 지분증권\n대성환경에너지(주)\n-\xa0\n79,600\xa0\n건설공제조합\n-\xa0\n118,503\xa0\n합\xa0\xa0 계\n-\xa0\n198,103\xa0\n(다) 채무증권① 채무증권의 내용 \n<당기>\xa0 \xa0 \xa0 \xa0 \xa0 \xa0 \xa0 \xa0 \xa0 \xa0 \xa0 \xa0 \xa0 \xa0 \xa0 \xa0 \xa0 \xa0 \xa0 \xa0 \xa0 \xa0 \xa0 \xa0 \xa0 \xa0 \xa0 \xa0 \xa0 \xa0 \xa0 \xa0 \xa0 \xa0 \xa0 \xa0 \xa0 \xa0 \xa0 \xa0 \xa0 \xa0 \xa0 \xa0 \xa0 \xa0 \xa0 \xa0 \xa0 \xa0 (단위 : 천원)\n구분\n취득원가\n공정가치\n장부금액\n미실현보유손익\n유동항목\n\xa0 국민주택채권\n96,010\xa0\n96,406\xa0\n96,406\xa0\n396\xa0\n\xa0 지하철채권\n652,905\xa0\n655,510\xa0\n655,510\xa0\n2,605\xa0\n\xa0 지역개발채권\n492,975\xa0\n494,861\xa0\n494,861\xa0\n1,886\xa0\n소\xa0\xa0 계\n1,241,890\xa0\n1,246,777\xa0\n1,246,777\xa0\n4,887\xa0\n비유동항목\n\u3000\n\u3000\n\u3000\n\u3000\n\xa0 국민주택채권\n5,488,100\xa0\n5,556,036\xa0\n5,556,036\xa0\n67,936\xa0\n\xa0 지하철채권\n880,490\xa0\n882,383\xa0\n882,383\xa0\n1,893\xa0\n\xa0 지역개발채권\n2,006,850\xa0\n1,998,306\xa0\n1,998,306\xa0\n(8,544)\xa0\n소\xa0\xa0 계\n8,375,440\xa0\n8,436,726\xa0\n8,436,726\xa0\n61,285\xa0\n합\xa0\xa0 계\n9,617,330\xa0\n9,683,503\xa0\n9,683,503\xa0\n66,172\xa0\n<전기>\xa0 \xa0 \xa0 \xa0 \xa0 \xa0 \xa0 \xa0 \xa0 \xa0 \xa0 \xa0 \xa0 \xa0 \xa0 \xa0 \xa0 \xa0 \xa0 \xa0 \xa0 \xa0 \xa0 \xa0 \xa0 \xa0 \xa0 \xa0 \xa0 \xa0 \xa0 \xa0 \xa0 \xa0 \xa0 \xa0 \xa0 \xa0 \xa0 \xa0 \xa0 \xa0 \xa0 \xa0 \xa0 \xa0 \xa0 \xa0 \xa0 \xa0 (단위 : 천원)\n구분\n취득원가\n공정가치\n장부금액\n미실현보유손익\n유동항목\n\xa0 국민주택채권\n433,820\xa0\n435,020\xa0\n435,020\xa0\n1,200\xa0\n\xa0 지하철채권\n358,280\xa0\n361,301\xa0\n361,301\xa0\n3,021\xa0\n\xa0 지역개발채권\n692,180\xa0\n692,658\xa0\n692,658\xa0\n478\xa0\n소\xa0\xa0 계\n1,484,280\xa0\n1,488,979\xa0\n1,488,979\xa0\n4,699\xa0\n비유동항목\n\xa0 국민주택채권\n7,516,600\xa0\n7,527,538\xa0\n7,527,538\xa0\n10,938\xa0\n\xa0 지하철채권\n1,393,195\xa0\n1,386,238\xa0\n1,386,238\xa0\n(6,957)\xa0\n\xa0 지역개발채권\n1,886,815\xa0\n1,866,577\xa0\n1,866,577\xa0\n(20,238)\xa0\n소\xa0\xa0 계\n10,796,610\xa0\n10,780,353\xa0\n10,780,353\xa0\n(16,257)\xa0\n합\xa0\xa0 계\n12,280,890\xa0\n12,269,332\xa0\n12,269,332\xa0\n(11,558)\xa0\n② 채무증권의 만기별 내용 <당기>\xa0 \xa0 \xa0 \xa0 \xa0 \xa0 \xa0 \xa0 \xa0 \xa0 \xa0 \xa0 \xa0 \xa0 \xa0 \xa0 \xa0 \xa0 \xa0 \xa0 \xa0 \xa0 \xa0 \xa0 \xa0 \xa0 \xa0 \xa0 \xa0 \xa0 \xa0 \xa0 \xa0 \xa0 \xa0 \xa0 \xa0 \xa0 \xa0 \xa0 \xa0 \xa0 \xa0 \xa0 \xa0 \xa0 \xa0 \xa0 \xa0 \xa0 (단위 : 천원)\n구분\n취득원가\n공정가치\n장부금액\n1년 이내\n1,241,890\xa0\n1,246,777\xa0\n1,246,777\xa0\n1년초과 5년이내\n8,375,440\xa0\n8,436,726\xa0\n8,436,726\xa0\n합\xa0\xa0 계\n9,617,330\xa0\n9,683,503\xa0\n9,683,503\xa0\n<전기>\xa0 \xa0 \xa0 \xa0 \xa0 \xa0 \xa0 \xa0 \xa0 \xa0 \xa0 \xa0 \xa0 \xa0 \xa0 \xa0 \xa0 \xa0 \xa0 \xa0 \xa0 \xa0 \xa0 \xa0 \xa0 \xa0 \xa0 \xa0 \xa0 \xa0 \xa0 \xa0 \xa0 \xa0 \xa0 \xa0 \xa0 \xa0 \xa0 \xa0 \xa0 \xa0 \xa0 \xa0 \xa0 \xa0 \xa0 \xa0 \xa0 \xa0 (단위 : 천원)\n구분\n취득원가\n공정가치\n장부금액\n1년 이내\n1,484,280\xa0\n1,488,979\xa0\n1,488,979\xa0\n1년초과 5년이내\n10,796,610\xa0\n10,780,353\xa0\n10,780,353\xa0\n합\xa0\xa0 계\n12,280,890\xa0\n12,269,332\xa0\n12,269,332\xa0\n8. 재고자산재고자산의 저가법 평가내용은 다음과 같습니다.<당기>\xa0 \xa0 \xa0 \xa0 \xa0 \xa0 \xa0 \xa0 \xa0 \xa0 \xa0 \xa0 \xa0 \xa0 \xa0 \xa0 \xa0 \xa0 \xa0 \xa0 \xa0 \xa0 \xa0 \xa0 \xa0 \xa0 \xa0 \xa0 \xa0 \xa0 \xa0 \xa0 \xa0 \xa0 \xa0 \xa0 \xa0 \xa0 \xa0 \xa0 \xa0 \xa0 \xa0 \xa0 \xa0 \xa0 \xa0 \xa0 \xa0 \xa0 (단위 : 천원)\n구분\n평가전금액\n순실현가능가치\n평가충당금\n당기(손익)\n당기누계\n제품\n2,838,955\xa0\n2,838,955\xa0\n-\xa0\n-\xa0\n원재료\n2,546,988\xa0\n2,546,988\xa0\n-\xa0\n-\xa0\n완성주택\n11,702,916\xa0\n11,702,916\xa0\n-\xa0\n-\xa0\n용지\n16,855,717\xa0\n16,855,717\xa0\n-\xa0\n-\xa0\n수목\n241,839\xa0\n-\xa0\n(241,839)\xa0\n(241,839)\xa0\n합\xa0\xa0 계\n34,186,415\xa0\n33,944,576\xa0\n(241,839)\xa0\n(241,839)\xa0\n<전기>\n\xa0 \xa0 \xa0 \xa0 \xa0 \xa0 \xa0 \xa0 \xa0 \xa0 \xa0 \xa0 \xa0 \xa0 \xa0 \xa0 \xa0 \xa0 \xa0 \xa0 \xa0 \xa0 \xa0 \xa0 \xa0 \xa0 \xa0 \xa0 \xa0 \xa0 \xa0 \xa0 \xa0 \xa0 \xa0 \xa0 \xa0 \xa0 \xa0 \xa0 \xa0 \xa0 \xa0 \xa0 \xa0 \xa0 \xa0 \xa0 \xa0 \xa0 (단위 : 천원)\n구분\n평가전금액\n순실현가능가치\n평가충당금\n전기(손익)\n전기누계\n제품\n1,931,163\xa0\n1,931,164\xa0\n-\xa0\n-\xa0\n원재료\n674,338\xa0\n674,338\xa0\n-\xa0\n-\xa0\n완성주택\n34,849,445\xa0\n34,849,445\xa0\n-\xa0\n-\xa0\n미완성주택\n96,164,254\xa0\n96,164,254\xa0\n-\xa0\n-\xa0\n용지\n28,624,656\xa0\n28,579,454\xa0\n-\xa0\n(45,202)\xa0\n수목\n241,839\xa0\n241,839\xa0\n-\xa0\n-\xa0\n합\xa0\xa0 계\n162,485,695\xa0\n162,440,494\xa0\n-\xa0\n(45,202)\xa0\n\xa0\n9. 기타자산기타자산의 내용은 다음과 같습니다.\xa0 \xa0 \xa0 \xa0 \xa0 \xa0 \xa0 \xa0 \xa0 \xa0 \xa0 \xa0 \xa0 \xa0 \xa0 \xa0 \xa0 \xa0 \xa0 \xa0 \xa0 \xa0 \xa0 \xa0 \xa0 \xa0 \xa0 \xa0 \xa0 \xa0 \xa0 \xa0 \xa0 \xa0 \xa0 \xa0 \xa0 \xa0 \xa0 \xa0 \xa0 \xa0 \xa0 \xa0 \xa0 \xa0 \xa0 \xa0 \xa0 \xa0 \xa0 (단위 : 천원)\r\n구분\n당기\n전기\n기타유동자산 :\n\u3000\n\u3000\n\xa0 선급금\n1,609,587\xa0\n1,351,566\xa0\n\xa0 선급비용\n238,215\xa0\n73,598\xa0\n\xa0 선급리스료\n291,731\xa0\n291,731\xa0\n\xa0 선급공사원가\n8,009,584\xa0\n10,851,492\xa0\n기타비유동자산 :\n\xa0 선급리스료\n923,816\xa0\n1,215,548\xa0\n합\xa0\xa0 계\n11,072,933\xa0\n13,783,935\xa0\n10. 종속기업 및 관계기업투자(1) 현황종속기업 및 관계기업의 현황은 다음과 같습니다. \n<당기>\n기업명\n지분율\n주된 사업장\n보고기간종료일\n주된 사업\n측정방법\n<종속기업>\n\u3000\n\u3000\n\u3000\n\u3000\n\u3000\n\xa0 평택석정파크드림(주)\xa0\n85.00%\n대한민국\n2020.12.31\n부동산업\n지분법\n<관계기업>\n\u3000\n\u3000\n\u3000\n\u3000\n\u3000\n\xa0 화성개발(주)\n31.69%\n대한민국\n2020.12.31\n건설업\n지분법\n\xa0 달성맑은물길(주)\n30.00%\n대한민국\n2020.12.31\n하수처리장운영업\n지분법\n\xa0 (주)신세계티비쇼핑\n21.49%\n대한민국\n2020.12.31\n방송상거래업\n지분법\n\xa0 대구청정에너지(주)\n23.50%\n대한민국\n2020.12.31\n일반전기공사업\n지분법\n\xa0 남사하이테크(주)\n29.00%\n대한민국\n2020.12.31\n부동산업\n지분법\n\xa0 이지스전문투자형사모\xa0 부동산신탁제331호\n50.00%\n대한민국\n2020.12.31\n부동산업\n지분법\n<전기>\n기업명\n지분율\n주된 사업장\n보고기간종료일\n주된 사업\n측정방법\n<관계기업>\n\u3000\n\u3000\n\u3000\n\u3000\n\u3000\n\xa0 화성개발(주)\n31.69%\n대한민국\n2019.12.31\n건설업\n지분법\n\xa0 화성그린케어(주)\n20.00%\n대한민국\n2019.12.31\n시설유지관리서비스업\n지분법\n\xa0 달성맑은물길(주)\n30.00%\n대한민국\n2019.12.31\n하수처리장운영업\n지분법\n\xa0 (주)신세계티비쇼핑\n23.04%\n대한민국\n2019.12.31\n방송상거래업\n지분법\n\xa0 대구청정에너지(주)\n23.50%\n대한민국\n2019.12.31\n일반전기공사업\n지분법\n\xa0 남사하이테크(주)\n29.00%\n대한민국\n2019.12.31\n부동산업\n지분법\n(2) 투자내용종속기업 및 관계기업투자의 내용은 다음과 같습니다.\xa0 \xa0 \xa0 \xa0 \xa0 \xa0 \xa0 \xa0 \xa0 \xa0 \xa0 \xa0 \xa0 \xa0 \xa0 \xa0 \xa0 \xa0 \xa0 \xa0 \xa0 \xa0 \xa0 \xa0 \xa0 \xa0 \xa0 \xa0 \xa0 \xa0 \xa0 \xa0 \xa0 \xa0 \xa0 \xa0 \xa0 \xa0 \xa0 \xa0 \xa0 \xa0 \xa0 \xa0 \xa0 \xa0 \xa0 \xa0 \xa0 \xa0 (단위 : 천원)\n기업명\n당기\n전기\n취득원가\n순자산지분가액\n장부금액\n취득원가\n순자산지분가액\n장부금액\n<종속기업>\n\u3000\n\u3000\n\u3000\n\u3000\n\u3000\n\u3000\n\xa0 평택석정파크드림(주)\xa0\n4,250,000\xa0\n2,662,086\xa0\n2,662,086\xa0\n-\xa0\n-\xa0\n-\xa0\n<관계기업>\n\u3000\n\u3000\n\u3000\n\u3000\n\u3000\n\u3000\n\xa0 (주)화성개발\n1,677,150\xa0\n33,644,781\xa0\n33,644,781\xa0\n1,677,150\xa0\n32,202,798\xa0\n33,945,973\xa0\n\xa0 화성그린케어(주)\n-\xa0\n-\xa0\n-\xa0\n10,000\xa0\n-\xa0\n-\xa0\n\xa0 달성맑은물길(주)\n270,300\xa0\n283,184\xa0\n283,184\xa0\n270,300\xa0\n258,687\xa0\n258,687\xa0\n\xa0 (주)신세계티비쇼핑\n15,900,000\xa0\n5,181,751\xa0\n5,181,751\xa0\n15,900,000\xa0\n-\xa0\n-\xa0\n\xa0 대구청정에너지(주)\n117,500\xa0\n10,729\xa0\n10,729\xa0\n117,500\xa0\n11,178\xa0\n11,178\xa0\n\xa0 남사하이테크(주)\n145,000\xa0\n-\xa0\n-\xa0\n145,000\xa0\n-\xa0\n-\xa0\n\xa0 이지스전문투자형사모\xa0 부동산신탁제331호\n6,500,000\xa0\n5,911,492\xa0\n5,911,492\xa0\n-\xa0\n-\xa0\n-\xa0\n합\xa0\xa0 계\n28,859,950\xa0\n47,694,023\xa0\n47,694,023\xa0\n18,119,950\xa0\n32,472,663\xa0\n34,215,838\xa0\n(3) 지분법 평가내용종속기업 및 관계기업투자의 지분법 평가내용은 다음과 같습니다.\n<당기>\xa0 \xa0 \xa0 \xa0 \xa0 \xa0 \xa0 \xa0 \xa0 \xa0 \xa0 \xa0 \xa0 \xa0 \xa0 \xa0 \xa0 \xa0 \xa0 \xa0 \xa0 \xa0 \xa0 \xa0 \xa0 \xa0 \xa0 \xa0 \xa0 \xa0 \xa0 \xa0 \xa0 \xa0 \xa0 \xa0 \xa0 \xa0 \xa0 \xa0 \xa0 \xa0 \xa0 \xa0 \xa0 \xa0 \xa0 \xa0 \xa0 \xa0 (단위 : 천원)\n기업명\n기초\n취득\n배당금수령\n지분법손익\n지분법자본변동\n기타\n기말\n<종속기업>\n\u3000\n\u3000\n\u3000\n\u3000\n\u3000\n\u3000\n\u3000\n\xa0 평택석정파크드림(주)\xa0\n-\xa0\n4,250,000\xa0\n-\xa0\n(1,587,915)\xa0\n-\xa0\n-\xa0\n2,662,085\xa0\n<관계기업>\n\u3000\n\u3000\n\u3000\n\u3000\n\u3000\n\u3000\n\u3000\n\xa0 (주)화성개발\n33,945,973\xa0\n-\xa0\n(2,160,000)\xa0\n1,683,519\xa0\n67,239\xa0\n108,051\xa0\n33,644,782\xa0\n\xa0 달성맑은물길(주)\n258,687\xa0\n-\xa0\n-\xa0\n24,496\xa0\n-\xa0\n-\xa0\n283,183\xa0\n\xa0 (주)신세계티비쇼핑\n-\xa0\n-\xa0\n-\xa0\n5,116,787\xa0\n(6,729)\xa0\n71,694\xa0\n5,181,752\xa0\n\xa0 대구청정에너지(주)\n11,178\xa0\n-\xa0\n-\xa0\n(448)\xa0\n-\xa0\n-\xa0\n10,730\xa0\n\xa0 남사하이테크(주)\n-\xa0\n-\xa0\n-\xa0\n-\xa0\n-\xa0\n-\xa0\n-\xa0\n\xa0 이지스전문투자형사모\xa0 부동산신탁제331호\n-\xa0\n6,500,000\xa0\n(466,189)\xa0\n(122,320)\xa0\n-\xa0\n-\xa0\n5,911,491\xa0\n합\xa0\xa0 계\n34,215,838\xa0\n10,750,000\xa0\n(2,626,189)\xa0\n5,114,119\xa0\n60,510\xa0\n179,745\xa0\n47,694,023\xa0\n<전기>\xa0 \xa0 \xa0 \xa0 \xa0 \xa0 \xa0 \xa0 \xa0 \xa0 \xa0 \xa0 \xa0 \xa0 \xa0 \xa0 \xa0 \xa0 \xa0 \xa0 \xa0 \xa0 \xa0 \xa0 \xa0 \xa0 \xa0 \xa0 \xa0 \xa0 \xa0 \xa0 \xa0 \xa0 \xa0 \xa0 \xa0 \xa0 \xa0 \xa0 \xa0 \xa0 \xa0 \xa0 \xa0 \xa0 \xa0 \xa0 \xa0 \xa0 (단위 : 천원)\r\n기업명\n기초\n취득\n배당금수령\n지분법손익\n지분법자본변동\n기타\n기말\n<관계기업>\n\xa0 (주)화성개발\n33,402,251\xa0\n-\xa0\n(1,296,000)\xa0\n631,828\xa0\n1,207,894\xa0\n-\xa0\n33,945,973\xa0\n\xa0 화성그린케어(주)\n-\xa0\n-\xa0\n-\xa0\n-\xa0\n-\xa0\n-\xa0\n-\xa0\n\xa0 달성맑은물길(주)\n201,427\xa0\n40,500\xa0\n-\xa0\n16,760\xa0\n-\xa0\n-\xa0\n258,687\xa0\n\xa0 (주)신세계티비쇼핑\n-\xa0\n-\xa0\n-\xa0\n-\xa0\n-\xa0\n-\xa0\n-\xa0\n\xa0 대구청정에너지(주)\n14,376\xa0\n-\xa0\n-\xa0\n(3,198)\xa0\n-\xa0\n-\xa0\n11,178\xa0\n\xa0 남사하이테크(주)\n145,000\xa0\n-\xa0\n-\xa0\n(145,000)\xa0\n-\xa0\n-\xa0\n-\xa0\n합\xa0\xa0 계\n33,763,054\xa0\n40,500\xa0\n(1,296,000)\xa0\n500,390\xa0\n1,207,894\xa0\n-\xa0\n34,215,838\xa0\n(4) 요약재무정보종속기업 및 관계기업의 요약재무정보는 다음과 같습니다. <당기>\xa0 \xa0 \xa0 \xa0 \xa0 \xa0 \xa0 \xa0 \xa0 \xa0 \xa0 \xa0 \xa0 \xa0 \xa0 \xa0 \xa0 \xa0 \xa0 \xa0 \xa0 \xa0 \xa0 \xa0 \xa0 \xa0 \xa0 \xa0 \xa0 \xa0 \xa0 \xa0 \xa0 \xa0 \xa0 \xa0 \xa0 \xa0 \xa0 \xa0 \xa0 \xa0 \xa0 \xa0 \xa0 \xa0 \xa0 \xa0 \xa0 \xa0 (단위 : 천원)\n기업명\n자산\n부채\n자본\n매출\n당기순손익\n총포괄손익\n<종속기업>\n\u3000\n\u3000\n\u3000\n\u3000\n\u3000\n\u3000\n\xa0평택석정파크드림(주)\xa0\n55,544,620\xa0\n52,412,754\xa0\n3,131,866\xa0\n-\xa0\n(1,868,134)\xa0\n(1,868,134)\xa0\n<관계기업>\n\xa0(주)화성개발\n140,348,276\xa0\n34,177,809\xa0\n106,170,467\xa0\n105,398,843\xa0\n5,312,561\xa0\n5,865,709\xa0\n\xa0달성맑은물길(주)\n1,973,168\xa0\n1,029,222\xa0\n943,946\xa0\n634,708\xa0\n81,655\xa0\n81,655\xa0\n\xa0(주)신세계티비쇼핑\n121,649,716\xa0\n97,533,390\xa0\n24,116,326\xa0\n230,895,262\xa0\n23,571,476\xa0\n23,272,557\xa0\n\xa0대구청정에너지(주)\n369,808\xa0\n324,151\xa0\n45,657\xa0\n-\xa0\n(905)\xa0\n(909)\xa0\n\xa0남사하이테크(주)\n-\xa0\n1\xa0\n(1)\xa0\n-\xa0\n1\xa0\n(1)\xa0\n\xa0이지스전문투자형사모 부동산신탁제331호\n57,669,392\xa0\n45,846,409\xa0\n11,822,983\xa0\n18,577\xa0\n(237,716)\xa0\n(237,716)\xa0\n<전기>\xa0 \xa0 \xa0 \xa0 \xa0 \xa0 \xa0 \xa0 \xa0 \xa0 \xa0 \xa0 \xa0 \xa0 \xa0 \xa0 \xa0 \xa0 \xa0 \xa0 \xa0 \xa0 \xa0 \xa0 \xa0 \xa0 \xa0 \xa0 \xa0 \xa0 \xa0 \xa0 \xa0 \xa0 \xa0 \xa0 \xa0 \xa0 \xa0 \xa0 \xa0 \xa0 \xa0 \xa0 \xa0 \xa0 \xa0 \xa0 \xa0 \xa0 (단위 : 천원)\n기업명\n자산\n부채\n자본\n매출\n당기순손익\n총포괄손익\n<관계기업>\n\xa0 (주)화성개발\n137,326,845\xa0\n30,205,928\xa0\n107,120,917\xa0\n95,248,497\xa0\n1,993,815\xa0\n4,715,956\xa0\n\xa0 화성그린케어(주)\xa0\n1\xa0\n-\xa0\n1\xa0\n148,000\xa0\n4,662\xa0\n4,662\xa0\n\xa0 달성맑은물길(주)\n2,223,359\xa0\n1,361,068\xa0\n862,291\xa0\n621,960\xa0\n54,258\xa0\n54,258\xa0\n\xa0 (주)신세계티비쇼핑\n53,797,356\xa0\n57,924,388\xa0\n(4,127,032)\xa0\n162,064,059\xa0\n(3,459,686)\xa0\n(4.680.247)\xa0\n\xa0 대구청정에너지(주)\n370,714\xa0\n323,148\xa0\n47,565\xa0\n-\xa0\n(13,609)\xa0\n(13,609)\xa0\n\xa0 남사하이테크(주)\n-\xa0\n1\xa0\n(1)\xa0\n-\xa0\n-\xa0\n-\xa0\n11. 투자부동산(1) 투자부동산의 내용은 다음과 같습니다. <당기>\xa0 \xa0 \xa0 \xa0 \xa0 \xa0 \xa0 \xa0 \xa0 \xa0 \xa0 \xa0 \xa0 \xa0 \xa0 \xa0 \xa0 \xa0 \xa0 \xa0 \xa0 \xa0 \xa0 \xa0 \xa0 \xa0 \xa0 \xa0 \xa0 \xa0 \xa0 \xa0 \xa0 \xa0 \xa0 \xa0 \xa0 \xa0 \xa0 \xa0 \xa0 \xa0 \xa0 \xa0 \xa0 \xa0 \xa0 \xa0 \xa0 \xa0 (단위 : 천원)\n구분\n취득원가\n감가상각누계액\n손상차손누계액\n장부금액\n공정가치(주)\n토지\n2,526,459\xa0\n-\xa0\n(68,800)\xa0\n2,457,659\xa0\n2,457,659\xa0\n건물\n4,925,654\xa0\n(2,009,072)\xa0\n(683,025)\xa0\n2,233,557\xa0\n2,233,557\xa0\n합\xa0\xa0 계\n7,452,113\xa0\n(2,009,072)\xa0\n(751,825)\xa0\n4,691,216\xa0\n4,691,216\xa0\n(주)\xa0공정가치 평가 대상 투자부동산의 소재 지역에서 최근에 유사한 부동산을 평가한 경험이 있는 전문감정평가인의 평가보고서를 근거로 측정하였습니다.<전기>\xa0 \xa0 \xa0 \xa0 \xa0 \xa0 \xa0 \xa0 \xa0 \xa0 \xa0 \xa0 \xa0 \xa0 \xa0 \xa0 \xa0 \xa0 \xa0 \xa0 \xa0 \xa0 \xa0 \xa0 \xa0 \xa0 \xa0 \xa0 \xa0 \xa0 \xa0 \xa0 \xa0 \xa0 \xa0 \xa0 \xa0 \xa0 \xa0 \xa0 \xa0 \xa0 \xa0 \xa0 \xa0 \xa0 \xa0 \xa0 \xa0 \xa0 (단위 : 천원)\r\n구분\n취득원가\n감가상각누계액\n손상차손누계액\n장부금액\n공정가치\n토지\n2,526,459\xa0\n-\xa0\n-\xa0\n2,526,459\xa0\n2,526,459\xa0\n건물\n4,925,654\xa0\n(1,887,332)\xa0\n-\xa0\n3,038,323\xa0\n3,038,323\xa0\n합\xa0\xa0 계\n7,452,113\xa0\n(1,887,332)\xa0\n-\xa0\n5,564,782\xa0\n5,564,782\xa0\n(2) 투자부동산의 변동내용은 다음과 같습니다. \xa0 \xa0 \xa0 \xa0 \xa0 \xa0 \xa0 \xa0 \xa0 \xa0 \xa0 \xa0 \xa0 \xa0 \xa0 \xa0 \xa0 \xa0 \xa0 \xa0 \xa0 \xa0 \xa0 \xa0 \xa0 \xa0 \xa0 \xa0 \xa0 \xa0 \xa0 \xa0 \xa0 \xa0 \xa0 \xa0 \xa0 \xa0 \xa0 \xa0 \xa0 \xa0 \xa0 \xa0 \xa0 \xa0 \xa0 \xa0 \xa0 \xa0 (단위 : 천원)\n구분\n당기\n전기\n토지\n건물\n합\xa0\xa0 계\n토지\n건물\n합\xa0\xa0 계\n기초\n2,526,459\xa0\n3,038,321\xa0\n5,564,780\xa0\n5,722,624\xa0\n24,194,415\xa0\n29,917,039\xa0\n증가 :\xa0\n-\xa0\n-\xa0\n-\xa0\n-\xa0\n-\xa0\n-\xa0\n\xa0 취득\n-\xa0\n-\xa0\n-\xa0\n133,425\xa0\n575,728\xa0\n709,153\xa0\n\xa0 대체증가\n-\xa0\n-\xa0\n-\xa0\n-\xa0\n-\xa0\n-\xa0\n\xa0 기타증가\n-\xa0\n-\xa0\n-\xa0\n-\xa0\n-\xa0\n-\xa0\n감소 :\n-\xa0\n-\xa0\n\u3000\n-\xa0\n-\xa0\n\u3000\n\xa0 처분\n-\xa0\n-\xa0\n-\xa0\n-\xa0\n-\xa0\n-\xa0\n\xa0 감가상각\n-\xa0\n(121,741)\xa0\n(121,741)\xa0\n-\xa0\n(797,870)\xa0\n(797,870)\xa0\n\xa0 대체감소\n-\xa0\n-\xa0\n-\xa0\n(3,329,590)\xa0\n(20,933,952)\xa0\n(24,263,542)\xa0\n\xa0 손상차손\n(68,800)\xa0\n(683,025)\xa0\n(751,825)\xa0\n-\xa0\n-\xa0\n-\xa0\n\xa0 기타감소\n-\xa0\n-\xa0\n-\xa0\n-\xa0\n-\xa0\n-\xa0\n기말\n2,457,659\xa0\n2,233,557\xa0\n4,691,216\xa0\n2,526,459\xa0\n3,038,321\xa0\n5,564,780\xa0\n(3) 투자부동산과 관련하여 당기손익으로 인식한 내용은 다음과 같습니다. \xa0 \xa0 \xa0 \xa0 \xa0 \xa0 \xa0 \xa0 \xa0 \xa0 \xa0 \xa0 \xa0 \xa0 \xa0 \xa0 \xa0 \xa0 \xa0 \xa0 \xa0 \xa0 \xa0 \xa0 \xa0 \xa0 \xa0 \xa0 \xa0 \xa0 \xa0 \xa0 \xa0 \xa0 \xa0 \xa0 \xa0 \xa0 \xa0 \xa0 \xa0 \xa0 \xa0 \xa0 \xa0 \xa0 \xa0 \xa0 \xa0 \xa0 (단위 : 천원)\n구분\n당기\n전기\n투자부동산에서 발생한 임대수익\n133,747\xa0\n410,010\xa0\n임대수익투자부동산 감가상각비\n(121,741)\xa0\n(797,870)\xa0\n투자부동산손상차손\n(751,825)\xa0\n-\xa0\n12. 유형자산(1) 유형자산의 내용은 다음과 같습니다. \n<당기>\xa0 \xa0 \xa0 \xa0 \xa0 \xa0 \xa0 \xa0 \xa0 \xa0 \xa0 \xa0 \xa0 \xa0 \xa0 \xa0 \xa0 \xa0 \xa0 \xa0 \xa0 \xa0 \xa0 \xa0 \xa0 \xa0 \xa0 \xa0 \xa0 \xa0 \xa0 \xa0 \xa0 \xa0 \xa0 \xa0 \xa0 \xa0 \xa0 \xa0 \xa0 \xa0 \xa0 \xa0 \xa0 \xa0 \xa0 \xa0 \xa0 \xa0 (단위 : 천원)\n구분\n취득원가\n감가상각누계액\n손상차손누계액\n장부금액\n토지\n31,356,684\xa0\n-\xa0\n(45,202)\xa0\n31,311,482\xa0\n건물\n30,628,726\xa0\n(13,627,694)\xa0\n-\xa0\n17,001,032\xa0\n구축물및부속설비\n1,533,908\xa0\n(888,888)\xa0\n-\xa0\n645,020\xa0\n기계장치\n6,395,635\xa0\n(6,009,802)\xa0\n-\xa0\n385,833\xa0\n공기구비품\n5,691,857\xa0\n(4,891,253)\xa0\n-\xa0\n800,604\xa0\n중기및차량운반구\n2,476,598\xa0\n(2,161,927)\xa0\n-\xa0\n314,671\xa0\n사용권자산-부동산\n577,853\xa0\n(232,652)\xa0\n-\xa0\n345,201\xa0\n사용권자산-기타\n1,389,448\xa0\n(424,066)\xa0\n-\xa0\n965,382\xa0\n합\xa0\xa0 계\n80,050,709\xa0\n(28,236,282)\xa0\n(45,202)\xa0\n51,769,225\xa0\n<전기>\n\xa0 \xa0 \xa0 \xa0 \xa0 \xa0 \xa0 \xa0 \xa0 \xa0 \xa0 \xa0 \xa0 \xa0 \xa0 \xa0 \xa0 \xa0 \xa0 \xa0 \xa0 \xa0 \xa0 \xa0 \xa0 \xa0 \xa0 \xa0 \xa0 \xa0 \xa0 \xa0 \xa0 \xa0 \xa0 \xa0 \xa0 \xa0 \xa0 \xa0 \xa0 \xa0 \xa0 \xa0 \xa0 \xa0 \xa0 \xa0 \xa0 \xa0 (단위 : 천원)\n구분\n취득원가\n감가상각누계액\n손상차손누계액\n장부금액\n토지\n31,101,905\xa0\n-\xa0\n-\xa0\n31,101,905\xa0\n건물\n30,628,726\xa0\n(12,861,976)\xa0\n-\xa0\n17,766,750\xa0\n구축물및부속설비\n1,533,909\xa0\n(838,937)\xa0\n-\xa0\n694,972\xa0\n기계장치\n6,374,405\xa0\n(5,918,472)\xa0\n-\xa0\n455,933\xa0\n공기구비품\n10,037,061\xa0\n(8,846,026)\xa0\n-\xa0\n1,191,035\xa0\n중기및차량운반구\n2,476,598\xa0\n(2,050,281)\xa0\n-\xa0\n426,317\xa0\n사용권자산-부동산\n520,741\xa0\n(256,640)\xa0\n-\xa0\n264,101\xa0\n사용권자산-기타\n186,078\xa0\n(86,902)\xa0\n-\xa0\n99,176\xa0\n합\xa0\xa0 계\n82,859,423\xa0\n(30,859,234)\xa0\n-\xa0\n52,000,189\xa0\n(2) 유형자산의 변동내용은 다음과 같습니다. \n<당기>\xa0 \xa0 \xa0 \xa0 \xa0 \xa0 \xa0 \xa0 \xa0 \xa0 \xa0 \xa0 \xa0 \xa0 \xa0 \xa0 \xa0 \xa0 \xa0 \xa0 \xa0 \xa0 \xa0 \xa0 \xa0 \xa0 \xa0 \xa0 \xa0 \xa0 \xa0 \xa0 \xa0 \xa0 \xa0 \xa0 \xa0 \xa0 \xa0 \xa0 \xa0 \xa0 \xa0 \xa0 \xa0 \xa0 \xa0 \xa0 \xa0 \xa0 (단위 : 천원)\n구분\n토지\n건물\n구축물및부속설비\n기계장치\n공기구비품\n중기및차량운반구\n사용권자산-부동산\n사용권자산-기타\n합\xa0\xa0 계\n기초\n31,101,905\xa0\n17,766,750\xa0\n694,972\xa0\n455,933\xa0\n1,191,035\xa0\n426,317\xa0\n264,101\xa0\n99,176\xa0\n52,000,189\xa0\n증가 :\xa0\n\u3000\n\u3000\n\u3000\n\u3000\n\u3000\n\u3000\n\u3000\n\u3000\n\u3000\n\xa0 취득\n-\xa0\n-\xa0\n-\xa0\n77,000\xa0\n170,709\xa0\n-\xa0\n-\xa0\n-\xa0\n247,709\xa0\n\xa0 기타증가\n209,577\xa0\n-\xa0\n-\xa0\n-\xa0\n-\xa0\n-\xa0\n339,308\xa0\n1,341,867\xa0\n1,890,752\xa0\n감소 :\xa0\n\u3000\n\u3000\n\u3000\n\u3000\n\u3000\n\u3000\n\u3000\n\u3000\n\u3000\n\xa0 처분\n-\xa0\n-\xa0\n-\xa0\n(1)\xa0\n(219)\xa0\n-\xa0\n-\xa0\n-\xa0\n(220)\xa0\n\xa0 감가상각\n\u3000\n(765,718)\xa0\n(49,952)\xa0\n(147,099)\xa0\n(560,921)\xa0\n(111,646)\xa0\n(258,208)\xa0\n(475,661)\xa0\n(2,369,205)\xa0\n\xa0 기타감소\n-\xa0\n-\xa0\n-\xa0\n-\xa0\n-\xa0\n-\xa0\n-\xa0\n-\xa0\n-\xa0\n기말\n31,311,482\xa0\n17,001,032\xa0\n645,020\xa0\n385,833\xa0\n800,604\xa0\n314,671\xa0\n345,201\xa0\n965,382\xa0\n51,769,225\xa0\n<전기>\xa0 \xa0 \xa0 \xa0 \xa0 \xa0 \xa0 \xa0 \xa0 \xa0 \xa0 \xa0 \xa0 \xa0 \xa0 \xa0 \xa0 \xa0 \xa0 \xa0 \xa0 \xa0 \xa0 \xa0 \xa0 \xa0 \xa0 \xa0 \xa0 \xa0 \xa0 \xa0 \xa0 \xa0 \xa0 \xa0 \xa0 \xa0 \xa0 \xa0 \xa0 \xa0 \xa0 \xa0 \xa0 \xa0 \xa0 \xa0 \xa0 \xa0 (단위 : 천원)\n구분\n토지\n건물\n구축물및부속설비\n기계장치\n공기구비품\n중기및차량운반구\n사용권자산-부동산\n사용권자산-기타\n합\xa0\xa0 계\n기초\n31,101,905\xa0\n18,532,469\xa0\n744,922\xa0\n211,870\xa0\n1,552,493\xa0\n335,291\xa0\n-\xa0\n-\xa0\n52,478,950\xa0\n증가 :\xa0\n\u3000\n\u3000\n\u3000\n\u3000\n\u3000\n\u3000\n\u3000\n\u3000\n\u3000\n\xa0 취득\n-\xa0\n-\xa0\n-\xa0\n325,560\xa0\n350,256\xa0\n191,296\xa0\n520,741\xa0\n186,077\xa0\n1,573,930\xa0\n\xa0 기타증가\n-\xa0\n-\xa0\n-\xa0\n-\xa0\n-\xa0\n-\xa0\n-\xa0\n-\xa0\n-\xa0\n감소 :\xa0\n\u3000\n\u3000\n\u3000\n\u3000\n\u3000\n\u3000\n\u3000\n\u3000\n\u3000\n\xa0 처분\n-\xa0\n-\xa0\n-\xa0\n-\xa0\n(102)\xa0\n-\xa0\n-\xa0\n-\xa0\n(102)\xa0\n\xa0 감가상각\n-\xa0\n(765,718)\xa0\n(49,951)\xa0\n(81,496)\xa0\n(711,612)\xa0\n(100,270)\xa0\n(256,640)\xa0\n(86,902)\xa0\n(2,052,589)\xa0\n\xa0 기타감소\n-\xa0\n-\xa0\n-\xa0\n-\xa0\n-\xa0\n-\xa0\n-\xa0\n-\xa0\n-\xa0\n기말\n31,101,905\xa0\n17,766,751\xa0\n694,971\xa0\n455,934\xa0\n1,191,035\xa0\n426,317\xa0\n264,101\xa0\n99,175\xa0\n52,000,189\xa0\n(3) 유형자산 중 소유권이 제한되어 있는 자산은 없으며, 일부는 부채에 대하여 담보로 제공되어 있습니다(주석 37 참조).\n13. 무형자산 \n(1) 무형자산의 내용은 다음과 같습니다. \n<당기>\xa0 \xa0 \xa0 \xa0 \xa0 \xa0 \xa0 \xa0 \xa0 \xa0 \xa0 \xa0 \xa0 \xa0 \xa0 \xa0 \xa0 \xa0 \xa0 \xa0 \xa0 \xa0 \xa0 \xa0 \xa0 \xa0 \xa0 \xa0 \xa0 \xa0 \xa0 \xa0 \xa0 \xa0 \xa0 \xa0 \xa0 \xa0 \xa0 \xa0 \xa0 \xa0 \xa0 \xa0 \xa0 \xa0 \xa0 \xa0 \xa0 \xa0 (단위 : 천원)\n구분\n취득원가\n감가상각누계액\n손상차손누계액\n장부금액\n회원권(주1)\n640,325\xa0\n-\xa0\n(127,165)\xa0\n513,160\xa0\n(주1) 회원권을 비한정내용연수를 가진 무형자산으로 분류하고 상각하지 않고 있습니다.\xa0\n<전기>\xa0 \xa0 \xa0 \xa0 \xa0 \xa0 \xa0 \xa0 \xa0 \xa0 \xa0 \xa0 \xa0 \xa0 \xa0 \xa0 \xa0 \xa0 \xa0 \xa0 \xa0 \xa0 \xa0 \xa0 \xa0 \xa0 \xa0 \xa0 \xa0 \xa0 \xa0 \xa0 \xa0 \xa0 \xa0 \xa0 \xa0 \xa0 \xa0 \xa0 \xa0 \xa0 \xa0 \xa0 \xa0 \xa0 \xa0 \xa0 \xa0 \xa0 (단위 : 천원)\r\n구분\n취득원가\n감가상각누계액\n손상차손누계액\n장부금액\n회원권\n589,825\xa0\n-\xa0\n(45,940)\xa0\n543,885\xa0\n(2) 무형자산의 변동내용은 다음과 같습니다. \xa0 \xa0 \xa0 \xa0 \xa0 \xa0 \xa0 \xa0 \xa0 \xa0 \xa0 \xa0 \xa0 \xa0 \xa0 \xa0 \xa0 \xa0 \xa0 \xa0 \xa0 \xa0 \xa0 \xa0 \xa0 \xa0 \xa0 \xa0 \xa0 \xa0 \xa0 \xa0 \xa0 \xa0 \xa0 \xa0 \xa0 \xa0 \xa0 \xa0 \xa0 \xa0 \xa0 \xa0 \xa0 \xa0 \xa0 \xa0 \xa0 \xa0 (단위 : 천원)\n구분\n당기\n전기\n기초\n543,885\xa0\n543,885\xa0\n증가 :\n\u3000\n\u3000\n\xa0 개별취득\n50,500\xa0\n-\xa0\n\xa0 기타증가\n-\xa0\n-\xa0\n감소 :\xa0\n\u3000\n\u3000\n\xa0 처분\n-\xa0\n-\xa0\n\xa0 상각\n-\xa0\n-\xa0\n\xa0 손상\n(81,225)\n-\xa0\n\xa0 기타감소\n-\xa0\n-\xa0\n기말\n513,160\xa0\n543,885\xa0\n(3) 비용으로 인식한 연구와 개발 지출의 총액은 다음과 같습니다. \xa0 \xa0 \xa0 \xa0 \xa0 \xa0 \xa0 \xa0 \xa0 \xa0 \xa0 \xa0 \xa0 \xa0 \xa0 \xa0 \xa0 \xa0 \xa0 \xa0 \xa0 \xa0 \xa0 \xa0 \xa0 \xa0 \xa0 \xa0 \xa0 \xa0 \xa0 \xa0 \xa0 \xa0 \xa0 \xa0 \xa0 \xa0 (단위 : 천원)\n구분\n당기\n전기\n기술개발비\n176,525\xa0\n222,266\xa0\n14. 리스\n(1) 보고기간말 현재 기초자산 유형별 사용권자산의 내역은 다음과 같습니다.\xa0 \xa0 \xa0 \xa0 \xa0 \xa0 \xa0 \xa0 \xa0 \xa0 \xa0 \xa0 \xa0 \xa0 \xa0 \xa0 \xa0 \xa0 \xa0 \xa0 \xa0 \xa0 \xa0 \xa0 \xa0 \xa0 \xa0 \xa0 \xa0 \xa0 \xa0 \xa0 \xa0 \xa0 \xa0 \xa0 \xa0 \xa0 \xa0 \xa0 \xa0 \xa0 \xa0 \xa0 \xa0 \xa0 \xa0 \xa0 \xa0\xa0 (단위 : 천원)\n구분\n당기\n전기\n부동산\n345,201\xa0\n264,101\xa0\n중기\n938,561\xa0\n27,861\xa0\n차량운반구\n26,821\xa0\n71,315\xa0\n합\xa0\xa0 계\n1,310,583\xa0\n363,277\xa0\n당기 중 증가된 사용권자산은 1,681,175천원입니다.(2) 보고기간 중 리스와 관련해 손익으로 인식된 금액은 다음과 같습니다.\n\xa0 \xa0 \xa0 \xa0 \xa0 \xa0 \xa0 \xa0 \xa0 \xa0 \xa0 \xa0 \xa0 \xa0 \xa0 \xa0 \xa0 \xa0 \xa0 \xa0 \xa0 \xa0 \xa0 \xa0 \xa0 \xa0 \xa0 \xa0 \xa0 \xa0 \xa0 \xa0 \xa0 \xa0 \xa0 \xa0 \xa0 \xa0 \xa0 \xa0 \xa0 \xa0 \xa0 \xa0 \xa0 \xa0 \xa0 (단위 : 천원)\n구분\n당기\n전기\n사용권자산의 감가상각비\n\xa0 부동산\n258,208\xa0\n256,640\xa0\n\xa0 중기\n422,330\xa0\n55,721\xa0\n\xa0 차량운반구\n53,331\xa0\n31,181\xa0\n이자비용\n14,238\xa0\n7,388\xa0\n단기리스료\n199,201\xa0\n607,378\xa0\n소액리스료\n27,176\xa0\n21,133\xa0\n합\xa0\xa0 계\n974,484\xa0\n979,441\xa0\n당기 중 리스의 총 현금유출은 1,030,940천원입니다. (3) 보고기간말 현재 리스부채의 내역은 다음과 같습니다.\xa0\n\xa0 \xa0 \xa0 \xa0 \xa0 \xa0 \xa0 \xa0 \xa0 \xa0 \xa0 \xa0 \xa0 \xa0 \xa0 \xa0 \xa0 \xa0 \xa0 \xa0 \xa0 \xa0 \xa0 \xa0 \xa0 \xa0 \xa0 \xa0 \xa0 \xa0 \xa0 \xa0 \xa0 \xa0 \xa0 \xa0 \xa0 \xa0 \xa0 \xa0 \xa0 \xa0 \xa0 \xa0 \xa0 \xa0 (단위 : 천원)\n구분\n당기\n전기\n최소리스료\n최소리스료의 현재가치\n최소리스료\n최소리스료의 현재가치\n1년 이내\n911,129\xa0\n881,682\xa0\n208,925\xa0\n231,387\xa0\n1년 초과 5년 이내\n372,620\xa0\n335,272\xa0\n112,400\xa0\n102,593\xa0\n5년 초과\n16,800\xa0\n14,203\xa0\n20,160\xa0\n16,925\xa0\n합\xa0\xa0 계\n1,300,549\xa0\n1,231,157\xa0\n341,485\xa0\n350,905\xa0\n(4) 보고기간말 현재 리스부채의 유동성분류 내역은 다음과 같습니다.\xa0 \xa0 \xa0 \xa0 \xa0 \xa0 \xa0 \xa0 \xa0 \xa0 \xa0 \xa0 \xa0 \xa0 \xa0 \xa0 \xa0 \xa0 \xa0 \xa0 \xa0 \xa0 \xa0 \xa0 \xa0 \xa0 \xa0 \xa0 \xa0 \xa0 \xa0 \xa0 \xa0 \xa0 \xa0 \xa0 \xa0 \xa0 \xa0 \xa0 \xa0 \xa0 \xa0 \xa0 \xa0 \xa0 \xa0 \xa0 \xa0 \xa0 \xa0 (단위 : 천원)\n구분\n당기\n전기\n유동\n881,682\xa0\n231,387\xa0\n비유동\n349,475\xa0\n119,518\xa0\n합\xa0\xa0 계\n1,231,157\xa0\n350,905\xa0\n15. 매각예정자산(1) 매각예정 처분자산집단의 내용은 다음과 같습니다. \xa0 \xa0 \xa0 \xa0 \xa0 \xa0 \xa0 \xa0 \xa0 \xa0 \xa0 \xa0 \xa0 \xa0 \xa0 \xa0 \xa0 \xa0 \xa0 \xa0 \xa0 \xa0 \xa0 \xa0 \xa0 \xa0 \xa0 \xa0 \xa0 \xa0 \xa0 \xa0 \xa0 \xa0 \xa0 \xa0 \xa0 \xa0 \xa0 \xa0 \xa0 \xa0 \xa0 \xa0 \xa0 \xa0 \xa0 \xa0 \xa0 \xa0 (단위 : 천원)\n구분\n당기\n전기\n매각자산\n관련부채\n매각자산\n관련부채\n광주송정파크 지분증권\n1,500,000\xa0\n-\xa0\n-\xa0\n-\xa0\n(2) 매각예정 처분자산집단의 매각(예정)내용은 다음과 같습니다. \xa0 \xa0 \xa0 \xa0 \xa0 \xa0 \xa0 \xa0 \xa0 \xa0 \xa0 \xa0 \xa0 \xa0 \xa0 \xa0 \xa0 \xa0 \xa0 \xa0 \xa0 \xa0 \xa0 \xa0 \xa0 \xa0 \xa0 \xa0 \xa0 \xa0 \xa0 \xa0 \xa0 \xa0 \xa0 \xa0 \xa0 \xa0 \xa0 \xa0 \xa0 \xa0 \xa0 \xa0 \xa0 \xa0 \xa0 \xa0 \xa0 \xa0 (단위 : 천원)\n구분\n매각(예정)가액\n처분관련손익\n손상차손\n매각내용\n광주송정파크 지분증권\n1,500,000\xa0\n-\xa0\n-\xa0\n주식양도\n보유지분의 양도계약 체결후 계약금 10억원 및 계약이행보증금 5억원을 수령하였습니다. 이후 경기도 광주시의 승인시 지분이 양도될 예정입니다.\n16. 매입채무 및 기타채무매입채무 및 기타채무의 내용은 다음과 같습니다. \xa0 \xa0 \xa0 \xa0 \xa0 \xa0 \xa0 \xa0 \xa0 \xa0 \xa0 \xa0 \xa0 \xa0 \xa0 \xa0 \xa0 \xa0 \xa0 \xa0 \xa0 \xa0 \xa0 \xa0 \xa0 \xa0 \xa0 \xa0 \xa0 \xa0 \xa0 \xa0 \xa0 \xa0 \xa0 \xa0 \xa0 \xa0 \xa0 \xa0 \xa0 \xa0 \xa0 \xa0 \xa0 \xa0 \xa0 \xa0 \xa0 \xa0 (단위 : 천원)\n구분\n당기\n전기\n매입채무\n23,506,311\xa0\n39,087,012\xa0\n단기기타채무\n\u3000\n\u3000\n\xa0 미지급금\n3,026,873\xa0\n2,473,890\xa0\n\xa0 미지급비용\n2,534,541\xa0\n1,783,507\xa0\n소\xa0\xa0 계\n29,067,725\xa0\n43,344,409\xa0\n장기기타채무\n\u3000\n\u3000\n\xa0 장기미지급비용\n304,411\xa0\n297,820\xa0\n소\xa0\xa0 계\n304,411\xa0\n297,820\xa0\n합\xa0\xa0 계\n29,372,136\xa0\n43,642,229\xa0\n17. 차입금(1) 장기차입금의 상세 내용은 다음과 같습니다. \xa0 \xa0 \xa0 \xa0 \xa0 \xa0 \xa0 \xa0 \xa0 \xa0 \xa0 \xa0 \xa0 \xa0 \xa0 \xa0 \xa0 \xa0 \xa0 \xa0 \xa0 \xa0 \xa0 \xa0 \xa0 \xa0 \xa0 \xa0 \xa0 \xa0 \xa0 \xa0 \xa0 \xa0 \xa0 \xa0 \xa0 \xa0 \xa0 \xa0 \xa0 \xa0 \xa0 \xa0 \xa0 \xa0 \xa0 \xa0 \xa0 \xa0 (단위 : 천원)\n구분\n차입처\n연이자율\n당기\n전기\n상환방법\n원화장기차입금\n우리은행\n2.00%\n4,665,700\xa0\n7,591,100\xa0\n분할상환\n유동성대체액\n(4,665,700)\xa0\n-\xa0\n비유동성잔액\n-\xa0\n7,591,100\xa0\n(2) 장기차입금 상환일정은 다음과 같습니다.\xa0 \xa0 \xa0 \xa0 \xa0 \xa0 \xa0 \xa0 \xa0 \xa0 \xa0 \xa0 \xa0 \xa0 \xa0 \xa0 \xa0 \xa0 \xa0 \xa0 \xa0 \xa0 \xa0 \xa0 \xa0 \xa0 \xa0 \xa0 \xa0 \xa0 \xa0 \xa0 \xa0 \xa0 \xa0 \xa0 \xa0 \xa0 \xa0 \xa0 \xa0 \xa0 \xa0 \xa0 \xa0 \xa0 \xa0 \xa0 \xa0 \xa0 \xa0 (단위 : 천원)\n구분\n장기차입금\n1년 이내\n4,665,700\xa0\n18. 기타금융부채(1) 기타금융부채의 내용은 다음과 같습니다. \xa0 \xa0 \xa0 \xa0 \xa0 \xa0 \xa0 \xa0 \xa0 \xa0 \xa0 \xa0 \xa0 \xa0 \xa0 \xa0 \xa0 \xa0 \xa0 \xa0 \xa0 \xa0 \xa0 \xa0 \xa0 \xa0 \xa0 \xa0 \xa0 \xa0 \xa0 \xa0 \xa0 \xa0 \xa0 \xa0 \xa0 \xa0 \xa0 \xa0 \xa0 (단위 : 천원)\r\n구분\n당기\n전기\n단기기타금융부채 :\xa0\n\xa0 상각후원가측정금융부채\n3,445,352\xa0\n4,794,077\xa0\n소\xa0\xa0 계\n3,445,352\xa0\n4,794,077\xa0\n장기기타금융부채 :\xa0\n\u3000\n\u3000\n\xa0 상각후원가측정금융부채\n3,842,970\xa0\n1,502,690\xa0\n소\xa0\xa0 계\n3,842,970\xa0\n1,502,690\xa0\n합\xa0\xa0 계\n7,288,322\xa0\n6,296,767\xa0\n(2) 상각후원가로 측정되는 금융부채의 내용은 다음과 같습니다.\xa0 \xa0 \xa0 \xa0 \xa0 \xa0 \xa0 \xa0 \xa0 \xa0 \xa0 \xa0 \xa0 \xa0 \xa0 \xa0 \xa0 \xa0 \xa0 \xa0 \xa0 \xa0 \xa0 \xa0 \xa0 \xa0 \xa0 \xa0 \xa0 \xa0 \xa0 \xa0 \xa0 \xa0 \xa0 \xa0 \xa0 \xa0 \xa0 \xa0 \xa0 \xa0 \xa0 \xa0 \xa0 \xa0 \xa0 \xa0 \xa0 \xa0 \xa0 (단위 : 천원)\n구분\n당기\n전기\n유동\n\xa0 임대보증금\n2,563,670\xa0\n4,562,690\xa0\n\xa0 리스부채\n881,682\xa0\n231,387\xa0\n소\xa0\xa0 계\n3,445,352\xa0\n4,794,077\xa0\n비유동\n\u3000\n\u3000\n\xa0 임대보증금\n3,291,000\xa0\n1,353,130\xa0\n\xa0 금융보증부채\n202,495\xa0\n30,043\xa0\n\xa0 리스부채\n349,475\xa0\n119,517\xa0\n소\xa0\xa0 계\n3,842,970\xa0\n1,502,690\xa0\n합\xa0\xa0 계\n7,288,322\xa0\n6,296,767\xa0\n19. 퇴직급여부채(1) 퇴직급여부채의 내용은 다음과 같습니다. \xa0 \xa0 \xa0 \xa0 \xa0 \xa0 \xa0 \xa0 \xa0 \xa0 \xa0 \xa0 \xa0 \xa0 \xa0 \xa0 \xa0 \xa0 \xa0 \xa0 \xa0 \xa0 \xa0 \xa0 \xa0 \xa0 \xa0 \xa0 \xa0 \xa0 \xa0 \xa0 \xa0 \xa0 \xa0 \xa0 \xa0 \xa0 \xa0 \xa0 \xa0 \xa0 \xa0 \xa0 \xa0 \xa0 \xa0 \xa0 \xa0 \xa0 (단위 : 천원)\n구분\n당기\n전기\n확정급여채무의 현재가치\n18,045,378\xa0\n17,113,397\xa0\n사외적립자산의 공정가치\n(13,246,239)\xa0\n(11,926,960)\xa0\n기타\n(52,323)\xa0\n(61,425)\xa0\n합\xa0\xa0 계\n4,746,816\xa0\n5,125,012\xa0\n(2) 확정급여채무확정급여채무의 변동내용은 다음과 같습니다. \xa0 \xa0 \xa0 \xa0 \xa0 \xa0 \xa0 \xa0 \xa0 \xa0 \xa0 \xa0 \xa0 \xa0 \xa0 \xa0 \xa0 \xa0 \xa0 \xa0 \xa0 \xa0 \xa0 \xa0 \xa0 \xa0 \xa0 \xa0 \xa0 \xa0 \xa0 \xa0 \xa0 \xa0 \xa0 \xa0 \xa0 \xa0 \xa0 \xa0 \xa0 \xa0 \xa0 \xa0 \xa0 \xa0 \xa0 \xa0 \xa0 \xa0 (단위 : 천원)\n구분\n당기\n전기\n기초\n17,113,397\xa0\n16,168,591\xa0\n근무원가\n1,330,578\xa0\n1,187,833\xa0\n이자원가\n321,303\xa0\n347,306\xa0\n재측정요소 :\xa0\n\u3000\n\u3000\n\xa0 재무적가정의 변동에서 발생하는 보험수리적손익\n88,680\xa0\n329,506\xa0\n\xa0\xa0기타사항에 의한 효과\n285,761\xa0\n518,150\xa0\n급여지급액\n(2,274,273)\xa0\n(2,388,350)\xa0\n과거근무원가\n-\xa0\n-\xa0\n계열사전입\n1,179,932\xa0\n950,361\xa0\n기말\n18,045,378\xa0\n17,113,397\xa0\n(3) 사외적립자산1) 사외적립자산의 공정가치 변동내용은 다음과 같습니다. \xa0 \xa0 \xa0 \xa0 \xa0 \xa0 \xa0 \xa0 \xa0 \xa0 \xa0 \xa0 \xa0 \xa0 \xa0 \xa0 \xa0 \xa0 \xa0 \xa0 \xa0 \xa0 \xa0 \xa0 \xa0 \xa0 \xa0 \xa0 \xa0 \xa0 \xa0 \xa0 \xa0 \xa0 \xa0 \xa0 \xa0 \xa0 \xa0 \xa0 \xa0 \xa0 \xa0 \xa0 \xa0 \xa0 \xa0 \xa0 \xa0 \xa0 (단위 : 천원)\n구분\n당기\n전기\n기초\n11,926,960\xa0\n9,139,892\xa0\n이자수익\n223,927\xa0\n196,327\xa0\n재측정요소 :\xa0\n-\xa0\n-\xa0\n\xa0 사외적립자산의 수익(이자수익에 포함된 금액 제외)\n(73,589)\xa0\n(67,724)\xa0\n사용자의 기여금\n2,295,542\xa0\n3,400,000\xa0\n급여지급액\n(1,534,590)\xa0\n(1,072,893)\xa0\n계열사전입\n407,990\xa0\n331,358\xa0\n기말\n13,246,239\xa0\n11,926,960\xa0\n2) 사외적립자산의 구성내용은 다음과 같습니다. \xa0 \xa0 \xa0 \xa0 \xa0 \xa0 \xa0 \xa0 \xa0 \xa0 \xa0 \xa0 \xa0 \xa0 \xa0 \xa0 \xa0 \xa0 \xa0 \xa0 \xa0 \xa0 \xa0 \xa0 \xa0 \xa0 \xa0 \xa0 \xa0 \xa0 \xa0 \xa0 \xa0 \xa0 \xa0 \xa0 \xa0 \xa0 \xa0 \xa0 \xa0 \xa0 \xa0 \xa0 \xa0 \xa0 \xa0 \xa0 \xa0 \xa0 (단위 : 천원)\n구분\n당기\n전기\n정기예금\n13,246,239\xa0\n11,926,960\xa0\n3) 사외적립자산의 실제수익은 다음과 같습니다. \xa0 \xa0 \xa0 \xa0 \xa0 \xa0 \xa0 \xa0 \xa0 \xa0 \xa0 \xa0 \xa0 \xa0 \xa0 \xa0 \xa0 \xa0 \xa0 \xa0 \xa0 \xa0 \xa0 \xa0 \xa0 \xa0 \xa0 \xa0 \xa0 \xa0 \xa0 \xa0 \xa0 \xa0 \xa0 \xa0 \xa0 \xa0 \xa0 \xa0 \xa0 \xa0 \xa0 \xa0 \xa0 \xa0 \xa0 \xa0 \xa0 \xa0 (단위 : 천원)\n구분\n당기\n전기\n사외적립자산의 실제수익\n150,338\xa0\n128,603\xa0\n(4) 총비용1) 당기손익으로 인식한 총비용의 내용은 다음과 같습니다. \xa0 \xa0 \xa0 \xa0 \xa0 \xa0 \xa0 \xa0 \xa0 \xa0 \xa0 \xa0 \xa0 \xa0 \xa0 \xa0 \xa0 \xa0 \xa0 \xa0 \xa0 \xa0 \xa0 \xa0 \xa0 \xa0 \xa0 \xa0 \xa0 \xa0 \xa0 \xa0 \xa0 \xa0 \xa0 \xa0 \xa0 \xa0 \xa0 \xa0 \xa0 \xa0 \xa0 \xa0 \xa0 \xa0 \xa0 \xa0 \xa0 \xa0 (단위 : 천원)\n구분\n당기\n전기\n당기근무원가\n1,330,578\xa0\n1,187,833\xa0\n순이자손익\n97,376\xa0\n150,979\xa0\n합\xa0\xa0 계\n1,427,954\xa0\n1,338,812\xa0\n2) 당기손익으로 인식한 총비용의 계정과목별 내용은 다음과 같습니다. \xa0 \xa0 \xa0 \xa0 \xa0 \xa0 \xa0 \xa0 \xa0 \xa0 \xa0 \xa0 \xa0 \xa0 \xa0 \xa0 \xa0 \xa0 \xa0 \xa0 \xa0 \xa0 \xa0 \xa0 \xa0 \xa0 \xa0 \xa0 \xa0 \xa0 \xa0 \xa0 \xa0 \xa0 \xa0 \xa0 \xa0 \xa0 \xa0 \xa0 \xa0 \xa0 \xa0 \xa0 \xa0 \xa0 \xa0 \xa0 \xa0 \xa0 (단위 : 천원)\n구분\n당기\n전기\n매출원가\n670,596\xa0\n790,410\xa0\n판매비와관리비\n757,358\xa0\n548,403\xa0\n합\xa0\xa0 계\n1,427,954\xa0\n1,338,812\xa0\n(5) 기타포괄손익으로 인식하는 재측정요소는 다음과 같습니다. \xa0 \xa0 \xa0 \xa0 \xa0 \xa0 \xa0 \xa0 \xa0 \xa0 \xa0 \xa0 \xa0 \xa0 \xa0 \xa0 \xa0 \xa0 \xa0 \xa0 \xa0 \xa0 \xa0 \xa0 \xa0 \xa0 \xa0 \xa0 \xa0 \xa0 \xa0 \xa0 \xa0 \xa0 \xa0 \xa0 \xa0 \xa0 \xa0 \xa0 \xa0 \xa0 \xa0 \xa0 \xa0 \xa0 \xa0 \xa0 \xa0 \xa0 (단위 : 천원)\n구분\n당기\n전기\n법인세차감전 재측정요소\n(448,030)\xa0\n(774,254)\xa0\n법인세효과\n98,566\xa0\n170,336\xa0\n법인세차감후 재측정요소\n(349,464)\xa0\n(603,918)\xa0\n(6) 보험수리적가정 1) 보험수리적가정의 주요 내용은 다음과 같습니다. \xa0 \xa0 \xa0 \xa0 \xa0 \xa0 \xa0 \xa0 \xa0 \xa0 \xa0 \xa0 \xa0 \xa0 \xa0 \xa0 \xa0 \xa0 \xa0 \xa0 \xa0 \xa0 \xa0 \xa0 \xa0 \xa0 \xa0 \xa0 \xa0 \xa0 \xa0 \xa0 \xa0 \xa0 \xa0 \xa0 \xa0 \xa0 \xa0 \xa0 \xa0 \xa0 \xa0 \xa0 \xa0 \xa0 \xa0 \xa0 \xa0 \xa0 (단위 : 천원)\n구분\n당기\n전기\n할인율\n1.87%\n1.95%\n미래임금상승률\n4.93%\n4.93%\n2) 보고기간종료일 현재 주요 가정의 변동에 따른 확정급여채무의 민감도 분석은 다음과 같습니다.<당기>\xa0\xa0 \xa0 \xa0 \xa0 \xa0 \xa0 \xa0 \xa0 \xa0 \xa0 \xa0 \xa0 \xa0 \xa0 \xa0 \xa0 \xa0 \xa0 \xa0 \xa0 \xa0 \xa0 \xa0 \xa0 \xa0 \xa0 \xa0 \xa0 \xa0 \xa0 \xa0 \xa0 \xa0 \xa0 \xa0 \xa0 \xa0 \xa0 \xa0 \xa0 \xa0 \xa0 \xa0 \xa0 \xa0 \xa0\xa0 (단위 : 천원)\n구\xa0 \xa0\xa0 분\n금\xa0 액\n비\xa0 율\n할인율 :\n\u3000\n\u3000\n\xa0 0.5%p 증가\n17,481,930\xa0\n(-)3.12%\n\xa0 0.5%p 감소\n18,642,269\xa0\n3.31%\n임금상승률 :\n\u3000\n\xa0 0.5%p 증가\n18,622,124\xa0\n3.20%\n\xa0 0.5%p 감소\n17,494,859\xa0\n(-)3.05%\n<전기>\xa0\n\xa0 \xa0 \xa0 \xa0 \xa0 \xa0 \xa0 \xa0 \xa0 \xa0 \xa0 \xa0 \xa0 \xa0 \xa0 \xa0 \xa0 \xa0 \xa0 \xa0 \xa0 \xa0 \xa0 \xa0 \xa0 \xa0 \xa0 \xa0 \xa0 \xa0 \xa0 \xa0 \xa0 \xa0 \xa0 \xa0 \xa0 \xa0 \xa0 \xa0 \xa0 \xa0 \xa0 \xa0 \xa0 \xa0\xa0 (단위 : 천원)\n구\xa0 \xa0\xa0 분\n금\xa0 액\n비\xa0 율\n할인율 :\n\u3000\n\u3000\n\xa0 0.5%p 증가\n16,572,308\xa0\n(-)3.16%\n\xa0 0.5%p 감소\n17,686,506\xa0\n3.35%\n임금상승률 :\n\u3000\n\u3000\n\xa0 0.5%p 증가\n17,667,591\xa0\n3.24%\n\xa0 0.5%p 감소\n16,584,341\xa0\n(-)3.09%\n(7) 당기말 현재 회사의 확정급여채무의 가중평균만기는 6.39년이며, 할인되지 않은 연금 급여지급액의 만기분석은 다음과 같습니다.\xa0 \xa0 \xa0 \xa0 \xa0 \xa0 \xa0 \xa0 \xa0 \xa0 \xa0 \xa0 \xa0 \xa0 \xa0 \xa0 \xa0 \xa0 \xa0 \xa0 \xa0 \xa0 \xa0 \xa0 \xa0 \xa0 \xa0 \xa0 \xa0 \xa0 \xa0 \xa0 \xa0 \xa0 \xa0 \xa0 \xa0 \xa0 \xa0 \xa0 \xa0 \xa0 \xa0 \xa0 \xa0 \xa0 \xa0 \xa0 \xa0 \xa0 (단위 : 천원)\n구 분\n1년미만\n1년~2년미만\n2년~5년미만\n5년~10년미만\n10년 이상\n합\xa0\xa0 계\n급여지급액\n1,352,727\xa0\n1,659,047\xa0\n7,249,137\xa0\n10,032,118\xa0\n15,484,953\xa0\n35,777,982\xa0\n20. 충당부채충당부채의 변동내용은 다음과 같습니다. \xa0 \xa0 \xa0 \xa0 \xa0 \xa0 \xa0 \xa0 \xa0 \xa0 \xa0 \xa0 \xa0 \xa0 \xa0 \xa0 \xa0 \xa0 \xa0 \xa0 \xa0 \xa0 \xa0 \xa0 \xa0 \xa0 \xa0 \xa0 \xa0 \xa0 \xa0 \xa0 \xa0 \xa0 \xa0 \xa0 \xa0 \xa0 \xa0 \xa0 \xa0 \xa0 \xa0 \xa0 \xa0 \xa0 \xa0 \xa0 \xa0 \xa0 (단위 : 천원)\r\n구분\n당기\n전기\n특별수선충당부채\n하자보수충당부채\n보증손실충당부채\n특별수선충당부채\n하자보수충당부채\n보증손실충당부채\n충당부채변동내용 :\xa0\n\u3000\n\u3000\n\u3000\n\u3000\n\u3000\n\u3000\n\xa0 기초\n131,753\xa0\n32,761,806\xa0\n17,727,662\xa0\n114,474\xa0\n35,760,605\xa0\n-\xa0\n\xa0 설정\n19,908\xa0\n4,642,990\xa0\n4,633,096\xa0\n17,279\xa0\n4,835,692\xa0\n17,727,662\xa0\n\xa0 사용\n(151,661)\xa0\n(6,778,717)\xa0\n(3,000,000)\xa0\n-\xa0\n(3,915,687)\xa0\n-\xa0\n\xa0 환입\n-\xa0\n(2,071,752)\xa0\n-\xa0\n-\xa0\n(3,918,804)\xa0\n-\xa0\n\xa0 현재가치기간경과\n-\xa0\n-\xa0\n1,786,921\xa0\n-\xa0\n-\xa0\n-\xa0\n\xa0 기말 :\xa0\n-\xa0\n28,554,327\xa0\n21,147,679\xa0\n131,753\xa0\n32,761,806\xa0\n17,727,662\xa0\n\xa0 \xa0 유동성\n-\xa0\n-\xa0\n9,471,101\xa0\n-\xa0\n-\xa0\n-\xa0\n\xa0 \xa0 비유동성\n-\xa0\n28,554,327\xa0\n11,676,578\xa0\n131,753\xa0\n32,761,806\xa0\n17,727,662\xa0\n21. 기타부채\n(1) 기타부채의 내용은 다음과 같습니다.\xa0 \xa0 \xa0 \xa0 \xa0 \xa0 \xa0 \xa0 \xa0 \xa0 \xa0 \xa0 \xa0 \xa0 \xa0 \xa0 \xa0 \xa0 \xa0 \xa0 \xa0 \xa0 \xa0 \xa0 \xa0 \xa0 \xa0 \xa0 \xa0 \xa0 \xa0 \xa0 \xa0 \xa0 \xa0 \xa0 \xa0 \xa0 \xa0 \xa0 \xa0 \xa0 \xa0 \xa0 \xa0 \xa0 \xa0 \xa0 \xa0 \xa0 \xa0 (단위 : 천원)\n구분\n당기\n전기\n기타유동부채 :\n\u3000\n\u3000\n\xa0 선수금\n3,761,979\xa0\n5,084,440\xa0\n\xa0 공사선수금\n545,454\xa0\n-\xa0\n\xa0 분양선수금\n1,049,303\xa0\n100,006,660\xa0\n\xa0 예수금\n5,381,139\xa0\n4,029,781\xa0\n\xa0 선수수익\n144,266\xa0\n144,266\xa0\n소\xa0\xa0 계\n10,882,141\xa0\n109,265,147\xa0\n기타비유동부채 :\xa0\n-\xa0\n-\xa0\n\xa0 선수수익\n456,844\xa0\n601,110\xa0\n소\xa0\xa0 계\n456,844\xa0\n601,110\xa0\n합\xa0\xa0 계\n11,338,985\xa0\n109,866,257\xa0\n22. 계약자산과 계약부채(1) 보고기간말 현재 계약자산과 계약부채의 내용은 다음과 같습니다.\xa0 \xa0 \xa0 \xa0 \xa0 \xa0 \xa0 \xa0 \xa0 \xa0 \xa0 \xa0 \xa0 \xa0 \xa0 \xa0 \xa0 \xa0 \xa0 \xa0 \xa0 \xa0 \xa0 \xa0 \xa0 \xa0 \xa0 \xa0 \xa0 \xa0 \xa0 \xa0 \xa0 \xa0 \xa0 \xa0 \xa0 \xa0 \xa0 \xa0 \xa0 \xa0 \xa0 \xa0 \xa0 \xa0 \xa0 \xa0 \xa0 \xa0 \xa0 (단위 : 천원)\n구 분\n당기\n전기\n건설 도급 계약에 대한 계약자산 - 미청구공사\n21,807,105\xa0\n17,228,435\xa0\n자산으로 인식한 계약체결증분원가 - 선급공사원가\n8,009,584\xa0\n10,851,492\xa0\n계약자산 합계\n29,816,689\xa0\n28,079,927\xa0\n건설 도급 계약에 대한 계약부채 - 초과청구공사\n22,567,416\xa0\n9,974,089\xa0\n건설 도급 계약에 대한 계약부채 - 공사선수금\n545,455\xa0\n-\xa0\n주택 분양 계약에 대한 계약부채 - 분양선수금\n1,049,303\xa0\n100,006,660\xa0\n계약부채 합계\n24,162,174\xa0\n109,980,749\xa0\n(2) 보고기간 초의 계약부채 잔액 중 당기에 수익으로 인식한 금액은 다음과 같으며, 전기에 이행한(또는 부분적으로 이행한) 수행의무에 대해 당기에 인식한 수익은 다음과 같습니다.\xa0 \xa0 \xa0 \xa0 \xa0 \xa0 \xa0 \xa0 \xa0 \xa0 \xa0 \xa0 \xa0 \xa0 \xa0 \xa0 \xa0 \xa0 \xa0 \xa0 \xa0 \xa0 \xa0 \xa0 \xa0 \xa0 \xa0 \xa0 \xa0 \xa0 \xa0 \xa0 \xa0 \xa0 \xa0 \xa0 \xa0 \xa0 \xa0 \xa0 \xa0 \xa0 \xa0 \xa0 \xa0 \xa0 \xa0 \xa0 \xa0 \xa0 \xa0 (단위 : 천원)\n구 분\n금액\n기초의 계약부채 잔액 중 당기에 인식한 수익\n\xa0초과청구공사\n9,901,500\xa0\n\xa0분양선수금\n100,006,660\xa0\n전기에 이행한 수행의무에 대해 당기에 인식한 수익\n\u3000\n\xa0 거래가격의 변동\n10,653,679\xa0\n합\xa0\xa0 계\n120,561,839\xa0\n(3) 회사는 보고기간말 현재 이행되지 않은(또는 부분적으로 이행되지 않은) 계약에 배분된 거래가격은 도급 계약이 종료되는 시점까지 진행률에 따라 수익으로 인식될 것으로 예상하고 있습니다.\n보고기간말 현재 이행되지 않은 수행의무에 배분된 거래가격은 다음과 같습니다.\xa0 \xa0 \xa0 \xa0 \xa0 \xa0 \xa0 \xa0 \xa0 \xa0 \xa0 \xa0 \xa0 \xa0 \xa0 \xa0 \xa0 \xa0 \xa0 \xa0 \xa0 \xa0 \xa0 \xa0 \xa0 \xa0 \xa0 \xa0 \xa0 \xa0 \xa0 \xa0 \xa0 \xa0 \xa0 \xa0 \xa0 \xa0 \xa0 \xa0 \xa0 \xa0 \xa0 \xa0 \xa0 \xa0 \xa0 \xa0 \xa0 \xa0 \xa0 (단위 : 천원)\n구 분\n당기\n전기\n외주공사계약금액\n1,772,769,338\xa0\n1,917,151,618\xa0\n합\xa0\xa0 계\n1,772,769,338\xa0\n1,917,151,618\xa0\n23. 자본금과 자본잉여금(1) 자본금자본금의 내용은 다음과 같습니다. \xa0 \xa0 \xa0 \xa0 \xa0 \xa0 \xa0 \xa0 \xa0 \xa0 \xa0 \xa0 \xa0 \xa0 \xa0 \xa0 \xa0 \xa0 \xa0 \xa0 \xa0 \xa0 \xa0 \xa0 \xa0 \xa0 \xa0 \xa0 \xa0 \xa0 \xa0 \xa0 \xa0 \xa0 \xa0 \xa0 \xa0 \xa0 \xa0 \xa0 \xa0 \xa0 \xa0 \xa0 \xa0 \xa0 \xa0 \xa0 \xa0\xa0 (단위 : 천원)\n구분\n당기\n전기\n발행할 주식의 총수\n30,000천주\n30,000천주\n1주당 액면금액\n5,000원\n5,000원\n발행한 주식수\n12,450,800주\n12,450,800주\n보통주자본금\n62,254,000\xa0\n62,254,000\xa0\n(2) 자본잉여금1)\xa0 자본잉여금의 내용은 다음과 같습니다.\xa0 \xa0 \xa0 \xa0 \xa0 \xa0 \xa0 \xa0 \xa0 \xa0 \xa0 \xa0 \xa0 \xa0 \xa0 \xa0 \xa0 \xa0 \xa0 \xa0 \xa0 \xa0 \xa0 \xa0 \xa0 \xa0 \xa0 \xa0 \xa0 \xa0 \xa0 \xa0 \xa0 \xa0 \xa0 \xa0 \xa0 \xa0 \xa0 \xa0 \xa0 \xa0 \xa0 \xa0 \xa0 \xa0 \xa0 \xa0 \xa0\xa0 (단위 : 천원)\n구분\n당기\n전기\n주식발행초과금\n43,666,518\xa0\n43,666,518\xa0\n기타자본잉여금\n3,767,037\xa0\n3,767,037\xa0\n합\xa0\xa0 계\n47,433,555\xa0\n47,433,555\xa0\n2) 자본잉여금의 변동내용은 다음과 같습니다. <당기>\n\xa0 \xa0 \xa0 \xa0 \xa0 \xa0 \xa0 \xa0 \xa0 \xa0 \xa0 \xa0 \xa0 \xa0 \xa0 \xa0 \xa0 \xa0 \xa0 \xa0 \xa0 \xa0 \xa0 \xa0 \xa0 \xa0 \xa0 \xa0 \xa0 \xa0 \xa0 \xa0 \xa0 \xa0 \xa0 \xa0 \xa0 \xa0 \xa0 \xa0 \xa0 \xa0 \xa0 \xa0 \xa0 \xa0 \xa0 \xa0 \xa0 \xa0 \xa0 (단위 : 천원)\n구분\n기초\n증가\n감소\n기말\n주식발행초과금\n43,666,518\xa0\n-\xa0\n-\xa0\n43,666,518\xa0\n기타자본잉여금\n3,767,037\xa0\n-\xa0\n-\xa0\n3,767,037\xa0\n합\xa0\xa0 계\n47,433,555\xa0\n-\xa0\n-\xa0\n47,433,555\xa0\n<전기>\n\xa0 \xa0 \xa0 \xa0 \xa0 \xa0 \xa0 \xa0 \xa0 \xa0 \xa0 \xa0 \xa0 \xa0 \xa0 \xa0 \xa0 \xa0 \xa0 \xa0 \xa0 \xa0 \xa0 \xa0 \xa0 \xa0 \xa0 \xa0 \xa0 \xa0 \xa0 \xa0 \xa0 \xa0 \xa0 \xa0 \xa0 \xa0 \xa0 \xa0 \xa0 \xa0 \xa0 \xa0 \xa0 \xa0 \xa0 \xa0 \xa0 \xa0 \xa0 (단위 : 천원)\n구분\n기초\n증가\n감소\n기말\n주식발행초과금\n43,666,518\xa0\n-\xa0\n-\xa0\n43,666,518\xa0\n기타자본잉여금\n3,767,037\xa0\n-\xa0\n-\xa0\n3,767,037\xa0\n합\xa0\xa0 계\n47,433,555\xa0\n-\xa0\n-\xa0\n47,433,555\xa0\n24. 기타자본\n(1) 기타자본의 내용은 다음과 같습니다.\xa0 \xa0 \xa0 \xa0 \xa0 \xa0 \xa0 \xa0 \xa0 \xa0 \xa0 \xa0 \xa0 \xa0 \xa0 \xa0 \xa0 \xa0 \xa0 \xa0 \xa0 \xa0 \xa0 \xa0 \xa0 \xa0 \xa0 \xa0 \xa0 \xa0 \xa0 \xa0 \xa0 \xa0 \xa0 \xa0 \xa0 \xa0 \xa0 \xa0 \xa0 \xa0 \xa0 \xa0 \xa0 \xa0 \xa0 \xa0 \xa0\xa0 (단위 : 천원)\n구분\n당기\n전기\n자기주식\n(3,080,728)\xa0\n(3,080,728)\xa0\n자기주식처분손익\n(619,947)\xa0\n(619,947)\xa0\n합\xa0\xa0 계\n(3,700,675)\xa0\n(3,700,675)\xa0\n(2) 기타자본의 변동내용은 다음과 같습니다. \n<당기>\n\xa0 \xa0 \xa0 \xa0 \xa0 \xa0 \xa0 \xa0 \xa0 \xa0 \xa0 \xa0 \xa0 \xa0 \xa0 \xa0 \xa0 \xa0 \xa0 \xa0 \xa0 \xa0 \xa0 \xa0 \xa0 \xa0 \xa0 \xa0 \xa0 \xa0 \xa0 \xa0 \xa0 \xa0 \xa0 \xa0 \xa0 \xa0 \xa0 \xa0 \xa0 \xa0 \xa0 \xa0 \xa0 \xa0 \xa0 \xa0 \xa0 \xa0 \xa0 (단위 : 천원)\n구분\n기초\n증가\n감소\n기말\n자기주식\n(3,080,728)\xa0\n-\xa0\n-\xa0\n(3,080,728)\xa0\n자기주식처분손익\n(619,947)\xa0\n-\xa0\n-\xa0\n(619,947)\xa0\n합\xa0\xa0 계\n(3,700,675)\xa0\n-\xa0\n-\xa0\n(3,700,675)\xa0\n<전기>\n\xa0 \xa0 \xa0 \xa0 \xa0 \xa0 \xa0 \xa0 \xa0 \xa0 \xa0 \xa0 \xa0 \xa0 \xa0 \xa0 \xa0 \xa0 \xa0 \xa0 \xa0 \xa0 \xa0 \xa0 \xa0 \xa0 \xa0 \xa0 \xa0 \xa0 \xa0 \xa0 \xa0 \xa0 \xa0 \xa0 \xa0 \xa0 \xa0 \xa0 \xa0 \xa0 \xa0 \xa0 \xa0 \xa0 \xa0 \xa0 \xa0 \xa0 \xa0 (단위 : 천원)\n구분\n기초\n증가\n감소\n기말\n자기주식\n(3,080,728)\xa0\n-\xa0\n-\xa0\n(3,080,728)\xa0\n자기주식처분손익\n(619,947)\xa0\n-\xa0\n-\xa0\n(619,947)\xa0\n합\xa0\xa0 계\n(3,700,675)\xa0\n-\xa0\n-\xa0\n(3,700,675)\xa0\n(3) 자기주식자사주식의 가격안정과 주식배당 및 무상증자시 발행한 단주의 처리를 위하여 기명식 보통주식을 시가로 취득하고 있으며, 향후 시장상황에 따라 처분할 예정입니다. 자기주식의 변동내용은 다음과 같습니다.\xa0 \xa0 \xa0 \xa0 \xa0 \xa0 \xa0 \xa0 \xa0 \xa0 \xa0 \xa0 \xa0 \xa0 \xa0 \xa0 \xa0 \xa0 \xa0 \xa0 \xa0 \xa0 \xa0 \xa0 \xa0 \xa0 \xa0 \xa0 \xa0 \xa0 \xa0 \xa0 \xa0 \xa0 \xa0 \xa0 \xa0 \xa0 \xa0 \xa0 \xa0 \xa0 \xa0 \xa0 \xa0 \xa0 \xa0 \xa0\xa0 (단위 : 주, 천원)\n구분\n당기\n전기\n주식수\n금액\n주식수\n금액\n기초\n340,638\xa0\n(3,080,728)\xa0\n340,638\xa0\n(3,080,728)\xa0\n취득\n-\xa0\n-\xa0\n-\xa0\n-\xa0\n처분\n-\xa0\n-\xa0\n-\xa0\n-\xa0\n소각\n-\xa0\n-\xa0\n-\xa0\n-\xa0\n기말\n340,638\xa0\n(3,080,728)\xa0\n340,638\xa0\n(3,080,728)\xa0\n25. 기타포괄손익누계액(1) 기타포괄손익누계액의 내용은 다음과 같습니다.\xa0 \xa0 \xa0 \xa0 \xa0 \xa0 \xa0 \xa0 \xa0 \xa0 \xa0 \xa0 \xa0 \xa0 \xa0 \xa0 \xa0 \xa0 \xa0 \xa0 \xa0 \xa0 \xa0 \xa0 \xa0 \xa0 \xa0 \xa0 \xa0 \xa0 \xa0 \xa0 \xa0 \xa0 \xa0 \xa0 \xa0 \xa0 \xa0 \xa0 \xa0 \xa0 \xa0 \xa0 \xa0 \xa0 \xa0 (단위 : 천원)\r\n구분\n당기\n전기\n기타포괄손익-공정가치측정채무상품\n51,615\xa0\n(9,015)\xa0\n기타포괄손익-공정가치측정지분상품\n(8,972,508)\xa0\n(7,067,287)\xa0\n지분법자본변동\n1,117,514\xa0\n1,340,827\xa0\n합\xa0\xa0 계\n(7,803,379)\xa0\n(5,735,475)\xa0\n(2) 기타포괄손익누계액의 변동내용은 다음과 같습니다.<당기>\n\xa0 \xa0 \xa0 \xa0 \xa0 \xa0 \xa0 \xa0 \xa0 \xa0 \xa0 \xa0 \xa0 \xa0 \xa0 \xa0 \xa0 \xa0 \xa0 \xa0 \xa0 \xa0 \xa0 \xa0 \xa0 \xa0 \xa0 \xa0 \xa0 \xa0 \xa0 \xa0 \xa0 \xa0 \xa0 \xa0 \xa0 \xa0 \xa0 \xa0 \xa0 \xa0 \xa0 \xa0 \xa0 \xa0 \xa0 \xa0 \xa0 \xa0 \xa0 (단위 : 천원)\n구분\n기초\n증감\n법인세효과\n대체\n기말\n기타포괄손익-공정가치측정채무상품평가손익\n(9,015)\xa0\n77,731\xa0\n(17,101)\xa0\n-\xa0\n51,615\xa0\n기타포괄손익-공정가치측정지분상품평가손익\n(7,067,287)\xa0\n(3,512,660)\xa0\n772,785\xa0\n834,654\xa0\n(8,972,508)\xa0\n지분법자본변동\n1,340,827\xa0\n60,510\xa0\n(283,823)\xa0\n-\xa0\n1,117,514\xa0\n합\xa0\xa0 계\n(5,735,475)\xa0\n(3,374,419)\xa0\n471,861\xa0\n834,654\xa0\n(7,803,379)\xa0\n<전기>\n\xa0 \xa0 \xa0 \xa0 \xa0 \xa0 \xa0 \xa0 \xa0 \xa0 \xa0 \xa0 \xa0 \xa0 \xa0 \xa0 \xa0 \xa0 \xa0 \xa0 \xa0 \xa0 \xa0 \xa0 \xa0 \xa0 \xa0 \xa0 \xa0 \xa0 \xa0 \xa0 \xa0 \xa0 \xa0 \xa0 \xa0 \xa0 \xa0 \xa0 \xa0 \xa0 \xa0 \xa0 \xa0 \xa0 \xa0 \xa0 \xa0 \xa0 \xa0 (단위 : 천원)\n구분\n기초\n증감\n법인세효과\n기말\n기타포괄손익-공정가치측정채무상품평가손익\n(103,297)\xa0\n120,874\xa0\n(26,592)\xa0\n(9,015)\xa0\n기타포괄손익-공정가치측정지분상품평가손익\n(6,330,787)\xa0\n(944,231)\xa0\n207,731\xa0\n(7,067,287)\xa0\n지분법자본변동\n398,670\xa0\n1,207,894\xa0\n(265,737)\xa0\n1,340,827\xa0\n합\xa0\xa0 계\n(6,035,414)\xa0\n384,537\xa0\n(84,598)\xa0\n(5,735,475)\xa0\n26. 이익잉여금\n(1) 이익잉여금의 내용은 다음과 같습니다.\xa0 \xa0 \xa0 \xa0 \xa0 \xa0 \xa0 \xa0 \xa0 \xa0 \xa0 \xa0 \xa0 \xa0 \xa0 \xa0 \xa0 \xa0 \xa0 \xa0 \xa0 \xa0 \xa0 \xa0 \xa0 \xa0 \xa0 \xa0 \xa0 \xa0 \xa0 \xa0 \xa0 \xa0 \xa0 \xa0 \xa0 \xa0 \xa0 \xa0 \xa0 \xa0 \xa0 \xa0 \xa0 \xa0 \xa0 \xa0 \xa0\xa0 (단위 : 천원)\n구분\n당기\n전기\n법정적립금 :\xa0\n\u3000\n\u3000\n\xa0 이익준비금(주1)\n7,696,539\xa0\n7,091,031\xa0\n소\xa0\xa0 계\n7,696,539\xa0\n7,091,031\xa0\n임의적립금 :\xa0\n\u3000\n\u3000\n\xa0 재무구조개선적립금\n15,500,000\xa0\n15,500,000\xa0\n\xa0 기업합리화적립금\n170,000\xa0\n170,000\xa0\n\xa0 개인정보보호적립금\n200,000\xa0\n-\xa0\n소\xa0\xa0 계\n15,870,000\xa0\n15,670,000\xa0\n미처분이익잉여금\n\xa0272,240,001\xa0\n247,984,511\xa0\n소\xa0\xa0 계\n\xa0272,240,001\xa0\n247,984,511\xa0\n합\xa0\xa0 계\n\xa0\xa0 295,806,540\xa0\n270,745,542\xa0\n(주1) 상법의 규정에 따라 자본금의 50%에 달할 때까지 매 결산기의 금전에 의한 이익배당액의 10% 이상의 금액을 이익준비금으로 적립하고 있으며, 이익배당목적으로 사용될 수 없으며 자본전입 또는 결손보전에만 사용이 가능합니다.\n(2) 이익잉여금처분계산서\n제63기\n2020년\xa0 1월\xa0\xa0 1일\n부터\n제62기\n2019년\xa0 1월\xa0\xa0 1일\n부터\n2020년 12월 31일\n까지\n2019년 12월 31일\n까지\n처분예정일\n2021년 3월 26일\n처분확정일\n2020년 3월 20일\n회사명 : 화성산업주식회사\n(단위 : 원)\n과\xa0 \xa0 \xa0 \xa0 목\n제63(당)기\n제62(전)기\n미처분이익잉여금\n272,240,001,083\xa0\n\u3000\n247,984,510,791\xa0\n\xa0 전기이월미처분이익잉여금\n241,123,921,691\xa0\n\u3000\n240,818,480,995\xa0\n\u3000\n\xa0 회계정책변경누적효과\n-\xa0\n-\xa0\n\xa0 확정급여의 재측정요소\n(349,464,374)\xa0\n(603,918,451)\xa0\n\xa0 지분법이익잉여금의 변동\n(907,014,131)\xa0\n-\xa0\n\xa0 기타포괄손익의 이익잉여금 대체\n(834,653,638)\xa0\n97,255,823\xa0\n\xa0 당기순이익\n33,207,211,535\xa0\n\u3000\n7,672,692,424\xa0\n이익잉여금처분액\n\u3000\n8,658,765,830\xa0\n\u3000\n6,860,589,100\xa0\n\xa0 배당금\n7,871,605,300\xa0\n6,055,081,000\xa0\n\u3000\n\xa0 법정적립금\n787,160,530\xa0\n605,508,100\xa0\n\u3000\n\xa0 임의적립금\n-\xa0\n200,000,000\xa0\n\u3000\n차기이월미처분이익잉여금\n263,581,235,253\xa0\n241,123,921,691\xa0\n(3) 배당금 지급내용은 다음과 같습니다.\xa0 \xa0 \xa0 \xa0 \xa0 \xa0 \xa0 \xa0 \xa0 \xa0 \xa0 \xa0 \xa0 \xa0 \xa0 \xa0 \xa0 \xa0 \xa0 \xa0 \xa0 \xa0 \xa0 \xa0 \xa0 \xa0 \xa0 \xa0 \xa0 \xa0 \xa0 \xa0 \xa0 \xa0 \xa0 \xa0 \xa0 \xa0 \xa0 \xa0 \xa0 \xa0 \xa0 \xa0 \xa0 \xa0 \xa0 \xa0 \xa0\xa0 (단위 : 천원)\n구분\n당기\n전기\n발행주식수\n12,450,800\xa0\n12,450,800\xa0\n차감 : 자기주식수\n(340,638)\xa0\n(340,638)\xa0\n배당주식수\n12,110,162\xa0\n12,110,162\xa0\n주당배당금\n500원\n930원\n배당금\n6,055,081\xa0\n11,262,451\xa0\n27. 매출액 및 매출원가(1) 매출액의 내용은 다음과 같습니다. \xa0 \xa0 \xa0 \xa0 \xa0 \xa0 \xa0 \xa0 \xa0 \xa0 \xa0 \xa0 \xa0 \xa0 \xa0 \xa0 \xa0 \xa0 \xa0 \xa0 \xa0 \xa0 \xa0 \xa0 \xa0 \xa0 \xa0 \xa0 \xa0 \xa0 \xa0 \xa0 \xa0 \xa0 \xa0 \xa0 \xa0 \xa0 \xa0 \xa0 \xa0 \xa0 \xa0 \xa0 \xa0 \xa0 \xa0 \xa0 \xa0\xa0 (단위 : 천원)\n구분\n당기\n전기\n공사수익\n202,502,251\xa0\n188,960,726\xa0\n분양수익\n189,899,346\xa0\n245,744,517\xa0\n제품매출\n7,652,320\xa0\n8,464,160\xa0\n기타수익\n19,205,382\xa0\n8,216,553\xa0\n합\xa0\xa0 계\n419,259,299\xa0\n451,385,956\xa0\n(2) 매출원가의 내용은 다음과 같습니다. \xa0 \xa0 \xa0 \xa0 \xa0 \xa0 \xa0 \xa0 \xa0 \xa0 \xa0 \xa0 \xa0 \xa0 \xa0 \xa0 \xa0 \xa0 \xa0 \xa0 \xa0 \xa0 \xa0 \xa0 \xa0 \xa0 \xa0 \xa0 \xa0 \xa0 \xa0 \xa0 \xa0 \xa0 \xa0 \xa0 \xa0 \xa0 \xa0 \xa0 \xa0 \xa0 \xa0 \xa0 \xa0 \xa0 \xa0 \xa0 \xa0\xa0 (단위 : 천원)\n구\xa0\xa0 분\n당기\n전기\n공사원가\n\xa0 공사원가\n187,460,672\xa0\n173,640,696\xa0\n분양원가\n\xa0 기초완성주택\n34,849,445\xa0\n48,560\xa0\n\xa0 당기분양원가\n121,986,072\xa0\n226,591,426\xa0\n\xa0 기말완성주택\n(11,702,916)\xa0\n(34,849,445)\xa0\n\xa0 분양원가\n145,132,601\xa0\n191,790,541\xa0\n제품원가\n\xa0 기초제품\n1,931,164\xa0\n-\xa0\n\xa0 당기제품제조원가\n7,938,100\xa0\n9,697,211\xa0\n\xa0 기말제품\n(2,838,955)\xa0\n(1,931,164)\xa0\n제품원가\n7,030,309\xa0\n7,766,047\xa0\n\xa0 기타원가\n공사부대원가\n10,157,213\xa0\n4,854,468\xa0\n합\xa0\xa0 계\n349,780,795\xa0\n378,051,752\xa0\n28. 건설계약(1) 공사계약잔액의 변동내용은 다음과 같습니다.<당기>\xa0 \xa0 \xa0 \xa0 \xa0 \xa0 \xa0 \xa0 \xa0 \xa0 \xa0 \xa0 \xa0 \xa0 \xa0 \xa0 \xa0 \xa0 \xa0 \xa0 \xa0 \xa0 \xa0 \xa0 \xa0 \xa0 \xa0 \xa0 \xa0 \xa0 \xa0 \xa0 \xa0 \xa0 \xa0 \xa0 \xa0 \xa0 \xa0 \xa0 \xa0 \xa0 \xa0 \xa0 \xa0 \xa0 \xa0 \xa0 \xa0\xa0 (단위 : 천원)\n구분\n기초\n변동(주1)\n공사수익인식\n기말\n건축공사\n1,614,108,497\xa0\n225,887,943\xa0\n152,527,120\xa0\n1,687,469,320\xa0\n토목공사\n117,497,775\xa0\n17,777,375\xa0\n49,975,132\xa0\n85,300,018\xa0\n분양공사\n185,545,346\xa0\n4,354,000\xa0\n189,899,346\xa0\n-\xa0\n합\xa0\xa0 계\n1,917,151,618\xa0\n248,019,318\xa0\n392,401,598\xa0\n1,772,769,338\xa0\n(주1) 신규수주 및 계약변경증가액은 255,364,456천원이며, 계약변경감소액은\xa0 \xa0 \xa0 \xa0 7,345,138천원입니다.\n<전기>\xa0 \xa0 \xa0 \xa0 \xa0 \xa0 \xa0 \xa0 \xa0 \xa0 \xa0 \xa0 \xa0 \xa0 \xa0 \xa0 \xa0 \xa0 \xa0 \xa0 \xa0 \xa0 \xa0 \xa0 \xa0 \xa0 \xa0 \xa0 \xa0 \xa0 \xa0 \xa0 \xa0 \xa0 \xa0 \xa0 \xa0 \xa0 \xa0 \xa0 \xa0 \xa0 \xa0 \xa0 \xa0 \xa0 \xa0 \xa0 \xa0\xa0 (단위 : 천원)\n구분\n기초\n변동\n공사수익인식\n기말\n건축공사\n1,647,559,636\xa0\n101,845,370\xa0\n135,296,509\xa0\n1,614,108,497\xa0\n토목공사\n120,348,797\xa0\n50,813,194\xa0\n53,664,217\xa0\n117,497,774\xa0\n분양공사\n422,164,992\xa0\n9,124,871\xa0\n245,744,517\xa0\n185,545,346\xa0\n합\xa0\xa0 계\n2,190,073,425\xa0\n161,783,435\xa0\n434,705,243\xa0\n1,917,151,617\xa0\n(2) 진행중인 건설계약 관련 내용은 다음과 같습니다. <당기>\xa0 \xa0 \xa0 \xa0 \xa0 \xa0 \xa0 \xa0 \xa0 \xa0 \xa0 \xa0 \xa0 \xa0 \xa0 \xa0 \xa0 \xa0 \xa0 \xa0 \xa0 \xa0 \xa0 \xa0 \xa0 \xa0 \xa0 \xa0 \xa0 \xa0 \xa0 \xa0 \xa0 \xa0 \xa0 \xa0 \xa0 \xa0 \xa0 \xa0 \xa0 \xa0 \xa0 \xa0 \xa0 \xa0 \xa0 \xa0 \xa0\xa0 (단위 : 천원)\n구분\n누적발생원가\n누적손익\n선수금\n회수보류액\n건축공사\n500,005,466\xa0\n86,643,720\xa0\n545,454\xa0\n-\xa0\n토목공사\n234,772,411\xa0\n15,419,376\xa0\n-\xa0\n-\xa0\n합\xa0\xa0 계\n734,777,877\xa0\n102,063,096\xa0\n545,454\xa0\n-\xa0\n<전기>\xa0 \xa0 \xa0 \xa0 \xa0 \xa0 \xa0 \xa0 \xa0 \xa0 \xa0 \xa0 \xa0 \xa0 \xa0 \xa0 \xa0 \xa0 \xa0 \xa0 \xa0 \xa0 \xa0 \xa0 \xa0 \xa0 \xa0 \xa0 \xa0 \xa0 \xa0 \xa0 \xa0 \xa0 \xa0 \xa0 \xa0 \xa0 \xa0 \xa0 \xa0 \xa0 \xa0 \xa0 \xa0 \xa0 \xa0 \xa0 \xa0\xa0 (단위 : 천원)\n구분\n누적발생원가\n누적손익\n선수금\n회수보류액\n건축공사\n397,986,124\xa0\n78,242,852\xa0\n-\xa0\n-\xa0\n토목공사\n283,063,537\xa0\n7,659,386\xa0\n-\xa0\n-\xa0\n합\xa0\xa0 계\n681,049,661\xa0\n85,902,238\xa0\n-\xa0\n-\xa0\n(3) 미청구공사 및 초과청구공사의 내용은 다음과 같습니다. \xa0 \xa0 \xa0 \xa0 \xa0 \xa0 \xa0 \xa0 \xa0 \xa0 \xa0 \xa0 \xa0 \xa0 \xa0 \xa0 \xa0 \xa0 \xa0 \xa0 \xa0 \xa0 \xa0 \xa0 \xa0 \xa0 \xa0 \xa0 \xa0 \xa0 \xa0 \xa0 \xa0 \xa0 \xa0 \xa0 \xa0 \xa0 \xa0 \xa0 \xa0 \xa0 \xa0 \xa0 \xa0 \xa0 \xa0 \xa0 \xa0\xa0 (단위 : 천원)\n구분\n당기\n전기\n미청구공사\n초과청구공사\n미청구공사\n초과청구공사\n건축공사\n19,499,501\xa0\n17,878,934\xa0\n11,433,632\xa0\n1,961,967\xa0\n토목공사\n2,307,604\xa0\n4,688,482\xa0\n5,794,803\xa0\n8,012,089\xa0\n합\xa0\xa0 계\n21,807,105\xa0\n22,567,416\xa0\n17,228,435\xa0\n9,974,056\xa0\n(4) 주요 합작공사의 내역은 다음과 같습니다.<당기말>\xa0 \xa0 \xa0 \xa0 \xa0 \xa0 \xa0 \xa0 \xa0 \xa0 \xa0 \xa0 \xa0 \xa0 \xa0 \xa0 \xa0 \xa0 \xa0 \xa0 \xa0 \xa0 \xa0 \xa0 \xa0 \xa0 \xa0 \xa0 \xa0 \xa0 \xa0 \xa0 \xa0 \xa0 \xa0 \xa0 \xa0 \xa0 \xa0 \xa0 \xa0 \xa0 \xa0 \xa0 \xa0 \xa0 \xa0 \xa0 \xa0 \xa0 (단위 : 천원)\n합작공사명\n총도급금액\n회사계약금액\n회사지분율\n대표사\n고덕강일공공주택지구7단지아파트건설공사\n100,038,356\xa0\n50,905,017\xa0\n50.89%\n화성산업(주)\n중앙선영천신경주복선전철제1공구노반신설공사\n132,994,545\xa0\n33,248,636\xa0\n25.00%\n극동건설(주)\n김포양곡E-1BL 아파트건설공사 1공구\n50,827,739\xa0\n31,775,825\xa0\n62.52%\n화성산업(주)\n동탄2신도시워터프론트조경공사\n57,286,987\xa0\n28,728,450\xa0\n50.15%\n화성산업(주)\n광주도시철도2호선1단계6공구건설공사\n87,401,000\xa0\n20,976,240\xa0\n24.00%\n경남기업(주)\n이천충주철도건설제2공구노반신설기타공사\n95,256,872\xa0\n19,051,374\xa0\n20.00%\n극동건설(주)\n여수신북항계류시설증축공사\n63,152,550\xa0\n18,945,765\xa0\n30.00%\nSTX건설(주)\n한국발전인재개발원신축공사\n27,800,885\xa0\n16,680,531\xa0\n60.00%\n화성산업(주)\n<전기말>\n\xa0 \xa0 \xa0 \xa0 \xa0 \xa0 \xa0 \xa0 \xa0 \xa0 \xa0 \xa0 \xa0 \xa0 \xa0 \xa0 \xa0 \xa0 \xa0 \xa0 \xa0 \xa0 \xa0 \xa0 \xa0 \xa0 \xa0 \xa0 \xa0 \xa0 \xa0 \xa0 \xa0 \xa0 \xa0 \xa0 \xa0 \xa0 \xa0 \xa0 \xa0 \xa0 \xa0 \xa0 \xa0 \xa0 \xa0 \xa0 \xa0 \xa0 (단위 : 천원)\n합작공사명\n전체도급금액\n회사계약금액\n회사지분율\n대표사\n고덕강일공공주택지구7단지아파트건설공사\n95,118,930\xa0\n47,783,232\xa0\n50.24%\n화성산업(주)\n중앙선영천신경주복선전철제1공구노반신설공사\n128,609,091\xa0\n32,152,273\xa0\n25.00%\n극동건설(주)\n김포양곡E-1BL아파트건설공사1공구\n46,104,861\xa0\n30,760,203\xa0\n66.72%\n화성산업(주)\n동탄2신도시워터프론트조경공사\n57,286,900\xa0\n28,728,450\xa0\n50.15%\n화성산업(주)\n국립해양과학교육관건립사업\n39,764,727\xa0\n20,778,499\xa0\n52.25%\n화성산업(주)\n광주도시철도2호선1단계6공구건설공사\n82,720,266\xa0\n19,852,864\xa0\n24.00%\n경남기업(주)\n이천충주철도건설제2공구노반신설기타공사\n94,171,500\xa0\n18,834,300\xa0\n20.00%\n극동건설(주)\n여수신북항계류시설축조공사\n61,750,740\xa0\n18,525,222\xa0\n30.00%\nSTX건설(주)\n(5) 보고기간 중 원가기준 투입법을 적용하여 기간에 걸쳐 수익을 인식한 계약으로서 계약금액이 전기 매출액의 5% 이상인 주요 계약의 내역은 다음과 같습니다.\xa0 \xa0 \xa0 \xa0 \xa0 \xa0 \xa0 \xa0 \xa0 \xa0 \xa0 \xa0 \xa0 \xa0 \xa0 \xa0 \xa0 \xa0 \xa0 \xa0 \xa0 \xa0 \xa0 \xa0 \xa0 \xa0 \xa0 \xa0 \xa0 \xa0 \xa0 \xa0 \xa0 \xa0 \xa0 \xa0 \xa0 \xa0 \xa0 \xa0 \xa0 \xa0 \xa0 \xa0 \xa0 \xa0 \xa0 \xa0 \xa0 \xa0 \xa0 (단위 : 천원)\n구분\n계약일\n완성기한\n진행률\n미청구공사\n매출채권(공사미수금)\n총액\n손실충당금\n총액\n손실충당금\n대구서구평리7재정비촉진구역주택재개발정비사업\n2015-08-12\n2023-10-31\n3.22%\n9,559,906\xa0\n-\xa0\n-\xa0\n-\xa0\n대구동구신암4동뉴타운주택재건축정비사업\n2015-06-12\n2023-06-30\n6.66%\n-\xa0\n-\xa0\n-\xa0\n-\xa0\n시흥은계S-2BL아파트건설공사(2공구)\n2015-12-29\n2021-05-19\n99.91%\n-\xa0\n-\xa0\n-\xa0\n-\xa0\n대구남구선주주택재건축정비사업\n2016-05-12\n2022-12-05\n18.14%\n593,151\xa0\n-\xa0\n-\xa0\n-\xa0\n파주운정3택지개발사업조성공사(1,4공구)\n2014-10-31\n2021-09-30\n87.48%\n1,031,646\xa0\n-\xa0\n-\xa0\n-\xa0\n대구수성구센트럴화성파크드림신축공사\n2019-12-23\n2023-08-17\n1.60%\n997,927\xa0\n-\xa0\n-\xa0\n-\xa0\n죽전역화성파크드림신축공사\n2019-05-30\n2022-10-31\n28.13%\n774,592\xa0\n-\xa0\n-\xa0\n-\xa0\n고덕강일공공주택지구7단지아파트건설공사\n2017-12-26\n2020-09-09\n100.00%\n-\xa0\n-\xa0\n1,332,336\xa0\n-\xa0\n중앙선영천신경주복선전철제1공구노반신설기타공사\n2015-06-01\n2021-12-31\n93.14%\n168,076\xa0\n-\xa0\n1,305,500\xa0\n-\xa0\n김포양곡E-1BL아파트건설공사1공구\n2019-12-23\n2021-12-21\n23.45%\n2,083,033\xa0\n-\xa0\n-\xa0\n-\xa0\n동탄2신도시워터프론트조경공사\n2013-08-29\n2020-12-31\n100.00%\n-\xa0\n-\xa0\n-\xa0\n-\xa0\n케이이비하나스테이대구포정임대오피스텔신축공사\n2020-06-18\n2023-08-17\n2.71%\n399,462\xa0\n-\xa0\n-\xa0\n-\xa0\n신협연수원신축공사\n2018-11-23\n2020-06-30\n100.00%\n-\xa0\n-\xa0\n-\xa0\n-\xa0\n창원가포A-2BL아파트건설공사3공구\n2020-12-10\n2023-03-02\n0.13%\n33,904\xa0\n-\xa0\n-\xa0\n-\xa0\n삼성전자화성사업장어린이집신축공사\n2018-11-07\n2020-03-31\n100.00%\n-\xa0\n-\xa0\n-\xa0\n-\xa0\n진접농협연평지구종합시설신축공사\n2018-11-30\n2021-06-30\n59.63%\n902,198\xa0\n-\xa0\n1,474,000\xa0\n-\xa0\n(6) 당기초 현재 원가기준 투입법을 적용하여 기간에 걸쳐 수익을 인식하는 계약과 관련된 당기 중 총계약금액 및 총계약원가에 대한 추정의 변경이 당기와 미래기간의 손익 및 미청구공사 등에 미치는 영향은 다음과 같습니다.\xa0 \xa0 \xa0 \xa0 \xa0 \xa0 \xa0 \xa0 \xa0 \xa0 \xa0 \xa0 \xa0 \xa0 \xa0 \xa0 \xa0 \xa0 \xa0 \xa0 \xa0 \xa0 \xa0 \xa0 \xa0 \xa0 \xa0 \xa0 \xa0 \xa0 \xa0 \xa0 \xa0 \xa0 \xa0 \xa0 \xa0 \xa0 \xa0 \xa0 \xa0 \xa0 \xa0 \xa0 \xa0 \xa0 \xa0 \xa0 \xa0 \xa0 \xa0 (단위 : 천원)\n구분\n추정총계약수익의 변동\n추정총계약원가의 변동\n당기 손익에미치는 영향\n미래 손익에미치는 영향\n미청구공사변동\n초과청구공사변동\n건축공사\n3,638,953\xa0\n(2,699,919)\xa0\n864,569\xa0\n5,474,303\xa0\n(295,487)\xa0\n(1,179,284)\xa0\n토목공사\n15,203,828\xa0\n13,162,003\xa0\n(646,884)\xa0\n2,688,709\xa0\n421,778\xa0\n1,070,253\xa0\n합\xa0\xa0 계\n18,842,781\xa0\n10,462,084\xa0\n217,685\xa0\n8,163,012\xa0\n126,291\xa0\n(109,031)\xa0\n당기와 미래 손익에 미치는 영향은 계약 개시 후 당기말까지 발생한 상황에 근거하여추정한 총계약원가와 당기말 현재 총계약수익의 추정치에 근거하여 산정한 것이며, 총계약원가와 총계약수익 추정치는 미래 기간에 변동될 수 있습니다.\n29. 판매비와 관리비\n판매비와 관리비의 내용은 다음과 같습니다. \xa0 \xa0 \xa0 \xa0 \xa0 \xa0 \xa0 \xa0 \xa0 \xa0 \xa0 \xa0 \xa0 \xa0 \xa0 \xa0 \xa0 \xa0 \xa0 \xa0 \xa0 \xa0 \xa0 \xa0 \xa0 \xa0 \xa0 \xa0 \xa0 \xa0 \xa0 \xa0 \xa0 \xa0 \xa0 \xa0 \xa0 \xa0 \xa0 \xa0 \xa0 \xa0 \xa0 \xa0 \xa0 \xa0 \xa0 \xa0 \xa0\xa0 (단위 : 천원)\n구\xa0\xa0 분\n당기\n전기\n급여\n10,627,967\xa0\n9,048,019\xa0\n퇴직급여\n757,358\xa0\n548,403\xa0\n복리후생비\n1,308,141\xa0\n1,219,413\xa0\n여비교통비\n177,173\xa0\n190,486\xa0\n수도광열비\n361,130\xa0\n358,580\xa0\n세금과공과\n1,513,914\xa0\n2,857,428\xa0\n협회비\n226,485\xa0\n135,157\xa0\n감가상각비\n1,157,114\xa0\n1,835,418\xa0\n수선비\n718,874\xa0\n563,292\xa0\n보험료\n212,277\xa0\n261,527\xa0\n접대비\n161,699\xa0\n188,719\xa0\n광고선전비\n748,796\xa0\n635,729\xa0\n차량유지비\n197,482\xa0\n202,379\xa0\n지급수수료\n1,164,653\xa0\n789,745\xa0\n운용리스료\n291,731\xa0\n291,731\xa0\n용역비\n3,659,917\xa0\n3,811,050\xa0\n주택판매비\n1,167,062\xa0\n5,068,040\xa0\n하자보수비\n908,033\xa0\n133,890\xa0\n기타\n577,257\xa0\n631,947\xa0\n합\xa0\xa0 계\n25,937,063\xa0\n28,770,953\xa0\n30.\xa0기타수익 및 기타비용(1)\xa0기타수익의\xa0내용은 다음과 같습니다. \xa0 \xa0 \xa0 \xa0 \xa0 \xa0 \xa0 \xa0 \xa0 \xa0 \xa0 \xa0 \xa0 \xa0 \xa0 \xa0 \xa0 \xa0 \xa0 \xa0 \xa0 \xa0 \xa0 \xa0 \xa0 \xa0 \xa0 \xa0 \xa0 \xa0 \xa0 \xa0 \xa0 \xa0 \xa0 \xa0 \xa0 \xa0 \xa0 \xa0 \xa0 \xa0 \xa0 \xa0 \xa0 \xa0 \xa0 \xa0 \xa0 (단위 : 천원)\n구\xa0\xa0 분\n당기\n전기\n유형자산처분이익\n60,920\xa0\n51,224\xa0\n잡이익\n817,133\xa0\n3,602,469\xa0\n합\xa0\xa0 계\n878,053\xa0\n3,653,693\xa0\n(2)\xa0기타비용의\xa0내용은 다음과 같습니다.\xa0\n\xa0 \xa0 \xa0 \xa0 \xa0 \xa0 \xa0 \xa0 \xa0 \xa0 \xa0 \xa0 \xa0 \xa0 \xa0 \xa0 \xa0 \xa0 \xa0 \xa0 \xa0 \xa0 \xa0 \xa0 \xa0 \xa0 \xa0 \xa0 \xa0 \xa0 \xa0 \xa0 \xa0 \xa0 \xa0 \xa0 \xa0 \xa0 \xa0 \xa0 \xa0 \xa0 \xa0 \xa0 \xa0 \xa0 \xa0 \xa0 \xa0 (단위 : 천원)\n구\xa0\xa0 분\n당기\n전기\n재고자산손상차손\n241,839\xa0\n-\xa0\n유형자산처분손실\n-\xa0\n82\xa0\n투자부동산손상차손\n751,825\xa0\n-\xa0\n보상비\n33,280\xa0\n-\xa0\n기타의우발채무전입액\n4,633,096\xa0\n17,516,210\xa0\n기부금\n909,200\xa0\n652,800\xa0\n무형자산손상차손\n81,225\xa0\n-\xa0\n잡손실\n850,978\xa0\n161,076\xa0\n합\xa0\xa0 계\n7,501,443\xa0\n18,330,167\xa0\n31. 금융수익 및 금융비용\n(1) 금융수익의 내용은 다음과 같습니다.\xa0\n\xa0 \xa0 \xa0 \xa0 \xa0 \xa0 \xa0 \xa0 \xa0 \xa0 \xa0 \xa0 \xa0 \xa0 \xa0 \xa0 \xa0 \xa0 \xa0 \xa0 \xa0 \xa0 \xa0 \xa0 \xa0 \xa0 \xa0 \xa0 \xa0 \xa0 \xa0 \xa0 \xa0 \xa0 \xa0 \xa0 \xa0 \xa0 \xa0 \xa0 \xa0 \xa0 \xa0 \xa0 \xa0 \xa0 \xa0 \xa0 \xa0 (단위 : 천원)\n구\xa0\xa0 분\n당기\n전기\n금융수익-유효이자율법에 따른 이자수익\n\xa0상각후원가측정금융자산이자수익\n1,779,286\xa0\n1,654,356\xa0\n\xa0기타포괄손익-공정가치측정금융자산이자수익\n606,587\xa0\n574,249\xa0\n금융수익-기타\n\xa0당기손익-공정가치측정금융자산평가이익\n342,625\xa0\n17,781\xa0\n\xa0당기손익-공정가치측정금융자산처분이익\n93,227\xa0\n25,425\xa0\n\xa0기타포괄손익-공정가치측정금융자산처분이익\n505,084\xa0\n-\xa0\n\xa0배당금수익\n365,578\xa0\n417,512\xa0\n\xa0금융보증부채환입\n34,471\xa0\n62,641\xa0\n합\xa0\xa0 계\n3,726,858\xa0\n2,751,964\xa0\n\xa0(2) 금융비용의 내용은 다음과 같습니다.\xa0\n\xa0 \xa0 \xa0 \xa0 \xa0 \xa0 \xa0 \xa0 \xa0 \xa0 \xa0 \xa0 \xa0 \xa0 \xa0 \xa0 \xa0 \xa0 \xa0 \xa0 \xa0 \xa0 \xa0 \xa0 \xa0 \xa0 \xa0 \xa0 \xa0 \xa0 \xa0 \xa0 \xa0 \xa0 \xa0 \xa0 \xa0 \xa0 \xa0 \xa0 \xa0 \xa0 \xa0 \xa0 \xa0 \xa0 \xa0 \xa0 \xa0 (단위 : 천원)\n구\xa0\xa0 분\n당기\n전기\n이자비용\n1,909,468\xa0\n421,890\xa0\n당기손익-공정가치측정금융자산평가손실\n152,228\xa0\n91,350\xa0\n금융보증비용\n34,471\xa0\n62,641\xa0\n합\xa0\xa0 계\n2,096,167\xa0\n575,880\xa0\n(3) 당기와 전기의 금융수익에 포함된 이자수익의 내역은 다음과 같습니다.\n\xa0 \xa0 \xa0 \xa0 \xa0 \xa0 \xa0 \xa0 \xa0 \xa0 \xa0 \xa0 \xa0 \xa0 \xa0 \xa0 \xa0 \xa0 \xa0 \xa0 \xa0 \xa0 \xa0 \xa0 \xa0 \xa0 \xa0 \xa0 \xa0 \xa0 \xa0 \xa0 \xa0 \xa0 \xa0 \xa0 \xa0 \xa0 \xa0 \xa0 \xa0 \xa0 \xa0 \xa0 \xa0 \xa0 \xa0 \xa0 \xa0 \xa0 \xa0 (단위 : 천원)\n구\xa0\xa0 분\n당기\n전기\n장단기금융상품\n1,779,286\xa0\n1,654,356\xa0\n채무증권\n606,587\xa0\n574,249\xa0\n합\xa0\xa0 계\n2,385,873\xa0\n2,228,605\xa0\n(4) 당기와 전기의 금융비용에 포함된 이자비용의 내역은 다음과 같습니다.\n\xa0 \xa0 \xa0 \xa0 \xa0 \xa0 \xa0 \xa0 \xa0 \xa0 \xa0 \xa0 \xa0 \xa0 \xa0 \xa0 \xa0 \xa0 \xa0 \xa0 \xa0 \xa0 \xa0 \xa0 \xa0 \xa0 \xa0 \xa0 \xa0 \xa0 \xa0 \xa0 \xa0 \xa0 \xa0 \xa0 \xa0 \xa0 \xa0 \xa0 \xa0 \xa0 \xa0 \xa0 \xa0 \xa0 \xa0 \xa0 \xa0 \xa0 \xa0 (단위 : 천원)\n구\xa0\xa0 분\n당기\n전기\n차입이자\n122,547\xa0\n210,437\xa0\n충당부채의현재가치할인차금상각\n1,786,921\xa0\n211,453\xa0\n합\xa0\xa0 계\n1,909,468\xa0\n421,890\xa0\n32. 법인세비용(1) 법인세비용의 내용은 다음과 같습니다.\xa0 \xa0 \xa0 \xa0 \xa0 \xa0 \xa0 \xa0 \xa0 \xa0 \xa0 \xa0 \xa0 \xa0 \xa0 \xa0 \xa0 \xa0 \xa0 \xa0 \xa0 \xa0 \xa0 \xa0 \xa0 \xa0 \xa0 \xa0 \xa0 \xa0 \xa0 \xa0 \xa0 \xa0 \xa0 \xa0 \xa0 \xa0 \xa0 \xa0 \xa0 \xa0 \xa0 \xa0 \xa0 \xa0 \xa0 \xa0 \xa0 \xa0\xa0 (단위:\xa0 천원)\n구\xa0 \xa0 \xa0 \xa0 분\n당기\n전기\n법인세부담액\n8,618,887\xa0\n12,522,502\xa0\n일시적차이로 인한 이연법인세 변동액\n1,703,052\xa0\n(2,688,536)\xa0\n자본에 직접 반영된 법인세비용\n570,428\xa0\n116,786\xa0\n\xa0 \xa0 \xa0 \xa0 \xa0 \xa0 \xa0 \xa0 \xa0 \xa0 \xa0 \xa0 \xa0 \xa0 \xa0 합\xa0\xa0 계\n10,892,367\xa0\n9,950,752\xa0\n(2) 자본에 직접 반영된 법인세비용의 내용은 다음과 같습니다.\xa0\n\xa0 \xa0 \xa0 \xa0 \xa0 \xa0 \xa0 \xa0 \xa0 \xa0 \xa0 \xa0 \xa0 \xa0 \xa0 \xa0 \xa0 \xa0 \xa0 \xa0 \xa0 \xa0 \xa0 \xa0 \xa0 \xa0 \xa0 \xa0 \xa0 \xa0 \xa0 \xa0 \xa0 \xa0 \xa0 \xa0 \xa0 \xa0 \xa0 \xa0 \xa0 \xa0 \xa0 \xa0 \xa0 \xa0 \xa0 \xa0 \xa0 \xa0\xa0 (단위:\xa0 천원)\n구분\n당기\n전기\n기타포괄손익-공정가치측정금융자산\n755,684\xa0\n181,138\xa0\n지분법자본변동\n(283,823)\xa0\n(265,737)\xa0\n확정급여제도의 재측정요소\n98,567\xa0\n201,384\xa0\n합\xa0\xa0 계\n570,428\xa0\n116,785\xa0\n(3) 법인세비용차감전순손익과 법인세비용간의 관계는 다음과 같습니다. \xa0 \xa0 \xa0 \xa0 \xa0 \xa0 \xa0 \xa0 \xa0 \xa0 \xa0 \xa0 \xa0 \xa0 \xa0 \xa0 \xa0 \xa0 \xa0 \xa0 \xa0 \xa0 \xa0 \xa0 \xa0 \xa0 \xa0 \xa0 \xa0 \xa0 \xa0 \xa0 \xa0 \xa0 \xa0 \xa0 \xa0 \xa0 \xa0 \xa0 \xa0 \xa0 \xa0 \xa0 \xa0 \xa0 \xa0 \xa0 \xa0 \xa0\xa0 (단위 : 천원)\n구분\n당기\n전기\n법인세비용차감전순손익\n44,099,579\xa0\n17,623,445\xa0\n적용세율에 따른 법인세(지방소득세 포함)\n10,210,098\xa0\n3,504,689\xa0\n조정사항 :\n\u3000\n\u3000\n\xa0 비과세수익\n(1,144,212)\n171,149\xa0\n\xa0 미환류소득법인세\n555,000\xa0\n5,607,470\xa0\n\xa0 법인세환급추납\n(248,302)\n667,444\xa0\n\xa0 미인식이연법인세\n1,175,519\xa0\n-\xa0\n\xa0 기타\n344,264\xa0\n-\xa0\n법인세비용\n10,892,367\xa0\n9,950,752\xa0\n평균유효세율\n24.70%\n56.46%\n(4) 일시적차이 및 이연법인세자산(부채)의 증감내용은 다음과 같습니다.\n<당기>\xa0 \xa0 \xa0 \xa0 \xa0 \xa0 \xa0 \xa0 \xa0 \xa0 \xa0 \xa0 \xa0 \xa0 \xa0 \xa0 \xa0 \xa0 \xa0 \xa0 \xa0 \xa0 \xa0 \xa0 \xa0 \xa0 \xa0 \xa0 \xa0 \xa0 \xa0 \xa0 \xa0 \xa0 \xa0 \xa0 \xa0 \xa0 \xa0 \xa0 \xa0 \xa0 \xa0 \xa0 \xa0 \xa0 \xa0 \xa0 \xa0 \xa0 \xa0 (단위:\xa0 천원)\n구\xa0 \xa0 분\n기초\n당기손익반영\n자본반영\n기말\n퇴직보험료\n(11,926,959)\xa0\n(1,319,280)\xa0\n-\xa0\n(13,246,239)\xa0\n지분법적용투자주식\n(14,305,888)\xa0\n(6,781,348)\xa0\n(1,290,105)\xa0\n(22,377,341)\xa0\n매도가능증권평가손익\n4,199,932\xa0\n(93,431)\xa0\n3,434,927\xa0\n7,541,428\xa0\n토지평가차익\n(12,894,889)\xa0\n-\xa0\n-\xa0\n(12,894,889)\xa0\n대손충당금\n5,125,489\xa0\n3,605,843\xa0\n-\xa0\n8,731,332\xa0\n퇴직급여충당금\n17,051,971\xa0\n493,052\xa0\n448,032\xa0\n17,993,055\xa0\n하자보수충당부채\n32,761,805\xa0\n(4,207,478)\xa0\n-\xa0\n28,554,327\xa0\n투자주식감액손실\n5,722,250\xa0\n(851,000)\xa0\n-\xa0\n4,871,250\xa0\n회계정책변경효과\n5,156,049\xa0\n(5,156,049)\xa0\n-\xa0\n-\xa0\n사용권자산\n(363,276)\xa0\n(947,306)\xa0\n-\xa0\n(1,310,582)\xa0\n리스부채\n350,904\xa0\n880,253\xa0\n-\xa0\n1,231,157\xa0\n기타의충당부채\n17,727,662\xa0\n3,420,017\xa0\n-\xa0\n21,147,679\xa0\n기타\n5,212,095\xa0\n593,930\xa0\n-\xa0\n5,806,025\xa0\n일시적차이 합계\n53,817,145\xa0\n\u3000\n\u3000\n46,047,201\xa0\n이연법인세자산\n24,280,684\xa0\n\u3000\n\u3000\n23,093,450\xa0\n이연법인세부채\n(12,447,248)\xa0\n\u3000\n\u3000\n(12,963,066)\xa0\n(주1) 일시적차이에 적용되는 미래의 예상세율로서 일시적차이의 소멸이 예상되는 시기의 세율을 적용하고 있습니다. \n<전기>\xa0 \xa0 \xa0 \xa0 \xa0 \xa0 \xa0 \xa0 \xa0 \xa0 \xa0 \xa0 \xa0 \xa0 \xa0 \xa0 \xa0 \xa0 \xa0 \xa0 \xa0 \xa0 \xa0 \xa0 \xa0 \xa0 \xa0 \xa0 \xa0 \xa0 \xa0 \xa0 \xa0 \xa0 \xa0 \xa0 \xa0 \xa0 \xa0 \xa0 \xa0 \xa0 \xa0 \xa0 \xa0 \xa0 \xa0 \xa0 \xa0 \xa0 \xa0 (단위:\xa0 천원)\n구\xa0 \xa0 분\n기초\n당기손익반영\n자본반영\n기말\n퇴직보험료\n(9,139,892)\xa0\n(2,801,967)\xa0\n14,900\xa0\n(11,926,959)\xa0\n지분법적용투자주식\n(15,683,634)\xa0\n1,643,483\xa0\n(265,737)\xa0\n(14,305,888)\xa0\n매도가능증권평가손익\n5,177,575\xa0\n(1,158,781)\xa0\n181,138\xa0\n4,199,932\xa0\n토지평가차익\n(12,894,889)\xa0\n-\xa0\n-\xa0\n(12,894,889)\xa0\n대손충당금\n5,605,157\xa0\n(479,668)\xa0\n-\xa0\n5,125,489\xa0\n퇴직급여충당금\n16,099,793\xa0\n765,694\xa0\n186,484\xa0\n17,051,971\xa0\n하자보수충당부채\n35,760,605\xa0\n(2,998,800)\xa0\n-\xa0\n32,761,805\xa0\n투자주식감액손실\n5,722,250\xa0\n-\xa0\n-\xa0\n5,722,250\xa0\n회계정책변경효과\n5,156,049\xa0\n-\xa0\n-\xa0\n5,156,049\xa0\n사용권자산\n-\xa0\n(363,276)\xa0\n-\xa0\n(363,276)\xa0\n리스부채\n-\xa0\n350,904\xa0\n-\xa0\n350,904\xa0\n기타의충당부채\n-\xa0\n17,727,662\xa0\n-\xa0\n17,727,662\xa0\n기타\n5,934,712\xa0\n(722,617)\xa0\n-\xa0\n5,212,095\xa0\n일시적차이 합계\n41,737,726\xa0\n53,817,145\xa0\n이연법인세자산\n17,480,351\xa0\n24,280,684\xa0\n이연법인세부채\n(8,349,865)\xa0\n(12,447,248)\xa0\n(5) 이연법인세자산으로 인식되지 아니한 내용은 다음과 같습니다. \xa0 \xa0 \xa0 \xa0 \xa0 \xa0 \xa0 \xa0 \xa0 \xa0 \xa0 \xa0 \xa0 \xa0 \xa0 \xa0 \xa0 \xa0 \xa0 \xa0 \xa0 \xa0 \xa0 \xa0 \xa0 \xa0 \xa0 \xa0 \xa0 \xa0 \xa0 \xa0 \xa0 \xa0 \xa0 \xa0 \xa0 \xa0 \xa0 \xa0 \xa0 \xa0 \xa0 \xa0 \xa0 \xa0 \xa0 \xa0 \xa0 \xa0 \xa0 (단위 : 천원)\n구분\n당기\n전기\n차감할일시적차이\n29,833,558\xa0\n14,900,000\xa0\n(6) 이연법인세부채로 인식되지 아니한 일시적차이의 내용은 다음과 같습니다. \xa0 \xa0 \xa0 \xa0 \xa0 \xa0 \xa0 \xa0 \xa0 \xa0 \xa0 \xa0 \xa0 \xa0 \xa0 \xa0 \xa0 \xa0 \xa0 \xa0 \xa0 \xa0 \xa0 \xa0 \xa0 \xa0 \xa0 \xa0 \xa0 \xa0 \xa0 \xa0 \xa0 \xa0 \xa0 \xa0 \xa0 \xa0 \xa0 \xa0 \xa0 \xa0 \xa0 \xa0 \xa0 \xa0 \xa0 \xa0 \xa0 \xa0 \xa0 (단위 : 천원)\n구분\n당기\n전기\n관계기업투자\n9,590,289\xa0\n-\xa0\n(7) 회사는 일부 차감할 일시적차이를 제외하고 차기 이후 예상과세소득이 각 회계기간에 소멸되는 차감할 일시적차이를 초과하여 이연법인세자산의 실현가능성이 있는 것으로 판단하고 있습니다. \n33. 비용의 성격별 분류비용의 성격별 분류는 다음과 같습니다. \xa0 \xa0 \xa0 \xa0 \xa0 \xa0 \xa0 \xa0 \xa0 \xa0 \xa0 \xa0 \xa0 \xa0 \xa0 \xa0 \xa0 \xa0 \xa0 \xa0 \xa0 \xa0 \xa0 \xa0 \xa0 \xa0 \xa0 \xa0 \xa0 \xa0 \xa0 \xa0 \xa0 \xa0 \xa0 \xa0 \xa0 \xa0 \xa0 \xa0 \xa0 \xa0 \xa0 \xa0 \xa0 \xa0 \xa0 \xa0 \xa0 \xa0 \xa0 (단위 : 천원)\n구\xa0\xa0 분\n당기\n전기\n재고자산의 변동\n22,238,737\xa0\n(39,758,086)\xa0\n종업원급여\n27,054,515\xa0\n26,753,297\xa0\n감가상각비\n2,490,944\xa0\n2,431,717\xa0\n외주비및용역비\n142,777,358\xa0\n202,437,013\xa0\n재료비\n31,075,458\xa0\n61,466,310\xa0\n임차료\n4,930,575\xa0\n7,427,024\xa0\n수수료\n5,024,291\xa0\n3,748,199\xa0\n제세공과\n10,094,032\xa0\n12,646,570\xa0\n주택판매비\n1,167,062\xa0\n5,068,040\xa0\n대손상각비\n650,041\xa0\n14,939,807\xa0\n하자보수비\n2,571,238\xa0\n2,755,481\xa0\n기타\n126,293,647\xa0\n121,847,140\xa0\n합\xa0\xa0 계\n376,367,898\xa0\n421,762,512\xa0\n(주1) 포괄손익계산서상 매출원가 및 판매비와관리비의 합계액입니다. \n34. 주당이익 \n(1)\xa0 기본주당순이익\n1) 기본주당순이익\xa0 \xa0 \xa0 \xa0 \xa0 \xa0 \xa0 \xa0 \xa0 \xa0 \xa0 \xa0 \xa0 \xa0 \xa0 \xa0 \xa0 \xa0 \xa0 \xa0 \xa0 \xa0 \xa0 \xa0 \xa0 \xa0 \xa0 \xa0 \xa0 \xa0 \xa0 \xa0 \xa0 \xa0 \xa0 \xa0 \xa0 \xa0 \xa0 \xa0 \xa0 \xa0 \xa0 \xa0 \xa0 \xa0 \xa0 \xa0 \xa0 \xa0 \xa0 (단위 : 천원)\n구\xa0\xa0 분\n당기\n전기\n기본주당순이익 :\n\u3000\n\u3000\n\xa0보고기간순이익\n\xa033,207,212\xa0\n7,672,692\xa0\n\xa0가중평균유통보통주식수\n12,110,162\xa0\n12,110,162\xa0\n\xa0 \xa0 \xa0 \xa0 \xa0\xa0 기본주당순이익\n\xa02,742\xa0\n634\xa0\n2) 가중평균유통보통주식수\xa0 \xa0 \xa0 \xa0 \xa0 \xa0 \xa0 \xa0 \xa0 \xa0 \xa0 \xa0 \xa0 \xa0 \xa0 \xa0 \xa0 \xa0 \xa0 \xa0 \xa0 \xa0 \xa0 \xa0 \xa0 \xa0 \xa0 \xa0 \xa0 \xa0 \xa0 \xa0 \xa0 \xa0 \xa0 \xa0 \xa0 \xa0 \xa0 \xa0 \xa0 \xa0 \xa0 \xa0 \xa0 \xa0 \xa0 \xa0 \xa0 \xa0 \xa0 \xa0\xa0 (단위 : 주)\n구\xa0\xa0 분\n당기\n전기\n발행주식수 :\n12,450,800\xa0\n12,450,800\xa0\n차감 : 가중평균자기주식수\n(340,638)\xa0\n(340,638)\xa0\n가중평균유통보통주식수\n12,110,162\xa0\n12,110,162\xa0\n(2) 희석주당순이익당기와 전기에는 희석증권이 없으므로 희석주당이익은 기본주당이익과 동일합니다.\n35. 현금흐름표\n(1) 현금및현금성자산은 재무상태표와 현금흐름표상의 금액이 일치하게 관리되고 있습니다. (2) 당기순이익에 대한 조정 내용은 다음과 같습니다.\xa0 \xa0 \xa0 \xa0 \xa0 \xa0 \xa0 \xa0 \xa0 \xa0 \xa0 \xa0 \xa0 \xa0 \xa0 \xa0 \xa0 \xa0 \xa0 \xa0 \xa0 \xa0 \xa0 \xa0 \xa0 \xa0 \xa0 \xa0 \xa0 \xa0 \xa0 \xa0 \xa0 \xa0 \xa0 \xa0 \xa0 \xa0 \xa0 \xa0 \xa0 \xa0 \xa0 \xa0 \xa0 \xa0 \xa0 \xa0 \xa0\xa0 (단위 : 천원)\n구분\n당기\n전기\n퇴직급여\n1,427,954\xa0\n1,346,185\xa0\n감가상각비\n2,490,944\xa0\n2,850,459\xa0\n종업원급여\n6,591\xa0\n61,467\xa0\n운용리스료\n291,731\xa0\n291,731\xa0\n대손상각비(환입)\n650,041\xa0\n14,939,807\xa0\n하자보수비(환입)\n2,571,238\xa0\n-\xa0\n투자부동산손상차손\n751,825\xa0\n-\xa0\n유형자산처분손실\n-\xa0\n82\xa0\n기타의충당부채전입\n4,633,096\xa0\n17,516,210\xa0\n금융보증비용\n34,471\xa0\n62,641\xa0\n이자비용\n1,909,468\xa0\n484,531\xa0\n당기손익-공정가치측정금융자산평가손실\n152,228\xa0\n91,350\xa0\n특별수선충당부채전입\n19,908\xa0\n-\xa0\n무형자산손상차손\n81,225\xa0\n-\xa0\n재고자산손상차손\n241,839\xa0\n\u3000-\xa0\n지분법손실\n1,710,682\xa0\n151,279\xa0\n법인세비용\n10,892,367\xa0\n9,950,752\xa0\n당기손익-공정가치측정금융자산평가이익\n(342,625)\xa0\n(17,781)\xa0\n당기손익-공정가치측정금융자산처분이익\n(93,227)\xa0\n-\xa0\n기타포괄손익-공정가치측정금융자산처분이익\n(505,084)\xa0\n(25,425)\xa0\n유형자산처분이익\n(60,920)\xa0\n(51,224)\xa0\n지분법이익\n(6,824,801)\xa0\n(651,669)\xa0\n배당금수익\n(365,578)\xa0\n(417,512)\xa0\n금융보증부채환입\n(34,471)\xa0\n(62,641)\xa0\n관계기업투자주식처분이익\n(1,086,758)\xa0\n-\xa0\n이자수익\n(2,385,873)\xa0\n(2,228,607)\xa0\n합\xa0\xa0 계\n16,166,271\xa0\n44,291,635\xa0\n(3) 영업활동 자산·부채의 증감 내용은 다음과 같습니다. \xa0 \xa0 \xa0 \xa0 \xa0 \xa0 \xa0 \xa0 \xa0 \xa0 \xa0 \xa0 \xa0 \xa0 \xa0 \xa0 \xa0 \xa0 \xa0 \xa0 \xa0 \xa0 \xa0 \xa0 \xa0 \xa0 \xa0 \xa0 \xa0 \xa0 \xa0 \xa0 \xa0 \xa0 \xa0 \xa0 \xa0 \xa0 \xa0 \xa0 \xa0 \xa0 \xa0 \xa0 \xa0 \xa0 \xa0 \xa0 \xa0\xa0 (단위 : 천원)\n구분\n당기\n전기\n매출채권및기타채권의 감소(증가)\n54,166,920\xa0\n(42,043,523)\xa0\n기타유동자산의 감소(증가)\n2,591,723\xa0\n(8,580,901)\n미청구공사의 감소(증가)\n(4,578,670)\xa0\n9,936,718\xa0\n재고자산의 감소(증가)\n128,044,500\xa0\n74,744,210\xa0\n매입채무및기타채무의 증가(감소)\n(15,027,719)\xa0\n(6,550,510)\xa0\n기타유동부채의 증가(감소)\n(98,383,006)\xa0\n(10,424,769)\xa0\n기타유동금융부채의 증가(감소)\n755,177\xa0\n(184,265)\xa0\n기타비유동금융부채의 증가(감소)\n-\xa0\n120\xa0\n기타비유동부채의 증가(감소)\n(144,266)\xa0\n(144,226)\xa0\n초과청구공사의 증가(감소)\n12,593,326\xa0\n(816,124)\xa0\n순확정급여부채의 증가(감소)\n(2,254,181)\xa0\n(4,096,456)\xa0\n충당부채의 증가(감소)\n(6,930,378)\xa0\n(2,981,520)\xa0\n합\xa0\xa0 계\n70,833,426\xa0\n8,858,754\xa0\n(4) 현금및현금성자산의 사용을 수반하지 않는 중요한 거래내용은 다음과 같습니다. \xa0 \xa0 \xa0 \xa0 \xa0 \xa0 \xa0 \xa0 \xa0 \xa0 \xa0 \xa0 \xa0 \xa0 \xa0 \xa0 \xa0 \xa0 \xa0 \xa0 \xa0 \xa0 \xa0 \xa0 \xa0 \xa0 \xa0 \xa0 \xa0 \xa0 \xa0 \xa0 \xa0 \xa0 \xa0 \xa0 \xa0 \xa0 \xa0 \xa0 \xa0 \xa0 \xa0 \xa0 \xa0 \xa0 \xa0 \xa0 \xa0 \xa0 (단위 : 천원)\n구분\n당기\n전기\n단기대여금의 계정 대체\n\xa021,867,839\xa0\n-\xa0\n기타포괄손익-공정가치측정금융자산 유동성 대체\n3,241,890\xa0\n2,181,914\xa0\n기타포괄손익-공정가치측정금융자산평가이익\n(2,679,245)\xa0\n642,218\xa0\n투자부동산등의 재고자산 대체\n-\xa0\n37,703,007\xa0\n임대보증금의 유동성 대체\n1,737,870\xa0\n-\xa0\n분양선수금의 유동성 대체\n-\xa0\n53,171,373\xa0\n장기차입금의 유동성 대체\n7,591,100\xa0\n-\xa0\n충당부채의 유동성 대체\n9,800,000\xa0\n-\xa0\n채권의 제각\n526,506\xa0\n16,451\xa0\n(5) 재무활동에서 생기는 부채의 변동 내용은 다음과 같습니다. <당기>\xa0 \xa0 \xa0 \xa0 \xa0 \xa0 \xa0 \xa0 \xa0 \xa0 \xa0 \xa0 \xa0 \xa0 \xa0 \xa0 \xa0 \xa0 \xa0 \xa0 \xa0 \xa0 \xa0 \xa0 \xa0 \xa0 \xa0 \xa0 \xa0 \xa0 \xa0 \xa0 \xa0 \xa0 \xa0 \xa0 \xa0 \xa0 \xa0 \xa0 \xa0 \xa0 \xa0 \xa0 \xa0 \xa0 \xa0 \xa0 \xa0\xa0 (단위 : 천원)\n구분\n기초\n현금흐름\n비현금 변동\n기말\n취득\n환율변동\n공정가치변동\n기타\n유동성장기차입금\n-\xa0\n(2,925,400)\xa0\n-\xa0\n-\xa0\n-\xa0\n7,591,100\xa0\n4,665,700\xa0\n장기차입금\n7,591,100\xa0\n-\xa0\n-\xa0\n-\xa0\n-\xa0\n(7,591,100)\xa0\n-\xa0\n리스부채\n350,904\xa0\n(804,562)\xa0\n-\xa0\n-\xa0\n-\xa0\n1,684,815\xa0\n1,231,157\xa0\n임대보증금-유동\n4,562,690\xa0\n(261,150)\xa0\n-\xa0\n-\xa0\n-\xa0\n(1,737,870)\xa0\n2,563,670\xa0\n임대보증금-비유동\n1,353,130\xa0\n200,000\xa0\n-\xa0\n-\xa0\n-\xa0\n1,737,870\xa0\n3,291,000\xa0\n금융보증부채\n30,043\xa0\n-\xa0\n-\xa0\n-\xa0\n-\xa0\n172,452\xa0\n202,495\xa0\n합\xa0 계\n13,887,867\xa0\n(3,791,112)\n-\xa0\n-\xa0\n-\xa0\n1,857,267\xa0\n11,954,022\xa0\n<전기>\xa0 \xa0 \xa0 \xa0 \xa0 \xa0 \xa0 \xa0 \xa0 \xa0 \xa0 \xa0 \xa0 \xa0 \xa0 \xa0 \xa0 \xa0 \xa0 \xa0 \xa0 \xa0 \xa0 \xa0 \xa0 \xa0 \xa0 \xa0 \xa0 \xa0 \xa0 \xa0 \xa0 \xa0 \xa0 \xa0 \xa0 \xa0 \xa0 \xa0 \xa0 \xa0 \xa0 \xa0 \xa0 \xa0 \xa0 \xa0 \xa0\xa0 (단위 : 천원)\n구분\n기초\n현금흐름\n비현금 변동\n기말\n취득\n환율변동\n공정가치변동\n기타\n장기차입금\n11,064,000\xa0\n(3,472,900)\n-\xa0\n-\xa0\n-\xa0\n-\xa0\n7,591,100\xa0\n리스부채\n-\xa0\n(318,381)\n-\xa0\n-\xa0\n-\xa0\n669,285\xa0\n350,904\xa0\n임대보증금-유동\n18,366,453\xa0\n(15,258,873)\n-\xa0\n-\xa0\n-\xa0\n1,455,110\xa0\n4,562,690\xa0\n임대보증금-비유동\n705,700\xa0\n2,102,540\xa0\n-\xa0\n-\xa0\n-\xa0\n(1,455,110)\n1,353,130\xa0\n금융보증부채\n92,684\xa0\n-\xa0\n-\xa0\n-\xa0\n-\xa0\n(62,641)\n30,043\xa0\n합\xa0 계\n30,228,837\xa0\n(16,947,614)\n-\xa0\n-\xa0\n-\xa0\n606,644\xa0\n13,887,867\xa0\n36. 특수관계자거래(1) 특수관계자 현황\n관계\n기업명\n당기\n전기\n<회사가 영향력을 행사하는 기업>\n종속기업\n평택석정파크드림(주)\n-\n관계기업\n(주)화성개발\n(주)화성개발\n-\n화성그린케어(주)\n달성맑은물길(주)\n달성맑은물길(주)\n(주)신세계티비쇼핑\n(주)신세계티비쇼핑\n대구청정에너지(주)\n대구청정에너지(주)\n남사하이테크(주)\n남사하이테크(주)\n이지스전문투자형사모\xa0 부동산신탁제331호\n\u3000-\n<기타특수관계자>\n기타\n동진건설(주)\n동진건설(주)\n(주)엠에이치네트웍\n(주)엠에이치네트웍\n(2) 특수관계자와의 매출·매입 등 중요한 거래내용은 다음과 같습니다.<당기>\n\xa0 \xa0 \xa0 \xa0 \xa0 \xa0 \xa0 \xa0 \xa0 \xa0 \xa0 \xa0 \xa0 \xa0 \xa0 \xa0 \xa0 \xa0 \xa0 \xa0 \xa0 \xa0 \xa0 \xa0 \xa0 \xa0 \xa0 \xa0 \xa0 \xa0 \xa0 \xa0 \xa0 \xa0 \xa0 \xa0 \xa0 \xa0 \xa0 \xa0 \xa0 \xa0 \xa0 \xa0 \xa0 \xa0 \xa0 \xa0 \xa0 \xa0 (단위 : 천원)\n특수관계자\n관계\n매출\n매입\n배당금수익\n배당금지급\n(주)화성개발\n관계기업\n360,967\xa0\n(77,295)\xa0\n2,160,000\xa0\n(576,885)\xa0\n이지스전문투자형사모부동산신탁제331호\n관계기업\n-\xa0\n-\xa0\n466,189\xa0\n-\xa0\n동진건설(주)\n기타\n51,536\xa0\n-\xa0\n-\xa0\n(60,000)\xa0\n(주)엠에이치네트웍\n기타\n640\xa0\n-\xa0\n-\xa0\n-\xa0\n합\xa0 계\n413,143\xa0\n(77,295)\xa0\n2,626,189\xa0\n(636,885)\xa0\n<전기>\n\xa0 \xa0 \xa0 \xa0 \xa0 \xa0 \xa0 \xa0 \xa0 \xa0 \xa0 \xa0 \xa0 \xa0 \xa0 \xa0 \xa0 \xa0 \xa0 \xa0 \xa0 \xa0 \xa0 \xa0 \xa0 \xa0 \xa0 \xa0 \xa0 \xa0 \xa0 \xa0 \xa0 \xa0 \xa0 \xa0 \xa0 \xa0 \xa0 \xa0 \xa0 \xa0 \xa0 \xa0 \xa0 \xa0 \xa0 \xa0 \xa0 \xa0 (단위 : 천원)\n특수관계자\n관계\n매출\n매입\n배당금수익\n배당금지급\n(주)화성개발\n관계기업\n36,032\xa0\n(169,959)\xa0\n1,296,000\xa0\n(1,073,005)\xa0\n화성그린케어(주)\n관계기업\n1,200\xa0\n148,000\xa0\n-\xa0\n-\xa0\n동진건설(주)\xa0\n기타\n48,590\xa0\n-\xa0\n-\xa0\n(111,600)\xa0\n(주)엠에이치네트웍\n기타\n960\xa0\n-\xa0\n-\xa0\n-\xa0\n합\xa0 계\n86,782\xa0\n(21,959)\xa0\n1,296,000\xa0\n(1,184,605)\xa0\n(3) 특수관계자와의 중요한 채권 및 채무의 내용은 다음과 같습니다.\xa0 \xa0 \xa0 \xa0 \xa0 \xa0 \xa0 \xa0 \xa0 \xa0 \xa0 \xa0 \xa0 \xa0 \xa0 \xa0 \xa0 \xa0 \xa0 \xa0 \xa0 \xa0 \xa0 \xa0 \xa0 \xa0 \xa0 \xa0 \xa0 \xa0 \xa0 \xa0 \xa0 \xa0 \xa0 \xa0 \xa0 \xa0 \xa0 \xa0 \xa0 \xa0 \xa0 \xa0 \xa0 \xa0 \xa0 \xa0 \xa0 \xa0\xa0 (단위 : 천원)\n특수관계자\n관계\n당기\n전기\n매출채권\n기타채권\n매입채무\n기타채무\n매출채권\n기타채권\n매입채무\n기타채무\n(주)화성개발\n관계기업\n-\xa0\n772,917\xa0\n-\xa0\n152,792\xa0\n-\xa0\n603,655\xa0\n-\xa0\n247,666\xa0\n화성그린케어(주)\n관계기업\n-\xa0\n-\xa0\n-\xa0\n-\xa0\n-\xa0\n-\xa0\n-\xa0\n-\xa0\n동진건설(주)\xa0\n기타\n-\xa0\n11,970\xa0\n-\xa0\n-\xa0\n-\xa0\n372,709\xa0\n-\xa0\n-\xa0\n합\xa0 계\n-\xa0\n784,887\xa0\n-\xa0\n152,792\xa0\n-\xa0\n976,364\xa0\n-\xa0\n247,666\xa0\n(4) 특수관계자와의 담보 및 지급보증 내용\n1) 특수관계자와의 담보내용은 다음과 같습니다.\xa0\n특수관계자\n관계\n담보자산\n제공처\n내용\n<제공한 내용>\n평택석정파크드림(주)\n종속기업\n보유주식 850,000주\n메리츠종금증권\n종속기업차입금 담보\n평택석정파크드림(주)\n종속기업\n예금 40억원\n대구은행\n종속기업차입금 담보\n2) 특수관계자와의 지급보증내용은 다음과 같습니다. \xa0 \xa0 \xa0 \xa0 \xa0 \xa0 \xa0 \xa0 \xa0 \xa0 \xa0 \xa0 \xa0 \xa0 \xa0 \xa0 \xa0 \xa0 \xa0 \xa0 \xa0 \xa0 \xa0 \xa0 \xa0 \xa0 \xa0 \xa0 \xa0 \xa0 \xa0 \xa0 \xa0 \xa0 \xa0 \xa0 \xa0 \xa0 \xa0 \xa0 \xa0 \xa0 \xa0 \xa0 \xa0 \xa0 \xa0 \xa0 \xa0\xa0 (단위 : 천원)\n특수관계자\n관계\n보증금액\n보증처\n내용\n<제공한 내용>\n(주)화성개발\n관계기업\n577,617\xa0\n주택도시보증공사등\n하자보수보증 등\n(5) 주요경영진에 대한 보상회사는 기업 활동의 계획ㆍ운영ㆍ통제에 대하여 중요한 권한과 책임을 가진 등기임원, 비등기임원, 내부감사 책임자 및 각 사업부문장 등을 주요 경영진으로 판단하였으며, 당기와 전기 중 주요 경영진에 대한 보상을 위해 지급한 금액은 다음과 같습니다.\xa0 \xa0 \xa0 \xa0 \xa0 \xa0 \xa0 \xa0 \xa0 \xa0 \xa0 \xa0 \xa0 \xa0 \xa0 \xa0 \xa0 \xa0 \xa0 \xa0 \xa0 \xa0 \xa0 \xa0 \xa0 \xa0 \xa0 \xa0 \xa0 \xa0 \xa0 \xa0 \xa0 \xa0 \xa0 \xa0 \xa0 \xa0 \xa0 \xa0 \xa0 \xa0 \xa0 \xa0 \xa0 \xa0 \xa0 \xa0 \xa0 \xa0 \xa0 (단위 : 천원)\n구분\n당기\n전기\n단기종업원급여\n3,190,801\xa0\n3,315,800\xa0\n퇴직급여\n132,419\xa0\n-\xa0\n37. 우발상황과 약정사항(1) 견질어음회사는 계약 및 거래보증과 관련하여 금융기관 등에 백지어음 및 백지수표 13매를 견질로 제공하고 있습니다.(2) 사용제한 금융자산사용제한 금융자산의 내용은 다음과 같습니다. \xa0 \xa0 \xa0 \xa0 \xa0 \xa0 \xa0 \xa0 \xa0 \xa0 \xa0 \xa0 \xa0 \xa0 \xa0 \xa0 \xa0 \xa0 \xa0 \xa0 \xa0 \xa0 \xa0 \xa0 \xa0 \xa0 \xa0 \xa0 \xa0 \xa0 \xa0 \xa0 \xa0 \xa0 \xa0 \xa0 \xa0 \xa0 \xa0 \xa0 \xa0 \xa0 \xa0 \xa0 \xa0 \xa0 \xa0 \xa0 \xa0 \xa0 (단위 : 천원)\r\n계정과목\n종류\n금융기관\n당기\n전기\n사용제한내용\n현금및현금성자산\n정기예금\n대구은행\n4,000,000\xa0\n-\xa0\n종속기업차입금 담보\n단기기타금융자산\n기타예금\n대구은행\n-\xa0\n50,000\xa0\n임대보증금질권\n장기기타금융자산\n특정현금과예금\n대구은행 등\n6,500\xa0\n6,500\xa0\n당좌개설보증금\n장기기타금융자산\n기타예금\n대구은행\n-\xa0\n22,000\xa0\n거래이행담보\n합\xa0\xa0 계\n\xa0 \xa0 \xa0 \xa0\xa0 4,006,500\xa0\n\xa0 \xa0 \xa0 \xa0 \xa0 \xa0 78,500\xa0\n(3) 담보제공 및 사용제한 자산내용\xa0 \xa0 \xa0 \xa0 \xa0 \xa0 \xa0 \xa0 \xa0 \xa0 \xa0 \xa0 \xa0 \xa0 \xa0 \xa0 \xa0 \xa0 \xa0 \xa0 \xa0 \xa0 \xa0 \xa0 \xa0 \xa0 \xa0 \xa0 \xa0 \xa0 \xa0 \xa0 \xa0 \xa0 \xa0 \xa0 \xa0 \xa0 \xa0 \xa0 \xa0 \xa0 \xa0 \xa0 \xa0 \xa0 \xa0 \xa0 \xa0\xa0 (단위 : 천원)\n계정과목\n종류\n장부금액\n설정금액\n설정권자\n내용\n유형자산\n침산사옥\n13,167,161\xa0\n2,000,070\xa0\n기술보증기금 등\n보증금 담보\n재고자산\n양산명동완성주택\n10,243,828\xa0\n13,276,800\xa0\n우리은행\n근저당설정\n채무증권\n국공채\n4,000,000\xa0\n4,000,000\xa0\n현대제철 등\n거래보증\n채무증권\n국공채\n2,500,000\xa0\n2,500,000\xa0\n대구은행\n보증금 담보\n지분증권\n출자금\n8,708,345\xa0\n8,708,345\xa0\n건설공제조합 등\n거래보증\n지분증권\n종속기업투자주식\n2,908,746\xa0\n2,908,746\xa0\n메리츠종금증권\n종속기업차입금 담보\n지분증권\n비상장주식 등\n346,256\xa0\n346,256\xa0\n기업은행 등\nBTL사업 등\n합\xa0\xa0 계\n41,874,336\xa0\n33,740,217\xa0\n(4) 제공받은 지급보증내용타인으로부터 제공받은 지급보증내용은 다음과 같습니다. \xa0 \xa0 \xa0 \xa0 \xa0 \xa0 \xa0 \xa0 \xa0 \xa0 \xa0 \xa0 \xa0 \xa0 \xa0 \xa0 \xa0 \xa0 \xa0 \xa0 \xa0 \xa0 \xa0 \xa0 \xa0 \xa0 \xa0 \xa0 \xa0 \xa0 \xa0 \xa0 \xa0 \xa0 \xa0 \xa0 \xa0 \xa0 \xa0 \xa0 \xa0 \xa0 \xa0 \xa0 \xa0 \xa0 \xa0 \xa0 \xa0\xa0 (단위 : 천원)\n제공자\n보증한도\n보증금액\n내용\n건설공제조합\n1,905,854,000\xa0\n345,141,144\xa0\n공사이행보증 등\n주택도시보증공사\n12,984,893,145\xa0\n849,601,809\xa0\n분양보증 등\n서울보증보험\n12,918,243\xa0\n12,918,243\xa0\n이행보증 등\n엔지니어링공제조합\n2,774,286\xa0\n181,842\xa0\n이행보증\n(주)대우건설 외\n208,145,387\xa0\n208,145,387\xa0\n하자보수보증\n동아건설산업(주) 외\n7,794,466\xa0\n7,794,466\xa0\n계약보증\n합\xa0\xa0 계\n15,122,379,527\xa0\n1,423,782,891\xa0\n(5) 타인을 위한 지급보증제공내용타인을 위한 지급보증제공내용은 다음과 같습니다. \xa0 \xa0 \xa0 \xa0 \xa0 \xa0 \xa0 \xa0 \xa0 \xa0 \xa0 \xa0 \xa0 \xa0 \xa0 \xa0 \xa0 \xa0 \xa0 \xa0 \xa0 \xa0 \xa0 \xa0 \xa0 \xa0 \xa0 \xa0 \xa0 \xa0 \xa0 \xa0 \xa0 \xa0 \xa0 \xa0 \xa0 \xa0 \xa0 \xa0 \xa0 \xa0 \xa0 \xa0 \xa0 \xa0 \xa0 \xa0 \xa0 \xa0\xa0 (단위 : 천원)\n수혜자\n보증금액\n내용\nSTX건설(주) 외\n189,870,722\xa0\n하자보수보증 등\n수분양자\n62,726,259\xa0\n중도금대출 보증\n합\xa0\xa0 계\n\xa0 \xa0 \xa0 252,596,981\xa0\n(6) 보험가입내용\xa0 \xa0 \xa0 \xa0 \xa0 \xa0 \xa0 \xa0 \xa0 \xa0 \xa0 \xa0 \xa0 \xa0 \xa0 \xa0 \xa0 \xa0 \xa0 \xa0 \xa0 \xa0 \xa0 \xa0 \xa0 \xa0 \xa0 \xa0 \xa0 \xa0 \xa0 \xa0 \xa0 \xa0 \xa0 \xa0 \xa0 \xa0 \xa0 \xa0 \xa0 \xa0 \xa0 \xa0 \xa0 \xa0 \xa0 \xa0 \xa0\xa0 (단위 : 천원)\n구분\n부보자산\n부보금액\n보험금수익자\n재산종합보험\n건물 등\n43,214,328\xa0\n화성산업(주)\n배상책임보험\n건물 등\n5,803,000\xa0\n화성산업(주)\n합\xa0\xa0 계\n\xa0 \xa0 \xa0 \xa0 \xa0 49,017,328\xa0\n(7) 기타약정사항1) 자금보충약정\xa0\n당기말 현재 회사는 대구드림교육(주), 대구뮤지엄서비스(주), 경주문예회관운영(주),대가야푸른환경(주), 달성맑은물길(주), 대성환경에너지(주), 대구남부순환도로(주), 대구그린에너지센터(주)의 운영과 관련하여 회사지분 478억원, 타 공동시공사 지분포함시 1,984억원의 자금보충약정을 해당 공사에 참여한 시공사와 함께 연대보증을 제공하고 있으며, 자금보충의무가 확정된 공사에 대해서는 충당부채를 인식하였습니다(주석 20 참조).2) 채무인수약정\xa0 \xa0 \xa0 \xa0 \xa0 \xa0 \xa0 \xa0 \xa0 \xa0 \xa0 \xa0 \xa0 \xa0 \xa0 \xa0 \xa0 \xa0 \xa0 \xa0 \xa0 \xa0 \xa0 \xa0 \xa0 \xa0 \xa0 \xa0 \xa0 \xa0 \xa0 \xa0 \xa0 \xa0 \xa0 \xa0 \xa0 \xa0 \xa0 \xa0 \xa0 \xa0 \xa0 \xa0 \xa0 \xa0\xa0 (단위 : 천원)\n구\xa0\xa0 분\n금액\n비고\n죽전역화성파크드림 분양사업\n22,000,000\xa0\n책임준공미이행시\n수성센트럴화성파크드림 분양사업\n40,000,000\xa0\n책임준공미이행시\n합\xa0\xa0 계\n62,000,000\xa0\n\u3000\n3) 기타약정당기말 현재 회사는 대구남부순환도로사업과 관련하여 일정 요건에 해당되는\xa0 경우, 재무투자자의 출자주식 중 회사 보유 지분율 상당금액을 재매입하는 약정이 체결되어 있습니다.\n(8) 계류중인 소송사건\n보고기간말 현재 회사는 손해배상 등과 관련한 5,072,675천원의 손해배상청구소송 등에 피소 중에 있으나, 동 소송의 결과가 회사의 재무제표에 미치는 영향은 현재로서는 합리적으로 예측할 수 없습니다.보고기간말 현재 회사는 조달청이 통보한 일정기간 입찰참가자격을 제한하는 행정처분에 대하여 취소의 소송을 진행 중입니다. 이에 대하여 서울행정법원은 회사의 행정처분에 대한 집행정지 가처분 신청에 대하여 인용 결정하였으며, 동 소송의 결과가 회사의 재무제표에 미치는 영향은 현재로서는 합리적으로 예측할 수 없습니다.\n38. 영업부문(1) 회사의 영업부문은 다음과 같이 구성되어 있으며 그 내용은 다음과 같습니다. \xa0 \xa0 \xa0 \xa0 \xa0 \xa0\n구분\n내용\n건축부문\n건물, 상가, 아파트 신축공사\n토목부문\n도로, 교량, 매립, 부지조성준설 등\n분양부문\n아파트 분양\n기타부문\n부동산임대 및 제품 공급\n(2)\xa0 영업부문별 정보는 다음과 같습니다. 1) 영업부문의 매출 및 매출원가 정보는 다음과 같습니다. \xa0 \xa0 \xa0 \xa0 \xa0 \xa0 \xa0 \xa0 \xa0 \xa0 \xa0 \xa0 \xa0 \xa0 \xa0 \xa0 \xa0 \xa0 \xa0 \xa0 \xa0 \xa0 \xa0 \xa0 \xa0 \xa0 \xa0 \xa0 \xa0 \xa0 \xa0 \xa0 \xa0 \xa0 \xa0 \xa0 \xa0 \xa0 \xa0 \xa0 \xa0 \xa0 \xa0 \xa0 \xa0 \xa0 \xa0 \xa0 \xa0 \xa0 \xa0\xa0 (단위:천원)\n구\xa0\xa0 분\n당기\n전기\n매출\n매출원가\n매출\n매출원가\n건축부문\n152,527,119\xa0\n142,749,231\xa0\n139,983,827\xa0\n122,872,417\xa0\n토목부문\n49,795,427\xa0\n44,710,348\xa0\n57,441,058\xa0\n58,534,326\xa0\n분양부문\n189,899,346\xa0\n145,132,601\xa0\n245,744,517\xa0\n191,790,541\xa0\n기타부문\n27,037,407\xa0\n17,188,615\xa0\n8,216,554\xa0\n4,854,468\xa0\n합\xa0\xa0 계\n419,259,299\xa0\n349,780,795\xa0\n451,385,956\xa0\n378,051,752\xa0\n위에서 보고된 수익은 모두 국내에 소재하는 고객으로부터 창출된 외부고객으로부터발생한 수익이며, 기업내의 다른 영업부문과의 거래로 인한 수익은 없습니다.\n2) 영업부문의 자산 및 부채정보는 다음과 같습니다. \xa0 \xa0 \xa0 \xa0 \xa0 \xa0 \xa0 \xa0 \xa0 \xa0 \xa0 \xa0 \xa0 \xa0 \xa0 \xa0 \xa0 \xa0 \xa0 \xa0 \xa0 \xa0 \xa0 \xa0 \xa0 \xa0 \xa0 \xa0 \xa0 \xa0 \xa0 \xa0 \xa0 \xa0 \xa0 \xa0 \xa0 \xa0 \xa0 \xa0 \xa0 \xa0 \xa0 \xa0 \xa0 \xa0 \xa0 \xa0 \xa0 \xa0 \xa0\xa0 (단위:천원)\n구\xa0\xa0 분\n당기\n전기\n자산\n부채\n자산\n부채\n건축부문\n78,314,361\xa0\n54,467,630\xa0\n74,009,081\xa0\n43,192,059\xa0\n토목부문\n6,464,893\xa0\n15,447,408\xa0\n18,980,551\xa0\n38,607,013\xa0\n분양부문\n12,161,866\xa0\n5,847,260\xa0\n212,149,143\xa0\n116,708,658\xa0\n기타부문\n134,611,673\xa0\n32,914,737\xa0\n13,725,315\xa0\n11,967,561\xa0\n공통부문\n296,048,537\xa0\n24,934,254\xa0\n293,761,008\xa0\n31,152,858\xa0\n합\xa0\xa0 계\n527,601,330\xa0\n133,611,289\xa0\n612,625,098\xa0\n241,628,149\xa0\n보고기간말 현재 회사의 부문별 자산 및 부채는 모두 국내에 소재하고 있습니다.39. 위험관리(1) 금융위험관리회사는 경영활동과 관련하여 신용위험, 유동성위험 및 시장위험 등 다양한 금융위험에 노출되어 있습니다. 회사는 금융위험이 경영에 미칠 수 있는 불리한 효과를 최소화하기 위해\xa0 노력하고 있습니다. 1) 신용위험관리신용위험은 계약상대방이 계약상의 의무를 불이행하여 회사에 재무적 손실을 미칠 위험을 의미합니다. 신용위험은 보유하고 있는 수취채권 및 확정계약을 포함한 거래처에 대한 신용위험 뿐 아니라 현금 및 현금성자산, 파생금융상품 및 은행 및 금융기관 예치금으로부터 발생하고 있습니다. 은행 및 금융기관의 경우, 신용등급이 우수한금융기관과 거래하고 있으므로 금융기관으로부터의 신용위험은 제한적입니다. 일반거래처의 경우 신용거래를 희망하는 모든 거래상대방에 대하여 신용검증절차의 수행을 원칙으로 하여 신용상태가 건전한 거래상대방과의 거래만 수행하고 있습니다.\xa0\r\n또한, 대손위험에 대한 회사의 노출정도가 중요하지 않은 수준으로 유지될수 있도록 지속적으로 신용도를 재평가하는 등 매출채권 및 기타채권 잔액에 대한 지속적인 관리업무를 수행하고 있으며, 매 보고기간말에 개별적으로 손상여부를 검토하고 있습니다.\n2) 유동성위험관리회사는 미래의 현금흐름을 예측하여 단기 및 중장기 자금조달 계획을 수립하여 유동성위험을 관리하고 있으며, 금융부채의 잔존계약 만기에 따른 만기분석내용은 다음과 같습니다.<당기>\xa0 \xa0 \xa0 \xa0 \xa0 \xa0 \xa0 \xa0 \xa0 \xa0 \xa0 \xa0 \xa0 \xa0 \xa0 \xa0 \xa0 \xa0 \xa0 \xa0 \xa0 \xa0 \xa0 \xa0 \xa0 \xa0 \xa0 \xa0 \xa0 \xa0 \xa0 \xa0 \xa0 \xa0 \xa0 \xa0 \xa0 \xa0 \xa0 \xa0 \xa0 \xa0 \xa0 \xa0 \xa0 \xa0 \xa0 \xa0 \xa0 \xa0 \xa0 (단위 : 천원)\n구\xa0\xa0 분\n장부금액\n1년이하\n1~5년\n5년초과\n매입채무\n23,506,311\xa0\n23,506,311\xa0\n-\xa0\n-\xa0\n단기기타채무\n5,561,414\xa0\n5,561,414\xa0\n-\xa0\n-\xa0\n유동성장기차입금\n4,665,700\xa0\n4,759,014\xa0\n-\xa0\n-\xa0\n단기기타금융부채\n3,445,352\xa0\n3,445,352\xa0\n-\xa0\n-\xa0\n장기기타채무\n304,411\xa0\n-\xa0\n-\xa0\n304,411\xa0\n장기기타금융부채\n3,842,970\xa0\n-\xa0\n3,842,970\xa0\n-\xa0\n합\xa0\xa0 계\n41,326,158\xa0\n37,272,091\xa0\n3,842,970\xa0\n304,411\xa0\n<전기>\xa0 \xa0 \xa0 \xa0 \xa0 \xa0 \xa0 \xa0 \xa0 \xa0 \xa0 \xa0 \xa0 \xa0 \xa0 \xa0 \xa0 \xa0 \xa0 \xa0 \xa0 \xa0 \xa0 \xa0 \xa0 \xa0 \xa0 \xa0 \xa0 \xa0 \xa0 \xa0 \xa0 \xa0 \xa0 \xa0 \xa0 \xa0 \xa0 \xa0 \xa0 \xa0 \xa0 \xa0 \xa0 \xa0 \xa0 \xa0 \xa0 \xa0 \xa0 (단위 : 천원)\n구\xa0\xa0 분\n장부금액\n1년이하\n1~5년\n5년초과\n매입채무\n39,087,012\xa0\n39,087,012\xa0\n-\xa0\n-\xa0\n단기기타채무\n4,257,397\xa0\n4,257,397\xa0\n-\xa0\n-\xa0\n단기기타금융부채\n4,794,077\xa0\n4,794,077\xa0\n-\xa0\n-\xa0\n장기기타채무\n297,820\xa0\n-\xa0\n-\xa0\n297,820\xa0\n장기기타금융부채\n1,502,690\xa0\n-\xa0\n1,502,690\xa0\n-\xa0\n장기차입금\n7,591,100\xa0\n151,822\xa0\n607,288\xa0\n7,591,100\xa0\n합\xa0\xa0 계\n57,530,096\xa0\n48,290,308\xa0\n2,109,978\xa0\n7,888,920\xa0\n3) 시장위험회사는 이자율과 시장가격의 변동으로 인한 시장위험에 노출되어 있습니다. (가) 이자율위험관리변동이자율로 발행된 차입금으로 인하여\xa0회사는 이자율변동에 따른 현금흐름변동위험에 노출되어 있습니다. 보고기간말 현재 이자율변동위험에 노출된 부채는 없습니다.\n(나) 가격위험요소회사는 시장성 있는 지분상품에서 발생하는 가격변동위험에 노출되어 있습니다. 보고기간말 현재 공정가치로 평가하는 시장성 있는 기타포괄손익 공정가치측정 지분상품은 3,449,458천원으로, 다른 변수가 일정하고 지분상품의 가격이 10% 변동할 경우 가격변동이 자본에 미치는 영향은 344,946천원입니다.(2) 자본위험관리회사의 자본관리 목적은 계속기업으로 영업활동을 유지하고 주주 및 이해관계자의 이익을 극대화하하고 자본비용의 절감을 위하여 최적의 자본구조를 유지하는데 있습니다. 회사는 배당조정, 신주발행 등의 정책을 통하여 자본구조를 경제환경의 변화에따라 적절히 수정변경하고 있습니다. 회사의 자본위험관리정책은 전기와 중요한 변동이 없습니다.\xa0\n\xa0 \xa0 \xa0 \xa0 \xa0 \xa0 \xa0 \xa0 \xa0 \xa0 \xa0 \xa0 \xa0 \xa0 \xa0 \xa0 \xa0 \xa0 \xa0 \xa0 \xa0 \xa0 \xa0 \xa0 \xa0 \xa0 \xa0 \xa0 \xa0 \xa0 \xa0 \xa0 \xa0 \xa0 \xa0 \xa0 \xa0 \xa0 \xa0 \xa0 \xa0 \xa0 \xa0 \xa0 \xa0 \xa0 \xa0 \xa0 \xa0 \xa0 \xa0 (단위 : 천원)\n구분\n당기\n전기\n부채총계\xa0\n\xa0133,611,289\xa0\n241,628,151\xa0\n차감: 현금및현금성자산\xa0\xa0\n241,150,114\xa0\n152,757,713\xa0\n순부채\n(107,538,825)\n88,870,439\xa0\n자본총계\n\xa0 393,990,041\xa0\n370,996,947\xa0\n순부채비율(주1)\xa0\xa0\n-\xa0\n23.95%\n(주1) 당기의 경우 순부채가 (-)금액으로 순부채비율을 산정하지 아니하였습니다.40. 보고기간 후 사건(1) 재무제표 발행 승인동 재무제표는\xa02021년 2월\xa026일자\xa0이사회에서 승인되었으며, 정기주주총회에서 수정승인될 수 있습니다.(2) 영업정지처분에 대한 행정소송회사는 2021년 1월 15일 대구광역시로부터 건설업 영업정지 1개월의 행정처분을 통지받았습니다. 이에 대하여 대구지방법원은 2021년 2월 4일 회사의 집행정지 가처분신청에 대하여 인용 결정하였으며, 회사는 해당 행정처분 취소를 구하는 행정소송을 제기하여 현재 진행 중입니다. 동 소송의 결과가 회사의 재무제표에 미치는 영향은 현재로서는 합리적으로 예측할 수 없습니다.(3) 채무보증 결정2021년 2월 26일자 이사회에서 동대구역 화성파크드림 수분양자 중도금 대출에 대하여 64,440백만원을 한도로 연대보증 제공을 결의하였습니다.\n']"
