﻿일자,수익률,대비
2020-01-02,1.319,-0.016
2020-01-03,1.299,-0.02
2020-01-06,1.295,-0.004
2020-01-07,1.312,0.017
2020-01-08,1.319,0.007
2020-01-09,1.326,0.007
2020-01-10,1.33,0.004
2020-01-13,1.328,-0.002
2020-01-14,1.317,-0.011
2020-01-15,1.32,0.003
2020-01-16,1.333,0.013
2020-01-17,1.341,0.008
2020-01-20,1.355,0.014
2020-01-21,1.33,-0.025
2020-01-22,1.345,0.015
2020-01-23,1.338,-0.007
2020-01-28,1.295,-0.043
2020-01-29,1.286,-0.009
2020-01-30,1.265,-0.021
2020-01-31,1.264,-0.001
2020-02-03,1.256,-0.008
2020-02-04,1.272,0.016
2020-02-05,1.259,-0.013
2020-02-06,1.257,-0.002
2020-02-07,1.238,-0.019
2020-02-10,1.242,0.004
2020-02-11,1.241,-0.001
2020-02-12,1.242,0.001
2020-02-13,1.235,-0.007
2020-02-14,1.268,0.033
2020-02-17,1.264,-0.004
2020-02-18,1.237,-0.027
2020-02-19,1.237,0.0
2020-02-20,1.209,-0.028
2020-02-21,1.168,-0.041
2020-02-24,1.129,-0.039
2020-02-25,1.139,0.01
2020-02-26,1.119,-0.02
2020-02-27,1.154,0.035
2020-02-28,1.113,-0.041
2020-03-02,1.121,0.008
2020-03-03,1.117,-0.004
2020-03-04,1.038,-0.079
2020-03-05,1.046,0.008
2020-03-06,1.051,0.005
2020-03-09,1.014,-0.037
2020-03-10,1.033,0.019
2020-03-11,1.032,-0.001
2020-03-12,1.022,-0.01
2020-03-13,1.073,0.051
2020-03-16,1.02,-0.053
2020-03-17,0.981,-0.039
2020-03-18,0.982,0.001
2020-03-19,1.066,0.084
2020-03-20,1.019,-0.047
2020-03-23,1.041,0.022
2020-03-24,1.015,-0.026
2020-03-25,1.013,-0.002
2020-03-26,0.995,-0.018
2020-03-27,0.993,-0.002
2020-03-30,1.005,0.012
2020-03-31,0.989,-0.016
2020-04-01,0.984,-0.005
2020-04-02,0.959,-0.025
2020-04-03,0.95,-0.009
2020-04-06,0.928,-0.022
2020-04-07,0.911,-0.017
2020-04-08,0.891,-0.02
2020-04-09,0.862,-0.029
2020-04-10,0.856,-0.006
2020-04-13,0.867,0.011
2020-04-14,0.871,0.004
2020-04-16,0.868,-0.003
2020-04-17,0.879,0.011
2020-04-20,0.876,-0.003
2020-04-21,0.886,0.01
2020-04-22,0.893,0.007
2020-04-23,0.884,-0.009
2020-04-24,0.873,-0.011
2020-04-27,0.878,0.005
2020-04-28,0.879,0.001
2020-04-29,0.872,-0.007
2020-05-04,0.856,-0.016
2020-05-06,0.845,-0.011
2020-05-07,0.834,-0.011
2020-05-08,0.819,-0.015
2020-05-11,0.821,0.002
2020-05-12,0.799,-0.022
2020-05-13,0.78,-0.019
2020-05-14,0.786,0.006
2020-05-15,0.784,-0.002
2020-05-18,0.783,-0.001
2020-05-19,0.781,-0.002
2020-05-20,0.772,-0.009
2020-05-21,0.768,-0.004
2020-05-22,0.755,-0.013
2020-05-25,0.743,-0.012
2020-05-26,0.743,0.0
2020-05-27,0.749,0.006
2020-05-28,0.7,-0.049
2020-05-29,0.692,-0.008
2020-06-01,0.689,-0.003
2020-06-02,0.692,0.003
2020-06-03,0.708,0.016
2020-06-04,0.723,0.015
2020-06-05,0.73,0.007
2020-06-08,0.732,0.002
2020-06-09,0.722,-0.01
2020-06-10,0.72,-0.002
2020-06-11,0.718,-0.002
2020-06-12,0.721,0.003
2020-06-15,0.736,0.015
2020-06-16,0.736,0.0
2020-06-17,0.749,0.013
2020-06-18,0.73,-0.019
2020-06-19,0.725,-0.005
2020-06-22,0.725,0.0
2020-06-23,0.709,-0.016
2020-06-24,0.707,-0.002
2020-06-25,0.706,-0.001
2020-06-26,0.701,-0.005
2020-06-29,0.717,0.016
2020-06-30,0.716,-0.001
2020-07-01,0.712,-0.004
2020-07-02,0.701,-0.011
2020-07-03,0.703,0.002
2020-07-06,0.71,0.007
2020-07-07,0.701,-0.009
2020-07-08,0.698,-0.003
2020-07-09,0.702,0.004
2020-07-10,0.703,0.001
2020-07-13,0.71,0.007
2020-07-14,0.704,-0.006
2020-07-15,0.7,-0.004
2020-07-16,0.691,-0.009
2020-07-17,0.682,-0.009
2020-07-20,0.674,-0.008
2020-07-21,0.684,0.01
2020-07-22,0.68,-0.004
2020-07-23,0.672,-0.008
2020-07-24,0.671,-0.001
2020-07-27,0.671,0.0
2020-07-28,0.677,0.006
2020-07-29,0.673,-0.004
2020-07-30,0.664,-0.009
2020-07-31,0.658,-0.006
2020-08-03,0.655,-0.003
2020-08-04,0.657,0.002
2020-08-05,0.649,-0.008
2020-08-06,0.653,0.004
2020-08-07,0.655,0.002
2020-08-10,0.668,0.013
2020-08-11,0.664,-0.004
2020-08-12,0.672,0.008
2020-08-13,0.667,-0.005
2020-08-14,0.673,0.006
2020-08-18,0.664,-0.009
2020-08-19,0.662,-0.002
2020-08-20,0.667,0.005
2020-08-21,0.683,0.016
2020-08-24,0.67,-0.013
2020-08-25,0.672,0.002
2020-08-26,0.677,0.005
2020-08-27,0.682,0.005
2020-08-28,0.701,0.019
2020-08-31,0.722,0.021
2020-09-01,0.746,0.024
2020-09-02,0.72,-0.026
2020-09-03,0.721,0.001
2020-09-04,0.731,0.01
2020-09-07,0.748,0.017
2020-09-08,0.733,-0.015
2020-09-09,0.71,-0.023
2020-09-10,0.708,-0.002
2020-09-11,0.714,0.006
2020-09-14,0.709,-0.005
2020-09-15,0.699,-0.01
2020-09-16,0.7,0.001
2020-09-17,0.705,0.005
2020-09-18,0.7,-0.005
2020-09-21,0.699,-0.001
2020-09-22,0.694,-0.005
2020-09-23,0.686,-0.008
2020-09-24,0.674,-0.012
2020-09-25,0.674,0.0
2020-09-28,0.668,-0.006
2020-09-29,0.668,0.0
2020-10-05,0.679,0.011
2020-10-06,0.687,0.008
2020-10-07,0.685,-0.002
2020-10-08,0.683,-0.002
2020-10-12,0.69,0.007
2020-10-13,0.689,-0.001
2020-10-14,0.68,-0.009
2020-10-15,0.671,-0.009
2020-10-16,0.674,0.003
2020-10-19,0.673,-0.001
2020-10-20,0.679,0.006
2020-10-21,0.685,0.006
2020-10-22,0.68,-0.005
2020-10-23,0.675,-0.005
2020-10-26,0.673,-0.002
2020-10-27,0.677,0.004
2020-10-28,0.674,-0.003
2020-10-29,0.678,0.004
2020-10-30,0.68,0.002
2020-11-02,0.698,0.018
2020-11-03,0.702,0.004
2020-11-04,0.693,-0.009
2020-11-05,0.681,-0.012
2020-11-06,0.689,0.008
2020-11-09,0.694,0.005
2020-11-10,0.704,0.01
2020-11-11,0.71,0.006
2020-11-12,0.701,-0.009
2020-11-13,0.699,-0.002
2020-11-16,0.7,0.001
2020-11-17,0.698,-0.002
2020-11-18,0.693,-0.005
2020-11-19,0.695,0.002
2020-11-20,0.699,0.004
2020-11-23,0.692,-0.007
2020-11-24,0.699,0.007
2020-11-25,0.707,0.008
2020-11-26,0.713,0.006
2020-11-27,0.712,-0.001
2020-11-30,0.716,0.004
2020-12-01,0.715,-0.001
2020-12-02,0.716,0.001
2020-12-03,0.714,-0.002
2020-12-04,0.71,-0.004
2020-12-07,0.709,-0.001
2020-12-08,0.708,-0.001
2020-12-09,0.71,0.002
2020-12-10,0.71,0.0
2020-12-11,0.713,0.003
2020-12-14,0.715,0.002
2020-12-15,0.715,0.0
2020-12-16,0.719,0.004
2020-12-17,0.726,0.007
2020-12-18,0.722,-0.004
2020-12-21,0.72,-0.002
2020-12-22,0.715,-0.005
2020-12-23,0.71,-0.005
2020-12-24,0.722,0.012
2020-12-28,0.728,0.006
2020-12-29,0.736,0.008
2020-12-30,0.741,0.005
2020-12-31,0.741,0.0
