text
"['\n5. 재무제표 주석\n1. 회사의 개요미원스페셜티케미칼주식회사(""당사"")는 2017년 5월 1일을 분할기일로 미원홀딩스 주식회사(분할 전 미원스페셜티케미칼주식회사)로부터 인적분할을 통해 설립되었습니다. 당사는 에너지 경화수지의 제조 및 판매를 주요사업으로 영위하고 있으며, 전주 및 충주에 제조시설을 가지고 있고, 광교에 사무소와 연구소를 두고 있습니다. 당사는 2017년 5월 22일 주식을 한국거래소가 개설한 유가증권시장에 상장하였으며, 당기말 현재 최대 주주는 미원홀딩스주식회사이며, 미원홀딩스주식회사를 대표로 하는지배주주집단이 보유한 주식수는 3,699,780(74.00%)주입니다.\n2. 재무제표 작성기준당사는 주식회사 등의 외부감사에 관한 법률 제5조 1항 1호에서 규정하고 있는 국제회계기준위원회의 국제회계기준을 채택하여 정한 회계처리기준인 한국채택국제회계기준에 따라 재무제표를 작성하였습니다.  당사의 재무제표는 2024년 2월 15일자 이사회에서 승인되었으며, 2024년 3월 21일자 주주총회에서 최종 승인될 예정입니다.\n(1) 측정기준\n재무제표는 아래에서 열거하고 있는 재무상태표의 주요항목을 제외하고는 역사적 원가를 기준으로 작성되었습니다.  - 공정가치로 측정되는 파생상품 - 공정가치로 측정되는 당기손익인식금융상품 - 공정가치로 측정되는 기타포괄손익인식금융상품 - 확정급여채무의 현재가치에서 사외적립자산의 공정가치를 차감한 확정급여부채\n(2) 기능통화와 표시통화당사의 재무제표는 당사의 영업활동이 이루어지는 주된 경제환경의 통화(이하 ""기능통화"")로 작성되고 있습니다. 당사의 재무제표는 당사의 기능통화 및 표시통화인 원화로 작성하여 보고하고 있습니다. (3) 추정과 판단\n한국채택국제회계기준에서는 재무제표를 작성함에 있어서 회계정책의 적용이나, 보고기간말 현재 자산, 부채 및 수익, 비용의 보고금액에 영향을 미치는 사항에 대하여 경영진의 최선의 판단을 기준으로 한 추정치와 가정의 사용을 요구하고 있습니다. 보고기간말 현재 경영진의 최선의 판단을 기준으로 한 추정치와 가정이 실제 환경과 다를 경우 이러한 추정치와 실제 결과는 다를 수 있습니다.  추정치와 추정에 대한 기본 가정은 지속적으로 검토되고 있으며, 회계추정의 변경은 추정이 변경된 기간과 미래 영향을 받을 기간 동안 인식되고 있습니다.\xa0\n① 가정과 추정의 불확실성 다음 보고기간 이내에 중요한 조정이 발생할 수 있는 유의한 위험이 있는 가정과 추정의 불확실성에 대한 정보는 다음의 주석에 포함되어 있습니다. - 주석20 : 확정급여채무의 측정 - 주요 보험수리적 가정 - 주석21 : 우발부채와 약정사항 - 자원의 유출 가능성과 금액에 대한 가정 - 주석28 : 법인세비용 - 이연법인세의 인식② 공정가치 측정당사의 회계정책과 공시사항은 다수의 금융 및 비금융자산과 부채에 대해 공정가치 측정을 요구하고 있는 바, 당사는 공정가치평가 정책과 절차를 수립하고 있습니다. 동 정책과 절차에는 공정가치 서열체계에서 수준 3으로 분류되는 공정가치를 포함한모든 유의적인 공정가치 측정의 검토를 책임지는 평가부서의 운영을 포함하고 있으며, 그 결과는 재무담당임원에게 직접 보고되고 있습니다.\n평가부서는 정기적으로 관측가능하지 않은 유의적인 투입변수와 평가 조정을 검토하고 있습니다. 공정가치측정에서 중개인 가격이나 평가기관과 같은 제3자 정보를 사용하는 경우, 평가부서에서 제3자로부터 입수한 정보에 근거한 평가가 공정가치 서열체계 내 수준별 분류를 포함하고 있으며 해당 기준서의 요구사항을 충족한다고 결론을 내릴 수 있는지 여부를 판단하고 있습니다. 당사는 유의적인 평가 문제를 감사위원회에 보고하고 있습니다. 자산이나 부채의 공정가치를 측정하는 경우, 당사는 최대한 시장에서 관측가능한 투입변수를 사용하고 있습니다. 공정가치는 다음과 같이 가치평가기법에 사용된 투입변수에 기초하여 공정가치 서열체계 내에서 분류됩니다.\n구 분\n투입변수의 유의성\n수준 1\n측정일에 동일한 자산이나 부채에 대한 접근 가능한 활성시장의 조정되지 않은 공시가격\n수준 2\n수준 1의 공시가격 이외에 자산이나 부채에 대해 직접적으로 또는 간접적으로 관측가능한 투입변수\n수준 3\n자산이나 부채에 대한 관측가능하지 않은 투입변수\n자산이나 부채의 공정가치를 측정하기 위해 사용되는 여러 투입변수가 공정가치 서열체계 내에서 다른 수준으로 분류되는 경우, 당사는 측정치 전체에 유의적인 공정가치 서열체계에서 가장 낮은 수준의 투입변수와 동일한 수준으로 공정가치 측정치 전체를 분류하고 있으며, 변동이 발생한 보고기간 말에 공정가치 서열체계의 수준간 이동을 인식하고 있습니다. 공정가치 측정 시 사용된 가정의 자세한 정보는 아래 주석에 포함되어 있습니다. - 주석32: 금융위험관리 및 금융상품위험\n3. 회계정책의 변경\n(1) 당사는 2023년 1월 1일로 개시하는 회계기간부터 다음의 제ㆍ개정 기준서를 신규로 적용하였습니다.\n\xa0\n1)\xa0기업회계기준서 제1001호\xa0\'재무제표 표시\' - \'회계정책\'의 공시\n\xa0\n중요한\n\xa0\n회계정책\n\xa0\n정보\n(중요한\n\xa0\n회계\n\xa0\n정책\n\xa0\n정보란,\xa0\n재무제표에\n\xa0\n포함된\n\xa0\n다른\n\xa0\n정보와\n\xa0\n함께\n\xa0\n고려되었을\n\xa0\n때\n\xa0\n재무제표의\n\xa0\n주요\n\xa0\n이용자의\n\xa0\n의사결정에\n\xa0\n영향을\n\xa0\n미칠\n\xa0\n정도의\n\xa0\n수준을\n\xa0의미)\n를\n\xa0\n정의하고\n\xa0\n이를\n\xa0\n공시하도록\n\xa0\n하였습니다.\xa0\n해당\n\xa0\n기준서의\n\xa0\n개정이\n\xa0\n재무제표에\n\xa0\n미치는\n\xa0\n중요한\n\xa0\n영향은\n\xa0\n없습니다.\n\xa0\n2)\xa0기업회계기준서 제1001호\xa0\' 재무제표 표시\xa0\' - 행사가격 조정 조건이 있는 금융부채 평가손익 공시\xa0\n발행자의 주가 변동에 따라 행사가격이 조정되는 조건이 있는 금융상품의 전부나 일부가 금융부채로 분류되는 경우 그 금융부채의 장부금액과 관련 손익을 공시하도록 하였습니다.\xa0\n해당 기준서의 개정이 재무제표에 미치는 중요한 영향은 없습니다.\n\xa0\n3)\xa0기업회계기준서 제1008호\xa0\'회계정책, 회계추정의 변경 및 오류\' - \'회계추정\'의 정의\xa0\n\xa0\n회계추정을 정의하고, 회계정책의 변경과 구별하는 방법을 명확히 하였습니다.\xa0해당 기준서의 개정이 재무제표에 미치는 중요한 영향은 없습니다.\n\xa0\n4)\xa0기업회계기준서 제1012호\xa0\'법인세\' - \xa0단일거래에서 생기는 자산과 부채에 대한 이연법인세\xa0\n자산 또는 부채가 최초로 인식되는 거래의 최초 인식 예외 요건에 거래시점 동일한 가산할 일시적차이와 차감할 일시적차이를 발생시키지 않는 거래라는 요건을 추가하였습니다.\xa0\n해당 기준서의 개정이 재무제표에 미치는 중요한 영향은 없습니다.\n\xa0\n5)\xa0기업회계기준서 제1117호\xa0\'보험계약\' 제정\xa0\n\xa0\n기업회계기준서 제1117호\xa0\'보험계약\'은 기업회계기준서 제1104호\xa0\'보험계약’을 대체합니다. 보험계약에\xa0따른 모든 현금흐름을 추정하고 보고시점의 가정과 위험을 반영한 할인율을 사용하여 보험부채를 측정하고, 매 회계연도별로 계약자에게 제공한 서비스(보험보장)를 반영하여 수익을 발생주의로 인식하도록 합니다. 또한, 보험사건과 관계없이 보험계약자에게 지급하는 투자요소(해약/만기환급금)는 보험수익에서 제외하며, 보험손익과 투자손익을 구분 표시하여 정보이용자가 손익의 원천을 확인할 수 있도록 하였습니다.\xa0해당 기준서의 개정이 재무제표에 미치는 중요한 영향은 없습니다.6)\xa0기업회계기준서 제1012호\xa0‘법인세’ - ‘국제조세개혁\xa0- 필라2 모범규칙’ 개정 기준은 다국적기업의 국제조세를 개혁하는 필라2 모범규칙을 반영하는 법률의 시행으로 생기는 이연법인세 회계처리를 일시적으로 완화하고 이와 관련된 당기법인세 효과 등에 대한 공시를 요구하고 있습니다.\xa0해당 기준서의 제정이 재무제표에 미치는 중요한 영향은 없습니다.\xa0\n(2) 제정ㆍ공표되었으나, 2023년 1월 1일 이후 시작하는 회계연도에 시행일이 도래하지 아니한 주요 제ㆍ개정 기준서 및 해석서는 다음과 같습니다. 당사는 재무제표 작성시 다음의 제ㆍ개정 기준서 및 해석서를 조기적용하지 아니하였습니다.\n1)\xa0기업회계기준서 제1001호\xa0\'재무제표 표시\' 개정\xa0- 부채의 유동/비유동 분류, 약정사항이 있는 비유동부채\n\xa0\n부채는 보고기간말 현재 존재하는 실질적인 권리에 따라 유동 또는 비유동으로 분류되며, 부채의 결제를 연기할 수 있는 권리의 행사가능성이나 경영진의 기대는 고려하지 않습니다. 또한, 부채의 결제에 자기지분상품의 이전도 포함되나, 복합금융상품에서 자기 지분상품으로 결제하는 옵션이 지분상품의 정의를 충족하여 부채와 분리하여 인식된 경우는 제외됩니다. 또한, 기업이 보고기간말 후에 준수해야하는 약정은 해당 부채의 분류에 영향을 미치지 않으며, 보고기간 이후\xa012개월 이내 약정사항을 준수해야하는 부채가 비유동부채로 분류된 경우 보고기간 이후\xa012개월 이내 부채가 상환될 수 있는 위험에 관한 정보를 공시해야 합니다. 동 개정사항은\xa02024년\xa01월\xa01일 이후 시작하는 회계연도부터 적용되며, 조기적용이 허용됩니다.\xa0\n회사는 동 개정으로 인한 재무제표의 영향을 검토 중에 있습니다.\n\xa0\xa0\n\xa0\n2)\xa0기업회계기준서 제1007호\xa0\'현금흐름표\', 기업회계기준서 제1107호\xa0\'금융상품: 공시\' 개정\xa0- 공급자금융약정에 대한 정보 공시\n공급자금융약정을 적용하는 경우, 재무제표이용자가 공급자금융약정이 기업의 부채와 현금흐름 그리고 유동성위험\n\xa0익스포저에 미치는 영향을 평가할 수 있도록 공급자금융약정에 대한 정보를 공시해야 합니다. 동 개정사항은\xa02024년\xa01월\xa01일 이후 시작하는 회계연도부터 적용되며, 조기적용이 허용됩니다.\xa0회사는 동 개정으로 인한 재무제표의 영향을 검토 중에 있습니다.\n\xa0\n3)\xa0기업회계기준서 제1116호\xa0‘리스’ 개정\xa0- 판매후리스에서 생기는 리스부채\n\xa0\n판매후리스에서 생기는 리스부채를 후속적으로 측정할 때 판매자-리스이용자가 보유하는 사용권 관련 손익을 인식하지 않는 방식으로 리스료나 수정리스료를 산정합니다.\xa0\n동 개정사항은\xa02024년\xa01월\xa01일 이후 시작하는 회계연도부터 적용되며, 조기적용이 허용됩니다.\xa0회사는 동 개정으로 인한 재무제표의 영향을 검토 중에 있습니다.\n4. 유의적인 회계정책당사가 한국채택국제회계기준에 따른 재무제표 작성에 적용한 유의적인 회계정책은 다음과 같습니다.\xa0\r\n(1) 현금및현금성자산당사는 취득일로부터 만기일이 3개월 이내인 투자자산을 현금및현금성자산으로 분류하고 있습니다. 지분상품은 현금성자산에서 제외되나, 상환일이 정해져 있고 취득일로부터 상환일까지의 기간이 단기인 우선주와 같이 실질적인 현금성자산인 경우에는 현금성자산에 포함됩니다.(2) 재고자산재고자산의 단위원가는 월단위 총평균법(미착품은 개별법)으로 결정하고 있으며, 취득원가는 매입원가, 전환원가 및 재고자산을 이용가능한 상태로 준비하는데 필요한 기타 원가를 포함하고 있습니다.  재고자산은 취득원가와 순실현가능가치 중 낮은 금액으로 측정하고 있습니다. 재고자산을 순실현가능가치로 감액한 평가손실과 모든 감모손실은 감액이나 감모가 발생한 기간에 비용으로 인식하고 있으며, 재고자산의 순실현가능가치의 상승으로 인한 재고자산평가손실의 환입은 환입이 발생한 기간의 비용으로 인식된 재고자산의 매출원가에서 차감하고 있습니다.\xa0\n(3) 금융자산1) 분류\n당사는 다음의 측정 범주로 금융자산을 분류합니다.- 공정가치 측정 금융자산 (기타포괄손익 또는 당기손익에 공정가치 변동 인식)- 상각후원가 측정 금융자산\n금융자산은 금융자산의 관리를 위한 사업모형과 금융자산의 계약상 현금흐름 특성에 근거하여 분류합니다. 공정가치로 측정하는 금융자산의 손익은 당기손익 또는 기타포괄손익으로 인식합니다. 채무상품에 대한 투자는 해당 자산을 보유하는 사업모형에 따라 당기손익 또는 기타포괄손익으로 인식합니다. 당사는 금융자산을 관리하는 사업모형을 변경하는 경우에만 채무상품을 재분류합니다.  단기매매항목이 아닌 지분상품에 대한 투자는 최초 인식시점에 후속적인 공정가치 변동을 기타포괄손익으로 표시할 것을 지정하는 취소불가능한 선택을 할 수 있습니다. 지정되지 않은 지분상품에 대한 투자의 공정가치 변동은 당기손익으로 인식합니다.\n\xa0\n2) 측정\n당사는 최초 인식시점에 금융자산을 공정가치로 측정하며, 당기손익-공정가치 측정 금융자산이 아닌 경우에 해당 금융자산의 취득이나 해당 금융부채의 발행과 직접 관련되는 거래원가는 공정가치에 가산합니다. 당기손익-공정가치 측정 금융자산의 거래원가는 당기손익으로 비용처리합니다.  내재파생상품을 포함하는 복합계약은 계약상 현금흐름이 원금과 이자로만 구성되어 있는지를 결정할 때 해당 복합계약 전체를 고려합니다.  - 채무상품금융자산의 후속적인 측정은 금융자산의 계약상 현금흐름 특성과 그 금융자산을 관리하는 사업모형에 근거합니다. 당사는 채무상품을 다음의 세 범주로 분류합니다. ① 상각후원가 측정 금융자산계약상 현금흐름을 수취하기 위해 보유하는 것이 목적인 사업모형 하에서 금융자산을 보유하고, 계약상 현금흐름이 원리금만으로 구성되어 있는 자산은 상각후원가로 측정합니다. 상각후원가로 측정하는 금융자산으로서 위험회피관계의 적용 대상이 아닌 금융자산의 손익은 해당 금융자산을 제거하거나 손상할 때 당기손익으로 인식합니다. 유효이자율법에 따라 인식하는 금융자산의 이자수익은 \'금융수익\'에 포함됩니다. ② 기타포괄손익-공정가치 측정 금융자산계약상 현금흐름의 수취와 금융자산의 매도 둘 다를 통해 목적을 이루는 사업모형 하에서 금융자산을 보유하고, 계약상 현금흐름이 원리금만으로 구성되어 있는 금융자산은 기타포괄손익-공정가치로 측정합니다. 손상차손(환입)과 이자수익 및 외환손익을 제외하고는, 기타포괄손익-공정가치로 측정하는 금융자산의 손익은 기타포괄손익으로 인식합니다. 금융자산을 제거할 때에는 인식한 기타포괄손익누계액을 자본에서 당기손익으로 재분류합니다. 유효이자율법에 따라 인식하는 금융자산의 이자수익은 \xa0\'금융수익\'에 포함됩니다. 외환손익은 \'금융수익\' 또는 \'금융비용\'으로 표시하고 손상차손은 \'기타비용\'으로 표시합니다. \n③ 당기손익-공정가치측정 금융자산 상각후원가 측정이나 기타포괄손익-공정가치 측정 금융자산이 아닌 채무상품은 당기손익-공정가치로 측정됩니다. 위험회피관계가 적용되지 않는 당기손익-공정가치 측정 채무상품의 손익은 당기손익으로 인식하고 발생한 기간에 손익계산서에 \'기타수익\' 또는 \'기타비용\'으로 표시합니다.\n- 지분상품당사는 모든 지분상품에 대한 투자를 후속적으로 공정가치로 측정합니다. 공정가치 변동을 기타포괄손익으로 표시할 것을 선택한 지분상품에 대해 기타포괄손익으로 인식한 금액은 해당 지분상품을 제거할 때에도 당기손익으로 재분류하지 않습니다. 이러한 지분상품에 대한 배당수익은 당사가 배당을 받을 권리가 확정된 때에 손익계산서에 \'기타수익\'으로 인식합니다.\xa0\n당기손익-공정가치로 측정하는 금융자산의 공정가치 변동은 손익계산서에 \'기타수익\' 또는 \'기타비용\'으로 표시합니다. 기타포괄손익-공정가치로 측정하는 지분상품에 대한 손상차손(환입)은 별도로 구분하여 인식하지 않습니다.  3) 손상당사는 미래전망정보에 근거하여 상각후원가로 측정하거나 기타포괄손익-공정가치로 측정하는 채무상품에 대한 기대신용손실을 평가합니다. 손상 방식은 신용위험의 유의적인 증가 여부에 따라 결정됩니다. 단, 매출채권에 대해 당사는 채권의 최초 인식시점부터 전체기간 기대신용손실을 인식하는 간편법을 적용합니다.\xa0\n(4) 유형자산유형자산은 최초에 원가로 측정하여 인식하고 있으며, 유형자산의 원가에는 경영진이 의도하는 방식으로 자산을 가동하는데 필요한 장소와 상태에 이르게 하는데 직접 관련되는 원가 및 자산을 해체, 제거하거나 부지를 복구하는데 소요될 것으로 추정되는 원가가 포함됩니다.  유형자산은 최초 인식 후에 원가에서 감가상각누계액과 손상차손누계액을 차감한 금액을 장부금액으로 하고 있습니다.  유형자산 중 토지는 감가상각을 하지 않으며, 그 외 유형자산은 자산의 취득원가에서 잔존가치를 차감한 금액에 대하여 아래에 제시된 내용연수에 걸쳐 해당 자산에 내재되어 있는 미래 경제적 효익의 예상 소비 형태를 가장 잘 반영한 정액법으로 상각하고 있습니다.\xa0\n당사는 유형자산 취득 후 사용 가능한 시점부터 감가상각하고 있으며, 각 유형별 추정내용연수는 다음과 같습니다.\n구 분\n내용연수\n건 물\n10 ∼ 30년\n구축물\n4 ~ 8년\n기계장치\n4 ~ 6년\n차량운반구\n3 ~ 4년\n공기구비품\n3 ~ 4년\n유형자산을 구성하는 일부의 원가가 당해 유형자산의 전체 원가와 비교하여 유의적이라면, 해당 유형자산을 감가상각할 때, 그 부분은 별도로 구분하여 감가상각하고 있습니다. 유형자산의 제거로 인하여 발생하는 손익은 순매각금액과 장부금액의 차이로 결정되고 그 차액은 당기손익으로 인식하고 있습니다.\n당사는 매 보고기간말에 자산의 잔존가치와 내용연수 및 감가상각방법을 재검토하고 재검토 결과 추정치가 종전 추정치와 다르다면 그 차이는 회계추정의 변경으로 처리하고 있습니다.\n\xa0\n(5) 무형자산무형자산은 최초 인식할 때 원가로 측정하며, 최초 인식 후에 원가에서 상각누계액과 손상차손누계액을 차감한 금액을 장부금액으로 인식하고 있습니다.\xa0\n내용연수가 유한한 무형자산은 사용 가능한 시점부터 잔존가치를 영(""0"")으로 하여 아래의 내용연수 동안 정액법으로 상각하고 있습니다.\xa0\n다만, 일부 무형자산에 대해서는 이용할 수 있을 것으로 기대되는 기간에 대하여 예측가능한 제한이 없으므로 당해 무형자산의 내용연수가 비한정인 것으로 평가하고 상각하지 아니하고 있습니다.\xa0\n구 분\n내용연수\n산업재산권\n7 ~ 10년\n내용연수가 유한한 무형자산의 상각기간과 상각방법은 매 회계연도 말에 재검토하고 내용연수가 비한정인 무형자산에 대해서는 그 자산의 내용연수가 비한정이라는 평가가 계속하여 정당한 지를 매 보고기간말에 재검토하며, 이를 변경하는 것이 적절하다고 판단되는 경우 회계추정의 변경으로 처리하고 있습니다.\xa0\n① 연구 및 개발\n연구 또는 내부프로젝트의 연구단계에 대한 지출은 발생시점에 비용으로 인식하고 있습니다. 개발단계의 지출은 자산을 완성할 수 있는 기술적 실현가능성, 자산을 완성하여 사용하거나 판매하려는 기업의 의도와 능력 및 필요한 자원의 입수가능성, 무형자산의 미래 경제적 효익을 모두 제시할 수 있고, 관련 지출을 신뢰성 있게 측정할 수 있는 경우에 무형자산으로 인식하고 있으며, 기타 개발관련 지출은 발생시점에 비용으로 인식하고 있습니다.\xa0\n② 후속지출\n후속지출은 관련되는 특정자산에 속하는 미래의 경제적 효익이 증가하는 경우에만 자본화하며, 내부적으로 창출한 영업권 및 상표명 등을 포함한 다른 지출들은 발생 즉시 비용화하고 있습니다.\n(6) 차입원가적격자산의 취득, 건설 또는 제조와 직접 관련된 차입원가는 당해 자산 원가의 일부로 자본화하고 있으며, 기타차입원가는 발생기간에 비용으로 인식하고 있습니다. 적격자산이란 의도된 용도로 사용하거나 판매가능한 상태가 될 때까지 상당한 기간(1년)을 필요로 하는 자산을 말하며, 금융자산과 단기간 내에 제조되거나 다른 방법으로 생산되는 재고자산은 적격자산에 해당되지 아니하며, 취득시점에 의도된 용도로 사용할 수 있거나 판매가능한 상태에 있는 자산인 경우에도 적격자산에 해당되지 아니합니다.\xa0\n적격자산을 취득하기 위한 목적으로 특정하여 차입한 자금에 한하여, 보고기간 동안 그 차입금으로부터 실제 발생한 차입원가에서 당해 차입금의 일시적 운용에서 생긴 투자수익을 차감한 금액을 자본화가능차입원가로 결정하며, 일반적인 목적으로 자금을 차입하고 이를 적격자산의 취득을 위해 사용하는 경우에 한하여 당해 자산 관련 지출액에 자본화이자율을 적용하는 방식으로 자본화가능차입원가를 결정하고 있습니다. 자본화이자율은 보고기간동안 차입한 자금(적격자산을 취득하기 위해 특정 목적으로 차입한 자금 제외)으로부터 발생된 차입원가를 가중평균하여 산정하고 있습니다. 보고기간 동안 자본화한 차입원가는 당해 기간동안 실제 발생한 차입원가를 초과할 수 없습니다.\n(7) 정부보조금정부보조금은 당사가 정부보조금에 부수되는 조건을 준수하고 그 보조금을 수취하는 것에 대해 합리적인 확신이 있을 경우에만 인식하고 있습니다. 당사는 비유동자산을 취득 또는 건설하는데 사용해야 한다는 기본조건이 부과된 정부보조금을 수령하고 있으며, 해당 자산의 장부금액을 계산할 때, 정부보조금을 차감하고 감가상각자산의 내용연수에 걸쳐 당기손익으로 인식됩니다.\n(8) 종속기업의 취득당사는 당기 중 Miwon Speciality Chemical USA, INC 의 100% 지분을 보유중입니다. 본 재무제표는 기업회계기준서 제1027호 별도재무제표에 따른 별도재무제표이며 원가법으로 평가하였습니다.\xa0\n(9) 비금융자산의 손상종업원급여에서 발생한 자산, 재고자산, 이연법인세자산을 제외한 모든 비금융자산에 대해서는 매 보고기간말마다 자산손상을 시사하는 징후가 있는지를 검토하며, 만약 그러한 징후가 있다면 당해 자산의 회수가능액을 추정하고 있습니다. 단, 사업결합으로 취득한 영업권 및 내용연수가 비한정인 무형자산에 대해서는 자산손상을 시사하는 징후와 관계없이 매년 회수가능액과 장부금액을 비교하여 손상검사를 하고 있습니다.\xa0\n회수가능액은 개별 자산별로, 또는 개별 자산의 회수가능액을 추정할 수 없다면 그 자산이 속하는 현금창출단위별로 회수가능액을 추정하고 있습니다. 회수가능액은 사용가치와 순공정가치 중 큰 금액으로 결정하고 있습니다. 사용가치는 자산이나 현금창출단위에서 창출될 것으로 기대되는 미래현금흐름을 화폐의 시간가치 및 미래현금흐름을 추정할 때 조정되지 아니한 자산의 특유위험에 대한 현행 시장의 평가를 반영한 적절한 할인율로 할인하여 추정합니다.\n자산이나 현금창출단위의 회수가능액이 장부금액에 미달하는 경우 자산의 장부금액을 감소시키며 즉시 당기손익으로 인식하고 있습니다. \xa0\n사업결합으로 취득한 영업권은 사업결합으로 인한 시너지효과의 혜택을 받게 될 것으로 기대되는 각 현금창출단위에 배분합니다. 현금창출단위에 대한 손상차손은 우선, 현금창출단위에 배분된 영업권의 장부금액을 감소시키고, 그 다음 현금창출단위에 속하는 다른 자산 각각의 장부금액에 비례하여 자산의 장부금액을 감소시키고 있습니다. 영업권에 대해 인식한 손상차손은 후속기간에 환입할 수 없습니다. 매 보고기간말에 영업권을 제외한 자산에 대해 과거기간에 인식한 손상차손이 더 이상 존재하지 않거나 감소된 것을 시사하는 징후가 있는지를 검토하고 직전 손상차손의 인식시점 이후 회수가능액을 결정하는 데 사용된 추정치에 변화가 있는 경우에만 환입합니다. 손상차손환입으로 증가된 장부금액은 과거에 손상차손을 인식하기 전 장부금액의 감가상각 또는 상각 후 잔액을 초과할 수 없습니다.  (10) 금융부채 1) 분류 및 측정모든 금융부채는 다음을 제외하고는 후속적으로 상각후원가로 측정되도록 분류합니다.\xa0\nㆍ당기손익-공정가치 측정 금융부채. 파생상품부채를 포함한 이러한 부채는 후속 \xa0 \xa0적으로 공정가치로 측정합니다.\nㆍ금융자산의 양도가 제거 조건을 충족하지 못하거나 지속적 관여 접근법이 적용 \xa0 \xa0 \xa0 되는 경우에 생기는 금융부채. 이러한 금융부채는 주석 2.2. 나의 내용을 적용하 \xa0 \xa0 여 측정합니다.\nㆍ금융보증계약. 최초 인식시 공정가치로 측정되며, 이후에 이러한 계약의 발행자 \xa0 \xa0는 해당 계약을 후속적으로 다음 중 큰 금액으로 측정합니다.\n\xa0 - 기대신용손실에 따라 산정한 손실충당금\n\xa0 - 최초 인식금액에서 기업회계기준서 제1115호에 따라 인식한 이익누계액을  \xa0 \xa0 차감한 금액 ㆍ시장이자율보다 낮은 이자율로 대출하기로 한 약정. 최초 인식 후에 이러한 약 \xa0 \xa0 \xa0 \xa0정의 발행자는 후속적으로 해당 약정을 다음 중 큰 금액으로 측정합니다.\n\xa0 - 기대신용손실에 따라 산정한 손실충당금\n\xa0 - 최초 인식금액에서 기업회계기준서 제1115호에 따라 인식한 이익누계액을  \xa0 \xa0 차감한 금액\nㆍ기업회계기준서 제1103호를 적용하는 사업결합에서 취득자가 인식하는 조건부  \xa0 \xa0대가. 이러한 조건부 대가는 후속적으로 당기손익-공정가치로 측정합니다.\n(11) 종업원급여① 단기종업원급여\n종업원이 관련 근무용역을 제공한 보고기간의 말부터 12개월 이내에 결제될 단기종업원급여는 근무용역과 교환하여 지급이 예상되는 금액을, 근무용역이 제공된 때에 당기손익으로 인식하고 있습니다. 단기종업원급여는 할인하지 않은 금액으로 측정하고 있습니다.\xa0\n② 퇴직급여: 확정급여제도보고기간 말 현재 확정급여제도와 관련된 확정급여부채는 확정급여채무의 현재가치에서 사외적립자산의 공정가치를 차감하여 인식하고 있습니다.확정급여부채는 매년 독립적인 계리사에 의해 예측단위적립방식으로 계산되고 있습니다. 확정급여채무의 현재가치에서 사외적립자산의 공정가치를 차감하여 산출된 순액이 자산일 경우, 제도로부터 환급받거나 제도에 대한 미래기여금이 절감되는 방식으로 이용가능한 경제적 효익의 현재가치를 한도로 자산을 인식하고 있습니다.\n순확정급여부채의 재측정요소는 보험수리적손익, 순확정급여부채의 순이자에 포함된 금액을 제외한 사외적립자산의 수익 및 순확정급여부채의 순이자에 포함된 금액을 제외한 자산인식상한효과의 변동으로 구성되어 있으며, 즉시 기타포괄손익으로 인식됩니다. 당사는 순확정급여부채(자산)의 순이자를 순확정급여부채(자산)에 연차보고기간 초에 결정된 할인율을 곱하여 결정되며 보고기간 동안 기여금 납부와 급여지급으로 인한 순확정급여부채(자산)의 변동을 고려하여 결정하고 있습니다. 확정급여제도와 관련된 순이자비용과 기타비용은 당기손익으로 인식됩니다. 제도의 개정이나 축소가 발생하는 경우, 과거근무에 대한 효익의 변동이나 축소에 따른 손익은 즉시 당기손익으로 인식하고 있습니다. 당사는 확정급여 제도의 정산이 일어나는 때에 정산으로 인한 손익을 인식하고 있습니다.\xa0\n(12) 충당부채충당부채는 과거사건의 결과로 존재하는 현재의무(법적의무 또는 의제의무)로서, 당해 의무를 이행하기 위하여 경제적효익을 갖는 자원이 유출될 가능성이 높으며 \xa0그 의무의 이행에 소요되는 금액을 신뢰성 있게 추정할 수 있는 경우에 인식하고 있습니다.\xa0\n충당부채로 인식하는 금액은 관련된 사건과 상황에 대한 불가피한 위험과 불확실성을 고려하여 현재의무를 보고기간말에 이행하기 위하여 소요되는 지출에 대한 최선의 추정치입니다. 화폐의 시간가치 효과가 중요한 경우 충당부채는 의무를 이행하기 위하여 예상되는 지출액의 현재가치로 평가하고 있습니다.  충당부채를 결제하기 위해 필요한 지출액의 일부 또는 전부를 제3자가 변제할 것이 예상되는 경우 이행한다면 변제를 받을 것이 거의 확실하게 되는 때에 한하여 변제금액을 인식하고 별도의 자산으로 회계처리하고 있습니다. 매 보고기간말마다 충당부채의 잔액을 검토하고, 보고기간말 현재 최선의 추정치를 반영하여 조정하고 있습니다. 의무이행을 위하여 경제적효익이 내재된 자원이 유출될 가능성이 더 이상 높지 아니한 경우에는 관련 충당부채를 환입하고 있습니다. 충당부채는 최초 인식과 관련 있는 지출에만 사용하고 있습니다.\xa0\n(13) 외화거래당사는 재무제표 작성에 있어서 기능통화 외의 통화(외화)로 이루어진 거래는 거래일의 환율을 적용하여 기록하고 있습니다. 매 보고기간 말에 화폐성 외화항목은 보고기간 말의 마감환율로 환산하고 있습니다. 공정가치로 측정하는 비화폐성 외화항목은 공정가치가 결정된 날의 환율로 환산하고, 역사적원가로 측정하는 비화폐성항목은 거래일의 환율로 환산하고 있습니다. \n화폐성항목의 결제시점에 생기는 외환차이와 해외사업장순투자 환산차이 또는 현금흐름위험회피로 지정된 금융부채에서 발생한 환산차이를 제외한 화폐성항목의 환산으로 인해 발생한 외환차이는 모두 당기손익으로 인식하고 있습니다. 비화폐성항목에서 발생한 손익을 기타포괄손익으로 인식하는 경우에는 그 손익에 포함된 환율변동효과도 기타포괄손익으로 인식하고, 당기손익으로 인식하는 경우에는 환율변동효과도 당기손익으로 인식하고 있습니다. \xa0\n(14) 납입자본보통주는 자본으로 분류하며 자본거래에 직접 관련되어 발생하는 증분원가는 세금효과를 반영한 순액으로 자본에서 차감하고 있습니다. \xa0\n당사가 자기 지분상품을 재취득하는 경우에 이러한 지분상품은 자기주식의 과목으로자본에서 직접 차감하고 있습니다. 자기지분상품을 매입 또는 매도하거나 발행 또는 소각하는 경우의 손익은 당기손익으로 인식하지 아니합니다. 당사가 자기주식을 취득하여 보유하는 경우 지급하거나 수취한 대가는 자본에서 직접 인식하고 있습니다.(15) 수익수익은 재화의 판매, 용역의 제공이나 자산의 사용에 대하여 받았거나 받을 대가의 공정가치로 측정하고 매출에누리와 할인 및 환입은 수익금액에서 차감하고 있습니다.\xa0\n- 재화의 판매\n재화의 소유에 따른 유의적인 위험과 보상이 구매자에게 이전되고, 판매된 재화의 소유권과 결부된 통상적 수준의 지속적인 관리상 관여와 효과적인 통제를 하지 않으며,거래와 관련한 경제적효익의 유입가능성이 높고, 수익금액과 거래와 관련하여 발생했거나 발생할 원가 및 반품가능성을 신뢰성 있게 측정할 수 있을 때 수익을 인식하고 있습니다.\n위험과 보상의 이전 시점은 개별 계약조건에 따라 달라집니다. 일반적으로 재화의 판매의 경우에 보통 구매자의 창고에 제품이 도착할 때 이전되지만, 일부 국제적인 선적거래에서는 재화가 적절한 운반설비에 적재될 때 이전되고 있습니다.\xa0\n두가지 이상의 제품과 용역이 하나의 계약을 통해 판매될 경우, 분리된 단위로 간주되는 각각의 제품과 용역은 분리하여 인식하며, 수취한 대가는 각 단위의 공정가치에따라 배분하고 있습니다.\xa0\n(16) 법인세법인세비용은 당기법인세와 이연법인세로 구성되어 있으며, 기타포괄손익이나 자본에 직접 인식되는 거래나 사건 또는 사업결합에서 발생하는 세액을 제외하고는 당기손익으로 인식하고 있습니다. \xa0\n① 당기법인세\n당기법인세는 당기의 과세소득을 기초로 산정하고 있습니다. 과세소득은 포괄손익계산서상의 세전이익에서 다른 과세기간에 가산되거나 차감될 손익 및 비과세항목이나 손금불인정항목을 제외하므로 포괄손익계산서상 손익과 차이가 있습니다. 당사의 당기법인세와 관련된 미지급법인세는 제정되었거나 실질적으로 제정된 세율을 사용하여 계산하고 있습니다.\xa0\n② 이연법인세\n이연법인세부채와 이연법인세자산을 측정할 때에는 보고기간말에 기업이 관련 자산과 부채의 장부금액을 회수하거나 결제할 것으로 예상되는 방식에 따른 세효과를 반영하고 있습니다. 종속기업, 관계기업 및 조인트벤처 투자지분에 관한 가산할 일시적차이에 대해서는 당사가 일시적차이의 소멸시점을 통제할 수 있으며, 예측가능한 미래에 일시적차이가 소멸하지 않을 가능성이 높은 경우를 제외하고는 모두 이연법인세부채를 인식하고 있습니다. 또한, 차감할 일시적차이로 인하여 발생하는 이연법인세자산은 일시적차이가 예측가능한 미래에 소멸할 가능성이 높고, 일시적차이가 사용될 수 있는 기간에 과세소득이 발생할 가능성이 높은 경우에 인식하고 있습니다.\xa0\n이연법인세자산의 장부금액은 매 보고기간말에 검토하고, 이연법인세자산으로 인한 혜택이 사용되기에 충분한 과세소득이 발생할 가능성이 더 이상 높지 않은 경우 이연법인세자산의 장부금액을 감소시키고 있습니다.\n이연법인세자산과 부채는 보고기간말 제정되었거나 실질적으로 제정된 세법에 근거하여 당해 자산이 실현되거나 부채가 지급될 보고기간에 적용될 것으로 기대되는 세율을 사용하여 측정하고 있습니다.\n이연법인세자산과 부채는 동일 과세당국이 부과하는 법인세이고, 당사가 인식된 금액을 상계할 수 있는 법적 권한을 가지고 있으며 당기 법인세부채와 자산을 순액으로 결제할 의도가 있는 경우에만 상계하고 있습니다. 배당금 지급에 따라 추가적으로 발생하는 법인세비용이 있다면 배당금지급과 관련한 부채가 인식되는 시점에 인식하고 있습니다.\xa0\n(17) 주당이익당사는 보통주 기본주당이익과 희석주당이익을 당기순손익에 대하여 계산하고 포괄손익계산서에 표시하고 있습니다. 기본주당이익은 보통주에 귀속되는 당기순손익을 보고기간 동안에 유통된 보통주식수를 가중평균한 주식수로 나누어 계산하고 있습니다. 희석주당이익은 전환사채와 종업원에게 부여한 주식기준보상 등 모든 희석효과가 있는 잠재적 보통주의 영향을 고려하여 보통주에 귀속되는 당기순손익 및 가중평균유통보통주식수를 조정하여 계산하고 있습니다. (18) 영업부문당사는 자원에 대한 의사결정을 하고 성과를 평가하기 위하여 최고 영업의사결정자가 주기적으로 검토하는 내부보고 자료에 기초하여 부문을 구분하지 않고 주석 5에서 기술한 바와 같이 1개의 부문으로 존재합니다.  (19) 리스당사는 리스개시일에 사용권자산과 리스부채를 인식합니다. 사용권자산은 최초 인식시 원가로 측정하고, 후속적으로 원가에서 감가상각누계액과 손상차손누계액을 차감하고, 리스부채의 재측정에 따른 조정을 반영하여 측정합니다. 리스부채는 최초 인식시 리스개시일 현재 지급되지 않은 리스료의 현재가치로 측정합니다. 현재가치 측정 시 리스의 내재이자율로 리스료를 할인하되, 내재이자율을 쉽게 산정할 수 없는 경우에는 당사의 증분차입이자율로 리스료를 할인합니다. 당사는 증분차입이자율을 할인율로 사용합니다.\n리스부채는 후속적으로 리스부채에 대하여 인식한 이자비용만큼 증가하고, 리스료의지급을 반영하여 감소합니다. 지수나 요율(이율)의 변동, 잔존가치보증에 따라 지급할 것으로 예상되는 금액의 변동, 매수선택권이나 연장선택권을 행사할 것이 상당히 확실한지나 종료선택권을 행사하지 않을 것이 상당히 확실한지에 대한 평가의 변동에 따라 미래 리스료가 변경되는 경우에 리스부채를 재측정합니다.\n5. 영업부문(1) 당사는 에너지 경화수지의 제조 및 판매를 주요사업으로 하는 1개의 영업부문으로 운영되고 있습니다. (2) 당기와 전기 중 지역별 매출의 내역은 다음과 같습니다.\r\n(단위: 천원)\n구 분\n당 기\n전 기\n국내\n96,929,676\n117,751,620\n해외\n324,484,085\n493,603,751\n합 계\n421,413,760\n611,355,371\n(3) 주요 고객에 대한 의존도당기와 전기 중 단일 외부 고객으로부터의 수익이 당사 총수익의 10% 이상인 주요 고객에 대한 매출액은 다음과 같습니다.\n(단위: 천원)\n구 분\n당 기\n전 기\nMiwon North America Inc.\n50,107,840\n109,481,116\nMiwon Europe GmbH\n47,816,826\n80,742,650\n합 계\n97,924,666\n190,223,766\n6. 현금및현금성자산당기말과 전기말 현재 현금및현금성자산의 구성내역은 다음과 같습니다.\r\n(단위: 천원)\n구 분\n당기말\n전기말\n현금시재액\n2,474\n3,300\n당좌예금\n101,809\n2,679,608\n보통예금\n321,288\n401,956\n외화예금\n16,964,191\n37,782,806\n정기예금\n40,000,000\n-\n기타예금\n-\n374,831\n현금등가물\n40,483,425\n-\n합 계\n97,873,187\n41,242,501\n상기 내역 중 현금성자산은 현행시장이자율을 반영하는 변동이자율조건이거나 취득일로부터 만기까지의 기간이 짧아 장부금액과 공정가치의 차이가 중요하지 아니합니다.\n7. 당기손익-공정가치측정금융자산당기말과 전기말 현재 당기손익-공정가치측정금융자산의 구성내역은 다음과 같습니다.\r\n(단위: 천원)\n과 목\n당기말\n전기말\n파생상품금융자산(*)\n282,482\n-\n(*) 환변동 보험계약(주석 21.(5) 참조)\n8. 사용이 제한된 금융상품당기말과 전기말 현재 사용이 제한된 금융상품은 다음과 같습니다.\r\n(단위: 천원)\n계정과목\n당기말\n전기말\n사용제한내용\n장기금융상품\n2,000\n2,000\n당좌개설보증금\n9. 기타포괄손익인식금융자산(1) 당기말과 전기말 현재 기타포괄손익-공정가치측정 금융자산의 내역은 다음과 같습니다.\r\n(단위: 천원)\n구분\n주식수\n지분율\n취득원가\n장부금액\n당기말\n전기말\n기타포괄손익-공정가치 측정 금융자산:\n국도화학㈜\n69,285\n0.77%\n3,268,604\n2,837,221\n2,961,934\nKPX케미칼\n32,777\n0.68%\n2,024,135\n1,425,800\n1,671,627\n대덕\n323,454\n0.95%\n2,207,841\n2,066,871\n2,008,649\n서흥\n60,392\n0.52%\n3,277,785\n1,733,250\n2,032,191\n제1종 국민채권\n\xa0-\n\xa0-\n225,870\n206,636\n-\n합계\n11,004,234\n8,269,778\n8,674,401\n(2) 당기와 전기 중 기타포괄손익-공정가치측정 금융자산의 변동은 다음과 같습니다\n(단위: 천원)\n구분\n당기\n전기\n기타포괄손익-공정가치 측정 금융자산:\n기초장부금액\n8,674,401\n10,947,815\n취득\n285,108\n\xa0-\n평가손익(법인세 차감전)\n(603,131)\n(2,273,414)\n처분\n(86,600)\n\xa0-\n기말장부금액\n8,269,778\n8,674,401\n10. 매출채권및기타수취채권\n(1) 당기말과 전기말 현재 대손충당금 차감전 총액 기준에 의한 매출채권및기타수취채권과 관련한 대손충당금 내역은 다음과 같습니다.\n(단위: 천원)\n구 분\n당기말\n전기말\n유동\n비유동\n합계\n유동\n비유동\n합계\n매출채권및기타수취채권\n89,129,811\n3,812,366\n92,942,177\n133,315,901\n2,753,469\n136,069,370\n매출채권대손충당금\n(794,309)\n-\n(794,309)\n(1,206,846)\n-\n(1,206,846)\n현재가치할인차금\n-\n(458,153)\n(458,153)\n-\n(183,412)\n(183,412)\n순장부금액\n88,335,502\n3,354,212\n91,689,714\n132,109,055\n2,570,057\n134,679,113\n(2) 당기말과 전기말 현재 연체되었으나 개별적으로 손상되지 아니한 매출채권및기타수취채권의 약정회수기일 기준 연령분석은 다음과 같습니다.\n(단위: 천원)\n구 분\n당기말\n전기말\n30일 이내\n1,573,650\n2,947,115\n30~60일\n627,938\n100,598\n60일 이상\n146,149\n592,674\n합 계\n2,347,737\n3,640,387\n해외수출채권을 제외하고는 중요한 신용위험의 집중은 없으며 다수의 거래처에 분산되어 있습니다.\xa0\n(3) 당기말과 전기말 현재 유효이자율법을 사용하여 상각후원가로 측정한 내역은 다음과 같습니다.\n(단위: 천원)\n구 분\n당기말\n전기말\n단기대여금\n2,504,527\n3,853,625\n장기대여금\n3,497,914\n2,279,017\n보증금\n312,452\n472,452\n현재가치할인차금\n(458,153)\n(183,412)\n합 계\n5,856,739\n6,421,683\n유효이자율\n2.51~6.12%\n2.51~5.65%\n상기 대여금을 제외한 매출채권및기타수취채권은 단기수취채권으로 장부금액과 공정가치의 차이가 중요하지 않습니다.(4) 회사는 당기 은행과의 매출채권 팩토링을 통해 매출채권 처분손실 66,608천원(전기 62,773천원)을 인식했습니다. 한편, 매출거래처의 부도가 발생시 회사가 은행에 해당 금액을 지급할 의무를 가지는 소구권이 있는 경우는 담보부 차입으로 회계처리하고 있으며 당기말 현재 3,150,876천원입니다.(주석 19 참조).\n11. 재고자산당기말과 전기말 현재 재고자산의 내역은 다음과 같습니다.\r\n(단위: 천원)\n구 분\n당기말\n전기말\n취득원가\n평가손실 충당금\n장부금액\n취득원가\n평가손실 충당금\n장부금액\n제 품\n61,433,059\n(494,835)\n60,938,223\n80,677,706\n(392,210)\n80,285,496\n원재료\n19,563,850\n(125,207)\n19,438,643\n27,755,049\n-\n27,755,049\n저장품\n972,446\n-\n972,446\n925,210\n-\n925,210\n미착품\n7,161,070\n-\n7,161,070\n6,458,309\n-\n6,458,309\n합 계\n89,130,425\n(620,043)\n88,510,382\n115,816,273\n(392,210)\n115,424,064\n12. 종속기업투자(1) 당기와 전기 중 종속기업 투자주식의 변동내역은 다음과 같습니다. \xa0\r\n(단위: 천원)\n구분\n당기말\n전기말\n기초장부가액\n11,840,553\n11,840,553\n취득\n6,516,000\n\xa0 \xa0 \xa0 \xa0 \xa0 \xa0 \xa0 \xa0 \xa0 \xa0 -\xa0\n기말장부가액\n18,356,553\n11,840,553\n(2) 종속기업 투자주식현황당기말과 전기말 현재 종속기업투자의 장부금액은 다음과 같습니다.\xa0\n(단위: 천원)\n구 분\n당기말\n전기말\n종속기업명\n국적\n지분율\nMiwon Speciality Chemical USA, INC.\n미국\n100%\n18,356,553\n11,840,553\n(3) 당기말 현재 종속기업의 요약재무정보는 다음과 같습니다.\xa0\n(단위: 천원)\n종속기업명\n자산\n부채\n매출\n당기순이익\nMiwon Speciality Chemical USA, INC.\n40,768,051\n33,154,848\n26,210,816\n(6,633,044)\n13. 유형자산(1) 당기와 전기 중 유형자산의 변동내역은 다음과 같습니다.  ① 당기\r\n(단위: 천원)\n구 분\n기 초 장부금액\n취 득\n처 분\n감가상각비\n기타증감\n기 말 장부금액\n토지\n19,024,245\n309,408\n(51,135)\n-\n16,064,668\n35,347,187\n건물\n24,257,079\n10,847\n(29,993)\n(2,008,388)\n675,945\n22,905,490\n구축물\n4,448,300\n2,150\n(1)\n(1,214,116)\n1,879,446\n5,115,778\n기계장치\n25,437,508\n49,399\n(3)\n(18,738,671)\n53,561,864\n60,310,097\n차량운반구\n713,591\n2,949\n(3)\n(289,065)\n238,208\n665,680\n공기구비품\n1,140,738\n210,299\n(1)\n(543,837)\n19,924\n827,123\n건설중인자산\n56,123,847\n22,198,496\n-\n-\n(72,440,055)\n5,882,288\n리스자산\n1,375,990\n-\n-\n(687,995)\n-\n687,995\n합계\n132,521,297\n22,783,549\n(81,136)\n(23,482,074)\n-\n131,741,637\n(*) 당기 정부보조금 상각으로 감가상각비에서 차감한 금액은 26,502천원입니다. ② 전기\n(단위: 천원)\n구 분\n기 초 장부금액\n취 득\n처 분\n감가상각비\n기타증감\n기 말 장부금액\n토지\n18,838,165\n-\n(23,132)\n-\n209,212\n19,024,245\n건물\n15,085,748\n12,211\n(38,185)\n(1,489,890)\n10,687,195\n24,257,079\n구축물\n4,303,021\n142,800\n(1)\n(937,871)\n940,350\n4,448,300\n기계장치\n34,573,206\n202,325\n(8)\n(11,914,450)\n2,576,434\n25,437,508\n차량운반구\n316,506\n311,819\n(3)\n(209,927)\n295,197\n713,591\n공기구비품\n1,463,381\n256,525\n(7)\n(653,281)\n74,120\n1,140,738\n건설중인자산\n24,516,667\n46,389,687\n-\n-\n(14,782,508)\n56,123,847\n리스자산\n-\n2,063,985\n-\n(687,995)\n-\n1,375,990\n합 계\n99,096,694\n49,379,353\n(61,336)\n(15,893,414)\n-\n132,521,297\n(*) 전기 정부보조금 상각으로 감가상각비에서 차감한 금액은 32,524천원입니다.\n14. 리스\n(1) 당기말과 전기말 사용권자산의 구성내역은 다음과 같습니다.\n(단위: 천원)\n구 분\n당기말\n전기말\n취득원가\n감가상각누계액\n장부금액\n취득원가\n감가상각누계액\n장부금액\n건물\n2,063,985\n(1,375,990)\n687,995\n2,063,985\n(687,995)\n1,375,990\n(2) 당기 및 전기 중 사용권자산의 변동내역은 다음과 같습니다.\n(단위: 천원)\n구 분\n당기\n전기\n기초금액\n증가\n감가상각\n기말금액\n기초금액\n증가\n감가상각\n기말금액\n건물\n1,375,990\n\xa0 \xa0 \xa0 \xa0 \xa0 \xa0 \xa0 \xa0 \xa0-\n(687,995)\n687,995\n-\n2,063,985\n(687,995)\n1,375,990\n(3) 당기말과 전기말 리스부채의 만기분석 내역은 다음과 같습니다.\n(단위: 천원)\n구 분\n만기\n당기말\n전기말\n할인되지 않은 계약상 현금흐름\n계약상 현금흐름의 현재가치\n할인되지 않은 계약상 현금흐름\n계약상 현금흐름의 현재가치\n건물\n1년 이내\n704,760\n698,808\n704,760\n698,808\n1년 초과 5년 이내\n\xa0 \xa0 \xa0 \xa0 \xa0 \xa0 \xa0 \xa0 \xa0 \xa0-\n\xa0 \xa0 \xa0 \xa0 \xa0 \xa0 \xa0 \xa0 \xa0 \xa0 \xa0 -\n880,950\n687,939\n계\n704,760\n698,808\n1,585,710\n1,386,747\n(4) 당기말과 전기말 리스부채의 유동성분류 내역은 다음과 같습니다.\n(단위: 천원)\n구 분\n당기말\n전기말\n유동부채\n\xa0 \xa0 \xa0 \xa0 \xa0 \xa0 \xa0698,808\n\xa0 \xa0 \xa0 \xa0 \xa0 \xa0687,939\n비유동부채\n\xa0 \xa0 \xa0 \xa0 \xa0 \xa0 \xa0 \xa0 \xa0 \xa0 \xa0-\n\xa0 \xa0 \xa0 \xa0 \xa0 \xa0698,808\n합 계\n\xa0 \xa0 \xa0 \xa0 \xa0 \xa0 \xa0698,808\n\xa0 \xa0 \xa0 \xa0 \xa01,386,747\n(5) 당기 및 전기 중 리스 계약과 관련된 리스부채의 변동 내역은 다음과 같습니다.\n(단위: 천원)\n구 분\n당기\n전기\n기초금액\n\xa0 \xa0 \xa0 \xa0 \xa0 \xa01,386,747\n\xa0 \xa0 \xa0 \xa0 \xa0 \xa0 \xa0 \xa0 \xa0 \xa0-\n증가\n\xa0 \xa0 \xa0 \xa0 \xa0 \xa0 \xa0 \xa0 \xa0 \xa0 \xa0-\n\xa0 \xa0 \xa0 \xa0 \xa02,063,985\n이자비용\n\xa0 \xa0 \xa0 \xa0 \xa0 \xa0 \xa0 \xa016,821\n\xa0 \xa0 \xa0 \xa0 \xa0 \xa0 \xa027,522\n감소\n(704,760)\n(704,760)\n기말금액\n\xa0 \xa0 \xa0 \xa0 \xa0 \xa0 \xa0698,808\n\xa0 \xa0 \xa0 \xa0 \xa01,386,747\n(6) 당기 및 전기 중 당사가 리스이용자 입장에서 손익으로 인식한 금액은 다음과 같습니다.\n(단위: 천원)\n구분\n당기\n전기\n사용권자산 감가상각비(건물)\n\xa0 \xa0 \xa0 \xa0 \xa0 \xa0 \xa0687,995\n\xa0 \xa0 \xa0 \xa0 \xa0 \xa0687,995\n리스부채에 대한 이자비용(금융원가)\n\xa0 \xa0 \xa0 \xa0 \xa0 \xa0 \xa0 \xa016,821\n\xa0 \xa0 \xa0 \xa0 \xa0 \xa0 \xa027,522\n리스관련 총 비용\n\xa0 \xa0 \xa0 \xa0 \xa0 \xa0 \xa0704,816\n\xa0 \xa0 \xa0 \xa0 \xa0 \xa0715,517\n(7) 당기 중 당사가 리스이용자 입장에서 현금흐름표에 인식된 리스의 총 현금유출은 687,938천원입니다.(전기 677,238천원)15. 정부보조금당기와 전기의 정부보조금 대상 유형자산 및 정부보조금 변동 내역은 다음과 같습니다.\r\n(단위: 천원)\n\u3000구 분\n당기말\n전기말\n① 자 산\n\xa0 \xa0 \xa0계정과목\n기계장치 및 공기구비품 및 건설중인자산\n기계장치 및 공기구비품\n\xa0 \xa0 \xa0취득가액\n3,432,331\n1,164,164\n\xa0 \xa0 \xa0상각누계액\n(752,730)\n(656,664)\n② 관련 정부보조금\n\xa0 \xa0 \xa0자산취득에 사용된 정부보조금 총액\n1,262,951\n206,476\n\xa0 \xa0 \xa0기초 미상계누계액\n75,311\n96,035\n\xa0 \xa0 \xa0당기 신규수령액\n1,091,151\n11,800\n\xa0 \xa0 \xa0기중 상계액\n(26,502)\n(32,524)\n\xa0 \xa0 \xa0기말 미상계누계액\n1,139,961\n75,311\n16. 보험가입자산\n당기말 현재 당사가 보험에 가입한 자산의 내역은 다음과 같습니다.\n(단위: 천원)\n보험종류\n자 산\n장부금액\n부보액\n보험회사명\n재산종합보험\n재고자산 및 유형자산\n161,277,205\n381,129,746\n현대해상화재보험\n* 상기 보험 이외에 사용자배상책임보험 및 생산물배상책임보험이 현대해상화재보험(주)에가입되어 있고, 삼성화재해상보험(주)에 차량운반구에 대한 책임보험 및 종합보험에 가입되어 있으며, DB손해보험㈜에 환경책임보험이 가입되어 있습니다.17. 무형자산(1) 당기말과 전기말 현재 당사의 무형자산 장부금액은 다음과 같습니다.\xa0\r\n① 당기말\n(단위: 천원)\n구 분\n산업재산권\n기타무형자산(*)\n합 계\n취득원가\n1,621,607\n1,460,924\n3,082,531\n상각누계액\n(1,615,272)\n-\n(1,615,272)\n손상누계액\n-\n(70,129)\n(70,129)\n순장부금액\n6,335\n1,390,794\n1,397,129\n(*) 기타무형자산은 회원가입권으로 비한정내용연수의 무형자산입니다.\n② \xa0전기말\n(단위: 천원)\n구 분\n산업재산권\n기타무형자산(*)\n합 계\n취득원가\n1,621,607\n1,460,924\n3,082,531\n상각누계액\n(1,547,271)\n-\n(1,547,271)\n손상누계액\n-\n(70,129)\n(70,129)\n순장부금액\n74,336\n1,390,794\n1,465,130\n(*) 기타무형자산은 회원가입권으로 비한정내용연수의 무형자산입니다.\n(2) 당기와 전기 중 무형자산의 변동내역은 다음과 같습니다.① 당기\n(단위: 천원)\n구 분\n기 초 장부금액\n취 득\n상 각\n손상\n기 말 장부금액\n산업재산권\n74,336\n-\n(68,001)\n-\n6,335\n기타무형자산\n1,390,794\n-\n-\n-\n1,390,794\n합 계\n1,465,130\n-\n(68,001)\n-\n1,397,129\n② \xa0전기\n(단위: 천원)\n구 분\n기 초 장부금액\n취 득\n상 각\n손상\n기 말 장부금액\n산업재산권\n303,140\n-\n(228,804)\n-\n74,336\n기타무형자산\n1,390,794\n-\n-\n-\n1,390,794\n합 계\n1,693,935\n\xa0 \xa0 \xa0 \xa0 \xa0 \xa0 \xa0 \xa0 \xa0 \xa0-\xa0\n(228,804)\n-\n1,465,130\n(3) 경상연구개발비당기와 전기 중 비용으로 인식한 경상연구개발비는 다음과 같습니다.\n(단위: 천원)\n구 분\n당 기\n전 기\n판매비와관리비(기술개발비)\n4,439,207\n4,638,225\n18. 금융상품의 범주별 분류와 순금융원가(1) 당기말과 전기말 현재 금융상품의 범주별 분류내역은 다음과 같습니다.\r\n① 당기말\n(단위 : 천원)\n구 \xa0분\n상각후원가측정\n당기손익-공정가치 측정\n기타포괄손익-공정가치측정\n기타\n합계\n<금융자산>\n장기매출채권및기타수취채권\n장기대여금\n3,039,760\n-\n-\n-\n3,039,760\n보증금\n312,452\n-\n-\n-\n312,452\n장기금융상품\n2,000\n-\n-\n-\n2,000\n소계\n3,354,212\n-\n-\n-\n3,354,212\n매출채권및기타수취채권\n매출채권\n78,636,636\n-\n-\n-\n78,636,636\n미수금(*2)\n887,758\n-\n-\n-\n887,758\n미수수익\n182,354\n-\n-\n-\n182,354\n단기대여금\n2,504,527\n-\n-\n-\n2,504,527\n소계\n82,211,275\n-\n-\n-\n82,211,275\n파생상품금융자산\n-\n282,482\n-\n-\n282,482\n현금및현금성자산(*1)\n97,870,713\n-\n-\n-\n97,870,713\n매도가능금융자산\n-\n-\n8,269,778\n-\n8,269,778\n합계\n183,436,200\n282,482\n8,269,778\n-\n191,988,460\n<금융부채>\n장기매입채무및기타채무\n장기미지급금\n85,614\n-\n-\n-\n85,614\n예수보증금\n600,000\n-\n-\n-\n600,000\n소계\n685,614\n-\n-\n-\n685,614\n매입채무및기타채무\n매입채무\n17,171,875\n-\n-\n-\n17,171,875\n미지급금(*2)\n6,115,910\n-\n-\n-\n6,115,910\n미지급비용(*2)\n2,759,441\n-\n-\n-\n2,759,441\n소계\n26,047,227\n-\n-\n-\n26,047,227\n금융보증부채\n-\n169,551\n-\n-\n169,551\n단기차입금(*3)\n-\n-\n-\n3,150,876\n3,150,876\n리스부채\n유동성리스부채\n-\n-\n-\n698,808\n698,808\n합계\n26,732,840\n169,551\n-\n3,849,684\n30,752,076\n(*1) 현금시재액은 제외한 금액입니다.(*2) 금융상품이 아닌 금액은 제외하였습니다.(*3) 매출채권 팩토링을 통한 담보부차입금입니다.\n② 전기말\n(단위 : 천원)\n구 \xa0분\n상각후원가측정\n당기손익-공정가치 측정\n기타포괄손익-공정가치측정\n기타\n합계\n<금융자산>\n장기매출채권및기타수취채권\n장기대여금\n2,095,605\n-\n-\n-\n2,095,605\n보증금\n472,452\n-\n-\n-\n472,452\n장기금융상품\n2,000\n-\n-\n-\n2,000\n소계\n2,570,057\n-\n-\n-\n2,570,057\n매출채권및기타수취채권\n매출채권\n119,477,708\n-\n-\n-\n119,477,708\n미수금(*2)\n1,219,387\n-\n-\n-\n1,219,387\n미수수익\n33\n-\n-\n-\n33\n단기대여금\n3,853,625\n-\n-\n-\n3,853,625\n소계\n124,550,753\n-\n-\n-\n124,550,753\n현금및현금성자산(*1)\n41,239,201\n-\n-\n-\n41,239,201\n매도가능금융자산\n-\n-\n8,674,401\n-\n8,674,401\n합계\n168,360,012\n-\n8,674,401\n-\n177,034,413\n<금융부채>\n장기매입채무및기타채무\n장기미지급금\n90,122\n-\n-\n-\n90,122\n예수보증금\n400,000\n-\n-\n-\n400,000\n소계\n490,122\n-\n-\n-\n490,122\n매입채무및기타채무\n매입채무\n19,324,127\n-\n-\n-\n19,324,127\n미지급금(*2)\n5,226,501\n-\n-\n-\n5,226,501\n미지급비용(*2)\n3,955,629\n-\n-\n-\n3,955,629\n소계\n28,506,257\n-\n-\n-\n28,506,257\n금융보증부채\n-\n171,605\n-\n-\n171,605\n단기차입금(*3)\n-\n-\n-\n3,458,070\n3,458,070\n리스부채\n리스부채\n-\n-\n-\n698,808\n698,808\n유동성리스부채\n-\n-\n-\n687,939\n687,939\n소계\n-\n-\n-\n1,386,747\n1,386,747\n합계\n28,996,379\n171,605\n-\n4,844,817\n34,012,800\n(*1) 현금시재액은 제외한 금액입니다.(*2) 금융상품이 아닌 금액은 제외하였습니다. (*3) 매출채권 팩토링을 통한 담보부차입금입니다.\n(2) 당기와 전기 중 범주별 금융손익은 다음과 같습니다.① 당기\n(단위: 천원)\n구분\n이자수익/비용(*1)\n유가증권손익(*2)\n파생상품관련손익\n외화환산손익\n외환차손익\n<금융자산>\n대여금및수취채권\n580,468\n-\n-\n(845,904)\n3,842,227\n현금및현금성자산\n1,754,349\n-\n-\n(242,741)\n707,790\n당기손익-공정가치측정 금융자산\n-\n-\n282,482\n-\n-\n기타포괄손익-공정가치측정 금융자산\n-\n(465,951)\n-\n-\n-\n소계\n2,334,817\n(465,951)\n282,482\n(1,088,645)\n4,550,016\n<금융부채>\n상각후원가측정 금융부채\n(40)\n-\n-\n92,322\n(21,082)\n당기손익-공정가치측정 금융부채\n-\n-\n(310,100)\n-\n-\n기타금융부채\n(16,821)\n-\n-\n-\n-\n소계\n(16,862)\n-\n(310,100)\n92,322\n(21,082)\n합계\n2,317,955\n(465,951)\n(27,618)\n(996,323)\n4,528,934\n(*1) 유효이자율 상각에 의한 이자수익/비용을 포함하였습니다.(*2) 유가증권손실 465,951천원은 기타포괄손익으로 인식하였습니다.\n② 전기\n(단위: 천원)\n구분\n이자수익/비용(*1)\n매출채권처분손실\n유가증권손익(*2)\n외화환산손익\n외환차손익\n<금융자산>\n대여금및수취채권\n105,053\n62,773\n-\n(5,799,172)\n10,248,048\n현금및현금성자산\n12,284\n-\n-\n(934,195)\n925,938\n당기손익-공정가치측정 금융자산\n239,543\n-\n-\n-\n-\n기타포괄손익-공정가치측정 금융자산\n-\n-\n(1,746,392)\n-\n-\n소계\n356,880\n62,773\n(1,746,392)\n(6,733,367)\n11,173,986\n<금융부채>\n상각후원가측정 금융부채\n112,992\n-\n-\n64,776\n(1,176,475)\n당기손익-공정가치측정 금융부채\n203,006\n-\n-\n-\n-\n기타금융부채\n27,522\n-\n-\n-\n-\n소계\n343,520\n-\n-\n64,776\n(1,176,475)\n합계\n700,399\n62,773\n(1,746,392)\n(6,668,591)\n9,997,511\n(*1) 유효이자율 상각에 의한 이자수익/비용을 포함하였습니다.(*2) 유가증권손실 1,746,392천원은 기타포괄손익으로 인식하였습니다. \n19. 단기차입금 및 유동성장기부채\n(1) 당기말과 전기말 현재 \xa0단기차입금의 내역은 다음과 같습니다.\n(단위: 천원)\n차입처\n내 역\n이자율\n만 기\n당기말\n전기말\nKEB하나은행\n수출환어음(*1)\n3.48%~6.28%\n-\n3,150,876\n3,458,070\n합계\n3,150,876\n3,458,070\n(*1) : 외상매출금 NEGO 미입금액\n(2) 당기 중 신규로 차입하거나 상환된 단기차입금의 내역은 다음과 같습니다.\n(단위: 천원)\n구 분\n통화\n이자율\n장부금액\n기초\nUSD\n5.69%\n1,803,573\nCNY\n3.70%\n1,654,497\n합계\n3,458,070\n신규차입\nUSD\n5.71%~6.28%\n7,721,687\nCNY\n3.48%~5.00%\n5,497,627\n합계\n13,219,314\n상환\nUSD\n5.69%~6.28%\n8,110,340\nCNY\n3.48%~5.00%\n5,416,168\n합계\n13,526,508\n당기말\nUSD\n6.28%\n1,414,921\nCNY\n4.41%\n1,735,955\n합계\n3,150,876\n20. 종업원급여(1) 당기와 전기 중 비용으로 인식된 종업원급여의 내역은 다음과 같습니다.\r\n(단위: 천원)\n구 분\n당 기\n전 기\n급 여\n29,071,854\n31,732,611\n확정급여형 퇴직급여제도 관련 비용\n2,725,043\n2,702,617\n합 계\n31,796,897\n34,435,228\n당사는 종업원을 위한 퇴직급여제도로 확정급여제도를 운영하고 있습니다. 확정급여제도에 따르면 종업원의 퇴직시 근속 1년당 최종 3개월 평균급여에 지급률을 곱한 금액을 지급하도록 되어 있습니다. 확정급여채무의 보험수리적 평가는 적격성이 있는 독립적인 보험계리인에 의해서 예측단위적립방식을 사용하여 수행되었습니다.\n(2) 당기말과 전기말 현재 확정급여부채 내역은 다음과 같습니다.\n(단위: 천원)\n구 분\n당기말\n전기말\n확정급여채무\n16,426,468\n12,808,331\n사외적립자산의 공정가치\n5,717\n-\n확정급여제도 부채 인식액\n16,420,751\n12,808,331\n(3) 당기와 전기 중 확정급여채무의 변동내역은 다음과 같습니다.\n(단위: 천원)\n구 분\n당 기\n전 기\n기초금액\n12,808,331\n14,101,962\n당기손익으로 인식\n당기근무원가\n1,990,818\n2,292,771\n이자비용\n734,225\n409,846\n기타포괄손익으로 인식\n확정급여제도의 재측정요소\n2,277,234\n(3,129,680)\n기타\n퇴직급여지급액\n(1,375,390)\n(812,545)\n관계사 전입(전출)\n(8,750)\n(54,023)\n기말금액\n16,426,468\n12,808,331\n(4) 당기말과 전기말 현재 주요 보험수리적가정은 다음과 같습니다.\n구 분\n당기말\n전기말\n할인율\n5.33%\n5.98%\n임금인상률\n3.48%\n2.92%\n확정급여채무의 현재가치계산을 위하여 사용된 할인률은 보고기간종료일 현재 우량 회사채(AA0)의 시장수익률을 사용하고 있으며, 임금상승률은 과거 3개년간의 소비자물가상승률을 감안하고 승진률을 함께 반영하였습니다.\n(5) 주요 가정의 변동에 따른 당기 확정급여채무의 민감도 분석은 다음과 같습니다.(가) 할인율의 변화에 따른 민감도 분석\n(단위: 천원)\n구 \xa0 \xa0 분\n1%상승\n5.33%\n1%하락\n확정급여채무\n14,531,990\n16,426,468\n18,654,679\n확정급여채무의 변화량\n(1,894,478)\n-\n2,228,211\n기말채무 대비비율\n88.47%\n100%\n113.56%\n(나) 임금인상률 변화에 따른 민감도 분석\n(단위: 천원)\n구 \xa0 \xa0 분\n1%상승\n3.48%\n1%하락\n확정급여채무\n18,675,346\n16,426,468\n14,483,753\n확정급여채무의 변화량\n2,248,878\n-\n(1,942,716)\n기말채무 대비비율\n113.69%\n100%\n88.17%\n21. 우발부채와 약정사항(1) 당기말 현재 당사가 금융기관과 체결하고 있는 당좌차월, 무역금융 등의 한도 약정은 다음과 같습니다.\r\n(단위: 천원)\n구 분\n우리은행(주)\n(주)하나은행(*)\n합 계\n당좌차월\n135,000\n-\n135,000\n외상매출채권담보대출\n600,000\n-\n600,000\n무역금융\n2,600,000\n700,000\n3,300,000\n수입신용장개설\n\u3000-\nUSD 2,800,000\nUSD 2,800,000\n(*) ㈜하나은행 8,000,000천원의 무역금융 약정은 포괄한도 약정입니다. \n(2) 당기말 현재 당사가 타인으로부터 제공받고 있는 보증내역은 다음과 같습니다.\n(단위: 천원, USD)\n제공자\n한도액\n보증금액\n보증내용\n(주)하나은행(*)\nUSD 3,000,000\nUSD 764,142\n수입신용장발행\n우리은행(주)\n2,700,000\n148,508\n내국신용장발행\n(*) ㈜하나은행과 8,000,000천원 한도의 포괄약정 계약을 체결하고 있습니다.(3) 당기말 현재 당사 종속기업의 차입금과 관련하여 당사가 지급보증하고 있는 내역은 다음과 같습니다.\xa0\n(단위 : USD)\n해외종속기업\n보증처\n보증기간\n금 \xa0 액\n실차입금\n지급보증금액\nMiwon Speciality Chemical USA, INC.\nCitibank, N.A\n2024.07.24\n22,430,000\n31,200,000\n상기 지급보증 이외에 당사가 특수관계자로부터 제공받거나 제공하고 있는 담보 및 지급보증은 없습니다. (4) 당사는 익산지역 매립폐기물과 관련하여 환경부로부터 원상복구조치 등을 명령 받아, 이행 계획서 등을 제출한 상황이나 구체적인 복구비용과 방안이 확정되지 않았습니다. 다만, 향후 발생할 복구비용과 관련하여 510,350천원의 복구충당부채를 계상하고 있습니다.\n(5) 당사는 환율변동에 따른 위험을 헷지하기 위해 한국무역보험공사와 환변동보험 계약을 당기에 신규로 체결했습니다.\n(단위: 천원)\n거래처\n계약의 내용\n계약한도\n계약금액\n평가손익\n한국무역보험공사\n환변동보험\nUSD 20,000,000\nUSD 5,000,000\n282,482\n22. 충당부채(1) 당기말과 전기말의 충당부채 내역은 아래와 같습니다.\n(단위: 천원)\n구분\n당기말\n전기말\n환경복구충당금(*1)\n510,350\n-\n(*1) 매립폐기물 원상복구조치 의무(주석 21.(4) 참조)(2) 당기 충당부채의 변동내역은 다음과 같습니다.\n(단위: 천원)\n구 분\n기초\n전입액\n대체\n기말금액\n환경복구충당금\n-\n451,814\n58,536\n510,350\n23. 자본금과 자본잉여금(1) 당기말과 전기말 현재 자본금의 내역은 다음과 같습니다.\r\n(단위: 원)\n구분\n당기말\xa0\n전기말\xa0\n수권주식수\n100,000,000 주\n100,000,000 주\n주당금액\n\xa0 \xa0 \xa0 \xa0 \xa0 \xa0 \xa0 \xa0 \xa0 \xa0 \xa0 500 원\xa0\n\xa0 \xa0 \xa0 \xa0 \xa0 \xa0 \xa0 \xa0 \xa0 \xa0 \xa0 500 원\xa0\n발행주식수\n5,000,000 주\n5,100,000 주\n보통주자본금\n2,633,945,500\n2,633,945,500\n당사는 이익처분에 의한 자기주식 소각을 수행함에 따라, 당기말 현재 발행주식수의 각 주당금액을 합한 금액이 당사의 자본금과 일치하지 아니합니다.(2) 당기 및 전기 중 발행주식수의 변동은 다음과 같습니다.\xa0\n(단위: 천원)\n구분\n당 기\n전 기\n주식수\n금액\n주식수\xa0\n금액\n기초발행주식수\n5,100,000 주\n2,633,946\n5,100,000 주\n2,633,946\n자기주식소각\n(100,000) 주\n\xa0 \xa0 \xa0 \xa0 \xa0 \xa0 \xa0 \xa0 \xa0 \xa0 \xa0 \xa0-\n- 주\n-\n기말발행주식수\n5,000,000 주\n2,633,946\n5,100,000 주\n2,633,946\n(3) 당사의 자본잉여금은 주식발행초과금으로 구성되어 있으며 당기와 전기 중 변동은 없습니다.\n(단위: 천원)\n구 분\n당기\xa0\n전기\xa0\n기초금액\n170,690,207\n170,690,207\n기말금액\n170,690,207\n170,690,207\n24. 자본조정당기와 전기 중 자본조정의 변동내역은 다음과 같습니다.\r\n(단위: 천원)\n구 분\n당 기\n전 기\n기초\n13,908,947\n11,411,481\n증가(*1)\n12,790,746\n4,289,309\n감소(*2)\n(15,569,910)\n(1,791,842)\n기말\n11,129,784\n13,908,947\n(*1) 당사는 당기 중 자기주식 90,000주(12,887,850천원)을 취득하였습니다.(*2) 당사는 당기 중 자기주식 100,000주(14,626,543천원)을 소각하였습니다.\n25. 이익잉여금(1) 당기와 전기 중 이익잉여금의 변동내역은 다음과 같습니다.\r\n(단위: 천원)\n구 분\n당 기\n전기\n기초금액\n227,273,805\n165,969,122\n당기순이익\n23,874,981\n70,423,830\n배당금지급\n(10,484,622)\n(11,534,500)\n이익소각\n(14,626,543)\n-\n확정급여제도의 재측정요소\n(1,751,193)\n2,415,352\n기말금액\n224,286,429\n227,273,805\n(2) 당기와 전기의 이익잉여금처분계산서의 내역은 다음과 같습니다.\n(단위: 원)\n과 \xa0 \xa0목\n당기\n전기\n처분예정일: 2024년 3월 21일\n처분확정일: 2023년 3월 23일\nI. 미처분이익잉여금\n222,505,378,710\n225,492,754,935\n\xa0 1. 전기이월미처분이익잉여금\n218,484,354,935\n157,167,072,279\n\xa0 2. 중간배당\n(3,476,221,700)\n(4,513,500,000)\n\xa0 3. 이익소각\n(14,626,543,330)\n-\n\xa0 4. 확정급여의재측정요소\n(1,751,192,666)\n2,415,352,254\n\xa0 5. 당기순이익\n23,874,981,471\n70,423,830,402\nII. 이익잉여금처분액\n(6,892,352,600)\n(7,008,400,000)\n\xa0 1. 배당\n6,892,352,600\n7,021,000,000\nⅢ. 차기이월미처분이익잉여금\xa0\n215,613,026,110\n218,484,354,935\n(3) 법정적립금상법상 당사는 자본금의 50%에 달할 때까지 매결산기에 금전에 의한 이익배당액의 10% 이상을 이익준비금으로 적립하도록 규정되어 있으며, 동 이익준비금은 현금으로 배당할 수 없으며, 주주총회의 결의에 의하여 이월결손금의 보전과 자본전입에만 사용될 수 있습니다.\n(4) 배당금당사가\xa0당기와 전기 중 지급한 배당금(중간배당 포함)은 각각 10,484,622천원 및\xa011,534,500천원입니다.\n26. 주당이익(1) 당기와 전기 주당이익의 계산내역은 다음과 같습니다.\r\n(단위: 천원)\n구 분\n당 기\n전 기\n당기순이익\n23,874,981\n70,423,830\n가중평균유통보통주식수(*)\n4,950,388\n5,012,605\n기본주당이익(원)\n4,823\n14,049\n(*) 가중평균유통보통주식수\n(단위: 주)\n구 분\n당 기\n전 기\n가중평균발행주식수\n5,040,548\n5,100,000\n가중평균자기주식수\n(90,160)\n(87,395)\n가중평균유통보통주식수\n4,950,388\n5,012,605\n(2) 당기말 및 전기말 현재 당사는 희석효과가 발생하는 잠재적 보통주가 없습니다. 27. 현금흐름표현금및현금성자산의 사용을 수반하지 않는 중요한 거래내용은 다음과 같습니다.\n(단위: 천원)\n구 분\n당 기\n전기\n건설중인자산의 본계정 대체\n72,440,055\n14,782,508\n장기대여금의 유동성대체\n62,096\n4,941\n28. 비용의 성격별 분류당기와 전기 중 발생한 비용의 성격별 분류에 대한 정보는 다음과 같습니다. ① 당기\r\n(단위: 천원)\n구 분\n재고자산의 변동\n판매비와관리비\n제조원가\n성격별 비용\n재고자산의 변동\n28,311,254\n-\n-\n28,311,254\n원재료매입\n209,872,144\n-\n-\n209,872,144\n종업원급여\n-\n9,704,906\n28,594,665\n38,299,571\n감가상각비와 기타상각비\n-\n1,245,394\n22,304,681\n23,550,075\n광고선전비\n-\n23,720\n-\n23,720\n운반비\n-\n1,295,801\n58,294\n1,354,095\n지급수수료\n-\n3,072,185\n358,250\n3,430,435\n기타비용\n-\n15,706,181\n76,041,055\n91,747,236\n합계\n238,183,397\n31,048,187\n127,356,945\n396,588,529\n② \xa0전기\n(단위: 천원)\n구 분\n재고자산의 변동\n판매비와관리비\n제조원가\n성격별 비용\n재고자산의 변동\n(2,690,022)\n-\n-\n(5,754,397)\n원재료매입\n345,283,804\n-\n-\n195,914,079\n종업원급여\n-\n10,293,563\n31,395,232\n17,373,292\n감가상각비와 기타상각비\n-\n1,474,232\n14,647,986\n8,016,436\n광고선전비\n-\n18,228\n-\n7,010\n운반비\n-\n1,228,479\n46,974\n692,032\n지급수수료\n-\n2,327,964\n677,995\n1,191,773\n기타비용\n-\n34,973,477\n86,151,686\n65,380,485\n합계\n342,593,782\n50,315,942\n132,919,873\n282,820,709\n29. 법인세비용\xa0\n(1) 당기와 전기 중 법인세비용의 구성요소는 다음과 같습니다.\n(단위: 천원)\n구 분\n당 기\n전 기\n당기법인세비용\n8,842,275\n21,282,025\n과거기간 당기법인세에 대하여 당기에 인식한 조정사항\n118,152\n(24,405)\n일시적차이 등의 발생과 소멸로 인한 이연법인세비용(수익)\n(1,718,613)\n(668,270)\n당기손익이외로 인식되는 항목과 관련된 법인세비용\n687,795\n(187,709)\n법인세비용\n7,929,610\n20,401,641\n(2) 당기와 전기 중 당기손익 이외로 인식되는 항목과 관련된 당기법인세와 이연법인세는 다음과 같습니다.\n(단위: 천원)\n구 분\n당 기\n전 기\n당기법인세:\n\xa0- 확정급여제도의 재측정요소\n526,041\n(714,328)\n\xa0- 자기주식처분손익\n22,431\n(404)\n이연법인세:\n\xa0- 기타포괄손익인식 금융자산 평가손익\n139,323\n527,023\n자본에 직접 반영된 법인세비용(수익)\n687,795\n(187,709)\n확정급여제도의 재측정요소와 자기주식처분이익과 관련된 법인세는 자본에 직접 인식하였으며, 기타포괄손익-공정가치 측정 금융자산평가손익 및 처분손익과 관련된 법인세는 기타포괄손익으로 인식하였습니다.\n(3) 당기와 전기 중 법인세비용과 회계이익의 관계는 다음과 같습니다.\n(단위: 천원)\n구 분\n당 기\n전 기\n법인세비용차감전순이익\n31,804,591\n90,825,472\n적용세율\n23.10%\n24.20%\n적용세율에 따른 세부담액\n7,346,861\n21,979,764\n조정사항:\n―세무상 공제되지 않는 비용의 법인세효과\n655,787\n(234,110)\n―세액공제등\n(251,381)\n(1,459,684)\n―과거기간 당기법인세와 관련되어 인식한 당기조정액\n118,152\n(24,405)\n―기타(세율차이 등)\n60,191\n140,076\n법인세비용\n7,929,610\n20,401,641\n평균유효세율\n24.93%\n22.46%\n(4) 당기와 전기 중 이연법인세자산(부채)와 일시적차이 등의 발생과 소멸로 인한 이연법인세비용은 다음과 같습니다.\n(단위: 천원)\n구 분\n당 기\n전 기\n기말 이연법인세자산\n3,252,274\xa0\n1,533,661\xa0\n기초 이연법인세자산\n1,533,661\xa0\n865,391\xa0\n일시적차이 등의 발생과 소멸로 인한 이연법인세비용\n(1,718,613)\n(668,270)\n(5) 당기말 현재 일시적차이의 법인세효과는 당해 일시적차이가 소멸되는 회계연도의 미래예상세율을 적용하여 계산하였습니다. (6) 당사는 동일 과세당국이 부과하는 법인세이며 당사가 당기법인세자산과 당기법인세부채를 상계할 수 있는 법적으로 집행가능한 권리와 의도를 가지고 있는 이연법인세자산과 이연법인세부채를 상계하여 재무상태표에 표시하였습니다.\n(7) 당기와 전기 중 이연법인세자산(부채)의 변동내역은 다음과 같습니다.① 당기\n(단위: 천원)\n구 분\n기초금액\n당기손익반영\n기타포괄손익반영\n기말금액\n토지재평가차익\n(42,013)\n-\n-\n(42,013)\n감가상각비\n(2,253,524)\n657,876\n-\n(1,595,649)\n퇴직급여충당부채\n2,958,725\n308,428\n526,041\n3,793,194\n선급비용\n(68,209)\n(125,000)\n-\n(193,209)\n일시상각충당금\n(17,397)\n(234,932)\n-\n(252,329)\n국고보조금\n17,397\n245,934\n-\n263,331\n미확정비용\n23,236\n(8,480)\n-\n14,757\n장기대여금(현재가치할인차금)\n42,368\n63,465\n-\n105,833\n연차비용\n243,730\n12,092\n-\n255,823\n재고평가\n90,600\n52,629\n-\n143,230\n무형자산손상차손\n86,121\n-\n86,121\n미수수익\n(8)\n(42,116)\n-\n(42,124)\n사용권자산\n(317,854)\n158,927\n-\n(158,927)\n리스부채\n320,338\n(158,914)\n-\n161,425\n유가증권\n486,015\n139,323\n625,339\n미수금\n(75,506)\n5,922\n-\n(69,584)\n금융보증부채\n39,641\n(474)\n-\n39,166\n복구충당부채\n-\n117,891\n117,891\n합 계\n1,533,661\n1,053,248\n665,364\n3,252,274\n② 전기\n(단위: 천원)\n구 분\n기초금액\n당기손익반영\n기타포괄손익반영\n기말금액\n토지재평가차익\n(44,014)\n2,001\n-\n(42,013)\n감가상각비\n(2,852,232)\n598,708\n-\n(2,253,524)\n퇴직급여충당부채\n3,412,675\n260,378\n(714,328)\n2,958,725\n선급비용\n(44,099)\n(24,110)\n-\n(68,209)\n일시상각충당금\n(23,240)\n5,844\n-\n(17,397)\n국고보조금\n23,240\n(5,844)\n-\n17,397\n미확정비용\n24,746\n(1,510)\n-\n23,236\n장기대여금(현재가치할인차금)\n29,923\n12,445\n-\n42,368\n연차비용\n227,067\n16,663\n-\n243,730\n재고평가\n75,019\n15,581\n-\n90,600\n무형자산손상차손\n90,222\n(4,101)\n-\n86,121\n미수수익\n-\n(8)\n-\n(8)\n사용권자산\n-\n(317,854)\n-\n(317,854)\n리스부채\n-\n320,338\n-\n320,338\n유가증권\n(41,007)\n-\n527,023\n486,015\n미수금\n(22,306)\n(53,200)\n-\n(75,506)\n금융보증부채\n9,396\n30,245\n-\n39,641\n합 계\n865,391\n855,575\n(187,305)\n1,533,661\n(8) 당기말과 전기말 현재 상계 전 총액기준에 의한 이연법인세자산과 이연법인세부채 및 당기법인세부채와 당기법인세자산의 내용은 다음과 같습니다.\n(단위: 천원)\n구 분\n당기말\n전기말\n이연법인세자산\n5,625,649\n4,319,334\n이연법인세부채\n(2,373,375)\n(2,785,673)\n당기법인세부채\n(8,835,275)\n(21,282,025)\n당기법인세자산\n3,350,702\n11,775,717\n30. 특수관계자\n(1) 당기말 현재 당사의 특수관계자의 내역은 다음과 같습니다.\n특수관계구분\n특수관계명(당기말)\n특수관계자명(전기말)\n유의적인 영향력을 행사하는 기업\n미원홀딩스주식회사\n미원홀딩스주식회사\n종속기업\nMiwon Speciality Chemical USA, INC.\nMiwon Speciality Chemical USA, INC.\n기타특수관계자\n미원상사(주)\n미원상사(주)\n(주)동남합성\n(주)동남합성\n㈜잉크테크\n㈜잉크테크\n미원화학(주)\n미원화학(주)\n태광정밀화학(주)\n태광정밀화학(주)\n(주)비드테크\n(주)비드테크\n미성통상(주)\n미성통상(주)\n미성종합물산(주)\n미성종합물산(주)\n미성코스메틱\n미성코스메틱\n미화물류(주)\n미화물류(주)\nMiwon North America Inc.\nMiwon North America Inc.\nMiwon Europe GmbH\nMiwon Europe GmbH\nMiwon Spain S.L.U.\nMiwon Spain S.L.U.\nMiwon Austria F&E GmbH\nMiwon Austria F&E GmbH\nMiwon (Guangzhou) Chemical Co., Ltd\nMiwon (Guangzhou) Chemical Co., Ltd\nMiwon Nantong Chemical Co., Ltd.\nMiwon Nantong Chemical Co., Ltd.\nMiwon Specialty Chemical India Private Ltd.\nMiwon Specialty Chemical India Private Ltd.\n계동청운정세화공유한공사\n계동청운정세화공유한공사\nInkTec Europe Ltd.\nInkTec Europe Ltd.\nMiwon Vietchem Co., Ltd.\nMiwon Vietchem Co., Ltd.\n(2) 당사는 특수관계자와 재화의 판매 및 용역의 제공 등의 거래를 하고 있는 바, 당기와 전기 중 특수관계자와의 거래 내역은 다음과 같습니다.\n(단위:천원)\n특수관계구분\n특수관계자명\n거래내용\n당기\n전기\n유의적인 영향력을행사하는 기업\n미원홀딩스주식회사\n매출\n38,466\n167,810\n매입\n3,537\n6,970\n매입기타\n1,953,203\n1,760,464\n배당금 지급\n3,563,700\n3,827,735\n종속기업\nMiwon Speciality Chemical USA, INC.\n매출\n9,950,874\n19,222,644\n매입\n29,581\n-\n매출기타\n303,285\n203,006\n기타특수관계자\n미원상사(주)\n매출\n843,197\n1,282,409\n매출기타\n5,731,853\n5,676,614\n매입\n1,077,129\n3,417,818\n매입기타\n63,033\n42,096\n(주)동남합성\n매출\n207,432\n1,669,609\n매입\n37,894,029\n44,812,709\n㈜잉크테크\n매출\n935,431\n546,290\n미원화학(주)\n매출\n31,530\n-\n매입\n306,446\n133,593\n태광정밀화학㈜\n매출\n256,848\n133,058\n매입\n3,034,649\n2,454,147\n미성통상(주)\n매출\n2,941,185\n3,679,458\n매입\n-\n91,200\n매입기타\n23,176\n11,088\n미성종합물산(주)\n매출\n364,654\n561,898\n매입\n71,217\n85,015\n미화물류(주)\n매입\n522,530\n606,680\n매입기타\n364,420\n326,384\nMiwon North America Inc.\n매출\n50,107,840\n109,481,116\nMiwon Europe GmbH\n매출\n47,816,826\n80,742,650\nMiwon Spain S.L.U.\n매출\n5,285,607\n10,556,651\nMiwon (Guangzhou) Chemical Co., Ltd\n매출\n33,142,594\n33,970,590\nMiwon Nantong Chemicals Co., Ltd.\n매출\n25,164,207\n25,281,168\nMiwon Specialty Chemical India Private Ltd.\n매입기타\n512,609\n438,987\n계동청운정세화공유한공사\n매출\n5,611,247\n7,220,681\n매입\n-\n194,186\n합 \xa0계\n매출\n182,697,938\n294,516,032\n매출기타\n6,035,137\n5,879,621\n매입\n42,939,118\n51,802,317\n매입기타\n2,916,441\n2,591,119\n배당금 지급\n3,563,700\n3,827,735\n(3) 당기말과 전기말 현재 특수관계자에 대한 채권ㆍ채무내역은 다음과 같습니다.\xa0\n① \xa0당기말\n(단위:천원)\n특수관계 구분\n특수관계자명\n채권\n채무\n매출채권\n기타\n합계\n매입채무\n예수보증금\n기타\n합계\n유의적인 영향력을행사하는 기업\n미원홀딩스주식회사\n-\n-\n-\n6,029\n-\n-\n6,029\n종속기업\nMiwon Specialty Chemical USA, Inc.\n3,233,703\n301,231\n3,534,934\n-\n-\n127,782\n127,782\n기타특수관계자\n미원상사(주)\n44,952\n548,498\n593,450\n116,325\n600,000\n-\n716,325\n(주)동남합성\n25,330\n91,433\n116,763\n-\n-\n-\n-\n㈜잉크테크\n132,550\n-\n132,550\n-\n-\n-\n-\n미원화학(주)\n-\n-\n-\n42,449\n-\n-\n42,449\n태광정밀화학㈜\n198\n-\n198\n317,642\n-\n-\n317,642\n미성통상(주)\n169,134\n-\n169,134\n-\n-\n6,845\n6,845\n미성종합물산(주)\n115,561\n-\n115,561\n10,926\n-\n-\n10,926\n미화물류(주)\n-\n-\n-\n60,934\n-\n29,414\n90,348\nMiwon North America Inc.\n14,755,002\n-\n14,755,002\n-\n-\n1,213,463\n1,213,463\nMiwon Europe GmbH\n8,012,364\n-\n8,012,364\n-\n-\n302,836\n302,836\nMiwon Spain S.L.U.\n1,010,726\n-\n1,010,726\n-\n-\n-\n-\nMiwon (Guangzhou) Chemical Co., Ltd\n12,309,338\n-\n12,309,338\n-\n-\n-\n-\nMiwon Nantong Chemicals Co., Ltd.\n9,011,889\n-\n9,011,889\n-\n-\n-\n-\nMiwon Specialty Chemical India Private Ltd.\n-\n-\n-\n-\n-\n61,273\n61,273\n계동청운정세화공유한공사\n768,570\n-\n768,570\n-\n-\n-\n-\n합계\n49,589,317\n941,162\n50,530,479\n554,305\n600,000\n1,741,613\n2,895,918\n(*) 상기 특수관계자에 대한 매출채권에 대하여 1%의 대손충당금을 설정하였습니다.② \xa0전기말\n(단위:천원)\n특수관계 구분\n특수관계자명\n채권\n채무\n매출채권\n기타\n합계\n매입채무\n예수보증금\n기타\n합계\n유의적인 영향력을행사하는 기업\n미원홀딩스주식회사\n14,850\n9,762\n24,612\n24,305\n-\n-\n24,305\n종속기업\nMiwon Specialty Chemical USA, Inc.\n4,398,905\n326,866\n4,725,771\n-\n-\n-\n-\n기타특수관계자\n미원상사(주)\n145,113\n771,614\n916,727\n761,288\n400,000\n-\n1,161,288\n(주)동남합성\n-\n-\n-\n-\n-\n14,888\n14,888\n㈜잉크테크\n80,828\n-\n80,828\n-\n-\n-\n-\n미원화학(주)\n-\n-\n-\n6,521\n-\n-\n6,521\n태광정밀화학㈜\n-\n-\n-\n193,357\n-\n-\n193,357\n미성통상(주)\n230,360\n-\n230,360\n-\n-\n223\n223\n미성종합물산(주)\n147,347\n-\n147,347\n352\n-\n-\n352\n미화물류(주)\n-\n-\n-\n60,116\n-\n26,587\n86,703\nMiwon North America Inc.\n36,744,729\n-\n36,744,729\n-\n-\n-\n-\nMiwon Europe GmbH\n21,950,397\n-\n21,950,397\n-\n-\n-\n-\nMiwon Spain S.L.U.\n1,119,592\n-\n1,119,592\n-\n-\n-\n-\nMiwon (Guangzhou) Chemical Co., Ltd\n10,708,739\n-\n10,708,739\n-\n-\n-\n-\nMiwon Nantong Chemicals Co., Ltd.\n8,440,917\n-\n8,440,917\n-\n-\n-\n-\nMiwon Specialty Chemical India Private Ltd.\n-\n-\n-\n-\n-\n77,855\n77,855\n계동청운정세화공유한공사\n1,467,719\n-\n1,467,719\n-\n-\n-\n-\n합계\n85,449,496\n1,108,242\n86,557,738\n1,045,940\n400,000\n119,553\n1,565,492\n(*) 상기 특수관계자에 대한 매출채권에 대하여 1%의 대손충당금을 설정하였습니다.\n(4) 당기와 전기 중 특수관계자와의 자금거래 내역은 없습니다.\n(5) 당기와 전기 중 주요경영진에 대한 보상내역은 다음과 같습니다.\n(단위: 천원)\n분 류\n당기\n전기\n단기종업원급여\n605,500\n1,089,746\n퇴직급여\n49,269\n82,580\n당사의 주요경영진에는 등기 임원인 이사(사외이사 포함)을 포함하였습니다. (6) 당기말 현재 Miwon Speciality Chemical USA, INC.의 차입금과 관련하여 USD 31,200,000(전기말 USD 31,200,000)의 지급보증을 제공하고 있습니다. \n31. 금융위험관리 및 금융상품위험\n(1) 위험관리의 개요\n당사는 금융상품을 운용함에 따라 다음과 같은 위험에 노출되어 있습니다.\n① 신용위험② 유동성위험③ 환위험④ 이자율위험⑤ 가격위험\n상기 위험과 관련하여 당사가 수행하고 있는 자본관리 및 위험관리의 목적, 정책 및 절차와 위험측정방법은 본 주석에서 설명하고 있으며, 추가적인 양적 공시사항은 관련 주석에 포함되어 있습니다.\xa0\n(2) 위험관리 개념체계\n당사는 금융상품과 관련하여 신용위험, 유동성위험, 환위험, 이자율위험 등과 같은 다양한 금융위험에 노출되어 있습니다. 당사의 위험관리는 당사의 재무적 성과에 영향을 미치는 잠재적 위험을 식별하여 당사가 허용가능한 수준으로 감소, 제거 및 회피하는 것을 그 목적으로 하고 있습니다. 당사는 전사적인 수준의 위험관리 정책 및 절차를 마련하여 운영하고 있습니다. 또한, 당사의 내부감사인은 위험관리 정책 및 절차의 준수 여부와 위험노출 한도를 지속적으로 검토하고 있습니다. \xa0\xa0\n(3) 금융위험관리① 신용위험\n당사는 금융상품의 당사자 중 일방이 의무를 이행하지 않아 상대방에게 재무손실을 입힐 신용위험에 노출되어 있습니다. 당사의 경영진은 신용위험을 관리하기 위하여 신용도가 일정 수준 이상인 거래처와 거래하고 있으며, 금융자산의 신용보강을 위한 정책과 절차를 마련하여 운영하고 있습니다. 당사는 신규 거래처와 계약시 공개된 재무정보와 신용평가기관에 의하여 제공된 정보 등을 이용하여 거래처의 신용도를 평가하고 이를 근거로 신용거래한도를 결정하고 있으며, 담보 또는 지급보증을 제공받고 있습니다. 또한, 당사는 주기적으로 거래처의 신용도를 재평가하여 신용거래한도를 재검토하고 담보수준을 재조정하고 있으며, 회수가 지연되는 금융자산에 대하여는 분기 단위로 회수지연 현황 및 회수대책이 보고되고 있으며 지연사유에 따라 적절한 조치를 취하고 있습니다. ⅰ) 신용위험에 대한 최대노출정도\n금융자산의 장부금액은 신용위험에 대한 최대노출정도를 나타냅니다. 당기말과 전기말 현재 당사의 신용위험에 대한 최대 노출정도는 다음과 같습니다.\n(단위: 천원)\n구 분\n당기말\n전기말\n장기매출채권및기타채권\n3,354,212\n2,570,057\n매출채권및기타채권(*1)\n82,211,275\n124,550,753\n현금및현금성자산(*2)\n97,870,713\n41,239,201\n합계\n183,436,200\n168,360,012\n(*1) 금융상품이 아닌 것은 제외한 금액입니다.(*2) 현금시재액은 제외한 금액입니다.\n당사는 (주)하나은행 등의 금융기관에 현금및현금성자산을 예치하고 있으며, 신용등급이 우수한 금융기관과 거래하고 있으므로 금융기관으로부터의 신용위험은 제한적입니다.\nⅱ) 손상차손당기말과 전기말 현재 매출채권및기타수취채권의 연령 및 각 연령별로 손상된 채권금액은 다음과 같습니다.\n(단위: 천원)\n구 분\n당기말\n전기말\n채권잔액\n손상된 금액\n채권잔액\n손상된 금액\n만기미도래\n90,136,287\n(770,832)\n132,245,572\n(1,170,442)\n30일 이내\n1,573,650\n(15,737)\n2,947,115\n(29,471)\n30~60일\n627,938\n(6,279)\n100,598\n(1,006)\n60일 이상\n146,149\n(1,461)\n592,674\n(5,927)\n합 계\n92,484,024\n(794,309)\n135,885,958\n(1,206,846)\n당기와 전기 중 매출채권및기타수취채권에 대한 대손충당금의 변동내역은 다음과 같습니다.\n(단위: 천원)\n구 분\n당기\n전기\n기초잔액\n1,206,846\n1,003,496\n대손처리채권\n-\n(69,687)\n대손상각비\n(412,536)\n273,036\n기말잔액\n794,309\n1,206,846\n당사는 신용위험관리를 위하여 업체의 신용수준이 일정 이상인 거래처와 거래하고 있으며, 금융자산의 신용위험관리를 위하여 매월 정상 결제 유무를 파악하여 매출처의 지급여력의 문제발생 가능성을 파악하고 있습니다. 또한, 이러한 관리활동으로 문제발생 매출처에 대한 납품을 조정하여 신용위험의 노출을 최소화하고 있습니다.  \xa0\n② 유동성위험당사는 유동성위험을 관리하기 위하여 단기 및 중장기의 자금관리계획을 수립하여 실제 현금유출액을 분석 및 검토하고 있으며, 금융부채와 금융자산의 만기구조를 일치시키고자 하고 있습니다. 당사의 영업활동현금흐름과 금융자산의 현금유입으로 금융부채의 상환이 가능하다고 판단하고 있으며, 일시적 또는 비정상적인 경제환경으로 인한 유동성 위험을 관리하고자 금융기관과 무역금융 등의 한도성 차입약정을 체결하고 있습니다.\n당기말 현재 당사가 보유한 금융부채의 계약상 만기는 다음과 같습니다. 금액은 이자지급액을 포함하고, 상계약정의 효과는 포함하지 않았습니다.\n(단위: 천원)\n구 분\n장부금액\n계약상 현금흐름\n1년 이하\n1년 이상\n비파생금융부채\n단기차입금\n3,150,876\n3,150,876\n3,150,876\n-\n리스부채\n698,808\n704,760\n704,760\n-\n금융보증계약\n169,551\n40,229,280\n169,551\n-\n매입채무및기타채무(*1)\n26,047,227\n26,047,227\n26,047,227\n-\n장기매입채무및기타채무\n685,614\n685,614\n-\n685,614\n비파생금융부채 소계\n30,752,076\n70,817,756\n30,072,414\n685,614\n파생금융부채\n파생금융부채소계\n-\n-\n-\n-\n합계\n30,752,076\n70,817,756\n30,072,414\n685,614\n(*1) 금융상품에 해당하지 않는 금액은 제외하였습니다. 당사는 이 현금흐름이 유의적으로 더 이른 기간에 발생하거나, 유의적으로 다른 금액일 것으로 기대하지 않습니다.\xa0\n③ 환위험\n당사는 전세계적으로 영업활동을 영위하고 있어 다양한 통화로부터의 환율변동위험에 노출되어 있습니다. 당사가 노출되어 있는 주요 통화는 미국달러(USD)이며, 기타의 통화로는 일본엔(JPY), 유로(EUR), 중국위엔(CNY) 등이 있습니다.\n당사의 외환위험 관리의 목표는 환율 변동으로 인한 불확실성과 손익 변동을 최소화 함으로써 기업의 가치를 극대화하는데 있습니다.\xa0\n당기말과 전기말 현재 기능통화 이외의 외화로 표시된 화폐성자산 및 부채의 장부금액은 다음과 같습니다.\n(단위: 천원)\n구 분\n당기말\n전기말\nUSD\nEUR\nJPY\nCNY\nUSD\nEUR\nJPY\nCNY\n자산 :\n매출채권\n27,429,913\n10,448,292\n399,345\n23,676,715\n57,287,625\n23,608,429\n326,254\n21,238,989\n현금및현금성자산\n5,424,668\n3,172,856\n1,448,047\n6,918,619\n21,663,690\n6,158,551\n1,601,302\n8,359,262\n합계\n32,854,581\n13,621,149\n1,847,392\n30,595,334\n78,951,315\n29,766,980\n1,927,557\n29,598,251\n부채 :\n매입채무\n2,337,582\n1,822,947\n222,080\n585,268\n2,760,779\n1,535,415\n-\n47,258\n미지급금\n2,355,596\n302,836\n-\n-\n683,333\n-\n61,323\n-\n미지급비용\n3,981\n9,810\n-\n-\n8,640\n33,710\n-\n-\n차입금\n1,414,921\n-\n-\n1,735,955\n1,803,573\n-\n-\n1,654,497\n합계\n6,112,080\n2,135,593\n222,080\n2,321,223\n5,256,325\n1,569,124\n61,323\n1,701,755\n당기와 전기 중 적용한 환율은 다음과 같습니다.\n(단위: 원)\n구 분\n평균 환율\n기말 환율\n당기\n전기\n당기말\n전기말\nUSD\n1,305.41\n1,291.95\n1,289.40\n1,267.30\nEUR\n1,412.36\n1,357.38\n1,426.59\n1,351.20\nJPY\n9.3124\xa0\n9.8344\xa0\n9.1266\n9.5318\nCNY\n184.22\n191.57\n180.84\n181.44\n당사는 원화 환율 변동에 대한 환위험을 정기적으로 측정하고 있습니다. 당기말과 전기말 현재 각 외화에 대한 기능통화의 환율 10% 변동시 환율변동이 당기손익에 미치는 영향은 다음과 같습니다.\n(단위: 천원)\n구 분\n당기\n전기\n10% 상승시\n10% 하락시\n10% 상승시\n10% 하락시\nUSD\n2,679,532\n(2,679,532)\n3,660,969\n(3,660,969)\nEUR\n1,148,556\n(1,148,556)\n3,128,209\n(3,128,209)\nJPY\n162,531\n(162,531)\n261,659\n(261,659)\nCNY\n2,827,411\n(2,827,411)\n2,814,941\n(2,814,941)\n상기 민감도 분석은 보고기간말 현재 당사의 기능통화인 원화 이외의 외화로 표시된 화폐성 자산ㆍ부채를 대상으로 하였습니다.\xa0\n④ 이자율위험당기말과 전기말 현재 당사가 보유하고 있는 이자부 금융상품의 장부금액은 다음과 같습니다.\n(단위: 천원)\n구 분\n당기말\n전기말\n고정이자율\n금융자산\n103,415,000\n47,188,432\n변동이자율\n금융부채\n3,849,684\n4,844,817\n당사의 이자율 위험은 미래 시장이자율 변동에 따라 예금 또는 차입금 등에서 발생하는 이자수익 및 이자비용이 변동될 위험으로서 이는 주로 변동금리부 조건의 차입금과 예금에서 발생하고 있습니다. 당사의 이자율위험관리 목표는 이자율 변동으로 인한 불확실성과 순이자비용의 최소화를 추구함으로써 기업의 가치를 극대화하는데 있습니다. 이를 위해 근본적으로 내부 자금 공유 확대를 통한 외부차입의 최소화, 고금리 차입금 감축, 장/단기 차입구조 개선, 고정 대 변동이자 차입조건의 적정비율 유지,주간/월간 단위의 국내외 금리동향 모니터링 실시 및 대응방안 수립 등을 통해 선제적으로 이자율 위험을 관리하고 있습니다.\n⑤ 가격위험당사가 보유하고 있는 기타포괄손익-공정가치 측정 지분상품으로부터 지분가격 변동 위험이 발생합니다. 당사의 경영진은 시장가격에 근거하여 투자 포트폴리오 내의 채무 및 지분상품의 구성을 검토하고 있습니다. 포트폴리오 내 중요한 투자는 개별적으로 관리되며 모든 취득 및 매각 결정에는 경영진의 승인이 필요합니다.\xa0\n당사는 기타포괄손익-공정가치 측정 금융자산 시장가격 변동에 대한 위험을 정기적으로 측정하고 있습니다. 당기말과 전기말 현재 기타포괄손익-공정가치 측정 금융자산에 대한 시장가격 10% 변동 시 가격변동이 당기와 전기의 포괄손익에 미치는 영향은 다음과 같습니다.\n(단위:천원)\n구분\n당기말\n전기말\n10% 상승시\n10% 하락시\n10% 상승시\n10% 하락시\n법인세 차감전 기타포괄손익\n826,978\n(826,978)\n867,440\n(867,440)\n법인세효과\n(191,032)\n191,032\n(209,921)\n209,921\n법인세 차감후 기타포괄손익\n635,946\n(635,946)\n657,520\n(657,520)\n(4) 자본위험관리\n당사의 자본위험관리는 건전한 자본구조의 유지를 통한 주주이익의 극대화를 목적으로 하고 있으며, 최적 자본구조 달성을 위해 부채비율 등의 재무비율을 매월 모니터링하여 필요한 경우 적절한 재무구조 개선방안을 실행하고 있습니다.\xa0\n당기말과 전기말 현재의 부채비율은 다음과 같습니다\n(단위 : 천원)\n구 분\xa0\n당기말\n전기말\n부채(A)\n58,813,466\n63,280,350\n자본(B)\n384,396,899\n385,071,063\n부채비율(A/B)\n15.30%\n16.43%\n(5) 금융상품의 공정가치 ① 당기말과 전기말 현재 금융상품의 장부금액과 공정가치는 다음과 같습니다.\n(단위: 천원)\n구분\n당기말\n전기말\n장부금액\n공정가치\n장부금액\n공정가치\n금융자산:\n당기손익-공정가치 금융자산\n파생금융상품자산\n282,482\n282,482\n-\n-\n기타포괄손익-공정가치 금융자산\n매도가능금융자산\n8,269,778\n8,269,778\n8,674,401\n8,674,401\n상각후원가로 인식된 금융자산\n현금및현금성자산(*1)\n97,870,713\n97,870,713\n41,239,201\n41,239,201\n매출채권및기타채권(*2)\n82,211,275\n82,211,275\n124,550,753\n124,550,753\n장기매출채권및기타채권\n3,354,212\n3,354,212\n2,570,057\n2,570,057\n상각후원가로 인식된 금융자산 소계\n183,436,200\n183,436,200\n168,360,012\n168,360,012\n금융자산 합계\n191,988,460\n191,988,460\n177,034,413\n177,034,413\n금융부채:\n당기손익-공정가치측정금융부채\n금융보증부채\n169,551\n169,551\n171,605\n171,605\n상각후원가로 인식된 금융부채\n매입채무및기타채무(*2)\n26,047,227\n26,047,227\n28,506,257\n28,506,257\n단기차입금\n3,150,876\n3,150,876\n3,458,070\n3,458,070\n장기매입채무및기타채무\n685,614\n685,614\n490,122\n490,122\n리스부채\n-\n-\n698,808\n698,808\n유동성리스부채\n698,808\n698,808\n687,939\n687,939\n상각후원가로 인식된 금융부채 소계\n30,582,524\n30,582,524\n33,841,195\n33,841,195\n금융부채 합계\n30,752,076\n30,752,076\n34,012,800\n34,012,800\n(*1) 현금시재액은 제외한 금액입니다.(*2) 금융상품에 해당하지 않는 금액은 제외하였습니다. \n② 공정가치 서열체계당사는 공정가치측정에 사용된 투입변수의 유의성을 반영하는 공정가치 서열체계에 따라 공정가치측정치를 분류하고 있으며, 공정가치 서열체계의 수준은 다음과 같습니다.\n구분\n투입변수의 유의성\n수준 1\n동일한 자산이나 부채에 대한 활성시장의 공시가격\n수준 2\n직접적으로 또는 간접적으로 관측가능한, 자산이나 부채에 대한 투입변수\n수준 3\n관측가능한 시장자료에 기초하지 않은, 자산이나 부채에 대한 투입변수\n당기말과 전기말 현재 금융상품의 수준별 공정가치 측정치는 다음과 같습니다.\n(단위:천원)\n구분\n수준1\n수준2\n수준3\n합계\n당기말 :\n금융자산\n당기손익-공정가치 측정\n-\n282,482\n-\n282,482\n기타포괄손익-공정가치 측정\n8,269,778\n-\n-\n8,269,778\n금융부채\n당기손익-공정가치 측정\n-\n169,551\n-\n169,551\n전기말 :\n금융자산\n기타포괄손익-공정가치 측정\n8,674,401\n-\n-\n8,674,401\n금융부채\n당기손익-공정가치 측정\n-\n171,605\n-\n171,605\n']"
