news_title,news_category,news_date
“내가 3분기 이익 개선왕”…코스피 ‘식품·화학’-코스닥 ‘게임·바이오’,증권국내증시,2020.09.14
"<유>현대홈쇼핑, 전일 대비 7.20% 상승.. 일일회전율은 0.91% 기록",증권News봇,2020.09.11
"<유>현대홈쇼핑, 전일 대비 7.28% 상승.. 일일회전율은 0.95% 기록",증권News봇,2020.08.31
"<유>현대홈쇼핑, 5.66% 오르며 체결강도 강세 지속(174%)",증권News봇,2020.08.31
"[기업공시 8월 27일]바이오리더스, 450억 규모 주주배정 유상증자 결정 등",증권종목·투자전략,2020.08.28
장 중 기업공시[8월 27일],증권종목·투자전략,2020.08.27
"한화證 ""현대홈쇼핑, 종속회사 성장에 힘입어 기업가치 상승 전망""",증권종목·투자전략,2020.08.25
