text
"['\n5. 재무제표 주석\n1. 회사의 개요(1) 회사의 개요\n비케이탑스 주식회사(이하 ""회사"")는 1991년 3월 30일 소프트웨어 개발ㆍ판매ㆍ임대ㆍ정보통신 역무제공, 컴퓨터ㆍ통신ㆍ전자기기 판매 및 임대 등을 목적으로 설립되었습니다. 회사는 2000년 12월 26일자로 코스닥시장에 상장되었으며, 2010년 11월 2일 유가증권시장으로 변경상장하였습니다. 회사는 2012년 7월 1일자로 통합구매대행\xa0서비스의 인터넷 전자상거래, 부동산컨설팅업, 화장품 및 생활용품의 도소매업 등을 영위하는 주식회사 미러스를 흡수합병하였으며, 사명을\xa0기존 동양시스템즈 주식회사에서 동양네트웍스 주식회사로 변경하였습니다.회사는 2013년 10월 1일자로 서울중앙지방법원에 회생절차 개시신청을 하여\xa0 2013년 10월 17일에 회생절차 개시결정을 인가 받았으며, 2014년 3월 14일에 동 법원으로부터 회생계획안에 대한 인가결정을 받았습니다. 회사는 2015년 2월 26일 회생절차 종결신청서를 서울중앙지방법원에 제출하였으며 채무자 회생 및 파산에 관한 법률 제283조 제1항에 따른 회생절차종결의 요건을 갖추어 2015년 3월 10일 회생절차 종결 결정을 받았습니다.회사는 2020년 3월 3일자로 IT시스템 통합사업 및 IT아웃소싱사업부문을 물적분할하면서 사명을 티탑스 주식회사로 변경하였으며, 2020년 4월 3일자로 현재의 비케이탑스 주식회사로 사명을 변경하였습니다.당기말 현재 주요 주주의 내역은 다음과 같습니다.\n주주명\n보유주식수(주)\n지분율(%)\n와이퀸텟㈜\n2,724,795\n20.85%\n베네핏투자조합\n1,946,282\n14.89%\n두드림홀딩스(주)\n355,603\n2.72%\n기타\n8,044,861\n61.54%\n합 계\n13,071,541\n100.00%\n2. 재무제표 작성기준 및 중요한 회계정책(1) 재무제표 작성기준회사는 당기 중 신규로 종속기업을 취득하게 됨에 따라,\xa0 당기에 기업회계기준서 제1027호 \'별도재무제표\'에 따른 별도재무제표를 최초로 작성하였습니다.\xa01) 당기부터 새로 도입된 기준서 및 해석서와 그로 인한 회계정책 변경의 내용은 다음과 같습니다.\xa0\n- 기업회계기준서 제1103호 \'사업결합\' 개정동 개정사항은 사업이 일반적으로 산출물을 보유하지만 활동과 자산의 통합된 집합이 사업의 정의를 만족하기 위해서 산출물이 필수적이지 않다는 점을 명확히 합니다.취득한 활동과 자산의 집합이 사업으로 간주되기 위해서는 최소한 산출물의 창출에 함께 유의적으로 기여할 수 있는 능력을 가진 투입물과 실질적인 과정을 포함해야 합니다. 또한 실질적인 과정이 취득되었는지 여부를 결정하는데 도움이 되는 판단지침을 제시하고 있습니다.\n\xa0\n동 개정사항은 취득한 활동과 자산의 집합이 사업이 아닌지 여부를 간략하게 평가할 수 있는 선택적 집중테스트를 도입하였습니다. 해당 선택적 집중테스트에서 만약 취득한 총자산의 공정가치가 실질적으로 식별가능한 단일자산 또는 식별가능한 유사한자산집단에 집중되어 있다면 이는 사업이 아닙니다. 해당 기준서의 개정이 재무제표에 미치는 중요한 영향은 없습니다.\n- 기업회계기준서 제1001호 \'재무제표 표시\' 및 제1008호 \'회계정책, 회계추정의 변경 및 오류\' 개정\n개정기준서는 \'특정 보고기업에 대한 재무정보를 제공하는 일반목적재무제표에 정보를 누락하거나 잘못 기재하거나 불분명하게 하여, 이를 기초로 내리는 주요 이용자의의사결정에 영향을 줄 것으로 합리적으로 예상할 수 있다면 그 정보는 중요하다\'고 기술함으로써 개념체계를 포함한 기준서간 중요성의 정의를 일관되게 정리하고 그 의미를 명확히 하였습니다.\xa0상기 개정 내용이 재무제표에 미치는 유의적인 영향은 없습니다.\n-\xa0기업회계기준서 제1109호 \'금융상품\', 제1039호 \'금융상품: 인식과 측정\', 제1107호 \'금융상품: 공시\' 개정개정기준서는 이자율지표 개혁 움직임으로 인한 불확실성이 존재하는 동안 위험회피회계 적용과 관련하여 미래 전망 분석 시 예외규정을 적용토록 하고 있습니다. 예외규정에서는 기존 이자율지표를 준거로 하는 예상현금흐름의 발생가능성이 매우 높은지, 위험회피대상항목과 위험회피수단 사이의 경제적 관계가 있는지, 양자간에 높은 위험회피효과가 있는지를 평가할 때, 위험회피대상항목과 위험회피수단이 준거로 하고 있는 이자율지표는 이자율지표 개혁의 영향으로 바뀌지 않는다고 가정합니다.\xa0상기 개정 내용이 재무제표에 미치는 유의적인 영향은 없습니다.\n2) 제정ㆍ공표되었으나 아직 시행일이 도래하지 않아 적용하지 아니한 한국채택국제회계기준은 다음과 같습니다. - 기업회계기준서 제 1116호 \'리스\' 개정 - 코로나19 (Covid-19) 관련 임차료 면제ㆍ할인ㆍ유예에 대한 실무적 간편법실무적 간편법으로, 리스이용자는 코로나19의 직접적인 결과로 발생한 임차료 할인 등(rent concession)이 리스변경에 해당하는지 평가하지 않을 수 있습니다. 이러한 선택을 한 리스이용자는 임차료 할인 등으로 인한 리스료 변동을 그러한 변동이 리스변경이 아닐 경우에 이 기준서가 규정하는 방식과 일관되게 회계처리하여야 합니다. 동 개정사항은 2020년 6월 1일 이후 시작하는 회계연도부터 적용되며, 조기도입이 가능합니다. 회사는 동 개정으로 인해 재무제표에 유의적인 영향은 없을 것으로 예상하고 있습니다.\n- 기업회계기준서 제1109호 \'금융상품\', 제1039호 \'금융상품: 인식과 측정\', 제1107호 \'금융상품: 공시\', 제 1104호 ‘보험계약’ 및 제 1116호 ‘리스’ 개정 - 이자율지표 개혁\n\xa0\n이자율지표 개혁과 관련하여 상각후원가로 측정되는 금융상품의 이자율지표 대체시 장부금액이 아닌 유효이자율을 조정하고, 위험회피관계에서 이자율지표 대체가 발생한 경우에도 중단 없이 위험회피회계를 계속할 수 있도록 하는 등의 예외규정을 포함하고 있습니다. 동 개정사항은 2021년 1월 1일 이후에 시작하는 회계연도부터 적용되며, 조기적용이 허용됩니다.\xa0회사는 동 개정으로 인해 재무제표에 중요한 영향은 없을 것으로 예상하고 있습니다.- 기업회계기준서 제1103호 \'사업결합\' 개정 - 개념체계의 인용\n인식할 자산과 부채의 정의를 개정된 재무보고를 위한 개념체계를 참조하도록 개정되었으나, 기업회계기준서 제1037호 \'충당부채, 우발부채 및 우발자산\'\xa0 및 해석서 제2121호 \'부담금\' 의 적용범위에 포함되는 부채 및 우발부채에 대해서는 해당 기준서를 적용하도록 예외를 추가하고, 우발자산이 취득일에 인식되지 않는다는 점을 명확히 하였습니다. 동 개정사항은 2022년 1월 1일 이후 시작하는 회계연도부터 적용되며, 조기적용이 허용됩니다.\xa0회사는 동 개정으로 인해 재무제표에 중요한 영향은 없을 것으로 예상하고 있습니다.\n- 기업회계기준서 제1016호 \'유형자산\' 개정 - 의도한 사용 전의 매각금액\n기업이 자산을 의도한 방식으로 사용하기 전에 생산된 품목의 판매에서 발생하는 수익을 생산원가와 함께 당기손익으로 인식하도록 요구하며, 유형자산의 취득원가에서차감하는 것을 금지하고 있습니다. 동 개정사항은 2022년 1월 1일 이후 시작하는 회계연도부터 적용되며, 조기적용이 허용됩니다.\xa0회사는 동 개정으로 인한 재무제표의 영향을 검토 중에 있습니다.\n- 기업회계기준서 제1037호 \'충당부채, 우발부채 및 우발자산\' 개정 - 손실부담계약: 계약이행원가\n손실부담계약을 식별할 때 계약이행원가의 범위를 계약 이행을 위한 증분원가와 계약 이행에 직접 관련되는 다른 원가의 배분이라는 점을 명확히 하였습니다. 동 개정사항은 2022년 1월 1일\xa0이후 시작하는 회계연도부터 적용되며, 조기적용이 허용됩니다.\xa0회사는 동 개정으로 인해 재무제표에 중요한 영향은 없을 것으로 예상하고 있습니다. \n- 한국채택국제회계기준 연차개선 2018-2020\n\xa0\n한국채택국제회계기준 연차개선 2018-2020은 2022년 1월 1일 이후 시작하는 회계연도부터 적용되며, 조기적용이 허용됩니다.\xa0회사는 동 개정으로 인해 재무제표에 중요한 영향은 없을 것으로 예상하고 있습니다.\n·기업회계기준서 제1101호 \'한국채택국제회계기준의 최초 채택\' : 최초채택기업인 종속기업\n·기업회계기준서 제1109호 \'금융상품\' : 금융부채 제거 목적의 10% 테스트 관련 수수료\n·기업회계기준서 제1116호 \'리스\': 리스 인센티브\n·기업회계기준서 제1041호 \'농립어업\': 공정가치 측정\n- 기업회계기준서 제1001호 \'재무제표 표시\' 개정 - 부채의 유동/비유동 분류\n보고기간말 현재 존재하는 실질적인 권리에 따라 유동 또는 비유동으로 분류되며, 부채의 결제를 연기할 수 있는 권리의 행사가능성이나 경영진의 기대는 고려하지 않습니다. 또한, 부채의 결제에 자기지분상품의 이전도 포함되나, 복합금융상품에서 자기지분상품으로 결제하는 옵션이 지분상품의 정의를 충족하여 부채와 분리하여 인식된경우는 제외됩니다. 동 개정사항은 2023년 1월 1일 이후 시작하는 회계연도부터 적용하며, 조기적용이 허용됩니다.\xa0회사는 동 개정으로 인한 재무제표의 영향을 검토 중에 있습니다.\n(2) 회계정책1) 종속기업, 관계기업 및 공동기업투자 종속기업, 공동기업 및 관계기업 투자는 직접적인 지분투자에 근거하여 원가로 측정하고 있습니다.\xa0종속기업, 공동기업 및 관계기업으로부터 수취하는 배당금은 배당에 대한 권리가 확정되는 시점에 당기손익으로 인식하고 있습니다.2) 외화환산가. 기능통화와 표시통화회사는 재무제표에 포함되는 항목들을 영업활동이 이루어지는 주된 경제환경에서의 통화(""기능통화"")를 적용하여 측정하고 있습니다. 회사의 기능통화는 대한민국 원화이며, 재무제표는 대한민국 원화로 표시되어 있습니다.\n\xa0\n나. 외화거래와 보고기간말의 환산외화거래는 거래일의 환율 또는 재측정되는 항목인 경우 평가일의 환율을 적용한 기능통화로 인식되고, 외화거래의 결제나 화폐성 외화 자산ㆍ부채의 환산에서 발생하는 외환차이는 당기손익으로 인식됩니다.\xa0\n\xa0\n비화폐성 금융자산ㆍ부채로부터 발생하는 외환차이는 공정가치 변동손익의 일부로 보아 당기손익인식지분상품으로부터 발생하는 외환차이는 당기손익으로, 매도가능지분상품의 외환차이는 기타포괄손익에 포함하여 인식됩니다.\n3) 금융자산\n가. 금융자산의 분류 및 측정2018년 1월 1일부터 회사는 다음의 측정 범주로 금융자산을 분류합니다.\n-\xa0\n공정가치 측정 금융자산 (기타포괄손익 또는 당기손익에 공정가치 변동 인식)\n-\xa0\n상각후원가 측정 금융자산\n최초 인식 시점에 금융자산의 분류는 금융자산의 계약상 현금흐름 특성과 금융자산을 관리하기 위한 회사의 사업모형에 따라 달라집니다. 회사는 최초 인식시점에 금융자산을 공정가치로 측정하며, 당기손익-공정가치 측정 금융자산이 아닌 경우에 해당금융자산의 취득이나 해당 금융부채의 발행과 직접 관련되는 거래원가는 공정가치에가산합니다. 당기손익-공정가치 측정 금융자산의 거래원가는 당기손익으로 비용처리합니다.\n나. 후속측정기업회계기준서 제1109호의 적용범위에 포함되는 모든 금융자산은 금융자산의 관리를 위한 사업모형과 계약상 현금흐름 특성에 근거하여 후속적으로 상각후원가나 공정가치로 측정됩니다.ㆍ 상각후원가측정금융자산(채무상품) : 계약상 현금흐름을 수취하기 위하여 보유하는 것이 목적인 사업모형 하에서 보유하고 원금과 원금잔액에 대한 이자로만 구성된 계약상 현금흐름을 갖는 채무상품은 후속적으로 상각후원가로 측정합니다. 상각후원가로 측정하는 금융자산으로서 위험회피관계의 적용 대상이 아닌 금융자산의 손익은해당 금융자산을 제거, 변경 또는 손상할 때 당기손익으로 인식합니다. 유효이자율법에 따라 인식하는 금융자산의 이자수익은 \'금융수익\'에 포함됩니다.ㆍ 기타포괄손익-공정가치측정금융자산(채무상품) : 계약상 현금흐름의 수취와 매도모두가 목적인 사업모형 하에서 보유하고 원금과 원금잔액에 대한 이자로만 구성된 계약상 현금흐름을 갖는 채무상품은 후속적으로 공정가치로 측정하고 기타포괄손익으로 인식합니다. 채무상품은 유효이자율법을 사용하여 계산된 이자수익, 외화환산손익과 손상(환입)은 당기손익으로 인식합니다. 나머지 공정가치 변동분은 기타포괄손익으로 인식합니다. 제거시에 기타포괄손익에 누적된 손익은 당기손익으로 재분류됩니다.ㆍ 기타포괄손익-공정가치측정금융자산(지분상품) : 계약상 현금흐름의 수취와 매도모두가 목적인 사업모형 하에서 보유하고 원금과 원금잔액에 대한 이자로만 구성된 계약상 현금흐름을 갖는 지분상품은 후속적으로 공정가치로 측정하고 기타포괄손익으로 인식합니다. 지분상품의 경우 배당은 배당금이 명확하게 투자원가의 회수를 나타내지 않는다면 당기손익으로 인식합니다. 다른 순손익은 기타포괄손익으로 인식하고, 인식한 기타포괄손익은\xa0 당기손익으로 재분류되지 않습니다. 지분상품이 처분되는 시점에 누적손익은 당기손익으로 재분류되지 않으며 이익익여금으로 대체됩니다.회사는 비상장지분상품에 대해서도 취소불가능한 선택을 할 수 있습니다.ㆍ 당기손익-공정가치측정금융자산 : 상기 이외의 모든 채무상품과 지분상품은 후속적으로 공정가치로 측정하고 당기손익으로 인식합니다. 위험회피관계가 적용되지 않는 당기손익-공정가치 측정 채무상품의 손익은 당기손익으로 인식하고 발생한 기간에 손익계산서에 \'기타수익\' 또는 \'기타비용\'으로 표시합니다.상기에 기술한 내용에도 불구하고 회사는 금융자산의 최초 인식시점에 다음과 같은 취소불가능한 선택 또는 지정을 할 수 있습니다.ㆍ 단기매매항목이 아니고 기업회계기준서 제1103호를 적용하는 사업결합에서 취득자가 인식하는 조건부 대가도 아닌 지분상품에 대한 투자의 후속적인 공정가치 변동을 기타포괄손익으로 표시하는 선택을 할 수 있습니다. 이러한 선택은 금융상품별로 이루어집니다.ㆍ 당기손익-공정가치측정항목으로 지정한다면 회계불일치를 제거하거나 유의적으로 줄이는 경우에는 상각후원가측정금융자산이나 기타포괄손익-공정가치측정금융자산의 요건을 충족하는 채무상품을 당기손익-공정가치측정항목으로 지정을 할 수 있습니다.\n외화로 표시되는 금융자산의 장부금액은 외화로 산정되며 보고기간말 현물환율로 환산합니다.\xa0\n- 상각후원가로 측정하는 금융자산의 경우(위험회피관계로 지정된 부분 제외) 환율차이는 \'금융손익-기타\'항목에 당기손익으로 인식됩니다.\n- 기타포괄손익-공정가치로 측정하는 채무상품의 경우(위험회피관계로 지정된 부분 제외) 채무상품의 상각후원가의 환율차이는 \'금융손익-기타\' 항목에 당기손익으로 인식됩니다. 이를 제외한 환율차이는 평가손익누계액 항목에 기타포괄손익으로 인식됩니다.\n- 당기손익-공정가치로 측정하는 금융자산의 경우(위험회피관계로 지정된 부분 제외) 환율차이는 \'금융손익-기타\' 항목에 당기손익으로 인식됩니다.\n- 기타포괄손익-공정가치로 측정하는 지분상품의 경우 평가손익누계액 항목에 기타포괄손익으로 인식됩니다.\n복합계약에 내재된 파생상품은 경제적인 특성과 위험이 주계약에 밀접하게 관련되지않고, 내재파생상품과 동일한 조건인 별도의 상품이 파생상품의 정의를 충족하며, 복합계약이 당기손익-공정가치로 측정되지 않는다면 주계약으로부터 분리하여 별도의파생상품으로 회계처리합니다. 내재파생상품은 공정가치로 측정하고 공정가치의 변동을 당기손익으로 인식합니다. 현금흐름을 유의적으로 변경시키는 계약 조건의 변경이 있거나 당기손익-공정가치 측정 범주에 해당하지 않게 되는 경우에만 재평가가발생합니다.주계약이 금융자산인 복합계약에서 내재파생상품은 분리하여 회계처리하지 않습니다. 주계약인 금융자산과 내재파생상품은 상품 전체를 당기손익-공정가치 측정 금융자산으로 분류합니다.다. 금융자산의 손상회사는 i) 후속적으로 상각후원가나 기타포괄손익-공정가치로 측정되는 채무상품, ii)리스채권, iii) 계약자산과 iv) 기업회계기준서 제1109호의 손상규정이 적용되는 대출약정 및 금융보증계약에 대한 기대신용손실을 손실충당금으로 인식합니다. 특히 최초 인식 후 금융상품의 신용위험이 유의적으로 증가한 경우 또는 금융자산의 취득시 신용이 손상되어 있는 경우에 전체기간 기대신용손실에 해당하는 금액으로 손실충당금을 측정합니다. 한편 최초 인식 이후 금융상품의 신용위험이 유의적으로 증가하지 아니한 경우(취득시 신용이 손상되어 있는 금융자산은 제외) 회사는 12개월 기대신용손실에 해당하는 금액으로 금융상품의 손실충당금을 측정합니다. 단, 매출채권에 대해 회사는 채권의 최초 인식시점부터 전체기간 기대신용손실을 인식하는 간편법을적용합니다. 금융자산은 계약상 현금흐름을 회수하는 데에 합리적인 기대가 없을 때 제거됩니다.라. 금융자산의 제거금융자산의 현금흐름에 대한 계약상 권리가 소멸하거나, 금융자산을 양도하고 금융자산의 소유에 따른 위험과 보상의 대부분을 다른 기업에게 이전할 때에만 금융자산을 제거하고 있습니다. 만약 금융자산의 소유에 따른 위험과 보상의 대부분을 이전하지도 않고 보유하지도 않으며, 양도한 금융자산을 계속하여 통제하고 있다면, 회사는당해 금융자산에 대하여 지속적으로 관여하는 정도까지 계속하여 인식하고 있습니다. 만약 양도한 금융자산의 소유에 따른 위험과 보상의 대부분을 보유하고 있다면, 회사는 당해 금융자산을 계속 인식하고 수취한 대가는 담보 차입으로 인식하고 있습니다.상각후원가로 측정하는 금융자산을 제거하는 경우, 당해 자산의 장부금액과 수취하거나 수취할 대가의 합계의 차이를 당기손익으로 인식합니다. 기타포괄손익-공정가치로 측정하는 채무상품에 대한 투자를 제거하는 경우 이전에 인식한 손익누계액을 당기손익으로 재분류합니다. 반면에 최초 인식시점에 기타포괄손익-공정가치항목으로 지정한 지분상품에 대한 투자는 이전에 인식한 손익누계액을 당기손익으로 재분류하지 않으나 이익잉여금으로 대체합니다.4) 금융부채가. 최초인식 및 측정\n금융부채는 최초 인식 시점에 당기손익-공정가치 측정 금융부채, 차입, 미지급금 등으로 적절하게 분류됩니다. 모든 금융부채는 최초에 공정가치로 인식되고, 차입금 및미지급금의 경우에는 직접 관련된 거래원가를 차감합니다. 회사의 금융부채는 매입부채와 기타 미지급금, 당좌차월을 포함한 차입과 파생상품부채를 포함합니다.\n나. 후속측정모든 금융부채는 후속적으로 유효이자율법을 사용하여 상각후원가로 측정하거나 당기손익-공정가치로 측정합니다. 그러나 금융자산의 양도가 제거요건을 충족하지 못하거나 지속적 관여 접근법이 적용되는 경우에 발생하는 금융부채와 발행한 금융보증계약은 아래에 기술하고 있는 특정한 회계정책에 따라 측정됩니다.\xa0\n금융부채는 사업결합에서 취득자의 조건부대가이거나 단기매매항목이거나 최초 인식시 당기손익인식항목으로 지정할 경우 당기손익-공정가치측정금융부채로 분류하고 있습니다.\n다음의 경우 금융부채는 단기매매항목에 해당합니다.\n- 주로 단기간에 재매입할 목적으로 부담하는 경우\n- 최초 인식시점에 공동으로 관리하는 특정 금융상품 포트폴리오의 일부로 운용 형태가 단기적 이익 획득 목적이라는 증거가 있는 경우\n- 파생상품 (금융보증계약인 파생상품이나 위험회피항목으로 지정되고 효과적인 파생상품은 제외)\n다음의 경우 단기매매항목이 아니거나 또는 사업결합의 일부로 취득자가 지급하는 조건부 대가가 아닌 금융부채는 최초 인식시점에 당기손익인식항목으로 지정할 수 있습니다.\xa0\n- 당기손익인식항목으로 지정함으로써, 지정하지 않았더라면 발생할 수 있는 측정이나 인식상의 불일치를 제거하거나 상당히 감소시킬 수 있는 경우\n- 금융부채가 회사의 문서화된 위험관리나 투자전략에 따라 금융상품집합(금융자산,금융부채 또는 금융자산과 금융부채의 조합으로 구성된 집합)의 일부를 구성하고, 공정가치 기준으로 관리하고 그 성과를 평가하며, 그 정보를 내부적으로 제공하는 경우\n- 금융부채가 하나 이상의 내재파생상품을 포함하는 계약의 일부를 구성하고 기업회계기준서 제1109호에 따라 합성계약 전체(자산 또는 부채)를 당기손익인식항목으로 지정할 수 있는 경우\n당기손익-공정가치측정금융부채는 공정가치로 측정하며 위험회피관계로 지정된 부분을 제외한 공정가치의 변동으로 인해 발생하는 평가손익은 당기손익으로 인식합니다.그러나 금융부채를 당기손익-공정가치측정 항목으로 지정하는 경우에 부채의 신용위험 변동으로 인한 금융부채의 공정가치 변동금액은 부채의 신용위험 변동효과를 기타포괄손익으로 인식하는 것이 당기손익에 회계불일치를 일으키거나 확대하는 것이 아니라면 기타포괄손익으로 인식합니다. 부채의 나머지 공정가치 변동은 당기손익으로 인식합니다. 기타포괄손익으로 인식된 금융부채의 신용위험으로 인한 공정가치 변동은 후속적으로 당기손익으로 재분류되지 않으며, 대신 금융부채가 제거될 때 이익잉여금으로 대체됩니다.당기손익-공정가치측정항목으로 지정된 금융보증계약에서 발생한 손익은 당기손익으로 인식합니다.\n금융부채는 사업결합에서 취득자의 조건부대가이거나 단기매매항목이거나 최초 인식시 당기손익인식항목으로 지정할 경우에 해당하지 않는 경우 후속적으로 유효이자율법을 사용하여 상각후원가로 측정됩니다.\n유효이자율법은 금융부채의 상각후원가를 계산하고 관련 기간에 걸쳐 이자비용을 배분하는 방법입니다. 유효이자율은 금융부채의 기대존속기간이나 (적절하다면) 더 짧은 기간에 지급하거나 수취하는 수수료와 포인트(유효이자율의 주요 구성요소임), 거래원가 및 기타 할증액 또는 할인액을 포함하여 예상되는 미래현금지급액의 현재가치를 금융부채의 상각후원가와 정확히 일치시키는 이자율입니다. \n금융보증계약은 채무상품의 최초 계약조건이나 변경된 계약조건에 따라 지급기일에 특정 채무자가 지급하지 못하여 보유자가 입은 손실을 보상하기 위해 발행자가 특정금액을 지급하여야 하는 계약입니다. 금융보증부채는 공정가치로 최초 측정하며, 당기손익인식항목으로 지정되거나 자산의 양도로 인해 발생한 것이 아니라면 다음 중 큰 금액으로 후속측정하여야 합니다.\n- 기업회계기준서 제1109호에 따라 산정한 손실충당금(상기 \'금융자산\' 참고)\n- 최초 인식금액에서 기업회계기준서 제1115호에 따라 인식한 이익누계액을 차감한금액\n외화로 표시되는 금융부채는 보고기간 말 시점의 상각후원가로 측정하며 외화환산손익은 금융상품의 상각후원가에 기초하여 산정됩니다. 위험회피관계로 지정된 부분을제외한 금융부채의 외화환산손익은 \'외화환산손익\' 항목에 당기손익으로 인식됩니다. 외화위험을 회피하기 위한 위험회피수단으로 지정된 경우에 외화환산손익은 기타포괄손익으로 인식되며 자본에 별도의 항목으로 누적됩니다. 외화로 표시되는 금융부채의 공정가치는 외화로 산정되며 보고기간말 현물환율로 환산합니다. 당기손익-공정가치로 측정되는 금융부채의 경우 외화환산요소는 공정가치손익의 일부를 구성하며 당기손익으로 인식됩니다(위험회피관계로 지정된 부분 제외).\n다. 금융부채의 제거회사는 회사의 의무가 이행, 취소 또는 만료된 경우에만 금융부채를 제거합니다. 제거되는 금융부채의 장부금액과 지급하거나 지급할 대가의 차이는 당기손익으로 인식하고 있습니다.\n기존 대여자와 실질적으로 다른 조건으로 채무상품을 교환한 경우에 기존 금융부채는 소멸하고 새로운 금융부채를 인식하는 것으로 회계처리합니다. 이와 마찬가지로 기존 금융부채(또는 금융부채의 일부)의 조건이 실질적으로 변경된 경우에도 기존 금융부채는 소멸하고 새로운 부채를 인식하는 것으로 회계처리합니다. 지급한 수수료에서 수취한 수수료를 차감한 수수료 순액을 포함한 새로운 조건에 따른 현금흐름을 최초 유효이자율로 할인한 현재가치가 기존 금융부채의 나머지 현금흐름의 현재가치와 적어도 10% 이상이라면 조건이 실질적으로 달라진 것으로 간주합니다. 조건변경이 실질적이지 않다면 조건변경 전 부채의 장부금액과 조건변경 후 현금흐름의 현재가치의 차이는 변경에 따른 손익으로 \'기타영업외손익\' 항목으로 인식합니다.라. 상계인식한 자산과 부채에 대해 법적으로 집행가능한 상계권리를 현재 보유하고 있고 순액으로 결제하거나, 자산을 회수하는 동시에 부채를 결제할 의도를 가지고 있는 경우에는 금융자산과 금융부채를 상계하고 재무상태표에 순액으로 표시하고 있습니다.\n5) 재고자산\n재고자산은 원가와 순실현가능가치 중 작은 금액으로 표시되고, 재고자산의 원가는 개별법에 따라 결정됩니다.\n6) 유형자산유형자산은 역사적원가에서 감가상각누계액과 손상차손누계액을 차감하여 표시됩니다. 역사적원가는 자산의 취득에 직접적으로 관련된 지출을 포함합니다\n토지를 제외한 자산은 취득원가에서 잔존가치를 제외하고, 다음의 추정 경제적 내용연수에 걸쳐 정액법으로 상각됩니다.\xa0\n과\xa0 \xa0\xa0 목\n추정 내용연수\n기계장치\xa0\n10년\n비품\xa0\n3~5년\n유형자산의 감가상각방법과 잔존가치 및 경제적 내용연수는 매 회계연도 말에 재검토되고 필요한 경우 추정의 변경으로 회계처리 됩니다.\n7) 차입원가 \n적격자산을 취득 또는 건설하는데 발생한 차입원가는 해당 자산을 의도된 용도로 사용할 수 있도록 준비하는 기간 동안 자본화되고, 적격자산을 취득하기 위한 특정목적차입금의 일시적 운용에서 발생한 투자수익은 당 회계기간 동안의 자본화 가능 차입원가에서 차감됩니다. 기타 차입원가는 발생기간에 비용으로 인식됩니다.\n8) 투자부동산임대수익이나 투자차익을 목적으로 보유하고 있는 부동산은 투자부동산으로 분류됩니다. 투자부동산은 최초 인식시점에 원가로 측정되며, 최초 인식 후에는 원가에서 감가상각누계액과 손상차손누계액을 차감한 금액으로 표시됩니다. 투자부동산 중 토지를 제외한 투자부동산은 추정 경제적 내용연수 10~40년동안 정액법으로 상각됩니다.9) 무형자산 \n영업권은 이전대가, 피취득자에 대한 비지배지분의 금액과 취득자가 이전에 보유하고 있던 피취득자에 대한 지분의 취득일의 공정가치 합계액이 취득한 식별가능한 순자산을 초과하는 금액으로 인식됩니다. 이전대가 등이 취득한 종속기업 순자산의 공정가액보다 작다면, 그 차액은 당기손익으로 인식합니다.\n영업권을 제외한 무형자산은 역사적 원가로 최초 인식되고, 원가에서 상각누계액과 손상차손누계액을 차감한 금액으로 표시됩니다. 내부적으로 창출한 무형자산인 소프트웨어 개발비는 기술적 실현가능성, 미래경제적효익 등을 포함한 자산 인식요건이 충족된 시점 이후에 발생한 지출금액의 합계입니다. 회원권은 이용 가능 기간에 대하여 예측가능한 제한이 없으므로 내용연수가 한정되지 않아 상각되지 않습니다. 한정된 내용연수를 가지는 다음의 무형자산은 추정내용연수동안 정액법으로 상각됩니다.\xa0\xa0\n과\xa0 \xa0\xa0 목\xa0\xa0\n추정 내용연수\xa0\xa0\n소프트웨어\xa0\n5년\n개발비\n5년\n10) 비금융자산의 손상 \n영업권이나 내용연수가 비한정인 무형자산에 대하여는 매년, 상각대상 자산에 대하여는 자산손상을 시사하는 징후가 있을 때 손상검사를 수행하고 있습니다. 손상차손은 회수가능액(사용가치 또는 처분부대원가를 차감한 공정가치 중 높은 금액)을 초과하는 장부금액만큼 인식되고 영업권 이외의 비금융자산에 대한 손상차손은 매 보고기간말에 환입가능성이 검토됩니다. 11) 충당부채 \n과거사건의 결과로 현재의 법적의무나 의제의무가 존재하고, 그 의무를 이행하기 위한 자원의 유출가능성이 높으며, 당해 금액의 신뢰성 있는 추정이 가능한 경우 회사는 충당부채를 인식하고 있습니다. 미래영업손실에 대하여는 충당부채를 인식하지 않습니다.\n12) 당기법인세 및 이연법인세 \n법인세비용은 당기법인세와 이연법인세로 구성됩니다. 법인세는 기타포괄손익이나 자본에 직접 인식된 항목과 관련된 금액은 해당 항목에서 직접 인식하며, 이를 제외하고는 당기손익으로 인식됩니다. 법인세비용은 보고기간말 현재 제정되었거나 실질적으로 제정된 세법에 기초하여 측정됩니다.\n이연법인세는 자산과 부채의 장부금액과 세무기준액의 차이로 정의되는 일시적 차이에 대하여 장부금액을 회수하거나 결제할 때의 예상 법인세효과로 인식됩니다. 다만,사업결합 이외의 거래에서 자산ㆍ부채를 최초로 인식할 때 발생하는 이연법인세자산과 부채는 그 거래가 회계이익이나 과세소득에 영향을 미치지 않는다면 인식되지 않습니다. 이연법인세자산은 차감할 일시적차이가 사용될 수 있는 미래 과세소득의 발생가능성이 높은 경우에 인식됩니다.종속기업, 관계기업 및 공동기업 투자지분과 관련된 가산할 일시적차이에 대하여 소멸시점을 통제할 수 있고 예측가능한 미래에 일시적차이가 소멸하지 않을 가능성이 높은 경우를 제외하고 이연법인세부채를 인식하고 있습니다. 또한 이러한 자산으로부터 발생하는 차감할 일시적차이에 대하여 일시적차이가 예측가능한 미래에 소멸할가능성이 높고 일시적차이가 사용될 수 있는 과세소득이 발생할 가능성이 높은 경우에만 이연법인세자산을 인식하고 있습니다.이연법인세자산과 부채는 당기법인세자산과 당기법인세부채를 상계할 수 있는 법적으로 집행가능한 권리를 회사가 보유하고, 이연법인세자산과 부채가 동일한 과세당국에 의해서 부과되는 법인세와 관련이 있으면서 순액으로 결제할 의도가 있는 경우에 상계됩니다.13) 퇴직급여 \n회사는 확정급여제도를 운영하고 있습니다. 일반적으로 확정급여제도는 연령, 근속연수나 급여수준 등의 요소에 의하여 종업원이 퇴직할 때 지급받을 퇴직연금급여의 금액이 확정됩니다. 확정급여제도와 관련하여 재무상태표에 계상된 부채는 보고기간말 현재 확정급여채무의 현재가치에서 사외적립자산의 공정가치를 차감한 금액입니다. 확정급여채무는 매년 독립된 보험계리인에 의해 예측단위적립방식에 따라 산정되며, 확정급여채무의 현재가치는 그 지급시점과 만기가 유사한 우량회사채의 이자율로 기대미래현금유출액을 할인하여 산정됩니다. 한편, 순확정급여부채와 관련한 재측정요소는 기타포괄손익으로 인식됩니다.제도개정, 축소 또는 정산이 발생하는 경우에는 과거근무원가 또는 정산으로 인한 손익은 당기손익으로 인식됩니다.\n14) 수익인식\n회사는 2018년 1월 1일부터 기준서 제1115호 \'고객과의 계약에서 생기는 수익\'을 적용하였습니다. 제1115호에 따르면 모든 유형의 계약에 5단계 수익인식모형(① 계약 식별 → ② 수행의무 식별 → ③ 거래가격 산정 → ④ 거래가격을 수행의무에 배분 →⑤ 수행의무 이행 시 수익 인식)을 적용하여 수익을 인식합니다.\n회사는 시스템통합 및 아웃소싱 서비스 그리고 유통업을\xa0 영위하고 있습니다. 고객과의 계약에서 회사는 재화나 용역의 통제가 고객에 이전되었을 때, 해당 재화나 용역의 대가로 받을 권리를 갖게 될 것으로 예상하는 대가를 반영하는 금액으로 수익을 인식합니다. 회사는 고객과의 계약에서 재화나 용역을 고객에게 제공하기 전에 정해진 각 재화나 용역을 통제하므로 본인으로 결론 내렸습니다.가. 기간에 걸쳐 이행하는 수행의무회사는 시스템 도급공사계약에 따라 고객에게 용역을 제공하고 제품을 납품하고 설치를 수행하고 있습니다. 기업회계기준서 제1115호에 따르면 기업이 수행하여 만들어지거나 가치가 높아지는 대로 고객이 통제하는 자산을 기업이 만들거나 그 자산가치를 높이는 경우 진행기준을 적용하여 수익을 인식하여야 합니다. 이에 따라 시스템용역의 경우 용역 수행 경과에 따른 결과물을 고객이 직접 통제하기 때문에 진행기준을 적용하여 수익을 인식합니다.회사는 시스템 구축용역 등에 대하여 의무수행기간에 걸쳐 통제가 이전되는 용역으로 판단하여 투입법을 적용하여 수행의무기간에 걸쳐 수익을 인식하고 있습니다. 다만, 진행률 산정시 HW구입원가 및 직접경비 발생액을 발생원가 측정치와 거래원가에서 제외하여 조정하고 있습니다. 발생원가가 기업이 수행의무를 이행할 때 그 진척도에 비례하지 않는 경우, 이 상황에서 기업의 수행정도를 나타내는 최선의 방법은 발생원가의 범위까지만 수익을 인식하도록 조정하고 있습니다.한편 건설계약의 결과를 신뢰성 있게 추정할 수 없는 경우에 회사는 회수가능성이 매우 높은 발생한 계약원가의 범위 내에서만 수익을 인식하고 있습니다.용역계약에서 총계약원가가 총계약수익을 초과할 가능성이 높은 경우 예상되는 손실을 즉시 비용으로 인식합니다.누적발생원가에 인식한 이익을 가산한 금액이 진행청구액을 초과하는 금액은 계약자산으로 표시하고 있으며, 진행청구액이 누적발생원가에 인식한 이익을 가산한 금액을 초과하는 금액은 계약부채로 표시하고 있습니다. 관련 공사가 수행되기 전에 수취한 금액은 재무상태표상 선수금으로 인식하고 있습니다. 수행한 공사에 대하여 발주자에게 청구하였지만 아직 수취하지 못한 금액은 재무상태표상 매출채권에 포함되어있습니다.\n나. 변동대가회사는 받을 권리를 갖게 될 대가를 더 잘 예측할 것으로 예상하는 기댓값 방법을 사용하여 변동 대가를 추정하고, 반품기한이 경과할 때 이미 인식한 누적 수익금액 중 유의적인 부분을 되돌리지 않을 가능성이 매우 높은 금액까지만 변동대가를 거래가격에 포함하여 수익을 인식합니다. 기업이 받았거나 받을 대가 중에서 권리를 갖게 될 것으로 예상하지 않는 금액은 환불부채로 인식하고, 고객이 반품 권리를 행사할 때 고객으로부터 제품을 회수할 권리를 가지므로 그 자산을 환불자산으로 인식하고 해당 금액만큼 매출원가를 조정합니다. 제품을 회수할 권리는 제품의 과거 장부금액에서 제품을 회수하는데 드는 원가를 차감하여 측정합니다.다. 판매보증에 포함된 별도의 수행의무회사는 약속한 보증이 합의된 규격에 부합한다는 확신보증으로 판단하여 관련한 하자보수충당부채를 용역별로 진행률에 비례하여 인식하고 있습니다. 고객이 보증을 별도로 구매할 수 있는 선택권이 있다면(예: 보증에 대하여 별도로 가격을 정하거나 협상하기 때문), 그 보증은 구별되는 용역이다. 이 상황에서는 약속한 보증을 수행의무로 회계처리하고, 그 수행의무에 거래가격의 일부를 배분합니다. 다만, 고객에게 보증을 별도로 구매할 수 있는 선택권이 없는 경우에는, 약속한 보증(또는 그 일부)이합의된 규격에 제품이 부합한다는 확신에 더하여 고객에게 용역을 제공하는 것이 아니라면, 이 보증을 기업회계기준서 제1037호 \'충당부채, 우발부채, 우발자산’에 따라 회계처리 하고 있습니다.\xa0\n15) 리스회사는 계약에서 대가와 교환하여, 식별되는 자산의 사용 통제권을 일정기간 이전하게 하는지를 고려하여 계약의 약정시점에, 계약자체가 리스인지, 계약이 리스를 포함하는지를 판단합니다리스이용자로서의 기업회사는 단기리스와 소액 기초자산 리스를 제외한 모든 리스에 대하여 하나의 인식과측정 접근법을 적용합니다. 회사는 리스료 지급의무를 나타내는 리스부채와 기초자산의 사용권을 나타내는 사용권자산을 인식합니다.가. 사용권자산\n회사는 리스개시일(즉, 기초자산이 사용가능한 시점)에 사용권자산을 인식합니다. 사용권자산은 원가로 측정하고, 후속 측정 시 원가모형을 적용하였습니다. 원가모형을 적용하기 위하여 감가상각누계액과 손상차손누계액을 차감하고, 리스부채의 재측정에 따른\xa0 조정을 반영합니다. 사용권자산의 원가는 인식된 리스부채 금액, 최초 직접원가, 그리고 받은 리스 인센티브를 차감한 리스개시일이나 그 전에 지급한 리스료를포함합니다. 사용권자산은 리스기간과 다음과 같은 자산의 추정된 내용연수 중 짧은 기간에 걸쳐 정액기준으로 감가상각됩니다.\n구분\n내용연수\n부동산\xa0\n1~5년\n차량운반구\n2~3년\n리스기간 종료시점에 회사에 기초자산의 소유권이 이전되는 경우나 사용권자산의 원가에 회사가 매수선택권을 행사할 것임이 반영되는 경우, 감가상각은 자산의 기초자산의 추정된 내용연수를 사용하여 계산됩니다.사용권자산도 손상의 대상이 되며 주석 2. (2). 10) 비금융자산의 손상에 대한 회계정책에서 설명하였습니다.나. 리스부채\n리스 개시일에, 회사는 리스기간에 걸쳐 지급될 리스료의 현재가치로 리스부채를 측정합니다. 리스료는 고정리스료(실질적인 고정리스료를 포함하고, 받을 리스 인센티브는 차감), 지수나 요율에 따라 달라지는 변동리스료 및 잔존가치보증에 따라 지급될 것으로 예상되는 금액으로 구성됩니다. 리스료는 또한 회사가 매수선택권을 행사할 것이 상당히 확실한 경우에 그 매수선택권의 행사가격과 리스기간이 회사의 종료선택권 행사를 반영하는 경우에 그 리스를 종료하기 위하여 부담하는 금액을 포함합니다.\n지수나 요율에 따라 달라지는 변동리스료가 아닌 변동리스료는 (재고자산을 생산하는데 발생된 것이 아니라면) 리스료 발생을 유발하는 사건 또는 조건이 발생한 기간의 비용으로 인식합니다.\n회사는 리스료의 현재가치를 계산할 때, 리스의 내재이자율을 쉽게 산정할 수 없기 때문에 리스개시일의 증분차입이자율을 사용합니다. 리스개시일 이후 리스부채 금액은 이자를 반영하여 증가하고 지급한 리스료를 반영하여 감소합니다. 또한, 리스부채의 장부금액은 리스기간의 변경, 리스료의 변경(예를 들어, 리스료를 산정할 때 사용한 지수나 요율의 변동으로 생기는 미래 리스료의 변동) 또는 기초자산을 매수하는 선택권 평가에 변동이 있는 경우 재측정됩니다.\n\xa0\n회사의 리스부채는 이자부 차입금에 포함됩니다.\n다.\xa0 단기리스와 소액 기초자산 리스\n회사는 부동산과 차량운반구의 리스에 단기리스(즉, 이러한 리스는 리스기간이 리스개시일로부터 12개월 이하이고 매수선택권을 포함하지 않음)에 대한 인식 면제 규정을 적용합니다. 또한 회사는 소액자산으로 간주되는 사무용품의 리스에 소액자산 리스에 대한 인식 면제 규정을 적용합니다. 단기리스와 소액자산 리스에 대한 리스료는리스기간에 걸쳐 정액기준으로 비용으로 인식합니다.\n회사는 기초자산의 소유에 따른 위험과 보상의 대부분을 이전하지 않는 리스를 운용리스로 분류합니다. 리스료 수익은 리스기간에 걸쳐 정액 기준으로 인식하며, 영업 성격에 따라 손익계산서에서 매출에 포함됩니다. 운용리스 체결과정에서 부담하는 리스개설 직접원가를 기초자산의 장부금액에 더하고 리스료 수익과 같은 기준으로 리스기간에 걸쳐 비용으로 인식합니다. 조건부 임대료는 임대료를 수취하는 시점에 수익으로 인식합니다.\n3. 중요한 판단과 추정불확실성의 주요 원천\n회사는 미래에 대하여 추정 및 가정을 하고 있습니다. 추정 및 가정은 지속적으로 평가되며, 과거 경험과 현재의 상황에서 합리적으로 예측가능한 미래의 사건을 고려하여 이루어집니다. 이러한 회계추정은 실제 결과와 다를 수도 있습니다. 다음 회계연도에 자산 및 부채 장부금액에 조정을 미칠 수 있는 유의적 위험에 대한 추정 및 가정은 다음과 같습니다.(1) 금융자산의 공정가치장기투자증권 및 파생금융상품 등은 최초인식 이후 공정가치로 측정하며, 공정가치 변동에 따른 평가손익을 당기손익 또는 기타포괄손익누계액으로 반영하고 있습니다.공정가치 측정 시 활성시장에서 공시되는 시장가격이 있는 경우에는 그 시장가격을 공정가치로 적용하나, 그러한 시장가격이 없는 경우에는 미래기대현금흐름과 할인율에 대한 경영자의 판단을 요구하는 평가기법을 이용하여 공정가치를 추정하고 있습니다.(2) 매출채권, 대여금 및 기타채권에 대한 손실충당금의 설정기대신용손실을 측정할 때 회사는 합리적이고 뒷받침할 수 있는 미래전망정보를 이용하며, 그러한 정보는 서로 다른 경제적 변수의 미래 변동 및 그러한 변수들이 상호 어떻게 영향을 미치는지에 대한 가정에 기초합니다. 채무불이행시 손실률은 채무불이행이 발생했을 때의 손실액에 대한 추정치입니다. 이는 계약상 현금흐름과 채권자가 수취할 것으로 예상하는 현금흐름의 차이에 기초하며, 담보와 신용보강에 따른 현금흐름을 고려합니다. 채무불이행 발생확률은 기대신용손실을 측정하기 위한 주요투입변수를 구성합니다.채무불이행 발생확률은 대상기간에 걸친 채무불이행의 발생가능성에 대한 추정치이며, 과거정보 및 미래상황에 대한 가정과 기대를 포함합니다.(3) 영업권의 손상차손영업권의 손상여부를 검토하기 위한 현금창출단위의 회수가능금액은 사용가치의 계산에 기초하여 결정됩니다.\n(4) 영업권을 제외한 유ㆍ무형자산의 자산손상영업권을 제외한 유ㆍ무형자산은 자산손상을 시사하는 징후가 있는 경우에는 회수가능가액을 추정하여 손상차손금액을 결정하고 있으며, 회수가능가액은 개별 자산 또는 현금창출단위의 순공정가치와 사용가치 중 큰 금액으로 측정합니다. 순공정가치는 활성시장에서 공시되는 시장가격이 있는 경우에는 그 시장가격을 공정가치로 적용하나, 그러한 시장가격이 없는 경우에는 시장참여자 사이에 이루어지는 자산을 매도하는 정상거래가 일어나는 경우의 가격을 추정하여 측정하고 있습니다. 사용가치는 미래기대현금흐름과 현재가치를 계산하기 위한 적절한 할인율을 결정해야 하며, 이러한 추정에 경영진의 판단이 중요한 역할을 하게 됩니다(5) 총계약수익 추정치의 불확실성\n총계약수익은 최초에 합의한 계약금액을 기준으로 측정하지만, 계약을 수행하는 과정에서 계약조건의 변경에 따라 증가하거나 감소될 수 있으므로 계약수익의 측정은 미래사건의 결과와 관련된 다양한 불확실성에 영향을 받습니다. 회사는 고객이 계약조건의 변경 등으로 인한 수익금액의 변동을 승인할 가능성이 높거나 회사가 성과기준을 충족할 가능성이 높고, 금액을 신뢰성 있게 측정할 수 있는 경우에 계약수익에 포함합니다.\n(6) 추정총계약원가\n공사수익금액은 누적발생계약원가를 기준으로 측정하는 진행률의 영향을 받으며, 총계약원가는 재료비, 노무비, 프로젝트기간 등의 미래 예상치에 근거하여 추정합니다.회사는 추정 총계약원가에 유의적인 변동이 있는 지를 주기적으로 검토하고 보고기간 말 현재의 진행률 산정할 때에 그 변동사항을 반영하고 있습니다.\n(7) 법인세회사의 과세소득에 대한 법인세는 다양한 국가의 세법 및 과세당국의 결정을 적용하여 산정되므로 최종 세효과를 산정하는 데에는 불확실성이 존재합니다.(8) 충당부채회사는 보고기간말 현재 주석 25에서 설명하는 바와 같이 하자보수 및 고객마일리지와 관련한 충당부채를 계상하고 있습니다. 이러한 충당부채는 과거 경험에 기초한 추정에 근거하여 결정됩니다.\n(9) 순확정급여부채순확정급여부채의 현재가치는 보험수리적방식에 의해 결정되는 다양한 요소들 특히 할인율의 변동에 영향을 받습니다.(10) COVID-19의 영향2020년도 중 COVID-19의 확산은 국내외 경제에 중대한 영향을 미치고 있습니다. 이는 생산성 저하와 매출의 감소나 지연, 기존 채권의 회수 등에 부정적인 영향을 미칠 수 있으며 이로 인해 회사의 재무상태와 재무성과에도 부정적인 영향이 발생할 수있습니다. 재무제표 작성시 사용된 중요한 회계추정 및 가정은 COVID-19에 따른 불확실성의 변동에 따라 조정될 수 있으며, COVID-19로 인하여 회사의 사업, 재무상태 및 경영성과 등에 미칠 궁극적인 영향은 현재 예측할 수 없습니다.\n4. 재무위험관리\xa0(1) 재무위험관리요소\n회사는 여러 활동으로 인하여 시장위험(환위험, 공정가치 이자율 위험, 현금흐름 이자율 위험 및 가격위험), 신용위험 및 유동성 위험과 같은 다양한 금융 위험에 노출되어 있습니다. 회사의 전반적인\xa0위험관리정책은\xa0금융시장의 예측불가능성에 초점을 맞추고 있으며 재무성과에 잠재적으로 불리할 수 있는 효과를 최소화하는데 중점을 두고 있습니다.\xa0\n\xa0\n위험관리는 이사회에서 승인한 정책에 따라 중앙 자금부서(회사 경영관리팀 및 재무팀)에 의해 이루어지고 있습니다.\n1) 시장위험 \n- 외환위험\xa0회사는 영업활동과 관련하여 외환위험, 특히 주로 미국 달러화와 관련된 환율변동위험에 노출되어 있으나 주된 영업활동이 국내에서 이루어지므로 노출된 위험의 수준이 높지 않으며, 투지적 외환거래는 금지되어 있습니다. 다만,\xa0당기말 현재 투자활동에서 EUR/USD에 환위험이 노출되어 있으며 환율이 1% 변동하는 경우 기타포괄손익에 미치는 영향은 175,645천원입니다.\n- 가격위험\xa0\xa0회사는 시장가격의 변동으로 인하여 금융상품의 공정가치나 미래현금흐름이 변동할위험이 있습니다. 당기말 현재 회사의 기타포괄손익-공정가치금융자산 지분상품 중 상장지분상품 7,778,001천원이 가격변동위험에 노출되어 있으며, 당기말 현재 해당 주식의 주가가 10% 변동 시 상장지분상품의 가격변동이 기타포괄손익(기타포괄손익-공정가치평가손익)에 미치는 영향은 777,800천원입니다.\xa0 이 분석은 다른 변수들은 일정하며 공정가치가 일정하게 10% 상승하는 경우를 가정하여 분석한 것입니다.\n- 이자율 위험회사의 이자율 위험은 변동이자부 차입금에서 비롯됩니다. 당기말 및 전기말 현재 회사는 변동이자부 차입금이 없습니다.\n2)\xa0신용위험신용위험은 회사의 통상적인 거래 및 투자활동에서 발생하며 고객 또는 거래상대방이 계약조건상 의무사항을 지키지 못하였을 때 발생합니다. 이러한 신용위험을 관리하기 위하여 회사는 주기적으로 고객과 거래상대방의 재무상태와 과거 경험 및 기타 요소들을 고려하여 재무신용도를 평가하고 있으며 고객과 거래상대방 각각에 대한 신용한도를 설정하고 있습니다.회사는 대손위험 채권에 대하여 보고기간 말에 개별적으로 손상여부를 검토하고 있습니다.신용위험은 현금 및 현금성자산, 각종 예금 등과 같은 금융기관과의 거래에서도 발생할 수 있습니다. 이러한 위험을 줄이기 위해, 회사는 신용도가 높은 금융기관들에 대해서만 거래를 하고 있습니다.\n회사의 대손위험에 대한 최대 노출정도는 각 종류별 장부가액이며 당기말과 전기말 현재 신용위험에 대한 최대 노출정도는 다음과 같습니다.\n(단위:천원)\n구\xa0 \xa0\xa0 분\n당기말\n전기말\n현금및현금성자산\n1,115,360\n7,446,913\n기타금융자산(유동)\n-\n1,661,549\n매출채권 및 기타채권(유동)\n2,959,922\n4,214,392\n기타금융자산(비유동)\n10,500\n315,668\n매출채권 및 기타채권(비유동)\n4,758,375\n8,052,832\n합계\n8,844,157\n21,691,354\n3) 유동성 위험회사는 매월 향후 3개월\xa0자금수지계획을 수립함으로써\xa0영업활동,\xa0투자활동, 재무활동에서의 자금수지를 미리 예측하고 있으며, 이를 통해 필요 유동성 규모를 사전에 확보하고 유지하여 향후에 발생할 수 있는 유동성리스크를 사전에 관리하고 있습니다.\xa0유동성에 대한 예측 시에는 회사의 자금조달 계획, 약정 준수, 회사 내부의 목표재무비율 및 통화에 대한 제한과 같은 외부 법규나 법률 요구사항이 있는 경우 그러한 요구사항을 고려하고 있습니다.당기말 현재 회사는 유동성위험을 관리할 수 있도록 즉시 출금이 가능한\xa0현금및현금성자산으로\xa01,115백만원(전기말:7,447백만원)을 보유하고 있습니다.당기말과\xa0전기말 현재 회사의 유동성 위험 분석내역은 다음과 같습니다.\xa0(당기말)\n(단위:천원)\n구\xa0 \xa0\xa0 분\n3개월 미만\n3개월에서1년 이하\n1년에서2년 이하\n2년에서5년 이하\n합\xa0 계\n매입채무 및 기타채무\n1,529,489\n2,746,206\n-\n-\n4,275,695\n차입금\n-\n29,393,605\n-\n-\n29,393,605\n리스부채\n59,202\n183,515\n82,114\n97,062\n421,893\n회생채무\n67,600\n9,385\n9,385\n-\n86,370\n전환사채\n-\n787,277\n-\n-\n787,277\n파생상품부채\n-\n2,005,836\n-\n-\n2,005,836\n합 계\n1,656,291\n35,125,824\n91,499\n97,062\n36,970,676\n(전기말)\n(단위:천원)\n구\xa0 \xa0\xa0 분\n3개월 미만\n3개월에서 1년 이하\n1년에서 2년 이하\n2년에서 5년 이하\n합\xa0 계\n매입채무 및 기타채무\n6,682,629\n-\n-\n-\n6,682,629\n차입금\n-\n30,646,008\n-\n-\n30,646,008\n리스부채\n60,383\n44,065\n26,918\n-\n131,366\n회생채무\n69,578\n260,763\n9,385\n9,385\n349,111\n전환사채\n-\n9,273,366\n-\n-\n9,273,366\n파생상품부채\n-\n1,462,886\n-\n-\n1,462,886\n합 계\n6,812,590\n41,687,088\n36,303\n9,385\n48,545,366\n(2) 자본위험관리\xa0\n회사의 자본관리 목적은 계속기업으로서 주주 및 이해당사자들에게 이익을 지속적으로 제공할 수 있는 능력을 보호하고 자본비용을 절감하기 위해 최적 자본구조를 유지하는 것입니다.\n회사는 최적 자본구조 달성을 위해 자본조달비율 등의 재무비율을 매월 모니터링하여 필요할 경우 적절한 재무구조 개선방안을 실행하고 있습니다.\xa0\n회사는 자본관리지표로 자본조달비율을 이용하고 있습니다. 이 비율은 총부채를 총자본으로 나누어 산출하고 있으며 총부채 및 총자본은 재무제표의 공시된 숫자로 계산합니다.\n당기말 및 전기말 현재 자본조달비율은 다음과 같습니다.\n(단위:천원)\n구\xa0 \xa0\xa0 분\n당기말\n전기말\n부채총계\n37,324,816\n57,113,234\n차감: 현금 및 현금성자산\n(1,115,360)\n(7,446,913)\n순차입금(A)\n36,209,456\n49,666,321\n자본총계(B)\n23,048,600\n39,533,565\n총자본(B+A=C)\n59,258,056\n89,199,886\n자본조달비율(A/C)\n61.10%\n55.68%\n5. 공정가치\xa0아래 표는 평가기법에 따라 공정가치로 측정되는 금융상품을 분석합니다. 정의된 수준들은 다음과 같습니다.\n- 동일한 자산이나 부채에 대한 활성시장의 (조정되지 않은) 공시가격(수준 1)\n- 직접적으로(예: 가격) 또는 간접적으로(예: 가격에서 도출되어) 관측가능한, 자산이나 부채에 대한 투입변수. 단 수준 1에 포함된 공시가격은 제외함(수준 2)\n- 관측가능한 시장자료에 기초하지 않은, 자산이나 부채에 대한 투입변수(관측가능하지 않은 투입변수) (수준 3)\n활성시장에서 거래되는 금융상품의 공정가치는 보고기간 말 현재 고시되는 시장가격에 기초하여 산정됩니다. 거래소, 판매자, 중개인, 산업집단, 평가기관 또는 감독기관을 통해 공시가격이 용이하게 그리고 정기적으로 이용가능하고, 그러한 가격이 독립된 당사자 사이에서 정기적으로 발생한 실제 시장거래를 나타낸다면, 이를 활성시장으로 간주합니다.활성시장에서 거래되지 아니하는 금융상품(예: 장외파생상품)의 공정가치는 평가기법을 사용하여 결정하고 있습니다. 이러한 평가기법은 가능한 한 관측가능한 시장정보를 최대한 사용하고 기업특유정보를 최소한으로 사용합니다. 이때, 해당 상품의 공정가치 측정에 요구되는 모든 유의적인 투입변수가 관측가능하다면 해당 상품은 수준 2에 포함됩니다.만약 하나 이상의 유의적인 투입변수가 관측가능한 시장정보에 기초한 것이 아니라면 해당 상품은 수준 3에 포함됩니다.\n금융상품의 공정가치를 측정하는 데에 사용되는 평가기법에는 다음이 포함됩니다.\n- 유사한 상품의 공시시장가격 또는 딜러가격\n- 나머지 금융상품에 대해서는 현금흐름의 할인기법 등의 기타 기법 사용-\xa0합리적인 평가모형에 따라 산출된 공정가치\n(1) 공정가치로 측정된 금융상품 현황\xa0\xa0\xa0당기말 및 전기말 현재 공정가치로 측정된 금융상품 현황은 다음과 같습니다.\n(단위:천원)\n구 분\n수준 1\xa0\n수준 2\xa0\n수준 3\xa0\n합계\xa0\n<당기말>\n\xa0 기타포괄손익_공정가치금융자산\n7,778,001\n6,439,024\n-\n14,217,025\n\xa0 파생상품부채\n-\n-\n2,005,836\n2,005,836\n<전기말>\n\xa0 기타포괄손익_공정가치금융자산\xa0\n8,570,900\n16,681,206\n-\n25,252,106\n\xa0 파생상품부채\n-\n-\n1,462,886\n1,462,886\n한편, 회사는 수준 간의 이동을 가져오는 사건이나 상황의 변동이 발생하는 시점에 수준 간의 이동을 인식하고 있으며, 당기 중 수준 1, 수준 2 및 수준 3 간의 유의적인 이동은 없습니다.\n(2) 당기 중 상기 수준 3으로 분류되는 금융상품의 장부금액 변동은 다음과 같습니다.\n(단위:천원)\n금융상품 범주\n기초\n증가\n감소\n평가\n당기말\n파생상품부채\n1,462,886\n4,037,174\n(5,142,826)\n1,648,602\n2,005,836\n(3) 수준 3으로 분류되는 금융상품 공정가치측정치에 사용된 가치평가기법과 투입변수에 대한 설명1) 전환채무증권전환채무증권의 공정가치는 전환권이 포함되지 않은 일반사채요소의 공정가치와 내재파생상품(매입콜옵션)인 전환권의 공정가치를 합산하여 측정하였습니다. 전환권이포함되지 않은 일반사채요소의 공정가치는 전환사채 발행자와 유사한 신용도를 가진기업에 적용되는 시장이자율을 적용하여 사채의 미래현금흐름을 할인하여 측정하였으며, 전환권의 공정가치는 옵션가격결정모형을 사용하여 측정하였습니다. 전환권의공정가치를 측정하기 위해 사용되는 유의적인 투입변수인 주가변동성은 과거 주가변동에 기초하여 추정하였습니다. 회사는 전환권의 공정가치가 전환채무증권 전체의 공정가치에서 차지하는 비중이 유의적인 것으로 판단하여 전환채무증권 전체의 공정가치측정치를 공정가치 서열체계상 수준 3으로 분류하였습니다.\n(4) 공정가치로 측정되지는 않으나 공정가치가 공시되는 자산과 부채당기말 및 전기말 현재 공정가치로 측정되지는 않으나 공정가치가 공시되는 자산과 부채의 공정가치 서열체계에 따른 수준별 현황은 다음과 같습니다.\n(단위:천원)\n구 분\n수준 1\xa0\n수준 2\xa0\n수준 3\xa0\n합계\xa0\n당기말\n\xa0\xa0 리스부채\n-\n-\n421,893\n421,893\n전기말\n\xa0\xa0 리스부채\n-\n-\n131,366\n131,366\n상기 금융부채에 대하여 현금흐름할인모형의 평가기법 그리고 할인율 및 환율의 투입변수가 적용되었습니다.\xa0\n6. 범주별 금융상품\xa0(1)\xa0보고기간말 현재\xa0금융상품 범주별 장부금액의 내역은 다음과 같습니다.(당기말)\n(단위:천원)\n금융자산\n상각후원가측정 금융자산\n기타포괄손익- 공정가치측정 금융자산\n장부금액\n공정가치\n유동\n\xa0\xa0 현금성자산\n1,115,360\n-\n1,115,360\n1,115,360\n\xa0\xa0 매출채권 및 기타채권\n2,959,922\n-\n2,959,922\n2,959,922\n비유동\n\xa0\xa0 기타금융자산\n10,500\n-\n10,500\n10,500\n\xa0\xa0 매출채권 및 기타채권\n4,758,375\n-\n4,758,375\n4,758,375\n\xa0\xa0 기타포괄손익-공정가치금융자산\n-\n14,217,025\n14,217,025\n14,217,025\n합 계\n8,844,157\n14,217,025\n23,061,182\n23,061,182\n(단위:천원)\n(단위: 천원)\n금융부채\n\xa0당기손익인식금융부채\xa0\n\xa0상각후원가측정금융부채\xa0\n\xa0합계\n유동\n\xa0\xa0 매입채무 및 기타채무\n-\n4,275,695\n4,275,695\n\xa0\xa0 유동성장기차입금\n-\n29,393,605\n29,393,605\n\xa0\xa0 리스부채\n-\n242,716\n242,716\n\xa0\xa0 파생상품부채\n2,005,836\n-\n2,005,836\n\xa0\xa0 회생채무\n-\n76,985\n76,985\n\xa0\xa0 전환사채\n-\n787,277\n787,277\n소계\n2,005,836\n34,776,278\n36,782,114\n비유동\n\xa0\xa0 리스부채\n-\n179,176\n179,176\n\xa0\xa0 회생채무\n-\n9,385\n9,385\n소계\n-\n188,561\n188,561\n합 계\n2,005,836\n34,964,839\n36,970,675\n(전기말)\n(단위:천원)\n금융자산\n상각후원가측정 금융자산\n기타포괄손익- 공정가치측정 금융자산\n장부금액\n공정가치\n유동\n\xa0\xa0 현금성자산\n7,446,913\n-\n7,446,913\n7,446,913\n\xa0\xa0 기타금융자산\n1,661,549\n-\n1,661,549\n1,661,549\n\xa0\xa0 매출채권 및 기타채권\n4,214,392\n-\n4,214,392\n4,214,392\n비유동\n\xa0\xa0 기타금융자산\n315,668\n-\n315,668\n315,668\n\xa0\xa0 매출채권 및 기타채권\n8,052,832\n-\n8,052,832\n8,052,832\n\xa0\xa0 기타포괄손익-공정가치금융자산\n-\n25,252,106\n25,252,106\n25,252,106\n\xa0합 계\xa0\n21,691,354\n25,252,106\n46,943,460\n46,943,460\n(단위:천원)\n금융부채\n당기손익인식금융부채\n상각후원가측정금융부채\n합 계\n유동\n\xa0 매입채무 및 기타채무\n-\n6,682,629\n6,682,629\n\xa0 유동성장기차입금\n-\n30,646,008\n30,646,008\n\xa0 리스부채\n-\n104,448\n104,448\n\xa0 파생상품부채\n1,462,886\n-\n1,462,886\n\xa0 회생채무\n-\n349,111\n349,111\n\xa0 전환사채\n-\n9,273,366\n9,273,366\n비유동\n\xa0 리스부채\n-\n26,918\n26,918\n합 계\n1,462,886\n47,082,480\n48,545,366\n(2)\xa0보고기간 중\xa0금융상품 범주별 순손익의 내역은 다음과 같습니다.\n(단위:천원)\n구\xa0 \xa0\xa0 분\n당기\n전기\n대여금 및 수취채권\n\xa0\xa0 이자수익\n874,533\n459,435\n\xa0\xa0 외화환산손익\n(4,272)\n31,698\n\xa0\xa0 외환차손익\n(8,209)\n(417)\n\xa0\xa0 대손충당금환입(대손상각비)\n161,061\n-\n\xa0\xa0 기타의대손충당금환입\xa0\xa0 (기타의대손상각비)\n(5,168,959)\n-\n소계\n(4,145,846)\n490,716\n기타포괄손익-공정가치금융자산\n\xa0\xa0 이자수익\n10,138\n15,647\n\xa0\xa0 평가손익(기타포괄손익)\n(2,638,826)\n(54,943,657)\n\xa0\xa0 처분손익(기타포괄손익)\n(514,412)\n(19,668,150)\n\xa0\xa0 손상차손\n(4,358,474)\n-\n소계\n(7,501,574)\n(74,596,160)\n당기손익인식금융자산\n\xa0\xa0 처분손익\n-\n35,898\n\xa0\xa0 평가손익\n-\n(2,311,078)\n소계\n-\n(2,275,180)\n상각후원가로 측정하는 금융부채\n\xa0 이자비용\n(4,172,106)\n(12,891,067)\n\xa0 외화환산손익\n-\n(961,411)\n\xa0 외환차손익\n-\n(10,763)\n\xa0 사채처분손익\n(1,727,996)\n1,686,733\n\xa0 사채상환손익\n(396,165)\n366,200\n\xa0 사채전환손익\n(7,452,918)\n(6,465,819)\n소계\n(13,749,185)\n(18,276,127)\n공정가치로 측정하는 금융부채\n\xa0\xa0 파생상품평가이익(손실)\n(1,648,602)\n(1,741,394)\n소계\n(1,648,602)\n(1,741,394)\n7.\xa0현금및현금성자산\n보고기간말 현재 현금 및 현금성자산의 내역은 다음과 같습니다.\n(단위:천원)\n\xa0구\xa0 \xa0\xa0 분\xa0\n당기말\n전기말\n\xa0은행예금\n1,115,360\n7,446,913\n현금및현금성자산은 보통예금 및 취득일 현재 만기가 3개월 이내에 도래하는 정기예금을 포함하고 있습니다.\xa0\n8. 기타금융자산보고기간말 현재 기타금융자산의 내역은 다음과 같습니다.\n(단위:천원)\n구분\n내용\n금융기관명\n당기말\n전기말\n사용제한내용\n유동성기타금융자산\n정기예금\n농협\n-\n1,661,549\n질권설정(이행보증서 발급)\n소 계\n-\n1,661,549\n비유동성기타금융자산\n별단예금\n우리은행\n3,000\n3,000\n당좌개설보증금\n별단예금\nKEB하나은행\n3,000\n3,000\n당좌개설보증금\n별단예금\n신한은행\n2,500\n2,500\n당좌개설보증금\n별단예금\nKEB하나은행\n2,000\n2,000\n당좌개설보증금\n정기예금\n신한은행\n-\n305,168\n질권설정(예탁결제원 TOPS보증)\n소 계\n10,500\n315,668\n합 계\n10,500\n1,977,217\n(주) 기타금융자산 중 손상되거나 연체된 자산은 없습니다.\n9. 매출채권 및\xa0기타채권(1) 보고기간말 현재 매출채권 및 기타채권의 내역은 다음과 같습니다.\n(단위:천원)\n구\xa0 \xa0\xa0 분\n당기말\n전기말\n유동자산\n\xa0매출채권\n\xa0 매출채권(총액)\n2,714,602\n6,091,488\n\xa0 대손충당금\n(741,977)\n(3,711,794)\n\xa0 현재가치할인차금\n(16,448)\n(16,448)\n\xa0 매출채권(순액)\n1,956,177\n2,363,246\n\xa0미수금\n\xa0 미수금(총액)\n929,993\n1,720,967\n\xa0 대손충당금\n(817,964)\n(1,210,841)\n\xa0 미수금(순액)\n112,029\n510,126\n\xa0미수수익\n\xa0 미수수익(총액)\n67,724\n74,336\n\xa0 대손충당금\n(61,289)\n(57,203)\n\xa0 미수수익(순액)\n6,435\n17,133\n\xa0보증금\n\xa0 보증금(총액)\n684,208\n1,412,813\n\xa0 대손충당금\n(680,708)\n(670,708)\n\xa0 보증금(순액)\n3,500\n742,105\n\xa0일반대여금\n\xa0 일반대여금(총액)\n1,481,675\n1,148,541\n\xa0 대손충당금\n(594,178)\n(561,043)\n\xa0 현재가치할인차금\n(5,716)\n(5,717)\n\xa0 일반대여금(순액)\n881,781\n581,781\n유동자산 계\n2,959,922\n4,214,391\n비유동자산\n\xa0매출채권\n\xa0 매출채권(총액)\n4,028,145\n4,279,904\n\xa0 현재가치할인차금\n(652,841)\n(905,183)\n\xa0 매출채권(순액)\n3,375,304\n3,374,721\n\xa0보증금\n\xa0 보증금(총액)\n410,000\n3,705,242\n\xa0 대손충당금\n(200,000)\n(200,000)\n\xa0 보증금(순액)\n210,000\n3,505,242\n\xa0일반대여금\n\xa0 일반대여금(총액)\n4,963,219\n1,616,988\n\xa0 대손충당금\n(3,563,256)\n(129,527)\n\xa0 현재가치할인차금\n(226,892)\n(314,592)\n\xa0 일반대여금(순액)\n1,173,071\n1,172,869\n비유동자산 계\n4,758,375\n8,052,832\n매출채권 및 기타채권 합계\n7,718,297\n12,267,223\n(2)\xa0보고기간말\xa0현재 매출채권 및 기타채권의 연령분석 내역은 다음과 같습니다.\n(단위:천원)\n\xa0 구\xa0 \xa0\xa0 분\n당기말\n전기말\n매출채권\n기타채권\n합계\n매출채권\n기타채권\n합계\n연체되지 않은 채권\n\xa0 6월 이하\n1,720,866\n121,964\n1,842,830\n2,379,694\n6,036,505\n8,416,199\n\xa0 6월 초과 1년 이하\n899,457\n1,655,619\n2,555,076\n-\n279,520\n279,520\n\xa0 1년 초과 3년 이하\n3,465,291\n938,232\n4,403,523\n-\n-\n-\n\xa0 3년 초과\n307,055\n-\n307,055\n4,279,904\n1,616,988\n5,896,892\n소 계\n6,392,669\n2,715,815\n9,108,484\n6,659,598\n7,933,013\n14,592,611\n연체된 채권\n\xa0 6월 이하\n-\n-\n-\n-\n57,203\n57,203\n\xa0 6월 초과 1년 이하\n324,800\n69,527\n394,327\n3,286,449\n170,708\n3,457,157\n\xa0 1년 초과 3년 이하\n-\n4,933,513\n4,933,513\n400,067\n700,000\n1,100,067\n\xa0 3년 초과\n25,278\n817,964\n843,242\n25,278\n817,963\n843,241\n소 계\n350,078\n5,821,004\n6,171,082\n3,711,794\n1,745,874\n5,457,668\n명목가액 계\n6,742,747\n8,536,819\n15,279,566\n10,371,392\n9,678,887\n20,050,279\n대손충당금\n(741,977)\n(5,917,395)\n(6,659,372)\n(3,711,794)\n(2,829,322)\n(6,541,116)\n현재가치할인차금\n(669,289)\n(232,608)\n(901,897)\n(921,631)\n(320,309)\n(1,241,940)\n합 계\n5,331,481\n2,386,816\n7,718,297\n5,737,967\n6,529,256\n12,267,223\n(3) 보고기간 중 매출채권 및 기타채권의 대손충당금의 변동내역은 다음과 같습니다.\n(단위:천원)\n구\xa0 \xa0\xa0 분\n당기\n전기\n매출채권\n기타채권\n합계\n매출채권\n기타채권\n합계\n기초금액\n3,711,794\n2,829,322\n6,541,116\n425,344\n980,625\n1,405,969\n설정(환입)\n(492,827)\n3,761,240\n3,268,413\n3,286,450\n1,848,697\n5,135,147\n제각\n-\n(334,182)\n(334,182)\n-\n-\n-\n회수\n728,820\n-\n728,820\n-\n-\n-\n물적분할로 인한 변동\n(3,205,810)\n(338,985)\n(3,544,795)\n\u3000-\n\u3000-\n\u3000-\n기말금액\n741,977\n5,917,395\n6,659,372\n3,711,794\n2,829,322\n6,541,116\n10. 재고자산보고기간말 현재 재고자산의 내역은 다음과 같습니다.\xa0\n(단위:천원)\n구\xa0 \xa0\xa0 분\n당기말\n전기말\n평가전금액\n평가충당금\n장부금액\n평가전금액\n평가충당금\n장부금액\n상품\n420,598\n(10,252)\n410,346\n786,614\n(24,360)\n762,254\n11. 기타자산\xa0보고기간말 현재 기타자산의 내역은 다음과 같습니다.\n(단위:천원)\n구\xa0 \xa0\xa0 분\n당기말\n전기말\n유동자산\n\xa0선급금\xa0\xa0\n\xa0선급금(총액)\n3,635,537\n1,175,298\n\xa0대손충당금\n(35,190)\n(35,190)\n\xa0선급금(순액)\xa0\xa0\n3,600,347\n1,140,108\n\xa0선급비용\n72,307\n47,314\n\xa0당기법인세자산\n105,224\n121,004\n유동자산 계\n3,777,878\n1,308,426\n비유동자산\xa0\n\xa0선급비용\n-\n13,845\n비유동자산 계\n-\n13,845\n기타자산 합계\n3,777,878\n1,322,271\n12. 유형자산\xa0(1)\xa0보고기간말 현재 유형자산의 상세내역은 다음과 같습니다.\n(단위:천원)\n구\xa0 \xa0\xa0 분\n당기말\n전기말\n취득원가\n감가상각누계액\n손상차손누계액\n장부금액\n취득원가\n감가상각누계액\n손상차손누계액\n장부금액\n기계장치\n80,755\n(53,859)\n-\n26,896\n215,354\n(141,124)\n-\n74,230\n비품\n1,642,099\n(331,573)\n(1,244,239)\n66,287\n11,847,794\n(10,393,211)\n(1,244,239)\n210,344\n차량운반구\n21,153\n(9,166)\n-\n11,987\n41,635\n(9,715)\n-\n31,920\n사용권자산\n578,548\n(168,893)\n-\n409,655\n703,252\n(502,307)\n-\n200,945\n기타의유형자산\n162,937\n(20,417)\n-\n142,520\n-\n-\n-\n-\n합계\n2,485,492\n(583,908)\n(1,244,239)\n657,345\n12,808,035\n(11,046,357)\n(1,244,239)\n517,439\n(2) 보고기간 중 유형자산의\xa0 변동내역은 다음과 같습니다.\n(단위:천원)\n구\xa0 \xa0\xa0 분\n당기\n전기\n기계장치\n비품\n차량운반구\n사용권자산\n건설중인자산\n기타의유형자산\n합계\n기계장치\n비품\n차량운반구\n사용권자산(*1)\xa0\n합계\n기초순장부금액\n74,230\n210,344\n31,920\n200,945\n-\n-\n517,439\n206,974\n313,246\n40,247\n-\n560,467\n회계정책의 변경효과(*)\n-\n-\n-\n-\n-\n-\n-\n-\n-\n-\n943,460\n943,460\n취득(*)\n-\n16,849\n-\n1,974,510\n281,381\n-\n2,272,740\n637,059\n168,499\n-\n666,287\n1,471,845\n처분(*)\n-\n-\n-\n-\n-\n-\n-\n(93,060)\n(3,061)\n-\n(57,594)\n(153,715)\n환산차이\n-\n-\n-\n-\n-\n-\n-\n80\n44\n-\n(2,482)\n(2,358)\n대체\n-\n58,444\n-\n-\n(221,381)\n162,937\n-\n-\n-\n-\n-\n-\n연결범위의 변동\n-\n-\n-\n-\n-\n-\n-\n(625,655)\n(78,430)\n-\n(623,472)\n(1,327,557)\n물적분할로 인한 변동\n(37,015)\n(175,048)\n(15,020)\n(1,460,351)\n(60,000)\n-\n(1,747,434)\n-\n-\n-\n-\n-\n감가상각비\n(10,319)\n(44,302)\n(4,913)\n(305,449)\n-\n(20,417)\n(385,400)\n(51,168)\n(189,954)\n(8,327)\n(725,254)\n(974,703)\n기말순장부금액\n26,896\n66,287\n11,987\n409,655\n-\n142,520\n657,345\n74,230\n210,344\n31,920\n200,945\n517,439\n(*) 전기에 K-IFRS 제1116호 도입에 따라 사용권자산이 1,610백만원 증가하였으며, 전기 중 리스계약 해지로 인하여 58백만원 감소하였습니다. \n13. 담보제공자산 내역보고기간말 현재 담보로 제공되어 있는 자산의 내역은 다음과 같습니다.(당기말)\n(단위:천원)\n담보제공자산\n담보형태\n담보설정금액\n장부금액\n계정과목\n담보권자\n관계기업투자주식((주)우진홀딩스(구, 에이스우진(주)) 보통주)\n질권설정\n45,500,000\n26,224,378\n차입금_질권\n발렌시아㈜\n기타포괄손익-공정가치금융자산 (지분증권)\n질권설정\n7,772,498\n기타포괄손익-공정가치금융자산(채무증권)\n질권설정\n4,226,076\n매출채권(유동성)\n질권설정\n235,311\n대여금(유동성)\n질권설정\n81,781\n매출채권(비유동성)\n질권설정\n3,375,304\n대여금(비유동성)\n질권설정\n1,173,071\n종속기업투자주식((주)참테크 보통주)\n질권설정\n3,656,000\n관계기업투자주식((주)우진홀딩스(구, 에이스우진(주)) 보통주)\n질권설정\n2,089,622\n2,089,622\n이행보증\n큐리어스솔루션(유)\n합 계\n47,589,622\n48,834,041\n\u3000\n(전기말)\n(단위:천원)\n담보제공자산\n담보형태\n담보설정금액\n장부금액\n제공받은자\n담보권자\n유동성기타금융자산\xa0 (정기예금)\n질권설정\n1,661,549\n1,661,549\n소프트웨어공제조합(이행보증에 대한 질권설정)\n농협\n비유동성기타금융자산\xa0 (정기예금)\n질권설정\n305,168\n305,168\n예탁결제원 TOPS보증에 대한 질권설정\n예탁결제원\n현금및현금성자산\n수익권질권설정\n45,500,000\n249,901\n차입금_질권\n발렌시아㈜\n관계기업투자주식 (에이스우진(주)보통주)\n질권설정\n43,799,988\n기타포괄손익-공정가치금융자산 (지분증권)\n질권설정\n8,563,038\n기타포괄손익-공정가치금융자산 (소프트웨어공제조합 출자금)\n이행담보\n1,726,722\n1,726,722\n거래처 등(이행보증)\n소프트웨어공제조합\n기타포괄손익-공정가치금융자산\n이행담보\n6,946,800\n6,946,800\n전환사채_질권\n(주)트리아스파트너스\n합 계\n56,140,239\n63,253,166\n\u3000\n14. 무형자산(1)\xa0보고기간말 현재 무형자산의 상세내역은 다음과 같습니다.\n(단위:천원)\n구\xa0 \xa0\xa0 분\n당기말\n전기말\n취득원가\n감가상각누계액\n손상차손누계액\n장부금액\n취득원가\n감가상각누계액\n손상차손누계액\n장부금액\n영업권\xa0\n13,426,369\n-\n(13,426,369)\n-\n13,426,369\n-\n(13,426,369)\n-\n고객가치\xa0\n11,507,000\n(1,552,563)\n(9,954,437)\n-\n11,507,000\n(1,552,563)\n(9,954,437)\n-\n소프트웨어\xa0\n141,705\n(91,237)\n(3,900)\n46,568\n8,143,213\n(7,254,784)\n(725,533)\n162,896\n회원권\xa0\n857,169\n-\n(422,972)\n434,197\n983,213\n-\n(499,016)\n484,197\n개발비\xa0\n-\n-\n-\n-\n1,381,296\n(618,839)\n(762,457)\n-\n기타의 무형자산\xa0\n18,000\n(2,100)\n-\n15,900\n-\n-\n-\n-\n합계\xa0\n25,950,243\n(1,645,900)\n(23,807,678)\n496,665\n35,441,091\n(9,426,186)\n(25,367,812)\n647,093\n(2) 보고기간 중 무형자산의 변동내역은 다음과 같습니다.(당기)\n(단위:천원)\n구\xa0 \xa0\xa0 분\n기초장부금액\n물적분할로 인한 변동\n취득\n처분\n무형자산상각비\n기말장부금액\n소프트웨어\xa0\n162,896\n(126,548)\n50,777\n-\n(40,557)\n46,568\n회원권\xa0\n484,197\n-\n-\n(50,000)\n-\n434,197\n기타의 무형자산\n-\n-\n18,000\n-\n(2,100)\n15,900\n합계\n647,093\n(126,548)\n68,777\n(50,000)\n(42,657)\n496,665\n(전기)\n(단위:천원)\n구\xa0 \xa0\xa0 분\n기초장부금액\n연결범위변동\n취득\n처분\n무형자산상각비\n손상차손\n기말장부금액\n소프트웨어\xa0\n367,198\n(2,852)\n3,720\n(344)\n(204,826)\n-\n162,896\n회원권\xa0\n484,197\n\u3000-\n-\n-\n-\n-\n484,197\n개발비\xa0\n88,721\n\u3000-\n-\n-\n(23,659)\n(65,062)\n-\n합계\xa0\n940,116\n(2,852)\n3,720\n(344)\n(228,485)\n(65,062)\n647,093\n15. 리스계약\n(1) 보고기간 중 사용권자산 변동내역은 다음과 같습니다.\n(단위:천원)\n구\xa0 \xa0\xa0 분\n당기\n전기\n건물\n차량운반구\n합계\n건물\n차량운반구\n합계\n기초\n122,385\n78,560\n200,945\n-\n-\n-\n리스계약의 체결\n1,769,036\n205,474\n1,974,510\n666,287\n-\n666,287\n회계기준변경\n-\n-\n-\n695,748\n247,713\n943,461\n계약해지\n-\n-\n-\n-\n(57,594)\n(57,594)\n환산차이\n-\n-\n-\n(3,670)\n(1,188)\n(2,482)\n감가상각\n(266,877)\n(38,572)\n(305,449)\n(633,082)\n(92,171)\n(725,253)\n연결범위의 변동\n-\n-\n-\n(602,898)\n(20,576)\n(623,474)\n물적분할로 인한 변동\n(1,402,078)\n(58,273)\n(1,460,351)\n-\n-\n-\n기말잔액\n222,466\n187,189\n409,655\n122,385\n78,560\n200,945\n취득원가\n351,727\n226,821\n578,548\n581,242\n122,010\n703,252\n감가상각누계액\n(129,261)\n(39,632)\n(168,893)\n(458,857)\n(43,450)\n(502,307)\n순장부금액\n222,466\n187,189\n409,655\n122,385\n78,560\n200,945\n(2) 보고기간 중 리스부채 변동내역은 다음과 같습니다.\n(단위:천원)\n구\xa0 분\n당기\n전기\n기초\n131,366\n-\n리스료지급\n(242,128)\n(899,920)\n리스계약의 체결\n1,974,510\n605,209\n회계기준변경\n-\n943,460\n계약해지\n-\n(57,357)\n이자비용\n47,582\n180,899\n환산차이\n-\n(2,552)\n연결범위의 변동\n-\n(638,373)\n물적분할로 인한 변동\n(1,489,437)\n-\n기말\n421,893\n131,366\n(3) 보고기간 중 계정과목별 사용권자산 상각내역은 다음과 같습니다.\xa0\n(단위:천원)\n구\xa0 \xa0\xa0 분\xa0\n당기\n전기\n판매비와 관리비\n225,021\n188,743\n중단영업손익\n80,427\n536,510\n합계\n305,448\n725,253\n(4) 보고기간말 현재 리스부채 만기는 다음과 같습니다.(당기말)\n(단위:천원)\n과 목\n할인되지 아니한 계약상 현금흐름\n합계\n1년 미만\n2년 이하\n5년 이하\n5년 초과\n리스부채\n462,715\n267,898\n101,908\n92,909\n-\n(전기말)\n(단위:천원)\n과 목\n할인되지 아니한 계약상 현금흐름\n합계\n1년 미만\n2년 이하\n5년 이하\n5년 초과\n리스부채\n137,146\n109,587\n27,559\n-\n-\n(5)\xa0보고기간 중 사용권자산에 포함되지 않는 단기리스 및 소액자산리스에서 발생한 비용은 다음과 같습니다.\n(단위:천원)\n구\xa0 분\n당기\n전기\n판매비와관리비\n11,531\n29,416\n중단영업\n16,603\n145,210\n합\xa0\xa0 계\n28,134\n174,626\n16. 기타포괄손익-공정가치금융자산\n(1) 보고기간말 현재 기타포괄손익-공정가치금융자산의 내역은 다음과 같습니다.\n(단위:천원)\n구\xa0 \xa0\xa0 분\n피투자회사명\n당기말\n전기말\n보유주식수(주)\n지분율(%)\n취득가액\n장부가액\n보유주식수(주)\n지분율(%)\n취득가액\n장부가액\n비상장주식외\n(주)모아바\n30,400\n19.00%\n152,000\n152,000\n30,400\n19.00%\n152,000\n152,000\n(주)UPN\n250\n3.33%\n5,000\n-\n250\n3.33%\n5,000\n-\n동양인터내셔널㈜\n21,197\n3.24%\n19,077,567\n-\n21,197\n3.24%\n19,077,567\n-\nNETWORK THAILAND\n-\n48.99%\n36,990\n-\n-\n48.99%\n36,990\n-\nTONGYANG THAILAND\n-\n48.99%\n73,980\n-\n-\n48.99%\n73,980\n-\n(주)동양레저\n13,200\n0.38%\n1,771,688\n-\n13,200\n0.38%\n1,771,688\n-\n(주)프렌비 전환사채\n60,000\n4.89%\n760,000\n-\n60,000\n4.89%\n760,000\n-\nTY BIO INVESTMENT, Inc의 사채(*1)\n-\n-\n10,420,200\n5,433,526\n-\n-\n10,420,200\n10,420,200\n㈜티와이바이오 사채\n-\n-\n-\n-\n-\n-\n2,250,000\n2,250,000\n제이에이치W투자조합\n3,000좌\n-\n3,000,000\n853,498\n3,000좌\n-\n3,000,000\n2,107,898\n소 계\n35,297,425\n6,439,024\n\u3000\n37,547,425\n14,930,098\n출자금\n소프트웨어공제조합\n-\n-\n-\n-\n1,441좌\n-\n1,288,451\n1,726,722\n정보통신공제조합\n-\n-\n-\n-\n61좌\n-\n15,000\n24,387\n소 계\n-\n\u3000\n\u3000\n1,303,451\n1,751,109\n상장주식\n웅진홀딩스\n5,072\n0.01%\n38,045\n5,503\n5,072\n0.01%\n38,045\n7,862\nMEDIGENE AG(*2)\n1,650,000\n6.72%\n30,955,345\n7,772,498\n1,650,000\n6.72%\n30,955,345\n8,563,038\n소 계\n30,993,390\n7,778,001\n\u3000\n30,993,390\n8,570,900\n합 계\n66,290,815\n14,217,025\n\u3000\n69,844,265\n25,252,107\n(*1) 상기 사채 중 일부는 회사의 차입금과 관련하여 발렌시아 주식회사에 질권이 설정되어 있습니다. (*2) 상기 상장주식은 회사의 차입금과 관련하여 발렌시아 주식회사에 질권이 설정되어 있습니다.\n(2) 보고기간 중 기타포괄손익-공정가치금융자산의 변동내역은 다음과 같습니다.\n(단위:천원)\n\xa0구\xa0 \xa0\xa0 분\xa0\n당기\n전기\n기초금액\xa0\xa0\n25,252,107\n72,315,928\n취득\n-\n588,451\n평가(*)\n(2,638,826)\n(54,591,515)\n손상\n(4,358,474)\n처분\n(2,250,000)\n(2,928,440)\n물적분할로 인한 변동\n(1,787,781)\n9,768,174\n환산차이\n\xa0 \xa0 \xa0 \xa0 \xa0 \xa0 \xa0 \xa0 \xa0 \xa0 \xa0 \xa0 \xa0 \xa0 \xa0 \xa0 -\xa0\n99,509\n기말금액\n14,217,025\n25,252,107\n(*) 상기 금액은 이연법인세 효과 반영 전 금액입니다.\n(3) 보고기간 중 기타포괄손익-공정가치금융자산에 의한 기타포괄손익누계액의 변동내역은 다음과 같습니다.\n(단위:천원)\n구\xa0 \xa0\xa0 분\n당기\n전기\n기초금액\n(44,562,078)\n(1,262,557)\n평가손익\n(2,638,826)\n(54,591,515)\n이익잉여금대체(*)\xa0\n(514,412)\n11,291,994\n기말금액\xa0\xa0\n(47,715,316)\n(44,562,078)\n(*) 전기 중 기타포괄손익-공정가치금융자산을 처분함에 따라 누적손익을 후속적으로 이익잉여금으로 대체하였습니다.\n(4) 당기말 및 전기말 현재 당기손익-공정가치금융자산의 내역은 다음과 같습니다.\n(단위:천원)\n구\xa0 \xa0\xa0 분\n금융상품\n당기말\n전기말\n취득금액\n당기손익\n장부가액\n취득금액\n전기손익\n장부가액\n당기손익-공정가치금융자산\n신주인수권부사채에 대한 CALL OPTION\n-\n-\n-\n2,157,200\n(2,311,078)\n-\n(5) 전기 중 당기손익-공정가치금융자산의 변동내역은 다음과 같습니다.\n(단위:천원)\n\xa0구\xa0 \xa0\xa0 분\xa0\n전기\n\xa0기초금액\n2,311,078\n\xa0취득\n789,640\n\xa0평가손익\n(2,311,078)\n\xa0처분\n(789,640)\n\xa0기말금액\xa0\xa0\n-\n17.\xa0종속기업 및 관계기업(1)\xa0당기말 현재\xa0종속기업\xa0및 관계기업의 내역은 다음과 같습니다.\n(단위:천원)\n구분\n기업명\n주사업장\n지분율\n당기말\n전기말\n취득원가\n순자산가액\n장부금액\n취득원가\n순자산가액\n장부금액\n종속기업\n(주)참테크\n한국\n100.00%\n4,637,476\n3,033,218\n3,656,000\n-\n-\n-\n관계기업\n(주)우진홀딩스\n한국\n32.62%\n45,723,093\n5,243,791\n28,314,000\n43,799,988\n28,820,278\n43,799,988\n(2) 보고기간 중\xa0종속기업 및 관계기업투자의 변동내역은 다음과 같습니다.\n(단위:천원)\n\xa0구\xa0 \xa0\xa0 분\n당기\n전\xa0 기\n기초금액\n43,799,988\n5,531,435\n취득\n8,176,047\n92,348,688\n처분\n(1,615,466)\n(45,000,000)\n이익 중 지분해당액\n-\n(767,439)\n기타(*)\n-\n314,403\n연결범위의 변동\n-\n(8,627,099)\n손상\n(18,390,569)\n-\n기말금액\n31,970,000\n43,799,988\n(*) 기타는 환율변동효과 등으로 구성되어 있습니다.\n(3) 당기말\xa0 현재 종속기업 및 관계기업의 재무정보는 다음과 같습니다.\n(단위:천원)\n구분\n기업명\n유동자산\n비유동자산\n유동부채\n비유동부채\n매출액\n영업비용\n영업손익\n딩기순이익\n종속기업(*)\n(주)참테크\n4,376,609\n7,502,937\n4,034,466\n4,811,862\n2,080,690\n2,045,547\n35,143\n(176,783)\n관계기업\n(주)우진홀딩스\n92,083,639\n148,595,690\n42,095,436\n193,340,102\n183,931,468\n173,233,807\n10,697,661\n(26,323,756)\n(*) 상기 손익금액은 회사가 취득한 이후 IFRS로 변환된 기간 손익금액입니다.18. 매각예정자산전기말 현재 매각예정처분자산의 내역은 다음과 같습니다.\xa0\n(단위:천원)\n구\xa0 \xa0\xa0 분\n전기\n매각예정처분자산\n\xa0 종속기업\n1,666,000\n상기 매각예정처분자산 중 종속기업은 2019년 11월 주식양수도 계약을 체결하여 당기 중 매각을 완료하였습니다.\n19. 법인세비용(1) 보고기간 중 법인세비용(수익)의 구성요소는 다음과 같습니다.\r\n(단위:천원)\n구\xa0 \xa0\xa0 분\n당기\n전기\n당기법인세\n당기 법인세부담액\n-\n-\n전기 법인세의 조정사항\n(605)\n-\n소\xa0 계\n(605)\n-\n이연법인세\n일시적차이 변동 효과\n-\n-\n자본에 직접 가감된 이연법인세\n-\n-\n소\xa0 계\n-\n-\n법인세비용(수익)\n(605)\n-\n(2) 보고기간 중 당기손익 이외로 인식되는 항목과 관련된 당기법인세와 이연법인세는 다음과 같습니다.\n(단위:천원)\n구\xa0 \xa0\xa0 분\n당\xa0\xa0 기\n전\xa0\xa0 기\n기타포괄손익-공정가치측정채무증권평가손실\n(47,715,316)\n(44,562,078)\n확정급여제도재측정요소\n541,141\n690,477\n합계\n(47,174,175)\n(43,871,601)\n(3) 보고기간 중 법인세비용(수익)과 회계이익의 관계는 다음과 같습니다.\n(단위:천원)\n구\xa0 \xa0\xa0 분\n당기\n전기\n법인세비용차감전 순이익(손실)\n(45,740,969)\n(27,664,610)\n법정세율로 계산된 법인세\n-\n-\n법인세효과:\n(605)\n-\n\xa0 전기 법인세 조정사항\n(605)\n-\n법인세비용\n(605)\n-\n(4) 당기 및 전기 중 이연법인세자산(부채)의 변동내역은 다음과 같습니다.(당기)\n(단위:천원)\n구분\n기초\n증감\n기말\n<이연법인세자산>\n\u3000\n\xa0대손금\xa0\n249,802\n-\n249,802\n\xa0대손충당금\xa0\n1,319,131\n111,802\n1,430,933\n\xa0기타포괄손익공정가치금융자산평가손익\n9,717,215\n(2,966,391)\n6,750,824\n\xa0기타금융상품손상차손\xa0\n690,321\n(231,037)\n459,284\n\xa0출자전환주식\xa0\n201,124\n-\n201,124\n\xa0무형자산\xa0\n68,987\n24,066\n93,053\n\xa0리스부채\xa0\n28,901\n63,915\n92,816\n\xa0감가상각비한도초과\xa0\n5,651\n(5,651)\n-\n\xa0퇴직급여충당금\xa0\n766,316\n(697,017)\n69,299\n\xa0파생상품부채(전환사채)\xa0\n321,835\n119,449\n441,284\n\xa0기타충당부채\xa0\n70,293\n(70,293)\n-\n\xa0당기손익인식금융자산\n-\n297,570\n297,570\n\xa0미확정비용\xa0\n127,151\n(123,015)\n4,136\n\xa0현재가치할인차금\xa0\n-\n51,174\n51,174\n\xa0종속기업손상차손\n-\n215,925\n215,925\n\xa0관계기업손상차손\xa0\n-\n3,830,000\n3,830,000\n\xa0재고자산평가충당금\xa0\n-\n2,255\n2,255\n\xa0자기주식\xa0\n-\n8,728\n8,728\n\xa0이월결손금\xa0\n12,881,954\n1,304,644\n14,186,598\n\xa0이월세액공제\xa0\n383,635\n-\n383,635\n\xa0미인식이연법인세자산\xa0\n(26,305,480)\n(2,223,138)\n(28,528,618)\n\xa0합계 (1)\xa0\n526,836\n(287,014)\n239,822\n<이연법인세부채>\xa0\n\u3000\n-\n\u3000\n\xa0미수수익\xa0\n(3,769)\n(11,130)\n(14,899)\n\xa0사용권자산\xa0\n(44,208)\n(45,916)\n(90,124)\n\xa0전환사채\xa0\n(478,859)\n344,060\n(134,799)\n\xa0합계 (2)\xa0\n(526,836)\n287,014\n(239,822)\n\xa0차가감계 (1)+(2)\xa0\n-\n-\n-\n(전기)\n(단위:천원)\n구분\n기초\n증감\n기말\n<이연법인세자산>\n\xa0대손금\xa0\n249,802\n-\n249,802\n\xa0대손충당금\xa0\n505,109\n814,022\n1,319,131\n\xa0기타포괄손익공정가치금융자산평가손익\xa0\n(1,697,192)\n11,414,407\n9,717,215\n\xa0기타금융상품손상차손\xa0\n459,285\n231,036\n690,321\n\xa0출자전환주식\xa0\n201,124\n-\n201,124\n\xa0무형자산\xa0\n143,660\n(74,673)\n68,987\n\xa0리스부채\xa0\n-\n28,901\n28,901\n\xa0감가상각비한도초과\xa0\n-\n5,651\n5,651\n\xa0퇴직급여충당금\xa0\n886,847\n(120,531)\n766,316\n\xa0파생상품부채(전환사채)\xa0\n1,667,241\n(1,345,406)\n321,835\n\xa0기타충당부채\xa0\n262,431\n(192,138)\n70,293\n\xa0미확정비용\xa0\n193,160\n(66,009)\n127,151\n\xa0이월결손금\xa0\n11,924,349\n957,605\n12,881,954\n\xa0이월세액공제\xa0\n383,635\n-\n383,635\n\xa0미인식이연법인세자산\xa0\n(11,446,752)\n(14,858,728)\n(26,305,480)\n\xa0합계 (1)\xa0\n3,732,699\n(3,205,863)\n526,836\n<이연법인세부채>\xa0\n\u3000\n\xa0미수수익\xa0\n(25,699)\n21,930\n(3,769)\n\xa0사용권자산\xa0\n-\n(44,208)\n(44,208)\n\xa0전환사채\xa0\n(3,652,971)\n3,174,112\n(478,859)\n\xa0신주인수권부사채\xa0\n(54,029)\n54,029\n-\n\xa0합계 (2)\xa0\n(3,732,699)\n3,205,863\n(526,836)\n\xa0차가감계 (1)+(2)\xa0\n-\n-\n-\n(5) 미인식 이연법인세자산보고기간말 현재 회사는 향후 과세소득의 발생이 확실치 않아 미래의 법인세 절감효과가 실현될 수 있을 것으로 기대하기 어려워 이연법인세자산을 인식하지 않습니다.\n(단위:천원)\n구분\n금액\n이월결손금\n14,186,598\n이월세액공제\n383,635\n기타차감할일시적차이\n9,912,460\n종속기업효과\n215,925\n관계기업손상차손\n3,830,000\n합 계\n28,528,618\n(6) 보고기간말 현재 회사의 미사용 세무상이월결손금의 만료시기는 다음과 같습니다.\n(단위:천원)\n구분\n금액\n\xa02026년\xa0\n7,758,795\n2027년\n12,463,254\n2028년\n33,979,537\n2029년\n4,352,748\n2030년 이후\n5,930,202\n합 계\n64,484,536\n20. 매입채무 및 기타채무보고기간말 현재 매입채무 및 기타채무의 내역은 다음과 같습니다.\n(단위:천원)\n구\xa0 \xa0\xa0 분\n당기말\n전기말\n유동부채\n\xa0\xa0 매입채무\n3,299\n3,152,113\n\xa0\xa0 미지급금\n3,702,058\n783,830\n\xa0\xa0 미지급비용\n570,338\n2,746,686\n합 계\n4,275,695\n6,682,629\n당기말과 전기말 현재 매입채무 및 미지급금, 미지급비용의 공정가치는 장부가액과 동일하며 보증금의 장부금액은 공정가치의 합리적인 근사치입니다.\n21. 사채 및 파생상품부채회사가 발행한 복합금융상품은 계약상 내용의 실질에 따라 금융부채 및 파생상품부채로 인식하였습니다.복합금융상품은 최초 인식시에는 전환권/신주인수권이 없는 유사한 사채의 공정가치로 인식하고, 전환/행사 및 소멸 또는 만기까지 유효이자율법을 적용한 상각후원가로 측정하고 있습니다. 또한, 파생상품부채는 재무제표일 현재 공정가치 평가를 진행하여 당기손익에 반영하였습니다.\n(1) 보고기간종료일 현재 회사의 전환사채 내역은 다음과 같습니다.\n(단위:천원)\n사채 종류\n연이자율(%)\n당기말\n전기말\n제3회 전환사채(주1)\n4.0\n-\n9,273,366\n제6회 전환사채(주2)\n3.0\n787,277\n-\n소 계\n787,277\n9,273,366\n유동성전환사채\n787,277\n9,273,366\n(주1) 제3회 전환사채\n(단위:천원)\n발행일\n만기일\n액면이자율\n보장수익률\n행사기간\n전환가격\n발행가액\n2018.04.13\n2021.04.13\n0.00%\n4.00%\n발행 1년 후부터 만기 전 5일까지\n4,640원/주\n50,000,000\n* 조기상환권 조항 : 사채권자는 본 사채의 발행일로부터 12개월이 되는 날 및 그로부터 매 3개월이 도래하는 날에 사채권자가 보유하고 있는 권면금액의 일부 혹은 전부에 대하여 조기상환을 청구할 수 있습니다.* 만기상환방법 : 본 사채의 만기까지 전환하지 않는 사채권에 대하여는 만기보장수익률을 연 4.0%로 하여 사채원금의 112.6825%를 2021년 4월 13일에 일시 상환합니다.* 전환가격 산정 : - 사채권자가 전환청구를 하기전에 발행회사가 시가를 하회하는 발행가액으로 유상증자, 주식배당 및 준비금의 자본전입 등을 함으로써 주식을 발행하거나 또는 시가를 하회하는 전환가액 또는 행사가액으로 전환사채 또는 신주인수권부사채를 발행하는 경우에는 전환가액을 조정합니다.- 본 사채 발행 후 1개월이 경과한 날인 2018년 5월 13일부터 매1개월마다 전환가액 조정일로 하고, 각 전환가액 조정일 전일을 기산일로 하여 그 기산일로부터 소급한 1개월 가중산술평균주가, 1주일 가중산술평균주가 및 최근일 가중산술평균주가를 산술평균한 가액과 최근일 가중산술평균주가 중 높은 가격이 해당 조정일 직전일 현재의 전환가액보다 낮은 경우 동 낮은 가격을 새로운 전환가액으로 조정합니다. 단, 전환가격의 최저 조정한도는 발행회사 정관에 따라 액면금액까지로 한정합니다\n(주2) 제6회 전환사채\n(단위:천원)\n발행일\n만기일\n액면이자율\n보장수익률\n행사기간\n전환가격\n발행가액\n2020.07.29\n2023.07.29\n0.00%\n3.00%\n발행 1년 후부터 만기 전 5일까지\n4,800원/주\n2,000,000\n* 조기상환권 조항 : 사채권자는 본 사채의 발행일로부터 12개월이 되는 날 및 그로부터 매 3개월이 도래하는 날에 사채권자가 보유하고 있는 권면금액의 일부 혹은 전부에 대하여 조기상환을 청구할 수 있습니다.* 만기상환방법 : 본 사채의 만기까지 전환하지 않는 사채권에 대하여는 만기보장수익률을 연 3.0%로 하여 사채원금의 108.6264%를 2023년 7월 29일에 일시 상환합니다.* 전환가격 산정 : - 사채권자가 전환청구를 하기전에 발행회사가 시가를 하회하는 발행가액으로 유상증자, 주식배당 및 준비금의 자본전입 등을 함으로써 주식을 발행하거나 또는 시가를 하회하는 전환가액 또는 행사가액으로 전환사채 또는 신주인수권부사채를 발행하는 경우에는 전환가액을 조정합니다.- 본 사채 발행 후 1개월이 경과한 날인 2020년 7월 29일부터 매1개월마다 전환가액 조정일로 하고, 각 전환가액 조정일 전일을 기산일로 하여 그 기산일로부터 소급한 1개월 가중산술평균주가, 1주일 가중산술평균주가 및 최근일 가중산술평균주가를 산술평균한 가액과 최근일 가중산술평균주가 중 높은 가격이 해당 조정일 직전일 현재의 전환가액보다 낮은 경우 동 낮은 가격을 새로운 전환가액으로 조정합니다. 단, 전환가격의 최저 조정한도는 발행회사 정관에 따라 액면금액까지로 한정합니다.\n(2) 보고기간 중 회사가 발행한 전환사채의 변동내역은 다음과 같습니다.(당기)\n(단위:천원)\n구분\n기초잔액\n발행액(*1)\n전환액(*2)\n상환액(*3)\n상각/평가액\n기말잔액\n전환사채\n11,450,000\n11,350,000\n(11,450,000)\n(9,950,000)\n-\n1,400,000\n상환할증금\n1,452,146\n1,371,268\n(1,452,146)\n(1,241,450)\n-\n129,818\n조정계정\n(3,628,780)\n(2,838,945)\n2,091,463\n2,663,606\n970,115\n(742,541)\n장부금액\n9,273,366\n9,882,323\n(10,810,683)\n(8,527,844)\n970,115\n787,277\n(*1) 회사는 당기 중 제3회차 전환사채 9,350백만원을 재매각하여 1,728백만원의 사채처분손익을 인식하였으며, 제6회차 전환사채 2,000백만원을 발행했습니다.(*2) 회사는 당기 중 11,450백만원을 전환하여 7,453백만원의 사채전환손익을 인식했습니다.(*3) 회사는 당기 중 9,950백만원을 상환하여 396백만원의 사채상환손익을 인식했습니다.\n(전기)\n(단위:천원)\n구분\n기초잔액\n발행액(*)\n전환액\n상환액(*)\n상각/평가액\n기말잔액\n전환사채\n45,000,000\n5,000,000\n(36,550,000)\n(2,000,000)\n-\n11,450,000\n상환할증금\n5,707,125\n634,125\n(4,635,454)\n(253,650)\n-\n1,452,146\n조정계정\n(22,311,537)\n(2,320,858)\n13,307,117\n764,564\n6,931,934\n(3,628,780)\n장부금액\n28,395,588\n3,313,267\n(27,878,337)\n(1,489,086)\n6,931,934\n9,273,366\n(*) 회사는 전기말 현재 제3회 전환사채 중 5,000백만원을 만기전 취득하여 보유하고있었으나, 전기 중 재매각하였으며 이러한 거래로 인하여 전기 중 1,687백만원의 처분이익을 인식하였습니다.\n(3) 전기의 회사가 발행한 신주인수권부사채의 변동내역은 다음과 같습니다.\n(단위:천원)\n구분\n기초잔액\n상환액\n상각/평가액\n외화평가\n기말잔액\n신주인수권부사채\xa0\n53,543,000\n(54,704,000)\n-\n1,161,000\n-\n사채할인발행차금\xa0\n(1,980,373)\n1,629,797\n391,903\n(41,327)\n-\n신주인수권조정계정\xa0\n(7,691,342)\n6,328,959\n1,521,796\n(159,413)\n-\n장부금액\xa0\n43,871,285\n(46,745,244)\n1,913,699\n960,260\n-\n(4) 보고기간말 현재 파생금융부채의 내역은 다음과 같습니다.\n(단위:천원)\n구분\n당기말\n전기말\n파생상품부채-전환사채\n2,005,836\n1,462,886\n(*) 복합금융상품에 내재되어 있는 전환권으로 내재파생상품의 분리요건을 충족하여별도로 분리하여 공정가치로 인식하고 변동분은 당기손익으로 인식하고 있습니다.\xa0당기에는 1,649백만원(전기 2,865백만원)의 파생상품평가손실을 인식하였습니다.\n(5) 보고기간 중 파생금융부채의 변동내역은 다음과 같습니다.\n(단위:천원)\n구\xa0 \xa0\xa0 분\n당기\n전기\n기초 금액\n1,462,887\n15,178,002\n발행 금액-전환사채\n4,037,174\n-\n평가 금액-전환사채\n1,648,602\n1,741,394\n상환 금액-전환사채\n(1,804,797)\n(451,766)\n전환 금액-전환사채\n(3,338,030)\n(7,405,109)\n상환 금액-신주인수권부사채\n-\n(7,599,634)\n기말 금액\n2,005,836\n1,462,887\n당기손익에 인식된 총 손익(*)\n(1,648,602)\n(1,741,394)\n(*) 회사는 해당 파생금융부채의 평가손익을 기타수익 및 비용으로 분류하고 있으며, 전환사채의 전환에 따라 발생한 지분상품의 공정가치와 전환사채 및 파생금융상품의 장부금액과의 차액를 전환손실로 인식하였습니다. 이로 인해 당기와 전기 중 전환사채의 전환으로 인하여 인식한 전환손실은 8,052백만원과 8,499백만원입니다.\n22. 차입금보고기간말 현재 회사의 차입금 내역은 다음과 같습니다.\n(단위:천원)\n구분\n차입처\n이자율\n당기말\n전기말\n일반대출\n발렌시아 주식회사\n\xa0 \xa0 \xa0\xa0 10.50%\n29,393,605\n30,646,008\n소계\n29,393,605\n30,646,008\n차감 : 유동성차입금\n(29,393,605)\n(30,646,008)\n차감계(비유동성)\n-\n-\n상기 차입금에 대해서는 회사의 매출채권, 대여금, 종속기업및관계기업투자주식 및 기타포괄손익공정가치금융자산에 대하여 질권이 설정되어 있습니다(주석 13,16,17).\n23. 기타부채보고기간말 현재 기타부채의 내역은 다음과 같습니다.\n(단위:천원)\n\xa0 구\xa0 \xa0\xa0 분\n당기말\n전기말\n유동부채\n\xa0 \xa0 선수금\n1,000\n4,501,000\n\xa0 \xa0 예수금\n38,146\n229,346\n\xa0합 계\n39,146\n4,730,346\n24.\xa0순확정급여부채(자산)\n(1) 보고기간말 현재 순확정급여부채의 내역은 다음과 같습니다.\n(단위:천원)\n구\xa0 \xa0\xa0 분\xa0\n당기말\n전기말\n기금이 적립된 확정급여채무의 현재가치\xa0\n430,894\n8,532,881\n사외적립자산의 공정가치\n(115,900)\n(5,050,164)\n재무상태표상 순확정급여부채\xa0\n314,994\n3,482,717\n(2) 보고기간 중 확정급여채무의 변동내역은 다음과 같습니다.\n(단위:천원)\n구\xa0 \xa0\xa0 분\xa0\n당기말\n전기말\n기초금액\n8,532,881\n13,107,979\n당기근무원가\n294,450\n1,709,702\n물적분할로 인한 변동\n(7,304,599)\n(21,754)\n이자비용\n33,126\n284,535\n재측정요소:\n- 인구통계학적가정의 변동으로 인한 보험수리적손익\n-\n220,826\n- 재무적가정의 변동으로 인한 보험수리적손익\n(21,536)\n(605,973)\n- 경험적조정으로 인한 보험수리적손익\n(11,119)\n(378,700)\n제도에서의 지급액:\n- 급여의 지급\n(1,103,309)\n(5,783,734)\n- 기타\n11,000\n-\n보고기간 말 금액\n430,894\n8,532,881\n(3) 보고기간 중 사외적립자산의 변동내역은 다음과 같습니다.\n(단위:천원)\n구\xa0 \xa0\xa0 분\xa0\n당기말\n전기말\n기초금액\n5,050,164\n9,076,856\n물적분할로 인한 변동\n(4,631,812)\n-\n이자수익\n20,150\n195,160\n재측정요소:\n\u3000\n- 사외적립자산의 손익(이자수익에 포함된 금액 제외)\n(7,386)\n(73,370)\n기여금:\n\u3000\n- 사용자\n185,926\n-\n제도에서의 지급액:\n- 급여의 지급\n(501,142)\n(4,148,482)\n보고기간 말 금액\n115,900\n5,050,164\n(4) 보고기간 중 손익계산서에 인식한 확정급여제도 관련 비용의 계정과목별 금액은 다음과 같습니다.\n(단위:천원)\n구\xa0 \xa0\xa0 분\xa0\n당기\n전기\n판매비와 관리비\n113,046\n261,970\n중단영업손익\n194,380\n2,663,746\n합계\n307,426\n2,925,716\n(5)\xa0보고기간말 현재 주요 보험수리적 가정의 내용은 다음과 같습니다.\n구\xa0 \xa0\xa0 분\xa0\n당기말\n전기말\n할인율\n2.03%\n1.90%\n미래임금상승률\n1.50%\n1.70%\n(6)\xa0보고기간말 현재 사외적립자산의 구성내역은 다음과 같습니다.\n(단위:천원)\n구분\n당기말\n전기말\n금액\n구성비\n금액\n구성비\n정기예금\n-\n-\n5,050,164\n100.00%\n원리금보장형 금융상품\n115,874\n99.98%\n-\n-\n현금및현금성자산\n26\n0.02%\n-\n-\n합 계\n115,900\n100.00%\n5,050,164\n100.00%\n(7)\xa0당기말 현재 기타포괄손익으로 인식한 보험수리적손익의 누계액(법인세효과 반영 후)은\xa025,270천원(전기말 :\xa0690,477천원)입니다.\n25. 충당부채보고기간 중 충당부채의\xa0변동내역은 다음과 같습니다.\n(단위:천원)\n구\xa0 \xa0\xa0 분\n당기\n전기\n하자보수충당부채\n구조조정충당부채\n합계\n하자보수충당부채\n소송충당부채\n용역계약손실충당부채\n구조조정충당부채\n합계\n기초금액\xa0\n190,123\n129,394\n319,517\n590,727\n199,407\n602,144\n-\n1,392,278\n\xa0 전입(환입)\n(73,288)\n-\n(73,288)\n(400,604)\n(855)\n(602,144)\n129,394\n(874,209)\n\xa0 계정재분류(*)\n-\n-\n-\n-\n(198,552)\n-\n-\n(198,552)\n물적분할로 인한 변동\n(116,835)\n(129,394)\n(246,229)\n-\n-\n-\n-\n-\n기말금액\xa0\n-\n-\n-\n190,123\n-\n-\n129,394\n319,517\n차감 : 유동성대체\xa0\n-\n-\n-\n(159,830)\n-\n-\n(129,394)\n(289,224)\n차감계(비유동성)\xa0\n-\n-\n-\n30,293\n-\n-\n-\n30,293\n(*) 기업회생계획안에 의거하여 전기 중 출자전환채무로 재분류 대체되었습니다.\n26. 자본금 등\n(1) 보고기간말 현재 회사의 자본금과 관련된 사항은 다음과 같습니다.\n구\xa0 분\n당기말\n전기말\n발행할 주식의 총수\n1,000,000,000주\n300,000,000주\n1주당 액면금액\n500원\n500원\n발행한 주식의 수\n13,071,541주\n148,320,079주\n자본금\n6,535,771천원\n74,160,040천원\n(2) 보고기간 중 자본금 및 자본잉여금의 변동내역은 다음과 같습니다.(당기)\n(단위:천원)\n구\xa0 분\n주식수(단위:주)\n보통주자본금\n주식발행초과금\n감자차익\n기타자본잉여금\n합계\n기초금액\n148,320,079\n74,160,040\n78,153,507\n28,622,713\n2,157,202\n183,093,462\n전환사채 전환\n2,467,661\n1,233,831\n20,347,211\n-\n-\n21,581,042\n무상감자\n(142,387,276)\n(71,193,638)\n(4,129)\n71,193,638\n-\n(4,129)\n유상증자\n4,671,077\n2,335,538\n9,643,099\n-\n-\n11,978,637\n기말금액\n13,071,541\n6,535,771\n108,139,688\n99,816,351\n2,157,202\n216,649,012\n(전기)\n(단위:천원)\n구\xa0 분\n주식수(단위:주)\n보통주자본금\n주식발행초과금\n감자차익\n기타자본잉여금\n합계\n기초금액\n94,336,452\n47,168,226\n62,479,202\n28,622,713\n-\n138,270,141\n전환사채 전환\n52,978,809\n26,489,405\n15,110,935\n-\n-\n41,600,340\n회생채무 전환\n1,004,818\n502,409\n563,370\n-\n-\n1,065,779\n기타(*)\n-\n-\n-\n-\n2,157,202\n2,157,202\n기말금액\n148,320,079\n74,160,040\n78,153,507\n28,622,713\n2,157,202\n183,093,462\n(*) 종속기업에 대한 지분변동차액으로 발생한 금액입니다.\n(3) 보고기간말 현재 자본조정과 기타포괄손익누계액의 내역은 다음과 같습니다.\xa0\n(단위:천원)\n구\xa0 \xa0\xa0 분\n당기말\n전기말\n자본조정\n\u3000\n\xa0 출자전환채무\n65,564\n65,564\n\xa0 자기주식\n(39,673)\n-\n소\xa0\xa0 계\n25,891\n65,564\n기타포괄손익누계액\n\xa0 기타포괄손익-공정가치금융자산(*)\n(47,715,316)\n(44,562,078)\n(*) 당기 중 기타포괄손익-공정가치금융자산을 분할함에 따라 누적손익 514백만원을 후속적으로 이익잉여금으로 대체하였습니다.\n27.\xa0결손금(1) 보고기간말 현재\xa0이익잉여금(결손금)의 구성내역은 다음과 같습니다.\n(단위:천원)\n구\xa0 \xa0\xa0 분\n당기말\n전기말\n법정적립금\n853,985\n853,985\n\xa0\xa0 이익준비금(*)\n853,985\n853,985\n임의적립금\n1,306,000\n1,306,000\n\xa0\xa0 임의적립금\n1,306,000\n1,306,000\n결손금\n(148,070,973)\n(101,223,369)\n합 계\n(145,910,988)\n(99,063,384)\n(*) 한국에서 제정되어 시행 중인 상법의 규정에 따라, 회사는 자본금의 50%에 달할 때까지 매 결산기마다 현금에 의한 이익배당금의 10% 이상을 이익준비금으로 적립하도록 되어있습니다. 동 이익준비금은 현금으로 배당할 수 없으나 자본전입 또는 결손보전이 가능합니다.\n(2) 보고기간 중 회사의 결손금처리계산서는 다음과 같습니다.\xa0\n(단위:천원)\n구분\xa0\n당 기\n전 기\n처리예정일 : 2021년 3월 24일\n처리확정일 : 2020년 3월 27일\nⅠ. 미처리결손금\n148,070,973\n99,063,383\n\xa0 1. 전기이월결손금\n99,063,383\n45,070,274\n\xa0 2. 보험수리적손익\n(25,270)\n(690,477)\n\xa0 3. 기타포괄손익-공정가치금융자산처분으로 인한 이익잉여금대체\n(514,412)\n11,291,994\n\xa0 4. 당기순손실\n47,387,286\n38,970,391\n\xa0 5. 기타(*)\n2,159,986\n4,421,201\nⅡ. 이월결솜금처리액\n(71,193,638)\n-\n\xa01. 감자차익 이익잉여금 대체\n(71,193,638)\n-\nⅢ. 차기이월미처처리결손금\n76,877,335\n99,063,383\n(*) 전기 기타금액은 연결범위변동에 따른 금액이며, 당기에는 전기의 해당금액 오류수정임\n28. 매출액과 매출원가보고기간 중 매출액과 매출원가의 내역은 다음과 같습니다.\n(단위:천원)\n구\xa0\xa0 분\n당기\n전기\n매출액\n7,777,162\n11,607,561\n\xa0\xa0 상품\xa0\n7,777,162\n11,607,561\n매출원가\xa0\n7,534,068\n11,321,579\n\xa0\xa0 상품\n7,534,068\n11,321,579\n29. 시스템용역계약\xa0\n(1)\xa0당기 및 전기 중\xa0시스템용역계약 잔액의 변동내역은 다음과 같습니다.\n(단위:천원)\n구\xa0 \xa0\xa0 분\n당기\n전기\n기초잔액\n24,007,144\n6,170,435\n증가액\n13,989,795\n55,901,536\n공사수익인식\n(5,261,869)\n(38,064,827)\n물적분할로 인한 변동\n(32,735,070)\n-\n기말잔액\n-\n24,007,144\n(2) 전기말\xa0현재\xa0계약자산 및 계약부채의 내역은 다음과 같으며, 당기말 잔액은 없습니다.\xa0\n(단위:천원)\n구\xa0 \xa0\xa0 분\n전기말\n계약자산\n계약부채\n금\xa0 \xa0 액\n988,295\n35,288\n30. 판매비와 관리비\xa0보고기간 중 판매비와 관리비의\xa0내역은 다음과 같습니다.\n(단위:천원)\n구 분\n당기\n전기\n급여\n1,246,135\n1,866,299\n퇴직급여\n113,046\n261,970\n복리후생비\n230,303\n291,649\n여비교통비\n5,121\n50,826\n통신비\n2,679\n3,434\n세금과공과\n115,797\n27,150\n소모품비\n6,700\n5,156\n도서인쇄비\n1,455\n2,303\n지급수수료\n1,397,533\n960,232\n수선비\n250\n-\n차량유지비\n21,253\n55,665\n접대비\n85,067\n18,534\n광고선전비\n48,103\n-\n교육훈련비\n850\n11,898\n보험료\n1,880\n2,003\n수도광열비\n1,488\n-\n전력비\n-\n1,033\n행사비\n13,661\n5,193\n임차료\n131,078\n108,660\n유형자산감가상각비\n273,279\n224,460\n무형자산상각비\n8,702\n644\n대손상각비(환입)\n(161,061)\n-\n운반비\n14,904\n-\n기타\n-\n88,849\n합\xa0 \xa0\xa0 계\n3,558,223\n3,985,958\n31. 기타수익과 기타비용\xa0보고기간 중 기타수익과 기타비용의 내역은 다음과 같습니다.\n(단위:천원)\n구분\n당기\n전기\n<기타수익>\n임대료수익\n-\n19,800\n외환차익\n19\n-\n외화환산이익\n3\n41,637\n유형자산처분이익\n-\n782\n무형자산처분이익\n72,400\n-\n리스부채상환이익\n-\n1,413\n기타의대손상각비환입\n39,991\n2,067\n파생상품평가이익\n-\n1,123,474\n당기손익인식금융자산처분이익\n-\n35,898\n전환사채전환이익\n599,050\n2,033,439\n사채처분이익\n200,484\n1,686,733\n사채상환이익\n355,576\n537,878\n기타\n157,027\n320,635\n합\xa0 \xa0 계\n1,424,550\n5,803,756\n<기타비용>\n외환차손\n8,228\n16,775\n외환환산손실\n4,276\n971,350\n기타의대손상각비\n5,208,950\n1,465,168\n파생상품평가손실\n1,648,602\n2,864,868\n사채상환손실\n751,741\n171,678\n사채전환손실\n8,051,967\n8,499,258\n사채처분손실\n1,928,481\n-\n유형자산처분손실\n-\n22,628\n당기손익인식금융자산손상차손\n-\n2,311,078\n관계기업투자주식처분손실\n-\n956,464\n관계기업투자주식손상차손\n17,409,093\n-\n종속기업투자주식손상차손\n981,476\n-\n기부금\n22,000\n102,780\n기타포괄손익공정가치금융자산손상차손\n4,358,474\n-\n기타\n189,666\n-\n합\xa0 \xa0 계\n40,562,954\n17,382,047\n32. 금융수익 및 금융비용\xa0보고기간 중 금융수익 및 금융비용의 내역은 다음과 같습니다.\n(단위:천원)\n구분\n당기\n전기\n<금융수익>\n\xa0 이자수익\n884,671\n475,082\n<금융비용>\n\xa0 이자비용\n4,172,106\n12,861,427\n33. 주당순손익\xa0가. 기본주당순손익\n(1)\xa0당기 및 전기의 기본주당순손익의 계산내역은 다음과 같습니다.\n(단위:원, 주)\n구\xa0 \xa0\xa0 분\n당기\n전기\n보통주순이익(손실)\n(47,387,285,631)\n(38,970,391,355)\n계속사업순이익(손실)\n(45,740,364,043)\n(27,664,610,189)\n중단사업순이익(손실)\n(1,646,921,588)\n(11,305,781,166)\n가중평균유통보통주식수(*)\n10,152,081\n4,037,874\n기본주당순이익(손실)\n(4,668)\n(9,651)\n기본주당계속사업순이익(손실)\n(4,506)\n(6,851)\n기본주당중단사업순이익(손실)\n(162)\n(2,800)\n(*) 당기 중 무상감사의 실시로 인한 효과를 당기 및 전기 보고기간초에 실시된 것으로 간주하여 가중평균유통주식수를 계산하였으며, 당기와 전기의 가중평균유통주식수의 산정 근거는 다음과 같습니다.\n① 당기\n(단위:원,주)\n구\xa0 \xa0\xa0 분\u3000\n당기\n주식수\n적수\n기초\n148,320,079\n54,285,148,914\n무상감자\n(142,387,276)\n(52,113,743,016)\n유상증자\n4,671,077\n1,172,440,327\n자기주식 취득\n(6,960)\n(2,234,160)\n전환사채 전환\n2,467,661\n374,049,472\n당기말\n13,064,581\n3,715,661,537\n일수\n366\n가중평균유통주식주\n10,152,081\n② 전기\n(단위:원,주)\n구\xa0 \xa0\xa0 분\u3000\n전기\n주식수\n적수\n기초\n94,336,452\n34,432,804,980\n출자전환채무 전환\n40,193\n14,228,322\n무상감자\n(90,562,994)\n(33,055,492,810)\n전환사채 전환\n2,119,153\n82,283,620\n전기말\n5,932,804\n1,473,824,112\n일수\n365\n가중평균유통주식주\n4,037,874\n나. 희석주당순이익희석주당순이익(손실)은 희석효과가 없어 산정하지 아니하였습니다.\n다. 잠재적 보통주 당기말 현재 반희석효과 때문에 희석주당이익을 계산할 때 고려하지 않았지만 잠재적으로 미래에 기본주당이익을 희석할 수 있는 금융상품의 내역은 다음과 같습니다.\n(단위:천원,주)\n구\xa0\xa0 분\n액면금액\n잠재적 보통주\n제6회 전환사채\n1,400,000\n291,666\n34. 영업으로부터 창출된 현금\n(1) 보고기간 중 영업으로부터 창출된 현금은 다음과 같습니다.\n(단위:천원)\n구\xa0 \xa0\xa0 분\n당기\n전기\xa0\n당기순이익(손실)\n(47,387,286)\n(41,644,444)\n조정 항목 :\xa0\n43,619,804\n30,030,046\n\xa0이자수익\n(945,217)\n(868,983)\n\xa0이자비용\n4,182,374\n12,923,336\n\xa0배당금수익\n(6,600)\n(3,860)\n\xa0법인세비용(수익)\n(605)\n-\n\xa0감가상각비 및 무형자산상각비\n428,056\n1,210,871\n\xa0대손상각비(환입)\n(492,827)\n3,286,449\n\xa0유형자산처분이익\n-\n(1,055)\n\xa0유형자산처분손실\n-\n22,628\n\xa0무형자산처분이익\n(72,400)\n-\n\xa0무형자산손상차손\n-\n290,524\n\xa0당기손익인식공정가치금융자산처분이익\n-\n(35,898)\n\xa0당기손익-공정가치금융자산손상차손\n-\n2,311,078\n\xa0외화환산이익\n(3)\n(38,826)\n\xa0외화환산손실\n4,276\n978,189\n\xa0기타의대손상각비(환입)\n5,115,066\n1,883,886\n\xa0파생상품평가이익\n-\n(1,123,474)\n\xa0파생상품평가손실\n1,648,602\n2,864,868\n\xa0전환사채전환이익\n(599,050)\n(2,033,439)\n\xa0전환사채전환손실\n8,051,967\n8,499,258\n\xa0사채상환이익\n(355,576)\n(537,878)\n\xa0사채상환손실\n751,741\n173,584\n\xa0사채처분이익\n(200,484)\n(1,686,734)\n\xa0사채처분손실\n1,928,481\n-\n\xa0재고자산감모손실\n1,178\n-\n\xa0재고자산평가손실환입\n(14,108)\n-\n\xa0퇴직급여\n307,426\n2,925,716\n\xa0관계기업투자지분법손실\n-\n767,439\n\xa0관계기업투자처분손실\n-\n956,464\n\xa0관계기업투자손상차손\n17,409,093\n-\n\xa0기타포괄손익공정가치금융자산손상차손\n4,358,474\n-\n\xa0종속기업처분이익\n-\n(2,795,107)\n\xa0종속기업처분손실\n1,138,466\n-\n\xa0종속기업손상차손\n981,474\n\xa0리스부채상환이익\n(1,413)\n\xa0리스부채상환손실\n-\n1,650\n\xa0주식보상비용\n-\n61,628\n\xa0충당부채전입액\n-\n(855)\n영업활동으로 인한 자산ㆍ부채의 변동 :\xa0\n(6,911,689)\n(1,155,622)\n\xa0매출채권의 감소(증가)\n(335,843)\n5,085,879\n\xa0계약자산의 감소(증가)\n(951,491)\n1,400,147\n\xa0재고자산의 감소(증가)\n364,839\n1,357,626\n\xa0미수금의 감소(증가)\n287,315\n(851,315)\n\xa0선급금의 감소(증가)\n(4,707,580)\n(7,781,844)\n\xa0선급비용의 감소(증가)\n(60,113)\n58,269\n\xa0선급부가세의 감소(증가)\n-\n11,523\n\xa0충당부채의 증가(감소)\n(73,288)\n(873,354)\n\xa0매입채무의 증가(감소)\n(26,519)\n(1,963,458)\n\xa0계약부채의 증가(감소)\n(35,288)\n(202,622)\n\xa0미지급금의 증가(감소)\n578,176\n2,500,086\n\xa0미지급비용의 증가(감소)\n25,219\n(177,131)\n\xa0선수금의 증가(감소)\n(1,000,000)\n4,499,372\n\xa0예수금의 증가(감소)\n(189,023)\n(673,153)\n\xa0리스부채의 증가(감소)\n-\n(783,755)\n\xa0퇴직금의 지급\n(788,093)\n(2,761,892)\n영업으로부터 창출된 현금흐름\n(10,679,171)\n(12,770,020)\n(2) 보고기간 중 현금의 유입ㆍ유출이 없는 거래 중 중요한 사항은 다음과 같습니다.\n(단위:천원)\n구\xa0 \xa0\xa0 분\n당기\n전기\xa0\n전환사채의 전환\n21,601,631\n27,878,337\n기타포괄손익-공정가치금융자산의 평가\n2,638,826\n54,591,515\n기타포괄손익-공정가치금융자산의 처분\n514,412\n-\n출자전환채무의 전환\n-\n1,069,127\n전환사채발행을 통한 종속기업투자주식취득\n2,000,000\n-\n물적분할에 따른 자산 및 부채의 이전\n615,466\n-\n무상감자\n71,193,638\n-\n보증금의 대여금 대체\n3,500,000\n-\n사용권자산과 리스부채 증가\n1,974,510\n810,544\n(3) 당기 및 전기 중 재무활동에서\xa0발생한\xa0부채의 조정내용은 다음과 같습니다.(당기)\n(단위:천원)\n구분\n당기초\n재무현금흐름\n물적분할로 인한 변동\n비현금흐름\n당기말\n전환/대체\n상각/조정액\n전환사채\n9,273,366\n(537,305)\n-\n(18,495,978)\n10,547,194\n787,277\n리스부채\n131,366\n(242,128)\n(1,489,437)\n1,974,510\n47,582\n421,893\n회생채권\n349,111\n(120,307)\n(142,435)\n-\n-\n86,369\n차입금\n30,646,008\n(1,252,403)\n-\n-\n-\n29,393,605\n재무활동 관련 총부채\n40,399,851\n(2,152,143)\n(1,631,872)\n(16,521,468)\n10,594,776\n30,689,144\n(전기)\xa0\n(단위:천원)\n구분\n전기초\n재무현금흐름\n비현금흐름\n전기말\n전환/대체\n상각/조정액(*)\n전환사채\n28,395,588\n5,135,563\n(36,140,484)\n11,882,698\n9,273,365\n신주인수권부사채\n43,871,285\n(53,807,000)\n7,599,634\n2,336,081\n-\n회생채권\n407,933\n(257,375)\n198,552\n-\n349,110\n차입금\n-\n30,646,008\n-\n-\n30,646,008\n재무활동 관련 총부채\n72,674,806\n(18,282,804)\n(28,342,297)\n14,218,779\n40,268,484\n(*) 신주인수권부사채의 상각/조정액에는 외화환산손익이 포함되어 있습니다.\n35. 우발사항 및 약정사항 \n(1) 당기말 현재 회사가 이행보증 등과 관련하여 지급보증을 제공받고 있는 금액은 없습니다.\n(2) 당기말 현재 회사가 피고로 계류 중인 중요한 소송사건은 없습니다.\xa0 \xa0 \xa0\n(3)\xa0당기말 현재 사용이 제한된 금융자산의 내역은 다음과 같습니다.\n(단위:천원)\n구분\n내용\n금융기관명\n당기말\n사용제한내용\n비유동성기타금융자산\n별단예금\n하나은행\n5,000\n당좌개설보증금\n별단예금\n우리은행\n3,000\n당좌개설보증금\n별단예금\n신한은행\n2,500\n당좌개설보증금\n합 계\n10,500\n36. 특수관계자 거래(1) 보고기간말 현재 회사의 특수관계자 현황은 다음과 같습니다.\xa0\n구분\n당기말\n전기말\n회사에 유의적인 영향력을 행사하는 자\n와이퀸텟(주)발렌시아(주)\n라임자산운용(주)포트코리아자산운용(주)(주)트리아스파트너스발렌시아(주)\n피투자기업\n(주) 우진홀딩스(구, 에이스우진(주))TY BIO INVESTMENT, INC.(주)티와이바이오(주)티와이레드제이에이치W투자조합(주)프렌비MEDIGENE AG(주)참테크\n에이스우진(주)TY BIO INVESTMENT, INC.(주)티와이바이오(주)티와이레드제이에이치W투자조합(주)프렌비MEDIGENE AG\n기타\nTongyang Networks Thailand Co., Ltd. , Tongyang Thailand Co., Ltd.,\nTongyang Networks Thailand Co., Ltd. , Tongyang Thailand Co., Ltd.,\n(2) 당기 및 전기 중 특수관계자와의 영업상 거래내역은 없습니다.\n(3) 당기말 현재 투자활동에 따른 특수관계자에 대한 채권·채무 내역은 다음과 같습니다.\n(단위:천원)\n구\xa0\xa0 분\n회사명\n종속기업투자주식\n관계기업투자주식\n기타포괄손익-공정가치 금융자산\n피투자기업\n(*1)\nTY BIO INVESTMENT, INC.\n-\n-\n5,433,526\n피투자기업\n(*2)\n(주)티와이바이오\n-\n-\n-\n피투자기업\n(*3),(*4)\n(주)우진홀딩스\n-\n28,314,000\n-\n피투자기업\n(*4)\n프렌비(주)\n-\n-\n-\n피투자기업\n(*4)\n제이에이치W투자조합\n-\n-\n853,498\n피투자기업\n(*4)\nMEDIGENE AG\n-\n-\n7,772,498\n피투자기업\n(*4)\n(주) 참테크\n3,656,000\n-\n-\n합\xa0 계\n3,656,000\n28,314,000\n14,059,522\n(*1) 회사는 전기 중 피투자기업의 지분 100%를 매각하는 거래를 체결하여 피투자기업과의 지배종속관계가 소멸되었습니다. 이에 약정상 잔여지분을 매각예정처분자산으로 재분류하였습니다. (*2) 회사는 전기 중 피투자기업의 지분 100%를 특수관계자인 TY BIO INVESTMENT, INC.에 매각하였으며 전기 중 피투자기업의 사채를 2,500,000천원에 인수한 후전액 매각하였습니다. (*3) 회사는 전기 중 회사 등기이사의 특수관계자로부터 피투자기업의 지분을 43,799,968천원에 매입하였으며 당기 중 회사 등기이사의 특수관계자에게 전액 45,000,000천원에 매각하는 계약을 체결하였습니다. 이에 회사는 피투자기업의 지분을 매각예정처분자산으로 재분류하였으나 매각 계약의 취소로 관계기업투자주식으로 재분류하였습니다. 한편, 전기말 현재 회사는 상기 거래의 상대방과의 특수관계가 소멸되었습니다. (*4) 상기 금융상품에 대하여 회수가능가액보다 장부가액이 높은 경우 손상차손을 인식하였으며 그 세부내역은 다음과 같습니다.\n(단위:천원)\n구 분\n취득가액\n장부가액\n평가손익\n프렌비(주)\n760,000\n-\n760,000\n제이에이치W투자조합\n3,000,000\n853,498\n2,146,502\nMEDIGENE AG\n30,955,345\n7,772,498\n23,182,847\n(주)우진홀딩스\n45,723,093\n28,314,000\n17,409,093\n(주) 참테크\n4,637,476\n3,656,000\n981,476\n합계\n85,075,914\n40,595,996\n44,479,918\n(4) 당기 중 특수관계자와의 지분거래 및 전환사채 거래내역은 다음과 같습니다.\n(단위:천원)\n구분\n특수관계자명\n거래내역\n당기\n회사에 유의적인 영향력을 행사하는 자\n와이퀸텟㈜\n유상증자\n6,999,999\n(5)\xa0당기 및 전기 중 금융상품(지분 증권 및 사채)에 대한 투자를 제외한 특수관계자와의 자금 대여거래는 없습니다. 한편, 회사는 차입금과 관련하여 발렌시아(주)에게 담보로 제공한\xa0다음과 같습니다.\n(단위:천원)\n담보제공자산\n담보형태\n담보설정금액\n장부금액\n제공받은자\n담보권자\n관계기업투자주식((주)우진홀딩스(구, 에이스우진(주)) 보통주)\n질권설정\n45,500,000\n26,224,378\n차입금_질권\n발렌시아㈜\n기타포괄손익-공정가치금융자산 (지분증권)\n질권설정\n7,772,498\n기타포괄손익-공정가치금융자산(채무증권)\n질권설정\n4,226,076\n매출채권(유동성)\n질권설정\n235,311\n대여금(유동성)\n질권설정\n81,781\n매출채권(비유동성)\n질권설정\n3,375,304\n대여금(비유동성)\n질권설정\n1,173,071\n종속기업투자주식((주)참테크 보통주)\n질권설정\n3,656,000\n합 계\n45,500,000\n46,744,419\n\u3000\n(6) 당기 중 특수관계자에게 제공하는 지급보증은 다음과 같습니다.\n(단위:천원)\n특수관계자의 명칭\n보증 등의 내용\n금융기관\n보증 또는 담보 금액\n피투자기업\n(주)참테크\n연대보증\n중소기업은행\n1,835,150\n(7) 주요 경영진에 대한 보상\xa0\n주요 경영진은 이사, 이사회의 구성원, 재무책임자 및 내부감사책임자를 포함하고 있습니다. 당기와 전기 중 종업원서비스의 대가로서 주요 경영진에게 지급되었거나 지급될 보상금액은 다음과 같습니다.\n(단위:천원)\n구\xa0 \xa0\xa0 분\n당기\n전기\n급여 및 기타 단기종업원 급여\n486,538\n777,042\n퇴직급여\n124,875\n4,932\n합\xa0 \xa0\xa0 계\n611,413\n781,974\n37. 회생계획안 인가 회사는 2013년 10월 1일자로 서울중앙지방법원에 채무자회생및파산에관한법률에 따른 회생절차 개시를 신청하여 2013년 10월 17일에 법원의 회생절차 개시결정을 받았습니다. 회사가 제출한 회생계획안이 관계인집회의 동의를 얻어 2014년 3월 14일자로 동 법원으로부터 회생계획안에 대한 인가결정을 받았습니다. 2015년 2월 26일 회생절차 종결 신청을 하였으며, 2015년 3월 10일 회생절차 종결결정을 받았습니다.당기말 현재 회생채무의 내역은 다음과 같습니다.\n(단위:천원)\n구분\n전기말\n변제\n물적분할로 인한 변동\n당기말\n구상채무\n28,155\n(9,385)\n-\n18,770\n상거래채무\n315,730\n(109,549)\n(142,434)\n63,747\n상거래채무(소액채권)\n5,226\n(1,373)\n-\n3,853\n합계\n349,111\n(120,307)\n(142,434)\n86,370\n차감: 유동성대체\n(76,985)\n비유동회생채무\n9,385\n38. 영업부문 정보(1) 회사의 보고부문 구분에 대한 주요 내용은 다음과 같습니다.회사의 영업부문은 크게 IT부문, BT부문으로 되어 있었으나, 당기 중 IT 부문을 분할함에 따라 유통사업부문으로 영업활동을 수행하고 있습니다.(2) 사업별 부문에 대한 일반정보는 다음과 같습니다.\n부문\n주요 재화 및 용역\n주요 고객\n제30(당) 기\n제29(전) 기\n유통사업부(구 BT부문)\nBT부문\nMRO서비스 등\n쿠팡 주식회사 등\n-\nIT부문\n통합전산센터, 금융전산화, 시스템 유지보수, 인적용역, 통신 등\n유안타증권(주), 신용보증기금 등\n(3) 회사 전체 수준의 공시가. 보고기간 중 회사 수익의 상세내역은 다음과 같습니다.\n(단위:천원)\n(단위 : 천원)\n구\xa0 \xa0\xa0 분\n당기\n전기\n상품 판매\n7,777,162\n11,607,561\n나. 주요 고객에 대한 정보보고기간 중 회사 매출액의 10% 이상을 차지하는 외부 고객과 관련된 정보는다음과 같습니다.\xa0\n(단위:천원)\n구분\n매출액\n관련 보고 부문\n당기\n전기\n쿠팡 주식회사\n5,290,096\n9,067,248\n단일사업부(구 BT부분)\n39. 수주산업(1) 진행률을 사용하지 않는 품목당기 중 원가기준 투입법을 적용하여 진행기준 수익을 인식한 계약으로서 계약금액이 전기 매출액의 5% 이상인 주요 계약의 내역은 없으며,\xa0전기 중 진행률을 사용하지 않는 품목 중 수주총액이 전기 매출액의 5%이상인 주요계약의 내역은 다음과 같습니다.\n(단위:백만원)\n품목\n수주일자\n납기\n수주총액\n기납품액\n수주잔고\n수량\n금액\n수량\n금액\n수량\n금액\n유안타증권 유지보수\n2019.01.04\n2019.12.31\n1\n12,705\n1\n5,577\n1\n7,128\n합 계\n1\n12,705\n1\n5,577\n1\n7,128\n40. 보고기간 종료일 이후 사건(1) 제3자배정 유상증자1) 제3자배정 대상자 : (주)세븐인베스트2) 발행주식수 : 50,308주3) 발행가액 : 14,385원4) 발행금액 : 팔억구백만구십구만오백팔십원(\\809,990,580)5) 납입일 : 2021년 1월 4일(2) 제5회차 전환사채 발행1) 사채의 종류 : 제5회차 무기명식 무보증 사모 전환사채2) 권면총액 : 20,000백만원3) 발행일 : 2021년 2월 2일4) 만기일 : 2024년 2월 2일5) 이자율 : 표면금리 5%, 만기수익률 연 복리 8%\n(3) 제7회차 전환사채 발행1) 사채의 종류 : 제7회차 무기명식 무보증 사모 전환사채2) 권면총액 : 10,000백만원3) 발행일 : 2021년 2월 2일4) 만기일 : 2024년 2월 2일5) 이자율 : 표면금리 5%, 만기수익률 연 복리 8%.\n41. 중단사업\n(1) 중단사업 내역회사는 당기에 이사회의 의사결정에 따라 회사가 보유하고 있는 IT사업부문을 2020년 3월 3일에 물적분할 한 후, 이에 대한 지분을 2020년 5월 15일에 100% 매각하여 지배력을 상실하였습니다. 또한, 전기에 이사회의 결정에 따라 회사가보유하고 있는 TY BIO INVESTMENT, INC.의 지분 51%를 2019년 하반기에 매각하여 지배력을 상실하였으며, 잔여지분도 당기에 매각완료됨에 따라 종속기업에서 발생한 손익을 전기에 중단영업으로 분류하였습니다. \n(2) 보고기간 중 중단사업의 손익은 다음과 같습니다.\n(단위:천원)\n구분\n당기\n전기\n매출액\n5,349,187\n44,586,078\n매출원가\n5,389,028\n44,669,557\n매출총이익\n(39,841)\n(83,479)\n판매비와관리비\n596,828\n15,771,829\n영업손익\n(636,669)\n(15,855,308)\n금융수익\n67,146\n397,761\n금융비용\n10,268\n126,865\n기타수익\n73,242\n356,000\n기타비용\n1,907\n779,089\n지분법손익\n-\n(767,439)\n종속기업투자처분손익\n(1,138,466)\n2,795,107\n중단사업손익\n(1,646,922)\n(13,979,833)\n(3) 보고기간 중 중단사업의 현금흐름은 다음과 같습니다.\xa0\n(단위:천원)\n구분\n당기\n전기\n영업활동으로 인한 순현금흐름\n(5,580,380)\n(7,044,288)\n투자활동으로 인한 순현금흐름\n295,515\n(3,940,987)\n재무활동으로 인한 순현금흐름\n(27,740)\n14,158,553\xa0\n현금및현금성자산에 대한 환율변동효과\n-\n207,034\xa0\n합 계\n(5,312,605)\n3,380,312\xa0\n42. 중단사업 및 매각예정처분자산 재분류에 의한 전기재무제표의 영향회사는 2019년 9월에 매각예정처분자산으로 분류한 ㈜우진홀딩스(구, 에이스우진㈜)에 대해서 2020년 11월 6일 계약 해지에 따른 양도 결정이 철회되어서 해당 투자지분을 관계기업투자주식으로 재분류하였습니다. (1) 전기 말 현재 재무상태표 항목의 변동내용은 다음과 같습니다.\n(단위:천원)\n과목\n수정전 금액\n중단사업의 영향(*1)\n매각예정처분자산의 계정재분류 영향(*2)\n수정후 금액\n유동자산\n61,847,817\n-\n(43,799,988)\n18,047,829\n비유동자산\n34,798,982\n-\n43,799,988\n78,598,970\n\xa0자산 계\n96,646,799\n-\n-\n96,646,799\n유동부채\n53,573,306\n-\n-\n53,573,306\n비유동부채\n3,539,928\n-\n-\n3,539,928\n부채 계\n57,113,234\n-\n-\n57,113,234\n자본금\n74,160,040\n-\n-\n74,160,040\n자본잉여금\n108,933,423\n-\n-\n108,933,423\n자본조정\n65,564\n-\n-\n65,564\n기타포괄손익누계액\n(44,562,078)\n-\n-\n(44,562,078)\n이익잉여금\n(99,063,384)\n-\n-\n(99,063,384)\n자본 계\n39,533,565\n-\n-\n39,533,565\n(*1) 주석41번과 관련된 동양시스템즈㈜ 손익(*2) ㈜우진홀딩스(구, 에이스우진㈜)의 매각철회\n(2) 전기 중 손익계산서 항목의 변동내용은 다음과 같습니다.\n(단위:천원)\n과목\n수정전 금액\n중단사업의 영향(*1)\n매각예정처분자산의 계정재분류 영향(*2)\n수정 후 금액\n매출액\n55,687,268\n(44,079,707)\n-\n11,607,561\n매출원가\n55,706,410\n(44,384,831)\n-\n11,321,579\n매출총이익\n(19,142)\n305,124\n-\n285,982\n판매비와관리비\n14,028,268\n(10,042,310)\n-\n3,985,958\n영업이익(손실)\n(14,047,410)\n10,347,434\n-\n(3,699,976)\n기타수익\n8,951,415\n(3,147,658)\n-\n5,803,757\n기타비용\n17,919,713\n(537,666)\n-\n17,382,047\n금융수익\n868,391\n(393,309)\n-\n475,082\n금융비용\n12,891,067\n(29,640)\n-\n12,861,427\n법인세차비용차감전순이익(손실)\n(35,038,384)\n7,373,773\n-\n(27,664,611)\n법인세비용\n-\n-\n-\n-\n계속사업손익\n(35,038,384)\n7,373,773\n-\n(27,664,611)\n중단사업손익\n(6,606,060)\n(7,373,773)\n-\n(13,979,833)\n당기순이익(손실)\n(41,644,444)\n-\n-\n(41,644,444)\n(*1) 주석41번과 관련된 동양시스템즈㈜ 손익(*2) ㈜우진홀딩스(구, 에이스우진㈜)의 매각철회43. 물적분할(1) 당사는 이사회에서 IT시스템 통합사업 및 IT아웃소싱사업부문을 물적분할하여 신설회사인 동양네트웍스(주)에 이전하고 해당 지분 100%을 소유하는 물적분할을 결의하였으며, 2020년 3월 3일 분할 완료되었습니다.\n구\xa0\xa0 분\n내\xa0\xa0 용\n분할방법\n물적분할\n분할회사\n비케이탑스(주) (분할존속회사)\n동양네트웍스(주) (분할신설회사)\n주주총회승인일자\n2020년 01월 28일\n분할기일\n2020년 03월 03일\n(2) 당사는 동 분할로 인하여 감소하는 순자산 장부금액으로 종속기업투자주식의 취득원가를 결정하였으며, 분할로 인하여 이전된 순자산 장부금액과 종속기업투자주식의 취득원가는 다음과 같습니다.\n(단위: 천원)\n구\xa0\xa0 분\n금\xa0\xa0 액\n자산\n현금및현금성자산\n1,000,000\n기타유동금융자산\n1,661,549\n매출채권 및 기타채권(유동)\n1,180,230\n기타유동자산\n988,444\n계약자산\n1,939,786\n기타비유동금융자산\n305,168\n매출채권 및 기타채권(비유동)\n260,584\n기타포괄손익공정가치금융자산\n1,787,782\n유형자산\n1,747,434\n무형자산\n126,548\n자산 총계\n10,997,525\n부채\n매입채무\n3,122,296\n기타채무\n1,573,102\n유동성리스부채\n245,906\n유동성충당부채\n207,391\n리스부채\n1,243,531\n충당부채\n38,839\n순확정급여채무\n2,950,994\n부채 총계\n9,382,059\n이전한 순자산 장부금액(종속기업투자주식)\n1,615,466\n44. 계속기업가정에 대한 불확실성회사의 재무제표는 회사가 계속기업으로서 존속할 것이라는 가정을 전제로 작성되었으므로 회사의 자산과 부채가 정상적인 사업활동과정을 통하여 장부가액으로 회수되거나 상환될 수 있다는 가정 하에 회계처리 되었습니다.\xa0그러나 회사는 2020년 12월 31일로 종료되는 보고기간에 영업손실이 3,315백만원, 당기순손실이 47,387백만원이발생하였고 이러한 상황은 계속기업으로서의 존속능력에 유의적 의문을 제기할만한 중요한 불확실성이 존재함을 나타냅니다.회사는 이러한 상황을 타개하기 위하여 유상증자, 투자자산의 회수 및 부채상환 조건의 변경 등을 계획하고 있으며 새로운 수익창출을 위한 사업계획을 수립하고 추진하고 있습니다. 따라서 회사의 계속기업으로서의 존속여부는 회사의 자금소요를 위해 필요한 자금조달계획과 안정적인 영업이익 달성을 위한 재무 및 경영개선계획의 성패에 따라 그 타당성이 결정되는 중요한 불확실성이 존재하고 있습니다.\xa0\n']"
