text
"['\nII. 사업의 내용\n1. 사업의 개요[소맥분 식품부문]가. 시장 여건\xa0\n\xa0 제분산업은 다양한 식품산업의 기초 소재가 되는 밀가루를 생산하는 산업으로서, 식품으로서의 안전성 확보와 식품 제조업체에 다양성과 편의성을 제공하여 식품산업의 발전에 초석이 되는 아주 중요한 자본 집약 산업으로, 부가가치는 타산업과 비교하여 높지 않으나 안전한 식품 제조라는 사명감과 지속적인 연구개발 및 기술개발과 더불어 꾸준한 시설투자가 필요한 장치산업입니다.현재 모든 국가가 식량안보에 주력하고 있는 상황을 감안하면, 완제품 밀가루가 수입될 경우 식량 의존도는 더욱 커질 것이며 국내 제분산업의 안정성이 흔들리게 될 것입니다. 따라서 원료인 밀을 대부분 수입하여 가공하는 국내 제분산업은 단순한 밀가루를 생산하는 산업으로서의 성격이 아닌 국민 식생활과 소비자물가에 가장 근접한 산업의 성격을 가진다고 봅니다.\n\xa0 국내 제분산업은 1950년대 한국전쟁 중인 민족 식량 수난기에 태동되어 60년대 시설 확장기 및 70ㆍ80년대 노후 시설의 개선으로 인한 시설 과잉으로 흡수합병의 정비기를 거쳤으며, 이후 일부 공장의 폐쇄 및 인수 통합의 과정을 거쳐 2020년말 한국제분협회에 등록되어 있는 제분회사는 7개사 총 10개 공장이 가동되고 있습니다.국내 경제규모의 성장과 식품산업의 발전, 식생활 패턴의 변화로 2000년대 초반까지완만한 상승세를 유지하여 왔으나, 세계 경제의 글로벌화 및 개발도상국가의 경제발전으로 인한 제분산업의 발전 및 시설 증가로 외국산 밀가루 및 밀가루 제품의 수입 증가, 국내 식품업체의 해외 진출, 정부의 쌀 소비 촉진 지원책 등으로 성장이 정체되고 있는 상황으로 향후 성장세는 제한될 것으로 예상됩니다.최근 5사업년도의 가공량, 생산량은 아래와 같습니다.\n(단위 : M/T)\n연도/구분\n가공량\n생산량\n2016\n2,138,987\n1,709,943\n2017\n2,182,223\n1,745,397\n2018\n2,159,095\n1,742,683\n2019\n2,163,187\n1,737,853\n2020\n2,151,994\n1,733,051\n(가공량, 생산량 수치는 ""한국제분협회"" 자료를 참고로 하여 집계한 것으로 오차가있을 수 있습니다.)국내 제분산업은 시설 과잉과 소비침체로 인한 가동률 저하와 장치산업의 특성인 고정 비용의 증가, 낮은 부가가치와 업체 간의 과다경쟁, 정부와 소비자단체의 가격에 대한 민감성과 대형 거래처의 구매 교섭력 강화에 따른 제품 가격의 원료비 변동에 대한 비탄력화 등으로 수익구조가 취약한 상황입니다.생산구조의 특성상 발생할 수밖에 없는 저급 제품 및 부산물의 수요 또한 국내 사료산업 및 축산업의 동향에 동반하여 수익성 변동 요인이 큰 편이고 타 산업에 비하여 제품의 수요자가 상당한 우월적 위치에 있습니다.제분산업의 주원료인 원맥의 국내 생산량은 전체 소요량의 2% 미만으로 전량 수입에 의존하여야 하며, 글로벌 식량위기 및 주요 생산ㆍ수출국의 식량안보 전략으로 원료의 안정적인 확보가 최우선 과제로 대두되고 있으며, 국제가격 변동폭의 확대로 수입가격의 등락이 심하고, 원화 환율 또한 원재료 가격에 미치는 영향이 지대합니다. 국내 제분산업의 국가별 원료 구매 현황은 아래와 같습니다.\n(단위 : M/T)\n구 분\n미국\n호주\n캐나다\n기타\n계\n2016\n1,031,899\n1,039,901\n99,494\n4,794\n2,176,088\n2017\n1,055,144\n1,038,682\n137,629\n7,040\n2,238,495\n2018\n1,012,711\n1,005,735\n121,125\n4,751\n2,144,322\n2019\n1,077,777\n1,076,397\n135,465\n5,295\n2,294,934\n2020\n1,115,249\n949,313\n116,710\n463\n2,181,735\n(국가별 원료 구매 현황 수치는 ""한국제분협회"" 자료를 참고로 하여 집계한 것으로오차가 있을 수 있습니다.)\n나. 영업 현황\n\xa0국내 경기침체 및 소비둔화 영향과 제분업체간 경쟁이 더욱 치열해지고 있는 영업 환경하에서 제71기 1분기 영업실적은, 매출액은 약 79,171백만원으로 전년동기대비2.4% 증가, 영업이익은 약 6,687백만원으로 전년동기대비 9.5% 감소하였고 당기순이익은 약 5,618백만원으로 전년동기대비 3.6% 증가하였습니다.당사는 생산 효율성 제고 및 연구개발을 통한 제품 경쟁력 확보, 영업\xa0채널별 탄력적인 전략 운용 및 신규 거래처 판촉 등 실적 향상을 위해 더욱 노력하겠습니다.최근 3사업년도 시장점유율은 다음과 같습니다.\r\n구 분\n2020년\n2019년\n2018년\n시장점유율\n25.413%\n26.599%\n25.165%\n[사료부문]가. 시장여건대ㆍ내외적으로 불확실한 시장여건에서 업계 배합사료 생산이 전년대비 1.1% 증가한 실적을 보였습니다.나. 영업현황치열한 영업 환경과 질병으로 인한 사료시장의 어려움 속에서 전년대비 1.7%의 판매량 증가와 7.4%의 매출액 증가를 보이며 양호한 수익을 실현하였습니다.제77기 1분기 영업실적은\xa0매출액 104,648백만원, 당기순손실은 349백만원,\xa0판매실적\xa0158,623M/T입니다.주) 사료부문의 영업실적은 대한사료, DH바이탈피드의 실적을 포함하였습니다.[하역 및 보관매출부문]가. 시장여건1분기 인천항 도입량은 제분용 소맥 및 대두의 물량이 증가하였지만 사료용 곡물 및 가공용 옥수수의 도입이 감소하여 전년대비 2.25% 감소한 125만톤입니다. 회사는 제분용 소맥 물량이 증가하여 전년대비 취급량은 4.05% 증가하였지만 체화료 등의 감소로 매출액은 3.16% 감소하였습니다. 또한, 항상 우수한 설비와 운영시스템을 바탕으로 최상의 서비스를 제공하여 인천항 곡물하역 점유율 40.31%를 유지하고 있습니다.\n- 하역부문 : 인천항 도입물량은 제분용 소맥 및 대두 도입이 증가하였으나 사료용 곡물 및 가공 용 옥수수 도입이 감소하여 전년대비 2.25% 감소한 125만톤 도입되었습니다.\n- 남항사업소 : 코로나 19와 컨테이너 수급 문제로 종이류 수출입 물량이 감소하고 있으며, 원산지 공급 부족으로 각 재류 수입 또한 감소하고 있습니다.\n- 조사료사업 : 공컨테이너 부족 및 선적 지연으로 조사료 전체 도입량이 소폭 감소하였으며, 업체 간 판매 경쟁은 크지 않았으나 결제자금 회전을 위한 일부 업체의 저가 판매가 성행하였습니다.\n나. 영업현황전체 매출액 20,993백만원, 당기순이익 1,873백만원을 기록하였습니다.\n- 하역부문 : 제분용 소맥의 증가로 취급량은 전년대비 4.05% 증가하였으나 매출액은 체화료 등의 감소로 전년대비 3.16% 감소하였습니다.\r\n- 남항사업소 : 코로나 19 및 컨테이너 부족 등 업계의 전반적인 불황으로 인한 물량 감소로 전년대비 취급량은 8.27%, 매출액은 8.11% 감소하였습니다.\n- 조사료사업 : 중장기 구매를 통한 경쟁력 확보 및 도입 차질을 우려한 수요 증가에 대비한 구매선 다변화를 통하여 전년대비 판매량은 6.54%, 매출액은 5.74% 증가하였습니다.\n[반려동물사업 부문]가. 시장여건\n반려동물 양육 가구 증가 등으로 국내 펫푸드 시장이 확대되고 있으며\xa0 유로모니터 기준 2020년 국내 펫케어 시장 규모는 2조원을 돌파할 것으로 보입니다. 유통 측면에서는 온라인 판매 비중이 약 53%(2019년 기준)로 타 채널 대비 가장 높은 비중을 차지하는 것이 특징입니다(동물병원 유통 비율 7.7%).\n특히, 1인 가구 증가와 함께 반려동물을 양육하는 국내 가구 비율이 갈수록 성장하면서 펫 관련 산업도 고속 성장을 거듭하고 있습니다. 추후 2027년에는 약 6조 원 규모까지 성장할 전망입니다.\n나. 영업현황\r\n당사는2010년10월20일에 설립되어, 배합 사료 제조업, 애완동물 사료 및 관련 용품 도소매업, 동물병원 운영 및 애완동물 숙박, 교육, 트레이닝업 등을 주요 사업으로 영위하고 있으며2018년 디비에스주식회사에서 우리와주식회사로 사명을 변경하였습니다. 2018년 10월 1일 대한사료주식회사로부터 반려동물사료 판매 및 연구개발사업부를 양수하였으며, 2019년 3월 1일 대산앤컴퍼니주식회사 애견사료사업부를 양수하였습니다. 2020년 8월에는 충청북도 음성에 반려동물 전문 사료 공장을 완공하였습니다. 당기말 현재 주주는 대한제분주식회사(100%)입니다.동 부문 매출액은 29,132백만원, 당기순이익은 528백만원을 기록하였습니다.\n[식음료 부문]가. 시장 여건\xa0\n식품·외식 산업은 국내외 생산되는 식품원재료를 사용해 고객이 먹거나 마시는 상품을 제공하는 산업이며, 제품 제조와 식자재 유통을 포함하고 있습니다.\n동 사업은 성격상 1차산업인 농·축·수산업과 밀접한 상호관계를 가지고 있으며, 경제구조ㆍ물가ㆍ고용ㆍ인구구조ㆍ가족구성ㆍ소비 트랜드 등의 변화와 경기 변동의 영향을 많이 받습니다.\n국내 식품 시장은 2018년 기준 230조원 규모( 2020년, 통계청)로 전년대비 5.5% 성장하였고 과거 10년간 평균 6.3%의 성장을 보여왔습니다. 최근 불확실한 경기 상황 속에서 소비심리 위축에 따른 저가형 선호 고객과 가치소비(합리적 소비를 하되 본인 만족도가 높은 소비재는 과감히 소비) 성향이 강한 소비자들로 양극화된 소비문화, 1인 가구 증가 및 여성 경제 활동 참여 확대, 고령사회 진입 등의 인구 변화, 온라인 주문 및 배달 유통 등 채널 다변화, 국내외 신규 브랜드 진입 등의 치열한 경쟁에서 살아남아야 하는 과제를 받고 있습니다. 이에 관련 업체들은 각자의 브랜드와 제품 경쟁력 강화, 제품군 확대 등을 통해 변화에 적응하고 경기 변동 위기를 극복해 성장을 추구하고 있습니다.\n나. 영업현황\n최근 코로나 19에 따른 사회적거리두기 정책과 지속적인 국내 경기침체 및 소비둔화 영향 및 동종 업체간 경쟁이 더욱 치열해지고 있는 영업환경 속에서 제12기 1분기 영업실적은 매출액 약 22,618백만원(전년동기21,569백만원), 영업손실 약 286백만원(전년동기 영업손실 1,669백만원)의 실적을 보였습니다. 당사는 지속적인 생산 효율 및 제고, 연구개발을 통한 제품 경쟁력 확보, 영업 채널의 확대, 탄력적인 영업 전략 운용, 고객 판촉 강화 등 실적 개선을 위해 더욱 노력하겠습니다.\n2. 주요제품 및 원재료에 관한 사항[소맥분 식품부문]가. 주요제품 현황\r\n(단위 : 백만원)\n사업부문\n매출유형\n품목\n구체적용도\n주요상표등\n매출액(비율)\n제조, 도매\n제품, 상품\n소맥분외\n제과, 제면, 빵,라면, 사료용 등\n\'곰표\' 등\n79,171(100%)\n나. 주요 제품 등의 가격변동추이\n(단위 : 원/톤)\n품목\n제71기 1분기\n제70기\n제69기\n소맥분 등\n532,130\n528,012\n510,071\n주1) 산출기준 : 원가별 판매실적 매출액 / 판매량주2) 판매량은 소맥분, 부산물, 프리믹스, 상품, 조제품을 합산한 수량입니다.\n다. 주요원재료에 관한 사항(1) 주요원재료당사는 미국, 호주, 캐나다 등으로부터 원재료인 원맥을 전량 구매하고 있으며, 용도및 매입액 등은 아래와 같습니다.\n(단위 : 백만원)\n사업부문\n매입유형\n품목\n구체적용도\n매입액(비율)\n비고\n제조\n원재료\n원맥\n소맥분 제조\n42,456(100%)\n미국,호주,캐나다등\n(2) 주요 원재료 등의 가격변동추이\n(단위 : 원/톤)\n품목\n제71기 1분기\n제70기\n제69기\n원맥(수입)\n308,309\n326,665\n326,282\n주1) 가격 산출기준은 원맥구입액을 가공량으로 나눈금액을 기준으로 하였습니다.주2) 전년대비 원맥대 상승하였으나, 달러 약세로 인한 환율 하락으로 원재료비 하락하였습니다.\n[사료부문]가. 주요제품현황\xa0\r\n구 분\n양계\n양돈\n축우\n양견\n양어\n합계\n수량(톤)\n37,341\n64,536\n46,384\n1,220\n9,142\n158,623\n비율(%)\n23.5%\n40.7%\n29.2%\n0.8%\n5.8%\n100.00%\n나. 주요 제품 등의 가격변동추이\n(단위 : 원/톤)\n품목\n제77기 1분기\n제76기\n제75기\n양계사료 외\n480,372\n509,200\n507,830\n주) 산출기준 : 매출액/판매량다. 주요원재료에 관한 사항(1) 주요원재료\n구 분\n수량(MT)\n구매비율(%)\n옥수수\n71,016\n59.0%\n소 맥\n5,491\n5.0%\n대두박\n17,827\n15.0%\n기 타\n25,244\n21.0%\n도입원료 수입 총계\n119,578\n100%\n(2) 주요 원재료 등의 가격변동추이\n대한사료(주)의 사료제조에 필요한 주요 원자재 중 가장 큰 비중을 차지하는 원료는 옥수수로 그 가격 산출 기준은 해당 기간(제77기 1분기) 동안 사용된 옥수수의 산술평균 금액을 적용하였으며, 전체적인 옥수수 시장은 주요 옥수수 생산지역인 미국, 남미 지역의 기상 악화로 인한 생산량 감소 우려 및 중국의 옥수수 수입량 급증으로 인한 세계 재고 감소를 바탕으로 가격이 작년 대비 상승하였습니다.\n(단위 : 원/톤)\n품목\n제77기 1분기\n제76기\n제75기\n옥수수(수입)\n265,621\n247,215\n228,115\n[하역 및 보관매출부문]가. 주요서비스현황\xa0\r\n곡종\n제분용 소맥\n사료용 곡물\n대두\n식용옥수수\n합계\n수량(톤)\n261,778\n10,271\n114,370\n117,470\n503,889\n비율(%)\n52.0%\n2.1%\n22.7%\n23.3%\n100%\n나. 주요서비스 가격변동추이\n(단위 : 원/톤)\n구 분\n2021년 1분기\n2020년\n2019년\n하역료\n3,563\n3,563\n3,509\n설비이용료\n3,804\n3,804\n3,748\n주1) 산출기준 : 하역 및 설비 이용 매출액/하역 및 설비 이용량주2) 하역 및 설비 이용량은 각종 곡물을 합산한 수치입니다.\n[반려동물사업 부문]가. 주요상품현황\n(단위 : 백만원)\n매출유형\n품목\n주요상표등\n매출액(비율)\n상품, 제품\n반려동물 사료 외\n이즈칸\nANF\n웰츠\n29,132(100%)\n\xa0주) 반려동물사업 부문의 매출액은 우리와, Wooriwa Pet Food Company의 실적을 포함하였습니다.\n나. 주요 상품 등의 가격변동추이\n(단위 : 원)\n구 분\n제12기 1분기\n제11기\n제10기\n이즈칸 캣 그레인프리 어덜트 6.5kg\n22,100\n21,355\n20,645\n주1) 산출기준 : 실매출액/판매량다. 주요원재료에 관한 사항(1) 주요원재료\n(단위 : 백만원)\n구 분\n매입유형\n품목\n구체적용도\n매입액(비율)\n사료\n원재료\n계육분\n반려동물사료제조\n879(16.0%)\n옥수수\n663(12.0%)\n(2) 주요원재료 등의 가격변동추이\n(단위 : 원/kg)\n품목\n제12기 1분기\n계육(원/kg)\n830\n옥수수(원/kg)\n236\n주) 산출기준 : 실매입액/매입량\n[식음료 부문]가. 주요제품 현황\n(단위 : 백만원)\n매출유형\n품목\n주요상표등\n매출액(비율)\n제품, 상품\n커피 및 기타 음료,베이커리 / 멕시칸푸드\n아티제 / 쿠차라\n22,618(100%)\n나. 주요 제품 등의 가격변동추이\n(단위 : 원)\n구 분\n제12기 1분기\n제11기\n제10기\n식음료\n4,653\n4,499\n4,195\n주) 산출기준: 실매출액/판매량\n다. 주요원재료에 관한 사항(1) 주요원재료\r\n(단위 : 백만원)\n구 분\n매입유형\n품목\n구체적용도\n매입액(비율)\n식료\n원재료\n유제품류\n식음료 제조\n674(10.0%)\n음료\n원두\n418(6.2%)\n(2) 주요 원재료 등의 가격변동추이\n(단위 : 원)\n품목\n제12기 1분기\n제11기\n제10기\n원두(kg)\n13,445\n29,690\n15,800\n유제품류\n우유(개)\n1,509\n1,507\n1,415\n생크림(개)\n3,077\n3,247\n2,905\n주) 산출기준: 실매입액/매입량\n3. 생산 및 설비에 관한 사항[소맥분 식품부문]가. 생산능력 및 생산능력의 산출근거\r\n\xa0(1) 생산능력\n(단위 : 천톤)\n사업부문\n품목\n사업소\n제71기 1분기(21.1.1~21.3.31)\n제70기(20.1.1~20.12.31)\n제69기(19.1.1~19.12.31)\n제조도매\n소맥분\n인천공장\n738\n738\n738\n소 계\n738\n738\n738\n소맥분\n부산공장\n159\n159\n159\n소 계\n159\n159\n159\n합 계\n897\n897\n897\n\xa0(2) 생산능력의 산출근거\n\xa0 (가) 산출방법 등\n\xa0\xa0 ① 산출기준\xa0\n\xa0 \xa0 사업부문은 당사의 인천·부산공장을 기준으로 하였으며, 생산능력은 평균 생산\xa0 \xa0 \xa0 능력(일일 소맥 2,990 M/T 가공)을 기준으로 산출하였습니다.\xa0\xa0 ② 산출방법: 일\xa0 2,460 M/T × 25일 × 12개월 = 738,000M/T (인천공장)\xa0 \xa0 \xa0 \xa0 \xa0 \xa0 \xa0 \xa0 \xa0 \xa0 \xa0 일\xa0 \xa0\xa0 530 M/T × 25일 × 12개월 = 159,000M/T (부산공장)\n\xa0 (나) 평균가동가능시간\n\xa0 \xa0 \xa0\xa0 : 24시간 / 일 , 25일 / 월\n나. 생산실적 및 가동률\n\xa0(1) 생산실적\n(단위 : 천톤)\n사업부문\n품목\n사업소\n제71기 1분기(21.1.1~21.3.31)\n제70기(20.1.1~20.12.31)\n제69기(19.1.1~19.12.31)\n제조도매\n소맥분외\n인천공장외\n142\n564\n594\n소 계\n142\n564\n594\n합 계\n142\n564\n594\n(2) 당해 사업연도의 가동률\n(단위 : 시간, %)\n사업소(사업부문)\n1분기 가동가능시간\n1분기 실제가동시간\n평균가동률(%)\n인천공장\n1,800\n1,452\n80.7\n부산공장\n1,800\n1,361\n75.6\n합 계\n3,600\n2,813\n78.1\n[사료부문]가. 생산능력\r\n(일일생산량, 단위 : 톤)\n구 분\n양축용배합사료\n어류용\n배합사료\n기타동물용\n배합사료\n단미사료\n반추동물용섬유질 배합사료\n인천공장\n400\n40\n35\n1\n-\n창원공장\n290\n-\n-\n-\n-\n전주공장\n240\n-\n-\n-\n-\n천안공장\n-\n-\n-\n-\n50\n[하역 및 보관매출부문]하역 및 보관에 필요한 주요 설비내역은 다음과 같습니다.\n가. 접안시설 : 당사 곡물 전용선석 2석(301M × 14.4M)\n나. 하역시설 : HL-SKT 1기(750MT/H), PNT 2기(400MT/H/EA)\n다. 반입시설 : 컨베이어 벨트 2LINE(600MT/H/EA)라. 저장시설\n명칭\nA-SILO\nB-SILO\n평창고\n철탱크\n합계\n설비개수\n1동(62개)\n1동(64개)\n2동\n7동\n저장능력\n75,000톤\n100,000톤\n75,000톤\n50,000톤\n300,000톤\n마. 계근시설 : 트럭계근대 3대(80톤/대)\n[반려동물사업 부문]가. 생산능력\n(월간 생산량, 단위 : Ton)\n구 분\n반려동물사료\n비고\n우리와 펫푸드 키친\n2,523\n1일(16h) 70% 가동최대 생산량\xa0\n[식음료 부문]가. 생산능력\r\n(단위 : 개)\n구 분\n케잌류\n브레드류\n쿠키류\n합계\n삼송 아티지움\n1,839\n1,534\n450\n3,823\n주) 반죽기 1일(8h) 80% 가동 최대 생산량\n4. 매출에 관한 사항[소맥분 식품부문]가. 매출실적\r\n(단위 : 백만원)\n사업부문\n매출유형\n품목\n제71기 1분기 (21.1.1~21.3.31)\n제70기 (20.1.1~20.12.31)\n제69기 (19.1.1~19.12.31)\n제조\n도매\n소맥분 외\n수출\n891\n3,575\n3,190\n내수\n78,280\n308,980\n315,804\n합계\n79,171\n312,555\n318,995\n합 계\n수출\n891\n3,575\n3,190\n내수\n78,280\n308,980\n315,804\n합계\n79,171\n312,555\n318,995\n[사료부문]가. 매출실적\r\n(단위 : 백만원)\n사업부문\n매출유형\n품목\n제77기 1분기 (21.1.1~21.3.31)\n제76기 (20.1.1~20.12.31)\n제75기 (19.1.1~19.12.31)\n제조\n도매\n사료 외\n수출\n-\n131\n32\n내수\n104,648\n445,160\n525,847\n합계\n104,648\n\xa0 \xa0 \xa0 \xa0 \xa0\xa0 445,291\n525,879\n합 계\n수출\n-\n131\n32\n내수\n104,648\n445,160\n525,847\n합계\n104,648\n\xa0 \xa0 \xa0 \xa0 \xa0\xa0 445,291\n525,879\n주) 76기 사료부문의 매출실적은\xa0대한사료, DH바이탈피드를 포함하였습니다.\n[하역 및 보관매출부문]가. 매출실적\n(단위 : 백만원)\n사업부문\n매출유형\n품목\n제51기 1분기 (21.1.1~21.3.31)\n제50기 (20.1.1~20.12.31)\n제49기 (19.1.1~19.12.31)\n하역및보관\n서비스\n곡물 외\n수출\n-\n\xa0 \xa0 \xa0 \xa0\xa0 -\n-\n내수\n20,993\n81,167\n67,831\n합계\n20,993\n81,167\n67,831\n합 계\n수출\n-\n\xa0 \xa0 \xa0 \xa0\xa0 -\n-\n내수\n20,993\n81,167\n67,831\n합계\n20,993\n81,167\n67,831\n[반려동물사업 부문]가. 매출실적\r\n(단위 : 백만원)\n사업부문\n매출유형\n품목\n제12기 1분기 (21.1.1~21.3.31)\n제11기 (20.1.1~20.12.31)\n제10기 (19.1.1~19.12.31)\n제조\n도매\n사료 외\n수출\n2,466\n7,608\n5428\n내수\n26,666\n102,131\n92,810\n합계\n29,132\n109,739\n98,238\n합 계\n수출\n2,466\n7,608\n5428\n내수\n26,666\n102,131\n92,810\n합계\n29,132\n109,739\n98,238\n주) 11기 반려동물사업 부문의 매출실적은\xa0우리와, Wooriwa Pet Food Company의\xa0실적을 포함하였습니다.[식음료 부문]가. 매출실적\n(단위 : 백만원)\n사업부문\n매출유형\n품목\n제12기 1분기 (21.1.1~21.3.31)\n제11기 (20.1.1~20.12.31)\n제10기 (19.1.1~19.12.31)\n식음료\n소매\n커피,베이커리외\n수출\n-\n-\n-\n내수\n22,619\n86,672\n89,134\n합계\n22,619\n86,672\n89,134\n합 계\n수출\n-\n-\n-\n내수\n22,619\n86,672\n89,134\n합계\n22,619\n86,672\n89,134\n5. 시장위험과 위험관리연결기업의 주요 금융부채는 차입금, 매입채무및기타채무로 구성되어 있으며, 이러한 금융부채는 영업활동을 위한 자금을 조달하기 위하여 발생하였습니다. 또한 연결기업은 영업활동에서 발생하는 매출채권, 현금 및 단기예금과 같은 다양한 금융자산도 보유하고 있습니다.연결기업의 금융자산 및 금융부채에서 발생할 수 있는 주요 위험은 시장위험, 신용위험 및 유동성위험입니다. 연결기업의 주요 경영진은 아래에서 설명하는 바와 같이, 각 위험별 관리절차를 검토하고 정책에 부합하는지 검토하고 있습니다. 또한 연결기업은 투기 목적의 파생상품거래를 실행하지 않는 것이 기본적인 정책입니다.\n(1) 시장위험시장위험은 시장가격의 변동으로 인하여 금융상품의 공정가치가 변동할 위험입니다.시장위험은 이자율위험, 환위험 및 기타 가격위험의 세가지 유형으로 구성됩니다. 다음의 민감도 분석은 당분기말 및 전기말과 관련되어 있습니다.1) 이자율위험이자율위험은 시장이자율의 변동으로 인하여 금융상품의 공정가치나 미래현금흐름이 변동할 위험입니다. 연결기업은 일부 단기차입금과 관련된 시장이자율의 변동위험에 노출되어 있습니다. 연결기업의 경영진은 이자율 현황을 주기적으로 검토하고 있으며, 연결기업의 단기차입금은 1년 내에 모두 상환할 예정이므로 이자율변동이 금융부채의 공정가치 및 현금흐름에 미치는 영향은 중요하지 아니합니다.\n2) 환위험환위험은 환율의 변동으로 인하여 금융상품의 공정가치나 미래현금흐름이 변동할 위험입니다. 연결기업은 수출ㆍ수입을 포함한 영업활동 등으로 인하여 USD와 EUR, JPY 등의 환위험에 노출되어 있습니다. 당분기말과 전기말 현재 기능통화 이외의 외화로 표시된 화폐성자산 및 부채의 장부금액은 다음과 같습니다.\n(단위: 천원)\n구\xa0 분\n당 분 기 말\n전 기 말\n자산\n부채\n자산\n부채\nUSD\n5,885,718\n67,763,641\n5,423,338\n50,171,799\nEUR\n105,319\n333,031\n192,144\n33,344\nJPY\n113,470\n-\n-\n-\n합\xa0 계\n6,104,507\n68,096,672\n5,615,482\n50,205,143\n연결기업은 내부적으로 원화 환율 변동에 대한 환위험을 정기적으로 측정하고 있습니다. 당분기말과 전기말 현재 각 외화에 대한 기능통화의 환율 5% 변동시 환율변동이 당기손익에 미치는 영향은 다음과 같습니다.\n(단위: 천원)\n구\xa0 분\n당 분 기 말\n전 기 말\n5% 상승시\n5% 하락시\n5% 상승시\n5% 하락시\nUSD\n(3,093,896)\n3,093,896\n(2,237,423)\n2,237,423\nEUR\n(11,386)\n11,386\n7,940\n(7,940)\nJPY\n5,674\n(5,674)\n-\n-\n합\xa0 계\n(3,099,608)\n3,099,608\n(2,229,483)\n2,229,483\n상기 민감도 분석은 보고기간종료일 현재 기능통화 이외의 외화로 표시된 화폐성 자산 및 부채를 대상으로 하였습니다.\n3) 기타 가격위험기타 가격위험은 이자율위험이나 환위험 이외의 시장가격의 변동으로 인하여 금융상품의 공정가치나 미래현금흐름이 변동할 위험이며, 연결기업의 기타포괄손익-공정가치 측정 금융상품 중 상장지분상품은 가격변동위험에 노출되어 있으며, 당분기말 현재 상장지분상품의 5% 가격변동이 기타포괄손익(기타포괄손익-공정가치 측정 금융상품 평가손익)에 미치는 영향은 다음과 같습니다.\n(단위: 천원)\n구 분\n5% 상승시\n5% 하락시\n법인세효과 차감전 기타포괄손익\n2,201,881\n(2,201,881)\n법인세효과\n(532,855)\n532,855\n법인세효과 차감후 기타포괄손익\n1,669,026\n(1,669,026)\n(2) 신용위험신용위험은 거래상대방이 의무를 이행하지 않아 재무손실이 발생할 위험입니다. 연결기업은 영업활동과 재무활동에서 신용위험에 노출되어 있습니다.1) 매출채권및기타채권연결기업은 신용거래를 희망하는 모든 거래상대방에 대하여 신용검증절차의 수행을 원칙으로 하여 신용상태가 건전한 거래상대방과의 거래만을 수행하고 있습니다. 또한, 대손위험에 대한 연결기업의 노출정도가 중요하지 않은 수준으로 유지될 수 있도록 지속적으로 신용도를 재평가하는 등 매출채권및기타채권 잔액에 대한 지속적인 관리업무를 수행하고 있습니다. 연결기업의 대손위험에 대한 최대 노출정도는 매출채권 및 기타채권의 당분기말과 전기말 잔액입니다.\n연결기업은 상기 채권에 대해 매 보고기간말에 개별적 또는 집합적으로 손상여부를 검토하고 있습니다.\n2) 기타의 자산\xa0\xa0 현금 및 단기예금 및 장기대여금 등으로 구성되는 연결기업의 기타의 자산으로부터 발생하는 신용위험은 거래상대방의 부도 등으로 발생합니다. 이러한 경우 연결기업의 신용위험 노출정도는 최대 해당 금융상품 장부금액과 동일한 금액이 될 것입니다.한편, 연결기업은 KEB하나은행 등의 금융기관에 현금및현금성자산 및 단기금융상품 등을 예치하고있으며, 신용등급이 우수한 금융기관과 거래하고 있으므로 금융기관으로부터의 신용위험은 제한적입니다.\n(3) 유동성위험유동성위험은 만기까지 모든 금융계약상의 약정사항들을 이행할 수 있도록 자금을 조달하지 못할 위험입니다.연결기업은 특유의 유동성 전략 및 계획을 통하여 자금부족에 따른 위험을 관리하고 있습니다. 연결기업은 금융상품 및 금융자산의 만기와 영업현금흐름의 추정치를 고려하여 금융자산과 금융부채의 만기를 대응시키고 있습니다. 보고기간 종료일 현재 금융부채별 상환계획은 다음과 같습니다.\n(당분기말)\n(단위: 천원)\n구\xa0 분\n3개월 이내\n3개월~1년\n1년 이상\n합\xa0 계\n차입금\n71,819,840\n63,931,926\n33,700,000\n169,451,766\n매입채무및기타채무\n60,814,562\n16,295,525\n742,654\n77,852,741\n기타금융부채\n42,132\n-\n2,034,965\n2,077,097\n금융보증부채\n1,452,144\n15,131,156\n8,400,000\n24,983,300\n리스부채\n4,616,252\n12,248,621\n31,685,713\n48,550,586\n합\xa0 계\n138,744,930\n107,607,228\n76,563,332\n322,915,490\n(전기말)\n(단위: 천원)\n구\xa0 분\n3개월 이내\n3개월~1년\n1년 이상\n합\xa0 계\n차입금\n71,781,068\n45,634,870\n33,961,150\n151,377,088\n매입채무및기타채무\n64,229,325\n-\n887,895\n65,117,220\n기타금융부채\n625,873\n-\n2,034,965\n2,660,838\n금융보증부채\n1,452,144\n15,131,156\n8,400,000\n24,983,300\n리스부채\n4,354,779\n12,039,780\n31,040,669\n47,435,228\n합\xa0 계\n142,443,189\n72,805,806\n76,324,679\n291,573,674\n상기 금융부채의 잔존만기별 현금흐름은 할인되지 아니한 명목금액으로서 지급을 요구 받을 수 있는 기간 중 가장 이른 일자를 기준으로 작성되었습니다.\n(4) 자본관리자본관리의 주 목적은 연결기업의 영업활동을 유지하고 주주가치를 극대화하기 위하여 높은 신용등급과 건전한 자본비율을 유지하기 위한 것입니다. 연결기업은 자본구조를 경제환경의 변화에 따라 수정하고 있으며, 이를 위하여 자기주식을 취득하거나 배당정책 수정 등을 검토하도록 하고 있습니다. 한편, 기중자본관리의 목적, 정책 및 절차에 대한 어떠한 사항도 변경되지 않았습니다.연결기업은 순부채를 자기자본으로 나눈 부채비율을 사용하여 감독하고 있는 바, 순부채는 부채총액에서 현금및현금성자산 및 기타금융자산을 차감하고 산정하고 있습니다. 보고기간종료일 현재 순부채 및 자기자본은 다음과 같습니다.\xa0\n(단위: 천원)\n구 분\n당 분 기 말\n전 기 말\n부채총액\n338,110,444\n304,081,446\n\xa0차감: 현금및현금성자산, 기타금융자산\n(398,808,976)\n(377,909,704)\n순부채\n(60,698,532)\n(73,828,258)\n자기자본\n786,523,364\n780,210,337\n부채비율[주]\n-\n-\n[주] 당분기말 및 전기말 현재 순부채가 부(-)의 금액이 발생함에 따라 산정하지 아니하였습니다.\n(5) 재무활동에서 생기는 부채의 변동당분기와 전분기 중 재무활동에서 생기는 부채의 변동은 다음과 같습니다.\xa0\n(당분기)\n(단위: 천원)\n내\xa0\xa0 역\n기초\n재무활동으로 인한 현금흐름\n환율변동\n\xa0\xa0 유동성대체\n이자비용\n기타[주]\n기말\n증가\n감소\n단기차입금\n116,352,338\n102,566,562\n(85,170,026)\n958,292\n-\n-\n-\n134,707,166\n유동성장기부채\n1,063,600\n-\n(280,150)\n-\n261,150\n-\n-\n1,044,600\n장기차입금\n33,961,150\n-\n-\n-\n(261,150)\n-\n-\n33,700,000\n미지급배당금\n61,360\n-\n-\n-\n-\n-\n3,290,448\n3,351,808\n미지급이자\xa0\n67,587\n-\n(560,196)\n-\n-\n615,292\n(39,481)\n83,202\n리스부채\n43,594,066\n-\n(4,536,693)\n-\n-\n334,851\n5,086,688\n44,478,912\n합\xa0 계\n195,100,101\n102,566,562\n(90,547,065)\n958,292\n-\n950,143\n8,337,655\n217,365,688\n(전분기)\n(단위: 천원)\n내\xa0\xa0 역\n기초\n재무활동으로 인한 현금흐름\n환율변동\n\xa0\xa0 유동성대체\n이자비용\n기타[주]\n기말\n증가\n감소\n단기차입금\n74,539,541\n148,119,138\n(127,184,110)\n255,797\n-\n-\n-\n95,730,366\n유동성장기부채\n1,138,500\n-\n(298,050)\n-\n280,150\n-\n-\n1,120,600\n장기차입금\n22,924,750\n12,100,000\n-\n-\n(280,150)\n-\n-\n34,744,600\n미지급배당금\n60,684\n-\n-\n-\n-\n-\n3,290,448\n3,351,132\n미지급이자\xa0\n95,351\n-\n(634,576)\n-\n-\n403,608\n210,707\n75,090\n리스부채\n47,057,904\n-\n(4,300,940)\n-\n-\n369,703\n2,070,486\n45,197,153\n합\xa0 계\n145,816,730\n160,219,138\n(132,417,676)\n255,797\n-\n773,311\n5,571,641\n180,218,941\n[주] 기타에는 당분기 및 전분기 배당결의에 의한 미지급배당금 인식분 및 이자비용 인식분 등이 포함되어 있습니다.\n6. 파생상품거래 현황(1) 보고기간종료일 현재 연결기업의 보유중인 파생상품의 내역은 다음과 같습니다.\n(단위 : 천원)\n거래처\n계약기간\n약정환율\n계약금액\nKEB하나은행\n2021.01.03~2021.07.02\n1095.5~1140.8\n1,321,146\n신한은행\n2021.01.11~2021.07.16\n1098.7~1137.3\n1,119,000\n농협은행\n2021.01.06~2021.07.13\n1085.7~1131.0\n4,422,159\n합계\n6,862,305\n(2) 당기와 전기에 인식한 파생상품손익은 다음과 같습니다.\xa0\n(단위 : 천원)\n구 분\n당 분 기\n전 분 기\n당기손익-공정가치 금융자산평가이익(파생상품평가이익)\n414,973\n184,120\n당기손익-공정가치 금융자산거래이익(파생상품거래이익)\n655,468\n761,015\n당기손익-공정가치 금융자산평가손실(파생상품평가손실)\n(14,292)\n(55,814)\n당기손익-공정가치 금융자산거래손실(파생상품거래손실)\n(142)\n(1,115)\n7. 연구개발활동[소맥분 식품부문]\n가. 연구개발활동의 개요(1) 연구개발 담당조직\xa0\n\xa0 - 명칭 : 종합연구소\xa0 - 내용 : 밀가루 품질관리 및 2차 가공 연구실험, 원맥분석실험연구,\n\xa0 \xa0 \xa0 \xa0 \xa0 \xa0\xa0 위해 물질 분석 및 미생물 연구, 기능성식품 및 식품안전성 관련 연구개발\n\xa0 \xa0 \xa0 \xa0 \xa0 \xa0\xa0 프리믹스 품질관리 및 2차 가공 연구실험, 첨가물 분석 실험 연구,\xa0 \xa0 \xa0 \xa0 \xa0 \xa0\xa0 식품관련 완구 및 제품연구개발, 기능성식품 및 식품안전성 관련 연구개발(2) 연구개발비용\n(단위 : 천원)\n과목\n제71기 1분기\n제70기\n제69기\n원재료비\n2,042\n9,466\n108,539\n인건비\n284,527\n929,084\n1,031,391\n감가상각비\n11,705\n24,522\n18,583\n위탁용역비\n-\n-\n-\n기타\n-\n-\n-\n연구개발비용 계\n298,274\n963,072\n1,158,513\n회계처리\n판매비와 관리비\n-\n-\n-\n제조경비\n298,274\n963,072\n1,158,513\n개발비(무형자산)\n-\n-\n-\n연구개발비 / 매출액 비율(연구개발비용계/당기매출액×100)\n0.38%\n0.31%\n0.36%\n나. 연구개발 실적\xa0\n(1) 신제품 개발\n: 다양한 소비자의 요구에 부응하는 새로운 제품 개발\n\xa0 □ 쫄깃한 핫도그믹스\n\xa0 □ 킹프레소와플믹스\n\xa0 □ 아뺑드EX500\n\xa0 □ 대박카스테라믹스\n\xa0 □ 곰표 고급1호(풀무원용)\n\xa0 □ 치킨튀김가루(찬누리)\n\xa0 □ 고급전용분BS\n\xa0 □ 두리두리깨찰믹스\n\xa0 □ 잇와플믹스\n(2) 제품개선\n: 기존 제품을 개선하여 다양한 소비자의 욕구에 신속히 대처\n\xa0 □ 카페수미당믹스\n\xa0 □ 철인7호 치킨튀김가루\n\xa0 □ SD닭강정브레더믹스\n[사료부문]가. 연구개발활동의 개요\r\n(1) 연구개발 담당조직\n\xa0- 명칭 : 연구개발팀\n\xa0- 내용 : 배합 비율표의 작성, 원료/첨가제와 제품의 품질규격 및 안전성 설정, \xa0 \xa0 \xa0 \xa0 \xa0 \xa0\xa0 축종별 영양 및 사양기술의 연구와 도입, 신제품의 연구 및 개발, 신규 원료\xa0 \xa0 \xa0 \xa0 \xa0 \xa0\xa0 /첨가제의 연구개발 및 사용, 영업사원 및 거래처에 대한 기술지도, \xa0 \xa0 \xa0 \xa0 \xa0 \xa0\xa0 신규사업의 연구, 개발, 추진의 기술적 검토\n(2) 연구개발비용\n(단위 : 천원)\n과목\n제71기 1분기\n제76기\n제75기\n인건비\n92,009\n392,218\n385,842\n시험연구비\n85,107\n229,825\n231,703\n연구개발비용 계\n177,116\n622,043\n617,545\n(정부보조금)\n-\n-\n60,523\n회계처리\n판매비와관리비\n-\n\u3000-\n-\n제조경비\n177,116\n622,043\n617,545\n개발비(무형자산)\n-\n-\n\u3000-\n연구개발비 / 매출액 비율\n(연구개발비용계/당기매출액x100)\n0.19%\n0.16%\n0.17%\n주) 정부보조금은 국책곤충사업\n나. 연구개발실적 (2021년 1분기 기준)\n(1)신제품 개발\n: 축종별 다양한 소비자의 요구에 부응하는 새로운 제품 개발\n\xa0 □ 산란파프리카 1,2,3호\xa0\n\xa0 □ 양돈베이스\xa0\n\xa0 □ 프리미엄 젖먹이, 육성돈\n\xa0 □ 비육우 자가TMR 배합 농장용 베이스사료 개발\n\xa0 □ 리더번식우펠렛\n\xa0 □ 카프스타터펠렛\n\xa0 □ 성장률/소화율 개선 숭어 고효율 치어 사료 개발\n\xa0 □ 붕어/잉어 낚시용 떡밥사료 개발\n\xa0 □ DH젖먹이베스트\n\xa0 □ 능수어린송아지BEST후레이크\n\xa0 □ 셀프믹스옥수수후레이크\n\xa0\xa0\n(2)제품개선\n: 기존 제품을 개선하여 사육성적 향상 등 다양한 소비자의 요구에 신속 대응\n\xa0 □ 산란계 제품 : 어린병아리, K-초생추, 중병아리, K-중추, 큰병아리, 산란전, \xa0 \xa0 \xa0 \xa0 \xa0 \xa0 \xa0 \xa0 \xa0 \xa0 \xa0 \xa0\xa0 산란프리피크, 산란피크, 산란포커스, 산란에이스, 산란퀸, \xa0 \xa0 \xa0 \xa0 \xa0 \xa0 \xa0 \xa0 \xa0 \xa0 \xa0 \xa0\xa0 산란셀가드, 산란셀세이브, 하이산란OS, 산란아로마1호, \xa0 \xa0 \xa0 \xa0 \xa0 \xa0 \xa0 \xa0 \xa0 \xa0 \xa0 \xa0\xa0 산란파트너1,2,3호 (제품 내 가루발생 완화 및 산란계 소화율 \xa0 \xa0 \xa0 \xa0 \xa0 \xa0 \xa0 \xa0 \xa0 \xa0 \xa0 \xa0\xa0 개선을 위하여 가공원료를 적용.)\n\xa0 □ 육계 제품 : 에이원초이, 에이원육계전기, 에이원육계후기, 우화전기\n\xa0 □ 오리 제품 : 오리육성초기크럼블, 오리육성초기펠렛, 오리육성플러스펠렛, \xa0 \xa0 \xa0 \xa0 \xa0 \xa0 \xa0 \xa0 \xa0 \xa0 \xa0\xa0 종오리육성펠렛, 종오리플러스펠렛\n\xa0 □ 소매 제품 : 고향생각2호, 알스타산란사료, 알스타산란사료20, 영스타중병아리,\xa0 \xa0 \xa0 \xa0 \xa0 \xa0 \xa0 \xa0 \xa0 \xa0 \xa0\xa0 고향토종닭펠렛, 고향토종닭펠렛20, 뉴파워전기크럼블, \xa0 \xa0 \xa0 \xa0 \xa0 \xa0 \xa0 \xa0 \xa0 \xa0 \xa0\xa0 영스타어린병아리크럼블20\n\xa0 □ 프리미엄 후보돈, 임신돈, 포유돈\n\xa0 □ 시너지 임신돈, 포유돈\n\xa0 □ 더좋은 젖먹이, 육성돈, 임신돈, 포유돈\n\xa0 □ 피그조아 젖먹이, 육성돈\n\xa0 □ 파트너 1,2,3,4,5 호\n\xa0 □ New-뉴텍프리미엄 육성, 큰소, 마무리\n\xa0 □ 더블에이큰소\n\xa0 □ 엔프러스\n\xa0 □ 다한우번식펠렛\n\xa0 □ 한우플러스 육성, 큰소, 마무리\n\xa0 □ 강도다리 사료\n\xa0 □ 광어사료\n\xa0 □ 새우사료(Non-GMO vs GMO 사료 제품 별도 운영)\n[반려동물사업 부문]가. 연구개발활동의 개요(1) 연구개발 담당조직\r\n- 명칭 : 연구개발팀\n- 내용 : 신제품/신기술/신소재 개발, 품질 및 공정 개선, 대리점/직원 교육 및\n\xa0 \xa0 \xa0 \xa0 \xa0 \xa0 OEM, ODM 관리 등\n(2) 연구개발비용\n(단위 : 천원)\n과목\n제12기 1분기\n제11기\n제10기\n원재료비\n-\n-\n-\n인건비\n65,454\n280,151\n172,013\n감가상각비\n6,967\n11,658\n-\n위탁용역비\n18,898\n63,833\n-\n기타\n10,918\n72,296\n77,654\n연구개발비용 계\n102,237\n427,938\n249,667\n회계처리\n판매비와 관리비\n102,237\n427,938\n249,667\n제조경비\n-\n-\n-\n개발비(무형자산)\n-\n-\n-\n연구개발비 / 매출액 비율(연구개발비용계/당기매출액×100)\n0.36%\n0.40%\n0.30%\n[식음료 부문]\n가. 연구개발활동의 개요\n(1) 연구개발 담당조직\xa0\n- 명칭 : R&D파트\n- 내용 : 신제품 연구개발\n(2) 연구개발비용\n(단위 : 천원)\n과목\n제12기 1분기\n제11기\n제10기\n원재료비\n-\n-\n-\n인건비\n105,665\n369,574\n333,636\n감가상각비\n-\n-\n-\n위탁용역비\n-\n-\n-\n기타\n15,398\n80,939\n30,932\n연구개발비용 계\n121,064\n450,513\n364,568\n회계처리\n판매비와 관리비\n121,064\n450,513\n364,568\n제조경비\n-\n-\n-\n개발비(무형자산)\n-\n-\n-\n연구개발비 / 매출액 비율(연구개발비용계/당기매출액×100)\n0.50%\n0.50%\n0.40%\n8. 그 밖에 투자의사결정에 필요한 사항[소맥분 식품부문]당사가 영위하는 사업과 관련하여 상표권인 \'곰표\'를 포함하여\xa0총 89건(상표권 83건,특허권 1건, 디자인권 5건)의 지적재산권을 보유하고 있으며, 그\xa0중 대표브랜드인\'곰표\'는 당사가 설립된 이후 약 60년간 함께한 상표로서 대한민국의 제분산업 역사와 동행하면서 현재도 밀가루의 대명사로 자리매김하고 있습니다.과거에도 그러했지만 향후에도 밀가루는 \'곰표\'라는 인식이 국민전체에 항상 인식될 수 있도록 최신의 설비와 최고의 서비스로 최상의 제품을 생산하겠습니다.\n당사가 보유하고 있는 지적재산권의 내용은 다음과 같습니다.\xa0\xa0\n구 분\n내용\n건수\n비고\n상표권\n\'곰표\' 등\n83건\n-\n특허권\n카레피자용 농축믹스 제조방법 및 그 농축믹스\n1건\n-\n디자인권\n포장용포대 등\n5건\n-\n주) 당사는 특허권 1건을 보유하고 있으나 현재 그와 관련하여 상용화 되고 있지 않아 그 세부내역은 생략하였습니다.\n[사료부문]\n구 분\n내용\n건수\n비고\n상표권\n\'아쿠아닉스\' 등\xa0\n28건\n-\n특허권\n진공쿼터를 활용한 지방의 이중코팅 과립사료 제조방법\n1건\n-\n디자인권\n없음\n0건\n-\n[반려동물사업 부문]\n구 분\n내용\n건수\n비고\n상표권\n\'웰츠\', \'이즈칸\', \'이리온\' 등\n101건\n-\n']"
