text
"['\nIII. 재무에 관한 사항\n1. 요약재무정보\n가. 요약 연결 재무정보\n(단위 : 원)\n구 분\n제66기 반기(2020년 6월말)\n제65기(2019년 12월말)\n제64기(2018년 12월말)\n[유동자산]\n1,552,347,013,611\n1,312,039,578,827\n1,379,400,368,412\n현금 및 현금성자산\n361,848,122,415\n189,328,247,350\n341,208,429,550\n매출채권 및 기타채권\n429,576,783,234\n403,089,403,423\n464,295,515,660\n재고자산\n609,847,650,996\n573,741,879,435\n498,425,758,135\n기타\n151,074,456,966\n145,880,048,619\n75,470,665,067\n[비유동자산]\n5,021,089,285,256\n5,215,015,634,250\n5,028,504,547,319\n장기매출채권 및 기타채권\n43,168,292,651\n48,054,212,654\n54,216,147,663\n유형자산\n909,350,538,725\n918,324,919,008\n947,975,530,325\n투자부동산\n298,902,039,171\n300,262,153,625\n145,643,545,882\n무형자산\n162,587,699,320\n160,510,683,332\n162,327,595,654\n관계기업투자\n1,229,434,440,669\n1,280,661,372,590\n1,242,027,143,810\n기타\n2,377,646,274,720\n2,507,202,293,041\n2,476,314,583,985\n자산 총계\n6,573,436,298,867\n6,527,055,213,077\n6,407,904,915,731\n[유동부채]\n2,431,573,134,464\n2,238,401,833,668\n2,247,871,301,437\n매입채무 및 기타채무\n356,915,241,433\n431,205,861,441\n471,128,731,943\n차입금\n1,782,994,564,569\n1,513,214,927,221\n1,571,441,075,348\n기타\n291,663,328,462\n293,981,045,006\n205,301,494,146\n[비유동부채]\n1,539,251,665,858\n1,578,411,582,292\n1,457,886,774,455\n장기매입채무 및 기타채무\n204,221,645,866\n206,091,450,907\n220,786,129,760\n장기차입금\n960,094,905,784\n988,377,551,848\n942,926,481,922\n기타\n374,935,114,208\n383,942,579,537\n294,174,162,773\n부채 총계\n3,970,824,800,322\n3,816,813,415,960\n3,705,758,075,892\n[자본금]\n105,355,125,000\n105,355,125,000\n105,355,125,000\n[이익잉여금]\n6,245,053,262,945\n6,336,611,325,606\n6,353,426,533,060\n[기타자본항목]\n(4,016,097,407,795)\n(4,001,579,255,845)\n(4,016,139,261,243)\n[비지배지분(소수주주지분]\n268,300,518,395\n269,854,602,356\n259,504,443,022\n자본 총계\n2,602,611,498,545\n2,710,241,797,117\n2,702,146,839,839\n구 분\n2020년 1~6월\n2019년 1~12월\n2018년 1~12월\n매출액 및 지분법 손익\n1,336,696,826,897\n3,373,447,404,431\n3,002,479,811,125\n매출총이익\n177,837,261,937\n544,849,842,406\n449,969,295,880\n영업이익\n30,007,073,641\n236,828,089,086\n154,957,051,210\n법인세비용차감전이익\n46,168,902,916\n200,685,080,209\n567,234,043,717\n계속영업이익\n33,825,230,131\n150,009,464,862\n464,067,281,050\n중단영업이익\n-\n-\n2,961,909,465,972\n총당기순이익\n33,825,230,131\n150,009,464,862\n3,425,976,747,022\n지배기업당기순이익(손실)\n10,842,223,753\n103,683,081,194\n3,357,772,004,243\n비지배지분 당기순이익(손실)\n22,983,006,378\n46,326,383,668\n68,204,742,779\n기본주당순이익(손실)\n537\n5,100\n154,807\n연결에 포함된 회사수\n32개사\n32개사\n34개사\n※\xa0연결에 포함된 회사수는 ㈜효성이 포함된 숫자입니다.※ 제64기 ~\xa0제66기\xa0반기 요약 연결재무정보는 K-IFRS 연결재무제표 기준으로 \xa0 \xa0 작성하였습니다.※ 상기 기본주당순이익은 연결재무제표상 지배기업 소유주지분 기준 당기순이익을\xa0 \xa0 연결그룹이 매입하여 자기주식으로 보유하고 있는 보통주를 제외한 당기의 가중\xa0 \xa0 평균 유통보통주식수로 나누어 산정하였습니다.※ 당사는 2019년 1월 1일 지주사 전환으로 2019년부터 지분법 평가손익을 매출\xa0 \xa0 액으로 인식하였으며, 2018년 재무정보는 2018년 6월 1일 인적분할 이후 당사\xa0 \xa0 사업구조 비교가능성을 위해서 재작성하였습니다.\n나. 요약 재무정보\xa0(별도재무제표 기준)\n(단위 : 원)\n구 분\n제66기 반기(2020년 6월말)\n제65기(2019년 12월말)\n제64기(2018년 12월말)\n[유동자산]\n95,780,808,126\n80,719,025,790\n78,656,410,112\n현금 및 현금성자산\n17,992,311,935\n2,963,699,460\n11,916,171,092\n매출채권 및 기타채권\n56,008,512,244\n50,908,117,014\n42,197,291,878\n재고자산\n6,781,043,907\n8,171,978,728\n17,569,173,415\n기타\n14,998,940,040\n18,675,230,588\n6,973,773,727\n[비유동자산]\n2,685,033,535,339\n2,786,411,291,368\n2,736,428,702,908\n장기매출채권 및 기타채권\n22,000,019,432\n51,476,016,902\n46,008,569,246\n유형자산\n531,039,884,886\n536,003,870,128\n531,301,455,613\n투자부동산\n7,028,580,754\n8,694,132,971\n6,175,912,615\n무형자산\n43,466,005,164\n40,418,884,172\n37,145,433,444\n종속기업 및 관계기업투자\n2,008,944,058,772\n2,075,983,918,122\n2,022,632,581,034\n기타\n72,554,986,331\n73,834,469,073\n93,164,750,956\n자산총계\n2,780,814,343,465\n2,867,130,317,158\n2,815,085,113,020\n[유동부채]\n154,392,484,002\n132,813,816,326\n87,708,295,796\n매입채무 및 기타채무\n43,267,640,607\n60,923,369,045\n75,378,773,379\n차입금\n85,925,966,802\n34,507,065,684\n836,976,513\n기타\n25,198,876,593\n37,383,381,597\n11,492,545,904\n[비유동부채]\n254,569,994,442\n253,445,064,756\n251,971,842,197\n장기매입채무 및 기타채무\n13,699,557,072\n10,386,117,665\n16,313,909,236\n장기차입금\n830,820,000\n898,760,000\n1,034,640,000\n기타\n240,039,617,370\n242,160,187,091\n234,623,292,961\n\xa0 부채총계\n408,962,478,444\n386,258,881,082\n339,680,137,993\n[자본금]\n105,355,125,000\n105,355,125,000\n105,355,125,000\n[주식발행초과금]\n451,188,179,769\n451,188,179,769\n451,188,179,769\n[이익잉여금]\n6,327,792,528,497\n6,423,890,382,314\n6,434,013,582,637\n[기타자본구성요소]\n(4,512,483,968,245)\n(4,499,562,251,007)\n(4,515,151,912,379)\n자본총계\n2,371,851,865,021\n2,480,871,436,076\n2,475,404,975,027\n종속·관계·공동기업투자주식의 평가방법\n지분법\n지분법\n지분법\n구 분\n2020년 1~6월\n2019년 1~12월\n2018년 1~12월\n매출액\n114,749,779,000\n393,916,487,227\n387,911,482,838\n매출총이익\n24,499,901,298\n160,173,510,259\n64,621,444,480\n영업이익\n(1,240,686,578)\n105,431,116,669\n12,932,180,892\n법인세비용차감전이익\n4,173,328,438\n102,043,358,311\n17,624,133,863\n계속영업당기순이익\n6,812,201,588\n100,542,851,905\n18,695,378,387\n중단영업당기순이익\n-\n-\n3,000,820,498,752\n당기순이익\n6,812,201,588\n100,542,851,905\n3,019,515,877,139\n총포괄이익(손실)\n20,531,207,275\n97,343,752,607\n2,926,600,763,083\n주당순이익(손실)\n337\n4,945\n139,212\n※\xa0제64기 ~ 제66기\xa0반기 요약 재무정보는 K-IFRS\xa0별도재무제표 기준으로 작성하\xa0 \xa0 였습니다.※ 당사는 2020년 1월부터\xa0종속ㆍ관계ㆍ공동기업 투자의 평가방법을 원가법에서 \xa0 \xa0 지분법으로 변경하였습니다. 이에 따라, 당사 사업 구조의 비교 가능성을 위해\xa0 \xa0 동 회계정책의 변경을 소급하여 전기 재무제표 및 전기초 재무상태표를 재작성\xa0 \xa0 하였으며, 전기(2019년) 포괄손익계산서 및 전기초(2018년말) 재무상태표는 감사\xa0 \xa0 받지 아니한 자료임을 안내드립니다\n2. 연결재무제표\n연결 재무상태표\n제 66 기 반기말 2020.06.30 현재\n제 65 기말\xa0 \xa0 \xa0 \xa0 2019.12.31 현재\n(단위 : 원)\n\u3000\n제 66 기 반기말\n제 65 기말\n자산\n\u3000\n\u3000\n\u3000유동자산\n1,552,347,013,611\n1,312,039,578,827\n\u3000\u3000현금및현금성자산\n361,848,122,415\n189,328,247,350\n\u3000\u3000매출채권 및 기타채권\n429,576,783,234\n403,089,403,423\n\u3000\u3000미청구공사\n3,068,123,115\n2,114,387,395\n\u3000\u3000기타유동금융자산\n10,109,714,022\n9,838,130,004\n\u3000\u3000기타유동자산\n119,181,628,094\n118,216,174,532\n\u3000\u3000재고자산\n609,847,650,996\n573,741,879,435\n\u3000\u3000당기법인세자산\n18,714,991,735\n15,711,356,688\n\u3000비유동자산\n5,021,089,285,256\n5,215,015,634,250\n\u3000\u3000장기매출채권 및 기타채권\n43,168,292,651\n48,054,212,654\n\u3000\u3000유형자산\n909,350,538,725\n918,324,919,008\n\u3000\u3000투자부동산\n298,902,039,171\n300,262,153,625\n\u3000\u3000무형자산\n162,587,699,320\n160,510,683,332\n\u3000\u3000관계기업투자\n1,229,434,440,669\n1,280,661,372,590\n\u3000\u3000기타금융업자산\n1,789,226,022,720\n1,931,519,301,670\n\u3000\u3000기타비유동금융자산\n519,499,879,154\n508,929,942,292\n\u3000\u3000기타비유동자산\n37,286,397,639\n37,444,708,571\n\u3000\u3000이연법인세자산\n31,633,975,207\n29,308,340,508\n\u3000자산총계\n6,573,436,298,867\n6,527,055,213,077\n부채\n\u3000\n\u3000\n\u3000유동부채\n2,431,573,134,464\n2,238,401,833,668\n\u3000\u3000매입채무 및 기타채무\n356,915,241,433\n431,205,861,441\n\u3000\u3000초과청구공사\n2,586,375,789\n3,046,882,695\n\u3000\u3000차입금\n1,782,994,564,569\n1,513,214,927,221\n\u3000\u3000기타금융부채\n24,673,357,251\n22,434,662,200\n\u3000\u3000당기법인세부채\n23,082,748,625\n30,773,941,040\n\u3000\u3000기타유동부채\n241,320,846,797\n237,725,559,071\n\u3000비유동부채\n1,539,251,665,858\n1,578,411,582,292\n\u3000\u3000장기매입채무 및 기타채무\n204,221,645,866\n206,091,450,907\n\u3000\u3000장기차입금\n960,094,905,784\n988,377,551,848\n\u3000\u3000순확정급여부채\n21,014,883,431\n12,301,399,745\n\u3000\u3000이연법인세부채\n265,106,467,482\n274,225,830,221\n\u3000\u3000기타비유동금융부채\n81,928,989,941\n91,361,916,738\n\u3000\u3000기타비유동부채\n6,884,773,354\n6,053,432,833\n\u3000부채총계\n3,970,824,800,322\n3,816,813,415,960\n자본\n\u3000\n\u3000\n\u3000지배기업의 소유주지분\n2,334,310,980,150\n2,440,387,194,761\n\u3000\u3000자본금\n105,355,125,000\n105,355,125,000\n\u3000\u3000주식발행초과금\n451,188,179,769\n451,188,179,769\n\u3000\u3000이익잉여금\n6,245,053,262,945\n6,336,611,325,606\n\u3000\u3000기타자본구성요소\n(4,467,285,587,564)\n(4,452,767,435,614)\n\u3000비지배지분\n268,300,518,395\n269,854,602,356\n\u3000자본총계\n2,602,611,498,545\n2,710,241,797,117\n자본과부채총계\n6,573,436,298,867\n6,527,055,213,077\n연결 손익계산서\n제 66 기 반기 2020.01.01 부터 2020.06.30 까지\n제 65 기 반기 2019.01.01 부터 2019.06.30 까지\n(단위 : 원)\n\u3000\n제 66 기 반기\n제 65 기 반기\n3개월\n누적\n3개월\n누적\n매출액 및 지분법손익\n659,757,648,741\n1,336,696,826,897\n941,017,045,366\n1,681,377,073,495\n매출원가\n569,213,056,705\n1,158,859,564,960\n761,167,298,724\n1,392,347,062,098\n매출총이익\n90,544,592,036\n177,837,261,937\n179,849,746,642\n289,030,011,397\n판매비와관리비\n68,281,397,780\n138,532,971,495\n70,800,090,497\n134,909,856,033\n연구개발비\n4,712,531,443\n9,297,216,801\n4,183,462,388\n8,337,569,902\n영업이익(손실)\n17,550,662,813\n30,007,073,641\n104,866,193,757\n145,782,585,462\n기타수익\n36,617,013,872\n40,318,494,780\n4,065,984,843\n6,420,152,850\n기타비용\n1,335,925,363\n5,130,664,690\n3,778,694,661\n6,070,282,799\n금융수익\n9,439,739,777\n29,057,135,620\n14,169,746,211\n24,037,650,383\n금융비용\n16,312,313,709\n48,083,136,435\n17,352,763,148\n34,693,563,822\n법인세비용차감전순이익\n45,959,177,390\n46,168,902,916\n101,970,467,002\n135,476,542,074\n법인세비용(수익)\n9,188,938,154\n12,343,672,785\n16,091,750,906\n24,446,860,154\n반기순이익(손실)\n36,770,239,236\n33,825,230,131\n85,878,716,096\n111,029,681,920\n\u3000지배기업소유주지분순이익(손실)\n20,149,499,083\n10,842,223,753\n68,669,111,817\n87,207,390,994\n\u3000비지배지분순이익(손실)\n16,620,740,153\n22,983,006,378\n17,209,604,279\n23,822,290,926\n지배기업의 지분에 대한 주당이익(손실) (단위 : 원)\n995\n537\n3,377\n4,289\n연결 포괄손익계산서\n제 66 기 반기 2020.01.01 부터 2020.06.30 까지\n제 65 기 반기 2019.01.01 부터 2019.06.30 까지\n(단위 : 원)\n\u3000\n제 66 기 반기\n제 65 기 반기\n3개월\n누적\n3개월\n누적\n반기순이익(손실)\n36,770,239,236\n33,825,230,131\n85,878,716,096\n111,029,681,920\n기타포괄손익\n(5,643,625,754)\n16,016,625,740\n7,944,074,089\n20,674,556,863\n\u3000후속적으로 당기손익으로 재분류되지 않는 항목\n\u3000\n\u3000\n\u3000\n\u3000\n\u3000\u3000기타포괄손익-공정가치측정지분상품 평가손익\n1,402,062,498\n15,887,006\n1,732,565,391\n3,530,812,569\n\u3000\u3000순확정급여부채의 재측정요소\n(1,149,428,538)\n(339,905,312)\n(212,482,334)\n(596,722,255)\n\u3000\u3000관계기업의 순확정급여부채 재측정 지분\n(366,351,813)\n(406,261,101)\n(76,763,399)\n(601,893,931)\n\u3000후속적으로 당기손익으로 재분류되는 항목\n\u3000\n\u3000\n\u3000\n\u3000\n\u3000\u3000관계기업투자평가손익\n(4,002,401,516)\n9,959,595,202\n3,903,209,508\n13,573,775,009\n\u3000\u3000해외사업환산손익\n(1,527,506,385)\n6,787,309,945\n2,597,544,923\n4,768,585,471\n반기총포괄이익\n31,126,613,482\n49,841,855,871\n93,822,790,185\n131,704,238,783\n반기총포괄이익의 귀속\n\u3000\n\u3000\n\u3000\n\u3000\n\u3000지배기업소유주지분\n14,938,244,021\n23,474,894,005\n74,897,667,042\n104,863,556,973\n\u3000비지배지분\n16,188,369,461\n26,366,961,866\n18,925,123,143\n26,840,681,810\n연결 자본변동표\n제 66 기 반기 2020.01.01 부터 2020.06.30 까지\n제 65 기 반기 2019.01.01 부터 2019.06.30 까지\n(단위 : 원)\n\u3000\n자본\n지배기업 소유주지분\n비지배지분\n자본\xa0 합계\n자본금\n주식발행초과금\n이익잉여금\n기타자본구성요소\n지배기업 소유주지분 합계\n2019.01.01 (기초)\n105,355,125,000\n451,188,179,769\n6,353,426,533,060\n(4,467,327,441,012)\n2,442,642,396,817\n259,504,443,022\n2,702,146,839,839\n회계정책변경의 효과\n\u3000\n\u3000\n\u3000\n\u3000\n\u3000\n\u3000\n\u3000\n연결총포괄손익\n반기순이익\n\u3000\n\u3000\n87,207,390,994\n\u3000\n87,207,390,994\n23,822,290,926\n111,029,681,920\n순확정급여부채의 재측정 요소\n\u3000\n\u3000\n(596,152,054)\n\u3000\n(596,152,054)\n(570,201)\n(596,722,255)\n관계기업의 재측정요소에 대한 지분\n\u3000\n\u3000\n(601,893,931)\n\u3000\n(601,893,931)\n\u3000\n(601,893,931)\n기타포괄손익-공정가치측정지분상품 평가손익\n\u3000\n\u3000\n\u3000\n2,104,430,546\n2,104,430,546\n1,426,382,023\n3,530,812,569\n관계기업투자평가손익\n\u3000\n\u3000\n\u3000\n11,539,019,466\n11,539,019,466\n2,034,755,543\n13,573,775,009\n해외사업환산손익\n\u3000\n\u3000\n\u3000\n5,210,761,952\n5,210,761,952\n(442,176,481)\n4,768,585,471\n자본에 직접 인식된 주주와의 거래\n배당\n\u3000\n\u3000\n(101,654,120,000)\n\u3000\n(101,654,120,000)\n(22,268,808,550)\n(123,922,928,550)\n자기주식취득\n\u3000\n\u3000\n\u3000\n\u3000\n\u3000\n\u3000\n\u3000\n기타\n\u3000\n\u3000\n\u3000\n11,007,502\n11,007,502\n(328,457,082)\n(317,449,580)\n2019.06.30 (기말)\n105,355,125,000\n451,188,179,769\n6,337,781,758,069\n(4,448,462,221,546)\n2,445,862,841,292\n263,747,859,200\n2,709,610,700,492\n2020.01.01 (기초)\n105,355,125,000\n451,188,179,769\n6,336,611,325,606\n(4,452,767,435,614)\n2,440,387,194,761\n269,854,602,356\n2,710,241,797,117\n회계정책변경의 효과\n\u3000\n\u3000\n\u3000\n\u3000\n\u3000\n\u3000\n\u3000\n연결총포괄손익\n반기순이익\n\u3000\n\u3000\n10,842,223,753\n\u3000\n10,842,223,753\n22,983,006,378\n33,825,230,131\n순확정급여부채의 재측정 요소\n\u3000\n\u3000\n(339,905,312)\n\u3000\n(339,905,312)\n\u3000\n(339,905,312)\n관계기업의 재측정요소에 대한 지분\n\u3000\n\u3000\n(406,261,102)\n\u3000\n(406,261,102)\n\u3000\n(406,261,102)\n기타포괄손익-공정가치측정지분상품 평가손익\n\u3000\n\u3000\n\u3000\n(526,567,862)\n(526,567,862)\n542,454,868\n15,887,006\n관계기업투자평가손익\n\u3000\n\u3000\n\u3000\n7,632,983,614\n7,632,983,614\n2,326,611,588\n9,959,595,202\n해외사업환산손익\n\u3000\n\u3000\n\u3000\n6,272,420,913\n6,272,420,913\n514,889,032\n6,787,309,945\n자본에 직접 인식된 주주와의 거래\n배당\n\u3000\n\u3000\n(101,654,120,000)\n\u3000\n(101,654,120,000)\n(27,921,396,011)\n(129,575,516,011)\n자기주식취득\n\u3000\n\u3000\n\u3000\n(27,896,658,330)\n(27,896,658,330)\n\u3000\n(27,896,658,330)\n기타\n\u3000\n\u3000\n\u3000\n(330,285)\n(330,285)\n350,184\n19,899\n2020.06.30 (기말)\n105,355,125,000\n451,188,179,769\n6,245,053,262,945\n4,467,285,587,564\n2,334,310,980,150\n268,300,518,395\n2,602,611,498,545\n연결 현금흐름표\n제 66 기 반기 2020.01.01 부터 2020.06.30 까지\n제 65 기 반기 2019.01.01 부터 2019.06.30 까지\n(단위 : 원)\n\u3000\n제 66 기 반기\n제 65 기 반기\n영업활동현금흐름\n154,479,609,579\n61,906,124,483\n\u3000반기순이익(손실)\n33,825,230,131\n111,029,681,920\n\u3000비현금항목 조정\n95,683,035,355\n17,490,047,312\n\u3000운전자본 조정\n(9,003,574,543)\n(118,460,014,506)\n\u3000법인세납부\n(31,156,649,458)\n(26,510,837,553)\n\u3000이자지급\n(52,938,387,553)\n(33,831,777,940)\n\u3000이자수취\n79,463,102,292\n76,616,482,643\n\u3000배당금수취\n38,606,853,355\n35,572,542,607\n투자활동현금흐름\n(39,278,951,327)\n(49,109,571,418)\n\u3000투자활동으로 인한 현금유입액\n78,797,458,113\n72,683,544,264\n\u3000\u3000금융리스채권의 회수\n1,172,875,002\n\u3000\n\u3000\u3000단기대여금의 회수\n251,815,562\n2,641,978,784\n\u3000\u3000단기보증금의 감소\n5,000,000\n\u3000\n\u3000\u3000기타금융자산의 처분\n28,305,946,064\n11,934,257,832\n\u3000\u3000장기대여금의 회수\n5,182,004\n5,300,000\n\u3000\u3000장기보증금의 감소\n474,100,000\n3,136,158,000\n\u3000\u3000장기기타금융자산의 처분\n46,038,522,823\n53,357,125,904\n\u3000\u3000유형자산의 처분\n2,449,120,544\n1,468,951,318\n\u3000\u3000투자부동산의 처분\n94,876,214\n\u3000\n\u3000\u3000무형자산의 처분\n\u3000\n139,772,426\n\u3000\u3000기타비유동금융자산의 처분\n19,900\n\u3000\n\u3000투자활동으로 인한 현금유출액\n(118,076,409,440)\n(121,793,115,682)\n\u3000\u3000단기대여금의 대여\n(358,061,519)\n(578,317,420)\n\u3000\u3000단기보증금의 증가\n(68,110,623)\n(1,385,742,799)\n\u3000\u3000기타유동금융자산의 취득\n(28,105,122,623)\n(8,221,360,014)\n\u3000\u3000장기대여금의 대여\n(270,952,066)\n(275,750,000)\n\u3000\u3000장기보증금의 증가\n(643,910,080)\n(1,979,313,213)\n\u3000\u3000기타비유동금융자산의 취득\n(56,369,142,920)\n(74,868,514,734)\n\u3000\u3000유형자산의 취득\n(25,815,426,366)\n(30,433,898,123)\n\u3000\u3000투자부동산의 취득\n\u3000\n(564,511,097)\n\u3000\u3000무형자산의 취득\n(5,745,683,243)\n(3,115,757,206)\n\u3000\u3000관계기업투자의 취득\n(700,000,000)\n(350,000,000)\n\u3000\u3000기타비유동자산의 취득\n\u3000\n(19,951,076)\n재무활동현금흐름\n54,479,929,369\n(72,428,146,811)\n\u3000재무활동으로 인한 현금 유입액\n1,221,162,653,599\n851,622,217,127\n\u3000\u3000단기차입금의 차입\n801,836,157,865\n506,298,942,986\n\u3000\u3000장기차입금 및 사채의 발행\n417,178,759,738\n344,656,898,600\n\u3000\u3000정보보조금의 수령\n2,147,735,996\n666,375,541\n\u3000재무활동으로 인한 현금 유출액\n(1,166,682,724,230)\n(924,050,363,938)\n\u3000\u3000단기차입금의 상환\n(577,584,410,048)\n(508,331,028,953)\n\u3000\u3000장기차입금 및 사채의 상환\n(409,517,940,000)\n(277,351,611,000)\n\u3000\u3000배당금지급\n(129,654,575,759)\n(123,922,929,500)\n\u3000\u3000리스부채의 상환\n(17,473,183,077)\n(14,115,723,832)\n\u3000\u3000정부보조금의 상환\n(4,555,957,016)\n(329,070,653)\n\u3000\u3000자기주식의 취득\n(27,896,658,330)\n\u3000\n현금및현금성자산의 환율변동으로 인한 효과\n2,839,287,444\n3,747,649,945\n현금및현금성자산의 순증감\n172,519,875,065\n(55,883,943,801)\n기초의 현금및현금성자산\n189,328,247,350\n341,208,429,550\n반기말의 현금및현금성자산\n361,848,122,415\n285,324,485,749\n3. 연결재무제표 주석\n제66(당)기 반기 2020년 1월 1일부터 2020년 6월 30일까지\n제65(전)기 반기 2019년 1월 1일부터 2019년 6월 30일까지\n주식회사 효성과 그 종속기업\n1. 일반사항\xa0\n주식회사 효성(이하 ""지배기업"")과 그 종속기업(이하 지배기업과 종속기업을 ""연결그룹"")은 화학 섬유류의 제조, 가공 및 판매, 수출입업 및 대행, 전자기계 기구 및 부품의 제작ㆍ판매업 그리고 전기기기 제조 및 판매업과 토목건설업, 금융업 등을 주요영업으로 하여 왔습니다. 지배기업은 2018년 6월 1일을 분할기일로 하여 자회사의 지분관리 및 투자 등을 수행하는 사업부문을 영위할 존속법인인 ㈜효성과 섬유/무역사업부문, 중공업/건설 사업부문, 산업자재 사업부문, 화학 사업부문을\xa0각각\xa0영위할 분할신설법인인 효성티앤씨㈜, 효성중공업㈜, 효성첨단소재㈜, 효성화학㈜으로 인적분할되었습니다.\n\xa0\n당반기말 현재 연결그룹은 안양 등에 공장을 두고 있으며, 상기 공장 외에 미주, 유럽및 아시아 각국에 해외 현지법인을 두고 있습니다.\n당반기말\xa0현재\xa0지배기업의 주요 주주현황은 다음과 같습니다.\n(단위:주)\n주주명\n주식수\n지분율(%)\n조 석 래\n1,986,333\xa0\n9.43\xa0\n조 현 준\n4,623,736\xa0\n21.94\xa0\n조 현 상\n4,513,596\xa0\n21.42\xa0\n송 광 자\n101,387\xa0\n0.48\xa0\n조 양 래 등\n93,951\xa0\n0.45\xa0\n기 타\n8,590,401\xa0\n40.77\xa0\n자기주식\n1,161,621\xa0\n5.51\xa0\n총\xa0\xa0 계\n21,071,025\xa0\n100.00\xa0\n가. 종속기업 현황당반기말\xa0현재\xa0종속기업 현황은 다음과 같습니다.\n회사명\n지분율(%)(주1)\n설립국가\n결산월\n업종\n효성굿스프링스㈜\n100\n한국\n12월\n액체 펌프 제조업\n태안솔라팜㈜\n100\n한국\n12월\n태양광발전사업\n효성투자개발㈜\n58.75\n한국\n12월\n부동산 임대업\n공덕경우개발㈜\n73.33\n한국\n12월\n부동산 임대업\n효성트랜스월드㈜\n100\n한국\n12월\n국제물류주선업\n효성티앤에스㈜\n54.02\n한국\n12월\nATM기 제조\n㈜에이티엠플러스\n53.11\n한국\n12월\nCD VAN사업\n엔에이치씨엠에스㈜\n100\n한국\n12월\nATM기 현금수송\n㈜엔에이치테크\n100\n한국\n12월\nATM기 유지보수, 인테리어\n효성에프엠에스㈜\n100\n한국\n12월\n전자지불 결제대행\n㈜에프엠케이\n100\n한국\n12월\n자동차 판매 및 정비업\n하나대체투자랜드칩사모부동산투자신탁39호(주1)\n100\n한국\n12월\n부동산서비스업\n효성캐피탈㈜\n97.5\n한국\n12월\n시설대여 및 할부금융업무\n효성캐피탈제이십칠차유동화전문유한회사(주2)\n0.5\n한국\n12월\n기타\n효성캐피탈제이십팔차유동화전문유한회사(주2)\n0.5\n한국\n12월\n기타\nHYOSUNG SUMIDEN STEEL CORD(NANJING)CO.LTD.\n100\n중국\n12월\n스틸코드 제조 및 판매업\nHyosung Financial System (Huizhou) Co.,LTD\n100\n중국\n12월\n금융자동화기기 제조, 판매\nHyosung USA Inc.\n100\n미국\n12월\n타이어보강재 생산\nHyosung Brasil Participacoes LTDA\xa0\n100\n브라질\n12월\n타이어보강재 생산 및 판매업\nHICO America Sales & Tech.\n100\n미국\n12월\n종합무역상사업\nPT. HYOSUNG JAKARTA\n99.9\n인도네시아\n12월\n종합무역상사업\nHyosung Holdings USA, Inc.\n100\n미국\n12월\n미국지주회사\nHyosung Mexico S. de R.L. de C.V.\n100\n멕시코\n12월\n임대업\nGST Safety Textiles Mexico S. de R.L. de C.V\n100\n멕시코\n12월\n에어백 쿠션 및 원단 제조, 판매\nNautilus Hyosung America Inc.\n100\n미국\n12월\nATM기 판매 유지보수\nHyosung RUS\n100\n러시아\n12월\nATM판매\nHyosung Resource (Australia) PTY Ltd.\n100\n호주\n12월\n광산개발\nLuck Faith Investment Ltd.(주2)\n-\n홍콩\n12월\n기타\nCentral Trade Investment Ltd.(주2)\n-\n홍콩\n12월\n기타\nHyosung (H.K) LIMITED\n100\n홍콩\n12월\n종합무역상사업\nHyosung SRL\n100\n루마니아\n12월\n타이어보강재 생산 및 판매업\n(주1) 연결대상 종속기업이 소유한 지분을 포함한 지분율 입니다.(주2) 소유지분율이 과반수 미만이나 피투자자 관련활동에 대한 힘, 변동이익 노출,\xa0 \xa0 \xa0 \xa0 \xa0 지배기업의 변동이익에 영향을 미치기 위해 힘을 사용하는 능력을 종합적으로\xa0 \xa0 \xa0 \xa0\xa0 고려하여 지배기업이 지배하고 있다고 판단하였습니다.\n나. 종속기업 관련 재무정보 요약 주요 연결대상 종속기업의\xa0당반기말과 전기말 현재 요약재무상태표와 당반기와 전반기 중 요약포괄손익계산서는 다음과 같습니다.\n(단위: 백만원)\n구\xa0\xa0 분\n당반기말\n당반기\n자산\n부채\n자본\n매출\n당반기손익\n총포괄손익\n효성캐피탈㈜ (주1)\n2,391,418\xa0\n1,990,923\xa0\n401,495\xa0\n93,614\xa0\n11,689\xa0\n11,689\xa0\n효성티앤에스㈜ (주1)\n710,514\xa0\n377,740\xa0\n332,774\xa0\n447,601\xa0\n62,119\xa0\n63,291\xa0\nHyosung USA Inc.\n268,506\xa0\n149,305\xa0\n119,201\xa0\n247,313\xa0\n(3,939)\n535\xa0\nHyosung Holdings USA, Inc.\n253,658\xa0\n166,819\xa0\n86,839\xa0\n75,051\xa0\n14,110\xa0\n14,215\xa0\n효성굿스프링스㈜\n239,676\xa0\n170,880\xa0\n68,796\xa0\n116,374\xa0\n(2,253)\n(2,253)\n공덕경우개발㈜\n217,218\xa0\n247,534\xa0\n(30,316)\n9,959\xa0\n(481)\n(481)\n하나대체투자랜드칩사모부동산투자신탁39호\n169,343\xa0\n159,932\xa0\n9,411\xa0\n3,782\xa0\n962\xa0\n962\xa0\nHICO America Sales & Tech.\n166,788\xa0\n140,608\xa0\n26,180\xa0\n84,432\xa0\n(2,509)\n(893)\n㈜에프엠케이\n133,246\xa0\n99,924\xa0\n33,322\xa0\n80,128\xa0\n2,552\xa0\n2,552\xa0\n효성트랜스월드㈜\n40,257\xa0\n30,313\xa0\n9,944\xa0\n101,472\xa0\n2,433\xa0\n2,433\xa0\n(주1) 연결 재무정보 기준입니다.\n(단위: 백만원)\n구\xa0\xa0 분\n전기말\n전반기\n자산\n부채\n자본\n매출\n전반기손익\n총포괄손익\n효성캐피탈㈜ (주1)\n2,358,085\xa0\n1,941,292\xa0\n416,793\xa0\n100,546\xa0\n12,429\xa0\n12,506\xa0\n효성티앤에스㈜ (주1)\n609,475\xa0\n300,021\xa0\n309,454\xa0\n448,809\xa0\n36,269\xa0\n35,985\xa0\nHyosung USA Inc.\n283,976\xa0\n165,310\xa0\n118,666\xa0\n373,175\xa0\n7,495\xa0\n11,311\xa0\nHyosung Holdings USA, Inc.\n238,624\xa0\n168,668\xa0\n69,956\xa0\n111,558\xa0\n(4,111)\n(3,819)\n효성굿스프링스㈜\n235,537\xa0\n162,488\xa0\n73,049\xa0\n111,560\xa0\n569\xa0\n569\xa0\n공덕경우개발㈜\n218,332\xa0\n248,167\xa0\n(29,835)\n9,880\xa0\n(1,083)\n(1,085)\n하나대체투자랜드칩사모부동산투자신탁39호\n170,762\xa0\n159,948\xa0\n10,814\xa0\n3,776\xa0\n965\xa0\n965\xa0\nHICO America Sales & Tech.\n168,550\xa0\n121,342\xa0\n47,208\xa0\n61,248\xa0\n(3,079)\n(1,624)\n㈜에프엠케이\n134,024\xa0\n103,254\xa0\n30,770\xa0\n106,736\xa0\n3,600\xa0\n3,600\xa0\n효성트랜스월드㈜\n39,730\xa0\n28,219\xa0\n11,511\xa0\n104,833\xa0\n2,711\xa0\n2,711\xa0\n(주1) 연결 재무정보 기준입니다.\n다. 연결대상범위의 변동\n(1) 당반기 중 신규로 연결재무제표의 작성대상회사에 포함된 종속기업의 현황은 다음과 같습니다.\n종속기업명\n사유\n효성캐피탈제이십팔차유동화전문유한회사\n신규취득\n(2) 당반기 중 연결재무제표의 작성대상에서 제외된 종속기업의 현황은 다음과 같습니다.\n종속기업명\n사유\n포항신재생에너지㈜\n매각\n2. 중요한 회계정책\n2.1 재무제표 작성기준\n\xa0\n연결그룹의 요약반기재무제표는 \'주식회사 등의 외부감사에 관한 법률\'에 따라 제정된 한국채택국제회계기준 기업회계기준서 제1034호에 따라 작성되었습니다.요약반기재무제표는 연차재무제표에 기재할 것으로 요구되는 모든 정보 및 주석사항을 포함하고 있지 아니하므로, 2019년 12월 31일로 종료되는 회계기간에 대한 연차재무제표의 정보도 함께 참고하여야 합니다.2.2 제ㆍ개정된 기준서의 적용요약반기재무제표를 작성하기 위하여 채택한 중요한 회계정책은 다음의 2020년 1월1일부터 적용되는 기준서를 제외하고는 2019년 12월 31일로 종료되는 회계기간에 대한 연차재무제표 작성시 채택한 회계정책과 동일합니다. 연결그룹은 공표되었으나시행되지 않은 기준서, 해석서, 개정사항을 조기적용한 바 없습니다.당반기부터 새로 도입된 기준서 및 해석서와 그로 인한 회계정책의 변경 내용은 다음과 같습니다.- 기업회계기준서 제1103호 \'사업결합\' (개정) - 사업의 정의기업회계기준서 제1103호의 개정사항에는 활동과 자산의 집합이 사업의 정의를 충족하기 위해서는 적어도 투입물과 산출물을 창출하거나 산출물의 창출에 기여할 수 있는 실질적인 과정을 포함해야 한다는 점이 명시되어 있습니다. 또한 산출물을 창출하는데 필요한 투입물과 과정을 모두 포함하지 않더라도 사업이 존재할 수 있음을 분명히 했습니다. 이 개정사항이 연결그룹의 재무제표에 미치는 영향은 없으나, 향후 연결그룹에 사업결합이 발생할 경우 영향을 미칠 수 있습니다.\n-\xa0기업회계기준서 제1107호 \'금융상품: 공시\', 제1109호 \'금융상품\', 제1039호 \'금융\xa0\xa0 상품: 인식과 측정\' (개정) - 이자율지표 개혁기업회계기준서 제1109호 및 제1039호에 대한 이 개정사항은 이자율지표 개혁으로 직접적인 영향을 받는 모든 위험회피관계에 적용할 수 있도록 예외규정을 제공합니다. 만약, 이자율지표 개혁이 위험회피대상항목이나 위험회피수단의 이자율지표에 기초한 현금흐름의 시기 또는 금액에 대한 불확실성을 발생시키는 경우에 위험회피관계가 영향을 받습니다. 연결그룹은 이자율 위험회피관계를 보유하지 않으므로 동 개정사항이 재무제표에 미치는 영향은 없습니다.- 기업회계기준서 제1116호 \'리스\' (개정) - 코로나바이러스감염증-19 (\'코로나19\')\xa0 \xa0\xa0 관련 임차료 면제ㆍ할인ㆍ유예(\'임차료 할인 등\')\n기업회계기준서 제1116호의 개정사항은 코로나19의 세계적 유행의 직접적인 결과로 임차료 할인 등이 리스변경에 해당하는지 평가하지 않을 수 있는 실무적 간편법을제공합니다. 이러한 임차료 할인 등은 실무적 간편법의 적용요건을 충족하여야 하며,실무적 간편법을 선택한 리스이용자는 그러한 변동이 리스변경이 아닐 경우에 이 기준서가 규정하는 방식과 일관되게 회계처리하여야 합니다. 동 개정사항은 2020년 6월 1일 이후 최초로 시작되는 회계연도부터 소급하여 적용하되 조기 적용할 수 있습니다. 연결그룹은 코로나19 관련 임차료 할인 등이 발생하지 않았으므로 동 개정사항이 재무제표에 미치는 영향은 없습니다.\n- 기업회계기준서 제1001호 \'재무제표 표시\', 제1008호 \'회계정책, 회계추정의 변경\xa0 \xa0 및 오류\' (개정) - 중요성의 정의이 개정은 중요성에 대한 새로운 정의를 제시합니다. 새 정의에 따르면, \'특정 보고기업에 대한 재무정보를 제공하는 일반목적재무제표에 정보를 누락하거나 잘못 기재하거나 불분명하게 하여, 이를 기초로 내리는 주요 이용자의 의사결정에 영향을 줄 것으로 합리적으로 예상할 수 있다면 그 정보는 중요합니다.이 개정은 중요성이 재무제표의 맥락에서 개별적으로 또는 다른 정보와 결합하여 정보의 성격이나 크기에 따라 결정되는 것을 명확히 합니다. 정보의 왜곡표시가 주된 정보이용자들의 의사결정에 영향을 미칠 것이 합리적으로 예상된다면 그 정보는 중요합니다. 동 개정사항이 연결그룹의 재무제표에 미치는 영향은 없습니다.- 재무보고를 위한 개념체계 (2018)개념체계는 회계기준이 아니며, 개념체계의 어떠한 내용도 회계기준이나 그 요구사항에 우선하지 않습니다. 개념체계의 목적은 회계기준위원회가 한국채택국제회계기준을 제ㆍ개정하는데 도움을 주며, 적용할 회계기준이 없는 경우에 재무제표 작성자가 일관된 회계정책을 개발하는데 도움을 줍니다. 또한 모든 이해관계자가 회계기준을 이해하고 해석하는데 도움을 줍니다.이 개념체계 개정은 일부 새로운 개념을 포함하고 있으며, 자산과 부채의 정의와 인식기준의 변경을 제시하고, 일부 중요한 개념을 명확히 합니다. 동 개정사항이 연결그룹의 재무제표에 미치는 영향은 없습니다.\n3. 범주별 금융상품\xa0가. 금융자산당반기말 및 전기말 현재 범주별 금융자산의 내역은 다음과 같습니다.\n<당반기말>\n(단위: 백만원)\n구\xa0\xa0 분\n당기손익-공정가치측정 금융자산\n기타포괄손익-공정가치측정 금융자산\n상각후원가측정금융자산\n합\xa0\xa0 계\n\xa0현금및현금성자산\n14,700\xa0\n-\xa0\n347,148\xa0\n361,848\xa0\n\xa0매출채권및기타채권\n-\xa0\n-\xa0\n429,577\xa0\n429,577\xa0\n\xa0기타유동금융자산\n1,185\xa0\n-\xa0\n8,925\xa0\n10,110\xa0\n\xa0장기매출채권및기타채권\n-\xa0\n-\xa0\n43,168\xa0\n43,168\xa0\n\xa0기타금융업자산\n-\xa0\n-\xa0\n1,722,658\xa0\n1,722,658\xa0\n\xa0기타비유동금융자산\n363,450\xa0\n52,781\xa0\n103,269\xa0\n519,500\xa0\n\xa0합\xa0\xa0 계\n379,335\xa0\n52,781\xa0\n2,654,745\xa0\n3,086,861\xa0\n<전기말>\n(단위: 백만원)\n구\xa0\xa0 분\n당기손익-공정가치측정 금융자산\n기타포괄손익-공정가치측정 금융자산\n상각후원가측정금융자산\n합\xa0\xa0 계\n\xa0현금및현금성자산\n-\xa0\n-\xa0\n189,328\xa0\n189,328\xa0\n\xa0매출채권및기타채권\n-\xa0\n-\xa0\n403,089\xa0\n403,089\xa0\n\xa0기타유동금융자산\n713\xa0\n-\xa0\n9,125\xa0\n9,838\xa0\n\xa0장기매출채권및기타채권\n-\xa0\n-\xa0\n48,054\xa0\n48,054\xa0\n\xa0기타금융업자산\n-\xa0\n-\xa0\n1,872,707\xa0\n1,872,707\xa0\n\xa0기타비유동금융자산\n343,034\xa0\n52,784\xa0\n113,112\xa0\n508,930\xa0\n\xa0합\xa0\xa0 계\n343,747\xa0\n52,784\xa0\n2,635,415\xa0\n3,031,946\xa0\n나. 금융부채\n당반기말 및 전기말 현재 범주별 금융부채의 내역은 다음과 같습니다.\n<당반기말>\n(단위: 백만원)\n구\xa0\xa0 분\n당기손익-공정가치측정 금융부채\n상각후원가측정 금융부채\n합\xa0\xa0 계\n\xa0매입채무및기타채무\xa0\n-\xa0\n356,915\xa0\n356,915\xa0\n\xa0차입금\xa0\n-\xa0\n1,782,995\xa0\n1,782,995\xa0\n\xa0기타유동금융부채\xa0\n175\xa0\n24,498\xa0\n24,673\xa0\n\xa0장기매입채무및기타채무\xa0\n-\xa0\n204,222\xa0\n204,222\xa0\n\xa0장기차입금\xa0\n-\xa0\n960,095\xa0\n960,095\xa0\n\xa0기타비유동금융부채\xa0\n-\xa0\n81,929\xa0\n81,929\xa0\n\xa0합\xa0\xa0 계\n175\xa0\n3,410,654\xa0\n3,410,829\xa0\n<전기말>\n(단위: 백만원)\n구\xa0\xa0 분\n당기손익-공정가치측정 금융부채\n상각후원가측정 금융부채\n합\xa0\xa0 계\n\xa0매입채무및기타채무\xa0\n-\xa0\n431,206\xa0\n431,206\xa0\n\xa0차입금\xa0\n-\xa0\n1,513,215\xa0\n1,513,215\xa0\n\xa0기타유동금융부채\xa0\n916\xa0\n21,519\xa0\n22,435\xa0\n\xa0장기매입채무및기타채무\xa0\n-\xa0\n206,091\xa0\n206,091\xa0\n\xa0장기차입금\xa0\n-\xa0\n988,378\xa0\n988,378\xa0\n\xa0기타비유동금융부채\xa0\n152\xa0\n91,210\xa0\n91,362\xa0\n\xa0합\xa0\xa0 계\n1,068\xa0\n3,251,619\xa0\n3,252,687\xa0\n다.\xa0공정가치 서열체계당반기말 및 전기말 현재 금융상품의 공정가치와 장부금액은 다음과 같습니다.\n(단위: 백만원)\n구\xa0\xa0 분\n당반기말\n전기말\n장부금액\n공정가치\n장부금액\n공정가치\n\xa0당기손익-공정가치측정금융자산\n378,150\xa0\n378,150\xa0\n343,034\xa0\n343,034\xa0\n\xa0기타포괄손익-공정가치측정금융자산\n52,781\xa0\n52,781\xa0\n52,784\xa0\n52,784\xa0\n\xa0파생상품자산\n1,185\xa0\n1,185\xa0\n713\xa0\n713\xa0\n\xa0파생상품부채\n175\xa0\n175\xa0\n1,068\xa0\n1,068\xa0\n공정가치로 측정되는 금융상품은 공정가치 서열체계에 따라 구분되며 정의된 수준들은 다음과 같습니다.\n- 측정일에 동일한 자산이나 부채에 대해 접근할 수 있는 활성시장의(조정하지 않은)\xa0\xa0 공시가격 (수준 1)\n- 수준 1의 공시가격 외에 자산이나 부채에 대해 직접적으로나 간접적으로 관측할\xa0 \xa0 \xa0\xa0 수 있는 투입변수 (수준 2)\n- 자산이나 부채에 대한 관측할 수 없는 투입변수 (수준 3)\n당반기말과 전기말 현재 공정가치로 측정되는 금융상품의 공정가치 서열체계 구분은다음과 같습니다.\n<당반기말>\n(단위: 백만원)\n구\xa0\xa0 분\n수준1\n수준2(주1)\n수준3(주2)\n합\xa0\xa0 계\n자산\n\xa0당기손익-공정가치측정금융자산\n1,099\xa0\n14,700\xa0\n362,351\xa0\n378,150\xa0\n\xa0기타포괄손익-공정가치측정금융자산\n21,199\xa0\n-\xa0\n31,582\xa0\n52,781\xa0\n\xa0파생상품자산\n-\xa0\n1,185\xa0\n-\xa0\n1,185\xa0\n합\xa0\xa0 계\n22,298\xa0\n15,885\xa0\n393,933\xa0\n432,116\xa0\n부채\n\xa0파생상품부채\n-\xa0\n175\xa0\n-\xa0\n175\xa0\n(주1) 연결그룹은 공정가치 서열체계에서 수준 2로 분류되는 파생상품자산 및 부채\xa0 \xa0 \xa0 \xa0 \xa0\xa0 에 대하여 시장접근법을 평가기법으로 사용하고 있으며, 투입변수는 환율 등을\xa0 \xa0 \xa0 \xa0 사용하고 있습니다.(주2) 연결그룹은 수준 3으로 분류되는 공정가치측정금융자산에 대하여 현금흐름할\xa0 \xa0 \xa0 \xa0\xa0 인법, 유사기업비교법, 위험조정 할인율모형 등을 사용하고 있으며, 주요 투입\xa0 \xa0 \xa0 \xa0\xa0 변수는 할인율과 성장률 등이 해당됩니다.\n<전기말>\n(단위: 백만원)\n구\xa0\xa0 분\n수준1\n수준2(주1)\n수준3(주2)\n합\xa0\xa0 계\n자산\n\xa0당기손익-공정가치측정금융자산\n3,834\xa0\n-\xa0\n339,200\xa0\n343,034\xa0\n\xa0기타포괄손익-공정가치측정금융자산\n21,202\xa0\n-\xa0\n31,582\xa0\n52,784\xa0\n\xa0파생상품자산\n-\xa0\n713\xa0\n-\xa0\n713\xa0\n\xa0장단기금융상품\n-\xa0\n-\xa0\n1,200\xa0\n1,200\xa0\n합\xa0\xa0 계\n25,036\xa0\n713\xa0\n371,982\xa0\n397,731\xa0\n부채\n\xa0파생상품부채\n-\xa0\n1,068\xa0\n-\xa0\n1,068\xa0\n(주1) 연결그룹은 공정가치 서열체계에서 수준 2로 분류되는 파생상품자산 및 부채\xa0 \xa0 \xa0 \xa0 \xa0\xa0 에 대하여 시장접근법을 평가기법으로 사용하고 있으며, 투입변수는 환율 등을\xa0 \xa0 \xa0 \xa0 사용하고 있습니다.(주2) 연결그룹은 수준 3으로 분류되는 공정가치측정금융자산에 대하여 현금흐름할\xa0 \xa0 \xa0 \xa0\xa0 인법, 유사기업비교법, 위험조정 할인율모형 등을 사용하고 있으며, 주요 투입\xa0 \xa0 \xa0 \xa0\xa0 변수는 할인율과 성장률 등이 해당됩니다.\n당반기 중 공정가치 서열체계의 수준 간 이동 내역은 없습니다.\n4. 부문별 보고영업부문별 정보전략적 의사결정을 수립하는 경영진이 연결그룹의 영업부문을 결정하고 있습니다. 경영진은 부문에 배분될 자원에 대한 의사결정을 하고 부문의 성과를 평가하기 위하여 부문의 영업이익을 기준으로 검토하고 있습니다.\xa0당반기와 전반기\xa0중 영업부문별 정보는 다음과 같습니다.\n<당반기>\n(단위: 백만원)\n구\xa0\xa0 분\n금융\n정보통신\n펌프제조\n수입차딜러\n기타\n연결조정\n합\xa0\xa0 계\n매출액\n93,614\xa0\n441,488\xa0\n116,374\xa0\n80,128\xa0\n647,619\xa0\n(42,526)\n1,336,697\xa0\n영업이익\n15,474\xa0\n47,532\xa0\n(1,024)\n1,136\xa0\n(7,304)\n(25,807)\n30,007\xa0\n세전이익(손실)\n15,290\xa0\n68,658\xa0\n(2,588)\n3,225\xa0\n(12,371)\n(26,045)\n46,169\xa0\n반기순이익(손실)\n11,689\xa0\n52,467\xa0\n(2,253)\n2,552\xa0\n(4,937)\n(25,693)\n33,825\xa0\n자산총계\n2,392,418\xa0\n717,138\xa0\n239,676\xa0\n133,246\xa0\n2,932,901\xa0\n158,057\xa0\n6,573,436\xa0\n부채총계\n1,990,923\xa0\n390,403\xa0\n170,880\xa0\n99,924\xa0\n1,334,339\xa0\n(15,644)\n3,970,825\xa0\n<전반기>\n(단위: 백만원)\n구\xa0\xa0 분\n금융\n정보통신\n펌프제조\n수입차딜러\n기타\n연결조정\n합\xa0\xa0 계\n매출액\n100,546\xa0\n484,979\xa0\n111,560\xa0\n106,736\xa0\n836,165\xa0\n41,391\xa0\n1,681,377\xa0\n영업이익\n14,928\xa0\n49,996\xa0\n3,030\xa0\n3,566\xa0\n17,838\xa0\n56,425\xa0\n145,783\xa0\n세전이익(손실)\n15,223\xa0\n54,080\xa0\n2,594\xa0\n4,637\xa0\n2,757\xa0\n56,186\xa0\n135,477\xa0\n반기순이익(손실)\n12,429\xa0\n40,392\xa0\n569\xa0\n3,600\xa0\n(2,966)\n57,006\xa0\n111,030\xa0\n자산총계\n2,387,846\xa0\n694,351\xa0\n215,697\xa0\n152,090\xa0\n3,043,905\xa0\n159,969\xa0\n6,653,858\xa0\n부채총계\n1,985,425\xa0\n379,832\xa0\n144,196\xa0\n121,365\xa0\n1,329,032\xa0\n(15,602)\n3,944,248\xa0\n5. 현금및현금성자산가. 당반기말 및 전기말 현재 현금및현금성자산의 구성내역은 다음과 같습니다.\n(단위: 백만원)\n구\xa0\xa0 분\n당반기말\n전기말\n보유현금\n5,327\xa0\n10,767\xa0\n은행예금 등\n356,521\xa0\n178,561\xa0\n합\xa0\xa0 계\n361,848\xa0\n189,328\xa0\n나. 사용이 제한된 금융상품당반기말 및 전기말 현재 사용이 제한된 금융상품은 다음과 같습니다.\n(단위: 백만원)\n구\xa0\xa0 분\n당반기말\n전기말\n사용제한내역\n현금및현금성자산\n18\xa0\n566\xa0\n기타\n기타유동금융자산\n-\xa0\n5,200\xa0\n당좌개설보증금 및 임대보증금\n700\xa0\n-\xa0\n기타\n기타비유동금융자산\n3,851\xa0\n1,909\xa0\n당좌개설보증금 및 임대보증금\n-\xa0\n7,047\xa0\n차입금 관련 근질권 설정\n합\xa0\xa0 계\n4,569\xa0\n14,722\xa0\n6. 매출채권및기타채권\n가. 당반기말과 전기말 현재 매출채권및기타채권의 내역은 다음과 같습니다.\n(단위: 백만원)\n구\xa0\xa0 분\n당반기말\n전기말\n채권액\n대손충당금\n장부금액\n채권액\n대손충당금\n장부금액\n매출채권\n359,000\xa0\n(15,381)\n343,619\xa0\n356,961\xa0\n(14,517)\n342,444\xa0\n기타채권\n87,960\xa0\n(2,002)\n85,958\xa0\n62,604\xa0\n(1,960)\n60,644\xa0\n소\xa0\xa0 계\n446,960\xa0\n(17,383)\n429,577\xa0\n419,565\xa0\n(16,477)\n403,088\xa0\n장기기타채권\n44,276\xa0\n(1,108)\n43,168\xa0\n48,055\xa0\n-\xa0\n48,055\xa0\n합\xa0\xa0 계\n491,236\xa0\n(18,491)\n472,745\xa0\n467,620\xa0\n(16,477)\n451,143\xa0\n당반기말 현재 연결그룹이\xa0금융기관에\xa0매출채권을 양도하고 현금을 수령하였으나, 미결제된 금액은\xa0132,368백만원(전기말:\xa021,508백만원)입니다.\xa0미결제금액에 대해서는 대출약정 상 매출거래처의 부도가 발생하는 경우, 연결그룹이 금융기관에 해당금액을 지급할 의무가 있으므로 동 거래는\xa0담보부차입으로 회계처리되었습니다.나. 당반기말 및 전기말 현재 기타채권의 내역은 다음과 같습니다.\n(단위: 백만원)\n구\xa0\xa0 분\n당반기말\n전기말\n기타채권\n\xa0 미수금\n64,265\xa0\n40,025\xa0\n\xa0 단기대여금\n11,957\xa0\n10,950\xa0\n\xa0 미수수익\n8,100\xa0\n7,847\xa0\n\xa0 보증금\n1,636\xa0\n1,741\xa0\n\xa0 금융리스채권\n-\xa0\n81\xa0\n소\xa0\xa0 계\n85,958\xa0\n60,644\xa0\n\xa0 장기기타채권\n\xa0 장기대여금\n775\xa0\n772\xa0\n\xa0 보증금\n42,393\xa0\n45,854\xa0\n\xa0 장기금융리스채권\n-\xa0\n1,429\xa0\n소\xa0\xa0 계\n43,168\xa0\n48,055\xa0\n합\xa0\xa0 계\n129,126\xa0\n108,699\xa0\n7. 기타금융자산 및 기타금융부채\xa0\n가. 당반기말과 전기말 현재 기타금융자산 및 기타금융부채의 상세내역은 다음과 같습니다.\n(단위: 백만원)\n구\xa0\xa0 분\n당반기말\n전기말\n기타금융자산\n\xa0상각후원가측정 기타금융자산\n112,194\xa0\n122,237\xa0\n\xa0기타포괄손익-공정가치측정금융자산\n52,781\xa0\n52,784\xa0\n\xa0당기손익-공정가치측정금융자산\n363,450\xa0\n343,034\xa0\n\xa0파생상품자산\n1,185\xa0\n713\xa0\n합\xa0\xa0 계\n529,610\xa0\n518,768\xa0\n기타금융부채\n\xa0리스부채(유동)\n24,499\xa0\n21,519\xa0\n\xa0리스부채(비유동)\n81,929\xa0\n91,209\xa0\n\xa0파생상품부채\n175\xa0\n1,068\xa0\n합\xa0\xa0 계\n106,603\xa0\n113,796\xa0\n나. 당반기말 및 전기말 현재 기타금융자산의 범주별 장부금액은 다음과 같습니다.\n(단위: 백만원)\n구\xa0 \xa0\xa0 분\n당반기말\n전기말\n상각후원가 측정 금융자산:\n\xa0 채무증권\n112,194\xa0\n122,237\xa0\n당기손익-공정가치 측정 금융자산:\n\xa0 활성시장에서 거래되는 지분증권\n1,099\xa0\n1,459\xa0\n\xa0 활성시장에서 거래되지 않는 지분증권\n15,839\xa0\n15,475\xa0\n\xa0 수익증권\n69,864\xa0\n67,792\xa0\n\xa0 출자금 등\n276,648\xa0\n\xa0258,308\xa0\n소\xa0 \xa0 \xa0 계\n363,450\xa0\n343,034\xa0\n기타포괄손익-공정가치 측정 금융자산:\xa0\n\xa0 활성시장에서 거래되는 지분증권\n21,199\xa0\n21,202\xa0\n\xa0 활성시장에서 거래되지 않는 지분증권\n9,186\xa0\n9,186\xa0\n\xa0 출자금 등\n22,396\xa0\n22,396\xa0\n소\xa0 \xa0 \xa0 계\n52,781\xa0\n52,784\xa0\n파생상품자산\n1,185\xa0\n713\xa0\n합\xa0 \xa0 \xa0 계\n529,610\xa0\n518,768\xa0\n다. 당반기와 전반기 중 당기손익-공정가치측정자산 및 기타포괄손익-공정가치측정금융자산의 변동 내역은 다음과 같습니다.\n(단위: 백만원)\n구 분\n당반기\n전반기\n기초\n395,818\xa0\n355,283\xa0\n취득\n56,289\xa0\n\xa049,645\xa0\n처분\n(35,697)\n(50,930)\n평가손익(기타포괄손익)\n(3)\n4,500\xa0\n평가손익(당기손익)\n(176)\n(3,821)\n기말\n416,231\xa0\n354,677\xa0\n8. 재고자산\n당반기말 및 전기말 현재 재고자산의 내역은 다음과 같습니다.\n(단위: 백만원)\n구\xa0\xa0 분\n당반기말\n전기말\n평가전금액\n평가충당금\n장부가액\n평가전금액\n평가충당금\n장부가액\n상품\n396,947\xa0\n(6,374)\n390,573\xa0\n318,785\xa0\n(2,342)\n316,443\xa0\n제품\n64,535\xa0\n(2,740)\n61,795\xa0\n115,651\xa0\n(7,160)\n108,491\xa0\n반제품\n21,717\xa0\n(326)\n21,391\xa0\n25,810\xa0\n(370)\n25,440\xa0\n재공품\n56,247\xa0\n-\xa0\n56,247\xa0\n32,845\xa0\n-\xa0\n32,845\xa0\n원재료\n39,025\xa0\n(1,203)\n37,822\xa0\n43,276\xa0\n(1,624)\n41,652\xa0\n부재료\n6,094\xa0\n(29)\n6,065\xa0\n5,393\xa0\n(27)\n5,366\xa0\n저장품\n6,860\xa0\n-\xa0\n6,860\xa0\n6,288\xa0\n-\xa0\n6,288\xa0\n포장재\n75\xa0\n(2)\n73\xa0\n83\xa0\n(3)\n80\xa0\n미착품\n29,022\xa0\n-\xa0\n29,022\xa0\n37,137\xa0\n-\xa0\n37,137\xa0\n합\xa0\xa0 계\n620,522\xa0\n(10,674)\n609,848\xa0\n585,268\xa0\n(11,526)\n573,742\xa0\n9. 유형자산 및 투자부동산\xa0가. 당반기와 전반기 중 유형자산의 변동내역은 다음과 같습니다.\n<당반기>\n(단위: 백만원)\n구\xa0\xa0 분\n당기초\n취득\n처분\n감가상각\n본계정대체(주1)\n기타(주2)\n당반기말\n토지\n491,202\xa0\n-\xa0\n-\xa0\n-\xa0\n9\xa0\n(766)\n490,445\xa0\n건물\n107,209\xa0\n-\xa0\n-\xa0\n(2,163)\n19\xa0\n(1,160)\n103,905\xa0\n구축물\n14,589\xa0\n107\xa0\n-\xa0\n(633)\n709\xa0\n58\xa0\n14,830\xa0\n기계장치\n75,179\xa0\n2,067\xa0\n-\xa0\n(8,987)\n4,391\xa0\n1,353\xa0\n74,003\xa0\n(정부보조금)\n(1,607)\n-\xa0\n-\xa0\n284\xa0\n-\xa0\n-\xa0\n(1,323)\n차량운반구\n1,589\xa0\n198\xa0\n(111)\n(275)\n217\xa0\n16\xa0\n1,634\xa0\n공구와비품\n86,917\xa0\n9,820\xa0\n(144)\n(14,737)\n1,819\xa0\n443\xa0\n84,118\xa0\n(정부보조금)\n(277)\n-\xa0\n-\xa0\n92\xa0\n-\xa0\n-\xa0\n(185)\n기타의유형자산\n189\xa0\n8\xa0\n(5)\n(125)\n-\xa0\n29\xa0\n96\xa0\n건설중인자산\n19,663\xa0\n13,294\xa0\n(178)\n-\xa0\n(8,373)\n243\xa0\n24,649\xa0\n미착기계\n87\xa0\n66\xa0\n-\xa0\n-\xa0\n(134)\n-\xa0\n19\xa0\n사용권자산\n123,585\xa0\n14,678\xa0\n(7,658)\n(15,665)\n-\xa0\n2,220\xa0\n117,160\xa0\n합\xa0\xa0 계\n918,325\xa0\n40,238\xa0\n(8,096)\n(42,209)\n(1,343)\n2,436\xa0\n909,351\xa0\n(주1) 무형자산으로 대체된 금액은 1,343백만원입니다.(주2) 환율변동효과 등이 포함된 금액입니다.\n<전반기>\n(단위: 백만원)\n구\xa0\xa0 분\n전기초\n취득\n처분\n감가상각\n본계정대체\n기타(주1)\n회계변경효과\n전반기말\n유형자산\n947,976\xa0\n42,540\xa0\n(5,836)\n(38,222)\n(171,273)\n8,898\xa0\n87,331\xa0\n871,414\xa0\n(주1) 환율변동효과 등이 포함된 금액입니다.\n나. 당반기와 전반기 중 투자부동산의 변동내역은 다음과 같습니다.\n<당반기>\n(단위: 백만원)\n구\xa0\xa0 분\n당기초\n처분\n감가상각비\n기타\n당반기말\n토지\n64,857\xa0\n-\xa0\n(4)\n1,257\xa0\n66,110\xa0\n건물\n235,405\xa0\n(95)\n(4,290)\n1,772\xa0\n232,792\xa0\n합\xa0\xa0 계\n300,262\xa0\n(95)\n(4,294)\n3,029\xa0\n298,902\xa0\n<전반기>\n(단위: 백만원)\n구\xa0\xa0 분\n전기초\n취득\n감가상각비\n대체\n기타\n전반기말\n투자부동산\n145,644\xa0\n565\xa0\n(3,273)\n165,928\xa0\n(4,740)\n304,124\xa0\n10. 무형자산\xa0가. 당반기와 전반기 중 무형자산의 변동내역은 다음과 같습니다.\n<당반기>\n(단위: 백만원)\n구\xa0\xa0 분\n당기초\n취득\n상각\n대체(주1)\n기타\n당반기말\n영업권\n78,942\xa0\n-\xa0\n-\xa0\n-\xa0\n-\xa0\n78,942\xa0\n산업재산권\n1,229\xa0\n2\xa0\n(196)\n106\xa0\n-\xa0\n1,141\xa0\n기타의무형자산\n29,303\xa0\n5,740\xa0\n(5,011)\n1,237\xa0\n196\xa0\n31,465\xa0\n회원권\n51,035\xa0\n5\xa0\n-\xa0\n-\xa0\n-\xa0\n51,040\xa0\n합\xa0\xa0 계\n160,509\xa0\n5,747\xa0\n(5,207)\n1,343\xa0\n196\xa0\n162,588\xa0\n(주1) 유형자산에서 대체되었습니다.\n<전반기>\n(단위: 백만원)\n구\xa0\xa0 분\n당기초\n취득\n처분\n상각\n대체\n기타\n당반기말\n영업권\n79,438\xa0\n-\xa0\n-\xa0\n-\xa0\n-\xa0\n-\xa0\n79,438\xa0\n산업재산권\n1,277\xa0\n9\xa0\n-\xa0\n(180)\n107\xa0\n-\xa0\n1,213\xa0\n기타의무형자산\n30,952\xa0\n2,913\xa0\n-\xa0\n(6,506)\n2,218\xa0\n145\xa0\n29,722\xa0\n회원권\n50,660\xa0\n194\xa0\n(140)\n-\xa0\n-\xa0\n-\xa0\n50,714\xa0\n합\xa0\xa0 계\n162,327\xa0\n3,116\xa0\n(140)\n(6,686)\n2,325\xa0\n145\xa0\n161,087\xa0\n11. 리스가. 당반기 중 사용권자산의 변동내역은 다음과 같습니다.\n<당반기>\n(단위: 백만원)\n구\xa0\xa0 분\n기초\n증가\n상각\n감소\n기타\n당반기말\n건물\n57,429\xa0\n6,491\xa0\n(8,321)\n(263)\xa0\n1,627\xa0\n56,963\xa0\n기계장치\n542\xa0\n-\xa0\n(190)\n-\xa0\n21\xa0\n373\xa0\n차량운반구\n18,597\xa0\n7,186\xa0\n(4,783)\n(6,748)\xa0\n166\xa0\n14,418\xa0\n기타\n47,017\xa0\n1,001\xa0\n(2,371)\n(647)\xa0\n406\xa0\n45,406\xa0\n합\xa0\xa0 계\n123,585\xa0\n14,678\xa0\n(15,665)\n(7,658)\xa0\n2,220\xa0\n117,160\xa0\n나. 당반기 중 리스부채의 변동내역은 다음과 같습니다.\n<당반기>\n(단위: 백만원)\n구\xa0\xa0 분\n기초\n증가\n이자비용\n감소\n기타\n당반기말\n리스부채\n112,728\xa0\n14,678\xa0\n2,049\xa0\n(17,473)\n(5,554)\n106,428\xa0\n12. 관계기업투자가. 당반기말 및 전기말 현재 관계기업의 현황과 장부금액은 다음과 같습니다.\n(단위: 백만원)\n기업명\n지분율(%)\n소재지\n취득원가\n장부금액\n당반기말\n전기말\n효성티앤씨㈜\n20.32\n한국\n176,483\xa0\n186,437\xa0\n189,194\xa0\n효성중공업㈜\n32.47\n한국\n161,041\xa0\n411,525\xa0\n426,231\xa0\n효성첨단소재㈜\n21.2\n한국\n116,476\xa0\n96,000\xa0\n99,850\xa0\n효성화학㈜\n20.17\n한국\n97,688\xa0\n111,104\xa0\n114,367\xa0\n태백풍력발전㈜\n35\n한국\n5,334\xa0\n9,391\xa0\n10,099\xa0\n평창풍력발전㈜ (주1)\n42\n한국\n6,510\xa0\n8,334\xa0\n9,873\xa0\n효성인포메이션시스템㈜\n50\n한국\n24,860\xa0\n47,385\xa0\n47,195\xa0\n효성토요타㈜\n40\n한국\n800\xa0\n3,038\xa0\n3,117\xa0\n효성아이티엑스㈜\n34.99\n한국\n6,961\xa0\n16,649\xa0\n17,962\xa0\n순천에코그린㈜ (주2,3)\n29.5\n한국\n-\xa0\n-\xa0\n-\xa0\n㈜광주일보사\n49\n한국\n3,920\xa0\n2,344\xa0\n3,596\xa0\nPT. Papua Agro Lestari(주4)\n15\n인도네시아\n10,458\xa0\n9,326\xa0\n9,713\xa0\nPT. GELORA MANDIRI MEMBANGUN(주4)\n15\n인도네시아\n4,687\xa0\n4,253\xa0\n4,174\xa0\nHyosung Vietnam Co., Ltd.\n28.57\n베트남\n20,849\xa0\n167,613\xa0\n185,308\xa0\nHyosung Istanbul TEKSTIL LTD.STI(주5)\n56.58\n터키\n12,731\xa0\n153,005\xa0\n157,606\xa0\n패스파인더청년창업투자조합\n23.33\n한국\n2,893\xa0\n3,030\xa0\n2,376\xa0\n합\xa0\xa0 계\n651,691\xa0\n1,229,434\xa0\n1,280,661\xa0\n(주1) 연결그룹은 평창풍력발전㈜의 차입금과 관련하여 연결그룹이 보유하고 있는\xa0 \xa0 \xa0 \xa0 \xa0\xa0 평창풍력발전㈜ 지분을 담보로 제공하고 있습니다(주석 30 참조).(주2) 연결그룹은 순천에코그린㈜의 차입금과 관련하여 연결그룹이 보유하고 있는\xa0 \xa0 \xa0 \xa0 \xa0\xa0 순천에코그린㈜ 지분을 담보로 제공하고 있습니다(주석 30 참조).(주3) 지분법손실 누적으로 관계기업투자의 장부가액이 영(""0"") 이하가 되어 지분법\xa0 \xa0 \xa0 \xa0 \xa0\xa0 적용을 중단하였습니다.(주4) 연결그룹이 보유한 지분율이 20% 미만이나, 피투자자의 의사결정기구 참여 및\xa0 \xa0 \xa0 \xa0 경영진의 상호교류 등 유의적인 영향력을 보유하는 것이 입증되어 관계기업투\xa0 \xa0 \xa0 \xa0\xa0 자로 분류하였습니다.\n(주5) 연결그룹은 주주간계약을 통해 Hyosung Istanbul TEKSTIL LTD.STI 에 대한\xa0 \xa0 \xa0 \xa0\xa0 의결권을 ㈜효성티앤씨에게 위임하였습니다. 이에 따라 지분율이 50%를 초과\xa0 \xa0 \xa0 \xa0\xa0 함에도 관계기업으로 분류하였습니다.나. 당반기와 전반기의 관계기업에 대한 지분법 평가 내역은 다음과 같습니다.\n<당반기>\n(단위: 백만원)\n기업명\n당기초\n취득\n지분법손익\n기타포괄손익\n기타\n당반기말\n효성티앤씨㈜\n189,194\xa0\n-\xa0\n(512)\n(422)\n(1,823)\n186,437\xa0\n효성중공업㈜\n426,231\xa0\n-\xa0\n(14,642)\n226\xa0\n(290)\n411,525\xa0\n효성첨단소재㈜\n99,850\xa0\n-\xa0\n(5,946)\n2,143\xa0\n(47)\n96,000\xa0\n효성화학㈜\n114,367\xa0\n-\xa0\n(2,870)\n2,870\xa0\n(3,263)\n111,104\xa0\n태백풍력발전㈜\n10,099\xa0\n-\xa0\n(463)\n-\xa0\n(245)\n9,391\xa0\n평창풍력발전㈜\n9,873\xa0\n-\xa0\n(174)\n-\xa0\n(1,365)\n8,334\xa0\n효성인포메이션시스템㈜\n47,195\xa0\n-\xa0\n2,689\xa0\n-\xa0\n(2,499)\n47,385\xa0\n효성토요타㈜\n3,117\xa0\n-\xa0\n(91)\n-\xa0\n12\xa0\n3,038\xa0\n효성아이티엑스㈜\n17,962\xa0\n-\xa0\n1,903\xa0\n(365)\n(2,851)\n16,649\xa0\n순천에코그린㈜\n-\xa0\n-\xa0\n-\xa0\n-\xa0\n-\xa0\n-\xa0\n㈜광주일보사\n3,596\xa0\n-\xa0\n(1,235)\n-\xa0\n(17)\n2,344\xa0\nPT. Papua Agro Lestari\n9,713\xa0\n-\xa0\n(473)\n86\xa0\n-\xa0\n9,326\xa0\nPT. GELORA MANDIRI MEMBANGUN\n4,174\xa0\n-\xa0\n56\xa0\n23\xa0\n-\xa0\n4,253\xa0\nHyosung Vietnam Co., Ltd.\n185,308\xa0\n-\xa0\n(2,420)\n2,372\xa0\n(17,647)\n167,613\xa0\nHyosung Istanbul TEKSTIL LTD.STI\n157,606\xa0\n-\xa0\n(219)\n4,179\xa0\n(8,561)\n153,005\xa0\n패스파인더청년창업투자조합\n2,376\xa0\n700\xa0\n(46)\n-\xa0\n-\xa0\n3,030\xa0\n합\xa0\xa0 계\n1,280,661\xa0\n700\xa0\n(24,443)\n11,112\xa0\n(38,596)\n1,229,434\xa0\n<전반기>\n(단위: 백만원)\n기업명\n전기초\n취득\n지분법손익\n기타포괄손익\n기타\n전반기말\n효성티앤씨㈜\n176,483\xa0\n-\xa0\n10,267\xa0\n2,627\xa0\n(923)\n188,454\xa0\n효성중공업㈜\n434,370\xa0\n-\xa0\n7,785\xa0\n321\xa0\n(548)\n441,928\xa0\n효성첨단소재㈜\n116,476\xa0\n-\xa0\n3,896\xa0\n2,883\xa0\n(38)\n123,217\xa0\n효성화학㈜\n97,688\xa0\n-\xa0\n8,018\xa0\n1,464\xa0\n(651)\n106,519\xa0\n태백풍력발전㈜\n7,931\xa0\n-\xa0\n841\xa0\n-\xa0\n-\xa0\n8,772\xa0\n평창풍력발전㈜\n9,103\xa0\n-\xa0\n21\xa0\n-\xa0\n-\xa0\n9,124\xa0\n효성인포메이션시스템㈜\n46,740\xa0\n-\xa0\n2,130\xa0\n-\xa0\n(2,575)\n46,295\xa0\n효성토요타㈜\n2,357\xa0\n-\xa0\n678\xa0\n-\xa0\n(2)\n3,033\xa0\n효성아이티엑스㈜\n16,660\xa0\n-\xa0\n1,501\xa0\n1,863\xa0\n(2,102)\n17,922\xa0\n순천에코그린㈜\n-\xa0\n-\xa0\n-\xa0\n-\xa0\n-\xa0\n-\xa0\n㈜광주일보사\n3,501\xa0\n-\xa0\n46\xa0\n-\xa0\n(59)\n3,488\xa0\nPT. Papua Agro Lestari\n9,873\xa0\n-\xa0\n(233)\n432\xa0\n-\xa0\n10,072\xa0\nPT. GELORA MANDIRI MEMBANGUN\n4,141\xa0\n-\xa0\n48\xa0\n48\xa0\n-\xa0\n4,237\xa0\nHyosung Vietnam Co., Ltd.\n187,867\xa0\n-\xa0\n7,128\xa0\n2,178\xa0\n(17,328)\n179,845\xa0\nHyosung Istanbul TEKSTIL LTD.STI\n127,199\xa0\n-\xa0\n17,683\xa0\n2,755\xa0\n(11,126)\n136,511\xa0\n패스파인더청년창업투자조합\n1,638\xa0\n350\xa0\n(44)\n-\xa0\n-\xa0\n1,944\xa0\n합\xa0\xa0 계\n1,242,027\xa0\n350\xa0\n59,765\xa0\n14,571\xa0\n(35,352)\n1,281,361\xa0\n다. 주요 관계기업의 요약 재무정보, 관계기업 투자의 장부금액으로의 조정 내역 및관계기업으로부터 수령한 배당금은 아래와 같습니다.\n(단위: 백만원)\n기업명\n유동자산\n비유동자산\n유동부채\n비유동부채\n수익\n반기순이익\n기타포괄 손익\n총포괄손익\n관계기업에서 수령한 배당금\n효성티앤씨㈜\n1,332,320\xa0\n1,694,432\xa0\n1,931,311\xa0\n521,537\xa0\n2,393,601\xa0\n6,753\xa0\n1,387\xa0\n8,140\xa0\n1,759\xa0\n효성중공업㈜\n1,836,546\xa0\n2,493,961\xa0\n2,236,590\xa0\n1,136,110\xa0\n1,488,924\xa0\n(32,436)\n(254)\n(32,690)\n-\xa0\n효성첨단소재㈜\n851,549\xa0\n1,604,723\xa0\n1,755,770\xa0\n332,292\xa0\n1,065,382\xa0\n(31,654)\n12,623\xa0\n(19,031)\n-\xa0\n효성화학㈜\n598,611\xa0\n1,869,938\xa0\n608,762\xa0\n1,418,870\xa0\n854,133\xa0\n(11,905)\n14,002\xa0\n2,097\xa0\n3,217\xa0\n태백풍력발전㈜\n820\xa0\n28,675\xa0\n236\xa0\n2,427\xa0\n3,067\xa0\n(1,323)\n-\xa0\n(1,323)\n245\xa0\n평창풍력발전㈜\n7,173\xa0\n66,429\xa0\n4,403\xa0\n49,357\xa0\n3,659\xa0\n(415)\n-\xa0\n(415)\n1,365\xa0\n효성인포메이션시스템㈜\n118,988\xa0\n20,880\xa0\n38,596\xa0\n6,503\xa0\n63,483\xa0\n5,377\xa0\n-\xa0\n5,377\xa0\n2,595\xa0\n효성토요타㈜\n10,698\xa0\n14,600\xa0\n8,204\xa0\n9,497\xa0\n23,129\xa0\n(227)\n-\xa0\n(227)\n-\xa0\n효성아이티엑스㈜\n96,094\xa0\n74,043\xa0\n93,652\xa0\n28,155\xa0\n222,260\xa0\n5,437\xa0\n434\xa0\n5,871\xa0\n2,831\xa0\n순천에코그린㈜\xa0\n500\xa0\n28,680\xa0\n2,880\xa0\n42,790\xa0\n1,655\xa0\n(4,852)\n-\xa0\n(4,852)\n-\xa0\n㈜광주일보사\n4,200\xa0\n16,880\xa0\n14,112\xa0\n2,184\xa0\n3,396\xa0\n(2,521)\n-\xa0\n(2,521)\n-\xa0\nPT. Papua Agro Lestari\n21,655\xa0\n43,512\xa0\n1,402\xa0\n22,868\xa0\n2,704\xa0\n(3,151)\n567\xa0\n(2,584)\n-\xa0\nPT. GELORA MANDIRI MEMBANGUN\n4,038\xa0\n79,250\xa0\n38,094\xa0\n39,641\xa0\n-\xa0\n378\xa0\n154\xa0\n532\xa0\n-\xa0\nHyosung Vietnam Co., Ltd.\n305,261\xa0\n399,992\xa0\n527,089\xa0\n360\xa0\n463,815\xa0\n(10,068)\n8,302\xa0\n(1,766)\n17,646\xa0\nHyosung Istanbul TEKSTIL LTD.STI\n81,920\xa0\n109,596\xa0\n115,585\xa0\n7,876\xa0\n71,727\xa0\n9,846\xa0\n(126)\n9,720\xa0\n8,561\xa0\n패스파인더청년창업투자조합\n1,206\xa0\n11,781\xa0\n-\xa0\n-\xa0\n2\xa0\n(195)\n-\xa0\n(195)\n-\xa0\n라. 당반기말 현재 시장성 있는 관계기업 투자의 공정가치는 다음과 같습니다.\n(단위: 백만원)\n종속기업명\n당반기말\n효성티앤씨㈜\n98,480\xa0\n효성중공업㈜\n87,503\xa0\n효성첨단소재㈜\n108,282\xa0\n효성화학㈜\n67,566\xa0\n효성아이티엑스㈜\n85,458\xa0\n13.\xa0기타금융업자산가. 당반기말 및 전기말 현재 기타금융업자산의 내역은 다음과 같습니다.\n(단위: 백만원)\n구\xa0\xa0 분\n당반기말\n전기말\n상각후원가측정대출채권\n1,263,035\xa0\n1,389,168\xa0\n리스/렌탈자산\n526,191\xa0\n542,351\xa0\n합\xa0\xa0 계\n1,789,226\xa0\n1,931,519\xa0\n나. 당반기말 및 전기말 현재 상각후원가측정대출채권의 내역은 다음과 같습니다.\n(단위: 백만원)\n구\xa0\xa0 분\n당반기말\n전기말\n채권액\n1,291,150\xa0\n1,419,017\xa0\n대손충당금\n(28,115)\n(29,849)\n합\xa0\xa0 계\n1,263,035\xa0\n1,389,168\xa0\n다. 당반기말 및 전기말 현재 리스/렌탈자산의 내역은 다음과 같습니다.\n(단위: 백만원)\n구\xa0\xa0 분\n당반기말\n전기말\n금융및해지리스채권\n457,846\xa0\n481,549\xa0\n운용리스자산\n17,500\xa0\n15,488\xa0\n선급리스(렌탈)자산\n172\xa0\n482\xa0\n렌탈채권\n1,778\xa0\n1,990\xa0\n렌탈자산\n48,895\xa0\n42,842\xa0\n합\xa0\xa0 계\n526,191\xa0\n542,351\xa0\n연결그룹은 전기 중 리스/렌탈자산을 상각후원가측정대출채권에서 재분류하였습니다.\n14. 기타자산가. 당반기말 및 전기말 현재 기타자산의 내역은 다음과 같습니다.\n(단위: 백만원)\n구\xa0\xa0 분\n당반기말\n전기말\n기타유동자산\n\xa0선급금\n88,696\xa0\n99,916\xa0\n\xa0대손충당금\n-\xa0\n(3,175)\n\xa0선급비용\n30,486\xa0\n21,475\xa0\n소\xa0\xa0 계\n119,182\xa0\n118,216\xa0\n기타비유동자산\n\xa0장기선급금\n2,270\xa0\n2,526\xa0\n\xa0장기선급비용\n397\xa0\n490\xa0\n\xa0기타의투자자산\n34,619\xa0\n34,429\xa0\n소\xa0\xa0 계\n37,286\xa0\n37,445\xa0\n합\xa0\xa0 계\n156,468\xa0\n155,661\xa0\n나. 당반기말 및 전기말 현재 기타의투자자산 내역은 다음과 같습니다.\n(단위: 백만원)\n구\xa0\xa0 분\n당반기말\n전기말\n광업권\n10,639\xa0\n10,449\xa0\n미술품\n23,980\xa0\n23,980\xa0\n합\xa0\xa0 계\n34,619\xa0\n34,429\xa0\n15. 특수관계자\n가. 당반기말 연결그룹과 관계기업 및 기타특수관계자의 현황은 다음과 같습니다.\n(1) 관계기업\n지 역\n회사명\n국내\n효성중공업㈜, 효성티앤씨㈜, 효성첨단소재㈜, 효성화학㈜, 순천에코그린㈜, ㈜광주일보사, 태백풍력발전㈜, 평창풍력발전㈜, 효성토요타㈜, 효성인포메이션시스템㈜, 효성아이티엑스㈜, 패스파인더 청년창업투자조합\n아시아지역\nHyosung Vietnam Co., Ltd., PT Papua Agro Lestari, PT. GELORA MANDIRI MEMBANGUN\n유럽지역\nHyosung Istanbul TEKSTIL LTD.STI\n(2) 기타특수관계자\n지 역\n회사명\n국내\n갤럭시아코퍼레이션㈜, 갤럭시아디바이스㈜, 갤럭시아마이크로페이먼트㈜, 갤럭시아일렉트로닉스㈜,공덕개발㈜, 더클래스효성㈜, 더프리미엄효성㈜, 동륭실업㈜, ㈜신동진, ㈜아승오토모티브그룹,트리니티에셋메니지먼트㈜, 행복두드리미㈜, 효성프리미어모터스㈜, ㈜에이에스씨, ㈜가비,㈜갤럭시아에스엠, 갤럭시아커뮤니케이션즈㈜, 신성자동차㈜, ㈜에브리쇼 등\n중국지역\nTianjin Galaxia Device Electronics., Co.Ltd., Huizhou Galaxia Device Electronics., Co. Ltd.,Qingdao Galaxia Device Electronics., Co.Ltd., Weihai newsolim Electronics., Co.Ltd.,Galaxia Electronics (China Huizhou) Co., Ltd., DNS Technology Co., Ltd., IB China, Ltd. 등\n아시아지역\nGalaxia Japan, Hyosung Singapore PTE Ltd. 등\n유럽지역\nHyosung Europe SRL 등\n(주1) 제1024호 특수관계자 범위에 포함되지 않으나 독점규제 및 공정거래법에 따른\xa0 \xa0 \xa0 \xa0 동일한 대규모기업집단 소속회사입니다.\n나. 연결그룹과 특수관계자와의 주요 거래 내역당반기와 전반기 중 연결그룹과 특수관계자와의 중요한 영업상의 거래 내역은 다음과 같습니다.\n<당반기>\n(단위: 백만원)\n구\xa0\xa0 분\n기업명\n매출 등(주1)\n배당수익\n매입 등(주1)\n유ㆍ무형자산등 취득\n관계기업\n효성중공업㈜\n36,512\xa0\n-\xa0\n79,278\xa0\n19\xa0\n효성티앤씨㈜\n33,735\xa0\n1,759\xa0\n23,106\xa0\n-\xa0\n효성화학㈜\n36,748\xa0\n3,217\xa0\n2,358\xa0\n-\xa0\n효성첨단소재㈜\n22,362\xa0\n-\xa0\n68,724\xa0\n-\xa0\nHyosung Vietnam Co., Ltd.\n520\xa0\n17,646\xa0\n101,190\xa0\n-\xa0\n효성아이티엑스㈜\n771\xa0\n2,831\xa0\n2,597\xa0\n873\xa0\n효성인포메이션시스템㈜\n219\xa0\n2,595\xa0\n753\xa0\n752\xa0\nHyosung Istanbul TEKSTIL LTD.STI\n63\xa0\n8,561\xa0\n-\xa0\n-\xa0\n기타\n160\xa0\n1,610\xa0\n104\xa0\n-\xa0\n소계\n131,090\xa0\n38,219\xa0\n278,110\xa0\n1,644\xa0\n기타\nGlobal Safety Textiles LLC\n18,718\xa0\n-\xa0\n2,479\xa0\n-\xa0\nHyosung Japan Co., Ltd.\n3,066\xa0\n-\xa0\n152\xa0\n-\xa0\nHuizhou Galaxia Device Electronics., Co.Ltd\n557\xa0\n-\xa0\n87,942\xa0\n-\xa0\nHyosung DongNai Co,LTD\n1,085\xa0\n-\xa0\n28,823\xa0\n-\xa0\nHyosung Steel Cord (Qingdao) Co., Ltd\n325\xa0\n-\xa0\n1,335\xa0\n-\xa0\n진흥기업㈜\n12\xa0\n-\xa0\n-\xa0\n-\xa0\n㈜갤럭시아에스엠\n6\xa0\n-\xa0\n1,205\xa0\n-\xa0\n기타\n6,123\xa0\n44\xa0\n16,419\xa0\n2,534\xa0\n소계\n29,892\xa0\n44\xa0\n138,355\xa0\n2,534\xa0\n합\xa0\xa0 계\n160,982\xa0\n38,263\xa0\n416,465\xa0\n4,178\xa0\n(주1) 매출 등에는 매출, 임대료수익, 이자수익 등이, 매입 등에는 원재료 매입, 수출\xa0 \xa0 \xa0 \xa0 \xa0 비, 지급수수료, 이자비용 등이 포함되어 있습니다.\n<전반기>\n(단위: 백만원)\n구\xa0\xa0 분\n기업명\n매출 등(주1)\n배당수익\n매입 등(주1)\n유ㆍ무형자산등 취득\n관계기업\n효성중공업㈜\n47,921\xa0\n-\xa0\n101,697\xa0\n-\xa0\n효성티앤씨㈜\n33,591\xa0\n879\xa0\n51,597\xa0\n-\xa0\n효성화학㈜\n32,907\xa0\n643\xa0\n1,593\xa0\n-\xa0\n효성첨단소재㈜\n28,047\xa0\n-\xa0\n93,861\xa0\n-\xa0\nHyosung Vietnam Co., Ltd.\n1,905\xa0\n17,328\xa0\n192,064\xa0\n-\xa0\n효성아이티엑스㈜\n757\xa0\n2,179\xa0\n1,988\xa0\n993\xa0\n효성인포메이션시스템㈜\n258\xa0\n2,595\xa0\n327\xa0\n16\xa0\nHyosung Istanbul TEKSTIL LTD.STI\n50\xa0\n11,126\xa0\n-\xa0\n-\xa0\n기타\n16\xa0\n-\xa0\n595\xa0\n-\xa0\n소계\n145,452\xa0\n34,750\xa0\n443,722\xa0\n1,009\xa0\n기타\nGlobal Safety Textiles LLC\n20,880\xa0\n-\xa0\n1,981\xa0\n-\xa0\nHyosung Japan Co., Ltd.\n3,620\xa0\n-\xa0\n329\xa0\n-\xa0\nHuizhou Galaxia Device Electronics., Co.Ltd\n1,511\xa0\n-\xa0\n110,983\xa0\n3\xa0\nHyosung DongNai Co,LTD\n689\xa0\n-\xa0\n64,726\xa0\n-\xa0\nHyosung Steel Cord (Qingdao) Co., Ltd.\n268\xa0\n-\xa0\n2,726\xa0\n-\xa0\n진흥기업㈜\n5\xa0\n-\xa0\n-\xa0\n612\xa0\n갤럭시아커뮤니케이션즈㈜\n508\xa0\n-\xa0\n23\xa0\n-\xa0\n㈜갤럭시아에스엠\n-\xa0\n-\xa0\n2,012\xa0\n-\xa0\n기타\n1,895\xa0\n-\xa0\n22,265\xa0\n330\xa0\n소계\n29,376\xa0\n-\xa0\n205,045\xa0\n945\xa0\n합\xa0\xa0 계\n174,828\xa0\n34,750\xa0\n648,767\xa0\n1,954\xa0\n(주1) 매출 등에는 매출, 임대료수익, 이자수익 등이, 매입 등에는 원재료 매입, 수출\xa0 \xa0 \xa0 \xa0 \xa0 비, 지급수수료, 이자비용 등이 포함되어 있습니다.\n다.\xa0당반기말 및 전기말 현재 특수관계자에 대한 채권ㆍ채무잔액은 다음과 같습니다.\n<당반기말>\n(단위: 백만원)\n구\xa0\xa0 분\n기업명\n매출채권\n기타채권(주1)\n매입채무\n기타채무\n관계기업\n효성중공업㈜(주2)\n9,994\xa0\n51,198\xa0\n13,875\xa0\n8,074\xa0\n효성화학㈜\n13,721\xa0\n3\xa0\n68\xa0\n77\xa0\n효성티앤씨㈜\n7,392\xa0\n30\xa0\n1,566\xa0\n345\xa0\n효성첨단소재㈜\n4,340\xa0\n44\xa0\n996\xa0\n2,271\xa0\nHyosung Vietnam Co., Ltd.\n149\xa0\n198\xa0\n17,312\xa0\n-\xa0\n㈜광주일보사\n-\xa0\n-\xa0\n-\xa0\n233\xa0\n기타\n239\xa0\n-\xa0\n348\xa0\n1,226\xa0\n소계\n35,835\xa0\n51,473\xa0\n34,165\xa0\n12,226\xa0\n기타\nGlobal Safety Textiles LLC\n10,233\xa0\n-\xa0\n2,500\xa0\n-\xa0\nHyosung Mexico CITY S.A. de C.V.\n2,948\xa0\n-\xa0\n-\xa0\n-\xa0\nHuizhou Galaxia Device Electronics., Co.Ltd\n5,075\xa0\n1,986\xa0\n15,196\xa0\n-\xa0\nHyosung Europe SRL\n884\xa0\n-\xa0\n-\xa0\n181\xa0\nHyosung Japan Co., Ltd.\n298\xa0\n-\xa0\n11\xa0\n83\xa0\nHyosung DongNai Co,LTD\n186\xa0\n134\xa0\n7,570\xa0\n-\xa0\nHyosung Spandex (Jiaxing) Co., Ltd.\n23\xa0\n-\xa0\n3,368\xa0\n-\xa0\n공덕개발\n-\xa0\n821\xa0\n-\xa0\n722\xa0\n㈜갤럭시아에스엠\n27\xa0\n306\xa0\n123\xa0\n2\xa0\n갤럭시아커뮤니케이션즈㈜\n-\xa0\n1,676\xa0\n-\xa0\n734\xa0\n기타\n2,884\xa0\n285\xa0\n2,580\xa0\n1,006\xa0\n소계\n22,558\xa0\n5,208\xa0\n31,348\xa0\n2,728\xa0\n합\xa0\xa0 계\n58,393\xa0\n56,681\xa0\n65,513\xa0\n14,954\xa0\n(주1)\xa0기타채권에는 미수금, 대여금, 임차보증금,\xa0선급금\xa0등이 포함되어 있으며, 기타\xa0 \xa0 \xa0\xa0 채무에는 미지급금, 임대보증금 등이 포함되어 있습니다.(주2) 연결그룹은 효성중공업㈜에 대한 회원권 40,800백만원을 무형자산으로 인식하\xa0 \xa0 \xa0 \xa0 고 있습니다.\n<전기말>\n(단위: 백만원)\n구\xa0\xa0 분\n기업명\n매출채권\n기타채권(주1)\n매입채무\n기타채무\n관계기업\n효성중공업㈜(주2)\n14,207\xa0\n53,223\xa0\n1,008\xa0\n15,310\xa0\n효성화학㈜\n8,972\xa0\n40\xa0\n725\xa0\n87\xa0\n효성티앤씨㈜\n6,358\xa0\n58\xa0\n1,717\xa0\n445\xa0\n효성첨단소재㈜\n5,968\xa0\n14\xa0\n1,216\xa0\n1,798\xa0\nHyosung Vietnam Co., Ltd.\n72\xa0\n187\xa0\n39,272\xa0\n-\xa0\n㈜광주일보사\n-\xa0\n7,963\xa0\n-\xa0\n55\xa0\n기타\n216\xa0\n2,625\xa0\n1,280\xa0\n2,519\xa0\n소계\n35,793\xa0\n64,110\xa0\n45,218\xa0\n20,214\xa0\n기타\nGlobal Safety Textiles LLC\n7,425\xa0\n-\xa0\n3,727\xa0\n-\xa0\nHyosung Mexico CITY S.A. de C.V.\n3,658\xa0\n-\xa0\n-\xa0\n-\xa0\nHuizhou Galaxia Device Electronics., Co.Ltd\n1,767\xa0\n2,176\xa0\n12,439\xa0\n-\xa0\nHyosung Europe SRL\n1,321\xa0\n373\xa0\n4\xa0\n237\xa0\nHyosung Japan Co., Ltd.\n470\xa0\n-\xa0\n24\xa0\n146\xa0\nHyosung DongNai Co,LTD\n67\xa0\n100\xa0\n13,011\xa0\n-\xa0\nHyosung Spandex (Jiaxing) Co., Ltd.\n28\xa0\n-\xa0\n2,765\xa0\n-\xa0\n공덕개발\n-\xa0\n823\xa0\n-\xa0\n1,230\xa0\n㈜갤럭시아에스엠\n41\xa0\n-\xa0\n123\xa0\n2\xa0\n갤럭시아커뮤니케이션즈㈜\n1\xa0\n-\xa0\n2\xa0\n779\xa0\n기타\n2,248\xa0\n147\xa0\n3,517\xa0\n792\xa0\n소계\n17,026\xa0\n3,619\xa0\n35,612\xa0\n3,186\xa0\n합\xa0\xa0 계\n52,819\xa0\n67,729\xa0\n80,830\xa0\n23,400\xa0\n(주1)\xa0기타채권에는 미수금, 대여금, 임차보증금,\xa0선급금\xa0등이 포함되어 있으며, 기타\xa0\xa0\xa0 \xa0\xa0 채무에는 미지급금, 임대보증금 등이 포함되어 있습니다.(주2) 연결그룹은 효성중공업㈜에 대한 회원권 40,800백만원을 무형자산으로 인식하\xa0 \xa0 \xa0 \xa0 고 있습니다.\n라. 당반기와 전반기 중 특수관계자와의 자금거래는 다음과 같습니다.\n<당반기>\n(단위: 백만원)\n구\xa0\xa0 분\n기업명\n기초\n대여\xa0\n회수\n외화평가\n당반기말\n관계기업\nPT. Gelora Mandiri Membangun\n2,560\xa0\n-\xa0\n-\xa0\n95\xa0\n2,655\xa0\n㈜광주일보사\n7,853\xa0\n-\xa0\n-\xa0\n-\xa0\n7,853\xa0\n기타\nHyosung Mexico CITY S.A. de C.V.\n712\xa0\n-\xa0\n(712)\n-\xa0\n-\xa0\n기타\n-\xa0\n70,500\xa0\n(70,500)\n-\xa0\n-\xa0\n<전반기>\n(단위: 백만원)\n구\xa0\xa0 분\n기업명\n기초\n외화평가\n당반기말\n관계기업\nPT. Gelora Mandiri Membangun\n4,945\xa0\n171\xa0\n5,116\xa0\n㈜광주일보사\n7,149\xa0\n-\xa0\n7,149\xa0\n마.\xa0당반기와\xa0전반기\xa0중 지배기업이 주요 경영진(등기임원) 보상을 위해 비용으로 계상한 금액은 다음과 같습니다.\n(단위: 백만원)\n구\xa0\xa0 분\n당반기\n전반기\n\xa0단기급여\xa0\n2,891\xa0\n2,860\xa0\n\xa0퇴직급여\xa0\n459\xa0\n307\xa0\n\xa0합\xa0\xa0 계\n3,350\xa0\n3,167\xa0\n바. 특수관계자에 제공한 지급보증내역은 주석 30에 기술되어 있습니다.\n사.\xa0연결그룹은 관계기업인 순천에코그린㈜의 민간투자사업을 위해 수표 2매를 견질로 제공하고 있습니다.\n16. 매입채무및기타채무\n가.\xa0당반기말\xa0및 전기말 현재 매입채무및기타채무의 내역은 다음과 같습니다.\n(단위: 백만원)\n구\xa0\xa0 분\n당반기말\n전기말\n매입채무\n205,341\xa0\n242,144\xa0\n기타채무\n151,574\xa0\n189,062\xa0\n소\xa0\xa0 계\n356,915\xa0\n431,206\xa0\n장기기타채무\n204,222\xa0\n206,091\xa0\n합\xa0\xa0 계\n561,137\xa0\n637,297\xa0\n나. 당반기말 및 전기말 현재 기타채무의 장부금액은 다음과 같습니다\r\n(단위: 백만원)\n구\xa0\xa0 분\n당반기말\n전기말\n기타채무\n\xa0미지급금\n73,676\xa0\n81,520\xa0\n\xa0미지급비용\n31,729\xa0\n36,754\xa0\n\xa0예수금\n45,855\xa0\n68,068\xa0\n\xa0예수보증금\n314\xa0\n2,720\xa0\n소 계\n151,574\xa0\n189,062\xa0\n장기기타채무\n\xa0미지급금\n5,813\xa0\n5,160\xa0\n\xa0미지급비용\n443\xa0\n420\xa0\n\xa0예수보증금\n197,966\xa0\n200,511\xa0\n소 계\n204,222\xa0\n206,091\xa0\n합 계\n355,796\xa0\n395,153\xa0\n17. 차입금\n당반기말 및 전기말 현재 차입금의 내역은 다음과 같습니다.\n(단위: 백만원)\n구\xa0\xa0 분\n당반기말\n전기말\n\xa0유동부채\n\xa0단기차입금\xa0\n995,858\xa0\n765,629\xa0\n\xa0유동성장기차입금\xa0\n787,137\xa0\n747,586\xa0\n\xa0소\xa0\xa0 계\xa0\n1,782,995\xa0\n1,513,215\xa0\n\xa0비유동부채\xa0\n\xa0장기차입금\xa0\n272,289\xa0\n236,128\xa0\n\xa0사채\n687,806\xa0\n752,250\xa0\n\xa0소\xa0\xa0 계\xa0\n960,095\xa0\n988,378\xa0\n\xa0합\xa0\xa0 계\xa0\n2,743,090\xa0\n2,501,593\xa0\n연결그룹은 외화매출채권을 금융기관 등에 매각하였으며, 이 중 매출거래처의 부도가 발생하는 경우 연결그룹은 은행에 해당 금액을 지급할 의무를 가지는 소구권이 있는 거래에 대해서는 담보부차입으로 회계처리하였습니다(주석 30 참조).\n18. 기타부채\n가. 당반기말 및 전기말 현재 기타부채의 내역은 다음과 같습니다.\n(단위: 백만원)\n구\xa0\xa0 분\n당반기말\n전기말\n기타유동부채\n\xa0선수금\n201,219\xa0\n197,670\xa0\n\xa0선수수익\n16,891\xa0\n17,476\xa0\n\xa0충당부채\n23,211\xa0\n22,580\xa0\n소\xa0\xa0 계\n241,321\xa0\n237,726\xa0\n기타비유동부채\n\xa0장기선수금\n2,777\xa0\n2,739\xa0\n\xa0충당부채\n4,108\xa0\n3,314\xa0\n소\xa0\xa0 계\n6,885\xa0\n6,053\xa0\n합\xa0\xa0 계\n248,206\xa0\n243,779\xa0\n나. 당반기와 전반기 중 연결그룹의 충당부채 변동내역은 아래와 같습니다.\n<당반기>\n(단위: 백만원)\n구\xa0\xa0 분\n당기초\n순전입\n사용\n기타\n당반기말\n하자보수충당부채\n1,802\xa0\n367\xa0\n(405)\n-\xa0\n1,764\xa0\n판매보증충당부채\n8,052\xa0\n-\xa0\n(673)\n-\xa0\n7,379\xa0\n소송손실충당부채\n12,833\xa0\n-\xa0\n-\xa0\n-\xa0\n12,833\xa0\n기타충당부채\n3,207\xa0\n3,154\xa0\n(412)\n(606)\n5,343\xa0\n합\xa0\xa0 계\n25,894\xa0\n3,521\xa0\n(1,490)\n(606)\n27,319\xa0\n<전반기>\n(단위: 백만원)\n구\xa0\xa0 분\n당기초\n순전입\n사용\n기타\n당반기말\n하자보수충당부채\n4,660\xa0\n193\xa0\n(383)\n(2,359)\n2,111\xa0\n소송손실충당부채\n8,933\xa0\n179\xa0\n-\xa0\n-\xa0\n9,112\xa0\n기타충당부채\n11,817\xa0\n18,818\xa0\n(8,568)\n2,433\xa0\n24,500\xa0\n합\xa0\xa0 계\n25,410\xa0\n19,190\xa0\n(8,951)\n74\xa0\n35,723\xa0\n19. 자본금 가. 당반기말 지배기업이 발행할 주식의 총수는 200,000천주이고, 발행한 주식수는 보통주식 21,071,025주이며, 액면금액은 5,000원입니다.나. 이익잉여금당반기말 및 전기말 현재 이익잉여금의 내역은 다음과 같습니다.\n(단위: 백만원)\n구\xa0\xa0 분\n내 용\n당반기말\n전기말\n법정적립금\n이익준비금(주1)\n80,471\xa0\n77,070\xa0\n임의적립금\n시설적립금\n5,597,000\xa0\n5,647,000\xa0\n미처분이익잉여금\n567,582\xa0\n612,541\xa0\n합\xa0\xa0 계\n6,245,053\xa0\n6,336,611\xa0\n(주1) 연결그룹은 대한민국에서 제정되어 시행중인 상법의 규정에 따라, 자본금의 50\xa0 \xa0 \xa0 \xa0 %에 달할 때까지 매 결산기마다 현금에 의한 이익배당금의 10%이상을 이익준\xa0 \xa0 \xa0 \xa0 비금으로 적립하고 있습니다. 동 이익준비금은 현금으로 배당할 수 없으나 자\xa0 \xa0 \xa0 \xa0 \xa0 본전입 또는 결손보전이 가능하며, 자본준비금과 이익준비금의 총액이 자본금\xa0 \xa0 \xa0 \xa0\xa0 의 1.5배를 초과하는 경우(주주총회의 결의에 따라) 초과한 금액 범위에서 자\xa0 \xa0 \xa0 \xa0 \xa0\xa0 본준비금과 이익준비금을 감액할 수 있습니다.\n다. 기타자본구성요소당반기말 및\xa0전기말 현재\xa0기타자본구성요소의\xa0내역은 다음과\xa0같습니다.\n(단위: 백만원)\n구\xa0\xa0 분\n당반기말\n전기말\n기타자본잉여금\n316,278\xa0\n316,278\xa0\n자기주식\n(42,119)\n(14,223)\n기타포괄손익-공정가치측정 금융자산\n(122,071)\n(121,545)\n파생상품평가손익\n613\xa0\n613\xa0\n지분법자본변동\n16,075\xa0\n8,442\xa0\n해외사업환산손익\n(791)\n(7,063)\n감자차손(주1)\n(4,816,959)\n(4,816,959)\n자기주식처분이익\n183,913\xa0\n183,913\xa0\n기타의자본조정\n(2,225)\n(2,225)\n합\xa0\xa0 계\n(4,467,286)\n(4,452,769)\n(주1) 인적분할에 따라 주주에게 분배하여야 할 비현금자산의 장부금액과 공정가치\xa0 \xa0 \xa0 \xa0 \xa0 와의 차이를 중단영업처분이익으로 인식하면서 기타불입자본이 감소한 금액이\xa0 \xa0 \xa0 \xa0 포함되어 있습니다.\n20. 매출액당반기와 전반기 중 발생한 매출액의 내역은 다음과 같습니다.\n(단위: 백만원)\n구\xa0\xa0 분\n당반기\n전반기\n3개월\n누적\n3개월\n누적\n상품매출\n308,747\xa0\n615,574\xa0\n449,902\xa0\n828,644\xa0\n제품매출\n196,246\xa0\n405,714\xa0\n259,898\xa0\n448,757\xa0\n용역매출\n96,886\xa0\n189,967\xa0\n100,839\xa0\n190,743\xa0\n지분법이익(손실)\n(15,696)\n(24,443)\n41,131\xa0\n59,765\xa0\n금융업고유영업수익\n46,579\xa0\n93,576\xa0\n54,438\xa0\n100,470\xa0\n기타\n26,996\xa0\n56,309\xa0\n34,809\xa0\n52,998\xa0\n합\xa0\xa0 계\n659,758\xa0\n1,336,697\xa0\n941,017\xa0\n1,681,377\xa0\n21. 고객과의 계약에서 생기는 수익가. 연결그룹의 고객과의 계약에서 생기는 수익은 다음과 같이 구분됩니다.\n<당반기>\n(단위: 백만원)\n구\xa0\xa0 분\n금융\n정보통신\n펌프제조\n수입차딜러\n기타\n연결조정\n합\xa0\xa0 계\n1.\xa0재화 또는 용역의 유형:\n상품매출\n-\xa0\n102,286\xa0\n-\xa0\n74,883\xa0\n444,048\xa0\n(5,643)\n615,574\xa0\n제품매출\n-\xa0\n190,334\xa0\n109,460\xa0\n-\xa0\n106,121\xa0\n(201)\n405,714\xa0\n용역매출\n-\xa0\n160,532\xa0\n-\xa0\n-\xa0\n34,952\xa0\n(5,517)\n189,967\xa0\n기타매출\n-\xa0\n(11,664)\n6,914\xa0\n5,245\xa0\n41,818\xa0\n(3,371)\n38,942\xa0\n금융업고유영업수익\n93,614\xa0\n-\xa0\n-\xa0\n-\xa0\n-\xa0\n(38)\n93,576\xa0\n소\xa0\xa0 계\n93,614\xa0\n441,488\xa0\n116,374\xa0\n80,128\xa0\n626,939\xa0\n(14,770)\n1,343,773\xa0\n2. 지리적 시장:\n\xa0 \xa0 국내\n93,614\xa0\n366,708\xa0\n116,374\xa0\n80,128\xa0\n204,825\xa0\n(13,898)\n847,751\xa0\n\xa0 \xa0 북중미\n-\xa0\n-\xa0\n-\xa0\n-\xa0\n409,528\xa0\n(136)\n409,392\xa0\n\xa0 \xa0\xa0아시아\n-\xa0\n-\xa0\n-\xa0\n-\xa0\n12,566\xa0\n(736)\n11,830\xa0\n\xa0 \xa0 유럽\n-\xa0\n74,780\xa0\n-\xa0\n-\xa0\n-\xa0\n-\xa0\n74,780\xa0\n\xa0 \xa0 기타\n-\xa0\n-\xa0\n-\xa0\n-\xa0\n20\xa0\n-\xa0\n20\xa0\n소\xa0\xa0 계\n93,614\xa0\n441,488\xa0\n116,374\xa0\n80,128\xa0\n626,939\xa0\n(14,770)\n1,343,773\xa0\n(주1) 매출액 중 기업회계기준서 제1115호 적용범위에 포함되지 않는 지분법손실 \xa0 \xa0 \xa0 \xa0 24,443백만원 및 운용리스수익 17,367백만원은 제외하였습니다.\n<전반기>\n(단위: 백만원)\n구\xa0\xa0 분\n금융\n정보통신\n펌프제조\n수입차딜러\n기타\n연결조정\n합\xa0\xa0 계\n1.\xa0재화 또는 용역의 유형:\n상품매출\n-\xa0\n152,348\xa0\n73\xa0\n106,054\xa0\n575,768\xa0\n(5,598)\n828,645\xa0\n제품매출\n-\xa0\n189,084\xa0\n94,979\xa0\n-\xa0\n165,010\xa0\n(316)\n448,757\xa0\n용역매출\n-\xa0\n158,617\xa0\n-\xa0\n-\xa0\n38,020\xa0\n(5,895)\n190,742\xa0\n기타매출\n-\xa0\n(15,070)\n16,508\xa0\n682\xa0\n37,567\xa0\n(3,386)\n36,301\xa0\n금융업고유영업수익\n100,546\xa0\n-\xa0\n-\xa0\n-\xa0\n-\xa0\n(76)\n100,470\xa0\n합\xa0\xa0 계\n100,546\xa0\n484,979\xa0\n111,560\xa0\n106,736\xa0\n816,365\xa0\n(15,271)\n1,604,915\xa0\n2. 지리적 시장:\n\xa0 \xa0 국내\n100,546\xa0\n366,658\xa0\n111,560\xa0\n106,736\xa0\n253,343\xa0\n(14,628)\n924,215\xa0\n\xa0 \xa0 북중미\n-\xa0\n-\xa0\n-\xa0\n-\xa0\n545,774\xa0\n(148)\n545,626\xa0\n\xa0 \xa0\xa0아시아\n-\xa0\n-\xa0\n-\xa0\n-\xa0\n17,188\xa0\n(426)\n16,762\xa0\n\xa0 \xa0 유럽\n-\xa0\n118,321\xa0\n-\xa0\n-\xa0\n-\xa0\n(69)\n118,252\xa0\n\xa0 \xa0 기타\n-\xa0\n-\xa0\n-\xa0\n-\xa0\n60\xa0\n-\xa0\n60\xa0\n합\xa0\xa0 계\n100,546\xa0\n484,979\xa0\n111,560\xa0\n106,736\xa0\n816,365\xa0\n(15,271)\n1,604,915\xa0\n(주1) 매출액 중 기업회계기준서 제1115호 적용범위에 포함되지 않는 지분법이익 \xa0 \xa0 \xa0 \xa0 59,765백만원 및 운용리스수익 16,697백만원은 제외하였습니다.\n나. 주요 고객에 대한 정보당반기와 전반기에 연결그룹 매출액의\xa010% 이상을 차지하는 외부고객은 없습니다.\n22. 건설계약가. 당반기와 전반기의 공사수익 및 공사원가는 다음과 같습니다.\n(단위: 백만원)\n구분\n당반기\n전반기\n공사수익\n7,469\xa0\n17,208\xa0\n공사원가\n8,633\xa0\n15,204\xa0\n나. 당반기말 및 전기말 현재 계약자산 및 계약부채의 장부금액은 다음과 같습니다.\n(단위: 백만원)\n구분\n당반기말\n전기말\n계약자산\n3,068\xa0\n2,114\xa0\n계약부채\n2,586\xa0\n3,047\xa0\n다. 당반기말 및 전기말 공사미수금은 다음과 같습니다.\n(단위: 백만원)\n구분\n당반기말\n전기말\n공사미수금\n1,052\xa0\n4,765\xa0\n라. 당반기말 현재 진행중인 계약의 추정총계약원가 변동에 따른 당기와 미래기간의 손익, 미청구공사에 영향을 미치는 금액은 다음과 같습니다.\n(단위: 백만원)\n구분\n계약수익\n변동\n추정총계약원가\n변동\n당기손익에 미치는 영향\n미래손익에 미치는 영향\n플랜트\n237\xa0\n(1,848)\xa0\n(1,712)\xa0\n102\xa0\n23. 판매비와관리비당반기와 전반기의 판매비와관리비 내역은 다음과 같습니다.\n(단위: 백만원)\n구\xa0\xa0 분\n당반기\n전반기\n3개월\n누적\n3개월\n누적\n급여\n29,003\xa0\n59,167\xa0\n27,437\xa0\n55,447\xa0\n퇴직급여\n1,962\xa0\n3,840\xa0\n1,636\xa0\n3,396\xa0\n복리후생비\n3,924\xa0\n7,422\xa0\n3,157\xa0\n6,053\xa0\n교육훈련비\n200\xa0\n435\xa0\n171\xa0\n336\xa0\n여비교통비\n457\xa0\n2,632\xa0\n2,193\xa0\n4,229\xa0\n통신비\n562\xa0\n1,150\xa0\n601\xa0\n1,172\xa0\n세금과공과\n2,667\xa0\n4,807\xa0\n2,605\xa0\n4,835\xa0\n임차료\n1,893\xa0\n3,466\xa0\n2,147\xa0\n3,672\xa0\n감가상각비\n6,331\xa0\n13,509\xa0\n6,016\xa0\n12,292\xa0\n무형자산상각비\n839\xa0\n1,602\xa0\n725\xa0\n1,452\xa0\n대손상각비\n469\xa0\n242\xa0\n18\xa0\n99\xa0\n접대비\n1,283\xa0\n2,839\xa0\n1,484\xa0\n2,895\xa0\n광고선전비\n1,869\xa0\n4,619\xa0\n4,403\xa0\n6,980\xa0\n용역비\n2,614\xa0\n5,447\xa0\n4,203\xa0\n7,736\xa0\n지급수수료\n6,169\xa0\n11,113\xa0\n5,337\xa0\n8,369\xa0\n수출비\n1,847\xa0\n2,916\xa0\n955\xa0\n1,710\xa0\n보험료\n1,489\xa0\n2,775\xa0\n1,317\xa0\n2,646\xa0\n소모품비\n1,200\xa0\n2,364\xa0\n858\xa0\n1,833\xa0\n판매촉진비\n1,065\xa0\n2,228\xa0\n1,181\xa0\n2,402\xa0\n수도광열비\n513\xa0\n1,058\xa0\n491\xa0\n1,072\xa0\n차량비\n456\xa0\n958\xa0\n534\xa0\n972\xa0\n기타\n1,469\xa0\n3,944\xa0\n3,331\xa0\n5,312\xa0\n합\xa0\xa0 계\n68,281\xa0\n138,533\xa0\n70,800\xa0\n134,910\xa0\n24. 비용의 성격별 분류당반기 중 발생한 매출원가, 판매비와관리비 및 연구개발비의 성격별 분류는 다음과 같습니다.\n<당반기>\n(단위: 백만원)\n구\xa0\xa0 분\n당반기\n전반기\n제품 및 재공품 등의 변동\n\xa0 \xa0 \xa0 \xa0 \xa0 \xa0 \xa0 \xa0 \xa0 (26,611)\n(32,006)\n상품의 변동\n\xa0 \xa0 \xa0 \xa0 \xa0 \xa0 \xa0 \xa0 \xa0 467,920\xa0\n638,392\xa0\n원재료 및 소모품 등의 사용\n\xa0 \xa0 \xa0 \xa0 \xa0 \xa0 \xa0 \xa0 \xa0 335,693\xa0\n372,844\xa0\n종업원급여\n\xa0 \xa0 \xa0 \xa0 \xa0 \xa0 \xa0 \xa0 \xa0 158,003\xa0\n147,424\xa0\n퇴직급여\n\xa0 \xa0 \xa0 \xa0 \xa0 \xa0 \xa0 \xa0 \xa0 \xa0\xa0 9,067\xa0\n8,697\xa0\n복리후생비\n\xa0 \xa0 \xa0 \xa0 \xa0 \xa0 \xa0 \xa0 \xa0\xa0 20,756\xa0\n18,797\xa0\n감가상각 및 무형자산상각\n\xa0 \xa0 \xa0 \xa0 \xa0 \xa0 \xa0 \xa0 \xa0\xa0 57,875\xa0\n56,084\xa0\n전력비\n\xa0 \xa0 \xa0 \xa0 \xa0 \xa0 \xa0 \xa0 \xa0 \xa0\xa0 6,401\xa0\n6,679\xa0\n연료비\n\xa0 \xa0 \xa0 \xa0 \xa0 \xa0 \xa0 \xa0 \xa0 \xa0\xa0 2,496\xa0\n2,264\xa0\n용역비\n\xa0 \xa0 \xa0 \xa0 \xa0 \xa0 \xa0 \xa0 \xa0\xa0 14,676\xa0\n36,591\xa0\n외주가공비\n\xa0 \xa0 \xa0 \xa0 \xa0 \xa0 \xa0 \xa0 \xa0\xa0 81,585\xa0\n75,185\xa0\n지급수수료\n\xa0 \xa0 \xa0 \xa0 \xa0 \xa0 \xa0 \xa0 \xa0\xa0 38,851\xa0\n36,017\xa0\n광고선전비\n16,581\xa0\n19,408\xa0\n금융비용\n\xa0 \xa0 \xa0 \xa0 \xa0 \xa0 \xa0 \xa0 \xa0\xa0 55,603\xa0\n60,133\xa0\n기타비용\n\xa0 \xa0 \xa0 \xa0 \xa0 \xa0 \xa0 \xa0 \xa0\xa0 67,794\xa0\n89,086\xa0\n합\xa0\xa0 계(주1)\n\xa0 \xa0 \xa0 \xa0 \xa0 \xa0 \xa0 \xa0 1,306,690\xa0\n1,535,595\xa0\n(주1) 손익계산서 상의 매출원가, 판매비와관리비, 연구개발비를 합한 금액입니다.\n25. 기타수익 및 기타비용 당반기와 전반기 중 발생한 기타손익의 상세내역은 다음과 같습니다.\n(단위: 백만원)\n구\xa0\xa0 분\n당반기\n전반기\n3개월\n누적\n3개월\n누적\n기타수익\n\xa0유형자산처분이익\n1,343\xa0\n2,172\xa0\n651\xa0\n773\xa0\n\xa0배당금수익\n273\xa0\n432\xa0\n151\xa0\n151\xa0\n\xa0종속기업처분이익\n3,661\xa0\n3,661\xa0\n-\xa0\n-\xa0\n\xa0잡이익 등\n31,340\xa0\n34,053\xa0\n3,264\xa0\n5,496\xa0\n소\xa0\xa0 계\n36,617\xa0\n40,318\xa0\n4,066\xa0\n6,420\xa0\n기타비용\n\xa0유형자산처분손실\n299\xa0\n425\xa0\n787\xa0\n787\xa0\n\xa0기타의대손상각비\n-\xa0\n-\xa0\n-\xa0\n14\xa0\n\xa0기부금\n245\xa0\n607\xa0\n247\xa0\n382\xa0\n\xa0잡손실 등\n792\xa0\n4,099\xa0\n2,746\xa0\n4,887\xa0\n소\xa0\xa0 계\n1,336\xa0\n5,131\xa0\n3,779\xa0\n6,070\xa0\n순기타수익\n35,281\xa0\n35,187\xa0\n287\xa0\n350\xa0\n26. 금융수익 및 금융비용당반기와 전반기\xa0중 발생한 금융수익 및 금융비용의 상세내역은 다음과 같습니다.\n(단위: 백만원)\n구\xa0\xa0 분\n당반기\n전반기\n3개월\n누적\n3개월\n누적\n금융수익\n\xa0이자수익\n520\xa0\n1,253\xa0\n891\xa0\n1,800\xa0\n\xa0외환차익\n3,956\xa0\n10,601\xa0\n3,488\xa0\n5,526\xa0\n\xa0외화환산이익\n4,875\xa0\n13,969\xa0\n7,995\xa0\n13,450\xa0\n\xa0파생상품거래이익\n816\xa0\n1,751\xa0\n2,195\xa0\n2,425\xa0\n\xa0파생상품평가이익\n(775)\n1,435\xa0\n(420)\n793\xa0\n\xa0금융자산처분이익\n2\xa0\n2\xa0\n21\xa0\n21\xa0\n\xa0금융자산평가이익\n46\xa0\n46\xa0\n-\xa0\n23\xa0\n소\xa0\xa0 계\n9,440\xa0\n29,057\xa0\n14,170\xa0\n24,038\xa0\n금융비용\n\xa0이자비용\n8,114\xa0\n16,288\xa0\n8,974\xa0\n17,266\xa0\n\xa0외환차손\n4,806\xa0\n10,864\xa0\n4,876\xa0\n7,110\xa0\n\xa0외화환산손실\n3,078\xa0\n19,914\xa0\n1,840\xa0\n6,013\xa0\n\xa0파생상품거래손실\n358\xa0\n370\xa0\n222\xa0\n301\xa0\n\xa0파생상품평가손실\n(234)\n372\xa0\n533\xa0\n533\xa0\n\xa0금융자산처분손실\n-\xa0\n-\xa0\n333\xa0\n333\xa0\n\xa0금융자산평가손실\n-\xa0\n-\xa0\n-\xa0\n2,099\xa0\n\xa0Nego수수료\n156\xa0\n191\xa0\n544\xa0\n978\xa0\n\xa0매출채권처분손실\n34\xa0\n84\xa0\n31\xa0\n61\xa0\n소\xa0\xa0 계\n16,312\xa0\n48,083\xa0\n17,353\xa0\n34,694\xa0\n순금융비용\n(6,872)\n(19,026)\n(3,183)\n(10,656)\n27. 법인세비용중간기간의 법인세비용은 기대총연간이익에 적용될 수 있는 법인세율을 중간기간의 세전이익에 예상되는 세무조정사항을 추정하여 산출하였습니다. 이에 따라 추정된 당반기 법인세비용은 12,344백만원(전반기: 24,447백만원)입니다.\xa0\n28. 배당금2019년 12월 31일로 종료하는 회계기간에 대한 지배기업의 배당금 101,654백만원은 2020년 3월에 지급되었습니다(전기 지급액: 101,654백만원).\n29. 영업으로부터 창출된 현금가.\xa0당반기와 전반기\xa0중\xa0비현금항목 조정의 주요 내용은 다음과 같습니다.\n(단위: 백만원)\n\xa0구\xa0\xa0 분\n당반기\n전반기\n\xa0법인세비용\n12,344\xa0\n24,447\xa0\n\xa0이자수익\n(70,270)\n(74,931)\n\xa0이자비용\n48,848\xa0\n51,177\xa0\n\xa0외화환산이익\n(13,969)\n(13,450)\n\xa0외화환산손실\n19,914\xa0\n6,013\xa0\n\xa0파생상품평가이익\n(1,435)\n(793)\n\xa0파생상품평가손실\n372\xa0\n910\xa0\n\xa0유형자산상각비\n42,209\xa0\n38,222\xa0\n\xa0투자부동산상각비\n4,294\xa0\n3,273\xa0\n\xa0무형자산상각비\n5,207\xa0\n6,687\xa0\n\xa0운용리스자산상각비\n6,165\xa0\n7,902\xa0\n\xa0유형자산처분이익\n(2,172)\n(799)\n\xa0유형자산처분손실\n425\xa0\n787\xa0\n\xa0대손상각비 및 기타의대손상각비\n17,051\xa0\n14,812\xa0\n\xa0금융자산처분이익\n(1,486)\n(2,158)\n\xa0금융자산처분손실\n2,702\xa0\n3,931\xa0\n\xa0금융자산손상차손\n-\xa0\n2,388\xa0\n\xa0배당금수익\n(2,035)\n(1,473)\n\xa0퇴직급여\n9,067\xa0\n8,697\xa0\n\xa0충당부채전입액\n367\xa0\n64\xa0\n\xa0매출채권처분손실\n82\xa0\n61\xa0\n\xa0지분법손실(이익)\n24,443\xa0\n(59,765)\n\xa0종속기업처분이익\n(3,661)\n-\xa0\n\xa0재고자산평가환입\n(852)\n(647)\n\xa0기타\n(1,927)\n2,135\xa0\n합\xa0\xa0 계\n95,683\xa0\n17,490\xa0\n나. 당반기와 전반기 중 운전자본 조정의 주요 내용은 다음과 같습니다.\n(단위: 백만원)\n구\xa0\xa0 분\n당반기\n전반기\n\xa0매출채권\n4,226\xa0\n(24,803)\n\xa0재고자산\n(27,362)\n(106,864)\n\xa0기타채권\n(30,043)\n19,962\xa0\n\xa0미청구공사\n(954)\n(2,044)\n\xa0기타금융자산\n212\xa0\n(357)\n\xa0기타자산\n1,620\xa0\n(29,189)\n\xa0해외사업환산손익\n-\xa0\n(962)\n\xa0기타금융업자산\n117,447\xa0\n(20,591)\n\xa0매입채무\n(44,162)\n30,424\xa0\n\xa0기타부채\n390\xa0\n46,593\xa0\n\xa0기타채무\n(28,789)\n(26,537)\n\xa0기타금융부채\n(515)\n185\xa0\n\xa0하자보수비의 지급\n(405)\n(383)\n\xa0퇴직금의 지급\n(3)\n(693)\n\xa0기타\n(665)\n(3,201)\n합\xa0\xa0 계\n(9,003)\n(118,460)\n다. 당반기와 전반기 중 연결그룹의 현금 유입과 유출이 없는 주요 거래내용은 다음과 같습니다.\n(단위: 백만원)\n구\xa0\xa0 분\n당반기\n전반기\n건설중인자산의 본계정대체\n8,373\xa0\n13,934\xa0\n리스부채 증가에 따른 사용권자산 증가\n14,678\xa0\n98,682\xa0\n리스부채의 유동성 대체\n2,980\xa0\n22,624\xa0\n30. 우발부채와 약정사항\n가.\xa0견질로 제공된 어음 등 당반기말 현재 연결그룹은 차입금 및 거래약정과 관련하여 어음 3매와 수표 6매를 발주처 등에 견질로 제공하고 있습니다.\n나. 차입약정 등\xa0당반기말 현재 연결그룹은 금융기관과 당좌대출 및 무역어음할인과 수입신용장지급보증 등의 약정(한도: 1,050,578백만원)을 체결하고 있으며, 경의선 공덕역 복합시설개발사업을 수행하는데 필요한 자금을 조달하기 위하여 2020년 2월 28일 뉴스타공덕제일차주식회사와 PF대출약정을 체결하였습니다.(당반기말 현재 약정금액: 190,000백만원, 실행액: 190,000백만원). 또한 매출채권 할인약정(한도: 251,214백만원)을 체결하고 있습니다.\n다.\xa0타인을 위한 지급보증 등\xa0연결그룹은 연결그룹의 관계기업인 Hyosung Istanbul TEKSTIL LTD.STI의 자회사인 Hyosung DongNai Co., Ltd.를 위해 USD 491,900천의 지급보증을 제공하고 있습니다. 한편,\xa0연결그룹은 당반기말 현재 상법 제530조의9 제1항의 규정에 의하여 분할신설법인인 효성티앤씨㈜, 효성중공업㈜, 효성첨단소재㈜, 효성화학㈜의 분할기일의 채무 중 잔여채무에 대하여 연대하여 변제할 책임이 있습니다. 또한 분할기일 이전에 발생한 지급보증이나 자금보충약정 및 조건부 채무인수약정, 책임준공 등에 대해서 분할신설회사와 연대하여 책임이 있습니다.\n라. 타인으로부터 제공받은 지급보증\xa0당반기말\xa0현재 연결그룹이 타인으로부터 제공받은 지급보증의 내역은 다음과 같습니다.\n(단위: 백만원)\n지급보증제공자\n보증내역\n보증금액\n한국수출입은행, 우리은행 외\n계약이행보증 등\n108,401\xa0\n자본재공제조합\n납품계약에 따른 하자보증금 등\n69,844\xa0\n서울보증보험\n납품계약에 따른 하자보증금 등\n53,398\xa0\n소프트웨어공제조합\n계약이행보증 등\n51,754\xa0\n건설공제조합\n계약이행보증 등\n10,553\xa0\n마. 담보제공자산(1) 당반기말 현재 연결그룹 소유의 자산이 담보로 제공된 내역은 다음과 같습니다.\n(단위: 백만원, 천USD)\n담보제공자산\n통화\n장부가액\n관련차입금\n채권최고액\n담보권자\n재고자산\nUSD\n58,000\xa0\n58,000\xa0\n58,000\xa0\nWells Fargo Bank\n기타금융업자산\nKRW\n13,000\xa0\n10,000\xa0\n13,000\xa0\n산은캐피탈\n매출채권\nKRW\n132,368\xa0\n132,368\xa0\n132,368\xa0\n우리은행 등\n기타금융자산\nKRW\n6,003\xa0\n119,000\xa0\n6,003\xa0\n자본재공제조합\n유형자산\nKRW\n23,630\xa0\n35,000\xa0\n35,000\xa0\n산업은행\n또한 연결그룹의 유형자산 중 일부는 분할 전 연결그룹의 차입금과 관련하여 담보로 제공(담보설정액: 446,225백만원)되어 있으며 해당 차입금은 분할 신설회사로 이관되었습니다.(2)\xa0당반기말 현재 연결그룹은 연결그룹이 보유하고 있는 평창풍력발전㈜ 주식 1,302,000주를 평창풍력발전㈜의 차입금 50,031백만원과 관련하여 담보로 제공하고 있으며, 연결그룹이 보유하고 있는 순천에코그린㈜ 주식\xa0449,521주를 순천에코그린㈜의 차입금 33,293백만원과 관련하여 담보로 제공하였습니다.\n바.\xa0계류중인 소송사건\n당반기말 현재 연결그룹을 대상으로 제기된 소송 및 연결그룹이 제소한 소송의 내역은 다음과 같습니다.\n(단위: 백만원)\n종류\n건수\n소송금액\n내역\n원고사건\n10\n42,155\xa0\n법인세부과 처분취소 행정소송 등\n피고사건\n11\n59,521\xa0\n손해배상청구소송 등\n당반기말 현재 상기 계류중인 소송사건의 결과는 예측할 수 없으며, 이에 따라 연결그룹의 연결재무제표는 이러한 불확실성으로 인하여 발생가능한 조정사항을 반영하고 있지 않습니다.\n또한, 상기 소송 중 당반기말 현재 분할신설회사의 사업과 관련하여 ㈜효성에 제기된소송은\xa04건(소송가액: 24,026백만원)입니다.사. 사업추진협약\xa0\n연결그룹은 한국철도시설공단과 2012년 2월에 체결한 경의선 공덕역 개발사업에 따라 복합시설을 건설하고 관리운영하는 주체로서 사업추진방식은 복합시설의 준공 시점부터 사업시행자에게 30년 동안 해당 시설의 소유권이 인정되고, 30년 후 국가에 기부채납하는 방식(BOT:Build-Operate-Transfer)입니다. 또한 연결그룹은 점용허가 기간 동안 점용료를 매년 한국철도시설공단에 지급하고 있습니다.\n31. COVID-19\nCOVID19의 확산을 차단하기 위하여 전세계적으로 이동 제한을 포함한 다양한 예방및 통제가 시행되고 있으며, 그 결과 전세계 경제가 광범위한 영향을 받고 있습니다.\xa0\n또한, COVID19에\xa0대처하기 위한\xa0다양한 형태의\xa0정부지원정책이 발표되고 있습니다.연결그룹의 영업은 자회사와 관계기업의 성과에 의존하고 있습니다. COVID19의 영향과 정부지원정책이 향후 회사의 변동대가의 추정치, 매출채권의 회수가능성, 재고자산 및 유무형자산의 손상, 충당부채의 인식 등에 미칠 영향을 보고기간말 현재 합리적으로 추정할 수 없었으며 이로 인한 영향은 재무제표에 반영되지 않았습니다.\n4. 재무제표\n재무상태표\n제 66 기 반기말 2020.06.30 현재\n제 65 기말\xa0 \xa0 \xa0 \xa0 2019.12.31 현재\n(단위 : 원)\n\u3000\n제 66 기 반기말\n제 65 기말\n자산\n\u3000\n\u3000\n\u3000유동자산\n95,780,808,126\n80,719,025,790\n\u3000\u3000현금및현금성자산\n17,992,311,935\n2,963,699,460\n\u3000\u3000매출채권 및 기타채권\n56,008,512,244\n50,908,117,014\n\u3000\u3000미청구공사\n10,744,680\n1,784,024\n\u3000\u3000기타유동자산\n12,348,480,455\n18,673,446,564\n\u3000\u3000재고자산\n6,781,043,907\n8,171,978,728\n\u3000\u3000당기법인세자산\n2,639,714,905\n\u3000\n\u3000비유동자산\n2,685,033,535,339\n2,786,411,291,368\n\u3000\u3000장기매출채권 및 기타채권\n22,000,019,432\n51,476,016,902\n\u3000\u3000유형자산\n531,039,884,886\n536,003,870,128\n\u3000\u3000투자부동산\n7,028,580,754\n8,694,132,971\n\u3000\u3000무형자산\n43,466,005,164\n40,418,884,172\n\u3000\u3000종속기업 및 관계기업투자\n2,008,944,058,772\n2,075,983,918,122\n\u3000\u3000기타비유동금융자산\n48,507,026,889\n49,835,718,776\n\u3000\u3000기타비유동자산\n24,047,959,442\n23,998,750,297\n\u3000자산총계\n2,780,814,343,465\n2,867,130,317,158\n부채\n\u3000\n\u3000\n\u3000유동부채\n154,392,484,002\n132,813,816,326\n\u3000\u3000매입채무 및 기타채무\n43,267,640,607\n60,923,369,045\n\u3000\u3000초과청구공사\n175,461,234\n97,446,820\n\u3000\u3000차입금\n85,925,966,802\n34,507,065,684\n\u3000\u3000기타금융부채\n14,465,315,151\n12,295,185,018\n\u3000\u3000당기법인세부채\n\u3000\n6,736,651,207\n\u3000\u3000기타유동부채\n10,558,100,208\n18,254,098,552\n\u3000비유동부채\n254,569,994,442\n253,445,064,756\n\u3000\u3000장기매입채무 및 기타채무\n13,699,557,072\n10,386,117,665\n\u3000\u3000장기차입금\n830,820,000\n898,760,000\n\u3000\u3000순확정급여부채\n9,661,972,036\n7,315,942,301\n\u3000\u3000이연법인세부채\n223,170,583,689\n225,042,272,186\n\u3000\u3000기타비유동금융부채\n6,740,239,379\n9,372,779,196\n\u3000\u3000기타비유동부채\n466,822,266\n429,193,408\n\u3000부채총계\n408,962,478,444\n386,258,881,082\n자본\n\u3000\n\u3000\n\u3000자본금\n105,355,125,000\n105,355,125,000\n\u3000주식발행초과금\n451,188,179,769\n451,188,179,769\n\u3000이익잉여금\n6,327,792,528,497\n6,423,890,382,314\n\u3000기타자본구성요소\n(4,512,483,968,245)\n(4,499,562,251,007)\n\u3000자본총계\n2,371,851,865,021\n2,480,871,436,076\n자본과부채총계\n2,780,814,343,465\n2,867,130,317,158\n손익계산서\n제 66 기 반기 2020.01.01 부터 2020.06.30 까지\n제 65 기 반기 2019.01.01 부터 2019.06.30 까지\n(단위 : 원)\n\u3000\n제 66 기 반기\n제 65 기 반기\n3개월\n누적\n3개월\n누적\n매출액 및 지분법손익\n74,908,169,857\n114,749,779,000\n125,642,801,317\n240,499,024,818\n매출원가\n46,256,205,341\n90,249,877,702\n48,009,918,326\n129,998,419,940\n매출총이익\n28,651,964,516\n24,499,901,298\n77,632,882,991\n110,500,604,878\n판매비와관리비\n13,348,176,971\n25,740,587,876\n13,872,684,072\n25,878,081,193\n영업이익(손실)\n15,303,787,545\n(1,240,686,578)\n63,760,198,919\n84,622,523,685\n기타수익\n695,121,163\n6,181,385,955\n926,182,888\n1,450,601,417\n기타비용\n200,019,353\n574,547,228\n729,760,070\n940,545,590\n금융수익\n614,600,344\n1,732,792,541\n1,602,905,625\n2,802,289,840\n금융비용\n1,022,086,141\n1,925,616,252\n1,718,301,488\n4,527,701,684\n법인세비용차감전순이익\n15,391,403,558\n4,173,328,438\n63,841,225,874\n83,407,167,668\n법인세비용(수익)\n(1,152,516,253)\n(2,638,873,150)\n(4,184,555,084)\n(1,966,175,501)\n반기순이익(손실)\n16,543,919,811\n6,812,201,588\n68,025,780,958\n85,373,343,169\n주당이익(손실) (단위 : 원)\n816\n337\n3,346\n4,199\n포괄손익계산서\n제 66 기 반기 2020.01.01 부터 2020.06.30 까지\n제 65 기 반기 2019.01.01 부터 2019.06.30 까지\n(단위 : 원)\n\u3000\n제 66 기 반기\n제 65 기 반기\n3개월\n누적\n3개월\n누적\n반기순이익(손실)\n16,543,919,811\n6,812,201,588\n68,025,780,958\n85,373,343,169\n기타포괄손익\n(5,748,757,017)\n13,719,005,687\n7,652,219,952\n19,566,290,705\n\u3000후속적으로 당기손익으로 재분류되지 않는 항목\n(2,579,525,123)\n(2,530,473,655)\n245,762,869\n(100,089,848)\n\u3000\u3000기타포괄손익-공정가치측정지분상품 평가손익\n(1,063,744,671)\n(1,274,538,250)\n(507,164,906)\n54,214,712\n\u3000\u3000순확정급여부채의 재측정요소\n(181,247,411)\n(339,905,312)\n(115,308,776)\n(497,410,443)\n\u3000\u3000종속기업 및 관계기업투자의 순확정급여부채의 재측정 지분\n(1,334,533,041)\n(916,030,093)\n868,236,551\n343,105,883\n\u3000후속적으로 당기손익으로 재분류되는 항목\n(3,169,231,894)\n16,249,479,342\n7,406,457,083\n19,666,380,553\n\u3000\u3000종속기업 및 관계기업투자평가손익\n(3,169,231,894)\n16,249,479,342\n7,406,457,083\n19,666,380,553\n반기총포괄이익\n10,795,162,794\n20,531,207,275\n75,678,000,910\n104,939,633,874\n자본변동표\n제 66 기 반기 2020.01.01 부터 2020.06.30 까지\n제 65 기 반기 2019.01.01 부터 2019.06.30 까지\n(단위 : 원)\n\u3000\n자본\n자본금\n주식발행초과금\n이익잉여금\n기타자본구성요소\n자본\xa0 합계\n2019.01.01 (기초)\n105,355,125,000\n451,188,179,769\n5,828,979,404,007\n(4,516,186,995,591)\n1,869,335,713,185\n회계정책변경의 효과\n지분법\n\u3000\n\u3000\n605,034,178,630\n1,035,083,212\n606,069,261,842\n리스\n\u3000\n\u3000\n9,776,828,442\n\u3000\n9,776,828,442\n수정후 금액\n105,355,125,000\n451,188,179,769\n6,443,790,411,079\n(4,515,151,912,379)\n2,485,181,803,469\n총 포괄손익\n반기순이익(손실)\n\u3000\n\u3000\n85,373,343,169\n\u3000\n85,373,343,169\n기타포괄손익-공정가치측정지분상품 평가손익\n\u3000\n\u3000\n\u3000\n54,214,712\n54,214,712\n순확정급여부채의 재측정요소\n\u3000\n\u3000\n(497,410,443)\n\u3000\n(497,410,443)\n관계기업의 재측정요소에 대한 지분\n\u3000\n\u3000\n343,105,883\n\u3000\n343,105,883\n관계기업투자평가손익\n\u3000\n\u3000\n\u3000\n19,666,380,553\n19,666,380,553\n소유주와의 거래\n배당\n\u3000\n\u3000\n(101,654,120,000)\n\u3000\n(101,654,120,000)\n자기주식취득\n\u3000\n\u3000\n\u3000\n\u3000\n\u3000\n2019.06.30 (기말)\n105,355,125,000\n451,188,179,769\n6,427,355,329,688\n(4,495,431,317,114)\n2,488,467,317,343\n2020.01.01 (기초)\n105,355,125,000\n451,188,179,769\n6,423,890,382,314\n(4,499,562,251,007)\n2,480,871,436,076\n회계정책변경의 효과\n지분법\n\u3000\n\u3000\n\u3000\n\u3000\n\u3000\n리스\n\u3000\n\u3000\n\u3000\n\u3000\n\u3000\n수정후 금액\n105,355,125,000\n451,188,179,769\n6,423,890,382,314\n4,499,562,251,007\n2,480,871,436,076\n총 포괄손익\n반기순이익(손실)\n\u3000\n\u3000\n6,812,201,588\n\u3000\n6,812,201,588\n기타포괄손익-공정가치측정지분상품 평가손익\n\u3000\n\u3000\n\u3000\n(1,274,538,250)\n(1,274,538,250)\n순확정급여부채의 재측정요소\n\u3000\n\u3000\n(339,905,312)\n\u3000\n(339,905,312)\n관계기업의 재측정요소에 대한 지분\n\u3000\n\u3000\n(916,030,093)\n\u3000\n(916,030,093)\n관계기업투자평가손익\n\u3000\n\u3000\n\u3000\n16,249,479,342\n16,249,479,342\n소유주와의 거래\n배당\n\u3000\n\u3000\n(101,654,120,000)\n\u3000\n(101,654,120,000)\n자기주식취득\n\u3000\n\u3000\n\u3000\n(27,896,658,330)\n(27,896,658,330)\n2020.06.30 (기말)\n105,355,125,000\n451,188,179,769\n6,327,792,528,497\n(4,512,483,968,245)\n2,371,851,865,021\n현금흐름표\n제 66 기 반기 2020.01.01 부터 2020.06.30 까지\n제 65 기 반기 2019.01.01 부터 2019.06.30 까지\n(단위 : 원)\n\u3000\n제 66 기 반기\n제 65 기 반기\n영업활동현금흐름\n83,350,908,379\n62,901,020,234\n\u3000반기순이익(손실)\n6,812,201,588\n85,373,343,169\n\u3000비현금항목 조정\n3,275,234,308\n(76,663,354,421)\n\u3000운전자본 조정\n(6,462,880,351)\n2,021,252,912\n\u3000법인세납부\n(8,608,093,824)\n(151,019,051)\n\u3000이자지급\n(1,174,569,876)\n(216,516,577)\n\u3000이자수취\n9,483,114,285\n360,102,971\n\u3000배당금수취\n80,025,902,249\n52,177,211,231\n투자활동현금흐름\n19,992,942,010\n11,715,853,166\n\u3000투자활동으로 인한 현금유입액\n27,481,531,495\n18,256,273,414\n\u3000\u3000단기대여금의 회수\n\u3000\n1,228,393,083\n\u3000\u3000당기손익-공정가치측정금융자산의 처분\n13,261,975\n13,541,856,876\n\u3000\u3000장기대여금의 회수\n18,000,000,000\n5,300,000\n\u3000\u3000유형자산의 처분\n\u3000\n751,395,455\n\u3000\u3000장기금융상품의 감소\n\u3000\n2,729,328,000\n\u3000\u3000종속기업 및 관계기업투자의 처분\n9,468,269,520\n\u3000\n\u3000투자활동으로 인한 현금유출액\n(7,488,589,485)\n(6,540,420,248)\n\u3000\u3000당기손익-공정가치측정금융자산의 취득\n(363,690,000)\n(977,465,000)\n\u3000\u3000장기보증금의 증가\n(547,817,080)\n(219,952,013)\n\u3000\u3000유형자산의 취득\n(2,427,687,755)\n(2,321,091,794)\n\u3000\u3000무형자산의 취득\n(4,149,394,650)\n(2,437,055,441)\n\u3000\u3000장기금융상품의 취득\n\u3000\n(584,856,000)\n재무활동현금흐름\n(88,315,237,914)\n(84,611,798,441)\n\u3000재무활동으로 인한 현금유입액\n191,472,901,992\n55,543,341,406\n\u3000\u3000사채의 발행\n\u3000\n19,990,000,000\n\u3000\u3000단기차입금의 차입\n189,325,165,996\n34,886,965,865\n\u3000\u3000정부보조금의 수령\n2,147,735,996\n666,375,541\n\u3000재무활동으로 인한 현금유출액\n(279,788,139,906)\n(140,155,139,847)\n\u3000\u3000단기차입금의 상환\n(137,906,008,225)\n(32,716,885,672)\n\u3000\u3000유동성장기차입금의 상환\n(67,940,000)\n(67,940,000)\n\u3000\u3000리스부채의 상환\n(7,707,456,334)\n(5,387,123,520)\n\u3000\u3000배당금지급\n(101,654,120,000)\n(101,654,120,000)\n\u3000\u3000정부보조금의 상환\n(4,555,957,017)\n(329,070,655)\n\u3000\u3000자기주식의 취득\n(27,896,658,330)\n\u3000\n현금및현금성자산의 순증감\n15,028,612,475\n(9,994,925,041)\n기초의 현금및현금성자산\n2,963,699,460\n11,916,171,092\n반기말의 현금및현금성자산\n17,992,311,935\n1,921,246,051\n5. 재무제표 주석\n제66(당)기 반기 2020년 1월 1일부터 2020년 6월 30일까지\n제65(전)기 반기 2019년 1월 1일부터 2019년 6월 30일까지\n주식회사 효성\n1. 일반사항\xa0주식회사 효성(이하 ""당사"")은 1966년 11월 3일에 설립되어 화학 섬유류의 제조, 가공및 판매, 수출입업 및 대행, 전자기계 기구 및 부품의 제작ㆍ판매업 그리고 전기기기 제조 및 판매업과 토목건설업 등을 주요영업으로 하여 왔습니다. 당사는 2018년 6월 1일을 분할기일로 하여 자회사의 지분관리 및 투자 등을 수행하는 사업부문을 영위할 존속법인인 ㈜효성과 섬유/무역 사업부문, 중공업/건설 사업부문, 산업자재 사업부문, 화학 사업부문을 영위할 분할신설법인인 효성티앤씨㈜, 효성중공업㈜, 효성첨단소재㈜, 효성화학㈜으로 인적분할되었습니다.\n당반기말\xa0현재 당사의 주요 주주현황은 다음과 같습니다.\n(단위:주)\n주주명\n주식수\n지 분 율(%)\n조 석 래\n1,986,333\xa0\n9.43\n조 현 준\n4,623,736\xa0\n21.94\n조 현 상\n4,513,596\xa0\n21.42\n송 광 자\n101,387\xa0\n0.48\n조 양 래 등\n93,951\xa0\n0.45\n기 타\n8,590,401\xa0\n40.77\n자기주식\n1,161,621\xa0\n5.51\n합\xa0\xa0 계\n21,071,025\xa0\n100\n2. 재무제표 작성기준 및\xa0회계정책의 변경2.1. 재무제표 작성기준당사의 중간요약재무제표는 \'주식회사등의 외부감사에 관한 법률\'에 따라 제정된 한국채택국제회계기준 기업회계기준서 제1034호에 따라 작성되었습니다.중간요약재무제표는 연차재무제표에 기재할 것으로 요구되는 모든 정보 및 주석사항을 포함하고 있지 아니하므로, 2019년 12월 31일로 종료되는 회계기간에 대한 연차재무제표의 정보도 함께 참고하여야 합니다.2.2 회계정책의 변경기업회계기준서 제1027호 \'별도재무제표\'에서는 종속기업, 공동기업 및 관계기업에 대한 투자자산을 범주별로 기업회계기준서 제1109호에 따른 방법, 또는 기업회계기준서 제1028호에서 규정하는 지분법 중 어느 하나를 적용하여 표시한 재무제표를 작성하도록 하고 있습니다. 당사는 당기 중 종속기업, 공동기업 및 관계기업에 대한 투자자산의 평가를 원가법에서 지분법으로 변경하였습니다.이러한 회계정책의 변경은 지배기업, 관계기업의 투자자 또는 공동기업의 참여자가 투자자산을 피투자자의 보고된 성과와 순자산에 근거하여 회계처리 하여 당사의 재무상태, 재무성과 또는 현금흐름에 미치는 영향에 대하여 신뢰성 있고 더 목적적합한정보를 제공하기 위한 것입니다. 당사는 비교 표시되는 전기 재무상태표와 전반기 손익계산서를 동 수정사항의 효과를 반영하여 소급 재작성하였으며, 이러한 회계정책의 변경이 재무제표에 미친 영향은 다음과 같습니다.\n가. 재무상태표\n(단위: 백만원)\n구\xa0\xa0 분\n당반기말\n전기말\n전기초\n변경전\n변경금액\n변경후\n변경전\n변경금액\n변경후\n변경전\n변경금액\n변경후\n1. 각항목별 조정내역\n\xa0종속기업투자\n705,305\xa0\n397,853\xa0\n1,103,158\xa0\n714,774\xa0\n425,839\xa0\n1,140,613\xa0\n714,627\xa0\n382,680\xa0\n1,097,307\xa0\n\xa0관계기업투자\n612,843\xa0\n292,943\xa0\n905,786\xa0\n612,843\xa0\n322,528\xa0\n935,371\xa0\n613,788\xa0\n311,538\xa0\n925,326\xa0\n\xa0이연법인세부채\n140,705\xa0\n82,466\xa0\n223,171\xa0\n141,328\xa0\n83,714\xa0\n225,042\xa0\n140,972\xa0\n88,148\xa0\n229,120\xa0\n\xa0기타자본구성요소\n(4,545,229)\n32,745\xa0\n(4,512,484)\n(4,516,058)\n16,496\xa0\n(4,499,562)\n(4,516,187)\n1,035\xa0\n(4,515,152)\n\xa0이익잉여금\n5,752,208\xa0\n575,585\xa0\n6,327,793\xa0\n5,775,733\xa0\n648,157\xa0\n6,423,890\xa0\n5,828,979\xa0\n605,035\xa0\n6,434,014\xa0\n2. 총자산의 영향\n2,090,019\xa0\n690,795\xa0\n2,780,814\xa0\n2,118,763\xa0\n748,367\xa0\n2,867,130\xa0\n2,120,868\xa0\n694,217\xa0\n2,815,085\xa0\n3. 총부채의 영향\n326,497\xa0\n82,465\xa0\n408,962\xa0\n302,545\xa0\n83,714\xa0\n386,259\xa0\n251,532\xa0\n88,148\xa0\n339,680\xa0\n4. 총자본의 영향\n1,763,522\xa0\n608,330\xa0\n2,371,852\xa0\n1,816,218\xa0\n664,653\xa0\n2,480,871\xa0\n1,869,336\xa0\n606,069\xa0\n2,475,405\xa0\n나. 포괄손익계산서\n(단위: 백만원)\n구\xa0\xa0 분\n당반기\n전반기\n변경전\n변경금액\n변경후\n변경전\n변경금액\n변경후\n1. 각항목별 조정내역\n\xa0지분법이익(매출 및 지분법손익)\n-\xa0\n6,652\xa0\n6,652\xa0\n-\xa0\n87,224\xa0\n87,224\xa0\n\xa0배당금수익(매출 및 지분법손익)\n79,834\xa0\n(79,834)\n-\xa0\n52,907\xa0\n(51,990)\n917\xa0\n2. 법인세비용차감전순이익\n77,355\xa0\n(73,182)\n4,173\xa0\n48,174\xa0\n35,233\xa0\n83,407\xa0\n3. 법인세비용(수익)\n(1,115)\n(1,524)\n(2,639)\n1,996\xa0\n(3,962)\n(1,966)\n4. 반기순이익\n78,469\xa0\n(71,657)\n6,812\xa0\n46,178\xa0\n39,195\xa0\n85,373\xa0\n5. 총포괄이익\n76,855\xa0\n(56,324)\n20,531\xa0\n45,735\xa0\n59,205\xa0\n104,940\xa0\n6. 주당이익\n3,886\xa0\n(3,549)\n337\xa0\n2,271\xa0\n1,928\xa0\n4,199\xa0\n2.3 제ㆍ개정된 기준서의 적용요약반기재무제표를 작성하기 위하여 채택한 중요한 회계정책은 다음의 2020년 1월1일부터 적용되는 기준서를 제외하고는 2019년 12월 31일로 종료되는 회계기간에 대한 연차재무제표 작성시 채택한 회계정책과 동일합니다. 당사는 공표되었으나 시행되지 않은 기준서, 해석서, 개정사항을 조기적용한 바 없습니다.당기부터 새로 도입된 기준서 및 해석서와 그로 인한 회계정책의 변경 내용은 다음과같습니다.\n- 기업회계기준서 제1103호 \'사업결합\' (개정) - 사업의 정의기업회계기준서 제1103호의 개정사항에는 활동과 자산의 집합이 사업의 정의를 충족하기 위해서는 적어도 투입물과 산출물을 창출하거나 산출물의 창출에 기여할 수 있는 실질적인 과정을 포함해야 한다는 점이 명시되어 있습니다. 또한 산출물을 창출하는데 필요한 투입물과 과정을 모두 포함하지 않더라도 사업이 존재할 수 있음을 분명히 했습니다. 이 개정사항이 당사의 재무제표에 미치는 영향은 없으나, 향후 당사에 사업결합이 발생할 경우 영향을 미칠 수 있습니다.-\xa0기업회계기준서 제1107호 \'금융상품: 공시\', 제1109호 \'금융상품\', 제1039호 \'금융\xa0\xa0 상품: 인식과 측정\' (개정) - 이자율지표 개혁기업회계기준서 제1109호 및 제1039호에 대한 이 개정사항은 이자율지표 개혁으로 직접적인 영향을 받는 모든 위험회피관계에 적용할 수 있도록 예외규정을 제공합니다. 만약, 이자율지표 개혁이 위험회피대상항목이나 위험회피수단의 이자율지표에 기초한 현금흐름의 시기 또는 금액에 대한 불확실성을 발생시키는 경우에 위험회피관계가 영향을 받습니다. 당사는 이자율 위험회피관계를 보유하지 않으므로 동 개정사항이 재무제표에 미치는 영향은 없습니다.- 기업회계기준서 제1001호 \'재무제표 표시\', 제1008호 \'회계정책, 회계추정의 변경\xa0 \xa0 및 오류\' (개정) - 중요성의 정의이 개정은 중요성에 대한 새로운 정의를 제시합니다. 새 정의에 따르면, \'특정 보고기업에 대한 재무정보를 제공하는 일반목적재무제표에 정보를 누락하거나 잘못 기재하거나 불분명하게 하여, 이를 기초로 내리는 주요 이용자의 의사결정에 영향을 줄 것으로 합리적으로 예상할 수 있다면 그 정보는 중요합니다.이 개정은 중요성이 재무제표의 맥락에서 개별적으로 또는 다른 정보와 결합하여 정보의 성격이나 크기에 따라 결정되는 것을 명확히 합니다. 정보의 왜곡표시가 주된 정보이용자들의 의사결정에 영향을 미칠 것이 합리적으로 예상된다면 그 정보는 중요합니다. 동 개정사항이 당사의 재무제표에 미치는 영향은 없습니다.- 기업회계기준서 제1116호 \'리스\' (개정) - 코로나바이러스감염증-19 (\'코로나19\')\xa0 \xa0\xa0 관련 임차료 면제ㆍ할인ㆍ유예(\'임차료 할인 등\')\n기업회계기준서 제1116호의 개정사항은 코로나19의 세계적 유행의 직접적인 결과로 임차료 할인 등이 리스변경에 해당하는지 평가하지 않을 수 있는 실무적 간편법을제공합니다. 이러한 임차료 할인 등은 실무적 간편법의 적용요건을 충족하여야 하며,실무적 간편법을 선택한 리스이용자는 그러한 변동이 리스변경이 아닐 경우에 이 기준서가 규정하는 방식과 일관되게 회계처리하여야 합니다. 동 개정사항은 2020년 6월 1일 이후 최초로 시작되는 회계연도부터 소급하여 적용하되 조기 적용할 수 있습니다. 당사는 코로나19 관련 임차료 할인 등이 발생하지 않았으므로 동 개정사항이 재무제표에 미치는 영향은 없습니다.\n- 재무보고를 위한 개념체계 (2018)개념체계는 회계기준이 아니며, 개념체계의 어떠한 내용도 회계기준이나 그 요구사항에 우선하지 않습니다. 개념체계의 목적은 회계기준위원회가 한국채택국제회계기준을 제ㆍ개정하는데 도움을 주며, 적용할 회계기준이 없는 경우에 재무제표 작성자가 일관된 회계정책을 개발하는데 도움을 줍니다. 또한 모든 이해관계자가 회계기준을 이해하고 해석하는데 도움을 줍니다.이 개념체계 개정은 일부 새로운 개념을 포함하고 있으며, 자산과 부채의 정의와 인식기준의 변경을 제시하고, 일부 중요한 개념을 명확히 합니다. 동 개정사항이 당사의 재무제표에 미치는 영향은 없습니다.\n3. 범주별 금융상품\n가. 금융자산당반기말 및 전기말 현재 범주별 금융자산의 내역은 다음과 같습니다.\n<당반기말>\n(단위: 백만원)\n구\xa0\xa0 분\n당기손익-공정가치측정 금융자산\n기타포괄손익-공정가치측정 금융자산\n상각후원가측정금융자산\n합\xa0\xa0 계\n\xa0현금및현금성자산\n14,700\xa0\n-\xa0\n3,292\xa0\n17,992\xa0\n\xa0매출채권및기타채권\n-\xa0\n-\xa0\n56,009\xa0\n56,009\xa0\n\xa0장기매출채권및기타채권\n-\xa0\n-\xa0\n22,000\xa0\n22,000\xa0\n\xa0기타비유동금융자산\n36,361\xa0\n10,253\xa0\n1,893\xa0\n48,507\xa0\n합계\n51,061\xa0\n10,253\xa0\n83,194\xa0\n144,508\xa0\n<전기말>\n(단위: 백만원)\n구\xa0\xa0 분\n당기손익-공정가치측정 금융자산\n기타포괄손익-공정가치측정 금융자산\n상각후원가측정금융자산\n합\xa0\xa0 계\n\xa0현금및현금성자산\n-\xa0\n-\xa0\n2,964\xa0\n2,964\xa0\n\xa0매출채권및기타채권\n-\xa0\n-\xa0\n50,908\xa0\n50,908\xa0\n\xa0장기매출채권및기타채권\n-\xa0\n-\xa0\n51,476\xa0\n51,476\xa0\n\xa0기타비유동금융자산\n36,008\xa0\n11,934\xa0\n1,893\xa0\n49,835\xa0\n합\xa0\xa0 계\n36,008\xa0\n11,934\xa0\n107,241\xa0\n155,183\xa0\n나. 금융부채당반기말 및 전기말 현재 범주별 금융부채의 내역은 다음과 같습니다.\n<당반기말>\n(단위: 백만원)\n구\xa0\xa0 분\n당기손익-공정가치측정 금융부채\n상각후원가측정 금융부채\n합\xa0\xa0 계\n\xa0매입채무및기타채무\n-\xa0\n43,268\xa0\n43,268\xa0\n\xa0차입금\n-\xa0\n85,926\xa0\n85,926\xa0\n\xa0기타유동금융부채\n-\xa0\n14,465\xa0\n14,465\xa0\n\xa0장기매입채무및기타채무\n-\xa0\n13,700\xa0\n13,700\xa0\n\xa0장기차입금\n-\xa0\n831\xa0\n831\xa0\n\xa0기타비유동금융부채\n-\xa0\n6,740\xa0\n6,740\xa0\n합\xa0\xa0 계\n-\xa0\n164,930\xa0\n164,930\xa0\n<전기말>\n(단위: 백만원)\n구\xa0\xa0 분\n당기손익-공정가치측정 금융부채\n상각후 원가측정 금융부채\n합\xa0\xa0 계\n\xa0매입채무및기타채무\n-\xa0\n60,923\xa0\n60,923\xa0\n\xa0차입금\n-\xa0\n34,507\xa0\n34,507\xa0\n\xa0기타유동금융부채\n-\xa0\n12,295\xa0\n12,295\xa0\n\xa0장기매입채무및기타채무\n-\xa0\n10,386\xa0\n10,386\xa0\n\xa0장기차입금\n-\xa0\n899\xa0\n899\xa0\n\xa0기타비유동금융부채\n-\xa0\n9,373\xa0\n9,373\xa0\n합\xa0\xa0 계\n-\xa0\n128,383\xa0\n128,383\xa0\n다.\xa0공정가치 서열체계당반기말 및 전기말 현재 공정가치로 측정하는 금융상품의 공정가치와 장부금액은 다음과 같습니다.\n(단위: 백만원)\n구\xa0\xa0 분\n당반기말\n전기말\n장부금액\n공정가치\n장부금액\n공정가치\n\xa0당기손익-공정가치측정 금융상품 (현금및현금성자산)\n14,700\xa0\n14,700\xa0\n-\xa0\n-\xa0\n\xa0당기손익-공정가치측정 지분상품\n36,361\xa0\n36,361\xa0\n36,008\xa0\n36,008\xa0\n\xa0기타포괄손익-공정가치측정 지분상품\n9,094\xa0\n9,094\xa0\n10,776\xa0\n10,776\xa0\n\xa0기타포괄손익-공정가치측정 채무상품\n1,159\xa0\n1,159\xa0\n1,159\xa0\n1,159\xa0\n공정가치로 측정되는 금융상품은 공정가치 서열체계에 따라 구분되며 정의된 수준들은 다음과 같습니다.\n- 측정일에 동일한 자산이나 부채에 대해 접근할 수 있는 활성시장의(조정하지 않은)\xa0\xa0 공시가격 (수준 1)\n- 수준 1의 공시가격 외에 자산이나 부채에 대해 직접적으로나 간접적으로 관측할\xa0 \xa0 \xa0\xa0 수 있는 투입변수 (수준 2)\n- 자산이나 부채에 대한 관측할 수 없는 투입변수 (수준 3)\n당반기말 및 전기말 현재 공정가치로 측정되는 금융상품의 공정가치 서열체계 구분은다음과 같습니다.\n<당반기말>\n(단위: 백만원)\n구\xa0\xa0 분\n수준1\n수준2\n수준3\n합\xa0\xa0 계\n\xa0당기손익-공정가치측정 금융상품 (현금및현금성자산)\n-\xa0\n14,700\xa0\n-\xa0\n14,700\xa0\n\xa0당기손익-공정가치측정 지분상품\n-\xa0\n-\xa0\n36,361\xa0\n36,361\xa0\n\xa0기타포괄손익-공정가치측정 지분상품\n6,041\xa0\n-\xa0\n3,053\xa0\n9,094\xa0\n\xa0기타포괄손익-공정가치측정 채무상품\n-\xa0\n-\xa0\n1,159\xa0\n1,159\xa0\n합\xa0\xa0 계\n6,041\xa0\n14,700\xa0\n40,573\xa0\n61,314\xa0\n<전기말>\n(단위: 백만원)\n구\xa0\xa0 분\n수준1\n수준2\n수준3\n합\xa0\xa0 계\n\xa0당기손익-공정가치측정 지분상품\n-\xa0\n-\xa0\n36,008\xa0\n36,008\xa0\n\xa0기타포괄손익-공정가치측정 지분상품\n7,722\xa0\n-\xa0\n3,054\xa0\n10,776\xa0\n\xa0기타포괄손익-공정가치측정 채무상품\n-\xa0\n-\xa0\n1,159\xa0\n1,159\xa0\n합\xa0\xa0 계\n7,722\xa0\n-\xa0\n40,221\xa0\n47,943\xa0\n당반기 중 공정가치 서열체계의 수준 간 이동 내역은 없습니다.4. 부문별 보고\xa0당사는 기업회계기준서 제1108호 \'영업부문\'에 따라 영업부문과 관련된 공시사항을 연결재무제표에 공시하고 있으며, 동 별도재무제표에는 별도로 공시하지 않았습니 다.\n5. 현금및현금성자산가. 당반기말 및 전기말 현재 현금및현금성자산의 구성내역은 다음과 같습니다.\n(단위: 백만원)\n구\xa0\xa0 분\n당반기말\n전기말\n보유현금\n30\xa0\n30\xa0\n은행예금 등\n17,962\xa0\n2,934\xa0\n합\xa0\xa0 계\n17,992\xa0\n2,964\xa0\n나. 사용이 제한된 금융상품당반기말 및 전기말 현재 사용이 제한된 금융상품은 다음과 같습니다.\n(단위: 백만원)\n구\xa0\xa0 분\n사용제한내역\n당반기말\n전기말\n기타비유동금융자산\n당좌개설보증금 및 임대보증금\n1,893\xa0\n1,893\xa0\n6. 매출채권및기타채권\n가.\xa0당반기말\xa0및 전기말 현재 매출채권및기타채권의 내역은 다음과 같습니다.\n(단위: 백만원)\n구\xa0\xa0 분\n당반기말\n전기말\n채권액\n대손충당금\n장부금액\n채권액\n대손충당금\n장부금액\n매출채권\n27,259\xa0\n-\xa0\n27,259\xa0\n27,559\xa0\n-\xa0\n27,559\xa0\n기타채권\n30,352\xa0\n(1,602)\n28,750\xa0\n24,951\xa0\n(1,602)\n23,349\xa0\n소\xa0\xa0 계\n57,611\xa0\n(1,602)\n56,009\xa0\n52,510\xa0\n(1,602)\n50,908\xa0\n장기기타채권\n22,000\xa0\n-\xa0\n22,000\xa0\n51,476\xa0\n-\xa0\n51,476\xa0\n합\xa0\xa0 계\n79,611\xa0\n(1,602)\n78,009\xa0\n103,986\xa0\n(1,602)\n102,384\xa0\n당반기말 현재 당사가\xa0금융기관에\xa0매출채권을 양도하고 현금을 수령하였으나 미결제된 금액은\xa0291백만원(전기말:\xa0471백만원)입니다.\xa0대출약정상 매출거래처의 부도가 발생하는 경우, 당사가 은행에 해당금액을 지급할 의무를\xa0가지고 있으므로 동 거래는담보부차입으로 회계처리하였습니다.\n나. 당반기말 및 전기말 현재 기타채권의 내역은 다음과 같습니다.\n(단위: 백만원)\n구\xa0\xa0 분\n당반기말\n전기말\n기타채권\n\xa0 미수금\n1,693\xa0\n2,050\xa0\n\xa0 단기대여금\n10,508\xa0\n10,413\xa0\n\xa0 미수수익\n631\xa0\n396\xa0\n\xa0 금융리스채권\n15,918\xa0\n10,490\xa0\n소\xa0\xa0 계\n28,750\xa0\n23,349\xa0\n장기기타채권\n\xa0 장기대여금\n2,361\xa0\n20,361\xa0\n\xa0 장기보증금\n13,049\xa0\n12,433\xa0\n\xa0 장기미수수익\n-\xa0\n9,188\xa0\n\xa0 장기금융리스채권\n6,590\xa0\n9,494\xa0\n소\xa0\xa0 계\n22,000\xa0\n51,476\xa0\n합\xa0\xa0 계\n50,750\xa0\n74,825\xa0\n7. 기타비유동금융자산 및 기타금융부채가. 당반기말 및 전기말 현재 기타비유동금융자산 및 기타금융부채의 상세내역은 다음과 같습니다.\n(단위: 백만원)\n구\xa0\xa0 분\n당반기말\n전기말\n기타비유동금융자산\n\xa0상각후원가측정 금융자산\n1,893\xa0\n1,893\xa0\n\xa0기타포괄손익-공정가치측정금융자산\n10,253\xa0\n11,934\xa0\n\xa0당기손익-공정가치측정금융자산\n36,361\xa0\n36,008\xa0\n합\xa0\xa0 계\n48,507\xa0\n49,835\xa0\n기타금융부채\n\xa0리스부채(유동)\n14,465\xa0\n12,295\xa0\n\xa0리스부채(비유동)\n6,740\xa0\n9,373\xa0\n합\xa0\xa0 계\n21,205\xa0\n21,668\xa0\n나. 당반기말 및 전기말 현재 기타비유동금융자산의 범주별 장부금액은 다음과 같습니다.\n(단위: 백만원)\n구\xa0\xa0 분\n당반기말\n전기말\n상각후원가측정 금융자산:\n\xa0 채무증권\n1,893\xa0\n1,893\xa0\n당기손익-공정가치측정 금융자산:\n\xa0 활성시장에서 거래되지 않는 지분증권\n15,145\xa0\n14,781\xa0\n\xa0 출자금 등\n21,216\xa0\n21,227\xa0\n소\xa0\xa0 계\n36,361\xa0\n36,008\xa0\n기타포괄손익-공정가치측정 금융자산:\xa0\n\xa0 활성시장에서 거래되는 지분증권\n6,041\xa0\n7,722\xa0\n\xa0 활성시장에서 거래되지 않는 지분증권\n3,053\xa0\n3,053\xa0\n\xa0 출자금 등\n1,159\xa0\n1,159\xa0\n소\xa0\xa0 계\n10,253\xa0\n11,934\xa0\n합\xa0\xa0 계\n48,507\xa0\n49,835\xa0\n다. 당반기와 전반기 중 당기손익-공정가치측정금융자산 및 기타포괄손익-공정가치측정금융자산의 변동 내역은 다음과 같습니다.\n(단위: 백만원)\n구\xa0\xa0 분\n당반기\n전반기\n기초\n47,942\xa0\n64,443\xa0\n취득\n364\xa0\n800\xa0\n처분\n(11)\n(13,677)\n평가손익(기타포괄손익)\n(1,681)\n72\xa0\n평가손익(당기손익)\n-\xa0\n(2,099)\n기말\n46,614\xa0\n49,539\xa0\n8. 재고자산\n당반기말\xa0및 전기말 현재 재고자산의 내역은 다음과 같습니다.\n(단위: 백만원)\n구\xa0\xa0 분\n당반기말\n전기말\n평가전금액\n평가충당금\n장부가액\n평가전금액\n평가충당금\n장부가액\n제품\n2,469\xa0\n(13)\n2,456\xa0\n3,134\xa0\n(92)\n3,042\xa0\n반제품\n3,077\xa0\n(138)\n2,939\xa0\n3,869\xa0\n(181)\n3,688\xa0\n원재료\n230\xa0\n-\xa0\n230\xa0\n312\xa0\n-\xa0\n312\xa0\n부재료\n1,102\xa0\n(29)\n1,073\xa0\n1,072\xa0\n(27)\n1,045\xa0\n기타\n85\xa0\n(2)\n83\xa0\n88\xa0\n(3)\n85\xa0\n합\xa0\xa0 계\n6,963\xa0\n(182)\n6,781\xa0\n8,475\xa0\n(303)\n8,172\xa0\n9. 유형자산 및 투자부동산\n가. 당반기와 전반기 중 유형자산의 변동내역은 다음과 같습니다.\n<당반기>\n(단위: 백만원)\n구\xa0\xa0 분\n당기초\n취득\n처분 등\n감가상각\n본계정대체(주1)\n당반기말\n토지\n443,336\xa0\n-\xa0\n-\xa0\n-\xa0\n9\xa0\n443,345\xa0\n건물\n33,773\xa0\n-\xa0\n-\xa0\n(780)\n19\xa0\n33,012\xa0\n구축물\n11,126\xa0\n-\xa0\n-\xa0\n(266)\n384\xa0\n11,244\xa0\n기계장치\n24,326\xa0\n302\xa0\n-\xa0\n(2,894)\n2,104\xa0\n23,838\xa0\n\xa0(정부보조금)\n(1,607)\n-\xa0\n-\xa0\n284\xa0\n-\xa0\n(1,323)\n차량운반구\n142\xa0\n-\xa0\n-\xa0\n(25)\n12\xa0\n129\xa0\n공구와비품\n9,710\xa0\n325\xa0\n-\xa0\n(2,014)\n846\xa0\n8,867\xa0\n\xa0(정부보조금)\n(277)\n-\xa0\n-\xa0\n92\xa0\n-\xa0\n(185)\n건설중인자산\n8,469\xa0\n1,735\xa0\n-\xa0\n-\xa0\n(3,323)\n6,881\xa0\n미착기계\n87\xa0\n66\xa0\n-\xa0\n-\xa0\n(134)\n19\xa0\n사용권자산\n6,919\xa0\n1,019\xa0\n(272)\n(2,453)\n-\xa0\n5,213\xa0\n합\xa0\xa0 계\n536,004\xa0\n3,447\xa0\n(272)\n(8,056)\n(83)\n531,040\xa0\n(주1) 무형자산으로 대체된 금액은 83백만원입니다.\n<전반기>\n(단위: 백만원)\n구\xa0\xa0 분\n전기초\n취득\n처분\n감가상각\n본계정대체\n회계정책변경효과\n전반기말\n토지\n444,584\xa0\n-\xa0\n(1,248)\n-\xa0\n-\xa0\n-\xa0\n443,336\xa0\n건물\n35,253\xa0\n-\xa0\n-\xa0\n(780)\n80\xa0\n-\xa0\n34,553\xa0\n구축물\n10,317\xa0\n-\xa0\n(10)\n(227)\n33\xa0\n-\xa0\n10,113\xa0\n기계장치\n24,932\xa0\n373\xa0\n-\xa0\n(2,877)\n2,606\xa0\n-\xa0\n25,034\xa0\n\xa0(정부보조금)\n(1,607)\n-\xa0\n-\xa0\n106\xa0\n-\xa0\n-\xa0\n(1,501)\n차량운반구\n88\xa0\n-\xa0\n-\xa0\n(19)\n9\xa0\n-\xa0\n78\xa0\n공구와비품\n8,471\xa0\n422\xa0\n-\xa0\n(2,088)\n1,148\xa0\n-\xa0\n7,953\xa0\n\xa0(정부보조금)\n(277)\n-\xa0\n-\xa0\n288\xa0\n-\xa0\n-\xa0\n11\xa0\n건설중인자산\n9,487\xa0\n1,262\xa0\n-\xa0\n-\xa0\n(3,694)\n-\xa0\n7,055\xa0\n미착기계\n54\xa0\n264\xa0\n-\xa0\n-\xa0\n(182)\n-\xa0\n136\xa0\n사용권자산\n-\xa0\n4,663\xa0\n(834)\n(2,312)\n-\xa0\n10,157\xa0\n11,674\xa0\n합\xa0\xa0 계\n531,302\xa0\n6,984\xa0\n(2,092)\n(7,909)\n-\xa0\n10,157\xa0\n538,442\xa0\n나. 당반기와 전반기 중 투자부동산의 변동내역은 다음과 같습니다.\n<당반기>\n(단위: 백만원)\n구\xa0\xa0 분\n당기초\n취득\n감가상각비\n대체 등\n당반기말\n토지\n5,487\xa0\n-\xa0\n-\xa0\n-\xa0\n5,487\xa0\n건물\n662\xa0\n-\xa0\n(13)\n-\xa0\n649\xa0\n사용권자산\n2,544\xa0\n6,876\xa0\n(269)\n(8,258)\n893\xa0\n합\xa0\xa0 계\n8,693\xa0\n6,876\xa0\n(282)\n(8,258)\n7,029\xa0\n<전반기>\n(단위: 백만원)\n구\xa0\xa0 분\n전기초\n감가상각비\n전반기말\n토지\n5,487\xa0\n-\xa0\n5,487\xa0\n건물\n689\xa0\n(13)\n676\xa0\n합\xa0\xa0 계\n6,176\xa0\n(13)\n6,163\xa0\n10. 무형자산가. 당반기와 전반기 중 무형자산의 변동내역은 다음과 같습니다.\n<당반기>\n(단위: 백만원)\n구\xa0\xa0 분\n당기초\n취득\n상각\n대체\n당반기말\n산업재산권\n114\xa0\n2\xa0\n(34)\n-\xa0\n82\xa0\n기타의무형자산\n12,443\xa0\n4,147\xa0\n(1,151)\n83\xa0\n15,522\xa0\n회원권\n27,862\xa0\n-\xa0\n-\xa0\n-\xa0\n27,862\xa0\n합\xa0\xa0 계\n40,419\xa0\n4,149\xa0\n(1,185)\n83\xa0\n43,466\xa0\n<전반기>\n(단위: 백만원)\n구\xa0\xa0 분\n전기초\n취득\n상각\n대체\n전반기말\n산업재산권\n160\xa0\n9\xa0\n(32)\n-\xa0\n137\xa0\n기타의무형자산\n9,159\xa0\n2,481\xa0\n(1,280)\n(52)\n10,308\xa0\n회원권\n27,827\xa0\n-\xa0\n-\xa0\n-\xa0\n27,827\xa0\n합\xa0\xa0 계\n37,146\xa0\n2,490\xa0\n(1,312)\n(52)\n38,272\xa0\n11. 리스가. 당반기와 전반기 중 사용권자산의 변동내역은 다음과 같습니다.\n<당반기>\n(단위: 백만원)\n구\xa0\xa0 분\n당기초\n증가\n상각\n해지\n변경\n대체\n당반기말\n\xa0건물\n2,243\xa0\n799\xa0\n(1,009)\n(221)\n-\xa0\n-\xa0\n1,812\xa0\n\xa0차량운반구\n897\xa0\n220\xa0\n(316)\n(50)\n-\xa0\n-\xa0\n751\xa0\n\xa0기타\n3,779\xa0\n-\xa0\n(1,128)\n-\xa0\n-\xa0\n-\xa0\n2,651\xa0\n\xa0투자부동산\n2,544\xa0\n6,876\xa0\n(270)\n-\xa0\n(762)\n(7,496)\n892\xa0\n합\xa0\xa0 계\n9,463\xa0\n7,895\xa0\n(2,723)\n(271)\n(762)\n(7,496)\n6,106\xa0\n<전반기>\n(단위: 백만원)\n구\xa0\xa0 분\n전기초\n증가\n상각\n전반기말\n\xa0건물\n-\xa0\n6,789\xa0\n(1,042)\n5,747\xa0\n\xa0차량운반구\n-\xa0\n1,309\xa0\n(288)\n1,021\xa0\n\xa0기타\n-\xa0\n5,888\xa0\n(982)\n4,906\xa0\n\xa0투자부동산\n-\xa0\n-\xa0\n-\xa0\n-\xa0\n합\xa0\xa0 계\n-\xa0\n13,986\xa0\n(2,312)\n11,674\xa0\n나. 당반기와 전반기 중 리스부채의 변동내역은 다음과 같습니다.\n<당반기>\n(단위: 백만원)\n구\xa0\xa0 분\n당기초\n증가\n이자비용\n원금상환\n계약해지\n리스변경\n당반기말\n리스부채\n21,668\xa0\n7,895\xa0\n352\xa0\n(7,707)\n(241)\n(762)\n21,205\xa0\n<전반기>\n(단위: 백만원)\n구\xa0\xa0 분\n전기초\n증가\n이자비용\n감소\n기타\n전반기말\n리스부채\n-\xa0\n30,800\xa0\n405\xa0\n(5,095)\n(88)\n26,022\xa0\n다. 당반기말 및 전기말 현재 금융리스채권의 내역은 다음과 같습니다.\n(단위: 백만원)\n구\xa0\xa0 분\n당반기말\n전기말\n1년이내\n17,466\xa0\n10,656\xa0\n1년초과 2년이내\n7,746\xa0\n9,939\xa0\n리스료 합계\n25,212\xa0\n20,595\xa0\n리스총투자 합계\n25,212\xa0\n20,595\xa0\n차감: 미실현 금융수익\n(2,704)\n(611)\n최소리스료의 현재가치\n22,508\xa0\n19,984\xa0\n리스 순투자 합계\n22,508\xa0\n19,984\xa0\n12. 종속기업투자가.\xa0당반기말 및 전기말 현재 종속기업의 현황과 장부금액은 다음과 같습니다.\n(단위: 백만원)\n기업명\n소재지\n지분율(%)\n취득원가\n당반기말\n전기말\n효성티앤에스㈜\n한국\n\xa054.02\n75,178\xa0\n168,168\xa0\n163,130\xa0\n효성굿스프링스㈜\n한국\n100\n74,361\xa0\n68,796\xa0\n73,049\xa0\n효성투자개발㈜\n한국\n58.75\n34,798\xa0\n190,856\xa0\n201,116\xa0\n효성트랜스월드㈜\n한국\n100\n4,698\xa0\n9,944\xa0\n11,511\xa0\n태안솔라팜㈜\n한국\n100\n1,880\xa0\n2,760\xa0\n2,759\xa0\n공덕경우개발㈜(주1)\n한국\n73.33\n4,400\xa0\n-\xa0\n\u3000-\xa0\n하나대체투자랜드칩사모부동산투자신탁39호(주1,2)\n한국\n100\n16,000\xa0\n-\xa0\n\u3000-\xa0\nHyosung Holdings USA, Inc.\n미국\n100\n89,589\xa0\n138,299\xa0\n143,422\xa0\nHyosung (H.K) LIMITED\n홍콩\n100\n829\xa0\n2,122\xa0\n2,036\xa0\nHyosung Brasil Participacoes LTDA\xa0\n브라질\n100\n8,607\xa0\n113\xa0\n141\xa0\nHYOSUNG SUMIDEN STEEL CORD(NANJING)CO.LTD.\n중국\n100\n1,102\xa0\n1,085\xa0\n9,974\xa0\nHyosung Resource (Australia) PTY Ltd.\n호주\n100\n14,691\xa0\n10,663\xa0\n10,472\xa0\nHyosung RUS\n러시아\n100\n1,692\xa0\n6,893\xa0\n6,502\xa0\nPT. HYOSUNG JAKARTA\n인도네시아\n99.9\n1,268\xa0\n2,618\xa0\n3,098\xa0\n㈜에프엠케이\n한국\n100\n20,001\xa0\n33,322\xa0\n30,770\xa0\n효성캐피탈㈜\n한국\n97.5\n362,863\xa0\n467,364\xa0\n482,489\xa0\n기타\u3000\n\u3000\n\u3000\n-\xa0\n155\xa0\n144\xa0\n합\xa0\xa0 계\n711,957\xa0\n1,103,158\xa0\n1,140,613\xa0\n(주1) 지분법 손실 누적으로 종속기업투자의 장부가액이 영(""0"") 이하가 되어 지분법\xa0 \xa0 \xa0 \xa0 \xa0 적용을 중단하였습니다.(주2) 주주간계약에 따라 보유한 의결권을 고려한 지분율이며, 유효지분율은 77.01%\xa0 \xa0 \xa0 \xa0 입니다.\n나. 당반기와 전반기의 종속기업에 대한 지분법 평가 내역은 다음과 같습니다.\xa0\n<당반기>\n(단위: 백만원)\n기업명\n당기초\n취득(처분)\n지분법손익\n기타포괄손익\n기타\n당반기말\n효성티앤에스㈜\n163,130\xa0\n-\xa0\n26,481\xa0\n1,174\xa0\n(22,617)\n168,168\xa0\n효성굿스프링스㈜\n73,049\xa0\n-\xa0\n(2,253)\n-\xa0\n(2,000)\n68,796\xa0\n효성투자개발㈜\n201,116\xa0\n-\xa0\n(1,397)\n4,062\xa0\n(12,925)\n190,856\xa0\n효성트랜스월드㈜\n11,511\xa0\n-\xa0\n2,433\xa0\n-\xa0\n(4,000)\n9,944\xa0\n태안솔라팜㈜\n2,759\xa0\n-\xa0\n301\xa0\n-\xa0\n(300)\n2,760\xa0\n공덕경우개발㈜\n-\xa0\n-\xa0\n-\xa0\n-\xa0\n-\xa0\n-\xa0\n하나대체투자랜드칩사모부동산투자신탁39호\n-\xa0\n-\xa0\n-\xa0\n-\xa0\n-\xa0\n-\xa0\nHyosung Holdings USA, Inc.\n143,422\xa0\n-\xa0\n(11,425)\n6,302\xa0\n-\xa0\n138,299\xa0\nHyosung (H.K) LIMITED\n2,036\xa0\n-\xa0\n-\xa0\n86\xa0\n-\xa0\n2,122\xa0\nHyosung Brasil Participacoes LTDA\xa0\n141\xa0\n-\xa0\n1\xa0\n(29)\n-\xa0\n113\xa0\nHYOSUNG SUMIDEN STEEL CORD(NANJING)CO.LTD.(주1)\n9,974\xa0\n-\xa0\n20\xa0\n559\xa0\n(9,468)\n1,085\xa0\nHyosung Resource (Australia) PTY Ltd.\n10,472\xa0\n-\xa0\n-\xa0\n191\xa0\n-\xa0\n10,663\xa0\nHyosung RUS\n6,502\xa0\n-\xa0\n817\xa0\n(426)\n-\xa0\n6,893\xa0\nPT. HYOSUNG JAKARTA\n3,098\xa0\n-\xa0\n(519)\n39\xa0\n-\xa0\n2,618\xa0\n㈜에프엠케이\n30,770\xa0\n-\xa0\n2,552\xa0\n-\xa0\n-\xa0\n33,322\xa0\n효성캐피탈㈜\n482,489\xa0\n-\xa0\n11,395\xa0\n-\xa0\n(26,520)\n467,364\xa0\n기타\u3000\n144\xa0\n-\xa0\n5\xa0\n6\xa0\n-\xa0\n155\xa0\n합계\n1,140,613\xa0\n-\xa0\n28,411\xa0\n11,964\xa0\n(77,830)\n1,103,158\xa0\n(주1) 당반기말 현재 청산중입니다.\n<전반기>\n(단위: 백만원)\n기업명\n전기초\n취득(처분)\n지분법손익\n기타포괄손익\n기타\n전반기말\n효성티앤에스㈜\n165,692\xa0\n-\xa0\n17,676\xa0\n(153)\n(16,684)\n166,531\xa0\n효성굿스프링스㈜\n70,932\xa0\n-\xa0\n569\xa0\n-\xa0\n-\xa0\n71,501\xa0\n효성투자개발㈜\n186,634\xa0\n-\xa0\n11,345\xa0\n4,014\xa0\n(11,750)\n190,243\xa0\n효성트랜스월드㈜\n10,185\xa0\n-\xa0\n2,711\xa0\n-\xa0\n(3,600)\n9,296\xa0\n태안솔라팜㈜\n2,698\xa0\n-\xa0\n280\xa0\n-\xa0\n(400)\n2,578\xa0\n공덕경우개발㈜\n-\xa0\n-\xa0\n-\xa0\n-\xa0\n-\xa0\n-\xa0\n하나대체투자랜드칩사모부동산투자신탁39호\n-\xa0\n-\xa0\n-\xa0\n-\xa0\n-\xa0\n-\xa0\n포항신재생에너지\n-\xa0\n-\xa0\n-\xa0\n-\xa0\n-\xa0\n-\xa0\nHyosung Holdings USA, Inc.\n139,153\xa0\n-\xa0\n(278)\n5,598\xa0\n-\xa0\n144,473\xa0\nHyosung (H.K) LIMITED\n1,959\xa0\n-\xa0\n-\xa0\n72\xa0\n-\xa0\n2,031\xa0\nHyosung Brasil Participacoes LTDA\xa0\n16\xa0\n-\xa0\n59\xa0\n2\xa0\n-\xa0\n77\xa0\nHYOSUNG SUMIDEN STEEL CORD(NANJING)CO.LTD.\n9,636\xa0\n-\xa0\n154\xa0\n313\xa0\n-\xa0\n10,103\xa0\nHyosung Resource (Australia) PTY Ltd.\n10,063\xa0\n-\xa0\n(2)\n287\xa0\n-\xa0\n10,348\xa0\nHyosung RUS\n1,133\xa0\n-\xa0\n3,586\xa0\n235\xa0\n-\xa0\n4,954\xa0\nPT. HYOSUNG JAKARTA\n2,415\xa0\n-\xa0\n409\xa0\n161\xa0\n-\xa0\n2,985\xa0\n㈜에프엠케이\n27,126\xa0\n-\xa0\n3,599\xa0\n-\xa0\n-\xa0\n30,725\xa0\n효성캐피탈㈜\n469,523\xa0\n-\xa0\n12,118\xa0\n75\xa0\n(13,260)\n468,456\xa0\n기타\u3000\n142\xa0\n-\xa0\n(1)\n5\xa0\n-\xa0\n146\xa0\n합계\n1,097,307\xa0\n-\xa0\n52,225\xa0\n10,609\xa0\n(45,694)\n1,114,447\xa0\n다. 주요 종속기업의 요약 재무정보, 종속기업투자의 장부금액으로의 조정 내역 및 종속기업으로부터 수령한 배당금은 아래와 같습니다.\n(단위: 백만원)\n기업명\n유동자산\n비유동자산\n유동부채\n비유동부채\n수익\n반기순이익\n기타포괄 손익\n총포괄손익\n종속기업에서 수령한 배당금\xa0\n효성티앤에스㈜\n426,475\xa0\n284,039\xa0\n360,922\xa0\n16,818\xa0\n447,601\xa0\n62,119\xa0\n1,173\xa0\n63,292\xa0\n21,591\xa0\n효성굿스프링스㈜\n146,076\xa0\n93,600\xa0\n126,945\xa0\n43,935\xa0\n116,374\xa0\n(2,253)\n-\xa0\n(2,253)\n2,000\xa0\n효성투자개발㈜\n6,500\xa0\n229,140\xa0\n4,147\xa0\n3,863\xa0\n225\xa0\n(4,651)\n1,256\xa0\n(3,395)\n12,925\xa0\n효성트랜스월드㈜\n39,718\xa0\n539\xa0\n29,971\xa0\n342\xa0\n101,472\xa0\n2,433\xa0\n-\xa0\n2,433\xa0\n4,000\xa0\n태안솔라팜㈜\n393\xa0\n2,815\xa0\n102\xa0\n346\xa0\n762\xa0\n301\xa0\n-\xa0\n301\xa0\n300\xa0\n공덕경우개발㈜\n12,178\xa0\n205,040\xa0\n5,072\xa0\n242,462\xa0\n9,959\xa0\n(481)\n-\xa0\n(481)\n-\xa0\n하나대체투자랜드칩사모부동산투자신탁39호\n1,019\xa0\n168,324\xa0\n159,932\xa0\n-\xa0\n3,782\xa0\n962\xa0\n-\xa0\n962\xa0\n479\xa0\nHyosung Holdings USA, Inc.\n521,484\xa0\n99,462\xa0\n413,024\xa0\n71,509\xa0\n417,863\xa0\n7,733\xa0\n105\xa0\n7,838\xa0\n20,134\xa0\nHyosung (H.K) LIMITED\n2,121\xa0\n-\xa0\n-\xa0\n-\xa0\n-\xa0\n-\xa0\n86\xa0\n86\xa0\n-\xa0\nHyosung Brasil Participacoes LTDA\xa0\n73\xa0\n165\xa0\n125\xa0\n-\xa0\n20\xa0\n1\xa0\n(30)\n(29)\n-\xa0\nHYOSUNG SUMIDEN STEEL CORD(NANJING)CO.LTD.\n1,085\xa0\n-\xa0\n-\xa0\n-\xa0\n-\xa0\n20\xa0\n558\xa0\n578\xa0\n-\xa0\nHyosung Resource (Australia) PTY Ltd.\n61\xa0\n10,640\xa0\n20\xa0\n-\xa0\n-\xa0\n-\xa0\n191\xa0\n191\xa0\n-\xa0\nHyosung RUS\n99,833\xa0\n3,200\xa0\n94,912\xa0\n1,228\xa0\n74,877\xa0\n817\xa0\n(425)\n392\xa0\n-\xa0\nPT. HYOSUNG JAKARTA\n9,086\xa0\n627\xa0\n6,798\xa0\n294\xa0\n12,566\xa0\n(520)\n40\xa0\n(480)\n-\xa0\n㈜에프엠케이\n101,956\xa0\n31,290\xa0\n87,661\xa0\n12,263\xa0\n80,128\xa0\n2,552\xa0\n-\xa0\n2,552\xa0\n-\xa0\n효성캐피탈㈜\n228,445\xa0\n2,163,973\xa0\n1,123,659\xa0\n867,264\xa0\n93,614\xa0\n11,689\xa0\n-\xa0\n11,689\xa0\n26,520\xa0\n13. 관계기업투자\n가. 당반기말 및 전기말 현재 관계기업의 현황과 장부금액은 다음과 같습니다.\n(단위: 백만원)\n기업명\n지분율(%)\n소재지\n취득원가\n당반기말\n전기말\n효성티앤씨㈜\n20.32\n한국\n176,483\xa0\n186,437\xa0\n189,194\xa0\n효성중공업㈜\n32.47\n한국\n161,041\xa0\n411,525\xa0\n426,231\xa0\n효성첨단소재㈜\n21.2\n한국\n116,476\xa0\n96,000\xa0\n99,850\xa0\n효성화학㈜\n20.17\n한국\n97,688\xa0\n111,104\xa0\n114,367\xa0\n태백풍력발전㈜\n35\n한국\n5,334\xa0\n9,391\xa0\n10,099\xa0\n평창풍력발전㈜ (주1)\n42\n한국\n6,510\xa0\n8,334\xa0\n9,873\xa0\n효성인포메이션시스템㈜\n50\n한국\n24,860\xa0\n47,385\xa0\n47,195\xa0\n효성토요타㈜\n40\n한국\n800\xa0\n3,038\xa0\n3,117\xa0\n효성아이티엑스㈜\n34.99\n한국\n6,961\xa0\n16,649\xa0\n17,962\xa0\n순천에코그린㈜ (주2,3)\n29.5\n한국\n-\xa0\n-\xa0\n-\xa0\n㈜광주일보사\n49\n한국\n3,920\xa0\n2,344\xa0\n3,596\xa0\nPT. Papua Agro Lestari(주4)\n15\n인도네시아\n10,458\xa0\n9,326\xa0\n9,713\xa0\nPT. GELORA MANDIRI MEMBANGUN(GMM)(주4)\n15\n인도네시아\n4,687\xa0\n4,253\xa0\n4,174\xa0\n합\xa0\xa0 계\n615,218\xa0\n905,786\xa0\n935,371\xa0\n(주1) 당사는 평창풍력발전㈜의 차입금과 관련하여 당사가 보유하고 있는 평창풍력\xa0 \xa0 \xa0 \xa0 \xa0 발전㈜ 지분을 담보로 제공하고 있습니다(주석 29 참조).(주2) 당사는 순천에코그린㈜의 차입금과 관련하여 당사가 보유하고 있는 순천에코\xa0 \xa0 \xa0 \xa0 \xa0 그린㈜ 지분을 담보로 제공하고 있습니다(주석 29 참조).(주3) 지분법 손실 누적으로 관계기업투자의 장부가액이 영(""0"") 이하가 되어 지분법\xa0 \xa0 \xa0 \xa0 \xa0 적용을 중단하였습니다.(주4) 당사가 보유한 지분율이 20% 미만이나, 피투자자의 의사결정기구 참여 및 경\xa0 \xa0 \xa0 \xa0 \xa0 영진의 상호교류 등 유의적인 영향력을 보유하는 것이 입증되어 관계기업투자\xa0 \xa0 \xa0 \xa0\xa0 로 분류하였습니다.\n나. 당반기와 전반기의 관계기업에 대한 지분법 평가 내역은 다음과 같습니다.\xa0\n<당반기>\n(단위: 백만원)\n기업명\n당기초\n지분법손익\n기타포괄손익\n기타\n당반기말\n효성티앤씨㈜\n189,194\xa0\n(512)\n(422)\n(1,823)\n186,437\xa0\n효성중공업㈜\n426,231\xa0\n(14,642)\n226\xa0\n(290)\n411,525\xa0\n효성첨단소재㈜\n99,850\xa0\n(5,946)\n2,143\xa0\n(47)\n96,000\xa0\n효성화학㈜\n114,367\xa0\n(2,870)\n2,870\xa0\n(3,263)\n111,104\xa0\n태백풍력발전㈜\n10,099\xa0\n(463)\n-\xa0\n(245)\n9,391\xa0\n평창풍력발전㈜\xa0\n9,873\xa0\n(174)\n-\xa0\n(1,365)\n8,334\xa0\n효성인포메이션시스템㈜\n47,195\xa0\n2,689\xa0\n-\xa0\n(2,499)\n47,385\xa0\n효성토요타㈜\n3,117\xa0\n(91)\n-\xa0\n12\xa0\n3,038\xa0\n효성아이티엑스㈜\n17,962\xa0\n1,903\xa0\n(365)\n(2,851)\n16,649\xa0\n순천에코그린㈜\xa0\n-\xa0\n-\xa0\n-\xa0\xa0\n-\xa0\n-\xa0\n㈜광주일보사\n3,596\xa0\n(1,235)\n-\n(17)\n2,344\xa0\nPT. Papua Agro Lestari\n9,713\xa0\n(473)\n86\xa0\n-\xa0\n9,326\xa0\nPT. GELORA MANDIRI MEMBANGUN(GMM)\n4,174\xa0\n56\xa0\n23\xa0\n-\xa0\n4,253\xa0\n합\xa0 계\n935,371\xa0\n(21,758)\n4,561\xa0\n(12,388)\n905,786\xa0\n<전반기>\n(단위: 백만원)\n기업명\n전기초\n지분법손익\n기타포괄손익\n기타\n전반기말\n효성티앤씨㈜\n176,483\xa0\n10,267\xa0\n2,627\xa0\n(924)\n188,453\xa0\n효성중공업㈜\n434,371\xa0\n7,785\xa0\n321\xa0\n(548)\n441,929\xa0\n효성첨단소재㈜\n116,476\xa0\n3,897\xa0\n2,883\xa0\n(38)\n123,218\xa0\n효성화학㈜\n97,688\xa0\n8,018\xa0\n1,465\xa0\n(651)\n106,520\xa0\n태백풍력발전㈜\n7,932\xa0\n840\xa0\n-\xa0\n-\xa0\n8,772\xa0\n평창풍력발전㈜\xa0\n9,104\xa0\n21\xa0\n-\xa0\n-\xa0\n9,125\xa0\n효성인포메이션시스템㈜\n46,740\xa0\n2,130\xa0\n-\xa0\n(2,575)\n46,295\xa0\n효성토요타㈜\n2,357\xa0\n679\xa0\n-\xa0\n(2)\n3,034\xa0\n효성아이티엑스㈜\n16,660\xa0\n1,501\xa0\n1,862\xa0\n(2,101)\n17,922\xa0\n순천에코그린㈜\xa0\n-\xa0\n-\xa0\n-\xa0\n-\xa0\n-\xa0\n㈜광주일보사\n3,501\xa0\n46\xa0\n-\xa0\n(59)\n3,488\xa0\nPT. Papua Agro Lestari\n9,873\xa0\n(234)\n432\xa0\n-\xa0\n10,071\xa0\nPT. GELORA MANDIRI MEMBANGUN(GMM)\n4,141\xa0\n48\xa0\n48\xa0\n-\xa0\n4,237\xa0\n합\xa0\xa0 계\n925,326\xa0\n34,998\xa0\n9,638\xa0\n(6,898)\n963,064\xa0\n다. 당반기말 주요 관계기업의 요약 재무정보, 관계기업 투자의 장부금액으로의 조정 내역 및관계기업으로부터 수령한 배당금은 아래와 같습니다.\n(단위: 백만원)\n기업명\n유동자산\n비유동자산\n유동부채\n비유동부채\n수익\n반기순이익\n기타포괄 손익\n총포괄손익\n관계기업에서 수령한 배당금\xa0\n효성티앤씨㈜\n1,332,320\xa0\n1,694,432\xa0\n1,931,311\xa0\n521,537\xa0\n2,393,601\xa0\n6,753\xa0\n1,387\xa0\n8,140\xa0\n1,759\xa0\n효성중공업㈜\n1,836,546\xa0\n2,493,961\xa0\n2,236,590\xa0\n1,136,110\xa0\n1,488,924\xa0\n(32,436)\n(254)\n(32,690)\n-\xa0\n효성첨단소재㈜\n851,549\xa0\n1,604,723\xa0\n1,755,770\xa0\n332,292\xa0\n1,065,382\xa0\n(31,654)\n12,623\xa0\n(19,031)\n-\xa0\n효성화학㈜\n598,611\xa0\n1,869,938\xa0\n608,762\xa0\n1,418,870\xa0\n854,133\xa0\n(11,905)\n14,002\xa0\n2,097\xa0\n3,217\xa0\n태백풍력발전㈜\n820\xa0\n28,675\xa0\n236\xa0\n2,427\xa0\n3,067\xa0\n(1,323)\n-\xa0\n(1,323)\n245\xa0\n평창풍력발전㈜\n7,173\xa0\n66,429\xa0\n4,403\xa0\n49,357\xa0\n3,659\xa0\n(415)\n-\xa0\n(415)\n1,365\xa0\n효성인포메이션시스템㈜\n118,988\xa0\n20,880\xa0\n38,596\xa0\n6,503\xa0\n63,483\xa0\n5,377\xa0\n-\xa0\n5,377\xa0\n2,595\xa0\n효성토요타㈜\n10,698\xa0\n14,600\xa0\n8,204\xa0\n9,497\xa0\n23,129\xa0\n(227)\n-\xa0\n(227)\n-\xa0\n효성아이티엑스㈜\n96,094\xa0\n74,043\xa0\n93,652\xa0\n28,155\xa0\n222,260\xa0\n5,437\xa0\n434\xa0\n5,871\xa0\n2,831\xa0\n순천에코그린㈜\xa0\n500\xa0\n28,680\xa0\n2,880\xa0\n42,790\xa0\n1,655\xa0\n(4,852)\n-\xa0\n(4,852)\n-\xa0\n㈜광주일보사\n4,200\xa0\n16,880\xa0\n14,112\xa0\n2,184\xa0\n3,396\xa0\n(2,521)\n-\xa0\n(2,521)\n-\xa0\nPT. Papua Agro Lestari\n21,655\xa0\n43,512\xa0\n1,402\xa0\n22,868\xa0\n2,704\xa0\n(3,151)\n567\xa0\n(2,584)\n-\xa0\nPT. GELORA MANDIRI MEMBANGUN\n4,038\xa0\n79,250\xa0\n38,094\xa0\n39,641\xa0\n-\xa0\n378\xa0\n154\xa0\n532\xa0\n-\xa0\n라. 당반기말 현재 시장성 있는 관계기업투자의 공정가치는 다음과 같습니다.\n(단위: 백만원)\n종속기업명\n당반기말\n효성티앤씨㈜\n98,480\xa0\n효성중공업㈜\n87,503\xa0\n효성첨단소재㈜\n108,282\xa0\n효성화학㈜\n67,566\xa0\n효성아이티엑스㈜\n85,458\xa0\n14. 기타자산당반기말 및 전기말 현재 기타자산의 내역은 다음과 같습니다.\n(단위: 백만원)\n구\xa0\xa0 분\n당반기말\n전기말\n기타유동자산\n\xa0선급금\n9,132\xa0\n15,104\xa0\n\xa0선급비용\n3,216\xa0\n3,569\xa0\n소\xa0\xa0 계\n12,348\xa0\n18,673\xa0\n기타비유동자산\n\xa0장기선급비용\n68\xa0\n19\xa0\n\xa0기타의투자자산\n23,980\xa0\n23,980\xa0\n소\xa0\xa0 계\n24,048\xa0\n23,999\xa0\n합\xa0\xa0 계\n36,396\xa0\n42,672\xa0\n15. 특수관계자\n가. 당반기말\xa0현재\xa0당사의 특수관계자 현황은 다음과 같습니다.\xa0\n(1)\xa0종속기업\n지역\n회사명\n국내\n공덕경우개발㈜, 효성티앤에스㈜, 하나랜드칩사모부동산투자신탁 39호, 태안솔라팜㈜, 효성굿스프링스㈜,효성캐피탈㈜, 효성투자개발㈜, 효성트랜스월드㈜, ㈜에프엠케이 등\n미주지역\nHICO America Sales & Tech., Hyosung Holdings USA, Inc., Hyosung USA Inc. 등\n아시아지역\nPT. HYOSUNG JAKARTA 등\n유럽지역\nHyosung RUS. 등\n(2)\xa0관계기업\n지 역\n회사명\n국내\n효성중공업㈜, 효성티앤씨㈜, 효성첨단소재㈜, 효성화학㈜, 순천에코그린㈜, ㈜광주일보사,태백풍력발전㈜, 평창풍력발전㈜, 효성토요타㈜, 효성인포메이션시스템㈜, 효성아이티엑스㈜,패스파인더 청년창업투자조합\n아시아지역\nHyosung Vietnam Co., Ltd., Papua Agro Lestari, PT. GELORA MANDIRI MEMBANGUN\n유럽지역\nHyosung Istanbul TEKSTIL LTD.STI\n(3)\xa0기타(주1)\n지 역\n회사명\n국내\n갤럭시아코퍼레이션㈜, 갤럭시아디바이스㈜, 갤럭시아마이크로페이먼트㈜, 갤럭시아일렉트로닉스㈜,공덕개발㈜, 더클래스효성㈜, 더프리미엄효성㈜, 동륭실업㈜, ㈜신동진, ㈜아승오토모티브그룹,트리니티에셋메니지먼트㈜, 행복두드리미㈜, 효성프리미어모터스㈜, ㈜에이에스씨, ㈜가비, ㈜갤럭시아에스엠, 갤럭시아커뮤니케이션즈㈜, 신성자동차㈜, ㈜에브리쇼 등\n중국지역\nTianjin Galaxia Device Electronics., Co.Ltd., Huizhou Galaxia Device Electronics., Co. Ltd.,Qingdao Galaxia Device Electronics., Co.Ltd., Weihai newsolim Electronics., Co.Ltd.,Galaxia Electronics (China Huizhou) CO., Ltd., DNS Technology Co., Ltd., IB China, Ltd. 등\n아시아지역\nGalaxia Japan, Hyosung Singapore PTE Ltd. 등\n유럽지역\nHyosung Europe SRL 등\n(주1) 제1024호 특수관계자 범위에 포함되지 않으나 독점규제 및 공정거래법에 따른\xa0 \xa0 \xa0 \xa0 동일한 대규모기업집단 소속회사입니다.\n나. 당사와 특수관계자와의 주요 거래 내역당반기와 전반기 중 당사와 특수관계자와의 중요한 영업상의 거래 내역은 다음과 같습니다.\xa0\n<당반기>\n(단위: 백만원)\n구\xa0\xa0 분\n기업명\n매출 등(주1)\n배당\n매입 등(주1)\n유ㆍ무형자산취득\n종속기업\n하나랜드칩사모부동산투자신탁 39호\n-\xa0\n479\xa0\n290\xa0\n-\xa0\n효성트랜스월드㈜\n137\xa0\n4,000\xa0\n484\xa0\n2\xa0\nHyosung USA Inc.\n1,284\xa0\n-\xa0\n-\xa0\n-\xa0\n효성캐피탈㈜\n436\xa0\n26,520\xa0\n4\xa0\n-\xa0\n효성투자개발㈜\n-\xa0\n12,925\xa0\n-\xa0\n-\xa0\n효성티앤에스㈜\n2,093\xa0\n21,591\xa0\n4,126\xa0\n189\xa0\n기타\n710\xa0\n2,300\xa0\n6\xa0\n-\xa0\n소\xa0\xa0 계\n4,660\xa0\n67,815\xa0\n4,910\xa0\n191\xa0\n관계기업\n효성아이티엑스㈜\n769\xa0\n2,831\xa0\n862\xa0\n523\xa0\n효성중공업㈜\n20,645\xa0\n-\xa0\n46\xa0\n19\xa0\n효성첨단소재㈜\n11,654\xa0\n-\xa0\n3,509\xa0\n-\xa0\n효성화학㈜\n14,322\xa0\n3,217\xa0\n5\xa0\n-\xa0\n효성티앤씨㈜\n12,004\xa0\n1,759\xa0\n4,115\xa0\n-\xa0\n효성인포메이션시스템㈜\n185\xa0\n2,595\xa0\n699\xa0\n452\xa0\n기타\n287\xa0\n1,610\xa0\n104\xa0\n-\xa0\n소\xa0\xa0 계\n59,866\xa0\n12,012\xa0\n9,340\xa0\n994\xa0\n기타\nHyosung Japan Co., Ltd.\n3,043\xa0\n-\xa0\n-\xa0\n-\xa0\nHyosung International Trade(Jiaxing) Co., Ltd.\n14\xa0\n-\xa0\n-\xa0\n-\xa0\n공덕개발㈜\n-\xa0\n-\xa0\n32\xa0\n-\xa0\nHyosung Chemical Fiber (Jiaxing) Co., Ltd.\n48\xa0\n-\xa0\n-\xa0\n-\xa0\n갤럭시아커뮤니케이션즈㈜\n29\xa0\n-\xa0\n-\xa0\n-\xa0\n㈜갤럭시아에스엠\n6\xa0\n-\xa0\n672\xa0\n-\xa0\n기타\n1,388\xa0\n-\xa0\n77\xa0\n-\xa0\n소\xa0\xa0 계\n4,528\xa0\n-\xa0\n781\xa0\n-\xa0\n합\xa0\xa0 계\n69,054\xa0\n79,827\xa0\n15,031\xa0\n1,185\xa0\n(주1) 매출 등에는 매출,\xa0기타수익, 이자수익 등이, 매입 등에는 원재료 매입, 판관비,\xa0\xa0 \xa0 \xa0 \xa0 기타비용 등이 포함되어 있습니다.\n<전반기>\n(단위: 백만원)\n구\xa0\xa0 분\n기업명\n매출 등(주1)\n배당\n매입 등(주1)\n유ㆍ무형자산취득\n종속기업\n하나랜드칩사모부동산투자신탁 39호\n-\xa0\n491\xa0\n317\xa0\n-\xa0\n효성트랜스월드\n122\xa0\n3,600\xa0\n698\xa0\n3\xa0\nHyosung USA Inc.\n2,951\xa0\n-\xa0\n-\xa0\n-\xa0\n효성캐피탈\n482\xa0\n13,260\xa0\n76\xa0\n-\xa0\n효성투자개발(주)\n-\xa0\n11,750\xa0\n-\xa0\n-\xa0\n효성티앤에스\n2,157\xa0\n16,193\xa0\n4,042\xa0\n121\xa0\n기타\n979\xa0\n401\xa0\n367\xa0\n-\xa0\n소\xa0 \xa0\xa0 계\n6,691\xa0\n45,695\xa0\n5,500\xa0\n124\xa0\n관계기업\n효성아이티엑스㈜\n756\xa0\n2,179\xa0\n240\xa0\n990\xa0\n효성중공업㈜\n26,740\xa0\n-\xa0\n2\xa0\n-\xa0\n효성첨단소재㈜\n12,629\xa0\n-\xa0\n4,193\xa0\n-\xa0\n효성화학㈜\n15,146\xa0\n643\xa0\n5\xa0\n-\xa0\n효성티앤씨㈜\n14,058\xa0\n879\xa0\n7,078\xa0\n-\xa0\n효성인포메이션시스템㈜\n214\xa0\n2,595\xa0\n282\xa0\n-\xa0\n기타\n109\xa0\n-\xa0\n299\xa0\n-\xa0\n소\xa0 \xa0\xa0 계\n69,652\xa0\n6,296\xa0\n12,099\xa0\n990\xa0\n기타\nHyosung Japan Co., Ltd.\n3,595\xa0\n-\xa0\n-\xa0\n-\xa0\nHyosung International Trade(Jiaxing) Co., Ltd.\n13\xa0\n-\xa0\n119\xa0\n7\xa0\n공덕개발㈜\n-\xa0\n-\xa0\n274\xa0\n-\xa0\nHyosung Chemical Fiber (Jiaxing) Co., Ltd.\n41\xa0\n-\xa0\n311\xa0\n-\xa0\n갤럭시아커뮤니케이션즈㈜\n473\xa0\n-\xa0\n1\xa0\n-\xa0\n㈜갤럭시아에스엠\n-\xa0\n-\xa0\n725\xa0\n-\xa0\n기타\n651\xa0\n-\xa0\n73\xa0\n-\xa0\n소\xa0 \xa0\xa0 계\n4,773\xa0\n-\xa0\n1,503\xa0\n7\xa0\n합\xa0\xa0 계\n81,116\xa0\n51,991\xa0\n19,103\xa0\n1,121\xa0\n(주1) 매출 등에는 매출,\xa0기타수익, 이자수익 등이, 매입 등에는 원재료 매입, 판관비,\xa0\xa0 \xa0 \xa0 \xa0 기타비용 등이 포함되어 있습니다.\n다.\xa0당반기말 및 전기말 현재 특수관계자에 대한 채권ㆍ채무잔액은 다음과 같습니다.\n<당반기말>\n(단위: 백만원)\n구\xa0\xa0 분\n기업명\n\xa0매출채권\n\xa0기타채권\xa0등(주1)\n\xa0매입채무\xa0\n\xa0기타채무\xa0등(주1)\n종속기업\n하나랜드칩사모부동산투자신탁 39호\n-\xa0\n9,450\xa0\n-\xa0\n16,409\xa0\n효성티앤에스㈜\n360\xa0\n5,940\xa0\n-\xa0\n4,514\xa0\nHyosung USA Inc.\n-\xa0\n31\xa0\n-\xa0\n-\xa0\n효성캐피탈㈜\n64\xa0\n-\xa0\n-\xa0\n179\xa0\n공덕경우개발㈜\n-\xa0\n3,172\xa0\n3\xa0\n587\xa0\n기타\n175\xa0\n1\xa0\n42\xa0\n55\xa0\n소\xa0\xa0 계\n599\xa0\n18,594\xa0\n45\xa0\n21,744\xa0\n관계기업\n효성중공업㈜(주2)\n4,382\xa0\n11\xa0\n-\xa0\n7,867\xa0\n효성티앤씨㈜\n2,238\xa0\n27\xa0\n704\xa0\n303\xa0\n효성첨단소재㈜\n2,447\xa0\n37\xa0\n704\xa0\n2,021\xa0\n효성화학㈜\n2,642\xa0\n3\xa0\n1\xa0\n54\xa0\n㈜광주일보사\n-\xa0\n-\xa0\n-\xa0\n233\xa0\n기타\n268\xa0\n-\xa0\n-\xa0\n870\xa0\n소\xa0\xa0 계\n11,977\xa0\n78\xa0\n1,409\xa0\n11,348\xa0\n기타\nHyosung Japan Co., Ltd.\n298\xa0\n-\xa0\n-\xa0\n290\xa0\nHyosung International Trade(Jiaxing) Co., Ltd.\n7\xa0\n-\xa0\n-\xa0\n-\xa0\n공덕개발㈜\n-\xa0\n504\xa0\n-\xa0\n722\xa0\nHyosung Chemical Fiber (Jiaxing) Co., Ltd.\n24\xa0\n-\xa0\n-\xa0\n-\xa0\n갤럭시아커뮤니케이션즈㈜\n-\xa0\n1,676\xa0\n-\xa0\n676\xa0\n㈜갤럭시아에스엠\n27\xa0\n306\xa0\n123\xa0\n-\xa0\n기타\n533\xa0\n388\xa0\n2\xa0\n637\xa0\n소\xa0\xa0 계\n889\xa0\n2,874\xa0\n125\xa0\n2,325\xa0\n합\xa0\xa0 계\n13,465\xa0\n21,546\xa0\n1,579\xa0\n35,417\xa0\n(주1) 기타채권에는 미수금, 대여금,\xa0미수수익, 선급금 등이 포함되어 있으며, 기타채\xa0 \xa0 \xa0 \xa0 무에는 미지급금,\xa0예수보증금\xa0등이 포함되어 있습니다.(주2) 당사는 효성중공업㈜에 대한 회원권 21,600백만원을 무형자산으로 인식하고\xa0 \xa0 \xa0 \xa0 \xa0\xa0 있습니다.\n<전기말>\n(단위: 백만원)\n구\xa0\xa0 분\n기업명\n\xa0매출채권\n\xa0기타채권\xa0등(주1)\n\xa0매입채무\xa0\n\xa0기타채무\xa0등(주1)\n종속기업\n하나랜드칩사모부동산투자신탁 39호\n-\xa0\n9,450\xa0\n-\xa0\n14,692\xa0\n효성티앤에스㈜\n342\xa0\n9,011\xa0\n-\xa0\n4,455\xa0\nHyosung USA Inc.\n549\xa0\n180\xa0\n-\xa0\n120\xa0\n효성캐피탈㈜\n75\xa0\n-\xa0\n-\xa0\n12\xa0\n공덕경우개발㈜\n-\xa0\n30,320\xa0\n89\xa0\n978\xa0\n기타\n314\xa0\n240\xa0\n96\xa0\n337\xa0\n소\xa0\xa0 계\n1,280\xa0\n49,201\xa0\n185\xa0\n20,594\xa0\n\xa0관계기업\n효성중공업㈜(주2)\n10,028\xa0\n13\xa0\n-\xa0\n11,498\xa0\n효성티앤씨㈜\n1,425\xa0\n55\xa0\n756\xa0\n401\xa0\n효성첨단소재㈜\n2,468\xa0\n8\xa0\n939\xa0\n1,596\xa0\n효성화학㈜\n2,619\xa0\n40\xa0\n1\xa0\n55\xa0\n㈜광주일보사\n-\xa0\n7,963\xa0\n-\xa0\n55\xa0\n기타\n208\xa0\n2,625\xa0\n2\xa0\n1,708\xa0\n소\xa0\xa0 계\n16,748\xa0\n10,704\xa0\n1,698\xa0\n15,313\xa0\n\xa0기타\nHyosung Japan Co., Ltd.\n471\xa0\n-\xa0\n-\xa0\n31\xa0\nHyosung International Trade(Jiaxing) Co., Ltd.\n7\xa0\n23\xa0\n-\xa0\n-\xa0\n공덕개발㈜\n-\xa0\n513\xa0\n-\xa0\n1,229\xa0\nHyosung Chemical Fiber (Jiaxing) Co., Ltd.\n21\xa0\n-\xa0\n-\xa0\n-\xa0\n갤럭시아커뮤니케이션즈㈜\n-\xa0\n-\xa0\n-\xa0\n660\xa0\n㈜갤럭시아에스엠\n41\xa0\n-\xa0\n123\xa0\n-\xa0\n기타\n150\xa0\n193\xa0\n4\xa0\n69\xa0\n소\xa0\xa0 계\n690\xa0\n729\xa0\n127\xa0\n1,989\xa0\n합\xa0\xa0 계\n18,718\xa0\n60,634\xa0\n2,010\xa0\n37,897\xa0\n(주1) 기타채권에는 미수금, 대여금, 미수수익 등이 포함되어 있으며, 기타채무에는\xa0 \xa0 \xa0 \xa0 \xa0 미지급금, 예수보증금 등이 포함되어 있습니다.(주2) 당사는 효성중공업㈜에 대한 회원권 21,600백만원을 무형자산으로 인식하고\xa0 \xa0 \xa0 \xa0 \xa0\xa0 있습니다.\n라.\xa0당반기와\xa0전반기\xa0중 특수관계자와의 자금거래는 다음과 같습니다.\n<당반기>\n(단위: 백만원)\n구\xa0\xa0 분\n기업명\n기초금액\n회수\n외화평가\n반기말\n종속기업\n공덕경우개발㈜\n20,361\xa0\n(18,000)\n-\xa0\n2,361\xa0\n관계기업\nPT. GELORA MANDIRI MEMBANGUN\n2,560\xa0\n-\xa0\n95\xa0\n2,655\xa0\n㈜광주일보사\n7,853\xa0\n-\xa0\n-\xa0\n7,853\xa0\n<전반기>\n(단위: 백만원)\n구\xa0\xa0 분\n기업명\n기초금액\n회수\n외화평가\n반기말\n종속기업\n공덕경우개발㈜\n20,361\xa0\n-\xa0\n-\xa0\n20,361\xa0\n관계기업\nPT. GELORA MANDIRI MEMBANGUN\n4,945\xa0\n-\xa0\n171\xa0\n5,116\xa0\n㈜광주일보사\n7,149\xa0\n-\xa0\n-\xa0\n7,149\xa0\n마. 당반기와 전반기중 당사가 주요 경영진(등기임원) 보상을 위해 비용으로 계상한 금액은 다음과 같습니다.\xa0\n(단위: 백만원)\n구\xa0\xa0 분\n당반기\n전반기\n단기급여\n2,891\xa0\n2,860\xa0\n퇴직급여\n459\xa0\n307\xa0\n\xa0합\xa0\xa0 계\n3,350\xa0\n3,167\xa0\n바. 특수관계자에 제공한 지급보증내역은 주석 29에 기술되어 있습니다.\n16. 매입채무및기타채무\n가.\xa0당반기말과 전기말 현재 매입채무및기타채무의 내역은 다음과 같습니다.\xa0\n(단위: 백만원)\n구\xa0\xa0 분\n당반기말\n전기말\n매입채무\n4,862\xa0\n7,851\xa0\n기타채무\n38,406\xa0\n53,073\xa0\n소\xa0\xa0 계\n43,268\xa0\n60,924\xa0\n장기기타채무\n13,700\xa0\n10,386\xa0\n합\xa0\xa0 계\n56,968\xa0\n71,310\xa0\n나. 당반기말 및 전기말 현재 기타채무의 장부금액은 다음과 같습니다\n(단위: 백만원)\n구\xa0\xa0 분\n당반기말\n전기말\n기타채무\n\xa0미지급금\n24,043\xa0\n27,096\xa0\n\xa0미지급비용\n7,412\xa0\n6,945\xa0\n\xa0예수금\n5,409\xa0\n15,284\xa0\n\xa0예수보증금\n1,542\xa0\n3,748\xa0\n소 계\n38,406\xa0\n53,073\xa0\n장기기타채무\n\xa0미지급금\n3,013\xa0\n2,359\xa0\n\xa0미지급비용\n421\xa0\n398\xa0\n\xa0예수보증금\n10,266\xa0\n7,629\xa0\n소 계\n13,700\xa0\n10,386\xa0\n합 계\n52,106\xa0\n63,459\xa0\n17. 차입금당반기말 및 전기말 현재 차입금의 내역은 다음과 같습니다.\n(단위: 백만원)\n구\xa0\xa0 분\n만기일\n연이자율(%)\n당반기말\n전기말\n우리은행\n2020-11-09\n1.99%\n15,500\xa0\n7,000\xa0\n국민은행\n2020-12-27\n2.71%\n20,000\xa0\n7,900\xa0\n하나은행\n-\n-\n-\xa0\n4,000\xa0\n농협은행\n2021-03-26\n2.76%\n30,000\xa0\n-\xa0\n산업은행\n2021-05-07\n2.30%\n20,000\xa0\n-\xa0\n한국에너지공단\n2027-06-15\n0.75%\n966\xa0\n1,036\xa0\n수출채권매각\n-\n-\n291\xa0\n470\xa0\nCP발행\n-\n-\n-\xa0\n15,000\xa0\n합\xa0\xa0 계\n86,757\xa0\n35,406\xa0\n당사는 외화매출채권을 금융기관 등에 매각하였으며, 이 중 매출거래처의 부도가 발생하는 경우 당사가 은행에 해당 금액을 지급할 의무를 가지는 소구권이 있는 거래에대해서는 담보부차입으로 회계처리하였습니다(주석 29 참조).\n18. 기타부채당반기말 및 전기말 현재 기타부채의 내역은 다음과 같습니다.\n(단위: 백만원)\n구\xa0\xa0 분\n당반기말\n전기말\n기타유동부채\n\xa0선수금\n10,512\xa0\n18,205\xa0\n\xa0선수수익\n46\xa0\n49\xa0\n소\xa0\xa0 계\n10,558\xa0\n18,254\xa0\n기타비유동부채\n\xa0장기선수수익\n467\xa0\n429\xa0\n합\xa0\xa0 계\n11,025\xa0\n18,683\xa0\n19. 자본금가. 당사가 발행할 주식의 총수는 200,000천주이고, 발행한 주식수는 보통주식 21,071,025주이며, 액면금액은 5,000원입니다. \n나. 당반기말 및 전기말 현재 이익잉여금의 내역은 다음과 같습니다.\n(단위: 백만원)\n구\xa0\xa0 분\n내 용\n당반기말\n전기말\n법정적립금\n이익준비금(주1)\n75,670\xa0\n75,670\xa0\n임의적립금\n시설적립금\n5,597,000\xa0\n5,647,000\xa0\n미처분이익잉여금\n655,123\xa0\n701,220\xa0\n합\xa0\xa0 계\n6,327,793\xa0\n6,423,890\xa0\n(주1) 당사는 상법의 규정에 따라, 자본금의 50%에 달할때까지 매 결산기마다 현금\xa0 \xa0 \xa0 \xa0 \xa0 에 의한 이익배당금의 10% 이상을 이익준비금으로 적립하고 있습니다. 동 이\xa0 \xa0 \xa0 \xa0 \xa0 익준비금은 현금으로 배당할 수 없으나 자본전입 또는 결손보전이 가능하며,\xa0 \xa0 \xa0 \xa0 \xa0\xa0 자본준비금과 이익준비금의 총액이 자본금의 1.5배를 초과하는 경우 (주주총회\xa0 \xa0 \xa0 \xa0 의 결의에 따라) 그 초과한 금액 범위에서 자본준비금과 이익준비금을 감액할\xa0 \xa0 \xa0 \xa0 \xa0 수 있습니다.\n다. 당반기말 및 전기말 현재 기타자본구성요소의 내역은 다음과 같습니다.\n(단위: 백만원)\n구\xa0\xa0 분\n당반기말\n전기말\n기타자본잉여금\n250,410\xa0\n250,410\xa0\n자기주식\n(42,119)\n(14,223)\n기타포괄손익-공정가치측정지분상품 평가손익\n(120,474)\n(119,199)\n자기주식처분이익\n183,913\xa0\n183,913\xa0\n지분법자본변동\n32,745\xa0\n16,496\xa0\n감자차손(주1)\n(4,816,959)\n(4,816,959)\n합\xa0\xa0 계\n(4,512,484)\n(4,499,562)\n(주1) 인적분할에 따라 주주에게 분배하여야 할 비현금자산의 장부금액과 공정가치\xa0 \xa0 \xa0 \xa0 \xa0 와의 차이를 중단영업처분이익으로 인식하면서 기타불입자본이 감소한 금액이\xa0 \xa0 \xa0 \xa0 포함되어 있습니다.\n20. 매출액당반기와 전반기 중 발생한 매출액의 내역은 다음과 같습니다.\n(단위: 백만원)\n구\xa0\xa0 분\n당반기\n전반기\n3개월\n누적\n3개월\n누적\n상품매출\n-\xa0\n-\xa0\n(1,840)\n33,206\xa0\n제품매출\n21,187\xa0\n41,926\xa0\n23,441\xa0\n46,475\xa0\n용역매출\n17,846\xa0\n34,973\xa0\n20,491\xa0\n38,032\xa0\n지분법이익\n19,237\xa0\n6,652\xa0\n67,142\xa0\n87,224\xa0\n기타\n16,638\xa0\n31,199\xa0\n16,409\xa0\n35,562\xa0\n합\xa0\xa0 계\n74,908\xa0\n114,750\xa0\n125,643\xa0\n240,499\xa0\n21. 고객과의 계약에서 생기는 수익가. 당반기와 전반기 중 고객과의 계약에서 생기는 수익은 다음과 같이 구분됩니다.\n<당반기>\n(단위: 백만원)\n구\xa0\xa0 분\n인테리어\n지주사업부\n합\xa0\xa0 계\n1.\xa0재화 또는 용역의 유형:\n\xa0 \xa0 용역매출\n-\xa0\n34,973\xa0\n34,973\xa0\n\xa0 \xa0 제품매출\n41,926\xa0\n-\xa0\n41,926\xa0\n\xa0 \xa0 기타매출\n402\xa0\n27,137\xa0\n27,539\xa0\n소\xa0\xa0 계\n42,328\xa0\n62,110\xa0\n104,438\xa0\n2. 지리적 시장:\n\xa0 \xa0 국내\n37,278\xa0\n61,399\xa0\n98,677\xa0\n\xa0 \xa0 해외\n5,050\xa0\n711\xa0\n5,761\xa0\n소\xa0\xa0 계\n42,328\xa0\n62,110\xa0\n104,438\xa0\n3. 수익 인식시기:\n\xa0 \xa0 한시점에 인식\n42,328\xa0\n28,829\xa0\n71,157\xa0\n\xa0 \xa0 기간에 걸쳐 인식\n-\xa0\n33,281\xa0\n33,281\xa0\n소\xa0\xa0 계\n42,328\xa0\n62,110\xa0\n104,438\xa0\n(주1) 매출액 중 기업회계기준서 제1115호 적용범위에 포함되지 않는 지분법이익\xa0 \xa0 \xa0 \xa0 6,652백만원과 운용리스수익 3,659백만원은 제외하였습니다.\n<전반기>\n(단위: 백만원)\n구\xa0\xa0 분\n인테리어\n지주사업부\n합\xa0\xa0 계\n1.\xa0재화 또는 용역의 유형:\n\xa0 \xa0 용역매출\n-\xa0\n38,032\xa0\n38,032\xa0\n\xa0 \xa0 제품매출\n46,475\xa0\n-\xa0\n46,475\xa0\n\xa0 \xa0 상품매출\n-\xa0\n33,206\xa0\n33,206\xa0\n\xa0 \xa0 기타매출\n39\xa0\n33,701\xa0\n33,740\xa0\n소\xa0\xa0 계\n46,514\xa0\n104,939\xa0\n151,453\xa0\n2. 지리적 시장:\n\xa0 \xa0 국내\n39,074\xa0\n71,457\xa0\n110,531\xa0\n\xa0 \xa0 해외\n7,440\xa0\n33,482\xa0\n40,922\xa0\n소\xa0\xa0 계\n46,514\xa0\n104,939\xa0\n151,453\xa0\n3. 수익 인식시기:\n\xa0 \xa0 한시점에 인식\n46,514\xa0\n69,359\xa0\n115,873\xa0\n\xa0 \xa0 기간에 걸쳐 인식\n-\xa0\n35,580\xa0\n35,580\xa0\n소\xa0\xa0 계\n46,514\xa0\n104,939\xa0\n151,453\xa0\n(주1) 매출액 중 기업회계기준서 제1115호 적용범위에 포함되지 않는 지분법이익 \xa0 \xa0 \xa0 \xa0 87,224백만원과 운용리스수익 906백만원은 제외하였습니다.\n나. 주요 고객에 대한 정보당반기 중 단일 외부고객으로부터의 매출액이 당사 전체 매출액의 10%를 상회하는 고객은 ""A""사(社)입니다. ""A""사(社)의 당반기 매출액은 각각 17,133백만원(전반기: 17,906백만원) 입니다.\n22. 판매비와관리비당반기와 전반기의 판매비와관리비 내역은 다음과 같습니다.\n(단위: 백만원)\n구\xa0\xa0 분\n당반기\n전반기\n3개월\n누적\n3개월\n누적\n급여\n5,390\xa0\n10,769\xa0\n4,751\xa0\n9,427\xa0\n상여금\n814\xa0\n1,643\xa0\n823\xa0\n1,776\xa0\n퇴직급여\n552\xa0\n1,105\xa0\n419\xa0\n848\xa0\n복리후생비\n379\xa0\n513\xa0\n472\xa0\n780\xa0\n여비교통비\n49\xa0\n423\xa0\n244\xa0\n666\xa0\n차량비\n83\xa0\n184\xa0\n129\xa0\n240\xa0\n통신비\n53\xa0\n117\xa0\n65\xa0\n127\xa0\n도서인쇄비\n96\xa0\n215\xa0\n146\xa0\n270\xa0\n세금과공과\n1,368\xa0\n1,717\xa0\n1,122\xa0\n1,510\xa0\n임차료\n108\xa0\n196\xa0\n305\xa0\n780\xa0\n감가상각비\n951\xa0\n1,905\xa0\n689\xa0\n1,136\xa0\n무형자산상각비\n64\xa0\n131\xa0\n103\xa0\n210\xa0\n대손상각비\n-\xa0\n-\xa0\n(23)\n(3)\n수선비\n58\xa0\n93\xa0\n60\xa0\n109\xa0\n소모품비\n(91)\n110\xa0\n71\xa0\n89\xa0\n견본비\n54\xa0\n114\xa0\n86\xa0\n171\xa0\n지급수수료\n2,410\xa0\n4,471\xa0\n2,856\xa0\n4,506\xa0\n접대비\n649\xa0\n1,288\xa0\n653\xa0\n1,219\xa0\n회의비\n131\xa0\n276\xa0\n147\xa0\n302\xa0\n판매촉진비\n118\xa0\n237\xa0\n139\xa0\n291\xa0\n기타\n112\xa0\n234\xa0\n616\xa0\n1,424\xa0\n합\xa0\xa0 계\n13,348\xa0\n25,741\xa0\n13,873\xa0\n25,878\xa0\n23. 비용의 성격별 분류당반기와 전반기 중 발생한 매출원가, 판매비와관리비의 성격별 분류는 다음과 같습니다.\n(단위: 백만원)\n구\xa0\xa0 분\n당반기\n전반기\n3개월\n누적\n3개월\n누적\n제품 및 재공품 등의 변동\n1,102\xa0\n1,239\xa0\n(169)\n(189)\n상품의 변동\n-\xa0\n-\xa0\n1,083\xa0\n31,852\xa0\n원재료 및 소모품 등의 사용\n8,271\xa0\n16,106\xa0\n9,520\xa0\n18,980\xa0\n종업원급여\n15,132\xa0\n29,516\xa0\n15,028\xa0\n28,402\xa0\n퇴직급여\n1,411\xa0\n2,769\xa0\n1,258\xa0\n2,450\xa0\n복리후생비\n1,141\xa0\n2,103\xa0\n1,151\xa0\n2,258\xa0\n감가상각 및 무형자산상각\n4,701\xa0\n9,524\xa0\n4,799\xa0\n9,234\xa0\n전력비\n2,002\xa0\n3,820\xa0\n2,141\xa0\n4,038\xa0\n수출비\n104\xa0\n321\xa0\n253\xa0\n1,037\xa0\n연료비\n222\xa0\n490\xa0\n241\xa0\n554\xa0\n용역비\n3,058\xa0\n5,449\xa0\n3,800\xa0\n6,650\xa0\n외주가공비\n4,698\xa0\n9,051\xa0\n4,946\xa0\n9,716\xa0\n지급수수료\n10,143\xa0\n12,972\xa0\n10,309\xa0\n12,820\xa0\n광고선전비\n6,320\xa0\n11,958\xa0\n6,258\xa0\n12,427\xa0\n기타비용\n1,299\xa0\n10,672\xa0\n1,265\xa0\n15,648\xa0\n합\xa0\xa0 계(주1)\n59,604\xa0\n115,990\xa0\n61,883\xa0\n155,877\xa0\n(주1) 손익계산서상의 매출원가, 판매비와관리비를 합한 금액입니다.\n24. 기타수익 및 기타비용당반기와 전반기 중 발생한 기타손익의 상세내역은 다음과 같습니다.\n(단위: 백만원)\n구\xa0\xa0 분\n당반기\n전반기\n3개월\n누적\n3개월\n누적\n기타수익\n\xa0임대료수익\n\xa0 \xa0 \xa0 \xa0 \xa0 \xa0 50\xa0\n99\xa0\n55\xa0\n108\xa0\n\xa0유형자산처분이익\n-\xa0\n-\xa0\n19\xa0\n19\xa0\n\xa0사용권자산처분이익\n\xa0 \xa0 \xa0 \xa0 \xa0 \xa0 \xa0 \xa0\xa0 -\xa0\n3\xa0\n12\xa0\n12\xa0\n\xa0잡이익 등\n\xa0 \xa0 \xa0 \xa0 \xa0\xa0 645\xa0\n\xa0 \xa0 \xa0 \xa0 \xa0 \xa0 6,079\xa0\n840\xa0\n1,312\xa0\n소\xa0\xa0 계\n\xa0 \xa0 \xa0 \xa0 \xa0 \xa0 \xa0 695\xa0\n\xa0 \xa0 \xa0 \xa0 \xa0 \xa0 6,181\xa0\n\xa0 \xa0 \xa0 \xa0 \xa0 \xa0 \xa0 926\xa0\n\xa0 \xa0 \xa0 \xa0 \xa0 \xa0 1,451\xa0\n기타비용\n\xa0유형자산처분손실\n-\xa0\n-\xa0\n525\xa0\n525\xa0\n\xa0기부금\n160\xa0\n326\xa0\n92\xa0\n147\xa0\n\xa0사용권자산처분손실\n35\xa0\n35\xa0\n-\xa0\n-\xa0\n\xa0잡손실\n5\xa0\n214\xa0\n113\xa0\n269\xa0\n소\xa0\xa0 계\n200\xa0\n575\xa0\n730\xa0\n941\xa0\n순기타수익\n495\xa0\n5,606\xa0\n196\xa0\n510\xa0\n25.\xa0금융수익 및 금융비용당반기와 전반기\xa0중 발생한 금융손익의 내역은 다음과 같습니다.\n(단위: 백만원)\n구 분\n당반기\n전반기\n3개월\n누적\n3개월\n누적\n금융수익\n\xa0이자수익\n464\xa0\n1,033\xa0\n719\xa0\n1,472\xa0\n\xa0외환차익\n55\xa0\n228\xa0\n252\xa0\n434\xa0\n\xa0외화환산이익\n94\xa0\n470\xa0\n143\xa0\n305\xa0\n\xa0금융상품처분이익\n2\xa0\n2\xa0\n20\xa0\n20\xa0\n\xa0파생상품평가이익\n-\xa0\n-\xa0\n(11)\n27\xa0\n\xa0파생상품거래이익\n-\xa0\n-\xa0\n480\xa0\n544\xa0\n소\xa0\xa0 계\n615\xa0\n1,733\xa0\n1,603\xa0\n2,802\xa0\n금융비용\n\xa0이자비용\n803\xa0\n1,306\xa0\n588\xa0\n877\xa0\n\xa0외환차손\n83\xa0\n221\xa0\n587\xa0\n822\xa0\n\xa0외화환산손실\n129\xa0\n378\xa0\n94\xa0\n196\xa0\n\xa0금융자산처분손실\n-\xa0\n-\xa0\n333\xa0\n333\xa0\n\xa0금융자산평가손실\n-\xa0\n-\xa0\n-\xa0\n2,099\xa0\n\xa0파생상품거래손실\n-\xa0\n-\xa0\n-\xa0\n57\xa0\n\xa0기타\n7\xa0\n21\xa0\n116\xa0\n144\xa0\n소\xa0\xa0 계\n1,022\xa0\n1,926\xa0\n1,718\xa0\n4,528\xa0\n순금융비용\n(407)\n(193)\n(115)\n(1,726)\n26. 법인세수익중간기간의 법인세수익은 기대총연간이익에 적용될 수 있는 법인세율을 중간기간의 세전이익에 예상되는 세무조정사항을 추정하여 산출하였습니다. 이에 따라 추정된 당반기 법인세수익은 2,638백만원이며, 전반기 법인세수익은 1,966백만원 입니다.\n27. 영업으로부터 창출된 현금가. 당반기와 전반기\xa0중\xa0비현금항목 조정의 주요 내용은 다음과 같습니다.\n(단위: 백만원)\n구\xa0\xa0 분\n당반기\n전반기\n\xa0 법인세비용\n(2,639)\n(1,966)\n\xa0 이자수익\n(1,033)\n(1,472)\n\xa0 이자비용\n1,306\xa0\n877\xa0\n\xa0 외화환산이익\n(470)\n(305)\n\xa0 외화환산손실\n378\xa0\n196\xa0\n\xa0 파생상품평가이익\n-\xa0\n(27)\n\xa0 유형자산상각비\n8,056\xa0\n7,909\xa0\n\xa0 무형자산상각비\n1,185\xa0\n1,312\xa0\n\xa0 투자부동산상각비\n282\xa0\n13\xa0\n\xa0 유형자산처분이익\n(3)\n(31)\n\xa0 유형자산처분손실\n35\xa0\n525\xa0\n\xa0 대손상각비 및 기타의대손상각비\n-\xa0\n(3)\n\xa0 재고자산평가손실환입\n(121)\n-\xa0\n\xa0 금융자산처분이익\n(2)\n(21)\n\xa0 금융자산처분손실\n-\xa0\n333\xa0\n\xa0\xa0금융자산평가손실\n-\xa0\n2,099\xa0\n\xa0 퇴직급여\n2,588\xa0\n2,483\xa0\n\xa0 매출채권처분손실\n20\xa0\n61\xa0\n\xa0 지분법이익\n(6,652)\n(87,224)\n\xa0 기타\n345\xa0\n(1,422)\n합\xa0\xa0 계\n3,275\xa0\n(76,663)\n나. 당반기와 전반기 중 운전자본 조정의 주요 내용은 다음과 같습니다.\n(단위: 백만원)\n구\xa0\xa0 분\n당반기\n전반기\n\xa0 매출채권\n286\xa0\n2,833\xa0\n\xa0 재고자산\n1,513\xa0\n9,654\xa0\n\xa0 기타채권\n6,568\xa0\n8,436\xa0\n\xa0 미청구공사\n(9)\n(8)\n\xa0 기타자산\n6,337\xa0\n(13,479)\n\xa0 매입채무\n(2,991)\n(19,412)\n\xa0 기타채무\n(17,555)\n16,387\xa0\n\xa0 초과청구공사\n78\xa0\n(1)\n\xa0 기타금융부채\n-\xa0\n(120)\n\xa0 사외적립자산의 납입\n(500)\n(1,700)\n\xa0 퇴직금의 지급\n(190)\n(569)\n합\xa0\xa0 계\n(6,463)\n2,021\xa0\n다. 당반기와 전반기 중 당사의 현금 유입과 유출이 없는 주요 거래내용은 다음과 같습니다.\n(단위: 백만원)\n구\xa0\xa0 분\n당반기\n전반기\n건설중인자산 본계정대체\n3,457\xa0\n3,694\xa0\n리스부채 증가에 따른 사용권자산 증가\n7,895\xa0\n13,626\xa0\n사용권자산의 리스채권 대체\n7,496\xa0\n30,989\xa0\n리스채권의 유동성 대체\n(2,904)\n11,028\xa0\n리스부채의 유동성 대체\n2,170\xa0\n11,395\xa0\n28. 배당금2019년 12월 31일로 종료하는 회계기간에 대한 배당금 101,654백만원은 2020년 3월에 지급되었습니다(전기 지급액: 101,654백만원).\n29. 우발상황과 약정사항\xa0\n가. 견질로 제공된 어음 등\n당반기말 현재 당사의 차입금 및 거래약정과 관련하여 수표 3매를 발주처 등에 견질로 제공하고 있습니다.\n나. 차입약정 등\xa0\n당반기말 현재 당사는 금융기관과 매출채권 및 무역어음할인과 수입신용장지급보증및 일반대출 등의 약정(한도: 156,004백만원)을 체결하고 있으며, 또한 판매기업 외담대약정(한도: 55,500백만원)을 체결하고 있습니다.\n다. 타인을 위한 지급보증 등\xa0당사는 당사의 종속기업인 공덕경우개발㈜에 대하여 190,000백만원의 자금보충의무를 제공하고 있습니다.당사는\xa0당사의 종속기업인 HYOSUNG Holdings USA, INC.를 위해 USD 122,000천의 지급보증을 제공하고 있습니다.\xa0당사는 당사의 종속기업인 HYOSUNG Holdings USA, INC.의 자회사인 HYOSUNG USA, INC.를 위해 USD 41,000천의 지급보증을 제공하고 있습니다.\n당사는 당사의 종속기업인 HYOSUNG Holdings USA, INC.의 자회사인 HICO America Sales & Tech.를 위해 USD 8,000천의 지급보증을 제공하고 있습니다.당사는 당사의 관계기업인 Hyosung Istanbul TEKSTIL LTD.STI의 자회사인 Hyosung DongNai Co., Ltd.를 위해 USD 491,900천의 지급보증을 제공하고 있습니다. 또한 당사는 종속기업인 하나대체투자랜드칩사모부동산투자신탁39호의 당반기말 차입금 150,000백만원(전기말: 150,000백만원)과 관련하여 대출원리금 상환자금이 부족할 경우 서울시 강남구 소재 특정부동산을 공정가액으로 매입하는 약정을 한화생명보험 주식회사 외 2개 금융기관과 체결하고 있습니다.\n한편, 당사는 당반기말 현재 상법 제530조의9 제1항의 규정에 의하여 분할신설법인인 효성티앤씨㈜, 효성중공업㈜, 효성첨단소재㈜, 효성화학㈜의 분할기일의 채무 중 잔여채무에 대하여 연대하여 변제할 책임이 있습니다. 또한 분할기일 이전에 발생한 지급보증이나 자금보충약정 및 조건부 채무인수약정, 책임준공 등에 대해서 분할신설회사와 연대하여 책임이 있습니다.\n라. 타인으로부터 제공받은 지급보증\xa0당반기말 현재 당사가 타인으로부터 제공받은 지급보증의 내역은 다음과 같습니다.\n(단위: 백만원)\n지급보증제공자\n보증금액\n보증내역\n서울보증보험\n25,626\xa0\n납품계약에 따른 하자보증금 등\n건설공제조합\n6,488\xa0\n계약이행보증 등\n마. 담보제공자산(1) 당반기말 현재 당사의 채무 등을 위하여 담보로 제공된 내역은 다음과 같습니다.\n(단위: 백만원)\n담보제공자산\n장부금액\n관련차입금\n채권최고액\n담보권자\n기타금융자산\n6,003\xa0\n119,000\xa0\n6,003\xa0\n자본재공제조합\n매출채권\n291\xa0\n291\xa0\n291\xa0\n우리은행\n합\xa0\xa0 계\n6,294\xa0\n119,291\xa0\n6,294\xa0\n\u3000\n당사의 유형자산 중 일부는 분할 전 당사의 차입금과 관련하여 담보로 제공(담보설정액 : 446,225백만원)되어 있으며 해당 차입금은 분할신설회사로 이관되었습니다.\n(2) 당반기말 현재 당사는 당사가 보유하고 있는 평창풍력발전㈜ 주식 1,302,000주를 평창풍력발전㈜의 차입금 50,031백만원과 관련하여 담보로 제공하고 있으며, 당사가 보유하고 있는 순천에코그린㈜ 주식\xa0449,521주를 순천에코그린㈜의 차입금 33,293백만원과 관련하여 담보로 제공하였습니다.\n바. 계류중인 소송사건당반기말 현재 당사를 대상으로 제기된 소송 및 당사가 제소한 소송의 내역은 다음과같습니다.\n(단위: 백만원)\n구\xa0\xa0 분\n건수\n소송가액\n내역\n원고사건\n5\n17,164\xa0\n법인세부과 처분취소 행정소송 등\n피고사건\n4\n19,393\xa0\n손해배상청구소송 등\n상기의 소송사건의 최종결과는 당반기말 현재 예측될 수 없으며, 이에 따라 당사의 재무제표는 이러한 불확실성으로 인하여 발생가능한 조정사항을 반영하고 있지 않습니다.또한, 상기 소송 중 당반기말 현재 분할신설회사의 사업과 관련하여 ㈜효성에 제기된소송은\xa04건(소송가액: 24,026백만원)입니다.30. COVID19COVID19의 확산을 차단하기 위하여 전세계적으로 이동 제한을 포함한 다양한 예방및 통제가 시행되고 있으며, 그 결과 전세계 경제가 광범위한 영향을 받고 있습니다. 또한,\xa0COVID19에 대처하기\xa0위한 다양한 형태의\xa0정부지원정책이 발표되고 있습니다.\n당사의 영업은 자회사와 관계기업의 성과에 의존하고 있습니다. COVID19의 영향과정부지원정책이 향후 당사의 변동대가의 추정치, 매출채권의 회수가능성, 재고자산 및 유무형자산의 손상, 충당부채의 인식 등에 미칠 영향을 보고기간말 현재 합리적으로 추정할 수 없었으며 이로 인한 영향은 재무제표에 반영되지 않았습니다.\n6. 기타 재무에 관한 사항\n가. 재무제표 재작성 등 유의사항(1)재무제표 재작성금융위원회는 회사의 제59기(2013.1.1~2013.12.31)부터 제62기 3분기(2016.1.1~2016.9.30)까지의 사업보고서 및 감사보고서 등에 대하여 주식회사의 외부감사에 관한 법률 제15조 및 자본시장과 금융투자업에 관한 법률 제426조에 의한 조사/감리를실시하였으며, 그 결과 회계처리 기준을 위반한 사례에 대해 2017년 9월 6일 당사에 대해 과징금 50억원 부과통지 및 감사인지정 2년(2018.1.1~2019.12.31)의 조치를 하였습니다. 이에 당사는 동 과징금을 2017년 9월 18일 납부완료하였습니다.금융위로 부터 지적받은 회계처리기준 위반사례는 매도가능금융자산 손상차손 미인식, 특수관계자 거래 주석 미기재, 재고자산 및 매입채무 과소계상, 무형자산(회원권)과대계상 및 증권신고서 기재 오류입니다.[연결재무제표]이에 회사는 2013년 회계연도의 매도가능금융자산 손상차손 인식오류를 반영하여 비교표시된 전기 재무제표를 재작성하였습니다. 이로 인하여 2016년 12월 31일과 2015년 12월 31일 현재의 재무상태표상 이익잉여금과 기타포괄손익누계액이 각각 24,403백만원 감소 및 증가하였으며, 전기 손익계산서에 미치는 영향은 없습니다.[별도재무제표]연결재무제표와 동일함(2) 합병, 분할, 자산양수도, 영업양수도[합병]회사는 2017년 4월 1일을 합병기일로 조직통폐합에 따른 경영효율성 제고 등의 사업통합 시너지를 통해 주주가치를 극대화하기 위하여, 회사가 100%의 지분을 보유하고 있던 종속기업인 두미종합개발 주식회사 및 효성엔지니어링 주식회사를 소규모합병 방식으로 흡수합병하였습니다.\xa0① 합병개요 및 시기\n구\xa0 분\n내\xa0 \xa0 용\n합병방법\n㈜효성이 두미종합개발㈜ 및 효성엔지니어링㈜을 흡수합병함\n합병비율\n㈜효성 : 두미종합개발㈜ = 1 : 0㈜효성 : 효성엔지니어링㈜ = 1 : 0\n합병계약일\n2017년 1월 19일\n합병승인 이사회\n2017년 2월 17일\n합병기일\n2017년 4월 1일\n합병등기일\n2017년 4월 5일\n② 대상회사\n상호\n두미종합개발 주식회사\n소재지\n경기도 이천시 모가면 사실로725번길 119-73\n대표이사\n이인호\n상호\n효성엔지니어링 주식회사\n소재지\n경기도 안양시 동안구 시민대로 74\n대표이사\n김동우\n③ 주요 내용 및 재무제표에 미치는 영향주식회사 효성은 두미종합개발 주식회사 및 효성엔지니어링 주식회사 주식을 100%보유하고 있으며, 무증자 방식에 의하여 1:0의 합병비율에 따라 합병하기로 결의함에 따라 합병으로 인하여 주식회사 효성이 발행하는 신주는 없으며, 대주주 등의 지분 변동 사항 또한 없습니다.존속회사인 주식회사 효성의 경우 상법 제527조의3 규정에 따른 소규모합병에 해당되므로, 주식매수청구권이 부여되지 않습니다. 소멸회사인 두미종합개발 주식회사 및 효성엔지니어링 주식회사 역시 주식회사 효성의 100% 자회사이므로 주식매수청구권이 발생하지 않습니다.이러한 합병은 동일지배 하에 있는 사업결합에 해당하여 회사의 연결재무제표상 피합병법인의 장부가액이 회사로 승계되었으며, 승계된 자산과 부채의 내역은 다음과 같습니다.\n\xa0 \xa0 \xa0 \xa0 \xa0 \xa0 \xa0 \xa0 \xa0 \xa0 (단위 : 백만원)\n구분\n금액\n사업결합전에 보유하던 두미종합개발㈜ 지분의 장부금액\n-\xa0\n-\xa0\n취득한 자산과 인수한 부채의 계상액\n-\xa0\n-\xa0\n\xa0\xa0 현금및현금성자산\n8,060\xa0\n\u3000-\xa0\n\xa0\xa0 매출채권및기타채권\n2,546\xa0\n-\xa0\n\xa0\xa0 장기매출채권및기타채권\n1,586\xa0\n\u3000-\xa0\n\xa0\xa0 기타유동자산\n392\xa0\n\u3000-\xa0\n\xa0\xa0 재고자산\n562\xa0\n\u3000-\xa0\n\xa0\xa0 유형자산\n255,718\xa0\n\u3000-\xa0\n\xa0\xa0 기타비유동자산\n1,628\xa0\n\u3000-\xa0\n\xa0\xa0 매입채무및기타채무\n(123,648)\n\u3000-\xa0\n\xa0\xa0 장기매입채무및기타채무\n(168,661)\n\u3000-\xa0\n\xa0\xa0 기타금융부채\n(3)\n\u3000-\xa0\n\xa0\xa0 비유동충당부채\n(103)\n-\xa0\n\xa0\xa0 순확정급여부채\n(654)\n\u3000-\xa0\n\xa0\xa0 기타비유동부채\n(26,964)\n\u3000-\xa0\n순자산의 장부금액\n\u3000-\xa0\n(49,541)\n자본에 반영한 투자주식과 순자산 장부금액의 차이\n\u3000-\xa0\n(49,541)\n\xa0\xa0 자본잉여금에 반영\n(49,541)\n\u3000-\xa0\n\xa0 \xa0 \xa0 \xa0 \xa0 \xa0 \xa0 \xa0 \xa0 \xa0 (단위 : 백만원)\n구분\n금액\n사업결합전에 보유하던 효성엔지니어링㈜ 지분 등의 장부금액\n-\xa0\n34,969\xa0\n\xa0\xa0 종속기업투자\n-\xa0\n-\xa0\n\xa0\xa0 매도가능금융자산\n34,969\xa0\n-\xa0\n취득한 자산과 인수한 부채의 계상액\n-\xa0\n-\xa0\n\xa0\xa0 현금및현금성자산\n\xa0 14,557\xa0\n-\xa0\n\xa0\xa0 매출채권및기타채권\n\xa0 \xa0 5,917\xa0\n-\xa0\n\xa0\xa0 장기매출채권및기타채권\n\xa0 \xa0 1,477\xa0\n-\xa0\n\xa0\xa0 미청구공사\n\xa0 \xa0 4,757\xa0\n-\xa0\n\xa0\xa0 기타금융자산\n\xa0 \xa0 \xa0 208\xa0\n-\xa0\n\xa0\xa0 기타유동자산\n\xa0 \xa0 \xa0 826\xa0\n-\xa0\n\xa0\xa0 당기법인세자산\n\xa0 \xa0 \xa0 466\xa0\n-\xa0\n\xa0\xa0 유형자산\n\xa0 \xa0 \xa0 \xa0 16\xa0\n-\xa0\n\xa0\xa0 무형자산\n\xa0 \xa0 \xa0 \xa0 36\xa0\n-\xa0\n\xa0\xa0 기타비유동자산\n2,943\xa0\n-\xa0\n\xa0\xa0 매도가능금융자산\n\xa0 \xa0 1,341\xa0\n-\xa0\n\xa0\xa0 매입채무및기타채무\n(18,780)\n-\xa0\n\xa0\xa0 비유동충당부채\n(1,578)\n-\xa0\n\xa0\xa0 당기법인세부채\n(590)\n-\xa0\n\xa0\xa0 순확정급여부채\n(1,050)\n-\xa0\n\xa0\xa0 초과청구공사\n(5,836)\n-\xa0\n순자산의 장부금액\n\u3000-\xa0\n4,710\xa0\n자본에 반영한 투자주식과 순자산 장부금액의 차이\n\u3000-\xa0\n(30,259)\n\xa0\xa0 자본잉여금에 반영\n(30,259)\n-\xa0\n④관련 공시서류\xa0\xa0 2017.02.16 [기재정정]주요사항보고서(회사합병결정, 최초제출일 2016.12.27) \xa0\xa0 2017.04.05 합병등종료보고서(합병)\n(3) 자산유동화와 관련한 자산매각의 회계처리 및 우발채무 등에 관한 사항과거사건의 결과로 현재의 법적의무나 의제의무가 존재하고, 그 의무를 이행하기 위한 자원의 유출가능성이 높으며, 당해 금액의 신뢰성 있는 추정이 가능한 경우 연결그룹은 하자보수충당부채 등을 인식하고 있습니다. 또한, 회사는 과거사건은 발생하였으나 불확실한 미래사건의 발생여부에 의해서 존재여부가 확인되는 잠재적인 의무가 있는 경우 또는 과거사건이나 거래의 결과 현재의무가 존재하나 자원이 유출될 가능성이 매우 높지 않거나 당해 의무를 이행하여야 할 금액을 신뢰성 있게 추정할 수 없는 경우 우발부채로 주석기재하고 있습니다.자세한 내용은 \'XI.그 밖에 투자자 보호를 위하여 필요한 사항 2.우발채무 등\'을 참조하시기 바랍니다.(4) 기타 재무제표 이용에 유의하여야 할 사항\xa0- 해당사항 없음나. 대손충당금 설정현황 (연결기준)(1) 계정과목별 대손충당금 설정내용\n2020년 6월 30일 현재\n(단위 : 백만원)\n구분\n계정과목\n채권총액\n대손충당금\n대손충당금 설정비율\n제66기 반기 (2020년 6월말)\n매출채권\n359,000\n15,381\n4.3%\n기타채권\n87,960\n2,002\n2.3%\n장기매출채권\n-\n-\n0.0%\n장기기타채권\n44,276\n1,108\n2.5%\n합계\n491,236\n18,491\n3.8%\n제65기 (2019년말)\n매출채권\n356,961\n14,517\n4.1%\n기타채권\n62,604\n1,960\n3.1%\n장기매출채권\n-\n-\n-\n장기기타채권\n48,055\n-\n-\n합계\n467,620\n16,477\n3.5%\n제64기(2018년말)\n매출채권\n402,334\n30,119\n7.5%\n기타채권\n94,060\n1,979\n2.1%\n장기매출채권\n-\n-\n-\n장기기타채권\n54,216\n-\n-\n합계\n550,610\n32,098\n5.8%\n(2) 대손충당금 변동현황\n2020년 6월 30일 현재\xa0\n(단위 : 백만원)\n구 분\n제66기 반기(2020년 6월말)\n제65기(2019년)\n제64기(2018년)\n\xa01. 기초 대손충당금 잔액 합계\n16,477\n32,098\n205,280\n\xa02. 순대손처리액(①~②)\n1,730\n(23,942)\n51,733\n\xa0\xa0 ①대손처리액(상각채권액) 등\n-\n-\n-\n\xa0\xa0 ②상각채권회수액\n1,730\n(23,942)\n51,733\n\xa03. 대손상각비 계상(환입)액\n(284)\n8,321\n(178)\n\xa04. 인적분할로 인한 변동\n-\n-\n(224,737)\n\xa05. 기말 대손충당금 잔액 합계\n18,491\n16,477\n32,098\n(3) 매출채권관련 대손충당금 설정방침① 대손충당금 설정 방침당사는 매 보고기간 말에 상각후원가측정금융자산 및 기타포괄손익-공정가치측정채무상품에 대해 기대신용실을 평가하고 있으며 손실충당금의 측정방식은 신용위험의 유의적인 증가 여부에 따라 결정됩니다. 금융자산의 최초 인식 후 신용위험의 유의적인 증가 여부에 따라 아래 표와 같이 3단계로 구분하여 12개월 기대신용손실이나 전체기간 기대신용손실에 해당하는 금액으로 손실충당금을 인식합니다.\n구분\n손실충당금\nStage 1\n최초 인식 후 신용위험이 유의적으로 증가하지 않은 경우\n12개월 기대신용손실 : 보고기간 말 이후 12개월 내에 발생 가능한 금융상품의 채무불이행 사건으로 인한 기대신용손실\nStage 2\n최초 인식 후 신용위험이 유의적으로 증가한 경우\n전체기간 기대신용손실 : 기대존속기간에 발생할 수 있는 모든 채무불이행 사건으로 인한 기대신용손실\nStage 3\n신용이 손상된 경우\n한편, 매출채권, 계약자산, 리스채권 등에 대해서는 전체기간 기대신용손실에 해당하는 금액으로 손실충당금을 측정하는 간편법을 적용하고 있습니다. 기대기대신용손실은 일정 범위의 발생 가능한 결과를 확률가중한 값으로, 화폐의 시간가치를 반영하고, 보고기간 말에 과거사건, 현재 상황과 미래 경제적 상황에 대한 예측에 대한 과도한원가나 노력 없이 이용할 수 있는 정보를 반영해\xa0 측정합니다.\xa0 또한, 대손경험률에 의한 집합적 손상검토를 수행하고 있으며, 채무자의 부도 및 파산 등 회수가 불확실한 채권을 사고채권으로 분류합니다.\xa0 사고채권은 화의채권 및 기타 사고채권으로 구분되며 화의채권은 예상 변제금액을 고려하여 손상평가를 수행하고, 기타 사고채권은 담보의 종류 및 금액을 고려하여 손상차손을 인식합니다.\xa0② 대손경험률 및 대손예상액 산정근거\xa0\xa0 - 대손경험률 : 과거 5개년 평균채권잔액에 대한 실제 대손 발생액을 근거로 대손\xa0 \xa0 \xa0 \xa0 \xa0 \xa0 \xa0 \xa0 \xa0 \xa0 \xa0 \xa0 \xa0 \xa0 경험률을 산정하여 설정\xa0\xa0 - 대손예상액 : 채무자의 파산, 강제집행, 사망, 실종등으로 회수가 불투명한 채권\xa0 \xa0 \xa0 \xa0 \xa0 \xa0 \xa0 \xa0 \xa0 \xa0 \xa0 \xa0 \xa0 \xa0 의 경우 회수가능성, 담보설정여부등을 고려하여 채권잔액의 1%\xa0 \xa0 \xa0 \xa0 \xa0 \xa0 \xa0 \xa0 \xa0 \xa0 \xa0 \xa0 \xa0 \xa0 초과 ~ 100%범위에서 합리적인 대손추산액 설정 ③ 대손처리기준 : 매출채권 등에 대해 아래와 같은 사유발생시 실대손처리\xa0\xa0 - 파산, 부도, 강제집행, 사업의 폐지, 채무자의 사망, 실종등으로 인해 채권의 회수\xa0 \xa0 \xa0 불능이 객관적으로 입증된 경우\xa0\xa0 - 소송에 패소하였거나 법적 청구권이 소멸한 경우\xa0\xa0 - 외부 채권회수 전문기관이 회수가 불가능하다고 통지한 경우\xa0\xa0 - 담보설정 부실채권, 보험Cover 채권은 담보물을 처분하거나 보험사로부터\xa0 \xa0 \xa0 \xa0 \xa0 \xa0 \xa0 보험금을 수령한 경우\xa0\xa0 - 회수에 따른 비용이 채권금액을 초과하는 경우(4) 매출채권 및 기타채권 잔액 현황\n2020년 6월 30일 현재\xa0\n(단위 : 백만원)\n구분\n만기미경과채권\n만기가 경과된 채권\n손상채권\n합계\n3개월 이하\n4~6개월\n7~12개월\n12개월 초과\n금액\n일반\n385,933\n66,678\n16,583\n11,877\n19,200\n1,915\n502,186\n구성비율\n76.85%\n13.28%\n3.30%\n2.37%\n3.82%\n0.38%\n100%\n※ 매출채권 및 기타채권의 연령별 금액에는 대손충당금 및 현재가치할인차금이\xa0 \xa0 미반영되어있습니다.다. 재고자산 현황 (연결기준)(1)사업부문별 재고자산 보유현황\n[계속사업 부문]\xa0\n2020년 6월 30일 현재\xa0\n(단위 : 백만원)\n사업부문\n계정과목\n제66기 반기(2020년 6월말)\n제65기(2019년)\n제64기(2018년)\n정보통신\n상품\n108,010\n728\n20,514\n제품\n23,124\n81,099\n62,989\n반제품\n8,122\n9,616\n6,179\n재공품\n629\n986\n1,791\n원재료\n9,378\n16,459\n14,578\n기타\n3,743\n3,731\n3,943\n소계\n153,006\n112,619\n109,994\n무역/기타\n상품\n282,563\n315,715\n263,346\n제품\n38,671\n27,392\n22,086\n반제품\n13,269\n15,824\n11,040\n재공품\n55,618\n31,859\n21,487\n원재료\n28,444\n25,193\n17,259\n기타\n38,277\n45,140\n53,214\n소계\n456,842\n461,123\n388,432\n합계\n609,848\n573,742\n498,426\n총자산대비 재고자산 구성비율(%)[재고자산합계÷기말자산총계×100]\n9.3%\n8.8%\n7.8%\n재고자산회전율(회수)[연환산 매출원가÷{(기초재고＋기말재고)÷2}]\n3.92\n5.28\n5.02\n※ 제64기 ~ 제66기 반기 사업부문별 재고자산은 K-IFRS 연결재무제표 기준으로\xa0 \xa0 작성하였습니다.※ 상기 재무정보는 2018년 6월 1일 인적분할로 기존 당사의 섬유, 산업자재, 화학, \xa0 \xa0 중공업, 건설, 무역부문이 신설 사업회사로 이관된 바, 중단사업부문을 제외하고 \xa0 \xa0 분할 이후 부문별 재고자산 현황에 대해 작성하였습니다. ※ 제64기 재고자산 회전율은 기말재고자산과 2018년 6월 1일 분할기일 재고자산 \xa0 \xa0 가액의 평균으로 계산하였습니다.[중단사업 부문]2018년 6월 1일 분할로 인한, 2018년 5월말 중단사업부문의 재고자산은 1,311,435백만원\xa0입니다.\xa0사업 구조가 변경됨에 따라 중단사업 부문의 재무정보를 기존 사업 부문별기준으로 제공할 수 없습니다.\n\xa0 \xa0 \xa0 \xa0 \xa0 \xa0 \xa0 \xa0 \xa0 \xa0 \xa0 \xa0 \xa0 \xa0 \xa0 \xa0 \xa0 \xa0 \xa0 \xa0 \xa0 \xa0 \xa0 \xa0 \xa0 \xa0 \xa0\xa0 (단위 : 백만원)\n사업부문\n계정과목\n제63기(2017년말)\n제62기(2016년말)\n섬유/산업자재\n상품\n149,905\xa0\n154,019\xa0\n제품\n284,503\xa0\n245,343\xa0\n반제품\n77,431\xa0\n77,914\xa0\n재공품\n23,341\xa0\n25,013\xa0\n원재료\n128,448\xa0\n114,534\xa0\n기타\n146,278\xa0\n121,310\xa0\n소계\n809,904\xa0\n738,133\xa0\n화학\n상품\n2,334\xa0\n845\xa0\n제품\n59,996\xa0\n31,271\xa0\n반제품\n34,911\xa0\n19,612\xa0\n재공품\n58\xa0\n44\xa0\n원재료\n38,016\xa0\n20,439\xa0\n기타\n22,520\xa0\n18,972\xa0\n소계\n157,836\xa0\n91,183\xa0\n중공업/건설\n상품\n79,022\xa0\n58,729\xa0\n제품\n146,730\xa0\n121,669\xa0\n반제품\n59,263\xa0\n68,156\xa0\n재공품\n66,874\xa0\n77,443\xa0\n원재료\n74,464\xa0\n91,539\xa0\n가설재\n65\xa0\n65\xa0\n용지\n2,818\xa0\n17,669\xa0\n기타\n18,871\xa0\n20,336\xa0\n소계\n448,107\xa0\n455,606\xa0\n정보통신\n상품\n61,757\xa0\n52,872\xa0\n제품\n522\xa0\n-\n반제품\n65\xa0\n49\xa0\n재공품\n583\xa0\n6\xa0\n원재료\n1,989\xa0\n1,925\xa0\n기타\n69,848\xa0\n72,946\xa0\n소계\n134,764\xa0\n127,798\xa0\n무역/기타\n상품\n25,159\xa0\n78,445\xa0\n제품\n80,187\xa0\n-\n반제품\n8,849\xa0\n7,883\xa0\n재공품\n-\n-\n원재료\n14,497\xa0\n13,576\xa0\n기타\n629\xa0\n12,146\xa0\n소계\n129,321\xa0\n112,050\xa0\n합계\n1,679,932\xa0\n1,524,770\xa0\n총자산대비 재고자산 구성비율(%)[재고자산합계÷기말자산총계×100]\n11.6%\n10.8%\n재고자산회전율(회수)[연환산 매출원가÷{(기초재고＋기말재고)÷2}]\n6.65\xa0\n6.46\xa0\n※ 상기 과거 재무정보는, 중단사업부문이 포함된 분할 전의 부문별 정보입니다.\n(2)재고자산 실사내용① 실사일자- 내부정책에 의해 주요 품목에 대한 재고자산 실사를 매월 실시하고 있습니다.② 실사방법- 연중 계속기록법에 의해 수량 및 금액을 계산하고 있으며 대차대조표일과의 차이는 재고자산 입출고를 통하여 확인하였습니다. -외부감사인은 주요 자산에 대한 표본 추출을 통해 그 실제성 및 완전성을 확인하였습니다. ③ 장기체화 재고등의 내역-재고자산의 시가가 정부가액 보다 하락하여 발생한 평가손실은 해당 재고자산에 차감하여 대차대조표 가액을 결정하고 있으며, 당기말 현재 재고자산에 대한 평가내역은 다음과 같습니다.\xa0\n2020년 6월 30일 현재\xa0\n(단위 : 백만원)\n계정과목\n평가전금액\n평가충당금\n재무상태표 가액\n비고\n상품\n396,947\n6,374\n390,573\n-\n제품\n64,535\n2,740\n61,795\n-\n반제품\n21,717\n326\n21,391\n-\n재공품\n56,247\n-\n56,247\n-\n원재료\n39,025\n1,203\n37,822\n-\n부재료\n6,094\n29\n6,065\n-\n기타\n35,957\n2\n35,955\n-\n합 계\n620,522\n10,674\n609,848\n-\n라. 진행률 적용 수주계약 현황 : 해당사항 없음\n마. 공정가치평가 내역(1)공정가치평가 절차요약①금융자산1) 분류2018년 1월 1일부터 연결회사는 다음의 측정 범주로 금융자산을 분류합니다. - 공정가치 측정 금융자산 (기타포괄손익 또는 당기손익에 공정가치 변동 인식) - 상각후원가 측정 금융자산금융자산은 금융자산의 관리를 위한 사업모형과 금융자산의 계약상 현금흐름 특성에근거하여 분류합니다.공정가치로 측정하는 금융자산의 손익은 당기손익 또는 기타포괄손익으로 인식합니다. 채무상품에 대한 투자는 해당 자산을 보유하는 사업모형에 따라 당기손익 또는 기타포괄손익으로 인식합니다. 연결회사는 금융자산을 관리하는 사업모형을 변경하는 경우에만 채무상품을 재분류합니다. 단기매매항목이 아닌 지분상품에 대한 투자는 최초 인식시점에 후속적인 공정가치 변동을 기타포괄손익으로 표시할 것을 지정하는 취소불가능한 선택을 할 수 있습니다. 지정되지 않은 지분상품에 대한 투자의 공정가치 변동은 당기손익으로 인식합니다.2) 측정연결회사는 최초 인식시점에 금융자산을 공정가치로 측정하며, 당기손익-공정가치 측정 금융자산이 아닌 경우에 해당 금융자산의 취득이나 해당 금융부채의 발행과 직접 관련되는 거래원가는 공정가치에 가산합니다. 당기손익-공정가치 측정 금융자산의 거래원가는 당기손익으로 비용처리합니다. 내재파생상품을 포함하는 복합계약은 계약상 현금흐름이 원금과 이자로만 구성되어 있는지를 결정할 때 해당 복합계약 전체를 고려합니다.(가) 채무상품금융자산의 후속적인 측정은 금융자산의 계약상 현금흐름 특성과 그 금융자산을 관리하는 사업모형에 근거합니다. 연결회사는 채무상품을 다음의 세 범주로 분류합니다.ㄱ. 상각후원가계약상 현금흐름을 수취하기 위해 보유하는 것이 목적인 사업모형 하에서 금융자산을 보유하고, 계약상 현금흐름이 원리금만으로 구성되어 있는 자산은 상각후원가로 측정합니다. 상각후원가로 측정하는 금융자산으로서 위험회피관계의 적용 대상이 아닌 금융자산의 손익은 해당 금융자산을 제거하거나 손상할 때 당기손익으로 인식합니다. 유효이자율법에 따라 인식하는 금융자산의 이자수익은 ‘금융수익’에 포함됩니다.ㄴ. 기타포괄손익-공정가치 측정 금융자산계약상 현금흐름의 수취와 금융자산의 매도 둘 다를 통해 목적을 이루는 사업모형 하에서 금융자산을 보유하고, 계약상 현금흐름이 원리금만으로 구성되어 있는 금융자산은 기타포괄손익-공정가치로 측정합니다. 손상차손(환입)과 이자수익 및 외환손익을 제외하고는, 기타포괄손익-공정가치로 측정하는 금융자산의 손익은 기타포괄손익으로 인식합니다. 금융자산을 제거할 때에는 인식한 기타포괄손익누계액을 자본에서 당기손익으로 재분류합니다. 유효이자율법에 따라 인식하는 금융자산의 이자수익은\xa0 \'금융수익\'에 포함됩니다. 외환손익은 \'기타수익 또는 기타비용\'으로 표시하고 손상차손은 \'기타 비용\'으로 표시합니다. ㄷ. 당기손익-공정가치측정 금융자산상각후원가 측정이나 기타포괄손익-공정가치 측정 금융자산이 아닌 채무상품은 당기손익-공정가치로 측정됩니다. 위험회피관계가 적용되지 않는 당기손익-공정가치 측정 채무상품의 손익은 당기손익으로 인식하고 발생한 기간에 손익계산서에 \'기타수익 또는 기타비용\'으로 표시합니다.(나) 지분상품연결회사는 모든 지분상품에 대한 투자를 후속적으로 공정가치로 측정합니다. 공정가치 변동을 기타포괄손익으로 표시할 것을 선택한 지분상품에 대해 기타포괄손익으로 인식한 금액은 해당 지분상품을 제거할 때에도 당기손익으로 재분류하지 않습니다. 이러한 지분상품에 대한 배당수익은 연결회사가 배당을 받을 권리가 확정된 때 \'금융수익\'으로 당기손익으로 인식합니다.당기손익-공정가치로 측정하는 금융자산의 공정가치 변동은 손익계산서에 \'기타수익 또는 기타비용\'으로 표시합니다.\xa0 기타포괄손익-공정가치로 측정하는 지분상품에 대한 손상차손(환입)은 별도로 구분하여 인식하지 않습니다. 3) 손상연결회사는 미래전망정보에 근거하여 상각후원가로 측정하거나 기타포괄손익-공정가치로 측정하는 채무상품에 대한 기대신용손실을 평가합니다. 손상 방식은 신용위험의 유의적인 증가 여부에 따라 결정됩니다. 단, 매출채권에 대해 연결회사는 채권의 최초 인식시점부터 전체기간 기대신용손실을 인식하는 간편법을 적용합니다.② 금융부채당기손익인식금융부채는 단기매매목적의 금융상품입니다. 주로 단기간 내에 재매입할 목적으로 부담하는 금융부채는 단기매매금융부채로 분류됩니다. 또한, 위험회피회계의 대상이 아닌 파생상품이나 내재파생상품을 포함한 금융상품으로부터 분리된 파생상품도 단기매매금융부채로 분류됩니다. 당기손익인식금융부채, 금융보증계약, 금융자산의 양도가 제거조건을 충족하지 못하는 경우에 발생하는 금융부채를 제외한 모든 비파생금융부채를 상각후원가로 측정하는 금융부채로 분류되고 있으며, 재무상태표 상 ""(장기)매입채무 및 기타채무"",\xa0 ""(장기)차입금"" 및 ""기타(비유동)금융부채"" 등으로 표시됩니다. 특정일에 의무적으로 상환하여야 하는 우선주는 부채로 분류됩니다. 이러한 우선주에 대한 유효이자율법에 따른 이자비용은 다른 금융부채에서 인식한 이자비용과 함께 손익계산서 상 ""금융비용""으로 인식됩니다. ③ 파생상품파생상품은 파생상품계약 체결시점에 공정가치로 최초 인식되며 이후 공정가치로 재측정됩니다. 위험회피회계의 적용요건을 충족하지 않는 파생상품의 공정가치변동은 거래의 성격에 따라 \'기타수익(비용)\'으로 손익계산서에 인식됩니다.(2) 범주별 금융상품보고기간종료일 현재 연결그룹의 범주별 금융상품 내역은 다음과 같습니다.① 당반기말 (2020년 6월말)\n(단위 : 백만원)\n구 분\n당반기말\n상각후원가로 측정 하는 금융자산\n당기손익-공정가치측정금융자산\n기타포괄손익-공정가치측정금융자산\n합계\n재무상태표 상 자산\n\xa0현금및현금성자산\n347,148\n14,700\n-\n361,848\n\xa0매출채권및기타채권\n429,577\n-\n-\n429,577\n\xa0기타금융자산\n8,924\n1,185\n-\n10,109\n\xa0장기매출채권및기타채권\n43,168\n-\n-\n43,168\n\xa0기타금융업자산\n1,722,658\n-\n-\n1,722,658\n\xa0기타비유동금융자산\n103,269\n363,450\n52,781\n519,500\n\xa0합 계\n2,654,744\n379,335\n52,781\n3,086,860\n\xa0\xa0\n(단위 : 백만원)\n구 분\n당반기말\n상각후원가로 측정하는 금융부채\n당기손익-공정가치측정금융부채\n합계\n재무상태표 상 부채\n\xa0매입채무및기타채무\xa0\n356,915\n-\n356,915\n\xa0차입금\xa0\n1,782,995\n-\n1,782,995\n\xa0기타금융부채\n24,499\n175\n24,674\n\xa0장기매입채무및기타채무\xa0\n204,222\n-\n204,222\n\xa0장기차입금\xa0\n960,095\n-\n960,095\n\xa0기타비유동금융부채\xa0\n81,929\n-\n81,929\n\xa0합 계\n3,410,655\n175\n3,410,830\n② 전기말\xa0(2019년 12월말)\n(단위 : 백만원)\n구 분\n전기말\n상각후원가로 측정 하는 금융자산\n당기손익-공정가치측정금융자산\n기타포괄손익-공정가치측정금융자산\n합계\n재무상태표 상 자산\n\xa0현금및현금성자산\n189,328\n-\n-\n189,328\n\xa0매출채권및기타채권\n403,089\n-\n-\n403,089\n\xa0기타금융자산\n9,125\n713\n-\n9,838\n\xa0장기매출채권및기타채권\n48,054\n-\n-\n48,054\n\xa0장기기타금융업자산\n1,389,168\n-\n-\n1,389,168\n\xa0기타비유동금융자산\n113,112\n343,034\n52,784\n508,930\n\xa0합 계\n2,151,876\n343,747\n52,784\n2,548,407\n\xa0\xa0\n(단위 : 백만원)\n구 분\n전기말\n상각후원가로 측정하는 금융부채\n당기손익-공정가치측정금융부채\n합계\n재무상태표 상 부채\n\xa0매입채무및기타채무\xa0\n431,206\n-\n431,206\n\xa0차입금\xa0\n1,513,215\n-\n1,513,215\n\xa0기타금융부채\n21,519\n916\n22,435\n\xa0장기매입채무및기타채무\xa0\n206,091\n-\n206,091\n\xa0장기차입금\xa0\n988,378\n-\n988,378\n\xa0기타비유동금융부채\xa0\n91,209\n152\n91,361\n\xa0합 계\n3,251,618\n1,068\n3,252,686\n(3) 수준별 금융상품당분기 및 전기말 현재 연결그룹의 금융상품에 대한 수준별 공정가치의 추정치는 다음과 같습니다.① 당반기말 (2020년\xa06월말)\n(단위 : 백만원)\n구 분\n당반기말\n수준 1\n수준 2\n수준 3\n합 계\n자산\n당기손익-공정가치측정금융자산\n1,099\n14,700\n362,351\n378,150\n기타포괄손익-공정가치측정금융자산\n21,199\n-\n31,582\n52,781\n파생상품자산\n-\n1,185\n-\n1,185\n장단기금융상품\n-\n-\n-\n-\n합 계\n22,298\n15,885\n393,933\n432,116\n부채\n파생상품부채\n-\n175\n-\n175\n합 계\n-\n175\n-\n175\n② 전기말\xa0(2019년 12월말)\n(단위 : 백만원)\n구 분\n전기말\n수준 1\n수준 2\n수준 3\n합 계\n자산\n당기손익-공정가치측정금융자산\n3,834\n-\n339,200\n343,034\n기타포괄손익-공정가치측정금융자산\n21,202\n-\n31,582\n52,784\n파생상품자산\n-\n713\n-\n713\n장단기금융상품\n-\n-\n1,200\n1,200\n합 계\n25,036\n713\n371,982\n397,731\n부채\n파생상품부채\n-\n1,068\n-\n1,068\n합 계\n-\n1,068\n-\n1,068\n공정가치 측정의 투입변수 특징에 따른 공정가치 서열체계는 다음과 같습니다.수준 1 : 동일한 자산이나 부채에 대한 활성시장의 (조정되지 않은) 공시가격수준 2 : 직접적 또는 간접적으로 관측가능한, 자산이나 부채에 대한 투입변수를 이용하여 산정한 공정가치. 단 level 1에 포함된 공시가격은 제외함수준 3 : 관측가능한 시장자료에 기초하지 않은, 자산이나 부채에 대한 투입변수(관측가능하지 않은 투입변수)를 이용하여 산정한 공정가치활성시장에서 거래되는 금융상품의 공정가치는 보고기간말 현재 고시되는 시장가격에 기초하여 산정하고 있습니다. 거래소, 판매자, 중개인, 산업집단, 평가기관 또는 감독기관을 통해 공시가격이 용이하게 그리고 정기적으로 이용가능하고, 그러한 가격이 독립된 당사자 사이에서 정기적으로 발생한 실제 시장거래를 나타낸다면, 이를 활성시장으로 간주합니다. 연결그룹이 보유하고 있는 금융자산의 공시되는 시장가격은 보고기간말 종가입니다. 이러한 상품들은 \'수준 1\'에 포함하고 있습니다. \'수준 1\'에 포함된 상품들은 대부분\xa0 매도가능으로 분류된 상장된 지분상품으로 구성됩니다.활성시장에서 거래되지 아니하는 금융상품의 공정가치에 대하 여 평가기법을 사용하여 결정하고 있습니다. 연결그룹은 다양한 평가기법을 활용하고 있으며 보고기간말에 현재 시장 상황에 근거하여 가정을 수립하고 있습니다. 이러한 평가기법은 가능한 한 관측가능한 시장정보를 최대한 사용하고 기업특유정보를 최소한으로사용합니다. 이때, 해당상품의 공정가치 측정에 요구되는 모든 유의적인 투입변수가 관측가능하다면 해당상품은 \'수준 2\'에 포함하고 있습니다.만약 하나 이상의 유의적인 투입변수가 관측가능한 시장정보에 기초한 것이 아니라면 해당 상품은 \'수준 3\'에 포함하고 있습니다. \'수준 3\'에 포함된 자산 및 부채는 현금흐름 할인기법 등의 기타 기법을 사용합니다. 공정가치 서열체계에서 수준 3으로 분류되는 반복적인 공정가치측정치, 비반복적인 공정가치측정치, 공시되는 공정가치에 대해 매기말 공정가치를 측정하고있으며, 연결그룹의 재무담당이사에게 공정가치 평가과정 및 그 결과에 대해 협의합니다.\n바. 채무증권 발행실적\n채무증권 발행실적\n(기준일 :\xa0\n2020년 06월 30일\n)\n(단위 : 백만원, %)\n발행회사\n증권종류\n발행방법\n발행일자\n권면(전자등록)총액\n이자율\n평가등급(평가기관)\n만기일\n상환여부\n주관회사\n효성캐피탈\n기업어음증권\n사모\n2020.01.03\n5,000\xa0\n2.55\nA2-(한기평/한신평/NICE)\n2020.04.03\n상환\n케이비증권\n효성캐피탈\n기업어음증권\n사모\n2020.01.03\n5,000\xa0\n2.55\nA2-(한기평/한신평/NICE)\n2020.04.03\n상환\n케이비증권\n효성캐피탈\n기업어음증권\n사모\n2020.01.03\n5,000\xa0\n2.55\nA2-(한기평/한신평/NICE)\n2020.04.03\n상환\n케이비증권\n효성캐피탈\n기업어음증권\n사모\n2020.01.03\n5,000\xa0\n2.55\nA2-(한기평/한신평/NICE)\n2020.04.03\n상환\n케이비증권\n효성캐피탈\n기업어음증권\n사모\n2020.01.06\n10,000\xa0\n2.55\nA2-(한기평/한신평/NICE)\n2020.04.06\n상환\n우리종합금융\n효성캐피탈\n기업어음증권\n사모\n2020.01.06\n5,000\xa0\n2.55\nA2-(한기평/한신평/NICE)\n2020.04.06\n상환\n비엔케이투자증권\n효성캐피탈\n기업어음증권\n사모\n2020.01.06\n5,000\xa0\n2.55\nA2-(한기평/한신평/NICE)\n2020.04.06\n상환\n비엔케이투자증권\n효성캐피탈\n기업어음증권\n사모\n2020.01.07\n10,000\xa0\n2.55\nA2-(한기평/한신평/NICE)\n2020.04.07\n상환\n한국투자증권\n효성캐피탈\n기업어음증권\n사모\n2020.01.13\n2,000\xa0\n2.52\nA2-(한기평/한신평/NICE)\n2020.04.13\n상환\n비엔케이투자증권\n효성캐피탈\n기업어음증권\n사모\n2020.01.13\n3,000\xa0\n2.52\nA2-(한기평/한신평/NICE)\n2020.04.13\n상환\n비엔케이투자증권\n효성캐피탈\n기업어음증권\n사모\n2020.01.17\n3,000\xa0\n2.52\nA2-(한기평/한신평/NICE)\n2020.04.17\n상환\n케이프투자증권\n효성캐피탈\n기업어음증권\n사모\n2020.01.28\n1,000\xa0\n2.52\nA2-(한기평/한신평/NICE)\n2020.07.28\n미상환\n비엔케이투자증권\n효성캐피탈\n기업어음증권\n사모\n2020.01.28\n2,000\xa0\n2.52\nA2-(한기평/한신평/NICE)\n2020.07.28\n미상환\n비엔케이투자증권\n효성캐피탈\n기업어음증권\n사모\n2020.01.28\n2,000\xa0\n2.52\nA2-(한기평/한신평/NICE)\n2020.07.28\n미상환\n비엔케이투자증권\n효성캐피탈\n기업어음증권\n사모\n2020.01.31\n10,000\xa0\n2.65\nA2-(한기평/한신평/NICE)\n2020.07.31\n미상환\n우리종합금융\n효성캐피탈\n기업어음증권\n사모\n2020.02.06\n1,000\xa0\n2.57\nA2-(한기평/한신평/NICE)\n2020.08.06\n미상환\n비엔케이투자증권\n효성캐피탈\n기업어음증권\n사모\n2020.02.06\n2,000\xa0\n2.57\nA2-(한기평/한신평/NICE)\n2020.08.06\n미상환\n비엔케이투자증권\n효성캐피탈\n기업어음증권\n사모\n2020.02.06\n2,000\xa0\n2.57\nA2-(한기평/한신평/NICE)\n2020.08.06\n미상환\n비엔케이투자증권\n효성캐피탈\n기업어음증권\n사모\n2020.02.06\n5,000\xa0\n2.57\nA2-(한기평/한신평/NICE)\n2020.08.06\n미상환\n비엔케이투자증권\n효성캐피탈\n기업어음증권\n사모\n2020.02.06\n2,000\xa0\n2.57\nA2-(한기평/한신평/NICE)\n2020.08.06\n미상환\n아이비케이투자증권\n효성캐피탈\n기업어음증권\n사모\n2020.02.24\n2,000\xa0\n2.45\nA2-(한기평/한신평/NICE)\n2020.08.24\n미상환\n비엔케이투자증권\n효성캐피탈\n기업어음증권\n사모\n2020.02.24\n3,000\xa0\n2.45\nA2-(한기평/한신평/NICE)\n2020.08.24\n미상환\n비엔케이투자증권\n효성캐피탈\n기업어음증권\n사모\n2020.02.25\n1,000\xa0\n2.50\nA2-(한기평/한신평/NICE)\n2021.01.25\n미상환\n유안타증권\n효성캐피탈\n기업어음증권\n사모\n2020.02.25\n9,000\xa0\n2.50\nA2-(한기평/한신평/NICE)\n2021.01.25\n미상환\n유안타증권\n효성캐피탈\n기업어음증권\n사모\n2020.02.26\n5,000\xa0\n2.40\nA2-(한기평/한신평/NICE)\n2020.08.26\n미상환\n한양증권\n효성캐피탈\n기업어음증권\n사모\n2020.02.26\n5,000\xa0\n2.40\nA2-(한기평/한신평/NICE)\n2020.08.26\n미상환\n한양증권\n효성캐피탈\n기업어음증권\n사모\n2020.02.26\n1,000\xa0\n2.45\nA2-(한기평/한신평/NICE)\n2020.08.26\n미상환\n비엔케이투자증권\n효성캐피탈\n기업어음증권\n사모\n2020.02.26\n1,000\xa0\n2.45\nA2-(한기평/한신평/NICE)\n2020.08.26\n미상환\n비엔케이투자증권\n효성캐피탈\n기업어음증권\n사모\n2020.02.26\n1,000\xa0\n2.45\nA2-(한기평/한신평/NICE)\n2020.08.26\n미상환\n비엔케이투자증권\n효성캐피탈\n기업어음증권\n사모\n2020.02.26\n1,000\xa0\n2.45\nA2-(한기평/한신평/NICE)\n2020.08.26\n미상환\n비엔케이투자증권\n효성캐피탈\n기업어음증권\n사모\n2020.02.26\n1,000\xa0\n2.45\nA2-(한기평/한신평/NICE)\n2020.08.26\n미상환\n비엔케이투자증권\n효성캐피탈\n기업어음증권\n사모\n2020.02.28\n2,000\xa0\n2.58\nA2-(한기평/한신평/NICE)\n2021.02.26\n미상환\n부국증권\n효성캐피탈\n기업어음증권\n사모\n2020.02.28\n2,000\xa0\n2.58\nA2-(한기평/한신평/NICE)\n2021.02.26\n미상환\n부국증권\n효성캐피탈\n기업어음증권\n사모\n2020.02.28\n3,000\xa0\n2.58\nA2-(한기평/한신평/NICE)\n2021.02.26\n미상환\n부국증권\n효성캐피탈\n기업어음증권\n사모\n2020.02.28\n3,000\xa0\n2.58\nA2-(한기평/한신평/NICE)\n2021.02.26\n미상환\n부국증권\n효성캐피탈\n기업어음증권\n사모\n2020.03.09\n5,000\xa0\n2.40\nA2-(한기평/한신평/NICE)\n2020.09.10\n미상환\n비엔케이투자증권\n효성캐피탈\n기업어음증권\n사모\n2020.03.09\n5,000\xa0\n2.40\nA2-(한기평/한신평/NICE)\n2020.09.10\n미상환\n비엔케이투자증권\n효성캐피탈\n기업어음증권\n사모\n2020.03.11\n5,000\xa0\n2.40\nA2-(한기평/한신평/NICE)\n2020.09.11\n미상환\n신영증권\n효성캐피탈\n기업어음증권\n사모\n2020.03.11\n5,000\xa0\n2.40\nA2-(한기평/한신평/NICE)\n2020.09.11\n미상환\n신영증권\n효성캐피탈\n기업어음증권\n사모\n2020.04.03\n500\xa0\n3.80\nA2-(한기평/한신평/NICE)\n2020.10.05\n미상환\n신영증권\n효성캐피탈\n기업어음증권\n사모\n2020.04.03\n1,000\xa0\n3.80\nA2-(한기평/한신평/NICE)\n2020.10.05\n미상환\n신영증권\n효성캐피탈\n기업어음증권\n사모\n2020.04.03\n5,000\xa0\n4.52\nA2-(한기평/한신평/NICE)\n2020.10.05\n미상환\n비엔케이투자증권\n효성캐피탈\n기업어음증권\n사모\n2020.04.03\n5,000\xa0\n4.52\nA2-(한기평/한신평/NICE)\n2020.10.05\n미상환\n비엔케이투자증권\n효성캐피탈\n기업어음증권\n사모\n2020.04.03\n10,000\xa0\n4.52\nA2-(한기평/한신평/NICE)\n2020.10.05\n미상환\n비엔케이투자증권\n효성캐피탈\n기업어음증권\n사모\n2020.04.03\n10,000\xa0\n4.52\nA2-(한기평/한신평/NICE)\n2020.10.05\n미상환\n비엔케이투자증권\n효성캐피탈\n기업어음증권\n사모\n2020.04.03\n10,000\xa0\n4.52\nA2-(한기평/한신평/NICE)\n2020.10.05\n미상환\n비엔케이투자증권\n효성캐피탈\n기업어음증권\n사모\n2020.04.03\n10,000\xa0\n4.52\nA2-(한기평/한신평/NICE)\n2020.10.05\n미상환\n비엔케이투자증권\n효성캐피탈\n기업어음증권\n사모\n2020.04.06\n10,000\xa0\n4.50\nA2-(한기평/한신평/NICE)\n2020.07.03\n미상환\n우리종합금융\n효성캐피탈\n기업어음증권\n사모\n2020.04.07\n1,000\xa0\n4.50\nA2-(한기평/한신평/NICE)\n2020.09.28\n미상환\n비엔케이투자증권\n효성캐피탈\n기업어음증권\n사모\n2020.04.07\n1,000\xa0\n4.50\nA2-(한기평/한신평/NICE)\n2020.09.28\n미상환\n비엔케이투자증권\n효성캐피탈\n기업어음증권\n사모\n2020.04.07\n1,000\xa0\n4.50\nA2-(한기평/한신평/NICE)\n2020.09.28\n미상환\n비엔케이투자증권\n효성캐피탈\n기업어음증권\n사모\n2020.04.07\n1,000\xa0\n4.50\nA2-(한기평/한신평/NICE)\n2020.09.28\n미상환\n비엔케이투자증권\n효성캐피탈\n기업어음증권\n사모\n2020.04.07\n1,000\xa0\n4.50\nA2-(한기평/한신평/NICE)\n2020.09.28\n미상환\n비엔케이투자증권\n효성캐피탈\n기업어음증권\n사모\n2020.04.08\n10,000\xa0\n4.20\nA2-(한기평/한신평/NICE)\n2020.07.07\n미상환\n코리아에셋투자증권\n효성캐피탈\n기업어음증권\n사모\n2020.04.09\n1,500\xa0\n4.20\nA2-(한기평/한신평/NICE)\n2021.04.07\n미상환\n코리아에셋투자증권\n효성캐피탈\n기업어음증권\n사모\n2020.04.10\n1,000\xa0\n4.20\nA2-(한기평/한신평/NICE)\n2021.04.09\n미상환\n코리아에셋투자증권\n효성캐피탈\n기업어음증권\n사모\n2020.04.10\n10,000\xa0\n4.20\nA2-(한기평/한신평/NICE)\n2021.04.09\n미상환\n코리아에셋투자증권\n효성캐피탈\n기업어음증권\n사모\n2020.04.10\n10,000\xa0\n4.20\nA2-(한기평/한신평/NICE)\n2021.04.09\n미상환\n코리아에셋투자증권\n효성캐피탈\n기업어음증권\n사모\n2020.04.10\n10,000\xa0\n4.20\nA2-(한기평/한신평/NICE)\n2021.04.09\n미상환\n코리아에셋투자증권\n효성캐피탈\n기업어음증권\n사모\n2020.04.16\n5,000\xa0\n2.40\nA2-(한기평/한신평/NICE)\n2020.09.10\n미상환\n비엔케이투자증권\n효성캐피탈\n기업어음증권\n사모\n2020.04.16\n5,000\xa0\n2.40\nA2-(한기평/한신평/NICE)\n2020.09.10\n미상환\n비엔케이투자증권\n효성캐피탈\n기업어음증권\n사모\n2020.06.05\n1,000\xa0\n2.60\nA2-(한기평/한신평/NICE)\n2020.12.14\n미상환\n비엔케이투자증권\n효성캐피탈\n기업어음증권\n사모\n2020.06.05\n1,000\xa0\n2.60\nA2-(한기평/한신평/NICE)\n2020.12.14\n미상환\n비엔케이투자증권\n효성캐피탈\n기업어음증권\n사모\n2020.06.05\n1,000\xa0\n2.60\nA2-(한기평/한신평/NICE)\n2020.12.14\n미상환\n비엔케이투자증권\n효성캐피탈\n기업어음증권\n사모\n2020.06.05\n1,000\xa0\n2.60\nA2-(한기평/한신평/NICE)\n2020.12.14\n미상환\n비엔케이투자증권\n효성캐피탈\n기업어음증권\n사모\n2020.06.05\n1,000\xa0\n2.60\nA2-(한기평/한신평/NICE)\n2020.12.14\n미상환\n비엔케이투자증권\n효성캐피탈\n기업어음증권\n사모\n2020.06.30\n5,000\xa0\n2.51\nA2-(한기평/한신평/NICE)\n2020.07.07\n미상환\n우리은행\n효성캐피탈\n기업어음증권\n사모\n2020.06.30\n5,000\xa0\n2.51\nA2-(한기평/한신평/NICE)\n2020.07.07\n미상환\n우리은행\n㈜효성\n기업어음증권\n사모\n2020.03.19\n30,000\xa0\n1.95\nA2(한신평/NICE)\n2020.03.31\n상환\nIBK투자증권\n㈜효성\n기업어음증권\n사모\n2020.03.23\n20,000\xa0\n3.00\nA2(한신평/NICE)\n2020.05.22\n상환\nKB증권\n효성캐피탈\n전자단기사채\n공모\n2020.01.03\n10,000\xa0\n2.49\nA2-(한기평/한신평/NICE)\n2020.04.03\n상환\n한양증권\n효성캐피탈\n전자단기사채\n공모\n2020.01.07\n10,000\xa0\n2.55\nA2-(한기평/한신평/NICE)\n2020.04.07\n상환\n현대차증권\n효성캐피탈\n전자단기사채\n공모\n2020.01.14\n10,000\xa0\n2.55\nA2-(한기평/한신평/NICE)\n2020.04.14\n상환\n현대차증권\n효성캐피탈\n전자단기사채\n공모\n2020.01.30\n10,000\xa0\n2.52\nA2-(한기평/한신평/NICE)\n2020.04.29\n상환\n현대차증권\n효성캐피탈\n전자단기사채\n공모\n2020.02.07\n10,000\xa0\n2.50\nA2-(한기평/한신평/NICE)\n2020.05.07\n상환\n현대차증권\n효성캐피탈\n전자단기사채\n공모\n2020.03.13\n10,000\xa0\n2.20\nA2-(한기평/한신평/NICE)\n2020.06.12\n상환\n현대차증권\n효성캐피탈\n회사채\n공모\n2020.01.13\n10,000\xa0\n2.553\nA-(한기평/한신평/NICE)\n2021.01.13\n미상환\nSK증권\n효성캐피탈\n회사채\n공모\n2020.01.13\n20,000\xa0\n2.566\nA-(한기평/한신평/NICE)\n2021.04.13\n미상환\nSK증권\n효성캐피탈\n회사채\n공모\n2020.01.13\n10,000\xa0\n2.570\nA-(한기평/한신평/NICE)\n2021.05.13\n미상환\nSK증권\n효성캐피탈\n회사채\n공모\n2020.01.20\n10,000\xa0\n2.569\nA-(한기평/한신평/NICE)\n2021.01.20\n미상환\n한국투자증권\n효성캐피탈\n회사채\n공모\n2020.01.30\n10,000\xa0\n2.535\nA-(한기평/한신평/NICE)\n2021.01.29\n미상환\n케이비증권\n효성캐피탈\n회사채\n공모\n2020.01.30\n10,000\xa0\n2.577\nA-(한기평/한신평/NICE)\n2021.07.30\n미상환\n케이비증권\n효성캐피탈\n회사채\n공모\n2020.02.07\n40,000\xa0\n2.488\nA-(한기평/한신평/NICE)\n2021.02.05\n미상환\n하이투자증권\n효성캐피탈\n회사채\n공모\n2020.02.12\n33,000\xa0\n2.468\nA-(한기평/한신평/NICE)\n2021.02.10\n미상환\n한양증권\n효성캐피탈\n회사채\n공모\n2020.04.10\n1,000\xa0\n2.716\nA-(한기평/한신평)\n2021.04.09\n미상환\n케이비증권\n효성캐피탈\n회사채\n공모\n2020.04.10\n20,000\xa0\n2.854\nA-(한기평/한신평)\n2022.10.10\n미상환\n케이비증권\n효성캐피탈\n회사채\n공모\n2020.04.22\n10,000\xa0\n2.803\nA-(한기평/한신평)\n2021.09.22\n미상환\nKTB투자증권\n효성캐피탈\n회사채\n공모\n2020.04.22\n20,000\xa0\n2.804\nA-(한기평/한신평)\n2021.10.22\n미상환\nKTB투자증권\n효성캐피탈\n회사채\n공모\n2020.04.22\n10,000\xa0\n2.808\nA-(한기평/한신평)\n2021.11.22\n미상환\nKTB투자증권\n효성캐피탈\n회사채\n공모\n2020.05.04\n1,000\xa0\n2.747\nA-(한기평/한신평)\n2021.05.04\n미상환\n케이비증권\n효성캐피탈\n회사채\n공모\n2020.05.04\n20,000\xa0\n2.903\nA-(한기평/한신평)\n2022.11.04\n미상환\n케이비증권\n효성캐피탈\n회사채\n공모\n2020.05.14\n10,000\xa0\n2.829\nA-(한기평/한신평)\n2022.11.14\n미상환\n미래에셋대우\n효성캐피탈\n회사채\n공모\n2020.06.10\n5,000\xa0\n2.692\nA-(한기평/한신평)\n2022.06.10\n미상환\n비엔케이투자증권\n효성캐피탈제이십팔차유동화전문회사\n회사채\n공모\n2020.06.17\n10,000\xa0\n1.279\nAAA(한기평/한신평)\n2020.12.17\n미상환\n케이비증권/한국투자증권\n효성캐피탈제이십팔차유동화전문회사\n회사채\n공모\n2020.06.17\n10,000\xa0\n1.355\nAAA(한기평/한신평)\n2021.02.17\n미상환\n케이비증권/한국투자증권\n효성캐피탈제이십팔차유동화전문회사\n회사채\n공모\n2020.06.17\n10,000\xa0\n1.425\nAAA(한기평/한신평)\n2021.04.16\n미상환\n케이비증권/한국투자증권\n효성캐피탈제이십팔차유동화전문회사\n회사채\n공모\n2020.06.17\n10,000\xa0\n1.466\nAAA(한기평/한신평)\n2021.05.17\n미상환\n케이비증권/한국투자증권\n효성캐피탈제이십팔차유동화전문회사\n회사채\n공모\n2020.06.17\n53,000\xa0\n1.508\nAAA(한기평/한신평)\n2021.06.17\n미상환\n케이비증권/한국투자증권\n효성캐피탈제이십팔차유동화전문회사\n회사채\n공모\n2020.06.17\n10,000\xa0\n1.542\nAAA(한기평/한신평)\n2021.08.17\n미상환\n케이비증권/한국투자증권\n효성캐피탈제이십팔차유동화전문회사\n회사채\n공모\n2020.06.17\n10,000\xa0\n1.593\nAAA(한기평/한신평)\n2021.11.17\n미상환\n케이비증권/한국투자증권\n효성캐피탈제이십팔차유동화전문회사\n회사채\n공모\n2020.06.17\n10,000\xa0\n1.623\nAAA(한기평/한신평)\n2022.01.17\n미상환\n케이비증권/한국투자증권\n합\xa0 계\n-\n-\n-\n752,000\xa0\n-\n-\n-\n-\n-\n사. 사채관리계약 주요내용 및 충족여부 등\xa0: 해당사항 없음\n아. 채무증권 미상환잔액\n(1) 기업어음증권 미상환 잔액\n(기준일 :\xa0\n2020년 06월 30일\n)\n(단위 : 백만원)\n잔여만기\n10일 이하\n10일초과30일이하\n30일초과90일이하\n90일초과180일이하\n180일초과1년이하\n1년초과2년이하\n2년초과3년이하\n3년 초과\n합 계\n미상환 잔액\n공모\n-\xa0\n-\xa0\n-\xa0\n-\xa0\n-\xa0\n-\xa0\n-\xa0\n-\xa0\n-\xa0\n사모\n30,000\xa0\n10,000\xa0\n127,000\xa0\n66,500\xa0\n52,500\xa0\n-\xa0\n-\xa0\n-\xa0\n286,000\xa0\n합계\n30,000\xa0\n10,000\xa0\n127,000\xa0\n66,500\xa0\n52,500\xa0\n-\xa0\n-\xa0\n-\xa0\n286,000\xa0\n(*) 2019년말 이전 발행한 미상환 잔액 65,000백만원이 포함되어 있습니다\n(2) 단기사채 미상환 잔액\n(기준일 :\xa0\n2020년 06월 30일\n)\n(단위 : 백만원)\n잔여만기\n10일 이하\n10일초과30일이하\n30일초과90일이하\n90일초과180일이하\n180일초과1년이하\n합 계\n발행 한도\n잔여 한도\n미상환 잔액\n공모\n-\xa0\n-\xa0\n-\xa0\n-\xa0\n-\xa0\n-\xa0\n100,000\xa0\n-\xa0\n사모\n-\xa0\n-\xa0\n-\xa0\n-\xa0\n-\xa0\n-\xa0\n-\xa0\n-\xa0\n합계\n-\xa0\n-\xa0\n-\xa0\n-\xa0\n-\xa0\n-\xa0\n100,000\xa0\n-\xa0\n(3) 회사채 미상환 잔액\n(기준일 :\xa0\n2020년 06월 30일\n)\n(단위 : 백만원)\n잔여만기\n1년 이하\n1년초과2년이하\n2년초과3년이하\n3년초과4년이하\n4년초과5년이하\n5년초과10년이하\n10년초과\n합 계\n미상환 잔액\n공모\n608,000\xa0\n568,000\xa0\n110,000\xa0\n-\xa0\n-\xa0\n-\xa0\n-\xa0\n1,286,000\xa0\n사모\n29,000\xa0\n-\n-\n-\xa0\n-\xa0\n-\xa0\n-\xa0\n29,000\xa0\n합계\n637,000\xa0\n568,000\xa0\n110,000\xa0\n-\xa0\n-\xa0\n-\xa0\n-\xa0\n1,315,000\xa0\n(*1) 회사채는 자산유동화증권(ABS)를 포함하고 있습니다.(*2) 2019년말 이전 발행한 미상환 잔액 952,000백만원이 포함되어 있습니다\n(4) 신종자본증권 미상환 잔액\n(기준일 :\xa0\n2020년 06월 30일\n)\n(단위 : 백만원)\n잔여만기\n1년 이하\n1년초과5년이하\n5년초과10년이하\n10년초과15년이하\n15년초과20년이하\n20년초과30년이하\n30년초과\n합 계\n미상환 잔액\n공모\n-\n-\n-\n-\n-\n-\n-\n-\n사모\n-\n-\n-\n-\n-\n-\n-\n-\n합계\n-\n-\n-\n-\n-\n-\n-\n-\n(5) 조건부자본증권 미상환 잔액\n(기준일 :\xa0\n2020년 06월 30일\n)\n(단위 : 백만원)\n잔여만기\n1년 이하\n1년초과2년이하\n2년초과3년이하\n3년초과4년이하\n4년초과5년이하\n5년초과10년이하\n10년초과20년이하\n20년초과30년이하\n30년초과\n합 계\n미상환 잔액\n공모\n-\n-\n-\n-\n-\n-\n-\n-\n-\n-\n사모\n-\n-\n-\n-\n-\n-\n-\n-\n-\n-\n합계\n-\n-\n-\n-\n-\n-\n-\n-\n-\n-\n']"
