text
"['\n5. 재무제표 주석\n제 44의 3분기 2019년 1월 1일부터 2019년 9월 30일까지\n제 43의 3분기 2018년 1월 1일부터 2018년 9월 30일까지\n회사명 : 삼호개발 주식회사\n1. 회사의 개요삼호개발 주식회사(이하 ""당사"")는 1976년에 토공사, 철근콘크리트공사 및 포장공사를 주사업목적으로 하여 설립되었습니다.\xa0\xa0당사는 2002년 7월에 코스닥시장에 상장하였으며,\xa0 이후 2005년 5월에 유가증권시장에 이전 상장하였습니다.\xa0당사의 자본금은 수차례의 증자를 거쳐 당분기말 현재\xa0 125억원이며, 주요 주주현황은 다음과 같습니다.\n주\xa0\xa0 주\xa0\xa0 명\n주 식 수(주)\n지 분 율(%)\n이종호\n6,931,526\n27.73\nKOREA VALUE OPPORTUNITY FUND, LP(*)\n636,410\n2.54\n㈜에너토크\n810,000\n3.24\n삼호씨앤엠㈜\n750,000\n3.00\nTHE SC FUNDAMENTAL VALUE FUND, LP(*)\n378,724\n1.51\n자기주식\n1,250,000\n5.00\n기타\n14,243,340\n56.98\n합\xa0\xa0 계\n25,000,000\n100.00\n(*)상기의 주주현황은 2018년 12월 31일 기준일로 작성되었으나, 외국인 주주의 경우 주식수 및 지분율 현황 기준일은 주식등의 대량 보유 상황 보고서 작성 기준일인 2019년 07월 04일 이며, 그 변동 주식수 및 지분율은 기타주주에서 조정하였습니다.\n2. 중요한 회계정책 및 재무제표 작성기준\n2-1. 분기재무제표 작성기준동 재무제표는 연차재무제표가 속하는 기간의 일부에 대하여 기업회계기준서 제1034호 \'중간재무보고\'를 적용하여 작성하는 요약중간재무제표이며, 기업회계기준서 제1027호 \'별도재무제표\'에 따른 별도재무제표입니다. 동 요약중간재무제표에 대한 이해를 위해서는 한국채택국제회계기준에 따라 작성된 2018년 12월 31일자로 종료하는 회계연도에 대한 연차재무제표를 함께 이용하여야 합니다.중간재무제표의 작성에 적용된 중요한 회계정책은 아래에서 설명하는 기준서나 해석서의 도입과 관련된 영향을 제외하고는 2018년 12월 31일로 종료하는 회계연도에 대한 연차재무제표 작성시 채택한 회계정책과 동일합니다.2-1-1. 당사는 2019년 1월 1일로 개시하는 회계기간부터 다음의 제ㆍ개정 기준서 및 해석서를 신규로 적용하였습니다.\n\xa0\n(1) 기업회계기준서 제1116호 \'리스\' (제정)\n당사는 2019년 1월 1일을 최초적용일로 하여 기업회계기준서 제1116호 \'리스\'를 적용하였습니다. 기준서 제1116호의 경과규정에 비교 표시된 재무제표는 재작성되지 않았습니다. 동 기준서의 주요 내용 및 당사의 재무제표에 미치는 영향은 다음과 같습니다.\n\xa0\n당사는 계약의 약정시점에 계약 자체가 리스인지, 계약이 리스를 포함하는지를 판단하며 최초 적용일에도 이 기준서에 따라 계약이 리스이거나 리스를 포함하고 있는지를 식별합니다. 다만 당사는 최초 적용일 이전 계약에 대해서는 최초 적용일에 계약이 리스인지 등에 대해 다시 판단하지 않는 실무적 간편법을 적용하였습니다.\n\xa0\n리스이용자는 기초자산을 사용할 권리를 나타내는 사용권자산과 리스료를 지급할 의무를 나타내는 리스부채를 인식해야 합니다. 다만 당사는 단기리스와 소액 기초자산리스에 대하여 리스이용자의 인식, 측정 및 표시규정을 적용하지 않는 예외 규정을 선택하였습니다.\n\xa0\n변경된 리스의 정의는 주로 통제모형과 관련되어 있습니다. 동 기준서는 계약에서 대가와 교환하여 식별되는 자산의 사용 통제권을 일정 기간 이전하게 하는지 여부에 기초하여 계약이 리스를 포함하는지를 판단합니다.\xa0\n\xa0\n(가) 리스이용자의 회계처리\n① 제1017호에서 운용리스로 회계처리 되었던 계약\n동 기준서의 적용으로 인해 기업회계기준서 제1017호에서 재무상태표에 계상되지 않았던 운용리스의 회계처리가 변경되며 동 기준서의 최초 적용일에 당사는 다음과 같이 회계처리합니다.\n-\n최초인식시점에 지급되지 않은 리스료의 현재가치 측정금액을 재무상태표에서 사용권자산과 리스부채로 인식\n-\n사용권자산의 감가상각비와 리스부채의 이자비용을 포괄손익계산서에 인식\n② 제1017호에서 금융리스로 회계처리 되었던 계약\n금융리스에서의 자산과 관련하여 동 기준서와 기업회계기준서 제1017호와의 주된 차이는 리스이용자가 리스제공자에게 제공하는 잔존가치보증의 측정에서 발생합니다. 동 기준서에서는 기업회계기준서 제1017호에서 요구되었던 최대보증액이 아니라 잔존가치보증에 따라 지급할 것으로 예상되는 금액을 리스부채의 측정치에 포함하여 인식합니다. 최초 적용일에 당사는 유형자산에 포함되어 있는 금융리스자산을 별도 항목인 사용권자산으로 구분하여 표시하였습니다.\n\xa0\n(나) 리스제공자의 회계처리\n리스제공자는 계속적으로 리스를 금융리스 또는 운용리스로 분류하고 두 유형의 리스를 다르게 회계처리합니다.\n동 기준서에 따르면 중간리스제공자는 상위리스와 전대리스를 두 개의 별도 계약으로 회계처리하며, 전대리스를 상위리스에서 생기는 리스자산에 따라 금융리스 또는 운용리스로 분류합니다.\n\xa0\n(2) 기업회계기준서 제1109호 \'금융상품\' (개정)\n동 개정사항은 중도상환특성이 원금과 원금잔액에 대한 이자로만 구성된 계약상 현금흐름의 요건을 충족하는지 평가할 때 옵션을 행사하는 당사자가 조기상환의 원인과 관계없이 합리적인 보상을 지급하거나 수취할 수 있다는 점을 명확히 하고 있습니다. 동 개정사항이 당사의 재무제표에 미치는 중요한 영향은 없습니다.\xa0\n\xa0\n(3) 기업회계기준서 제1028호 \'관계기업과 공동기업에 대한 투자\' (개정)\n동 개정사항은 장기투자지분에 기업회계기준서 제1109호(손상규정 포함)를 적용하여야 한다는 점을 명확히 합니다. 또한 장기투자지분에 기업회계기준서 제1109호를 적용할 때, 기업회계기준서 제1028호에 따른 장부금액 조정사항(즉 기업회계기준서 제1028호에 따라 피투자기업의 손실을 배분하거나 손상평가함에 따라 발생하는 장기투자지분 장부금액의 조정)은 고려하지 않아야 합니다. 동 개정사항이 당사의 재무제표에 미치는 중요한 영향은 없습니다.\n\xa0 \xa0\n(4) 기업회계기준서 제1115호 \'고객과의 계약에서 생기는 수익\' (개정)\n동 개정사항은 \'원가 기준 투입법 적용 계약의 추가 공시\'와 관련하여 문단 한129.1에서 언급하는 \'계약\'의 의미를 \'개별 계약\'으로 개정함으로써 기업회계기준서 제1115호를 적용하더라도 공시범위가 축소되지 않도록 하는 것을 주요 내용으로 하고 있습니다. 또한 기업회계기준서 제1115호는 계약의 유형을 구분하지 않으므로, 종전의수익 기준서인 기업회계기준서 제1011호 문단 한45.1의 적용대상에 해당하지 않았던 용역계약도 기업회계기준서 제1115호 문단 한129.1의 적용대상에 해당할 수 있으며, 이에 따라 종전의 수익 기준서에 비해 문단 한129.1에 따른 공시대상 계약의 범위가 넓어질 수 있음을 명확히 하였습니다. 동 개정사항이 당사의 재무제표에 미치는 중요한 영향은 없습니다.\n\xa0\n(5) 기업회계기준해석서 제2123호 \'법인세 처리의 불확실성\' (제정)\n동 해석서는 법인세 처리에 불확실성이 있을 때 어떻게 회계처리하는지를 규정하고 있으며, 다음의 사항을 요구하고 있습니다.\n\xa0\n① 기업은 불확실한 법인세 처리 각각을 개별적으로 고려할지 아니면 하나 이상의 다른 불확실한 법인세 처리와 함께 고려할지를 판단하여야 합니다.\n②\xa0 기업은 법인세 신고에 사용하였거나 사용하려는 불확실한 법인세 처리를 과세당국이 수용할 가능성이 높은지를 판단하여 다음과 같이 세소득(세무상결손금), 세무기준액, 미사용 세무상결손금, 미사용 세액공제, 세율을 산정합니다.\n-\n\xa0수용할 가능성이 높다면 법인세 신고에 사용하였거나 사용하려는 법인세 처리와 일관되게 산정합니다.\n-\n수용할 가능성이 높지 않다면 불확실성의 영향을 반영하여 산정합니다.\n\xa0\n동 해석서가 당사의 재무제표에 미치는 중요한 영향은 없습니다.\n\xa0\n당기부터 새로 도입된 기준서 및 해석서로 인한 회계정책 변경이 재무제표에 미치는 영향은 다음과 같습니다.\n(단위: 천원)\n구\xa0\xa0 분\n당기초\n\xa0자산\n\xa0\xa0 비유동자산\xa0\n\xa0 \xa0\xa0 사용권자산\n1,354,485\n\xa0 \xa0 \xa0\xa0 - 차량운반구\n677,811\n\xa0 \xa0 \xa0\xa0 - 건물\n576,468\n\xa0 \xa0 \xa0\xa0 - 토지\n100,206\n\xa0부채\n\xa0\xa0 금융부채\n\xa0 \xa0 유동\xa0 \xa0\n594,579\n\xa0 \xa0 \xa0\xa0 - 차량운반구\n360,139\n\xa0 \xa0 \xa0\xa0 - 건물\n189,589\n\xa0 \xa0 \xa0\xa0 - 토지\n44,851\n\xa0 \xa0 비유동\xa0\n599,111\n\xa0 \xa0 \xa0\xa0 - 차량운반구\n317,673\n\xa0 \xa0 \xa0\xa0 - 건물\n230,190\n\xa0 \xa0 \xa0\xa0 - 토지\n51,248\n2-1-2. 제정ㆍ공표되었으나 아직 시행일이 도래하지 않아 적용하지 아니한 한국채택국제회계기준은 없습니다.\n3. 중요한 회계추정 및 가정당사는 미래에 대하여 추정 및 가정을 하고 있습니다.\xa0추정 및 가정은 지속적으로 평가되며, 과거 경험과 현재의 상황에서\xa0합리적으로 예측가능한 미래의 사건과 같은 다른 요소들을 고려하여 이루어집니다. 이러한 회계추정은 실제 결과와 다를 수도 있습니다.분기재무제표\xa0작성시 사용된\xa0중요한 회계추정 및 가정은\xa0\xa0전기 재무제표 작성에\xa0적용된 회계추정 및 가정과 동일합니다.\n4. 범주별 금융상품 4-1. 보고기간말 현재\xa0 범주별 금융상품 내역은 다음과 같습니다.\n<당분기말>\n(단위: 천원)\n금융자산\n상각후원가측정금융자산\n당기손익-공정가치측정 금융자산\n기타포괄손익-공정가치측정 금융자산\n합\xa0\xa0 계\n현금및현금성자산\n21,406,405\n-\n-\n21,406,405\n단기금융상품\n41,000,000\n-\n-\n41,000,000\n유동당기손익-공정가치측정금융자산\n-\n24,627,596\n-\n24,627,596\n유동상각후원가측정금융자산\n12,025,103\n-\n-\n12,025,103\n매출채권\n20,646,872\n-\n-\n20,646,872\n기타채권(단기미수금)\n565,866\n-\n-\n565,866\n기타유동자산(단기미수수익)\n1,166,756\n-\n-\n1,166,756\n장기금융상품\n5,529,983\n-\n-\n5,529,983\n비유동당기손익-공정가치측정금융자산\n-\n35,092,482\n-\n35,092,482\n비유동기타포괄손익-공정가치측정금융자산\n-\n-\n5,234,661\n5,234,661\n비유동상각후원가측정금융자산\n1,713,460\n-\n-\n1,713,460\n기타비유동자산(보증금)\n4,028,059\n-\n-\n4,028,059\n합\xa0\xa0 계\n108,082,504\n59,720,078\n5,234,661\n173,037,243\n금융부채\n상각후원가측정금융부채\n당기손익- 공정가치측정금융부채\n합\xa0\xa0 계\n매입채무\n22,961,955\n-\n22,961,955\n기타채무(미지급금)\n2,604,713\n-\n2,604,713\n단기차입금\n7,500,000\n-\n7,500,000\n기타유동부채(미지급비용)\n7,993\n-\n7,993\n기타비유동부채(임대보증금)\n2,410,000\n-\n2,410,000\n합\xa0\xa0 계\n35,484,661\n-\n35,484,661\n<전기말>\n(단위: 천원)\n금융자산\n상각후원가측정금융자산\n당기손익-공정가치측정 금융자산\n기타포괄손익-공정가치측정 금융자산\n합\xa0\xa0 계\n현금및현금성자산\n16,608,393\n-\n-\n16,608,393\n단기금융상품\n32,549,774\n-\n-\n32,549,774\n유동당기손익-공정가치측정금융자산\n-\n9,988,328\n-\n9,988,328\n유동상각후원가측정금융자산\n18,915,713\n-\n-\n18,915,713\n매출채권\n35,361,938\n-\n-\n35,361,938\n기타채권(단기미수금)\n994,202\n-\n-\n994,202\n기타유동(단기미수수익)\n1,129,210\n-\n-\n1,129,210\n장기금융상품\n5,392,216\n-\n-\n5,392,216\n비유동당기손익-공정가치측정금융자산\n-\n24,537,109\n-\n24,537,109\n비유동기타포괄손익-공정가치측정금융자산\n-\n-\n10,981,341\n10,981,341\n비유동상각후원가측정금융자산\n6,610,348\n-\n-\n6,610,348\n기타비유동자산(보증금)\n3,959,500\n-\n-\n3,959,500\n합\xa0\xa0 계\n121,521,294\n34,525,437\n10,981,341\n167,028,072\n금융부채\n상각후원가측정금융부채\n당기손익- 공정가치측정금융부채\n합\xa0\xa0 계\n매입채무\n29,629,256\n-\n29,629,256\n기타채무(미지급금)\n4,063,205\n-\n4,063,205\n단기차입금\n7,500,000\n-\n7,500,000\n기타유동부채(미지급비용)\n8,795\n-\n8,795\n기타비유동부채(임대보증금)\n2,408,000\n-\n2,408,000\n합\xa0\xa0 계\n43,609,256\n-\n43,609,256\n4-2. 범주별 금융상품 손익은 다음과 같습니다.<당분기>\xa0\n(단위: 천원)\n금융상품\n상각후원가측정금융자산\n당기손익-공정가치측정 금융자산\n기타포괄손익-공정가치측정 금융자산\n상각후원가측정금융부채\n합\xa0 \xa0\xa0 계\n3개월\n누적\n3개월\n누적\n3개월\n누적\n3개월\n누적\n3개월\n누적\n당기손익 :\n\xa0 일반이자수익\n548,220\n1,794,455\n330,871\n748,184\n-\n-\n-\n-\n879,091\n2,542,639\n\xa0 일반이자비용\n-\n-\n-\n-\n-\n-\n(51,122)\n(157,184)\n(51,122)\n(157,184)\n\xa0 배당금수익\n-\n20,250\n-\n191,795\n-\n82,800\n-\n-\n-\n294,845\n\xa0 당기손익인식금융\xa0 자산평가이익\n-\n-\n52,857\n326,926\n-\n-\n-\n-\n52,857\n326,926\n\xa0 당기손익인식금융\xa0 자산처분손실\n-\n-\n(4)\n(17,988)\n-\n-\n-\n-\n(4)\n(17,988)\n\xa0 당기손익인식금융\xa0 자산처분이익\n-\n-\n41,651\n62,344\n-\n-\n-\n-\n41,651\n62,344\n기타포괄손익 :\xa0\n\xa0 기타포괄손익금융\xa0 자산평가이익(손실)\n-\n-\n-\n-\n(361,558)\n(3,628,354)\n-\n(361,558)\n(3,628,354)\n합\xa0 계\n548,220\n1,814,705\n425,375\n1,311,261\n(361,558)\n(3,545,554)\n(51,122)\n(157,184)\n560,915\n(576,772)\n<전분기>\xa0\n(단위: 천원)\n금융상품\n상각후원가 측정금융자산\n당기손익-공정가치측정 금융자산\n기타포괄손익-공정가치측정 금융자산\n상각후원가측정금융부채\n합\xa0 \xa0\xa0 계\n3개월\n누적\n3개월\n누적\n3개월\n누적\n3개월\n누적\n3개월\n누적\n당기손익 :\n\xa0 이자수익\n656,865\n1,901,562\n233,179\n595,619\n-\n-\n-\n-\n890,044\n2,497,181\n\xa0 이자비용\n-\n-\n-\n-\n-\n-\n(49,874)\n(146,937)\n(49,874)\n(146,937)\n\xa0 배당금수익\n-\n-\n-\n-\n-\n296,000\n-\n-\n-\n296,000\n\xa0 당기손익-공정가치\xa0 \xa0 측정금융자산 처분\xa0 이익\n-\n-\n18,500\n56,753\n-\n-\n-\n-\n18,500\n56,753\n\xa0 당기손익-공정가치\xa0 \xa0 측정금융자산 평가\xa0 이익\n-\n-\n(34,551)\n17,147\n-\n-\n-\n-\n(34,551)\n17,147\n\xa0 상각후원가측정금융\xa0 자산평가손실\n(44)\n(44)\n-\n-\n(44)\n(44)\n기타포괄손익 :\xa0\n\xa0 기타포괄손익- 공정\xa0\xa0 가치측정 금융자산\n-\n-\n-\n-\n(141,960)\n(613,470)\n-\n-\n(141,960)\n(613,470)\n합\xa0 계\n656,821\n1,901,518\n217,128\n669,519\n(141,960)\n(317,470)\n(49,874)\n(146,937)\n682,115\n2,106,630\n5. 현금 및 현금성자산 및 금융기관예치금\xa0\n5-1. 보고기간말 현재 현금 및 현금성자산의 내역은 다음과 같습니다.\n(단위: 천원)\n구\xa0\xa0 분\n당분기말\n전기말\n보유현금\n24,300\n14,214\n은행예금\n21,382,105\n16,594,179\n합\xa0\xa0 계\n21,406,405\n16,608,393\n위 현금 및 현금성자산 내역은 현금흐름표상의 현금 및 현금성자산과 동일합니다.\xa0\n5-2. 금융기관예치금\xa0보고기간말 현재 금융기관예치금 중 당좌개설, 차입금 담보 등과 관련하여 사용이 제한되어 있는 금액은 다음과 같습니다.\n(단위: 천원)\n계정과목\n사용제한의 사유\n당분기말\n전기말\n장기금융상품\n당좌개설보증금\n5,000\n6,000\n단기금융상품\n단기차입금 담보\n2,000,000\n2,000,000\n합\xa0\xa0 계\n2,005,000\n2,006,000\n6. 당기손익-공정가치측정금융자산 보고기간말 현재 당기손익-공정가치측정금융자산의 내용은 다음과 같습니다.\n(단위: 천원)\n구\xa0\xa0 분\n취득가액\n평가전장부금액\n공정가치\n장부금액\n당분기말\n전기말\n<유 동>\n코암코 부동산투자신탁 제63호\n2,000,000\n1,898,800\n1,920,780\n1,920,780\n-\n벨에포크 ART1호 펀드\n2,000,000\n2,000,000\n2,019,320\n2,019,320\n-\n메테우스 대체투자신탁\n2,000,000\n2,000,000\n2,014,879\n2,014,879\n-\n목동 제일시장 재건축 담보대출펀드\n1,410,000\n1,410,000\n1,435,682\n1,435,682\n-\n신한 명품스마트 전단채 랩펀드\n2,000,000\n2,000,000\n2,027,228\n2,027,228\n-\nPIM메자닌알파 전문투자형 신탁3호\n2,000,000\n2,000,000\n2,035,820\n2,035,820\n-\n한국산업단지공단 신용연계증권\n2,000,000\n2,000,000\n2,000,936\n2,000,936\n-\nPIM메자닌알파 전문투자형 사모투자\n2,000,000\n2,000,000\n2,100,620\n2,100,620\n-\n코넥스 하이일드 공모주펀드\n2,000,000\n2,000,000\n2,012,611\n2,012,611\n-\n옵티머스 투자형사모투자신탁 제5호\n2,000,000\n2,000,000\n2,016,820\n2,016,820\nGS건설 공사대금 유동화\n1,000,000\n1,001,453\n1,001,443\n1,001,443\n-\n롯데상사 대출펀드\n2,000,000\n2,000,000\n2,001,160\n2,001,160\n-\n더프랫폼 아시아무역금융펀드\n2,000,000\n2,000,000\n2,040,297\n2,040,297\n-\n동탄테크노밸리 분양대금담보대출펀드\n-\n-\n-\n-\n1,958,348\n파생결합증권(DLS 1,073호)\n-\n-\n-\n-\n3,012,000\nLH 신용연계증권\n-\n-\n-\n-\n2,001,600\n세운개발산업 대출 펀드\n-\n-\n-\n-\n3,016,380\n소\xa0\xa0 계\n24,410,000\n24,310,253\n24,627,596\n24,627,596\n9,988,328\n<비유동>\n전문건설공제조합 출자금\n4,615,172\n5,039,265\n5,106,387\n5,106,387\n5,039,265\n건설공제조합 출자금\n9,018,050\n9,630,790\n9,627,150\n9,627,150\n9,630,790\n당진시산림조합 출자금\n849\n849\n849\n849\n553\n유경PSG 홈플러스 부동산펀드\n2,020,000\n2,001,800\n2,039,540\n2,039,540\n2,001,800\n하나금융지주 조건부 자본증권\n3,145,264\n3,145,264\n3,155,400\n3,155,400\n-\n코스닥 벤처펀드\n2,000,000\n1,913,851\n1,900,950\n1,900,950\n1,913,851\nNH 더플랫폼 세컨더리투자 펀드\n2,000,000\n2,000,000\n2,033,405\n2,033,405\n-\n이화사모부동산투자신탁 33호\n2,000,000\n2,000,000\n2,045,938\n2,045,938\n-\n볼보코리아 매출채권 담보부\n2,000,000\n2,000,000\n1,970,443\n1,970,443\n-\n사모ELS 19-007호\n2,000,000\n2,000,000\n1,980,198\n1,980,198\n-\n에이원 사모투자신탁\n2,000,000\n2,000,000\n1,995,744\n1,995,744\n-\nFG AUS GREEN 부동산펀드\n9,790\n9,353\n9,366\n9,366\n9,563\n우리은행 조건부 자본증권\n1,015,971\n1,061,727\n1082767\n1082767\n1,061,727\n브라질 국채신탁\n2,000,000\n2,000,000\n1,864,345\n1,864,345\n-\n유암코기업리바운스 제칠차 사모투자펀드\n280,000\n280,000\n280,000\n280,000\n-\n코암코부동산투자신탁 펀드\n-\n-\n-\n-\n1,898,800\nGS건설 공사대금 유동화\n-\n-\n-\n-\n1,001,453\n㈜화승 ABS 펀드\n-\n-\n-\n-\n1,979,307\n소\xa0\xa0 계\n34,105,096\n35,082,899\n35,092,482\n35,092,482\n24,537,109\n합\xa0\xa0 계\n58,515,096\n59,393,152\n59,720,078\n59,720,078\n34,525,437\n당기손익-공정가치측정금융자산평가이익 326,926천원은 금융수익에 반영하였습니다.\n7. 기타포괄손익-공정가치측정금융자산 \n7-1.\xa0보고기간말 현재 기타포괄손익-공정가치측정금융자산 중 시장성 있는 지분증권의 내용은 다음과 같습니다.\n(단위: 천원)\n회 사 명\n보유주식수\n(주)\n취득원가\n장부금액\n당분기말\n전기말\n㈜에너토크\n880,000\n4,399,566\n3,423,200\n3,625,600\n기타포괄손익-공정가치측정금융자산의 평가손실(누계)은 976,366천원이며, 이에 대한 법인세효과(22%)를 차감한 잔액 761,565천원(누계)을 기타포괄손익누계액에 계상하였습니다.\n7-2. 기타포괄손익-공정가치측정금융자산 중 시장성 없는 지분증권의 내용은 다음과 같습니다.\n(단위: 천원)\n회 사 명\n보유주식수\n(좌, 주)\n지분율(%)\n취득원가\n장부금액\n당분기말\n전기말\n㈜삼호AMC\n4,444\n10.00\n70,000\n-\n-\n탱크소프트㈜\n250,000\n4.85\n250,000\n1\n1\n㈜동부월드\n24,270\n0.15\n364,056\n242,700\n242,700\n행복유화㈜\n2,400\n4.00\n12,000\n12,000\n12,000\n㈜써포텍\n100,000\n10.00\n1,340,004\n1,356,700\n1,356,700\n내포그린에너지㈜\n1,400,000\n9.99\n7,000,000\n-\n5,200,000\n경남기업㈜\n172\n0.00\n21,395\n860\n860\n경원실업 우선주\n1,728\n0.14\n172,800\n172,800\n172,800\n㈜벗이\n5,520\n17.60\n26,400\n26,400\n27,600\n㈜동양건설산업\n-\n-\n-\n-\n2,965\n㈜한원레저\n-\n-\n-\n-\n82,800\nSG신성건설㈜\n-\n-\n-\n-\n235\n유암코PEF\n-\n-\n-\n-\n93,750\nJTBC\n-\n-\n-\n-\n159,000\n풍림산업(주)\n-\n-\n-\n-\n4,330\n합\xa0 \xa0\xa0 계\n9,256,655\n1,811,461\n7,355,741\n상기 시장성 없는 지분증권은 활성시장에서 공시되는 시장 가격이 없고 공정가치를 신뢰성 있게 측정할 수 없어 취득원가로 평가하였습니다. 단, 일부 지분증권에 대해서는 경제적 여건 등의 사유로 현재 시점의 자산의 가치를 반영하지 못하여 손상처리하여\xa0기타포괄손익누계액에 반영하였습니다.\xa0기타포괄손익-공정가치측정금융자산평가손실(누계)은\xa07,445,194천원이며, 이에 대한 법인세효과(22%)를 차감한 잔액\xa05,807,251천원(누계)을 기타포괄손익누계액에 계상하였습니다.\n8. 상각후원가측정금융자산 \n8-1. 보고기간말 현재 상각후원가측정금융자산의 내용은 다음과 같습니다.\n(단위: 천원)\n종목명\n취득원가\n조정가액(*)\n공정가치\n장부금액\n당분기말\n전기말\n<유 동>\n대한항공 ABS\n2,029,600\n(26,647)\n2,002,953\n2,002,953\n-\n(주)이테크건설 회사채\n3,007,500\n(3130)\n3,004,370\n3,004,370\n-\n리드코프 담보부채권\n2,021,800\n(8,822)\n2,012,978\n2,012,978\n-\n대륜E&S 유동화 사모사채\n3,000,000\n-\n3,000,000\n3,000,000\n-\n(주)휴맥스 회사채\n2,009,600\n(4,798)\n2,004,802\n2,004,802\n-\n리드코프 담보부채권\n-\n-\n-\n-\n2,002,208\n(주)리드코프 CP\n-\n-\n-\n-\n1,943,802\n아시아나 ABS\n-\n-\n-\n-\n3,009,402\n대한항공 ABS\n-\n-\n-\n-\n2,000,610\n대한토지신탁(주) 회사채\n-\n-\n-\n-\n2,002,808\n효성캐피탈㈜ 회사채\n-\n-\n-\n-\n3,004,845\nSM상선㈜ ABCP\n-\n-\n-\n-\n1,961,534\n두산인프라코어 CP\n-\n-\n-\n-\n2,990,504\n소\xa0\xa0 계\n12,068,500\n(43,397)\n12,025,103\n12,025,103\n18,915,713\n<비유동>\n국공채\n363,460\n-\n363,460\n363,460\n249,120\n진양개발 우선주\n1,350,000\n-\n1,350,000\n1,350,000\n1,350,000\n대한항공ABS\n-\n-\n-\n-\n2,011,228\n대륜E&S 유동화 사모사채\n-\n-\n-\n-\n3,000,000\n소\xa0\xa0 계\n1,713,460\n-\n1,713,460\n1,713,460\n6,610,348\n합\xa0\xa0 계\n13,781,960\n(43,397)\n13,738,563\n13,738,563\n25,526,061\n(*)\xa0조정가액은 취득원가와 액면가액이 다른 경우 그 차액을 상환기간에 걸쳐 유효이자율법을 적용하여 가감한 가액입니다.\n9.\xa0매출채권 및 기타채권 \n9-1. 매출채권 및 기타채권의 장부금액과 대손충당금\n(단위: 천원)\n계정과목\n당분기말\n전기말\n채권액\n대손충당금\n장부금액\n채권액\n대손충당금\n장부금액\n매출채권\n20,696,018\n(49,146)\n20,646,872\n35,406,600\n(44,662)\n35,361,938\n기타채권\n565,866\n-\n565,866\n994,202\n-\n994,202\n합\xa0 계\n21,261,884\n(49,146)\n21,212,738\n36,400,802\n(44,662)\n36,356,140\n9-2. 보고기간말 현재 기타채권의 장부금액은 다음과 같습니다.\n\xa0(단위: 천원)\n계정과목\n당분기말\n전기말\n단기미수금\n565,866\n994,202\n9-3. 보고기간말 현재\xa0 매출채권과 기타채권의 공정가치는 장부금액과 동일합니다.\n9-4. 보고기간말 현재 매출채권 및 기타채권의 연령은 아래와 같습니다.<당분기말>\n(단위: 천원)\n구\xa0 분\n만기미경과채권\n연체되었으나 손상되지 않은 채권(*1)\n손상채권(*2)\n합\xa0 계\n3개월 이하\n4~6개월\n6개월초과\n3개월 이하\n4~6개월\n6개월초과\n매출채권\n20,646,872\n-\n-\n-\n-\n-\n49,146\n20,696,018\n기타채권(유동)\n565,866\n-\n-\n-\n-\n-\n-\n565,866\n합\xa0 계\n21,212,738\n-\n-\n-\n-\n-\n49,146\n21,261,884\n(*1) 연체되었으나 손상되지 않은 채권은 최근 부도기록이 없는 등 회수가능성이 높은 업체에 대한 채권입니다.\n(*2) 보고기간말 현재 매출채권과 관련하여 설정된 충당금은 49,146천원 입니다.\n<전기말>\n(단위: 천원)\n구\xa0 분\n만기미경과채권\n연체되었으나 손상되지 않은 채권(*1)\n손상채권(*2)\n합\xa0 계\n3개월 이하\n4~6개월\n6개월초과\n3개월 이하\n4~6개월\n6개월초과\n매출채권\n35,361,938\n-\n-\n-\n-\n-\n44,662\n35,406,600\n기타채권(유동)\n994,202\n-\n-\n-\n-\n-\n-\n994,202\n합\xa0 계\n36,356,140\n-\n-\n-\n-\n-\n44,662\n36,400,802\n(*1) 연체되었으나 손상되지 않은 채권은 최근 부도기록이 없는 등 회수가능성이 높은 업체에 대한 채권입니다.\n(*2) 전기말 매출채권과 관련하여 설정된 충당금은 44,662천원 입니다.\n9-5. 당사는 약정 회수기일로부터 연체된 채권에 대해서 연령 분석 및 경험률에 근거한 대손충당금을 설정하고 있습니다. 9-6. 당사는 채무자의 부도 및 파산 등 회수가 불확실한 채권을 손상채권으로 분류합니다. 손상채권은 화의채권 및 기타 사고채권으로 구분되며 화의채권은 예상 변제금액을 고려하여 손상평가를 수행하고, 기타 사고채권은 담보의 종류 및 금액을 고려하여 손상차손을 인식합니다.\xa0\n9-7. 당분기와 전기 중 대손충당금의 변동내역은 다음과 같습니다.<당분기>\n(단위: 천원)\n구\xa0\xa0 분\n기\xa0\xa0 초\n대손상각비\n대손충당금환입\n대손처리\n기\xa0\xa0 말\n매출채권\n44,662\n4,484\n-\n-\n49,146\n<전기>\n(단위: 천원)\n구분\n기초금액\n대손상각비\n대손충당금환입\n대손처리\n기말금액\n매출채권\n888,212\n28,951\n(77,737)\n(794,764)\n44,662\n기타채권(유동)\n166,527\n-\n(4,235)\n(162,292)\n-\n합\xa0 계\n1,054,739\n28,951\n(81,972)\n(957,056)\n44,662\n보고기간말 현재 매출채권과\xa0기타채권의\xa0신용위험의 최대노출금액은 장부금액 전액입니다.\xa0손상된 매출채권에 대한 대손충당금 설정액은 손익계산서상\xa0판매비와관리비에\xa0포함되어 있습니다.\n10.\xa0재고자산\xa0\n10-1. 보고기간말 현재 재고자산의 내역은 다음과 같습니다.\n(단위: 천원)\n구\xa0\xa0 분\n당분기말\n전기말\n제\xa0 \xa0 \xa0\xa0 품\n511,598\n565,584\n원\xa0 재\xa0 료\n3,888,201\n3,271,073\n저\xa0 장\xa0 품\n69,346\n59,020\n가\xa0 설\xa0 재\n4,127,237\n3,789,646\n조경 수목\n107,851\n85,559\n용\xa0 \xa0 \xa0\xa0 지\n8,541,534\n8,540,757\n합\xa0 \xa0 \xa0\xa0 계\n17,245,767\n16,311,639\n10-2.\xa0당분기 중\xa0매출원가로 비용 인식한 재고자산과 관련된 원가는 46,530,340천원(전분기: 38,018,481천원)입니다.\n11.\xa0유형자산\xa0\n11-1. 유형자산의 세부내역은 다음과 같습니다.\n(단위: 천원)\n구분\n토지\n건물\n구축물\n기계장치\n기타의유형자산\n건설중인자산\n합\xa0\xa0 계\n<당분기말>\n취득원가\n22,395,650\n1,616,328\n233,946\n8,741,484\n5,877,062\n1,482\n38,865,952\n감가상각누계액\n-\n(550,003)\n(233,946)\n(8,137,620)\n(4,292,356)\n-\n(13,213,925)\n순장부금액\n22,395,650\n1,066,325\n-\n603,864\n1,584,706\n1,482\n25,652,027\n<전기말>\n취득원가\n22,395,650\n1,616,328\n233,946\n8,726,784\n5,377,455\n1,482\n38,351,645\n감가상각누계액\n-\n(519,697)\n(233,946)\n(8,009,527)\n(4,136,407)\n-\n(12,899,577)\n순장부금액\n22,395,650\n1,096,631\n-\n717,257\n1,241,048\n1,482\n25,452,068\n11-2. 유형자산 장부금액의 변동내역<당분기>\n(단위: 천원)\n구분\n토지\n건물\n기계장치\n기타의유형자산\n건설중인자산\n합계\n기초\n22,395,650\n1,096,631\n717,257\n1,241,048\n1,482\n25,452,068\n취득\n-\n-\n14,700\n720,737\n-\n735,437\n대체\n-\n-\n-\n-\n-\n-\n처분\n-\n-\n-\n(11,282)\n-\n(11,282)\n감가상각비\n-\n(30,306)\n(128,093)\n(365,797)\n-\n(524,196)\n기말\n22,395,650\n1,066,325\n603,864\n1,584,706\n1,482\n25,652,027\n<전기>\n(단위: 천원)\n구분\n토지\n건물\n기계장치\n기타의유형자산\n건설중인자산\n합계\n기초\n21,594,930\n1,137,039\n255,941\n1,161,184\n-\n24,149,094\n취득\n800,720\n-\n589,799\n491,409\n4,318\n1,883,410\n대체\n-\n-\n-\n-\n(2,836)\n(2,836)\n처분\n-\n-\n(4)\n(7)\n-\n(11)\n감가상각비\n-\n(40,408)\n(128,479)\n(411,538)\n-\n(580,425)\n기말\n22,395,650\n1,096,631\n717,257\n1,241,048\n1,482\n25,452,068\n(*) 건설중인자산의 대체 내역은 전액 재고자산(용지)으로 대체 되었습니다.\n11-3. 감가상각비 중 매출원가에 435,008천원(전분기: 352,646천원),\xa0판매비와관리비에 89,188천원(전분기 : 82,231천원)이 포함되어 있습니다.11-4. 토지와 건물의 일부는 산업은행 서초지점에 운영자금 차입금 30억 및 당좌차월약정금액 9억에 대하여 담보(65억)로 제공되어 있으며, 그 장부금액은 11,363,675천원 입니다.\n11-5. 보유토지의 공시지가\n(단위: 천원)\n소\xa0\xa0 재\xa0\xa0 지\n면적(㎡)\n장부금액\n공시지가\n당분기말\n전기말\n당분기말\n전기말\n충남 당진시 면천면 사기소리 355-4번지 외 39필지\n356,879\n11,706,822\n11,706,822\n4,797,002\n4,648,369\n충남 아산시 염치읍 서원리 31-17번지 외 6필지\n11,383\n1,406,268\n1,406,268\n1,045,976\n982,360\n서울 서초구 방배동\xa0 삼호빌딩\n829\n9,282,560\n9,282,560\n8,677,536\n8,108,151\n합\xa0\xa0 계\n369,091\n22,395,650\n22,395,650\n14,520,514\n13,738,880\n11-6. 적격자산인 유형자산에 대한 자본화 차입원가는 없습니다.\xa0\n12. 투자부동산\n12-1.\xa0투자부동산의 장부금액의 변동내역은 다음과 같습니다.\n(단위: 천원)\n구 분\n당분기말\n전기말\n토지\n건물\n합계\n토지\n건물\n합계\n기초 순장부금액\n4,245,020\n5,585,284\n9,830,304\n4,245,020\n5,784,464\n10,029,484\n\xa0 \xa0 취득원가\n4,924,171\n7,967,176\n12,891,347\n4,924,171\n7,967,176\n12,891,347\n\xa0 \xa0 감가상각누계액\n-\n(1,383,718)\n(1,383,718)\n-\n(1,184,538)\n(1,184,538)\n\xa0 \xa0 손상차손누계액\n(679,151)\n(998,174)\n(1,677,325)\n(679,151)\n(998,174)\n(1,677,325)\n변동내용 :\n\xa0\xa0 취득\n-\n-\n-\n-\n-\n-\n\xa0\xa0 타자산에서 대체(*)\n-\n-\n-\n-\n-\n-\n\xa0\xa0 손상차손\n-\n-\n-\n-\n-\n-\n\xa0\xa0 처분\n-\n-\n-\n-\n-\n-\n\xa0\xa0 감가상각\n-\n(149,384)\n(149,384)\n-\n(199,180)\n(199,180)\n기말순장부금액\n4,245,020\n5,435,900\n9,680,920\n4,245,020\n5,585,284\n9,830,304\n\xa0\xa0 취득원가\n4,924,171\n7,967,176\n12,891,347\n4,924,171\n7,967,176\n12,891,347\n\xa0\xa0 감가상각누계액\n-\n(1,533,102)\n(1,533,102)\n-\n(1,383,718)\n(1,383,718)\n\xa0\xa0 손상차손누계액\n(679,151)\n(998,174)\n(1,677,325)\n(679,151)\n(998,174)\n(1,677,325)\n투자부동산의 감가상각비 149,384천원(전분기: 149,384천원)은 전액 판매비와관리비에 계상되었습니다.\n12-2. 보고기간말 현재 투자부동산의 공정가치는 다음과 같습니다.\n(단위: 천원)\n구\xa0 분\n당분기말\n장부금액\n공정가치\n대구 달서구 감삼동 코오롱아파트 1채\n269,934\n465,000\n서울 종로구 적선동 쌍용플래티넘 오피스텔 1채\n149,535\n315,000\n충북 청주시 상당구 북문로1가 씨유멀티플렉스\n2,136,316\n2,149,378\n대전 대덕구 석봉동 770 풍림금강엑슬루타워 2채\n688,214\n685,000\n대전 유성구 지족동 상가 1층 점포\n1,890,422\n1,899,911\n인천 연수구 송도 코오롱 아파트 2채\n1,126,738\n980,000\n인천 연수구 송도 코오롱 오피스텔 8채\n1,357,515\n1,640,000\n강원 평창군 대관령면 용산리 용평버치힐 2채\n1,062,224\n1,000,000\n경기 수원시 장안구 정자동 SK아파트 1채\n559,473\n600,000\n강원도 평창군 대관령면 솔봉로 471 풍림콘도 1채\n440,549\n443,390\n합\xa0\xa0 계\n9,680,920\n10,177,679\n투자부동산은 집합건물(아파트 등)로서 토지와 건물로 구분하여 공정가치를 신뢰성있게 측정할 수 없어 통합표시 하였으며, 일부 투자부동산은\xa0 매매사례가 없고 공신력있는 공시가격이 없는 바 공정가치를 신뢰성있게 측정할 수 없어 장부금액으로 표시되었습니다.12-3.\xa0투자부동산과 관련하여 당분기 중 손익계산서에 인식된 금액은\xa0임대수익\xa0233,284천원(전분기: 281,129천원)과\xa0임대수익이 발생하는 투자부동산에 대한 직접운용비용 62,716천원(전분기: 45,577천원)이며, 임대수익이 발생하지 않은 투자부동산에 대한\xa0운영비용은 3,539천원(전분기: 없음) 입니다. 12-4. 당분기중 적격자산인 투자부동산에 대해 자본화된 차입원가는 없습니다.\n13. 리스사용권자산 13-1. 보고기간말 현재 리스사용권자산의 내역은 다음과 같습니다.\n<당분기>\n(단위: 천원)\n구분\n차량\n건물\n토지\n합계\n기초장부가액(*)\n677,811\n576,468\n100,206\n1,354,485\n증가(감소)\n337,197\n65,742\n424,429\n827,368\n감가상각비\n(258,916)\n(167,451)\n(22,378)\n(448,745)\n기말장부가액\n756,092\n474,759\n502,257\n1,733,108\n(*)기업회계기준서 제1116호 \'리스\' 규정 적용에 따라 \'리스사용권자산\'을 최초 인식하였고, 기준서의 경과규정에 따라 2019년 1월 1일에 최초 적용하였습니다. 13-2. 단기리스 및 소액자산리스에 해당하여 당기 비용으로 인식한 금액은 복합기 임차료 등 3,240천원입니다. 13-3. 감가상각비는 매출원가에\xa0 412,599천원,\xa0\xa0판매비와관리비에 36,146천원이 계상되어 있습니다. \n14. 무형자산 14-1.\xa0무형자산의 세부 내역은 다음과 같습니다.\n(단위: 천원)\n구 분\n당분기말\n전기말\n회원권(골프)\n회원권(기타)\n특허권\n합계\n회원권(골프)\n회원권(기타)\n특허권\n합계\n취득원가\n476,029\n4,771\n35,159\n515,959\n476,029\n4,771\n35,159\n515,959\n감가상각누계액\n-\n-\n(20,821)\n(20,821)\n-\n-\n(17,054)\n(17,054)\n손상차손누계액\n(269,267)\n-\n-\n(269,267)\n(269,267)\n-\n-\n(269,267)\n순장부금액\n206,762\n4,771\n14,338\n225,871\n206,762\n4,771\n18,105\n229,638\n회원권은 내용연수가 비한정인 무형자산으로 상각하지 아니하였습니다. 다만, 동 무형자산에 대한 손상검사를 수행하며, 동 자산의 내용연수가 비한정이라는 평가를 계속하여 정당화 하는지를 매 회계기간에 재검토하고 있습니다.\xa0특허권에 대한 당분기 감가상각비 3,767천원(전분기: 3,767천원)은\xa0전액 판매비와관리비에 계상되었습니다.\n14-2. 무형자산 장부금액의 변동내역은 다음과 같습니다.\n(단위: 천원)\n구 분\n당분기\n전기말\n회원권(골프)\n회원권(기타)\n특허권\n합\xa0 계\n회원권(골프)\n회원권(기타)\n특허권\n합\xa0 계\n기초 순장부금액\n206,762\n4,771\n18,105\n229,638\n206,762\n4,771\n23,128\n234,661\n취득\n-\n-\n-\n-\n-\n-\n-\n-\n상각\n-\n-\n(3,767)\n(3,767)\n-\n-\n(5,023)\n(5,023)\n손상\n-\n-\n-\n-\n-\n-\n-\n-\n처분\n-\n-\n-\n-\n-\n-\n-\n-\n대체\n-\n-\n-\n-\n-\n-\n-\n-\n기말 순장부금액\n206,762\n4,771\n14,338\n225,871\n206,762\n4,771\n18,105\n229,638\n15.\xa0종속기업 및 관계기업투자 15-1.\xa0보고기간말 현재 종속기업 및 관계기업투자 현황은 다음과 같습니다.\n구분\n회\xa0\xa0 사\xa0\xa0 명\n업\xa0\xa0 종\n지\xa0 \xa0 \xa0 역\n당분기말\n전기말\n지분율(%)\n장부금액\n지분율(%)\n장부금액\n종속기업\n삼호그린인베스트먼트㈜\n창업투자회사\n대한민국\n100.00\n15,000,000\n100.00\n15,000,000\n삼호코넨㈜\n건설업\n대한민국\n54.51\n1,910,000\n54.51\n1,910,000\nSGI-신성장메짜닌펀드(*1)\n창업투자조합\n대한민국\n80.00\n4,000,000\n80.00\n4,000,000\nSGI-세컨더리투자조합2호(*1)\n창업투자조합\n대한민국\n47.62\n4,000,000\n47.62\n4,000,000\n소\xa0 \xa0 \xa0\xa0 계\n24,910,000\n-\n24,910,000\n관계기업\nKoFc-SGI녹색산업투자조합 제1호(*2)\n창업투자조합\n대한민국\n5.00\n1,300,000\n5.00\n1,300,000\nPosco-SGI Falcon 제약바이오Secondary조합1호(*2)\n창업투자조합\n대한민국\n9.09\n1,000,000\n9.09\n1,000,000\n삼호환경기술㈜\n폐자원에너지 제조/판매\n대한민국\n38.97\n5,401,000\n38.97\n5,401,000\n소\xa0 \xa0 \xa0\xa0 계\n7,701,000\n-\n7,701,000\n\xa0 \xa0 \xa0 \xa0 \xa0\xa0 합\xa0 \xa0 \xa0\xa0 계\n32,611,000\n-\n32,611,000\n(*1) 종속기업인 삼호그린인베스트먼트㈜와 당사가 보유한 지분율을 합산하면 SGI-신성장메짜닌펀드는 100%, SGI-세컨더리투자조합2호는 65.4%인 종속기업입니다.\n(*2) KoFc-SGI녹색산업투자조합 제1호 및 Posco-SGI Falcon 제약바이오 Secondary조합1호에 대한 당사 지분율은 20%미만이지만, 종속기업인 삼호그린인베스트먼트㈜의 관계기업이므로 관계기업투자자산으로 분류하였습니다.\n15-2. 종속기업\xa0및 관계기업투자의 증감 내역은 다음과 같습니다.\n(단위: 천원)\n구 분\n당분기\n전기\n기초 장부금액\n32,611,000\n34,227,400\n취득 등\n-\n-\n처분\n-\n(1,616,400)\n기말 장부금액\n32,611,000\n32,611,000\n15-3. 종속기업 및 관계기업투자의 취득 및 처분 내역은 다음과 같습니다.\n(단위: 천원)\n구\xa0\xa0 분\n회 사 명\n당분기\n전\xa0 기\n<처\xa0\xa0 분>\n관계기업\nAIP자산운용㈜(구, FG자산운용)\n-\n(1,616,400)\n15-4. 종속기업 및 관계기업에 대한 보고기간말 현재 및 동일로 종료되는 회계연도의 주요 재무정보는 다음과 같습니다.\n<당분기>\n(단위: 천원)\n구분\n회사명\n자산\n부채\n자본\n매출액\n순이익(순손실)\n종속기업\n삼호그린인베스트먼트㈜\n13,053,877\n566,840\n12,487,037\n2,250,655\n1,064,237\n삼호코넨㈜\n556,284\n349,225\n207,059\n92,353\n(200,449)\nSGI-신성장메짜닌펀드\n5,083,631\n87,592\n4,996,039\n4,559\n(85,660)\nSGI-세컨더리투자조합2호\n8,276,509\n42,000\n8,234,509\n25\n(67,195)\n관계기업\nKoFC-SGI녹색산업투자조합 제1호\n17,947,449\n500,000\n17,447,449\n16,720\n11,718\nPosco-SGI Falcon 제약바이오 Secondary조합1호\n10,593,460\n-\n10,593,460\n8,001\n(120,287)\n삼호환경기술㈜(*)\n19,020,177\n14,615,876\n4,404,301\n8,632,883\n(837,645)\n(*) 삼호환경기술(주)는 연결재무제표를 기준으로 작성하였습니다.\n<전기>\n(단위: 천원)\n구분\n회사명\n자산\n부채\n자본\n매출액\n순이익(순손실)\n종속기업\n삼호그린인베스트먼트㈜\n11,928,345\n505,545\n11,422,800\n2,644,553\n975,688\n삼호코넨㈜\n517,313\n109,805\n407,508\n102,500\n(298,039)\nSGI-신성장메짜닌펀드\n5,166,218\n84,518\n5,081,700\n6,100\n(118,010)\nSGI-세컨더리투자조합2호\n12,016,473\n-\n12,016,473\n243\n(90,863)\n관계기업\nKoFC-SGI녹색산업투자조합 제1호\n10,713,747\n-\n10,713,747\n11,344\n(160,883)\nPosco-SGI Falcon 제약바이오 Secondary조합1호\n18,139,333\n703,602\n17,435,731\n139,502\n(967,809)\n삼호환경기술㈜(*)\n24,675,537\n14,790,538\n9,884,999\n9,096,317\n(2,163,933)\n(*) 삼호환경기술(주)는 연결재무제표를 기준으로 작성하였습니다.\n16.\xa0기타자산\xa0\n(단위: 천원)\n계정과목\n당분기말\n전기말\n<유동성>\n선급금\n4,387,905\n2,262,367\n선급비용\n399,882\n383,256\n미수수익\n1,166,756\n1,129,210\n소\xa0 계\n5,954,543\n3,774,833\n<비유동성>\n장기보증금\n4,028,059\n3,959,500\n장기선급비용\n578,123\n706,209\n소\xa0 계\n4,606,182\n4,665,709\n합\xa0 계\n10,560,725\n8,440,542\n17. 매입채무 및\xa0기타채무 \n(단위: 천원)\n구\xa0 \xa0 분\n계정과목\n당분기말\n전기말\n매입채무\n공사미지급금\n22,287,705\n28,417,092\n외상매입금\n217,992\n283,926\n건기미지급금\n67,072\n30,085\n조경미지급금\n3,520\n3,200\n지급어음\n385,665\n894,953\n소\xa0 \xa0 \xa0 계\n22,961,954\n29,629,256\n기타채무\n단기미지급금\n2,604,713\n4,063,205\n합\xa0 \xa0 \xa0 계\n25,566,667\n33,692,461\n18. 단기차입금 \n(단위: 천원)\n구 분\n차입처\n최장만기일\n연이자율(%)\n장부금액\n당분기말\n전기말\n일반대출\n전문건설공제조합\n2020.05.09\n1.50\n1,000,000\n1,000,000\n신한은행\n2020.07.28\n3.32\n2,000,000\n2,000,000\n산업은행\n2020.08.27\n2.63\n3,000,000\n3,000,000\n우리은행\n2019.10.23\n2.19\n1,500,000\n1,500,000\n합\xa0\xa0 계\n7,500,000\n7,500,000\n19. 확정급여부채\xa019-1. 보고기간말 현재 확정급여부채와 관련하여 재무상태표에 인식된 금액은 다음과\xa0같습니다.\n(단위: 천원)\n구\xa0\xa0 분\n당분기말\n전기말\n확정급여부채의 현재가치\n17,080,273\n12,577,616\n사외적립자산의 공정가치\n(14,326,915)\n(10,261,682)\n국민연금전환금\n(10,090)\n(10,090)\n합\xa0\xa0 계\n2,743,268\n2,305,844\n19-2. 보고기간말 현재 확정급여부채와 관련하여 손익계산서에 인식된 금액은 다음과 같습니다.\n(단위: 천원)\n구\xa0\xa0 분\n당 분 기\n전 분 기\n당기근무원가\n1,223,037\n1,113,811\n이자비용\n199,248\n206,721\n사외적립자산의 기대수익\n(191,814)\n(206,488)\n종업원 급여에 포함된 총 비용\n1,230,471\n1,114,044\n19-3. 확정급여부채의 변동내역\n(단위: 천원)\n구\xa0\xa0 분\n당 분 기\n전\xa0 기\n기초금액\n12,577,616\n10,955,428\n당기근무원가\n1,223,037\n3,328,161\n이자원가\n199,248\n275,628\n보험수리적(이익)손실\n-\n795,055\n급여지급액\n(323,843)\n(2,996,112)\n계열사간 이동으로 전출입된 채무 등\n3,404,215\n219,456\n기말금액\n17,080,273\n12,577,616\n19-4. 사외적립자산 공정가치의 변동\n\xa0(단위: 천원)\n구\xa0\xa0 분\n당 분 기\n전\xa0 기\n기초금액\n10,261,682\n9,314,874\n사외적립자산의 운용수익\n119,205\n275,318\n보험수리적손익\n-\n(160,612)\n회사기여금납부액\n4,102,259\n1,581,259\n급여지급액\n(156,231)\n(749,157)\n기말금액(*)\n14,326,915\n10,261,682\n(*) 보고기간말 현재 당사의 사외적립자산은 정기예금 및 기타금융 상품에 투자되고 있습니다.\n19-5. 주요 보험수리적 가정\n구 분\n당분기말\n전기말\n할인율(%)(*)\n2.60\n2.60\n사외적립자산의 기대수익률\n-\n-\n미래임금상승률(물가상승률 포함)(%)\n5.80\n5.80\n(*) 사용한 할인율은 당사의 퇴직급여채무의 평균예상잔여근무기간을 고려하여 공모무보증회사채(AA+)를 적용하여 할인율을 산정하였습니다.\n19-6. 보고기간말 현재 주요 가정의 변동에 따른 확정급여채무의 민감도 분석은 다음과 같습니다.\n구 분\n당분기말\n전기말\n임금상승률:\n\xa0\xa0 1% 증가\n6.3% 증가\n6.3% 증가\n\xa0\xa0 1% 감소\n5.7% 감소\n5.7% 감소\n할인율 :\n\xa0\xa0 1% 증가\n5.8% 감소\n5.8% 감소\n\xa0\xa0 1% 감소\n6.5% 증가\n6.5% 증가\n20. 리스부채보고기간말 현재 리스부채의 내역은 다음과 같습니다.\n(단위: 천 원)\n구분\n기초\n증감\n유동성대체\n상각\n당분기말\n<유동>\n차량리스부채\n360,138\n89,670\n219,870\n(251,504)\n418,174\n건물리스부채\n189,589\n26,798\n91,950\n(116,740)\n191,597\n토지리스부채\n44,851\n405,611\n(406,156)\n(15,442)\n28,864\n소\xa0\xa0 계\n594,578\n522,079\n(94,336)\n(383,686)\n638,635\n<비유동>\n차량리스부채\n317,673\n247,527\n(219,870)\n-\n345,330\n건물리스부채\n230,190\n27,581\n(91,950)\n-\n165,821\n토지리스부채\n51,248\n-\n406,156\n-\n457,404\n소\xa0\xa0 계\n599,111\n275,108\n94,336\n-\n968,555\n합\xa0\xa0 계\n1,193,689\n797,187\n-\n(383,686)\n1,607,190\n(*)기업회계기준서 제1116호 \'리스\' 규정 적용에 따라 \'리스부채\'를 최초 인식하였고, 기준서의 경과규정에 따라 2019년 1월 1일에 최초 적용하였습니다. \n21. 기타부채\xa0보고기간말 현재 기타부채의 내역은 다음과 같습니다.\n(단위: 천원)\n계정과목\n당분기말\n전기말\n<유동>\n예수금\n1,799,267\n1,969,369\n미지급비용\n7,993\n8,795\n부가가치세예수금\n1,892,025\n1,793,989\n소\xa0\xa0 계\n3,699,285\n3,772,153\n<비유동>\n임대보증금\n2,410,000\n2,408,000\n합\xa0\xa0 계\n6,109,285\n6,180,153\n22. 하자보수충당부채당분기 및 전기 중 하자보수충당부채의 변동내역은 다음과 같습니다.\n<당분기>\n(단위: 천원)\n구\xa0 분\n기\xa0 초\n순전입액\n사용액\n기\xa0 말\n하자보수충당부채\n1,476,794\n1,901,458\n(625,100)\n2,753,152\n<전기>\n(단위: 천원)\n구\xa0 분\n기\xa0 초\n순전입액\n사용액\n기\xa0 말\n하자보수충당부채\n1,677,803\n578,840\n(779,849)\n1,476,794\n23. 납입자본 23-1. 자본금 및 자본잉여금 내역\n(단위: 천원, 주)\n구\xa0 분\n보통주 자본금\n자본잉여금\n주식수(주)\n금\xa0 액\n주식발행초과금\n자기주식처분이익\n신주인수권대가\n합\xa0 계\n2018.01.01(전기초)\n25,000,000\n12,500,000\n19,470,878\n4,288,637\n140,350\n23,899,865\n2018.12.31(전기말)\n25,000,000\n12,500,000\n19,470,878\n4,288,637\n140,350\n23,899,865\n2019.09.30(당분기말)\n25,000,000\n12,500,000\n19,470,878\n4,288,637\n140,350\n23,899,865\n23-2. 보고기간말 현재 발행주식수 내역\n(단위: 원, 주)\n구\xa0 분\n당분기말\n전 기 말\n발행할 주식의 총수(보통주)(주)\n40,000,000\n40,000,000\n보통주 주당 액면가액(원)\n500\n500\n발행한 보통주 주식의 수(주)\n25,000,000\n25,000,000\n자본금(원)\n12,500,000,000\n12,500,000,000\n24. 기타포괄손익누계액\xa0당분기 및 전기 중 기타포괄손익누계액의 증감 내역은 다음과 같습니다.\n(단위: 천원)\n구\xa0 분\n당 반 기\n전\xa0 기\n기초\n(3,320,554)\n561,637\n\xa0\xa0 - 회계정책변경에 따른 증가(감소)(*)\n-\n(2,862,689)\n수정 후 기초금액\n(3,320,554)\n(2,301,052)\n\xa0\xa0 - 기타포괄손익금융자산평가이익(손실)\n(3,628,354)\n(1,019,502)\n\xa0\xa0 - 기타포괄손익금융자산 처분손익 이익잉여금 대체\n380,091\n-\n기말\n(6,568,817)\n(3,320,554)\n(*) 한국채택국제회계기준 제1109호 \'금융상품\'의 적용으로 인해 금융상품의 평가손익을 재분류한 효과입니다.\n25.\xa0기타자본항목\xa0보고기간말 현재 기타자본구성의 내역은 다음과 같습니다.\n(단위: 천원)\n구\xa0 분\n당분기말\n전 기 말\n자기주식\n(5,878,833)\n(4,420,771)\n26. 이익잉여금보고기간말 현재 이익잉여금의 내역은 다음과 같습니다.\n(단위: 천원)\n구\xa0\xa0 분\n당분기말\n전 기 말\n법정적립금(*1)\n4,909,053\n4,524,502\n임의적립금\n134,500,000\n114,800,000\n토지 재평가잉여금(*2)\n11,994,556\n11,994,556\n기타포괄손익금융자산 처분손익에서 대체\n(380,091)\n-\n미처분이익잉여금\n14,411,564\n20,503,293\n회계정책변경에 따른 증가(감소)(*3)\n-\n3,495,259\n합\xa0\xa0 계\n165,435,082\n155,317,610\n(*1) 상법상 규정에 따라 자본금의 50%에 달할 때까지 매 결산기마다 현금에 의한 이익배당액의 10% 이상을 이익준비금으로 적립하도록 되어 있습니다. 동 이익준비금은 현금으로 배당할 수 없으나, 자본전입 또는 결손보전이 가능합니다.\n(*2) 한국채택국제회계기준 최초 적용시 간주원가로 사용한 토지에 대한 재평가차익입니다.\n(*3) 한국채택국제회계기준 제1109호 \'금융상품\'의 적용으로 인한 금융상품의 평가손익을 재분류한 효과입니다.\n27.\xa0매출액\xa0\n(단위: 천원)\n구\xa0\xa0 분\n당 분 기\n전 분 기\n3개월\n누적\n3개월\n누적\n건설계약수익\n92,035,062\n253,620,618\n77,291,973\n193,212,729\n재화(골재)판매수익\n1,276,393\n4,809,743\n1,208,383\n4,443,169\n부동산임대수익\n119,436\n368,068\n138,764\n416,810\n건기임대수익\n-\n10,395\n84,633\n227,442\n조경수목판매수익\n170\n170\n-\n-\n합\xa0\xa0 계\n93,431,061\n258,808,994\n78,723,753\n198,300,150\n28. 건설계약 28-1. 보고기간말 현재 도급공사와 관련한 공사계약 잔액의\xa0 내역은 다음과 같습니다.\n(단위: 천원)\n구\xa0\xa0 분\n당 분 기\n전 분 기\n기초공사계약잔액\n741,042,675\n658,247,445\n신규계약 및 기존계약 증감액\n131,523,425\n294,965,595\n당분기 공사수익(매출액) 계상액\n(253,620,617)\n(193,212,729)\n기말공사계약잔액\n618,945,483\n760,000,311\n28-2.\xa0진행 중인 주요 도급공사의 내역\xa0\n<당분기>\n(단위: 천원)\n원도급자\n공\xa0 사\xa0 명\n준공예정일(년,월)\n총도급금액\n공사수익누계액\n당분기공사수익액\n삼성물산㈜\n부전-마산 복선전철 민간투자시설사업 건설공사(4-1)\n19.08\n29,720,000\n28,149,808\n1,489,906\n삼성물산㈜\n부전-마산 복선전철 민간투자시설사업 건설공사(4-2)\n19.10\n29,779,000\n29,439,765\n2,319,949\n충청남도 당진시\n순성도시계획도로 소로1-836호선 개선공사(1단계)\n19.10\n71,713\n66,544\n66,544\n풍림산업㈜\n동탄(2)택지개발사업 부지조성공사(4-1공구)\n19.11\n49,687,000\n43,306,694\n4,047,924\n포스코건설㈜\n구미 하이테크벨리 조성공사\n19.12\n46,806,500\n46,718,259\n512,027\n삼성물산㈜\n평택고덕 인프라조성공사 중 2기 벌크가스 공동구 공사\n19.12\n50,511,000\n49,987,209\n26,396,834\n㈜한라\n동탄(2)경부고속도로 직선화공사(제2공구)\n19.12\n27,951,000\n13,337,661\n6,276,967\n충청남도 교육청\n천안학생수영장 및 체조연습장 건립공사\n20.02\n5,011,810\n2,716,068\n2,716,041\n대전지방조달청\n벌곡지구 농어촌생활용수개발 확충사업\n20.04\n4,595,182\n2,937,537\n1,205,919\n충청남도 아산시\n아산시 물 재이용사업(토목, 건축, 기계)\n20.04\n2,872,820\n2,084,425\n2,031,258\n㈜한라\n장항선 개량2단계 제3공구 노반신설 기타공사\n20.05\n22,475,000\n21,153,040\n952,269\n코오롱글로벌㈜\n웅상-무거1 국도건설공사\n20.06\n41,477,700\n35,911,248\n5,884,958\n삼성물산㈜\n시화멀티테크노밸리 제4공구 조성공사\n20.08\n67,498,000\n54,791,528\n2,090,336\n㈜한라\n경부고속도로 직선화사업(동탄JCT~기흥동탄IC)제1공구\n20.08\n14,631,000\n5,173,704\n2,926,201\n㈜태영건설\n서해선(홍성~송산) 복선전철 제2공구\n20.12\n54,579,000\n36,524,174\n10,020,143\n한신공영㈜\n중앙선 도담~영천 복선전철 제7공구 노반시설 기타공사\n20.12\n45,411,000\n34,288,498\n10,625,176\n대림산업㈜\n밀양~울산고속7공구 토공사 및 구조물공사\n21.02\n30,508,360\n27,915,623\n4,722,441\n현대건설㈜\n서부간선 지하도로 민간투자사업 건설공사\n21.02\n37,337,000\n30,023,824\n9,783,948\n에스케이건설㈜\n고속국도 제14호선 밀양~울산간 건설공사 제5공구\n21.03\n117,662,000\n98,189,266\n23,361,368\n두산중공업㈜\n봉담~송산간 고속도로 건설공사 민간투자사업 1공구\n21.04\n45,837,600\n23,878,299\n14,731,202\n코오롱글로벌㈜\n인천도시철도1호선 송도랜드마크시티연장 건설공사\n21.04\n25,823,900\n24,382,655\n6,916,586\n㈜케이씨씨건설\n봉담~송산간 고속도로 건설공사 민간투자사업 2공구\n21.04\n37,255,370\n15,490,654\n9,912,643\n현대엔지니어링㈜\n성남판교대장 도시개발사업 조성공사/토공및구조물\n21.06\n13,287,000\n7,894,794\n3,815,372\n현대건설㈜\n행정중심복합도시 금빛노을교 건설공사 1공구\n21.06\n58,472,000\n19,966,605\n16,118,733\n에스케이건설㈜\n고성그린파워PROJECT 부지정지 및 법면보호공사\n21.09\n73,200,000\n62,326,392\n15,998,479\n충청남도 공주시\n동학사 공공하수처리시설 증설사업\n21.12\n2,831,040\n504,339\n504,326\n포스코건설㈜\n도계-신기 도로건설공사\n21.12\n72,160,940\n70,773,806\n(35,935)\n㈜대우건설\n별내선(암사~별내)복선전철 5공구 건설공사\n22.02\n50,189,059\n31,979,897\n9,533,365\n대림산업㈜\n신림선(여의도~신림)경전철 민간투자사업\n22.02\n59,516,000\n30,492,835\n13,774,952\n㈜포스코건설\n이천~오산 고속도로 민간투자사업 건설공사\n22.03\n18,403,668\n3,122,437\n3,122,437\n㈜포스코건설\n삼척 친환경화력발전소 건설사업 취수 및 배수 터널공사\n22.06\n27,026,000\n4,143,764\n4,036,854\n한국토지주택공사\n익산평화 주거환경개선사업 아파트건설공사 1공구\n22.05\n30,186,512\n19,112\n18,367\n㈜대방건설\n파주운정 택지 조성공사(25공구) 및 1호선확포장공사\n22.06\n29,402,000\n6,405,545\n3,219,681\n㈜대우건설\n고속국도 제65호선 포항~영덕간 건설공사 제3공구\n22.12\n17,572,059\n1,175,821\n1,175,821\n한신공영(주)\n고속국도 제29호선 세종~포천간 건설공사(제1공구)\n22.12\n19,440,000\n132,982\n132,982\n대림산업㈜\n세종-포천 고속도로 안성~구리 건설공사(제11공구)\n23.04\n84,331,700\n22,370,549\n9,951,318\n원주지방국토관리청\n국도42호선 정선-북면간 2차로 시설개량공사\n23.07\n4,185,446\n270,571\n247,405\n부산지방국토관리청\n영양~평해 국도건설공사\n23.08\n7,115,599\n1,439,042\n645,798\n현대산업개발(주)\n포항-영덕 고속도로 4공구\n23.08\n39,734,556\n6,343,825\n5,635,435\n대림산업㈜\n고속국도 제65호선 포항~영덕간 건설공사 제2공구\n23.08\n29,427,000\n7,563,017\n1,572,100\n한일건설㈜\n고속국도 제14호선 창녕~밀양간 건설공사(제4공구)\n23.10\n37,308,000\n11,104,985\n4,613,326\n두산중공업㈜\n창녕~밀양간 고속도로 건설공사 제1공구\n23.12\n78,554,000\n22,622,622\n9,907,981\n롯데건설(주)\n새만금~전주 2공구 중 토공 및 철근콘트리트공사 1구간\n23.12\n16,254,000\n33,628\n33,628\n한국환경공단\n보령 환경순환형 가축분뇨공공처리시설 설치 시범사업\n준공\n5,297,298\n5,297,298\n361,661\n㈜호반건설산업\n동탄(2)택지개발사업 부지조성(3-2공구) 관리공사\n준공\n426,000\n426,000\n(57,642)\n롯데건설㈜\n내포신도시 집단에너지시설 EPC건설공사\n준공\n3,713,700\n3,713,700\n303,533\n합\xa0\xa0 계\n1,565,535,532\n946,590,049\n253,620,617\n<전분기>\n(단위: 천원)\n원도급자\n공\xa0 사\xa0 명\n준공예정일(년,월)\n총도급금액\n공사수익누계액\n당기공사수익액\n포스코건설㈜\n구미 하이테크벨리 조성공사\n18.09\n47,409,162\n45,051,869\n4,606,112\n부산지방국토관리청\n영양~평해 국도건설공사\n18.09\n6,836,300\n506,474\n406,911\n한화건설㈜\n김포도시철도 제5공구 노반 건설공사\n18.10\n48,567,000\n48,567,000\n3,306,006\n현대산업개발㈜\n김포도시철도 제4공구 노반 건설\n18.10\n18,557,926\n18,557,926\n3,338,550\n삼성물산㈜\n시화멀티테크노밸리 제4공구 조성공사\n18.10\n68,171,800\n51,956,293\n3,208,714\n포스코건설㈜\n도계-신기 도로건설공사\n18.12\n72,253,740\n70,798,283\n2,048,315\n풍림산업㈜\n동탄(2)택지개발사업 부지조성공사(4-1공구)\n18.12\n45,743,000\n38,057,469\n3,510,133\n삼성물산㈜\n부전-마산 복선전철 민간투자시설사업 건설공사(4-2)\n19.02\n28,358,000\n26,304,501\n4,952,950\n한국환경공단\n보령 환경순환형 가축분뇨공공처리시설 설치 시범사업\n19.03\n5,003,375\xa0\n4,583,664\n2,332,780\n㈜호반건설산업\n동탄(2)택지개발사업 부지조성(3-2공구) 관리공사\n19.05\n528,300\xa0\n422,771\n422,771\n삼성물산㈜\n부전-마산 복선전철 민간투자시설사업 건설공사(4-1)\n19.06\n29,670,000\n25,625,959\n4,753,432\n코오롱글로벌㈜\n웅상-무거1 국도건설공사\n19.06\n39,174,900\n26,845,584\n8,318,948\n㈜태영건설\n서해선(홍성~송산) 복선전철 제2공구\n19.06\n52,175,000\n20,976,446\n7,957,454\n롯데건설㈜\n내포신도시 집단에너지시설 EPC건설공사\n19.07\n17,743,403\n3,370,410\n120,234\n삼성물산㈜\n평택고던 인프라조성공사 중 2기 벌크가스 공동구 공사\n19.09\n31,654,000\n7,813,471\n7,813,471\n한신공영㈜\n중앙선 도담~영천 복선전철 제7공구 노반시설 기타공사\n19.11\n42,714,000\n19,660,979\n8,988,136\n㈜한라\n동탄(2)경부고속도로 직선화공사(제2공구)\n19.12\n23,302,000\n4,143,052\n2,580,643\n대전지방조달청\n벌곡지구 농어촌생활용수개발 확충사업\n20.02\n\xa04,235,958\n1,433,833\n929,841\n㈜한라\n장항선 개량2단계 제3공구 노반신설 기타공사\n20.05\n22,554,000\n19,447,669\n2,068,902\n㈜한라\n경부고속도로 직선화사업(동탄JCT~기흥동탄IC)제1공구\n20.08\n12,851,000\n726,750\n410,628\n대림산업㈜\n밀양~울산고속7공구 토공사 및 구조물공사\n21.02\n28,242,000\n21,321,931\n4,703,650\n현대건설㈜\n서부간선 지하도로 민간투자사업 건설공사\n21.02\n34,687,000\n16,262,440\n7,752,466\n에스케이건설㈜\n고속국도 제14호선 밀양~울산간 건설공사 제5공구\n21.03\n108,854,000\n67,068,382\n25,423,550\n두산중공업㈜\n봉담~송산간 고속도로 건설공사 민간투자사업 1공구\n21.04\n43,989,998\n6,558,195\n5,149,538\n㈜케이씨씨건설\n봉담~송산간 고속도로 건설공사 민간투자사업 2공구\n21.04\n36,502,000\n3,262,989\n3,262,989\n코오롱글로벌㈜\n인천도시철도1호선 송도랜드마크시티연장 건설공사\n21.04\n26,176,800\n14,181,663\n8,226,157\n현대건설㈜\n행정중심복합도시 금빛노을교 건설공사 1공구\n21.06\n58,472,000\n809,052\n809,052\n현대엔지니어링㈜\n성남판교대장 도시개발사업 조성공사/토공및구조물\n21.06\n11,306,000\xa0\n2,901,054\n2,483,947\n에스케이건설㈜\n고성그린파워PROJECT 부지정지 및 법면보호공사\n21.09\n63,486,000\n39,809,066\n14,906,450\n대림산업㈜\n신림선(여의도~신림)경전철 민간투자사업\n22.02\n56,571,000\n12,350,709\n5,902,648\n㈜대우건설\n별내선(암사~별내)복선전철 5공구 건설공사\n22.02\n46,770,252\n18,309,033\n10,612,546\n㈜대방건설\n파주운정 택지 조성공사(25공구) 및 1호선확포장공사\n22.06\n27,500,000\n1,799,425\n1,799,424\n대림산업㈜\n세종-포천 고속도로 안성~구리 건설공사(제11공구)\n23.04\n81,945,000\n9,400,770\n8,833,091\n원주지방국토관리청\n국도42호선 정선-북면간 2차로 시설개량공사\n23.07\n4,185,445\n6,230\n6,230\n대림산업㈜\n고속국도 제65호선 포항~영덕간 건설공사 제2공구\n23.08\n28,578,000\n5,498,370\n2,806,100\n현대산업개발(주)\n포항-영덕 고속도로 4공구\n23.08\n39,651,858\n161,318\n161,318\n한일건설㈜\n고속국도 제14호선 창녕~밀양간 건설공사(제4공구)\n23.10\n35,508,000\n3,583,344\n2,398,818\n두산중공업㈜\n창녕~밀양간 고속도로 건설공사 제1공구\n23.12\n76,172,000\n7,965,533\n6,954,209\n쌍용건설㈜\n영월-방림 도로건설공사\n준공\n11,464,000\n11,464,000\n(477,608)\n예산군청\n예산군보건소 이전 건립공사\n준공\n5,820,930\n5,820,930\n3,665,840\n㈜태영건설\n고속국도 제600호선 부산외곽순환건설공사\n준공\n42,800,000\n42,800,000\n3,960,500\n한신공영㈜\n시화2단계 개발사업 동서진입도로 건설공사 2공구\n준공\n22,362,600\n22,362,600\n(12,201)\n삼성물산㈜\n탕정디스플레이시티2일반산업단지 조성공사\n준공\n\xa03,600,000\n3,600,000\n1,809,084\n합\xa0\xa0 계\n1,512,147,747\n752,147,437\n193,212,729\n28-3. 진행중인 건설계약 관련 누적손익과 미청구공사 및 초과청구공사의 내역\n(단위: 천원)\n구\xa0 분\n당분기말\n전분기말\n누적공사수익\n누적공사원가\n미청구공사\n초과청구공사\n누적공사수익\n누적공사원가\n미청구공사\n초과청구공사\n토목사업\n931,255,114\n859,852,098\n22,465,797\n38,418,402\n739,796,306\n686,791,130\n17,438,816\n30,801,263\n건축사업\n15,334,935\n13,805,098\n1,350,863\n94,066\n12,351,131\n10,886,791\n1,100,391\n-\n합\xa0 계\n946,590,049\n873,657,196\n23,816,660\n38,512,468\n752,147,437\n697,677,921\n18,539,207\n30,801,263\n28-4.\xa0보고기간말 현재 당사의 투입법으로 진행기준을 적용하는 진행중인 계약 중 총 계약수익금액이 직전 회계연도 매출액의 5% 이상인 계약의 정보는 다음과 같습니다.\n<당분기말>\n(단위: 천원)\n구 분\n계약일(년,월)\n준공예정일(년,월)\n진행률(%)\n미청구공사\n공사미수금\n총액\n손상차손누계액\n총액\n대손충당금\n토목사업\n부전마산철도4공구\n15.01\n19.08\n94.72\n-\n-\n-\n-\n부전마산철도4-2공구\n15.12\n19.10\n98.86\n303,765\n-\n-\n-\n동탄2택지4-1공구\n13.09\n19.11\n87.16\n-\n-\n426,800\n-\n구미HTV\n12.10\n19.12\n99.81\n734,620\n-\n-\n-\n평택고덕공동구\n18.05\n19.12\n98.96\n4,053,209\n-\n-\n-\n경부직선화2공구\n17.03\n19.12\n47.72\n-\n-\n-\n-\n장항선3공구\n15.05\n20.05\n94.12\n-\n-\n22,000\n-\n시화MTV4공구\n08.06\n20.08\n81.18\n-\n-\n-\n-\n서해선2공구\n15.10\n20.12\n66.92\n-\n-\n8,127\n-\n도담영천7공구\n16.07\n20.12\n75.51\n-\n-\n124,675\n-\n밀양울산7공구\n15.04\n21.02\n91.50\n1,759,418\n-\n38,692\n-\n서부간선도로\n16.02\n21.02\n80.41\n-\n-\n925,100\n-\n밀양울산5공구\n15.07\n21.03\n83.45\n1,787,266\n-\n1,851,861\n-\n봉담송산1공구\n17.08\n21.04\n52.09\n319,299\n-\n1,681,900\n-\n송도연장선\n17.04\n21.04\n94.42\n489,855\n-\n1,609,300\n-\n봉담송산2공구\n18.02\n21.04\n41.58\n672,654\n-\n1,403,600\n-\n웅상무거1국도\n14.12\n20.06\n86.58\n-\n-\n-\n-\n행복5외곽도로\n18.05\n21.06\n34.15\n3,879,005\n-\n-\n-\n고성화력발전소\n15.12\n21.09\n85.15\n-\n-\n2,558,600\n-\n도계국도\n07.12\n21.12\n98.08\n700,866\n-\n-\n-\n별내선5공구\n16.10\n22.02\n63.72\n2,824,217\n-\n1,843,600\n-\n신림선2공구\n16.11\n22.02\n51.23\n-\n-\n1,706,100\n-\n이천오산3공구\n19.01\n22.03\n16.97\n299,946\n-\n564,300\n-\n삼척화력취배수터널\n18.11\n22.06\n15.33\n947,764\n-\n501,600\n-\n파주3택지2,5공구\n18.03\n22.06\n21.79\n124,545\n-\n227,700\n-\n포항영덕3공구\n19.01\n22.12\n6.69\n413,821\n-\n136,400\n-\n안성구리1공구\n19.06\n22.12\n0.68\n132,982\n-\n-\n-\n안성구리11공구\n17.11\n23.04\n26.53\n-\n-\n-\n-\n포항영덕4공구\n18.07\n23.08\n15.97\n811,825\n-\n-\n-\n포항영덕2공구\n17.07\n23.08\n25.70\n1,443,017\n-\n232,100\n-\n창녕밀양4공구\n17.07\n23.10\n29.77\n-\n-\n-\n-\n창녕밀양1공구\n17.10\n23.12\n28.80\n-\n-\n798,600\n-\n새만금전주2-1공구\n19.09\n23.12\n0.21\n4,928\n-\n31,570\n-\n건축사업\n익산평화아파트\n18.12\n22.05\n0.06\n19,112\n-\n-\n-\n합\xa0 계\n-\n21,722,114\n-\n16,692,625\n-\n<전분기말>\n(단위: 천원)\n구 분\n계약일(년,월)\n준공예정일(년,월)\n진행률(%)\n미청구공사\n공사미수금\n총액\n손상차손누계액\n총액\n대손충당금\n토목사업\n도계국도\n07.12\n18.12\n97.99\n984,893\n-\n166,760\n-\n시화MTV4공구\n08.06\n18.10\n76.21\n-\n-\n-\n-\n영월방림\n10.07\n18.07\n준공\n-\n-\n-\n-\n구미HTV\n12.10\n18.06\n95.03\n1,612,581\n-\n-\n-\n부산외곽11공구\n12.11\n18.03\n준공\n-\n-\n-\n-\n송산도로2공구\n13.04\n18.01\n준공\n-\n-\n-\n-\n동탄2택지4-1공구\n13.09\n18.12\n83.20\n-\n-\n117,700\n-\n김포도시철도5-1공구\n14.09\n18.10\n100.00\n200\n-\n-\n-\n웅상무거1국도\n14.12\n19.06\n68.53\n-\n-\n-\n-\n부전마산철도4공구\n15.01\n19.06\n86.37\n-\n-\n-\n-\n밀양울산7공구\n15.04\n21.02\n75.50\n1,954,633\n-\n385,000\n장항선3공구\n15.05\n20.05\n86.23\n-\n-\n158,400\n밀양울산5공구\n15.07\n21.03\n61.61\n-\n-\n568,209\n서해선2공구\n15.10\n19.06\n40.20\n-\n-\n-\n부전마산철도4-2공구\n15.12\n19.02\n92.76\n-\n-\n-\n-\n고성화력발전소\n15.12\n21.09\n62.71\n-\n-\n230,340\n-\n서부간선도로\n16.02\n21.02\n46.88\n-\n-\n1,448,700\n-\n김포도시철도4-1공구\n16.06\n18.10\n100.00\n64,926\n-\n29,700\n-\n도담영천철도7공구\n16.07\n19.11\n46.03\n-\n-\n-\n내포발전소\n16.10\n19.07\n19.00\n-\n-\n-\n-\n별내선5공구\n16.10\n22.02\n39.15\n1,156,353\n1,485,582\n-\n신림선2공구\n16.11\n22.02\n21.83\n1,616,709\n-\n478,500\n-\n경부직선화2공구\n17.03\n19.12\n17.78\n196,052\n-\n504,964\n-\n송도연장선\n17.04\n21.04\n54.18\n765,863\n-\n2,944,480\n-\n경부직선화1공구\n17.07\n20.08\n5.66\n-\n-\n396,090\n-\n포항영덕2공구\n17.07\n23.08\n19.24\n1,128,370\n-\n-\n-\n창녕밀양4공구\n17.07\n23.10\n10.09\n813,344\n-\n-\n-\n봉담송산1공구\n17.08\n21.04\n14.91\n745,195\n-\n-\n-\n창녕밀양1공구\n17.10\n23.12\n10.46\n-\n-\n-\n-\n안성구리11공구\n17.11\n23.04\n11.47\n107,618\n-\n-\n-\n봉담송산2공구\n18.02\n21.04\n8.94\n678,989\n-\n544,500\n파주3택지2,5공구\n18.03\n22.06\n6.54\n411,425\n-\n302,500\n-\n평택고덕공동구\n18.05\n19.09\n24.68\n3,708,471\n-\n1,698,400\n-\n행복5외곽도로\n18.05\n21.06\n1.38\n809,052\n-\n-\n-\n포항영덕4공구\n18.07\n23.08\n0.41\n161,318\n-\n-\n-\n합\xa0 계\n16,915,992\n-\n11,459,825\n-\n29. 판매비와 관리비의 상세 내역\xa0\n(단위: 천원)\n계 정 과 목\n당 분 기\n전 분 기\n3개월\n누적\n3개월\n누적\n급여\n1,090,607\n2,828,421\n983,839\n2,758,630\n퇴직급여\n(48,450)\n272,016\n233,261\n601,847\n복리후생비\n201,621\n1,210,168\n185,295\n1,010,776\n운반비\n134,518\n545,199\n94,120\n284,600\n지급임차료\n2,280\n9,215\n13,971\n46,941\n지급수수료\n108,146\n614,243\n74,964\n499,472\n감가상각비\n83,694\n242,339\n79,466\n235,382\n보험료\n6,591\n31,258\n(57,665)\n(35,428)\n세금과공과\n351,581\n1,433,315\n298,920\n1,347,231\n부동산관리비\n117,512\n199,165\n110,849\n176,740\n여비교통비\n20,563\n77,429\n19,906\n67,185\n접대비\n43,275\n138,590\n49,534\n133,839\n기타\n461,039\n1,081,128\n(107,308)\n345,323\n합\xa0 계\n2,572,977\n8,682,486\n1,979,152\n7,472,538\n30.\xa0비용의 성격별 분류\xa0\n(단위: 천원)\n구\xa0\xa0 분\n당 분 기\n전 분 기\n3개월\n누적\n3개월\n누적\n재료비\n15,845,238\n46,530,340\n13,373,345\n38,005,990\n인건비\n25,450,532\n69,021,868\n19,951,643\n53,730,303\n외주비\n2,170,971\n5,434,949\n1,806,025\n4,976,842\n감가상각비\n394,836\n1,126,093\n174,144\n584,728\n중기사용료\n16,787,848\n51,210,917\n15,207,407\n37,397,624\n기타비용\n25,181,174\n71,162,361\n16,002,965\n46,687,047\n합\xa0\xa0 계\n85,830,599\n244,486,528\n66,515,529\n181,382,534\n상기 합계금액은 포괄손익계산서의 매출원가와 판매비와 관리비를 합산한 금액입니다.\n31.\xa0기타이익 및 기타손실\n31-1. 기타이익의 내역은 다음과 같습니다.\n(단위: 천원)\n구\xa0\xa0 분\n당 분 기\n전 분 기\n3개월\n누\xa0 적\n3개월\n누\xa0 적\n유형자산처분이익\n10,087\n11,232\n680\n244,220\n제세공과금환입\n-\n-\n-\n62,906\n대손충당금환입\n-\n-\n-\n128,800\n잡이익\n199,997\n1,456,567\n1,155\n74,342\n지분법적용투자자산처분이익\n-\n-\n-\n456,788\n합\xa0 계\n210,084\n1,467,799\n1,835\n967,056\n31-2. 기타손실의 내역은 다음과 같습니다.\n(단위: 천원)\n구\xa0\xa0 분\n당 분 기\n전 분 기\n3개월\n누적\n3개월\n누적\n유형자산처분손실\n-\n15\n2\n2\n기부금\n111,500\n211,253\n4,400\n32,237\n잡손실\n-\n435\n-\n2,511\n제세공과금추납액\n-\n-\n143,876\n143,876\n합\xa0\xa0 계\n111,500\n211,703\n148,278\n178,626\n32. 금융수익 및 금융원가 32-1. 금융수익의 내역은 다음과 같습니다.\n(단위: 천원)\n구\xa0\xa0 분\n당 분 기\n전 분 기\n3개월\n누\xa0 적\n3개월\n누\xa0 적\n일반이자수익\n929,774\n2,661,844\n924,109\n2,587,090\n지연이자수익\n-\n-\n8,849\n8,876\n리스이자수익\n12,244\n39,031\n-\n-\n배당금수익\n-\n294,845\n-\n296,000\n당기손익인식금융자산처분이익\n41,651\n62,344\n18,499\n56,752\n당기손익인식금융자산평가이익\n52,857\n326,926\n(43,849)\n17,148\n합\xa0 계\n1,036,526\n3,384,990\n907,608\n2,965,866\n32-2. 금융원가의 내역은 다음과 같습니다.\n(단위: 천원)\n구\xa0\xa0 분\n당 분 기\n전 분 기\n3개월\n누\xa0 적\n3개월\n누\xa0 적\n은행차입금 이자비용\n51,122\n157,184\n49,874\n146,937\n리스이자비용\n23,329\n43,552\n-\n-\n외환차손\n869\n869\n비유동상각후원가측정금융자산처분손실\n-\n-\n44\n44\n당기손익인식금융자산처분손실\n4\n17,988\n-\n-\n합\xa0 계\n75,324\n219,593\n49,918\n146,981\n33. 법인세비용과 이연법인세 33-1. 법인세비용의 구성 내역\n(단위: 천원)\n구\xa0 분\n당 분 기\n전 분 기\n당기법인세부담액\n4,228,698\n3,649,645\n당기 일시적차이의 변동으로 인한 차이\n(947,002)\n800,471\n자본에 가감된 일시적차이의 법인세효과\n916,177\n173,030\n기타(*)\n203,012\n758,109\n법인세비용\n4,400,885\n5,381,255\n(*) 전기 결산이후 세무조정시 조정된 법인세비용 및 2016년과 2018년도 고용증대세제 요건 불충족으로 인한 공제액 추징 등이 포함되어\xa0있습니다.\n33-2. 당기 법인세비용차감전순이익과 세무회계상 과세소득과의 차이내역\n(단위: 천원)\n구\xa0 분\n당 분 기\n전 분 기\n법인세비용차감전순이익\n18,743,959\n20,524,932\n적용세율에 따른 법인세\n4,189,538\n4,505,034\n조정사항\n-\n- 세무상 과세되지 않는 수익\n(157,685)\n(1,091,844)\n- 세무상 차감되지 않는 비용\n162,937\n1,093,034\n기타\n206,095\n875,031\n법인세비용\n4,400,885\n5,381,255\n평균유효세율(%)\n22.35\n26.22\n33-3. 일시적차이 및 이연법인세자산(부채)의 내역 <당분기말>\n(단위: 천원)\n계정과목\n일시적차이의 증감\n이연법인세자산(부채)\n기초\n증가\n감소\n기말\n기초\n기말\n대손상각비\n2,939,579\n-\n2,161,769\n777,810\n646,707\n171,118\n미수수익\n(1,129,210)\n(1,166,756)\n(1,129,210)\n(1,166,756)\n(248,426)\n(256,686)\n당기손익인식금융자산평가손실\n(845,691)\n(1,204,981)\n(845,691)\n(1,204,981)\n(186,052)\n(265,095)\n상각후측정원가금융자산\n(128,150)\n43,397\n(128,150)\n43,397\n(28,192)\n9,547\n조경수목\n714,038\n-\n888\n713,150\n157,088\n156,893\n퇴직급여충당금\n11,772,471\n5,759,976\n462,265\n17,070,182\n2,589,943\n3,755,440\n퇴직연금운용자산\n(10,261,682)\n(1,649,205)\n(156,231)\n(11,754,656)\n(2,257,570)\n(2,586,024)\n퇴직보험예치금(출국만기보험)\n-\n(2,572,259)\n-\n(2,572,259)\n-\n(565,897)\n하자보수충당금\n1,476,795\n1,901,458\n625,100\n2,753,153\n324,895\n605,693\n구축물감가상각비\n4\n-\n-\n4\n1\n1\n리스사용권자산\n-\n(2,174,923)\n-\n(2,174,923)\n-\n(478,483)\n리스사용권자산 감가상각누계액\n-\n441,815\n-\n441,815\n-\n97,199\n리스대상 임차보증금 현재가치할인차금\n-\n145,140\n-\n145,140\n-\n31,931\n리스부채\n-\n1,607,191\n-\n1,607,191\n-\n353,582\n업무용승용차(감가상각비)\n61,218\n-\n28,100\n33,118\n13,468\n7,286\n무형자산(회원권)손상차손\n269,267\n-\n-\n269,267\n59,239\n59,239\n투자부동산손상차손\n1,677,326\n-\n-\n1,677,326\n369,011\n369,011\n토지재평가손익\n(11,427,317)\n-\n-\n(11,427,317)\n(2,514,010)\n(2,514,010)\n연차수당\n818,205\n-\n-\n818,205\n180,005\n180,005\n동업기업 소득배분\n-\n14,970\n-\n14,970\n-\n3,293\n기타포괄공정가치측정금융자산 평가손익\n4,257,120\n5,402,400\n1,237,960\n8,421,560\n936,566\n1,852,743\n보험수리적손실\n2,009,326\n-\n-\n2,009,326\n442,052\n442,052\n신주인수권대가(BW)\n(179,937)\n-\n-\n(179,937)\n(39,586)\n(39,586)\n합\xa0 계\n2,023,362\n6,548,223\n2,256,800\n6,314,785\n445,139\n1,389,252\n<전기말>\n(단위: 천원)\n계정과목\n일시적차이의 증감\n이연법인세자산(부채)\n기초\n증가\n감소\n기말\n기초\n기말\n퇴직급여충당금\n11,268,396\n3,813,155\n3,309,079\n11,772,471\n2,479,047\n2,589,943\n퇴직연금운용자산\n(9,314,874)\n(1,695,965)\n(749,157)\n(10,261,682)\n(2,049,272)\n(2,257,570)\n하자보수충당금\n1,677,803\n578,840\n779,849\n1,476,795\n369,117\n324,895\n대손충당금\n1,778,727\n-\n1,778,727\n-\n391,320\n-\n매도가능증권(비상장주식감액)\n3,449,740\n-\n3,449,740\n-\n758,943\n-\n매도가능증권(CP,회사채)\n(51,920)\n(128,150)\n(51,920)\n(128,150)\n(11,423)\n(28,192)\n당기손익인식금융자산평가손실\n(55,061)\n(1,120,087)\n(329,457)\n(845,691)\n(12,115)\n(186,052)\n조경수목\n670,490\n57,973\n14,425\n714,038\n147,508\n157,088\n구축물감가상각비\n4\n-\n-\n4\n1\n1\n미수수익\n(1,580,747)\n(1,129,210)\n(1,580,747)\n(1,129,210)\n(347,764)\n(248,426)\n대손상각비(외상매출금)\n1,197,398\n1,742,181\n-\n2,939,579\n263,428\n646,707\n무형자산(회원권)손상차손\n279,387\n-\n10,120\n269,267\n61,465\n59,239\n투자부동산손상차손\n1,677,326\n-\n-\n1,677,326\n369,012\n369,011\n업무용승용차(감가상각비)\n36,890\n32,328\n8,000\n61,218\n8,116\n13,468\n매도가능금융자산평가손익(유동포함)\n(298,655)\n-\n(298,655)\n-\n(65,704)\n-\n매도가능증권평가이익(비유동)\n(421,393)\n-\n(421,393)\n-\n(92,706)\n-\n기타포괄공정가치측정금융자산 평가손익\n-\n4,257,120\n-\n4,257,120\n-\n936,566\n신주인수권대가(BW)\n(179,937)\n-\n-\n(179,937)\n(39,586)\n(39,586)\n보험수리적손실\n1,053,660\n955,666\n-\n2,009,326\n231,805\n442,052\n토지재평가손익\n(11,427,317)\n-\n-\n(11,427,317)\n(2,514,010)\n(2,514,010)\n연차수당\n581,193\n818,205\n581,193\n818,205\n127,862\n180,005\n건설계약수익(*)\n-\n3,967,480\n3,967,480\n-\n-\n-\n합\xa0 계\n341,111\n8,182,056\n6,499,804\n2,023,362\n75,044\n445,139\n33-4. 기타포괄손익에 가감된 법인세비용의 내역은 다음과 같습니다.\xa0\n(단위: 천원)\n구\xa0 분\n당 분 기\n전 분 기\n세전\n이연법인세\n세후\n세전\n이연법인세\n세후\n기타포괄손익 :\n기타포괄손익-공정가치측정금융자산평가손익\n(4,651,736)\n1,023,382\n(3,628,354)\n(786,500)\n(173,030)\n(613,470)\n33-5. 상계된 이연법인세자산과 부채\n(단위: 천원)\n구\xa0 분\n당분기말\n전기말\n상계 전 이연법인세자산\n8,095,033\n5,718,976\n상계 전 이연법인세부채\n(6,705,781)\n(5,273,837)\n상계 후 이연법인세자산(부채)\n1,389,252\n445,139\n33-6. 자본에 직접 반영된 법인세효과\n(단위: 천원)\n구\xa0 분\n당 분 기\n전\xa0 분\xa0 기\n반영 전\n법인세효과\n반영 후\n반영 전\n법인세효과\n반영 후\n기타포괄손익금융자산평가손익\n(8,421,560)\n1,852,743\n(6,568,817)\n(3,736,566)\n822,044\n(2,914,522)\n보험수리적이익(손실)\n(2,009,326)\n442,052\n(1,567,274)\n(1,053,660)\n231,805\n(821,855)\n신주인수권대가\n179,937\n(39,586)\n140,351\n179,937\xa0\n(39,586)\n140,351\xa0\n합\xa0 계\n(10,250,949)\n2,255,209\n(7,995,740)\n(4,610,289)\n1,014,263\n(3,596,026)\n34. 주당순이익 \n기본주당이익은 보통주당기순이익을 당사가 매입하여 자기주식으로 보유하고 있는\xa0보통주를 제외한 당분기의 가중평균 유통보통주식수로 나누어 산정하였습니다.\n(단위: 원, 주)\n구\xa0 분\n당 분 기\n전 분 기\n3개월\n누\xa0 적\n3개월\n누\xa0 적\n보통주 분기순이익\n6,504,008,446\n14,343,073,396\n9,237,833,145\n15,143,677,111\n가중평균유통보통주식수\n23,750,000\n23,808,885\n24,350,000\n24,357,966\n보통주 주당이익\n274\n602\n380\n622\n한편, 가중평균유통보통주식수의 산정 내역은 다음과 같습니다.<당분기>\n구\xa0\xa0 분\n3개월\n누\xa0\xa0 적\n유통주식수\n기간\n적\xa0\xa0 수\n유통주식수\n기간\n적\xa0\xa0 수\n기초발행주식수\n23,750,000\n92\n2,185,000,000\n24,034,444\n1\n24,034,444\n자기주식취득\n-\n-\n-\n24,011,940\n1\n24,011,940\n자기주식취득\n-\n-\n-\n24,000,000\n6\n144,000,000\n자기주식취득\n-\n-\n-\n23,970,000\n1\n23,970,000\n자기주식취득\n-\n-\n-\n23,957,998\n41\n982,277,918\n자기주식취득\n-\n-\n-\n23,927,998\n1\n23,927,998\n자기주식취득\n-\n-\n-\n23,907,998\n19\n454,251,962\n자기주식취득\n-\n-\n-\n23,887,998\n1\n23,887,998\n자기주식취득\n-\n-\n-\n23,867,998\n1\n23,867,998\n자기주식취득\n-\n-\n-\n23,847,998\n6\n143,087,988\n자기주식취득\n-\n-\n-\n23,842,998\n1\n23,842,998\n자기주식취득\n-\n-\n-\n23,829,926\n1\n23,829,926\n자기주식취득\n-\n-\n-\n23,799,990\n10\n237,999,900\n자기주식취득\n-\n-\n-\n23,774,990\n1\n23,774,990\n자기주식취득\n-\n-\n-\n23,769,980\n28\n665,559,440\n자기주식취득\n-\n-\n-\n23,750,000\n62\n1,472,500,000\n자기주식취득\n-\n-\n-\n23,750,000\n92\n2,185,000,000\n합\xa0\xa0 계\n92\n2,185,000,000\n-\n273\n6,499,825,500\n가중평균유통보통주식수\n23,750,000\n-\n23,808,885\n<전분기>\n구\xa0\xa0 분\n3개월\n누\xa0\xa0 적\n유통주식수\n기간\n적\xa0\xa0 수\n유통주식수\n기간\n적\xa0\xa0 수\n기초발행주식수\n24,350,000\n92\n2,240,200,000\n24,665,877\n1\n24,665,877\n자기주식취득\n-\n-\n-\n24,635,877\n1\n24,635,877\n자기주식취득\n-\n-\n-\n24,595,877\n2\n49,191,754\n자기주식취득\n-\n-\n-\n24,555,877\n3\n73,667,631\n자기주식취득\n-\n-\n-\n24,525,877\n1\n24,525,877\n자기주식취득\n-\n-\n-\n24,495,877\n1\n24,495,877\n자기주식취득\n-\n-\n-\n24,445,877\n1\n24,445,877\n자기주식취득\n-\n-\n-\n24,395,877\n1\n24,395,877\n자기주식취득\n-\n-\n-\n24,350,000\n262\n6,379,700,000\n합\xa0\xa0 계\n92\n2,240,200,000\n273\n6,649,724,647\n가중평균유통보통주식수\n24,350,000\n24,357,966\n35. 배당금당사가 당기 및 전기에 지급한 배당금은 각각 3,845,511천원(주당 160원) 및 3,946,540천원(주당 160원) 입니다.\n36. 현금흐름표와 관련된 내용 36-1. 영업으로부터 창출된 현금\n(단위: 천원)\n구 분\n당 분 기\n전 분 기\n분기순이익\n14,343,073\n15,143,677\n조정 항목 :\nⅠ. 현금의 유출ㆍ입이 없는 수익ㆍ비용의 조정\n7,454,112\n5,623,916\n\xa0 \xa0 1. 현금의 유출이 없는 비용등의 가산\n10,849,465\n9,422,684\n\xa0 \xa0 \xa0\xa0 감가상각비\n1,126,093\n588,029\n\xa0 \xa0 \xa0\xa0 대손상각비\n4,483\n-\n\xa0 \xa0 \xa0\xa0 유형자산처분손실\n15\n2\n\xa0 \xa0 \xa0\xa0 투자자산처분손실\n17,987\n-\n\xa0 \xa0 \xa0\xa0 투자자산평가손실\n-\n3,093\n\xa0 \xa0 \xa0\xa0 퇴직급여설정액\n3,197,808\n2,952,463\n\xa0 \xa0 \xa0\xa0 하자보수비설정액\n1,901,457\n350,905\n\xa0 \xa0 \xa0\xa0 이자비용\n200,737\n146,937\n\xa0 \xa0 \xa0\xa0 법인세비용\n4,400,885\n5,381,255\n\xa0\xa0 2. 현금의 유입이 없는 수익등의 차감\n3,395,353\n3,798,768\n\xa0 \xa0 \xa0\xa0 투자자산처분이익\n62,344\n513,541\n\xa0 \xa0 \xa0\xa0 투자자산평가이익\n326,926\n20,240\n\xa0 \xa0 \xa0\xa0 유형자산처분이익\n11,233\n244,220\n\xa0 \xa0 \xa0\xa0 대손충당금환입\n-\n128,800\n\xa0 \xa0 \xa0\xa0 금융수익\n2,994,850\n2,891,967\nⅡ. 영업활동으로 인한 자산ㆍ부채의 변동\n13,191,443\n8,871,227\n\xa0 \xa0 \xa0\xa0 매출채권의 (증가)감소\n14,710,582\n16,262,338\n\xa0 \xa0 \xa0\xa0 미청구공사의 (증가)감소\n(2,813,201)\n(8,946,384)\n\xa0 \xa0 \xa0\xa0 미수금의 (증가)감소\n428,336\n1,181,717\n\xa0 \xa0 \xa0\xa0 선급금의 (증가)감소\n(2,125,538)\n1,403,725\n\xa0 \xa0 \xa0\xa0 선급비용의 증가\n111,461\n16,138\n\xa0 \xa0 \xa0\xa0 재고자산의 증가\n(934,128)\n(2,045,025)\n\xa0 \xa0 \xa0\xa0 매입채무의 증가(감소)\n(6,667,302)\n(5,159,896)\n\xa0 \xa0 \xa0\xa0 미지급금의 증가\n(1,458,492)\n(869,280)\n\xa0 \xa0 \xa0\xa0 부가가치세예수금의 증가(감소)\n98,035\n(719,664)\n\xa0 \xa0 \xa0\xa0 선수금의 증가(감소)\n12,176,687\n14,232,336\n\xa0 \xa0 \xa0\xa0 예수금의 증가\n(170,102)\n(164,736)\n\xa0 \xa0 \xa0\xa0 초과청구공사의 증가(감소)\n3,218,589\n(2,547,246)\n\xa0 \xa0 \xa0\xa0 장기임대보증금의 증가(감소)\n2,000\n-\n\xa0 \xa0 \xa0\xa0 하자보수비의 지출\n(625,100)\n(512,789)\n\xa0 \xa0 \xa0\xa0 퇴직금의 지급\n(1,267,410)\n(2,168,709)\n\xa0 \xa0 \xa0\xa0 국민연금전환금의 감소\n-\n1,522\n\xa0 \xa0 \xa0\xa0 퇴직연금운용자산의 증가\n(1,492,974)\n(1,092,820)\n영업활동으로부터 창출된 현금흐름\n34,988,628\n29,638,820\n36-2. 현금의 유출ㆍ입이 없는 거래 중 중요한 사항\n(단위: 천원)\n구\xa0 분\n당 분 기\n전 분 기\n건설중인자산의 재고자산(용지) 대체\n-\n2,836\n장기입회보증금의 장기선급비용으로 대체\n-\n46,000\n장기입회보증금의 대손처리\n-\n331,200\n장기입회보증금의 기타포괄손익공정가치측정금융자산으로 대체\n-\n82,800\n비유동당기손익공정가치측정금융자산의 유동성 대체\n8,900,253\n2,000,000\n비유동상각후원가측정금융자산의 유동성 대체\n7,028,119\n12,048,042\n단기선급비용의 장기선급비용 대체\n128,086\n701,198\n단기선급금의 영업보증금으로 대체\n-\n100,000\n비유동리스사용권자산 인식\n2,235,381\n-\n유동리스부채 인식\n1,150,168\n-\n비유동리스부채 인식\n894,013\n-\n임대보증금 현재가치할인차금 상각\n184,045\n-\n합\xa0 계\n20,520,065\n15,312,076\n36-3. 분기 중 재무활동현금흐름에서 생기는 부채의 조정 내역은 다음과 같습니다.\n(단위: 천원)\n구\xa0 분\n기\xa0 초\n재무현금흐름\n비현금흐름\n기 말\n상\xa0 각\n기\xa0 타\n단기차입금\n7,500,000\n-\n-\n-\n7,500,000\n37. 우발상황 및 약정사항\xa0\n37-1. 담보제공자산\n보고기간말 현재\xa0 단기차입금 등과 관련하여 금융기관 등에 담보로 제공한 자산은 다음과 같습니다.\n(단위: 천원)\n담보제공자산\n설정금액\n관계채무\n금융기관\n출 자 금\n5,106,387\n단기차입금 10억\xa0및 공사관련 각종 보증채무\n전문건설공제조합\n출 자 금\n9,627,150\n공사관련 각종 보증채무\n건설공제조합\n토지 및 건물\n6,500,000\n단기차입금 30억\xa0및 당좌차월 한도약정 9억\n산업은행\n예\xa0\xa0 금\n2,000,000\n단기차입금 15억\n우리은행\n합\xa0\xa0 계\n23,233,537\n37-2. 보고기간말 현재 당사의 단기차입금 종류별 차입약정한도는 다음과 같습니다.\n(단위: 천원)\n종\xa0\xa0 류\n차\xa0\xa0 입\xa0\xa0 처\n금\xa0\xa0 액\n당좌차월\n신\xa0 한\xa0 은\xa0 행\n1,000,000\n한국산업은행\n900,000\n소\xa0\xa0 계\n1,900,000\n어음할인\n신\xa0 한\xa0 은\xa0 행\n2,000,000\n일반회전대출\n신\xa0 한\xa0 은\xa0 행\n500,000\n일반운용대출\n신\xa0 한\xa0 은\xa0 행\n2,000,000\n산\xa0 업\xa0 은\xa0 행\n3,000,000\n우\xa0 리\xa0 은\xa0 행\n1,500,000\n전문건설공제조합\n1,000,000\n소\xa0\xa0 계\n7,500,000\n합\xa0\xa0 계\n11,900,000\n37-3. 지급보증 현황37-3-1.\xa0보고기간말 현재 타인으로부터 제공받은 지급보증의 내용은 다음과 같습니다.\n(단위: 천원)\n제공자\n보증금액\n보증내용\n서울보증보험\n9,095,484\n인허가보증 외\n전문건설공제조합\n66,680,289\n계약이행보증 외\n건설공제조합\n242,249,392\n계약이행보증 외\n신한은행\n2,500,000\n대금지급보증\n합\xa0\xa0 계\n320,525,165\n37-3-2. 보고기간말 현재 타인을 위하여 제공한 지급보증은 없습니다.37-4. 계류중인 소송사건\n보고기간말 현재 당사의 계류중인 소송사건은\xa0없습니다.\n37-4-1. 당사의 피소 내역보고기간말 현재 당사의 피소사건은 없습니다.\n38. 특수관계자와의 거래 \n38-1. 보고기간말 현재 특수관계자 내역은 다음과 같습니다.\n특수관계 구분\n회사명\n업종\n지분율(%)\n종속기업\n삼호그린인베스트먼트㈜\n창업투자업\n100.00\nSGI신성장메짜닌펀드\n창업투자조합\n80.00\n삼호코넨㈜\n건설업\n54.51\nSGI세컨더리투자조합2호\n창업투자조합\n47.62\n관계기업\nKoFc-SGI녹색산업투자조합 제1호\n창업투자조합\n5.00\nPosco-SGI Falcon 제약바이오 Secondary조합1호\n창업투자조합\n9.09\n삼호환경기술㈜\n폐기물재활용\n38.97\n기타의특수관계자\n삼호씨앤엠㈜\n건설업\n-\n당서아스콘㈜\n아스콘\n-\n아산아스콘㈜\n아스콘\n-\n전윤미\n부동산임대업\n-\n38-2. 당분기 및 전분기 중 특수관계자에 대한 거래내역은 다음과 같습니다.\n<당분기>\n(단위: 천원)\n회사명\n특수관계자의 성격\n매출 등\n매입 등\n매출\n기타\n합\xa0 계\n매입\n기타\n합\xa0 계\n삼호그린인베스트먼트㈜\n종속기업\n46,956\n-\n46,956\n-\n-\n-\n삼호코넨㈜\n종속기업\n14,486\n14,486\n105,500\n105,500\n삼호씨앤엠㈜\n기타의특수관계자\n31,275\n131,419\n162,694\n-\n166,411\n166,411\n당서아스콘㈜\n기타의특수관계자\n270,133\n-\n270,133\n208,132\n-\n208,132\n아산아스콘㈜\n기타의특수관계자\n4,950\n-\n4,950\n-\n-\n-\n전윤미\n기타의특수관계자\n-\n-\n-\n28,800\n28,800\n알파투자자문(*)\n기타의특수관계자\n1,617\n-\n1,617\n-\n-\n-\n합\xa0\xa0 계\n369,417\n131,419\n500,836\n342,432\n166,411\n508,843\n<전분기>\n(단위: 천원)\n회사명\n특수관계자의 성격\n매출 등\n매입 등\n매출\n기타\n합\xa0 계\n매입\n기타\n합\xa0 계\n삼호그린인베스트먼트㈜\n종속기업\n43,722\n-\n43,722\n-\n-\n-\n삼호코넨㈜\n종속기업\n14,797\n-\n14,797\n76,000\n-\n76,000\n알파투자자문㈜\n기타의특수관계자\n4,851\n-\n4,851\n-\n-\n-\n삼호씨앤엠㈜\n기타의특수관계자\n244,472\n152,103\n396,575\n-\n91,009\n91,009\n당서아스콘㈜\n기타의특수관계자\n155,828\n1,800\n157,628\n10,889\n143,029\n153,918\n아산아스콘㈜\n기타의특수관계자\n4,950\n-\n4,950\n-\n-\n-\n전윤미\n기타의특수관계자\n-\n-\n-\n28,800\n-\n28,800\n합\xa0\xa0 계\n468,620\n153,903\n622,523\n115,689\n234,038\n349,727\n38-3. 당분기 및 전기 중 특수관계자에 대한\xa0 채권 증감내역은 다음과 같습니다.<당분기>\n(단위: 천원)\n회사명\n특수관계자의 성격\n계정과목\n기초\n증가\n감소\n기말\n삼호그린인베스트먼트㈜\n종속기업\n매출채권\n-\n51,652\n51,652\n-\n삼호코넨㈜\n종속기업\n매출채권\n-\n15,935\n15,935\n-\n삼호환경기술㈜\n관계기업\n매출채권\n1,701,700\n200,000\n1,501,700\n삼호씨앤엠㈜\n기타의특수관계자\n매출채권\n14,507\n34,402\n48,909\n-\n기타채권\n16,849\n144,561\n152,854\n8,556\n당서아스콘㈜\n기타의특수관계자\n매출채권\n46,968\n297,146\n289,869\n54,245\n아산아스콘㈜\n기타의특수관계자\n매출채권\n605\n5,445\n5,445\n605\n알파투자자문(*)\n기타의특수관계자\n매출채권\n-\n1,779\n1,779\n-\n합\xa0\xa0 계\n1,780,629\n550,920\n766,443\n1,565,106\n<전기>\n(단위: 천원)\n회사명\n특수관계자의 성격\n계정과목\n기초\n증가\n감소\n기말\n삼호그린인베스트먼트㈜\n종속기업\n매출채권\n-\n64,126\n64,126\n-\n삼호코넨㈜\n종속기업\n매출채권\n-\n21,412\n21,412\n-\n기타채권\n85,882\n-\n85,882\n-\n삼호환경기술㈜\n관계기업\n매출채권\n1,701,700\n-\n-\n1,701,700\n알파투자자문㈜\n기타의특수관계자\n매출채권\n-\n6,468\n6,468\n-\n삼호씨앤엠㈜\n기타의특수관계자\n매출채권\n41,110\n328,934\n355,537\n14,507\n기타채권\n14,850\n222,152\n220,153\n16,849\n당서아스콘㈜\n기타의특수관계자\n매출채권\n16,936\n254,379\n224,347\n46,968\n아산아스콘㈜\n기타의특수관계자\n매출채권\n605\n7,260\n7,260\n605\n합\xa0\xa0 계\n1,861,083\n904,731\n985,185\n1,780,629\n38-4. 당분기 및 전기 중 특수관계자에 대한\xa0 채무 증감 내역은 다음과 같습니다.\n<당분기>\n(단위: 천원)\n회사명\n특수관계자의 성격\n계정과목\n기초\n증가\n감소\n기말\n삼호코넨㈜\n종속기업\n매입채무\n11,550\n116,050\n118,250\n9,350\n삼호씨앤엠㈜\n기타의특수관계자\n기타채무\n11,427\n183,052\n171,776\n22,703\n당서아스콘㈜\n기타의특수관계자\n매입채무\n24,272\n228,946\n232,318\n20,900\n전윤미\n기타의특수관계자\n매입채무\n3,200\n31,680\n31,360\n3,520\n합\xa0\xa0 계\n50,449\n559,728\n553,704\n56,473\n<전기>\n(단위: 천원)\n회사명\n특수관계자의 성격\n계정과목\n기초\n증가\n감소\n기말\n삼호코넨㈜\n종속기업\n매입채무\n17,600\n134,750\n140,800\n11,550\n삼호씨앤엠㈜\n기타의특수관계자\n기타채무\n13,563\n134,392\n136,528\n11,427\n당서아스콘㈜\n기타의특수관계자\n매입채무\n15,400\n254,379\n245,507\n24,272\n전윤미\n기타의특수관계자\n매입채무\n3,200\n38,400\n38,400\n3,200\n합\xa0\xa0 계\n49,763\n561,921\n561,235\n50,449\n38-5. 당분기 및 전기에 특수관계자에 대한 자금 대여 및 차입 거래는 없습니다.\n38-6.\xa0당분기 및 전분기 중 당사가 주요 경영진(등기 임원)에 대한 보상을 위해 비용으로 반영한 금액은 다음과 같습니다.\n(단위: 천원)\n구 분\n당 분 기\n전 분 기\n급여\n461,030\n422,750\n퇴직급여\n99,738\n77,587\n합\xa0\xa0 계\n560,768\n500,337\n39. 위험관리 \n39-1. 재무위험관리재무위험관리는 주로 시장위험, 신용위험, 유동성 위험에 대해\xa0 안정적이고 지속적으로 경영성과를 창출할 수 있도록 지원하고, 동시에 재무구조 개선 및 자금운영의 효율성 제고를 통해 금융원가를 절감함으로써 사업의 원가경쟁력 제고에 기여하는데 그 목적이 있습니다.또한, 정기적으로 재무위험관리 정책의 재정비, 재무위험 모니터링 등을 통해 재무위험으로부터 발생할 수 있는 영향을 최소화하는데 주력하고 있습니다.\n39-2. 재무위험요소39-2-1.\xa0시장위험(가) 이자율 위험이자율 위험은 주로 변동금리부 차입금에 연관되어 있으며, 이와 관련된 이자비용은 이자율 위험에 노출되어 있습니다. 보고기간말 현재 이자율 변동위험에 노출된 금융부채는 변동금리부 차입금 7,500,000천원입니다.보고기간말 현재 다른 모든 변수가 일정하고 이자율이 1% 변동시 변동이자부 차입금으로부터 발생하는 이자비용에 미치는 영향은 다음과 같습니다.\n(단위: 천원)\n구 분\n차입금\n이자율 1% 변동시 미치는 영향\n이자비용\n7,500,000\n75,000 증감\xa0\xa0\n당사는 차입금 비중이 적으므로 이자율 변동에 따른 시장위험이 당기손익에 미치는 영향은 크지 않습니다.\n(나) 가격위험당기손익-공정가치측정금융자산으로 분류되는 금융상품은 주가, 신용 및 이자율 위험에 노출되어 있습니다. 당사는 당기손익-공정가치측정금융자산에 대한 투자로 인한 가격위험을 관리하기 위해 포트폴리오 내에서 중요한 투자자산의 관리는 개별적으로 수행하고 있으며, 취득과 처분은 당사의 경영진이 승인하고 있습니다.기타포괄손익-공정가치측정금융자산으로 분류되는 지분증권의 가격위험에 노출되어 있습니다. 당사는 지분증권에 대한 투자로 인한 가격위험을 관리하기 위해 포트폴리오 내에서 중요한 투자자산의 관리는 개별적으로 수행하고 있으며, 취득과 처분은 당사의 경영진이 승인하고 있습니다.\n39-2-2. 신용위험\xa0\n신용위험은 당사의 통상적인 거래 및 투자활동에서 발생하며 고객 또는 거래 상대방이 계약조건상 의무사항을 지키지 못하였을 때 발생합니다. 이러한 신용위험을 관리하기 위하여\xa0 주기적으로 고객과 거래 상대방의 재무 상태와 과거경험 및 기타요소들을 고려하여 재무 신용도를 평가하고 있으며 고객과 거래상대방 각각에 대한 신용한도를 설정하고 있습니다. 신용위험은 당사가 보유하고 있는 수취채권 및 확정계약을 포함한 주요 거래처에 대한 신용위험 뿐 아니라 현금및현금성자산, 파생금융상품 및 은행 및 금융기관 예치금으로부터 발생하고 있습니다.\n신용위험은 당사의 신용정책에 의하여 효율적 신용위험 관리, 신속한 의사결정 지원 및 채권 안전장치 마련을 통한 손실 최소화를 목적으로 관리하고 있습니다. 당사는 당분기 중 손상의 징후나 회수기일이 초과된 채권 등에 대하여 당분기말 현재 채무불이행이 예상되는 경우, 그 위험을 적절히 평가하여 재무상태표에 반영하고 있습니다.\n보고기간말 현재 대손위험에 대한 최대노출정도는 다음과 같습니다.\n(단위: 천원)\n구\xa0 \xa0 \xa0 분\n장부금액(*1)\n손상 및 대손누계액\n최대노출해당액(*2)\n당기손익인식-공정가치측정금융자산\n59,720,078\n-\n59,720,078\n기타포괄손익-공정가치측정금융자산\n5,234,661\n-\n5,234,661\n상각후원가측정금융자산\n108,082,504\n(49,146)\n86,676,099\n합\xa0\xa0 계\n173,037,243\n(49,146)\n151,630,838\n(*1) 당분기말 장부금액은 손상 및 대손누계액을 차감한 순액입니다.\n(*2) 상각후원가측정자산의 최대노출해당액에는 현금및현금성자산은 제외하였습니다.\n39-2-3. 유동성위험\n유동성위험은 유동성 부족으로 인해 금융부채에 대한 지급 의무를 이행 못하거나, 정상적인 영업을 위한 자금조달이 불가능한 경우 발생하고 있습니다.\n자금수지계획을 수립함으로써 영업활동, 투자활동, 재무활동에서의 자금수지를 미리예측하고 있으며, 이를 통해 필요 유동성 규모를 사전에 확보하고 유지하여 향후에 발생할 수 있는 유동성리스크를 사전에 관리하고 있습니다.\n보고기간말 현재 금융부채의 잔존계약만기에 따른 만기분석은 다음과 같습니다.\n(단위: 천원)\n구\xa0 \xa0 \xa0 \xa0\xa0 분\n1년 미만\n1년 ~ 5년\n합\xa0 계\n단기차입금(*)\n7,500,000\n-\n7,500,000\n(*) 단기차입금 75억원은 계약만기 후 재연장이 가능한 차입금입니다.\n39-2-4. 자본 위험 관리\n당사의 자본관리 목적은 계속기업으로서 주주 및 이해당사자들에게 이익을 지속적으로 제공할 수 있는 능력을 보호하고 자본비용을 절감하기 위해 최적 자본구조를 유지하는 것입니다.\xa0\n보고기간말 현재 부채비율, 순차입금비율은 다음과 같습니다.\n(단위: 천원)\n구 분\n당분기말\n전기말\n부채(A)\n101,370,462\n92,287,002\n자본(B)\n189,387,297\n183,976,151\n예금(C)(*)\n46,529,983\n54,550,383\n차입금(D)\n7,500,000\n7,500,000\n부채비율(=A/B)(%)\n53.52\n50.16\n순차입금비율(=(D-C)/B)\n-\n-\n(*) 예금은 당사의 현금성자산 및 단기금융상품, 장기금융상품에 해당하는 금액입니다.\n40. 금융상품의 공정가치 서열체계\xa0\n40-1. 보고기간말 현재 공정가치로 측정되는 당사 금융상품의 공정가치 서열체계에 따른 수준별 공시는 다음과 같습니다.공정가치측정에 사용된 투입변수의 유의성을 반영하는 공정가치 서열체계에 따라 공정가치 측정치를 분류하고 있으며, 공정가치 서열체계의 수준은 다음과 같습니다.\n구\xa0 분\n투입변수의 유의성\n수준 1\n동일한 자산이나 부채에 대한 활성시장의 공시가격\n수준 2\n직접적으로 또는 간접적으로 관측가능한, 자산이나 부채에 대한 투입변수\n수준 3\n관측가능한 시장자료에 기초하지 않은, 자산이나 부채에 대한 투입변수\n보고기간말 현재 당사의 공정가치로 측정되는 금융상품의 수준별 공정가치는 다음과같습니다.\n<당분기말>\n(단위: 천원)\n구\xa0\xa0 분\n수준1\n수준2\n수준3\n합\xa0\xa0 계\n유동 당기손익-공정가치측정금융자산\n-\n24,627,596\n-\n24,627,596\n비유동 당기손익-공정가치측정금융자산\n-\n20,358,096\n14,734,386\n35,092,482\n비유동 기타포괄손익-공정가치측정금융자산\n3,423,200\n-\n1,811,461\n5,234,661\n합\xa0\xa0 계\n3,423,200\n44,985,692\n16,545,847\n64,954,739\n<전기말>\n(단위: 천원)\n구\xa0\xa0 분\n수준1\n수준2\n수준3\n합\xa0\xa0 계\n유동 당기손익-공정가치측정금융자산\n-\n9,988,328\n-\n9,988,328\n비유동 당기손익-공정가치측정금융자산\n-\n9,866,501\n14,670,608\n24,537,109\n비유동 기타포괄손익-공정가치측정금융자산\n3,625,600\n-\n7,355,741\n10,981,341\n합\xa0\xa0 계\n3,625,600\n45,380,890\n22,026,349\n71,032,839\n40-2. 수준 3에 해당하는 금융상품의 변동내역\n(단위: 천원)\n구\xa0\xa0 분\n당 분 기\n전\xa0 기\n기초 잔액\n22,026,349\n22,099,465\n매입\n295\n658,465\n매도\n(344,280)\n(385,000)\n평가이익\n63,483\n1,036,833\n평가손실\n(5,200,000)\n(33,414)\n기타\n-\n(1,350,000)\n기말 잔액\n16,545,847\n22,026,349\n41. 부문별 정보\xa0\n41-1. 부문별 정보당사의 사업단위 구분은 다음과 같습니다.\xa0\n영업부문\n주요 제품 및 사업내용\n건\xa0 \xa0 \xa0 설\n고속도로ㆍ국도ㆍ지하철ㆍ공항ㆍ항만, 골프장, 택지개발 등\n제\xa0 \xa0 \xa0 조\n쇄석골재 생산 및 판매\n기\xa0 \xa0 \xa0 타\n부동산임대, 건설기계임대 등\n41-2.\xa0 당분기와 전분기 중 당사의 부문별 손익정보는 다음과 같습니다.\n<당분기>\n(단위: 천원)\n구\xa0\xa0 분\n매출액\n영업이익\n건\xa0 \xa0 \xa0 설\n253,620,618\n12,210,342\n제\xa0 \xa0 \xa0 조\n4,809,743\n1,948,930\n기 타(*)\n378,633\n163,194\n합\xa0 \xa0\xa0 계\n258,808,994\n14,322,466\n(*) 기타부문은 특정보고부문의 요건을 충족하지 못하는 영업부문과 영업부문에 대한 지원활동 및 관리비 등을 포함하고 있습니다. 당사의 경영진은 부문 영업이익에 근거하여 영업부문의 성과를 평가하고 있습니다.\n<전분기>\n(단위: 천원)\n구\xa0\xa0 분\n매출액\n영업이익\n건\xa0 \xa0 \xa0 설\n193,212,729\n14,736,933\n제\xa0 \xa0 \xa0 조\n4,443,169\n1,851,615\n기\xa0 \xa0\xa0 타\n644,252\n329,068\n합\xa0\xa0 계\n198,300,150\n16,917,616\n(*) 기타부문은 특정보고부문의 요건을 충족하지 못하는 영업부문과 영업부문에 대한 지원활동 및 관리비 등을 포함하고 있습니다. 당사의 경영진은 부문 영업이익에 근거하여 영업부문의 성과를 평가하고 있습니다.\n41-3. 보고기간말 현재 당사의 부문별 자산 및 부채는 다음과 같습니다.\n(단위: 천원)\n구\xa0 분\n당분기말\n전기말\n자산\n부채\n자산\n부채\n건\xa0 \xa0 \xa0 설\n68,153,698\n79,039,054\n77,921,657\n68,035,204\n제\xa0 \xa0 \xa0 조\n8,996,826\n362,336\n7,466,111\n400,658\n기\xa0 \xa0 \xa0 타\n213,607,235\n21,969,072\n190,875,385\n23,851,140\n합\xa0\xa0 계\n290,757,759\n101,370,462\n276,263,153\n92,287,002\n']"
