text
"[""\nXII. 상세표\n1. 연결대상 종속회사 현황(상세)\n☞ 본문 위치로 이동\n(단위 : 백만원)\n상호\n설립일\n주소\n주요사업\n최근사업연도말자산총액\n지배관계 근거\n주요종속회사 여부\n신한은행\n1897.02.19\n서울특별시 중구 세종대로9길 20\n은행업\n469,727,053\n지분율 100%(기업회계기준서 제1110호 문단 B6)\n○ (최근 사업연도 자산총액이 750억원 이상)\n신한카드\n1985.12.17\n서울특별시 중구 을지로 100\n여신전문금융업\n42,602,142\n지분율 100%(기업회계기준서 제1110호 문단 B6)\n○ (최근 사업연도 자산총액이 750억원 이상)\n신한투자증권\n1973.04.02\n서울특별시 영등포구 여의대로 70 신한금융투자타워\n금융투자업\n50,099,501\n지분율 100%(기업회계기준서 제1110호 문단 B6)\n○ (최근 사업연도 자산총액이 750억원 이상)\n신한라이프생명보험\n1990.01.04\n서울특별시 중구 삼일대로 358\n생명보험업\n58,508,315\n지분율 100%(기업회계기준서 제1110호 문단 B6)\n○ (최근 사업연도 자산총액이 750억원 이상)\n신한캐피탈\n1991.04.19\n경기도 안산시 단원구 당곡로 17\n여신전문금융업\n12,956,431\n지분율 100%(기업회계기준서 제1110호 문단 B6)\n○ (최근 사업연도 자산총액이 750억원 이상)\n신한자산운용\n1996.08.01\n서울시 영등포구 여의대로 70 신한금융투자타워 18층\n금융투자업\n267,943\n지분율 100%(기업회계기준서 제1110호 문단 B6)\n○ (최근 사업연도 자산총액이 750억원 이상)\n신한디에스\n1991.05.13\n서울 중구 남대문로 10길 29\n전산 서비스\n135,333\n지분율 100%(기업회계기준서 제1110호 문단 B6)\n○ (최근 사업연도 자산총액이 750억원 이상)\nSHC매니지먼트\n2002.06.04\n서울특별시 중구 소공로 70\n기타\n10,051\n지분율 100%(기업회계기준서 제1110호 문단 B6)\nX\n제주은행\n1969.03.20\n제주특별자치도 제주시 오현길 90\n은행업\n7,153,672\n지분율 75.31%(기업회계기준서 제1110호 문단 B6)\n○ (최근 사업연도 자산총액이 750억원 이상)\n신한저축은행\n2012.11.06\n서울 중구 청계천로 54\n저축은행업\n3,046,110\n지분율 100%(기업회계기준서 제1110호 문단 B6)\n○ (최근 사업연도 자산총액이 750억원 이상)\n신한자산신탁\n2006.10.18\n서울 강남구 영동대로 416\n부동산신탁업\n463,445\n지분율 100%(기업회계기준서 제1110호 문단 B6)\n○ (최근 사업연도 자산총액이 750억원 이상)\n신한펀드파트너스\n2000.06.15\n서울 영등포구 여의대로 70 신한금융투자타워 16, 22층\n금융사무수탁\n110,849\n지분율 99.79%(기업회계기준서 제1110호 문단 B6)\n○ (최근 사업연도 자산총액이 750억원 이상)\n신한리츠운용\n2017.10.18\n서울 종로구 종로33 18층\n부동산업\n72,018\n지분율 100%(기업회계기준서 제1110호 문단 B6)\nX\n신한에이아이\n2019.01.24\n서울특별시 영등포구 여의대로 70 , 26층(여의도동)\n기타\n35,674\n지분율 100%(기업회계기준서 제1110호 문단 B6)\nX\n신한벤처투자\n2000.04.01\n서울특별시 강남구 테헤란로 534 (대치동, 글라스타워빌딩)\n창업투자,사모투자집합기구(PEF)투자\n150,675\n지분율 100%(기업회계기준서 제1110호 문단 B6)\n○ (최근 사업연도 자산총액이 750억원 이상)\n신한EZ손해보험\n2003.06.13\n서울특별시 중구 남대문로 113 DB다동빌딩 4,5층\n손해보험업\n261,204\n지분율 85.1%(기업회계기준서 제1110호 문단 B6)\n○ (최근 사업연도 자산총액이 750억원 이상)\n특정금전신탁_신한지주\n-\n(주1)\n수익증권\n705,273\n지분율 100%(기업회계기준서 제1110호 문단 B6)\n○ (최근 사업연도 자산총액이 750억원 이상)\n아메리카신한은행\n1990.10.18\n330 5th Avenue 4th Floor New York, NY 10001, USA\n은행업\n2,256,668\n지분율 100%(기업회계기준서 제1110호 문단 B6)\n○ (최근 사업연도 자산총액이 750억원 이상)\n캐나다신한은행\n2009.03.09\n5140 Yonge St. Suite 2300 Toronto, Ontario, Canada M2N6L7\n은행업\n1,035,232\n지분율 100%(기업회계기준서 제1110호 문단 B6)\n○ (최근 사업연도 자산총액이 750억원 이상)\n유럽신한은행\n1994.10.10\nNeue Mainzer Strasse 75, 60311 Frankfrut am Main, Germany\n은행업\n1,085,421\n지분율 100%(기업회계기준서 제1110호 문단 B6)\n○ (최근 사업연도 자산총액이 750억원 이상)\n신한은행(중국)유한공사\n2008.05.12\n12nd FL. Zhongyu Plaza No6. Worker’s stadium Road N., Chaoyang District, Beijing 100027, China\n은행업\n5,213,950\n지분율 100%(기업회계기준서 제1110호 문단 B6)\n○ (최근 사업연도 자산총액이 750억원 이상)\n신한카자흐스탄은행\n2008.12.26\n123/7 Dostyk Ave.Medeu District, Almaty, Republic of Kazakhstan\n은행업\n1,344,932\n지분율 100%(기업회계기준서 제1110호 문단 B6)\n○ (최근 사업연도 자산총액이 750억원 이상)\n신한캄보디아은행\n2007.10.15\nNo.79 Kampuchea Krom, Sangkat Mororom, Khan 7 Makara, Phnom Penh, Cambodia\n은행업\n1,087,730\n지분율 97.5%(기업회계기준서 제1110호 문단 B6)\n○ (최근 사업연도 자산총액이 750억원 이상)\nSBJ은행\n2009.09.14\n5th Fl., The Mita Bellju Bldg, 108-0014 5-36-7 Shiba, Minato-ku, Tokyo, Japan\n은행업\n13,653,349\n지분율 100%(기업회계기준서 제1110호 문단 B6)\n○ (최근 사업연도 자산총액이 750억원 이상)\n신한베트남은행\n2009.11.16\nGround Floor, Mezzanine, 2nd and 3rd floor, Empress Tower, 138 \xa0142 Hai Ba Trung, Dakao Ward, District 1, Ho Chi Minh City, Vietnam\n은행업\n9,147,925\n지분율 100%(기업회계기준서 제1110호 문단 B6)\n○ (최근 사업연도 자산총액이 750억원 이상)\n멕시코신한은행\n2015.10.12\nAv. Paseo de la Reforma 250, Reforma Capital Torre B Cuauhtemoc, Juarez, 06600, Mexico D.F. , Mexico\n은행업\n379,694\n지분율 99.99%(기업회계기준서 제1110호 문단 B6)\n○ (최근 사업연도 자산총액이 750억원 이상)\n신한인도네시아은행\n2015.11.30\nJl. Hayam Wuruk No. 19 \xa020 Jakarta (10120), Indonesia\n은행업\n1,929,579\n지분율 99%(기업회계기준서 제1110호 문단 B6)\n○ (최근 사업연도 자산총액이 750억원 이상)\nSBJDNX\n2020.04.01\n7th Fl., The Mita Bellju Bldg, 108-0014 5-36-7\n전산서비스\n19,976\n지분율 100%(기업회계기준서 제1110호 문단 B6)\nX\n엠피씨율촌2호기㈜\n2011.10.31\n(주1)\n자산유동화\n39,530\n힘과 변동이익 노출(기업회계기준서 제1110호 문단7)\nX\n엠피씨율촌1호기(주)\n2013.12.20\n(주1)\n자산유동화\n37,417\n힘과 변동이익 노출(기업회계기준서 제1110호 문단7)\nX\n신한에스러셀㈜\n2015.02.24\n(주1)\n자산유동화\n14,576\n힘과 변동이익 노출(기업회계기준서 제1110호 문단7)\nX\n타이거아이즈제삼차(주)\n2017.06.30\n(주1)\n자산유동화\n127,439\n힘과 변동이익 노출(기업회계기준서 제1110호 문단7)\n○ (최근 사업연도 자산총액이 750억원 이상)\n써니솔루션제사차㈜\n2018.04.30\n(주1)\n자산유동화\n29,608\n힘과 변동이익 노출(기업회계기준서 제1110호 문단7)\nX\n에스리디파인제삼차㈜\n2018.07.16\n(주1)\n자산유동화\n19,982\n힘과 변동이익 노출(기업회계기준서 제1110호 문단7)\nX\n마에스트로이알 ㈜\n2019.05.24\n(주1)\n자산유동화\n33,114\n힘과 변동이익 노출(기업회계기준서 제1110호 문단7)\nX\n에스리디파인제십차㈜\n2019.08.07\n(주1)\n자산유동화\n40,882\n힘과 변동이익 노출(기업회계기준서 제1110호 문단7)\nX\n마에스트로 공덕\n2019.09.05\n(주1)\n자산유동화\n40,900\n힘과 변동이익 노출(기업회계기준서 제1110호 문단7)\nX\n지아이비대명제일차㈜\n2019.10.10\n(주1)\n자산유동화\n50,970\n힘과 변동이익 노출(기업회계기준서 제1110호 문단7)\nX\n지아이비랩제이차\n2019.12.30\n(주1)\n자산유동화\n11\n힘과 변동이익 노출(기업회계기준서 제1110호 문단7)\nX\n마에스트로디큐브\n2020.05.15\n(주1)\n자산유동화\n51,772\n힘과 변동이익 노출(기업회계기준서 제1110호 문단7)\nX\n마에스트로별내(주)\n2020.07.27\n(주1)\n자산유동화\n13,567\n힘과 변동이익 노출(기업회계기준서 제1110호 문단7)\nX\n마에스트로디에스㈜\n2020.09.22\n(주1)\n자산유동화\n266,262\n힘과 변동이익 노출(기업회계기준서 제1110호 문단7)\n○ (최근 사업연도 자산총액이 750억원 이상)\n에스타이거제십차㈜\n2020.10.29\n(주1)\n자산유동화\n205,348\n힘과 변동이익 노출(기업회계기준서 제1110호 문단7)\n○ (최근 사업연도 자산총액이 750억원 이상)\n지아이비제이디티㈜\n2020.11.30\n(주1)\n자산유동화\n40,456\n힘과 변동이익 노출(기업회계기준서 제1110호 문단7)\nX\n지아이비와이비\n2020.12.15\n(주1)\n자산유동화\n17,982\n힘과 변동이익 노출(기업회계기준서 제1110호 문단7)\nX\n마에스트로에어로㈜\n2021.03.05\n(주1)\n자산유동화\n30,257\n힘과 변동이익 노출(기업회계기준서 제1110호 문단7)\nX\n마에스트로와이에스㈜\n2021.03.10\n(주1)\n자산유동화\n45,492\n힘과 변동이익 노출(기업회계기준서 제1110호 문단7)\nX\n에스브라이트제일차㈜\n2021.03.22\n(주1)\n자산유동화\n101,358\n힘과 변동이익 노출(기업회계기준서 제1110호 문단7)\n○ (최근 사업연도 자산총액이 750억원 이상)\n에스타이거게임즈㈜\n2021.03.31\n(주1)\n자산유동화\n21,573\n힘과 변동이익 노출(기업회계기준서 제1110호 문단7)\nX\n마에스트로익산㈜\n2021.04.15\n(주1)\n자산유동화\n11,029\n힘과 변동이익 노출(기업회계기준서 제1110호 문단7)\nX\n에스타이거립㈜\n2021.04.19\n(주1)\n자산유동화\n30,284\n힘과 변동이익 노출(기업회계기준서 제1110호 문단7)\nX\n에스타이거케미칼㈜\n2021.04.29\n(주1)\n자산유동화\n10,043\n힘과 변동이익 노출(기업회계기준서 제1110호 문단7)\nX\n지아이비황금㈜\n2021.05.25\n(주1)\n자산유동화\n28,819\n힘과 변동이익 노출(기업회계기준서 제1110호 문단7)\nX\n에스브라이트홍대㈜\n2021.05.07\n(주1)\n자산유동화\n13,089\n힘과 변동이익 노출(기업회계기준서 제1110호 문단7)\nX\n브라이트운정\n2021.05.11\n(주1)\n자산유동화\n37,470\n힘과 변동이익 노출(기업회계기준서 제1110호 문단7)\nX\n에스브라이트천호㈜\n2021.05.28\n(주1)\n자산유동화\n12,732\n힘과 변동이익 노출(기업회계기준서 제1110호 문단7)\nX\n지아이비카운티제일차(주)\n2021.05.28\n(주1)\n자산유동화\n20,937\n힘과 변동이익 노출(기업회계기준서 제1110호 문단7)\nX\n지아이비목포(주)\n2021.06.07\n(주1)\n자산유동화\n20,100\n힘과 변동이익 노출(기업회계기준서 제1110호 문단7)\nX\n에스타이거테크㈜\n2021.06.28\n(주1)\n자산유동화\n20,208\n힘과 변동이익 노출(기업회계기준서 제1110호 문단7)\nX\n지아이비성산㈜\n2021.06.04\n(주1)\n자산유동화\n29,793\n힘과 변동이익 노출(기업회계기준서 제1110호 문단7)\nX\n에스브라이트판교㈜\n2021.06.30\n(주1)\n자산유동화\n40,629\n힘과 변동이익 노출(기업회계기준서 제1110호 문단7)\nX\n에스타이거케이㈜\n2021.07.06\n(주1)\n자산유동화\n80,965\n힘과 변동이익 노출(기업회계기준서 제1110호 문단7)\n○ (최근 사업연도 자산총액이 750억원 이상)\n에스타이거에너지㈜\n2021.07.07\n(주1)\n자산유동화\n39,284\n힘과 변동이익 노출(기업회계기준서 제1110호 문단7)\nX\n신한지아이비에스케이엘㈜\n2021.07.29\n(주1)\n자산유동화\n5,481\n힘과 변동이익 노출(기업회계기준서 제1110호 문단7)\nX\n리치게이트용산\n2021.07.23\n(주1)\n자산유동화\n60,253\n힘과 변동이익 노출(기업회계기준서 제1110호 문단7)\nX\n리치게이트신설\n2021.07.07\n(주1)\n자산유동화\n12,055\n힘과 변동이익 노출(기업회계기준서 제1110호 문단7)\nX\n에스브라이트에너지(주)\n2021.08.05\n(주1)\n자산유동화\n50,307\n힘과 변동이익 노출(기업회계기준서 제1110호 문단7)\nX\n에스브라이트익산\n2021.08.27\n(주1)\n자산유동화\n18,356\n힘과 변동이익 노출(기업회계기준서 제1110호 문단7)\nX\n에스타이거제주\n2021.08.30\n(주1)\n자산유동화\n25,438\n힘과 변동이익 노출(기업회계기준서 제1110호 문단7)\nX\n지아이비마곡\n2021.08.25\n(주1)\n자산유동화\n210,749\n힘과 변동이익 노출(기업회계기준서 제1110호 문단7)\n○ (최근 사업연도 자산총액이 750억원 이상)\n지아이비사하\n2021.09.06\n(주1)\n자산유동화\n7,463\n힘과 변동이익 노출(기업회계기준서 제1110호 문단7)\nX\n지아이비에이치씨제일차\n2021.09.08\n(주1)\n자산유동화\n31,299\n힘과 변동이익 노출(기업회계기준서 제1110호 문단7)\nX\n지아이비문정\n2021.09.15\n(주1)\n자산유동화\n4,886\n힘과 변동이익 노출(기업회계기준서 제1110호 문단7)\nX\n에스타이거퍼스트\n2021.10.29\n(주1)\n자산유동화\n30,493\n힘과 변동이익 노출(기업회계기준서 제1110호 문단7)\nX\n지아이비알비제일차㈜\n2021.11.01\n(주1)\n자산유동화\n26,193\n힘과 변동이익 노출(기업회계기준서 제1110호 문단7)\nX\n리치게이트박스㈜\n2021.11.30\n(주1)\n자산유동화\n11,642\n힘과 변동이익 노출(기업회계기준서 제1110호 문단7)\nX\n에스브라이트엘디씨㈜\n2021.11.17\n(주1)\n자산유동화\n52,043\n힘과 변동이익 노출(기업회계기준서 제1110호 문단7)\nX\n지아이비초월㈜\n2021.11.18\n(주1)\n자산유동화\n20,076\n힘과 변동이익 노출(기업회계기준서 제1110호 문단7)\nX\n지아이비경주㈜\n2021.12.10\n(주1)\n자산유동화\n21,592\n힘과 변동이익 노출(기업회계기준서 제1110호 문단7)\nX\n지아이비두월㈜\n2021.12.14\n(주1)\n자산유동화\n20,055\n힘과 변동이익 노출(기업회계기준서 제1110호 문단7)\nX\n지아이비마이티제이차(주)\n2021.12.21\n(주1)\n자산유동화\n25,609\n힘과 변동이익 노출(기업회계기준서 제1110호 문단7)\nX\n지아이비에스티제이차㈜\n2021.12.02\n(주1)\n자산유동화\n32,070\n힘과 변동이익 노출(기업회계기준서 제1110호 문단7)\nX\n지아이비해운대㈜\n2021.12.29\n(주1)\n자산유동화\n30,723\n힘과 변동이익 노출(기업회계기준서 제1110호 문단7)\nX\n리치게이트알파㈜\n2022.01.21\n(주1)\n자산유동화\n52,110\n힘과 변동이익 노출(기업회계기준서 제1110호 문단7)\nX\n지아이비에이엘제일차㈜\n2022.01.28\n(주1)\n자산유동화\n30,964\n힘과 변동이익 노출(기업회계기준서 제1110호 문단7)\nX\n지아이비신촌㈜\n2022.02.23\n(주1)\n자산유동화\n4,517\n힘과 변동이익 노출(기업회계기준서 제1110호 문단7)\nX\n리치게이트배곧㈜\n2022.02.28\n(주1)\n자산유동화\n15,305\n힘과 변동이익 노출(기업회계기준서 제1110호 문단7)\nX\n리치게이트자석㈜\n2022.02.23\n(주1)\n자산유동화\n14,270\n힘과 변동이익 노출(기업회계기준서 제1110호 문단7)\nX\n신한지아이비미래㈜\n2022.03.08\n(주1)\n자산유동화\n10,086\n힘과 변동이익 노출(기업회계기준서 제1110호 문단7)\nX\n에스퍼스트제일차㈜\n2022.03.17\n(주1)\n자산유동화\n101,423\n힘과 변동이익 노출(기업회계기준서 제1110호 문단7)\n○ (최근 사업연도 자산총액이 750억원 이상)\n지아이비두정㈜\n2022.03.25\n(주1)\n자산유동화\n19,840\n힘과 변동이익 노출(기업회계기준서 제1110호 문단7)\nX\n지아이비풍무㈜\n2022.03.17\n(주1)\n자산유동화\n47,185\n힘과 변동이익 노출(기업회계기준서 제1110호 문단7)\nX\n신한지아이비화성㈜\n2022.03.30\n(주1)\n자산유동화\n27,064\n힘과 변동이익 노출(기업회계기준서 제1110호 문단7)\nX\n리치게이트엔㈜\n2022.03.30\n(주1)\n자산유동화\n14,114\n힘과 변동이익 노출(기업회계기준서 제1110호 문단7)\nX\n에스타이거진로㈜\n2022.04.08\n(주1)\n자산유동화\n20,072\n힘과 변동이익 노출(기업회계기준서 제1110호 문단7)\nX\n지아이비도안(주)\n2022.03.17\n(주1)\n자산유동화\n16,683\n힘과 변동이익 노출(기업회계기준서 제1110호 문단7)\nX\n지아이비유천㈜\n2022.04.14\n(주1)\n자산유동화\n13,686\n힘과 변동이익 노출(기업회계기준서 제1110호 문단7)\nX\n지아이비용문㈜\n2022.04.27\n(주1)\n자산유동화\n28,214\n힘과 변동이익 노출(기업회계기준서 제1110호 문단7)\nX\n오에스에이치씨㈜\n2022.04.28\n(주1)\n자산유동화\n31,144\n힘과 변동이익 노출(기업회계기준서 제1110호 문단7)\nX\n지아이비신사주식회사\n2022.05.25\n(주1)\n자산유동화\n33,377\n힘과 변동이익 노출(기업회계기준서 제1110호 문단7)\nX\n지아이비세교\n2022.05.27\n(주1)\n자산유동화\n16,018\n힘과 변동이익 노출(기업회계기준서 제1110호 문단7)\nX\n지아이비길동㈜\n2022.06.23\n(주1)\n자산유동화\n15,091\n힘과 변동이익 노출(기업회계기준서 제1110호 문단7)\nX\n지아이비제이디㈜\n2022.06.28\n(주1)\n자산유동화\n110,491\n힘과 변동이익 노출(기업회계기준서 제1110호 문단7)\n○ (최근 사업연도 자산총액이 750억원 이상)\n지아이비사화㈜\n2022.06.30\n(주1)\n자산유동화\n37,151\n힘과 변동이익 노출(기업회계기준서 제1110호 문단7)\nX\n에스타이거오일㈜\n2022.06.16\n(주1)\n자산유동화\n101,350\n힘과 변동이익 노출(기업회계기준서 제1110호 문단7)\n○ (최근 사업연도 자산총액이 750억원 이상)\n에스퍼스트엘㈜\n2022.06.24\n(주1)\n자산유동화\n101,121\n힘과 변동이익 노출(기업회계기준서 제1110호 문단7)\n○ (최근 사업연도 자산총액이 750억원 이상)\n지아이비마이티제삼차㈜\n2022.06.30\n(주1)\n자산유동화\n24,278\n힘과 변동이익 노출(기업회계기준서 제1110호 문단7)\nX\n강남랜드마크제일차㈜\n2022.06.27\n(주1)\n자산유동화\n276,004\n힘과 변동이익 노출(기업회계기준서 제1110호 문단7)\n○ (최근 사업연도 자산총액이 750억원 이상)\n리치게이트강남㈜\n2022.07.07\n(주1)\n자산유동화\n40,495\n힘과 변동이익 노출(기업회계기준서 제1110호 문단7)\nX\n에스타이거에스피㈜\n2022.07.19\n(주1)\n자산유동화\n21,059\n힘과 변동이익 노출(기업회계기준서 제1110호 문단7)\nX\n지아이비수표(주)\n2022.07.29\n(주1)\n자산유동화\n24,835\n힘과 변동이익 노출(기업회계기준서 제1110호 문단7)\nX\n지아이비신정㈜\n2022.07.08\n(주1)\n자산유동화\n29,067\n힘과 변동이익 노출(기업회계기준서 제1110호 문단7)\nX\n지아이비마장㈜\n2022.07.13\n(주1)\n자산유동화\n18,991\n힘과 변동이익 노출(기업회계기준서 제1110호 문단7)\nX\n지아이비홈플러스㈜\n2022.08.05\n(주1)\n자산유동화\n44,525\n힘과 변동이익 노출(기업회계기준서 제1110호 문단7)\nX\n지아이비와이디㈜\n2022.08.05\n(주1)\n자산유동화\n70,372\n힘과 변동이익 노출(기업회계기준서 제1110호 문단7)\nX\n에스타이거비즈온㈜\n2022.08.23\n(주1)\n자산유동화\n127,183\n힘과 변동이익 노출(기업회계기준서 제1110호 문단7)\n○ (최근 사업연도 자산총액이 750억원 이상)\n에스타이거에스아이㈜\n2022.08.26\n(주1)\n자산유동화\n25,235\n힘과 변동이익 노출(기업회계기준서 제1110호 문단7)\nX\n리치게이트강서(주)\n2022.08.10\n(주1)\n자산유동화\n40,372\n힘과 변동이익 노출(기업회계기준서 제1110호 문단7)\nX\n에스타이거에이치디㈜\n2022.08.24\n(주1)\n자산유동화\n50,559\n힘과 변동이익 노출(기업회계기준서 제1110호 문단7)\nX\n지아이비경안\n2022.09.13\n(주1)\n자산유동화\n24,305\n힘과 변동이익 노출(기업회계기준서 제1110호 문단7)\nX\n지아이비남사\n2022.09.29\n(주1)\n자산유동화\n13,378\n힘과 변동이익 노출(기업회계기준서 제1110호 문단7)\nX\n에스타이거엘이씨\n2022.09.30\n(주1)\n자산유동화\n30,182\n힘과 변동이익 노출(기업회계기준서 제1110호 문단7)\nX\n하나마이크론제삼차\n2022.11.24\n(주1)\n자산유동화\n19,012\n힘과 변동이익 노출(기업회계기준서 제1110호 문단7)\nX\n리치게이트에이치\n2022.11.30\n(주1)\n자산유동화\n50,437\n힘과 변동이익 노출(기업회계기준서 제1110호 문단7)\nX\n에스타이거모빌\n2022.11.28\n(주1)\n자산유동화\n50,485\n힘과 변동이익 노출(기업회계기준서 제1110호 문단7)\nX\n지아이비은평\n2023.03.23\n(주1)\n자산유동화\n4,037\n힘과 변동이익 노출(기업회계기준서 제1110호 문단7)\nX\n리치게이트지에스\n2023.04.27\n(주1)\n자산유동화\n92,398\n힘과 변동이익 노출(기업회계기준서 제1110호 문단7)\n○ (최근 사업연도 자산총액이 750억원 이상)\n신한디스플레이제사차㈜\n2023.04.13\n(주1)\n자산유동화\n100,229\n힘과 변동이익 노출(기업회계기준서 제1110호 문단7)\n○ (최근 사업연도 자산총액이 750억원 이상)\n에스타이거로엑스제이차㈜\n2023.04.26\n(주1)\n자산유동화\n40,164\n힘과 변동이익 노출(기업회계기준서 제1110호 문단7)\nX\n에스프로젝트디\n2023.04.28\n(주1)\n자산유동화\n149,621\n힘과 변동이익 노출(기업회계기준서 제1110호 문단7)\n○ (최근 사업연도 자산총액이 750억원 이상)\n에스타이거에이치㈜\n2023.04.17\n(주1)\n자산유동화\n50,246\n힘과 변동이익 노출(기업회계기준서 제1110호 문단7)\nX\n에스타이거에이치엘㈜\n2023.05.04\n(주1)\n자산유동화\n100,794\n힘과 변동이익 노출(기업회계기준서 제1110호 문단7)\n○ (최근 사업연도 자산총액이 750억원 이상)\n에스솔루션씨(주)\n2023.05.31\n(주1)\n자산유동화\n9\n힘과 변동이익 노출(기업회계기준서 제1110호 문단7)\nX\n에스타이거엔엠\n2023.06.15\n(주1)\n자산유동화\n101,190\n힘과 변동이익 노출(기업회계기준서 제1110호 문단7)\n○ (최근 사업연도 자산총액이 750억원 이상)\n개발신탁_신한은행\n1984.02.01\n(주1)\n신탁\n1,032\n힘과 변동이익 노출(기업회계기준서 제1110호 문단7)\nX\n불특정금전신탁_신한은행\n1984.02.01\n(주1)\n신탁\n1,837\n힘과 변동이익 노출(기업회계기준서 제1110호 문단7)\nX\n노후연금신탁_신한은행\n1987.01.05\n(주1)\n신탁\n2,602\n힘과 변동이익 노출(기업회계기준서 제1110호 문단7)\nX\n신개인연금신탁_신한은행\n2000.07.01\n(주1)\n신탁\n77,686\n힘과 변동이익 노출(기업회계기준서 제1110호 문단7)\n○ (최근 사업연도 자산총액이 750억원 이상)\n개인연금신탁_신한은행\n1994.06.20\n(주1)\n신탁\n1,373,168\n힘과 변동이익 노출(기업회계기준서 제1110호 문단7)\n○ (최근 사업연도 자산총액이 750억원 이상)\n퇴직신탁_신한은행\n2000.03.27\n(주1)\n신탁\n14,989\n힘과 변동이익 노출(기업회계기준서 제1110호 문단7)\nX\n신노후연금신탁_신한은행\n2000.07.01\n(주1)\n신탁\n947\n힘과 변동이익 노출(기업회계기준서 제1110호 문단7)\nX\n연금신탁_신한은행\n2001.02.05\n(주1)\n신탁\n2,122,270\n힘과 변동이익 노출(기업회계기준서 제1110호 문단7)\n○ (최근 사업연도 자산총액이 750억원 이상)\n가계금전신탁(구신한)\n1985.03.25\n(주1)\n신탁\n8,447\n힘과 변동이익 노출(기업회계기준서 제1110호 문단7)\nX\n기업금전신탁(구신한)\n1987.09.01\n(주1)\n신탁\n137\n힘과 변동이익 노출(기업회계기준서 제1110호 문단7)\nX\n신한에스지레일전문투자형사모특별자산투자신탁2호\n2021.04.16\n(주1)\n수익증권\n268,454\n힘과 변동이익 노출(기업회계기준서 제1110호 문단7)\n○ (최근 사업연도 자산총액이 750억원 이상)\n신한부동산전문투자형사모투자신탁31호\n2021.06.11\n(주1)\n수익증권\n10,191\n힘과 변동이익 노출(기업회계기준서 제1110호 문단7)\nX\n신한은행-대성 문화콘텐츠 투자조합\n2016.12.28\n(주1)\n투자,운용\n1,469\n지분율 71.43%(기업회계기준서 제1110호 문단 B6)\nX\n에스퍼스트에이치디\n2023.09.01\n(주1)\n자산유동화\n70,814\n힘과 변동이익 노출(기업회계기준서 제1110호 문단7)\nX\n에스타이거이엠티\n2023.09.05\n(주1)\n자산유동화\n151,780\n힘과 변동이익 노출(기업회계기준서 제1110호 문단7)\n○ (최근 사업연도 자산총액이 750억원 이상)\n지아이비소사\n2023.09.11\n(주1)\n자산유동화\n16,861\n힘과 변동이익 노출(기업회계기준서 제1110호 문단7)\nX\n지아이비포터제이차\n2023.09.25\n(주1)\n자산유동화\n30,460\n힘과 변동이익 노출(기업회계기준서 제1110호 문단7)\nX\n에스솔루션비오\n2023.09.08\n(주1)\n자산유동화\n67,920\n힘과 변동이익 노출(기업회계기준서 제1110호 문단7)\nX\n에스타이거클린\n2023.09.25\n(주1)\n자산유동화\n45,625\n힘과 변동이익 노출(기업회계기준서 제1110호 문단7)\nX\n에스타이거엘피디㈜\n2023.08.31\n(주1)\n자산유동화\n151,650\n힘과 변동이익 노출(기업회계기준서 제1110호 문단7)\n○ (최근 사업연도 자산총액이 750억원 이상)\n에스에이치로드제2차\n2023.07.31\n(주1)\n자산유동화\n19,973\n힘과 변동이익 노출(기업회계기준서 제1110호 문단7)\nX\n에스솔루션와이디\n2023.10.30\n(주1)\n자산유동화\n151,611\n힘과 변동이익 노출(기업회계기준서 제1110호 문단7)\n○ (최근 사업연도 자산총액이 750억원 이상)\n에스솔루션피엠㈜\n2023.11.10\n(주1)\n자산유동화\n20,137\n힘과 변동이익 노출(기업회계기준서 제1110호 문단7)\nX\n에스솔루션비오제이차㈜\n2023.12.13\n(주1)\n자산유동화\n301,092\n힘과 변동이익 노출(기업회계기준서 제1110호 문단7)\n○ (최근 사업연도 자산총액이 750억원 이상)\nSOYANG 68 PTE. LTD.\n2023.08.11\n(주1)\n자산유동화\n79,000\n힘과 변동이익 노출(기업회계기준서 제1110호 문단7)\n○ (최근 사업연도 자산총액이 750억원 이상)\nSOYANG 101 PTE. LTD.\n2023.08.11\n(주1)\n자산유동화\n296,537\n힘과 변동이익 노출(기업회계기준서 제1110호 문단7)\n○ (최근 사업연도 자산총액이 750억원 이상)\n한국리얼에셋호치민오피스일반사모부동산투자신탁\n2023.08.21\n(주1)\n수익증권\n292,945\n힘과 변동이익 노출(기업회계기준서 제1110호 문단7)\n○ (최근 사업연도 자산총액이 750억원 이상)\n신한그린에너지성장동력 일반사모투자신탁 제1호\n2023.08.30\n(주1)\n수익증권\n5,110\n힘과 변동이익 노출(기업회계기준서 제1110호 문단7)\nX\n신한카드이천이십일의일유동화전문유한회사\n2020.12.01\n서울특별시 강남구 봉은사로 407, 9층 (삼성동, 삼화빌딩)\n자산유동화(카드채권)\n350,089\n힘과 변동이익 노출(기업회계기준서 제1110호 문단7)\n○ (최근 사업연도 자산총액이 750억원 이상)\n신한카드이천이십일의이유동화전문유한회사\n2021.07.21\n서울특별시 강남구 봉은사로 407, 9층 (삼성동, 삼화빌딩)\n자산유동화(카드채권)\n400,121\n힘과 변동이익 노출(기업회계기준서 제1110호 문단7)\n○ (최근 사업연도 자산총액이 750억원 이상)\n신한카드이천이십이의일유동화전문유한회사\n2022.04.28\n서울특별시 강남구 봉은사로 407, 9층 (삼성동, 삼화빌딩)\n자산유동화(카드채권)\n400,287\n힘과 변동이익 노출(기업회계기준서 제1110호 문단7)\n○ (최근 사업연도 자산총액이 750억원 이상)\n신한카드이천이십이의이유동화전문유한회사\n2022.07.04\n서울특별시 강남구 봉은사로 407, 9층 (삼성동, 삼화빌딩)\n자산유동화(카드채권)\n521,956\n힘과 변동이익 노출(기업회계기준서 제1110호 문단7)\n○ (최근 사업연도 자산총액이 750억원 이상)\n신한카드이천이십이의삼유동화전문유한회사\n2022.12.22\n서울특별시 강남구 봉은사로 407, 9층 (삼성동, 삼화빌딩)\n자산유동화(카드채권)\n326,926\n힘과 변동이익 노출(기업회계기준서 제1110호 문단7)\n○ (최근 사업연도 자산총액이 750억원 이상)\n신한카드이천이십삼의일유동화전문유한회사\n2023.06.21\n서울특별시 강남구 봉은사로 407, 9층 (삼성동, 삼화빌딩)\n자산유동화(카드채권)\n319,676\n힘과 변동이익 노출(기업회계기준서 제1110호 문단7)\n○ (최근 사업연도 자산총액이 750억원 이상)\n신한신용정보\n2002.07.08\n서울특별시 영등포구 문래북로 122\n채권추심,신용조사\n34,033\n지분율 100%(기업회계기준서 제1110호 문단 B6)\nX\n유한회사신한파이낸스\n2014.11.21\nOffice 2/3, 2nd Floor, 48 Auezov St., Almaty district, Almaty, Republic of Kazakhstan\n할부금융업\n168,261\n지분율 100%(기업회계기준서 제1110호 문단 B6)\n○ (최근 사업연도 자산총액이 750억원 이상)\n신한인도파이낸스\n2015.12.01\nWisma Indomobil 1, 10th Floor, Jl. Letjen M.T. Haryono Kav. 8, Jakarta 13330, Indonesia\n리스, 할부금융업\n235,464\n지분율 76.33%(기업회계기준서 제1110호 문단 B6)\n○ (최근 사업연도 자산총액이 750억원 이상)\n신한마이크로파이낸스\n2016.02.29\nMyanmar(Room 4, No.24, 1st floor, Yaw Min Gyi st., Dagon Township, Yangon)\n리스, 할부금융업\n11,927\n지분율 100%(기업회계기준서 제1110호 문단 B6)\nX\n신한베트남파이낸스\n2007.04.18\n23/F, Saigon Trade Center, 37 Ton Duc Thang St., Ben Nghe Ward, District 1, HCMC, VN\n신용대출\n631,451\n힘과 변동이익 노출(기업회계기준서 제1110호 문단7)\n○ (최근 사업연도 자산총액이 750억원 이상)\n특정금전신탁_신한카드\n-\n(주1)\n수익증권\n570,000\n지분율 100%(기업회계기준서 제1110호 문단 B6)\n○ (최근 사업연도 자산총액이 750억원 이상)\nShinhan Securities America\n1993.06.15\n1325 Avenue of the Americas #702 New York, N.Y. 10019 U.S.A\n금융투자업\n7,104\n지분율 100%(기업회계기준서 제1110호 문단 B6)\nX\nShinhan Securities Asia\n2007.05.25\nUnit 7705A, Level 77, International Commerce Centre, HK\n금융투자업\n151,989\n지분율 100%(기업회계기준서 제1110호 문단 B6)\n○ (최근 사업연도 자산총액이 750억원 이상)\nSHINHAN SECURITIES VIETNAM CO., LTD\n2007.12.18\nRoom 2201, Floor 22, Centec Tower, 72-74 Nguyen Thi Minh Khai Street, District 3, Ho Chi Minh City.\n금융투자업\n357,253\n지분율 100%(기업회계기준서 제1110호 문단 B6)\n○ (최근 사업연도 자산총액이 750억원 이상)\nPT Shinhan Sekuritas Indonesia\n1988.12.28\nInternational Financial Center 2, 30th floor, JI.Jend,Sudirman Kav.2, Jakarta, Indonesia\n금융투자업\n24,209\n지분율 99%(기업회계기준서 제1110호 문단 B6)\nX\nPT Shinhan Asset Management Indonesia\n2011.03.28\nSucaco Building 5th Floow, JI. Kebon Sirih Kav.71, Jakarta, Indonesia\n자산운용업\n1,049\n지분율 75%(기업회계기준서 제1110호 문단 B6)\nX\n멀티에셋항공기전문투자형사모특별자산투자신탁제1호\n2016.12.29\n(주1)\n수익증권\n26,710\n힘과 변동이익 노출(기업회계기준서 제1110호 문단7)\nX\n엔젤레스제십팔차 유한회사\n2018.04.30\n(주1)\n자산유동화\n11,747\n힘과 변동이익 노출(기업회계기준서 제1110호 문단7)\nX\n글로벌에디션제일차 유한회사\n2018.09.07\n(주1)\n자산유동화SPC\n390\n힘과 변동이익 노출(기업회계기준서 제1110호 문단7)\nX\n신한 바이오파마 신기술투자조합 제1호\n2018.07.25\n(주1)\n사모투자조합\n39,137\n힘과 변동이익 노출(기업회계기준서 제1110호 문단7)\nX\n글로벌에스에이치제일차 주식회사\n2018.06.25\n(주1)\n자산유동화 SPC\n13,279\n힘과 변동이익 노출(기업회계기준서 제1110호 문단7)\nX\n교보악사 체코프라하 전문투자형 사모부동산신탁 2호\n2018.12.14\n(주1)\n수익증권\n18,511\n힘과 변동이익 노출(기업회계기준서 제1110호 문단7)\nX\n에스지엠에스제사차 주식회사\n2019.01.31\n(주1)\n자산유동화 SPC\n50,390\n힘과 변동이익 노출(기업회계기준서 제1110호 문단7)\nX\n글로벌솔루션제구차 주식회사\n2019.04.08\n(주1)\n자산유동화 SPC\n40,971\n힘과 변동이익 노출(기업회계기준서 제1110호 문단7)\nX\n글로벌에스에이치제이차 주식회사\n2018.06.25\n(주1)\n자산유동화 SPC\n4,878\n힘과 변동이익 노출(기업회계기준서 제1110호 문단7)\nX\n어스에스앤제일차\n2019.05.23\n(주1)\n자산유동화 SPC\n14,044\n힘과 변동이익 노출(기업회계기준서 제1110호 문단7)\nX\n어스에스앤제이차 주식회사\n2019.05.23\n(주1)\n자산유동화 SPC\n2,883\n힘과 변동이익 노출(기업회계기준서 제1110호 문단7)\nX\n에스지엠에스제팔차 주식회사\n2019.04.22\n(주1)\n자산유동화 SPC\n26,157\n힘과 변동이익 노출(기업회계기준서 제1110호 문단7)\nX\n피에이투홀딩스 주식회사\n2019.05.20\n(주1)\n자산유동화 SPC\n502\n힘과 변동이익 노출(기업회계기준서 제1110호 문단7)\nX\n멀티에셋 해외부동산 전문투자형사모투자신탁제5-1호\n2019.01.29\n(주1)\n수익증권\n10,356\n힘과 변동이익 노출(기업회계기준서 제1110호 문단7)\nX\nKTB항공기전문투자형사모투자신탁제30-4호\n2019.06.25\n(주1)\n수익증권\n34,682\n힘과 변동이익 노출(기업회계기준서 제1110호 문단7)\nX\n신한헬스케어신기술투자조합제4호\n2019.06.28\n(주1)\n사모투자조합\n3,415\n힘과 변동이익 노출(기업회계기준서 제1110호 문단7)\nX\n메인스트림제십일차 유한회사\n2019.06.19\n(주1)\n자산유동화 SPC\n39,160\n힘과 변동이익 노출(기업회계기준서 제1110호 문단7)\nX\n한화 글로벌인프라 전문투자형 사모특별자산투자신탁20호(재간접형)\n2019.07.18\n(주1)\n수익증권\n29,095\n힘과 변동이익 노출(기업회계기준서 제1110호 문단7)\nX\n신한컨슈머신기술투자조합제2호\n2019.09.03\n(주1)\n사모투자조합\n6,042\n힘과 변동이익 노출(기업회계기준서 제1110호 문단7)\nX\n현대인베스트먼트 글로벌 전문투자형 사모투자신탁18호\n2019.09.16\n(주1)\n수익증권\n32,898\n힘과 변동이익 노출(기업회계기준서 제1110호 문단7)\nX\n에스지엠에스제구차 주식회사\n2019.05.28\n(주1)\n자산유동화 SPC\n19,544\n힘과 변동이익 노출(기업회계기준서 제1110호 문단7)\nX\n랜드로드제이차 유한회사\n2019.07.10\n(주1)\n자산유동화 SPC\n2,037\n힘과 변동이익 노출(기업회계기준서 제1110호 문단7)\nX\n블루엠제육차 주식회사\n2019.06.24\n(주1)\n자산유동화 SPC\n33,470\n힘과 변동이익 노출(기업회계기준서 제1110호 문단7)\nX\n골드엔제일차 주식회사\n2019.11.21\n(주1)\n자산유동화 SPC\n13,336\n힘과 변동이익 노출(기업회계기준서 제1110호 문단7)\nX\n글로벌솔루션제십차 주식회사\n2019.09.10\n(주1)\n자산유동화 SPC\n97,675\n힘과 변동이익 노출(기업회계기준서 제1110호 문단7)\n○ (최근 사업연도 자산총액이 750억원 이상)\n글로벌에디션제2차 유한회사\n2019.10.25\n(주1)\n자산유동화 SPC\n3,313\n힘과 변동이익 노출(기업회계기준서 제1110호 문단7)\nX\n밸류플러스미드스트림 주식회사\n2019.12.05\n(주1)\n자산유동화 SPC\n145,898\n힘과 변동이익 노출(기업회계기준서 제1110호 문단7)\n○ (최근 사업연도 자산총액이 750억원 이상)\n스몰스트림제이차 주식회사\n2019.08.23\n(주1)\n자산유동화 SPC\n30,556\n힘과 변동이익 노출(기업회계기준서 제1110호 문단7)\nX\n신한다이닝제일차 주식회사\n2019.08.27\n(주1)\n자산유동화 SPC\n95,115\n힘과 변동이익 노출(기업회계기준서 제1110호 문단7)\n○ (최근 사업연도 자산총액이 750억원 이상)\n신한바이오매스제일차 주식회사\n2019.10.21\n(주1)\n자산유동화 SPC\n81,968\n힘과 변동이익 노출(기업회계기준서 제1110호 문단7)\n○ (최근 사업연도 자산총액이 750억원 이상)\n신한유토피아제일차 주식회사\n2019.10.25\n(주1)\n자산유동화 SPC\n43,931\n힘과 변동이익 노출(기업회계기준서 제1110호 문단7)\nX\n신한프라이머리텀론비제이차 주식회사\n2019.10.31\n(주1)\n자산유동화 SPC\n40,505\n힘과 변동이익 노출(기업회계기준서 제1110호 문단7)\nX\n앤디워홀제일차 주식회사\n2019.11.15\n(주1)\n자산유동화 SPC\n33,798\n힘과 변동이익 노출(기업회계기준서 제1110호 문단7)\nX\n에스지엠에스제십사차 주식회사\n2019.10.11\n(주1)\n자산유동화 SPC\n32,033\n힘과 변동이익 노출(기업회계기준서 제1110호 문단7)\nX\n에스지엠에스제십육차 주식회사\n2019.11.18\n(주1)\n자산유동화 SPC\n31,935\n힘과 변동이익 노출(기업회계기준서 제1110호 문단7)\nX\n프리다칼로제일차 주식회사\n2019.09.25\n(주1)\n자산유동화 SPC\n139,095\n힘과 변동이익 노출(기업회계기준서 제1110호 문단7)\n○ (최근 사업연도 자산총액이 750억원 이상)\nNH-Amundi해외선순위론전문투자형사모투자신탁7호[대출채권]\n2019.12.04\n(주1)\n수익증권\n76,733\n힘과 변동이익 노출(기업회계기준서 제1110호 문단7)\n○ (최근 사업연도 자산총액이 750억원 이상)\n이아이피인베스트먼트인프라2호사모투자 합자회사\n2019.10.17\n(주1)\n수익증권\n58,010\n힘과 변동이익 노출(기업회계기준서 제1110호 문단7)\nX\n스프랏글로벌신재생제3호 사모투자합자회사\n2019.09.27\n(주1)\n수익증권\n113,766\n힘과 변동이익 노출(기업회계기준서 제1110호 문단7)\n○ (최근 사업연도 자산총액이 750억원 이상)\n스프랏글로벌신재생제3호 유한회사\n2019.09.18\n(주1)\n자산유동화 SPC\n113,766\n힘과 변동이익 노출(기업회계기준서 제1110호 문단7)\n○ (최근 사업연도 자산총액이 750억원 이상)\nLAM Enhanced Trade Finance Fund II L.P.\n2019.03.21\n(주1)\n수익증권\n91,980\n힘과 변동이익 노출(기업회계기준서 제1110호 문단7)\n○ (최근 사업연도 자산총액이 750억원 이상)\nLAM Enhanced Trade Finance Fund III L.P.\n2019.03.21\n(주1)\n수익증권\n-\n힘과 변동이익 노출(기업회계기준서 제1110호 문단7)\nX\nCBIM Global Private Opportunities Fund SPC Ltd.(SP3)\n2018.02.28\n(주1)\n수익증권\n13,227\n힘과 변동이익 노출(기업회계기준서 제1110호 문단7)\nX\nPegasus Japan Capital Income, L.P.\n2019.07.02\n(주1)\n수익증권\n16,938\n힘과 변동이익 노출(기업회계기준서 제1110호 문단7)\nX\nCBIM Global Alternative Opportunity Fund Ltd.\n2018.02.28\n(주1)\n수익증권\n6,892\n힘과 변동이익 노출(기업회계기준서 제1110호 문단7)\nX\nCBIM Global Debt Opportunity Fund Ltd.\n2018.04.01\n(주1)\n수익증권\n1,969\n힘과 변동이익 노출(기업회계기준서 제1110호 문단7)\nX\n찬스리테일 주식회사\n2019.11.14\n(주1)\n자산유동화 SPC\n40,846\n힘과 변동이익 노출(기업회계기준서 제1110호 문단7)\nX\n신한프라이머리텀론비제삼차 주식회사\n2019.12.23\n(주1)\n자산유동화 SPC\n26,008\n힘과 변동이익 노출(기업회계기준서 제1110호 문단7)\nX\n에스지엠에스제십차 주식회사\n2019.07.02\n(주1)\n자산유동화 SPC\n36,167\n힘과 변동이익 노출(기업회계기준서 제1110호 문단7)\nX\n키움마일스톤US전문투자형사모부동산투자신탁제22호\n2020.03.02\n(주1)\n수익증권\n40,363\n힘과 변동이익 노출(기업회계기준서 제1110호 문단7)\nX\n에스지엠에스제십칠차 주식회사\n2019.11.18\n(주1)\n자산유동화 SPC\n13,906\n힘과 변동이익 노출(기업회계기준서 제1110호 문단7)\nX\n에스지엠에스제십팔차 주식회사\n2020.07.01\n(주1)\n자산유동화 SPC\n19,137\n힘과 변동이익 노출(기업회계기준서 제1110호 문단7)\nX\n밸류플러스로지스제이차 주식회사\n2018.09.13\n(주1)\n자산유동화 SPC\n6,815\n힘과 변동이익 노출(기업회계기준서 제1110호 문단7)\nX\n라임NEW무역금융12M전문투자형사모투자신탁1호\n2018.11.27\n(주1)\n수익증권\n2\n힘과 변동이익 노출(기업회계기준서 제1110호 문단7)\nX\n라임NEW무역금융12M전문투자형사모투자신탁2호\n2018.12.18\n(주1)\n수익증권\n2\n힘과 변동이익 노출(기업회계기준서 제1110호 문단7)\nX\n글로벌에디션제오차유한회사\n2020.09.16\n(주1)\n자산유동화 SPC\n39,406\n힘과 변동이익 노출(기업회계기준서 제1110호 문단7)\nX\n신한파피루스제이차주식회사\n2020.10.08\n(주1)\n자산유동화 SPC\n32,654\n힘과 변동이익 노출(기업회계기준서 제1110호 문단7)\nX\n가르다제일차주식회사\n2020.09.09\n(주1)\n자산유동화 SPC\n57,931\n힘과 변동이익 노출(기업회계기준서 제1110호 문단7)\nX\n키움마일스톤US전문투자형사모부동산투자신탁제22-A호\n2020.10.05\n(주1)\n수익증권\n38,735\n힘과 변동이익 노출(기업회계기준서 제1110호 문단7)\nX\n베스트솔루션제삼차주식회사\n2021.02.22\n(주1)\n자산유동화 SPC\n12,125\n힘과 변동이익 노출(기업회계기준서 제1110호 문단7)\nX\n쥐피에스20제이차주식회사\n2020.09.07\n(주1)\n자산유동화 SPC\n13,133\n힘과 변동이익 노출(기업회계기준서 제1110호 문단7)\nX\n에스클래스신천제일차주식회사\n2021.05.07\n(주1)\n자산유동화 SPC\n730\n힘과 변동이익 노출(기업회계기준서 제1110호 문단7)\nX\n신한비스킷제일차주식회사\n2021.05.13\n(주1)\n자산유동화 SPC\n8,942\n힘과 변동이익 노출(기업회계기준서 제1110호 문단7)\nX\n신한프라이머리메자닌제이차주식회사\n2021.06.16\n(주1)\n자산유동화 SPC\n6,627\n힘과 변동이익 노출(기업회계기준서 제1110호 문단7)\nX\n에프더블에스제이십이차주식회사\n2021.09.15\n(주1)\n자산유동화SPC\n68\n힘과 변동이익 노출(기업회계기준서 제1110호 문단7)\nX\n에스지엠에스제십구차주식회사\n2021.09.25\n(주1)\n자산유동화SPC\n12,017\n힘과 변동이익 노출(기업회계기준서 제1110호 문단7)\nX\n메타그린제칠차\n2021.07.07\n(주1)\n자산유동화SPC\n7,437\n힘과 변동이익 노출(기업회계기준서 제1110호 문단7)\nX\n이마스터제오차\n2021.08.14\n(주1)\n자산유동화SPC\n4,996\n힘과 변동이익 노출(기업회계기준서 제1110호 문단7)\nX\nSC Global Vision Fund SPC\n2021.09.01\n(주1)\n자산유동화SPC\n-\n지분율 100%(기업회계기준서 제1110호 문단 B6)\nX\n원신한글로벌신기술투자조합제2호\n2021.09.30\n(주1)\n수익증권\n13,573\n힘과 변동이익 노출(기업회계기준서 제1110호 문단7)\nX\n쥐피에스21제십삼차\n2021.08.30\n(주1)\n자산유동화SPC\n12,721\n힘과 변동이익 노출(기업회계기준서 제1110호 문단7)\nX\n신한파피루스제삼차\n2021.09.09\n(주1)\n자산유동화SPC\n19,777\n힘과 변동이익 노출(기업회계기준서 제1110호 문단7)\nX\n신한프라이머리메자닌제삼차\n2021.11.04\n(주1)\n자산유동화SPC\n29,054\n힘과 변동이익 노출(기업회계기준서 제1110호 문단7)\nX\n쥐피에스21제십칠차\n2021.11.11\n(주1)\n자산유동화SPC\n38,367\n힘과 변동이익 노출(기업회계기준서 제1110호 문단7)\nX\n자이언트트레발리제일차\n2020.10.21\n(주1)\n자산유동화SPC\n11,575\n힘과 변동이익 노출(기업회계기준서 제1110호 문단7)\nX\n스톤헷지제일차\n2021.11.18\n(주1)\n자산유동화SPC\n9,968\n힘과 변동이익 노출(기업회계기준서 제1110호 문단7)\nX\n신한프라이머리텀론비제4차\n2021.09.29\n(주1)\n자산유동화SPC\n12,969\n힘과 변동이익 노출(기업회계기준서 제1110호 문단7)\nX\n쥐피에스22제이차\n2022.01.12\n(주1)\n자산유동화\n1,681\n힘과 변동이익 노출(기업회계기준서 제1110호 문단7)\nX\n쥐피에스22제삼차\n2022.01.13\n(주1)\n자산유동화\n6,186\n힘과 변동이익 노출(기업회계기준서 제1110호 문단7)\nX\n럭키해비치제이차\n2022.03.15\n(주1)\n자산유동화\n10,199\n힘과 변동이익 노출(기업회계기준서 제1110호 문단7)\nX\n쥐피에스22제팔차\n2022.03.14\n(주1)\n자산유동화\n20,096\n힘과 변동이익 노출(기업회계기준서 제1110호 문단7)\nX\n쥐피에스22제일차\n2022.01.11\n(주1)\n자산유동화\n130\n힘과 변동이익 노출(기업회계기준서 제1110호 문단7)\nX\n쥐피에스22제칠차\n2022.03.11\n(주1)\n자산유동화\n574\n힘과 변동이익 노출(기업회계기준서 제1110호 문단7)\nX\n원신한글로벌신기술투자조합제3호\n2022.04.15\n(주1)\n투자조합\n12,905\n힘과 변동이익 노출(기업회계기준서 제1110호 문단7)\nX\n신한메자닌신기술투자조합제1호\n2022.05.03\n(주1)\n투자조합\n6,820\n힘과 변동이익 노출(기업회계기준서 제1110호 문단7)\nX\n원신한 글로벌 신기술투자조합 제4호\n2022.06.21\n(주1)\n투자조합\n9,991\n힘과 변동이익 노출(기업회계기준서 제1110호 문단7)\nX\n디엠퍼스트에이제일차\n2022.03.15\n(주1)\n자산유동화 SPC\n7,369\n힘과 변동이익 노출(기업회계기준서 제1110호 문단7)\nX\n에스지엠에스제이십차\n2022.03.21\n(주1)\n자산유동화 SPC\n20,239\n힘과 변동이익 노출(기업회계기준서 제1110호 문단7)\nX\n세운공간제삼차\n2022.03.29\n(주1)\n자산유동화 SPC\n19,531\n힘과 변동이익 노출(기업회계기준서 제1110호 문단7)\nX\n신정히어로제일차\n2022.04.07\n(주1)\n자산유동화 SPC\n18,967\n힘과 변동이익 노출(기업회계기준서 제1110호 문단7)\nX\n쥐피에스22제구차\n2022.03.24\n(주1)\n자산유동화 SPC\n24,442\n힘과 변동이익 노출(기업회계기준서 제1110호 문단7)\nX\n쥐피에스22제십차\n2022.03.25\n(주1)\n자산유동화 SPC\n9,740\n힘과 변동이익 노출(기업회계기준서 제1110호 문단7)\nX\n에스디아일랜드제일차\n2022.04.22\n(주1)\n자산유동화 SPC\n20,240\n힘과 변동이익 노출(기업회계기준서 제1110호 문단7)\nX\n토탈커버투게더제일차\n2022.03.15\n(주1)\n자산유동화 SPC\n19,780\n힘과 변동이익 노출(기업회계기준서 제1110호 문단7)\nX\n랜드마크논현제삼차\n2022.02.17\n(주1)\n자산유동화 SPC\n12,190\n힘과 변동이익 노출(기업회계기준서 제1110호 문단7)\nX\n파이어웍스제일차\n2022.06.15\n(주1)\n자산유동화 SPC\n20,470\n힘과 변동이익 노출(기업회계기준서 제1110호 문단7)\nX\n리치프로제일차주식회사\n2022.06.14\n(주1)\n자산유동화 SPC\n12,094\n힘과 변동이익 노출(기업회계기준서 제1110호 문단7)\nX\n메인스트림제십사차\n2022.06.15\n(주1)\n자산유동화 SPC\n19,174\n힘과 변동이익 노출(기업회계기준서 제1110호 문단7)\nX\n신한글로벌모빌리티신기술사업투자조합1호\n2022.07.20\n(주1)\n사모투자조합\n5,264\n힘과 변동이익 노출(기업회계기준서 제1110호 문단7)\nX\n신한파피루스제사차 주식회사\n2022.08.02\n(주1)\n자산유동화 SPC\n40,106\n힘과 변동이익 노출(기업회계기준서 제1110호 문단7)\nX\n세운필드제일차 주식회사\n2022.09.14\n(주1)\n자산유동화 SPC\n15,018\n힘과 변동이익 노출(기업회계기준서 제1110호 문단7)\nX\n신한-동반성장솔루션신기술투자조합제1호\n2022.10.20\n(주1)\n사모투자조합\n11,647\n힘과 변동이익 노출(기업회계기준서 제1110호 문단7)\nX\n원신한글로벌신기술투자조합제5호\n2022.11.04\n(주1)\n사모투자조합\n7,177\n힘과 변동이익 노출(기업회계기준서 제1110호 문단7)\nX\n파코제일차주식회사\n2022.09.22\n(주1)\n자산유동화 SPC\n30,175\n힘과 변동이익 노출(기업회계기준서 제1110호 문단7)\nX\n원신한글로벌신기술투자조합제6호\n2023-03-24\n(주1)\n사모투자조합\n10,925\n힘과 변동이익 노출(기업회계기준서 제1110호 문단7)\nX\n파운트 일반 사모 투자신탁 제12호\n2023-03-31\n(주1)\n수익증권\n10,662\n힘과 변동이익 노출(기업회계기준서 제1110호 문단7)\nX\n쥐피에스23제이차\n2023-01-19\n(주1)\n자산유동화 SPC\n136\n힘과 변동이익 노출(기업회계기준서 제1110호 문단7)\nX\n쥐피에스22제육차\n2022-03-03\n(주1)\n자산유동화 SPC\n198\n힘과 변동이익 노출(기업회계기준서 제1110호 문단7)\nX\n쥐피에스22제십사차\n2023-01-27\n(주1)\n자산유동화 SPC\n113\n힘과 변동이익 노출(기업회계기준서 제1110호 문단7)\nX\n토탈커버투게더제이차\n2023-02-10\n(주1)\n자산유동화 SPC\n21,055\n힘과 변동이익 노출(기업회계기준서 제1110호 문단7)\nX\n에스지엠에스제이십이차\n2023-03-09\n(주1)\n자산유동화 SPC\n12,054\n힘과 변동이익 노출(기업회계기준서 제1110호 문단7)\nX\n원신한 글로벌 신기술투자조합 제7호\n2023-04-19\n(주1)\n사모투자조합\n12,343\n힘과 변동이익 노출(기업회계기준서 제1110호 문단7)\nX\n원신한 메자닌 제1호\n2023-06-20\n(주1)\n사모투자조합\n21,206\n힘과 변동이익 노출(기업회계기준서 제1110호 문단7)\nX\n신한인더스트리얼즈제일차\n2023-03-17\n(주1)\n자산유동화 SPC\n3,877\n힘과 변동이익 노출(기업회계기준서 제1110호 문단7)\nX\n파인솔루션제십칠차\n2023-03-02\n(주1)\n자산유동화 SPC\n10,093\n힘과 변동이익 노출(기업회계기준서 제1110호 문단7)\nX\n쥐피에스23제삼차\n2022-05-04\n(주1)\n자산유동화 SPC\n22,225\n힘과 변동이익 노출(기업회계기준서 제1110호 문단7)\nX\n신한에코머티리얼즈\n2023-04-06\n(주1)\n자산유동화 SPC\n33,133\n힘과 변동이익 노출(기업회계기준서 제1110호 문단7)\nX\n신한 메자닌 제2호\n2023-06-29\n(주1)\n사모투자조합\n28,726\n힘과 변동이익 노출(기업회계기준서 제1110호 문단7)\nX\n찬스공평유동화주식회사\n2023-06-12\n(주1)\n자산유동화 SPC\n9,560\n힘과 변동이익 노출(기업회계기준서 제1110호 문단7)\nX\n재이앤빅토르제일차\n2023-06-13\n(주1)\n자산유동화 SPC\n21,433\n힘과 변동이익 노출(기업회계기준서 제1110호 문단7)\nX\n와이클라스제구차\n2023-06-15\n(주1)\n자산유동화 SPC\n10,479\n힘과 변동이익 노출(기업회계기준서 제1110호 문단7)\nX\n특정금전신탁\n2022.06.30\n(주1)\n신탁\n310,098\n힘과 변동이익 노출(기업회계기준서 제1110호 문단7)\n○ (최근 사업연도 자산총액이 750억원 이상)\nShinhan Asia Mid-Market Growth Fund I Feeder\n2023.07.07\n(주1)\n수익증권\n1,500\n힘과 변동이익 노출(기업회계기준서 제1110호 문단7)\nX\nShinhan Asia Mid-Market Growth Fund I Master\n2023.07.07\n(주1)\n수익증권\n1,500\n힘과 변동이익 노출(기업회계기준서 제1110호 문단7)\nX\n신한모터텀론비제이차\n2023.04.24\n(주1)\n자산유동화 SPC\n14,896\n힘과 변동이익 노출(기업회계기준서 제1110호 문단7)\nX\n에스에이치디씨제일차주식회사\n2022.06.27\n(주1)\n자산유동화 SPC\n21,087\n힘과 변동이익 노출(기업회계기준서 제1110호 문단7)\nX\n찬스가산유동화㈜\n2023.06.30\n(주1)\n자산유동화 SPC\n9,933\n힘과 변동이익 노출(기업회계기준서 제1110호 문단7)\nX\n랜드로드제칠차\n2023.07.17\n(주1)\n자산유동화 SPC\n24,015\n힘과 변동이익 노출(기업회계기준서 제1110호 문단7)\nX\n쥐피에스23제사차주식회사\n2023.09.13\n(주1)\n자산유동화 SPC\n123,608\n힘과 변동이익 노출(기업회계기준서 제1110호 문단7)\n○ (최근 사업연도 자산총액이 750억원 이상)\n파인솔루션제십구차\n2023.09.19\n(주1)\n자산유동화 SPC\n19,715\n힘과 변동이익 노출(기업회계기준서 제1110호 문단7)\nX\n신한글로벌텀론제일차\n2023.07.05\n(주1)\n자산유동화 SPC\n36,901\n힘과 변동이익 노출(기업회계기준서 제1110호 문단7)\nX\n랜드로드제팔차\n2023.09.07\n(주1)\n자산유동화 SPC\n8,573\n힘과 변동이익 노출(기업회계기준서 제1110호 문단7)\nX\n성수공간제사차\n2023.09.20\n(주1)\n자산유동화 SPC\n10,030\n힘과 변동이익 노출(기업회계기준서 제1110호 문단7)\nX\n쥐피에스23제영차\n2023.07.24\n(주1)\n자산유동화 SPC\n34,589\n힘과 변동이익 노출(기업회계기준서 제1110호 문단7)\nX\n에스지엠에스제이십사차 주식회사\n2023.06.30\n(주1)\n자산유동화 SPC\n20,187\n힘과 변동이익 노출(기업회계기준서 제1110호 문단7)\nX\n파코제삼차 주식회사\n2023.04.27\n(주1)\n자산유동화 SPC\n43,380\n힘과 변동이익 노출(기업회계기준서 제1110호 문단7)\nX\n에스지아이비에스피제삼차\n2023.09.19\n(주1)\n자산유동화 SPC\n71,617\n힘과 변동이익 노출(기업회계기준서 제1110호 문단7)\nX\n신한금융플러스 주식회사\n2020.06.23\n서울 중구 삼일대로 358\n보험대리점업\n238,700\n지분율 100%(기업회계기준서 제1110호 문단 B6)\n○ (최근 사업연도 자산총액이 750억원 이상)\n신한라이프생명보험베트남\n2021.02.08\nUnit EBC014, Empress Business Center, 17th floor, Empress Tower, 138-142 Hai Ba Trung, Da Kao Ward, District 1, Ho Chi Minh City, Vietnam\n생명보험업\n125,765\n지분율 100%(기업회계기준서 제1110호 문단 B6)\n○ (최근 사업연도 자산총액이 750억원 이상)\n신한라이프케어 주식회사\n2021.12.23\n서울특별시 중구 을지로5길 19, 13층(수하동, 페럼타어)\n노인 요양 복지시설 운영업\n51,253\n지분율 100%(기업회계기준서 제1110호 문단 B6)\nX\n미래에셋맵스글로벌인프라사모특별자산투자신탁2호(재간접-파생형\n2014.07.18\n(주1)\n수익증권\n11,274\n지분율 95.89%(기업회계기준서 제1110호 문단 B6)\nX\n미래에셋맵스프런티어미국사모부동산자투자신탁5-2호(파생형)\n2015.05.27\n(주1)\n수익증권\n623\n지분율 99.55%(기업회계기준서 제1110호 문단 B6)\nX\n신한크레딧전문투자형사모투자신탁제3호\n2019.06.18\n(주1)\n수익증권\n148,411\n지분율 99.9%(기업회계기준서 제1110호 문단 B6)\n○ (최근 사업연도 자산총액이 750억원 이상)\n신한재간접전문투자형사모투자신탁제7-A호\n2020.12.16\n(주1)\n수익증권\n14,578\n지분율 99.58%(기업회계기준서 제1110호 문단 B6)\nX\n신한재간접전문투자형사모투자신탁6-B호\n2020.02.03\n(주1)\n수익증권\n43,377\n지분율 99.8%(기업회계기준서 제1110호 문단 B6)\nX\n신한재간접전문투자형사모투자신탁제5호\n2020.10.29\n(주1)\n수익증권\n99,140\n지분율 99.88%(기업회계기준서 제1110호 문단 B6)\n○ (최근 사업연도 자산총액이 750억원 이상)\nKB해외투자일반사모부동산투자신탁제23호(BRIDGE,재간접)\n2022.06.24\n(주1)\n수익증권\n65,667\n지분율 99.40%(기업회계기준서 제1110호 문단 B6)\nX\nKB해외투자일반사모부동산투자신탁제21호(NUVEEN,블라인드)\n2022.07.26\n(주1)\n수익증권\n35,654\n지분율 99.53%(기업회계기준서 제1110호 문단 B6)\nX\n신한KKR글로벌프로그램REC일반사모투자신탁\n2023.04.25\n(주1)\n수익증권\n93,782\n지분율 93.02%(기업회계기준서 제1110호 문단 B6)\n○ (최근 사업연도 자산총액이 750억원 이상)\n신한KKR글로벌프로그램PEF일반사모투자신탁\n2023.05.19\n(주1)\n수익증권\n36,811\n지분율 93.02%(기업회계기준서 제1110호 문단 B6)\nX\n신한KKR글로벌프로그램PDF일반사모투자신탁\n2023.09.18\n(주1)\n수익증권\n104,013\n지분율 93.02%(기업회계기준서 제1110호 문단 B6)\n○ (최근 사업연도 자산총액이 750억원 이상)\n신한 LCP X 일반사모제4호\n2023.10.25\n(주1)\n수익증권\n19,864\n지분율 99.75%(기업회계기준서 제1110호 문단 B6)\nX\n현대유퍼스트사모특별자산투자신탁2호\n2012.05.17\n(주1)\n수익증권\n4,782\n힘과 변동이익 노출(기업회계기준서 제1110호 문단7)\nX\n케이티브이에프-신한 기술사업화 제1호\n2019.12.24\n(주1)\n조합\n803\n힘과 변동이익 노출(기업회계기준서 제1110호 문단7)\nX\n시너지-신한 메자닌 신기술사업투자조합 제2호\n2020.11.30\n(주1)\n조합\n4,742\n힘과 변동이익 노출(기업회계기준서 제1110호 문단7)\nX\n이앤신한그로쓰펀드1호\n2020.12.03\n(주1)\n조합\n3,078\n힘과 변동이익 노출(기업회계기준서 제1110호 문단7)\nX\n신한-케이클라비스 퍼스트무버 제1호\n2021.02.16\n서울 영등포구 국제금융로 10\n조합\n8,643\n힘과 변동이익 노출(기업회계기준서 제1110호 문단7)\nX\n에스더블유 아이디 신기술조합\n2021.05.06\n서울 영등포구 국회대로62길 21\n조합\n9,519\n힘과 변동이익 노출(기업회계기준서 제1110호 문단7)\nX\n신한-CCVC 스타트업 세컨더리 펀드\n2021.06.11\n서울 강남구 테헤란로 516\n조합\n15,180\n힘과 변동이익 노출(기업회계기준서 제1110호 문단7)\nX\n퓨처플레이-신한 테크이노베이션 제2호\n2021.11.10\n서울 성동구 왕십리로 83-21\n조합\n20,107\n힘과 변동이익 노출(기업회계기준서 제1110호 문단7)\nX\n라이언Gold리츠투자전문투자형사모투자신탁제1호\n2021.10.14\n(주1)\n수익증권\n13,000\n힘과 변동이익 노출(기업회계기준서 제1110호 문단7)\nX\n티그리스투자조합50호\n2022.03.10\n(주1)\n사모투자조합\n2,188\n힘과 변동이익 노출(기업회계기준서 제1110호 문단7)\nX\nSHINHAN ASSET MGT HK LIMITED\n2010.08.24\n29/F THREE EXCHAGE SQUARE 9 CONNAUGHT PLACE CENTRAL, HONG KONG\n금융투자업\n173\n지분율 100%(기업회계기준서 제1110호 문단 B6)\nX\n지속가능경영ESG중장기채권증권자투자신탁\n2021.01.29\n(주1)\n수익증권\n9,406\n힘과 변동이익 노출(기업회계기준서 제1110호 문단7)\nX\n그린플레이션플러스EMP(H)(종C-s)\n2021.04.23\n(주1)\n수익증권\n3,259\n힘과 변동이익 노출(기업회계기준서 제1110호 문단7)\nX\n글로벌스노우볼알파[주식혼합](종C-s)\n2020.06.19\n(주1)\n수익증권\n6,398\n힘과 변동이익 노출(기업회계기준서 제1110호 문단7)\nX\n마음편한TDF2055(종C-s)\n2022.06.10\n(주1)\n수익증권\n5,572\n힘과 변동이익 노출(기업회계기준서 제1110호 문단7)\nX\nTRF성장형OCIO솔루션(종C-s)\n2022.05.09\n(주1)\n수익증권\n3,776\n힘과 변동이익 노출(기업회계기준서 제1110호 문단7)\nX\nTRF안정형OCIO솔루션(종C-s)\n2022.05.09\n(주1)\n수익증권\n4,753\n힘과 변동이익 노출(기업회계기준서 제1110호 문단7)\nX\nK컬쳐자(종C-s)\n2022.04.04\n(주1)\n수익증권\n4,691\n힘과 변동이익 노출(기업회계기준서 제1110호 문단7)\nX\n신한미국자사주&고배당증권자투자신탁\n2022.07.29\n(주1)\n수익증권\n9,421\n힘과 변동이익 노출(기업회계기준서 제1110호 문단7)\nX\n밸런스프로적극형\n2022.12.16\n(주1)\n수익증권\n10,686\n힘과 변동이익 노출(기업회계기준서 제1110호 문단7)\nX\n밸런스프로중립형\n2022.12.16\n(주1)\n수익증권\n7,870\n힘과 변동이익 노출(기업회계기준서 제1110호 문단7)\nX\n미국S&P500인덱스자(H)[주식-파생형](종)\n2023.06.08\n(주1)\n수익증권\n13,745\n힘과 변동이익 노출(기업회계기준서 제1110호 문단7)\nX\n신한제2호사모투자전문회사\n2008.06.26\n(주1)\n사모투자전문회사\n145,199\n힘과 변동이익 노출(기업회계기준서 제1110호 문단7)\n○ (최근 사업연도 자산총액이 750억원 이상)\nSHPE홀딩즈원 유한회사\n2008.10.31\n(주1)\n투자기구\n145,187\n힘과 변동이익 노출(기업회계기준서 제1110호 문단7)\n○ (최근 사업연도 자산총액이 750억원 이상)\n신한미국나스닥100인덱스증권자투자신탁\n2023.08.17\n(주1)\n수익증권\n10,741\n힘과 변동이익 노출(기업회계기준서 제1110호 문단7)\nX\n불특정금전신탁_제주은행\n1985.04.24\n(주1)\n신탁\n14\n힘과 변동이익 노출(기업회계기준서 제1110호 문단7)\nX\n연금신탁_제주은행\n2001.04.21\n(주1)\n신탁\n5,827\n힘과 변동이익 노출(기업회계기준서 제1110호 문단7)\nX\n신개인연금신탁_제주은행\n2000.07.07\n(주1)\n신탁\n8\n힘과 변동이익 노출(기업회계기준서 제1110호 문단7)\nX\n개인연금신탁_제주은행\n1994.06.20\n(주1)\n신탁\n6,764\n힘과 변동이익 노출(기업회계기준서 제1110호 문단7)\nX\n적립식목적신탁_제주은행\n1993.04.20\n(주1)\n신탁\n37\n힘과 변동이익 노출(기업회계기준서 제1110호 문단7)\nX\n기업금전신탁_제주은행\n1987.09.01\n(주1)\n신탁\n-\n힘과 변동이익 노출(기업회계기준서 제1110호 문단7)\nX\n가계금전신탁_제주은행\n1985.03.25\n(주1)\n신탁\n294\n힘과 변동이익 노출(기업회계기준서 제1110호 문단7)\nX\n노후생활연금신탁_제주은행\n1987.01.05\n(주1)\n신탁\n10\n힘과 변동이익 노출(기업회계기준서 제1110호 문단7)\nX\nSHINHAN DS VIETNAM CO.,LTD\n2018.05.10\nCentec Tower 72-74 Nguyen Thi Minh Khai Street, District 3, Ho Chi Minh City, Vietnam\n컴퓨터시스템 통합 자문 및 구축서비스업\n5,423\n지분율 100%(기업회계기준서 제1110호 문단 B6)\nX\n신한벤처 투모로우 투자조합 2호\n2022.05.23\n서울시 강남구 테헤란로 534\n수익증권\n30,114\n힘과 변동이익 노출(기업회계기준서 제1110호 문단7)\nX\n신한재팬레지던스제1호리츠\n2023.11.30\n(주1)\n수익증권\n300\n힘과 변동이익 노출(기업회계기준서 제1110호 문단7)\nX\n그린에너지사모특별자산[대출채권]\n2013.05.14\n(주1)\n수익증권\n48,913\n힘과 변동이익 노출(기업회계기준서 제1110호 문단7)\nX\n행복울타리비티엘사모특별자산[인프라사업]\n2015.05.15\n(주1)\n수익증권\n104,314\n힘과 변동이익 노출(기업회계기준서 제1110호 문단7)\n○ (최근 사업연도 자산총액이 750억원 이상)\n신한영남LNG복합화력사모특별자산투자신탁[인프라사업]\n2012.10.31\n(주1)\n수익증권\n81,573\n힘과 변동이익 노출(기업회계기준서 제1110호 문단7)\n○ (최근 사업연도 자산총액이 750억원 이상)\n신한그린에너지전문투자형사모특별자산투자신탁제2호[대출채권]\n2016.02.22\n(주1)\n수익증권\n45,146\n힘과 변동이익 노출(기업회계기준서 제1110호 문단7)\nX\n좋은아침비티엘전문사모혼합자산1호\n2016.03.24\n(주1)\n수익증권\n20,219\n힘과 변동이익 노출(기업회계기준서 제1110호 문단7)\nX\n신한글로벌전문투자형사모부동산투자신탁제4호\n2016.06.29\n(주1)\n수익증권\n110,552\n힘과 변동이익 노출(기업회계기준서 제1110호 문단7)\n○ (최근 사업연도 자산총액이 750억원 이상)\n신한글로벌전문투자형사모부동산투자신탁제5호\n2016.08.04\n(주1)\n수익증권\n198,823\n힘과 변동이익 노출(기업회계기준서 제1110호 문단7)\n○ (최근 사업연도 자산총액이 750억원 이상)\n미국네바다태양광전문사모특별자산[태양광발전사업]\n2017.05.29\n(주1)\n수익증권\n97,219\n힘과 변동이익 노출(기업회계기준서 제1110호 문단7)\n○ (최근 사업연도 자산총액이 750억원 이상)\n신한글로벌전문투자형사모부동산투자신탁제9호\n2017.11.20\n(주1)\n수익증권\n5,128\n힘과 변동이익 노출(기업회계기준서 제1110호 문단7)\nX\n신한목포신항만전문사모특별자산\n2018.07.02\n(주1)\n수익증권\n12,631\n힘과 변동이익 노출(기업회계기준서 제1110호 문단7)\nX\n키움마일스톤US전문투자형사모부동산투자신탁제16-A호\n2018.09.21\n(주1)\n수익증권\n865\n힘과 변동이익 노출(기업회계기준서 제1110호 문단7)\nX\n신한부동산론전문투자형사모부동산투자신탁제1호\n2018.12.11\n(주1)\n수익증권\n14,651\n힘과 변동이익 노출(기업회계기준서 제1110호 문단7)\nX\n신한창업벤처전문투자형사모투자신탁제1호\n2018.10.31\n(주1)\n수익증권\n95,673\n힘과 변동이익 노출(기업회계기준서 제1110호 문단7)\n○ (최근 사업연도 자산총액이 750억원 이상)\n신한사회적기업전문투자형사모투자신탁제1호\n2018.10.22\n(주1)\n수익증권\n14,934\n힘과 변동이익 노출(기업회계기준서 제1110호 문단7)\nX\n신한인프라전문투자형사모투자신탁제1호\n2018.06.20\n(주1)\n수익증권\n155,784\n힘과 변동이익 노출(기업회계기준서 제1110호 문단7)\n○ (최근 사업연도 자산총액이 750억원 이상)\n신한국민연금신재생에너지전문투자형사모투자신탁제1호\n2019.02.20\n(주1)\n수익증권\n109,716\n힘과 변동이익 노출(기업회계기준서 제1110호 문단7)\n○ (최근 사업연도 자산총액이 750억원 이상)\n원신한퓨처스 신기술투자조합 제1호\n2019.06.19\n(주1)\n수익증권\n8,541\n힘과 변동이익 노출(기업회계기준서 제1110호 문단7)\nX\n신한헬스케어신기술투자조합3호\n2019.06.10\n(주1)\n수익증권\n10,123\n힘과 변동이익 노출(기업회계기준서 제1110호 문단7)\nX\n신한창업벤처전문투자형사모투자신탁제2호\n2019.07.18\n(주1)\n수익증권\n132,776\n힘과 변동이익 노출(기업회계기준서 제1110호 문단7)\n○ (최근 사업연도 자산총액이 750억원 이상)\n케이에스티-신한실험실창업제1호투자조합\n2019.09.27\n(주1)\n수익증권\n8,454\n힘과 변동이익 노출(기업회계기준서 제1110호 문단7)\nX\n신한글로벌전문투자형사모부동산투자신탁제12호(H)[재간접형]\n2018.06.18\n(주1)\n수익증권\n92,868\n힘과 변동이익 노출(기업회계기준서 제1110호 문단7)\n○ (최근 사업연도 자산총액이 750억원 이상)\n신한평생소득TIF혼합자산투자신탁[재간접형]\n2019.12.06\n(주1)\n수익증권\n5,643\n힘과 변동이익 노출(기업회계기준서 제1110호 문단7)\nX\n신한부동산전문투자형사모투자신탁제15호\n2019.10.16\n(주1)\n수익증권\n28,342\n힘과 변동이익 노출(기업회계기준서 제1110호 문단7)\nX\n신한재간접전문투자형사모투자신탁제3-A호\n2019.06.21\n(주1)\n수익증권\n41,659\n힘과 변동이익 노출(기업회계기준서 제1110호 문단7)\nX\n신한재간접전문투자형사모투자신탁제4호\n2019.05.16\n(주1)\n수익증권\n57,225\n힘과 변동이익 노출(기업회계기준서 제1110호 문단7)\nX\n신한사회적기업전문투자형사모투자신탁제2호\n2019.12.23\n(주1)\n수익증권\n11,042\n힘과 변동이익 노출(기업회계기준서 제1110호 문단7)\nX\n트러스톤글로벌인프라전문투자형사모투자신탁3호\n2018.07.31\n(주1)\n수익증권\n54,892\n힘과 변동이익 노출(기업회계기준서 제1110호 문단7)\nX\n신한유럽기업대출전문투자형사모투자신탁제4호(H)\n2019.12.03\n(주1)\n수익증권\n94,332\n힘과 변동이익 노출(기업회계기준서 제1110호 문단7)\n○ (최근 사업연도 자산총액이 750억원 이상)\n신한 WTE(Waste To Energy)전문투자형사모특별자산투자신탁제1호\n2020.02.11\n(주1)\n수익증권\n69,632\n힘과 변동이익 노출(기업회계기준서 제1110호 문단7)\nX\n신한부동산전문투자형사모투자신탁제13호\n2019.06.21\n(주1)\n수익증권\n3,394\n힘과 변동이익 노출(기업회계기준서 제1110호 문단7)\nX\n신한재간접전문투자형사모투자신탁제6호\n2020.03.11\n(주1)\n수익증권\n133,352\n힘과 변동이익 노출(기업회계기준서 제1110호 문단7)\n○ (최근 사업연도 자산총액이 750억원 이상)\n신한재간접전문투자형사모투자신탁제6-A호\n2020.03.11\n(주1)\n수익증권\n89,586\n힘과 변동이익 노출(기업회계기준서 제1110호 문단7)\n○ (최근 사업연도 자산총액이 750억원 이상)\n신한이탈리아Veneta도로인프라전문투자형사모특별자산투자신탁(H)[도로사업]\n2019.04.01\n(주1)\n수익증권\n58,141\n힘과 변동이익 노출(기업회계기준서 제1110호 문단7)\nX\n신한창업벤처전문투자형사모투자신탁제3호\n2020.06.18\n(주1)\n수익증권\n136,488\n힘과 변동이익 노출(기업회계기준서 제1110호 문단7)\n○ (최근 사업연도 자산총액이 750억원 이상)\n신한안심지속형TDF2030증권투자신탁(H)[주식혼합-재간접형]\n2020.05.29\n(주1)\n수익증권\n10,430\n힘과 변동이익 노출(기업회계기준서 제1110호 문단7)\nX\n신한안심지속형TDF2035증권투자신탁(H)[주식혼합-재간접형]\n2020.05.29\n(주1)\n수익증권\n7,998\n힘과 변동이익 노출(기업회계기준서 제1110호 문단7)\nX\n원신한퓨처스 신기술투자조합 제2호\n2020.06.19\n(주1)\n사모투자조합\n10,005\n힘과 변동이익 노출(기업회계기준서 제1110호 문단7)\nX\n신한창업벤처알파전문사모혼합자산1호\n2020.09.28\n(주1)\n수익증권\n9,543\n힘과 변동이익 노출(기업회계기준서 제1110호 문단7)\nX\n네오플럭스 기술가치평가 투자조합\n2015.09.24\n(주1)\n사모투자조합\n41,061\n힘과 변동이익 노출(기업회계기준서 제1110호 문단7)\nX\n신한그린뉴딜에너지전문투자형사모특별자산투자신탁제1호\n2020.11.04\n(주1)\n수익증권\n44,777\n힘과 변동이익 노출(기업회계기준서 제1110호 문단7)\nX\n신한인수금융전문투자형사모투자신탁제1호\n2020.09.29\n(주1)\n수익증권\n127,412\n힘과 변동이익 노출(기업회계기준서 제1110호 문단7)\n○ (최근 사업연도 자산총액이 750억원 이상)\n키움마일스톤US전문투자형사모부동산투자신탁16-C호\n2020.11.24\n(주1)\n수익증권\n5,600\n힘과 변동이익 노출(기업회계기준서 제1110호 문단7)\nX\n신한지속가능경영ESG채권전문투자형사모증권투자신탁1호\n2021.02.08\n(주1)\n수익증권\n49,899\n힘과 변동이익 노출(기업회계기준서 제1110호 문단7)\nX\n신한사회적기업전문투자형사모투자신탁제3호\n2021.03.22\n(주1)\n수익증권\n16,927\n힘과 변동이익 노출(기업회계기준서 제1110호 문단7)\nX\n창업벤처전문사모4호\n2021.06.14\n(주1)\n수익증권\n106,267\n힘과 변동이익 노출(기업회계기준서 제1110호 문단7)\n○ (최근 사업연도 자산총액이 750억원 이상)\n그린뉴딜에너지전문사모특별자산3호\n2021.04.16\n(주1)\n수익증권\n187,898\n힘과 변동이익 노출(기업회계기준서 제1110호 문단7)\n○ (최근 사업연도 자산총액이 750억원 이상)\n신한부동산전문투자형사모투자신탁제22-A호\n2021.03.29\n(주1)\n수익증권\n84,522\n힘과 변동이익 노출(기업회계기준서 제1110호 문단7)\n○ (최근 사업연도 자산총액이 750억원 이상)\n원신한 커넥트 신기술투자조합 제1호\n2021.05.21\n(주1)\n수익증권\n250,194\n힘과 변동이익 노출(기업회계기준서 제1110호 문단7)\n○ (최근 사업연도 자산총액이 750억원 이상)\n신한에스케이에스기업재무안정사모투자합자회사\n2021.01.07\n(주1)\n수익증권\n66,842\n힘과 변동이익 노출(기업회계기준서 제1110호 문단7)\nX\n신한노틱제1호 사모투자합자회사\n2021.05.24\n(주1)\n수익증권\n11,561\n힘과 변동이익 노출(기업회계기준서 제1110호 문단7)\nX\n신한글로벌그린에너지파트너쉽전문사모특별자산투자신탁제1호\n2021.08.12\n(주1)\n수익증권\n26,372\n힘과 변동이익 노출(기업회계기준서 제1110호 문단7)\nX\n창업벤처알파일반사모혼합자산2호\n2021.12.16\n(주1)\n수익증권\n11,097\n힘과 변동이익 노출(기업회계기준서 제1110호 문단7)\nX\n디지털뉴딜비티엘일반사모혼합자산\n2021.11.18\n(주1)\n수익증권\n30,562\n힘과 변동이익 노출(기업회계기준서 제1110호 문단7)\nX\nMezzanine일반사모제3호\n2021.11.11\n(주1)\n수익증권\n12,901\n힘과 변동이익 노출(기업회계기준서 제1110호 문단7)\nX\n원신한퓨처스신기술투자조합제3호\n2022.03.08\n(주1)\n사모투자조합\n757\n힘과 변동이익 노출(기업회계기준서 제1110호 문단7)\nX\n아이엠엠롱텀솔루션 PEF\n2022.02.09\n(주1)\n사모투자조합\n128,362\n힘과 변동이익 노출(기업회계기준서 제1110호 문단7)\n○ (최근 사업연도 자산총액이 750억원 이상)\n신한지하철9호선일반사모특별자산투자신탁\n2022.02.03\n(주1)\n수익증권\n313,347\n힘과 변동이익 노출(기업회계기준서 제1110호 문단7)\n○ (최근 사업연도 자산총액이 750억원 이상)\n신한재간접전문투자형사모투자신탁9-C호\n2021.05.20\n(주1)\n수익증권\n27,903\n힘과 변동이익 노출(기업회계기준서 제1110호 문단7)\nX\n신한창업벤처일반사모투자신탁제5호\n2022.06.09\n(주1)\n수익증권\n82,197\n힘과 변동이익 노출(기업회계기준서 제1110호 문단7)\n○ (최근 사업연도 자산총액이 750억원 이상)\n신한그린웨이기업투자일반사모투자신탁제1호\n2022.06.28\n(주1)\n수익증권\n38,168\n힘과 변동이익 노출(기업회계기준서 제1110호 문단7)\nX\n원신한 커넥트 신기술투자조합 제2호\n2022.04.29\n(주1)\n사모투자조합\n23,425\n힘과 변동이익 노출(기업회계기준서 제1110호 문단7)\nX\n신한 스퀘어브릿지 ESG 투자조합 1호\n2022.09.06\n(주1)\n사모투자조합\n23,916\n힘과 변동이익 노출(기업회계기준서 제1110호 문단7)\nX\n신한 글로벌 플래그십 투자조합 1호\n2022.06.30\n(주1)\n사모투자조합\n76,688\n힘과 변동이익 노출(기업회계기준서 제1110호 문단7)\n○ (최근 사업연도 자산총액이 750억원 이상)\n신한Brookfield Global Transition인프라지분투자일반사모특별자산투자신탁제2호(USD)[재간접형]\n2021.11.09\n(주1)\n수익증권\n25,386\n힘과 변동이익 노출(기업회계기준서 제1110호 문단7)\nX\n신한-KT 물류 일반사모부동산투자신탁 제1호\n2022.11.24\n(주1)\n수익증권\n29,006\n힘과 변동이익 노출(기업회계기준서 제1110호 문단7)\nX\n신한AIM크레딧4-B호_Clover2\n2022.01.28\n(주1)\n수익증권\n212,809\n힘과 변동이익 노출(기업회계기준서 제1110호 문단7)\n○ (최근 사업연도 자산총액이 750억원 이상)\n신한지속가능경영ESG단기채권증권자투자신탁제1호[채권]\n2021.04.29\n(주1)\n수익증권\n11,605\n힘과 변동이익 노출(기업회계기준서 제1110호 문단7)\nX\n신한인프라개발일반사모혼합자산투자신탁\n2022.11.18\n(주1)\n수익증권\n10,480\n힘과 변동이익 노출(기업회계기준서 제1110호 문단7)\nX\n신한디지털콘텐츠일반사모제1호\n2023.01.20\n(주1)\n수익증권\n6,918\n힘과 변동이익 노출(기업회계기준서 제1110호 문단7)\nX\n신한창업벤처일반사모투자신탁제6호\n2023.06.08\n(주1)\n수익증권\n27,855\n힘과 변동이익 노출(기업회계기준서 제1110호 문단7)\nX\n신한 SOF V 일반사모투자신탁제1호(H)\n2023.05.24\n(주1)\n수익증권\n13,458\n힘과 변동이익 노출(기업회계기준서 제1110호 문단7)\nX\n신한-LS Global Green Way일반사모특별자산투자신탁\n2023.04.11\n(주1)\n수익증권\n39,126\n힘과 변동이익 노출(기업회계기준서 제1110호 문단7)\nX\n신한One플래그쉽부동산개발1호\n2023.05.27\n(주1)\n수익증권\n31,454\n힘과 변동이익 노출(기업회계기준서 제1110호 문단7)\nX\n신한KKR글로벌프로그램일반사모투자신탁(USD)\n2022.07.19\n(주1)\n수익증권\n38,195\n힘과 변동이익 노출(기업회계기준서 제1110호 문단7)\nX\n신한하이퍼커넥트투자조합1호\n2023.06.28\n(주1)\n수익증권\n44,936\n힘과 변동이익 노출(기업회계기준서 제1110호 문단7)\nX\n신한달러단기자금증권투자신탁제1호(USD)[채권]\n2023.08.27\n(주1)\n수익증권\n55,770\n힘과 변동이익 노출(기업회계기준서 제1110호 문단7)\nX\n신한Brookfield Infrastructure Fund V인프라투자일반사모특별자산투자신탁제2-A호(USD)[재간접형]\n2023.07.04\n(주1)\n수익증권\n12,188\n힘과 변동이익 노출(기업회계기준서 제1110호 문단7)\nX\n신한하이퍼퓨처스투자조합1호\n2023.08.25\n(주1)\n수익증권\n1,060\n힘과 변동이익 노출(기업회계기준서 제1110호 문단7)\nX\n신한PF정상화일반사모부동산자투자신탁제1호\n2023.09.25\n(주1)\n수익증권\n49,865\n힘과 변동이익 노출(기업회계기준서 제1110호 문단7)\nX\n신한글로벌Tea제조사인수금융일반사모투자신탁\n2022.12.06\n(주1)\n수익증권\n44,449\n힘과 변동이익 노출(기업회계기준서 제1110호 문단7)\nX\n신한개인채무조정채권일반사모혼합자산투자신탁제1호\n2023.03.30\n(주1)\n수익증권\n2,859\n힘과 변동이익 노출(기업회계기준서 제1110호 문단7)\nX\n신한기업오퍼튜니티일반사모혼합자산투자신탁\n2023.05.17\n(주1)\n수익증권\n27,018\n힘과 변동이익 노출(기업회계기준서 제1110호 문단7)\nX\n신한그린인프라혁신성장일반사모특별자산투자신탁 제1호\n2023.11.30\n(주1)\n수익증권\n3,942\n힘과 변동이익 노출(기업회계기준서 제1110호 문단7)\nX\n신한TheCredit1일반사모혼합자산투자신탁\n2023.10.31\n(주1)\n수익증권\n37,997\n힘과 변동이익 노출(기업회계기준서 제1110호 문단7)\nX\n신한 CIS III 일반사모투자신탁 제1호\n2023.09.25\n(주1)\n수익증권\n25,870\n힘과 변동이익 노출(기업회계기준서 제1110호 문단7)\nX\n(주1) 수익증권, 유동화전문유한회사 등 실질적인 영업활동을 수행하지 않는 종속회사에 대해서는 주소를 기재하지 않았음\n2. 계열회사 현황(상세)\n☞ 본문 위치로 이동\n(기준일 :\xa0\n2023.12.31\n)\n(단위 : 사)\n상장여부\n회사수\n기업명\n법인등록번호\n상장\n2\n㈜신한금융지주회사(종목코드: 055550) 주2)\n104-81-64625\n㈜제주은행(종목코드: 006220)\n616-81-00615\n비상장\n50\n㈜신한은행\n202-81-02637\n신한카드㈜\n202-81-48079\n신한투자증권㈜\n116-81-36684\n신한라이프생명보험㈜\n104-81-28992\n신한자산운용㈜\n116-81-60452\n신한캐피탈㈜\n134-81-11323\n㈜신한저축은행\n120-87-90239\n신한자산신탁\n120-87-07104\n㈜신한DS\n110-81-34825\n신한펀드파트너스㈜ 주3)\n107-81-85143\n신한리츠운용㈜\n711-88-00923\n신한에이아이 주4)\n241-86-01322\n(주)신한벤처투자\n201-81-55941\n신한EZ손해보험\n110111-2799299\nSHC매니지먼트 주5)\n104-81-72014\n신한신용정보㈜\n119-81-58580\n신한 제2호 사모투자전문회사\n101-86-40537\n신한 프랙시스 케이그로쓰 글로벌 사모투자전문회사\n611-88-00069\n신한스마일게이트 글로벌 PEF 제1호\n767-81-01950\n신한재팬레지던스 제1호 리츠\n110111-8806080\n네오플럭스 제3호 사모투자합자회사\n275-81-01086\n신한위벤처뎁1호사모투자회사\n110113-0034908\n신한에스케이에스기업재무안정PEF\n442-88-01860\n신한금융플러스\n569-86-01934\n신한라이프케어 \xa0주6)\n124-87-59356\n신한 노틱 제1호 PEF\n110113-0030005\n제이에스신한 PEF\n110113-0030013\n아메리카신한은행\n해외현지법인\nSBJ은행\n해외현지법인\n유럽신한은행\n해외현지법인\n신한캄보디아은행\n해외현지법인\n신한카자흐스탄은행\n해외현지법인\n신한은행(중국)유한공사\n해외현지법인\n캐나다신한은행\n해외현지법인\n신한베트남은행\n해외현지법인\n멕시코신한은행\n해외현지법인\n신한인도네시아은행\n해외현지법인\n유한회사신한파이낸스\n해외현지법인\n신한인도파이낸스\n해외현지법인\n신한마이크로파이낸스\n해외현지법인\n신한투자증권 뉴욕\n해외현지법인\n신한투자증권 홍콩\n해외현지법인\n신한투자증권 베트남\n해외현지법인\n신한투자증권 인도네시아\n해외현지법인\n신한자산운용 홍콩\n해외현지법인\n신한DS 베트남\n해외현지법인\n신한베트남파이낸스\n해외현지법인\n신한라이프생명보험 베트남\n해외현지법인\n신한자산운용 인도네시아\n해외현지법인\nSBJ DNX\n해외현지법인\n주1)\n2023년 12월 말 기준이며, 금융지주회사법에 따른 지주회사, 자회사 및 (증)손자회사임.\n주2)\n신한금융지주회사는 기업집단의 지주회사임.\n주3)\n2023년 4월 3일 사명을 신한아이타스에서 신한펀드파트너스로 변경하였음.\xa0\n주4)\n신한에이아이 주요자산을 2024년 1월 중 종속회사 신한은행에 매각하였으며, 청산절차를 진행중임.\xa0\n주5)\nSHC Management는 구 신한카드 청산법인으로, 청산 종결 시까지 존속\n주6)\n2023년 12월 29일자로 사명을 신한큐브온주식회사에서 신한라이프케어주식회사로 변경함.\n3. 타법인출자 현황(상세)\n☞ 본문 위치로 이동\n(기준일 :\xa0\n2023.12.31\n)\n(단위 : 백만원, 천주, %)\n법인명\n상장여부\n최초취득일자\n출자목적\n최초취득금액\n기초잔액\n증가(감소)\n기말잔액\n최근사업연도재무현황\n수량\n지분율\n장부가액\n취득(처분)\n평가손익\n수량\n지분율\n장부가액\n총자산\n당기순손익\n수량\n금액\n신한은행\n비상장\n2001년 09월 01일\n경영권\n6,230,532\n1,585,616\n100\n13,617,579\n-\n-\n-\n1,585,616\n100\n13,617,579\n469,727,053\n2,612,112\n신한카드\n비상장\n2007년 03월 23일\n경영권\n7,726,100\n125,369\n100\n7,919,672\n-\n-\n-\n125,369\n100\n7,919,672\n42,602,142\n625,848\n신한투자증권\n비상장\n2001년 09월 01일\n경영권\n1,303,482\n357,400\n100\n3,001,420\n-\n-\n-\n357,400\n100\n3,001,420\n50,099,501\n108,334\n신한라이프생명보험\n비상장\n2005년 12월 13일\n경영권\n730,432\n115,655\n100\n4,204,544\n-\n-11\n-\n115,655\n100\n4,204,533\n58,508,315\n481,851\n신한캐피탈\n비상장\n2001년 09월 01일\n경영권\n154,091\n62,250\n100\n558,921\n-\n-\n-\n62,250\n100\n558,921\n12,956,431\n297,866\n제주은행\n상장\n2002년 04월 29일\n경영권\n70,680\n24,196\n75.3\n179,643\n-\n-\n-\n24,196\n75.3\n179,643\n7,153,672\n5,101\n신한자산운용\n비상장\n2001년 09월 01일\n경영권\n158,490\n17,733\n100\n326,206\n-\n-\n-\n17,733\n100\n326,206\n267,943\n27,027\n신한자산신탁\n비상장\n2019년 05월 02일\n경영권\n190,378\n23,468\n100\n429,491\n-\n-\n-\n23,468\n100\n429,491\n463,445\n53,430\nSHC매니지먼트\n비상장\n2002년 06월 01일\n경영권\n554\n100\n100\n8,655\n-\n-\n-\n100\n100\n8,655\n10,051\n305\n신한DS\n비상장\n2010년 01월 04일\n경영권\n10,026\n2,800\n100\n23,026\n-\n-\n-\n2,800\n100\n23,026\n135,333\n8,327\n신한펀드파트너스\n비상장\n2012년 11월 30일\n경영권\n50,092\n469\n99.8\n50,092\n-\n-\n-\n469\n99.8\n50,092\n110,849\n12,193\n신한저축은행\n비상장\n2013년 01월 31일\n경영권\n165,815\n17,174\n100\n157,065\n-\n-\n-\n17,174\n100\n157,065\n3,046,110\n29,943\n신한리츠운용\n비상장\n2017년 10월 18일\n경영권\n30,000\n6,000\n100\n30,000\n-\n-\n-\n6,000\n100\n30,000\n72,018\n9,485\n신한에이아이 주5)\n비상장\n2019년 01월 21일\n경영권\n2,000\n8,400\n100\n42,000\n-\n-\n-7,266\n8,400\n100\n34,734\n35,674\n-4,596\n신한벤처투자\n비상장\n2020년 09월 29일\n경영권\n73,325\n25,227\n100\n75,840\n-\n-\n-\n25,227\n100\n75,840\n150,675\n4,441\n신한EZ손해보험\n비상장\n2022년 06월 30일\n경영권\n42,100\n18,076\n85.1\n106,210\n-\n-\n-\n18,076\n85.1\n106,210\n261,204\n-7,778\n합 계\n2,389,933\n-\n30,730,364\n-\n-11\n-7,266\n2,389,933\n-\n30,723,087\n645,600,416\n4,263,889\n주1)\n기업회계기준서 제1027호(별도재무제표)에 따라 별도재무제표작성시 종속기업, 공동지배기업 및 관계기업에 대한 투자에 대해 원가법을 적용하였으며, 전환일의 한국기업회계기준에 따른 장부금액을 원가로 간주함.\n주2)\n제주은행을 제외한 법인은 모두 비상장회사임.\n주3)\n최근 사업연도 재무현황은 한국채택국제회계기준에 따른 별도재무제표 기준임(총자산: 2023년 말 기준, 당기순이익: 2023년 1월 1일 ~ 2023년 12월 31일 기준)\n주4)\n지분율은 소수점 둘째자리에서 반올림\n주5)\n당기 중 장부금액과 순공정가치의 차이금액 7,266백만원을 손상차손으로 인식하였으며, 청산절차 진행 중임.\n4. 예금상품별개요\n☞ 본문 위치로 이동\n구 분\n종 류\n특 징\n초단기 일정금액 이상 여유자금 운용을 위한 예금\n수퍼저축예금 (개인)\n금액에 따라 차등금리를 적용하므로 일정금액 이상의 일시 여유자금 운용에 적합한 상품임\n수퍼기업자유예금 (법인)\n거액기업자유예금(개인사업자, 법인)\n신한 수퍼드림 기업자유예금(법인)\n입출금이 자유로운 예금\n보통예금, 저축예금, 가계당좌예금, 당좌예금, 기업자유예금\n가계 및 기업자금 등의 수시입출금을 위한 통장임. 가계당좌예금이나 당좌예금은 개인 또는 기업명의로 수표 및 어음을 발행하여 각종 지급수단으로 이용 가능함\n신한 주거래 우대통장, 신한 주거래미래설계 통장, 신한 주거래SOHO사업자통장, 유치원&보육&복지시설 우대통장, 신한G1금거래계좌, 신한 공무원연금 평생안심통장, 국민연금 安心통장, 신한 행복지킴이 통장, 신한 연구&사업비 우대통장, 신한My World 송금통장, 신한 스크랩거래계좌, 신한 하도급지킴이 기업통장, 신한 호국보훈지킴이 통장, 신한 보증서담보대출 입금전용 계좌, 신한 희망지킴이 통장, 신한 청년DREAM 통장, 신한 창업진흥원 전용통장II, 신한 MY 주니어 통장, 신한 창업진흥원 스타트업통장, Hey Young 머니박스, 신한 임금채권 전용통장, 신한 주택연금 지킴이 통장\n고객세분화를 통하여 라이프사이클에 따른 직장인, 사업자, 주부, 아동, 연금 수급권자, 금사업자, 시니어, 유학생 등 차별화된 서비스를 제공하는 상품\n신한 S-MORE포인트통장\n신한카드 포인트 등 포인트가 입금되는 통장\n서비스\n신한 베이직팩,\n신한 베이직팩 플러스\n입출금통장과 함께 인터넷뱅킹, 체크카드, 카드결제계좌 지정 등 요건 충족시 수수료 면제 등의 서비스 제공\n입출금이 자유롭고 주식매매도 가능한 예금\n신한금융투자 증권거래예금사이버증권거래예금\nMY주니어통장(S-Lite)\n증권거래계좌를 자동연결하여 주식거래 가능\n목돈마련을 위한 예금\n신한S드림(DREAM)적금, 신한S드림(DREAM)기업적금, 디딤씨앗 적립예금, 신한 새희망 적금, 신한 사업자 성공기원적금, 신한 미소드림 적금, 정기적금, 신한 군인행복 적금, 신한 더드림 적금(외국인), 신한 장병내일준비적금, 신한 가맹점SWING 적금, 신한 청년DREAM통장(인천시), 신한 마이홈 적금, 꿈나래 통장, 희망두배 청년통장, 신한 MY 주니어 적금,신한 알.쏠 적금, 신한 안녕,반가워 적금, 아름다운 용기적금, 신한 쏠만해 적금, 신한 패밀리 상생 적금, 한 달부터 적금, 신한 연금 저축왕 적금, 신한 청년도약계좌\n일정기간동안 일정금액을 정기적립하거나 자유적립하여 만기에 목돈을 수령할 수 있음\n목돈예치를 위한 예금\n신한S드림(DREAM)정기예금, 양도성예금증서, 양도성예금증서 은행등록발행, 표지어음, Tops회전정기예금, Tops CD연동정기예금, 미래설계 크레바스 연금예금, 미래설계 장기플랜 연금예금, 정기예금, Tops보증정기예금, 신한 프리미어 토지보상 정기예금, 신한 MY플러스 정기예금\n목돈을 1개월 이상의 정해진 기간동안 거치하는 상품. 만기에 목돈 수령 또는 이자지급식으로 선택 가능.\xa0\n개인종합자산관리 계좌의 운용 위한 예금\n신한 ISA 정기예금\n개인종합자산관리계좌에 대한 과세특례시행에 따라 가입자 적립금을 원리금보장 상품으로 운용하기 위한 정기예금\xa0\n퇴직급여 및 연금제도 전용상품\xa0\nTops 퇴직플랜 정기예금, 퇴직플랜 프리미어 정기예금, 신한 퇴직플랜 연금예금, Tops 퇴직플랜 금리연동형정기예금\xa0\n퇴직연금제도에 의해 기업 및 근로자의 퇴직금을 특정금전신탁 퇴직연금계약으로 적립받아 원리금보장형 연금자산으로 운영하거나 연금 지급하는 정기예금 \xa0\n주택마련예ㆍ부금\n마이홈플랜 주택청약종합저축, 청년 우대형 주택청약종합저축\n주택청약이 가능한 목적부 상품으로 세금우대로 가입시세금감면 혜택 있음\n주가지수 연동형상품\n세이프지수연동예금\n정기예금의 만기시 원금은 100% 보장하고 장래에 지급할 이자의 일부 또는 전부를 각종 시장지수 움직임에 연동한 옵션 등 파생상품에 투자하는 상품\n온라인전용상품\n신한 스마트 적금, 한달애 저금통, 신한 B2B협력기업 우대통장, 쏠편한 입출금 통장, 쏠편한 선물하는 적금, 쏠편한 정기예금, 쏠편한 제휴정기예금, 쏠편한 작심3일 적금, 신한 땡겨요 적금, 신한 슈퍼 SOL 포인트 적금, 쓸수록 모이는 소비 적금\n인터넷뱅킹 또는 스마트뱅킹으로만 가입하는 상품으로 영업점 가입상품 대비 우대된 이율및 온라인 특화 기능(ex. 전용 App, 스마트이체 등)이 적용됨\n지방특화상품\n없음\n특정지방에 특화하여 해당지역을 사랑하는 고객 전용상품으로, 해당지역 연계 부가서비스 제공\xa0\n5. 신탁상품별 개요\n☞ 본문 위치로 이동\n구 분\n종 류\n특 징\n불특정 금전신탁\n연금저축신탁\n적립기간 동안 자유롭게 납입하고 연금으로 수령하여 노후 생활자금을 준비할 수 있는 상품(납입원금 보전) 연간 한도 범위내 입금 가능하고, 소득세법에서 정한 세액공제 가능\n특정금전신탁\n특정금전신탁\n위탁자가 자산운용 대상과 방법을 직접 지정하여 위탁자별로 단독운용, 관리하는 상품\n퇴직연금신탁\n퇴직연금신탁\n근로자의 노후 생활을 보장하기 위해 기업이 사전에 퇴직금재원을 은행에 적립하고, 근로자 퇴직시 연금 또는 일시금 형태로 지급하는 제도\n재산신탁\n유가증권신탁\n위탁자가 유가증권을 신탁하면 수탁자는 신탁계약에 따라 신탁재산을 관리, 운용, 처분하고, 신탁종료시에 수익자에게운용현상 그대로 교부하는 재산신탁\n금전채권신탁\n위탁자가 보유하는 금전채권을 신탁하면 수탁자는 신탁계약에 따라 금전채권을 추심, 운용한 후 수익자에게 지급하는 재산신탁\n부동산신탁\n위탁자가 보유하는 토지 및 그 정착물을 신탁하면 수탁자는 신탁계약에 따라 신탁부동산을 관리, 운용, 처분하고 신탁계약 종료시 운용현상 그대로 교부하는 재산신탁으로 종류는 관리, 처분, 담보신탁이 있음\n동산신탁\n위탁자가 보유하는 기계, 기구 등 동산을 신탁하면 수탁자는 신탁계약에 따라 신탁동산을 관리, 운용, 처분하고 신탁계약 종료시 운용현상 그대로 교부하는 재산신탁\n기타 서비스\n신한 S Life Care 유언대용신탁\n위탁자가 생전에 은행에 재산을 신탁하면서 본인을 수익자로 정하고, 위탁자 사후에는 생전에 정한 수익자에게 신탁재산을 안정적으로 승계하는 것을 목적으로 하는 신탁\n6. 외환상품 및 서비스 개요\n☞ 본문 위치로 이동\n① 환전상품\n구 분\n특 징\n외국통화 매입\n고객으로부터 외국통화를 매입하는 업무\n외국통화 매도\n고객에게 외국통화를 매도하는 업무\n외화수표 매입\n고객으로부터 외화수표(여행자수표 포함)를 매입하는 업무\n외화수표 매도\n고객에게 외화수표(여행자수표 포함)를 매도하는 업무\n\xa0\n② 환전관련 부대서비스\n구 분\n특 징\n인터넷 환전\n고객이 인터넷을 통해 환전을 신청하여 매매가 이루어지고, 공항 등 주요 영업점에서 환전 신청한 외화(현찰, T/C)를 찾아가는 서비스\n신한 OK넷 환전서비스\n고객이 인근 영업점에서 환전을 신청하여 거래하고, 공항 등 주요 영업점에서 환전 신청한 외화를 찾아가는 서비스\n쏠(SOL)편한 환전\n고객이 모바일 앱뱅킹을 통해 환전을 신청하여 매매가 이루어지고, 공항 등 주요 영업점에서 환전 신청한 외화(현찰)를 찾아가는 서비스\n환전마일리지 우대 서비스\n미화 5백불 상당액 이상 영업점 방문환전 및 미화 3백불 상당액 이상 인터넷뱅킹 외환 거래 시 고객이 요청하는 경우 아시아나 항공 또는 대한항공 마일리지를 무료로 적립하는 서비스\nOK Cashbag 포인트적립 서비스\n미화 5백불 상당액 이상 영업점 방문환전 및 미화 3백불 상당액 이상 인터넷뱅킹 외환 거래 시 고객이 요청하는 경우 OK Cashbag을 무료로 적립하는 서비스\n③ 외화송금 상품\n구 분\n특 징\n당발송금\n국내에서 해외로 외화를 송금하는 서비스\n타발송금\n해외에서 국내로 도착한 송금을 지급하는 서비스\n④ 외화송금관련 부대서비스\n구 분\n특 징\n해외송금 자동이체 서비스\n유학생 경비 및 해외체재비 등과 같이 정기적으로 해외로 송금할 고객에 대해 본인과의 사전 약정을 통해 별도의 송금신청서 없이 송금 지정일에 자동으로 지급하는 서비스\n해외송금 폰뱅킹 서비스\n당행을 거래외국환은행으로 지정 신청하고 해외송금 정보를 사전 등록한 신한 온라인서비스 가입고객이 무인안내를 통해 해외로 전신송금 하거나, 고객이 전화로 콜센터를 통하여 입력한 내용(폰뱅킹 비밀번호, 인출계좌 비밀번호, OTP카드 비밀번호)이 사전에 은행에 등록한 내용과 일치하는 경우 신청인의 지시사항으로 간주하여 그 지시내용에 따라 해외로 전신송금하는 서비스\n해외송금 자동화기기 서비스\n당행을 거래외국환은행으로 지정 신청하고 해외송금 정보를 사전 등록한 신한은행 카드 소지 고객이 자동화기기를 통해 해외로 전신송금하는 서비스\nMoneyGram(머니그램)특급송금 서비스\n은행계좌 개설 없이도 머니그램사의 송금시스템을 이용하여 고객(개인 및 개인사업자)이 자금을 빠르게 주고 받을 수 있는 특급송금시스템\n환전마일리지 우대 서비스\n미화 1백불 상당액 이상 인터넷뱅킹 외환 거래 시 지급증빙미제출 송금 또는 유학생/해외체재비 항목으로 송금 시 고객이 요청하는 경우 아시아나 항공 또는 대한항공 마일리지를 무료로 적립하는 서비스\nOK Cashbag 포인트적립 서비스\n미화 1백불 상당액 이상 인터넷뱅킹 외환 거래 시 지급증빙미제출 송금 또는 유학생/해외체재비 항목으로 송금 시 고객이 요청하는 경우 OK Cashbag을 무료로 적립하는 서비스\n신한 Wise 해외송금서비스\n외화계좌에서 USD통화로 송금을 보내는 모바일뱅킹 전용 해외송금 서비스로Wise(구.TransferWise)와 API제휴로 27개국 국가로 빠르고 저렴하게 해외송금 가능한 서비스.\n태국 100바트 해외송금 서비스\n국내에서 태국으로 THB로 송금하는 비대면 전용 해외송금 서비스로 기존 SWIFT방식과 달리 빠르고 고객부담비용이 저렴한 서비스\nMoMo ID해외송금서비스\n베트남 전자지갑 사업자 MoMo와 제휴를 통해 수취인 휴대폰 번호(MoMo ID)와 영문명 입력만을 통해 수취인 전자지급 포인트로 충전해주는 해외 송금서비스\n\xa0⑤ 기타 무역외 서비스\n구 분\n특 징\n신한 글로벌현금카드\n해외 ATM카드 및 직불카드를 이용하는 당행 외환고객을 대상으로 한 국내ATM인출, 해외ATM인출 및 해외직불카드(Maestro) 기능이 있는 현금카드\n신한UniTravel카드\n해외에서 일어나는 외화현금 인출 또는 물품 구매에 사용되는 금액을 고객이 미리 사놓은 외화를 이용해 인출 또는 결제할 수 있으며, 외화예금 잔액 부족시에도 원화예금에서 인터넷 등으로 환전하여 결제 가능한 해외전용 현금카드\n신한 글로벌멀티카드\n하나의 카드에 최대 10개 통화를 동시에 충전 가능한 외화선불 카드\xa0\n마스터로고가 부착된 온/오프라인 해외가맹점에서 물품 구매 가능하며\n해외소재 마스터카드 제휴 ATM에서 외화현찰 인출 가능\n⑥ 외화자금의 운용 및 예치를 위한 상품\n구 분\n특 징\n외화당좌ㆍ보통예금\n입출금이 자유로운 외화예금으로, 입출금은 제한없이 수시로 가능\n외화체인지업예금\n외화유동성 예금으로 예치 통화간 자유로운 전환 및 기일이체 가능\n외화MMDA\n수시입출금이 가능한 외화예금에, 미화10만불 상당액 이상의 일시적 예치시에 금액 구간별 차등 이율을 적용\n신한Value-up외화 MMDA\n기업고객의 수시 입출금 가능한 외화예금을 기본으로 하며, 미화 10만불 상당액 이상의 일시적 예치시에 금액 구간별 차등 이율을 적용\n외화정기예금\n잦은 입출금이 필요없는 외화자금운용을 위한 예금으로 입출금 제한\nMultiple 외화정기예금\n하나의 계좌에 여러 건(최대999건)의 정기예금이 가능하며 입금건별로 고객이 만기일을 자유롭게 지정가능\n신한 Value-up\n수출입 외화예금\n수출입 거래고객의 Needs에 맞는 서비스 제공 및 신규 수출입 거래고객의 기반확대를 위한 입출금이 자유로운 수출입송금 외화예금\n신한Value-up외화적립예금\n자유적립식외화예금으로, 적립금 단위 별로 예치기간별 고시금리 적용\n신한 실속환전통장\n고객에게 수시 환전을 통해 환율 변동성에 대비할 수 있는 수단을 제공하며 환전에 필요한 다양한 편의성을 제공하는 입출금이 자유로운 외화예금\xa0\n신한Value-up글로벌 주식 외화예금(FNA)\n해외주식에 투자하고자 하는 국민인 개인이 신한금융투자 해외주식 투자 계좌를 동시에 개설하여 해외주식 매매를 위한 외화자금의 관리를 효율적으로 할 수 있는 입출금이 자유로운 외화예금\n외화양도성예금증서\n시장실세 금리를 반영하는 기명 통장식 외화양도성 예금증서\n(무기명 및 증서식 발행 불가)\n달러 More 환테크\n적립예금\n안정적으로 외화(USD)를 적립하고자 하는 고객이 다양한 자동이체기능, 자유로운 입금, 분할인출 기능 및 우대서비스를 받을 수 있는 미국 달러(USD)화 전용 자유적립식 예금\n신한Value-up외화\xa0\n회전정기예금\n1, 3, 6개월 회전기간에 따라 시장 실세금리로 복리 운용, 회전기간 단위 약정이자율을 제공하는 외화 정기예금\nSomeday(썸데이)외화적금\n해외여행에 필요한 외화현찰을 미화1불부터 적립할 수 있는 USD전용 자유적립식 외화적금\n\xa0\n⑦ 무역거래 서비스\n구 분\n특 징\n수출업무\n신용장 통지, (신용장방식, 무신용장방식)수출환어음 매입(추심), 신용장 양도,\n수입업무\n수입신용장 개설, 수입화물선취보증 및 수입화물대도, 무신용장 방식 운송서류 인도\n무역금융업무\n무역금융지원, 내국신용장 개설 및 매입\n기타 무역업무\n구매확인서 및 수출실적확인 증명서 발급, 무역자동화(EDI)서비스, 수출네고자금 해외입금 통지 서비스, 수출입적하보험증권 출력 서비스\n⑧ 수출업무 상품\n구 분\n특 징\n무역보험공사 단기수출(EFF)부보 매입외환\n무역보험공사의 '단기수출보험(EFF)적격대상 수출업체'가 우량 수입업체에 대해 보유하고 있는 수출채권을 당행 취급 영업점이 무역보험공사의 '단기수출보험(EFF)'에 보험계약자로 가입하고, 동 보험을 담보로 취득함으로써 해당 수출업체의 수출채권을 '비소구조건'으로 매입하는 상품\nD/A포페이팅\nD/A방식 수출환어음 매입시 수출상에 대해서는 매입시점에 '소구조건'으로 처리하고 이후에 해외인수가 확정되면 '비소구조건'으로 전환하는 매입상품\nN/D수출팩토링\n수출입은행과 제휴하여 수출입은행이 설정한 수입자별 한도 범위 내에서 사후송금방식(O/A방식) 및 D/A방식 수출거래시 발생하는 수출채권을 1차로 당행에서 비소구 조건으로 매입하고, 당행은 2차로 비소구조건으로 수출입은행에 재매입 의뢰하는 상품\nL/C포페이팅\n기한부신용장을 근거로 수출자가 발행한 수출환어음의 매입업무시 수출상에 대하여 매입시점에는 '소구조건'으로 매입(추심)하고, 이후 개설은행의 인수가 확정되면 '비소구조건'으로 전환되는 상품\n한국은행 위안화\xa0\n수출화환어음 매입\n한국은행의 한ㆍ중 통화스왑자금을 활용하여 국내 수출기업의 한ㆍ중 무역 시 위안화 수출화환어음 매입을 지원하는 상품\n동행수출매입외환\n본지사간 거래를 제외한 무신용장방식(D/P, D/A, O/A)수출거래를 대상으로 취급하는 매입외환상품\nK-SURE 제휴\n수출신용보증부 매입외환\n일정 자격기준을 충족하는 수출기업이 무역보험공사로부터 사전심사를 받은 수입자에게 무신용장방식으로 물품을 수출하고 보유하게 되는 수출채권을 무역보험공사의 '수출신용보증서 협약보증'을 신용보강수단으로 활용하여 '소구조건'으로 할인/매입하는 수출금융상품\n\xa0⑨ 수입업무 상품\n구 분\n특 징\n수입인수보증\n(T/T Usance)\n국내 수입상과 해외 수출상의 물품 거래계약에 기반한 송금 방식 수입거래에 대해 수입상의 신청으로 해외 인수은행의 저렴한 조달금리를 통해 수출상 앞 대금 결제하는 방식인 지급보증 상품\n7. 신용파생상품상세명세\n☞ 본문 위치로 이동\n2023년 12월 31일 현재 연결기준\n(단위 : 백만원)\n상품종류\n보장매도자\n보장매수자\n취득일\n만기일\n액면금액(원화)\n기초자산(준거자산)\nCDS\n뉴스텔라제삼차\n신한투자증권\n20190325\n20260622\n121,204\n중국 신용\nCDS\n하나증권\n신한투자증권\n20190409\n20260622\n16,000\n중국 신용,프랑스 신용,\nCDS\n하이트래디션제일차\n신한투자증권\n20190507\n20241220\n180,516\n중국 신용\nCDS\n오션디그롬\n신한투자증권\n20190620\n20240620\n33,524\nGS칼텍스신용,프랑스 신용,KT 신용\nCDS\n씨론플러스\n신한투자증권\n20190710\n20240709\n67,049\nSK텔레콤 신용\nCDS\n하이도미네이션제구차\n신한투자증권\n20200203\n20270622\n152,149\n중국 신용\nCDS\n하이수프리머씨제육차 주식회사\n신한투자증권\n20210120\n20250730\n60,000\n대한민국 신용\nCDS\n에이치와이프로젝트제십차\n신한투자증권\n20210903\n20261221\n67,049\nPOSCO신용\nCDS\n하이도미네이션제구차\n신한투자증권\n20220114\n20270621\n97,994\n중국 신용\nCDS\n하이스톰메이커제십일차\n신한투자증권\n20220211\n20270210\n70,000\n한국전력 신용\nCDS\n하이스톰메이커제십일차\n신한투자증권\n20220324\n20270318\n60,000\n한국전력 신용\nCDS\n뉴에스에프제이차\n신한투자증권\n20220902\n20271220\n64,470\nPOSCO HOLDINGS신용\nCDS\n미르원제구차\n신한투자증권\n20230608\n20280620\n50,000\nSK HYNIX 신용\nCDS\n디에이치블랙\n신한투자증권\n20230810\n20270621\n51,576\nSK HYNIX 신용\nCDS\n네오드림투어 주식회사\n신한투자증권\n20220429\n20301112\n77,364\n한국석유공사\nCDS\n코너스톤제이십이차\n신한투자증권\n20210610\n20281220\n174,069\n중국 신용\nCDS\n니드원제십팔차\n신한투자증권\n20230228\n20280620\n60,000\nPOSCO HOLDINGS신용\nCDS\n신한투자증권\nNatixis Paris\n20220804\n20280620\n51,576\nSKEW-CDS,Markit CDX.NA.IG.27\nCDS\n신한투자증권\nGoldman Sachs International\n20230309\n20300621\n90,258\nSKEW-CDS,Markit CDX.NA.IG.27\nCDS\n신한투자증권\nJPMorgan Chase Bank N.A.\n20231005\n20301223\n12,894\nSKEW-CDS,Markit CDX.NA.IG.27\nCDS\n신한투자증권\nGoldman Sachs International\n20231128\n20310623\n90,258\nSKEW-CDS,Markit CDX.NA.IG.41\nCDS\n신한투자증권\nGoldman Sachs International\n20230512\n20301223\n90,258\nSKEW-CDS,Markit CDX.NA.IG.27\nCDS\n신한투자증권\n삼성증권\n20230214\n20260622\n23,209\nSK HYNIX 신용\nCDS\n신한투자증권\nKB증권\n20231219\n20260116\n20,000\n현대커머셜 신용\nCDS\n신한투자증권\n하나증권\n20220211\n20270210\n20,000\n한국전력 신용\nCDS\n신한투자증권\nHSBC Limited\n20190325\n20260623\n121,204\n중국 신용\nCDS\n신한투자증권\n하나증권\n20190409\n20260622\n18,057\n중국 신용,프랑스 신용\nCDS\n신한투자증권\nHSBC Limited\n20190507\n20241223\n180,516\n중국 신용\nCDS\n신한투자증권\n하나증권\n20190620\n20240620\n33,524\nGS칼텍스신용,프랑스 신용,KT신용\nCDS\n신한투자증권\nHSBC Limited\n20190710\n20240709\n67,049\nSK텔레콤 신용\nCDS\n신한투자증권\nHSBC Limited\n20200203\n20270622\n152,149\n중국 신용\nCDS\n신한투자증권\n메리츠증권\n20210120\n20250730\n60,000\n대한민국 신용\nCDS\n신한투자증권\nHSBC Limited\n20210903\n20261221\n67,049\nPOSCO신용\nCDS\n신한투자증권\nING BANK. N.V.\n20220114\n20270622\n97,994\n중국 신용\nCDS\n신한투자증권\n하나증권\n20220211\n20270210\n70,000\n한국전력 신용\nCDS\n신한투자증권\n하나증권\n20220324\n20270318\n60,000\n한국전력 신용\nCDS\n신한투자증권\n하나증권\n20220902\n20271220\n64,470\nPOSCO HOLDINGS신용\nCDS\n신한투자증권\n한국스탠다드차타드은행\n20230508\n20270621\n38,682\nSK HYNIX 신용\nCDS\n신한투자증권\nGoldman Sachs International\n20230512\n20270621\n12,894\nSK HYNIX 신용\nCDS\n신한투자증권\nDeutsche Bank\n20230608\n20280621\n56,734\nSK HYNIX 신용\nCDS\n신한투자증권\n삼성증권\n20220429\n20301112\n77,364\n한국석유공사\nCDS\n신한투자증권\nNatixis Paris\n20230608\n20280621\n25,788\nSK HYNIX 신용\nCDS\n신한투자증권\nING BANK. N.V.\n20210610\n20281220\n174,069\n중국 신용\nCDS\n신한투자증권\n한국투자증권\n20230228\n20280620\n60,000\nPOSCO HOLDINGS신용\nCDS\n신한투자증권\nJPMorgan Chase Bank N.A.\n20231005\n20301223\n12,894\nSKEW-CDS,Markit CDX.NA.IG.27\nTRS\n웰브**************\n신한투자증권\n20170612\n20300612\n358\nSH1811000115\nTRS\n빌리**************\n신한투자증권\n20180730\n20300729\n2,163\nSH2307000005\nTRS\n빌리**************\n신한투자증권\n20180730\n20300729\n2,678\nSH2307000004\nTRS\n웰브**************\n신한투자증권\n20180829\n20300829\n1,204\nSH1906000285\nTRS\n웰브**************\n신한투자증권\n20180803\n20300803\n467\nSH1811000118\nTRS\n웰브**************\n신한투자증권\n20180803\n20300803\n311\nSH1811000119\nTRS\n웰브**************\n신한투자증권\n20180803\n20300803\n1,431\nSH1812000046\nTRS\n웰브**************\n신한투자증권\n20180803\n20300803\n5,274\nSH1812000048\nTRS\n웰브**************\n신한투자증권\n20180803\n20300803\n1,593\nSH1812000050\nTRS\n웰브**************\n신한투자증권\n20180803\n20300803\n445\nSH1811000121\nTRS\n웰브**************\n신한투자증권\n20180803\n20300803\n719\nSH1811000123\nTRS\n웰브**************\n신한투자증권\n20180803\n20300803\n467\nSH1811000124\nTRS\n웰브**************\n신한투자증권\n20180917\n20300917\n934\nSH1811000125\nTRS\n웰브**************\n신한투자증권\n20180917\n20300917\n2,536\nSH1812000052\nTRS\n웰브**************\n신한투자증권\n20180917\n20300917\n94\nSH1812000054\nTRS\n웰브**************\n신한투자증권\n20180917\n20300917\n4,301\nSH1812000056\nTRS\n웰브**************\n신한투자증권\n20190805\n20240805\n1,204\nSH1908000035\nTRS\n웰브**************\n신한투자증권\n20180126\n20301231\n607\nSH2011000018\nTRS\n웰브**************\n신한투자증권\n20170517\n20301231\n1,079\nSH2011000019\nTRS\n웰브**************\n신한투자증권\n20180126\n20301231\n538\nSH2011000029\nTRS\n웰브**************\n신한투자증권\n20180126\n20301231\n758\nSH2011000023\nTRS\n웰브**************\n신한투자증권\n20180126\n20301231\n194\nSH2011000024\nTRS\n웰브**************\n신한투자증권\n20180126\n20301231\n105\nSH2011000025\nTRS\n웰브**************\n신한투자증권\n20180126\n20301231\n47\nSH2011000026\nTRS\n웰브**************\n신한투자증권\n20190130\n20301231\n9,779\nSH2011000027\nTRS\n웰브**************\n신한투자증권\n20190130\n20301231\n5,050\nSH2011000028\nTRS\n웰브**************\n신한투자증권\n20170918\n20301231\n602\nSH2011000035\nTRS\n웰브**************\n신한투자증권\n20171117\n20301231\n354,962\nSH2011000016\nTRS\n웰브**************\n신한투자증권\n20171117\n20301231\n215,788\nSH2011000017\nTRS\n웰브**************\n신한투자증권\n20171117\n20301231\n1,483\nSH2011000036\nTRS\n웰브**************\n신한투자증권\n20161220\n20301220\n4,357\nSH1811000126\nTRS\n신한투자증권\nNH투자증권\n20190612\n20261216\n1,000\n교보악사체코프라하전문투자형사모2호\nTRS\n하나은행\n신한투자증권\n20190327\n20240429\n14083.069\nCBIM HEP 1904,EUR\nTRS\n한국투자증권\n신한투자증권\n20190327\n20240429\n11,584\nCBIM HEP 1904,EUR\nTRS\n우리은행\n신한투자증권\n20190430\n20240530\n12,349\nCBIM HEP 1905,EUR\nTRS\n하나은행\n신한투자증권\n20190430\n20240530\n11,600\nCBIM HEP 1905,EUR\nTRS\n한국증권금융\n신한투자증권\n20190430\n20260918\n8,735\nKIWOOM JPCN 1904\nTRS\nNH농협은행\n신한투자증권\n20190430\n20260918\n9,317\nKIWOOM JPCN 1904\nTRS\n국민은행\n신한투자증권\n20190520\n20261214\n12,463\nKYOBOAXA PRA02 1905\nTRS\n삼성증권\n신한투자증권\n20190531\n20260918\n7,826\nKIWOOM JPCN 1905\nTRS\n삼성증권\n신한투자증권\n20190531\n20240129\n11,320\nMULTIASSET BELG 1905\nTRS\nNH투자증권\n신한투자증권\n20190603\n20240605\n1,000\n제이알전문투자형사모부동산투자신탁제13호\nTRS\n중소기업은행\n신한투자증권\n20190611\n20240628\n14,796\nCBIM HDP 1906,EUR\nTRS\n우리은행\n신한투자증권\n20190611\n20240628\n14,316\nCBIM HDP 1906,EUR\nTRS\n국민은행\n신한투자증권\n20190709\n20240726\n14,950\nCBIM HDP 1907,EUR\nTRS\n한국투자증권\n신한투자증권\n20190709\n20240726\n8,821\nCBIM GAO 1907,EUR\nTRS\nNH투자증권\n신한투자증권\n20190722\n20240131\n17,868\nMilestone Paris 1907\nTRS\n국민은행\n신한투자증권\n20190725\n20240126\n10,500\nCBIM GDO 1908,EUR\nTRS\n하나은행\n신한투자증권\n20190726\n20240520\n9,233\nMarriott Drew 1907\nTRS\nNH투자증권\n신한투자증권\n20190805\n20240926\n2,540\nPGI CRS 1908,PGI CRS 1912\nTRS\n삼성증권\n신한투자증권\n20190806\n20250619\n16,926\nOPL ALT 1908,USD\nTRS\n우리은행\n신한투자증권\n20190830\n20240126\n2,784\nCBIM GDO 1909,USD\nTRS\n하나은행\n신한투자증권\n20190830\n20250110\n7,128\nMastern Hilton PS 1908,Mastern Hilton CS 1908\nTRS\n삼성증권\n신한투자증권\n20190903\n20250619\n14,246\nOPL ALT 1909,USD\nTRS\n국민은행\n신한투자증권\n20190830\n20250110\n3,760\nMastern Hilton PS 1908,Mastern Hilton CS 1908\nTRS\n삼성증권\n신한투자증권\n20190924\n20250619\n17,468\nOPL ALT 1909 (Series 19),USD\nTRS\n국민은행\n신한투자증권\n20190925\n20241030\n14,300\nCBIM HDP 2301,EUR\nTRS\n하나은행\n신한투자증권\n20190830\n20250110\n2,079\nMastern Hilton PS 1908,Mastern Hilton CS 1908\nTRS\n삼성증권\n신한투자증권\n20191008\n20250619\n5,430\nOPL ALT 1910 (Series 20),USD\nTRS\nKB증권\n신한투자증권\n20191022\n20250619\n16,632\nOPL ALT 1910 (Series 21),USD\nTRS\nNH투자증권\n신한투자증권\n20200413\n20240605\n3\n엠에이디더블유슬로언대출채권\nTRS\n신한투자증권\nDBS은행\n20220720\n20240722\n10,000\nKEPCO\nCLN\n신한라이프\nHSBC\n20170801\n20270621\n2,579\nPeople’s Republic of China, Senior Unsecured\nCLN\n신한라이프\nHSBC\n20180209\n20271220\n5,158\nPeople’s Republic of China, Senior Unsecured\nCLN\n신한라이프\nHSBC\n20180314\n20271220\n9,026\nPeople’s Republic of China, Senior Unsecured\nCLN\n신한라이프\nBNP Paribas\n20180515\n20280323\n25,788\nPeople’s Republic of China, Senior Unsecured\nCLN\n신한라이프\nNomura international\n20180604\n20280320\n9,026\nPeople’s Republic of China, Senior Unsecured\nCLN\n신한라이프\nNomura international\n20180626\n20280620\n12,894\nPeople’s Republic of China, Senior Unsecured\nCLN\n신한라이프\nJP Morgan\n20180703\n20280620\n12,894\nPeople’s Republic of China, Senior Unsecured\nCLN\n신한라이프\nHSBC\n20180816\n20280620\n12,894\nPeople’s Republic of China, Senior Unsecured\nCLN\n신한라이프\nJP Morgan\n20180913\n20280620\n5,158\nPeople’s Republic of China, Senior Unsecured\nCLN\n신한라이프\nJP Morgan\n20181012\n20280920\n12,894\nPeople’s Republic of China, Senior Unsecured\n(*) CLN(신용연계채권)은 신용파생(CDS)이 내재된 증권으로 보장매수자에는 발행자를 기재하였습니다\n\xa0\n""]"
