text
"['\n5. 재무제표 주석\n제19(당)기 2019년 12월 31일 현재\n제18(전)기 2018년 12월 31일 현재\n주식회사 신한금융지주회사\n1. 일반사항\n주식회사 신한금융지주회사(이하 ""당사"")는 금융업을 영위하는 회사 등에 대한 지배ㆍ경영관리, 종속기업에 대한 자금지원 등을 주요 사업목적으로 2001년 9월 1일에 설립되었습니다. 또한, 동년 9월 10일에 당사의 주식을 증권거래소에 상장하였고, 당사는 2003년 9월 16일 미국 증권거래위원회(Securities and Exchange Commission)에 등록되었으며, 동 일자로 당사의 미국주식예탁증서(ADS:American Depositary Shares)를 뉴욕증권거래소(New York Stock Exchange)에 상장하였습니다. 2. 재무제표 작성기준(1) 회계기준의 적용당사는 주식회사 등의 외부감사에 관한 법률 제5조 1항 1호에서 규정하고 있는 국제회계기준위원회의 국제회계기준을 채택하여 정한 회계처리기준인 한국채택국제회계기준에 따라 재무제표를 작성하였습니다. 당사의 재무제표는 한국채택국제회계기준 제1027호 \'별도재무제표\'에 따른 별도재무제표로서 지배기업, 관계기업의 투자자 또는 공동지배기업의 참여자가 투자자산을피투자자의 보고된 성과와 순자산에 근거하지 않고 직접적인 지분 투자에 근거한 회계처리로 표시한 재무제표입니다. \n(2) 측정기준재무제표는 아래에서 열거하고 있는 재무상태표의 주요항목을 제외하고는 역사적원가를 기준으로 작성되었습니다. - 공정가치로 측정되는\xa0당기손익-공정가치 측정 금융상품- 공정가치로 측정되는 현금결제형 주식기준보상을 위한 부채- 확정급여채무의 현재가치에서 사외적립자산의 공정가치를 차감한 확정급여부채\n(3) 기능통화와 표시통화당사의 재무제표는 영업활동이 이루어지는 주된 경제환경의 통화인 기능통화로 작성되고 있습니다. 당사의 재무제표는 기능통화 및 표시통화인 원화로 작성하여 보고하고 있습니다. \xa0(4) 추정과 판단한국채택국제회계기준에서는\xa0재무제표를 작성함에 있어서 회계정책의 적용이나, 보고기간말 현재 자산, 부채 및 수익, 비용의 보고금액에 영향을 미치는 사항에 대하여 경영진의 최선의 판단을 기준으로 한 추정치와 가정의 사용을 요구하고 있습니다. 보고기간말 현재 경영진의 최선의 판단을 기준으로 한 추정치와 가정이 실제 환경과 다를 경우 이러한 추정치와 실제결과는 다를 수 있습니다.추정치와 추정에 대한 기본 가정은 지속적으로 검토되고 있으며, 회계추정의 변경은 추정이 변경된 기간과 미래 영향을 받을 기간 동안 인식되고 있습니다. 재무제표에서 사용된 당사의 회계정책의 적용과 추정금액에 대한 경영진의 판단은 주석 3에서 설명하고 있는 기업회계기준서 제1116호 \'리스\' 적용 관련 중요한 판단과 추정 불확실성의 주요 원천을 제외하고는, 2018년 12월 31일로 종료되는 회계연도의 연차재무제표와 동일한 회계정책과 추정의 근거를 사용하였습니다.\n(5) 회계정책의 변경\n당사는\xa02019년 1월 1일부터 최초로 적용되는 다음의 개정사항을 제외하고는, 2018년 12월 31일로 종료되는 회계연도의 연차재무제표를 작성할 때에 적용한\xa0것과 동일한 회계정책을 적용하고 있습니다.당사는 기업회계기준서 제1116호의 최초 적용에 대하여 기업회계기준서 제1017호와 관련 해석서를 적용하였으며 이에 따라 비교 표시되는 재무정보는 재작성되지 않았습니다.\n1) 기업회계기준서 제1116호 \'리스\'당사는 부동산 및 차량 등 다양한 유형자산을 리스계약으로 임차하고 있으며, 리스계약의 조건은 개별적으로 협상되며 다양한 계약조건들을 포함합니다. 리스계약이 부과하는 다른 제약은 없지만, 리스자산은 차입금의 담보로 제공될 수 없습니다. 당사는 리스개시일에 사용권자산과 리스부채를 인식합니다. 각 리스료의 지급은 부채의 상환과 금융원가로 배분됩니다. 각 기간의 리스부채 잔액에 대하여 일정한 기간이자율이 산출되도록 계산된 금액을 금융원가로 당기손익에 인식합니다. 사용권자산은 리스개시일부터 사용권자산의 리스기간동안 정액법으로 감가상각합니다.\n리스부채는 리스개시일에 그날 현재 지급되지 않은 리스료의 현재가치로 측정하며, 리스부채의 측정치에 포함되는 리스료는 다음 금액으로 구성됩니다. - 고정리스료(실질적인 고정리스료 포함하고, 받을 리스 인센티브는 차감)- 지수나 요율(이율)에 따라 달라지는 변동리스료- 잔존가치보증에 따라 리스이용자가 지급할 것으로 예상되는 금액- 리스이용자가 매수선택권을 행사할 것이 상당히 확실한 경우에 그 매수선택권의\xa0 \xa0 \xa0 행사가격- 리스이용자가 연장선택권을 행사할 것이 상당히 확실한 경우 연장기간의 리스료- 리스기간이 리스이용자의 종료선택권 행사를 반영하는 경우에 그 리스를 종료하기\xa0\xa0 위하여 부담하는 금액\n리스의 내재이자율을 쉽게 산정할 수 있는 경우에는 그 이자율로 리스료를 할인하며,그 이자율을 쉽게 산정할 수 없는 경우에는 리스이용자의 증분차입이자율을 사용합니다.사용권자산은 다음 항목들의 원가로 측정됩니다. - 리스부채의 최초 측정금액- 리스개시일이나 그 전에 지급한 리스료(받은 리스 인센티브는 차감)- 리스이용자가 부담하는 리스개설직접원가- 리스 조건에서 요구하는 대로 기초자산을 해체하고 제거하거나, 기초자산이 위치\xa0 \xa0\xa0 한 부지를 복구하거나, 기초자산 자체를 복구할 때 리스이용자가 부담하는 원가의\xa0 \xa0 추정치단기리스나 소액 기초자산 리스와 관련된 리스료는 정액법에 따라 당기비용으로 인식합니다. 당사가 리스이용자 회계처리 시 추가적으로 고려하는 사항은 다음과 같습니다.연장선택권 및 종료선택권은 당사 전체적으로 다수의 부동산 리스계약에 포함됩니다. 리스기간을 산정할 때 경영진은 연장선택권을 행사하거나 종료선택권을 행사하지 않을 경제적 유인이 생기게 하는 관련되는 사실 및 상황을 모두 고려합니다. 연장선택권의 대상기간(또는 종료선택권의 대상 기간)은 리스이용자가 연장선택권을 행사할 것 (또는 행사하지 않을 것)이 상당히 확실한 경우에만 리스 기간에 포함됩니다. 리스이용자가 통제할 수 있는 범위에 있고 전에 리스기간을 산정할 때 영향을 미친 유의적인 사건이 일어나거나 상황에 유의적인 변화가 있을 때 당사는 연장선택권을 행사할 것(또는 행사하지 않을 것)이 상당히 확실한지를 다시 평가합니다.한편, IFRS 해석위원회는 2019년 12월 16일에 \'리스기간과 임차자산개량권의 내용연수\'에 대해 집행가능한 기간을 결정 시 리스 종료에 따른 모든 경제적인 불이익을 고려한다는 내용을 발표하였습니다. 당사는 해당 결정으로 인한 집행가능한 기간에 대한 회계정책 변경이 재무제표에 미치는 영향을 분석중에 있으며 완료된 이후 재무제표에 그 효과를 반영할 예정입니다.(6) 별도재무제표의 발행승인일당사의 별도재무제표는\xa02020년 2월 5일자\xa0이사회에서 승인되었으며,\xa02020년 3월 26일자\xa0주주총회에서 최종 승인될 예정입니다.\n3. 유의적인 회계정책당사가 한국채택국제회계기준에 따른 재무제표 작성에 적용한 유의적인 회계정책은 아래 기술되어 있으며, 주석 2에서 설명하고 있는 회계정책의 변경을 제외하고, 당기및 비교 표시된 전기의 재무제표는 동일한 회계정책을 적용하여 작성되었습니다.\n(1) 별도재무제표에서의 종속기업 투자당사의 재무제표는 기업회계기준서 제1027호에 따른 별도재무제표입니다. 당사는 종속기업에 대한 투자자산에 대하여 기업회계기준서 제1027호에 따른 원가법을 선택하여 회계처리하였습니다. 다만, 전환일의 한국채택국제회계기준 별도재무상태표에서는 기업회계기준서 제1101호 \'한국채택국제회계기준의 최초채택\'을 적용하여 과거회계기준에 따른 장부금액을 간주원가로 사용하여 측정하였습니다. 한편, 종속기업으로부터 수취하는 배당금은 배당을 받을 권리가 확정되는 시점에 당기손익으로인식하고 있습니다.\n(2) 현금 및 현금성자산당사는 보유현금과 요구불예금, 유동성이 매우 높고 확정된 금액의 현금으로 전환이 용이하고 가치변동의 위험이 경미한 취득일로부터 만기일이 3개월 이내인 투자자산을 현금 및 현금성자산으로 분류하고 있습니다. 지분상품은 현금성자산에서 제외하고 있습니다. (3) 비파생금융자산당사는 계약의 당사자가 되는 때에 금융자산을 재무상태표에 인식하고 있습니다. 또한, 정형화된 매입이나 매도거래(즉, 관련 시장의 규정이나 관행에 의하여 일반적으로 설정된 기간 내에 당해 금융상품을 인도하는 계약조건에 따라 금융자산을 매입하거나 매도하는 경우)의 경우에는 매매일에 인식하고 있습니다.최초 인식시점에 금융자산을 공정가치로 측정하며, 당기손익-공정가치 측정 금융자산이 아닌 경우에 해당 금융자산의 취득과 관련되는 거래원가는 최초 인식시점의 공정가치에 가산합니다. 당기손익-공정가치 측정 금융자산의 거래원가는 당기손익으로 처리합니다.\n1) 당기손익-공정가치 측정 지정 금융자산서로 다른 기준에 따라 자산이나 부채를 측정하거나 그에 따른 손익을 인식하는 경우에 측정이나 인식의 불일치가 발생하는 경우 이와 같은 불일치를 제거하거나 유의적으로 줄이는 경우에는 아래 금융자산의 분류 규정에 불구하고 최초 인식시점에 해당 금융자산을 당기손익-공정가치 측정 항목으로 지정할 수 있습니다. 다만 한번 지정하면 이를 취소할 수 없습니다.\n2) 지분상품단기매매항목이 아닌 지분상품에 대한 투자는 최초 인식시점에 후속적인 공정가치 변동을 기타포괄손익으로 표시하는 취소 불가능한 선택을 할 수 있습니다. 기타포괄손익-공정가치 측정 분류로 선택되지 아니한 지분상품은 당기손익-공정가치 측정 금융자산으로 분류합니다. 당사는 모든 지분상품에 대한 투자를 후속적으로 공정가치로 측정합니다. 기타포괄손익-공정가치 측정 금융자산으로 분류된 지분상품에 대해 기타포괄손익으로 인식한 금액은 해당 지분상품을 제거할 때에도 당기손익으로 재분류하지 않습니다. 이러한 지분상품에 대한 배당수익은 당사가 배당을 받을 권리가 확정된 때 \'배당수익\'으로 당기손익으로 인식합니다.당기손익-공정가치로 측정하는 금융자산의 공정가치 변동은 포괄손익계산서에 \'당기손익-공정가치 측정 금융상품 관련 손익\'으로 표시합니다. 기타포괄손익-공정가치로 측정하는 지분상품에 대한 손상차손(환입)은 별도로 구분하여 인식하지 않습니다.\n3) 채무상품채무상품은 금융자산의 관리를 위한 사업모형과 금융자산의 계약상 현금흐름 특성에근거하여 금융자산이 후속적으로 상각후원가 측정 금융상품, 기타포괄손익-공정가치 측정 금융상품, 당기손익-공정가치 측정 금융상품으로 분류하며, 사업모형을 변경하는 경우에만 재분류합니다.\n① 상각후원가 측정 금융자산계약상 현금흐름을 수취하기 위해 보유하는 것이 목적인 사업모형 하에서 금융자산을 보유하고, 계약상 현금흐름이 원리금만으로 구성되어 있는 자산은 상각후원가로측정합니다. 상각후원가로 측정하는 금융자산으로서 위험회피관계의 적용 대상이 아닌 금융자산의 손익은 해당 금융자산을 제거하거나 손상할 때 당기손익으로 인식합니다. 유효이자율법에 따라 인식하는 금융자산의 이자수익은 \'이자수익\'에 포함됩니다.\n② 기타포괄손익-공정가치 측정 금융자산계약상 현금흐름의 수취와 금융자산의 매도 둘 다를 통해 목적을 이루는 사업모형 하에서 금융자산을 보유하고, 계약상 현금흐름이 원리금만으로 구성되어 있는 금융자산은 기타포괄손익-공정가치로 측정합니다. 손상차손(환입)과 이자수익 및 외환손익을 제외하고는, 기타포괄손익-공정가치로 측정하는 금융자산의 손익은 기타포괄손익으로 인식합니다. 금융자산을 제거할 때에는 인식한 기타포괄손익누계액을 자본에서 당기손익으로 재분류합니다. 유효이자율법에 따라 인식하는 금융자산의 이자수익은 \'이자수익\'에 포함됩니다. 외환손익은 \'외환거래손익\'으로 표시하고 손상차손은 \'신용손실충당금전입\'으로 표시합니다.③ 당기손익-공정가치 측정 금융자산상각후원가 측정이나 기타포괄손익-공정가치 측정 금융자산이 아닌 채무상품은 당기손익-공정가치로 측정됩니다. 위험회피관계가 적용되지 않는 당기손익-공정가치 측정 채무상품의 손익은 당기손익으로 인식하고 발생한 기간에 포괄손익계산서에 \'당기손익-공정가치 측정 금융상품 관련 손익\'으로 표시합니다.4) 내재파생상품내재파생상품을 포함하는 금융자산은 복합계약 전체를 고려하여 분류를 결정하고 내재파생상품을 분리하여 인식하지 않습니다. 계약상 현금흐름이 원금과 이자로만 구성되어 있는지를 판단할 때에도 해당 복합계약 전체를 고려합니다.\n5) 금융자산의 제거금융자산의 현금흐름에 대한 계약상 권리가 소멸하거나, 금융자산의 현금흐름에 대한 권리를 양도하고 금융자산의 소유에 따른 위험과 보상의 대부분을 이전할 때 금융자산을 제거하고 있습니다. 만약, 금융자산의 소유에 따른 위험과 보상의 대부분을 보유하지도 않고 이전하지도 아니한 경우, 당사가 금융자산을 통제하고 있지도 않다면 금융자산을 제거하고, 금융자산을 계속 통제하고 있다면 그 양도자산에 대하여 지속적으로 관여하는 정도까지 계속하여 인식하고, 관련 부채를 함께 인식하고 있습니다.\n만약, 금융자산의 현금흐름에 대한 권리를 양도하였으나 금융자산의 소유에 따른 위험과 보상의 대부분을 당사가 보유하고 있는 경우에는 당해 금융자산을 계속 인식하고, 수취한 매각금액은 부채로 인식하고 있습니다.6) 금융자산과 부채의 상계금융자산과 부채는 당사가 자산과 부채를 상계할 수 있는 법적인 권리가 있고 순액으로 결제하거나, 자산을 실현하는 동시에 부채를 결제할 의도가 있는 경우에만 상계하여 재무상태표에 순액으로 표시하고 있습니다.\n(4)\xa0파생금융상품파생상품은 최초 인식시 계약일의 공정가치로 측정하며, 후속적으로 매 보고기간말의 공정가치로 측정하고 있습니다. 파생상품의 공정가치 변동으로 인한 평가손익은 각각 아래와 같이 인식하고 있습니다.\n1) 위험회피회계① 공정가치위험회피위험회피수단으로 지정되고, 공정가치위험회피회계의 적용요건을 충족한 파생상품의 공정가치 변동은 당기손익으로 인식하고 있으며, 회피대상위험으로 인한 위험회피대상항목의 공정가치변동도 당기손익으로 인식하고 있습니다. 위험회피수단의 공정가치변동과 회피대상위험으로 인한 위험회피대상항목의 공정가치변동은 위험회피대상항목과 관련된 포괄손익계산서의 같은 항목에 인식됩니다. 공정가치위험회피회계는 당사가 더 이상 위험회피관계를 지정하지 않거나 위험회피수단이 소멸,매각, 청산 또는 행사되거나 공정가치 위험회피회계의 적용요건을 더 이상 충족하지 않을 경우 중단됩니다. 회피대상위험으로 인한 위험회피대상항목의 장부금액 조정액은 위험회피회계가 중단된 날부터 상각하여 당기손익으로 인식하고 있습니다.② 현금흐름위험회피위험회피수단으로 지정되고 현금흐름위험회피회계의 적용요건을 충족한 파생상품의 공정가치 변동 중 위험회피에 효과적인 부분은 기타포괄손익으로 처리하며, 위험회피에 비효과적인 부분은 당기손익으로 인식하고 있습니다. 현금흐름위험회피회계는 당사의 위험관리전략이나 목적이 변경되거나 위험회피수단이 소멸, 매각, 청산, 행사되거나, 현금흐름위험회피회계의 적용요건을 더 이상 충족하지 않을 경우 중단됩니다. 중단시점에 자본으로 인식한 파생상품의 누적평가손익은 향후 예상거래가 발생하는 회계기간에 걸쳐 당기손익으로 인식하고 있습니다. 다만, 예상거래가 더 이상 발생하지 않을 것이라 예상되는 경우에는 자본으로 인식한 파생상품의 누적 평가손익은 즉시 당기손익으로 인식합니다.\n③ 순투자의 위험회피\n위험회피수단으로 지정되고 해외사업장순투자의 위험회피회계의 적용요건을 충족한 금융상품의 공정가치 변동 중 위험회피에 효과적인 부분은 기타포괄손익으로 인식하며, 위험회피에 비효과적인 부분은 당기손익으로 인식하고 있습니다. 위험회피에 효과적이어서 기타포괄손익으로 인식한 부분은 향후 그 해외사업장을 처분하거나그 해외사업장의 일부를 처분하는 시점에 기업회계기준서 제1021호 \'환율변동효과\'에 따라 재분류조정으로 기타포괄손익에서 당기손익으로 재분류합니다.\n2) 기타파생상품위험회피수단으로 지정되어 위험회피에 효과적인 파생상품을 제외한 모든 파생상품은 공정가치로 측정하며, 공정가치 변동으로 인한 평가손익은 당기손익으로 인식하고 있습니다.\n(5) 금융자산의 기대신용손실당기손익-공정가치 측정 금융자산을 제외한 상각후원가 측정 금융자산 및 기타포괄손익-공정가치 측정 금융자산은 매 보고기간말에 기대신용손실을 평가하여 손실충당금으로 인식하고 있습니다.금융자산의 최초 인식 후 신용위험의 증가 정도에 따라 아래 표와 같이 3단계로 구분하여 손실충당금을 측정합니다.\n구\xa0 분\n손실충당금\nStage 1\n최초 인식 후 신용위험이 유의적으로 증가하지 않은 경우\n12개월 기대신용손실: 보고기간 말 이후 12개월 내에 발생 가능한 금융상품의 채무불이행 사건으로 인한 기대신용손실\nStage 2\n최초 인식 후 신용위험이 유의적으로 증가한 경우\n전체기간 기대신용손실: 기대존속기간에 발생할 수 있는 모든 채무불이행 사건으로 인한 기대신용손실\nStage 3\n신용이 손상된 경우\n한편, 최초 인식 시점에 신용이 손상된 금융자산은 최초 인식 후 전체기간 기대신용손실의 누적변동분만을 손실충당금으로 계상합니다.전체기간은 금융상품의 계약만기까지의 기간으로서 기대존속기간을 의미합니다.\n1) 미래전망정보의 반영당사는 신용위험 유의적 증가 여부 판단 및 기대신용손실 측정시 미래전망정보를 반영하고 있습니다.\n기대신용손실의 측정요소가 경기변동과 일정한 상관관계가 있는 것으로 가정하고 거시경제변수와 측정요소 간 모델링을 통해 미래전망정보를 측정요소에 반영하는 방식으로 기대신용손실을 산출하고 있습니다.\n2) 상각후원가 측정 금융자산의 기대신용손실 측정상각후원가 측정 금융자산의 기대신용손실은 당해 자산의 계약상 수취하기로 한 현금흐름과 수취할 것으로 예상하는 현금흐름의 현재가치의 차이로 측정합니다. 이를 위하여 개별적으로 유의적인 금융자산에 대해 예상회수현금흐름을 산출하고 있습니다. 개별적으로 유의적이지 않은 금융자산의 경우 그 금융자산은 유사한 신용위험의 특성을 가진 금융자산의 집합에 포함하여 집합적으로 기대신용손실을 측정합니다. 기대신용손실은 대손충당금 계정을 사용하여 차감하고, 동 금융자산이 회수불가능하다고 판단되는 경우 해당 금융자산과 같이 상각합니다. 기존에 대손상각하였던 대출채권이 후속적으로 회수된 경우 대손충당금을 증가시키며, 대손충당금의 변동은 당기손익으로 인식합니다.3) 기타포괄손익-공정가치 측정 금융자산의 기대신용손실 측정기대신용손실의 산출방법은 상각후원가 측정 금융자산과 동일하나, 대손충당금의 변동은 기타포괄손익으로 인식합니다. 기타포괄손익-공정가치 측정 금융자산은 처분 및 상환의 경우에 대손충당금 금액을 기타포괄손익에서 당기손익으로 재분류하여 당기손익으로 인식합니다.\n(6) 유형자산유형자산은 최초에 원가로 측정하여 인식하고 있습니다. 유형자산의 원가에는 경영진이 의도하는 방식으로 자산을 가동하는데 필요한 장소와 상태에 이르게 하는데 직접 관련되는 원가 및 자산을 해체, 제거하거나 부지를 복구하는데 소요될 것으로 추정되는 원가가 포함됩니다.\n유형자산은 최초 인식 후에 원가에서 감가상각누계액과 손상차손누계액을 차감한 금액을 장부금액으로 하고 있습니다.유형자산의 일부를 대체할 때 발생하는 원가는 해당 자산으로부터 발생하는 미래 경제적 효익이 당사에 유입될 가능성이 높으며 그 원가를 신뢰성 있게 측정할 수 있는 경우에 자산의 장부금액에 포함하거나 적절한 경우 별도의 자산으로 인식하고 있습니다. 이 때 대체된 부분의 장부금액은 제거하고 있습니다. 그 외의 일상적인 수선ㆍ유지와 관련하여 발생하는 원가는 발생시점에 당기손익으로 인식하고 있습니다.\n\xa0\n유형자산은 자산의 취득원가에서 잔존가치를 차감한 금액에 대하여 5년의 경제적 내용연수에 걸쳐 해당 자산에 내재되어 있는 미래 경제적 효익의 예상 소비 형태를 가장 잘 반영한 정액법으로 상각하고 있습니다.\xa0\n당사는 매 회계연도말에 자산의 잔존가치와 내용연수 및 감가상각방법을 재검토하고재검토 결과 이를 변경하는 것이 적절하다고 판단되는 경우 회계추정의 변경으로 처리하고 있습니다.\n(7) 무형자산무형자산은 최초 인식할 때 원가로 측정하며, 최초 인식 후에 원가에서 상각누계액과손상차손누계액을 차감한 금액을 장부금액으로 인식하고 있습니다.\xa0\n\xa0\n무형자산은 사용 가능한 시점부터 잔존가치를 영(""0"")으로 하여 5년의 내용연수 동안 정액법으로 상각하고 있습니다.\xa0다만, 일부 무형자산에 대해서는 이를 이용할 수 있을 것으로 기대되는 기간이\xa0예측가능하지 않아 당해\xa0무형자산의\xa0내용연수가 비한정인 것으로 평가하고 상각하지 아니하고 있습니다.\n내용연수가 유한한 무형자산의 상각기간과 상각방법은 매 회계연도말에 재검토하고내용연수가 비한정인 무형자산에 대해서는 그 자산의 내용연수가 비한정이라는 평가가 계속하여 정당한지를 매 회계기간말에 재검토하며, 이를 변경하는 것이 적절하다고 판단되는 경우 회계추정의 변경으로 처리하고 있습니다.\n(8) 비금융자산의 손상\n종업원급여에서 발생한 자산, 이연법인세자산을 제외한 모든 비금융자산에 대해서는매 보고기간말마다 자산손상을 시사하는 징후가 있는지를 검토하며, 만약 그러한 징후가 있다면 당해 자산의 회수가능액을 추정하고 있습니다.\xa0단, 내용연수가 비한정인무형자산에 대해서는 자산손상을 시사하는 징후와 관계없이 매년 회수가능가액과 장부금액을 비교하여 손상검사를 하고 있습니다.\n회수가능액은 개별 자산별로, 또는 개별 자산의 회수가능액을 추정할 수 없다면 그 자산이 속하는 현금창출단위별로 회수가능액을 추정하고 있습니다. 회수가능액은 사용가치와 순공정가치 중 큰 금액으로 결정하고 있습니다. 사용가치는 자산이나 현금창출단위에서 창출될 것으로 기대되는 미래현금흐름을 화폐의 시간가치 및 미래현금흐름을 추정할 때 조정되지 아니한 자산의 특유위험에 대한 현행 시장의 평가를 반영한 적절한 할인율로 할인하여 추정합니다.\n자산이나 현금창출단위의 회수가능액이 장부금액에 미달하는 경우 자산의 장부금액을 감소시키며 즉시 당기손익으로 인식하고 있습니다.\xa0\n(9) 비파생금융부채당사는 금융부채 계약상 내용의 실질과 금융부채의 정의에 따라 금융부채 계약의 당사자가 되는 때에 재무상태표에 인식하고 있습니다. 당기손익-공정가치 측정 금융부채의 거래원가는 당기손익으로 처리합니다. 1) 당기손익-공정가치 측정 지정 금융부채서로 다른 기준에 따라 자산이나 부채를 측정하거나 그에 따른 손익을 인식하여 생길수 있는 인식이나 측정의 불일치를 제거하거나 유의적으로 줄일 수 있는 경우 및 문서화된 위험관리전략이나 투자전략에 따라 금융상품집합을 공정가치 기준으로 관리하고 그 성과를 평가하는 경우에는 최초 인식시점에 해당 금융부채를 당기손익-공정가치 측정 항목으로 지정할 수 있습니다. 다만 한번 지정하면 이를 취소할 수 없습니다. 당기손익-공정가치 측정 지정 금융부채의 자기신용위험 변동에 따른 공정가치 변동은 기타포괄손익으로 인식하고 있습니다.2) 당기손익-공정가치 측정 금융부채당기손익-공정가치 측정 금융부채는 최초 인식 후 공정가치로 측정하며, 공정가치의변동은 당기손익-공정가치 측정 금융상품 관련손익으로 인식하고 있습니다.\n3) 기타금융부채당기손익-공정가치 측정 금융부채로 분류되지 않은 비파생금융부채는 기타금융부채로 분류하며, 기타금융부채는 예수부채, 차입부채, 사채 등을 포함합니다. 기타금융부채는 최초 인식시 발행과 직접 관련되는 거래원가를 차감한 공정가치로 측정하고 있습니다. 후속적으로 기타금융부채는 유효이자율법을 사용하여 상각후원가로 측정되며, 이자비용은 유효이자율법을 적용하여 인식합니다.금융부채는 계약상 의무가 이행, 취소 또는 만료됨으로 인하여 소멸한 경우에 재무상태표에서 제거합니다.\n(10) 외화거래\n재무제표 작성에 있어서 당사의 기능통화 외의 통화(외화)로 이루어진 거래는 거래일의 환율을 적용하여 기록하고 있습니다. 매 보고기간말에 화폐성 외화항목은 보고기간말의 마감환율로 환산하고 있습니다. 공정가치로 측정하는 비화폐성 외화항목은 공정가치가 결정된 날의 환율로 환산하고, 역사적원가로 측정하는 비화폐성항목은 거래일의 환율로 환산하고 있습니다. 화폐성항목의 결제시점에 생기는 외환차이와 화폐성항목의 환산으로 인해 발생한 외환차이는 모두 당기손익으로 인식하고 있습니다.\n(11) 납입자본1) 지분상품보통주는 자본으로 분류하며 자본거래에 직접 관련되어 발생하는 증분원가는 세금효과를 반영한 순액으로 자본에서 차감하고 있습니다. 우선주는 상환하지 않아도 되거나 당사의 선택에 의해서만 상환되는 경우와 배당의 지급이 당사의 재량에 의해 결정된다면 자본으로 분류하고,\xa0당사의 주주총회에서 배당을 승인하면 배당금을 인식하고 있습니다.\xa0 주주가 특정일이나 그 이후에 확정되거나 확정가능한 금액의 상환을 청구할 수 있거나 의무적으로 상환해야 하는 우선주는 부채로 분류하고 있습니다. 관련 배당은 발생시점에 이자비용으로 보아 당기손익으로 인식하고 있습니다.\n2) 신종자본증권당사가 금융상품의 발행자인 경우 계약조건의 실질에 따라 금융상품을 금융부채 또는 자본으로 분류하고 있습니다. 당사는 금융상품과 관련된 현금 등 금융자산을 인도하기로 하는 등의 계약상 의무를 회피할 수 있는 무조건적인 권리를 가지고 있는 신종자본증권의 경우 지분상품으로 분류하여 자본의 일부로 표시하고 있습니다.\n(12) 종업원급여\n1) 단기종업원급여\n종업원이 관련 근무용역을 제공한 보고기간의 말일부터 12개월 이내에 결제될 단기종업원급여는 근무용역과 교환하여 지급이 예상되는 금액을, 근무용역이 제공된 때에 당기손익으로 인식하고 있습니다. 단기종업원급여는 할인하지 않은 금액으로 측정하고 있습니다.\xa0\n2) 기타장기종업원급여\n종업원이 관련 근무용역을 제공한 보고기간의 말일부터 12개월 이내에 지급되지 않을 기타장기종업원급여는 당기와 과거기간에 제공한 근무용역의 대가로 획득한 미래의 급여액을 현재가치로 할인하고, 관련 채무를 직접 결제하는 데 사용할 수 있는 사외적립자산의 공정가치를 차감하여 부채로 인식하고 있습니다. 부채는 관련 급여의 만기와 유사한 만기를 가지는 우량회사채의 이자율을 사용하여 추정 미래 현금흐름을 할인한 후 결정되고 있습니다. 보험수리적 가정의 변동과 경험적 조정에서 발생하는 손익은 발생한 기간에 전액 당기손익으로 인식하고 있습니다.\xa0\n3) 퇴직급여: 확정급여제도\n보고기간 말 현재 확정급여제도와 관련된 확정급여부채는 확정급여채무의 현재가치에서 사외적립자산의 공정가치를 차감하여 인식하고 있습니다. 확정급여부채는 매년 독립적인 계리사에 의해 예측단위적립방식으로 계산되고 있습니다. 확정급여채무의 현재가치에서 사외적립자산의 공정가치를 차감하여 산출된 순액이 자산일 경우, 제도로부터 환급받거나 제도에 대한 미래기여금이 절감되는 방식으로 이용가능한 경제적 효익의 현재가치를 한도로 자산을 인식하고 있습니다.순확정급여부채의 재측정요소는 보험수리적손익, 순확정급여부채의 순이자에 포함된 금액을 제외한 사외적립자산의 수익 및 순확정급여부채의 순이자에 포함된 금액을 제외한 자산인식 상한효과의 변동으로 구성되어 있으며, 즉시 기타포괄손익으로 인식됩니다. 당사는 순확정급여부채(자산)의 순이자를 순확정급여부채(자산)에 연차보고기간 초에 결정된 할인율을 곱하여 결정되며 보고기간 동안 기여금 납부와 급여지급으로 인한 순확정급여부채(자산)의 변동을 고려하여 결정하고 있습니다. 확정급여제도와 관련된 순이자비용과 기타비용은 당기손익으로 인식됩니다.제도의 개정이나 축소가 발생하는 경우, 과거근무에 대한 효익의 변동이나 축소에 따른 손익은 즉시 당기손익으로 인식하고 있습니다. 당사는 확정급여제도의 정산이 일어나는 때에 정산으로 인한 손익을 인식하고 있습니다.\n(13) 주식기준보상\n당사는 제공받는 재화나 용역의 대가로 종업원에게 주식이나 주식선택권을 부여하는주식결제형 주식보상거래에 대하여, 제공받는 재화나 용역의 공정가치 또는 제공받는 재화나 용역의 공정가치를 신뢰성있게 측정할 수 없다면 부여한 지분상품의 공정가치에 기초하여 재화나 용역의 공정가치를 간접측정하고 그 금액을 가득기간 동안에 종업원급여비용과 자본으로 인식하고 있습니다. 주식선택권의 가득조건이 용역제공조건 또는 시장조건이 아닌 가득조건인 경우에는 궁극적으로 가득되는 주식선택권의 실제수량에 기초하여 결정되도록 인식된 종업원비용을 조정하고 있습니다. 제공받는 재화나 용역의 대가로 현금을 지급하는 현금결제형 주식기준보상거래의 경우에는 제공받는 재화나 용역과 그 대가로 부담하는 부채를 공정가치로 측정하고 가득기간동안 종업원급여비용과 부채로 인식하고 있습니다. 또한 부채가 결제될 때까지 매 보고기간 말과 최종결제일에 부채의 공정가치를 재측정하고, 공정가치의 변동액은 급여로 인식하고 있습니다.\n(14) 충당부채\n충당부채는 과거사건의 결과로 존재하는 현재의무(법적의무 또는 의제의무)로서, 당해 의무를 이행하기 위하여 경제적효익을 갖는 자원이 유출될 가능성이 높으며\xa0 그 의무의 이행에 소요되는 금액을 신뢰성 있게 추정할 수 있는 경우에 인식하고 있습니다. 충당부채로 인식하는 금액은 관련된 사건과 상황에 대한 불가피한 위험과 불확실성을 고려하여 현재의무를 보고기간말에 이행하기 위하여 소요되는 지출에 대한 최선의 추정치입니다.\xa0 화폐의 시간가치 효과가 중요한 경우 충당부채는 의무를 이행하기위하여 예상되는 지출액의 현재가치로 평가하고 있습니다. 매 보고기간말마다 충당부채의 잔액을 검토하고, 보고기간말 현재 최선의 추정치를 반영하여 조정하고 있습니다. 의무이행을 위하여 경제적효익이 내재된 자원이 유출될 가능성이 더 이상 높지 아니한 경우에는 관련 충당부채를 환입하고 있습니다.\n충당부채는 최초 인식과 관련 있는 지출에만 사용하고 있습니다.\n(15) 수익ㆍ비용의 인식당사는 아래의 5단계 수익인식모형을 적용하여 수익을 인식하고 있습니다.① 계약 식별 → ② 수행의무 식별 → ③ 거래가격 산정 → ④ 거래가격을 수행의무에배분 → ⑤ 수행의무 이행시 수익 인식1) 이자수익과 이자비용이자수익과 이자비용은 유효이자율법을 적용하여 포괄손익계산서에 인식합니다. 유효이자율법은 금융자산이나 금융부채의 상각후원가를 계산하고 관련 기간에 걸쳐 이자수익이나 이자비용을 배분하는 방법입니다.\n유효이자율을 계산할 때 당해 금융상품의 모든 계약조건을 고려하여 미래현금흐름을추정하나, 미래 신용위험에 따른 손실은 고려하지 않습니다. 또한, 계약 당사자 사이에서 지급하거나 수취하는 수수료, 거래원가 및 기타의 할증액과 할인액 등을 반영합니다. 금융상품에 대한 현금흐름 또는 기대존속기간을 신뢰성 있게 추정할 수 없는 예외적인 경우에는 전체 계약기간 동안 계약상 현금흐름을 사용하여 유효이자율을 구합니다.\n금융자산이나 유사한 금융자산의 집합이 손상차손으로 감액되면, 그 후의 이자수익은 손상차손을 측정할 목적으로 미래현금흐름을 할인하는 데 사용한 이자율을 사용하여 인식합니다.\n2) 수수료수익당사는 금융용역수수료를 그 수수료의 부과목적과 관련 금융상품의 회계처리 기준에따라 다음과 같이 구분하여 처리합니다.① 금융상품의 유효수익을 구성하는 수수료금융상품의 유효이자율의 일부를 구성하는 수수료의 경우 일반적으로 유효이자율에대한 조정항목으로 처리합니다. 이러한 수수료에는 차입자의 재무상태, 보증, 담보와기타 보장약정과 관련된 평가 및 사무처리, 관련 서류의 준비 및 작성 등의 활동에 대한 보상, 금융부채 발행시 수취된 개설수수료 등이 포함됩니다. 그러나, 금융상품이 당기손익인식금융상품에 해당하는 경우 수수료는 상품의 최초 인식시점에 수익으로 인식합니다.\n② 용역을 제공함으로써 가득되는 수수료자산관리수수료, 업무수탁수수료, 보증용역수수료 등 일정기간 동안 용역의 제공대가로 부과되는 수수료는 그 용역을 제공하는 때에 수익으로 인식합니다.③ 유의적인 행위를 수행함으로써 가득되는 수수료주식 또는 기타증권 매매, 사업양수도의 주선과 같이 제3자를 위한 거래의 협상 또는협상참여의 대가로 수취하는 수수료 및 판매수수료 등 유의적인 행위를 수행함으로써 가득되는 수수료는 유의적인 행위를 완료한 시점에 수익으로 인식합니다.\n3) 배당수익배당수익은 주주로서 배당을 받을 권리가 확정되는 시점에 수익을 인식하고 있습니다.\n(16) 법인세\n법인세비용은 당기법인세와 이연법인세로 구성되어 있으며, 기타포괄손익이나 자본에 직접 인식되는 거래나 사건 또는 사업결합에서 발생하는 세액을 제외하고는 당기손익으로 인식하고 있습니다.\xa0\n\xa0\n당사는 연결모법인인 당사와 당사의 완전지배를 받는 내국법인(이하 ""연결자법인"")을연결집단으로 하여 하나의 과세표준과 세액을 계산하는 단위로 하는 연결납세방식을적용하고 있습니다. 당사는 개별회사 및 연결집단의 미래 과세소득을 각각 감안하여 일시적차이의 실현가능성을 평가하고, 이연법인세자산(부채)의 변동액은 자본계정에직접 가감되는 항목과 관련된 금액을 제외하고 법인세비용(수익)으로 인식하였습니다. 또한 당사가 연결모법인으로서 연결법인세의 신고 납부의 주체가 됨에 따라 연결납세기준 미지급법인세 총액을 당사의 부채로 인식하고, 각 연결자법인으로부터 수취할 연결법인세 부담세액 개별귀속액을 미수금으로 계상하였습니다.\n이연법인세자산의 장부금액은 매 보고기간말에 검토하고, 이연법인세자산으로 인한혜택이 사용되기에 충분한 과세소득이 발생할 가능성이 더 이상 높지 않은 경우 이연법인세자산의 장부금액을 감소시키고 있습니다.\n이연법인세자산과 부채는 보고기간말 제정 되었거나 실질적으로 제정된 세법에 근거하여 당해 자산이 실현되거나 부채가 지급될 회계기간에 적용될 것으로 기대되는 세율을 사용하여 측정하고 있습니다. 이연법인세자산과 이연법인세부채를 측정할 때에는 보고기간말 현재 당사가 관련 자산과 부채의 장부금액을 회수하거나 결제할 것으로 예상되는 방식에 따라 법인세효과를 반영하였습니다.\n이연법인세자산과 부채는 동일 과세당국이 부과하는 법인세이고, 당사가 인식된 금액을 상계할 수 있는 법적 권한을 가지고 있으며 당기 법인세부채와 자산을 순액으로결제할 의도가 있는 경우에만 상계하고 있습니다.\xa0\n\xa0세무상 불확실성은 당사가 취한 세무정책이 거래의 복잡성이나 세법해석상의 차이 등으로 인해 당사가 제기한 경정청구 및 세무당국의 추징세액에 대한 환급소송, 세무조사 등으로부터 발생합니다. 이에 대하여 당사는 기업회계기준해석서 제2123호에 따라 세무당국의 추징 등에 의하여 납부하였으나 향후 환급가능성이 높은 경우에는 법인세자산으로 인식하고, 세무조사 등의 결과로 납부할 것으로 예상되는 금액은 법인세부채로 인식합니다. \n(17) 주당이익\n당사는 보통주 기본주당이익과 희석주당이익을 당기순손익에 대하여 계산하고 포괄손익계산서에 표시하고 있습니다. 기본주당이익은 보통주에 귀속되는 당기순손익을 회계기간 동안에 유통된 보통주식수를 가중평균한 주식수로 나누어 계산하고 있습니다. 희석주당이익은 전환상환우선주와 종업원에게 부여한 주식기준보상 등 모든 희석효과가 있는 잠재적 보통주의 영향을 고려하여 보통주에 귀속되는 당기순손익 및 가중평균유통보통주식수를 조정하여 계산하고 있습니다.\n(18) 미적용 제ㆍ개정 기준서제정ㆍ공표되었으나 2019년 1월 1일 이후 시작하는 회계연도에 시행일이 도래하지 아니한 제ㆍ개정 기준서는 다음과 같습니다. 당사는 재무제표 작성 시 다음의 제ㆍ개정 기준서를 조기적용하지 아니하였습니다.1) 기업회계기준서 제1001호 \'재무제표 표시\', 제1008호 \'회계정책, 회계추정의 변경및 오류\' 개정 \'중요성의 정의\'를 명확히 하고, 중요성 판단 시 중요한 정보의 누락이나 왜곡표시뿐만 아니라 중요하지 않은 정보로 인한 영향과 당사가 공시할 정보를 결정할 때 정보이용자의 특성을 고려하도록 하였습니다. 동 개정사항은 2020년 1월 1일 이후 시작하는 회계연도부터 적용되며, 당사는 동 개정으로 인해 재무제표에 중요한 영향은 없을 것으로 예상하고 있습니다.2) 기업회계기준서 제1103호 \'사업결합\' 개정 개정된 사업의 정의에서는, 취득한 활동과 자산의 집합을 사업으로 판단하기 위해서는 산출물의 창출에 함께 유의적으로 기여할 수 있는 능력을 가진 투입물과 실질적인과정을 반드시 포함하도록 하였고 원가 감소에 따른 경제적 효익은 제외하였습니다. 이와 함께 취득한 총자산의 대부분의 공정가치가 식별가능한 단일 자산 또는 자산집합에 집중되어 있는 경우, 취득한 활동과 자산의 집합은 사업이 아닌, 자산 또는 자산의 집합으로 결정할 수 있는 선택적 집중테스트가 추가되었습니다. 동 개정사항은 2020년 1월 1일 이후 시작하는 회계연도부터 적용되며, 당사는 동 개정으로 인해 재무제표에 중요한 영향은 없을 것으로 예상하고 있습니다.\n4. 금융상품 위험관리\n(1) 리스크관리 개요신한금융그룹(이하 ""그룹"")은 각 사업분야별로 발생할 수 있는 다양한 위험을 관리하며, 주요 대상은 신용위험, 시장위험, 금리위험, 유동성위험 등 입니다. 이러한 위험은 지배기업 및 각 종속기업에서 정한 위험관리 기본방침에 따라 인식, 측정, 통제 및보고됩니다.\n1) 그룹 위험 관리 조직\n그룹의 위험관리에 대한 기본정책 및 전략은 지배기업 이사회 내의 위험관리위원회(이하 ""그룹위험관리위원회"")에서 수립됩니다. 그룹의 최고위험관리책임자(CRO)는 그룹리스크관리위원회를 보좌하고 각 종속기업의 최고위험관리책임자를 구성원으로 하는 그룹리스크협의회를 통하여 그룹 및 각 종속기업의 위험 정책 및 전략을 협의합니다. 종속기업은 각 사별 리스크관리위원회 및 위험 관련 실무위원회, 위험관리전담조직을 통하여 그룹의 위험정책 및 전략을 이행하고, 이와 일관되게 종속기업 세부 위험정책 및 전략을 수립하고 시행합니다. 지배기업의 리스크관리팀은 그룹 최고위험관리책임자를 보좌하여 위험관리 및 감독업무를 수행합니다.\n신한금융그룹은 그룹의 위험을 적정 수준으로 관리하기 위하여 계층적인 한도체계를가지고 있습니다. 그룹리스크관리위원회는 그룹 및 종속기업별로 부담 가능한 위험 한도를 설정하고, 각 종속기업의 리스크관리위원회 및 경영진차원의 리스크회의체에서는 위험 유형별, 부서별, 데스크별 및 상품별 등 세부 위험 한도를 설정하여 관리합니다.\n2) 그룹 위험관리 체제\n① 위험자본(Risk Capital) 관리\n위험자본은 잠재적인 손실(리스크)이 실제로 실현되었을 경우 이를 보전하는데 필요한 자본을 의미하며, 위험자본관리는 가용자본 대비 리스크 부담 수준에 대한 의사결정인 위험성향(Risk Appetite)을 고려하여 위험자본이 적정 수준으로 유지될 수 있도록 위험자산을 관리하는 것을 의미합니다. 당사 및 종속기업은 위험자본 관리를 위하여 재무ㆍ사업계획 수립시에 사전적으로 위험계획이 반영되도록 위험계획 프로세스를 수립 및 운용하고 있으며, 적정 수준으로 위험을 통제하기 위한 리스크한도관리체계를 수립 및 운용하고 있습니다.\xa0\n② 리스크 모니터링\n그룹의 경영환경에 영향을 줄 수 있는 위험 요소들을 주기적으로 파악하여 선제적인 위험관리를 도모하기 위하여 다차원 리스크 모니터링 체제를 구축하고 있습니다. 각 종속기업은 그룹차원의 위험관리에 영향을 미치는 주요사항에 대하여 의무적으로 당사에 보고하여야 하며, 당사는 주별ㆍ월별ㆍ수시 모니터링보고서를 작성하여 CRO를 포함한 그룹 경영진에게 보고하고 있습니다.\n또한 리스크종합상황판(Risk Dash Board)을 운영하여 종속기업별로 운용자산에 대한 주요 포트폴리오의 외형증가, 리스크 증가, 대외 환경변화 (뉴스) 등의 3차원 모니터링을 통해 이상징후 영역을 도출하여 원인분석 및 필요시 대응방안을 수립ㆍ이행하는 선제적 위험관리를 수행하고 있습니다.\n③ 리스크 리뷰\n신상품ㆍ신사업 추진 및 주요정책 변경시에는 사전에 정의된 체크리스트에 의해 위험 요인을 검토하여, 위험 판단이 용이하지 않은 비즈니스의 무분별한 추진을 차단하고 합리적 의사결정을 지원하고 있습니다. 종속기업 리스크관리 담당부서는 사업부문에서 추진하고자 하는 상품ㆍ서비스ㆍ사업 등에 대하여 사전 리뷰하고 사후 모니터링하는 프로세스를 갖추고 있으며, 타 종속기업과 연계 또는 공동으로 추진하는 사항인 경우 당사 리스크관리팀과 사전 협의를 거친 후 리스크 리뷰를 수행하고 있습니다.\n④ 위기관리\n위기상황 발생가능성을 조기에 감지하여 선제적으로 대응하며, 위기상황 발생시 적시적, 효율적, 유기적 대응으로 위기상황을 극복하고 궁극적으로 지속가능한 조직을 유지하기 위하여 그룹차원의 위기관리체계를 운영하고 있습니다. 각 종속기업은 \'요경계\',\xa0\'위기임박\', \'위기\'의 3단계로 위기상황단계를 정의하고 있으며, 정량적 지표와 정성적 정보에 대한 모니터링 및 영향분석을 통해 위기상황단계를 결정하고 위기상황 발생시 사전에 정의된 위기대응 조치를 실행합니다. 당사는 그룹차원의 일관된 위기상황인식 및 대응체계를 수립하여 운영하고 2개 이상의 종속기업이 위기임박 이상 단계에 진입하는 등 그룹 차원의 위기대응이 필요하다고 판단되는 경우에는 당사차원에서 직접적으로 위기관리를 수행하게 됩니다.\n\xa0\n(2) 신용위험\n1) 신용위험 관리신용위험은 차주 또는 거래상대방의 부도, 계약불이행 등 채무불이행으로 인하여 발생할 수 있는 잠재적인 경제적 손실 위험을 의미하며, 당사가 부담하는 가장 큰 위험입니다. 신용위험 관리 대상은 난내계정은 물론, 보증, 대출약정, 파생상품 거래 등 난외계정을 포함하여 신용위험에 의한 경제적 손실이 발생할 수 있는 모든 대상을 포함하고 있습니다.\n\xa0 <손상\xa0측정에 사용된 변수, 가정 및 기법>가. 최초 인식 후 신용위험의 유의적인 증가 여부를 판단하는 방법당사는 최초 인식 후에 금융상품의 신용위험이 유의적으로 증가하였는지를 매 보고기간말에 평가하며, 신용위험의 유의적인 증가를 평가할 때 기대신용손실액의 변동이 아니라 금융상품의 기대존속기간에 걸친 채무불이행 발생 위험의 변동을 사용합니다. 이러한 평가를 하기 위해, 보고기간말의 금융상품에 대한 채무불이행 발생 위험을 최초 인식일의 채무불이행 발생 위험과 비교하고 최초 인식 후에 신용위험의 유의적인 증가를 나타내는 정보로서 과도한 원가나 노력 없이 이용할 수 있고 합리적이고 뒷받침될 수 있는 정보를 고려합니다. ① 채무불이행 위험의 측정당사는 채무불이행 위험과 합리적인 상관관계가 있는 것으로 확인된 관측 자료와 과거 경험에 기반한 판단을 근거로 개별 익스포져에 대하여 내부 신용등급을 부여합니다. 내부 신용등급은 채무불이행 위험을 나타내는 질적ㆍ양적 요소를 고려하여 결정되며, 이러한 요소는 익스포져의 특성과 차주의 유형에 따라 다를 수 있습니다.② 부도율 기간구조의 측정내부 신용등급은 부도율 기간구조를 결정하기 위한 주요 투입변수입니다. 당사는 신용위험에 노출된 익스포져의 양태와 채무불이행 정보를 상품과 차주의 유형, 그리고 내부 신용평가 결과별로 분석하여 축적하고 있으며, 이러한 분석의 수행시 일부 포트폴리오의 경우 외부신용평가기관으로부터 입수한 정보를 활용합니다. 당사는 축적된 데이터로부터 익스포져의 잔여 만기에 대한 부도율을 추정하고 추정된 부도율의 시간의 경과에 따른 변동을 예측하기 위하여 통계적 기법을 적용합니다.③ 신용위험의 유의적인 증가당사는 신용위험의 유의적인 증가를 판단하기 위하여 포트폴리오별로 정의된 지표를 활용하며, 이러한 지표는 일반적으로 내부 신용등급의 변동으로부터 추정된 채무불이행 위험의 변동과 질적 판단 요소, 그리고 연체일수 등으로 구성되어 있습니다.\xa0\n나. 채무불이행 위험당사는 금융자산이 아래의 상황 중 하나 이상에 해당할 때 해당 자산이 채무불이행 상태에 있는 것으로 간주합니다.- 차주가 계약상 지급일로부터 90일 이상 연체한 경우- 기타 당사가 담보권 등을 행사하지 않고 원리금을 회수하는 것이 불가능하다고 판단하는 경우차주의 채무불이행 여부를 판단할 때 당사는 아래의 지표를 활용합니다.- 질적 요소(예: 계약 조건의 위반)- 양적 요소(예: 동일 차주가 당사에 대한 하나 이상의 지급의무를 이행하지 않는 경우 각 지급의무별 연체일수. 단, 특정 포트폴리오의 경우 개별 금융상품 단위별로 연체일수 등을 활용)- 내부 관측자료 및 외부로부터 입수한 정보당사가 적용하고 있는 채무불이행의 정의는 규제자본관리 목적에서 정의하고 있는 부도의 정의와 대체로 일치하며, 채무불이행 여부를 판단하기 위하여 활용하는 정보와 각 정보의 활용도는 상황에 따라 다를 수 있습니다.다. 미래전망정보의 반영당사는 기대신용손실의 측정시 다양한 정보를 기초로 내부 전문가그룹이 제시한 미래전망정보를 반영합니다. 이러한 미래전망정보의 예측을 위하여 당사는 국내ㆍ외 연구기관 또는 정부 및 공공기관 등에서 공개한 경제전망 등을 활용합니다.당사는 편의가 배제된 중립적인 관점에서 예상되는 미래 거시경제적 상황을 기대예상손실의 측정에 반영합니다. 이러한 관점에서의 기대예상손실은 가장 발생가능성이높다고 판단되는 상황을 반영하며, 당사가 사업 계획과 경영 전략의 수립시 근거한 예측과 동일한 가정에 기초합니다.\n라. 기대신용손실의 측정기대신용손실의 측정에 투입된 주요 변수는 아래와 같습니다.- 기간별 부도율(PD)- 부도시 손실률(LGD)- 부도시 익스포져(EAD)이러한 신용위험측정요소는 당사가 내부적으로 개발한 통계적 기법과 과거 경험데이터로부터 추정되었으며 미래전망정보의 반영을 통하여 조정되었습니다. 기간별 부도율 추정치는 특정 시점을 기준으로 통계적 모형에 기반하여 거래상대방과 익스포져의 특성을 반영하여 추정되었습니다. 당사는 추정에 활용된 통계적 신용평가 모형의 개발을 위하여 당사의 자체적으로 보유한 정보를 활용하였으며, 일부 포트폴리오(예:대기업군 등)의 경우 시장에서 관측된 정보를 추가적으로 고려하였습니다. 거래상대방 또는 익스포져가 특정 등급 간에 집중적으로 분포하는 경우, 해당 등급별 부도율의 측정 방식을 조정하며, 등급별 부도율은 익스포져의 계약 만기를 고려하여 추정되었습니다.부도시 손실률은 부도 발생시 예상되는 손실의 정도를 의미합니다. 당사는 과거 부도 익스포져로부터 측정된 경험 회수율에 기반하여 부도시 손실률을 산출하였습니다. 부도시 손실률의 측정 모형은 담보의 유형, 담보에 대한 선순위, 차주의 유형 및 회수에 소요된 비용을 반영하도록 개발되었으며, 특히 소매 대출상품의 부도시 손실률 모형은 담보의 대출비율(LTV: Loan to Value)을 주요 변수로 사용합니다. 부도시 손실률 산출에 반영된 회수율은 유효이자율로 할인된 회수금액의 현재가치를 기준으로 산정됩니다.부도시 익스포져는 부도 발생 시점의 예상되는 익스포져를 의미합니다. 당사는 현재실행된 익스포져가 계약 상 한도 내에서 부도 시점까지 추가적으로 사용될 것으로 예상되는 비율을 반영하여 부도시 익스포져를 도출합니다. 금융자산의 부도시 익스포져는 해당 자산의 총 장부금액과 동일하며, 대출 약정과 금융 보증 계약의 부도시 익스포져는 기인출 사용 금액과 향후 추가 사용될 것으로 예상되는 금액의 합계로 산정됩니다.\n당사는 금융자산의 기대신용손실 측정시 계약 상 만기를 기준으로 기대신용손실 측정 대상 기간을 반영합니다. 계약 상 만기는 차주가 보유한 연장권을 고려하여 산정됩니다.부도율, 부도시 손실률 및 부도시 익스포져의 위험측정요소는 아래와 같은 구분 기준에 따라 집합적으로 추정됩니다.- 상품의 유형- 내부 신용등급- 담보의 유형- 담보대출비율(LTV)- 차주가 속한 산업군- 차주 또는 담보의 소재지- 연체일수집합을 구분하는 기준은 집합의 동질성을 유지하도록 정기적으로 검토되며 필요한 경우 조정됩니다. 당사는 내부적으로 충분한 수준의 과거 경험으로부터 축적된 자료를 보유하지 못한 특정 포트폴리오의 경우 외부 벤치마크 정보를 활용하여 내부 정보를 보완하였습니다.마. 금융자산의 제각당사는 현실적으로 원리금의 회수가능성이 없다고 판단된 대출상품 또는 채무증권의부분 또는 전체를 제각합니다. 일반적으로 차주가 원리금 상환에 충당할 수 있는 충분한 재원 또는 소득이 없다고 판단될 때 제각을 실행하며, 이러한 제각 여부의 판단은 당사의 내부 규정에 따르며 필요한 경우 외부 기관으로부터의 승인을 득하여 실행됩니다. 제각과는 별개로 당사는 금융자산의 제각 이후에도 자체 회수 정책에 따라 지속적으로 회수권을 행사할 수 있습니다.\n2) 신용위험에 대한 최대노출액당기말과\xa0전기말 현재 보유 금융상품의 신용위험에 대한 최대노출액의 내역은 다음과 같습니다.\n(단위 : 백만원)\n구\xa0 분\n제 19(당) 기말\n제 18(전) 기말\n상각후원가측정 예치금 및 대출채권(*1)\n은행\n167\n48,596\n기업\n2,219,698\n1,644,666\n소 계\n2,219,865\n1,693,262\n당기손익-공정가치측정 금융자산\xa0\xa0\n443,377\n1,927,150\n파생상품자산\n24,352\n-\n상각후원가측정\xa0기타금융자산(*1)(*2)\n580,196\n473,488\n합\xa0 계\n3,267,790\n4,093,900\n(*1) 상각후원가측정 예치금 및 대출채권, 기타금융자산의 최대 노출액은 대손충당금을 차감한 순장부금액입니다.\n(*2) 미수금, 미수수익, 보증금 등으로 구성되어 있습니다.\n3)\xa0금융상품의 신용위험에 따른 손상정보당기말과 전기말 현재 상각후원가측정 금융자산의 손상 여부에 대한 내역은 다음과 같습니다.\n① 제 19(당) 기말\n(단위 : 백만원)\n구\xa0 분\n12개월기대신용손실\n전체기간기대신용손실\n총\xa0 액\n대손충당금\n순\xa0 액\n상각후원가측정 예치금 및 대출채권(*)\n\xa0 은행\n167\n-\n167\n-\n167\n\xa0 기업\n2,221,322\n\xa0 -\xa0\n2,221,322\n(1,624)\n2,219,698\n소\xa0 계\n2,221,489\n\xa0 -\xa0\n2,221,489\n(1,624)\n2,219,865\n상각후원가측정 기타금융자산\n580,529\n\xa0 -\xa0\n580,529\n(333)\n580,196\n\xa0합\xa0 계\n2,802,018\n\xa0 -\xa0\n2,802,018\n(1,957)\n2,800,061\n② 제 18(전) 기말\n(단위 : 백만원)\n구\xa0 분\n12개월기대신용손실\n전체기간기대신용손실\n총\xa0 액\n대손충당금\n순\xa0 액\n상각후원가측정 예치금 및 대출채권(*)\n\xa0은행\n48,631\n-\n48,631\n(35)\n48,596\n\xa0기업\n1,646,335\n-\n1,646,335\n(1,669)\n1,644,666\n소\xa0 계\n1,694,966\n-\n1,694,966\n(1,704)\n1,693,262\n상각후원가측정 기타금융자산\n473,832\n-\n473,832\n(344)\n473,488\n합\xa0 계\n2,168,798\n-\n2,168,798\n(2,048)\n2,166,750\n(*) 예치금과 대출채권의 신용건전성은 우량과 보통으로 구분되며\xa0당기말과 전기말 현재 예치금과 대출채권의 신용건전성은 전액 우량입니다. 우량등급과 보통등급의 구분은 다음과 같습니다.\n구\xa0 분\n기업 및 은행\n등급 : 1. 우량\n내부신용등급 BBB+ 이상\n등급 : 2. 보통\n내부신용등급 BBB+ 미만\n(3) 시장위험시장위험은 금리, 주가, 환율 등과 같은 시장가격의 변동으로 인해 발생할 수 있는 손실 위험을 의미합니다. 1) 금리위험금리위험은 시장금리의 변동으로 인해 순이자이익(NII) 또는 순자산가치(NPV)가 변동하여 발생할 수 있는 손실위험을 말합니다.금리갭 분석은 금리만기구간별로 이자수익 발생 자산ㆍ부채 및 부외거래 항목 포지션을 약정현금흐름 및 금리개정기일에 근거하여 만기구간에 배분하는 금리갭표를 작성함으로써 금리 변동에 따른 순이자이익의 민감도를 측정하는 방법입니다.\n당기말과 전기말\xa0현재 금리갭 분석 실시 결과는 다음과 같습니다.\n① 제 19(당) 기말\n(단위: 백만원)\n구\xa0 분\n1월 이하\n1월~3월\n3월~6월\n6월~1년\n1년~5년\n5년 초과\n합\xa0 계\n<이자수익발생자산>\n\xa0상각후원가측정 대출채권\n-\n-\n-\n-\n1,494,000\n727,322\n2,221,322\n<이자비용발생부채>\n\xa0사채\xa0\n-\n170,000\n180,000\n890,000\n6,020,000\n1,898,900\n9,158,900\n\xa0단순갭\xa0\n-\n(170,000)\n(180,000)\n(890,000)\n(4,526,000)\n(1,171,578)\n(6,937,578)\n\xa0누적갭\xa0\n-\n(170,000)\n(350,000)\n(1,240,000)\n(5,766,000)\n(6,937,578)\n② 제 18(전) 기말\n(단위: 백만원)\n구\xa0 분\n1월 이하\n1월~3월\n3월~6월\n6월~1년\n1년~5년\n5년 초과\n합\xa0 계\n<이자수익발생자산>\n\xa0상각후원가측정 대출채권\n50,000\n-\n100,000\n5,000\n1,098,705\n392,630\n1,646,335\n<이자비용발생부채>\n\xa0차입부채\xa0\n-\n-\n120,000\n5,000\n-\n-\n125,000\n\xa0사채\xa0\n100,000\n200,000\n100,000\n740,000\n5,750,000\n930,000\n7,820,000\n소\xa0 계\n100,000\n200,000\n220,000\n745,000\n5,750,000\n930,000\n7,945,000\n\xa0단순갭\xa0\n(50,000)\n(200,000)\n(120,000)\n(740,000)\n(4,651,295)\n(537,370)\n(6,298,665)\n\xa0누적갭\xa0\n(50,000)\n(250,000)\n(370,000)\n(1,110,000)\n(5,761,295)\n(6,298,665)\n2) 외환위험환위험은 환율의 변동으로 인하여 환위험 익스포져의 공정가치나 미래현금흐름이 변동하여 발생할 수 있는 손실위험을 말합니다. 환위험 익스포져는 외화표시 자산과 부채의 차이(순포지션)로 이해될 수 있으며, 환율을 기초자산으로 하는 파생금융상품도해당됩니다. 한편, 당사의 외화자산, 부채 중 위험회피회계를 적용하는 항목은 없습니다.당사가 보유하고 있는 외화금융자산은 환율변동위험에 노출되어 있습니다. 환율변동위험은 표준방법에 의한 소요자기자본으로 산출되어 관리되고 있습니다.당기말 현재, 표준방법에 의한 소요자기자본금액과, 다른 모든 변수가 일정하고 원화가 미국달러화에 대해 5% 약세 또는 강세를 가정할 경우, 환위험에 대한 노출 정도와 순자본의 변동 금액은 다음과 같습니다.\xa0\n(단위: USD,백만원)\n구\xa0 분\n외화\n원화환산액\n5% 상승\n5% 하락\n통화\n금액\n<외화자산>\n상각후원가 측정 예치금\nUSD\n33,259\n39\n41\xa0\n37\xa0\n상각후원가측정 대출채권\nUSD\n490,000,000\n567,322\n595,688\xa0\n538,956\xa0\n당기손익-공정가치측정 금융자산\nUSD\n133,640,178\n154,729\n162,465\xa0\n146,993\xa0\n기타금융자산\nUSD\n1,592,663\n1,844\n1,936\xa0\n1,752\xa0\n소계\nUSD\n625,266,100\n723,934\n760,131\xa0\n687,737\xa0\n<외화부채>\n외화사채\nUSD\n497,123,206\n575,569\n604,347\xa0\n546,791\xa0\n미지급이자\nUSD\n6,716,303\n7,776\n8,165\xa0\n7,387\xa0\n소계\nUSD\n503,839,509\n583,345\n612,512\xa0\n554,178\xa0\n재무제표노출액\n121,426,591\n140,589\n147,618\xa0\n133,560\xa0\n순자본효과\n7,029\xa0\n(7,029)\n소요자기자본(표준방법)\n11,247\xa0\n(4) 유동성위험\n유동성위험은 자산ㆍ부채간 자금 기일의 불일치 또는 급격한 자금유출 등으로 인하여, 예상치 못한 손실(비정상적인 자산의 처분, 고금리 조달 등)이 발생하거나 지급불능 상태가 될 위험을 말합니다. 당사는 금융지주회사법에 따라 원칙적으로 매월말 기준 재무상태표상 잔존만기 1개월 이하 자산 총액이 잔존만기 1개월 이하 부채 총액을 초과하도록 유동성을 관리하고 있습니다.\n당기말과 전기말 현재\xa0 비파생금융상품의 잔존기간별 구성내역은 다음과 같습니다.\n1) 제 19(당)\xa0기말\n(단위: 백만원)\n구\xa0 분\n1월 이하\n1월~3월\n3월~6월\n6월~1년\n1년~5년\n5년 초과\n합\xa0 계\n<비파생금융상품>\n자 산\n현금 및 상각후원가측정 예치금\n164\n-\n-\n-\n-\n-\n164\n상각후원가측정 대출채권\n3,905\n4,926\n16,716\n25,547\n1,626,029\n740,506\n2,417,629\n당기손익-공정가치측정 금융자산\n343,289\n100,088\n-\n-\n-\n-\n443,377\n기타금융자산\n984\n18,872\n479,445\n-\n61,632\n13,195\n574,128\n소\xa0 계\n348,342\n123,886\n496,161\n25,547\n1,687,661\n753,701\n3,435,298\n부 채\n사채\n24,996\n202,679\n227,468\n990,169\n6,473,288\n2,088,396\n10,006,996\n기타금융부채\n13,495\n26,983\n35,306\n829\n69,809\n-\n146,422\n소\xa0 계\n38,491\n229,662\n262,774\n990,998\n6,543,097\n2,088,396\n10,153,418\n합 계\n309,851\n(105,776)\n233,387\n(965,451)\n(4,855,436)\n(1,334,695)\n(6,718,120)\n<파생금융상품>\n순액 및 총액 결제파생상품(*)\n-\n-\n-\n-\n132,000\n-\n132,000\n(*) 아시아신탁 잔여지분인수에 대한 옵션계약이며, 2022년 4월 1일부터 2022년 12월 31일까지 행사될 수 있습니다.\n2) 제 18(전)\xa0기말\n(단위: 백만원)\n구\xa0 분\n1월 이하\n1월~3월\n3월~6월\n6월~1년\n1년~5년\n5년 초과\n합\xa0 계\n<비파생금융상품>\n자 산\n현금 및 상각후원가측정 예치금\n48,631\n-\n-\n-\n-\n-\n48,631\n상각후원가측정 대출채권\n52,775\n4,134\n116,437\n27,081\n1,232,271\n492,420\n1,925,118\n당기손익-공정가치측정 금융자산\n1,927,150\n-\n-\n-\n-\n-\n1,927,150\n기타금융자산\n653\n37,099\n370,012\n-\n47,420\n13,810\n468,994\n소\xa0 계\n2,029,209\n41,233\n486,449\n27,081\n1,279,691\n506,230\n4,369,893\n부 채\n차입부채\n-\n-\n120,000\n5,000\n-\n-\n125,000\n사채\n123,078\n224,167\n144,725\n825,893\n6,148,270\n1,008,198\n8,474,331\n기타금융부채\n16,774\n34,342\n24,335\n-\n52,913\n-\n128,364\n소\xa0 계\n139,852\n258,509\n289,060\n830,893\n6,201,183\n1,008,198\n8,727,695\n차감 후\n1,889,357\n(217,276)\n197,389\n(803,812)\n(4,921,492)\n(501,968)\n(4,357,802)\n상기 금액은 원금 및 이자의 현금흐름을 모두 포함하고 있습니다. 당기말 및 전기말 현재 당좌개설보증금으로 사용이 제한된 예치금 3백만원은 현금흐름에서 제외되어 있습니다.\n(5) 금융상품의 공정가치 측정활성시장에서 거래되는 금융상품의 공정가치는 보고기간말 현재 고시되는 시장가격에 기초하여 산정됩니다. 당사가 보유하고 있는 금융자산의 공시되는 시장가격은\xa0매매중개기관의 공시가격에 기초합니다.활성시장에서 거래되지 아니하는 금융상품(예: 장외파생상품)의 공정가치는 평가기법을 사용하여 결정하거나, 독립적인 외부전문평가기관의 평가결과를 이용합니다.\xa0당사는 다양한 평가기법을 활용하고 있으며 보고기간말 현재 시장상황에 근거하여\xa0합리적인\xa0가정을 수립하고 있습니다. 금융상품의 공정가치는 합리적인 판단력과 거래의사가 있는 독립된 당사자 사이의 최근 거래를 사용하는 방법, 실질적으로 동일한 다른 금융상품의 현행공정가치를 이용할 수 있다면 이를 참조하는 방법, 추정현금흐름할인방법, 옵션가격결정모형과 같은 다양한 기법들을 사용하여 산정하고 있습니다.당사는 금융상품의 공정가치를 다음의 3가지 수준으로 분류하여 공시합니다.- 수준 1 : 활성시장에서 공시되는 가격을 공정가치로 측정하는 금융상품의 경우, 동 금융상품의 공정가치는 수준 1로 분류하고 있습니다. - 수준 2 : 평가기법을 사용하여 금융상품의 공정가치를 측정하는 경우, 유의적인 투입변수가 시장에서 관측한 정보에 기초한다면 동 금융상품의 공정가치는 수준 2로 분류하고 있습니다.\xa0- 수준 3 : 평가기법을 사용하여 금융상품의 공정가치를 측정하는 경우, 유의적인 투입변수가 시장에서 관측불가능한 정보에 기초한다면 동 금융상품의 공정가치는 수준3으로 분류하고 있습니다.\xa0\n1) 공정가치로 측정하는 금융상품1-1)\xa0당기말과 전기말 현재 공정가치로 측정하는 금융상품자산의 평가수준별 공정가치의 내역은 다음과 같습니다.\n① 제 19(당) 기말\n(단위: 백만원)\n구\xa0\xa0 분\n수준 1\n수준 2\n수준 3\n합\xa0 계\n당기손익-공정가치측정금융자산\n-\n443,377\n-\n443,377\n파생상품자산\n-\n-\n24,352\n24,352\n금융상품자산 총계\n-\n443,377\n24,352\n467,729\n파생상품부채\n-\n-\n17,687\n17,687\n② 제 18(전) 기말\n(단위 : 백만원)\n구\xa0\xa0 분\n수준 1\n수준 2\n수준 3\n합\xa0 계\n당기손익-공정가치측정금융자산\n-\n1,927,150\n-\n1,927,150\n1-2) 공정가치 수준3으로 분류된 금융상품의 내역당기 중 공정가치 수준3에 해당되는 금융상품의\xa0증감내역은 다음과 같습니다.\n\xa0(단위: 백만원)\n\xa0구\xa0 분\xa0\n\xa0순파생상품\xa0\n기초 금액\n-\n당기손익인식\n\xa0 1,520\xa0\n발행\n\xa0 5,145\xa0\n기말 금액\n\xa0 6,665\xa0\n1-3) 가치평가기법 및 시장에서 관측불가능한 투입변수1-3-1)\xa0당기말과 전기말 현재 공정가치 수준 2로 분류된 금융상품의 공정가치 측정 시 사용된 평가기법과 투입변수는 다음과 같습니다.① 제 19(당) 기말\n금융상품 종류\n가치평가기법\n종류\n투입변수\n당기손익-공정가치측정금융자산\n순자산가치평가\n수익증권\n주식, 채권 등기초자산 가격,\xa0환율\n② 제 18(전) 기말\n금융상품 종류\n가치평가기법\n종류\n투입변수\n당기손익-공정가치측정금융자산\n순자산가치평가\n수익증권\n주식, 채권 등기초자산 가격,\xa0환율\n1-3-2) 당기말 현재 공정가치 수준 3으로 분류된 금융상품의 공정가치 측정시 사용된 평가기법 및 유의적이지만 관측가능하지 않은 투입변수는 다음과 같습니다.\xa0\n\xa0(단위: 백만원)\n\xa0금융상품의 종류\n\xa0가치평가기법\xa0\n\xa0종류\xa0\n\xa0장부금액\xa0\n유의적이지만 관측가능하지 않은 투입변수\xa0\n\xa0범위\xa0\n\xa0파생상품자산\xa0\n\xa0이항모형\xa0\n\xa0주식\xa0\n24,352\n\xa0기초자산의 변동성\xa0\n23.29%\n\xa0파생상품부채\xa0\n\xa0이항모형\xa0\n\xa0주식\xa0\n17,687\n\xa0기초자산의 변동성\xa0\n23.29%\n1-4) 관측가능하지 않은 투입변수의 변경에 대한 민감도\xa0당기말 현재 수준 3으로 분류된 금융상품의 공정가치 측정시 관측가능하지 않은 투입변수를 합리적으로 가능한 대체적인 가정에 따른 투입변수로 변경하는 경우 당기손익으로 인식되는 변동의 효과는 다음과 같습니다.\n\xa0(단위: 백만원)\n\xa0금융상품의 종류\xa0\n\xa0유리한 변동\xa0\n\xa0불리한 변동\xa0\n\xa0당기손익인식(*)\xa0\n\xa0파생상품자산\xa0\n2,030\n(2,036)\n\xa0파생상품부채\xa0\n2,016\n(2,011)\n(*) 주요 관측불가능한 투입변수인 기초자산의 변동성을 10%만큼 증가 또는 감소시킴으로써 공정가치변동을 산출하고 있습니다.\n2) 상각후원가로 측정하는 금융상품2-1)\xa0 상각후원가로 측정하는 금융상품의 공정가치 산출방법\n계정과목\n공정가치 산출 방법\n현금 및 예치금\n현금은 장부금액과 공정가치가 동일하며 예치금은 변동이자율 예치금과 초단기성인 익일 예치금이 대부분이므로 공정가치의 대용치로 장부금액을 사용하였습니다.\n대출채권\n대출채권의 공정가치는 수취할 것으로 예상되는 기대 현금흐름을 시장이자율과 차주의 신용위험 등을 고려한 할인율로 할인하여 산출하였습니다.\n차입부채 및\xa0사채\n활성시장 가격을 기초로 하고 있습니다. 활성시장 가격이 유효하지 않은 경우, 계약상현금흐름을 시장이자율에 잔여위험을 고려한 할인율로 할인한 현재가치를 공정가치로 산출하였습니다.\n2-2)\xa0당기말과 전기말 현재 상각후원가로 측정하는 금융상품 자산ㆍ부채의 장부금액및 공정가치내역은 다음과 같습니다.\n(단위: 백만원)\n구\xa0 \xa0 분\n제 19(당) 기말\n제 18(전) 기말\n장부금액\n공정가치\n장부금액\n공정가치\n<자산>\n상각후원가측정 예치금\n167\n167\n48,596\n48,596\n상각후원가측정 대출채권(기업)\n2,219,698\n2,243,720\n1,644,666\n1,644,739\n기타금융자산\n580,196\n580,196\n473,488\n473,488\n합\xa0 계\n2,800,061\n2,824,083\n2,166,750\n2,166,823\n<부채>\n차입부채\n-\n-\n125,000\n123,874\n원화사채\n8,572,071\n8,650,941\n7,812,358\n7,897,152\n외화사채\n575,569\n588,371\n-\n-\n합\xa0 계\n9,147,640\n9,239,312\n7,937,358\n8,021,026\n2-3)\xa0당기말과 전기말 현재 재무상태표에서 공정가치로 측정되지는 않으나 공정가치가\xa0공시되는 금융상품의 평가수준별 공정가치의 내역은 다음과 같습니다.① 제\xa019(당)\xa0기말\n(단위: 백만원)\n구\xa0 분\n수준 1\n수준 2\n수준 3\n합\xa0 계\n<자산>\n상각후원가측정 예치금\n-\n-\n167\n167\n상각후원가측정 대출채권(기업)\n-\n-\n2,243,720\n2,243,720\n기타금융자산\n-\n-\n580,196\n580,196\n합\xa0 계\n-\n-\n2,824,083\n2,824,083\n<부채>\n원화사채\n\xa0 -\xa0\n\xa0 8,650,941\xa0\n\xa0 -\xa0\n\xa0 8,650,941\xa0\n외화사채\n\xa0 -\xa0\n\xa0 588,371\xa0\n\xa0 -\xa0\n\xa0 588,371\xa0\n합\xa0 계\n\xa0 -\xa0\n\xa0 9,239,312\xa0\n\xa0 -\xa0\n\xa0 9,239,312\xa0\n②\xa0제\xa018(전) 기말\n(단위: 백만원)\n구\xa0 분\n수준 1\n수준 2\n수준 3\n합\xa0 계\n<자산>\n상각후원가측정 예치금\n-\n-\n48,596\n48,596\n상각후원가측정 대출채권(기업)\n-\n-\n1,644,739\n1,644,739\n기타금융자산\n-\n-\n473,488\n473,488\n합\xa0 계\n-\n-\n2,166,823\n2,166,823\n<부채>\n차입부채\n-\n123,874\n-\n123,874\n원화사채\n-\n7,897,152\n-\n7,897,152\n합\xa0 계\n-\n8,021,026\n-\n8,021,026\n2-4) 당기말과 전기말 현재 재무상태표에서 공정가치로 측정되지는 않으나 공정가치공시를 위하여 수준 2와 수준 3으로 분류된 금융상품의 공정가치 측정시 사용된 평가기법 및 투입변수는 다음과 같습니다.\n① 제\xa019(당) 기말\n(단위: 백만원)\n구\xa0 분\n가치평가기법\n공정가치\n투입변수\n<자산>\n상각후원가측정 예치금\n현금흐름할인모형\n167\n할인율,\xa0환율\n상각후원가측정 대출채권(기업)\n현금흐름할인모형\n2,243,720\n할인율\n기타금융자산\n현금흐름할인모형\n580,196\n할인율\n합\xa0 계\n2,824,083\n<부채>\n원화사채\n현금흐름할인모형\n8,650,941\n할인율\n외화사채\n현금흐름할인모형\n588,371\n할인율,\xa0환율\n합\xa0 계\n9,239,312\n②\xa0제\xa018(전) 기말\n(단위: 백만원)\n구\xa0 분\n가치평가기법\n공정가치\n투입변수\n<자산>\n상각후원가측정 예치금\n현금흐름할인모형\n48,596\n할인율\n상각후원가측정 대출채권(기업)\n현금흐름할인모형\n1,644,739\n할인율\n기타금융자산\n현금흐름할인모형\n473,488\n할인율\n합\xa0 계\n2,166,823\n<부채>\n차입부채\n현금흐름할인모형\n123,874\n할인율\n원화사채\n현금흐름할인모형\n7,897,152\n할인율\n합\xa0 계\n8,021,026\n(6)\xa0금융상품의 범주별 분류금융자산과 금융부채는 공정가치 또는 상각후원가로 측정됩니다.\xa0당기말과 전기말 현재 각 금융자산과 금융부채의 범주별 장부금액은 다음과 같습니다.1) 제 19(당)\xa0기말\n(단위: 백만원)\n구\xa0 분\n당기손익-공정가치 측정 금융자산\n상각후원가 측정 금융자산\n상각후원가 측정금융부채\n상각후원가 측정금융부채\n현금 및 상각후원가측정 예치금\n-\n167\n-\n-\n당기손익-공정가치측정 금융자산\n443,377\n-\n-\n-\n파생상품자산\n24,352\n-\n-\n-\n상각후원가측정\xa0대출채권\n-\n2,219,698\n-\n-\n상각후원가측정\xa0기타금융자산\n-\n580,196\n-\n-\n금융자산 총계\n467,729\n2,800,061\n-\n-\n파생상품부채\n-\n-\n17,687\n-\n원화사채\n-\n-\n-\n8,572,071\n외화사채\n-\n-\n-\n575,569\n기타금융부채\n-\n-\n-\n181,302\n금융부채 총계\n-\n-\n17,687\n9,328,942\n2) 제 18(전) 기말\n(단위: 백만원)\n구\xa0 분\n당기손익-공정가치 측정 금융자산\n상각후원가 측정 금융자산\n상각후원가 측정금융부채\n현금 및 상각후원가측정 예치금\n-\n48,596\n-\n당기손익-공정가치측정 금융자산\n1,927,150\n-\n-\n상각후원가측정\xa0대출채권\n-\n1,644,666\n-\n상각후원가측정\xa0기타금융자산\n-\n473,488\n-\n금융자산 총계\n1,927,150\n2,166,750\n-\n차입부채\n-\n-\n125,000\n원화사채\n-\n-\n\xa07,812,358\n기타금융부채\n-\n-\n153,931\n금융부채 총계\n-\n-\n8,091,289\n3) 당기 및 전기 중 금융상품 범주별 포괄손익은 다음과 같습니다.① 제 19(당) 기\xa0\n(단위: 백만원)\n구분\n순손익\n기타포괄손익\n이자수익/비용(*)\n손상차손환입\n평가 및 처분\n외화 환산\n합계\n당기손익-공정가치측정 금융자산\n-\n-\n19,917\n(17,436)\n2,481\n-\n상각후원가측정 금융자산\n40,569\n91\n-\n11,023\n51,683\n-\n상각후원가측정 금융부채\n(206,815)\n-\n-\n18,581\n(188,234)\n-\n② 제 18(전) 기\xa0\n(단위: 백만원)\n구분\n순손익\n기타포괄손익\n이자수익/비용(*)\n손상차손\n평가 및 처분\n외화 환산\n합계\n당기손익-공정가치측정 금융자산\n-\n-\n23,439\n(6,483)\n16,956\n-\n상각후원가측정 금융자산\n32,096\n(1,454)\n-\n2,375\n33,017\n-\n상각후원가측정 금융부채\n(187,882)\n-\n-\n-\n(187,882)\n-\n(*)\xa0유효이자율법으로 계산한 이자수익/비용에 해당합니다.\n(7) 자본위험관리당사는\xa0당기말 현재 금융지주회사감독규정에 따라 \'부채총계÷(자본총계-대손준비금)\'으로 계산한 부채비율과 \'자회사에 대한 출자총액÷(자본총계-대손준비금)\'으로 계산한 이중레버리지비율을 준수하고 있습니다.\n5. 유의적인 회계추정 및 판단\xa0\n당사는 재무제표를 작성함에 있어 미래에 대한 추정 및 가정에 대한 판단을 하고 있습니다. 이러한 추정 및 판단은 지속적으로 평가되며, 과거 경험 및 현재의 상황에서 합리적으로 예측가능한 미래의 사건과 같은 다른 요소들을 고려하여 이루어집니다. 이렇게 산출된 회계추정치는 실제 발생 결과와 일치하지 않을 수 있습니다. 보고기간말 현재 계상된 자산과 부채의 장부가액을 중요하게 변동시킬수 있는 유의적인 위험을 포함하고 있는 회계추정 및 가정에 대한 판단은 다음과 같습니다.(1) 법인세당사는 보고기간 말 현재까지의 영업활동의 결과로 미래에 부담할 것으로 예상되는 법인세효과를 최선의 추정과정을 거쳐 당기법인세 및 이연법인세로 인식하였습니다.하지만 실제 미래 최종 법인세부담은 인식한 관련 자산ㆍ부채와 일치하지 않을 수 있으며, 이러한 차이는 최종 법인세효과가 확정된 시점의 당기법인세 및 이연법인세 자산ㆍ부채에 영향을 줄 수 있습니다. \n(2) 금융상품의 공정가치활성시장에서 거래되지 않는 금융상품(예:\xa0 장외파생상품)의 공정가치는 평가기법을 사용하여 결정하고 있습니다. 당사는 보고기간 종료일 현재 주요한 시장상황에 기초하여, 다양한 평가기법의 선택 및 가정에 대한 판단을 하고 있습니다. 당사는 정상거래시장에서 거래되지 않는 다양한 금융상품의 공정가치를 결정하기 위해 평가모형을이용하는 경우 일반적인 가치평가모형부터 발전된 자체 평가모형까지 다양한 방법을사용하며 이때 다양한 투입변수와 가정이 적용됩니다. \n(3) 대손충당금\xa0\n당사는 대출채권에 대해서 손상을 평가하여 대손충당금을 설정합니다. 이러한 신용손실에 대한 충당금은 집합평가 대손충당금 위해 사용된 모형의 가정과 변수들에 의해 결정됩니다.\xa0\n(4) 확정급여채무확정급여채무의 현재가치는 보험수리적 방식에 의해 결정되는 다양한 요소들에 따라달라질 수 있습니다.\xa0 연금의 순원가(이익)를 결정하는 데 사용되는 가정은 할인율을 포함하고 있으며, 이러한 가정의 변동은 확정급여채무의 장부금액에 영향을 줄 것입니다.당사는 반기별로 적합한 할인율을 결정하고 있습니다. 이러한 할인율은 확정급여채무의 정산 시 발생할 것으로 예상되는 미래의 추정 현금 유출액의 현재가치를 결정할때 사용되어야 하는 이자율을 나타냅니다. 당사는 연금이 지급되는 통화로 표시되고 관련 확정급여채무의 기간과 유사한 만기를 가진 우량회사채 이자율을 고려하여 적절한 할인율을 결정하고 있습니다. 확정급여채무와 관련된 다른 주요한 가정들은 일부 현재의 시장 상황에 근거하고 있습니다.\xa0\n6. 현금 및 예치금(1) 현금 및 예치금의 종류별 내역당기말과 전기말 현재 현금 및 예치금의 종류별 내역은 다음과 같습니다.\n(단위: 백만원)\n구\xa0 분\n제 19(당) 기말\n제 18(전) 기말\n상각후원가 측정 원화예치금\n167\n48,631\n차감 : 대손충당금\n-\n(35)\n합\xa0 계\n167\n48,596\n(2) 사용이 제한된 예치금당기말과 전기말 현재 은행법 및 기타 관계법령 등에 따라 사용이 제한되어 있는 예치금 내역은 다음과 같습니다.\n(단위: 백만원)\n구\xa0 분\n제 19(당) 기말\n제 18(전) 기말\n당좌개설보증금\n3\n3\n7. 당기손익-공정가치 측정 금융상품당기말과 전기말 현재 당기손익-공정가치측정 금융상품의 내역은 다음과 같습니다.\n(단위: 백만원)\n구\xa0 분\n제 19(당) 기말\n제 18(전) 기말\n수익증권\n원\xa0 화\n288,648\n1,759,075\n외\xa0 화\n154,729\n168,075\n합\xa0 계\n443,377\n1,927,150\n8. 파생상품\n당기말 보유중인 파생상품의 내역은 다음과 같습니다.\n\u3000(단위: 백만원)\n구\xa0 분\n제19(당)\xa0기말\n미결제약정\n자산\n부채\n주식관련파생상품\n장외파생상품\n주식옵션\n\xa0 132,000\xa0\n24,352\n17,687\n당기중 발생한 파생상품평가손익은 1,520백만원입니다.\n9. 상각후원가 측정 대출채권(1)\xa0당기말과 전기말 현재 대출채권의 구성내역은 다음과 같습니다.\n(단위: 백만원)\n구\xa0 분\n제 19(당) 기말\n제 18(전) 기말\n기업대출\n운전자금\n2,221,322\n1,646,335\n차감 : 대손충당금\n(1,624)\n(1,669)\n합\xa0 계\n2,219,698\n1,644,666\n(2) 총 장부금액 변동내역당기 및 전기 중 상각후원가 측정 금융자산의 총 장부금액 변동내역은 다음과 같습니다.\n1) 제 19(당) 기\n(단위: 백만원)\n구\xa0 분\n상각후원가측정 대출채권\n기타 상각후원가측정 금융자산(*1)\n합계\n12개월  기대신용손실\n전체기간 기대신용손실\n신용이 손상된금융자산\xa0\n12개월  기대신용손실\n전체기간  기대신용손실\n신용이 손상된 금융자산\xa0\n기초 총 장부금액\n1,646,335\n-\n-\n522,463\n-\n-\n2,168,798\n12개월 기대신용손실로 대체\n-\n-\n-\n-\n-\n-\n-\n전체기간 기대신용손실로 대체\n-\n-\n-\n-\n-\n-\n-\n신용이 손상된 금융자산으로 대체\n-\n-\n-\n-\n-\n-\n-\n실행\xa0\n1,148,605\n-\n-\n-\n-\n1,148,605\n회수\n(179,000)\n-\n-\n-\n-\n-\n(179,000)\n대출채권 매각(*2)\n(391,335)\n-\n-\n-\n-\n-\n(391,335)\n기타(*3)\n(3,283)\n-\n-\n58,233\n-\n-\n54,950\n기말 총 장부금액\n2,221,322\n-\n-\n580,696\n-\n-\n2,802,018\n(*1)\xa0상각후원가측정 예치금 및 기타자산의 총장부금액을 포함하고 있습니다.\xa0\n(*2)\xa0신규 자회사 취득에 따른 당사 자본비율에 대한 유의적 영향을 제거하기 위해, 당초 원리금 회수목적으로 취득한 금융상품을\xa0당기\xa0중 매각하였으며, 이에\xa0따라\xa02,333백만원의 매각이익이 발생하였습니다.\n(*3)\xa0기타 변동액은 자회사 배당금 미수금 변동, 연결납세 미수금 변동, 미수수익 증가 등으로 인한 금액입니다.\n2) 제 18(전) 기\n(단위: 백만원)\n구\xa0 분\n상각후원가측정 대출채권\n기타 상각후원가측정 금융자산(*1)\n합계\n12개월  기대신용손실\n전체기간 기대신용손실\n신용이 손상된금융자산\xa0\n12개월  기대신용손실\n전체기간  기대신용손실\n신용이 손상된금융자산\xa0\n기초 총 장부금액\n1,235,000\n-\n-\n405,523\n-\n-\n1,640,523\n12개월 기대신용손실로 대체\n-\n-\n-\n-\n-\n-\n-\n전체기간 기대신용손실로 대체\n-\n-\n-\n-\n-\n-\n-\n신용이 손상된 금융자산으로 대체\n-\n-\n-\n-\n-\n-\n-\n실행\xa0\n547,630\n-\n-\n-\n-\n-\n547,630\n회수\n(135,000)\n-\n-\n-\n-\n-\n(135,000)\n기타(*2)\n(1,295)\n-\n-\n116,940\n-\n-\n115,645\n기말 총 장부금액\n1,646,335\n-\n-\n522,463\n-\n-\n2,168,798\n(*1)\xa0상각후원가측정 예치금 및 기타자산의 총장부금액을 포함하고 있습니다.\xa0\n(*2)\xa0기타 변동액은 환율변동, 자회사 배당금 미수금 변동, 연결납세 미수금 변동, 미수수익 증가 등으로 인한 금액입니다.\n(3) 신용손실충당금 변동내역당기 및 전기 중 상각후원가 측정 금융자산에 대한 신용손실충당금 변동내역은 다음과 같습니다.1) 제 19(당) 기\xa0\n(단위: 백만원)\n구\xa0 분\n상각후원가 측정 대출채권\n기타 상각후원가측정 금융자산(*1)\n합계\n12개월 기대신용손실\n전체기간 기대신용손실\n신용이 손상된금융자산\xa0\n12개월 기대신용손실\n전체기간 기대신용손실\n신용이 손상된금융자산\xa0\n기초\n1,669\n-\n-\n379\n-\n-\n2,048\n12개월 기대신용손실로 대체\n-\n-\n-\n-\n-\n-\n-\n전체기간 기대신용손실로 대체\n-\n-\n-\n-\n-\n-\n-\n신용이 손상된 금융자산으로 대체\n-\n-\n-\n-\n-\n-\n-\n환입액(*2)\n(45)\n-\n-\n(46)\n-\n-\n(91)\n기말\n1,624\n-\n-\n333\n-\n-\n1,957\n(*1)\xa0상각후원가측정 예치금 및 기타자산을 포함하고 있습니다.\xa0\n(*2) 대출채권 매각에 따른 신용손실충당금 환입액이 포함되어 있습니다.\n2) 제 18(전) 기\n(단위: 백만원)\n구\xa0 분\n상각후원가 측정 대출채권\n기타 상각후원가측정 금융자산(*1)\n합계\n12개월  기대신용손실\n전체기간  기대신용손실\n신용이 손상된금융자산\xa0\n12개월  기대신용손실\n전체기간  기대신용손실\n신용이 손상된금융자산\xa0\n기초\n495\n-\n-\n99\n-\n-\n594\n12개월 기대신용손실로 대체\n-\n-\n-\n-\n-\n-\n-\n전체기간 기대신용손실로 대체\n-\n-\n-\n-\n-\n-\n-\n신용이 손상된 금융자산으로 대체\n-\n-\n-\n-\n-\n-\n-\n전입액\n1,174\n-\n-\n280\n-\n-\n1,454\n기말\n1,669\n-\n-\n379\n-\n-\n2,048\n(*1)\xa0상각후원가측정 예치금 및 기타자산을 포함하고 있습니다.\xa0\n10. 유형자산(1) 당기말과 전기말 현재 유형자산의 내역은 다음과 같습니다.\n(단위: 백만원)\n구\xa0 분\n제 19(당) 기말\n제 18(전) 기말\n취득가액\n감가상각누계액\n장부금액\n취득가액\n감가상각누계액\n장부금액\n기구비품\n5,248\n(3,586)\n1,662\n4,265\n(3,210)\n1,055\n기타의유형자산\n6,558\n(5,137)\n1,421\n6,144\n(4,715)\n1,429\n사용권자산\n4,255\n(1,850)\n2,405\n-\n-\n-\n합\xa0 계\n16,061\n(10,573)\n5,488\n10,409\n(7,925)\n2,484\n(2) 당기와 전기 중 유형자산의 과목별 장부금액의 변동내역은 다음과 같습니다.\n(단위: 백만원)\n구\xa0 분\n제 19(당) 기\n제 18(전) 기\n기구비품\n기타의유형자산\n사용권자산(주석12)\n합\xa0 계\n기구비품\n기타의유형자산\n합\xa0 계\n기\xa0 초(*)\n1,055\n1,429\n2,302\n4,786\n833\n836\n1,669\n취\xa0 득\n997\n414\n2,288\n3,699\n538\n871\n1,409\n처\xa0\xa0 분\n-\n-\n(305)\n(305)\n-\n-\n-\n감가상각비\n(390)\n(422)\n(1,880)\n(2,692)\n(316)\n(278)\n(594)\n기\xa0 말\n1,662\n1,421\n2,405\n5,488\n1,055\n1,429\n2,484\n(*) 기업회계기준서 제 1116호 최초적용에 따라 당기초에 사용권자산을 인식하였습니다.\n11. 무형자산\n(1)\xa0당기말과 전기말\xa0현재\xa0무형자산의 내역은 다음과 같습니다.\n(단위: 백만원)\n구\xa0 분\n제 19(당) 기말\n제 18(전) 기말\n회원권\n5,443\n5,341\n소프트웨어\n175\n158\n합\xa0 계\n5,618\n5,499\n(2) 당기와 전기 중 무형자산의 증감내역은 다음과 같습니다.\n(단위 : 백만원)\n구\xa0 분\n제 19(당) 기\n제 18(전) 기\n회원권\n소프트웨어\n합\xa0 계\n회원권\n소프트웨어\n합\xa0 계\n기\xa0 초\n5,341\n158\n5,499\n5,314\n197\n5,511\n취\xa0 득\n1,328\n83\n1,411\n-\n50\n50\n처\xa0 분\n(1,226)\n-\n(1,226)\n-\n-\n-\n상\xa0 각(*1)\n-\n(66)\n(66)\n-\n(89)\n(89)\n환\xa0 입(*2)\n-\n-\n-\n27\n-\n27\n기\xa0 말\n5,443\n175\n5,618\n5,341\n158\n5,499\n(*1) 무형자산상각비는 전액 일반관리비로 분류되어 있습니다.\n(*2) 회원권은 골프 및 콘도 회원권으로 내용연수를 특정기간으로 한정할 수 없는 무형자산입니다.\xa0전기말 회수가능가액이 상승함에 따라 기존에 손상차손으로 인식한 금액을 환입하였습니다.\n12. 리스(1) 당기 중 사용권자산의 증감내역은 다음과 같습니다.\n(단위 : 백만원)\n구\xa0 분\n부 동 산\n차\xa0 량\n기\xa0 타\n합\xa0 계\n기\xa0 초\n2,005\n297\n-\n2,302\n취\xa0 득\n1,404\n884\n-\n2,288\n처\xa0 분\n(28)\n(277)\n-\n(305)\n감 가 상 각\n(1,625)\n(255)\n-\n(1,880)\n기\xa0 말\n1,756\n649\n-\n2,405\n(2) 리스부채 할인전 계약현금흐름의 잔존만기에 따른 만기별 구성 내역은 다음과 같습니다.\n(단위 : 백만원)\n구\xa0 분\n1월이하\n1월초과~3월이하\n3월초과~6월이하\n6월초과~1년이하\n1년초과~5년이하\n5년 초과\n합\xa0 계\n부 동 산\n118\n243\n356\n710\n172\n-\n1,599\n차 량\n22\n45\n59\n119\n452\n-\n697\n합\xa0 계\n140\n288\n415\n829\n624\n-\n2,296\n(3) 당기 중 리스 인식 면제 내역은 다음과 같습니다.\n(단위 : 백만원)\n구\xa0 분\n당\xa0 기\n소액자산리스료\n56\n단기리스료\n864\n합\xa0 계\n920\n13. 종속기업에 대한 투자자산당기말과 전기말 현재 종속기업에 대한 투자자산의 내역은 다음과 같습니다.\n(단위: 백만원)\n회사명\n소재지\n결산월\n제 19(당) 기말\n제 18(전) 기말\n지분율(%)\n장부금액\n지분율(%)\n장부금액\n신한은행\n대한민국\n12월\n100.0\n13,617,579\n100.0\n13,617,579\n신한카드\n대한민국\n12월\n100.0\n7,919,672\n100.0\n7,919,672\n신한금융투자(*1)\n대한민국\n12월\n100.0\n3,001,420\n100.0\n2,341,420\n오렌지라이프생명(*2)\n대한민국\n12월\n59.2\n2,307,315\n-\n-\n신한생명\n대한민국\n12월\n100.0\n\xa0982,775\n100.0\n982,775\n신한캐피탈\n대한민국\n12월\n100.0\n408,922\n100.0\n408,922\n제주은행(*3)\n대한민국\n12월\n75.3\n179,643\n71.9\n174,493\n신한BNPP자산운용\n대한민국\n12월\n65.0\n91,565\n65.0\n91,565\n신한대체투자운용\n대한민국\n12월\n100.0\n14,783\n100.0\n14,783\n신한신용정보\n대한민국\n12월\n100.0\n15,385\n100.0\n15,385\nSHC매니지먼트\n대한민국\n12월\n100.0\n8,655\n100.0\n8,655\n신한디에스\n대한민국\n12월\n100.0\n13,026\n100.0\n13,026\n신한저축은행\n대한민국\n12월\n100.0\n107,065\n100.0\n107,065\n신한아이타스\n대한민국\n12월\n99.8\n50,092\n99.8\n50,092\n신한리츠운용\n대한민국\n12월\n100.0\n30,000\n100.0\n30,000\n아시아신탁(*4)\n대한민국\n12월\n60.0\n190,378\n-\n-\n신한에이아이(*5)\n대한민국\n12월\n100.0\n42,000\n-\n-\n합\xa0 계\n28,980,275\n25,775,432\n(*1) 당기 중 6,600억원 규모의 유상증자에 참여하였습니다.\xa0\xa0\xa0\n(*2)\xa0당기 중 오렌지라이프생명보험 주식회사의 지분 59.15%를 취득하였습니다.\n(*3) 당기 중 당사의 최대주주인 국민연금으로부터 제주은행 주식 1,100,000주를 매입하였습니다.\n(*4) 당기 중 아시아신탁 지분 60.0%를 인수하였습니다.\n(*5) 당기 중 신한에이아이를 설립하였습니다.\n14. 기타자산당기말과 전기말 현재 기타자산의 내역은 다음과 같습니다.\n(단위: 백만원)\n구\xa0 분\n제 19(당) 기말\n제 18(전) 기말\n임차보증금\n13,195\n13,810\n현재가치할인차금\n(204)\n(279)\n미수금\n560,932\n455,184\n미수수익\n6,607\n5,117\n선급금\n398\n232,792\n선급비용\n281\n1,480\n잡자산\n11\n12\n소\xa0 계\n581,220\n708,116\n대손충당금\n(333)\n(344)\n합\xa0 계\n580,887\n707,772\n15. 차입부채당기말과 전기말 현재 차입부채의 종류별 내역은 다음과 같습니다.\n(단위: 백만원)\n구\xa0 분\n제 19(당) 기말\n제 18(전) 기말\n이자율\n금 액\n이자율\n금 액\n원화차입금(CP)\n-\n-\n2.23% ~ 2.33%\n125,000\n16. 사채당기말과\xa0전기말 현재 사채의 종류별 내역은 다음과 같습니다.\n(단위: 백만원)\n과\xa0 목\n제 19(당) 기말\n제 18(전) 기말\n이자율\n금 액\n이자율\n금 액\n원화사채\n일반사채\n\xa01.41% ~ 3.56%\xa0\n\xa0 8,230,000\xa0\n1.44% ~ 3.56%\n\xa0 7,470,000\xa0\n후순위사채\n3.44%\n350,000\n3.44%\n\xa0 350,000\xa0\n사채할인발행차금\n\u3000\n\xa0 (7,929)\n\xa0 (7,642)\n소\xa0 계\n\u3000\n\xa0 8,572,071\xa0\n\xa0 7,812,358\xa0\n외화사채\n후순위사채\n3.34%\n\xa0 578,900\xa0\n-\n-\n사채할인발행차금\n\u3000\n\xa0 (3,331)\n-\n소\xa0 계\n\u3000\n\xa0 575,569\xa0\n-\n합\xa0 계\n\u3000\n\xa0 9,147,640\xa0\n7,812,358\n17. 확정급여부채\xa0(1) 확정급여제도 자산 및 부채당기말과 전기말 현재 확정급여제도 하의 자산 및 부채의 내역은 다음과 같습니다.\n(단위: 백만원)\n구\xa0 분\n제 19(당) 기말\n제 18(전) 기말\n확정급여채무의 현재가치\n22,137\n19,796\n사외적립자산의 공정가치\n(17,286)\n(16,394)\n확정급여제도의 부채 인식액\n4,851\n3,402\n(2)\xa0순확정급여부채 증감내역당기와 전기 중 순확정급여부채의 증감내역은 다음과 같습니다.1) 제 19(당) 기\n(단위: 백만원)\n구\xa0 분\n확정급여채무\n사외적립자산\n순확정급여부채\n기\xa0 초\n\xa0 19,796\xa0\n\xa0 (16,394)\n\xa0 3,402\xa0\n당기손익인식:\n당기근무원가\n1,930\n-\n1,930\n순이자\n594\n(488)\n106\n소\xa0 계\n2,524\n(488)\n2,036\n기타포괄손익인식:\n재측정요소\n1) 보험수리적손익\n인구통계적 가정\n418\n-\n418\n재무적 가정\n582\n-\n582\n경험 조정\n1,469\n-\n1,469\n2) 사외적립자산 수익\n-\n250\n250\n소\xa0 계\n2,469\n250\n2,719\n기타:\n급여지급액\n(1,377)\n1,489\n112\n사용자의 기여금\n-\n(2,143)\n(2,143)\n종속기업으로의 승계분\n(1,275)\n-\n(1,275)\n소\xa0 계\n(2,652)\n(654)\n(3,306)\n기\xa0 말\n22,137\n(17,286)\n4,851\n2)\xa0제 18(전) 기\n(단위: 백만원)\n구\xa0 분\n확정급여채무\n사외적립자산\n순확정급여부채\n기\xa0 초\n17,090\n(14,342)\n2,748\n당기손익인식:\n당기근무원가\n1,769\n-\n1,769\n순이자\n621\n(581)\n40\n소\xa0 계\n2,390\n(581)\n1,809\n기타포괄손익인식:\n재측정요소\n1) 보험수리적손익\n재무적 가정\n991\n-\n991\n경험 조정\n(249)\n-\n(249)\n2) 사외적립자산 수익\n-\n416\n416\n소\xa0 계\n742\n416\n1,158\n기타:\n급여지급액\n(1,251)\n1,153\n(98)\n사용자의 기여금\n-\n(3,040)\n(3,040)\n종속기업으로부터 승계분\n825\n-\n825\n소\xa0 계\n(426)\n(1,887)\n(2,313)\n기\xa0 말\n19,796\n(16,394)\n3,402\n(*) 확정급여제도 관련 손익은 전액 일반관리비에 포함되어 있습니다.\n(3) 유형별 사외적립자산의 내역당기말과 전기말 현재 사외적립자산은\xa0전액 예금으로 구성되어 있습니다.\n(4) 보험수리적가정당기말과 전기말 현재 보험수리적 가정의 내역은 다음과 같습니다.\n구\xa0\xa0 분\n제 19(당) 기말\n제 18(전) 기말\n비\xa0 고\n할인율\n2.81%\n3.10%\nAA0 회사채 수익률\n미래임금상승률\n\xa02.33%+승급률\xa0\n2.33%+승급률\n과거 5개년의 평균\n(5) 민감도 분석당기말과 전기말 현재 유의적인 각각의 보험수리적 가정이 발생가능한 합리적인 범위 내에서 변동한다면 확정급여채무에 미치게 될 영향은 다음과 같습니다.\n(단위: 백만원)\n구 분\n확정급여채무의 현재가치\n제 19(당) 기말\n제 18(전) 기말\n1%p 증가\n1%p 감소\n1%p 증가\n1%p 감소\n할인율\n(1,900)\n2,162\n(1,560)\n1,763\n임금인상율\n2,153\n(1,928)\n1,761\n(1,587)\n(6) 당기말과 전기말 현재 확정급여채무의 가중평균만기는\xa0각각\xa09.4년\xa0및 8.6년입니다.\n18. 기타부채\xa0당기말과 전기말 현재 기타부채의 내역은 다음과 같습니다.\n(단위: 백만원)\n구\xa0 분\n제 19(당) 기말\n제 18(전) 기말\n미지급금\n42,681\n33,521\n미지급비용\n132,625\n100,934\n미지급법인세\n444,360\n369,033\n미지급배당금\n3,739\n19,476\n리스부채(*1)\n2,256\n-\n선수수익\n-\n104\n제세예수금\n57\n336\n합\xa0 계\n625,718\n523,404\n(*1) 당기말 현재 당사는 리스부채를 기타부채로 계상하고 있으며, 당기중\xa0 리스부채에 대한 이자비용은 50백만원 입니다.\n19. 자본(1)\xa0당기말과 전기말 현재 자본의 내역은 다음과 같습니다.\n(단위: 백만원)\n구\xa0 분\n제 19(당) 기말\n제 18(전) 기말\n자본금\n보통주자본금\n2,370,998\n2,370,998\n우선주자본금(*1)\n361,465\n274,055\n소\xa0 계\n2,732,463\n2,645,053\n신종자본증권\n1,731,235\n1,531,759\n자본잉여금\n주식발행초과금(*1)\n10,155,150\n9,494,769\n기타자본잉여금\n73\n73\n소\xa0 계\n10,155,223\n9,494,842\n자본조정(*2)\n(600,000)\n(155,923)\n기타포괄손익누계액\n(7,420)\n(5,449)\n이익잉여금\n이익준비금(*3)\n2,191,678\n2,068,190\n대손준비금\n8,728\n7,572\n손해배상책임준비금\n2,000\n2,000\n미처분이익잉여금\n6,251,519\n6,062,024\n소\xa0 계\n8,453,925\n8,139,786\n합\xa0 계\n22,465,426\n21,650,068\n(*1)\xa0당기 중\xa07,500억원 규모의 전환우선주가 발행되었습니다. 투자자는 발행일로부터 1년 이후의 날로부터 4년이 되는 날의 전날까지 전환을 청구할 수 있고 4년까지 전환되지\xa0않은 전환우선주식은 4년이 되는 날 보통주식으로 자동 전환됩니다.\n(*2) 당기와 전기 중 당사는 자사주신탁을 통하여 자기주식을 취득하였으며, 취득 시 지급하거나 수취한 대가는 자본에서 직접 인식하고 있습니다.\n(*3)\xa0당기말\xa0현재 법령 등에 의하여 이익배당이 제한되어 있는 사용이 제한된 이익잉여금으로서, 당사는 금융지주회사법 제53조의 규정에 따라 이익준비금이 자본금의 총액에 달할 때까지 결산순이익금을 배당할 때마다 그 순이익금의 100분의 10 이상을 이익준비금으로 적립하고 있으며, 동 적립금은 결손보전과 자본전입 이외의 목적으로는 사용될 수 없습니다.\n(2) 신종자본증권당기말과\xa0전기말 현재 자본으로 분류된 신종자본증권은 다음과 같습니다.\n(단위: 백만원)\n구\xa0 분\n발행일\n만기일\n이자율\n제 19(당) 기말\n제 18(전) 기말\n원화신종자본증권\n2015-06-25\n2045-06-25\n4.38%\n199,455\n199,455\n2017-09-15\n-\n3.77%\n134,683\n134,683\n2017-09-15\n-\n4.25%\n89,783\n89,783\n2018-04-13\n-\n4.08%\n134,678\n134,678\n2018-04-13\n-\n4.56%\n14,955\n14,955\n2018-08-29\n-\n4.15%\n398,679\n398,679\n2019-06-28\n-\n3.27%\n199,476\n-\n외화신종자본증권\n2018-08-13\n-\n5.88%\n559,526\n559,526\n합\xa0 계\n1,731,235\n1,531,759\n상기 신종자본증권은 발행일 이후 5년 또는 10년이 지난 후\xa0당사가\xa0조기상환할 수 있으며, 영구채이거나 만기일에 동일한 조건으로 만기를 연장할 수 있습니다. 또한, 보통주에 대한 배당을 지급하지 않기로 결의한 경우 약정이자를 지급하지 아니할\xa0수 있습니다.\xa0(3) 자본조정당기와\xa0전기 중 자본조정의 변동내역은 다음과 같습니다.\n(단위: 백만원)\n구\xa0 분\n제 19(당) 기\n제 18(전) 기\n기초금액\n\xa0 (155,923)\n(1,139)\n이익잉여금 처분(신종자본증권 상환손실)\n-\n1,139\n자기주식 취득\n\xa0 (444,077)\n(155,923)\n기말금액\n\xa0 (600,000)\n(155,923)\n(4) 기타포괄손익누계액당기와 전기 중 기타포괄손익누계액의 변동내역은 다음과 같습니다.\n(단위: 백만원)\n구\xa0 분\n제 19(당) 기\n제 18(전) 기\n기초금액\n(5,449)\n(4,610)\n확정급여부채의 재측정요소\n(2,719)\n(1,158)\n법인세 효과\n748\n319\n기말금액\n(7,420)\n(5,449)\n(5) 대손준비금당사는\xa0한국채택국제회계기준에 따른 대손충당금 적립액이 감독규정상 대손충당금 최저적립액에 미달하는 경우, 그 미달하는 금액을 매 결산시 대손준비금으로 적립하고 있습니다.\n1)\xa0당기말과 전기말 현재 대손준비금의 내역은 다음과 같습니다.\n(단위 : 백만원)\n구\xa0 분\n제 19(당) 기말\n제 18(전) 기말\n대손준비금 기적립액\n8,728\n7,572\n기업회계기준서 제1109호 전환효과\n-\n(32)\n대손준비금 적립예정금액\n3,260\n1,188\n대손준비금 잔액\n11,988\n8,728\n2)\xa0당기 및 전기\xa0중 대손준비금 반영후 조정이익 등은 다음과 같습니다.\n(단위: 백만원)\n구\xa0 분\n제 19(당) 기\n제 18(전) 기\n당기순이익\n1,129,173\n1,234,883\n대손준비금 조정\n(3,260)\n(1,188)\n대손준비금 반영후 조정이익\n1,125,913\n1,233,695\n대손준비금 반영후 주당 조정이익(*)\n2,229원\n2,519원\n(*) 신종자본증권이자 금액이 차감되어 있습니다.\n(6) 자기주식\n당기와 전기 중 자기주식 취득내역은 다음과 같습니다.1) 제19(당) 기\n(단위: 백만원)\n구\xa0 분\n기초\n취득\n처분\n당기말\n주식수\xa0\n3,648,659주\n10,233,403주\n-\n13,882,062주\n장부금액\xa0\n155,923\n444,077\n-\n600,000\n2) 제18(전) 기\n(단위: 백만원)\n구\xa0 분\n기초\n취득\n처분\n전기말\n주식수\xa0\n-\n3,648,659주\n-\n3,648,659주\n장부금액\xa0\n-\n155,923\n-\n155,923\n주주가치 제고를 위해 삼성증권㈜과 자사주신탁계약을 체결하였으며, 이를 통해 자기주식을 취득하고 있습니다.\n(7) 이익잉여금 처분계산서\xa0당기와 전기 당사의 이익잉여금 처분계산서는 다음과 같습니다.\n(단위: 백만원)\n내\xa0 용\n제 19(당) 기\n제 18(전) 기\n처분예정일: 2020년 3월\xa026일\n처분확정일: 2019년 3월\xa027일\nⅠ. 미처분이익잉여금\n\xa0 6,251,519\xa0\n6,062,024\n\xa0 1. 전기이월미처분이익잉여금\n\xa0 5,184,339\xa0\n\u3000\n4,867,521\n\xa0 2. 회계정책 변경효과\n\u3000-\n\u3000\n(23)\n\xa0 3. 신종자본증권 이자\n\xa0 (61,993)\n\u3000\n(40,357)\n\xa0 4. 당기순이익\n\xa0 1,129,173\xa0\n\u3000\n1,234,883\nⅡ.\xa0이익잉여금처분액\n\u3000\n\xa01,000,106\xa0\n877,685\n\xa0 1. 이익준비금\n112,917\n\u3000\n123,488\n\xa0 2. 보통주배당금\n851,587\n\u3000\n753,041\n\xa0 3.우선주배당금\n32,342\n\u3000\n-\n\xa0 4. 대손준비금전입액\n\xa0 3,260\xa0\n\u3000\n1,156\nⅢ.\xa0차기이월미처분이익잉여금\n\xa05,251,413\xa0\n5,184,339\n20. 배당금\xa0(1) 당기와 전기 중 배당금의 내역은 다음과 같습니다.\n(단위: 백만원)\n구\xa0 분\n제 19(당) 기(*1)\n제 18(전) 기\n보통주\n\xa0총발행주식수(주)\n474,199,587\n474,199,587\n\xa0주당액면금액(원)\n5,000\n5,000\n\xa01주당배당금(원)\n1,850\n1,600\n\xa0금\xa0 액(*2)\n851,587\n753,041\n\xa0액면배당률 (%)\n37.0\n32.0\n전환우선주\n\xa0총발행주식수(주)\n17,482,000\n-\n\xa0주당액면금액(원)\n5,000\n-\n\xa01주당배당금(원)\n1,850\n-\n\xa0금\xa0 액\n32,342\n-\n\xa0액면배당률 (%)\n37.0\n-\n(*1) 당기 배당금(안)은\xa02020년\xa03월 26일에 부의될 예정으로 당해 기간 동안에 소유주에 대한 분배금으로 인식되지 아니한 배당금액입니다.\n(*2) 자기주식을 제외한 보통주의 배당금으로 구성되어 있습니다.\n(2) 당기와 전기 중 신종자본증권이자 계산 내역은 다음과 같습니다.\n(단위: 백만원)\n구\xa0 분\n제 19(당) 기\n제 18(전) 기\n신종자본증권 액면금액\n1,738,150\n1,538,150\n이자율\n\xa03.27% ~ 5.88%\xa0\n3.77% ~ 5.88%\n신종자본증권이자\n61,993\n40,357\n21. 순이자손익당기와 전기\xa0중 순이자손익의 내역은 다음과 같습니다.\n(단위: 백만원)\n구\xa0 분\n제 19(당) 기\xa0\n제 18(전) 기\xa0\n이자수익\n현금 및 상각후원가측정 예치금\n1,559\n777\n상각후원가측정 대출채권\n38,742\n31,051\n기타\n268\n268\n소\xa0 계\n40,569\n32,096\n이자비용\n원화차입금\n(1,800)\n(154)\n원화사채\n(204,965)\n(187,728)\n기타\n(50)\n-\n소\xa0 계\n(206,815)\n(187,882)\n순이자손익\n(166,246)\n(155,786)\n22.\xa0순수수료손익당기와 전기\xa0중 순수수료손익의 내역은 다음과 같습니다.\n(단위: 백만원)\n구\xa0 분\n제 19(당) 기\n제 18(전) 기\n수수료수익\n브랜드수수료\n49,754\n49,752\n기타\n10\n11\n소\xa0 계\n49,764\n49,763\n수수료비용\n기타\n(922)\n(354)\n순수수료손익\n48,842\n49,409\n23. 배당수익당기와 전기\xa0중\xa0배당수익의 내역은 다음과 같습니다.\n(단위: 백만원)\n구\xa0 분\n제 19(당) 기\n제 18(전) 기\n종속기업 배당수익\n\xa0 1,320,944\xa0\n1,407,674\n24.\xa0신용손실충당금\xa0환입(전입)액당기\xa0중 신용손실충당금\xa0환입(전입액)의 내용은 다음과 같습니다.\n(단위: 백만원)\n구\xa0 분\n제 19(당) 기\n제 18(전) 기\n신용손실충당금 환입(전입)액\n91\n(1,454)\n25. 당기손익-공정가치측정 금융상품 관련손익당기 중 당기손익-공정가치측정 금융상품 관련손익의 내역은 다음과 같습니다.\n(단위: 백만원)\n구\xa0 분\n제 19(당) 기\n제 18(전) 기\n수익증권\n평가이익\n500\n7,453\n처분이익\n17,897\n15,986\n파생상품\n평가손익\n1,520\n-\n합\xa0 계\n19,917\n23,439\n26. 일반관리비당기와 전기\xa0중\xa0일반관리비의 내역은 다음과 같습니다.\n(단위: 백만원)\n구\xa0 분\n제 19(당) 기\n제 18(전) 기\n종업원 급여\n급여 및 상여\n37,081\n30,471\n퇴직급여\n2,036\n1,809\n임차료\n794\n2,574\n리스료\n1,006\n-\n접대비\n2,075\n1,688\n감가상각비\n2,692\n594\n무형자산상각비\n66\n89\n제세공과금\n625\n613\n광고선전비\n37,026\n28,398\n기타의 관리비\n22,441\n16,506\n합\xa0 계\n105,842\n82,742\n27. 주식기준보상당기말 현재 당사가 보유하고 있는 주식기준보상약정은 다음과 같습니다.(1) 주식매수선택권\n(단위: 주, 원)\n구분\n5차 부여분(*1)\n6차 부여분(*1)\n7차 부여분(*1)(*2)\n① 유형\xa0\n현금결제형\n현금결제형\n현금결제형\n② 권리부여일\xa0\n2006.3.21\n2007.3.20\n2008.3.19\n③ 행사가격\xa0\n38,829원\n54,560원\n49,053원\n④ 최초 부여수량\xa0\n3,296,200주\n1,301,050주\n808,700주\n⑤ 행사가능종료일\xa0\n2019.8.21\n2020.8.19\n2021.5.17 / 2021.9.17\n⑥ 수량변동내역\xa0\n\xa0 \xa0\xa0 기초\xa0\n2,500주\n58,764주\n45,628주\n\xa0 \xa0\xa0\xa0행사 및 취소\n2,500주\n-\n9,466주\n\xa0 \xa0\xa0 당기말\xa0\n-\n58,764주\n36,162주\n⑦ 단위당 공정가치\xa0\n-\n88원\n2021.5.17 행사기간 만료 : 1,122원2021.9.17 행사기간 만료 : 1,301원\n(*1) 당기말 현재 주식매수선택권은 모두 가득되었으며, 잔여수량 94,926개의 가중평균행사가격은 52,462원입니다.\n(*2)\xa0당기말 현재 7차 부여분 중\xa09,466주는\xa0당기 중\xa0취소되었습니다.\xa0\n(2) 성과연동형 주식보상\n구분\n운영기간 종료\n운영기간 미종료\n\xa0① 유형\n현금결제형\n\xa0② 성과조건\n\xa02013년 부여분까지 상대주가연동(33.4%) 및 경영지표연동(66.6%) 2014년 부여분부터 상대주가연동(20.0%) 및 경영지표연동(80.0%)\n\xa0③ 운영기간\n부여일이 속한 연도의 개시일로부터 4년 (이연지급대상의 경우 5년)까지로 함\n\xa0④ 보고기간종료일 현재 추정 가득수량\n20,427주\n2,074,713주\n\xa0⑤ 단위당 공정가치\n2015년말 운영기간 종료 : 40,889원2016년말 운영기간 종료 : 45,766원2017년말 운영기간 종료 : 49,405원2018년말 운영기간 종료 : 40,580원2019년말 운영기간 종료 : 44,222원\n43,350원\n성과연동형 주식보상에 따라 부여연도 개시일 기준 4년 후(이연대상 부여수량의 경우 5년 후)의 기준주가(기준일 전일로부터 과거 2개월, 과거 1개월, 과거 1주간 거래량 가중평균주가의 산술평균)를 현금으로 지급하는 바, 향후 지급할 기준주가의 공정가치를 매 결산시점 종가로 평가하고 있습니다. 성과연동형 주식보상에 대해서 당사에서는 현금결제형으로, 종속기업에서는 주식결제형으로 회계처리하고 있습니다.\n(3) 주식기준보상비용당사가 당기 및 전기 중 인식한 주식보상비용은 다음과 같습니다.1) 제 19(당) 기\n\xa0(단위: 백만원)\n구분\n지주회사 임직원\n종속회사 임직원\n합\xa0 계\n5차 주식매수선택권\n-\n9\n9\n6차 주식매수선택권\n(3)\n(15)\n(18)\n7차 주식매수선택권\n(5)\n(6)\n(11)\n성과연동형 주식보상\n4,678\n32,646\n37,324\n합\xa0 계\n4,670\n32,634\n37,304\n2) 제 18(전) 기\n\xa0(단위: 백만원)\n구분\n지주회사 임직원\n종속회사 임직원\n합\xa0 계\n4차 주식매수선택권\n-\n(14)\n(14)\n5차 주식매수선택권\n-\n(19)\n(19)\n6차 주식매수선택권\n(23)\n(139)\n(162)\n7차 주식매수선택권\n(59)\n(86)\n(145)\n성과연동형 주식보상\n1,154\n9,768\n10,922\n합\xa0 계\n1,072\n9,510\n10,582\n(4) 미지급비용 및 내재가치당사가 당기말 및 전기말 현재 주식기준보상거래와 관련하여 인식한 미지급비용 및 내재가치의 내역은 다음과 같습니다.1) 제 19(당)\xa0기말\n\xa0(단위: 백만원)\n구\xa0 분\n미지급비용(*1)\n지주회사 임직원\n종속회사 임직원(*2)\n합계\n\xa06차 주식매수선택권\n1\n4\n5\n\xa07차 주식매수선택권\n19\n27\n46\n\xa0성과연동형 주식보상\n10,003\n81,352\n91,355\n\xa0합\xa0 계\xa0\n10,023\n81,383\n91,406\n(*1)\xa0당기말 현재 가득된 주식기준보상거래의 내재가치는 현재 총\xa091,355백만원으로, 주식매수선택권은 종가 43,350원을 기준으로 내재가치를 계산하였으며, 성과연동형 주식보상은 공정가치를 내재가치로 보았습니다.\n(*2)\xa0당사는 상기 주식기준보상약정을 당사 및 종속기업 임직원에게 부여하고 종속기업 임직원에게 지급하는 경우 해당 종속기업에서 보전받는 바, 당기말 현재 종속기업에서 보전받을 금액\xa081,383백만원을 미수금으로 인식하고 있습니다.\n2) 제 18(전) 기말\n\xa0(단위: 백만원)\n구분\n미지급비용(*1)\n지주회사 임직원\n종속회사 임직원(*2)\n합계\n\xa05차 주식매수선택권\n-\n7\n7\n\xa06차 주식매수선택권\n3\n20\n23\n\xa07차 주식매수선택권\n24\n33\n57\n\xa0성과연동형 주식보상\n7,328\n61,790\n69,118\n\xa0합\xa0 계\xa0\n7,355\n61,850\n69,205\n(*1)\xa0전기말 현재 가득된 주식기준보상거래의 내재가치는 현재 총\xa069,120백만원으로, 주식매수선택권은 종가 39,600원을 기준으로 내재가치를 계산하였으며, 성과연동형 주식보상은 공정가치를 내재가치로 보았습니다.\n(*2)\xa0당사는 상기 주식기준보상약정을 당사 및 종속기업 임직원에게 부여하고 종속기업 임직원에게 지급하는 경우 해당 종속기업에서 보전받는 바, 전기말 현재 종속기업에서 보전받을 금액\xa061,850백만원을미수금으로 인식하고 있습니다.\n28. 영업외손익당기와 전기 중 영업외손익의 내역은 다음과 같습니다.\n(단위: 백만원)\n구\xa0 분\n제 19(당) 기\n제 18(전) 기\n영업외수익\n무형자산손상차손환입\n-\n27\n리스사용권자산해지이익\n20\n-\n기타\n484\n382\n소\xa0 계\n504\n409\n영업외비용\n리스사용권자산해지손실\n(29)\n-\n기부금\n(1,517)\n(487)\n기타\n(26)\n-\n소\xa0 계\n(1,572)\n(487)\n영업외손익\n(1,068)\n(78)\n29. 영업수익당기 및 전기\xa0중\xa0영업수익의 내역은 다음과 같습니다.\n(단위: 백만원)\n\u3000구\xa0 분\n제 19(당) 기\n제 18(전) 기\n배당수익\n1,320,944\n1,407,674\n수수료수익\n49,764\n49,763\n이자수익\n40,569\n32,096\n당기손익-공정가치측정금융상품관련이익\n19,917\n23,439\n외환거래이익\n46,412\n6,225\n신용손실충당금환입\xa0\n91\n-\n기타영업이익\n2,333\n-\n합\xa0 계\n1,480,030\n1,519,197\n30. 법인세\n(1)\xa0당기와 전기 중 법인세비용의 구성요소는 다음과 같습니다.\n(단위: 백만원)\n구\xa0 분\n제 19(당) 기\n제 18(전) 기\n당기 법인세 환급액\n-\n-\n일시적차이로 인한 이연법인세 변동액\n1,174\n1,152\n자본에 직접 반영된 법인세\n748\n319\n법인세비용\n1,922\n1,471\n(2) 당기와 전기 중 법인세비용과 회계이익의 관계는 다음과 같습니다.\n(단위: 백만원)\n구\xa0 분\n제 19(당) 기\n제 18(전) 기\n법인세비용차감전순이익\n1,131,095\n1,236,354\n적용세율에 따른 세부담액\n311,051\n339,997\n조정사항:\n\xa0 비과세수익으로 인한 차이 조정\n(319,666)\n(350,512)\n\xa0 비공제비용으로 인한 차이 조정\n980\n581\n\xa0 기타\n9,557\n11,405\n법인세비용\n1,922\n1,471\n평균유효세율\n0.17%\n0.12%\n(3)\xa0당기와 전기 중 일시적차이 및 이연법인세자산(부채)의 증감내역은 아래와 같습니다.1)\xa0제 19(당) 기\n(단위: 백만원)\n구 분\n기초잔액\n당기손익반영\n기타포괄손익반영\n기말잔액\n당기손익-공정가치측정금융상품\n(1,994)\n1,882\n-\n(112)\n외화환산손익\n815\n(4,770)\n-\n(3,955)\n감가상각누계액\n(6)\n-\n-\n(6)\n대손충당금\n460\n(12)\n-\n448\n확정급여채무\n5,244\n164\n680\n6,088\n사외적립자산\n(4,317)\n(505)\n68\n(4,754)\n주식기준보상\n7\n(2)\n-\n5\n미지급비용\n2,839\n867\n-\n3,706\n미수이자\n(485)\n485\n-\n-\n리스자산\n-\n(661)\n-\n(661)\n리스부채\n-\n621\n-\n621\n기타\n70\n10\n-\n80\n합 계\n2,633\n(1,921)\n748\n1,460\n2)\xa0제 18(전) 기\n(단위: 백만원)\n구 분\n기초잔액\n당기손익반영\n기타포괄손익반영\n기말잔액\n당기손익-공정가치측정금융상품\n(161)\n(1,833)\n-\n(1,994)\n외화환산손익\n-\n815\n-\n815\n감가상각누계액\n(6)\n-\n-\n(6)\n대손충당금(*)\n139\n321\n-\n460\n확정급여채무\n4,700\n340\n204\n5,244\n사외적립자산\n(3,944)\n(488)\n115\n(4,317)\n주식기준보상\n30\n(23)\n-\n7\n미지급비용\n2,963\n(124)\n-\n2,839\n미수이자\n-\n(485)\n-\n(485)\n기타\n64\n6\n-\n70\n합 계\n3,785\n(1,471)\n319\n2,633\n(*) 기업회계기준서 제1109호 적용으로 인한 법인세 효과 9백만원은 전기초잔액과 이익잉여금에 직접 반영되었습니다.\n(4) 당기말과 전기말 현재 재무상태표에 이연법인세자산으로 인식되지 않은 차감할 일시적 차이 내역은 아래와 같습니다.\n(단위: 백만원)\n구\xa0 분\n제 19(당) 기말\n제 18(전) 기말\n이월결손금이월액\n-\n99,449\n기타누적일시적 차이\n51\n52\n합\xa0 계\n51\n99,501\n(5) 보고기간종료일 현재 이연법인세자산으로 인식되지 않은 이월결손금 및 세액공제\xa0이월액은 없습니다.(6) 당사의 이연법인세자산과 이연법인세부채에 대해서 동일 과세당국이 부과하는 법인세이며 당사가 당기법인세자산과 당기법인세부채를 상계할 수 있는 법적으로 집행가능한 권리와 의도를 가지고 있는 경우에만 이연법인세자산과 이연법인세부채를 상계하여 재무상태표에 표시하였습니다.(7) 당기말과 전기말 현재 상계전 총액기준에 의한 이연법인세자산과 부채의 내역은 다음과 같습니다.\n(단위: 백만원)\n구분\n제 19(당) 기말\n제 18(전) 기말\n이연법인세자산\n10,948\n9,435\n이연법인세부채\n(9,488)\n(6,802)\n(8)\xa0당사는 보고기간말 현재 7건(청구금액: 약 34,449백만원)에 대해 세무당국 및 법원에 법인세 환급을 위한 불복절차를 진행하고 있습니다.\xa0해당 소송 등에서 승소 가능성이 높아질 경우 당사는 이와 관련된 자산을 인식 할 예정입니다.\n31. 주당이익당기와 전기의 주당이익은 다음과 같습니다.\n(단위: 백만원)\n내용\n제 19(당) 기\n제 18(전) 기\n당기순이익\n1,129,173\n1,234,883\n차감 : 신종자본증권이자\n61,993\n40,357\n보통주 귀속 당기순이익\n1,067,180\n1,194,526\n가중평균유통보통주식수(*)\n477,346,731주\n473,649,076주\n기본 및 희석 주당이익\n2,236원\n2,522원\n(*)\xa0당사가 발행한 보통주식수는 474,199,587주이며, 상기 가중평균유통주식수는 기중 취득한 자기주식과\xa02019년 5월 1일에 발행한 전환우선주 17,482,000주를 반영하여 산출하였습니다.\xa0당기\xa0중 발행된 전환우선주를 보통주식수에 포함하지 않을 경우,당기 순이익에 해당하는 기본 및 희석 주당이익은\xa02,292원입니다.\xa0또한 보고기간후사건으로 향후 유통보통주식수에 영향을 미칠 수 있는 거래는 주석 35에서 설명하고 있습니다.\n32. 약정사항\xa0및 우발상황(1) 약정사항당사는 아시아신탁 주식회사의 지분(전체 지분의 60%)을 인수하는 계약을 체결하면서 추가 지분(전체 지분의 35%)을 취득할 수 있는 주주간 약정을 체결하였습니다. 동약정에 따라 당사는 아시아신탁 주식회사 주주가 보유하는 지분을 매수할 수 있는 권리가 있으며, 이에 대응하여 아시아신탁 주식회사 주주는 당사에 매수할 것을 청구할수 있는 권리를 보유하고 있습니다.당기말 현재 해당 약정에 따라 파생상품자산과 파생상품부채를 각각\xa024,352백만원, 17,687백만원을 인식하고 있습니다.\xa0(주석\xa08)(2) 계류중인 소송 사건당기말 현재 당사가 피고로 계류중인 소송사건은 1건(소송금액 400백만원)이 있습니다. 소송결과는 재무제표에 중대한 영향을 미치지 않을 것으로 예측되고 있으나, 추가적인 손실이 발생할 수도 있습니다.\n33. 현금흐름표(1)\xa0현금흐름표상의 당기말과 전기말 현재 현금 및 현금성자산의 내역은 다음과 같습니다.\n(단위: 백만원)\n구\xa0 분\n제 19(당) 기말\n제 18(전) 기말\n취득일로부터 만기일이 3개월 이내인 예치금\n\xa0 164\xa0\n48,628\n(2) 당기와 전기 중 현금의 유입과 유출이 없는 거래의 주요 내용은 다음과 같습니다.\n(단위: 백만원)\n\u3000구\xa0 분\n제 19(당) 기\n제 18(전) 기\n종속기업 임직원에게 부여된 주식기준보상거래\n19,533\n1,278\n연결납세에 따른 미수금과 미지급법인세의 계상\n479,445\n393,317\n사용권자산 관련 거래\n4,285\n-\n자사주 취득 관련 미지급금\n-\n3,931\n(3) 당기 및 전기 중 재무활동으로 발생한 부채의 변동내역은 다음과 같습니다. 1) 제 19(당) 기\n(단위: 백만원)\n구\xa0 분\n차입부채\n사채\n리스부채(*)\n합\xa0 계\n기초\n125,000\n7,812,358\n2,023\n7,939,381\n현금흐름변동\n(125,000)\n1,350,764\n(1,614)\n1,224,150\n비현금흐름변동\n\xa0 이자비용(상각)\n-\n2,911\n50\n2,961\n\xa0 외화차이\n-\n(18,393)\n-\n(18,393)\n\xa0 기타\n-\n-\n1,797\n1,797\n기말\n-\n9,147,640\n2,256\n9,149,896\n(*)기업회계기준서 제 1116호 적용으로 인한 당기초 리스부채 금액이 반영되어\xa0있습니다.\xa0상기 리스부채로 인식하지 않은 소액리스료 및 단기리스료로 인한 현금유출액은 각각\xa050백만원,\xa0776백만원\xa0입니다.2) 제 18(전) 기\n(단위: 백만원)\n구\xa0 분\n차입부채\n사채\n합\xa0 계\n기초\n5,000\n7,003,622\n7,008,622\n현금흐름변동\n120,000\n806,138\n926,138\n비현금흐름변동\n\xa0 이자비용(상각)\n-\n2,598\n2,598\n기말\n125,000\n7,812,358\n7,937,358\n34. 특수관계자 거래(1)\xa0당기 및 전기\xa0중 당사와 특수관계자와의 중요한 거래내역은 다음과 같습니다.\n(단위: 백만원)\n특수관계자명\n계정과목\n제 19(당) 기\n제 18(전) 기\n<수익>\n신한은행\n이자수익\n263\n268\n수수료수익\n32,300\n31,608\n배당수익\n890,000\n540,000\n기타영업외수익\xa0\n20\n-\n신한카드\n이자수익\n20,138\n14,953\n수수료수익\n8,275\n8,979\n배당수익\n337,745\n600,018\n기타영업외수익\xa0\n8\n-\n신한금융투자\n이자수익\n572\n173\n수수료수익\n4,610\n4,643\n배당수익\n20,000\n145,000\n신한생명\n이자수익\n4,769\n1,772\n수수료수익\n2,410\n2,481\n배당수익\n-\n58,000\n대손충당금환입\n284\n-\n오렌지라이프\n배당수익\n38,800\n-\n신한캐피탈\n이자수익\n10,934\n12,276\n수수료수익\n1,026\n1,010\n배당수익\n15,480\n50,342\n대손충당금환입\n63\n-\n제주은행\n수수료수익\n648\n577\n배당수익\n2,310\n1,524\n신한BNPP자산운용\n수수료수익\n109\n111\n배당수익\n11,115\n10,790\n신한대체투자운용\n이자수익\n104\n113\n수수료수익\n11\n11\n대손충당금환입\n25\n-\n신한신용정보\n수수료수익\n22\n21\n배당수익\n1,000\n-\n대손충당금환입\n1\n1\n신한디에스\n이자수익\n515\n-\n수수료수익\n30\n25\n대손충당금환입\n-\n2\n신한저축은행\n이자수익\n1,936\n1,937\n수수료수익\n195\n180\n배당수익\n1,500\n-\n대손충당금환입\n68\n-\n신한아이타스\n수수료수익\n82\n75\n배당수익\n2,995\n2,000\n신한리츠운용\n수수료수익\n46\n42\n합\xa0 계\n1,410,409\n1,488,932\n(단위: 백만원)\n특수관계자명\n계정과목\n제 19(당) 기\n제 18(전) 기\n<비용>\n신한은행\n이자비용(*)\n15\n-\n기타일반관리비(*)\n1,261\n1,392\n대손상각비\n6\n154\n신한카드\n이자비용(*)\n2\n-\n기타일반관리비(*)\n47\n37\n대손상각비\n253\n412\n신한금융투자\n이자비용\n216\n256\n기타일반관리비\n-\n5\n대손상각비\n71\n16\n신한생명\n이자비용(*)\n15\n-\n기타일반관리비(*)\n566\n16\n대손상각비\n-\n286\n오렌지라이프\n이자비용\n1,432\n-\n신한캐피탈\n대손상각비\n-\n258\n제주은행\n대손상각비\xa0\n-\n1\n신한대체투자운용\n대손상각비\n-\n20\n신한신용정보\n대손상각비\xa0\n-\n-\n신한디에스\n기타일반관리비\n4,461\n2,774\n대손상각비\n54\n-\n신한저축은행\n대손상각비\n-\n270\n신한리츠운용\n대손상각비\n-\n4\n합\xa0 계\n8,399\n5,901\n(*)당기 중 기업회계기준서 제 1116호 도입에 따라 발생한 리스사용권자산 관련 감가상각비와 리스부채의 이자비용이 포함되어 있습니다.\n(2)\xa0당기말과 전기말 현재 당사의 특수관계자에 대한 중요한 채권ㆍ채무내역은 다음과 같습니다.\n(단위: 백만원)\n특수관계자명\n계정과목\n제 19(당) 기말\n제 18(전) 기말\n<채권>\n신한은행\n현금및예치금\n167\n24\n기타자산\n405,869\n309,155\n유형자산(*)\n1,120\n-\n신한카드\n대출채권\n1,462,353\n699,495\n기타자산\n112,096\n99,863\n유형자산(*)\n84\n-\n신한금융투자\n대출채권\n104,123\n-\n기타자산\n13,941\n19,384\n신한생명보험\n대출채권\n-\n391,053\n기타자산\n8,818\n9,045\n유형자산(*)\n441\n-\n신한캐피탈\n대출채권\n529,599\n449,544\n기타자산\n23,655\n26,783\n제주은행\n기타자산\n2,567\n1,897\n신한BNPP자산운용\n기타자산\n1,722\n1,321\n신한대체투자운용\n대출채권\n-\n4,973\n기타자산\n987\n-\n신한신용정보\n기타자산\n570\n431\n신한디에스\n대출채권\n23,946\n-\n기타자산\n1,211\n776\n신한저축은행\n대출채권\n99,676\n99,601\n기타자산\n6,907\n3,908\n신한아이타스\n기타자산\n824\n482\n신한리츠운용\n기타자산\n590\n702\n합\xa0 계\n2,801,266\n2,118,437\n<채무>\n신한은행\n기타부채\n975\n-\n신한카드\n기타부채\n526\n329\n신한금융투자\n기타부채\n12\n-\n신한생명보험\n기타부채\n35,179\n23,796\n오렌지라이프\n원화사채\n55,000\n-\n기타부채\n264\n-\n신한캐피탈\n기타부채\n1\n-\n신한대체투자운용\n기타부채\n-\n107\n신한신용정보\n기타부채\n-\n66\n신한디에스\n기타부채\n914\n1,143\n신한에이아이\n기타부채\n1\n-\n합\xa0 계\n92,872\n25,441\n(*) 당기 중 기업회계기준서 제1116호 도입에 따라 발생한 리스사용권자산 금액이 포함되어 있습니다.\n(3)\xa0주요 자금거래당기와 전기\xa0중\xa0특수관계자와의 주요 자금거래는 다음과 같습니다.1) 제 19(당) 기\n(단위: 백만원)\n특수관계자명\n기초\n대여\n회수\n매각\n기타(*)\n기말\n신한카드\n700,000\n765,800\n-\n-\n(2,680)\n1,463,120\n신한금융투자\n-\n104,805\n-\n-\n(603)\n104,202\n신한생명\n391,335\n-\n-\n391,335\n-\n-\n신한캐피탈\n450,000\n230,000\n150,000\n-\n-\n530,000\n신한대체투자운용\n5,000\n-\n5,000\n-\n-\n-\n신한저축은행\n100,000\n-\n-\n-\n-\n100,000\n신한디에스\n-\n48,000\n24,000\n-\n-\n24,000\n합\xa0 계\n1,646,335\n1,148,605\n179,000\n391,335\n(3,283)\n2,221,322\n2) 제 18(전) 기\n(단위: 백만원)\n특수관계자명\n기초\n대여\n회수\n기타(*)\n기말\n신한카드\n600,000\n100,000\n-\n-\n700,000\n신한생명\n-\n392,630\n-\n(1,295)\n391,335\n신한캐피탈\n530,000\n50,000\n130,000\n-\n450,000\n신한대체투자운용\n5,000\n5,000\n5,000\n-\n5,000\n신한저축은행\n100,000\n-\n-\n-\n100,000\n합\xa0 계\n1,235,000\n547,630\n135,000\n(1,295)\n1,646,335\n(*) 외화금융자산 평가에 따른 외환차이입니다.\n(4)\xa0주요 경영진에 대한 보상당기와 전기\xa0중\xa0주요 경영진에 대한 보상의 내역은 다음과 같습니다.\n(단위: 백만원)\n구\xa0 분\n제 19(당) 기\n제 18(전) 기\n장단기종업원급여\n3,652\n3,756\n퇴직급여\n46\n54\n주식기준보상(*)\n2,355\n1,035\n합\xa0 계\n6,053\n4,845\n(*) 상기 주식기준보상비용은 가득기간 중인 주식기준보상약정에 대한 비용입니다.\n35. 보고기간 후 사건당사는 2019년 11월 14일 이사회를 통하여 오렌지라이프생명보험 주식회사의 총 발행주식 중 ㈜신한금융지주회사가 주식교환일(2020년 1월 28일 0시) 현재 소유하고 있는 주식을 제외한 잔여 주식을 ㈜신한금융지주회사의 신규 발행 주식(8,232,906주)\xa0및 기보유자기 주식(13,882,062주)과 포괄적으로 교환하여 오렌지라이프생명보험 주식회사의 지분 100%을 확보하기 위한 소규모주식교환을 체결할 것을 결의하였습니다.\xa0이에 따라 2020년 1월 28일 오렌지라이프생명보험 주식회사의 보통주식 1주당 ㈜신한금융지주회사의 보통주식 0.6601483주로 주식교환이 이루어졌으며, 오렌지라이프생명보험 주식회사는 당사의 완전자회사가 되었습니다.\n36. 회계정책의 변경으로 인한 전환효과\n기준서 제1116호의 적용으로 당사는 기준서 제1017호의 원칙에 따라 종전에\xa0 \xa0 \xa0 \xa0 \xa0\xa0 \'운용리스\'로 분류되었던 리스와 관련하여 리스부채를 인식하였습니다. 이러한 부채는 2019년 1월 1일의 리스이용자의 증분차입이자율로 할인한 나머지 리스료의 현재가치로 측정되었습니다. 2019년 1월 1일에 리스부채에 적용된 리스이용자의 증분차입이자율은 2.33%입니다. 전기말에 공시된 운용리스약정을 당사의 증분차입이자율로 할인한 금액과 최초적용일에 인식된 리스부채의 차이는 다음과 같습니다.\xa0\n(단위: 백만원)\n구\xa0 분\n금액\n전기말에 공시된 운용리스약정\n2,328\n당사의 증분차입이자율을 사용하여 할인한 금액\n2,284\n차감: 정액법으로 비용인식한 소액자산 리스료\n(55)\n차감: 부가가치 리스료\n(206)\n당기초 인식된 리스부채\n2,023\n사용권자산은 리스부채와 동일한 금액에 전기말 현재 재무상태표에 인식된 리스와 관련하여 선급하거나 미지급한 리스료 금액을 조정하여 측정되었습니다. 이로 인해 당기초에 유형자산이 2,302백만원 증가하였습니다.\n']"
