text
"['\n5. 재무제표 주석\n1. 일반사항 두산건설주식회사(이하 ""당사"")는 건설업을 사업목적으로 하여 1976년 4월 7일에 설립되었으며, 한국거래소(구: 한국증권선물거래소)가 개설하는 KRX유가증권시장(구:유가증권시장)의 상장회사로서 당기말 현재 자본금은\xa0186,312백만원입니다.당사는 영업경쟁력 및 경영효율성 제고를 통한 주주가치의 극대화를 위하여\xa0 2004년4월 30일을 합병기일로 고려산업개발주식회사를 법률상 존속회사로 하고 두산건설주식회사를 피합병회사로 하는 합병을 하였으며, 2004년 5월 6일 합병회사의 상호를두산산업개발주식회사로 하는 합병등기를 하였습니다. 또한 당사는 2004년에 100%출자회사인 두산기업주식회사를 소규모합병절차에 의하여 흡수합병하였습니다.한편, 당사는 2006년 12월 21일자로 주력사업인 건설업으로의 역량 집중 및 재무구조의 개선을 목적으로 당사의 레져사업부문과 레미콘사업부문에 대한 물적분할을 실시하여 두산큐벡스주식회사 및 주식회사 렉스콘을 설립하였으며, 2007년 3월 16일에 개최된 정기주주총회에서 당사의 상호를 두산산업개발주식회사에서 두산건설주식회사로 변경하였습니다. 또한 당사는 사업 포트폴리오 개선 및 경영 효율성 제고를 통한 주주가치의 극대화를위하여 2010년 11월 1일을 합병기일로 두산건설주식회사를 법률상 존속회사로 하고두산메카텍주식회사를 피합병회사로 하는 합병을 하였으며, 2013년 4월 17일자로 두산중공업 주식회사의 HRSG(Heat Recovery Steam Generator, 배열회수보일러) 사업부를 양수하였습니다. 당사는 2014년 1월 14일자로 종속기업인 주식회사 렉스콘을 소규모합병절차에 의하여 흡수합병한 뒤, 2015년\xa06월 30일\xa0및 8월 4일 기준으로 5개의 렉스콘 공장을 매각하였고 나머지 1개 공장은\xa0전기 이전 중\xa0매각하였습니다. 또한, 전기 이전 중 종속기업인 골프장, 콘도 사업을 영위하고 있는 두산큐벡스 주식회사를 매각하였으며, 당사사업부 중 CPE(Chemical Process Equipment)사업부와 HRSG사업부(Heat Recove-ry Steam\xa0 Generator)를 매각하였습니다.당사는 2017년 6월 30일자로\xa0소유자산인 창원1공장을 물적분할하여 밸류웍스주식회사를 신설하였으며, 분할에 따라 배정되는 신주 중 종류주식 전부(39.1%)를 두산메카텍㈜에게 매도하였습니다.\n당기말 현재 주요 주주현황은 다음과\xa0같습니다.\n주\xa0 주\xa0 명\n보통주\n전환상환우선주\n합\xa0 \xa0 계\n소유주식수(주)\n지분율(%)\n소유주식수(주)\n지분율(%)\n소유주식수(주)\n지분율(%)\n두산중공업\n290,799,336\n88.15\n22,727,272\n100.00\n313,526,608\n88.91\n박정원외26명\n5,974,153\n1.81\n-\n-\n5,974,153\n1.69\n연강재단\n98,916\n0.03\n-\n-\n98,916\n0.03\n우리사주조합\n3,909,137\n1.18\n-\n-\n3,909,137\n1.11\n자기주식\n3,267,218\n0.99\n-\n-\n3,267,218\n0.93\n기타\n25,848,350\n7.84\n-\n-\n25,848,350\n7.33\n합계\n329,897,110\n100.00\n22,727,272\n100.00\n352,624,382\n100.00\n2. 재무제표 작성기준당사는 주식회사등의외부감사에관한법률 제5조 1항 1호에서 규정하고 있는 국제회계기준위원회의 국제회계기준을 채택하여 정한 회계처리기준인 한국채택국제회계기준에 따라 재무제표를 작성하였습니다.당사의 재무제표는 기업회계기준서 제1027호 \'별도재무제표\'에 따른 별도재무제표로서 지배기업, 관계기업의 투자자 또는 공동기업의 참여자가 투자자산을 피투자자의 보고된 성과와 순자산에 근거하지 않고 직접적인 지분 투자에 근거한 회계처리로 표시한 재무제표입니다.당사의 재무제표는\xa02020년 2월 13일자 이사회에서 승인되었으며 2020년 3월 27일자 주주총회에서 최종 승인될 예정입니다.당사는 2019년 1월 1일부터 기업회계기준서 제1116호 \'리스\'를 최초 적용하였으며, 이로 인한 변동은 주석3에서 설명하고 있습니다.\n(1) 측정기준재무제표는 아래에서 열거하고 있는 재무상태표의 주요 항목을 제외하고는 역사적원가를 기준으로 작성되었습니다.- 당기손익-공정가치 측정 금융자산- 확정급여채무의 현재가치에서 사외적립자산의 공정가치를 차감한 확정급여부채\n(2) 기능통화와 보고통화재무제표는 당사의 기능통화인 대한민국의 \'원\'으로 표시되어 있습니다.\n(3) 추정과 판단한국채택국제회계기준에서는 재무제표를 작성함에 있어서 회계정책의 적용이나, 보고기간말 현재 자산, 부채 및 수익, 비용의 보고금액에 영향을 미치는 사항에 대하여 경영진의 최선의 판단을 기준으로 한 추정치와 가정의 사용을 요구하고 있습니다. 보고기간말 현재 경영진의 최선의 판단을 기준으로 한 추정치와 가정이 실제 환경과 다를 경우 이러한 추정치와 실제 결과는 다를 수 있습니다.추정치와 추정에 대한 기본 가정은 지속적으로 검토되고 있으며, 회계추정의 변경은 추정이 변경된 기간과 미래 영향을 받을 기간 동안 인식되고 있습니다.\n① 경영진의 판단재무제표에 인식된 금액에 유의한 영향을 미치는 회계정책의 적용과 관련된 주요한 경영진의 판단에 대한 정보는 다음의 주석사항에 포함되어 있습니다.\xa0\n- 주석\xa023\xa0: 수익 - 기간에 걸쳐 인식하는 수익\n② 가정과 추정의 불확실성\n다음 보고기간 이내에 중요한 조정이 발생할 수 있는 유의한 위험이 있는 가정과 추정의 불확실성에 대한 정보는 다음의 주석에 포함되어 있습니다. - 주석 6 : 매출채권과 계약자산의 기대신용손실 추정 - 가중평균손실율을 결정하기 위한 주요 가정- 주석\xa016\xa0: 종업원급여부채의 측정 - 주요 보험수리적 가정- 주석\xa017\xa0: 충당부채 - 자원의 유출가능성과 금액에 대한 가정- 주석\xa028\xa0: 법인세비용 - 이연법인세자산 - 차감할 일시적 차이와 세무상 결손금의 사용- 주석\xa030\xa0: 우발부채와 약정사항 - 자원의 유출가능성과 금액에 대한 가정\n③ 공정가치 측정당사의 회계정책과 공시사항은 다수의 금융 및 비금융자산과 부채에 대해 공정가치 측정을 요구하고 있는 바, 당사는 공정가치평가 정책과 절차를 수립하고 있습니다. 동 정책과 절차에는 공정가치 서열체계에서 수준 3으로 분류되는 공정가치를 포함한모든 유의적인 공정가치 측정의 검토를 책임지는 평가부서의 운영을 포함하고 있으며, 그 결과는 담당임원에게 직접 보고되고 있습니다.평가부서는 정기적으로 관측가능하지 않은 유의적인 투입변수와 평가 조정을 검토하고 있습니다. 공정가치측정에서 중개인 가격이나 평가기관과 같은 제3자 정보를 사용하는 경우, 평가부서에서 제3자로부터 입수한 정보에 근거한 평가가 공정가치 서열체계 내 수준별 분류를 포함하고 있으며 해당 기준서의 요구사항을 충족한다고 결론을 내릴 수 있는지 여부를 판단하고 있습니다. 또한, 당사는 유의적인 평가 문제를 감사위원회에 보고하고 있습니다.자산이나 부채의 공정가치를 측정하는 경우, 당사는 최대한 시장에서 관측가능한 투입변수를 사용하고 있습니다. 공정가치는 다음과 같이 가치평가기법에 사용된 투입변수에 기초하여 공정가치 서열체계 내에서 분류됩니다. ㆍ수준 1: 측정일에 동일한 자산이나 부채에 대한 접근 가능한 활성시장의 조정되지\xa0 \xa0 \xa0 \xa0 \xa0 \xa0 \xa0 \xa0 않은 공시가격 ㆍ수준 2: 수준 1의 공시가격 이외에 자산이나 부채에 대해 직접적으로 또는 간접적\xa0 \xa0 \xa0 \xa0 \xa0 \xa0 \xa0 \xa0\xa0 으로 관측가능한 투입변수 ㆍ수준 3: 자산이나 부채에 대한 관측가능하지 않은 투입변수자산이나 부채의 공정가치를 측정하기 위해 사용되는 여러 투입변수가 공정가치 서열체계 내에서 다른 수준으로 분류되는 경우, 당사는 측정치 전체에 유의적인 공정가치 서열체계에서 가장 낮은 수준의 투입변수와 동일한 수준으로 공정가치 측정치 전체를 분류하고 있으며, 변동이 발생한 보고기간 말에 공정가치 서열체계의 수준간 이동을 인식하고 있습니다.공정가치 측정 시 사용된 가정의 자세한 정보는 아래 주석에 포함되어 있습니다.ㆍ 주석\xa09:\xa0범주별 금융상품\n3. 유의적인 회계정책당사가 한국채택국제회계기준에 따른 재무제표 작성에 적용한 주요 회계정책은 다음과 같습니다. (1) 당사가 채택한 제ㆍ개정 기준서당사는 2019년 1월 1일로 개시하는 회계기간부터 다음의 제ㆍ개정 기준서 및 해석서를 신규로 적용하였습니다.- 기업회계기준서 제1116호 \'리스\' 제정당사는 2019년 1월 1일부터 기업회계기준서 제1116호 \'리스\'를 최초 적용하였습니다. 당사는 기업회계기준서 제1116호 최초 적용 누적효과를 2019년 1월 1일의 이익잉여금에 반영하는 수정소급법을 사용하여 기업회계기준서 제1116호를 적용하였습니다.따라서 2018년의 비교정보는 재작성되지 않았습니다. 비교정보는 종전에 기업회계기준서 제1017호 및 관련 해석서에 따라 작성되고 표시되었습니다. 회계정책 변경과관련된 구체적인 사항은 아래에 공시하였습니다. 또한 기업회계기준서 제1116호의 공시 요구사항은 일반적으로 비교정보에 적용되지 않았습니다.1) 리스의 정의종전에 당사는 계약 약정일에 기업회계기준해석서 제2104호에 따라 계약이 리스인지 또는 리스가 포함되어 있는지를 판단하였습니다. 당사는 현재 기업회계기준서 제1116호에 따라 리스의 정의에 기초하여 계약이 리스인지 또는 리스를 포함하는지 평가합니다. 기업회계기준서 제1116호의 전환 시점에 당사는 계약이 리스인지를 다시 평가하지 않는 실무적 간편법을 적용하기로 결정하였습니다. 당사는 종전에 리스로 식별된 계약에만 기업회계기준서 제1116호를 적용합니다. 종전 리스 기준서인 기업회계기준서 제1017호와 기업회계기준해석서 제2104호에 따라 리스로 식별되지 않은 계약은 해당 계약이 리스인지 다시 평가하지 않는 실무적 간편법을 적용하였습니다. 그러므로 기업회계기준서 제1116호에 따른 리스의 정의는 2019년 1월 1일 이후에 체결되거나 변경된 계약에만 적용합니다.2) 2019년 1월 1일 전에 적용한 회계정책 2019년 1월 1일 전에 체결된 계약에 대하여 당사는 다음 사항에 대한 평가에 기초하여 약정이 리스이거나 리스를 포함하는지 판단하였습니다.- 특정 자산을 사용해야만 약정을 이행할 수 있는지 여부- 약정에 따라 자산의 사용권이 이전되는지 여부. 다음 중 하나의 조건을 충족하면 약정에서 자산의 사용권이 이전됨- 구매자가 약정대상 자산으로부터 경미하지 않은 양의 산출물을 획득하거나 통제하면서, 자산을 운영할 권리나 능력을 가짐- 구매자가 약정대상 자산으로부터 경미하지 않은 양의 산출물을 획득하거나 통제하면서, 자산에 대한 물리적 접근을 통제할 권리나 능력을 가짐- 사실과 상황에 비추어 볼 때 다른 당사자가 약정대상 자산으로부터 경미하지 않은 양의 산출물을 획득할 가능성이 희박하고 산출물의 단위당 가격이 고정되거나 시장가격과 같지 않음① 리스이용자비교기간에 당사가 리스이용자인 경우, 당사는 기초자산의 소유에 대한 위험과 보상의 대부분이 당사에게 이전되는 리스를 금융리스로 분류하였습니다. 금융리스의 경우에 리스자산은 공정가치나 최소리스료의 현재가치 중 낮은 금액으로 최초 측정되었습니다. 최소리스료는 조정리스료를 제외하고 리스기간 동안 리스이용자가 지급해야 하는 금액입니다. 후속적으로 리스자산은 해당 자산에 적용 가능한 회계정책과 일관되게 회계처리 되었습니다.운용리스로 분류되는 경우에 당사의 재무상태표에 인식되는 리스자산은 없습니다. 운용리스에서 리스료는 리스기간에 걸쳐 정액기준으로 비용이 인식됩니다. 리스 인센티브를 받는 경우에는 리스기간에 걸쳐 전체 리스비용에서 차감하여 인식합니다.② 리스제공자리스제공자로서 당사는 리스약정일에 리스가 금융리스인지 운용리스인지 판단합니다. 각 리스를 분류하기 위하여 당사는 리스가 기초자산의 소유에 따른 위험과 보상의 대부분을 이전하는지를 전반적으로 판단합니다. 기초자산의 소유에 따른 위험과 보상의 대부분을 리스이용자에게 이전하는 경우에는 리스를 금융리스로 분류하고, 그렇지 않은 경우에는 리스를 운용리스로 분류합니다. 이 평가 지표의 하나로 당사는리스기간이 기초자산의 경제적 내용연수의 상당 부분을 차지하는지 고려합니다.당사는 수정 소급법을 이용하여 기업회계기준서 제1116호를 적용하였습니다. 따라서 비교 표시되는 재무정보는 재작성되지 않았으며, 기업회계기준서 제1017호 및 기업회계기준해석서 제2104호를 적용하여 작성되었습니다. 기업회계기준서 제1017호와 기업회계기준해석서 제2104호에 따른 회계정책은 별도로 공시하였습니다.3) 2019년 1월 1일 부터 적용한 회계정책당사는 계약의 약정시점에 계약이 리스인지 또는 리스를 포함하는지 판단합니다.계약에서 대가와 교환하여, 식별되는 자산의 사용 통제권을 일정기간 이전하게 한다면 그 계약은 리스이거나 리스를 포함합니다. 계약이 식별되는 자산의 사용 통제권을 이전하는지를 판단할 때, 당사는 기업회계기준서 제1116호의 리스의 정의를 이용합니다.이 회계정책은 2019년 1월 1일부터 체결되는 계약에 적용합니다.①\xa0 리스이용자리스요소를 포함하는 계약의 개시일이나 변경유효일에 당사는 계약대가를 상대적 개별 가격에 기초하여 각 리스요소에 배분합니다. 다만,당사는 부동산 리스에 대하여 비리스요소를 분리하지 않는 실무적 간편법을 적용하여 리스요소와 관련된 비리스요소를 하나의 리스요소로 회계처리합니다.당사는 리스개시일에 사용권자산과 리스부채를 인식합니다. 사용권자산은 최초에 원가로 측정하며, 해당 원가는 리스부채의 최초 측정금액, 리스개시일이나 그 전에 지급한 리스료(받은 리스 인센티브 차감), 리스개설직접원가, 기초자산을 해체 및 제거하거나 기초자산이나 기초자산이 위치한 부지를 복구할 때 리스이용자가 부담하는 원가의 추정치로 구성됩니다.사용권자산은 후속적으로 리스개시일부터 리스기간 종료일까지 정액법으로 감가상각합니다. 다만, 리스기간 종료일에 사용권자산의 소유권이 이전되거나 사용권자산의 원가에 매수선택권의 행사가격이 반영된 경우에는 유형자산의 감가상각과 동일한 방식에 기초하여 기초자산의 내용연수 종료일까지 사용권자산을 감가상각합니다. 또한 사용권자산은 손상차손으로 인하여 감소하거나 리스부채의 재측정으로 인하여 조정될 수 있습니다.리스부채는 리스개시일 현재 지급되지 않은 리스료의 현재가치로 최초 측정합니다. 리스료는 리스의 내재이자율로 할인하되, 내재이자율을 쉽게 산정할 수 없는 경우에는 당사의 증분차입이자율로 할인합니다. 일반적으로 당사는 증분차입이자율을 할인율로 사용합니다.당사는 다양한 외부 재무 정보에서 얻은 이자율에서 리스의 조건과 리스 자산의 특성을 반영하기 위한 조정을 하고 증분차입이자율을 산정합니다.리스부채 측정에 포함되는 리스료는 다음 항목으로 구성됩니다.- 고정 리스료(실질적인 고정리스료 포함)- 지수나 요율(이율)에 따라 달라지는 변동리스료. 최초에는 리스개시일의 지수나 요\xa0\xa0 율(이율)을 사용하여 측정함- 잔존가치보증에 따라 지급할 것으로 예상되는 금액- 매수선택권을 행사할 것이 상당히 확실한 경우 매수선택권의 행사가격, 연장선택\xa0 \xa0\xa0 권을 행사할 것이 상당히 확실한 경우 연장기간의 리스료, 리스기간이 종료선택권\xa0 \xa0 행사를 반영하는 경우에 리스를 종료하기 위하여 부담하는 금액리스부채는 유효이자율법에 따라 상각합니다. 리스부채는 지수나 요율(이율)의 변동으로 미래 리스료가 변동되거나 잔존가치 보증에 따라 지급할 것으로 예상되는 금액이 변동되거나 매수, 연장, 종료 선택권을 행사할지에 대한 평가가 변동되거나 실질적인 고정리스료가 수정되는 경우에 재측정됩니다.리스부채를 재측정할 때 관련되는 사용권자산을 조정하고, 사용권자산의 장부금액이영(0)으로 줄어드는 경우에는 재측정 금액을 당기손익으로 인식합니다.당사는 재무상태표에서 투자부동산의 정의를 충족하지 않는 사용권자산을 \'사용권자산\'으로 표시하고 리스부채는 \'리스부채\'로 표시하였습니다.단기리스와 소액 기초자산 리스당사는 부동산과 정수기를 포함하여 리스기간이 12개월 이내인 단기리스와 소액 기초자산 리스에 대하여 사용권자산과 리스부채를 인식하지 않는 실무적 간편법을 선택하였습니다. 당사는 이러한 리스에 관련된 리스료를 리스기간에 걸쳐 정액법에 따라 비용으로 인식합니다.② 리스제공자리스요소를 포함하는 계약의 약정일이나 변경유효일에 당사는 상대적 개별가격에 기초하여 각 리스요소에 계약대가를 배분합니다.리스제공자로서 당사는 리스약정일에 리스가 금융리스인지 운용리스인지 판단합니다.각 리스를 분류하기 위하여 당사는 리스가 기초자산의 소유에 따른 위험과 보상의 대부분을 이전하는지를 전반적으로 판단합니다. 기초자산의 소유에 따른 위험과 보상의 대부분을 리스이용자에게 이전하는 경우에는 리스를 금융리스로 분류하고, 그렇지 않은 경우에는 리스를 운용리스로 분류합니다. 이 평가 지표의 하나로 당사는 리스기간이 기초자산의 경제적 내용연수의 상당 부분을 차지하는지 고려합니다.당사가 중간리스제공자인 경우에는 상위리스와 전대리스를 각각 회계처리합니다. 또한 전대리스의 분류는 기초자산이 아닌 상위리스에서 생기는 사용권자산에 따라 판단합니다. 상위리스가 인식 면제규정을 적용하는 단기리스에 해당하는 경우에는 전대리스를 운용리스로 분류합니다.약정에 리스요소와 비리스요소가 모두 포함된 경우에 당사는 기업회계기준서 제1115호를 적용하여 계약 대가를 배분합니다.당사는 리스순투자에 대하여 기업회계기준서 제1109호의 제거와 손상 규정을 적용합니다. 당사는 추가로 리스총투자를 계산하는데 사용한 무보증잔존가치에 대한정기적인 재검토를 수행하고 있습니다.당사는 운용리스로 받는 리스료를 \'기타수익’의 일부로써 리스기간에 걸쳐 정액 기준에 따라 수익으로 인식합니다.당사가 리스제공자로서 비교기간에 적용한 회계정책은 기업회계기준서 제1116호의 규정과 다르지 않습니다. 다만 당사는 당기 중 체결된 전대리스의 분류를 금융리스로 분류하였습니다.4) 재무제표에 미치는 영향① 전환시점에 미치는 영향기업회계기준서 제1116호의 전환시점에, 당사는 투자부동산을 포함한 사용권자산을추가 인식하고, 리스부채를 추가로 인식하였습니다. 자산과 부채의 차이금액은 이익잉여금에 반영하였습니다. 전환시점에 미치는 영향은 다음과 같습니다.\n(단위: 천원)\n구분\n2019년 1월 1일\n자산\n\xa0 사용권자산\n37,640,175\n\xa0 투자부동산\n27,729,003\n\xa0 금융리스채권\n1,851,618\n\xa0 기타비유동자산\n(10,120,173)\n자산총계\n57,100,623\n부채\n\xa0 리스부채\n73,130,399\n부채총계\n73,130,399\n자본\n\xa0 이익잉여금\n(16,029,776)\n자본총계\n(16,029,776)\n당사는 기업회계기준서 제1116호의 적용으로 종전에 기업회계기준서 제1017호의 원칙에 따라 \'운용리스\'로 분류하였던 리스와 관련하여 리스부채를 인식하였습니다. 해당 리스부채는 2019년 1월 1일 현재 리스이용자의 증분차입이자율로 할인한 나머지 리스료의 현재가치로 측정되었습니다. 2019년 1월 1일 현재 리스부채의 측정에 사용된 리스이용자의 가중평균 증분차입이자율은 5.9~8.9%입니다.\n(단위: 천원)\n구분\n2019년 1월 1일\n전기말(2018년 12월 31일) 운용리스 약정\n107,731,360\n차감: 소액 기초자산 리스 및 단기리스 등에 대한 면제규정 적용\n(3,668,212)\n2019년 1월 1일의 증분차입이자율로 할인한 금액\n73,130,399\n가산: 종전에 금융리스로 분류된 리스관련 약정\n-\n2019년 1월 1일에 인식한 리스부채\n73,130,399\n② 전환기간에 미치는 영향기업회계기준서 제1116호를 최초 적용한 결과, 당사는 2019년 12월 31일에 종전에 운용리스로 분류하였던 리스에 대하여 투자부동산으로 대체된 자산을 포함하여 사용권자산으로 58,052백만원을 인식하였고, 리스부채로 67,569백만원을 인식하였습니다.또한 기업회계기준서 제1116호에 따른 리스에 관련하여 당사는 운용리스비용 대신에 감가상각비와 이자비용을 인식하였습니다. 당사는 이 리스에 대하여 2019년 12월31일로 종료되는 당기에 감가상각비 14,035백만원, 이자비용 6,230백만원을 인식하였습니다.\n- 기업회계기준서 제1109호 \'금융상품\' 개정부의 보상을 수반하는 일부 중도상환 가능한 금융자산을 상각후원가로 측정될 수 있도록 개정하였으며, 상각후원가로 측정되는 금융부채가 조건변경 되었으나 제거되지는 않은 경우 변경으로 인한 효과는 당기손익으로 인식되어야 합니다. 해당 기준서의개정이 재무제표에 미치는 중요한 영향은 없습니다.- 기업회계기준서 제1019호 \'종업원급여\' 개정확정급여제도의 변경으로 제도의 개정, 축소, 정산이 되는 경우 제도의 변경 이후 회계기간의 잔여기간에 대한 당기근무원가 및 순이자를 산정하기 위해 순확정급여부채(자산)의 재측정에 사용된 가정을 사용합니다.\xa0 또한, 자산인식상한의 영향으로 이전에 인식하지 않은 초과적립액의 감소도 과거근무원가나 정산손익의 일부로 당기손익에 반영합니다. 해당 기준서의 개정이 재무제표에 미치는 중요한 영향은 없습니다.-\xa0기업회계기준해석서 제2123호 \'법인세 처리의 불확실성\' 제정\n\xa0제정된 해석서는 기업이 적용한 법인세 처리를 과세당국이 인정할지에 대한 불확실성이 존재하는 경우 당기법인세와 이연법인세의 인식 및 측정에 적용하며, 법인세 처리 불확실성의 회계단위와 재평가가 필요한 상황 등에 대한 지침을 포함하고 있습니다. 해당 해석서의 제정이 재무제표에 미치는 중요한 영향은 없습니다.\n(2) 종속기업, 공동기업 및 관계기업 투자당사의 재무제표는 기업회계기준서 제1027호에 따른 별도재무제표입니다. 당사는 종속기업 및 관계기업에 대한 투자자산에 대하여 기업회계기준서 제1027호에 따른 원가법을 선택하여 회계처리하고 있습니다. 한편, 종속기업 및 관계기업으로부터 수취하는 배당금은 배당을 받을 권리가 확정되는 시점에 당기손익으로 인식하고 있습니다.\n당사의 사업결합은 취득법으로 회계처리 됩니다. 이전대가는 취득과 관련하여 취득일에 제공한 자산, 발행한 지분증권, 인수하거나 발생시킨 부채의 공정가치의 합으로측정하고 있습니다. 이전대가는 조건부 대가 지급약정으로부터 발생하는 자산 및 부채의 공정가치를 포함하고 있습니다. 사업결합으로 취득한 식별가능자산ㆍ부채 및 우발부채는 취득일의 공정가치로 최초 측정하고 있습니다. 당사는 취득일 현재 피취득자에 대한 비지배지분을 피취득자의 식별가능한 순자산 중 비지배지분의 비례적 지분 또는 취득일의 공정가치 중 하나의 방법으로 측정하고 있습니다.\n이전대가와 피취득자에 대한 비지배지분의 금액, 그리고 단계적으로 이루어지는 사업결합의 경우 취득자가 이전에 보유하고 있던 피취득자에 대한 지분의 취득일의 공정가치 합계액이 취득한 피취득자의 식별가능한 순자산의 공정가치를 초과하는 금액은 영업권으로 인식하며, 미달하는 경우 모든 취득 자산과 인수 부채의 식별을 재검토하고, 재검토 이후에도 계속해서 남는 금액은 염가매수차익으로 취득일에 즉시\xa0\xa0 당기손익으로 인식합니다.\n동일지배 하에 있는 기업실체나 사업에 대한 결합은 취득법을 적용하여 회계처리합니다.\xa0\n(3) 중단영업당사는 별도의 사업계열이나 영업지역을 처분하거나 매각예정분류기준을 충족하는 경우 중단영업으로 분류하고 있습니다. 중단영업이 있는 경우, 포괄손익계산서에 비교 표시되는 기간의 기초부터 영업이 중단된 것처럼 재작성하고 있습니다.(4) 외화 환산 외화거래는 거래일의 환율 또는 재측정되는 항목인 경우 평가일의 환율을 적용한 기능통화로 환산하고 있으며, 외화거래의 결제나 화폐성 외화자산ㆍ부채의 결산기말 환산에서 발생하는 외화환산손익은 당기손익으로 인식하고 있습니다. (5) 현금및현금성자산현금및현금성자산은 보유중인 현금, 은행예금, 기타 취득일 현재 만기일이 3개월 이내에 도래하는 매우 유동적인 단기 투자자산을 포함하고 있습니다.\n(6) 비파생금융자산1) 인식 및 최초 측정매출채권과 발행 채무증권은 발행되는 시점에 최초로 인식됩니다. 다른 금융 상품과 금융부채는 당사가 금융상품의 계약당사자가 되는 때에만 인식됩니다.유의적인 금융요소를 포함하지 않는 매출채권을 제외하고는, 최초 인식시점에 금융자산이나 금융부채를 공정가치로 측정하며, 당기손익-공정가치 측정 금융자산 또는 당기손익-공정가치 측정 금융부채가 아닌 경우에 해당 금융자산의 취득이나 해당 금융부채의 발행과 직접 관련되는 거래원가는 공정가치에 가감합니다. 유의적인 금융요소를 포함하지 않는 매출채권은 최초에 거래가격으로 측정합니다.2) 분류 및 후속측정\n최초 인식시점에 금융자산은 상각후원가, 기타포괄손익-공정가치 채무상품, 기타포괄손익-공정가치-지분상품 또는 당기손익-공정가치로 측정되도록 분류합니다. 금융자산은 당사가 금융자산을 관리하는 사업모형을 변경하지 않는 한 최초 인식후에 재분류되지 않으며, 이 경우 영향받는 모든 금융자산은 사업모형의 변경 이후 첫 번째 보고기간의 첫번째 날에 재분류됩니다.금융자산이 다음 두가지 조건을 모두 만족하고, 당기손익-공정가치 측정항목으로 지정되지 않은 경우에 상각후원가로 측정합니다.- 계약상 현금흐름을 수취하기 위해 보유하는 것이 목적인 사업모형 하에서 보유- 금융자산의 계약 조건에 따라 특정일에 원금과 원금잔액에 대한 이자지급만으로 구성된 현금흐름의 발생채무상품이 다음 두 가지 조건을 충족하고 당기손익-공정가치 측정항목으로 지정되지 않은 경우에 기타포괄손익-공정가치로 측정합니다.- 계약상 현금흐름의 수취 또는 금융자산의 매도를 통해 목적을 이루는 사업모형하에서의 금융자산 보유- 금융자산의 계약 조건에 따라 특정일에 원리금 지급만으로 구성된 현금흐름단기매매를 위해 보유하는 것이 아닌 지분상품의 최초 인식 시에 당사는 투자자산의 공정가치의 후속적인 변동을 기타포괄손익으로 표시하도록 선택할 수 있습니다. 다만 한번 선택하면 이를 취소할 수 없습니다. 이러한 선택은 투자자산별로 이루어집니다.상기에서 설명된 상각후원가나 기타포괄손익-공정가치로 측정되지 않는 모든 금융자산은 당기손익-공정가치로 측정됩니다. 이러한 금융자산은 모든 파생금융자산을 포함합니다. 최초 인식시점에 당사는 상각후원가나 기타포괄손익-당기손익으로 측정되는 금융자산을 당기손익-공정가치 측정항목으로 지정한다면 회계불일치를제거하거나 유의적으로 줄이는 경우에는 해당 금융자산을 당기손익-공정가치 측정 항목으로 지정할 수 있습니다. 다만 한번 지정하면 이를 취소할 수 없습니다.금융자산 - 사업모형당사는 사업이 관리되는 방식과 경영진에게 정보가 제공되는 방식을 가장 잘 반영하는 금융자산의 포트폴리오 수준에서 보유되는 사업모형의 목적을 평가합니다. 그러한 정보는 다음을 고려합니다.- 포트폴리오에 대해 명시된 회계정책과 목적 및 실제 이러한 정책의 운영계약상 이자수익의 획득, 특정 이자수익률 수준의 유지, 금융자산을 조달하는 부채의듀레이션과 해당 금융자산의 듀레이션의 일치 및 자산의 매도를 통한 기대현금흐름의 유출 또는 실현하는 것에 중점을 둔 경영진의 전략을 포함함- 사업모형에서 보유하는 금융자산의 성과를 평가하고, 그 평가내용을 주요 경영진에게 보고하는 방식- 사업모형(그리고 사업모형에서 보유하는 금융자산)의 성과에 영향을 미치는 위험과 그 위험을 관리하는 방식- 경영진에 대한 보상방식(예: 관리하는 자산의 공정가치에 기초하여 보상하는지 아니면 수취하는 계약상 현금흐름에 기초하여 보상하는지)- 과거기간 금융자산의 매도의 빈도, 금액, 시기, 이유, 미래의 매도활동에 대한 예상이러한 목적을 위해 제거요건을 충족하지 않는 거래에서 제3자에게 금융자산을 이전하는 거래는 매도로 간주되지 않습니다.단기매매의 정의를 충족하거나 포트폴리오의 성과가 공정가치 기준으로 평가되는 금융자산 포트폴리오는 당기손익-공정가치로 측정됩니다.금융자산: 계약상 현금흐름이 원금과 이자로만 이루어져 있는지에 대한 평가원금은 금융자산의 최초 인식시점의 공정가치로 정의됩니다. 이자는 화폐의 시간가치에 대한 대가, 특정기간에 원금 잔액과 관련된 신용위험에 대한 대가, 그 밖에 기본적인 대여위험과 원가에 대한 대가(예: 유동성위험과 운영원가)뿐만 아니라 이윤으로구성됩니다.계약상 현금흐름이 원금과 이자에 대한 지급만으로 이루어져 있는지를 평가할 때, 당사는 해당 상품의 계약조건을 고려합니다. 금융자산이 계약상 현금흐름의 시기나 금액을 변경시키는 계약조건을 포함하고 있다면, 그 계약조건 때문에 해당 금융상품의 존속기간에 걸쳐 생길 수 있는 계약상 현금흐름이 원리금 지급만으로 구성되는지를 판단해야 합니다.이를 평가할 때 당사는 다음을 고려합니다.- 현금흐름의 금액이나 시기를 변경시키는 조건부 상황- 변동 이자율 특성을 포함하여 계약상 액면 이자율을 조정하는 조항- 중도상환특성과 만기연장특성- 특정 자산으로부터 발생하는 현금흐름에 대한 당사의 청구권을 제한하는 계약조건중도상환금액이 실질적으로 미상환된 원금과 잔여원금에 대한 이자를 나타내고, 계약의 조기청산에 대한 합리적인 보상을 포함하고 있다면, 조기상환특성은 특정일에 원금과 이자를 지급하는 조건과 일치합니다.또한, 계약상 액면금액을 유의적으로 할인하거나 할증하여 취득한 금융자산에 대해서, 중도상환금액이 실질적으로 계약상 액면금액과 계약상 이자 발생액(그러나 미지급된)을 나타내며 (이 경우 계약의 조기 청산에 대한 합리적인 추가 보상이 포함될 수있는), 중도상환특성이 금융자산의 최초 인식시점에 해당 특성의 공정가치가 경미한 경우에는 이러한 조건을 충족한다고 판단합니다.금융자산: 후속측정과 손익\n당기손익-공정가치로 측정하는 금융자산\n이러한 자산은 후속적으로 공정가치로 평가합니다.이자 혹은 배당금 수익을 포함한 순손익은 당기손익으로 인식합니다.\n상각후원가로 측정하는 금융자산\n이러한 자산은 후속적으로 유효이자율법을 사용하여 상각후원가로 측정합니다.상각후원가는 손상차손에 의해 감소됩니다. 이자수익, 외화환산손익 및 손상차손은 당기손익으로 인식합니다. 제거에서 발생하는 손익은 당기손익으로 인식합니다.\n기타포괄손익-공정가치로 측정하는 채무상품\n이러한 자산은 후속적으로 공정가치로 측정합니다.이자수익은 유효이자율법을 사용하여 계산되고, 외화환산손익과 손상차손은 당기손익으로 인식합니다. 기타순손익은 기타포괄손익으로 인식합니다. 제거시의손익은 기타포괄손익누계액에서 당기손익으로 재분류합니다.\n기타포괄손익-공정가치로 측정하는 지분상품\n이러한 자산은 후속적으로 공정가치로 측정합니다.배당금은 명확하게 투자원가의 회수를 나타내지 않는다면 당기손익으로 인식합니다. 다른 순손익은 기타포괄손익으로 인식하고 당기손익으로 재분류할 수 없습니다.\n3) 제거당사는 금융자산의 현금흐름에 대한 계약상 권리가 소멸한 경우, 금융자산의 현금흐름을 수취할 계약상 권리를 양도하고 이전된 금융자산의 소유에 따른 위험과 보상의 대부분을 실질적으로 이전한 경우, 또는 당사가 소유에 따른 위험과 보상의 대부분을보유 또는 이전하지 아니하고 금융자산을 통제하고 있지 않은 경우에 금융자산을 제거합니다.당사가 재무상태표에 인식된 자산을 이전하는 거래를 하였지만, 이전되는 자산의 소유에 따른 대부분의 위험과 보상을 보유하고 있는 경우에는 이전된 자산을 제거하지 않습니다.4) 상계당사는 당사가 인식한 자산과 부채에 대해 법적으로 집행가능한 상계권리를 현재 갖고 있고, 차액으로 결제하거나, 자산을 실현하는 동시에 부채를 결제할 의도가 있는 경우에만 금융자산과 금융부채를 상계하고 재무상태표에 순액으로 표시합니다.(7) 금융자산의 손상금융상품의 손상당사는 다음 자산의 기대신용손실에 대해 손실충당금을 인식합니다.- 상각후원가로 측정하는 금융자산당사는 12개월 기대신용손실로 측정되는 다음의 금융자산을 제외하고는 전체기간 기대신용손실에 해당하는 금액으로 손실충당금을 측정합니다.- 보고기간말에 신용이 위험이 낮다고 결정된 채무증권- 최초 인식 이후 신용위험(즉, 금융자산의 기대존속기간동안에 걸쳐 발생할 채무불이행 위험)이 유의적으로 증가하지 않은 기타 채무증권과 은행 예금매출채권과 계약자산에 대한 손실충당금은 항상 전체기간 기대신용손실에 해당하는금액으로 측정됩니다.금융자산의 신용위험이 최초 인식 이후 유의적으로 증가했는지를 판단할 때와 기대신용손실을 추정할 때, 당사는 과도한 원가나 노력없이 이용할 수 있고 합리적이고 뒷받침될 수 있는 정보를 고려합니다. 여기에는 미래지향적인 정보를 포함하여 당사의 과거 경험과 알려진 신용평가에 근거한 질적, 양적인 정보 및 분석이 포함됩니다. 당사는 금융자산의 신용위험은 연체일수가 30일을 초과하는 경우에 유의적으로 증가한다고 가정합니다.당사는 다음과 같은 경우 금융자산에 채무불이행이 발생했다고 고려합니다.- 채무자가 당사가 소구활동을 하지 않으면, 당사에게 신용의무를 완전하게 이행하지 않을 것 같은 경우- 금융자산의 연체일수가 90일을 초과한 경우전체기간 기대신용손실은 금융상품의 기대존속기간에 발생할 수 있는 모든 채무불이행 사건에 따른 기대신용손실입니다.12개월 기대신용손실은 보고기간 말 이후 12개월 이내(또는 금융상품의 기대 존속기간이 12개월 보다 적은 경우 더 짧은 기간)에 발생 가능한 금융상품의 채무불이행 사건으로 인한 기대신용손실을 나타내는 전체기간 기대신용손실의 일부입니다.기대신용손실을 측정할 때 고려하는 가장 긴 기간은 당사가 신용위험에 노출되는 최장 계약기간입니다.① 기대신용손실의 측정기대신용손실은 신용손실의 확률가중추정치입니다. 신용손실은 모든 현금부족액(즉,계약에 따라 지급받기로 한 모든 계약상 현금흐름과 수취할 것으로 예상하는 모든 계약상 현금흐름의 차이)의 현재가치로 측정됩니다. 기대신용손실은 해당 금융자산의 유효이자율로 할인됩니다.② 신용이 손상된 금융자산매 보고기간말에, 당사는 상각후원가로 측정되는 금융자산과 기타포괄손익-공정가치로 측정되는 채무증권의 신용이 손상되었는지 평가합니다. 금융자산의 추정미래현금흐름에 악영향을 미치는 하나 이상의 사건이 발생한 경우, 해당 금융자산은 신용이손상된 것입니다.금융자산의 신용이 손상된 증거는 다음과 같은 관측 가능한 정보를 포함합니다.- 발행자나 차입자의 유의적인 재무적 어려움- 채무불이행이나 90일 이상 연체와 같은 계약 위반- 차입자의 재무적 어려움에 관련된 경제적이나 계약상 이유로 당초 차입조건의 불가피한 완화- 차입자의 파산가능성이 높아지거나 그 밖의 재무구조조정 가능성이 높아짐- 재무적 어려움으로 인해 해당 금융자산에 대한 활성시장 소멸③ 재무상태표 상 신용손실충당금의 표시상각후원가로 측정하는 금융자산에 대한 손실충당금은 해당 자산의 장부금액에서 차감합니다.④ 제각금융자산의 계약상 현금흐름 전체 또는 일부의 회수에 대한 합리적인 기대가 없는 경우 해당 자산을 제거합니다. 당사는 제각한 금액이 유의적으로 회수할 것이라는 기대를 갖고 있지 않습니다. 그러나 제각된 금융자산은 당사의 만기가 된 금액의 회수 절차에 따라 회수활동의 대상이 될 수 있습니다.(8) 미청구공사 및 초과청구공사미청구공사는 진행중인 건설공사에서 발주자에게 받을 금액 중 미청구한 금액의 합계를 의미하며, 누적발생원가에 인식한 이익을 가산한 금액에서 진행청구액과 인식한 손실을 차감하여 계산하고 있습니다. 발생원가에는 특정 계약에 직접 관련된 원가와 계약활동 전반에 귀속될 수 있는 공통원가로 정상조업도에 기초하여 배부된 고정 및 변동간접원가를 포함하고 있습니다.\xa0\n\xa0\n누적발생원가에 인식한 이익을 가산한 금액이 진행청구액을 초과하는 미청구공사 금액은 재무상태표에 미청구공사로 표시하고 있습니다. 진행청구액이 누적발생원가에 인식한 이익을 가산한 금액을 초과하는 경우에는 초과청구공사 금액을 재무상태표에부채로 표시하고 있습니다.\xa0\n(9) 재고자산재고자산의 원가는 고정 및 변동제조간접비를 포함하며, 재고자산 분류별로 가장 적합한\xa0방법에 따라 재고자산으로 배분되고 있으며 제품 및 원재료에 대하여는 선입선출법으로,\xa0완성주택,\xa0미완성주택\xa0및\xa0미착품에\xa0대하여는\xa0개별법에\xa0따라\xa0결정하고\xa0있습니다.재고자산은 취득원가와 순실현가능가치 중 낮은 금액으로 표시하고 있습니다. 당사는 정기적으로 불용, 시장가치 하락 및 진부화 등에 따라 재고자산 순실현가능가치(제품, 상품 및 재공품은 순실현가능가치, 원재료 등은 현행대체원가)의 중요한 변동을 발생시킬 가능성을 검토하여 재고자산평가충당금으로 계상하고 있습니다.\xa0또한, 당사는 정상적인 재고자산평가손실 및 감모손실은 매출원가에 가산합니다. 평가손실을 초래했던 상황이 해소되어 새로운 시가가 장부금액보다 상승한 경우에는 최초의 장부금액을 초과하지 않는 범위내에서 평가손실을 환입하고, 이를 매출원가에서 차감합니다.\xa0\n(10) 유형자산\n유형자산은 최초에 원가로 측정하여 인식하고 있습니다. 토지를 제외한 자산은 최초 인식 후에 원가에서 감가상각누계액과 손상차손누계액을 차감한 금액을 장부금액으로 하고 있으며, 토지는 최초 인식 후에 재평가일의 공정가치에서 이후의 손상차손누계액을 차감한 재평가금액을 장부금액으로 하고 있습니다. 재평가는 보고기간말에 자산의 장부금액이 공정가치와 중요하게 차이가 나지 않도록 주기적으로 수행하고 있습니다. \n유형자산을 구성하는 일부 요소의 원가의 내용연수가 자산 전체의 내용연수와 다른 경우에는, 별개의 자산으로 회계처리하고 있습니다. 또한, 자산의 원가는 자산의 취득에 직접적으로 관련된 지출로서 자산을 해체, 제거하거나 부지를 복구하는데 소요될 것으로 추정되는 원가가 포함됩니다.\n유형자산의 일부를 대체할 때 발생하는 원가는 해당 자산으로부터 발생하는 미래 경제적 효익이 당사에 유입될 가능성이 높으며 그 원가를 신뢰성 있게 측정할 수 있는 경우에 자산의 장부금액에 포함하거나 적절한 경우 별도의 자산으로 인식하고 있습니다. 이 때 대체된 부분의 장부금액은 제거하고 있습니다. 그 외의 일상적인 수선ㆍ유지와 관련하여 발생하는 원가는 발생시점에 당기손익으로 인식하고 있습니다.\n유형자산에 대한 감가상각은 자산별 취득원가에서 잔존가치를 차감한 금액에 대하여아래에 제시된 내용연수에 따라 정액법에 의해 계상하고 있습니다.\n구분\n내용연수\n건물\n10 ~ 48년\n구축물\n5 ~ 40년\n기계장치\n2 ~ 15년\n차량운반구\n4 ~ 5년\n공구와 기구\n3 ~ 8년\n비품\n2 ~ 5년\n유형자산을 구성하는 일부의 원가가 당해 유형자산의 전체원가와 비교하여 유의적이라면, 해당 유형자산을 감가상각할 때 그 부분은 별도로 구분하여 감가상각하고 있습니다.\n\xa0\n매 회계연도 말에 자산의 잔존가치와 내용연수 및 감가상각방법을 재검토하고 재검토 결과 추정치가 종전 추정치와 다르다면 그 차이는 회계추정의 변경으로 처리하고 있습니다.\xa0\n자산의 장부금액이 추정 회수가능액을 상회하는 경우 자산의 장부금액을 회수가능액으로 조정하고, 그 차액을 손상차손으로 회계처리하고 있으며, 차기 이후 손상된 자산의 회수가능액이 장부금액을 초과하는 경우 손상 전 장부금액의 감가상각 후 잔액을 한도로 하여 그 초과액을 손상차손환입으로 회계처리하고 있습니다. 유형자산의 제거로 인하여 발생하는 손익은 순매각금액과 장부금액의 차이로 결정되고 그 차액은 제거할 때 기타영업외손익으로 인식합니다.\n(11) 무형자산무형자산은 최초 인식할 때 원가로 측정하며, 최초 인식 후에 원가에서 상각누계액과손상차손누계액을 차감한 금액을 장부금액으로 인식하고 있습니다. 후속지출은 관련되는 특정자산에 속하는 미래의 경제적 효익이 증가하는 경우에만 자본화하고 있습니다.\n영업권 및 내용연수가 비한정인 무형자산을 제외한 기타 무형자산의 상각비는 사용 가능한 시점부터 취득원가에서 잔존가치를 차감한 금액에 대해 아래에 제시된 경제적 내용연수에 따라 정액법에 의해 계상하고 있습니다.\n구분\xa0\n내용연수\xa0\n기타의무형자산\n2 ~ 11년\n다만, 회원권에 대해서는 이를 이용할 수 있을 것으로 기대되는 기간에 대하여 예측가능한 제한이 없으므로 당해 무형자산의 내용년수가 비한정인 것으로 보아 상각하지 않고, 매년 손상검사를 통해 손상차손을 인식합니다.\n내용연수가 유한한 무형자산의 상각기간과 상각방법은 매 회계연도 말에 재검토하고내용연수가 비한정인 무형자산에 대해서는 그 자산의 내용연수가 비한정이라는 평가가 계속하여 정당한지를 매 회계기간말에 재검토하며, 이를 변경하는 것이 적절하다고판단되는 경우 회계추정의 변경으로 처리하고 있습니다.\xa0\n(12) 투자부동산임대수익이나 시세차익 또는 두가지 모두를 얻기 위하여 보유하고 있는 투자부동산은 취득시 발생한 거래원가를 포함하여 최초 인식시점에 원가로 측정합니다. 투자부동산은 최초 인식 이후 원가법에 의해 평가되고 원가에서 감가상각누계액과 손상차손누계액을 차감한 금액을 장부금액으로 표시하고 있습니다.후속원가는 자산으로부터 발생하는 미래 경제적 효익이 유입될 가능성이 높으며, 그 원가를 신뢰성 있게 측정할 수 있는 경우에 한하여 자산의 장부금액에 포함하거나 적절한 경우 별도의 자산으로 인식하고 있으며, 후속지출에 의해 대체된 부분의 장부금액은 제거하고 있습니다. 한편, 일상적인 수선ㆍ유지와 관련하여 발생하는 원가는 발생시점에 당기손익으로 인식하고 있습니다.\n투자부동산 중 토지에 대하여는 감가상각을 하지 않으며, 건물의 감가상각비는\xa0내용연수\xa010~40년을 적용하여 정액법에 의하여 계상하고 있습니다.\n투자부동산의 감가상각방법, 잔존가치 및 내용연수는 매 회계연도말에 재검토하고 이를 변경하는 것이 적절하다고 판단되는 경우 회계추정의 변경으로 회계처리하고 있습니다.\n(13) 차입원가적격자산의 취득, 건설 또는 제조와 직접 관련된 차입원가는 당해 자산 원가의 일부로 자본화하고 있으며, 기타차입원가는 발생기간에 비용으로 인식하고 있습니다. 적격자산이란 의도된 용도로 사용하거나 판매가능한 상태가 될 때까지 상당한 기간을 필요로 하는 자산을 말하며, 금융자산과 단기간 내에 제조되거나 다른 방법으로 생산되는 재고자산은 적격자산에 해당되지 아니하며, 취득시점에 의도된 용도로 사용할 수 있거나 판매가능한 상태에 있는 자산인 경우에도 적격자산에 해당되지 아니합니다.적격자산을 취득하기 위한 목적으로 특정하여 차입한 자금에 한하여, 보고기간 동안 그 차입금으로부터 실제 발생한 차입원가에서 당해 차입금의 일시적 운용에서 생긴 투자수익을 차감한 금액을 자본화가능차입원가로 결정하며, 일반적인 목적으로 자금을 차입하고 이를 적격자산의 취득을 위해 사용하는 경우에 한하여 당해 자산 관련 지출액에 자본화이자율을 적용하는 방식으로 자본화가능차입원가를 결정하고 있습니다. 자본화이자율은 보고기간동안 차입한 자금(적격자산을 취득하기 위해 특정 목적으로 차입한 자금 제외)으로부터 발생된 차입원가를 가중평균하여 산정하고 있습니다. 보고기간 동안 자본화한 차입원가는 당해 기간 동안 실제 발생한 차입원가를 초과할 수 없습니다.(14) 비금융자산의 손상고객과의 계약에서 생기는 수익에 따라 인식하는 계약자산과 계약을 체결하거나 이행하기 위해 발생한 원가에서 생기는 자산, 종업원급여에서 발생한 자산, 재고자산, 이연법인세자산을 제외한 모든 비금융자산에 대해서는 매 보고기간말마다 자산손상을 시사하는 징후가 있는지를 검토하며, 만약 그러한 징후가 있다면 당해 자산의 회수가능액을 추정하고 있습니다. 단, 사업결합으로 취득한 영업권 및 내용연수가 비한정인 무형자산, 아직 사용할 수 없는 무형자산에 대해서는 자산손상을 시사하는 징후와 관계없이 매년 회수가 능액과 장부금액을 비교하여 손상검사를 하고 있습니다.회수가능액은 개별 자산별로, 또는 개별 자산의 회수가능액을 추정할 수 없다면 그 자산이 속하는 현금창출단위 별로 회수가능액을 추정하고 있습니다. 회수가능액은 사용가치와 순공정가치 중 큰 금액으로 결정하고 있습니다. 사용가치는 자산이나\xa0 현금창출단위에서 창출될 것으로 기대되는 미래현금흐름을 화폐의 시간가치 및 미래현금흐름을 추정할 때 조정되지 아니한 자산의 특유위험에 대한 현행 시장의 평가를 반영한 적절한 할인율로 할인하여 추정합니다.자산이나 현금창출단위의 회수가능액이 장부금액에 미달하는 경우 자산의 장부금액을 감소시키며 즉시 당기손익으로 인식하고\xa0\xa0 있습니다.매 보고기간말에 영업권을 제외한 자산에 대해 과거기간에 인식한 손상차손이 더 이상 존재하지 않거나 감소된 것을 시사하는 징후가 있는지를 검토하고 직전 손상차손의 인식시점 이후 회수가능액을 결정하는 데 사용된 추정치에 변화가 있는 경우에만환입합니다. 손상차손환입 으로 증가된 장부금액은 과거에 손상차손을 인식하기\xa0 전 장부금액의 감가상각 또는 상각 후 잔액을 초과할 수 없습니다.\n(15) 차입금차입금은 최초에 거래비용을 차감한 순공정가치로 인식하며, 후속적으로 상각후원가로 표시하고 있습니다. 거래비용 차감 후 수취한 금액과 상환금액의 차이는 유효이자율법으로 상각하여 차입기간 동안 손익계산서에 인식하고 있습니다. 또한, 보고기간종료일 이후 12개월 이상 결제를 이연할 수 있는 무조건적인 권리가 있는 경우 비유동부채로 분류하며, 그렇지 않는 경우 유동부채로 분류하고 있습니다.\n(16) 비파생금융부채당사는 계약상 내용의 실질과 금융부채의 정의에 따라 금융부채를 당기손익인식금융부채와 기타금융부채로 분류하고 계약의 당사자가 되는 때에 재무상태표에 인식하고 있습니다.① 당기손익인식금융부채금융부채는 단기매매항목으로 분류되거나, 파생상품인 경우, 혹은 최초 인식 시점에 당기손익인식항목으로 지정되는 경우에 당기손익인식항목으로분류 합니다.당기손익인식금융부채는 최초인식 후 공정가치로 측정하며, 공정가치의 변 동은\xa0 당기손익으로\xa0 인식하고\xa0 있습니다. 한편, 최초 인식시점에\xa0 발행과 관련하여 발생한 거래비용은 발생 즉시 당기손익으로 인식하고 있습니다.② 기타금융부채당기손익인식금융부채로 분류되지 않은 비파생금융부채는 기타금융부채로 분류하고 있습니다. 기타금융부채는 최초 인식시 발행과 직접 관련되는 거래원가를 차감한 공정가치로 측정하고 있습니다. 후속적으로 기타금융부채는 유효이자율법을 사용하여 상각후원가로 측정되며, 이자비용은 유효이자율법을 사용하여 인식합니다.③ 금융부채의 제거당사는 금융부채의 계약상 의무가 이행, 취소 또는 만료된 경우에만 금 융부채를제거합니다. 당사는 금융부채의 계약조건이 변경되어 현금흐름 이 실질적으로 달라진 경우 기존 부채를 제거하고 새로운 계약에 근거하여 새로운 금융부채를 공정가치로 인식합니다. 금융부채의 제거 시에, 장부금액과 지급한 대가(양도한 비현금자산이나 부담한 부채를 포함)의 차액은 당기손익으로 인식합니다.\n(17) 금융보증부채당사가 인식한 금융보증부채는 채무상품의 최초 계약조건이나 변경된 계약조건에 따라 지급일에 특정 채무자의 지급불능에 따라 채권자가 입은 손실을 보상하기 위해 당사가 특정금액을 지급하여야 하는 의무로서 그 발행과 직접 관련된 거래비용을 차감한 공정가치로 최초 측정하고 있습니다. 최초 인식 후 금융보증부채는 기업회계기준서 제1037호(충당부채, 우발부채 및 우발자산)에 따라 결정된 계약상 의무금액과 최초 인식한 금액에서 기업회계기준서 제1115호(고객과의 계약에서 생기는 수익)에 따라 인식한 상각누계액을 차감한 금액 중 큰 금액으로 측정합니다.\n(18) 전환사채 및 신주인수권부사채당사가 발행한 복합금융상품은 계약상 내용의 실질에 따라 금융부채와 자본항목으로각각 분류하고 있습니다. 당사가 발행한 복합금융상품은 상품 보유자의 선택에 의해 자본으로 전환될 수 있는 전환사채와 상품보유자의 권한 행사에 의해 신주를 발행해야하는 신주인수권부사채로 구성되어 있습니다.전환사채 및 신주인수권부사채의 부채요소는 최초 인식 시에는 전환권 및 신주인수권이 없는 유사한 사채의 공정가치로 인식하고, 전환 및 행사로 인한 소멸 또는 만기까지 유효이자율법을 적용한 상각후원가로 측정하고 있습니다. 자본요소는 최초 인식시의 전체 전환사채 및 신주인수권부사채의 공정가치에서 부채요소의 공정가치를 차감하여 법인세효과를 반영한 금액으로 인식하고, 이후 재측정하지 않고 있습니다. 직접거래원가는 부채요소와 자본요소의 장부금액의 비율로 안분하여 계상합니다.\n(19) 종업원급여① 단기종업원급여종업원이 관련 근무용역을 제공한 보고기간말부터 12개월 이내에 결제될 단기종업원급여는 근무용역과 교환하여 지급이 예상되는 금액을 근무용역이 제공된 때에 당기손익으로 인식하고 있습니다. 단기종업원급여는 할인하지 않은 금액으로 측정하고 있습니다.② 기타장기종업원급여종업원이 관련 근무용역을 제공한 보고기간말부터 12개월 이내에 지급되지 않을 기타장기종업원급여는 당기와 과거기간에 제공한 근무용역의 대가로 획득한 미래의 급여액을 현재가치로 할인하고 있습니다. 재측정에 따른 변동은 발생한 기간에 당기손익으로 인식하고 있습니다.③ 퇴직급여: 확정기여제도확정기여제도와 관련하여 일정기간 종업원이 근무용역을 제공하였을 때에는 그 근무용역과 교환하여 확정기여제도에 납부해야 할 기여금에 대하여 자산의 원가에 포함되는 경우를 제외하고는 당기손익으로 인식하고 있습니다. 납부해야 할 기여금은 이미 납부한 기여금을 차감한 후 부채(미지급비용)로 인식하고 있습니다. 또한, 이미 납부한 기여금이 보고기간말 이전에 제공된 근무용역에 대해 납부하여야 하는 기여금을 초과하는 경우에는 초과 기여금 때문에 미래 지급액이 감소하거나 현금이 환급되는 만큼을 자산(선급비용)으로 인식하고 있습니다.④ 퇴직급여: 확정급여제도보고기간 말 현재 확정급여제도와 관련된 확정급여부채는 확정급여채무의 현재가치에서 사외적립자산의 공정가치를 차감하여 인식하고 있습니다. 확정급여부채는 매년독립적인 계리사에 의해 예측단위적립방식으로 계산되고 있습니다. 확정급여채무의 현재가치에서 사외적립자산의 공정가치를 차감하여 산출된 순액이 자산일 경우, 제도로부터 환급받거나 제도에 대한 미래기여금이 절감되는 방식으로 이용가능한 경제적 효익의 현재가치를 한도로 자산을 인식하고 있습니다. 순확정급여부채의 재측정요소는 보험수리적손익, 순확정급여부채의 순이자에 포함된 금액을 제외한 사외적립자산의 수익 및 순확정급여부채의 순이자에 포함된 금액을 제외한 자산인식상한효과의 변동으로 구성되어 있으며, 즉시 기타포괄손익으로 인식됩니다. 당사는 순확정급여부채(자산)의 순이자를 순확정급여부채(자산)에 연차보고기간 초에 결정된 할인율을 곱하여 결정되며 보고기간 동안 기여금 납부와 급여지급으로 인한 순확정급여부채(자산)의 변동을 고려하여 결정하고 있습니다. 확정급여제도와 관련된 순이자비용과 기타비용은 당기손익으로 인식됩니다.⑤ 해고급여당사는 해고급여의 제안을 더 이상 철회할 수 없을 때와 해고급여의 지급을 수반하는 구조조정에 대한 원가를 인식할 때 중 이른 날에 해고급여에 대한 비용을 인식합니다. 해고급여의 지급일이 12개월이 지난 후에 도래하는 경우에는 현재가치로 할인하고 있습니다.\n(20) 충당부채 및 우발부채당사는 과거사건의 결과로 존재하는 현재의 법적의무 또는 의제의무 이행을 위하여 경제적 효익을 갖는 자원이 유출될 가능성이 높으며 그 의무의 이행에 소요되는 금액의 신뢰성 있는 추정이 가능한 경우 충당부채를 인식하고 있습니다.충당부채의 명목가액과 현재가치의 차이가 중요한 경우에는 의무를 이행하기 위하여예상되는 지출액의 현재가치로 평가하고 있습니다.매 보고기간 말마다 충당부채의 잔액을 검토하고, 보고기간 말 현재 최선의 추정치를반영하여 조정하고 있습니다. 시간경과로 인한 충당부채의 증가는 이자비용으로 인식하고 의무이행을 위하여 경제적 효익을 갖는 자원이 유출될 가능성이 더 이상 높지않은 경우에는 관련 충당부채를 환입하고 있습니다.제 3자가 변제하여 줄 것이 확실한 경우에 한하여 변제할 금액을 별도의 자산으로 처리하며, 이 경우 변제에 따른 수익에 해당되는 금액은 충당부채의 인식에 따라 손익계산서에 계상될 관련 비용과 상계하고 있습니다.또한, 과거사건은 발생하였으나 불확실한 미래사건의 발생여부에 의해서 존재여부가확인되는 잠재적인 의무가 있는 경우 또는 과거사건이나 거래의 결과 현재 의무가 존재하나 자원이 유출될 가능성이 매우 높지 않거나 당해 의무를 이행하여야 할 금액을신뢰성 있게 추정할 수 없는 경우 우발부채로 주석기재하고 있습니다.\n(21) 파생금융상품파생금융상품은 최초 인식시 계약일의 공정가치로 측정하고 있으며, 후속적으로 매 보고기간말의 공정가치로 재측정하고 있습니다. 파생금융상품을 위험회피수단으로 지정하였으나 위험회피에 효과적이지 않다면 파생금융상품의 공정가치 변동으로 인한 평가손익은 즉시 당기손익으로 인식하고 있습니다. 현금흐름위험회피회계를 적용하는 경우 파생금융상품을 위험회피수단으로 지정하고 위험회피에 효과적인 부분은 기타포괄손익으로 계상하고 있습니다.\n(22) 배당금\n배당금은 주주총회에서 승인된 시점에 부채로 인식하고 있습니다.\n(23) 납입자본\n보통주는 자본으로 분류하며 자본거래와 직접 관련되어 발생하는 증분원가는 세금효과를 반영한 순액으로 자본에서 차감하고 있습니다.우선주는 상환하지 않아도 되거나 당사의 선택에 의해서만 상환되는 경우와 배당의 지급이 당사의 재량에 의해 결정된다면 자본으로 분류하고, 당사의 주주총회에서 배당을 승인하면 배당금을 인식하고 있습니다.자기 지분상품을 재취득하는 경우에 이러한 지분상품은 자기주식의 과목으로 자본에서 직접 차감하고 있습니다. 자기지분상품을 매입 또는 매도하거나 발행 또는 소각하는 경우의 손익은 당기손익으로 인식하지 아니합니다.\n(24) 주식기준보상\n당사는 임직원에게 부여된 주식선택권의 보상원가를 부여일의 추정 공정가치로 측정하고 주식보상비용은 주식선택권의 예상권리소멸율을 반영하여 가득기간 동안 정액법으로 인식하고 있습니다.\n(25) 고객과의 계약에서 생기는 수익1) 수행의무의 식별당사는 ① 고객이 재화나 용역 그 자체에서 효익을 얻거나 고객이 쉽게 구할 수 있는 다른 자원과 함께하여 그 재화나 용역에서 효익을 얻을 수 있고, ② 고객에게 재화나 용역을 이전하기로 하는 약속을 계약 내의 다른 약속과 별도로 식별해 낼 수 있다면 구별되는 별도의 수행의무로 식별합니다.2) 기간에 걸쳐 이행하는 수행의무기업회계기준서 제1115호에 따르면 각각의 수행의무를 한 시점에 이행하는지, 기간에 걸쳐 이행하는지에 따라 수익인식 시점이 변경될 수 있습니다. 수행의무를 일정 기간에 걸쳐 이행하는지는 다음 기준 중 어느 하나를 충족해야 합니다. ① 고객이 기업이 업무를 수행하는 대로 효익을 얻고 동시에 소비한다. ② 기업이 만드는 대로 고객이 그 자산을 통제한다. ③ 기업이 업무를 수행하여 만든 자산이 기업자체에는 대체용도가 없고 지금까지 업무 수행을 완료한 부분에 대해서는 집행가능한 지급청구권이 있다. 당사의 대부분의 건설 계약은 계약기간 동안 고객에게 건설공사 등을 제공할 의무가 있으며 당사가 만들거나 가치를 높이는 대로 그 자산을 고객이 통제할 수 있는 것으로 판단되어 수행의무에 배분된 거래가격을 용역을 제공하는 기간에 걸쳐 수익으로 인식하고 있습니다.3) 투입법을 이용한 진행률 측정당사는 기간에 걸쳐 이행하는 수행의무는 수행 정도를 나타내지 못하는 투입물의 영향은 제외 후, 투입법을 이용하여 진행율로 수익을 인식하고 있습니다. 또한, 수행의무의 산출물을 합리적으로 측정할 수 없으나 원가는 회수될 것으로 예상한다면, 산출물을 합리적으로 측정할 수 있을 때까지 발생원가 범위에서만 수익을 인식하고 있습니다.한편, 계약 개시 시점에 재화가 구별되지 않고, 고객이 재화와 관련된 용역을 제공받기 전에 그 재화를 유의적으로 통제할 것으로 예상되며, 이전되는 재화의 원가가 수행의무를 완전히 이행하기 위해 예상되는 총 원가와 비교하여 유의적이며, 기업이 제3자에게서 재화를 조달받고 그 재화의 설계와 생산에 유의적으로 관여하지 않는다고 예상한다면, 수행의무를 이행하기 위해 사용한 재화의 원가와 동일한 금액을 수익으로 인식하고 있습니다.누적발생원가에 인식한 이익을 가산한 금액이 진행청구액을 초과하는 금액은 미청구공사로 표시하고 있으며, 진행청구액이 누적발생원가에 인식한 이익을 가산한 금액을 초과하는 금액은 초과청구공사로 표시하고 있습니다. 관련 공사가 수행되기 전에 수취한 금액은 재무상태표상 선수금으로 인식하고 있습니다. 수행한 공사에 대하여 발주자에게 청구하였지만 아직 수취하지 못한 금액은 재무상태표상 매출채권에 포함되어 있습니다.기타의 수익에 대해서는 수익가득과정이 완료되고 수익금액을 신뢰성 있게 측정할 수 있으며 경제적 효익의 유입가능성이 높을 때 인식하고 있습니다.4) 계약체결증분원가계약체결증분원가는 고객과 계약을 체결하기 위해 투입된 원가로서 계약을 체결하지않았다면 발생되지 않았을 원가로 당사는 고객에게 그 원가를 명백히 청구할 수 있는경우가 아니라면 발생시점에 비용으로 인식하고 있습니다. 당사는 계약체결증분원가를 발생항목별로 검토하여 자산화된 계약체결증분원가는 향후 계약이행원가로 인식하고 있습니다.5) 계약이행원가당사는 고객과의 계약을 이행할 때 드는 원가가 다른 기업회계기준서의 적용범위(예:기업회계기준서 제1002호 \'재고자산\', 제1016호 \'유형자산\', 제1038호 \'무형자산\')에포함되지 않는다면, 그 원가는 다음 기준을 모두 충족해야만 자산으로 인식하고 있습니다.- 원가가 계약이나 구체적으로 식별할 수 있는 예상 계약에 직접 관련된다.- 원가가 미래의 수행의무를 이행할 때 사용할 기업의 자원을 창출하거나 가치를 높인다.- 원가는 회수될 것으로 예상된다.\n(26) 금융수익과 비용당사의 금융수익과 금융비용은 다음으로 구성되어 있습니다.- 이자수익- 이자비용- 배당금수익- 당기손익-공정가치로 측정하는 금융자산에 대한 순손익- 금융자산과 금융부채에 대한\xa0 외환손익- 상각후원가로 측정하는 채무상품에 대한 투자자산에서 발생하는 손상차손(혹은\xa0 손상차손환입)이자수익 혹은 이자비용은 유효이자율법을 사용하여 인식하였습니다. 배당금 수익은당사가 배당을 받을 권리가 확정되는 시점에 인식합니다.유효이자율법은 금융상품의 기대존속기간에 추정되는 미래현금지급액이나 수취액의 현재가치를 금융자산의 총 장부금액이나 금융부채의 상각후원가와 정확하게 일치시키는 이자율입니다. 이자수익이나 이자비용을 계산할 때, 유효이자율은 자산의 총장부금액(해당 자산의 신용이 손상되지 않은 경우)이나 부채의 상각후원가에 적용합니다. 그러나, 최초 인식 이후에 후속적으로 신용이 손상된 금융자산에 대해서는 이자수익은 해당 금융자산의 상각후원가에 유효이자율을 적용하여 계산합니다. 만일 해당 자산이 더는 신용이 손상된 것으로 볼 수 없다면 총장부금액에 유효이자율을 적용하여 이자수익을\xa0 계산합니다.\n(27) 정부보조금정부보조금은 당사가 정부보조금에 부수되는 조건을 준수하고 그 보조금을 수취하는것에 대해 합리적인 확신이 있을 경우에만 인식하고 있습니다.당사는 비유동자산을 취득 또는 건설하는데 사용해야 한다는 기본조건이 부과된 정부보조금을 수령하고 있으며, 해당 자산의 장부금액을 계산할 때, 정부보조금을 차감하고 감가상각자산의 내용연수에 걸쳐 당기손익으로 인식하고 있습니다.\n(28) 법인세비용과 이연법인세법인세비용은 당기법인세와 이연법인세로 구성되어 있습니다. 법인세는 기타포괄손익이나 자본에 직접 인식된 항목과 관련된 금액을 제외하고는 당기손익으로 인식합니다. 기타포괄손익이나 자본의 특정 항목과 관련된 경우에는 해당 법인세를 각각 기타포괄손익이나 자본에서 직접 부가하거나 차감하여 인식합니다.당기법인세는 법인세법 등의 법령에 의하여 각 회계연도에 부담할 법인세 및 법인세에 부가되는 세액의 합계이며 전기 이전의 기간과 관련된 법인세부담액을 당기에 인식하는 법인세추납액 또는 환급액이 포함됩니다. 당사의 당기 법인세부채는 보고기간 말까지 제정되었거나 실질적으로 제정된 세율을 사용하여 계산합니다.당사는 자산과 부채의 장부금액과 세무기준액의 차이로 인해 발생하는 일시적차이에대해 자산부채법을 적용하여 이연법인세를 인식하고 있습니다. 다만 사업결합 이외 거래에서 자산,\xa0부채를 최초로 인식할 때 발생하는 이연법인세자산과 부채는 그 거래가 회계이익이나 과세소득에 영향을 미치지 않는다면 인식하지 아니하고 있습니다.이연법인세는 관련 이연법인세자산이 실현되고 이연법인세부채가 결제될 때 적용될 것으로 예상되는 보고기간말에 제정되었거나 실질적으로 제정될 세율과 세법을 적용하여 인식하고 있습니다.종속기업 및 관계기업에 대한 투자지분과 관련된 일시적차이에 대한 이연법인세는 실현가능성이 없다고 보아 별도재무제표에서는 인식하지 않습니다.이연법인세자산의 장부금액은 매 보고기간 말에 검토하고, 이연법인세자산의 전부 또는 일부가 회수될 수 있을만큼 충분한 과세소득이 발생할 가능성이 더 이상 높지 않은 경우 이연법인세자산의 장부금액을 감소시킵니다.\n(29) 주당이익당사는 보통주 기본주당이익과 희석주당이익을 계속영업손익과 당기순손익에 대하여 계산하고 손익계산서에 표시하고 있습니다. 기본주당이익은 보통주에 귀속되는 당기순손익을 보고기간 동안에 유통된 보통주식수를 가중평균한 주식수로 나누어계산하고 있습니다. 희석주당이익은 전환사채와 종업원에게 부여한 주식기준보상 등 모든 희석효과가 있는 잠재적 보통주의 영향을 고려하여 보통주에 귀속되는 당기순손익 및 가중평균유통보통주식수를 조정하여 계산하고 있습니다.\n(30) 신주발행비와 사채발행비당사는 신주발행비를 주식발행가액에서 조정하여 주식발행초과금에서 차감하고, 사채발행비를 사채발행가액에서 조정하여 사채할인발행차금 또는 사채할증발행차금에 가감하는 방법으로 처리하고 있습니다.\n(31) 사채할인(할증)발행차금당사는 사채할인(할증)발행차금을 사채발행시부터 최종상환시까지의 기간에 걸쳐 유효이자율법을 적용하여 상각(환입)하고, 동 상각(환입)액을 이자비용에 가산(차감)하여 처리하고 있습니다.\n(32) 미적용 제ㆍ개정 기준서제정ㆍ공표되었으나 시행일이 도래하지 않아 당사가 조기적용하지 아니한 제ㆍ개정 기준서 및 해석서는 다음과 같습니다.1) 기업회계기준서 제1001호 \'재무제표 표시\', 제1008호 \'회계정책, 회계추정의 변경및 오류\' 개정\'중요성의 정의\'를 명확히 하고 기준서 제1001호와 제1008호를 명확해진 정의에 따라 개정하였습니다. 중요성 판단 시 중요한 정보의 누락이나 왜곡표시뿐만 아니라 중요하지 않은 정보로 인한 영향과 당사가 공시할 정보를 결정할 때 정보이용자의 특성을 고려하도록 하였습니다. 동 개정사항은 2020년 1월 1일 이후 시작하는 회계연도부터 적용되며, 조기도입이 가능합니다. 당사는 동 개정으로 인해 재무제표에 중요한 영향은 없을 것으로 예상하고 있습니다.2) 기업회계기준서 제1103호 \'사업결합\' 개정개정된 사업의 정의에서는, 취득한 활동과 자산의 집합을 사업으로 판단하기 위해서는 산출물의 창출에 함께 유의적으로 기여할 수 있는 능력을 가진 투입물과 실질적인과정을 반드시 포함하도록 하였고 원가 감소에 따른 경제적 효익은 제외하였습니다.이와 함께 취득한 총자산의 대부분의 공정가치가 식별가능한 단일 자산 또는 자산집합에 집중되어 있는 경우, 취득한 활동과 자산의 집합은 사업이 아닌, 자산 또는 자산의 집합으로 결정할 수 있는 선택적 집중테스트가 추가되었습니다. 동 개정사항은 2020년 1월 1일 이후 시작하는 회계연도부터 적용되며, 조기도입이 가능합니다. 당사는 동 개정으로 인해 재무제표에 중요한 영향은 없을 것으로 예상하고 있습니다.\n4. 재무위험관리당사의 재무위험관리는 시장위험, 신용위험 및 유동성위험과 같은 다양한 재무위험하에서도 안정적이고 지속적인 경영성과를 창출할 수 있도록, 재무구조 개선 및 자금운영의 효율성을 제고하는 데 있습니다.  재무위험관리활동은 주로 재경팀에서 주관하고 있으며 관련 부서와의 긴밀한 협조 하에 재무위험 관리정책 수립 및 재무위험 식별, 평가, 헷지 등의 실행활동을 하고 있습니다. 또한, 당사는 정기적으로 재무위험 관리정책의 재정비와 재무위험 모니터링 등을 통해 재무위험으로부터 발생할 수 있는 영향을 최소화하는데 주력하고 있습니다.\n(1) 시장위험① 외환위험당사는 국제적으로 영업활동을 영위하고 있어 다양한 통화로부터의 환율변동위험에 노출되어 있습니다. 당사의 외환위험관리의 목표는 환율 변동으로 인한 불확실성과 손익 변동을 최소화하는데 있습니다.\xa0당사의 외환위험관리는 환위험관리규정에 의해서 이루어지고 있으며, 투기적 목적의 외환관리는 엄격히 금하고 있습니다.\xa0\n당사는 우선적으로 수출과 수입통화 대응을 통한 Natural Hedge로 환율변동 노출금액을 우선적으로 상쇄하여 외환위험을 축소하고, 잔여 환율변동노출금액에 대해서는환위험관리규정에 따라 선물환 등 파생상품을 통해 헷지를 하고 있습니다.\xa0\n보고기간종료일 현재 기능통화 이외의 외화로 표시된 화폐성자산 및 부채의 장부금액은 다음과 같습니다.\n(단위: 천원)\n구분\n당기말\n전기말\nUSD\nEUR\n기타(주1)\n합계\nUSD\nEUR\n기타(주1)\n합계\nI. 외화 금융자산\n5,548,319\n3,930\n-\n5,552,249\n228,608\n3,875\n-\n232,483\nII. 외화 금융부채\n29,053,921\n293,040\n234,524\n29,581,485\n27,895,330\n580,525\n1,361,551\n29,837,406\n차감 계(I - II)\n(23,505,602)\n(289,110)\n(234,524)\n(24,029,236)\n(27,666,722)\n(576,650)\n(1,361,551)\n(29,604,923)\n(주1) 기타 통화는 USD, EUR를 제외한 기타 외화로서 원화로 환산된 금액입니다.\n보고기간종료일 현재 적용된 환율은 다음과 같습니다.\n(단위: 원)\n구\xa0 \xa0 분\n기말환율\n당기말\n전기말\nUSD\n1,157.80\n1,118.10\nEUR\n1,297.43\n1,279.16\n당기 손익으로 인식한 외화환산손익은 (-)11,904천원(전기 : 10,890천원)입니다.보고기간종료일 현재 다른 모든 변수가 일정하고 각 외화에 대한 기능통화의 환율이 10% 변동시 환율변동이 법인세비용차감전순이익(손실)에 미치는 영향은 다음과 같습니다.\n(단위: 천원)\n구분\n당기\n전기\n10% 환율 인상시\n10% 환율 인하시\n10% 환율 인상시\n10% 환율 인하시\n세전 순이익(손실)\n(2,402,923)\n2,402,923\n(2,960,492)\n2,960,492\n상기 민감도 분석은 보고기간말 현재 기능통화 이외의 외화로 표시된 화폐성 자산 및부채를 대상으로 하였습니다.\n② 이자율위험이자율위험은 미래 시장이자율 변동에 따라 예금 또는 차입금 등에서 발생하는 이자수익 및 이자비용이 변동될 위험으로서 이는 주로 변동금리부 조건의 차입금과 예금에서 발생하고 있습니다. 당사의 이자율위험관리의 목표는 이자율 변동으로 인한 불확실성과 금융비용의 최소화하는데 있습니다.이를 위해 내부 유보자금을 활용한 외부차입 최소화, 고금리 차입금 감축, 장/단기 차입구조 개선, 고정 대 변동금리 차입조건의 차입금 적정비율 유지, 정기적인 국내외 금리동향 모니터링 실시 및 대응방안 수립 등을 통해 선제적으로 이자율 위험을 관리하고 있습니다.\n보고기간종료일 현재 이자율변동위험에 노출된 변동금리부 금융자산 및 부채는 다음과 같습니다.\n(단위: 천원)\n구분\n당기말\n전기말\nI. 금융자산\n28,865,555\n80,712,726\nII. 금융부채\n28,500,000\n27,472,000\n차감 계(I - II)\n365,555\n53,240,726\n보고기간종료일 현재 다른 모든 변수가 일정하고 변동금리부 금융자산 및 부채에 대한 이자율이 100bp 변동시, 이자율변동이 연간 법인세비용차감전순이익(손실)에 미치는 영향은 다음과 같습니다.\n(단위: 천원)\n구분\n당기\n전기\n100bp상승시\n100bp하락시\n100bp상승시\n100bp하락시\n세전순이익(손실)\n3,656\n(3,656)\n532,407\n(532,407)\n③ 가격위험당사는 매도가능지분상품 중 상장지분상품과 관련하여 시장가격의 변동으로 인하여 금융상품의 공정가치나 미래현금흐름이 변동할 기타 가격변동위험에 노출되어 있으며, 상장지분상품의 가격변동위험을 정기적으로 측정하고 있습니다. 포트폴리오 내 중요한 투자는 개별적으로 관리되며 모든 취득 및 매각 결정에는 이사회의 승인이 필요합니다.\n(2) 신용위험당사는 금융상품의 당사자 중 일방이 의무를 이행하지 않아 상대방에게 재무손실을 입힐 신용위험에 노출되어 있습니다.\xa0신용위험은 주로 거래처에 대한 매출채권 및 기타채권 뿐만 아니라,\xa0상각후원가로 측정 금융자산,\xa0금융기관예치금, 파생금융상품 및지급보증한도액으로부터 발생하고 있습니다.상각후원가로 측정 금융자산\xa0당사는 신용위험을 관리하기 위하여 신용도가 일정 수준 이상인 거래처와 거래하고 있으며, 금융자산의 신용보강을\xa0위한 정책과 절차를 마련하여 운영하고 있습니다.당사는 신규 거래처와 계약시 공개된 재무정보와 신용평가기관에 의하여 제공된 정보등을 이용하여 거래처의 신용도를 평가하고 이를 근거로 신용거래한도를 결정하고있으며, 담보 또는 지급보증을 제공받고 있습니다. 당사의 지급보증과 관련된 내용은주석 30에\xa0기술되어 있습니다. 또한, 당사는 주기적으로 거래처의 신용도를 재평가하여 신용거래한도를 재검토하고 담보수준을 재조정하고 있으며, 회수가 지연되는 금융자산에 대하여는 정기적으로 회수지연 현황 및 회수대책을 보고하고 있으며 지연사유에 따라 적절한 조치를 취하고 있습니다.- 신용위험에 대한 노출정도보고기간종료일 현재 신용위험에 노출된 당사의 금융자산은 다음과 같으며, 장부금액은 신용위험에 대한 최대 노출정도를 표시하고 있습니다.\n(단위: 천원)\n구분\n당기말\n전기말\n현금및현금성자산(주1)\n31,897,021\n81,960,098\n단기금융상품\n72,244,473\n1,618,000\n매출채권\n169,938,904\n226,057,063\n미수금\n97,219,250\n86,558,587\n단기대여금\n83,025,537\n110,562,339\n미수수익(주2)\n63,552,292\n81,059,351\n장기금융상품\n75,352\n274,431\n장기대여금(주3)\n661,082,097\n605,805,133\n보증금(주2,3)\n31,433,919\n36,958,180\n소계\n1,210,468,845\n1,230,853,182\n상각후원가 측정 금융자산(주4)\n-\n18,400,000\n합 계\n1,210,468,845\n1,249,253,182\n(주1) 당사가 보유하는 현금시재액은 제외하였습니다.(주2) 재무상태표상 기타유동자산 중 일부로 포함되어 있습니다.(주3) 재무상태표상 기타비유동자산 중 일부로 포함되어 있습니다.(주4) 재무상태표상 장기투자증권 중 일부로 포함되어 있습니다.상기 이외에 당사가 제공한 금융보증계약으로 인해 피보증인의 청구에 의하여 지급하여야 할 보증의 최대금액은\xa0주석\xa030과 같습니다.\n- 보고기간종료일 현재 당사의 금융자산 중 주요 매출채권 및 기타채권의 연령 및 각연령별 채권금액은 다음과 같습니다.① 당기말\n(단위: 천원)\n계정과목\n0~3개월 이하\n3개월 초과~6개월 이하\n6개월 초과~1년 이하\n1년 초과\n합계\n매출채권\n11,815,388\n419,786\n334,392\n913,836,305\n926,405,871\n단기대여금\n5,525,063\n3,722,854\n4,276,482\n165,264,095\n178,788,494\n미수금\n32,578,332\n29,412,767\n5,218,544\n119,849,005\n187,058,648\n미수수익\n7,860,980\n7,588,269\n16,344,176\n51,191,146\n82,984,571\n장기대여금\n200,635,030\n19,258,189\n179,600,917\n958,996,924\n1,358,491,060\n장기매출채권\n-\n-\n-\n55,826\n55,826\n합계\n258,414,793\n60,401,865\n205,774,511\n2,209,193,301\n2,733,784,470\n②\xa0전기말\n(단위: 천원)\n계정과목\n0~3개월 이하\n3개월 초과~6개월 이하\n6개월 초과~1년 이하\n1년 초과\n합계\n매출채권\n68,252,022\n1,221,128\n20,062,416\n897,390,377\n986,925,943\n단기대여금\n5,213,862\n10,939,610\n4,590,861\n157,355,842\n178,100,175\n미수금\n19,520,234\n3,275,288\n10,820,563\n128,920,393\n162,536,478\n미수수익\n374,306\n268,917\n535,460\n99,755,800\n100,934,483\n장기대여금\n189,902,056\n21,273,188\n62,085,445\n1,083,917,292\n1,357,177,981\n장기매출채권\n-\n-\n-\n59,885\n59,885\n합계\n283,262,480\n36,978,131\n98,094,745\n2,367,399,589\n2,785,734,945\n부도 및 파산 등 손상 징후가 개별적으로 식별가능하거나\xa0개별 프로젝트 단위로 현금흐름 추정이 가능한 채권은 개별적으로 대손충당금을 설정하는\xa0반면,\xa0개별적으로 중요하지 않고 유사한 성격별로 분류되는 금융자산의 집합은 연령분석 및 대손경험률에 근거해 대손충당금을 설정하고 있습니다.\xa0보고기간종료일 현재 당사는 상기\xa0채권과 관련해 설정한 대손충당금은\xa01,610,457백만원(전기말 1,652,256백만원)입니다.\n보고기간종료일 현재 연체되었으나 손상되지 아니한 매출채권 및 기타채권은 없습니다.\n(3) 유동성위험당사는 현금 등 금융자산을 인도하여 결제하는 금융부채와 관련된 의무를 충족하는 데 어려움을 겪게 될 유동성위험에 노출되어 있습니다. \n당사는 정기적인 자금수지계획의 수립을 토대로 영업활동, 투자활동, 재무활동에서의 자금수지를 미리 예측해 금융부채와 금융자산의 만기구조를 대응시키고 있으며, 이를 통해 필요 유동성 규모를 사전에 확보하고 유지하여 향후에 발생할 수 있는 유동성 리스크를 사전에 관리하고 있습니다. 당사의 지급보증 등과 관련된 내용은 주석30에 기술되어 있습니다.당사는 당기순손실이\xa095,534백만원이며\xa0당기말 현재 시행사 등의 차입을 위하여 제공한 지급보증으로 인한 우발채무\xa01,951,977백만원이 있습니다.\xa0따라서 당사는 유동성위험에 대비하기 위하여 차기 자금조달계획과 안정적인 영업현금흐름 달성을 위한 재무 및 경영개선계획 등을 추진중에 있습니다.당사는 주석 30과 같이 보고기간종료일 현재\xa0우리은행 등\xa06개\xa0금융기관 등의\xa0당좌차월, 어음할인 및 차입한도 약정을 맺고 있으며 당기말 현재 동 한도의 합계액은\xa0236,859백만원입니다. 당사는 위와 같은 금융기관과의 약정을 유지하여 유동성위험에 대비하고 있습니다.보고기간종료일 현재 비파생금융상품 중 장ㆍ단기 차입금, 사채 및 유동화채무의 연도별 상환계획은 다음과 같습니다.① 당기말\n(단위: 천원)\n과 목\n장부금액\n계약상 현금흐름(주1)\n합계\n1년 미만\n2년 이하\n5년 이하\n5년 초과\n금융부채\n658,131,188\n679,832,106\n600,023,875\n79,808,231\n-\n-\n(주1)\xa0상기 금융부채의 잔여만기 구간별 금액은 할인하지 않은 계약상 현금흐름(지급이자 포함)을 기초로 당사가 가장 빠른 만기일에 근거하여 작성되었으며, 재무상태표상 금융부채의 장부금액과 차이가 있습니다.② 전기말\n(단위: 천원)\n과 목\n장부금액\n계약상 현금흐름(주1)\n합계\n1년 미만\n2년 이하\n5년 이하\n5년 초과\n금융부채\n852,420,410\n885,045,170\n885,045,170\n-\n-\n-\n(주1) 상기 금융부채의 잔여만기 구간별 금액은 할인하지 않은 계약상 현금흐름(지급이자 포함)을 기초로 당사가 가장 빠른 만기일에 근거하여 작성되었으며, 재무상태표상 금융부채의 장부금액과 차이가 있습니다.한편, 상기\xa0금융부채와 별도로 당기말 현재 당사가 제공한 금융보증계약으로 피보증인의 청구에 의해 부담하여야 할 보증의 최대금액은 주석\xa030과\xa0같습니다.\n(4) 자본위험당사의 자본위험관리 목적은 계속기업으로서 주주 및 이해당사자들에게 이익을 지속적으로 제공할 수 있는 능력을 보호하고 자본비용을 절감하기 위해 최적 자본구조를 유지하는 것입니다.최적 자본구조를 달성하기 위하여 동종산업내의 타사와 마찬가지로 당사는 부채비율에 기초하여 자본을 관리하고 있습니다. 부채비율은 부채총계를 자본총계로 나누어 산출하고 있습니다. 보고기간종료일 현재 당사의 부채비율은 다음과 같습니다.\n(단위: 천원)\n구분\n당기말\n전기말\n부채총계\n1,810,267,165\n2,015,019,310\n자본총계\n518,472,637\n321,821,539\n부채비율\n349.15%\n626.13%\n5. 사용제한 금융상품보고기간종료일 현재 당사의 사용제한 금융상품은 다음과 같습니다.\n(단위: 천원)\n계정과목\n당기말\n전기말\n제한내용\n현금및현금성자산\n3,703,479\n9,038,902\n선수금 담보 등\n단기금융상품(주1)\n2,618,000\n1,618,000\n보증금 질권 등\n장기금융상품\n35,000\n46,672\n당좌개설보증금 등\n합계\n6,356,479\n10,703,574\n(주1) 상기 단기금융상품의 일부는 당사의 차입금에 대한 담보로 제공되어 있습니다.(주석 31 참조)\n6. 매출채권 및 기타채권(1) 보고기간종료일\xa0현재 당사의 매출채권 및 기타채권의 대손충당금 현황은 다음과 같습니다.\n(단위: 천원)\n계정과목\n당기말\n전기말\n채권액\n대손충당금\n장부금액\n채권액\n대손충당금\n장부금액\n유동\n매출채권\n926,405,871\n(756,466,966)\n169,938,905\n986,925,943\n(760,868,880)\n226,057,063\n미청구공사\n228,528,788\n(7,413,688)\n221,115,100\n185,478,874\n(7,413,688)\n178,065,186\n미수금\n187,058,647\n(89,839,398)\n97,219,249\n162,536,479\n(75,977,892)\n86,558,587\n단기대여금\n178,788,495\n(95,762,957)\n83,025,538\n178,100,176\n(67,537,837)\n110,562,339\n기타\n82,984,571\n(19,432,278)\n63,552,293\n100,934,483\n(19,875,132)\n81,059,351\n소 계\n1,603,766,372\n(968,915,287)\n634,851,085\n1,613,975,955\n(931,673,429)\n682,302,526\n비유동\n매출채권\n55,826\n(55,826)\n\xa0 \xa0 \xa0 \xa0 \xa0 \xa0 \xa0 \xa0 \xa0 \xa0 \xa0 -\xa0\n59,885\n(59,885)\n-\n장기대여금(주1)\n1,309,981,526\n(648,899,430)\n\xa0 \xa0 \xa0\xa0 661,082,096\n1,333,741,928\n(727,936,795)\n605,805,133\n보증금(주2)\n30,909,514\n(126,824)\n\xa0 \xa0 \xa0 \xa0\xa0 30,782,690\n36,654,770\n(100,000)\n36,554,770\n소계\n1,340,946,866\n(649,082,080)\n691,864,786\n1,370,456,583\n(728,096,680)\n642,359,903\n합계\n2,944,713,238\n(1,617,997,367)\n1,326,715,871\n2,984,432,538\n(1,659,770,109)\n1,324,662,429\n(주1) 상기 장기대여금의 장부금액에는 당기말 현재가치할인차금 48,510백만원(전기말 23,436백만원)이 차감되어 있습니다.(주2) 상기 보증금의 장부금액에는 당기말 현재가치할인차금\xa0\xa09,383백만원이 차감되어 있습니다.\n(2) 당기 중 당사의\xa0매출채권 및 기타채권의\xa0대손충당금 변동내역은 다음과 같습니다.\n(단위: 천원)\n계정과목\n기초\n설정\n환입\n제각\n대체\n당기말\n매출채권(비유동포함)\n760,928,765\n2,473,308\n(119,967)\n-\n(6,759,314)\n756,522,792\n미청구공사\n7,413,688\n-\n-\n-\n-\n7,413,688\n미수금\n75,977,892\n9,806,828\n(2,690,504)\n(14,132)\n6,759,314\n89,839,398\n단기대여금\n67,537,837\n5,289,610\n-\n-\n22,935,510\n95,762,957\n장기대여금\n727,936,795\n54,070,268\n(12,188,484)\n(57,279,712)\n(63,639,437)\n648,899,430\n기타\n19,975,132\n135,030\n(100,000)\n(451,060)\n-\n19,559,102\n합 계\n1,659,770,109\n71,775,044\n(15,098,955)\n(57,744,904)\n(40,703,927)\n1,617,997,367\n당사는 부도 및 파산 등 손상 징후가 개별적으로 식별가능하거나\xa0개별 프로젝트 단위로 현금흐름 추정이 가능한 채권은 개별적으로 대손충당금을 설정하는\xa0반면, 개별적으로 중요하지 않고 유사한 성격별로 분류되는 금융자산의\xa0집합은 연령분석 및 대손경험률에 근거해 대손충당금을 설정하고 있습니다.\xa0\xa0손상된 채권에 대한 충당금 설정액은 손익계산서상 판매비와관리비 및 기타영업외비용에 포함되어 있습니다.\n7.\xa0재고자산보고기간종료일 현재 당사의 재고자산은 다음과 같습니다.\n\xa0(단위: 천원)\n구분\n당기말\n전기말\n취득원가\n장부금액\n취득원가\n장부금액\n원재료\n1,665,059\n1,665,059\n1,298,019\n1,298,019\n미완성주택\n8,427,978\n8,427,978\n5,473,858\n5,473,858\n합계\n10,093,037\n10,093,037\n6,771,877\n6,771,877\n8. 장기투자증권(1) 보고기간종료일 현재 당사의 장기금융자산 내역은 다음과 같습니다.\n(단위: 천원)\n구분\n종목\n당기말\n전기말\n시장성있는지분증권\n삼부토건\n97\n117\n동부건설(주4)\n3,945\n-\n소 계\n4,042\n117\n시장성없는지분증권(주1)\n신성건설\n3,037\n3,037\n한국경제신문\n71,187\n71,187\n㈜코리아헤럴드미디어\n1\n1\n부산물류터미널㈜\n479,560\n479,560\n㈜청구\n310\n310\n한국경우AMC\n-\n-\n포항영일신항만㈜(주2)\n-\n-\n마산아랫물길㈜(주2)\n-\n-\n청주친환경㈜(주2)\n-\n-\n인천김포고속도로㈜(주2)\n7,484,373\n8,592,220\n상주영천고속도로㈜(주2)\n6,257,334\n9,036,001\n수도권서부고속도로㈜(주2)\n8,983,572\n8,983,572\n대구남부순환도로㈜(주2)\n3,849,506\n3,352,036\n우이신설경전철㈜(주2)\n-\n-\n서울문산고속도로㈜(주2)\n15,298,560\n15,298,560\n경기남부도로㈜(주2)\n6,729,123\n3,917,879\n부산신항제이배후도로㈜(주2)\n-\n-\n남서울경전철㈜(주2)\n4,295,220\n4,295,220\n서서울도시고속도로㈜(주2)\n12,042,699\n12,042,699\n청정파주㈜(주2)\n-\n-\n푸른김포㈜(주2)\n-\n-\n가평양주강군㈜(주2)\n-\n-\n양천고양통일동산㈜(주2)\n-\n-\n서울대메디컬허브㈜(주2)\n37,500\n208,050\n소 계\n65,531,982\n66,280,332\n출자금(주1)\n건설공제조합(주3)\n36,517,458\n34,745,918\n전기공사공제조합\n19,692\n19,692\n정보통신공제조합\n33,712\n33,712\n소방산업공제조합\n20,000\n20,000\n자본재공제조합\n2,565,461\n2,171,556\n기계설비건설공제조합\n285,693\n285,693\n소 계\n39,442,016\n37,276,571\n채무증권\n디에스묵현㈜ 제 1회 무기명 사모사채\n-\n18,400,000\n소 계\n-\n18,400,000\n합계\n104,978,040\n121,957,020\n(주1) 당사는 상기 유가증권에 대해서 공정가치 서열체계 수준3으로 분류하였으며, 당기손익-공정가치측정 금융자산의 공정가치평가내역은 주석9(2)에서 설명하고 있습니다. (주2) 상기 유가증권은 해당회사의 프로젝트 파이낸싱 등의 차입금에 대한 담보로 제공되어 있습니다(주석31 참조).(주3) 상기 유가증권은 당사 차입금에 대한 담보로 제공되어 있습니다(주석31 참조).(주4)\xa0상기\xa0유가증권은 당기 취득하였습니다.\n(2) 당기와 전기 중 당사의 장기금융자산평가손익 변동내역은 다음과 같습니다.① 당기\n(단위: 천원)\n구분\n기초\n취득 및 출자\n평가손익(주1)\n처분\n기말\n당기손익-공정가치 측정 금융자산\n시장성 있는 지분증권\n117\n4,176\n(251)\n-\n4,042\n당기손익-공정가치 측정 금융자산\n시장성 없는 지분증권\n66,280,332\n-\n(577,800)\n(170,550)\n65,531,982\n당기손익-공정가치 측정 금융자산\n출자금\n37,276,571\n-\n2,165,445\n-\n39,442,016\n상각후원가 측정 금융자산\n채무증권\n18,400,000\n-\n-\n(18,400,000)\n-\n합 계\n121,957,020\n4,176\n1,587,394\n(18,570,550)\n104,978,040\n(주1) 당사의 장기투자증권 중 공정가치 서열체계 수준1, 수준3으로 분류된 금융자산의 평가손익으로 인하여 변동되었으며, 수준3으로 분류된 당기손익-공정가치측정 금융자산의 공정가치평가내역은 주석9(2)에서 설명하고 있습니다. ② 전기\n(단위: 천원)\n구분\n기초\n취득 및 출자\n평가손익(주1)\n처분(주2)\n기말\n당기손익-공정가치 측정 금융자산\n시장성 있는 지분증권\n188\n-\n(71)\n-\n117\n당기손익-공정가치 측정 금융자산\n시장성 없는 지분증권\n102,425,795\n-\n(25,237,333)\n(10,908,130)\n66,280,332\n당기손익-공정가치 측정 금융자산\n출자금\n37,202,975\n-\n73,596\n-\n37,276,571\n상각후원가 측정 금융자산\n채무증권\n-\n18,400,000\n-\n-\n18,400,000\n합 계\n139,628,958\n18,400,000\n(25,163,808)\n(10,908,130)\n121,957,020\n(주1) 당사의 장기투자증권 중 상주영천고속도로㈜ 등의 평가손실로 인하여 변동되었습니다.(주2) 당사의 장기투자증권인 청라국제업무타운㈜의 청산결정에 따른 처분으로 변동되었습니다.\n(3) 보고기간종료일 현재 당사의 상각후원가 측정 금융자산 내역은 다음과 같습니다.\n(단위: 천원)\n구분\n종목\n당기말\n전기말\n채무증권\n디에스묵현㈜ 제 1회 무기명 사모사채\n-\n18,400,000\n9. 범주별 금융상품 등(1) 보고기간종료일 현재 당사의 범주별 금융상품 내역은 다음과 같습니다.① 당기말\n(단위: 천원)\n금융자산\n상각후원가 측정 금융자산\n당기손익-공정가치 측정 금융자산\xa0\n장부금액\n공정가치\n현금및현금성자산\n31,900,021\n-\n31,900,021\n31,900,021\n단기금융상품\n2,618,000\n69,626,473\n72,244,473\n72,244,473\n매출채권\n169,938,904\n-\n169,938,904\n169,938,904\n미수금\n97,219,250\n-\n97,219,250\n97,219,250\n단기대여금\n83,025,537\n-\n83,025,537\n83,025,537\n미수수익(주1)\n63,552,292\n-\n63,552,292\n63,552,292\n장기금융상품\n75,352\n-\n75,352\n75,352\n장기투자증권\n-\n104,978,040\n104,978,040\n104,978,040\n장기대여금(주2)\n661,082,097\n-\n661,082,097\n661,082,097\n보증금(주1,2)\n31,433,919\n-\n31,433,919\n31,433,919\n금융리스채권(주1,2)\n1,711,171\n-\n1,711,171\n1,711,171\n합계\n1,142,556,543\n174,604,513\n1,317,161,056\n1,317,161,056\n(주1) 재무상태표상 기타유동자산 중 일부로 포함되어 있습니다.(주2) 재무상태표상 기타비유동자산 중 일부로 포함되어 있습니다.\n(단위: 천원)\n금융부채\n상각후원가측정 금융부채\n금융보증부채\n장부금액\n공정가치\n매입채무\n478,049,844\n-\n478,049,844\n478,049,844\n단기차입금\n49,039,255\n-\n49,039,255\n49,039,255\n유동화채무\n451,773,968\n-\n451,773,968\n451,773,968\n유동성장기부채\n84,280,283\n-\n84,280,283\n84,280,283\n미지급금\n44,416,469\n-\n44,416,469\n44,416,469\n미지급비용\n22,972,731\n-\n22,972,731\n22,972,731\n예수보증금(주1)\n2,927,066\n-\n2,927,066\n2,927,066\n임대보증금(주1)\n21,410,922\n-\n21,410,922\n21,410,922\n장기차입금\n73,037,682\n-\n73,037,682\n73,037,682\n장기임대보증금(주2)\n618,000\n-\n618,000\n618,000\n금융보증부채(주2)\n-\n10,504,842\n10,504,842\n10,504,842\n리스부채\n67,568,598\n-\n67,568,598\n67,568,598\n합계\n1,296,094,818\n10,504,842\n1,306,599,660\n1,306,599,660\n(주1) 재무상태표상 기타유동부채 중 일부로 포함되어 있습니다.(주2) 재무상태표상 기타비유동부채 중 일부로 포함되어 있습니다.② 전기말\n(단위: 천원)\n금융자산\n상각후원가 측정 금융자산\n당기손익-공정가치 측정 금융자산\xa0\n장부금액\n공정가치\n현금및현금성자산\n81,963,098\n-\n81,963,098\n81,963,098\n단기금융상품\n1,618,000\n-\n1,618,000\n1,618,000\n매출채권\n226,057,063\n-\n226,057,063\n226,057,063\n미수금\n86,558,587\n-\n86,558,587\n86,558,587\n단기대여금\n110,562,339\n-\n110,562,339\n110,562,339\n미수수익(주1)\n81,059,351\n-\n81,059,351\n81,059,351\n장기금융상품\n274,431\n-\n274,431\n274,431\n장기투자증권\n18,400,000\n103,557,020\n121,957,020\n121,957,020\n장기대여금(주2)\n605,805,133\n-\n605,805,133\n605,805,133\n보증금(주1,2)\n36,958,180\n-\n36,958,180\n36,958,180\n합 계\n1,249,256,182\n103,557,020\n1,352,813,202\n1,352,813,202\n(주1) 재무상태표상 기타유동자산 중 일부로 포함되어 있습니다.(주2) 재무상태표상 기타비유동자산 중 일부로 포함되어 있습니다.\n(단위: 천원)\n금융부채\n상각후원가로 측정하는 금융부채\n금융보증부채\n장부금액\n공정가치\n매입채무\n496,530,347\n-\n496,530,347\n496,530,347\n단기차입금\n66,558,859\n-\n66,558,859\n66,558,859\n유동화채무\n483,371,392\n-\n483,371,392\n483,371,392\n유동성장기부채\n302,490,158\n-\n302,490,158\n302,490,158\n미지급금\n40,153,066\n-\n40,153,066\n40,153,066\n미지급비용\n33,416,829\n-\n33,416,829\n33,416,829\n미지급배당금(주1)\n2,967,148\n-\n2,967,148\n2,967,148\n예수보증금(주1)\n23,521,982\n-\n23,521,982\n23,521,982\n임대보증금(주1)\n31,281,952\n-\n31,281,952\n31,281,952\n장기미지급금\n15,538,775\n-\n15,538,775\n15,538,775\n장기임대보증금(주2)\n7,639,402\n-\n7,639,402\n7,639,402\n금융보증부채(주2)\n-\n11,321,449\n11,321,449\n11,321,449\n합 계\n1,503,469,910\n11,321,449\n1,514,791,359\n1,514,791,359\n(주1) 재무상태표상 기타유동부채 중 일부로 포함되어 있습니다.\n(주2) 재무상태표상 기타비유동부채 중 일부로 포함되어 있습니다.\n(2) 금융상품의 공정가치 서열체계당기말 현재 당사는 공정가치측정에 사용된 투입변수의 유의성을 반영하는 공정가치서열체계에 따라 공정가치측정치를 분류하고 있으며, 공정가치 서열체계의 수준은 다음과 같습니다.\n구분\n투입변수의 유의성\n수준 1\n동일한 자산이나 부채에 대한 활성시장의(조정되지 않은) 공시가격\n수준 2\n직접적 또는 간접적으로 관측가능한, 자산이나 부채에 대한 투입변수(단, 수준1에 포함된 공시가격은 제외)\n수준 3\n관측 가능한 시장자료에 기초하지 않은, 자산이나 부채에 대한 투입변수\n활성시장에서 거래되는 금융상품의 공정가치는 보고기간종료일 현재 고시되는 시장가격에 기초하여 산정됩니다. 거래소, 판매자, 중개인, 산업집단, 평가기관 또는 감독기관을 통해 공시가격이 용이하게 그리고 정기적으로 이용가능하고, 그러한 가격이 독립된 당사자 사이에서 정기적으로 발생한 실제 시장거래를 나타낸다면, 이를 활성시장으로 간주하며, 이러한 상품들은 수준 1에 포함됩니다. 수준 1에 포함된 상품들은 대부분 매도가능으로 분류된 상장주식으로 구성됩니다.활성시장에서 거래되지 아니하는 금융상품의 공정가치는 평가기법을 사용하여 결정하고 있습니다. 이러한 평가기법은 관측가능한 시장정보를 최대한 사용하고 기업고유정보는 최소한으로 사용합니다. 이때, 해당 상품의 공정가치 측정에 요구되는 모든유의적인 투입변수가 관측가능하다면 해당 상품은 수준 2에 포함됩니다.만약 하나 이상의 유의적인 투입변수가 관측가능한 시장정보에 기초한 것이 아니라면 해당 상품은 수준 3에 포함됩니다.금융상품의 공정가치를 측정하는 데에 사용되는 평가기법에는 다음이 포함됩니다.- 유사한 상품의 공시시장가격 또는 딜러가격\n- 파생상품의 공정가치는 보고기간종료일 현재의 선도환율 등을 사용하여 해당 금액을 현재가치로 할인하여 측정나머지 금융상품에 대해서는 현금흐름의 할인기법 등의 기타 기법을 사용합니다.보고기간종료일 현재 공정가치로 측정되는 당사의 금융상품의 공정가치 서열체계에 따른 수준별 공시 내역은 다음과 같습니다.1) 당기말\n(단위: 천원)\n구 분\n수준 1\n수준 2(주1)\n수준 3(주1)\n합계\n금융자산:\n\xa0당기손익-공정가치 측정 금융자산(주1)\n4,042\n69,626,473\n104,973,998\n174,604,513\n(주1) 당기말 현재 수준2, 수준 3으로 당기손익-공정가치 측정 금융자산의 공정가치 평가를 위한 가정 및 평가내역은 다음과 같습니다.① 평가가정\n구 분\n평가방법\n할인율\n비고\n수준2\n단기금융상품\n시장가치법\n-\n최근 시장가치\n수준3\n건설공제조합 외\n과거거래이용법\n-\n공매 최종낙찰가격 평균 등\n수도권서부고속도로㈜ 외\n현금흐름할인모형\n7.40%\n향후 예상 주주현금흐름 등\n인천김포고속도로㈜\n배당평가모형\n5.24%\n매기 예상 배당현금흐름\n자본재공제조합\n순자산가치평가법\n-\n순자산공정가치\n② 평가내역\n(단위: 천원)\n구 분\n평가전장부금액\n평가손익(세전)\n기말장부금액\n공정가치\n수준2\n단기금융상품\n68,927,719\n698,754\n69,626,473\n69,626,473\n수준3\n건설공제조합 외\n67,333,089\n1,771,540\n69,104,629\n69,104,629\n수도권서부고속도로㈜ 외\n25,289,488\n530,046\n25,819,534\n25,819,534\n인천김포고속도로㈜\n8,592,220\n(1,107,847)\n7,484,373\n7,484,373\n자본재공제조합\n2,171,556\n393,905\n2,565,461\n2,565,461\n합계\n172,314,072\n2,286,398\n174,600,470\n174,600,470\n2) 전기말\n(단위: 천원)\n구 분\n수준1\n수준3\n합계\n금융자산:\n당기손익-공정가치 측정 금융자산\n117\n103,556,903\n103,557,020\n(3) 보고기간종료일 현재 공정가치 서열체계 수준3에 포함되는 금융상품의 장부금액변동은 다음과 같습니다.① 당기말\n(단위: 천원)\n구 분\n기초\n총포괄손익\n매입(발행)\n매도(결제)(주1)\n대체\n기말\n당기손익\n기타포괄손익\n금융자산:\n당기손익-공정가치 측정 금융자산\n103,556,903\n1,587,644\n-\n-\n(170,550)\n-\n104,973,997\n(주1) 당기 중 서울대메디컬허브㈜ 출자지분 중 일부를 매각함으로 인하여 장부금액이 변동되었습니다.② 전기말\r\n(단위: 천원)\n구 분\n기초\n총포괄손익\n매입(발행)\n매도(결제)\n(주1)\n대체\n기말\n당기손익\n기타포괄손익\n금융자산:\n당기손익-공정가치 측정 금융자산\n139,628,770\n(25,163,737)\n-\n-\n(10,908,130)\n-\n103,556,903\n(주1) 전기 이전 수준 3으로 분류되었던 청라국제업무타운㈜이 전기 중 청산됨으로 인하여 수준 3에서 제외되었습니다.\n(4) 당기 및 전기 중 인식한 금융상품 범주별 손익은 다음과 같습니다.① 당기\n(단위: 천원)\n구분\n당기손익\n이자수익(비용)\n배당금수익\n평가손익\n환변동손익\n환입(손상)\n처분손익\n금융보증수익\n금융자산:\n\xa0상각후원가 측정 금융자산\n10,138,401\n-\n-\n(50,148)\n(56,680,148)\n(162,148)\n-\n\xa0당기손익-공정가치측정 금융자산\n-\n1,740,402\n2,286,147\n-\n-\n3,093,337\n-\n합계\n10,138,401\n1,740,402\n2,286,147\n(50,148)\n(56,680,148)\n2,931,189\n-\n금융부채:\n\xa0상각후원가로 측정하는 금융부채\n(76,223,277)\n-\n-\n(4,983)\n-\n(7,280,532)\n-\n\xa0기타금융부채\n-\n-\n-\n-\n-\n-\n149,286\n합계\n(76,223,277)\n-\n-\n(4,983)\n-\n(7,280,532)\n149,286\n② 전기\n(단위:천원)\n구분\n당기손익\n이자수익(비용)\n배당금수익\n평가손익\n환변동손익\n환입(손상)\n처분손익\n금융보증수익\n금융자산\n상각후원가 측정 금융자산\n6,447,210\n-\n-\n(13,026)\n(380,030,425)\n(116,197)\n-\n당기손익-공정가치측정 금융자산\n-\n762,814\n(25,163,808)\n-\n-\n971,276\n-\n합계\n6,447,210\n762,814\n(25,163,808)\n(13,026)\n(380,030,425)\n855,079\n-\n금융부채\n상각후원가 측정 금융부채\n(86,809,050)\n-\n-\n8,940\n-\n(5,625,342)\n-\n기타금융부채\n-\n-\n-\n-\n-\n-\n189,867\n합계\n(86,809,050)\n-\n-\n8,940\n-\n(5,625,342)\n189,867\n10. 종속기업 및 관계기업 투자보고기간종료일 현재 당사의 종목별 종속기업 및 관계기업 투자 내역은 다음과 같습니다.\n(단위: 천원)\xa0\n종 목\n소재국가\n지분율\n당기말\n전기말\n종속기업\nDoosan Heavy Industries Vietnam Haiphong Co., Ltd\n베트남\n100.00%\n27,362,826\n27,362,826\n자사주 신탁계약(주8)\n한국\n-\n-\n10,000,000\n밸류웍스㈜(주1)\n한국\n60.90%\n124,629,300\n124,629,300\n파인트리시티제일차주식회사\n한국\n-\n-\n-\n디엠베스트제삼차주식회사\n한국\n-\n-\n-\n디엠베스트제사차주식회사(주2)\n한국\n-\n-\n-\n지엠에스제일차주식회사(주2)\n한국\n-\n-\n-\n두산이엔씨제삼차주식회사(주2)\n한국\n-\n-\n-\n두산이엔씨제사차주식회사(주3)\n한국\n-\n-\n-\n디에스화도제일차주식회사(주2)\n한국\n-\n-\n-\n그레이트지엠제사차주식회사\n한국\n-\n-\n-\n그레이트지엠제육차주식회사(주2)\n한국\n-\n-\n-\n뉴스타트디엠제칠차주식회사(주3)\n한국\n-\n-\n-\n뉴스타트디엠제팔차주식회사(주3)\n한국\n-\n-\n-\n소계\n151,992,126\n161,992,126\n관계기업\nDoosan Heavy Industries Vietnam\n베트남\n23.67%\n47,038,543\n47,038,543\n신분당선㈜(주4)\n한국\n29.03%\n-\n-\n경기철도㈜(주4)(주5)\n한국\n6.99%\n-\n-\n네오트랜스㈜\n한국\n42.86%\n42,860\n42,860\n함안산업단지㈜(주4)\n한국\n26.67%\n-\n-\n새서울철도㈜(주4)(주5)\n한국\n13.76%\n8,793,650\n8,793,650\nKIAMCO 경기철도투자사모특별자산투자신탁(주4)\n한국\n35.70%\n-\n-\n디비씨㈜(주6)\n한국\n-\n-\n10,812,000\n인천연료전지㈜\n한국\n20.00%\n4,700,000\n4,700,000\n동북선경전철㈜(주7)\n한국\n-\n-\n1,694,000\n소 계\n\u3000\n\u3000\n60,575,053\n73,081,053\n합 계\n\u3000\n\u3000\n212,567,179\n235,073,179\n(주1) 당사의 차입금에 대한 담보로 제공되어 있습니다(주석31 참조).(주2) 당기 중 연결구조화기업의 차입금이 상환 완료됨으로 인해 종속기업에서 제외되었습니다.(주3) 당기 중 해당 연결구조화기업으로부터의 신규 차입으로 인하여 연결대상 종속기업으로 분류되었습니다.(주4) 해당회사의 프로젝트파이낸싱에 대한 담보로 제공되어 있습니다(주석31 참조).(주5) 피투자기업에 대한 직접지분율이 20% 미만이나, 피투자기업의 이사회에서 의결권을 행사할 수 있으므로 관계기업투자로 분류하였습니다.(주6) 당기 중 지분 매각되어 지배기업의 종속기업으로 분류되었습니다.\n(주7) 당기 사업 재원조달을 추진하던 중 당초 실시협약 체결 당시와 비교하여 금융조건의 변동이 발생하였으며, 협의 결과, 도급공사 계약 해지 및 지분 매각되었습니다.(주8) 당기 중 계약의 종료로 인해 종속기업에서 제외되었습니다.\n11. 유형자산(1) 당기와 전기 중 당사의 유형자산 변동내역은 다음과 같습니다.① 당기\n(단위: 천원)\n구 분\n토지\n건물및구축물\n기계장치\n기타유형자산\n건설중인자산\n합\xa0 \xa0 계\n기초장부금액\n227,913,399\n29,484,317\n2,835,647\n916,764\n1,404,400\n262,554,527\n취득/자본적지출\n116,442\n-\n527,380\n536,204\n15,336\n1,195,362\n대체(주1)\n(215,464,410)\n(24,933,154)\n-\n-\n-\n(240,397,564)\n처분\n(5,608,974)\n(21,875)\n(146,722)\n(1,043)\n(342,206)\n(6,120,820)\n감가상각\n-\n(480,710)\n(1,187,025)\n(536,694)\n-\n(2,204,429)\n자산재평가\n751,556\n-\n-\n-\n-\n751,556\n기말장부금액\n7,708,013\n4,048,578\n2,029,280\n915,231\n1,077,530\n15,778,632\n- 취득원가\n5,408,614\n10,016,597\n15,140,056\n6,746,778\n1,077,530\n38,389,575\n- 감가상각누계액(손상차손누계액 포함)\n-\n(5,968,019)\n(13,110,776)\n(5,831,547)\n-\n(24,910,342)\n- 재평가손익누계액\n2,299,399\n-\n-\n-\n-\n2,299,399\n(주1) 창원2공장의 사용목적에 따라 투자부동산으로 계정 분류하였습니다.한편, 당사는 토지에 대해 후속측정을 재평가금액으로 인식하고 있으며,\xa0당기말\xa0현재원가모형을 적용하여 토지를 측정하였을 경우의 장부금액은\xa05,409백만원\xa0입니다.\xa0또한, 당기말\xa0현재 토지의 공정가치는 매각자산을 제외하고 전기말 재평가금액과 유의적인 차이가 없습니다.② 전기\n(단위: 천원)\n구 분\n토지\n건물및구축물\n기계장치\n기타유형자산\n건설중인자산\n합\xa0 \xa0 계\n기초장부금액\n227,913,399\n31,148,474\n4,274,306\n885,121\n1,367,674\n265,588,974\n취득/자본적지출\n-\n15,476\n790,579\n553,316\n36,726\n1,396,097\n처분\n-\n(26,668)\n(570,196)\n(17,147)\n-\n(614,011)\n감가상각\n-\n(1,652,965)\n(1,657,427)\n(506,141)\n-\n(3,816,533)\n기타\n-\n-\n(1,615)\n1,615\n-\n-\n기말장부금액\n227,913,399\n29,484,317\n2,835,647\n916,764\n1,404,400\n262,554,527\n- 취득원가\n143,444,023\n57,841,318\n15,629,276\n6,701,494\n1,404,400\n225,020,511\n- 감가상각누계액\xa0 \xa0 (손상차손누계액 포함)\n-\n(28,357,001)\n(12,793,629)\n(5,784,730)\n-\n(46,935,360)\n- 재평가손익누계액\n84,469,376\n-\n-\n-\n-\n84,469,376\n(2)\xa0당기와 전기 중 당사의 계정과목별 유형자산 상각내역은 다음과 같습니다.\n(단위: 천원)\n구\xa0 \xa0\xa0 분\n당\xa0\xa0 기\n전\xa0\xa0 기\n매출원가\n1,304,654\n1,601,639\n판매비와관리비\n897,287\n2,212,774\n중단영업손익\n2,488\n2,120\n합\xa0\xa0 계\n2,204,429\n3,816,533\n12. 무형자산(1) 당기와 전기 중 당사의 무형자산 변동내역은 다음과 같습니다.① 당기\n(단위: 천원)\n구 분\n기타의무형자산\n기초장부금액\n4,987,771\n취득/자본적지출\n303,876\n처분\n(459,056)\n감가상각\n(544,298)\n기말장부금액\n4,288,293\n- 취득원가\n26,045,607\n- 상각누계액\xa0\xa0 (손상차손누계액 포함)\n(21,757,314)\n② 전기\n(단위: 천원)\n구 분\n기타의무형자산\n기초장부금액\n6,562,957\n취득/자본적지출\n33,167\n처분\n(987,737)\n감가상각\n(620,101)\n손상\n(515)\n기말장부금액\n4,987,771\n- 취득원가\n43,663,423\n- 상각누계액\xa0\xa0 (손상차손누계액 포함)\n(38,675,652)\n상기 기타의무형자산 중 내용연수가 비한정인 회원권의\xa0당기말\xa0현재 장부금액은 2,961백만원(전기말 : 3,309백만원)입니다.\n(2)\xa0당사가 당기 비용으로 인식한 연구와 개발 지출액은\xa010,987백만원(전기\xa0:\xa019,490백만원)입니다.\n(3)\xa0당기와 전기 중 당사의 계정과목별 무형자산 상각내역은 다음과 같습니다.\n(단위: 천원)\n구\xa0 \xa0\xa0 분\n당\xa0\xa0 기\n전\xa0\xa0 기\n매출원가\n2,366\n59,011\n판매비와관리비\n541,932\n561,090\n합\xa0\xa0 계\n544,298\n620,101\n(4) 내용연수 비한정인 무형자산당기말 현재 당사의 내용연수가 비한정인 무형자산은 다음의 부문에 배분되어 있습니다.\n(단위: 천원)\n구분\n부문\n비한정 내용연수 무형자산\n회원권\n골프회원권\n1,958,122\n콘도회원권\n729,971\n기타\n272,665\n합 계\n2,960,758\n13. 리스(1) 당기 중 당사의 사용권자산 변동내역은 다음과 같습니다.\n(단위: 천원)\n구분\n건물\n기계장치\n기타유형자산\n합\xa0 계\n기초장부금액\n-\n-\n-\n-\n회계기준변경효과\n32,547,239\n3,393,318\n1,699,618\n37,640,175\n취득/자본적지출\n1,746,265\n4,707,012\n264,546\n6,717,823\n감가상각\n(4,999,044)\n(5,206,012)\n(805,098)\n(11,010,154)\n기말장부금액\n29,294,460\n2,894,318\n1,159,066\n33,347,844\n- 취득원가\n34,293,504\n8,100,330\n1,964,164\n44,357,998\n- 감가상각누계액\xa0\xa0 (손상차손누계액 포함)\n(4,999,044)\n(5,206,012)\n(805,098)\n(11,010,154)\n(2) 당기 중 당사의 리스부채 변동내역은 다음과 같습니다.\n(단위: 천원)\n구분\n리스부채\n기초장부금액\n-\n회계기준변경효과\n73,130,399\n리스료의 지급\n(18,510,096)\n리스자산의 취득\n6,717,823\n이자비용\n6,230,472\n기말장부금액\n67,568,598\n(3) 당기 중 당사의 계정과목별 사용권자산 상각내역은 다음과 같습니다.\n(단위: 천원)\n구분\n당기\n매출원가\n7,570,320\n판매비와관리비\n3,439,834\n합\xa0\xa0 계\n11,010,154\n(4) 당기말 당사의 리스부채 만기는 다음과 같습니다.\n(단위: 천원)\n과 목\n계약상 명목현금흐름\n1년 미만\n2년 이하\n5년 이하\n5년 초과\n합 계\n리스부채\n15,627,853\n11,961,655\n31,896,878\n33,429,823\n92,916,209\n(5) 당기 중 당사의 사용권자산에 포함되지 않는 단기리스 및 소액자산리스에서 발생한 비용은 다음과 같습니다.\n(단위: 천원)\n구분\n당기\n매출원가\n4,098,725\n판매비와관리비\n118,595\n합\xa0\xa0 계\n4,217,320\n14. 투자부동산(1) 당기와 전기 중 당사의 투자부동산 변동내역은 다음과 같습니다.① 당기\n(단위: 천원)\n구분\n토지\n건물\n합계\n기초장부금액\n156,866\n19,969\n176,835\n취득\n992,815\n-\n992,815\n대체(주1)\n215,464,410\n24,933,154\n240,397,564\n감가상각\n-\n(4,182,312)\n(4,182,312)\n기타(주2)\n-\n27,729,003\n27,729,003\n기말장부금액\n216,614,091\n48,499,814\n265,113,905\n- 취득원가\n216,614,091\n75,543,296\n292,157,387\n- 감가상각누계액\n-\n(27,043,482)\n(27,043,482)\n(주1) 창원2공장의 사용목적에 따라 투자부동산으로 계정 분류하였습니다.(주2) 기업회계기준서 제1116호에 따라 투자부동산으로 표시한 사용권자산입니다.당사 소유 투자부동산 중 일부는 당사의 차입금에 대한 담보로 제공되었습니다. 당사는이 자산을 다른 차입금의 담보로 제공하거나 다른 기업에 매도할 수 없습니다(주석31 참조).투자부동산은 원가법으로 평가하고 있으며, 당사의 투자부동산은 거래가 활성화 되지 않아 공정가치가 존재하지 않음에 따라 처분된 투자부동산의 처분손실율을 이용하여 손상차손을 검토하고 있습니다. 당기말 현재 투자부동산손상차손누계액은 없습니다.② 전기\n(단위: 천원)\n구분\n토지\n건물\n합계\n기초장부금액\n156,866\n20,583\n177,449\n감가상각\n\u3000-\n(614)\n(614)\n기말장부금액\n156,866\n19,969\n176,835\n- 취득원가\n156,866\n24,571\n181,437\n- 감가상각누계액\n-\n(4,602)\n(4,602)\n(2) 당사의 투자부동산과 관련하여 발생한 당기 임대수익은 1,674백만원, 임대매출원가는 741백만원입니다.\n(3)\xa0당기와 전기 중 당사의 계정과목별 투자부동산 상각내역은 다음과 같습니다.\n(단위: 천원)\n구\xa0 \xa0\xa0 분\n당\xa0\xa0 기\n전\xa0\xa0 기\n매출원가\n741,223\n-\n판매비와관리비\n3,441,089\n614\n합계\n4,182,312\n614\n15. 사채 및 차입금 등(1) 보고기간종료일 현재 당사의 사채 내역은 다음과 같습니다.\n\xa0(단위:천원)\n사채종류\n연이자율(%)\n금액\n당기말\n전기말\n92회 신주인수권부사채(주1)\n3.00\n-\n15,797,725\n93회 신주인수권부사채(주1)\n2.50\n9,169,621\n144,647,114\n94회 신주인수권부사채(주1)\n4.00\n53,674,498\n69,969,711\n상환할증금\n6,214,493\n20,746,272\n사채할인발행차금\n(1,110,818)\n(4,710,061)\n신주인수권조정계정\n(3,253,813)\n(16,960,603)\n소계\n64,693,981\n229,490,158\n차가감:유동성신주인수권부사채\n(64,693,981)\n(229,490,158)\n차가감계(비유동성)\n-\n-\n(주1) 당기말 현재 당사가 발행한 신주인수권부사채의 변동내역 및 발행조건은 다음과 같습니다.① 92회 신주인수권부사채\n\xa0(단위:천원)\n발행일\n만기일\n액면이자율\n보장수익율\n행사기간\n행사가격\n발행가액\n2016.06.24\n2019.06.24\n3.00%\n6.00%\n사채발행일 이후 1개월되는 날로부터 만기일 1개월 전까지\n3,130원/주\n143,018,515\n조기상환권 조항\n신주인수권부사채 발행일로부터 2년이 경과하는 날의 이자지급기일 및 2.5년이 되는 날의 이자지급기일에 권면금액의 전부 또는 일부에 해당하는 금원에 대하여 조기상환권을 행사할 수 있습니다.\n만기상환방법\n본 사채는 3%의 이율로 이자를 지급하며 본 사채의 만기까지 전환하지 않는 사채권에 대하여는 만기보장수익율(YTM)을 연 6.0%(3개월 복리)로 하여 사채원금의 109.7809%를 2019년 06월 24일에\xa0일시상환되었습니다.\n행사가격 산정\n사채권자가 신주인수권 행사청구를 하기 전에 조정전의 행사가액을 하회하는 발행가액으로 유상증자, 주식배당, 준비금의 자본전입 등으로 주식을 발행하거나, 신주인수권 또는 신주인수권이나 신주전환권이 부착된 회사채의 발행 등으로 신주인수권을 부여하는 유가증권을 발행하여 그 행사가격 조정에 관한 사항이 발생하는 경우에는 행사가액이 조정됩니다\n② 93회 신주인수권부사채\n\xa0(단위:천원)\n발행일\n만기일\n액면이자율\n보장수익율\n행사기간\n행사가격\n발행가액\n2017.03.21\n2020.03.21\n2.50%\n5.50%\n사채발행일 이후 1개월되는 날로부터 만기일 1개월 전까지\n2,470원/주\n144,480,153\n조기상환권 조항\n신주인수권부사채 발행일로부터 2년이 경과하는 날의 이자지급기일 및 2.5년이 되는 날의 이자지급기일에 권면금액의 전부 또는 일부에 해당하는 금원에 대하여 조기상환권을 행사할 수 있습니다.\n만기상환방법\n본 사채는 2.5%의 이율로 이자를 지급하며 본 사채의 만기까지 전환하지 않는 사채권에 대하여는 만기보장수익율(YTM)을 연 5.5%(3개월 복리)로 하여 사채원금의 109.7128%를 2020년 03월 21일에 일시상환합니다.\n행사가격 산정\n사채권자가 신주인수권 행사청구를 하기 전에 조정전의 행사가액을 하회하는 발행가액으로유상증자, 주식배당, 준비금의 자본전입 등으로 주식을 발행하거나, 신주인수권 또는 신주인수권이나 신주전환권이 부착된 회사채의 발행 등으로 신주인수권을 부여하는 유가증권을발행하여 그 행사가격 조정에 관한 사항이 발생하는 경우에는 행사가액이 조정됩니다\n③ 94회 신주인수권부사채\n\xa0(단위:천원)\n발행일\n만기일\n액면이자율\n보장수익율\n행사기간\n행사가격\n발행가액\n2018.05.11\n2021.05.11\n4.00%\n7.00%\n사채발행일 이후 1개월되는 날로부터 만기일 1개월 전까지\n2,070원/주\n67,033,088\n조기상환권 조항\n신주인수권부사채 발행일로부터 1.5년이 경과하는 날의 이자지급기일 및 이후 매 6개월이 되는 날의 이자지급기일에 권면금액의 전부 또는 일부에 해당하는 금원에 대하여 조기상환권을 행사할 수 있습니다.\n만기상환방법\n본 사채는 4.0%의 이율로 이자를 지급하며 본 사채의 만기까지 전환하지 않는 사채권에 대하여는 만기보장수익율(YTM)을 연 7.0%(3개월 복리)로 하여 사채원금의 109.9188%를 2021년 05월 11일에 일시상환합니다.\n행사가격 산정\n사채권자가 신주인수권 행사청구를 하기 전에 조정전의 행사가액을 하회하는 발행가액으로 유상증자, 주식배당, 준비금의 자본전입 등으로 주식을 발행하거나, 신주인수권 또는 신주인수권이나 신주전환권이 부착된 회사채의 발행 등으로 신주인수권을 부여하는 유가증권을 발행하여 그 행사가격 조정에 관한 사항이 발생하는 경우에는 행사가액이 조정됩니다.\n당기말 현재 당사가 발행한 신주인수권부사채의 변동내역은 다음과 같습니다.\n\xa0(단위:천원)\n구 분\n기초잔액\n상환\n상각\n기말잔액\n신주인수권부사채\n230,414,550\n(167,570,431)\n-\n62,844,119\n상환할증금\n20,746,272\n(14,531,779)\n-\n6,214,493\n사채할인발행차금\n(4,710,062)\n2,163,331\n1,435,914\n(1,110,817)\n신주인수권조정\n(16,960,603)\n8,913,819\n4,792,971\n(3,253,813)\n장부금액\n229,490,157\n(171,025,060)\n6,228,885\n64,693,982\n신주인수권대가(기타자본잉여금)\n12,518,738\n-\n-\n12,518,738\n당기말 현재 92회 신주인수권부사채의 신주인수권 중 14.57%가 행사되었으며 사채원금의 4.57%가 대용납입 되었습니다. 92회 신주인수권부사채의 신주인수권 행사로 발행된 누적 주식수는 6,220,439주 입니다. 93회 신주인수권부사채의 신주인수권 14.73%가 행사되었으며, 사채원금의 3.57%가 대용납입 되었습니다. 93회 신주인수권부사채의 신주인수권 행사로 발행된 주식수는 누적 7,465,686주로 현재 행사가액은 2,470원 입니다. 또한 94회 신주인수권부사채의 신주인수권 0.05%가 행사되었으며, 사채원금의 0.04%가 대용납입 되었습니다. 94회 신주인수권부사채의 신주인수권 행사로 발행된 주식수는 누적 11,508주로 현재 행사가액은 2,070원 입니다.\n(2) 보고기간종료일 현재 당사의 장ㆍ단기차입금(유동성 포함) 내역은 다음과 같습니다.① 단기차입금\n\xa0(단위:천원)\n차입금 종류\n차입처\n연이자율(%)\n금액\n당기말\n전기말\n원화차입금\n건설공제조합(주1)\n1.43\n27,039,255\n27,039,255\n우리은행(주2)\n8.27\n12,000,000\n29,000,000\n기업은행\n-\n-\n1,000,000\n기업어음할인\n7.5\n10,000,000\n7,500,000\n소 계\n49,039,255\n64,539,255\n당좌차월\n기업은행\n13.00\n-\n2,019,604\n소 계\n-\n2,019,604\n합 계\n49,039,255\n66,558,859\n(주1)\xa0상기\xa0차입금은\xa0당사의\xa0장기투자증권이 담보로 제공되어 있습니다(주석31 참조).(주2) 상기 차입금은 당사의\xa0수익권 및 관계기업투자가 담보로 제공되어 있습니다(주석31 참조).② 장기차입금\n\xa0(단위:천원)\n종류\n차입처\n연이자율(%)\n만기\n금액\n당기말\n전기말\n원화차입금\n두산이엔씨제삼차주식회사(주1)\n8.00, CD+2.50\n2019.12.19\n-\n73,000,000\n두산이엔씨제사차주식회사(주1)\n7.50, CD+2.50\n2021.09.19\n95,000,000\n-\n소계\n95,000,000\n73,000,000\n차감: 유동성 대체\n(20,000,000)\n(73,000,000)\n(현재가치할인차금)\n(413,698)\n-\n차감 계\n75,000,000\n-\n(현재가치할인차금)\n(1,962,318)\n-\n(주1) 상기 차입금은 원금분할 상환되며 당사의 투자부동산 중 일부가 담보로 제공되어있습니다(주석31 참조).\n(3) 당사는 장래에 회수할 공사대금 등을 유동화회사에 양도하였으며 유동화회사는 양수자산을 근거로 유동화증권을 발행하는 형식으로 자산유동화를 실시하였는 바, 유동화채무의 증감내용은 다음과 같습니다.\n(단위: 천원)\n구분\n당기\n전기\n기초잔액\n483,999,990\n418,700,000\n발 생 액\n1,957,800,000\n2,047,500,000\n지 급 액\n(1,989,500,009)\n(1,982,200,010)\n기말잔액\n452,299,981\n483,999,990\n차감 : 현재가치할인차금\n(526,013)\n(628,598)\n차감 계\n451,773,968\n483,371,392\n(4) 상기 유동화채무와 관련한 주요약정 내역은 다음과 같습니다.\n(단위: 천원)\n구분\n신탁원본액\n기간\n할인율(%)\n뉴스타트디엠제칠차주식회사\n140,000,000\n2019.12.20~2020.03.20\n7.30\n파인트리시티제일차주식회사(주1)\n60,000,000\n2019.12.10~2020.03.10\n7.30\n디엠베스트제삼차주식회사\n90,000,000\n2019.10.24~2020.01.22\n7.30\n뉴스타트디엠제팔차주식회사\n122,000,000\n2019.11.08~2020.02.07\n7.30\n그레이트지엠제사차주식회사\n65,000,000\n2019.10.17~2020.01.17\n7.50\n(주1) 상기 유동화채무는 당사의 투자부동산 중 일부가 담보로 제공되어 있습니다(주석31 참조).상기 유동화채무의 신탁원본액은 유동화채무 최초 발생액으로 재무상태표상 장부금액과 차이가 있습니다.\n16. 순확정급여부채당사는 종업원을 위하여 확정급여제도를 운영하고 있으며, 이 제도에 따르면 종업원의 퇴직시 근속 1년당 최종 3개월 평균급여에 지급률 등을 가감한 금액을 지급하도록 되어 있습니다. 사외적립자산과 확정급여채무의 보험수리적 평가는 예측단위적립방식을 사용하여 적격성이 있고 독립적인 보험계리법인에 의하여 수행되었습니다.\n(1) 보고기간종료일 현재 확정급여제도하의 퇴직급여채무와 관련하여 당사의 재무상태표에 인식된 내역은 다음과 같습니다.\n(단위: 천원)\n구분\n당기말\n전기말\n확정급여채무의 현재가치\n60,880,918\n71,929,605\n사외적립자산의 공정가치(주1)\n(44,433,398)\n(53,331,624)\n순확정급여부채\n16,447,520\n18,597,981\n(주1) 당기말 사외적립자산의 공정가치는 기존의 국민연금전환금 144백만원(전기말:196백만원)이 포함된 금액입니다.\n(2) 당기와 전기 중 당사의 손익계산서에 반영된 확정급여제도 관련 퇴직급여의 구성요소는 다음과 같습니다.\n(단위: 천원)\n구분\n당기\n전기\n당기근무원가\n6,348,092\n6,079,165\n순이자원가\n263,536\n1,046,909\n과거근무원가\n(483,198)\n-\n중단영업손익\n57,668\n104,712\n합 계\n6,186,098\n7,230,786\n당사는 확정급여형 퇴직연금제도와 확정기여형 퇴직연금제도를 운영하고 있으며, 확정기여제도와 관련하여 비용으로 인식한 금액은 당기 중 79백만원입니다.\n(3) 당기와 전기 중 당사는 확정급여제도 관련 퇴직급여를 아래와 같이 분류하고 있습니다.\n(단위: 천원)\n구분\n당기\n전기\n판매비와관리비\n1,604,193\n2,680,947\n매출원가\n4,524,237\n4,445,127\n중단사업손익\n57,668\n104,712\n합계\n6,186,098\n7,230,786\n(4) 당기와 전기 중 당사의 확정급여채무의 변동내역은 다음과 같습니다.\n\xa0 \xa0 \xa0 (단위: 천원)\n구분\n당기\n전기\n기초\n71,929,605\n66,138,056\n당기근무원가\n6,405,760\n6,183,877\n과거근무원가\n(483,198)\n-\n관계기업 전입\n-\n333,558\n관계기업 전출\n(1,794,992)\n(266,408)\n이자비용\n1,438,372\n1,630,371\n확정급여채무의 재측정요소 :\n(782,537)\n1,211,546\n- 인구통계적가정의 변동으로 인한 보험수리적손익\n1,552\n336\n- 재무적가정의 변동으로 인한 보험수리적손익\n1,649,302\n2,819,610\n- 기타사항에 의한 효과\n(2,433,391)\n(1,608,400)\n제도의 축소 및 청산으로 인한 효과\n(11,919,705)\n-\n급여지급액\n(3,912,387)\n(3,301,395)\n기말\n60,880,918\n71,929,605\n(5) 당기와 전기 중 당사의 사외적립자산의 변동내역은 다음과 같습니다.\n\xa0 \xa0 \xa0 (단위: 천원)\n구분\n당기\n전기\n기초\n53,331,624\n42,364,585\n사외적립자산의 기대수익\n1,174,836\n583,462\n사외적립자산의 재측정요소\n(309,417)\n(276,939)\n사용자의 기여금\n7,516,296\n13,743,375\n제도의 축소 및 청산으로 인한 효과\n(11,919,705)\n-\n관계기업 전입\n-\n283,912\n관계기업 전출\n(1,399,955)\n(65,376)\n급여지급액\n(3,960,281)\n(3,301,395)\n기말\n44,433,398\n53,331,624\n확정급여제도와 관련하여 2020년도에 납입할 것으로 예상되는 사용자 기여금의 합리적인 추정치는 16,829백만원입니다.\n(6) 당기와 전기 중 당사가 사용한 주요 보험수리적 가정은 다음과 같습니다.\n(단위: %)\n구분\n당기\n전기\n할인율\n1.7\xa0\n2.5\xa0\n미래임금상승률\n임원 2.3 / 직원 4.0\n임원 2.1 / 직원 4.0\n할인율은 우량회사채권(AA0~AA+) 수익률을 바탕으로 가중평균하여 산출되었으며,미래의 사망에 대한 가정은 통계청에서 발표하는 국민 통계 기준을 사용하였습니다.\n(7) 보고기간종료일 현재 당사의 사외적립자산의 구성내역은 다음과 같습니다.\n(단위: 천원)\n구분\n당기말\n전기말\n보통예금 등\n44,433,398\n53,331,624\n사외적립자산의 기대수익은 현행 투자정책에 따른 보유자산의 적용 가능한 기대수익을 고려하여 결정되었습니다. 채무증권에 대한 기대수익률은 보고기간종료일의 총 상환이율에 기초합니다. 지분증권 및 기타 자산에 대한 투자의 기대수익은 해당 시장에서 실제 수익률의 장기경험치를 반영하고 있습니다.\n(8) 보고기간종료일 현재 주요 가정의 변동에 따른 확정급여채무의 민감도 분석은 다음과 같습니다.\n(단위: 천원)\n구분\n금액\n비율\n할인율 :\n\xa01% 증가\n(2,147,997)\n(3.53%)\n\xa01% 감소\n2,034,920\n3.34%\n임금상승률 :\n\xa01% 증가\n1,965,531\n3.23%\n\xa01% 감소\n(2,125,653)\n(3.49%)\n(9) 보고기간종료일 현재 당사의 미래 예상퇴직급여의 현금흐름은 다음과 같습니다.\n(단위: 천원)\n구분\n1년 미만\n1년 ~ 2년 미만\n2년 ~ 5년 미만\n5년 ~ 10년 미만\n합계\n지급액\n10,458,187\n13,945,846\n19,035,006\n12,387,358\n55,826,397\n(10) 당사 확정급여채무의 가중평균만기는 3.50년입니다.\n17. 기타충당부채당기 중 당사의 주요 충당부채 변동내역은 다음과 같습니다.\n(단위: 천원)\n구분\n기초\n전입(환입)액\n사용액\n기타\n기말\n하자보수충당부채(주1)\n57,045,747\n8,035,662\n(16,996,194)\n-\n48,085,215\n손실보상충당부채(주2)\n9,044,262\n(1,624,878)\n(7,419,384)\n-\n-\n기타의충당부채(주3)(주5)\n-\n15,442,932\n-\n1,453,727\n16,896,659\n공사손실충당부채(주4)\n914,542\n1,180,181\n(1,616,817)\n-\n477,906\n합 계\n67,004,551\n23,033,897\n(26,032,395)\n1,453,727\n65,459,780\n(주1) 당사는 하자보수 및 그에 따른 사후 서비스 등으로 인하여 향후 부담할 것으로 예상되는 비용을 보증기간 또는 하자보수기간 및 과거 경험률 등을 기초로 추정하여 충당부채로 계상하고 있습니다.(주2) 당사의 CPE사업부 양도를 위한 현물출자 계약시 이전된 영업계약에서 발생한 지연손해금의 지급예상액에 대해 충당부채를 계상하고 있었습니다. 당해연도 중 지연손해금이 확정되어 보고일 기준으로 충당부채 잔액이 없습니다.(주3) 기타의충당부채는 소송부채와 기타장기종업원급여, SOC자금보충의무와 관련된 부채이며, 당기 중 기타의충당부채로 계정재분류 하였습니다.(주4) 당사는 향후 예상공사손실에 대해 충당부채를 계상하고 있으며, 재무상태표상 기타유동부채 중 일부로 포함되어 있습니다.(주5) 재무상태표 상 기타충당부채 및 기타유동부채 중 일부로 포함되어 있습니다.\n18. 자본금 및 주식발행초과금(1) 당기 중 당사의 자본금 및 주식발행초과금의 변동내역은 다음과 같습니다.\n(단위: 천원)\n일자\n변동내역\n주식수(단위 : 주)\n자본금\n주식발행초과금\n보통주\n우선주\n보통주\n우선주\n계\n보통주\n우선주\n계\n2019.01.01\n기초\n73,326,089\n27,416,329\n46,663,044\n13,708,165\n60,371,209\n57,413,736\n19,932,331\n77,346,067\n2019.05.21\n신주인수권부사채 권리 행사\n5\n-\n2\n-\n2\n(691)\n-\n(691)\n2019.05.23\n신주발행\n251,331,059\n-\n125,665,530\n-\n125,665,530\n188,532,504\n-\n188,532,504\n2019.08.26\n우선주 전환\n5,239,957\n(4,689,057)\n2,619,979\n(2,344,529)\n275,450\n22,620,318\n(19,932,331)\n2,687,987\n2019.12.31\n기말\n329,897,110\n22,727,272\n174,948,555\n11,363,636\n186,312,191\n268,565,867\n-\n268,565,867\n당사가 발행할 주식의 총수는 1,500,000,000 주, 당기말 현재 발행한 주식수는 보통주식\xa0931,217,592주, 우선주식 27,416,329주이며 1주당 액면금액은 500원입니다. 당기 및 이전에 수차의 무상감자 등으로 인하여 주식수 및 자본금이 감소하였으며, 당기말 현재 보통주 주식수는 329,897,110주, 우선주 주식수는 22,727,272주입니다. 또한, 전기 이전에 2,000,000주의 이익소각으로 인하여 자본금이 발행주식의 액면총액과 상이합니다.\n(2) 당사는 2013년 12월 6일자 이사회결의를 통해 2013년 12월 16일자로 전환상환우선주를 발행하였습니다.\n구 분\n내 역\n발행목적\n유동성 확보 및 재무구조 개선\n발행주식종류\n누적적 비참가적 우선주\n발행주식총수\n22,727,272주\n주당 발행가액\n17,600원\n의결권\n의결권은 없으며, 우선주에 대하여 배당을 하지 않는다는 결의가 있는 경우, 그 결의가 있는 총회의 다음 총회부터 그 우선적 배당을 한다는 결의가 있는 총회의 종료시까지 1주당 1의결권\n배당권\n발행가액 기준 연 6.5%\n상환권\n- 상환: 당사는 배당가능이익이 존재함을 전제로 2016년 12월 16일에 우선주의 일부 혹은 전부를 상환할 수 있음.- 조기상환 : 당사는 배당가능이익이 존재함을 전제로 2015년 12월 16일에 우선주의 일부를 상환할 수 있음(우선주 인수대금 총액의 30%에 상응하는 우선주를 한도로 함).\n전환권\n- 전환권: 우선주 주주 또는 당사 보유. 단, 조기전환 시에는 주주만이 전환권 보유- 전환기간: 2017년 3월 16일부터 2018년 3월 15일까지- 조기전환: 우선주 주주는 2015년 12월 16일 및 직전 2영업일 동안 당사에 대해 전환을 청구할 수 있음.- 전환비율: 우선주 1주를 보통주 1주로 전환\n당사의 지배기업인 두산중공업㈜는 전환상환우선주 투자자와 전환상환우선주를 대상으로 한 정산 및 두산중공업㈜의 Call Option 행사에 관한 계약을 체결하였습니다. 당기 중 두산중공업㈜는 전환상환우선주 투자자의 Call Option 행사로 인하여 전환상환우선주 22,727,272주 전액을 인수하였습니다.상기 전환상환우선주는 상환권을 당사가 보유하고 있으며 당사는 현금 등 금융자산을 인도하기로 하는 계약상 의무가 없으므로 자본항목으로 분류하였습니다.\n19. 기타자본잉여금보고기간종료일 현재 당사의 기타자본잉여금의 구성내역은 다음과 같습니다.\n(단위: 천원)\n구 분\n당기말\n전기말\n감자차익\n81,398,471\n81,398,471\n주식선택권취소\n1,194,493\n1,144,102\n신주인수권부사채의 신주인수권대가(주1)\n12,518,739\n12,518,739\n전환사채의 전환권대가(주1)\n-\n276,894\n기타\n18,634,524\n18,357,630\n합 계\n113,746,227\n113,695,836\n(주1) 자본에 직접 가감된 당기법인세 및 이연법인세 효과가 차감된 금액입니다.\n20. 기타자본항목(1)\xa0보고기간종료일 현재 당사의 기타자본항목의 구성내역은 다음과 같습니다.\n(단위: 천원)\n구 분\n당기말\n전기말\n주식선택권\n76,231\n126,622\n자기주식\n(22,356,819)\n(12,359,076)\n자기주식처분손실\n(7,804,273)\n(7,804,273)\n합 계\n(30,084,861)\n(20,036,727)\n(2) 주식기준보상1) 당기말 현재 당사가 부여한 주식선택권의 내용은 다음과 같습니다.당사는 수차에 걸쳐 임원에게 주식선택권을 부여하였으며, 부여방법은 신주교부, 자기주식교부 및 차액보상방법 중 행사시점의 이사회의 결정에 따르고 있습니다. 또한,주식선택권의 행사가능기간은 부여일로부터 3년이 경과한 날로부터 7년 이내로 하며, 부여일로부터 2년 이상 재임해야 행사할 수 있습니다. 단, 주식선택권을 부여받은 임원이 퇴임, 퇴직한 경우 행사가능기간은 다음과 같습니다.① 부여일로부터 2년 이상 3년 미만 근무한 경우, 부여일로부터 3년이 경과한 날로부터 3개월 이내② 부여일로부터 3년 이상 근무한 경우, 사유 발생일로부터 3개월 이내2) 당기말 현재 유효한 당사가 부여한 주식선택권에 대한 주요 부여조건은 다음과 같습니다.\n(단위: 천원)\n부여시점\n발행할\n주식수\n행 사 기 간\n행사가격\n부여일 현재추정공정가치\n2009.03.27(10차)\n-\n2012.03.28~2019.03.27\n62,000\n26,670\n2010.03.26(11차)\n-\n2013.03.27~2020.03.26\n64,000\n23,310\n2011.03.25(12-1차)\n-\n2014.03.26~2021.03.25\n55,000\n17,490\n2012.03.30(13차)\n15,550\n2015.03.31~2022.03.30\n50,000\n4,610\n2014.03.28(14차)\n900\n2017.03.28~2024.03.27\n17,000\n5,051\n합\xa0 \xa0\xa0 계\n16,450\n3) 당기 중 당사의 주식선택권의 변동내역은 다음과 같습니다.\n부여시점\n발행할 주식수(단위: 주)\n평가금액(단위: 천원)\n기초\n취소\n기말\n기초\n취소\n기말\n2009.03.27(10차)\n275\n275\n-\n7,334\n7,334\n-\n2010.03.26(11차)\n-\n-\n-\n-\n-\n-\n2011.03.25(12-1차)\n710\n710\n-\n12,418\n12,418\n-\n2012.03.30(13차)\n21,210\n5,660\n15,550\n97,778\n26,093\n71,685\n2014.03.28(14차)\n1,800\n900\n900\n9,092\n4,546\n4,546\n합\xa0 \xa0\xa0 계\n23,995\n7,545\n16,450\n126,622\n50,391\n76,231\n4) 당사는 주식선택권 관련 보상비용을 공정가치접근법을 적용하여 계산하였으며, 손익계산서상 판매비와관리비로 계상된 금액은 없으며, 당기 이후에 인식될 보상원가는 없습니다.5) 당사는 주식선택권에 대하여 공정가치접근법을 적용하여 보상원가를 산정하였는 바, 동 보상원가 산정시 사용된 가정은 다음과 같습니다.\n구\xa0\xa0 분\n무위험이자율(%)(주1)\n기대행사기간\n예상주가변동성(%)\n기대배당수익율(%)\n2009.03.27(10차)\n3.71\n3년\n0.7\n3.3\n2010.03.26(11차)\n3.82\n3년\n0.6\n4.3\n2011.03.25(12-1차)\n3.66\n3년\n0.6\n2.7\n2012.03.30(13차)\n3.59\n3년\n0.4\n1.7\n2014.03.28(14차)\n2.89\n3년\n0.4\n-\n(주1) 무위험이자율은 부여일 현재 3년만기 국공채의 유통수익률을 기준으로 산정하였습니다.\n(3) 자기주식당사는 전기 이전 실시된 주식병합으로 인하여 단수주가 발생하였으며, 이를 자기주식으로 취득하여(보통주 2,438 주) 기타자본항목으로 계상하고 있습니다. 또한, 전기이전 실시된 사업양도로 인하여 기존주주는 주식매수청구권을 행사하였으며 당사는 자기주식으로 보통주 2,018,728 주를 취득하여 기타자본항목으로 계상하고 있습니다. 당사는 해당 자기주식을 향후 주식소각 또는 재발행할 예정입니다. 또한 당기 중 자사주 신탁의 계약종료로 자사주 1,246,052 주를 취득하여 기타자본항목으로 계상하고 있습니다.\n21. 기타포괄손익누계액(1) 보고기간종료일\xa0현재\xa0당사의\xa0기타포괄손익누계액의 구성내역은 다음과 같습니다.\n(단위: 천원)\n구 분\n당기말\n전기말\n재평가잉여금\n67,417,835\n67,144,326\n(2) 보고기간종료일 현재 당사의 기타자본항목 중 자본에 직접 반영된 기타포괄손익 구성요소와 관련한 법인세효과는 다음과 같습니다.\n(단위: 천원)\n구 분\n당기말\n전기말\n세전 금액\n이연법인세자산(부채)\n세후 금액\n세전 금액\n이연법인세자산(부채)\n세후 금액\n재평가잉여금\n86,433,122\n(19,015,287)\n67,417,835\n86,082,468\n(18,938,142)\n67,144,326\n22. 이익잉여금(결손금)(1) 보고기간종료일 현재 당사의 이익잉여금(결손금) 세부내역은 다음과 같습니다.\n(단위: 천원)\n구분\n당기말\n전기말\n법정적립금(주1)\n8,111,025\n8,111,025\n미처분이익잉여금(미처리결손금)\n(95,595,646)\n15,189,803\n합 계\n(87,484,621)\n23,300,828\n(주1) 당사의 법정적립금인 이익준비금은 상법상의 규정에 따라 납입자본의 50%에 달할 때까지 매 결산기마다 금전에 의한 이익배당액의 10% 이상을 이익준비금으로 적립하도록 되어 있습니다.\n(2) 보고기간종료일 현재 당사의 이익잉여금(결손금) 변동내역은 다음과 같습니다.\n(단위: 천원)\n구\xa0 분\n당기\n전기\n1. 기초이익잉여금(결손금)\n23,300,828\n665,251,212\n2. 감자차익의 이익잉여금 전입\n-\n-\n3. 회계변경 누적효과\n(16,029,776)\n(60,082,431)\n4. 당기순이익(손실)\n(95,534,399)\n(580,706,936)\n5. 이익잉여금에 직접 인식된 보험수리적이익\n358,624\n(1,161,017)\n6. 이익잉여금에 대체된 자산재평가\n420,102\n-\n7. 기말이익잉여금(결손금)\n(87,484,621)\n23,300,828\n(3) 당기와 전기의 결손금처리계산서는 다음과 같습니다.\n제 44 기\n2019년 01월 01일\n부터\n제 43 기\n2018년 01월 01일\n부터\n(당기)\n2019년 12월 31일\n까지\n(전기)\n2018년 12월 31일\n까지\n처리예정일\n2020년 03월 27일\n처분확정일\n2019년 03월 28일\n(단위: 천원)\n구분\n당기\n전기\nⅠ. 미처분이익잉여금(미처리결손금)\n(95,595,646)\n15,189,803\n1. 전기이월미처분이익잉여금(미처리결손금)\n15,189,803\n657,140,187\n2. 감자차익의 이익잉여금 전입\n-\n-\n3. 회계변경 누적효과\n(16,029,776)\n(60,082,431)\n4. 당기순이익(손실)\n(95,534,399)\n(580,706,936)\n5. 보험수리적손익\n358,624\n(1,161,017)\n6. 자산재평가이익의 대체\n420,102\n-\nⅡ. 결손금처리액\n-\n-\nⅢ.차기이월미처분이익잉여금(미처리결손금)\n(95,595,646)\n15,189,803\n23. 수익당사의 수익은 위험회피회계와 관련된 중요하지 않은 거래금액 및 임대매출을 제외하고는 고객과의 계약으로 인한 수익입니다.\n(1) 수익의 구분당기와 전기 중 당사의 주요 지리적 시장과 수익인식시기에 따라 구분한 수익은 다음과 같습니다.① 당기\n(단위: 천원)\n구 분\n건축\n토목\n기타(주1)\n합계\n주요지리적시장\n국내\n1,326,281,444\n379,910,380\n6,591,707\n1,712,783,531\n아시아\n1,449,384\n-\n-\n1,449,384\n유럽\n15,628,433\n-\n-\n15,628,433\n합계\n1,343,359,261\n379,910,380\n6,591,707\n1,729,861,348\n수익인식시기\n한시점에 이전되는 재화\n11,222,720\n-\n-\n11,222,720\n기간에 걸쳐 이전되는 용역\n1,332,136,541\n379,910,380\n6,591,707\n1,718,638,628\n합계\n1,343,359,261\n379,910,380\n6,591,707\n1,729,861,348\n(주1) 중단영업부문의 수익은 제외되어 있습니다.② 전기\n(단위: 천원)\n구 분\n건축\n토목\n기타(주1)\n합계\n주요지리적시장\n국내\n1,169,862,890\n321,797,787\n7,094,363\n1,498,755,040\n유럽\n5,304,975\n-\n-\n5,304,975\n합계\n1,175,167,865\n321,797,787\n7,094,363\n1,504,060,015\n수익인식시기\n한시점에 이전되는 재화\n12,269,149\n735,967\n7,094,363\n20,099,479\n기간에 걸쳐 이전되는 용역\n1,162,898,716\n321,061,820\n-\n1,483,960,536\n합계\n1,175,167,865\n321,797,787\n7,094,363\n1,504,060,015\n(주1) 중단영업부문의 수익은 제외되어 있습니다.\n(2) 계약 잔액당기말 과 전기말 현재 고객과의 계약에서 생기는 수취채권, 계약자산 및 계약부채는다음과 같습니다.\n(단위: 천원)\n구 분\n당기말\n전기말\n매출채권 및 기타채권에 포함된 수취채권\n169,938,904\n226,057,063\n계약자산\n221,115,099\n178,065,186\n계약부채\n402,864,268\n390,281,182\n계약자산은 당사가 고객에게 재화나 용역을 이전한 재화나 용역에 대해 대가를 받을 권리가 발생하였으나 미청구한 금액으로 청구 시 수취채권으로 대체됩니다. 계약부채는 기간에 걸쳐 이행하는 건설계약 등을 위해 고객으로부터 선수취한 금액으로 고객에게 재화나 용역을 이전함에 따라 수익으로 대체되며, 기초 계약부채 잔액 중 당기에 인식한 수익은 317,704백만원입니다.\n(3) 기간에 걸쳐 이행되는 수행의무에 배분된 거래가격 변동내역당기 중 공사도급계약의 변동내역은 다음과 같습니다.\n(단위: 천원)\n발주처\n공사명\n공사기간\n기초잔액\n증감액\n매출계상으로인한 감소액\n기말잔액\n<건축>\n광명16구역조합\n광명16구역\n16.08~21.06\n179,635,904\n18,217,475\n72,665,074\n125,188,305\n남양주 화도 현대지역주택조합\n남양주묵현APT\n17.03~20.09\n187,913,311\n-\n105,917,050\n81,996,261\n시흥대야동주택재개발정비조합\n시흥대야개량\n16.02~20.05\n181,537,581\n(6,722,492)\n109,728,209\n65,086,880\n신정 뉴타운 제1구역1지구\n신정1-1구역\n11.10~20.02\n128,474,362\n-\n116,781,485\n11,692,877\n랜드비전주식회사\n용인동백공동주택\n18.05~21.06\n240,052,391\n4,854,000\n54,397,638\n190,508,753\n기타\n\u3000\n\u3000\n4,827,594,499\n1,741,422,425\n879,369,576\n5,689,647,348\n소 계\n5,745,208,048\n1,757,771,408\n1,338,859,032\n6,164,120,424\n<토목>\n서울특별시도시기반시설본부\n별내선연장2공구\n17.09~23.09\n117,617,409\n8,560,673\n34,563,160\n91,614,922\n새서울철도㈜\n신분당-용산1-2공구\n11.12~24.12\n118,737,145\n(594,516)\n40,837,692\n77,304,937\n남서울경전철㈜\n여의도신림경전철\n15.06~22.02\n78,805,672\n7,982,282\n35,864,968\n50,922,986\n한국철도시설공단\n포항삼척철도17공구\n15.03~20.12\n24,889,278\n10,040,727\n31,229,658\n3,700,347\n기타\n\u3000\n\u3000\n1,604,083,018\n(171,469,534)\n236,911,035\n1,195,702,449\n소 계\n1,944,132,522\n(145,480,368)\n379,406,513\n1,419,245,641\n<중단영업(CPE, HRSG)>(주1)\n9,240,003\n94,719\n258,219\n9,076,503\n합 계\n7,698,580,573\n1,612,385,759\n1,718,523,764\n7,592,442,568\n(주1) 중단영업에 속하나 사업양수도 계약조건에 의하여 당기말 현재 미이전된 건설계약이 포함되어 있습니다.예상공사손실은 공사손실충당부채에 당기말\xa0현재\xa0478백만원\xa0계상되어 있으며, 전기말 현재 915백만원이 계상되어 있습니다.\n(4) 당기 중 총계약수익 및 추정총계약원가 변동으로 인하여 당기와 미래기간의 손익, 미청구공사에 영향을 미치는 금액은 다음과 같습니다.\n(단위: 천원)\n구\xa0 \xa0 \xa0 분\n공사손실\n충당부채\n추정총계약수익변동\n추정총계약원가변동\n당기손익에미치는 영향\n미래손익에\n미치는 영향\n미청구공사\n(초과청구공사)\xa0\n변동\n건 축\n9,535\n208,028,859\n233,062,274\n(39,850,735)\n14,817,320\n(39,850,735)\n토 목\n468,371\n87,116,464\n89,787,112\n(3,414,628)\n743,980\n(3,414,628)\n소 계\n477,906\n295,145,323\n322,849,386\n(43,265,363)\n15,561,300\n(43,265,363)\n중단된 영업부문의 귀속금액\n-\n91,402\n-\n89,295\n2,107\n89,295\n합 계\n477,906\n295,236,725\n322,849,386\n(43,176,068)\n15,563,407\n(43,176,068)\n당기와 미래손익에 미치는 영향은 계약 개시 후 당기 말까지 발생한 상황에 근거하여추정한 총계약원가와 당기말 현재 총계약수익의 추정치에 근거하여 산정한 것이며, 총계약원가와 총계약수익 추정치는 미래 기간에 변동될 수 있습니다.\n(5) 당기말 현재 원가기준 투입법을 적용하여 기간에 걸쳐 수익을 인식한 계약으로서 계약금액이 전기 매출액의 5% 이상인 주요 계약의 내역은 다음과 같습니다.\n(단위: 천원)\n공사명\n계약일\n종료일\n진행률(%)\n미청구공사\n공사미수금\n총액\n대손충당금\n총액\n대손충당금\n계림7구역\n2017-06-29\n2021-04-29\n38.50\n-\n-\n510,000\n-\n계수범박구역\n2017-12-27\n2022-05-31\n3.64\n-\n-\n-\n-\n고덕강일4단지\n2017-12-26\n2020-06-30\n71.27\n4,672,135\n-\n-\n-\n고양향동4공구\n2017-08-30\n2020-06-03\n85.42\n1,354,254\n-\n-\n-\n광명16구역\n2016-08-10\n2021-06-30\n40.87\n-\n-\n-\n-\n광명의료복합신축\n2018-05-30\n2022-03-31\n19.12\n-\n-\n-\n-\n남양주묵현APT\n2017-03-27\n2020-09-30\n65.19\n-\n-\n-\n-\n능곡1구역\n2017-01-09\n2022-08-31\n6.19\n-\n-\n-\n-\n두산분당센터\n2016-03-25\n2020-11-30\n40.58\n22,394,042\n-\n-\n-\n미얀마TL\n2019-06-25\n2021-10-31\n1.39\n-\n-\n53,678\n-\n범일통합3지구\n2007-12-20\n2022-10-31\n7.11\n-\n-\n-\n-\n별내선연장2공구\n2017-09-29\n2023-09-28\n35.65\n5,763,078\n-\n-\n-\n부산구서주상복합\n2017-05-08\n2020-04-30\n69.89\n-\n-\n399,270\n-\n산곡4구역\n2011-12-30\n2022-04-30\n1.97\n-\n-\n-\n-\n새만금전주8공구\n2018-12-28\n2022-11-21\n3.82\n-\n-\n-\n-\n수서평택고철2공구\n2011-12-30\n2021-12-31\n96.89\n6,976,728\n4,500,000\n-\n-\n시흥대야개량\n2016-02-03\n2020-05-31\n71.33\n-\n-\n-\n-\n신분당-용산1-2공구\n2011-12-30\n2024-12-31\n52.57\n16,449,690\n-\n-\n-\n신정1-1구역\n2010-07-28\n2020-02-28\n95.38\n8,692,100\n-\n-\n-\n안성성남6공구\n2018-09-28\n2022-11-05\n5.29\n898,294\n-\n-\n-\n안양삼영개량\n2017-12-20\n2022-06-30\n9.84\n-\n-\n-\n-\n안양호계동\n2017-01-31\n2021-11-30\n30.95\n-\n-\n-\n-\n여의도신림경전철\n2015-06-30\n2022-02-02\n57.56\n30,767,920\n-\n-\n-\n용인동백공동주택\n2018-01-30\n2021-06-30\n26.72\n521,397\n-\n-\n-\n용인세브란스병원\n2017-05-29\n2020-02-29\n93.83\n-\n-\n13,213,000\n-\n울산문수주상복합신축\n2018-07-17\n2021-11-30\n11.76\n-\n-\n1,305,000\n-\n인천연료전지발전사업\n2018-12-26\n2020-06-30\n3.12\n1,739,243\n-\n17,480\n-\n중앙2구역\n2016-10-28\n2022-03-31\n9.70\n-\n-\n-\n-\n청주북일남일도로\n2017-01-24\n2023-12-26\n37.93\n6,035,739\n-\n-\n-\n춘천연수원1\n2014-02-28\n2022-12-31\n27.90\n-\n-\n716,970\n-\n포항삼척철도17공구\n2015-02-26\n2020-12-31\n97.25\n18,033,835\n-\n1,981,142\n-\n함양창녕3공구\n2017-06-28\n2024-06-27\n15.93\n5,071,945\n-\n151,298\n-\nMAPNA 44Units HRSG\n2003-07-09\n2020-06-30\n97.69\n-\n-\n-\n-\n(6) 자산으로 인식한 계약이행원가당사는 아직 승인하지 않은 특정 계약에 따라 이전할 자산의 설계 원가 등이 발생하고 있습니다. 해당 원가는 고객과의 계약이나 구체적으로 식별할 수 있는 예상 계약에 직접 관련되고, 미래의 수행의무를 이행할 때 사용할 기업의 자원을 창출하거나 가치를 높이며, 회수가 될 것으로 예상되어 자산으로 인식하였습니다.\n(단위: 천원)\n구 분\n당기말\n전기말 현재 계약이행원가 잔액\n10,584,556\n당기 중 계약이행원가로 인식한 금액\n1,469,754\n당기 중 매출원가로 인식한 상각액\n7,207,577\n당기말 현재 계약이행원가 잔액\n4,846,733\n상기 계약이행원가는 관련된 재화나 용역을 고객에게 이전하는 방식과 일치하는 체계적 기준으로 상각하고 있습니다.\n24. 비용의 성격별 분류\n당기와 전기 중 당사의 주요 비용의 성격별 분류는 다음과 같습니다.\n(단위: 천원)\n구분\n당기\n전기\n재고자산의 변동\n(3,321,160)\n(117,412)\n원재료 및 상품매입액\n277,282,142\n273,047,085\n인건비\n147,005,600\n128,251,100\n감가상각비 및 무형자산상각비\n17,938,705\n4,435,128\n기타비용\n1,216,254,649\n1,156,281,661\n매출원가 및 판매비와관리비의 합계\n1,655,159,936\n1,561,897,562\n25. 판매비와관리비\n당기와 전기 중 당사의 판매비와 관리비의 내역은 다음과 같습니다.\n(단위: 천원)\n구분\n당기\n전기\n급여\n16,207,417\n22,847,253\n퇴직급여\n1,593,798\n2,464,082\n해고급여\n17,383,471\n-\n지급수수료\n11,933,639\n10,714,954\n감가상각비\n4,340,864\n2,213,388\n무형자산상각비\n541,932\n561,090\n광고선전비\n2,543,648\n3,396,269\n복리후생비\n3,807,238\n5,449,344\n여비교통비\n917,578\n1,107,029\n임차료\n618,862\n12,312,534\n세금과공과\n2,528,014\n1,638,791\n대손상각비\n2,357,400\n54,155,354\n판매촉진비\n4,876,948\n6,186,473\n경상개발비\n3,174,922\n8,199,854\n미분양자산관리비\n307,959\n290,772\n하자보수비\n3,701,857\n5,200,488\n사용권자산감가상각비\n3,439,834\n-\n기타\n5,823,124\n5,024,980\n합 계\n86,098,505\n141,762,655\n26. 금융손익당기와 전기 중 당사의 금융손익의 내역은 다음과 같습니다.\n(단위: 천원)\n구분\n당기\n전기\nⅠ. 금융수익:\n\xa0 이자수익\n10,138,401\n6,447,210\n\xa0 배당금수익\n1,740,402\n4,995,214\n\xa0 외환차익\n202,380\n177,652\n\xa0 외화환산이익\n18,795\n14,168\n\xa0 금융보증수익\n149,286\n189,868\n금융수익 합계\n12,249,264\n11,824,112\nⅡ. 금융비용:\n\xa0 이자비용\n76,223,277\n86,809,050\n\xa0 외환차손\n245,607\n192,628\n\xa0 외화환산손실\n30,699\n3,278\n\xa0 사채상환손실\n7,280,532\n5,625,342\n\xa0 지급보증료\n654,447\n1,412,828\n금융비용 합계\n84,434,562\n94,043,126\nⅢ. 순금융비용(I-II)\n(72,185,298)\n(82,219,014)\n27. 기타영업외수익과 기타영업외비용당기와 전기 중 당사의 기타영업외수익 및 기타영업외비용의 내역은 다음과 같습니다.\n(단위: 천원)\n구분\n\xa0당기\xa0\n\xa0전기\xa0\nⅠ. 기타영업외수익:\n유형자산처분이익\n14,053\n61,638\n무형자산처분이익\n56,581\n92,973\n장기투자증권평가이익\n5,474,159\n156,809\n단기금융상품평가이익\n698,754\n-\n장기투자증권처분이익\n3,094,190\n971,276\n관계기업투자주식처분이익\n11,348\n-\n위약금수익\n4,545\n6,107\n연체료수익\n37,208\n54,010\n잡이익\n1,606,151\n6,932,646\n소 계\n10,996,989\n8,275,459\nⅡ. 기타영업외비용:\n매출채권처분손실\n162,148\n116,197\n유형자산처분손실\n660,564\n465,579\n무형자산처분손실\n19,273\n143,437\n무형자산손상차손\n-\n515\n기타의대손상각비\n54,998,231\n330,651,160\n기부금\n42,268\n106,526\n장기투자증권처분손실\n853\n-\n장기투자증권평가손실\n3,886,766\n25,320,618\n관계기업투자주식손상차손\n-\n50,019,926\n재평가손실\n19,199\n-\n잡손실\n5,456,534\n20,575,465\n소 계\n65,245,836\n427,399,423\n차 감 계\n(54,248,847)\n(419,123,964)\n28. 법인세비용(수익)(1) 당기와 전기 중 당사의 법인세비용으로 반영된 당기법인세 및 이연법인세의 내역은 다음과 같습니다.\n(단위: 천원)\n구분\n당기\n전기\n당기법인세부담액\n-\xa0\n-\n과거기간 당기법인세에 대하여 당기에 인식한 조정사항\n(820)\n(822,728)\n일시적차이에 대한 이연법인세변동액\n24,818,976\n-\n자본에 직접 반영된 법인세비용(수익)\n(191,638)\n(38,688)\n계속사업 법인세비용(수익)\n24,626,518\n(861,416)\n(2) 당기와 전기 중 당기손익 이외로 인식되는 항목과 관련된 당기법인세와 이연법인세는 다음과 같습니다.\n(단위: 천원)\n구분\n당기\n전기\n당기법인세:\n- 보험수리적손익\n(114,495)\n327,466\n당기법인세 소계\n(114,495)\n327,466\n이연법인세:\n- 신주인수권대가\n-\n(366,154)\n- 재평가손익\n(77,144)\n-\n이연법인세 소계\n(77,144)\n(366,154)\n자본에 직접 반영된 법인세비용(수익)\n(191,638)\n(38,688)\n(3) 이연법인세자산(부채)는 일시적차이의 실현이 예상되는 회계연도에 적용되는 법인세율(22%)을 사용하여 측정하고 있습니다. 이연법인세자산과 부채는 당기법인세자산과 당기법인세부채를 상계할 수 있는 법적 권한이 있고, 동일한 과세당국과 관련되어 있을 때 상계되며, 당기와 전기 중 당사의 이연법인세자산과 부채의 변동은 다음과 같습니다.① 당기\n(단위: 천원)\n구 분\n기초\n증감\n기말\n대손충당금\n136,601,087\n47,173,093\n183,774,180\n퇴직급여충당금\n15,826,591\n(1,087,108)\n14,739,484\n하자보수충당금\n12,550,064\n(913,442)\n11,636,622\n금융보증계약\n2,490,719\n51,453\n2,542,172\n미수수익\n(22,205,586)\n2,396,533\n(19,809,053)\n퇴직보험예치금\n(11,810,735)\n1,092,723\n(10,718,012)\n매도가능금융자산평가손익\n(6,438,288)\n1,030,530\n(5,407,758)\n자산재평가_기타포괄\n(37,006,391)\n(3,780,729)\n(40,787,120)\n기타\n119,018,912\n(70,782,029)\n48,236,882\n합 계\n209,026,373\n(24,818,976)\n184,207,397\n차감할 일시적차이가 소멸될 기간에 과세소득이 충분할 것으로 예상되어 이연법인세자산을 인식하였습니다.② 전기\n(단위: 천원)\n구 분\n기초\n증감\n기말\n대손충당금\n181,932,481\n(45,331,394)\n136,601,087\n퇴직급여충당금\n14,506,894\n1,319,697\n15,826,591\n하자보수충당금\n14,025,637\n(1,475,573)\n12,550,064\n금융보증계약\n2,171,680\n319,039\n2,490,719\n미수수익\n(22,205,304)\n(282)\n(22,205,586)\n퇴직보험예치금\n(9,276,730)\n(2,534,005)\n(11,810,735)\n매도가능금융자산평가손익\n(6,098,893)\n(339,395)\n(6,438,288)\n자산재평가_기타포괄\n(35,907,204)\n(1,099,187)\n(37,006,391)\n선급공사원가\n(191,224)\n191,224\n-\n기타\n70,069,036\n48,949,876\n119,018,912\n합 계\n209,026,373\n-\n209,026,373\n(4) 보고기간종료일 현재 당사가 이연법인세자산으로 인식하지 않은 차감할 일시적차이는 다음과 같습니다.\n(단위: 천원)\n구분\n당기말\n전기말\n이월결손금 등\n1,556,760,380\n1,528,489,896\n이연법인세자산에 대한 미래 실현가능성은 일시적 차이가 실현되는 기간동안 과세소득을 창출할 수 있는 회사의 능력, 전반적인 경제환경과 산업에 대한 전망 등 다양한 요소들에 달려 있습니다. 당사는 주기적으로 이러한 사항들을 검토하고 있습니다.\n(5)\xa0당기와 전기 중 당사의 계속사업 법인세비용차감전순손익과 계속사업 법인세비용간의 관계는 다음과 같습니다.\n(단위: 천원)\n구분\n당기\n전기\n계속사업 법인세비용 차감전 순이익(손실)\n(51,732,733)\n(580,706,936)\n국내법인세율로 계산된 법인세비용(수익)\n(11,381,201)\n(127,755,526)\n조정사항:\n비일시적차이\n(745,563)\n2,404,419\n과거기간 당기법인세에 대하여 당기에 인식한 조정사항\n(820)\n(822,728)\n기타(미인식 이연법인세 자산 등)\n36,754,102\n125,312,419\n계속영업에서 발생한 법인세비용(수익)\n24,626,518\n(861,416)\n평균유효세율(법인세비용/법인세비용차감전순이익)\n(주1)\n(주1)\n(주1) 법인세비용 차감전 순손실이 발생하였으므로 유효세율을 산정하지 아니하였습니다.\n(6) 법인세 처리의 불확실성당사는 매년 세무 적격성을 지닌 유수의 회계법인을 통한 법인세 해석과 과거 경험을포함한 많은 요소의 평가에 근거하여 적절하게 판단하였습니다. 당사는 결산 종료일 현재 과세당국과 조세 분쟁이 존재하지 않으며, 과거 과세당국에서 지적한 특정사안에 대해서는 관련 법률을 준수하고 있습니다.\n29. 주당손실(1) 기본주당순손실기본주당손실은 당사의 당기순손실을 자기주식 등을 제외한 가중평균유통주식수로 나누어 산정하였습니다.당기와 전기 중 당사의 기본주당순손실은 다음과 같습니다.\n(단위: 천원)\n구분\n당기\n\xa0전기\xa0\n당기순손실\n95,534,399\n580,706,936\n\xa0계속영업손실\n76,359,251\n558,319,108\n\xa0중단영업손실\n19,175,148\n22,387,828\n보통주 당기순손실\n95,534,399\n580,706,936\n÷ 가중평균유통보통주식수(주1)\n226,633,999주\n64,776,994주\n기본주당손실\n422원\n8,965원\n\xa0계속영업손실\n337원\n8,619원\n\xa0중단영업손실\n85원\n346원\n(주1) 가중평균유통보통주식수의 산정내역\n(단위: 주)\n구분\n당기\n\xa0전기\xa0\n기초발행주식수\n71,304,923\n58,317,053\n\xa0신주발행(BW행사)\n3\n6,459,941\n\xa0신주발행(유상증자)\n153,552,948\n-\n\xa0신주발행(우선주 전환)\n1,837,574\n-\n\xa0자기주식 취득\n(61,449)\n-\n가중평균유통보통주식수\n226,633,999\n64,776,994\n(2) 희석주당순손실희석주당손실은 모든 희석성 잠재적보통주가 보통주로 전환되었다고 가정하여조정한 가중평균유통보통주식수를 적용하여 산정하고 있습니다.당기와 전기 중 당사의 희석주당순손실은 다음과 같습니다.\n(단위: 천원)\n구분\n당기\n\xa0전기\xa0\n당기순손실\n95,534,399\n580,706,936\n\xa0계속영업손실\n76,359,251\n558,319,108\n\xa0중단영업손실\n19,175,148\n22,387,828\n희석당기순손실\n95,534,399\n580,706,936\n÷ 가중평균희석증권주식수(주1)\n226,633,999주\n64,776,994주\n희석주당손실\n422원\n8,965원\n\xa0계속영업희석주당손실\n337원\n8,619원\n\xa0중단영업희석주당손실\n85원\n346원\n(주1) 가중평균 희석증권주식수의 산정내역\n(단위: 주)\n구분\n당기\n\xa0전기\xa0\n가중평균유통보통주식수\n226,633,999\n64,776,994\n조정사항\n-\n-\n가중평균희석증권주식수\n226,633,999\n64,776,994\n주식매수선택권 부여분, 신주인수권은 그로 인한 희석화 효과가 없으므로, 당기 및 전기의 희석주당손실을 계산할 때 고려하지 않았으나, 미래에 기본주당이익(손실)을 희석화 할 수 있습니다.당기 및 전기에 반희석 효과 때문에 희석주당손실을 계산할 때 고려하지 않았지만, 잠재적으로 미래에 기본주당이익(손실)을 희석할 수 있는 내역은 다음과 같습니다.\n(단위: 주)\n구분\n당기\n전기\n주식선택권\n16,450\n23,995\n전환상환우선주(전환기간종료)\n-\n22,727,272\n전환우선주(보통주전환)\n-\n4,689,057\n신주인수권부사채\n85,581,717\n109,772,901\n합계\n85,598,167\n137,213,225\n30. 우발부채와 약정사항(1)\xa0보고기간종료일 현재 당사는 공사대금관련 26,011백만원 및 하자보수관련 59,930백만원, 사업관리\xa037,455백만원, 기타소송 349백만원 등 총 123,745백만원의 재판에 피고로 계류중에 있으며, 보고기간종료일 현재 동 소송의 전망은 예측할 수 없으나, 기타의 충당부채(9,154백만원)로 재무제표에 반영된 것을 제외하면 동 소송으로부터 중요한 추가적손실은 발생하지 않을 것으로 예상됩니다.\n(2) 당기말 현재 당사의 차입금 및 거래약정과 관련하여 어음 5매가 청주친환경㈜ 등에, 백지수표 24매가 주택도시보증공사 등에 견질로 제공되어 있습니다.\n(3) 당기말 현재 당사가 금융자산을 양도하였으나 금융자산의 소유에 따른 위험과 보상의 대부분을 보유함에 따라 관련 금융자산을 계속 인식한 후 인식한 금융부채는 없습니다.\n(4) 보고기간종료일 현재 당사가 타인을 위하여 제공한 보증의 내역은 다음과 같습니다.\n(단위: 천원)\n제공받는자\n내\xa0\xa0 용\n보증건수(건)\n보증제공액\n보증금액\n지급보증처\n시행사 등\nPF관련보증(주1)(주2)\n5\n365,000,000\n148,000,000\n국민은행 등\n담보대출(주1)\n6\n227,730,660\n201,770,660\n수분양자\n중도금 보증 등(주1)\n18\n1,028,518,112\n684,086,258\n재개발/재건축조합\n사업비대출 보증 등(주1)\n5\n67,176,249\n58,176,249\nSOC사업\nPF관련보증(주1)(주2)\n2\n4,685,000\n4,685,000\n자금보충의무(주1)\n11\n258,866,500\n258,866,500\n㈜한화건설\n공사이행 상호보증 등\n1\n61,879,990\n61,879,990\n건설공제조합 등\n남서울경전철㈜ 등\n사업이행보증 등\n9\n45,530,586\n45,530,586\n(주1) 해당 보증의 전체 규모는 2,748,665백만원이며, 상기 당기말 보증제공액은 당사의 보증비율에 해당하는 금액입니다.(주2) 상기의 보증 내역 중 보고기간종료일 현재 당사가 시행사 등의 차입을 위하여 제공한 지급보증의 내용은 다음과 같습니다.\n(단위: 천원)\n사업지역\n채권기관 종류\n대출잔액\n보증한도\n보증내역\n대출기간\n유형\n비고\n충청남도\n증권사\n17,700,000\n60,000,000\n연대보증\n2019.11.28~2020.02.28\n전자단기사채\n천안청당\n충청남도\n증권사\n7,400,000\n40,000,000\n연대보증\n2019.12.06~2020.03.02\n전자단기사채\n천안청당\n충청남도\n증권사\n70,000,000\n135,000,000\n연대보증\n2019.12.31~2020.03.31\n전자단기사채\n천안청당\n경기도\n증권사\n32,900,000\n130,000,000\n연대보증\n2019.12.27~2020.03.27\n전자단기사채\n용인삼가\n경기도\n증권사\n20,000,000\n연대보증\n2019.12.30~2020.03.27\n전자단기사채\n용인삼가\n포항시\n신한은행 외\n3,385,000\n3,385,000\n연대보증\n2010.03.26~2025.12.31\n기타 Loan\n포항신항\n대전시\n하나은행\n1,300,000\n1,300,000\n연대보증\n2019.05.07~2022.05.06\n기타 Loan\n대전천변\n합 계\n152,685,000\n369,685,000\n이외에 당사는 주택건설 시행사가 주택도시보증공사로부터 제공받은 주택분양보증과 관련하여 주택도시보증공사에 공사이행에 대한 연대보증을 제공하고 있으며, 광명의료복합신축 외 2개 프로젝트에 대해 책임준공 미이행시 조건부 채무인수약정(전체한도 1,214,100백만원)을 제공하고 있습니다.또한 SOC사업과 관련하여 건설출자자들은 협약이 해지되거나 주무관청으로부터 매수청구가 발생시 해지시지급금 또는 매수가액으로 대출원리금을 상환하기에 부족한 경우 그 부족자금을 제공하여야 하는 약정이 있습니다.\n(5) 당기말 현재 당사가 타인으로부터 제공받은 보증의 내역은 다음과 같습니다.\n(원화단위: 천원, 외화단위: 각 단위)\n보증회사\n피보증회사\n보 증 액\n내\xa0 용\n건설공제조합\n당사\nKRW\n1,771,517,764\n공사이행 보증 등\n주택도시보증공사\n당사\nKRW\n2,707,524,087\n분양이행 보증 등\n서울보증보험\n당사\nKRW\n29,232,632\n원화지급보증\n한신공영㈜\n당사\nKRW\n223,763,000\n공사이행 상호연대보증\n우리은행\n당사\nUSD\n2,533\n수입신용장 발행\n자본재공제조합\n당사\nKRW\n66,719,704\n원화지급보증\n(6) 당기말 현재 당사가 체결한 금융기관 및 기타 차입처의 주요 약정내역은 다음과 같습니다.\n(단위: 천원)\n차입처\n구 분\n한도액\n사용액\n잔 액\n기업은행\n당좌차월 한도 약정\n6,000,000\n-\n6,000,000\n우리은행\n차입 한도 약정\n12,000,000\n12,000,000\n-\n유진투자증권\nCP\n10,000,000\n10,000,000\n-\n두산이엔씨제사차 주식회사\n차입 한도 약정\n95,000,000\n95,000,000\n-\n건설공제조합\n차입 한도 약정\n108,858,780\n27,039,255\n81,819,525\n농협은행\n차입 한도 약정\n5,000,000\n-\n5,000,000\n합 계\n236,858,780\n144,039,255\n92,819,525\n(7) 중요 약정사항당사는 시공사로서 일산제니스 및 해운대제니스 건설형 공사에 대하여 시행사인 ㈜아이앤티디씨 및 ㈜대원플러스건설과 건설계약을 체결하였습니다. 당사는 주택분양매매계약에 대하여 수분양자가 매매보장기간인 2년~3년 이후 당사에 매매보장을 신청한 경우 수분양자가 납부한 분양대금을 보장해 주는 제도를 운용하고 있습니다. 당사는 동 제도와 관련하여 수분양자를 위하여 금융기관 등에 지급보증을 제공하고 있습니다(동 주석 (4) 참조).보고기간종료일 현재 계약자가 매매보장을 신청할 가능성 및 보장금액을 예측할 수 없으므로 이로 인한 손익은 재무제표에 반영되어 있지 않습니다.(8) 종업원 지급보증보고기간종료일 현재 당사가 종업원에게 제공한 지급보증은 다음과 같습니다.\n(단위: 천원)\n제공받는자\n내\xa0\xa0 용\n당기말\n전기말\n지급보증처\n보증건수(건)\n보증액\n보증건수(건)\n보증액\n우리사주조합\n조합원대출 보증\n1\n28,891,620\n2\n72,563,319\n두산신용협동조합\n(9) 특수관계자 지급보증\xa0① 연결구조화 기업의 차입금에 대해 하기와 같이 지급보증 및 자금보충의무를 제공하고 있으며, 해당 의무에 관하여 당사는 당기말 현재 차입금 및 유동화채무 547,300백만원을 계상하고 있습니다.\n(단위: 천원)\n제공받는자\n내\xa0\xa0 용\n당기말\n지급보증처\n보증건수(건)\n보증액\n뉴스타트디엠제칠차주식회사\n연대보증/자금보충\n1\n140,000,000\n신영증권 외\n파인트리시티제일차주식회사\n연대보증/자금보충\n1\n35,300,000\n신영증권 외\n디엠베스트제삼차주식회사\n연대보증/자금보충\n1\n90,000,000\n신영증권 외\n뉴스타트디엠제팔차주식회사\n연대보증/자금보충\n1\n122,000,000\n신영증권 외\n그레이트지엠제사차주식회사\n연대보증/자금보충\n1\n65,000,000\n신영증권 외\n두산이엔씨제사차주식회사\n자금보충\n1\n95,000,000\n한국산업은행 외\n② 보고기간종료일 현재 당사가 특수관계자로부터 제공받은 지급보증은 다음과 같습니다.\n\xa0(외화단위: 각 단위)\n보증회사(주1)\n피보증회사\n보증액\n내용\n수출입은행\n당사\nEUR\n9,334,446\n공사이행보증\n서울보증보험\n당사\nUSD\n15,735,800\n공사이행보증\n(주1) 당사의 지배기업인 두산중공업㈜의 보증한도를 사용하여 각 금융기관으로부터 보증을 제공받고 있습니다.\n(10) 통상임금 판결 관련 사항통상임금에 관한 2013년 12월 18일 대법원 전원합의체\xa0 판결에 따라 정기적ㆍ일률적ㆍ고정적으로 지급되는 정기상여금 및 각종 수당은 통상임금에 포함하여야 합니다. 당기말 현재 당사는 재무제표에 소송과 관련된 충당부채로 계상하였습니다.\n(11) 재무출자자에게 부여한 주식매도선택권당사는 마산하수관거BTL, 상주영천도로, 수원광명도로, 서울문산도로 등 SOC사업 및 개발형 사업에 건설출자자의 일원으로 참여하였으며, 재무출자자를 모집하기 위해 재무출자자가 취득한 주식과 관련하여 풋옵션계약(126억원)을 체결하였습니다.\n31. 담보제공자산(1) 당기말 현재 당사가 사채 및 장ㆍ단기차입금 등과 관련해 금융기관 등에 대한 담보제공 내역은 다음과 같습니다.\n(단위: 천원)\n담보권자\n담보제공자산\n차입/보증금액\n설정금액\n우리은행(주1)\n수익권\n12,000,000\n234,054,930\n종속기업및관계기업투자\n두산이엔씨제사차주식회사\n투자부동산\n95,000,000\n130,000,000\n파인트리시티제일차주식회사\n투자부동산\n35,300,000\n78,000,000\n기업은행\n단기금융상품\n-\n2,000,000\n건설공제조합\n장기투자증권\n27,039,255\n36,517,458\n(주1) 밸류웍스㈜로부터 제공받은 창원1공장에 대한 담보(107,796백만원)가 포함되어 있습니다.\n(2) 당기말 현재 당사의 장기투자증권 중 수도권서부고속도로㈜ 등(장부금액 64,978백만원)의 주식은 해당 회사의 프로젝트 파이낸싱에 대한 담보로 제공되어 있는 바,\xa0 해당 PF 대주단인 KDB산업은행 등에 근질권이 설정되어 있습니다.\n(3) 당기말 현재 당사의 관계기업투자 중 새서울철도㈜ 등(장부금액 8,794백만원)의 주식은 해당회사의 프로젝트 파이낸싱에 대한 담보로 제공되어 있는 바, 해당 PF 대주단인 KDB산업은행 등에 근질권이 설정되어 있습니다.\n(4) 당기말 현재 당사의 건설공사보험에 대한 보험금청구권은 당사의 특수관계자인 디비씨㈜의 차입금에 대한 담보로 한국증권금융㈜(설정금액 252,300백만원)에 제공되어 있습니다.\n32. 특수관계자 거래(1) 보고기간종료일 현재 특수관계자 현황은 다음과 같습니다.① 보고기간종료일 현재 당사의 지배기업은 두산중공업㈜(지분율\xa088.15%)이며 최상위 지배기업은\xa0㈜두산입니다.② 보고기간종료일 현재 특수관계자는 다음과 같습니다.\n구분\n당기말\n전기말\n당사의 지배기업\n㈜두산, 두산중공업㈜\n㈜두산, 두산중공업㈜\n당사의 종속기업(주1)\nDoosan Heavy Industries VietnamHaiphong Co., Ltd.,밸류웍스㈜\nDoosan Heavy Industries VietnamHaiphong Co., Ltd.,자기주식(신탁),밸류웍스㈜\n그레이트지엠제육차주식회사,뉴스타트디엠제칠차주식회사,파인트리시티제일차주식회사,디엠베스트제삼차주식회사,디엠베스트제사차주식회사,뉴스타트디엠제팔차주식회사,지엠에스제일차주식회사,그레이트지엠제사차주식회사,디에스화도제일차주식회사,두산이엔씨제삼차주식회사,두산이엔씨제사차주식회사\n파인트리시티제일차주식회사,디엠베스트제이차주식회사,디엠베스트제삼차주식회사,디엠베스트제사차주식회사,두산이엔씨제삼차주식회사,지엠에스제일차주식회사,지엠에스제이차주식회사,그레이트지엠제사차주식회사,그레이트지엠제육차주식회사\n당사의\xa0 관계기업\nDoosan Heavy Industries Vietnam, 경기철도㈜, 신분당선㈜,네오트랜스㈜, 함안산업단지㈜,새서울철도㈜,KIAMCO 경기철도투자사모특별자산투자신탁, 인천연료전지㈜\nDoosan Heavy Industries Vietnam, 경기철도㈜, 신분당선㈜,네오트랜스㈜, 함안산업단지㈜,새서울철도㈜,KIAMCO 경기철도투자사모특별자산투자신탁,디비씨㈜, 인천연료전지㈜, 동북선경전철㈜\n기타 특수관계자\n지배기업의종속기업\n㈜두산베어스,두산인프라코어㈜,오리콤㈜,두산큐벡스㈜,Doosan Power System,네오플럭스㈜,두산밥캣코리아㈜,두산메카텍㈜,Doosan Energy Solution Kft.,디비씨㈜ 등\n㈜두산베어스,두산인프라코어㈜,오리콤㈜,두산큐벡스㈜,Doosan Power System,네오플럭스㈜,두산밥캣코리아㈜,두산메카텍㈜,Doosan Energy Solution Kft. 등\n기타\n(재)연강재단, 중앙대학교,중앙대학교병원, 두산신용협동조합,대전천변도시고속화도로㈜,두산퓨얼셀㈜ 등\n(재)연강재단, 중앙대학교,중앙대학교병원, 두산신용협동조합\n(주1) 당기 및 전기 중 거래가 있었던 당사의 연결구조화기업을 포함하고 있습니다.\n(2) 당기와 전기 중 특수관계자 거래 내역(자금거래 및 지분거래 별도)은 다음과 같습니다.① 당기\n\xa0(단위: 천원)\n구 분\n회사의 명칭\n매출 등\n매입 등\n매출\n기타수익\n매입\n기타비용\n최상위 지배기업\n㈜두산\n2,412,121\n-\n6,500\n6,531,760\n차상위 지배기업\n두산중공업㈜\n1,282,570\n-\n-\n3,934,409\n당사의 종속기업\n그레이트지엠제육차주식회사\n-\n-\n-\n8,160,697\n뉴스타트디엠제칠차주식회사\n-\n-\n-\n4,083,640\n파인트리시티제일차주식회사\n-\n-\n-\n4,156,727\n디엠베스트제삼차주식회사\n-\n-\n-\n6,669,261\n디엠베스트제사차주식회사\n-\n-\n-\n8,260,518\n뉴스타트디엠제팔차주식회사\n-\n-\n-\n1,662,992\n지엠에스제일차주식회사\n-\n-\n-\n52,293\n그레이트지엠제사차주식회사\n-\n-\n-\n6,718,991\n디에스화도제일차주식회사\n-\n-\n-\n394,044\n두산이엔씨제삼차주식회사\n-\n-\n-\n3,249,093\n두산이엔씨제사차주식회사\n-\n-\n-\n2,642,882\n밸류웍스㈜\n-\n47,320\n-\n316,898\n당사의관계기업\nDoosan Heavy Industries Vietnam\n-\n-\n-\n-\n경기철도㈜\n-\n-\n-\n-\n새서울철도㈜\n43,530,443\n-\n-\n-\n인천연료전지㈜\n174,801\n-\n-\n-\n지배기업의 종속기업\n㈜오리콤\n837,812\n18,000\n90,609\n972,840\nDoosan Power System\n-\n-\n299,468\n-\n두산메카텍㈜\n2,358,396\n-\n12,800\n2,400\n두산인프라코어㈜\n15,716,197\n-\n9,069\n1,137,826\n디엘아이㈜\n-\n-\n-\n7,920\n㈜한컴\n44,287\n-\n-\n-\n㈜두산베어스\n10,567\n-\n-\n6,820\nDoosan Energy Solution Kft.\n16,151,260\n-\n-\n-\n두산큐벡스㈜\n32,231\n-\n1,611,346\n1,580,100\n디비씨㈜\n21,563,155\n149,286\n-\n-\n기타특수관계자\n두산퓨얼셀㈜\n-\n-\n-\n144,875\n(재)연강재단\n-\n-\n-\n55,888\n중앙대학교병원\n-\n-\n-\n444,120\n대전천변도시고속화도로㈜\n-\n165,114\n-\n-\n합\xa0 \xa0 \xa0 \xa0\xa0 계\n104,113,840\n379,720\n2,029,792\n61,186,994\n②\xa0전기\n\xa0(단위: 천원)\n구 분\n회사의 명칭\n매출 등\n매입 등\n매출\n기타수익\n매입\n기타비용\n최상위 지배기업\n㈜두산\n2,043,248\n-\n12,461,442\n6,794,473\n차상위 지배기업\n두산중공업㈜\n1,596,689\n-\n245\n9,010\n당사의 종속기업\n그레이트지엠제육차주식회사\n-\n-\n-\n6,398,000\n디엠베스트제이차주식회사\n-\n-\n-\n5,376,240\n파인트리시티제일차주식회사\n-\n-\n-\n5,028,661\n디엠베스트제삼차주식회사\n-\n-\n-\n8,486,230\n디엠베스트제사차주식회사\n-\n-\n-\n8,964,003\n지엠에스제일차주식회사\n-\n-\n-\n929,707\n지엠에스제이차주식회사\n-\n-\n-\n123,918\n그레이트지엠제사차주식회사\n-\n-\n-\n3,767,212\n두산이엔씨제삼차주식회사\n-\n-\n-\n6,003,968\n밸류웍스㈜\n-\n59,976\n-\n-\n당사의 관계기업\n경기철도㈜\n17,006,822\n-\n-\n-\n신분당선㈜\n-\n-\n4,800\n-\n새서울철도㈜\n29,476,002\n-\n-\n-\n지배기업의 종속기업\n두산큐벡스㈜\n32,006\n-\n1,570,648\n1,574,266\n㈜오리콤\n832,139\n16,500\n54,669\n103,470\nDoosan Power System\n-\n-\n-\n443,022\n두산메카텍㈜\n650,479\n204,223\n-\n108,567\n두산인프라코어㈜\n9,427,198\n-\n-\n4,057,546\n디엘아이㈜\n-\n-\n-\n1,810,398\n㈜한컴\n48,123\n-\n-\n-\n두타몰㈜(주2)\n410,000\n-\n12,328\n127,272\n두산밥캣코리아㈜\n-\n-\n-\n73,100\n㈜두산베어스\n-\n-\n-\n12,630\nDoosan Energy Solution Kft.\n6,288,464\n-\n-\n-\n두산엔진㈜(주1)\n58,696\n-\n-\n-\n기타특수관계자\n(재)연강재단\n-\n-\n-\n54,433\n중앙대학교병원\n-\n-\n-\n397,270\n합\xa0 \xa0 \xa0 \xa0\xa0 계\n67,869,866\n280,699\n14,104,132\n60,643,396\n(주1) 당기 중 해당회사의 분할합병 및 주주변경에 따라 특수관계자에서 제외되었으며, 분할합병 및 주주변경 이전 거래 내역입니다.(주2) 당기 중 최상위지배기업으로 흡수합병됨에 따라 특수관계자에서 제외되었으며, 흡수합병 이전 거래 내역입니다.\n(3) 보고기간종료일 현재 채권ㆍ채무잔액(배당 및 출자 제외)은 다음과 같습니다.① 당기말\n\xa0(단위: 천원)\n구\xa0 \xa0\xa0 분\n회사의 명칭\n채권\n채무\n매출채권\n기타채권\n대여금\n매입채무\n기타채무\n차입금\n최상위지배기업\n㈜두산(주1)\n7,733\n104,667\n-\n2,075,399\n5,611,508\n-\n차상위지배기업\n두산중공업㈜\n3,307,057\n4,616,522\n-\n476,486\n197,391\n-\n당사의종속기업\nDoosan Heavy Industries Vietnam, Haiphong Co., Ltd.\n-\n236,725\n-\n-\n-\n-\n그레이트지엠제육차주식회사\n-\n-\n-\n-\n-\n-\n뉴스타트디엠제칠차주식회사\n-\n-\n-\n-\n-\n140,000,000\n파인트리시티제일차주식회사\n-\n-\n385,819\n-\n-\n35,300,000\n디엠베스트제삼차주식회사\n-\n-\n-\n-\n-\n90,000,000\n디엠베스트제사차주식회사\n-\n-\n-\n-\n-\n-\n뉴스타트디엠제팔차주식회사\n-\n-\n-\n-\n-\n122,000,000\n지엠에스제일차주식회사\n-\n-\n-\n-\n-\n-\n그레이트지엠제사차주식회사\n-\n-\n-\n-\n-\n64,999,981\n디에스화도제일차주식회사\n-\n-\n103,364\n-\n-\n-\n두산이엔씨제삼차주식회사\n-\n-\n-\n-\n-\n-\n두산이엔씨제사차주식회사\n-\n-\n518,024\n-\n-\n95,000,000\n밸류웍스㈜\n2,890\n-\n-\n2,758\n-\n-\n당사의관계기업\nDoosan Heavy Industries Vietnam\n-\n-\n-\n28,351,514\n-\n-\n경기철도㈜\n792,419\n-\n36,521,090\n-\n-\n-\n네오트랜스㈜\n-\n-\n-\n-\n-\n-\n신분당선㈜\n11,022,613\n-\n32,573,600\n-\n-\n-\n함안산업단지㈜\n825,816\n-\n-\n-\n-\n-\n새서울철도㈜\n-\n8,510\n-\n-\n-\n-\n인천연료전지㈜\n17,480\n-\n-\n-\n-\n-\n지배기업의종속기업\n㈜오리콤\n15,767\n18,198\n-\n735,586\n1,543,365\n-\n두산메카텍㈜\n182,924\n11,081\n-\n-\n6,839,774\n-\n두산인프라코어㈜\n67,352\n-\n-\n9,976\n14,774,497\n-\n디엘아이㈜\n-\n-\n-\n-\n-\n-\n㈜한컴\n-\n4,796\n-\n-\n-\n-\n두산밥캣코리아㈜\xa0\n-\n-\n-\n-\n259\n-\n㈜두산베어스\n2,954\n494\n-\n-\n30,000\n-\nDoosan Energy Solution Kft.\n2,820,214\n-\n-\n-\n-\n-\n두산큐벡스㈜\n-\n712,306\n-\n674,205\n534,259\n-\n디비씨㈜\n-\n-\n-\n-\n-\n-\n기타특수관계자\n두산퓨얼셀㈜\n-\n-\n-\n13,398,000\n-\n-\n(재)연강재단\n-\n27,111\n-\n-\n5,083\n-\n중앙대학교병원\n-\n-\n-\n-\n225,410\n-\n합계\n19,065,219\n5,740,410\n70,101,897\n45,723,924\n29,761,546\n547,299,981\n② 전기말\n\xa0(단위: 천원)\n구\xa0 \xa0\xa0 분\n회사의 명칭\n채권\n채무\n매출채권\n기타채권\n대여금\n매입채무\n기타채무\n차입금\n최상위지배기업\n㈜두산(주1)\n758,557\n216,681\n-\n15,716,311\n6,747,234\n-\n차상위지배기업\n두산중공업㈜\n2,939,024\n3,492,311\n-\n2,141,996\n74,786\n-\n당사의 종속기업\n그레이트지엠제육차주식회사\n-\n-\n-\n-\n-\n130,700,000\n파인트리시티제일차주식회사\n-\n-\n-\n-\n-\n56,300,000\n디엠베스트제삼주식회사\n-\n-\n-\n-\n-\n70,000,000\n디엠베스트제사주식회사\n-\n-\n-\n-\n-\n120,000,000\n지엠에스제일차주식회사\n-\n-\n-\n-\n-\n15,000,000\n그레이트지엠제사차주식회사\n-\n-\n-\n-\n-\n91,999,990\n두산이엔씨제삼차주식회사\n-\n-\n-\n-\n-\n73,000,000\n당사의 관계기업\nDoosan Heavy Industries Vietnam\n-\n-\n-\n27,382,830\n-\n-\n경기철도㈜\n792,419\n-\n30,361,740\n-\n-\n-\n네오트랜스㈜\n-\n-\n-\n247,500\n-\n-\n신분당선㈜\n11,022,613\n-\n32,573,600\n-\n-\n-\n함안산업단지㈜\n825,816\n-\n-\n-\n-\n-\n새서울철도㈜\n-\n8,510\n-\n-\n-\n-\n디비씨㈜\n-\n-\n-\n-\n31,369,286\n-\n지배기업의종속기업\n두산큐벡스㈜\n-\n922,261\n-\n356,392\n1,150,639\n-\n㈜오리콤\n14,072\n15,673\n-\n438,430\n1,308,783\n-\n두산메카텍㈜\n128,170\n-\n-\n-\n10,612,628\n-\n두산인프라코어㈜\n324,825\n1,617,244\n-\n-\n31,425,774\n-\n디엘아이㈜\n-\n-\n-\n-\n1,869,429\n-\n㈜한컴\n-\n4,067\n-\n-\n-\n-\n두산밥캣코리아㈜\n-\n-\n-\n-\n23,444\n-\nDoosan Energy Solution Kft.\n-\n-\n-\n-\n658,832\n-\n기타특수관계자\n(재)연강재단\n-\n29,849\n-\n-\n5,164\n-\n중앙대학교병원\n-\n-\n-\n-\n201,530\n-\n합계\n16,805,496\n6,306,596\n62,935,340\n46,283,459\n85,447,529\n556,999,990\n(주1) 당사는 상업어음할인채권과 관련하여 상환청구권이 존재하지 않아, ""금융자산의 제거"" 요건을 충족하여 해당 채권을 재무상태표에서 제거하였으나, 채권ㆍ채무잔액에는 만기 미도래된 받을어음이 포함되어 있습니다. 보고기간종료일 현재 해당내역은 다음과 같습니다.\n(단위: 천원)\n구분\n당기말\n전기말\n㈜두산\n-\n715,000\n당기말 현재 당사는 특수관계자에 대한 채권에 대하여 손실과 관련된 충당금을 41,897백만원(전기말 40,532백만원)을 인식하고 있습니다.\n(4) 당기 및 전기 중 현재 특수관계자에 대한 자금거래(지분거래 포함)내역은 다음과 같습니다.① 당기\n\xa0(단위: 천원)\n\xa0구분\n회사명\n대여 거래\n차입 거래\n출자\n배당\n지분증권\n대여\n회수\n차입\n상환\n증자\n수익\n매각(주1)\n최상위지배기업\n㈜두산\n-\n-\n-\n-\n-\n-\n5,499,284\n차상위지배기업\n두산중공업㈜\n-\n-\n300,000,000\n300,000,000\n300,000,000\n-\n-\n\xa0당사의 종속기업\n그레이트지엠제육차주식회사\n-\n-\n300,000,000\n430,700,000\n-\n-\n-\n뉴스타트디엠제칠차주식회사\n-\n-\n290,000,000\n150,000,000\n-\n-\n-\n파인트리시티제일차주식회사\n385,819\n-\n184,800,000\n205,800,000\n-\n-\n-\n디엠베스트제삼차주식회사\n-\n-\n330,000,000\n310,000,000\n-\n-\n-\n디엠베스트제사차주식회사\n-\n-\n364,000,000\n484,000,000\n-\n-\n-\n뉴스타트디엠제팔차주식회사\n-\n-\n122,000,000\n-\n-\n-\n-\n지엠에스제일차주식회사\n-\n-\n-\n15,000,000\n-\n-\n-\n그레이트지엠제사차주식회사\n-\n-\n315,000,000\n342,000,009\n-\n-\n-\n디에스화도제일차주식회사\n103,364\n-\n52,000,000\n52,000,000\n-\n-\n-\n두산이엔씨제삼차주식회사\n-\n-\n-\n73,000,000\n-\n-\n-\n두산이엔씨제사차주식회사\n518,044\n20\n100,000,000\n5,000,000\n-\n-\n-\nDoosan Heavy Industries Vietnam Haiphong Co., Ltd.,\n-\n-\n-\n-\n-\n1,202,994\n-\n당사의 관계기업\n경기철도㈜\n6,159,350\n-\n-\n-\n-\n-\n-\n지배기업의종속기업\n두산인프라코어㈜\n-\n-\n-\n-\n-\n-\n2,782,314\n두산밥캣코리아㈜\n-\n-\n-\n-\n-\n-\n2,596,139\n합 계\n7,166,577\n20\n2,357,800,000\n2,367,500,009\n300,000,000\n1,202,994\n10,877,737\n(주1) 당사는 당기 중 보유한 디비씨㈜ 주식에 대하여 특수관계자에게 매각하였습니다.② 전기\n(단위: 천원)\n\xa0구분\n회사명\n대여 거래\n차입거래\n출자\n배당\n대여\n차입\n상환\n투자\n수익\n당사의 종속기업\n디엠베스트제이차주식회사\n-\n142,400,000\n275,400,000\n-\n-\n그레이트지엠제육차주식회사\n-\n450,000,000\n319,300,000\n-\n-\n파인트리시티제일차주식회사\n-\n250,600,000\n244,000,000\n-\n-\n디엠베스트제삼차주식회사\n-\n397,900,000\n437,900,000\n-\n-\n디엠베스트제사차주식회사\n-\n440,000,000\n420,000,000\n-\n-\n지엠에스제일차주식회사\n-\n130,000,000\n115,000,000\n-\n-\n지엠에스제이차주식회사\n-\n-\n10,000,000\n-\n-\n그레이트지엠제사차주식회사\n-\n236,600,000\n144,600,010\n-\n-\n두산이엔씨제삼차주식회사\n-\n-\n20,000,000\n-\n-\nDoosan Heavy Industries Vietnam, Haiphong Co., Ltd.\n-\n-\n-\n-\n4,232,400\n당사의 관계기업\n경기철도㈜\n21,011,740\n-\n-\n-\n-\n디비씨㈜\n-\n-\n-\n(16,014,000)\n-\nKIAMCO 경기철도투자사모특별자산투자신탁,\n-\n-\n-\n3,273,000\n-\n인천연료전지㈜\n-\n-\n-\n4,700,000\n-\n동북선경전철㈜\n-\n-\n-\n1,694,000\n-\n합계\n21,011,740\n2,047,500,000\n1,986,200,010\n(6,347,000)\n4,232,400\n(5) 당기말 현재 특수관계자를 위해 제공한 지급보증 및 담보와 특수관계자로부터 제공받은 지급보증 및 담보는 각각 주석\xa030 및 주석\xa031에 기재되어 있습니다.\n(6) 당사는 기업활동의 계획ㆍ운영ㆍ통제에 대한 중요한 권한과 책임을 가진 등기임원, 비등기임원 및 각 사업부문장 등을 경영진으로 판단하였으며, 주요 경영진에 대한 보상 금액은 다음과 같습니다.\n(단위: 천원)\n구분\n당기\n전기\n단기종업원급여\n3,295,435\n5,116,424\n퇴직급여\n1,414,377\n442,898\n합 계\n4,709,812\n5,559,322\n33.\xa0중단영업(1) 중단영업의 개요당사는 전기 이전 당사의 사업부 중 CPE(Chemical Process Equipment)사업부와\xa0\xa0 HRSG(Heat Recovery Steam Generator)사업부를 매각하였습니다.\n(2) 중단영업의 영업성과① 당기당기 중 중단된 사업부 영업성과는 다음과 같습니다.\n(단위: 천원)\n구 분\nCPE\nHRSG\n합계\n매출액\n-\n258,219\n258,219\n매출원가\n-\n120,178\n120,178\n매출총이익\n-\n138,041\n138,041\n판매비와관리비\n(1,597,965)\n16,608,450\n15,010,485\n영업손익\n1,597,965\n(16,470,409)\n(14,872,444)\n금융손익\n-\n(3,690,580)\n(3,690,580)\n기타영업외손익\n(613,266)\n1,142\n(612,124)\n법인세비용차감전중단영업손익\n984,699\n(20,159,847)\n(19,175,148)\n중단영업손익\n984,699\n(20,159,847)\n(19,175,148)\n② 전기전기 중 중단된 사업부 영업성과는 다음과 같습니다.\n(단위: 천원)\n구 분\nCPE\nHRSG\n합계\n매출액(주1)\n-\n330,129\n330,129\n매출원가(주1)\n-\n242,011\n242,011\n매출총이익\n-\n88,118\n88,118\n판매비와관리비\n4,914,722\n13,205,696\n18,120,418\n영업손익\n(4,914,722)\n(13,117,578)\n(18,032,300)\n금융손익\n-\n(4,855,407)\n(4,855,407)\n기타영업외손익\n499,879\n-\n499,879\n법인세비용차감전중단영업손익\n(4,414,843)\n(17,972,985)\n(22,387,828)\n중단영업손익\n(4,414,843)\n(17,972,985)\n(22,387,828)\n(주1) 매출액 및 매출원가는 사업부간 내부거래를 포함하고 있습니다.\n(3) 중단영업으로부터 발생한 순현금흐름① 당기당기 중 중단된 사업부에서 발생한 순현금흐름은 다음과 같습니다.\n(단위: 천원)\n구 분\nCPE\nHRSG\n합계\n영업활동 순현금흐름\n(23,948,349)\n(14,834,292)\n(38,782,641)\n투자활동 순현금흐름\n48,500\n(1,738)\n46,762\n재무활동 순현금흐름\n23,899,849\n14,836,030\n38,735,879\n순현금흐름\n-\n-\n-\n② 전기전기 중 중단된 사업부에서 발생한 순현금흐름은 다음과 같습니다.\n(단위: 천원)\n구 분\nCPE\nHRSG\n합계\n영업활동 순현금흐름\n2,066,915\n(13,980,486)\n(11,913,571)\n투자활동 순현금흐름\n-\n171\n171\n재무활동 순현금흐름\n(2,066,915)\n13,980,315\n11,913,400\n순현금흐름\n-\n-\n-\n34. 현금흐름표(1) 당기와 전기 중 당사의 영업활동에서 창출된 현금은 다음과 같습니다.\n(단위: 천원)\n구 분\n당기\n전기\n당기순이익(손실)\n(95,534,399)\n(580,706,936)\n현금유출 없는 비용등의 가산\n219,716,675\n581,678,404\n\xa0 이자비용\n78,869,435\n90,511,007\n\xa0 외화환산손실\n1,230,839\n1,281,679\n\xa0 대손상각비\n2,353,341\n57,064,984\n\xa0 기타의대손상각비\n54,998,231\n330,651,160\n\xa0 감가상각비\n17,396,895\n3,817,147\n\xa0 무형자산상각비\n544,298\n620,101\n\xa0 무형자산손상차손\n-\n515\n\xa0 유형자산처분손실\n660,564\n465,579\n\xa0 무형자산처분손실\n19,273\n143,437\n\xa0 퇴직급여\n6,186,098\n7,230,786\n\xa0 법인세비용\n24,626,518\n(861,416)\n\xa0 기타충당부채전입액\n21,643,833\n9,787,539\n\xa0 사채상환손실\n7,280,532\n5,625,342\n\xa0 재평가손실\n19,199\n-\n\xa0 장기금융자산평가손실\n3,886,766\n25,320,618\n\xa0 장기투자증권처분손실\n853\n-\n\xa0 관계기업투자주식손상차손\n-\n50,019,926\n현금유입 없는 수익등의 차감\n(23,664,949)\n(13,266,246)\n\xa0 이자수익\n10,138,401\n6,447,210\n\xa0 외화환산이익\n226,261\n120,917\n\xa0 유형자산처분이익\n14,053\n61,638\n\xa0 무형자산처분이익\n56,581\n92,973\n\xa0 배당금수익\n1,740,402\n4,995,214\n\xa0 금융보증수익\n149,286\n-\n\xa0 관계기업투자주식처분이익\n11,348\n-\n\xa0 단기금융자산평가이익\n698,754\n-\n\xa0 장기투자증권처분이익\n3,094,190\n971,276\n\xa0 장기투자증권평가이익\n5,474,159\n156,809\n\xa0 기타충당부채환입액\n2,061,514\n-\n\xa0 잡이익\n-\n420,209\n영업활동 관련 자산ㆍ부채의 변동\n(104,308,814)\n170,299,315\n\xa0 매출채권의감소(증가)\n60,509,976\n38,030,384\n\xa0 장기매출채권의 감소(증가)\n4,059\n4,059\n\xa0 기타수취채권의감소(증가)\n(68,043,711)\n3,817,883\n\xa0 재고자산의감소(증가)\n(3,321,160)\n11,712,588\n\xa0 기타자산의감소(증가)\n107,458\n(2,449,211)\n\xa0 매입채무의증가(감소)\n(19,471,542)\n52,350,590\n\xa0 기타지급채무의증가(감소)\n(12,826,313)\n17,591,287\n\xa0 충당부채의증가(감소)\n(24,415,577)\n(15,872,680)\n\xa0 퇴직금지급액\n(15,832,092)\n(3,301,395)\n\xa0 관계사퇴직금순전입(출)액\n(395,037)\n(151,386)\n\xa0 사외적립자산의감소(증가)\n8,363,690\n(10,441,980)\n\xa0 기타부채의증가(감소)\n(28,988,565)\n79,009,176\n영업활동에서 창출된 현금\n(3,791,487)\n158,004,537\n(2) 당사는 거래가 빈번하여 총금액이 크고 단기간에 만기가 도래하는 단기금융상품으로 인한 현금의 유입과 유출항목을 순증감액으로 기재하였습니다.(3) 당기 중 재무활동으로부터 발생하는 부채의 조정내역은 다음과 같습니다.\r\n(단위: 천원)\n구분\n기초\n현금흐름\n비현금변동\n당기말\n이자비용상각\n유동성대체\n기타\n단기차입금\n66,558,859\n(17,519,604)\n-\n-\n-\n49,039,255\n유동화채무\n483,371,392\n(31,700,009)\n102,585\n-\n-\n451,773,968\n유동성장기부채\n229,490,158\n(178,468,245)\n6,228,884\n-\n7,443,183\n64,693,980\n유동성장기차입금\n73,000,000\n(73,000,000)\n-\n19,586,302\n-\n19,586,302\n장기차입금\n-\n92,275,905\n348,079\n(19,586,302)\n-\n73,037,682\n리스부채\n-\n(12,279,624)\n-\n-\n79,848,222\n67,568,598\n합계\n852,420,409\n(220,691,577)\n6,679,548\n-\n87,291,405\n725,699,785\n35. 계속기업가정당사의 재무제표는 당사가 계속기업으로서 존속할 것이라는 가정을 전제로 작성되었습니다. 따라서 자산과 부채를 정상적인 영업활동을 통하여 장부가액을 회수하거나 상환할 수 있다는 가정하에서 회계처리 되었습니다. 그러나 당사는 2019년12월 31일로 종료되는 보고기간에 당기순손실이 95,534백만원 및 영업활동으로 인한 부의 영업현금흐름 65,812백만원이 발생하였습니다. 또한 재무제표일 현재로 당사의 유동차입금이 585,094백만원이며, 유동부채가 유동자산을 783,140백만원 초과하고 있습니다. 이러한 상황은 계속기업으로서 그 존속능력에 유의적 의문을 제기하고 있습니다.상기 계속기업으로서의 존속문제에 대하여 당사는 재무구조 개선을 위하여 당사의 지배기업인 두산중공업㈜로부터의 유상증자 등을 통한 경영개선을 진행하였습니다.당사의 재무제표 작성에 전제가 된 계속기업가정의 타당성에 대해 유의적 의문이 제기되는 상황 하에서 부채상환과 기타 자금수요를 위해 필요한 자금조달 계획과 안정적인 경상이익 달성을 위한 재무 및 경영개선 계획의 성패에 따라 그 타당성이 좌우되는 중요한 불확실성이\xa0존재하고 있습니다. 만일 이러한 계획에 차질이 있어서 당사가 계속기업으로서 존속하기 어려운 경우에는 당사의 자산과 부채를 정상적인 영업활동 과정을 통하여 장부가액으로 회수하거나 상환하지 못할 수도 있습니다. 이와 같은 불확실성의 결과로 계속기업가정이 타당하지 않을 경우에 발생될 수도 있는 자산과 부채의 금액 및 분류표시와 관련 손익항목에 대한 수정사항은 재무제표에 반영되어 있지 않습니다.\n36. 보고기간 후 사건당사는 2020년 2월 7일자 임시주주총회를 통해 두산중공업㈜와의 주식의 포괄적 교환을 결정하여 3월 10일자 주식교환을 완료하였으며, 3월 24일자 상장폐지를 완료할 예정입니다.\n\xa0 (단위: 원)\n구 분\n완전모회사 (두산중공업㈜)\n완전자회사 (두산건설㈜)\n기준주가\n5,365\n1,331\n- 할인 또는 할증률\n-\n-\n자산가치·수익가치 평균\n-\n-\n- 자산가치\n-\n-\n- 수익가치\n-\n-\n교환가액(1주당)\n5,365\n1,331\n교환비율\n1\n0.2480895\n상대가치\n-\n-\n비율 또는 가액\n두산중공업 : 두산건설 = 1 : 0.2480895\n당사는 자기주식 11,321,272주(주식의 포괄적 교환에 대한 반대주주의 주식매수청구권 행사로 인하여 당사가 취득한 자기주식 8,054,054주 포함)를 두산중공업㈜에 처분하였습니다.\n(단위: 원, 주)\n처분일자\n종\xa0 류\n처분수량\n1주당처분가액\n처분총액\n2020년 03월 05일\n보통주식\n3,267,218\n1,240\n4,051,350,320\n2020년 03월 06일\n보통주식\n8,054,054\n1,240\n9,987,026,960\n계\n-\n11,321,272\n-\n14,038,377,280\n']"
