text
"['\nIII. 재무에 관한 사항\n1. 요약재무정보\n( 연결 )\n구 분\n제 43 기 반기\n제 42 기\n제 41 기\n[유동자산]\n669,226\n638,499\n453,802\n당좌자산\n383,863\n419,235\n299,605\n재고자산\n285,363\n219,264\n154,197\n[비유동자산]\n861,328\n853,516\n802,015\n투자자산\n13\n14\n8\n관계기업투자주식\n33,005\n31,771\n-\n유형자산\n622,019\n613,534\n590,190\n무형자산\n174,836\n172,643\n178,149\n투자부동산\n5,366\n5,369\n5,375\n기타비유동자산\n3,988\n7,658\n6,104\n비유동사용권자산\n22,101\n22,527\n22,189\n자산총계\n1,530,554\n1,492,015\n1,255,817\n[유동부채]\n532,893\n514,874\n450,668\n[비유동부채]\n305,785\n311,768\n188,688\n부채총계\n838,678\n826,642\n639,356\n[자본금]\n147,269\n147,269\n129,419\n[자본잉여금]\n81,052\n81,052\n81,052\n[기타자본]\n164,560\n155,413\n19,202\n[적립금]\n20,305\n18,549\n17,006\n[이익잉여금]\n277,187\n260,700\n237,797\n[비지배지분]\n1,503\n2,390\n131,985\n자본총계\n691,876\n665,373\n616,461\n종속·관계·공동기업투자주식의 평가방법\n\xa0원가법\n\xa0원가법\n\xa0원가법\n기간\n\xa0(2022.1.1~2022.06.30)\n\xa0(2021.1.1~2021.12.31)\n\xa0(2020.1.1~2020.12.31)\n매출액\n708,007\n1,250,882\n1,078,540\n영업이익\n48,483\n89,997\n97,672\n계속영업이익\n35,779\n48,135\n61,635\n세후중단영업으로부터의 이익\n-\n-\n-\n당기순이익\n35,779\n48,135\n61,635\n지배회사지분순이익\n35,810\n39,871\n51,477\n소수주주지분순이익\n(30)\n8,263\n10,158\n주당순이익(원)\n\xa0기본주당이익\n1,224\n1,499\n2,003\n\xa0우선주당이익\n1,224\n1,549\n2,053\n주당계속영업이익(원)\n\xa0기본주당이익\n1,224\n1,499\n2,003\n\xa0우선주당이익\n1,224\n1,549\n2,053\n주당중단영업이익(원)\n\xa0기본주당이익\n-\n-\n-\n\xa0우선주당이익\n-\n-\n-\n연결에 포함된 회사수\n6\n7\n5\n※ 요약연결재무정보는 한국채택국제회계기준 작성기준에 따라 작성되었습니다.※ 당사는 잠재적보통주를 발행하고 있지 않으므로 기본주당이익과 희석주당이익이 일치합니다.( 별도 )\r\n구 \xa0 분\n제 43 기 반기\n제 42 기\n제 41 기\n[유동자산]\n583,957\n469,123\n171,305\n\xa0현금및현금성자산\n46,210\n60,158\n15,896\n\xa0당기손익-공정가치측정금융자산\n57,784\n-\n-\n\xa0매출채권및기타채권\n231,020\n218,335\n96,021\n\xa0재고자산\n245,946\n186,636\n58,565\n\xa0기타유동자산\n2,997\n3,994\n823\n[비유동자산]\n874,514\n898,650\n664,338\n\xa0장기금융예치금\n5\n6\n3\n\xa0기타포괄손익-공정가치측정금융자산\n8\n8\n2\n\xa0비유동기타채권\n3,590\n3,553\n2,838\n\xa0관계기업투자\n-\n-\n-\n\xa0종속기업투자\n133,523\n163,523\n303,635\n\xa0유형자산\n595,740\n585,869\n334,241\n\xa0무형자산\n130,539\n129,637\n12,426\n\xa0투자부동산\n5,366\n5,369\n5,375\n\xa0확정급여자산\n78\n3,829\n-\n\xa0비유동사용권자산\n5,666\n6,856\n5,818\n\xa0 \xa0 \xa0 \xa0자산총계\n1,458,471\n1,367,773\n835,642\n[유동부채]\n498,441\n427,395\n291,486\n[비유동부채]\n283,165\n285,239\n135,815\n\xa0 \xa0 \xa0 부채총계\n781,606\n712,634\n427,301\n[자본금]\n147,269\n147,269\n129,419\n[주식발행초과금]\n81,052\n81,052\n81,052\n[기타자본]\n231,256\n231,283\n22,114\n[적립금]\n20,305\n18,548\n17,006\n[이익잉여금]\n196,983\n176,987\n158,751\n\xa0 \xa0 \xa0 자본총계\n676,865\n655,139\n408,341\n종속·관계·공동기업투자주식의 평가방법\n\xa0원가법\n원가법\n\xa0원가법\n기간\n\xa0(2022.1.1~2022.06.30)\n(2021.1.1~2021.12.31)\n\xa0(2020.1.1~2020.12.31)\n매출액\n648,127\n785,069\n581,843\n영업이익\n46,548\n60,771\n51,415\n당기순이익\n39,292\n35,205\n40,695\n기본주당순이익(원)\n1,344\n1,324\n1,584\n우선주당순이익(원)\n1,366\n1,374\n1,634\n2. 연결재무제표\n연결 재무상태표\n제 43 기 반기말 2022.06.30 현재\n제 42 기말 \xa0 \xa0 \xa0 \xa02021.12.31 현재\n(단위 : 원)\n\u3000\n제 43 기 반기말\n제 42 기말\n자산\n\u3000\n\u3000\n\u3000유동자산\n669,225,681,719\n638,498,500,586\n\u3000\u3000현금및현금성자산\n54,493,217,221\n74,033,300,755\n\u3000\u3000단기금융상품\n21,090,192,000\n101,376,181,657\n\u3000\u3000당기손익-공정가치측정금융자산\n57,784,046,848\n\u3000\n\u3000\u3000매출채권 및 기타채권\n246,035,464,150\n238,556,826,690\n\u3000\u3000재고자산\n285,362,586,134\n219,264,449,179\n\u3000\u3000기타유동자산\n3,617,116,845\n4,380,729,166\n\u3000\u3000당기법인세자산\n843,058,521\n868,724,995\n\u3000\u3000파생상품자산\n\u3000\n18,288,144\n\u3000비유동자산\n861,328,201,292\n853,516,238,666\n\u3000\u3000장기금융상품\n5,000,000\n5,500,000\n\u3000\u3000기타포괄손익-공정가치측정금융자산\n8,382,000\n8,382,000\n\u3000\u3000비유동기타채권\n3,595,968,694\n3,559,185,956\n\u3000\u3000관계기업투자주식\n33,004,759,917\n31,770,666,113\n\u3000\u3000유형자산\n622,019,324,776\n613,534,111,994\n\u3000\u3000무형자산\n58,946,719,798\n58,927,826,785\n\u3000\u3000영업권\n115,889,379,816\n113,715,340,609\n\u3000\u3000투자부동산\n5,365,535,197\n5,368,676,471\n\u3000\u3000사용권자산\n22,100,583,761\n22,527,121,417\n\u3000\u3000확정급여자산\n\u3000\n3,828,690,455\n\u3000\u3000기타비유동자산\n392,547,333\n270,736,866\n\u3000자산총계\n1,530,553,883,011\n1,492,014,739,252\n부채\n\u3000\n\u3000\n\u3000유동부채\n532,892,673,597\n514,873,965,981\n\u3000\u3000매입채무 및 기타채무\n229,316,331,377\n208,142,534,609\n\u3000\u3000단기차입금\n180,449,341,503\n185,502,804,547\n\u3000\u3000유동성사채\n99,990,430,014\n99,935,091,416\n\u3000\u3000유동성장기차입금\n6,464,500,000\n5,927,500,000\n\u3000\u3000당기법인세부채\n12,774,828,345\n11,685,491,616\n\u3000\u3000유동리스부채\n1,473,119,606\n1,758,316,627\n\u3000\u3000기타유동부채\n2,424,122,752\n1,922,227,166\n\u3000비유동부채\n305,784,964,035\n311,768,484,414\n\u3000\u3000장기차입금\n137,184,500,000\n142,575,000,000\n\u3000\u3000사채\n129,657,927,233\n129,596,711,440\n\u3000\u3000확정급여부채\n344,048,873\n412,310,143\n\u3000\u3000기타장기급여채무\n2,690,180,917\n2,947,371,773\n\u3000\u3000비유동리스부채\n4,110,115,949\n5,203,548,339\n\u3000\u3000이연법인세부채\n31,798,191,063\n30,923,542,719\n\u3000\u3000장기매입채무및기타채무\n\u3000\n110,000,000\n\u3000부채총계\n838,677,637,632\n826,642,450,395\n자본\n\u3000\n\u3000\n\u3000지배기업 소유주 지분\n690,373,117,566\n662,981,958,666\n\u3000\u3000자본금\n147,268,845,000\n147,268,845,000\n\u3000\u3000주식발행초과금\n81,051,608,602\n81,051,608,602\n\u3000\u3000기타자본\n164,560,097,183\n155,412,544,434\n\u3000\u3000적립금\n20,305,182,156\n18,548,538,021\n\u3000\u3000이익잉여금\n277,187,384,625\n260,700,422,609\n\u3000비지배지분\n1,503,127,813\n2,390,330,191\n\u3000자본총계\n691,876,245,379\n665,372,288,857\n부채 및 자본 총계\n1,530,553,883,011\n1,492,014,739,252\n연결 포괄손익계산서\n제 43 기 반기 2022.01.01 부터 2022.06.30 까지\n제 42 기 반기 2021.01.01 부터 2021.06.30 까지\n(단위 : 원)\n\u3000\n제 43 기 반기\n제 42 기 반기\n3개월\n누적\n3개월\n누적\n수익(매출액)\n378,316,446,484\n708,007,482,850\n330,899,119,546\n607,904,021,480\n\u3000제품매출\n323,534,029,361\n603,584,019,152\n282,381,381,870\n513,949,905,775\n\u3000상품매출\n39,739,043,948\n77,662,851,898\n38,158,806,335\n75,996,620,745\n\u3000용역매출\n3,035,912,993\n5,328,712,420\n2,440,922,338\n4,626,931,576\n\u3000기타매출\n12,007,460,182\n21,431,899,380\n7,918,009,003\n13,330,563,384\n매출원가\n330,953,104,983\n624,353,469,093\n286,772,994,368\n532,553,604,553\n\u3000제품매출원가\n290,981,548,727\n547,383,730,265\n249,809,450,907\n459,690,340,341\n\u3000상품매출원가\n36,374,001,972\n71,055,014,627\n34,629,084,875\n68,467,683,111\n\u3000용역매출원가\n2,938,877,302\n5,126,975,849\n2,320,603,844\n4,381,726,359\n\u3000기타매출원가\n658,676,982\n787,748,352\n13,854,742\n13,854,742\n매출총이익\n47,363,341,501\n83,654,013,757\n44,126,125,178\n75,350,416,927\n판매비와관리비\n17,860,631,586\n35,170,754,405\n19,486,871,960\n33,994,024,885\n영업이익(손실)\n29,502,709,915\n48,483,259,352\n24,639,253,218\n41,356,392,042\n영업외 손익\n1,314,524,972\n322,978,382\n1,764,400,480\n574,489,585\n지분법이익\n703,351,528\n1,259,238,590\n3,813,314,701\n3,813,314,701\n금융수익\n527,825,689\n1,438,500,940\n714,688,941\n1,357,499,536\n금융원가\n3,299,428,054\n6,221,873,804\n2,881,453,230\n5,411,818,029\n기타수익\n4,617,824,085\n6,024,568,239\n827,957,462\n2,432,512,885\n기타비용\n1,235,048,276\n2,177,455,583\n710,107,394\n1,617,019,508\n법인세비용차감전순이익(손실)\n30,817,234,887\n48,806,237,734\n26,403,653,698\n41,930,881,627\n법인세비용\n9,019,919,194\n13,027,027,831\n5,670,401,184\n7,738,171,301\n당기순이익(손실)\n21,797,315,693\n35,779,209,903\n20,733,252,514\n34,192,710,326\n법인세비용차감후 기타포괄손익\n5,101,792,753\n8,313,181,864\n330,870,158\n7,622,342,089\n\u3000후속기간에 당기손익으로 재분류되지 않는항목\n(879,832,395)\n(51,479,307)\n699,015,020\n1,644,454,271\n\u3000\u3000확정급여부채의 재측정요소\n(879,832,395)\n(26,333,404)\n699,015,020\n1,644,454,271\n\u3000\u3000지분법 적용대상 관계기업과 공동기업의 기타포괄손익에 대한 지분(세후기타포괄손익)\n\u3000\n(25,145,903)\n\u3000\n\u3000\n\u3000당기손익으로 재분류될 수 있는 항목(세후기타포괄손익)\n5,981,625,148\n8,364,661,171\n(368,144,862)\n5,977,887,818\n\u3000\u3000해외사업장환산외환차이(세후기타포괄손익)\n5,981,625,148\n8,364,661,171\n(368,144,862)\n5,977,887,818\n총포괄이익\n26,899,108,446\n44,092,391,767\n21,064,122,672\n41,815,052,415\n당기순이익(손실)의 귀속\n\u3000\n\u3000\n\u3000\n\u3000\n\u3000지배기업의 소유주에게 귀속되는 당기순이익(손실)\n21,831,408,215\n35,810,047,501\n17,037,992,974\n29,911,655,594\n\u3000비지배지분에 귀속되는 당기순이익(손실)\n(34,092,522)\n(30,837,598)\n3,695,259,540\n4,281,054,732\n총 포괄손익의 귀속\n\u3000\n\u3000\n\u3000\n\u3000\n\u3000총 포괄손익, 지배기업의 소유주에게 귀속되는 지분\n26,956,864,546\n44,957,600,250\n17,141,357,393\n36,999,612,788\n\u3000총 포괄손익, 비지배지분\n(57,756,100)\n(865,208,483)\n3,922,765,279\n4,815,439,627\n주당이익\n\u3000\n\u3000\n\u3000\n\u3000\n\u3000보통주 기본및희석주당이익 (단위 : 원)\n746\n1,224\n663\n1,164\n\u3000우선주 기본및희석주당이익 (단위 : 원)\n746\n1,224\n675\n1,189\n연결 자본변동표\n제 43 기 반기 2022.01.01 부터 2022.06.30 까지\n제 42 기 반기 2021.01.01 부터 2021.06.30 까지\n(단위 : 원)\n\u3000\n자본\n지배기업의 소유주에게 귀속되는 자본\n비지배지분\n자본 \xa0합계\n자본금\n주식발행초과금\n기타자본\n적립금\n이익잉여금\n지배기업의 소유주에게 귀속되는 자본 \xa0합계\n2021.01.01 (기초자본)\n129,419,345,000\n81,051,608,602\n19,201,946,741\n17,006,005,391\n237,796,836,780\n484,475,742,514\n131,984,988,132\n616,460,730,646\n총포괄손익:\n\u3000\n\u3000\n\u3000\n\u3000\n\u3000\n\u3000\n\u3000\n\u3000\n당기순이익(손실)\n\u3000\n\u3000\n\u3000\n\u3000\n29,911,655,594\n29,911,655,594\n4,281,054,732\n34,192,710,326\n기타포괄손익\n확정급여부채의 재측정요소\n\u3000\n\u3000\n1,166,405,803\n\u3000\n\u3000\n1,166,405,803\n478,048,468\n1,644,454,271\n해외사업장 외화환산차이\n\u3000\n\u3000\n5,921,551,391\n\u3000\n\u3000\n5,921,551,391\n56,336,427\n5,977,887,818\n지분법자본변동\n\u3000\n\u3000\n\u3000\n\u3000\n\u3000\n\u3000\n\u3000\n\u3000\n총포괄이익\n\u3000\n\u3000\n7,087,957,194\n\u3000\n29,911,655,594\n36,999,612,788\n4,815,439,627\n41,815,052,415\n자본에 직접 반영된 소유주와의 거래 등:\n이익준비금의 적립\n\u3000\n\u3000\n\u3000\n1,542,532,630\n(1,542,532,630)\n\u3000\n\u3000\n\u3000\n연차배당\n\u3000\n\u3000\n\u3000\n\u3000\n(15,425,326,300)\n(15,425,326,300)\n(20,302,194)\n(15,445,628,494)\n소계\n\u3000\n\u3000\n\u3000\n1,542,532,630\n(16,967,858,930)\n(15,425,326,300)\n(20,302,194)\n(15,445,628,494)\n2021.06.30 (기말자본)\n129,419,345,000\n81,051,608,602\n26,289,903,935\n18,548,538,021\n250,740,633,444\n506,050,029,002\n136,780,125,565\n642,830,154,567\n2022.01.01 (기초자본)\n147,268,845,000\n81,051,608,602\n155,412,544,434\n18,548,538,021\n260,700,422,609\n662,981,958,666\n2,390,330,191\n665,372,288,857\n총포괄손익:\n\u3000\n\u3000\n\u3000\n\u3000\n\u3000\n\u3000\n\u3000\n\u3000\n당기순이익(손실)\n\u3000\n\u3000\n\u3000\n\u3000\n35,810,047,501\n35,810,047,501\n(30,837,598)\n35,779,209,903\n기타포괄손익\n확정급여부채의 재측정요소\n\u3000\n\u3000\n(26,333,404)\n\u3000\n\u3000\n(26,333,404)\n\u3000\n(26,333,404)\n해외사업장 외화환산차이\n\u3000\n\u3000\n9,199,032,056\n\u3000\n\u3000\n9,199,032,056\n(834,370,885)\n8,364,661,171\n지분법자본변동\n\u3000\n\u3000\n(25,145,903)\n\u3000\n\u3000\n(25,145,903)\n\u3000\n(25,145,903)\n총포괄이익\n\u3000\n\u3000\n9,147,552,749\n\u3000\n35,810,047,501\n44,957,600,250\n(865,208,483)\n44,092,391,767\n자본에 직접 반영된 소유주와의 거래 등:\n이익준비금의 적립\n\u3000\n\u3000\n\u3000\n1,756,644,135\n(1,756,644,135)\n\u3000\n\u3000\n\u3000\n연차배당\n\u3000\n\u3000\n\u3000\n\u3000\n(17,566,441,350)\n(17,566,441,350)\n(21,993,895)\n(17,588,435,245)\n소계\n\u3000\n\u3000\n\u3000\n1,756,644,135\n(19,323,085,485)\n(17,566,441,350)\n(21,993,895)\n(17,588,435,245)\n2022.06.30 (기말자본)\n147,268,845,000\n81,051,608,602\n164,560,097,183\n20,305,182,156\n277,187,384,625\n690,373,117,566\n1,503,127,813\n691,876,245,379\n연결 현금흐름표\n제 43 기 반기 2022.01.01 부터 2022.06.30 까지\n제 42 기 반기 2021.01.01 부터 2021.06.30 까지\n(단위 : 원)\n\u3000\n제 43 기 반기\n제 42 기 반기\n영업활동으로 인한 현금흐름\n34,943,479,592\n30,746,012,022\n\u3000반기순이익\n35,779,209,903\n34,192,710,326\n\u3000조정:\n58,282,890,494\n47,955,551,646\n\u3000\u3000법인세비용\n13,027,027,831\n7,738,171,301\n\u3000\u3000이자비용\n6,185,158,696\n5,381,495,451\n\u3000\u3000이자수익\n(1,038,382,834)\n(959,138,849)\n\u3000\u3000유형자산감가상각비\n35,354,769,811\n29,387,665,858\n\u3000\u3000투자부동산 감가상각비\n3,141,274\n4,153,877\n\u3000\u3000무형자산상각비\n2,885,699,550\n2,656,467,574\n\u3000\u3000사용권자산감가상각비\n1,157,202,921\n1,123,018,047\n\u3000\u3000매출채권손상차손\n691,809,742\n2,992,811,009\n\u3000\u3000파생상품거래이익\n(109,294,289)\n\u3000\n\u3000\u3000파생상품거래손실\n34,248,833\n\u3000\n\u3000\u3000파생상품평가손실\n\u3000\n3,972,606\n\u3000\u3000퇴직급여원가\n3,153,452,976\n3,854,116,954\n\u3000\u3000기타장기종업원급여\n130,331,544\n308,725,266\n\u3000\u3000외화환산손실\n468,644,179\n141,215,005\n\u3000\u3000외화환산이익\n(1,403,412,606)\n(257,032,215)\n\u3000\u3000유형자산처분손실\n25,193,142\n85,231,492\n\u3000\u3000유형자산처분이익\n(511,070,062)\n(298,030,637)\n\u3000\u3000단기금융상품처분손실\n2,466,275\n\u3000\n\u3000\u3000당기손익-공정가치측정금융자산처분손실\n\u3000\n26,349,971\n\u3000\u3000당기손익-공정가치측정금융자산처분이익\n(286,356,163)\n(56,214)\n\u3000\u3000당기손익-공정가치측정금융자산평가이익\n(4,467,654)\n(398,304,473)\n\u3000\u3000지분법이익\n(1,259,238,590)\n(3,813,314,701)\n\u3000\u3000잡이익\n(224,034,082)\n(21,965,676)\n\u3000운전자본의 변동:\n(48,034,126,198)\n(37,594,517,444)\n\u3000\u3000매출채권\n(5,782,974,381)\n(60,023,617,962)\n\u3000\u3000기타채권\n116,799,963\n(846,763,846)\n\u3000\u3000재고자산\n(63,135,420,106)\n(14,275,153,723)\n\u3000\u3000기타유동자산\n880,903,490\n(1,011,291,565)\n\u3000\u3000기타비유동자산\n(96,256,748)\n27,245,422\n\u3000\u3000매입채무\n16,291,533,060\n30,020,780,777\n\u3000\u3000기타채무\n2,444,851,685\n8,879,684,856\n\u3000\u3000기타유동부채\n693,441,749\n495,689,779\n\u3000\u3000기타비유동부채\n\u3000\n(28,992,161)\n\u3000\u3000순확정급여부채\n940,517,490\n(427,372,408)\n\u3000\u3000기타장기급여채무\n(387,522,400)\n(404,726,613)\n법인세의 납부\n(11,084,494,607)\n(13,807,732,506)\n투자활동으로 인한 현금흐름\n(19,609,865,644)\n(130,975,736,896)\n\u3000이자수취\n969,787,091\n927,856,720\n\u3000단기금융상품의 취득\n(12,905,166,000)\n(44,430,355,786)\n\u3000단기금융상품의 처분\n13,014,437,535\n2,863,174,400\n\u3000장기금융상품의 처분\n2,500,000\n\u3000\n\u3000장기금융상품의 취득\n(2,000,000)\n\u3000\n\u3000기타포괄손익-공정가치측정금융자산의 취득\n\u3000\n(5,000,000)\n\u3000당기손익인식-공정가치측정금융자산의 취득\n(87,779,579,194)\n\u3000\n\u3000당기손익인식-공정가치측정금융자산의 처분\n111,989,160,710\n\u3000\n\u3000파생상품의 정산\n93,333,600\n\u3000\n\u3000종속기업투자의 취득\n\u3000\n(46,794,613,239)\n\u3000단기대여금의 감소\n\u3000\n153,362,058\n\u3000단기대여금의 증가\n\u3000\n(3,950,000)\n\u3000장기대여금의 감소\n600,000\n1,200,000\n\u3000유형자산의 처분\n670,717,102\n899,147,292\n\u3000투자부동산의 처분\n\u3000\n1,363,880,580\n\u3000유형자산의 취득\n(44,800,115,656)\n(45,262,418,910)\n\u3000무형자산의 취득\n(552,451,332)\n(471,232,411)\n\u3000임차보증금의 감소\n313,410,500\n120,226,500\n\u3000임차보증금의 증가\n(624,500,000)\n(337,014,100)\n재무활동으로 인한 현금흐름\n(35,831,975,541)\n85,377,206,209\n\u3000이자의 지급\n(6,034,572,581)\n(4,863,591,445)\n\u3000배당금의 지급\n(17,588,435,245)\n(15,445,628,494)\n\u3000단기차입금의 차입\n112,112,132,605\n40,044,054,118\n\u3000단기차입금의 상환\n(117,202,804,547)\n(700,000,000)\n\u3000장기차입금의 차입\n\u3000\n146,762,350,000\n\u3000유동성장기차입금의 상환\n(6,162,750,000)\n(80,000,000,000)\n\u3000보증금의 증가\n5,000,000\n425,000,000\n\u3000보증금의 감소\n(160,000,000)\n(20,000,000)\n\u3000리스부채의 감소\n(800,545,773)\n(824,977,970)\n외화표시 현금및현금성자산의 환율변동효과\n958,278,059\n605,829,801\n현금및현금성자산의순증가(감소)\n(19,540,083,534)\n(14,246,688,864)\n기초 현금및현금성자산\n74,033,300,755\n55,452,109,846\n반기말 현금및현금성자산\n54,493,217,221\n41,205,420,982\n3. 연결재무제표 주석\n제 43 (당)기 반기 2022년 1월 1일 부터 2022년 06월 30일 까지\n제 42 (전)기 반기 2021년 1월 1일 부터 2021년 06월 30일 까지\n동원시스템즈 주식회사와 그 종속기업\n1. 회사의 개요동원시스템즈 주식회사(이하 ""지배기업"" 또는 ""당사"")는 통신기기 제조업을 주사업목적으로 하여 1980년 5월 10일에 설립되었으며, 1994년 3월 29일 주식을 한국거래소에 상장한 상장법인입니다. 당반기말 현재 당사는 포장재 및 알미늄 압연박 제조 등을 영위하고 있으며, 본사는 충청남도 아산시에 위치하고 있고 충청북도 진천군, 경상남도 함안군 등에 공장을 보유하고 있습니다.당사는 2005년 3월 1일자로 (주)동원이엔씨를 합병하였고 2013년 1월 1일을 기준일로 (주)대한은박지를 흡수합병하였으며, 동일자로 건설부문과 통신부문을 물적분할하여 동원건설산업(주)와 동원티앤아이(주)를 설립하였습니다. 한편, 당사는 2015년10월 23일자로 Tan Tien Plastic Packaging Joint Stock Company 및 Minh Viet \xa0 \xa0Packaging One Member Company Limited를 인수하였고, 2016년 중 동원티앤아이(주)를 매각하였으며, 2017년 9월 1일자로 (주)한진피앤씨를 흡수합병하였습니다. 그리고 2021년 10월 1일 및 11월 1일자로 각각 (주)테크팩솔루션과 (주)엠케이씨를 흡수합병하였습니다.당사의 설립시 자본금은 30백만원이었으며, 그 후 수차례의 증자를 거쳐 당반기말 현재의 자본금은 보통주자본금 145,942백만원, 우선주자본금 1,327백만원으로 구성되어 있습니다.\n당반기말 현재 지배기업의 주요 주주현황은 다음과 같습니다.\n주 \xa0 \xa0 주\n보통주\n우선주\n주식수(주)\n지분율(%)\n주식수(주)\n지분율(%)\n(주)동원엔터프라이즈\n20,594,057\n70.55\n81,648\n30.77\nStarKist Co.\n3,569,900\n12.23\n-\n-\n기타\n5,024,454\n17.22\n183,710\n69.23\n합 \xa0 계\n29,188,411\n100.00\n265,358\n100.00\n2. 재무제표 작성기준\n2.1 재무제표 작성기준동원시스템즈 주식회사와 그 종속기업(이하 \'연결기업\')의 반기연결재무제표는 \'주식회사등의 외부감사에 관한 법률\'에 따라 제정된 한국채택국제회계기준 기업회계기준서 제 1034호에 따라 작성되었습니다.중간재무제표는 연차재무제표에 기재할 것으로 요구되는 모든 정보 및 주석사항을 포함하고 있지 아니하므로, 2021년 12월 31일로 종료되는 회계기간에 대한 연차재무제표의 정보도 함께 참고하여야 합니다.2.2 제ㆍ개정된 기준서의 내용중간재무제표를 작성하기 위하여 채택한 중요한 회계정책은 다음의 2022년 1월 1일부터 적용되는 기준서를 제외하고는 2021년 12월 31일로 종료되는 회계기간에 대한연차재무제표 작성시 채택한 회계정책과 동일합니다. 연결기업은 공표되었으나 시행되지않은 기준서, 해석서, 개정사항을 조기적용한 바 없습니다.여러 개정사항과 해석서가 2022년부터 최초 적용되며, 연결기업의 중간재무제표에 미치는 영향은 없습니다.\n2.2.1 기업회계기준서 제1037호 \'충당부채, 우발부채, 우발자산\' 개정 - 손실부담계약의 의무이행 원가\n\xa0\n손실부담계약은 계약상 의무 이행에 필요한 회피 불가능 원가가 그 계약에서 받을 것으로 예상되는 경제적 효익을 초과하는 계약입니다. 동 개정사항은 계약이 손실부담계약인지 판단할 때 재화나 용역을 제공하기 위한 계약과 직접 관련된 원가는 계약을이행하는 데 드는 증분원가(예: 재료원가 및 노무원가)와 계약 이행에 직접 관련되는 그 밖의 원가 배분액(예: 그 계약을 이행하는데 사용하는 유형자산 항목에 대한 감가상각비 배분액이나 그 계약을 관리ㆍ감독하는데 드는 원가의 배분액) 모두 포함하도록 합니다. 일반 관리 원가는 계약에 직접적으로 관련되지 않으며 계약에 따라 거래상대방에게 명시적으로 부과될 수 없다면 제외됩니다.\n동 개정사항이 연결기업의 중간재무제표에 미치는 영향은 없습니다.\xa0\n\xa0\n2.2.2 기업회계기준서 제1103호 \'사업결합\' 개정 - 재무보고를 위한 개념체계 참조동 개정사항은 이전에 발표된 \'재무제표의 작성과 표시를 위한 개념체계\'를 2018년 3월에 발표된 \'재무보고를 위한 개념체계\'의 참조로 변경시, 유의적인 요구사항의 변경이 없도록 합니다.\n\xa0\n기업회계기준서 제1037호 \'충당부채, 우발부채, 우발자산\' 또는 기업회계기준해석서제2121호 \'부담금\'의 적용 범위에 해당되는 부채와 우발부채에서 day 2 손익이 발생하지 않도록, 기업회계기준서 제1103호 \'사업결합\'의 인식 원칙에 예외를 추가하였습니다. 이 예외사항은 취득일에 현재의무가 존재하는지를 판단하기 위하여 개념체계 대신에 기업회계기준서 제1037호 \'충당부채, 우발부채, 우발자산\' 또는 기업회계기준해석서 제2121호 \'부담금\'의 기준을 적용하도록 요구합니다.\n\xa0\n동 개정사항은 또한 우발자산이 취득일에 인식될 수 없다는 것을 명확히 하기 위해 기업회계기준서 제1103호 \'사업결합\'에 새로운 문단을 추가하였습니다.\xa0\n\xa0\n동 개정사항이 연결기업의 중간재무제표에 미치는 영향은 없습니다.\xa0\n2.2.3 기업회계기준서 제1016호 \'유형자산\' 개정 - 의도한 사용전의 매각금액\n동 개정사항은 경영진이 의도하는 방식으로 자산을 가동하는 데 필요한 장소와 상태에 이르게 하는 동안 발생하는 재화의 순매각가액을 원가에서 차감하지 않도록 합니다. 대신에, 기업은 그러한 품목을 판매하여 얻은 수익과 품목을 생산하는데 드는 원가를 각각 당기손익으로 인식합니다.동 개정사항이 연결기업의 중간재무제표에 미치는 영향은 없습니다.\n\xa0\n2.2.4 기업회계기준서 제1101호 \'한국채택국제회계기준의 최초채택\' - \xa0최초채택기업인 종속기업\n동 개정사항은 종속기업이 기업회계기준서 제1101호 한국채택국제회계기준의 최초채택 문단 D16(1)을 적용하기로 선택한 경우 종속기업이 지배기업의 한국채택국제회계기준 전환일에 기초하여 지배기업이 보고한 금액을 사용하여 누적환산차이를 측정할 수 있도록 허용합니다. 이 개정사항은 동 기준서 문단 D16(1)을 적용하기로 선택한 관계기업 또는 공동기업에도 적용됩니다.\n동 개정사항이 연결기업의 중간재무제표에 미치는 영향은 없습니다.\n2.2.5 기업회계기준서 제1109호 \'금융상품\' - 금융부채 제거 목적의 10% 테스트 관련 수수료동 개정사항은 새로운 금융부채나 변경된 금융부채의 조건이 기존의 금융부채의 조건과 실질적으로 다른지를 평가할 때 기업이 포함하는 수수료를 명확히 합니다. 이러한 수수료에는 채권자와 채무자 간에 지급하거나 수취한 수수료와 채권자와 채무자가 서로를 대신하여 지급하거나 수취한 수수료만 포함됩니다. 기업회계기준서 제1039호 \'금융상품: 인식과 측정\'에 대한 제한된 유사한 개정사항은 없습니다.\n\xa0\n동 개정사항이 연결기업의 중간재무제표에 미치는 영향은 없습니다.\xa0\n2.2.6 기업회계기준서 제1041호 \'농림어업\' - 공정가치 측정 시 세금 고려\n동 개정사항은 기업회계기준서 제1041호 \'농립어업\'의 적용 범위에 해당되는 자산의공정가치를 측정할 때 세금 관련 현금흐름을 포함하지 않는 문단 22의 요구사항을 삭제하였습니다.\xa0\n동 개정사항이 연결기업의 중간재무제표에 미치는 영향은 없습니다.\n3. 종속기업의 현황(1) 당반기말과 전기말 현재 종속기업의 내역은 다음과 같습니다.\n회사명\n소재지\n지분율\n회사개요\n결산월\n당반기말\n전기말\nTALOFA SYSTEMS AMERICAN SAMOA, INC.\n미국\n100.00%\n100.00%\n금속포장용기 제조\n12월\nTan Tien Plastic Packaging JointStock Company\n베트남\n88.16%\n88.16%\n포장재 제조 판매업\nMinh Viet Packaging One Member Company Limited\n베트남\n100.00%\n100.00%\n포장재 제조 판매업\nNCK Logistics Holding Pte. Ltd.(*1)\n싱가포르\n100.00%\n100.00%\n기타지주회사\nSP Logistics Investment Pte. Ltd.(*1)\n싱가포르\n100.00%\n100.00%\n기타지주회사\nMMT(특정금전신탁)(*2)\n한국\n-\n100.00%\n특정금전신탁\n(*1) NCK Logistics Holding Pte. Ltd.와 SP Logistics Investment Pte. Ltd.는 TALOFA SYSTEMS AMERICAN SAMOA, INC.의 종속회사입니다.(*2) 당반기 중 MMT(특정금전신탁)를 계약해지하여 종속기업에서 제외되었습니다.\n(2) 종속기업의 요약재무현황당반기와 전반기 종속기업의 요약재무상태 및 요약포괄손익은 다음과 같습니다. 해당 재무정보는 종속기업의 재무제표를 연결기업의 회계정책과 일치하도록 수정한 것입니다.\n<당반기>\n(단위: 백만원)\n종속기업명\n자산\n부채\n자본\n매출액\n반기순손익\n총포괄손익\nTALOFA SYSTEMS AMERICAN \xa0SAMOA, INC\n64,503\n22,366\n42,137\n26,780\n5,113\n5,097\nTan Tien Plastic Packaging Joint Stock Company\n98,927\n28,783\n70,144\n49,551\n(901)\n(917)\nMinh Viet Packaging One MemberCompany Limited\n14,374\n1,474\n12,900\n6,268\n15\n(10)\nNCK Logistics Holding Pte. Ltd.\n9,800\n19\n9,781\n-\n(8)\n(8)\nSP Logistics Investment Pte. Ltd.\n1,515\n125\n1,390\n-\n(8)\n(8)\n<전반기>\n(단위: 백만원)\n종속기업명\n자산\n부채\n자본\n매출액\n반기순손익\n총포괄손익\n(주)테크팩솔루션\n595,822\n240,936\n354,886\n231,118\n10,328\n11,415\nTALOFA SYSTEMS AMERICAN \xa0SAMOA, INC\n56,296\n23,541\n32,755\n21,072\n3,369\n4,083\nTan Tien Plastic Packaging Joint Stock Company\n93,875\n29,316\n64,559\n45,591\n472\n848\nMinh Viet Packaging One MemberCompany Limited\n13,224\n2,253\n10,971\n7,470\n166\n273\n(주)엠케이씨\n10,457\n4,920\n5,537\n1,353\n59\n59\nNCK Logistics Holding Pte. Ltd.\n8,580\n14\n8,566\n-\n(2)\n(2)\nSP Logistics Investment Pte. Ltd.\n1,343\n104\n1,239\n-\n(4)\n(4)\nMMT(특정금전신탁)\n5,000\n-\n5,000\n-\n-\n-\n4. 현금및현금성자산과 단기금융상품당반기말과 전기말 현재 현금및현금성자산과 단기금융상품의 구성내역은 다음과 같습니다.\n(단위: 천원)\n구 \xa0 \xa0 분\n당반기말\n전기말\n현금및현금성자산\n\xa0 보유현금\n\xa0 29,408\n27,654\n\xa0 요구불예금\n\xa0 54,463,809\n74,005,647\n합 \xa0 \xa0 계\n\xa0 54,493,217\n74,033,301\n단기금융상품\n\xa0 정기예적금\n\xa0 21,090,192\n19,870,940\n\xa0 기타채무증권\n-\n81,505,242\n합 \xa0 \xa0 계\n\xa0 21,090,192\n101,376,182\n5. 사용이 제한된 예금당반기말과 전기말 현재 사용이 제한된 예금의 내용은 다음과 같습니다.\n(단위: 천원)\n구 \xa0 \xa0분\n당반기말\n전기말\n사용제한내용\n현금및현금성자산\n109,219\n108,881\n질권설정\n장기금융상품\n5,000\n5,500\n당좌개설보증금\n합 \xa0 \xa0계\n114,219\n114,381\n6. 매출채권 및 기타채권(1) 당반기말과 전기말 현재 매출채권 및 기타채권의 내역은 다음과 같습니다.\n(단위: 천원)\n구 \xa0 \xa0 분\n당반기말\n전기말\n유동\n비유동\n유동\n비유동\n매출채권\n\xa0 238,193,576\n\xa0 -\n230,861,003\n-\n미수금\n\xa0 7,306,424\n\xa0 200,556\n7,084,839\n400,521\n미수수익\n\xa0 13,455\n\xa0 -\n6,734\n-\n대여금\n\xa0 -\n\xa0 10,600\n-\n11,200\n보증금\n\xa0 522,009\n\xa0 3,384,813\n604,251\n3,147,465\n합 \xa0 \xa0 \xa0계\n\xa0 246,035,464\n\xa0 3,595,969\n238,556,827\n3,559,186\n(2) 매출채권 및 기타채권은 손상차손이 차감된 순액으로 연결재무상태표에 표시되어 있는 바, 당반기말과 전기말 현재 대손충당금 차감 전 총액 기준에 의한 매출채권 및 기타채권과 관련 대손충당금의 내역은 다음과 같습니다.\n(단위: 천원)\n구 \xa0 \xa0 분\n당반기말\n전기말\n유동\n비유동\n유동\n비유동\n매출채권및기타채권 총장부금액\n\xa0 252,974,819\n\xa0 27,611,244\n244,579,573\n27,574,461\n손상차손:\n\xa0매출채권\n(6,807,144)\n\xa0 -\n(5,890,534)\n\xa0 -\n\xa0미수금\n(83,097)\n\xa0 -\n(83,098)\n\xa0 -\n\xa0미수수익\n(12,516)\n\xa0 -\n(12,516)\n\xa0 -\n\xa0대여금\n(36,598)\n(24,015,275)\n(36,598)\n(24,015,275)\n손상차손 합계\n(6,939,355)\n(24,015,275)\n(6,022,746)\n(24,015,275)\n매출채권및기타채권 순장부금액\n\xa0 246,035,464\n\xa0 3,595,969\n238,556,827\n3,559,186\n(3) 당반기와 전반기 중 매출채권 및 기타채권 손상차손의 변동은 다음과 같습니다.\n<당반기>\n(단위: 천원)\n구 \xa0 \xa0 분\n매출채권\n기타채권\n합계\n기초금액\n\xa0 5,890,534\n\xa0 24,147,487\n\xa0 30,038,021\n매출채권손상차손\n\xa0 691,810\n\xa0 -\n\xa0 691,810\n상각채권회수액\n\xa0 200,000\n\xa0 -\n\xa0 200,000\n기타증감액(*1)\n\xa0 24,799\n\xa0 -\n\xa0 24,799\n반기말금액\n6,807,143\n\xa0 24,147,487\n\xa0 30,954,630\n(*1) 기타증감액에는 해외소재 종속기업의 외화환산으로 인한 변동이 포함되어 있습니다.\n<전반기>\n(단위: 천원)\n구 \xa0 \xa0 분\n매출채권\n기타채권\n합계\n기초금액\n2,285,448\n\xa0 24,147,487\n26,432,935\n매출채권손상차손\n2,992,811\n-\n2,992,811\n연결범위의 변동\n689\n-\n689\n기타증감액(*1)\n8,179\n-\n8,179\n반기말금액\n5,287,127\n\xa0 24,147,487\n29,434,614\n(*1) 기타증감액에는 해외소재 종속기업의 외화환산으로 인한 변동이 포함되어 있습니다.연결기업은 당반기와 전반기 중 발생한 매출채권의 손상차손을 포괄손익계산서상 판매비와관리비로 계상하였습니다.당반기말과 전기말 현재 중요한 신용위험의 집중은 없으며 다수의 거래처에 분산되어 있습니다. 한편, 연결기업은 상기 매출채권 및 기타채권의 일부에 대해서 담보 또는 지급보증을 제공받고 있습니다.\n7. 재고자산\n당반기말과 전기말 현재 재고자산의 내역은 다음과 같습니다.\n(단위: 천원)\n구 \xa0 \xa0 분\n당반기말\n전기말\n취득원가\n평가손실충당금\n장부금액\n취득원가\n평가손실충당금\n장부금액\n제품및상품\n\xa0 114,962,442\n(5,458,712)\n\xa0 109,503,730\n91,399,916\n(4,728,217)\n86,671,699\n재공품\n\xa0 44,331,819\n(474,159)\n\xa0 43,857,660\n39,547,551\n(630,770)\n38,916,781\n원부재료\n\xa0 99,424,554\n(616,267)\n\xa0 98,808,287\n72,843,436\n(617,637)\n72,225,799\n저장품\n\xa0 17,113,308\n(3,585,128)\n\xa0 13,528,180\n15,114,700\n(3,375,123)\n11,739,577\n미착품\n\xa0 19,664,729\n\xa0 -\n\xa0 19,664,729\n9,710,593\n-\n9,710,593\n합 \xa0 \xa0계\n\xa0 295,496,852\n(10,134,266)\n\xa0 285,362,586\n228,616,196\n(9,351,747)\n219,264,449\n8. 기타자산당반기말과 전기말 현재 기타자산의 내역은 다음과 같습니다.\n(단위: 천원)\n구 \xa0 \xa0 분\n당반기말\n전기말\n유동\n비유동\n유동\n비유동\n선급금\n\xa0 2,153,467\n\xa0 -\n\xa0 3,618,519\n\xa0 -\n선급비용\n\xa0 1,463,650\n\xa0 392,547\n\xa0 762,210\n\xa0 270,737\n합 \xa0 \xa0 \xa0계\n\xa0 3,617,117\n\xa0 392,547\n\xa0 4,380,729\n\xa0 270,737\n9. 공정가치측정금융자산(1) 당반기말 및 전기말 현재 기타포괄손익-공정가치측정금융자산의 내역은 다음과 같습니다.\n(단위: 천원)\n구 \xa0 \xa0 분\n당반기말\n전기말\n기초금액\n8,382\n2,024\n합병으로 인한 증가\n-\n1,358\n취득금액\n-\n5,000\n기말금액\n8,382\n8,382\n시장성 없는 지분상품:\xa0\n\xa0 성남산업단지관리\n1,024\n1,024\n\xa0 파주인쇄공업협동조합\n1,000\n1,000\n\xa0 하나나노텍\n1,358\n1,358\n\xa0 플라스틱제조업협동조합\n5,000\n5,000\n합 \xa0 \xa0계\n8,382\n8,382\n(2) 당반기 중 당기손익-공정가치측정금융자산의 변동내역은 다음과 같습니다.\n(단위: 천원)\n구 \xa0 \xa0 분\n금액\n기초금액\n-\n취득금액\n60,000,000\n평가손익(법인세효과 차감전)\n4,468\n기타증감액\n(2,220,421)\n기말금액\n57,784,047\n10. 관계기업투자주식(1) 당반기말과 전기말 현재 관계기업투자의 내역은 다음과 같습니다.\n(단위: 천원)\n관계기업명\n소재지\n주요 영업활동\n당반기말\n전기말\n지분율\n장부금액\n지분율\n장부금액\n한국태양보성1호발전소(주)\n한국\n태양광발전사업\n45.00%\n-\n45.00%\n-\n진안물사랑㈜(*1)\n한국\n하수관거시설업\n44.81%\n-\n44.81%\n-\n㈜신동건설\n우즈베키스탄\n건설업\n50.00%\n-\n50.00%\n-\n㈜신동에너콤\n한국\n자원개발업\n31.67%\n-\n31.67%\n-\n비아이디씨(주)(*2)\n한국\n창고 및 운송관련 서비스업\n42.72%\n\xa0 33,004,760\n42.72%\n\xa031,770,666\n합 \xa0 \xa0계\n\xa0 33,004,760\n\xa031,770,666\n(*1) 연결기업은 당반기말 현재 관계기업인 진안물사랑(주)의 임대형 민간투자사업과 관련된 대출약정 등과 관련하여 자금 제공의무 분담비율에 따라 다른 건설사 및 운영출자자와 연대하여 자금보충의무를 부담하고 있으며, 연결기업이 보유 중인 진안물사랑㈜의 주식을 담보로 제공하고 있습니다(주석 33참조).(*2) 연결기업은 비아이디씨(주)와 관련하여 발생한 지분법이익 1,259,239천원을 당반기손익으로 인식하고 있습니다.\n(2) 당반기 중 관계기업투자 및 공동기업투자의 변동내역은 다음과 같습니다.\n(단위: 천원)\n관계기업명\n기초평가액\n지분법이익\n기타(*1)\n기말평가액\n한국태양보성1호발전소(주)\n-\n-\n-\n-\n진안물사랑㈜\n-\n-\n-\n-\n㈜신동건설\n-\n-\n-\n-\n㈜신동에너콤\n-\n-\n-\n-\n비아이디씨(주)\n31,770,666\n1,259,239\n(25,145)\n33,004,760\n합 \xa0 \xa0계\n31,770,666\n1,259,239\n(25,145)\n33,004,760\n(*1) 비아이디씨(주)의 보험수리적손익 변동분을 인식하였습니다.\n11. 유형자산당반기와 전반기 중 유형자산의 변동은 다음과 같습니다.\n(단위: 천원)\n구 \xa0 \xa0 분\n당반기\n전반기\n기초순장부가액\n\xa0 613,534,112\n590,190,319\n일반취득 및 자본적지출\n\xa0 43,597,763\n40,874,706\n감가상각\n(35,354,770)\n(29,387,666)\n처분/폐기/손상\n(184,840)\n(918,468)\n연결범위의 변동\n-\n7,637,945\n기타(*1)\n\xa0 427,060\n599,454\n반기말순장부가액\n\xa0 622,019,325\n608,996,290\n(*1) 기타에는 해외소재 종속기업의 외화환산으로 인한 변동이 포함되어 있습니다.\n상기 유형자산 중 일부의 토지, 건물, 기계장치는 횡성군, 공주시, IBK기업은행, KDB산업은행에 담보로 제공되어 있습니다(주석 33 참조).\n12. 무형자산(1) 당반기와 전반기 중 무형자산의 변동은 다음과 같습니다.\n(단위: 천원)\n구 \xa0 \xa0 분\n당반기\n전반기\n기초순장부가액\n58,927,827\n55,069,886\n일반취득 및 자본적지출\n1,005,059\n539,022\n무형자산상각비\n(2,885,700)\n(2,656,468)\n처분/폐기/손상\n-\n(27,505)\n연결범위의 변동(*1)\n-\n1,445,877\n기타(*2)\n1,899,534\n5,659,809\n반기말순장부가액\n58,946,720\n60,030,621\n(*1) 전반기 중 (주)엠케이씨의 지배력 획득에 따른 사업결합으로 취득한 무형자산입니다.(*2) 기타에는 해외소재 종속기업의 외화환산으로 인한 변동이 포함되어 있습니다.\n(2) 온실가스 배출권1) 3차 계획기간(2022~2025년)에 대한 무상할당 배출권 수량은 다음과 같습니다.\n(단위: 톤(tCO2-eq))\n구분\n2022년도분\n2023년도분\n2024년도분\n2025년도분\n합계\n무상할당 배출권\n\xa0 \xa0 \xa0 \xa0231,779\n\xa0 \xa0 \xa0 231,779\n\xa0 \xa0 \xa0 229,608\n\xa0 \xa0 \xa0 229,608\n922,774\n2) 당반기 중 온실가스배출권의 변동내역은 다음과 같습니다.\n(단위: 톤(tCO2-eq))\n구분\n2022년도분\n2023년도분\n2024년도분\n2025년도분\n합계\n기초 및 무상할당\n231,779\n231,779\n229,608\n229,608\n922,774\n매각\n-\n-\n-\n-\n-\n이월\n22,128\n-\n-\n-\n22,128\n기말\n253,907\n231,779\n229,608\n229,608\n944,902\n3) 당반기말 현재 담보로 제공된 온실가스배출권은 없습니다.\n(3) 배출부채1) 당반기 이행연도에 대한 연결기업의 온실가스 배출량 추정치는 225,000톤(tCO2-eq) 입니다.2) 당반기 중 배출부채의 변동사항은 없습니다.\n13. 영업권\n당반기와 전반기 중 영업권의 변동은 다음과 같으며, 당반기와 전반기 중 인식한 손상차손은 없습니다.\n(단위: 천원)\n구 분\xa0\n당반기\n전반기\n기초금액\n\xa0 113,715,341\n123,079,219\n연결범위의 변동(*1)\n-\n8,396,089\n기타변동(*2)\n\xa0 2,174,039\n1,898,481\n기말금액\n\xa0 \xa0 \xa0115,889,380\n133,373,789\n(*1) 전반기 중 (주)엠케이씨의 지배력 획득에 따른 영업권 인식액입니다.(*2) 기타변동은 해외소재 종속기업의 외화환산으로 인한 것입니다.\xa0\n14. 사용권자산 및 리스부채\n(1) 당반기와 전반기 중 사용권자산 장부금액의 변동 내역은 다음과 같습니다.\xa0\n(단위: 천원)\n구분\n당반기\n전반기\n기초금액\n\xa0 22,527,121\n22,189,843\n연결범위의 변동\n-\n49,357\n취득(신규&갱신계약)\n\xa0 1,156,226\n2,586,249\n감가상각\n(1,157,204)\n(1,123,017)\n기타(*1)\n(425,559)\n(1,059,458)\n반기말순장부가액\n\xa0 22,100,584\n22,642,974\n(*1) 기타에는 중도해지 및 해외소재 종속기업의 외화환산으로 인한 변동 등이 포함되어 있습니다.\n(2) 당반기와 전반기 중 리스부채의 변동내역은 다음과 같습니다.\n(단위: 천원)\n구분\n당반기\n전반기\n기초금액\n\xa06,961,864\n\xa07,649,209\n연결범위의 변동\n-\n49,239\n취득(신규&갱신계약)\n777,220\n2,531,011\n이자비용\n111,051\n110,537\n지급\n(911,596)\n(935,516)\n기타(*1)\n\xa0(1,355,303)\n\xa0(1,667,690)\n반기말금액\n5,583,236\n7,736,790\n(*1) 기타에는 중도해지 및 해외소재 종속기업의 외화환산으로 인한 변동 등이 포함되어 있습니다.\n(3) 당반기 중 발생한 단기리스에 발생한 비용은 545,038천원(전반기: 757,977원)이며, 소액자산 리스에서 발생한 비용은 1,309,334천원(전반기: 777,574천원)입니다.\n15. 매입채무 및 기타채무당반기말과 전기말 현재 매입채무 및 기타채무의 상세 내역은 다음과 같습니다.\n(단위: 천원)\n구 \xa0 \xa0 분\n당반기말\n전기말\n유동\n유동\n비유동\n매입채무\n\xa0 161,098,790\n145,256,931\n-\n미지급금\n\xa0 46,059,832\n44,021,912\n-\n미지급비용\n\xa0 21,597,750\n18,258,733\n-\n보증금\n\xa0 559,959\n604,959\n110,000\n합 \xa0 \xa0 계\n\xa0 229,316,331\n208,142,535\n110,000\n16. 기타유동부채 당반기말과 전기말 현재 기타유동부채의 내역은 다음과 같습니다.\xa0\n(단위: 천원)\n구 \xa0 \xa0 \xa0 분\n당반기말\n전기말\n계약부채\n\xa0 1,547,746\n\xa0 979,546\n예수금\n\xa0 876,377\n\xa0 942,681\n합 \xa0 \xa0 \xa0 계\n\xa0 2,424,123\n\xa0 1,922,227\n17. 확정급여부채(자산)당반기말과 전기말 현재 확정급여부채(자산)으로 인식된 금액은 다음과 같습니다.\n(단위: 천원)\n구분\n당반기말\n전기말\n확정급여채무의 현재가치\n57,994,539\xa0\n56,122,834\n사외적립자산의 공정가치\n(57,650,490)\n(59,539,214)\n확정급여제도의 부채(자산) 인식액\n344,049\xa0\n(3,416,380)\n기타장기급여채무의 현재가치\n2,690,181\xa0\n2,947,372\n18. 사채당반기말과 전기말 현재 연결기업이 발행한 사채의 내역은 다음과 같습니다.\n(단위: 천원)\n구 \xa0 분\n발행일\n만기일\n이자율(%)\n당반기말\n전기말\n공모사채\n2019-08-02\n2022-08-02\n1.65\n100,000,000\n100,000,000\n공모사채\n2019-08-02\n2024-08-02\n1.89\n30,000,000\n30,000,000\n공모사채\n2021-10-28\n2024-10-28\n2.65\n70,000,000\n70,000,000\n공모사채\n2021-10-28\n2026-10-28\n3.06\n30,000,000\n30,000,000\n사 채 할 인 발 행 차 금\n(351,643)\n(468,197)\n합 \xa0 \xa0 \xa0 계\n229,648,357\n229,531,803\n사채 유동성대체\n(100,000,000)\n(100,000,000)\n사채할인발행차금 유동성대체\n9,570\n64,909\n차감후 잔액\n129,657,927\n129,596,712\n19. 장ㆍ단기차입금\n(1) 당반기말과 전기말 현재 차입금의 내역은 다음과 같습니다.\n(단위: 천원)\n구 \xa0 \xa0 \xa0분\n당반기말\n전기말\n유동\n비유동\n유동\n비유동\n단기차입금:\n원화단기차입금\n\xa0 179,300,000\n-\n185,502,805\n-\n외화단기차입금\n\xa0 1,149,342\n-\n-\n-\n소 \xa0 \xa0 계\n\xa0 180,449,342\n-\n185,502,805\n-\n장기차입금:\n원화장기차입금\n\xa0 -\n\xa0 130,720,000\n-\n130,720,000\n외화장기차입금\n\xa0 6,464,500\n\xa0 6,464,500\n5,927,500\n11,855,000\n소 \xa0 \xa0 계\n\xa0 6,464,500\n\xa0 137,184,500\n5,927,500\n142,575,000\n합 \xa0 \xa0 계\n\xa0 186,913,842\n\xa0 137,184,500\n191,430,305\n142,575,000\n(2) 당반기말과 전기말 현재 단기차입금의 세부내역은 다음과 같습니다.① 원화 단기차입금\n(단위: 천원)\n차입처\n내 \xa0 \xa0역\n만기일\n이자율(%)\n당반기말\n전기말\nKDB산업은행\n시설자금\n2022-09-20\n1.85\n59,000,000\n59,000,000\n일반자금\n2023-03-31\n3.05\n20,000,000\n-\n일반자금\n-\n-\n-\n20,000,000\n중국은행\n시설자금\n2022-07-01\n1.72\n20,000,000\n20,000,000\n미쓰이스미토모은행\n일반자금\n2023-04-17\n2.42\n20,000,000\n-\n일반자금\n-\n-\n-\n20,000,000\n일반자금\n-\n-\n-\n14,000,000\nIBK기업은행\n일반자금\n2022-09-14\n2.94\n300,000\n300,000\n신한은행\n일반자금\n-\n-\n-\n500,000\n국민은행\n일반자금\n2023-05-24\n3.24\n60,000,000\n-\nMMT\n-\n-\n-\n-\n51,702,804\n합 \xa0 \xa0 계\n179,300,000\n185,502,804\n② 외화 단기차입금\n(단위: 천원, 천 VND)\n차입처\n내 \xa0 \xa0역\n만기\n이자율(%)\n당반기말\n신한은행\n일반자금대출\n2022-07-13\n3.40\n585,873(VND 10,537,283)\n신한은행\n일반자금대출\n2022-07-03\n3.40\n563,469(VND 10,134,327)\n합 \xa0 \xa0 계\n1,149,342(VND 20,671,610)\n(3) 당반기말과 전기말 현재 장기차입금의 내역은 다음과 같습니다.① 원화 장기차입금\n(단위: 천원)\n차입처\n내 \xa0 \xa0역\n만기\n이자율(%)\n당반기말\n전기말\nKDB산업은행\n시설자금대출\n2024-04-21\n2.36\n28,000,000\n28,000,000\n시설자금대출\n2024-04-21\n2.15\n2,000,000\n2,000,000\n일반자금대출\n2024-06-28\n3.11\n50,000,000\n50,000,000\nIBK기업은행\n시설자금대출\n2023-08-24\n1.50\n720,000\n720,000\n에스타이거테크(주)\nABCP\n2024-06-28\n3.24\n20,000,000\n20,000,000\n우리티에스제일차(주)\nABCP\n2024-06-28\n2.97\n30,000,000\n30,000,000\n합 \xa0 \xa0 \xa0 \xa0 계\n130,720,000\n130,720,000\n유동성대체\n-\n-\n차감후잔액\n130,720,000\n130,720,000\n② 외화 장기차입금\n(단위: 천원, 천 USD)\n차입처\n내 \xa0 \xa0역\n만기\n이자율(%)\n당반기말\n전기말\n신한은행\n시설자금대출\n2024-03-19\n2.62\n\xa012,929,000(USD 10,000)\n-\n신한은행\n시설자금대출\n-\n-\n-\n17,782,500(USD 15,000)\n합 \xa0 \xa0 \xa0 \xa0계\n\xa012,929,000(USD 10,000)\n17,782,500(USD 15,000)\n\xa0유동성대체\n\xa0(6,464,500)(USD 5,000)\n\xa0(5,927,500)(USD 5,000)\n차감후잔액\n\xa06,464,500(USD 5,000)\n\xa011,855,000(USD 10,000)\n20. 고객과의 계약에서 생기는 수익\n당반기와 전반기 중 매출액 구성내역은 다음과 같습니다.\n(단위: 천원)\n구 \xa0 \xa0 분\n당반기\n전반기\n3개월\n누적\n3개월\n누적\n고객과의 계약에서 생기는 수익\n\xa0 (1) 재화 또는 용역의 유형에 따른 구분\n\xa0 \xa0 \xa0 \xa0제품매출\n323,534,029\n603,584,019\n282,381,382\n513,949,906\n\xa0 \xa0 \xa0 \xa0상품매출\n39,739,044\n77,662,853\n38,158,806\n75,996,620\n\xa0 \xa0 \xa0 \xa0용역매출\n3,035,913\n5,328,712\n2,440,921\n4,626,932\n\xa0 \xa0 \xa0 \xa0기타매출\n11,919,309\n21,312,999\n7,821,489\n13,206,357\n소 \xa0 \xa0 계\n378,228,295\n707,888,583\n330,802,598\n607,779,815\n\xa0 (2) 재화나 용역의 이전시기에 따른 구분\n\xa0 \xa0 \xa0 한 시점에 이전\n375,192,382\n702,559,871\n328,361,677\n603,152,883\n\xa0 \xa0 \xa0 기간에 걸쳐 이전\n3,035,913\n5,328,712\n2,440,921\n4,626,932\n소 \xa0 \xa0 계\n378,228,295\n707,888,583\n330,802,598\n607,779,815\n기타 원천으로부터 수익\n\xa0 임대수익 등\n88,151\n118,900\n96,522\n124,206\n총 \xa0 \xa0 계\n378,316,446\n708,007,483\n330,899,120\n607,904,021\n21. 판매비와 관리비\n당반기와 전반기 중 판매비와관리비의 상세내역은 다음과 같습니다.\n(단위: 천원)\n계 \xa0 \xa0 정\n당반기\n전반기\n3개월\n누적\n3개월\n누적\n급여\n\xa0 3,236,933\n\xa0 6,905,430\n3,208,945\n6,483,008\n퇴직급여\n\xa0 272,262\n\xa0 553,447\n247,512\n503,588\n복리후생비\n\xa0 466,124\n\xa0 901,260\n522,477\n926,025\n여비교통비\n\xa0 221,569\n\xa0 366,516\n174,631\n343,547\n통신비\n\xa0 71,452\n\xa0 144,807\n73,013\n141,370\n지급수수료\n\xa0 2,151,562\n\xa0 3,807,555\n2,204,742\n3,784,987\n판매수수료\n\xa0 214,301\n\xa0 366,393\n84,065\n163,948\n차량유지비\n\xa0 29,509\n\xa0 50,545\n24,965\n46,491\n도서인쇄비\n\xa0 9,871\n\xa0 14,654\n7,179\n12,555\n소모품비\n\xa0 22,818\n\xa0 59,783\n76,434\n107,296\n교육훈련비\n\xa0 50,200\n\xa0 81,973\n21,956\n46,296\n세금과공과\n\xa0 163,507\n\xa0 326,677\n165,735\n272,580\n임차료\n\xa0 50,872\n\xa0 60,458\n44,522\n130,192\n감가상각비\n\xa0 121,501\n\xa0 241,561\n129,080\n258,393\n무형자산상각비\n\xa0 1,123,512\n\xa0 2,241,658\n1,194,727\n2,351,017\n사용권자산상각비\n\xa0 162,558\n\xa0 327,024\n217,099\n431,580\n수선비\n\xa0 1,528\n\xa0 9,785\n61\n243\n보험료\n\xa0 85,069\n\xa0 189,581\n112,897\n245,506\n접대비\n\xa0 148,239\n\xa0 333,173\n175,592\n380,357\n광고선전비\n\xa0 5,889\n\xa0 9,105\n7,729\n10,946\n운반비\n\xa0 7,685,756\n\xa0 14,749,940\n6,613,469\n12,200,621\n매출채권손상차손\n\xa0 257,877\n\xa0 691,810\n3,003,654\n2,992,811\n경상개발비\n\xa0 1,148,901\n\xa0 2,473,856\n1,027,544\n1,896,726\n견적비\n\xa0 44,306\n\xa0 119,912\n29,808\n75,567\n포장비\n\xa0 16,158\n\xa0 42,281\n20,212\n30,491\n품질보증비\n\xa0 62,474\n\xa0 13,188\n45,015\n55,204\n잡비\n\xa0 35,884\n\xa0 88,382\n53,809\n102,680\n합 \xa0 \xa0 계\n\xa0 17,860,632\n\xa0 35,170,754\n19,486,872\n33,994,025\n22. 비용의 성격별 분류\n당반기와 전반기 중 연결기업 비용의 성격에 대한 추가정보는 다음과 같습니다.\xa0\n(단위: 천원)\n계 \xa0 \xa0 정\n당반기\n전반기\n3개월\n누적\n3개월\n누적\n제ㆍ상품 및 재공품의 변동\n(10,685,124)\n(27,772,910)\n3,583,668\n2,053,977\n원부재료 및 소모품사용\n211,793,877\n394,609,942\n166,411,402\n291,347,732\n상품의 매입\n37,356,396\n72,999,453\n35,498,649\n71,232,861\n외주가공비\n8,941,181\n16,144,338\n7,087,693\n14,093,337\n종업원급여\n39,125,076\n79,311,613\n37,661,364\n74,190,324\n감가상각비 등\n21,268,739\n39,400,814\n17,468,023\n33,171,305\n운반비\n10,924,317\n20,309,835\n8,993,385\n16,753,135\n지급수수료\n8,290,958\n15,304,581\n7,862,272\n14,754,010\n수도광열비 및 연료비\n19,400,683\n38,934,364\n14,476,599\n28,571,881\n기타\n2,397,634\n10,282,193\n7,216,811\n20,379,066\n합 \xa0 \xa0 계\n348,813,737\n659,524,223\n306,259,866\n566,547,628\n23. 금융수익과 금융원가\n(1) 당반기와 전반기 중 당기손익으로 인식된 금융수익과 금융원가의 내역은 다음과 같습니다.\n(단위: 천원)\n구 \xa0 \xa0 분\n당반기\n전반기\n3개월\n누적\n3개월\n누적\n금융수익:\n\xa0 이자수익\n\xa0 523,358\n\xa0 1,038,383\n444,665\n959,139\n\xa0 당기손익-공정가치측정자산평가이익\n\xa0 4,468\n\xa0 4,468\n269,968\n398,305\n\xa0 당기손익-공정가치측정자산처분이익\n\xa0 -\n\xa0 286,356\n56\n56\n\xa0 파생상품거래이익\n\xa0 -\n\xa0 109,294\n-\n-\n합 \xa0 계\n\xa0 527,826\n\xa0 1,438,501\n714,689\n1,357,500\n금융원가:\n\xa0 이자비용\n(3,286,709)\n(6,185,159)\n(2,851,130)\n(5,381,495)\n\xa0 단기금융상품처분손실\n\xa0 -\n(2,466)\n-\n-\n\xa0 당기손익-공정가치측정자산처분손실\n-\n-\n(26,350)\n(26,350)\n\xa0 파생상품평가손실\n\xa0 21,530\n\xa0 -\n(3,973)\n(3,973)\n\xa0 파생상품거래손실\n(34,249)\n(34,249)\n-\n-\n합 \xa0 계\n(3,299,428)\n(6,221,874)\n(2,881,453)\n(5,411,818)\n(2) 당반기와 전반기 중 금융상품 범주별 순손익 내역은 다음과 같습니다.\n<당반기>\n(단위: 천원)\n구 \xa0 \xa0 분\n이자수익\n이자비용\n당기손익-공정가치측정자산평가이익\n당기손익-공정가치측정자산처분이익\n파생상품거래이익\n단기금융상품처분손실\n파생상품거래손실\n상각후원가로 측정하는 금융자산\n\xa0 1,038,383\n-\n-\n-\n-\n(2,466)\n-\n상각후원가로 측정하는 금융부채\n-\n(6,185,159)\n-\n-\n-\n-\n-\n당기손익-공정가치측정 금융자산\n-\n-\n\xa0 4,468\n\xa0 286,356\n-\n-\n-\n파생상품\n-\n-\n-\n-\n109,294\n-\n(34,249)\n합 \xa0 \xa0 \xa0계\n\xa0 1,038,383\n(6,185,159)\n\xa0 4,468\n\xa0 286,356\n109,294\n(2,466)\n(34,249)\n<전반기>\n(단위: 천원)\n구 \xa0 \xa0 분\n이자수익\n이자비용\n당기손익-공정가치측정자산평가이익\n당기손익-공정가치측정자산처분이익\n파생상품평가손실\n당기손익-공정가치측정자산처분손실\n상각후원가로 측정하는 금융자산\n959,139\n-\n-\n-\n-\n-\n상각후원가로 측정하는 금융부채\n-\n(5,381,495)\n-\n-\n-\n-\n당기손익-공정가치측정 금융자산\n-\n-\n398,305\n56\n-\n(26,350)\n파생상품\n-\n-\n-\n-\n(3,973)\n-\n합 \xa0 \xa0 \xa0계\n959,139\n(5,381,495)\n398,305\n56\n(3,973)\n(26,350)\n24. 금융상품의 범주별 분류 및 공정가치\n(1) 당반기말과 전기말 현재 금융상품의 범주별 분류내역은 다음과 같습니다.\n<당반기말>\n(단위: 천원)\n구 \xa0 \xa0 분\n상각후원가로 측정하는 금융자산\n기타포괄손익-공정가치측정 금융자산\n당기손익-공정가치측정 금융자산\n상각후원가로 측정하는 금융부채\n합 \xa0 계\n금융자산\n\xa0 현금및현금성자산\n\xa0 54,493,217\n-\n-\n-\n\xa0 54,493,217\n\xa0 장단기매출채권및기타채권\n\xa0 249,631,433\n-\n-\n-\n\xa0 249,631,433\n\xa0 장단기금융상품\n\xa0 21,095,192\n-\n-\n-\n\xa0 21,095,192\n\xa0 당기손익-공정가치측정금융자산\n-\n-\n\xa0 57,784,047\n57,784,047\n\xa0 기타포괄손익-공정가치측정금융자산\n-\n8,382\n-\n-\n\xa0 8,382\n합 \xa0 \xa0 계\n\xa0 325,219,842\n8,382\n\xa057,784,047\n-\n\xa0 383,012,271\n금융부채\n\xa0 장단기매입채무및기타채무\n-\n-\n-\n\xa0 229,316,331\n\xa0 229,316,331\n\xa0 장단기차입금\n-\n-\n-\n\xa0 324,098,342\n\xa0 324,098,342\n\xa0 사채\n-\n-\n-\n\xa0 229,648,357\n\xa0 229,648,357\n\xa0 리스부채\n-\n-\n-\n\xa0 5,583,236\n\xa0 5,583,236\n합 \xa0 \xa0 계\n-\n-\n-\n\xa0 788,646,266\n\xa0 788,646,266\n<전기말>\n(단위: 천원)\n구 \xa0 \xa0 분\n상각후원가로 측정하는 금융자산\n기타포괄손익-공정가치측정 금융자산\n당기손익-공정가치측정 금융자산\n상각후원가로 측정하는 금융부채\n합 \xa0 계\n금융자산\n\xa0 현금및현금성자산\n74,033,301\n-\n-\n-\n74,033,301\n\xa0 장단기매출채권및기타채권\n242,116,013\n-\n-\n-\n242,116,013\n\xa0 장단기금융상품\n19,876,440\n-\n81,505,242\n-\n101,381,682\n\xa0 기타포괄손익-공정가치측정금융자산\n-\n8,382\n-\n-\n8,382\n\xa0 파생상품자산\n-\n-\n18,288\n-\n18,288\n합 \xa0 \xa0 계\n336,025,754\n8,382\n81,523,530\n-\n417,557,666\n금융부채\n\xa0 장단기매입채무및기타채무\n-\n-\n-\n208,252,535\n208,252,535\n\xa0 장단기차입금\n-\n-\n-\n334,005,305\n334,005,305\n\xa0 사채\n-\n-\n-\n229,531,803\n229,531,803\n\xa0 리스부채\n-\n-\n-\n6,961,865\n6,961,865\n합 \xa0 \xa0 계\n-\n-\n-\n778,751,508\n778,751,508\n(2) 당반기말과 전기말 현재 공정가치로 측정되는 금융상품의 장부금액과 공정가치는 다음과 같습니다.\n(단위: 천원)\n내 \xa0 \xa0 \xa0역\n당반기말\n전기말\n장부금액\n공정가치\n장부금액\n공정가치\n금융자산\xa0\n\xa0 당기손익-공정가치측정금융자산\n57,784,047\n57,784,047\n81,505,242\n81,505,242\n\xa0 기타포괄손익-공정가치측정금융자산\n8,382\n8,382\n8,382\n8,382\n\xa0 파생상품자산\n-\n-\n18,288\n18,288\n합 \xa0 \xa0 계\n57,792,429\n57,792,429\n81,531,912\n81,531,912\n(3) 공정가치 서열체계(3)-1 연결기업은 공정가치측정에 사용된 투입변수의 유의성을 반영하는 공정가치 서열체계에 따라 공정가치측정치를 분류하고 있으며, 공정가치 서열체계의 수준은 다음과 같습니다.\xa0\n1) \'수준1\'은 동일한 자산이나 부채에 대한 활성시장의(조정되지 않은) 공시가격을 사용하여 도출되는 공정가치입니다.2) \'수준2\'는 직접적 또는 간접적으로 관측가능한, 자산이나 부채에 대한 투입변수를 사용하여 도출되는 공정가치입니다.\n3) \'수준3\'은 자산이나 부채에 대하여 관측가능한 시장정보에 근거하지 않은 투입변수(관측불가능한 변수)를 사용하는 평가기법으로부터 도출되는 공정가치입니다.\n연결기업은 계속적으로 공정가치로 인식하는 금융상품에 대해 매 보고기간말 분류를재평가(측정치 전체에 유의적인 투입변수 중 가장 낮은 수준에 근거함)하여 수준간의이동이 있는지를 판단하고 있습니다. 당반기 및 전반기 중 공정가치 서열체계의 수준사이의 유의적인 이동은 없었습니다.\n(3)-2 당반기말과 전기말 현재 공정가치로 측정 또는 공시되는 자산ㆍ부채의 수준별 내역은 다음과 같습니다.\n<당반기말>\n(단위: 천원)\n구 \xa0 \xa0 \xa0분\n수준1\n수준2\n수준3\n합계\n공정가치로 측정되는 자산:\n\xa0당기손익-공정가치측정금융자산\n-\n57,784,047\n-\n57,784,047\n\xa0기타포괄손익-공정가치측정금융자산\n-\n-\n8,382\n8,382\n합 \xa0 \xa0 계\n-\n57,784,047\n8,382\n57,792,429\n<전기말>\n(단위: 천원)\n구 \xa0 \xa0 \xa0분\n수준1\n수준2\n수준3\n합계\n공정가치가 공시되는 자산:\n\xa0당기손익-공정가치측정금융자산\n-\n81,505,242\n-\n81,505,242\n\xa0기타포괄손익-공정가치측정금융자산\n-\n-\n8,382\n8,382\n\xa0파생상품자산\n-\n18,288\n-\n18,288\n합 \xa0 \xa0 계\n-\n81,523,530\n8,382\n81,531,912\n25. 기타수익 및 기타비용 \n당반기와 전반기 중 당기손익으로 인식된 기타수익과 기타비용은 다음과 같습니다.\n(단위: 천원)\n구 \xa0 \xa0 분\n당반기\n전반기\n3개월\n누적\n3개월\n누적\n기타수익:\n\xa0외환차익\n\xa0 \xa0 \xa0 \xa0 \xa02,586,369\n\xa0 \xa0 \xa0 \xa03,502,493\n\xa0 \xa0 \xa0 \xa0 \xa0 675,026\n\xa0 \xa01,699,701\n\xa0외화환산이익\n\xa0 \xa0 \xa0 967,657\n\xa0 \xa01,403,413\n\xa0 \xa0 \xa0 \xa0(235,185)\n\xa0 \xa0 \xa0 \xa0 257,032\n\xa0유형자산처분이익\n474,880\n511,070\n\xa0291,315\n\xa0 298,031\n\xa0잡이익\n588,918\n607,592\n\xa0 \xa0 \xa0 \xa0 \xa096,800\n\xa0 \xa0 \xa0 \xa0 \xa0177,748\n합 \xa0 \xa0 \xa0계\n4,617,824\n6,024,568\n\xa0827,956\n2,432,512\n기타비용:\n\xa0외환차손\n(1,028,265)\n(1,565,146)\n(532,943)\n(1,239,698)\n\xa0외화환산손실\n(83,841)\n(468,644)\n(54,117)\n(141,215)\n\xa0유형자산처분손실\n(25,193)\n(25,193)\n(84,244)\n(85,231)\n\xa0리스해지수수료\n-\n-\n(13,655)\n(13,655)\n\xa0기타수수료\n(9,684)\n(18,718)\n-\n(103,770)\n\xa0기부금\n(12,060)\n(18,120)\n(120)\n(240)\n\xa0잡손실\n(76,005)\n(81,635)\n(25,028)\n(33,210)\n합 \xa0 \xa0 \xa0계\n(1,235,048)\n(2,177,456)\n(710,107)\n(1,617,019)\n26. 자본금과 주식발행초과금\n(1) 당반기말과 전기말 현재 지배기업 자본금의 내역은 다음과 같습니다.\n(단위: 천원)\n구 \xa0 \xa0 분\n당반기말\n전기말\n발행할 수권주식수\n200,000,000주\n200,000,000주\n주당금액:\n\xa0 보통주\n5,000원\n5,000원\n\xa0 우선주\n5,000원\n5,000원\n발행주식수:\xa0\n\xa0 보통주\n29,188,411주\n29,188,411주\n\xa0 우선주\n265,358주\n265,358주\n자본금:\n\xa0 보통주자본금\n145,942,055\n145,942,055\n\xa0 우선주자본금\n1,326,790\n1,326,790\n합 \xa0 계\n147,268,845\n147,268,845\n우선주는 무의결권 배당우선주식으로 배당을 하지 아니한다는 결의가 있는 경우에는배당결의가 있는 총회 종료시까지 의결권을 가지고 있으며, 액면금액을 기준으로 하여 연 1%의 추가배당을 더 받을 수 있습니다.\n(2) 당반기와 전반기 중 결정된 지배기업 배당금의 내역은 다음과 같습니다.\n<당반기>\n(단위: 천원)\n구분\n총발행주식수(주)\n자기주식수(주)\n배당주식수(주)\n주당 배당금(원)\n총 배당액\n보통주\n29,188,411\n197,129\n28,991,282\n600\n17,394,769\n우선주\n265,358\n1,247\n264,111\n650\n171,672\n합 계\n29,453,769\n198,376\n29,255,393\n\u3000\n17,566,441\n<전반기>\n(단위: 천원)\n구분\n총발행주식수(주)\n자기주식수(주)\n배당주식수(주)\n주당 배당금(원)\n총 배당액\n보통주\n25,618,511\n197,105\n25,421,406\n600\n15,252,843\n우선주\n265,358\n-\n265,358\n650\n172,483\n합 계\n25,883,869\n197,105\n25,686,764\n15,425,326\n(3) 당반기말 현재 주식발행초과금은 81,051,609천원으로 전기말과 동일합니다.\n27. 기타자본\n당반기말과 전기말 현재 기타자본의 세부 내역은 다음과 같습니다.\n(단위: 천원)\n구 \xa0 \xa0 분\n당반기말\n전기말\n기타자본잉여금\n6,409,402\n6,409,402\n확정급여부채의 재측정요소\n(6,098,114)\n(6,071,781)\n기타자본조정\n149,352,055\n149,377,201\n해외사업장 외화환산차이\n14,896,754\n5,697,722\n합 \xa0 \xa0 계\n164,560,097\n155,412,544\n28. 적립금(1) 당반기말과 전기말 현재 적립금의 내역은 다음과 같습니다.\n(단위: 천원)\n구 \xa0 \xa0 분\n당반기말\n전기말\n법정적립금\n13,305,654\n11,549,010\n임의적립금\n6,999,528\n6,999,528\n소 \xa0 \xa0 계\n20,305,182\n18,548,538\n(2) 법정적립금\n법정적립금은 이익준비금으로서 상법상 지배기업은 자본금의 50%에 달할 때까지 매 결산기에 금전에 의한 이익배당액의 10% 이상을 이익준비금으로 적립하도록 규정되어 있습니다. 동 이익준비금은 현금으로 배당할 수 없으며, 주주총회의 결의에 의하여 이월결손금의 보전과 자본전입에만 사용될 수 있습니다.\xa0\n(3) 임의적립금임의적립금은 연구 및 인력개발준비금으로 구성되어 있습니다.\n29. 이익잉여금당반기와 전반기 중 이익잉여금의 변동은 다음과 같습니다.\n(단위: 천원)\n구 \xa0 \xa0 분\n당반기\n전반기\n기초금액\n260,700,423\n237,796,837\n지배기업소유주지분 반기순이익\n35,810,048\n29,911,656\n연차배당\n(17,566,442)\n(15,425,326)\n이익준비금의 적립\n(1,756,644)\n(1,542,533)\n반기말금액\n277,187,385\n250,740,634\n30. 주당이익\n(1) 당반기와 전반기 중 기본주당순손익의 계산내역은 다음과 같습니다.\n(단위: 원)\n구 \xa0 \xa0 분\n당반기\n전반기\n3개월\n누적\n3개월\n누적\n지배기업 소유주지분 반기순이익\n21,831,408,215\n35,810,047,501\n17,037,992,974\n29,911,655,594\n우선주 배당금\n(2,980,418)\n(5,960,835)\n(3,316,975)\n(6,633,950)\n추가배당가능반기순이익\n21,828,427,797\n35,804,086,666\n17,034,675,999\n29,905,021,644\n추가배당가능이익 중 우선주귀속분\n(197,062,056)\n(323,231,109)\n(175,977,307)\n(308,934,856)\n보통주귀속반기순이익\n21,631,365,741\n35,480,855,557\n16,858,698,692\n29,596,086,788\n가중평균유통보통주식수\n28,991,282주\n28,991,282주\n25,421,406주\n25,421,406주\n보통주 기본주당이익\n746\n1,224\n663\n1,164\n가중평균유통우선주식수\n264,111주\n264,111주\n265,358주\n265,358주\n우선주 기본주당이익\n757\n1,246\n675\n1,189\n(2) 추가배당가능이익 중 우선주 취득분 산정내역은 다음과 같습니다.\n(단위: 원)\n구 \xa0 \xa0 분\n당반기\n전반기\n3개월\n누적\n3개월\n누적\n지배기업 추가배당가능반기순이익\n21,828,427,797\n35,804,086,666\n17,034,675,999\n29,905,021,644\n우선주지분비율(우선주발행주식수/총발행주식수)\n0.90%\n0.90%\n1.03%\n1.03%\n우선주귀속반기순이익\n197,062,056\n323,231,109\n175,977,307\n308,934,856\n(3) 당반기 및 전반기 중 보통주 및 우선주의 유통보통주식수에 대한 변동은 없습니다.(4) 연결기업은 잠재적보통주를 발행하고 있지 않으므로 기본주당이익과 희석주당이익이 일치합니다.\n31. 법인세비용당반기와 전반기 중 법인세비용의 구성요소는 다음과 같습니다.\n(단위: 천원)\n구 \xa0 \xa0 \xa0 분\n당반기\n전반기\n반기 법인세부담액\n13,108,169\n11,864,237\n과거기간 당기법인세 조정액\n(963,217)\n(3,190,803)\n일시적차이의 변동\n874,648\n(811,189)\n자본에 직접 반영된 법인세비용\n7,428\n(124,074)\n법인세비용\n13,027,028\n7,738,171\n32. 특수관계자\n(1) 당반기말 현재 연결기업의 특수관계자 내역은 다음과 같습니다.\n구 \xa0 \xa0 분\n회사명\n최상위지배자\n김남정\n지배기업\n(주)동원엔터프라이즈\n관계기업\n한국태양보성1호발전소(주), 진안물사랑(주), (주)신동건설, (주)신동에너콤, 비아이디씨(주)\n기 \xa0 \xa0 \xa0타(*1),(*2)\n동원건설산업(주), 동원산업(주), (주)동원F&B, 동원씨앤에스(주), 농업회사법인 어석합자회사, (주)동원와인플러스, 동원팜스(주), (주)동원홈푸드, 위해삼조식품유한공사, (주)동원에프앤비 개성, 동원식품(상해)유한공사, DW Global Inc., Dongwon Japan Co., Ltd., Sealand Trading Service Corporation, StarKist Co., StarKist Samoa Co., Marine Trading Pacific Inc., Galaspesca, S.A., Bounty Seafood Ltd., Societe de Conserverie en Afrique S.A., COMPAGNIE AFRICAINE DE PECHE AU SENEGAL, (재)동원육영재단, 동원로엑스냉장(주), 동원로엑스냉장투(주), Silver Bay Seafoods, LLC. 동원로엑스(주), 동원로엑스인천(주), 동원부산컨테이너터미널(주), Dongbu Express India Logistic Private Limited, Dongwon Loex U.S.A Inc, 상해동부국제화운대리유한공사, (주)동화, 울산항만운영,(주)동원티엘에스, 평택항만(주), 당진항만(주), DONGWON F&B VIETNAM COMPANY, 인천크로스독, 여수문화방송, Tudo Fisheries Co.. Pty., Ltd, 케이스마트양식(주), Kiribati and KT Fisheries Co. Ltd., 부산신항다목적터미널(주), 남춘천산업단지개발(주), 동원디어푸드(주), 인천내항부두운영(주), 천안신사산업단지(주), 동원기술투자(주), (주)모덱스, 동원글로벌터미널부산 주식회사\n(*1) 대규모 기업집단의 회사가 포함되어 있습니다.(*2) 당반기 중 천안신사산업단지(주), 동원기술투자(주), (주)모덱스, 동원글로벌터미널부산 주식회사가 기타기업에 포함되었습니다.\n(2) 당반기와 전반기 중 특수관계자와의 거래 내역은 다음과 같습니다.\n<당반기>\n(단위: 천원)\n특수관계 구분\n특수관계자명\n매출\n원재료 및 상품 매입\n판매관리비\n유무형자산 매입\n배당금지급\n3개월\n누적\n3개월\n누적\n3개월\n누적\n3개월\n누적\n3개월\n누적\n지배기업\n(주)동원엔터프라이즈\n-\n4,254\n39,220\n76,358\n1,448,172\n2,608,752\n848,977\n1,508,176\n-\n12,409,505\n관계기업\n비아이디씨(주)\n-\n527\n-\n-\n-\n-\n-\n-\n-\n-\n기타\n동원산업㈜\n22,502\n60,161\n-\n-\n219,491\n470,695\n-\n-\n-\n-\n(주)동원홈푸드\n1,763,647\n3,702,738\n1,120,755\n2,139,276\n4,174\n7,048\n-\n-\n-\n-\n(주)동원F&B\n41,840,530\n79,286,190\n205,507\n461,811\n132,244\n294,488\n-\n-\n-\n-\nStarKist Co.\n18,528,418\n31,253,539\n-\n-\n-\n-\n-\n-\n-\n2,141,940\nSociete de Conserverie en Afrique S.A.\n2,437,286\n4,144,084\n-\n-\n-\n-\n-\n-\n-\n-\n(주)동원와인플러스\n31,138\n127,869\n-\n-\n7,369\n13,191\n-\n-\n-\n-\n동원로엑스냉장(주)\n17,311\n34,451\n-\n-\n-\n-\n-\n-\n-\n-\n동원로엑스(주)\n101,593\n234,424\n1,374,960\n2,181,168\n8,990,059\n16,764,877\n532,694\n885,439\n-\n-\n농업회사법인 어석합자회사\n4,435\n10,957\n-\n-\n52\n52\n-\n-\n-\n-\n동원건설산업(주)\n-\n41,699\n20,280\n35,476\n2,460\n4,570\n109,371\n109,371\n-\n-\n동원팜스(주)\n361\n1,723\n-\n-\n-\n-\n-\n-\n-\n-\n동원CNS(주)\n-\n417\n-\n-\n-\n-\n-\n-\n-\n-\n(주)동화\n-\n155\n-\n-\n-\n-\n-\n-\n-\n-\n동원부산컨테이너터미널(주)\n-\n984\n-\n-\n-\n-\n-\n-\n-\n-\n동원로엑스인천(주)\n-\n50\n-\n-\n-\n-\n-\n-\n-\n-\n동원디어푸드(주)\n137,891\n266,023\n-\n-\n-\n-\n-\n-\n-\n-\n합 \xa0 \xa0 \xa0 \xa0 \xa0 계\n64,885,112\n119,170,245\n2,760,722\n4,894,089\n10,804,021\n20,163,673\n1,491,042\n2,502,986\n-\n14,551,445\n<전반기>\n(단위: 천원)\n특수관계 구분\n특수관계자명\n매출\n원재료 및 상품 매입\n판매관리비\n유무형자산 매입\n배당금지급\n3개월\n누적\n3개월\n누적\n3개월\n누적\n3개월\n누적\n3개월\n누적\n지배기업\n(주)동원엔터프라이즈\n-\n3,616\n65,565\n121,999\n1,518,304\n2,469,768\n1,281,059\n1,639,782\n-\n12,409,505\n관계기업\n비아이디씨(주)\n-\n363\n-\n-\n-\n-\n-\n-\n-\n-\n기타\n동원산업㈜\n63,696\n190,161\n-\n-\n239,439\n489,103\n-\n-\n-\n-\n(주)동원홈푸드\n1,856,675\n3,805,648\n749,927\n1,415,435\n1,068\n1,627\n-\n-\n-\n-\n(주)동원F&B\n35,452,779\n70,054,493\n211,947\n469,808\n68,508\n154,171\n-\n-\n-\n-\nStarKist Co.\n10,479,123\n25,140,817\n-\n-\n-\n-\n-\n-\n-\n-\nSociete de Conserverie en Afrique S.A.\n2,539,477\n4,774,239\n-\n-\n-\n-\n-\n-\n-\n-\n(주)동원와인플러스\n31,580\n125,950\n53\n53\n7,369\n10,444\n-\n-\n-\n-\n동원로엑스냉장(주)\n11,128\n25,966\n-\n-\n-\n-\n-\n-\n-\n-\n동원로엑스(주)\n113,688\n245,300\n670,068\n1,134,425\n7,425,847\n13,576,030\n36,014\n60,425\n-\n-\n농업회사법인 어석합자회사\n4,057\n4,057\n-\n-\n-\n-\n-\n-\n-\n-\n동원건설산업(주)\n-\n2,929\n-\n-\n2,010\n4,020\n820,000\n820,000\n-\n-\n동원팜스(주)\n750\n1,500\n-\n-\n-\n-\n-\n-\n-\n-\n㈜동화\n-\n56\n-\n-\n-\n-\n-\n-\n-\n-\n동원부산컨테이너터미널(주)\n-\n999\n-\n-\n-\n-\n-\n-\n-\n-\n동원로엑스인천(주)\n-\n47\n-\n-\n-\n-\n-\n-\n-\n-\n(재)동원육영재단\n-\n107\n-\n-\n-\n-\n-\n-\n-\n-\n동원디어푸드(주)\n17,480\n17,480\n-\n-\n-\n-\n-\n-\n-\n-\n합 \xa0 \xa0 \xa0 \xa0 \xa0 계\n50,570,433\n104,393,728\n1,697,560\n3,141,720\n9,262,545\n16,705,163\n2,137,073\n2,520,207\n-\n12,409,505\n(3) 당반기말과 전기말 현재 특수관계자에 대한 채권ㆍ채무내역은 다음과 같습니다.\n(단위: 천원)\n특수관계 구분\n특수관계자명\n당반기말\n전기말\n채 \xa0권\n채 \xa0무\n채 \xa0권\n채 \xa0무\n매출채권\n기타채권\n매입채무\n기타채무\n매출채권\n기타채권\n매입채무\n기타채무\n지배기업\n㈜동원엔터프라이즈\n-\n-\n-\n2,884,643\xa0\n-\n-\n2,196\n1,420,450\n관계기업\n한국태양보성1호발전소(주)(*1)\n23,767\n-\n-\n-\n23,767\n-\n-\n-\n기타\n동원산업(주)(*2)\n9,346\n1,915,020\n-\n1,680,306\n8,993\n2,035,881\n-\n2,471,360\n동원로엑스(주)\n52,452\n-\n-\n3,637,150\n41,428\n-\n-\n2,813,612\n(주)동원홈푸드\n618,124\n-\n142,712\n266,441\n779,426\n-\n27,778\n237,950\n(주)동원F&B(*2)\n16,149,481\n499,935\n32,151\n2,506,131\n16,050,549\n500,486\n26,836\n2,945,368\nStarKist Co.\n4,708,528\n-\n-\n-\n2,258,514\n-\n-\n81,963\nSociete de Conserverie en Afrique S.A.\n2,769,242\n-\n-\n-\n3,866,112\n-\n-\n-\n(주)동원와인플러스\n-\n-\n-\n2,070\n67,573\n-\n-\n1,394\n농업회사법인 어석합자회사\n1,285\n-\n-\n-\n1,471\n-\n-\n-\n동원건설산업(주)\n98\n-\n-\n130,332\n-\n-\n-\n70,090\n동원팜스\n-\n133\n-\n-\n330\n-\n-\n-\n동원로엑스냉장(주)\n9,521\n-\n-\n-\n8,161\n-\n-\n-\n동원디어푸드(주)\n34,541\n-\n-\n150\n43,620\n-\n-\n1,100\n합 \xa0 \xa0 \xa0 \xa0 \xa0 계\n24,376,385\n2,415,088\n174,863\n11,107,223\n23,149,944\n2,536,367\n56,810\n10,043,287\n(*1) 전기 이전에 전액 손상차손을 인식하였습니다.(*2) 기타채무에 특수관계자의 리스부채가 포함되어 있습니다.\n(4) 당반기와 전반기 중 연결기업의 주요경영진에 대한 보상내역은 다음과 같습니다.\n(단위: 천원)\n분 \xa0 \xa0 \xa0류\n당반기\n전반기\n단기급여\n2,077,841\n1,503,447\n퇴직급여\n257,282\n194,953\n합 \xa0 \xa0 계\n2,335,123\n1,698,400\n주요경영진에는 등기 임원인 이사(사외이사 포함) 및 감사를 포함하였습니다.\n(5) 당반기말 현재 연결기업이 특수관계자로부터 제공받고 있는 보증의 내역은 다음과 같습니다.\n(단위: 천원, 천 USD)\n구 분\n제공자\n내용\n제공받은 회사\n보증금액\n차입금액\n지급보증처\n지배기업\n(주)동원엔터프라이즈\n인수자금대출\nTALOFA SYSTEMS AMERICAN SAMOA, INC\n23,272,200 ( USD 18,000)\n12,929,000 (USD 10,000)\n신한은행\n\xa0(6) 연결기업은 당반기말 현재 관계기업인 진안물사랑(주)의 임대형 민간투자사업과 관련된 대출약정 등과 관련하여 자금 제공의무 분담비율에 따라 다른 건설사 및 운영출자자와 연대하여 자금보충의무를 부담하고 있습니다(주석 33참조).\n33. 우발부채 및 약정사항\n(1) 당반기말 현재 연결기업은 이행보증 계약과 관련하여 백지어음 1매를 담보로 제공하고 있습니다.\xa0\n(2) 당반기말 현재 연결기업이 피고로 계류중인 소송사건은 6건이며, 소송금액은 226,406천원입니다. 소송 등의 최종 결과 및 영향은 합리적으로 예측할 수 없으며, 연결기업의 경영진은 연결기업의 재무상태에 중요한 영향을 미치지 않을 것으로 판단하고 있습니다. 한편, 당반기말 현재 연결기업이 원고로 계류중인 소송사건은 5건입니다.(3) 연결기업은 당반기말 및 전기말 현재 관계기업인 진안물사랑(주)의 임대형 민간투자사업과 관련된 대출약정 등과 관련하여 현재 부담하거나 장래에 부담하게 될 모든 채무(약정한도 : 29,342,000천원)에 대하여 자금 제공의무 분담비율에 따라 다른 건설사 및 운영출자자와 연대하여 자금보충의무를 부담하고 있으며, 연결기업이 보유 중인 진안물사랑㈜의 주식을 담보로 제공하고 있습니다.\n(4) 당반기말 현재 연결기업이 타인에게 제공하는 보증의 내역은 다음과 같습니다.\n(단위: 천원)\n구 \xa0 \xa0분\n제공받는자\n물건 또는 내용\n금 \xa0 \xa0액\n근저당권설정\n횡성군\n토지\n12,000,000\n근저당권설정\n공주시\n토지\n4,680,400\n근저당권설정\nIBK기업은행\n토지, 건물\n2,000,000\n근저당권설정\nIBK기업은행\n기계장치\n756,000\n양도담보설정\nKDB산업은행\n기계장치\n28,004,738\n합 \xa0 \xa0 \xa0 계\n47,441,138\n(5) 당반기말 현재 연결기업이 타인으로부터 제공받은 보증의 내역은 다음과 같습니다.\n(단위: 천원)\n구 \xa0 \xa0분\n제공자\n금 \xa0 \xa0액\n이행보증 등\n서울보증보험\n10,761,664\n(6) 연결기업은 일본도요글라스와 유리용기 제조에 관한 기술도입 계약을 체결하고 있으며, 동 계약에 따라 로열티를 지급하고 있습니다.\n34. 현금흐름표\n(1) 당반기와 전반기 중 현금의 유입과 유출이 없는 중요한 거래내용은 다음과 같습니다.\n(단위: 천원)\n구 \xa0 \xa0 \xa0 \xa0 \xa0분\n당반기\n전반기\n건설중인자산의 본계정 대체\n22,934,266\n73,085,487\n유형자산 취득관련 미지급금\n(1,202,353)\n(4,387,712)\n무형자산 취득관련 미지급금\n452,608\n67,790\n장기차입금의 유동성대체\n6,464,500\n25,587,450\n리스부채의 유동성대체\n(1,191,402)\n349,192\n(2) 당반기 및 전반기의 재무활동에서 발생한 부채의 변동내역은 다음과 같습니다.\n<당반기>\n(단위: 천원)\n구분\n당기초\n재무현금흐름\n비현금변동\n당반기말\n현금유입(차입)\n현금유출(상환)\n사채할인발행차금\n배당결의\n기타(*)\n단기차입금\n185,502,804\n112,112,133\n(117,202,804)\n-\n-\n37,209\n180,449,342\n장기차입금\n148,502,500\n-\n(6,162,750)\n-\n-\n1,309,250\n143,649,000\n사채\n129,596,712\n-\n-\n61,216\n-\n-\n129,657,928\n유동성사채\n99,935,091\n-\n-\n55,339\n-\n-\n99,990,430\n리스부채\n6,961,865\n-\n(800,546)\n-\n-\n(578,084)\n5,583,235\n임대보증금\n714,959\n5,000\n(160,000)\n-\n-\n-\n559,959\n미지급배당금\n-\n-\n(17,588,435)\n-\n17,588,435\n-\n-\n재무활동 관련 총 부채\n571,213,931\n112,117,133\n(141,914,535)\n116,555\n17,588,435\n768,375\n559,889,894\n(*) 외화환산으로 인한 변동이 포함되어 있습니다.\n<전반기>\n(단위: 천원)\n구분\n당기초\n재무현금흐름\n비현금변동\n당반기말\n현금유입(차입)\n현금유출(상환)\n사채할인발행차금\n배당결의\n기타(*)\n단기차입금\n99,000,000\n40,044,054\n(700,000)\n-\n-\n3,402,916\n141,746,970\n장기차입금\n100,000,000\n146,762,350\n(80,000,000)\n-\n-\n187,650\n166,950,000\n사채\n229,643,025\n-\n-\n119,729\n-\n-\n229,762,754\n리스부채\n7,649,210\n-\n(851,151)\n-\n-\n938,731\n7,736,790\n임대보증금\n414,959\n425,000\n(20,000)\n-\n-\n20,000\n839,959\n미지급배당금\n-\n-\n(15,445,628)\n-\n15,445,628\n-\n-\n재무활동 관련 총 부채\n436,707,194\n187,231,404\n(97,016,779)\n119,729\n15,445,628\n4,549,297\n547,036,473\n(*) 외화환산으로 인한 변동이 포함되어 있습니다.\n35. 영업부문\n(1) 연결기업은 전략적으로 단일의 보고부문을 가지고 있습니다. 최고영업의사결정자는 단일의 영업단위에 대한 내부 보고자료를 최소한 분기 단위로 검토하고 있습니다. 당반기와 전반기 중 단일 외부 고객으로부터의 수익이 연결 총 수익의 10% 이상인 주요 고객과의 거래 내역은 다음과 같습니다.\n(단위: 천원)\n고객명\n당반기\n전반기\n(주)동원F&B 및 그 종속기업\n83,257,091\n73,860,141\n(2) 지역별 매출정보\n(단위: 천원)\n지역\n당반기\n전반기\n국내\n601,210,352\n537,336,006\n해외\n106,797,131\n70,568,015\n합계\n708,007,483\n607,904,021\n36. 보고기간 후 사건(1) 지배기업은 주주가치 제고를 위하여 보유중인 자기주식 198,376주를 2022년 08월 02일 기준으로 임의/무상 소각을 진행하였습니다.\n(단위: 천원)\n감자주식의 종류\n주식수(주)\n금액\n주당 액면가액\n보통주식\n197,129\n985,645\n5,000원\n기타주식\n1,247\n6,235\n5,000원\n합계\n198,376\n991,880\n자기주식 소각으로 인하여 지배기업이 보유한 주식수는 보통주 29,188,411주, 우선주 265,358주에서 보통주 28,991,282주, 우선주 264,111주로 감소하였습니다.\n37. 코로나19의 영향의 불확실성\n코로나19의 확산을 차단하기 위하여 전 세계적으로 이동 제한을 포함한 다양한 예방및 통제가 시행되고 있으며, 그 결과 전 세계 경제가 광범위한 영향을 받고 있습니다.또한, 코로나19에 대처하기 위한 다양한 형태의 정부지원 정책이 발표되고 있습니 다.연결기업은 코로나19의 영향과 정부지원 정책으로 영향을 받는 항목은 주로 매출채권의 회수가능성(주석 6 참조), 재고자산의 손상(주석 7 참조), 유ㆍ무형자산의 손상(주석 11, 12 참조) 등 입니다. 연결기업은 코로나19가 연결기업에 미치는 영향을 합리적으로 추정하여 연결재무제표를 작성하였습니다.그러나, 코로나19상황에서 코로나19의 종식시점 및 코로나19가 연결기업에 미치는 영향의 추정에 중요한 불확실성이 존재합니다.\n4. 재무제표\n재무상태표\n제 43 기 반기말 2022.06.30 현재\n제 42 기말 \xa0 \xa0 \xa0 \xa02021.12.31 현재\n(단위 : 원)\n\u3000\n제 43 기 반기말\n제 42 기말\n자산\n\u3000\n\u3000\n\u3000유동자산\n583,956,899,479\n469,122,566,783\n\u3000\u3000현금및현금성자산\n46,209,966,447\n60,158,157,913\n\u3000\u3000당기손익-공정가치측정금융자산\n57,784,046,848\n\u3000\n\u3000\u3000매출채권 및 기타채권\n231,019,760,607\n218,335,433,969\n\u3000\u3000재고자산\n245,945,811,980\n186,635,936,856\n\u3000\u3000기타유동자산\n2,997,313,597\n3,974,749,901\n\u3000\u3000파생상품자산\n\u3000\n18,288,144\n\u3000비유동자산\n874,513,794,096\n898,650,657,751\n\u3000\u3000장기금융상품\n5,000,000\n5,500,000\n\u3000\u3000기타포괄손익-공정가치 측정 금융자산\n8,382,000\n8,382,000\n\u3000\u3000비유동기타채권\n3,589,839,054\n3,553,420,861\n\u3000\u3000종속기업투자 및 관계기업투자\n133,523,026,696\n163,523,026,696\n\u3000\u3000유형자산\n595,739,609,754\n585,869,343,237\n\u3000\u3000무형자산\n44,818,096,059\n43,916,564,188\n\u3000\u3000영업권\n85,720,758,002\n85,720,758,002\n\u3000\u3000투자부동산\n5,365,535,197\n5,368,676,471\n\u3000\u3000확정급여자산\n77,593,166\n3,828,690,455\n\u3000\u3000사용권자산\n5,665,954,168\n6,856,295,841\n\u3000자산총계\n1,458,470,693,575\n1,367,773,224,534\n부채\n\u3000\n\u3000\n\u3000유동부채\n498,440,646,630\n427,394,668,195\n\u3000\u3000매입채무 및 기타채무\n202,653,238,874\n178,561,917,232\n\u3000\u3000단기차입금\n179,300,000,000\n133,800,000,000\n\u3000\u3000유동성사채\n99,990,430,014\n99,935,091,416\n\u3000\u3000당기법인세부채\n12,774,828,345\n11,606,933,815\n\u3000\u3000유동리스부채\n1,405,469,234\n1,696,285,909\n\u3000\u3000기타유동부채\n2,316,680,163\n1,794,439,823\n\u3000비유동부채\n283,165,211,262\n285,239,365,624\n\u3000\u3000사채\n129,657,927,233\n129,596,711,440\n\u3000\u3000장기차입금\n130,720,000,000\n130,720,000,000\n\u3000\u3000기타장기급여채무\n2,690,180,917\n2,947,371,773\n\u3000\u3000장기매입채무및기타채무\n\u3000\n110,000,000\n\u3000\u3000이연법인세부채\n16,239,326,102\n16,923,888,690\n\u3000\u3000리스부채\n3,857,777,010\n4,941,393,721\n\u3000부채총계\n781,605,857,892\n712,634,033,819\n자본\n\u3000\n\u3000\n\u3000자본금\n147,268,845,000\n147,268,845,000\n\u3000주식발행초과금\n81,051,608,602\n81,051,608,602\n\u3000기타자본\n231,256,652,386\n231,282,985,790\n\u3000적립금\n20,305,182,156\n18,548,538,021\n\u3000이익잉여금\n196,982,547,539\n176,987,213,302\n\u3000자본총계\n676,864,835,683\n655,139,190,715\n부채 및 자본 총계\n1,458,470,693,575\n1,367,773,224,534\n포괄손익계산서\n제 43 기 반기 2022.01.01 부터 2022.06.30 까지\n제 42 기 반기 2021.01.01 부터 2021.06.30 까지\n(단위 : 원)\n\u3000\n제 43 기 반기\n제 42 기 반기\n3개월\n누적\n3개월\n누적\n수익(매출액)\n346,838,969,647\n648,127,061,483\n172,648,822,414\n325,561,861,978\n\u3000제품매출\n290,567,176,631\n538,534,218,521\n132,742,949,064\n243,523,053,712\n\u3000상품매출\n41,561,393,066\n83,410,421,866\n34,836,134,735\n72,540,171,329\n\u3000용역매출\n3,035,912,993\n5,328,712,420\n2,274,968,338\n4,460,977,576\n\u3000기타매출\n11,674,486,957\n20,853,708,676\n2,794,770,277\n5,037,659,361\n매출원가\n300,649,165,472\n570,351,590,064\n148,495,584,257\n282,454,838,821\n\u3000제품매출원가\n258,712,596,431\n487,544,861,138\n114,620,274,112\n212,708,667,603\n\u3000상품매출원가\n38,339,014,757\n76,892,004,725\n31,706,566,671\n65,516,305,229\n\u3000용역매출원가\n2,938,877,302\n5,126,975,849\n2,168,743,474\n4,229,865,989\n\u3000기타매출원가\n658,676,982\n787,748,352\n\u3000\n\u3000\n매출총이익\n46,189,804,175\n77,775,471,419\n24,153,238,157\n43,107,023,157\n판매비와관리비\n15,906,384,564\n31,227,215,501\n10,390,635,895\n17,400,235,920\n영업이익(손실)\n30,283,419,611\n46,548,255,918\n13,762,602,262\n25,706,787,237\n영업외손익\n5,837,881,948\n4,216,161,756\n1,021,303,316\n146,727,990\n금융수익\n6,457,712,895\n6,758,169,509\n2,969,134,281\n2,993,529,906\n금융원가\n3,103,763,992\n5,861,375,457\n1,818,806,672\n3,500,731,103\n기타수익\n3,622,373,983\n5,373,880,924\n430,901,876\n1,936,868,582\n기타비용\n1,138,440,938\n2,054,513,220\n559,926,169\n1,282,939,395\n법인세비용차감전순이익(손실)\n36,121,301,559\n50,764,417,674\n14,783,905,578\n25,853,515,227\n법인세비용\n8,758,446,521\n11,445,997,952\n3,652,389,835\n3,872,583,945\n당기순이익(손실)\n27,362,855,038\n39,318,419,722\n11,131,515,743\n21,980,931,282\n법인세비용차감후 기타포괄손익\n(879,832,395)\n(26,333,404)\n178,536,210\n558,154,472\n\u3000후속기간에 당기손익으로 재분류되지 않는항목\n(879,832,395)\n(26,333,404)\n178,536,210\n558,154,472\n\u3000\u3000확정급여부채의 재측정요소\n(879,832,395)\n(26,333,404)\n178,536,210\n558,154,472\n총포괄이익\n26,483,022,643\n39,292,086,318\n11,310,051,953\n22,539,085,754\n주당이익\n\u3000\n\u3000\n\u3000\n\u3000\n\u3000보통주 기본및희석주당이익 (단위 : 원)\n935\n1,344\n433\n855\n\u3000우선주 기본및희석주당이익 (단위 : 원)\n946\n1,366\n446\n880\n자본변동표\n제 43 기 반기 2022.01.01 부터 2022.06.30 까지\n제 42 기 반기 2021.01.01 부터 2021.06.30 까지\n(단위 : 원)\n\u3000\n자본\n자본금\n주식발행초과금\n기타자본\n적립금\n이익잉여금\n자본 \xa0합계\n2021.01.01 (기초자본)\n129,419,345,000\n81,051,608,602\n22,113,892,060\n17,006,005,391\n158,750,570,266\n408,341,421,319\n총포괄손익\n반기순이익\n\u3000\n\u3000\n\u3000\n\u3000\n21,980,931,282\n21,980,931,282\n확정급여부채의 재측정요소\n\u3000\n\u3000\n558,154,472\n\u3000\n\u3000\n558,154,472\n자본에 직접 반영된 소유주와의 거래 등 소계\n연차배당\n\u3000\n\u3000\n\u3000\n\u3000\n(15,425,326,300)\n(15,425,326,300)\n법정적립금의 전입\n\u3000\n\u3000\n\u3000\n1,542,532,630\n(1,542,532,630)\n\u3000\n2021.06.30 (기말자본)\n129,419,345,000\n81,051,608,602\n22,672,046,532\n18,548,538,021\n163,763,642,618\n415,455,180,773\n2022.01.01 (기초자본)\n147,268,845,000\n81,051,608,602\n231,282,985,790\n18,548,538,021\n176,987,213,302\n655,139,190,715\n총포괄손익\n반기순이익\n\u3000\n\u3000\n\u3000\n\u3000\n39,318,419,722\n39,318,419,722\n확정급여부채의 재측정요소\n\u3000\n\u3000\n(26,333,404)\n\u3000\n\u3000\n(26,333,404)\n자본에 직접 반영된 소유주와의 거래 등 소계\n연차배당\n\u3000\n\u3000\n\u3000\n\u3000\n(17,566,441,350)\n(17,566,441,350)\n법정적립금의 전입\n\u3000\n\u3000\n\u3000\n1,756,644,135\n(1,756,644,135)\n\u3000\n2022.06.30 (기말자본)\n147,268,845,000\n81,051,608,602\n231,256,652,386\n20,305,182,156\n196,982,547,539\n676,864,835,683\n현금흐름표\n제 43 기 반기 2022.01.01 부터 2022.06.30 까지\n제 42 기 반기 2021.01.01 부터 2021.06.30 까지\n(단위 : 원)\n\u3000\n제 43 기 반기\n제 42 기 반기\n영업활동으로 인한 현금흐름\n30,031,795,969\n9,961,213,269\n\u3000반기순이익\n39,318,419,722\n21,980,931,282\n\u3000조정:\n46,964,339,887\n26,983,246,400\n\u3000\u3000법인세비용\n11,445,997,952\n3,872,583,945\n\u3000\u3000이자비용\n5,824,660,349\n3,496,758,497\n\u3000\u3000이자수익\n(385,531,732)\n(43,695,049)\n\u3000\u3000배당금수익\n(6,258,875,834)\n(2,949,834,857)\n\u3000\u3000유형자산감가상각비\n31,263,720,945\n16,525,223,216\n\u3000\u3000투자부동산감가상각비\n3,141,274\n3,141,274\n\u3000\u3000무형자산상각비\n1,630,014,169\n335,926,512\n\u3000\u3000사용권자산상각비\n870,988,170\n663,472,961\n\u3000\u3000재고자산평가손실\n\u3000\n514,460,235\n\u3000\u3000퇴직급여원가\n3,153,452,976\n1,577,093,565\n\u3000\u3000기타장기종업원급여\n130,331,544\n187,547,430\n\u3000\u3000매출채권손상차손\n696,715,453\n2,921,043,693\n\u3000\u3000외화환산손실\n468,486,535\n134,646,845\n\u3000\u3000외화환산이익\n(1,403,041,202)\n(254,678,521)\n\u3000\u3000유형자산처분이익\n(69,420,971)\n(1,499,000)\n\u3000\u3000유형자산처분손실\n25,193,142\n2,348,000\n\u3000\u3000단기금융상품처분손실\n2,466,275\n\u3000\n\u3000\u3000당기손익-공정가치측정금융자산평가이익\n(4,467,654)\n\u3000\n\u3000\u3000파생상품평가손실\n\u3000\n3,972,606\n\u3000\u3000파생상품거래손실\n34,248,833\n\u3000\n\u3000\u3000파생상품거래이익\n(109,294,289)\n\u3000\n\u3000\u3000잡이익\n(68,089,885)\n(18,919,538)\n\u3000\u3000리스해지수수료\n\u3000\n13,654,586\n\u3000\u3000종속기업투자주식처분이익\n(286,356,163)\n\u3000\n\u3000운전자본의 변동:\n(45,473,467,260)\n(32,024,754,663)\n\u3000\u3000매출채권\n(12,212,268,786)\n(19,625,651,540)\n\u3000\u3000기타채권\n(204,569,129)\n(882,098,220)\n\u3000\u3000재고자산\n(59,309,875,124)\n(20,424,378,355)\n\u3000\u3000기타유동자산\n977,586,234\n(423,123,316)\n\u3000\u3000매입채무\n21,507,906,358\n8,093,015,020\n\u3000\u3000기타채무\n2,474,745,873\n1,153,539,240\n\u3000\u3000기타유동부채\n722,240,340\n597,339,258\n\u3000\u3000순확정급여부채\n958,289,374\n(459,096,750)\n\u3000\u3000기타장기급여채무\n(387,522,400)\n(54,300,000)\n\u3000법인세의 납부\n(10,777,496,380)\n(6,978,209,750)\n투자활동으로 인한 현금흐름\n(65,506,164,387)\n(36,489,577,464)\n\u3000이자수취\n318,522,441\n10,724,922\n\u3000배당금수취\n6,258,875,834\n2,949,834,857\n\u3000단기대여금의 증가\n\u3000\n(3,950,000)\n\u3000당기손익-공정가치측정금융자산의 취득\n(57,779,579,194)\n\u3000\n\u3000단기금융상품의 감소\n27,117,535\n\u3000\n\u3000단기금융상품의 증가\n(29,750,000)\n\u3000\n\u3000장기금융상품의 감소\n2,500,000\n\u3000\n\u3000장기금융상품의 증가\n(2,000,000)\n\u3000\n\u3000장기대여금의 감소\n600,000\n\u3000\n\u3000기타포괄손익-공정가치측정금융자산의 취득\n\u3000\n(5,000,000)\n\u3000유형자산의 취득\n(44,051,326,345)\n(24,050,998,917)\n\u3000유형자산의 처분\n229,068,011\n411,555,600\n\u3000무형자산의 취득\n(548,792,932)\n(460,023,576)\n\u3000기타보증금의 증가\n\u3000\n(215,000)\n\u3000임차보증금의 증가\n(624,500,000)\n(339,799,100)\n\u3000임차보증금의 감소\n313,410,500\n120,186,000\n\u3000파생상품의 정산\n93,333,600\n\u3000\n\u3000종속기업투자의 처분\n60,286,356,163\n\u3000\n\u3000종속기업투자의 취득\n(30,000,000,000)\n(15,121,892,250)\n재무활동으로 인한 현금흐름\n21,335,937,367\n19,925,870,590\n\u3000이자의 지급\n(5,674,074,234)\n(3,466,672,752)\n\u3000단기차입금의 차입\n111,000,000,000\n39,000,000,000\n\u3000단기차입금의 상환\n(65,500,000,000)\n\u3000\n\u3000보증금의 증가\n5,000,000\n425,000,000\n\u3000보증금의 감소\n(160,000,000)\n\u3000\n\u3000배당금의 지급\n(17,566,441,350)\n(15,425,326,300)\n\u3000리스부채의 감소\n(768,547,049)\n(607,130,358)\n외화표시 현금및현금성자산의 환율변동효과\n190,239,585\n(4,144,961)\n현금및현금성자산의순증가(감소)\n(13,948,191,466)\n(6,606,638,566)\n기초 현금및현금성자산\n60,158,157,913\n15,896,270,306\n반기말 현금및현금성자산\n46,209,966,447\n9,289,631,740\n5. 재무제표 주석\n제 43 (당)기 반기 2022년 1월 1일 부터 2022년 06월 30일 까지\n제 42 (전)기 반기 2021년 1월 1일 부터 2021년 06월 30일 까지\n동원시스템즈 주식회사\n1. 당사의 개요동원시스템즈 주식회사(이하 ""당사"")는 통신기기 제조업을 주사업목적으로 하여 \xa0 \xa0 \xa01980년 5월 10일에 설립되었으며, 1994년 3월 29일 주식을 한국거래소에 상장한 \xa0상장법인입니다. 당반기말 현재 당사는 포장재 및 알미늄 압연박 제조 등을 영위하고있으며, 본사는 충청남도 아산시에 위치하고 있고 충청북도 진천군, 경상남도 함안군등에 공장을 보유하고 있습니다. 당사는 2005년 3월 1일자로 (주)동원이엔씨를 합병하였고 2013년 1월 1일을 기준일로 (주)대한은박지를 흡수합병하였으며, 동일자로 건설부문과 통신부문을 물적분할하여 동원건설산업(주)와 동원티앤아이(주)를 설립하였습니다. 한편, 당사는 2015년10월 23일자로 Tan Tien Plastic Packaging Joint Stock Company 및 Minh Viet \xa0 \xa0Packaging One Member Company Limited를 인수하였고, 2016년 중 동원티앤아이(주)를 매각하였으며, 2017년 9월 1일자로 (주)한진피앤씨를 흡수합병하였습니다. 그리고 2021년 10월 1일 및 11월 1일자로 각각 (주)테크팩솔루션과 (주)엠케이씨를 흡수합병하였습니다.당사의 설립시 자본금은 30백만원이었으며, 그 후 수차례의 증자를 거쳐 당반기말 현재의 자본금은 보통주자본금 145,942백만원, 우선주자본금 1,327백만원으로 구성되어 있습니다.\n당반기말 현재 당사의 주요 주주현황은 다음과 같습니다.\n주 \xa0 \xa0 주\n보통주\n우선주\n주식수(주)\n지분율(%)\n주식수(주)\n지분율(%)\n(주)동원엔터프라이즈\n\xa020,594,057\n70.55\n81,648\n30.77\nStarkist Co.\n3,569,900\n12.23\n-\n-\n기타\n5,024,454\n17.22\n183,710\n69.23\n합 \xa0 계\n29,188,411\n100.00\n265,358\n100.00\n2. 재무제표 작성기준2.1 재무제표 작성기준당사의 반기재무제표는 \'주식회사 등의 외부감사에 관한 법률\'에 따라 제정된 한국채택국제회계기준 기업회계기준서 제 1034호에 따라 작성되었습니다.중간재무제표는 연차재무제표에 기재할 것으로 요구되는 모든 정보 및 주석사항을 포함하고 있지 아니하므로, 2021년 12월 31일로 종료되는 회계기간에 대한 연차재무제표의 정보도 함께 참고하여야 합니다.2.2 제·개정된 기준서의 내용중간재무제표를 작성하기 위하여 채택한 중요한 회계정책은 다음의 2022년 1월 1일부터 적용되는 기준서를 제외하고는 2021년 12월 31일로 종료되는 회계기간에 대한연차재무제표 작성시 채택한 회계정책과 동일합니다. 당사는 공표되었으나 시행되지않은 기준서, 해석서, 개정사항을 조기적용한 바 없습니다.여러 개정사항과 해석서가 2022년부터 최초 적용되며, 당사의 중간재무제표에 미치는 영향은 없습니다.\n2.2.1 기업회계기준서 제1037호 \'충당부채, 우발부채, 우발자산\' 개정 - 손실부담계약의 의무이행 원가손실부담계약은 계약상 의무 이행에 필요한 회피 불가능 원가가 그 계약에서 받을 것으로 예상되는 경제적 효익을 초과하는 계약입니다. 동 개정사항은 계약이 손실부담계약인지 판단할 때 재화나 용역을 제공하기 위한 계약과 직접 관련된 원가는 계약을이행하는 데 드는 증분원가(예: 재료원가 및 노무원가)와 계약 이행에 직접 관련되는 그 밖의 원가 배분액(예: 그 계약을 이행하는데 사용하는 유형자산 항목에 대한 감가상각비 배분액이나 그 계약을 관리·감독하는데 드는 원가의 배분액) 모두 포함하도록 합니다. 일반 관리 원가는 계약에 직접적으로 관련되지 않으며 계약에 따라 거래상대방에게 명시적으로 부과될 수 없다면 제외됩니다.이 개정사항이 당사의 중간재무제표에 미치는 영향은 없습니다.2.2.2 기업회계기준서 제1103호 \'사업결합\' 개정 - 재무보고를 위한 개념체계 참조\n동 개정사항은 이전에 발표된 \'재무제표의 작성과 표시를 위한 개념체계\'를 2018년 \xa03월에 발표된 \'재무보고를 위한 개념체계\'의 참조로 변경시, 유의적인 요구사항의 변경이 없도록 합니다.\n기업회계기준서 제1037호 \'충당부채, 우발부채, 우발자산\' 또는 기업회계기준해석서제2121호 \'부담금\'의 적용 범위에 해당되는 부채와 우발부채에서 day 2 손익이 발생하지 않도록, 기업회계기준서 제1103호 \'사업결합\'의 인식 원칙에 예외를 추가하였습니다. 이 예외사항은 취득일에 현재의무가 존재하는지를 판단하기 위하여 개념체계 대신에 기업회계기준서 제1037호 \'충당부채, 우발부채, 우발자산\' 또는 기업회계기준해석서 제2121호 \'부담금\'의 기준을 적용하도록 요구합니다.동 개정사항은 또한 우발자산이 취득일에 인식될 수 없다는 것을 명확히 하기 위해 기업회계기준서 제1103호 \'사업결합\'에 새로운 문단을 추가하였습니다.\xa0\n\xa0\n동 개정사항이 당사의 중간재무제표에 미치는 영향은 없습니다.\xa0\n2.2.3 기업회계기준서 제1016호 \'유형자산\' 개정 - 의도한 사용전의 매각금액\n동 개정사항은 경영진이 의도하는 방식으로 자산을 가동하는 데 필요한 장소와 상태에 이르게 하는 동안 발생하는 재화의 순매각가액을 원가에서 차감하지 않도록 합니다. 대신에, 기업은 그러한 품목을 판매하여 얻은 수익과 품목을 생산하는데 드는 원가를 각각 당기손익으로 인식합니다.\xa0\n동 개정사항이 당사의 중간재무제표에 미치는 영향은 없습니다.\n\xa0\n2.2.4 기업회계기준서 제1101호 \'한국채택국제회계기준의 최초채택\' - \xa0최초채택기업인 종속기업 \n동 개정사항은 종속기업이 기업회계기준서 제1101호 한국채택국제회계기준의 최초채택 문단 D16(1)을 적용하기로 선택한 경우 종속기업이 지배기업의 한국채택국제회계기준 전환일에 기초하여 지배기업이 보고한 금액을 사용하여 누적환산차이를 측정할 수 있도록 허용합니다. 이 개정사항은 동 기준서 문단 D16(1)을 적용하기로 선택한 관계기업 또는 공동기업에도 적용됩니다.\n동 개정사항이 당사의 중간재무제표에 미치는 영향은 없습니다.2.2.5 기업회계기준서 제1109호 \'금융상품\' - 금융부채 제거 목적의 10% 테스트 관련 수수료동 개정사항은 새로운 금융부채나 변경된 금융부채의 조건이 기존의 금융부채의 조건과 실질적으로 다른지를 평가할 때 기업이 포함하는 수수료를 명확히 합니다. 이러한 수수료에는 채권자와 채무자 간에 지급하거나 수취한 수수료와 채권자와 채무자가 서로를 대신하여 지급하거나 수취한 수수료만 포함됩니다. 기업회계기준서 제1039호 \'금융상품: 인식과 측정\'에 대한 제한된 유사한 개정사항은 없습니다.\n동 개정사항이 당사의 중간재무제표에 미치는 영향은 없습니다.\xa0\n2.2.6 기업회계기준서 제1041호 \'농림어업\' - 공정가치 측정 시 세금 고려\n동 개정사항은 기업회계기준서 제1041호 \'농립어업\'의 적용 범위에 해당되는 자산의공정가치를 측정할 때 세금 관련 현금흐름을 포함하지 않는 문단 22의 요구사항을 삭제하였습니다.\xa0\n동 개정사항이 당사의 중간재무제표에 미치는 영향은 없습니다.\n3. 현금 및 현금성자산\n당반기말과 전기말 현재 현금 및 현금성자산의 구성내역은 다음과 같습니다.\n(단위: 천원)\n구 \xa0 \xa0 분\n당반기말\n전기말\n보유현금\n8,960\n3,090\n요구불예금\n46,201,006\n60,155,068\n합 \xa0 \xa0 계\n46,209,966\n60,158,158\n4. 사용이 제한된 예금당반기말과 전기말 현재 사용이 제한된 예금의 내용은 다음과 같습니다.\n(단위: 천원)\n계정과목\n당반기말\n전기말\n사용제한내용\n현금및현금성자산\n109,219\n108,881\n질권설정\n장기금융상품\n5,000\n5,500\n당좌개설보증금\n\xa0 \xa0 \xa0 \xa0 \xa0 \xa0합 \xa0 \xa0 계\n114,219\n114,381\n\u3000\n5. 매출채권 및 기타채권(1) 당반기말과 전기말 현재 매출채권 및 기타채권의 내역은 다음과 같습니다.\n(단위: 천원)\n구 \xa0 \xa0 \xa0분\n당반기말\n전기말\n유동\n비유동\n유동\n비유동\n매출채권\n225,114,402\n-\n212,767,523\n-\n미수금\n5,408,849\n200,000\n4,994,039\n400,000\n미수수익\n9,961\n-\n6,734\n-\n대여금\n-\n10,600\n-\n11,200\n보증금\n486,548\n3,379,239\n567,137\n3,142,221\n합 \xa0 \xa0 \xa0계\n231,019,760\n3,589,839\n218,335,433\n3,553,421\n(2) 매출채권 및 기타채권은 손상차손이 차감된 순액으로 재무상태표에 표시되어 있는 바, 당반기말과 전기말 현재 손상차손 차감전 총액 기준에 의한 매출채권 및 기타채권과 관련 손상차손의 내역은 다음과 같습니다.\n(단위: 천원)\n구 \xa0 \xa0 분\n당반기말\n전기말\n유동\n비유동\n유동\n비유동\n매출채권및기타채권 총장부금액\n237,567,623\n27,605,114\n223,986,581\n27,568,696\n손상차손:\n\xa0- 매출채권\n(6,415,652)\n-\n(5,518,937)\n-\n\xa0- 미수금\n(83,097)\n-\n(83,097)\n-\n\xa0- 미수수익\n(12,516)\n-\n(12,516)\n-\n\xa0- 대여금\n(36,598)\n(24,015,275)\n(36,598)\n(24,015,275)\n손상차손 합계\n(6,547,863)\n(24,015,275)\n(5,651,148)\n(24,015,275)\n매출채권및기타채권 순장부금액\n231,019,760\n3,589,839\n218,335,433\n3,553,421\n(3) 당반기와 전반기 중 매출채권 및 기타채권의 손상차손의 변동은 다음과 같습니다.\n<당반기>\n(단위: 천원)\n구 \xa0 \xa0 분\n매출채권\n기타채권\n합계\n기초금액\n5,518,937\n24,147,486\n29,666,423\n매출채권손상차손\n696,715\n-\n696,715\n기타채권손상차손\n-\n-\n-\n상각채권회수액\n200,000\n-\n200,000\n기말금액\n6,415,652\n24,147,486\n30,563,138\n<전반기>\n(단위: 천원)\n구 \xa0 \xa0 분\n매출채권\n기타채권\n합계\n기초금액\n2,026,297\n24,147,486\n26,173,783\n매출채권손상차손\n2,921,044\n-\n2,921,044\n기타채권손상차손\n-\n-\n-\n기말금액\n4,947,341\n24,147,486\n29,094,827\n당사는 당반기와 전반기 중 발생한 매출채권의 손상차손을 포괄손익계산서상 판매비와관리비로 계상하였습니다.\n당반기말과 전기말 현재 중요한 신용위험의 집중은 없으며 다수의 거래처에 분산되어 있습니다. 한편, 당사는 상기 매출채권 및 기타채권의 일부에 대해서 담보 또는 지급보증을 제공받고 있습니다.\n6. 재고자산\n당반기말과 전기말 현재 재고자산의 내역은 다음과 같습니다.\n(단위: 천원)\n구 \xa0 \xa0 분\n당반기말\n전기말\n취득원가\n평가손실충당금\n장부금액\n취득원가\n평가손실충당금\n장부금액\n제품\n97,165,371\n(5,123,369)\n92,042,002\n77,548,993\n(4,467,315)\n73,081,678\n상품\n3,275,930\n(76,527)\n3,199,403\n2,945,300\n(37,016)\n2,908,284\n재공품\n35,980,068\n(474,159)\n35,505,909\n31,609,033\n(630,770)\n30,978,263\n원부재료\n84,669,585\n(616,267)\n84,053,318\n61,813,182\n(604,169)\n61,209,013\n저장품\n16,220,106\n(3,585,127)\n12,634,979\n14,307,870\n(3,375,123)\n10,932,747\n미착품\n18,510,200\n-\n18,510,200\n7,525,952\n-\n7,525,952\n합 \xa0 \xa0계\n255,821,260\n(9,875,449)\n245,945,811\n195,750,330\n(9,114,393)\n186,635,937\n7. 기타자산당반기말과 전기말 현재 기타자산의 내역은 다음과 같습니다.\n(단위: 천원)\n구 \xa0 \xa0 분\n당반기말\n전기말\n선급금\n1,691,225\n3,488,237\n선급비용\n1,306,088\n486,513\n합 \xa0 \xa0 \xa0계\n2,997,313\n3,974,750\n8. 공정가치측정금융자산\n(1) 당반기말 및 전기말 현재 기타포괄손익-공정가치측정금융자산의 내역은 다음과 같습니다.\n(단위: 천원)\n구 \xa0 \xa0 분\n당반기말\n전기말\n기초금액\n8,382\n2,024\n합병으로 인한 증가\n-\n1,358\n취득금액\n-\n5,000\n기말금액\n8,382\n8,382\n시장성 없는 지분상품:\xa0\n\xa0 성남산업단지관리\n1,024\n1,024\n\xa0 파주인쇄공업협동조합\n1,000\n1,000\n\xa0 하나나노텍\n1,358\n1,358\n\xa0 플라스틱제조업협동조합\n5,000\n5,000\n합 \xa0 \xa0계\n8,382\n8,382\n(2) 당반기 중 당기손익-공정가치측정금융자산의 변동내역은 다음과 같습니다.\n(단위: 천원)\n구 \xa0 \xa0 분\n금 \xa0 \xa0 액\n기초금액\n-\n취득금액\n60,000,000\n평가손익(법인세효과 차감전)\n4,468\n기타증감액\n(2,220,421)\n기말금액\n57,784,047\n9. 종속기업투자 및 관계기업투자\n(1) 당반기말과 전기말 현재 종속기업투자의 내역은 다음과 같습니다.\n(단위: 천원)\n종속기업명\n소재지\n주요 영업활동\n당반기말\n전기말\n지분율\n장부금액\n지분율\n장부금액\nTALOFA SYSTEMS AMERICAN  SAMOA, INC.\n미국\n금속포장용기 제조\n100.00%\n27,103,992\n100.00%\n27,103,992\nTan Tien Plastic Packaging Joint \xa0 Stock Company\n베트남\n포장제 제조\n88.16%\n84,519,457\n88.16%\n84,519,457\nMinh Viet Packaging One Member Company Limited\n베트남\n포장제 제조\n100.00%\n21,899,578\n100.00%\n21,899,578\nMMT(특정금전신탁)(*1)\n한국\n특정금전신탁\n-\n-\n100.00%\n30,000,000\n합 \xa0 \xa0계\n133,523,027\n\u3000\n163,523,027\n(*1) 당반기 중 MMT(특정금전신탁)를 계약해지하여 종속기업에서 제외되었습니다.\n(2) 당반기말과 전기말 현재 관계기업투자의 내역은 다음과 같습니다.\n(단위: 천원)\n관계기업명\n소재지\n주요 영업활동\n당반기말\n전기말\n지분율\n장부금액\n지분율\n장부금액\n한국태양보성1호발전소(주)(*1)\n한국\n태양광발전사업\n45.00%\n-\n45.00%\n-\n진안물사랑㈜(*1)(*2)\n한국\n하수관거시설업\n44.81%\n-\n44.81%\n-\n㈜신동건설(*1)\n우즈베키스탄\n건설업\n50.00%\n-\n50.00%\n-\n㈜신동에너콤(*1)\n한국\n해외투자/개발업\n31.67%\n-\n31.67%\n-\n합 \xa0 \xa0계\n\u3000\n-\n\u3000\n-\n(*1) 전기 이전에 관계기업투자에 대해 전액 손상을 인식하였습니다.(*2) 당사는 당반기말 현재 관계기업인 진안물사랑(주)의 임대형 민간투자사업과 관련된 대출약정 등과 관련하여 자금 제공의무 분담비율에 따라 다른 건설사 및 운영출자자와 연대하여 자금보충의무를 부담하고 있으며, 당사가 보유 중인 진안물사랑(주)의 주식을 담보로 제공하고 있습니다(주석 31 참조).\n10. 유형자산\n당반기와 전반기 중 유형자산의 변동은 다음과 같습니다.\n(단위: 천원)\n구 \xa0 \xa0 분\n당반기\n전반기\n기초순장부가액\n585,869,343\n334,240,708\n일반취득 및 자본적지출\n42,848,973\n21,191,107\n감가상각\n(31,263,721)\n(16,525,223)\n처분/폐기/손상\n(184,840)\n(412,405)\n기타\n(1,530,145)\n(516,448)\n반기말순장부가액\n595,739,610\n337,977,739\n상기 유형자산 중 일부의 토지, 건물, 기계장치는 횡성군, 공주시, IBK기업은행, KDB산업은행에 담보로 제공되어 있습니다 (주석 31 참조).\n11. 무형자산 및 영업권(1) 당반기와 전반기 중 무형자산의 변동은 다음과 같습니다.\n(단위: 천원)\n구 \xa0 \xa0 분\n당반기\n전반기\n기초순장부가액\n43,916,564\n2,829,624\n일반취득 및 자본적지출\n1,001,400\n527,813\n감가상각\n(1,630,014)\n(335,927)\n기타\n1,530,146\n516,448\n반기말순장부가액\n44,818,096\n3,537,958\n(2) 당사는 전기 이전에 (주)한진피앤씨 흡수합병으로 인해 당사 재무제표 상의 수지및 인쇄 부문 현금창출단위에 대한 영업권 금액 9,597,011천원을 인식하였습니다.\n(3) 당사는 전기에 (주)테크팩솔루션 및 (주)엠케이씨 흡수합병으로 인해 당사 재무제표 상의 테크팩부문현금창출단위 대한 영업권 금액인 67,727,658천원과 엠케이씨부문현금창출단위에 대한 영업권 금액 8,396,089천원을 인식하였습니다.\n(4) 온실가스 배출권\n1) 3차 계획기간(2022~2025년)에 대한 무상할당 배출권 수량은 다음과 같습니다.\n(단위: 톤(tCO2-eq))\n구분\n2022년도분\n2023년도분\n2024년도분\n2025년도분\n합계\n무상할당 배출권\n\xa0 \xa0 \xa0 \xa0231,779\n\xa0 \xa0 \xa0 231,779\n\xa0 \xa0 \xa0 229,608\n\xa0 \xa0 \xa0 229,608\n922,774\n2) 당반기 중 온실가스배출권의 변동내역은 다음과 같습니다.\n(단위: 톤(tCO2-eq))\n구분\n2022년도분\n2023년도분\n2024년도분\n2025년도분\n합계\n기초 및 무상할당\n231,779\n231,779\n229,608\n229,608\n922,774\n매각\n-\n-\n-\n-\n-\n이월\n22,128\n-\n-\n-\n22,128\n기말\n253,907\n231,779\n229,608\n229,608\n944,902\n3) 당반기말 현재 담보로 제공된 온실가스배출권은 없습니다.(5) 배출부채1) 당반기 이행연도에 대한 당사의 온실가스 배출량 추정치는 225,000톤(tCO2-eq) 입니다.2) 당반기 중 배출부채의 변동사항은 없습니다.\n12. 사용권자산 및 리스부채(1) 당반기와 전반기 중 리스사용권자산의 변동내역은 다음과 같습니다.\xa0\n(단위: 천원)\n구분\n당반기\n전반기\n기초순장부가액\n6,856,296\n5,817,679\n증가(신규및갱신계약)\n1,156,226\n969,524\n감가상각\n(870,989)\n(663,473)\n기타(제각및중도해지)\n(1,475,579)\n(78,619)\n반기말순장부가액\n5,665,954\n6,045,111\n(2) 당반기와 전반기 중 리스부채의 변동내역은 다음과 같습니다.\n(단위: 천원)\n구분\n당반기\n전반기\n기초금액\n6,637,680\n5,583,575\n증가(신규및갱신계약)\n777,220\n914,286\n이자비용\n106,073\n78,435\n지급\n(874,620)\n(685,564)\n기타(제각및중도해지)\n(1,383,106)\n(64,903)\n반기말금액\n5,263,247\n5,825,829\n(3) 당반기 중 단기리스에서 발생한 비용은 545,038천원(전반기: 224,458천원)이며, 소액자산 리스에서 발생한 비용은 1,309,334천원(전반기: 602,685천원)입니다.\n13. 매입채무 및 기타채무당반기말과 전기말 현재 매입채무 및 기타채무의 상세 내역은 다음과 같습니다.\n(단위: 천원)\n구 \xa0 \xa0 분\n당반기말\n전기말\n유동\n유동\n비유동\n매입채무\n149,279,565\n129,604,136\n-\n미지급금\n33,470,049\n32,105,838\n-\n미지급비용\n19,343,666\n16,246,985\n-\n보증금\n559,959\n604,959\n110,000\n합 \xa0 \xa0 계\n202,653,239\n178,561,918\n110,000\n14. 기타부채당반기말과 전기말 현재 기타유동부채의 내역은 다음과 같습니다.\n(단위: 천원)\n구분\n당반기말\n전기말\n계약부채\n1,530,687\n966,066\n예수금\n785,993\n828,374\n합 \xa0 \xa0 계\n2,316,680\n1,794,440\n15. 확정급여부채\n당반기말과 전기말 현재 확정급여부채(자산)로 인식된 금액은 다음과 같습니다.\n(단위: 천원)\n구 \xa0 \xa0 분\n당반기말\n전기말\n확정급여채무의 현재가치\n57,572,897\n55,710,524\n사외적립자산의 공정가치\n(57,650,490)\n(59,539,214)\n확정급여제도의 부채(자산) 인식액\n(77,593)\n(3,828,690)\n기타장기급여채무의 현재가치\n2,690,181\n2,947,372\n16. 사채 당반기말과 전기말 현재 사채의 세부내역은 다음과 같습니다.\n(단위: 천원)\n구 \xa0 분\n발행일\n만기일\n이자율(%)\n당반기말\n전기말\n공모사채\n2019-08-02\n2022-08-02\n1.65\n100,000,000\n100,000,000\n공모사채\n2019-08-02\n2024-08-02\n1.89\n30,000,000\n30,000,000\n공모사채\n2021-10-28\n2024-10-28\n2.65\n70,000,000\n70,000,000\n공모사채\n2021-10-28\n2026-10-28\n3.06\n30,000,000\n30,000,000\n사 채 할 인 발 행 차 금\n(351,643)\n(468,197)\n합 \xa0 \xa0 \xa0 계\n229,648,357\n229,531,803\n유동성대체\n(100,000,000)\n(100,000,000)\n사채할인발행차금 유동성대체\n9,570\n64,909\n차감후 잔액\n129,657,927\n129,596,712\n17. 차입금당반기말과 전기말 현재 단기차입금의 세부내역은 다음과 같습니다.\n(단위: 천원)\n차입처\n내 \xa0 \xa0역\n만기일\n이자율(%)\n당반기말\n전기말\nKDB산업은행\n시설자금\n2022-09-20\n1.85\n59,000,000\n59,000,000\n일반자금\n2023-03-31\n3.05\n20,000,000\n-\n일반자금\n-\n-\n-\n20,000,000\n중국은행\n시설자금\n2022-07-01\n1.72\n20,000,000\n20,000,000\n미쓰이스미토모은행\n일반자금\n2023-04-17\n2.42\n20,000,000\n-\n일반자금\n-\n-\n-\n20,000,000\n일반자금\n-\n-\n-\n14,000,000\nIBK기업은행\n일반자금\n2022-09-14\n2.94\n300,000\n300,000\n신한은행\n일반자금\n-\n-\n-\n500,000\n국민은행\n일반자금\n2023-05-24\n3.24\n60,000,000\n-\n합 \xa0 \xa0 계\n179,300,000\n133,800,000\n(2) 당반기말과 전기말 현재 장기차입금의 세부내역은 다음과 같습니다.\n(단위: 천원)\n차입처\n내 \xa0 \xa0역\n만기일\n이자율(%)\n당반기말\n전기말\nKDB산업은행\n시설자금\n2024-04-21\n2.36\n28,000,000\n28,000,000\n시설자금\n2024-04-21\n2.15\n2,000,000\n2,000,000\n일반자금\n2024-06-28\n3.11\n50,000,000\n50,000,000\n에스타이거테크\n유동화 ABCP\n2024-06-28\n3.24\n20,000,000\n20,000,000\n우리티에스제일차\n유동화 ABCP\n2024-06-28\n2.97\n30,000,000\n30,000,000\nIBK기업은행\n시설자금\n2023-08-24\n1.50\n720,000\n720,000\n합 \xa0 \xa0 계\n130,720,000\n130,720,000\n18. 고객과의 계약에서 생기는 수익당반기와 전반기 중 매출액 구성내역은 다음과 같습니다.\n(단위: 천원)\n구 \xa0 \xa0 분\n당반기\n전반기\n3개월\n누적\n3개월\n누적\n고객과의 계약에서 생기는 수익\n\u3000\n\xa0 (1) 재화 또는 용역의 유형에 따른 구분\n\u3000\n\xa0 \xa0 \xa0 \xa0제품매출\n290,567,177\n538,534,219\n132,742,949\n243,523,054\n\xa0 \xa0 \xa0 \xa0상품매출\n41,561,393\n83,410,422\n34,836,135\n72,540,171\n\xa0 \xa0 \xa0 \xa0용역매출\n3,035,913\n5,328,712\n2,274,968\n4,460,978\n\xa0 \xa0 \xa0 \xa0기타매출\n11,586,336\n20,734,809\n2,703,449\n4,918,653\n소 \xa0 \xa0 계\n346,750,819\n648,008,162\n172,557,501\n325,442,856\n\xa0 (2) 재화나 용역의 이전시기에 따른 구분\n\u3000\n\xa0 \xa0 \xa0 \xa0한 시점에 이전\n343,714,905\n642,679,450\n170,282,533\n320,981,878\n\xa0 \xa0 \xa0 \xa0기간에 걸쳐 이전\n3,035,914\n5,328,712\n2,274,968\n4,460,978\n소 \xa0 \xa0 계\n346,750,819\n648,008,162\n172,557,501\n325,442,856\n기타 원천으로부터 수익\n\xa0 임대수익 등\n88,151\n118,900\n91,321\n119,006\n총 \xa0 \xa0 계\n346,838,970\n648,127,062\n172,648,822\n325,561,862\n19. 판매비와 관리비\n당반기와 전반기 중 판매비와관리비의 상세내역은 다음과 같습니다.\n(단위: 천원)\n계 \xa0 \xa0 정\n당반기\n전반기\n3개월\n누적\n3개월\n누적\n급여\n2,562,067\n5,577,741\n1,536,353\n3,195,984\n퇴직급여\n272,262\n553,447\n141,298\n293,249\n복리후생비\n466,124\n901,260\n335,808\n594,636\n여비교통비\n221,569\n366,516\n102,887\n200,388\n통신비\n71,453\n144,808\n61,029\n116,551\n지급수수료\n2,143,957\n3,791,022\n1,331,386\n2,384,607\n판매수수료\n203,812\n345,759\n61,328\n133,647\n차량유지비\n29,509\n50,545\n9,654\n17,645\n도서인쇄비\n9,871\n14,654\n2,339\n4,645\n소모품비\n21,798\n57,442\n53,704\n68,722\n교육훈련비\n50,200\n81,973\n12,389\n31,535\n세금과공과\n163,500\n326,300\n154,310\n220,271\n임차료\n50,872\n60,458\n59,406\n118,941\n감가상각비\n85,745\n171,490\n53,810\n108,355\n무형자산상각비\n503,512\n1,001,658\n39,338\n78,675\n사용권자산상각비\n162,558\n327,024\n117,505\n236,764\n수선비\n1,419\n5,711\n-\n-\n보험료\n85,069\n189,581\n103,168\n218,584\n접대비\n148,239\n333,173\n102,115\n233,985\n광고선전비\n5,889\n9,105\n7,729\n10,946\n운반비\n7,128,497\n13,613,874\n2,251,039\n4,402,368\n매출채권손상차손\n262,783\n696,715\n2,920,155\n2,921,044\n경상개발비\n1,198,186\n2,473,859\n896,691\n1,754,032\n견본비\n44,306\n119,912\n9,831\n18,216\n품질보증비\n13,188\n13,188\n27,366\n36,447\n합 \xa0 \xa0 계\n15,906,385\n31,227,215\n10,390,638\n17,400,237\n20. 비용의 성격별 분류당반기와 전반기 중 당사의 매출원가 및 판매비와관리비의 성격에 대한 추가정보는 다음과 같습니다.\n(단위: 천원)\n구 \xa0 \xa0 분\n당반기\n전반기\n3개월\n누적\n3개월\n누적\n제ㆍ상품 및 재공품의 변동\n(10,817,349)\n(23,779,089)\n(4,613,340)\n(10,894,137)\n원재료의 사용\n176,441,644\n327,403,094\n76,201,458\n140,837,749\n상품의 매입\n39,316,198\n78,831,231\n32,827,499\n67,904,720\n소모품비\n6,310,747\n11,758,367\n3,543,865\n6,587,010\n외주가공비\n8,941,181\n16,144,338\n6,989,375\n13,753,530\n종업원급여\n35,609,713\n72,352,650\n16,431,523\n32,643,197\n감가상각비와 무형자산상각비\n17,170,302\n33,767,865\n9,292,918\n17,527,764\n운반비\n10,320,138\n19,101,257\n4,460,880\n8,711,354\n지급수수료\n8,283,352\n15,288,048\n3,156,449\n5,869,108\n수도광열비 및 연료비\n19,400,683\n38,934,364\n3,458,181\n7,382,275\n기타\n5,578,942\n11,776,681\n7,137,411\n9,532,506\n합 \xa0계\n316,555,551\n601,578,806\n158,886,219\n299,855,076\n21. 금융수익 및 금융원가\n당반기와 전반기 중 당기손익으로 인식된 금융수익 및 금융원가의 내역은 다음과 같습니다.\n(단위: 천원)\n구 \xa0 \xa0 분\n당반기\n전반기\n3개월\n누적\n3개월\n누적\n금융수익:\n\xa0이자수익\n194,369\n385,532\n19,299\n43,695\n\xa0배당금수익\n6,258,876\n6,258,876\n2,949,835\n2,949,835\n\xa0당기손익-공정가치측정금융자산평가이익\n4,468\n4,468\n-\n-\n\xa0파생상품거래이익\n-\xa0\n109,294\n-\n-\n합 \xa0 \xa0계\n6,457,713\xa0\n6,758,170\xa0\n2,969,134\n2,993,530\n금융원가:\n\xa0이자비용\n(3,091,045)\n(5,824,660)\n(1,814,834)\n(3,496,758)\n\xa0단기금융상품처분손실\n-\n(2,466)\n-\n-\n\xa0파생상품평가손실\n21,530\n-\n(3,973)\n(3,973)\n\xa0파생상품거래손실\n(34,249)\n(34,249)\n-\n-\n\xa0 \xa0 \xa0 \xa0 \xa0 \xa0 \xa0 \xa0 합 \xa0 \xa0계\n(3,103,764)\n(5,861,375)\n(1,818,807)\n(3,500,731)\n22. 기타수익 및 기타비용당반기와 전반기 중 당기손익으로 인식된 기타수익과 기타비용의 내역은 다음과 같습니다.\n(단위: 천원)\n구 \xa0 \xa0 분\n당반기\n전반기\n3개월\n누적\n3개월\n누적\n기타수익:\n\xa0외환차익\n2,527,570\n3,404,183\n602,869\n1,578,502\n\xa0외화환산이익\n967,301\n1,403,041\n(233,084)\n254,679\n\xa0종속기업투자주식처분이익\n-\n286,356\n-\n-\n\xa0유형자산처분이익\n33,231\n69,421\n1,499\n1,499\n\xa0잡이익\n94,272\n210,880\n59,618\n102,189\n합 \xa0 \xa0 계\n3,622,374\n5,373,881\n430,902\n1,936,869\n기타비용:\n\xa0외환차손\n(1,015,477)\n(1,538,800)\n(491,550)\n(1,026,344)\n\xa0외화환산손실\n(83,690)\n(468,487)\n(52,434)\n(134,647)\n\xa0유형자산처분손실\n(25,193)\n(25,193)\n(1,361)\n(2,348)\n\xa0리스해지수수료\n-\n-\n(13,655)\n(13,655)\n\xa0기타수수료\n-\n-\n-\n(103,770)\n\xa0기부금\n(12,060)\n(18,120)\n-\n-\n\xa0잡손실\n(2,021)\n(3,915)\n(927)\n(2,176)\n합 \xa0 \xa0 계\n(1,138,441)\n(2,054,515)\n(559,927)\n(1,282,940)\n23. 자본금과 주식발행초과금\n(1) 당반기말과 전기말 현재 자본금의 내역은 다음과 같습니다.\n구 \xa0 \xa0 분\n당반기말\n전기말\n발행할 주식수\n200,000,000주\n200,000,000주\n주당금액:\n\xa0보통주\n5,000원\n5,000원\n\xa0우선주\n5,000원\n5,000원\n발행주식수:\xa0\n\xa0보통주\n29,188,411주\n29,188,411주\n\xa0우선주\n265,358주\n265,358주\n자본금:\n\xa0보통주자본금\n145,942,055천원\n145,942,055천원\n\xa0우선주자본금\n1,326,790천원\n1,326,790천원\n합 \xa0 계\n147,268,845천원\n147,268,845천원\n우선주는 무의결권 배당우선주식으로 배당을 하지 아니한다는 결의가 있는 경우에는배당결의가 있는 총회 종료시까지 의결권을 가지고 있으며, 액면금액을 기준으로 연 1%의 추가배당을 받을 수 있습니다.\n(2) 당반기와 전반기 중 결정된 배당금의 내역은 다음과 같습니다.\n<당반기>\n(단위: 천원)\n구분\n총발행주식수(주)\n자기주식수(주)\n배당주식수(주)\n주당 배당금(원)\n총 배당액\n보통주\n29,188,411\n197,129\n28,991,282\n600\n17,394,769\n우선주\n265,358\n1,247\n264,111\n650\n171,672\n합 계\n29,453,769\n198,376\n29,255,393\n\u3000\n17,566,441\n<전반기>\n(단위: 천원)\n구분\n총발행주식수(주)\n자기주식수(주)\n배당주식수(주)\n주당 배당금(원)\n총 배당액\n보통주\n25,618,511\n197,105\n25,421,406\n600\n15,252,843\n우선주\n265,358\n-\n265,358\n650\n172,483\n합 계\n25,883,869\n197,105\n25,686,764\n15,425,326\n(3) 당반기말 주식발행초과금은 81,051,609천원으로 전기말과 동일합니다.\n24. 기타자본\n당반기말과 전기말 현재 기타자본의 세부 내역은 다음과 같습니다.\n(단위: 천원)\n구 \xa0 \xa0 분\n당반기말\n전기말\n확정급여부채의 재측정요소\n(4,074,639)\n(4,048,306)\n자기주식처분이익\n9,883,133\n9,883,133\n자기주식\n(11,214,832)\n(11,214,832)\n기타자본조정\n236,662,991\n236,662,991\n합 \xa0 \xa0 계\n231,256,653\n231,282,986\n25. 적립금(1) 당반기말과 전기말 현재 적립금의 내역은 다음과 같습니다.\n(단위: 천원)\n구 \xa0 \xa0 분\n당반기말\n전기말\n법정적립금\n13,305,654\n11,549,010\n임의적립금\n6,999,528\n6,999,528\n합 \xa0 \xa0 계\n20,305,182\n18,548,538\n(2) 법정적립금법정적립금은 이익준비금으로서 상법상 당사는 자본금의 50%에 달할 때까지 매 결산기에 금전에 의한 이익배당액의 10% 이상을 이익준비금으로 적립하도록 규정되어 있습니다. 동 이익준비금은 현금으로 배당할 수 없으며, 주주총회의 결의에 의하여 이월결손금의 보전과 자본전입에만 사용될 수 있습니다. (3) 임의적립금임의적립금은 연구 및 인력개발준비금으로 구성되어 있습니다.\n26. 이익잉여금\n당반기와 전반기 중 이익잉여금의 변동은 다음과 같습니다.\n(단위: 천원)\n구 \xa0 \xa0 분\n당반기\n전반기\n기초금액\n176,987,213\n158,750,570\n반기순이익\n39,318,420\n21,980,931\n연차배당\n(17,566,441)\n(15,425,326)\n법정적립금의 전입\n(1,756,644)\n(1,542,533)\n반기말금액\n196,982,548\n163,763,642\n27. 주당이익\n(1) 당반기와 전반기 중 보통주 기본주당이익의 계산내역은 다음과 같습니다.\n(단위: 원)\n구 \xa0 \xa0 분\n당반기\n전반기\n3개월\n누적\n3개월\n누적\n반기순이익\n27,362,855,038\n39,318,419,722\n11,131,515,743\n21,980,931,282\n우선주배당금\n(2,980,417)\n(5,960,834)\n(3,316,975)\n(6,633,950)\n추가배당가능반기순이익\n27,359,874,621\n39,312,458,888\n11,128,198,768\n21,974,297,332\n추가배당가능이익 중 우선주귀속분\n(246,998,693)\n(354,903,892)\n(114,960,241)\n(227,006,235)\n보통주귀속반기순이익\n27,112,875,927\n38,957,554,996\n11,013,238,527\n21,747,291,097\n가중평균유통보통주식수\n28,991,282주\n28,991,282주\n25,421,406주\n25,421,406주\n보통주 기본주당이익\n935\n1,344\n433\n855\n가중평균유통우선주주식수\n264,111주\n264,111주\n265,358주\n265,358주\n우선주 기본주당이익\n946\n1,366\n446\n880\n(2) 추가배당가능이익 중 우선주 귀속분 산정내역은 다음과 같습니다.\n(단위: 원)\n구 \xa0 \xa0 분\n당반기\n전반기\n3개월\n누적\n3개월\n누적\n추가배당가능반기순이익\n27,359,874,621\n39,312,458,888\n11,128,198,768\n21,974,297,332\n우선주지분비율\n0.90%\n0.90%\n1.03%\n1.03%\n우선주귀속반기순이익\n246,998,693\n354,903,892\n114,960,241\n227,006,235\n(3) 당반기와 전반기 중 보통주 및 우선주의 유통보통주식수에 대한 변동은 없습니다.\n(4) 당사는 잠재적보통주를 발행하고 있지 않으므로 기본주당이익과 희석주당이익이일치합니다.\n28. 법인세비용당반기와 전반기 중 법인세비용의 구성요소는 다음과 같습니다.\n(단위: 천원)\n구 \xa0 \xa0 분\n당반기\n전반기\n반기 법인세부담액\n12,872,798\n\xa07,745,784\n과거기간 당기법인세 조정액(법인세 환급 등)\n(749,665)\n(2,386,306)\n일시적차이로 인한 이연법인세 변동액\n(684,563)\n(1,329,466)\n총법인세효과\n11,438,571\n4,030,012\n자본에 직접 반영된 법인세비용\n7,427\n(157,428)\n법인세비용\n11,445,998\n3,872,584\n29. 특수관계자\n(1) 당반기말 현재 당사의 특수관계자 내역은 다음과 같습니다.\n구 \xa0 \xa0 분\n회사명\n최상위지배자\n김남정\n지배기업\n(주)동원엔터프라이즈\n종속기업\nTALOFA SYSTEMS AMERICAN SAMOA, INC., Tan Tien Plastic Packaging Joint Stock Company, Minh Viet Packaging One Member Company Limited, NCK LOGISTICS HOLDING PTE. LTD, SP LOGISTICS INVESTMENT PTE.LTD\n관계기업\n진안물사랑(주), (주)신동건설, (주)신동에너콤, 한국태양보성1호발전소(주), 비아이디씨(주)\n기 \xa0 \xa0 \xa0타(*1),(*2)\n동원건설산업(주), 동원산업(주), (주)동원F&B, 동원씨앤에스(주), 농업회사법인 어석합자회사, (주)동원와인플러스, 동원팜스(주), (주)동원홈푸드, 위해삼조식품유한공사, (주)동원에프앤비 개성, 동원식품(상해)유한공사, DW Global Inc., Dongwon Japan Co., Ltd., Sealand Trading Service Corporation, StarKist Co., StarKist Samoa Co., Marine Trading Pacific Inc., Galapeca, S.A., Bounty Seafood Ltd., Societe de Conserverie en Afrique S.A., COMPAGNIE AFRICAINE DE PECHE AU SENEGAL, Kiribati and KT Fisheries Co., Ltd., (재)동원육영재단, 동원로엑스냉장(주), 동원로엑스냉장투(주), Silver Bay Seafoods, LLC. 동원로엑스(주), 동원로엑스인천(주), 동원부산컨테이너터미널(주), 부산신항다목적터미널(주), Dongbu Express India Logistic Private Limited, Dongwon Loex U.S.A Inc, 상해동부국제화운대리유한공사, (주)동화, 울산항만운영,(주)동원티엘에스, 남춘천산업단지개발(주), 평택항만(주), 당진항만(주), DONGWON F&B VIETNAM COMPANY, 인천크로스독, 여수문화방송, Tudo Fisheries Co.. Pty., Ltd, 케이스마트양식(주), 동원디어푸드(주), 동원기술투자(주), (주)모덱스, 인천내항부두운영(주), 천안신사산업단지(주),\xa0동원글로벌터미널부산 주식회사\n(*1) 대규모 기업집단 소속회사가 포함되어 있습니다.(*2) 당반기 중 천안신사산업단지(주), 동원기술투자(주), (주)모덱스, 동원글로벌터미널부산 주식회사가 기타 특수관계자에 포함되었습니다.\n(2) 당반기와 전반기 중 특수관계자와의 거래 내역은 다음과 같습니다.\n<당반기>\n(단위: 천원)\n특수관계자구분\n특수관계자명\n매출\n원재료및상품매입\n판매관리비\n유무형자산매입\n배당금수익\n배당금지급\n3개월\n누적\n3개월\n누적\n3개월\n누적\n3개월\n누적\n3개월\n누적\n3개월\n누적\n지배기업\n(주)동원엔터프라이즈\n-\n4,254\n39,220\n76,358\n1,441,397\n2,592,822\n848,977\n1,508,176\n-\n-\n-\n12,409,505\n종속기업\nTALOFA SYSTEMSAMERICAN SAMOA, INC.\n12,256,136\n22,192,705\n-\n-\n-\n-\n-\n-\n5,150,000\n5,150,000\n-\n-\nMinh Viet PackagingOne Member Company Limited.\n-\n-\n-\n-\n-\n-\n-\n-\n-\n-\n-\n-\nTan Tien Plastic PackagingJoint Stock Company\n-\n-\n-\n-\n-\n-\n-\n-\n1,108,876\n1,108,876\n-\n-\n관계기업\n비아이디씨(주)\n-\n527\n-\n-\n-\n-\n-\n-\n-\n-\n-\n-\n기타\n동원산업(주)\n22,502\n60,161\n-\n-\n219,491\n470,695\n-\n-\n-\n-\n-\n-\n동원CNS(주)\n-\n417\n-\n-\n-\n-\n-\n-\n-\n-\n-\n-\n(주)동원홈푸드\n1,763,647\n3,702,738\n1,120,755\n2,139,276\n4,174\n7,048\n-\n-\n-\n-\n-\n-\n(주)동원F&B\n41,840,530\n79,286,190\n205,507\n461,811\n132,244\n294,488\n-\n-\n-\n-\n-\n-\nStarKist Co.\n2,447,333\n4,698,730\n-\n-\n-\n-\n-\n-\n-\n-\n-\n2,141,940\nSociete de Conserverie en Afrique S.A.\n2,437,286\n4,144,084\n-\n-\n-\n-\n-\n-\n-\n-\n-\n-\n(주)동원와인플러스\n31,138\n127,869\n-\n-\n7,369\n13,191\n-\n-\n-\n-\n-\n-\n동원로엑스(주)\n101,593\n234,424\n1,374,960\n2,181,168\n8,990,059\n16,764,877\n532,694\n885,439\n-\n-\n-\n-\n동원건설산업(주)\n-\n41,699\n20,280\n35,476\n2,460\n4,570\n109,371\n109,371\n-\n-\n-\n-\n동원팜스(주)\n361\n1,723\n-\n-\n-\n-\n-\n-\n-\n-\n-\n-\n동원로엑스냉장(주)\n17,311\n34,451\n-\n-\n-\n-\n-\n-\n-\n-\n-\n-\n동원부산컨테이너터미널(주)\n-\n984\n-\n-\n-\n-\n-\n-\n-\n-\n-\n-\n농업회사법인 어석합자회사\n4,435\n10,957\n-\n-\n52\n52\n-\n-\n-\n-\n-\n-\n동원로엑스인천(주)\n-\n50\n-\n-\n-\n-\n-\n-\n-\n-\n-\n-\n동원디어푸드(주)\n137,891\n266,023\n-\n-\n-\n-\n-\n-\n-\n-\n-\n-\n(주)동화\n-\n155\n-\n-\n-\n-\n-\n-\n-\n-\n-\n-\n합 \xa0 \xa0 계\n61,060,163\n114,808,141\n2,760,722\n4,894,089\n10,797,246\n20,147,743\n1,491,042\n2,502,986\n6,258,876\n6,258,876\n-\n14,551,445\n<전반기>\n(단위: 천원)\n특수관계자구분\n특수관계자명\n매출\n원재료및상품매입\n판매관리비\n유무형자산매입\n배당금수익\n배당금지급\n3개월\n누적\n3개월\n누적\n3개월\n누적\n3개월\n누적\n3개월\n누적\n3개월\n누적\n지배기업\n(주)동원엔터프라이즈\n-\n3,616\n57,760\n100,152\n792,163\n1,380,818\n917,045\n1,160,578\n-\n-\n-\n12,409,505\n종속기업\n(주)테크팩솔루션\n270,087\n672,400\n2,857,922\n3,968,483\n106,194\n189,946\n-\n-\n-\n-\n-\n-\nTALOFA SYSTEMSAMERICAN SAMOA, INC.\n7,253,107\n18,632,824\n-\n-\n-\n-\n-\n-\n-\n-\n-\n-\nMinh Viet PackagingOne Member Company Limited.\n-\n12,196\n-\n-\n-\n-\n-\n-\n1,969,898\n1,969,898\n-\n-\nTan Tien Plastic PackagingJoint Stock Company\n-\n-\n-\n-\n-\n-\n-\n-\n979,937\n979,937\n-\n-\n관계기업\n비아이디씨(주)\n-\n363\n-\n-\n-\n-\n-\n-\n-\n-\n-\n-\n기타\n동원산업(주)\n63,696\n190,161\n-\n-\n\xa0 \xa0139,126\n286,203\n-\n-\n-\n-\n-\n-\n(주)동원홈푸드\n1,856,675\n3,805,648\n405,000\n764,299\n581\n896\n-\n-\n-\n-\n-\n-\n(주)동원F&B\n34,296,461\n67,797,507\n\xa0 \xa0 185,901\n\xa0 \xa0404,667\n\xa0 \xa0 68,445\n\xa0 \xa0 148,782\n-\n-\n-\n-\n-\n-\nStarKist Co.\n1,930,297\n4,411,317\n-\n-\n-\n-\n-\n-\n-\n-\n-\n-\nSociete de Conserverie en Afrique S.A.\n2,539,477\n4,774,239\n-\n-\n-\n-\n-\n-\n-\n-\n-\n-\n(주)동원와인플러스\n31,580\n125,950\n-\n-\n3,309\n6,384\n-\n-\n-\n-\n-\n-\n동원로엑스(주)\n113,688\n245,300\n458,910\n788,464\n3,884,957\n7,295,216\n7,373\n23,320\n-\n-\n-\n-\n동원건설산업㈜\n-\n2,929\n-\n-\n2,010\n4,020\n820,000\n820,000\n-\n-\n-\n-\n동원로엑스냉장(주)\n11,128\n25,966\n-\n-\n-\n-\n-\n-\n-\n-\n-\n-\n동원부산컨테이너터미널(주)\n-\n999\n-\n-\n-\n-\n-\n-\n-\n-\n-\n-\n(재)동원육영재단\n-\n107\n-\n-\n-\n-\n-\n-\n-\n-\n-\n-\n농업회사법인 어석합자회사\n4,057\n4,057\n-\n-\n-\n-\n-\n-\n-\n-\n-\n-\n동원로엑스인천(주)\n-\n47\n-\n-\n-\n-\n-\n-\n-\n-\n-\n-\n동원디어푸드(주)\n17,480\n17,480\n-\n-\n-\n-\n-\n-\n-\n-\n-\n-\n(주)동화\n-\n56\n-\n-\n-\n-\n-\n-\n-\n-\n-\n-\n합 \xa0 \xa0계\n48,387,733\n100,723,162\n\xa03,965,493\n\xa0 6,026,065\n\xa0 4,996,785\n9,312,265\n1,744,418\n2,003,898\n2,949,835\n2,949,835\n-\n12,409,505\n(3) 당반기말과 전기말 현재 특수관계자와의 채권채무 내역은 다음과 같습니다.\n(단위: 천원)\n특수관계구분\n특수관계자명\n당반기말\n전기말\n채권\n채무\n채권\n채무\n매출채권\n기타채권\n매입채무\n기타채무\n매출채권\n기타채권\n매입채무\n기타채무\n지배기업\n(주)동원엔터프라이즈\n-\n-\n-\n2,884,643\n-\n-\n-\n1,420,450\n종속기업\nTALOFA SYSTEMSAMERICAN SAMOA, INC.\n8,498,547\n-\n-\n-\n1,719,800\n-\n-\n-\n관계기업\n한국태양보성1호발전소(주)(*1)\n23,767\n-\n-\n-\n23,767\n-\n-\n-\n기타\n동원산업(주)(*2)\n9,346\n1,915,020\n-\n\xa01,680,306\n8,993\n2,035,881\n-\n2,471,360\n동원건설산업(주)\n98\n-\n-\n130,332\n-\n-\n-\n70,090\n(주)동원홈푸드\n618,124\n142,712\n266,441\n779,426\n-\n27,778\n237,950\n(주)동원F&B(*2)\n16,149,481\n499,935\n32,151\n\xa02,506,131\n16,050,549\n500,486\n26,836\n2,945,368\nSociete de Conserverie en Afrique S.A.\n2,769,242\n-\n-\n-\n3,866,112\n-\n-\n-\nStarKist Co.\n2,222,010\n-\n-\n-\n2,258,514\n-\n-\n-\n(주)동원와인플러스\n-\n-\n-\n2,070\n67,573\n-\n-\n1,394\n농업회사법인 어석합자회사\n1,285\n-\n-\n-\n1,471\n-\n-\n-\n동원로엑스냉장(주)\n9,521\n-\n-\n-\n8,161\n-\n-\n-\n동원로엑스(주)\n52,452\n-\n-\n3,637,150\n41,428\n-\n-\n2,813,612\n동원팜스(주)\n-\n133\n-\n-\n330\n-\n-\n-\n동원디어푸드(주)\n34,541\n-\n-\n150\n43,620\n-\n-\n1,100\n합 \xa0 \xa0 \xa0 \xa0 \xa0 계\n30,388,414\n2,415,088\n174,863\n\xa011,107,223\n24,869,744\n2,536,367\n54,614\n9,961,324\n(*1) 전기 이전에 전액 손상차손을 인식하였습니다.(*2) 기타채무에 특수관계자의 리스부채가 포함되어 있습니다.\n(4) 당반기와 전반기 중 당사의 주요경영진에 대한 보상내역은 다음과 같습니다.\n(단위: 천원)\n구 \xa0 \xa0분\n당반기\n전반기\n단기급여\n\xa01,954,321\n\xa01,118,964\n퇴직급여\n\xa0239,418\n\xa0 \xa0 134,703\n합 \xa0 \xa0 \xa0계\n\xa02,193,739\n\xa0 \xa0 \xa0 \xa0 \xa0 \xa0 \xa0 \xa0 1,253,667\n주요경영진에는 등기 임원인 이사(사외이사 포함) 및 감사를 포함하였습니다.\n(5) 당사는 당반기말 현재 관계기업인 진안물사랑(주)의 임대형 민간투자사업과 관련된 대출약정 등과 관련하여 자금 제공의무 분담비율에 따라 다른 건설사 및 운영출자자와 연대하여 자금보충의무를 부담하고 있습니다(주석 31참조).\n30. 금융상품의 범주별 분류 및 공정가치\n(1) 당반기말과 전기말 현재 금융상품의 범주별 분류내역은 다음과 같습니다.\n<당반기말>\n(단위: 천원)\n구 \xa0 \xa0 \xa0 \xa0분\n상각후원가로 측정하는 금융자산\n기타포괄손익-공정가치측정 금융자산\n당기손익-공정가치측정 금융자산\n상각후원가로측정하는 금융부채\n합 \xa0계\n금융자산\n\xa0 현금및현금성자산\n46,209,966\n-\n-\n-\n46,209,966\n\xa0 장단기금융상품\n5,000\n-\n-\n-\n5,000\n\xa0 장단기매출채권및기타채권\n234,609,600\n-\n-\n-\n234,609,600\n\xa0 기타포괄손익-공정가치측정금융자산\n-\n8,382\n-\n-\n8,382\n\xa0 당기손익-공정가치측정 금융자산\n-\n-\n57,784,047\n-\n57,784,047\n합 \xa0 \xa0 계\n280,824,566\n8,382\n57,784,047\n-\n338,616,995\n금융부채\n\xa0 장단기매입채무및기타채무\n-\n-\n-\n202,653,239\n202,653,239\n\xa0 장단기차입금\n-\n-\n-\n310,020,000\n310,020,000\n\xa0 리스부채\n-\n-\n-\n5,263,246\n5,263,246\n\xa0 사채\n-\n-\n-\n229,648,357\n229,648,357\n합 \xa0 \xa0 계\n-\n-\n-\n747,584,842\n747,584,842\n<전기말>\n(단위: 천원)\n구 \xa0 \xa0 분\n상각후원가로 측정하는 금융자산\n기타포괄손익-공정가치측정 금융자산\n당기손익-공정가치측정 금융자산\n상각후원가로 측정하는 금융부채\n합 \xa0 계\n금융자산\n\xa0 현금및현금성자산\n60,158,158\n-\n-\n-\n60,158,158\n\xa0 장단기금융상품\n5,500\n-\n-\n-\n5,500\n\xa0 장단기매출채권및기타채권\n221,888,855\n-\n-\n-\n221,888,855\n\xa0 기타포괄손익-공정가치측정금융자산\n-\n8,382\n-\n-\n8,382\n\xa0 파생상품자산\n-\n-\n18,288\n-\n18,288\n합 \xa0 \xa0 계\n282,052,513\n8,382\n18,288\n-\n282,079,183\n금융부채\n\xa0 장단기매입채무및기타채무\n-\n-\n-\n178,671,917\n178,671,917\n\xa0 장단기차입금\n-\n-\n-\n264,520,000\n264,520,000\n\xa0 사채\n-\n-\n-\n229,531,803\n229,531,803\n\xa0 리스부채\n-\n-\n-\n6,637,680\n6,637,680\n합 \xa0 \xa0 계\n-\n-\n-\n679,361,400\n679,361,400\n(2) 당반기말과 전기말 현재 금융상품의 장부금액과 공정가치는 다음과 같습니다.\n(단위: 천원)\n구 \xa0 \xa0 \xa0 \xa0분\n당반기말\n전기말\n장부금액\n공정가치\n장부금액\n공정가치\n금융자산\n\xa0 기타포괄손익-공정가치측정금융자산\n8,382\n8,382\n8,382\n8,382\n\xa0 당기손익-공정가치측정 금융자산\n57,784,047\n57,784,047\n-\n-\n\xa0 파생상품자산\n-\n-\n18,288\n18,288\n합 \xa0 \xa0 계\n57,792,429\n57,792,429\n26,670\n26,670\n(3) 공정가치 서열체계(3)-1 당사는 공정가치측정에 사용된 투입변수의 유의성을 반영하는 공정가치 서열체계에 따라 공정가치측정치를 분류하고 있으며, 공정가치 서열체계의 수준은 다음과 같습니다.\xa0\n1) \'수준1\'은 동일한 자산이나 부채에 대한 활성시장의 (조정되지 않은)공시가격을 사용하여 도출되는 공정가치입니다.2) \'수준2\'는 직접적 또는 간접적으로 관측가능한, 자산이나 부채에 대한 투입변수를 사용하여 도출되는 공정가치입니다.\n3) \'수준3\'은 자산이나 부채에 대하여 관측가능한 시장정보에 근거하지 않은 투입변수(관측불가능한 변수)를 사용하는 평가기법으로부터 도출되는 공정가치입니다.\n당사는 계속적으로 공정가치로 인식하는 금융상품에 대해 매 보고기간말 분류를 재평가(측정치 전체에 유의적인 투입변수 중 가장 낮은 수준에 근거함)하여 수준간의 이동이 있는지를 판단하고 있습니다. 당반기 및 전반기 중 공정가치 서열체계의 수준사이의 유의적인 이동은 없었습니다.\n(3)-2 당반기말과 전기말 현재 공정가치로 측정 또는 공시되는 자산ㆍ부채의 공정가치 수준별 내역은 다음과 같습니다.\n<당반기말>\n(단위: 천원)\n구 \xa0 \xa0 \xa0분\n수준1\n수준2\n수준3\n합계\n공정가치로 측정되는 자산:\n\xa0기타포괄손익-공정가치측정금융자산\n-\n-\n8,382\n8,382\n\xa0당기손익-공정가치측정 금융자산\n-\n57,784,047\n-\n57,784,047\n<전기말>\n(단위: 천원)\n구 \xa0 \xa0 \xa0분\n수준1\n수준2\n수준3\n합계\n공정가치로 측정되는 자산:\n\xa0 기타포괄손익-공정가치측정금융자산\n-\n-\n8,382\n8,382\n\xa0 파생상품자산\n-\n18,288\n-\n18,288\n31. 우발부채와 약정사항\n(1) 당반기말 현재 당사는 이행보증 계약과 관련하여 백지어음 1매를 담보로 제공하고 있습니다.(2) 당반기말 현재 당사가 피고로 계류중인 소송사건은 6건이며, 소송금액 226,406천원 입니다. 소송 등의 최종 결과 및 영향은 합리적으로 예측할 수 없으며, 당사의 경영진은 당사의 재무상태에 중요한 영향을 미치지 않을 것으로 판단하고 있습니다. 한 편, 당반기말 현재 당사가 원고로 계류중인 소송사건은 5건입니다.(3) 당반기말 현재 당사의 자산이 타인에게 담보로 제공하고 있는 내역은 다음과 같습니다.\n(단위: 천원)\n구 \xa0 \xa0분\n제공받는자\n물건 또는 내용\n금 \xa0 \xa0액\n근저당권설정\n횡성군\n토지\n12,000,000\n근저당권설정\n공주시\n토지\n4,680,400\n근저당권설정\nIBK기업은행\n토지, 건물\n2,000,000\n근저당권설정\nIBK기업은행\n기계장치\n756,000\n양도담보설정\nKDB산업은행\n기계장치\n28,004,738\n합 \xa0 \xa0 \xa0 계\n47,441,138\n(4) 당반기말 현재 당사가 타인으로부터 제공받은 보증의 내역은 다음과 같습니다.\n(단위: 천원)\n구 \xa0 \xa0분\n제공자\n금 \xa0 \xa0액\n이행보증 등\n서울보증보험\n10,761,664\n(5) 당사는 당반기말 현재 관계기업인 진안물사랑(주)의 임대형 민간투자사업과 관련된 대출약정 등과 관련하여 현재 부담하거나 장래에 부담하게 될 모든 채무(약정한도 : 29,342,000천원)에 대하여 자금 제공의무 분담비율에 따라 다른 건설사 및 운영출자자와 연대하여 자금보충의무를 부담하고 있으며, 당사가 보유 중인 진안물사랑(주)의 주식을 담보로 제공하고 있습니다.(6) 당사는 일본도요글라스와 유리용기 제조에 관한 기술도입 계약을 체결하고 있으며, 동 계약에 따라 로열티를 지급하고 있습니다.\n32. 현금흐름표\n(1) 당반기와 전반기 중 현금의 유입과 유출이 없는 중요한 거래내용은 다음과 같습니다.\n(단위: 천원)\n구 \xa0 \xa0 분\n당반기\n전반기\n건설중인자산의 본계정 대체\n22,934,266\n38,336,825\n유형자산 취득관련 미지급금 변동\n(1,202,353)\n(2,859,892)\n무형자산 취득관련 미지급금 변동\n452,608\n67,790\n리스부채의 유동성 대체\n(1,186,424)\n(125,678)\n(2) 당반기와 전반기 중 재무활동에서 생기는 부채의 변동은 다음과 같습니다.\n<당반기>\n(단위: 천원)\n구분\n기초\n재무현금흐름\n비현금흐름\n당반기말\n현금유입(차입)\n현금유출(상환)\n사채할인발행차금\n배당결의\n기타\n단기차입금\n133,800,000\n111,000,000\n(65,500,000)\n-\n-\n-\n179,300,000\n장기차입금(유동성포함)\n130,720,000\n-\n-\n-\n-\n-\n130,720,000\n사채\n129,596,711\n-\n-\n61,216\n-\n-\n129,657,927\n유동성사채\n99,935,091\n-\n-\n55,339\n-\n-\n99,990,430\n리스부채\n6,637,680\n-\n(768,547)\n-\n-\n(605,886)\n5,263,247\n보증금\n714,959\n5,000\n(160,000)\n-\n-\n-\n559,959\n미지급배당금\n-\n-\n(17,566,441)\n-\n17,566,441\n-\n-\n재무활동 관련 총부채\n501,404,441\n111,005,000\n(83,994,988)\n116,555\n17,566,441\n(605,886)\n545,491,563\n<전반기>\n(단위: 천원)\n구분\n기초\n재무현금흐름\n비현금흐름\n전반기말\n현금유입(차입)\n현금유출(상환)\n사채할인발행차금\n배당결의\n기타\n단기차입금\n99,000,000\n39,000,000\n-\n-\n-\n-\n138,000,000\n사채\n229,643,025\n-\n-\n119,729\n-\n-\n229,762,754\n리스부채\n5,583,576\n-\n(607,130)\n-\n-\n849,383\n5,825,829\n보증금\n35,000\n425,000\n-\n-\n-\n-\n460,000\n미지급배당금\n-\n-\n(15,425,326)\n-\n15,425,326\n-\n-\n재무활동 관련 총부채\n334,261,601\n39,425,000\n(16,032,456)\n119,729\n15,425,326\n849,383\n374,048,583\n33. 영업부문\n당사는 전략적으로 단일의 보고부문을 가지고 있습니다. 최고영업의사결정자는 단일의 영업단위에 대한 내부 보고자료를 최소한 분기 단위로 검토하고 있습니다. (1) 주요 고객과의 거래당반기와 전반기 중 단일 외부 고객으로부터의 수익이 총 수익의 10% 이상인 주요 고객과의 거래 내역은 다음과 같습니다.\n(단위: 천원)\n고객명\n당반기\n전반기\n(주)동원에프앤비 및 그 종속기업\n83,257,091\n\xa0 \xa0 \xa0 \xa0 \xa0 71,620,635\n(2) 지역별 매출정보\n(단위: 천원)\n지역\n당반기\n전반기\n국내\n512,205,856\n228,760,592\n해외\n135,921,206\n96,801,270\n합계\n648,127,062\n325,561,862\n34. 보고기간 후 사건(1) 당사는 주주가치 제고를 위하여 보유중인 자기주식 198,376주를 2022년 08월 02일 기준으로 임의/무상 소각을 진행하였습니다.\n(단위: 천원)\n감자주식의 종류\n주식수(주)\n금액\n주당 액면가액\n보통주식\n197,129\n985,645\n5,000원\n기타주식\n1,247\n6,235\n5,000원\n합계\n198,376\n991,880\n자기주식 소각으로 인하여 당사가 보유한 주식수는 보통주 29,188,411주, 우선주 265,358주에서 보통주 28,991,282주, 우선주 264,111주로 감소하였습니다.35. 코로나19의 영향의 불확실성코로나19의 확산을 차단하기 위하여 전 세계적으로 이동 제한을 포함한 다양한 예방및 통제가 시행되고 있으며, 그 결과 전 세계 경제가 광범위한 영향을 받고 있습니다.또한, 코로나19에 대처하기 위한 다양한 형태의 정부지원 정책이 발표되고 있습니 다.당사는 코로나19의 영향과 정부지원 정책으로 영향을 받는 항목은 주로 매출채권의 회수가능성(주석 5참조), 재고자산의 손상(주석 6참조), 유ㆍ무형자산의 손상징후(주석 10, 11참조) 등 입니다. 당사는 코로나19가 당사에 미치는 영향을 합리적으로 추정하여 재무제표를 작성하였습니다.그러나, 코로나19상황에서 코로나19의 종식시점 및 코로나19가 당사에 미치는 영향의 추정에 중요한 불확실성이 존재합니다.\n6. 배당에 관한 사항\n가. 배당에 관한 사항당사는 다음과 같이 회사정관에 배당에 관한 사항을 정하였고, 본 정관에 따라 배당하고 있습니다.\'제10조의4 (동등배당)이 회사는 배당 기준일 현재 발행(전환된 경우를 포함한다)된 동종 주식에 대하여 발행일에 관계 없이 모두 동등하게 배당한다.제45조 (이익배당)① 이익의 배당은 금전과 주식으로 할 수 있다.② 이익의 배당을 주식으로 하는 경우 회사가 수종의 주식을 발행한 때에는주주총회의 결의로 그와 다른 종류의 주식으로도 할 수 있다.③ 제1항의 배당은 제13조 제1항에서 정한 날현재의 주주명부에 기재된 주주 또는 등록된 질권자에게 지급한다.제45조의2 (중간배당)① 이 회사는 7월 1일 0시 현재의 주주에게 상법 제462조의3에 의한 중간배당을할 수 있다. 중간배당은 금전으로 한다.② 제1항의 중간배당은 이사회의 결의로 하되, 그 결의는 제1항의 기준일 이후45일 내에 하여야 한다.③ \xa0중간배당은 직전결산기의 대차대조표상의 순자산액에서 다음 각호의 금액을공제한 액을 한도로 한다.1. 직전결산기의 자본의 액2. 직전결산기까지 적립된 자본준비금과 이익준비금의 합계액3. 직전결산기의 정기주주총회에서 이익배당하기로 정한 금액4. 직전결산기까지 정관의 규정 또는 주주총회의 결의에 의하여 특정목적을 \xa0 \xa0 위해 적립한 임의준비금5. 중간배당에 따라 당해 결산기에 적립하여야 할 이익준비금제46조 (배당금지급 청구권의 소멸시효)① 배당금의 지급청구권은 5년간 이를 행사하지 아니하면 소멸시효가 완성한다.② 제1항의 시효의 완성으로 인한 배당금은 본 회사에 귀속한다.\r\n나. 주요배당지표당 분기에 변동사항 없으며 관련 내용은 2022.03.16에 최초 제출된 2021년도 사업보고서를 참고하시기 바랍니다.\n다. 과거 배당 이력당 분기에 변동사항 없으며 관련 내용은 2022.03.16에 최초 제출된 2021년도 사업보고서를 참고하시기 바랍니다.\n7. 증권의 발행을 통한 자금조달에 관한 사항\n7-1. 증권의 발행을 통한 자금조달 실적\n[지분증권의 발행 등과 관련된 사항]\n가. 증자(감자)현황\n(기준일 :\xa0\n2022년 06월 30일\n)\n(단위 : 원, 주)\n주식발행(감소)일자\n발행(감소)형태\n발행(감소)한 주식의 내용\n종류\n수량\n주당액면가액\n주당발행(감소)가액\n비고\n2013.01.02\n-\n보통주\n12,019,912\n5,000\n10,906\n주1)합병\n2017.09.05\n-\n보통주\n1,538,957\n5,000\n56,542\n주2)합병\n2021.10.05\n-\n보통주\n3,569,900\n5,000\n43,539\n주3)합병\n주1) (주)대한은박지를 흡수합병(합병등기일 : 2013. 01. 02), 합병신주임.주2) (주)한진피앤씨를 흡수합병(합병등기일 : 2017. 09. 05), 합병신주임.\n주3) (주)테크팩솔루션 흡수합병(합병등기일 : 2020. 10. 05), 합병신주임.\n※ 기준일 이후인 \'22년 8월 2일을 감자기준일로 감자가 발생하였습니다. → 기타 자세한 사항은 동 보고서의 \'Ⅰ.회사의개요의 3. 자본금변동사항 中 가. 자본금 변동추이 하단\' 을 참조하시기 바랍니다.\n나. 미상환 전환사채 발행현황\xa0 \xa0 해당사항 없음\n다. 미상환 신주인수권부사채 등 발행현황\xa0 \xa0 해당사항 없음\n라. 미상환 전환형 조건부자본증권 등 발행현황\xa0 \xa0 해당사항 없음\r\n[채무증권의 발행 등과 관련된 사항]\n마. 채무증권 발행실적\n채무증권 발행실적\n(기준일 :\xa0\n2022년 06월 30일\n)\n(단위 : 백만원, %)\n발행회사\n증권종류\n발행방법\n발행일자\n권면(전자등록)총액\n이자율\n평가등급(평가기관)\n만기일\n상환여부\n주관회사\n동원시스템즈(주)\n회사채\n사모\n2012.11.21\n20,000\n6.71\n-\n2013.11.20\n여\n우리은행\n동원시스템즈(주)\n회사채\n사모\n2012.12.28\n10,000\n5.30\n-\n2013.12.27\n여\nSC투자증권\n(주)한진피앤씨\n회사채\n사모\n2012.06.08\n5,000\n4.00\n-\n2015.06.08\n여\nSBI저축은행\n(주)한진피앤씨\n회사채\n사모\n2012.10.24\n2,500\n3.00\n-\n2015.10.24\n여\n산업은행\n(주)한진피앤씨\n회사채\n사모\n2014.11.09\n7,000\n4.00\n-\n2015.11.09\n여\n외환은행\n(주)한진피앤씨\n회사채\n사모\n2013.02.26\n14,000\n3.50\n-\n2016.02.26\n여\n장보인트러스트코리아\n(주)테크팩솔루션\n회사채\n사모\n2015.06.18\n50,000\n2.74\n-\n2017.06.18\n여\n한국투자증권\n동원시스템즈(주)\n회사채\n공모\n2018.12.14\n100,000\n2.47\nA+/A(NICE/한신평)\n2021.12.14\n여\n한국투자증권\n동원시스템즈(주)\n회사채\n공모\n2019.08.02\n100,000\n1.65\nA+/A(NICE/한신평)\n2022.08.02\n부\n한국투자증권\n동원시스템즈(주)\n회사채\n공모\n2019.08.02\n30,000\n1.89\nA+/A(NICE/한신평)\n2024.08.02\n부\n한국투자증권\n동원시스템즈(주)\n회사채\n공모\n2021.10.28\n70,000\n2.65\nA+/A+(NICE/한기평)\n2024.10.28\n부\n한국투자증권\n동원시스템즈(주)\n회사채(녹색채권)\n공모\n2021.10.28\n30,000\n3.06\nA+/A+(NICE/한기평)\n2026.10.28\n부\n한국투자증권\n합 \xa0계\n-\n-\n-\n438,500\n-\n-\n-\n-\n-\n※ 기준일 이후 만기된 제26-1회 공모사채 100,000백만원은 상환되었습니다.바. 기업어음증권 미상환 잔액\n기업어음증권 미상환 잔액\n(기준일 :\xa0\n2022년 06월 30일\n)\n(단위 : 백만원)\n잔여만기\n10일 이하\n10일초과30일이하\n30일초과90일이하\n90일초과180일이하\n180일초과1년이하\n1년초과2년이하\n2년초과3년이하\n3년 초과\n합 계\n미상환 잔액\n공모\n-\n-\n-\n-\n-\n-\n-\n-\n-\n사모\n-\n-\n-\n-\n-\n-\n-\n-\n-\n합계\n-\n-\n-\n-\n-\n-\n-\n-\n-\n사. 단기사채 미상환 잔액\n단기사채 미상환 잔액\n(기준일 :\xa0\n2022년 06월 30일\n)\n(단위 : 백만원)\n잔여만기\n10일 이하\n10일초과30일이하\n30일초과90일이하\n90일초과180일이하\n180일초과1년이하\n합 계\n발행 한도\n잔여 한도\n미상환 잔액\n공모\n-\n-\n-\n-\n-\n-\n-\n-\n사모\n-\n-\n-\n-\n-\n-\n-\n-\n합계\n-\n-\n-\n-\n-\n-\n-\n-\n아. 회사채 미상환 잔액\n회사채 미상환 잔액\n(기준일 :\xa0\n2022년 06월 30일\n)\n(단위 : 백만원)\n잔여만기\n1년 이하\n1년초과2년이하\n2년초과3년이하\n3년초과4년이하\n4년초과5년이하\n5년초과10년이하\n10년초과\n합 계\n미상환 잔액\n공모\n100,000\n-\n100,000\n-\n30,000\n-\n-\n230,000\n사모\n-\n-\n-\n-\n-\n-\n-\n-\n합계\n-\n-\n-\n-\n-\n-\n-\n-\n※ 기준일 이후 만기된 제26-1회 공모사채 100,000백만원은 상환되었습니다.자. 신종자본증권 미상환 잔액\n신종자본증권 미상환 잔액\n(기준일 :\xa0\n2022년 06월 30일\n)\n(단위 : 백만원)\n잔여만기\n1년 이하\n1년초과5년이하\n5년초과10년이하\n10년초과15년이하\n15년초과20년이하\n20년초과30년이하\n30년초과\n합 계\n미상환 잔액\n공모\n-\n-\n-\n-\n-\n-\n-\n-\n사모\n-\n-\n-\n-\n-\n-\n-\n-\n합계\n-\n-\n-\n-\n-\n-\n-\n-\n차. 조건부자본증권 미상환 잔액\n조건부자본증권 미상환 잔액\n(기준일 :\xa0\n2022년 06월 30일\n)\n(단위 : 백만원)\n잔여만기\n1년 이하\n1년초과2년이하\n2년초과3년이하\n3년초과4년이하\n4년초과5년이하\n5년초과10년이하\n10년초과20년이하\n20년초과30년이하\n30년초과\n합 계\n미상환 잔액\n공모\n-\n-\n-\n-\n-\n-\n-\n-\n-\n-\n사모\n-\n-\n-\n-\n-\n-\n-\n-\n-\n-\n합계\n-\n-\n-\n-\n-\n-\n-\n-\n-\n-\n카. 사채관리계약 주요내용 및 충족여부 등(1) 제26-1회 공모사채\n(작성기준일 :\xa0\n2022년 06월 30일\n)\n(단위 : 백만원, %)\n채권명\n발행일\n만기일\n발행액\n사채관리계약체결일\n사채관리회사\n제26-1회 공모사채\n2019년 08월 02일\n2022년 08월 02일\n100,000\n2019년 07월 23일\n한국증권금융(주)\n(이행현황기준일 :\xa0\n2022년 06월 30일\n)\n재무비율 유지현황\n계약내용\n부채비율 400% 이하로 유지\n이행현황\n이행 (186.60%)\n담보권설정 제한현황\n계약내용\n사채 발행 이후 지급보증 또는 ""담보권""이 설정되는 채무의 합계액이 최근 보고서상 ""자기자본""의 200%를 넘지 않는 경우\n이행현황\n이행 (4.58%)\n자산처분 제한현황\n계약내용\n하나의 회계년도에 1회 또는 수회에 걸쳐 자산총계의 50%이상의 자산을 매매, 양도, 임대 기타 처분할 수 없다.\n이행현황\n이행 (처분액 : 229백만원, 0.016%)\n지배구조변경 제한현황\n계약내용\n본 사채의 원리금지급의무 이행이 완료될떄까지최대주주의 변경사유가 발생하지 않도록 함\n이행현황\n변경사항 없음\n이행상황보고서 제출현황\n이행현황\n2022년 4월 12일 제출\n※ 이행현황기준일은 이행현황 판단 시 적용한 회계감사인의 감사의견(확인 및 의견표시)이 표명된 가장 최근의 재무제표의 작성기준일이며, 지배구조변경 제한현황은 공시서류작성기준일임.※ 기준일 이후 만기된 제26-1회 공모사채 100,000백만원은 상환되었습니다.\n(2) 제26-2회 공모사채\n(작성기준일 :\xa0\n2022년 06월 30일\n)\n(단위 : 백만원, %)\n채권명\n발행일\n만기일\n발행액\n사채관리계약체결일\n사채관리회사\n제26-2회 공모사채\n2019년 08월 02일\n2024년 08월 02일\n30,000\n2019년 07월 23일\n한국증권금융(주)\n(이행현황기준일 :\xa0\n2022년 06월 30일\n)\n재무비율 유지현황\n계약내용\n부채비율 400% 이하로 유지\n이행현황\n이행 (186.60%)\n담보권설정 제한현황\n계약내용\n사채 발행 이후 지급보증 또는 ""담보권""이 설정되는 채무의 합계액이 최근 보고서상 ""자기자본""의 200%를 넘지 않는 경우\n이행현황\n이행 (4.58%)\n자산처분 제한현황\n계약내용\n하나의 회계년도에 1회 또는 수회에 걸쳐 자산총계의 50%이상의 자산을 매매, 양도, 임대 기타 처분할 수 없다.\n이행현황\n이행 (처분액 : 229백만원, 0.016%)\n지배구조변경 제한현황\n계약내용\n본 사채의 원리금지급의무 이행이 완료될떄까지최대주주의 변경사유가 발생하지 않도록 함\n이행현황\n변경사항 없음\n이행상황보고서 제출현황\n이행현황\n2022년 4월 12일 제출\n※ 이행현황기준일은 이행현황 판단 시 적용한 회계감사인의 감사의견(확인 및 의견표시)이 표명된 가장 최근의 재무제표의 작성기준일이며, 지배구조변경 제한현황은 공시서류작성기준일임.\n(3) 제27-1회 공모사채\n(작성기준일 :\xa0\n2022년 06월 30일\n)\n(단위 : 백만원, %)\n채권명\n발행일\n만기일\n발행액\n사채관리계약체결일\n사채관리회사\n제27-1회 공모사채\n2021년 10월 28일\n2024년 10월 28일\n70,000\n2021년 10월 18일\n한국증권금융(주)\n(이행현황기준일 :\xa0\n2022년 06월 30일\n)\n재무비율 유지현황\n계약내용\n부채비율 400% 이하로 유지\n이행현황\n이행 (186.60%)\n담보권설정 제한현황\n계약내용\n사채 발행 이후 지급보증 또는 ""담보권""이 설정되는 채무의 합계액이 최근 보고서상 ""자기자본""의 200%를 넘지 않는 경우\n이행현황\n이행 (4.58%)\n자산처분 제한현황\n계약내용\n하나의 회계년도에 1회 또는 수회에 걸쳐 자산총계의 50%이상의 자산을 매매, 양도, 임대 기타 처분할 수 없다.\n이행현황\n이행 (처분액 : 229백만원, 0.016%)\n지배구조변경 제한현황\n계약내용\n본 사채의 원리금지급의무 이행이 완료될떄까지최대주주의 변경사유가 발생하지 않도록 함\n이행현황\n변경사항 없음\n이행상황보고서 제출현황\n이행현황\n2022년 4월 12일 제출\n※ 이행현황기준일은 이행현황 판단 시 적용한 회계감사인의 감사의견(확인 및 의견표시)이 표명된 가장 최근의 재무제표의 작성기준일이며, 지배구조변경 제한현황은 공시서류작성기준일임.\n(4) 제27-2회 공모사채(녹색채권)\n(작성기준일 :\xa0\n2022년 06월 30일\n)\n(단위 : 백만원, %)\n채권명\n발행일\n만기일\n발행액\n사채관리계약체결일\n사채관리회사\n제27-2회 공모사채\n2021년 10월 28일\n2026년 10월 28일\n30,000\n2021년 10월 18일\n한국증권금융(주)\n(이행현황기준일 :\xa0\n2022년 06월 30일\n)\n재무비율 유지현황\n계약내용\n부채비율 400% 이하로 유지\n이행현황\n이행 (186.60%)\n담보권설정 제한현황\n계약내용\n사채 발행 이후 지급보증 또는 ""담보권""이 설정되는 채무의 합계액이 최근 보고서상 ""자기자본""의 200%를 넘지 않는 경우\n이행현황\n이행 (4.58%)\n자산처분 제한현황\n계약내용\n하나의 회계년도에 1회 또는 수회에 걸쳐 자산총계의 50%이상의 자산을 매매, 양도, 임대 기타 처분할 수 없다.\n이행현황\n이행 (처분액 : 229백만원, 0.016%)\n지배구조변경 제한현황\n계약내용\n본 사채의 원리금지급의무 이행이 완료될떄까지최대주주의 변경사유가 발생하지 않도록 함\n이행현황\n변경사항 없음\n이행상황보고서 제출현황\n이행현황\n2022년 4월 12일 제출\n※ 이행현황기준일은 이행현황 판단 시 적용한 회계감사인의 감사의견(확인 및 의견표시)이 표명된 가장 최근의 재무제표의 작성기준일이며, 지배구조변경 제한현황은 공시서류작성기준일임.\n7-2. 증권의 발행을 통해 조달된 자금의 사용실적\n가. 공모자금의 사용내역\n(기준일 :\xa0\n2022년 06월 30일\n)\n(단위 : 백만원)\n구 분\n회차\n납입일\n증권신고서 등의 자금사용 계획\n실제 자금사용 내역\n차이발생 사유 등\n사용용도\n조달금액\n내용\n금액\n회사채주1)\n동원시스템즈27-1\n2021.10.28\n\xa0운영자금(대출금상환)\xa0\n\xa0 70,000\xa0\n\xa0운영자금\xa0\n\xa0 70,000\xa0\n-\n회사채(녹색채권)주2)\n동원시스템즈27-2\n2021.10.28\n\xa0시설자금(2차전지 베터리 소재(캔)설비 매입 및 증설)\n\xa0 \xa030,000\xa0\n\xa0시설자금\n26,379\n미사용 자금은 배터리 소재 설비 구축 후 잔금이 완료되는 2022년 12월 이전 사용완료 예정임.\n회사채주3)\n동원시스템즈26-1\n2019.08.02\n\xa0운영자금(대출금상환)\xa0\n\xa0 100,000\n\xa0운영자금\xa0\n\xa0 100,000\n-\n회사채주3)\n동원시스템즈26-2\n2019.08.02\n\xa0운영자금(대출금상환)\xa0\n\xa0 \xa030,000\xa0\n\xa0운영자금\xa0\n\xa0 \xa030,000\xa0\n-\n회사채\n동원시스템즈25-1\n2018.12.14\n\xa0시설자금\xa0\n\xa0 \xa080,000\xa0\n\xa0시설자금\xa0\n\xa0 \xa080,000\xa0\n-\n회사채\n동원시스템즈25-2\n2018.12.14\n\xa0운영자금(대출금상환)\xa0\n\xa0 \xa020,000\xa0\n\xa0운영자금\xa0\n\xa0 \xa020,000\xa0\n-\n주1) 공모사채 27-1회 회사채는 제25회 무보증사채 차환 대금으로 사용되었습니다.\n[채무상환자금 세부 사용내역]\n(단위: 백만원, %)\n구분\n금액\n발행일\n만기\n금리\n비고\n제25회 무보증사채\n\xa0100,000\n2018.12.14\n2021.12.14\n2.47%\n-\n주2) 공모사채 27-2회 회사채는 ESG(녹색채권)으로, 친환경 사업인 이차전지소재 사업을 위하여 발행되었습니다. 2차전지 사업은 당초 계획대로 2차전지 베터리 소재 생산설비 구축 및 증설이 칠곡(캔)/아산(알미늄)/수지 2차전지파우치(파우치) 사업장에서 진행되고 있습니다. 본 ESG채권의 구체적인 자금사용내역은 한국거래소의 사회책임투자(SRI) 채권 전용 세그먼트에 게시될 예정입니다.\xa0\n[세부 사용내역]\n(단위: 백만원)\n구분\n사용목적\n세부내용\n기간\n금액\n사용완료\n시설자금\n2차전지 베터리 소재(캔)설비 매입 및 증설\n2021.09 ~ 2022.12\n26,379\n미사용\n시설자금\n2차전지 베터리 소재 설비 구축\n2021.09 ~ 2022.12\n3,621\n합계\n30,000\n※ 미사용 자금은 배터리 소재 설비 구축 후 잔금이 완료되는 2022년 12월 이전 사용완료 예정입니다.미사용 자금은 세부적으로 칠곡사업장의 2차전지 배터리 캔 소재 제조설비 매입 및 증설, 수지 2차전지파우치(파우치) 사업장의 2차전지 배터리 파우치 설비 도입 목적으로 사용되고 있습니다.주3) 공모사채 26-1회, 26-2회차 운영자금 상세 사용 내역 \xa0\r\n(기준일 :\xa0\n2022년 06월 30일\n)\n(단위 : 백만원)\n구 분\n차입처\n이자율(%)\n금액\n은행대출 상환\n미즈호은행\nCD(3M) + 1.10%\n40,000\n은행대출 상환\nKDB산업은행\n산금채(2년) + 1.00%\n70,000\n은행대출 상환\nKDB산업은행\n산금채(1년) + 0.93%\n10,000\n은행대출 상환\nKDB산업은행\n산금채(1년) + 0.93%\n10,000\n합계\n130,000\n나. 미사용자금의 운용내역\n(기준일 :\xa0\n2022년 06월 30일\n)\n(단위 : 백만원)\n종류\n금융상품명\n운용금액\n계약기간\n실투자기간\n예ㆍ적금\nMMDA\n3,621\n-\n-\n계\n3,621\n-\n8. 기타 재무에 관한 사항\n가. 재무제표 재작성 등 유의사항\n(1) 주식회사 테크팩솔루션 합병- 시기 : 2021년 10월 1일- 대상회사 : 주식회사 테크팩솔루션- 주요 내용 및 재무제표에 미치는 영향  \xa0연결기업은 경영 효율성 증대 및 사업경쟁력을 강화하여 시장경쟁력을 강화함으 \xa0 \xa0 \xa0로써 주주 및 기업가치를 제고하기 위하여 (주)테크팩솔루션을 2021년 10월 1일 \xa0 \xa0 \xa0을 합병기일로 하여 흡수합병하였습니다. 본 합병으로 당사는 주식회사 테크팩 \xa0 \xa0 \xa0 \xa0솔루션의 보통주식 44%를 소유하고 있는 해외계열회사에 당사가 합병신주 3,56 \xa0 \xa0 \xa09,900주를 발행하였습니다. 합병기일 현재 연결재무제표에 인식된 (주)테크팩솔루션의 자산ㆍ부채의 장부금 \xa0 \xa0 \xa0액과인식된 기타자본조정의 증가는 다음과 같습니다.\n(단위: 천원)\n구 \xa0분\n금 \xa0액\nI. 총합병대가\n신주발행\n17,849,500\n종속기업투자주식의 장부가액\n158,711,455\n합병대가 합계\n176,560,955\nII.식별가능한 취득자산및인수부채\n자산\n현금\n16,018,206\n매출채권및기타채권\n116,969,815\n기타유동자산\n30,609,624\n재고자산\n66,722,051\n유형자산\n238,484,315\n무형자산\n38,690,413\n영업권\n67,727,658\n기타비유동자산\n32,550,730\n자산 계\n607,772,812\n부채\n\u3000\n매입채무및기타채무\n71,786,009\n기타유동부채\n2,954,337\n비유동부채\n149,954,474\n부채 계\n224,694,820\n순자산 장부금액\n383,077,992\nIII.기타자본조정의 증가\n206,517,037\n- 관련 공시서류 제출 일자 \xa0 주요사항보고서(회사합병결정) : 21년 10월 5일 \xa0 회사합병결정(종속회사의주요경영사항) : 21년 10월 5일 \xa0 합병등종료보고서 (합병) : 21년 10월 8일(2) 주식회사 엠케이씨 합병- 시기 : 2021년 11월 1일- 대상회사 : 주식회사 엠케이씨- 주요 내용 및 재무제표에 미치는 영향\xa0\n\xa0 \xa0연결기업은 경영 효율성 증대 및 사업경쟁력을 강화하여 시장경쟁력을 강화함으 \xa0 \xa0 \xa0로써 주주 및 기업가치를 제고하기 위하여 (주)엠케이씨를 2021년 11월 1일을 \xa0 \xa0 \xa0 \xa0 \xa0합병기일로 하여 흡수합병하였습니다.  \xa0상기 합병은 동일 지배하의 합병으로 인수한 자산과 부채는 당사의 연결재무제표 \xa0 \xa0 상의 장부금액으로 인식하였으며, 합병대가와의 차이는 기타자본조정으로 계상하 \xa0 \xa0였습니다.\n\xa0 합병기일 현재 연결재무제표에 인식된 (주)엠케이씨의 자산ㆍ부채의 장부금액과 \xa0 \xa0 \xa0인식된 기타자본조정의 증가는 다음과 같습니다.\n(단위: 천원)\n구 \xa0분\n금 \xa0액\nI. 총합병대가\n종속기업투자주식의 장부가액\n\xa015,121,892\n합병대가 합계\n\xa015,121,892\nII.식별가능한 취득자산및인수부채\n자산\n현금\n569,775\n매출채권및기타채권\n563,554\n기타유동자산\n96,237\n재고자산\n1,445,163\n유형자산\n7,558,292\n무형자산\n1,371,206\n영업권\n8,396,089\n기타비유동자산\n54,018\n자산 계\n20,054,334\n부채\n\u3000\n매입채무및기타채무\n1,383,306\n기타유동부채\n1,652,063\n비유동부채\n2,267,180\n부채 계\n5,302,549\n순자산 장부금액\n14,751,785\nIII.기타자본조정의 감소\n(370,107)\n- 관련 공시서류 제출 일자 \xa0 합병등종료보고서 (합병) : 21년 11월 8일 (3) 주식회사 엠케이씨 지분 취득- 시기 : 2021년 4월 22일- 대상회사 : 주식회사 엠케이씨- 주요 내용 및 재무제표에 미치는 영향 \xa0 연결기업은 2차 전지용 케이스(캔) 제조업 사업진출을 통한 종합 최첨단 소재기 \xa0 \xa0 \xa0 \xa0업으로 도약하기 위해 주식회사 엠케이씨의 지분 100%를 인수하였습니다. 취득 \xa0 일 현재 주식회사 엠케이씨의 순장부가액과 취득금액의 차이는 영업권으로 연 \xa0 \xa0 \xa0 \xa0 결 장부금액에 인식하였습니다.\n(단위: 천원)\n구분\n금액\n취득금액\n15,000,000\n순장부금액\n\xa06,666,282\n영업권\n8,333,717\n- 관련 공시서류 제출 일자 \xa0 타법인주식및출자증권취득결정(자율공시) 제출일자 : 2021년 4월 22일\n(4) (주)테크팩솔루션 중부사업장, 연천사업장 양수도- 시기 : 2020년 3월 31일- 대상회사 : (주)테크팩솔루션- 주요 내용 및 재무제표에 미치는 영향\n\xa0 \xa0연결기업은 2020년 3월 31일 패키징사업경쟁력 확충을 통한 경영효율성 확대를 \xa0 \xa0 \xa0위하여 종속회사인 (주)테크팩솔루션의 PET BOTTLE \xa0사업을 양수하였습니다. \xa0 \xa0 \xa0취득일 현재 양수대상 사업 자산의 연결장부금액으로 인식하였으며, 이전대가와 \xa0 \xa0 \xa0장부금액의 차이는 기타자본에 반영되었습니다.\n(단위: 천원)\n구분\n금액\n이전대가\n12,492,054\n양수자산 장부금액\n(10,737,842)\n기타자본\n1,754,212\n- 관련 공시서류 제출 일자 \xa0 특수관계인으로부터 자산양수 제출일자 : 2020년 3월 31일(5) 자산유동화와 관련한 자산매각의 회계처리 및 우발채무 등에 관한 사항 \xa0 \xa0자산유동화와 관련한 자산매각에 해당하는 사항은 없으며, 우발채무 등에 관한 사 \xa0 \xa0항은「Ⅲ. 재무에 관한 사항, 3. 연결재무제표 주석, 33. 우발부채 및 약정사항」 \xa0 \xa0 \xa0을 참조 바랍니다.\n나. 대손충당금\n(1) 대손충당금 설정현황\n(단위 : 천원,%)\n구분\n계정과목\n채권총액\n대손충당금\n대손충당금설정률\n\xa0제 43 기반기\n매출채권\n245,000,720\n6,807,144\n2.8%\n미수금\n7,590,077\n83,097\n1.1%\n미수수익\n25,971\n12,516\n48.2%\n단기대여금\n36,598\n36,598\n100.0%\n장기대여금\n24,025,875\n24,015,275\n100.0%\n보증금\n3,906,822\n\xa0 -\n0.0%\n합 \xa0 계\n280,586,063\n30,954,630\n11.0%\n\xa0제 42 기\n매출채권\n236,751,537\n5,890,534\n2.5%\n미수금\n7,568,458\n83,098\n1.1%\n미수수익\n19,250\n12,516\n65.0%\n단기대여금\n36,598\n36,598\n100.0%\n장기대여금\n24,026,475\n24,015,275\n100.0%\n보증금\n3,751,715\n-\n0.0%\n합 \xa0 계\n272,154,033\n30,038,021\n11.0%\n\xa0제 41 기\n매출채권\n192,605,899\n2,285,448\n1.2%\n미수금\n5,462,623\n83,098\n1.5%\n미수수익\n16,541\n12,516\n75.7%\n단기대여금\n36,598\n36,598\n100.0%\n장기대여금\n24,029,675\n24,015,275\n99.9%\n보증금\n3,756,606\n-\n0.0%\n합 \xa0 계\n225,907,942\n26,432,935\n11.7%\n(2) 최근 3사업연도의 대손충당금 변동현황\xa0\n(단위 : 천원)\n구분\n제43기 반기\n제42기\n제41기\n1. 기초 대손충당금 잔액합계\n\xa0 30,038,022\n26,432,935\n25,475,234\n2. 순대손처리액(①－②±③)\n224,799\n26,281\n(124,160)\n\xa0① 대손처리액(상각채권액)\n-\n-\n(113,912)\n\xa0② 상각채권회수액\n200,000\n-\n-\n\xa0③ 기타증감액\n24,799\n26,281\n(10,248)\n3. 대손상각비 계상(환입)액\n691,810\n3,578,805\n1,081,861\n4. 기말 대손충당금 잔액합계\n\xa0 30,954,630\n\xa0 30,038,021\n26,432,935\n※ 기타증감액에는 사업결합, 종속기업투자주식 처분, 해외소재 종속기업의 외화환산으로 인한 변동이 \xa0 \xa0 \xa0 \xa0포함되어 있습니다.(3) 매출채권관련 대손충당금 설정방침① 대손충당금 설정방침 \xa0 \xa0- 대차대조표일 현재의 매출채권과 기타채권잔액에 대하여 개별거래분석을 기초 \xa0 \xa0 \xa0 \xa0로 하여 대손충당금을 설정하고 있습니다.② 대손처리 기준 \xa0 \xa0- 파산,부도,강제집행,사업의 폐지,채무자의사망,실종 행방불명등으로 인해 채권 \xa0 \xa0 \xa0 \xa0의 회수불능이 객관적으로 입증된 경우 대손액 설정. \xa0 \xa0- 채권회수에 따른 비용이 채권금액을 초과하는 경우 대손액 설정. \xa0 \xa0- 소송이 진행되어 승패여부가 불분명시 승소확율분석에 기초하여 채권잔액의 1 \xa0 \xa0 \xa0 \xa0 %초과~100%범위내에서 합리적인 대손추산액 설정. \xa0 \xa0- 채권회수 연령 분석과 회수가능성을 고려하여 채권잔액의 1%초과~100% \xa0 \xa0 \xa0 범위내에서 합리적인 대손추산액 설정.\n(4) 경과기간별 매출채권 잔액현황\n(단위 : 천원)\n구분\n6월 이하\n6월 초과1년 이하\n1년 초과3년 이하\n3년 초과\n계\n금액\n일반\n242,781,673\n897,296\n7,745,172\n1,166,656\n252,590,797\n계\n242,781,673\n897,296\n7,745,172\n1,166,656\n252,590,797\n구성비율\n96.1%\n0.4%\n3.1%\n0.5%\n100.0%\n다. 재고자산의 보유 및 실사내역 등\n(1) 최근 3사업연도의 재고자산의 사업부문별 보유현황\n\xa0 (단위 : 천원 )\n사업부문\n계정과목\n제 43 기 반기\n제 42 기\n제 41 기\n비고\n포장\n제품및상품\n\xa0 109,503,730\n\xa0 86,671,699\n71,279,495\n-\n재공품\n\xa0 43,857,660\n\xa0 38,916,781\n22,892,395\n-\n반제품\n\xa0 -\n\xa0 -\n8,460,365\n원부재료\n\xa0 98,808,287\n\xa0 72,225,798\n37,686,519\n-\n저장품\n\xa0 13,528,180\n\xa0 11,739,578\n9,632,908\n-\n미착품\n\xa0 19,664,729\n\xa0 9,710,593\n4,245,021\n-\n소계\n285,362,586\n\xa0 219,264,449\n154,196,703\n-\n합 \xa0계\n제품및상품\n\xa0 109,503,730\n\xa0 86,671,699\n71,279,495\n-\n재공품\n\xa0 43,857,660\n\xa0 38,916,781\n22,892,395\n반제품\n\xa0 -\n\xa0 -\n8,460,365\n-\n원부재료\n\xa0 98,808,287\n\xa0 72,225,798\n37,686,519\n-\n저장품\n\xa0 13,528,180\n\xa0 11,739,578\n9,632,908\n-\n미착품\n\xa0 19,664,729\n\xa0 9,710,593\n4,245,021\n-\n소계\n285,362,586\n\xa0 219,264,449\n154,196,703\n-\n총자산대비 재고자산 구성비율(%)[재고자산합계÷기말자산총계×100]\n18.6%\n14.7%\n12.3%\n-\n재고자산회전율(회수)[연매출원가÷{(기초재고＋기말재고)÷2}]\n4.95회\n5.87회\n6.04회\n-\n(2) 재고자산의 실사내역 등\n\xa0- 재고자산 실사현황\n구 \xa0분\n재고실사일\n감사일\n비 \xa0고\n제40기\n상반기\n2019.06.21~06.30\n2019.07.01\n-\n하반기\n2019.12.21~12.31\n2020.01.02\n감사인 입회\n\xa0제41기\n상반기\n2020.06.21~06.30\n2020.07.01\n-\n하반기\n2020.12.21~12.31\n2021.01.02\n감사인 입회\n\xa0제42기\n상반기\n2021.06.21~06.30\n2021.07.01\n-\n하반기\n2021.12.21~12.31\n2022.01.02\n감사인 입회\n\xa0제43기\n상반기\n2022.06.21~06.30\n2022.07.01\n-\n하반기\n-\n-\n-\n\xa0 - 재고실사 대상 : 원재료, 상품, 제품, 재공품.\n\xa0 \xa0- 실사 진행현황 : 실사팀은 창고담당자, 감사팀은 회계담당자로 구성. \xa0 \xa0 \xa0 실사팀 : 현품수량 계수 후 자재수불부의 재고수량과 대조확인 및 품질이상유무 \xa0 \xa0 \xa0 \xa0 \xa0 \xa0 \xa0 \xa0 \xa0 \xa0판정. \xa0 \xa0 \xa0 감사팀 : 현품수량과 자재수불부의 재고수량 차이 존재여부 확인함. \xa0 - 실사결과 : 수량 및 품질 이상 없음. \xa0 \xa0 \xa0 (재고자산의 장부가액은 순실현가능가액으로 조정된 금액임.) \xa0 - 실사일과 대차대조표일 사이의 재고자산 변동내역은 해당기간 전체 재고의 입출 \xa0 \xa0 \xa0고 내역의 확인을 통해 대차대조표일 기준 재고자산의 실재성을 확인함.(3) 장기체화재고 등 내역재고자산의 시가가 취득원가보다 하락한 경우에는 저가법을 사용하여 재고자산의 재무상태표가액을 결정하고 있으며, 제 43기 반기 말 현재 재고자산에 대한 평가내역은 다음과 같습니다.\n\xa0 (단위 : 천원 )\n구 \xa0 \xa0분\n취득원가\n보유금액\n평가충당금\n장부금액\n제품및상품\n\xa0 114,962,442\n\xa0 114,962,442\n(5,458,712)\n\xa0 109,503,730\n재공품\n\xa0 44,331,819\n\xa0 44,331,819\n(474,159)\n\xa0 43,857,660\n원부재료\n\xa0 99,424,554\n\xa0 99,424,554\n(616,267)\n\xa0 98,808,287\n저장품\n\xa0 17,113,308\n\xa0 17,113,308\n(3,585,128)\n\xa0 13,528,180\n미착품\n\xa0 19,664,729\n\xa0 19,664,729\n\xa0 -\n\xa0 19,664,729\n합 \xa0 \xa0계\n\xa0 295,496,852\n\xa0 295,496,852\n(10,134,266)\n\xa0 285,362,586\n라. 공정가치평가 내역\n(1) 당반기말과 전기말 현재 금융상품의 범주별 분류내역은 다음과 같습니다.\n<당반기말>\n(단위: 천원)\n구 \xa0 \xa0 분\n상각후원가로 측정하는 금융자산\n기타포괄손익-공정가치측정 금융자산\n당기손익-공정가치측정 금융자산\n상각후원가로 측정하는 금융부채\n합 \xa0 계\n금융자산\n\xa0 현금및현금성자산\n\xa0 54,493,217\n-\n-\n-\n\xa0 54,493,217\n\xa0 장단기매출채권및기타채권\n\xa0 249,631,433\n-\n-\n-\n\xa0 249,631,433\n\xa0 장단기금융상품\n\xa0 21,095,192\n-\n-\n-\n\xa0 21,095,192\n\xa0 당기손익-공정가치측정금융자산\n-\n-\n\xa0 57,784,047\n57,784,047\n\xa0 기타포괄손익-공정가치측정금융자산\n-\n8,382\n-\n-\n\xa0 8,382\n합 \xa0 \xa0 계\n\xa0 325,219,842\n8,382\n\xa057,784,047\n-\n\xa0 383,012,271\n금융부채\n\xa0 장단기매입채무및기타채무\n-\n-\n-\n\xa0 229,316,331\n\xa0 229,316,331\n\xa0 장단기차입금\n-\n-\n-\n\xa0 324,098,342\n\xa0 324,098,342\n\xa0 사채\n-\n-\n-\n\xa0 229,648,357\n\xa0 229,648,357\n\xa0 리스부채\n-\n-\n-\n\xa0 5,583,236\n\xa0 5,583,236\n합 \xa0 \xa0 계\n-\n-\n-\n\xa0 788,646,266\n\xa0 788,646,266\n<전기말>\n(단위: 천원)\n구 \xa0 \xa0 분\n상각후원가로 측정하는 금융자산\n기타포괄손익-공정가치측정 금융자산\n당기손익-공정가치측정 금융자산\n상각후원가로 측정하는 금융부채\n합 \xa0 계\n금융자산\n\xa0 현금및현금성자산\n74,033,301\n-\n-\n-\n74,033,301\n\xa0 장단기매출채권및기타채권\n242,116,013\n-\n-\n-\n242,116,013\n\xa0 장단기금융상품\n19,876,440\n-\n81,505,242\n-\n101,381,682\n\xa0 기타포괄손익-공정가치측정금융자산\n-\n8,382\n-\n-\n8,382\n\xa0 파생상품자산\n-\n-\n18,288\n-\n18,288\n합 \xa0 \xa0 계\n336,025,754\n8,382\n81,523,530\n-\n417,557,666\n금융부채\n\xa0 장단기매입채무및기타채무\n-\n-\n-\n208,252,535\n208,252,535\n\xa0 장단기차입금\n-\n-\n-\n334,005,305\n334,005,305\n\xa0 사채\n-\n-\n-\n229,531,803\n229,531,803\n\xa0 리스부채\n-\n-\n-\n6,961,865\n6,961,865\n합 \xa0 \xa0 계\n-\n-\n-\n778,751,508\n778,751,508\n(2) 당반기말과 전기말 현재 공정가치로 측정되는 금융상품의 장부금액과 공정가치는 다음과 같습니다.\n(단위: 천원)\n내 \xa0 \xa0 \xa0역\n당반기말\n전기말\n장부금액\n공정가치\n장부금액\n공정가치\n금융자산\xa0\n\xa0 당기손익-공정가치측정금융자산\n57,784,047\n57,784,047\n81,505,242\n81,505,242\n\xa0 기타포괄손익-공정가치측정금융자산\n8,382\n8,382\n8,382\n8,382\n\xa0 파생상품자산\n-\n-\n18,288\n18,288\n합 \xa0 \xa0 계\n57,792,429\n57,792,429\n81,531,912\n81,531,912\n(3) 공정가치 서열체계(3)-1 연결기업은 공정가치측정에 사용된 투입변수의 유의성을 반영하는 공정가치 서열체계에 따라 공정가치측정치를 분류하고 있으며, 공정가치 서열체계의 수준은 다음과 같습니다.\xa0\n1) \'수준1\'은 동일한 자산이나 부채에 대한 활성시장의(조정되지 않은) 공시가격을 사용하여 도출되는 공정가치입니다.2) \'수준2\'는 직접적 또는 간접적으로 관측가능한, 자산이나 부채에 대한 투입변수를 사용하여 도출되는 공정가치입니다.\n3) \'수준3\'은 자산이나 부채에 대하여 관측가능한 시장정보에 근거하지 않은 투입변수(관측불가능한 변수)를 사용하는 평가기법으로부터 도출되는 공정가치입니다.\n연결기업은 계속적으로 공정가치로 인식하는 금융상품에 대해 매 보고기간말 분류를재평가(측정치 전체에 유의적인 투입변수 중 가장 낮은 수준에 근거함)하여 수준간의이동이 있는지를 판단하고 있습니다. 당반기 및 전반기 중 공정가치 서열체계의 수준사이의 유의적인 이동은 없었습니다.\n(3)-2 당반기말과 전기말 현재 공정가치로 측정 또는 공시되는 자산ㆍ부채의 수준별 내역은 다음과 같습니다.\n<당반기말>\n(단위: 천원)\n구 \xa0 \xa0 \xa0분\n수준1\n수준2\n수준3\n합계\n공정가치로 측정되는 자산:\n\xa0당기손익-공정가치측정금융자산\n-\n57,784,047\n-\n57,784,047\n\xa0기타포괄손익-공정가치측정금융자산\n-\n-\n8,382\n8,382\n합 \xa0 \xa0 계\n-\n57,784,047\n8,382\n57,792,429\n<전기말>\n(단위: 천원)\n구 \xa0 \xa0 \xa0분\n수준1\n수준2\n수준3\n합계\n공정가치가 공시되는 자산:\n\xa0당기손익-공정가치측정금융자산\n-\n81,505,242\n-\n81,505,242\n\xa0기타포괄손익-공정가치측정금융자산\n-\n-\n8,382\n8,382\n\xa0파생상품자산\n-\n18,288\n-\n18,288\n합 \xa0 \xa0 계\n-\n81,523,530\n8,382\n81,531,912\n']"
