text
"['\nII. 사업의 내용\n1. 사업의 개요\n1. 사업부문의 구분 연결실체의 사업부문은 다음과 같이 분류합니다.\n구 분\n부문\n대상회사\n주요 제품 및 서비스\n연결실체 (종속회사)\n지주회사\n한솔홀딩스\n지주회사 및 경영컨설팅 서비스업\n지류 제조 판매업\n한솔페이퍼텍\n골판지 제조 및 판매\n지류 도소매업 및 IT 서비스\n한솔피엔에스(연결)\n국내외 지류 도소매 사업 및 IT시스템 구축, 유지보수\n종속회사가 아닌 주요자회사\n지류 제조 판매업\n한솔제지(연결)\n인쇄용지, 백판지, 특수지\n전자부품제조업\n한솔테크닉스(연결)\n파워모듈, 휴대폰부품, LED소재, 태양광발전, 반도체 부품 정밀가공\n2. 사업부문별 사업의 개요(1) 지주회사 (한솔홀딩스)지주회사(持株會社, Holding Company)란 다른 회사의 주식을 소유한 회사이며 단순히 주식을 소유하는 것만이 아니라, 법적기준 이상으로 해당회사의 주식(의결권)을 보유함으로써 그 회사에 대하여 실질적인 지배권을 취득하는 것을 사업의 목적으로 하는 회사입니다. 이러한 지주회사 체제는 지배구조의 투명성을 제고하고 독립경영을 가능하게 하여 궁극적으로 주주가치 향상에 기여합니다. 당사는 별도의 사업을 영위하지 않는 순수지주회사로서 주요 수익은 한솔브랜드의 사용자로부터 수취하는 상표사용수익, 경영자문 제공을 통한 경영자문수익, 자회사 등으로부터 수취하는 배당금수익입니다. (2) 지류 제조 판매업 (한솔제지, 한솔페이퍼텍)제지산업은 대규모 설비투자가 필요한 자본집약적 장치산업이며, 원료 및 제품의 부피가 크고 운송비가 높아 내수지향적 수요구조를 보이므로 국내 경기가 호황일때 수요가 증가하고, 불황시 증가세가 둔화되는 경기변동에 순행적인 특성을 갖고 있습니다. 또한 주요 원재료인 펄프 및 고지의 원가비중이 높아 원료의 가격변동에 민감한 수익구조를 가집니다. 한솔페이퍼텍의 고객인 골판지 원지시장의 고객은 골게터 설비를 보유한 판지사로, 이 중 자사 및 계열사에서 원지를 생산하지 않는 \xa0판지사가 주 고객입니다. 골판지 제조사업은 택배산업의 증가와 정부의 환경에 대한 관심 고조로 농수산물의 골판지 포장 확대, 홈쇼핑 대중화 등으로 시장규모가 성장 확대 예상됩니다. 한솔제지는 한솔홀딩스(구 한솔제지) 제지사업부문을 이어받아 분할 후 산업용지, 인쇄용지, 특수지 사업부문의 제조 및 판매 등 제지 고유 사업을 영위하고 있습니다. 한솔제지는 기존 사업의 수익성 강화와 동시에 고수익, 고성장 지종을 확대하는 포트폴리오 전략을 가지고 있으며, 중장기적으로 제지 기술을 응용한 첨단 신소재 분야로 사업 영역을 확대하는 계획을 추진하고 있습니다.  \xa0(3) 지류 도소매업 및 IT 서비스 (한솔피엔에스)지류유통 부문은 크게 인쇄용지 및 특수지, 산업용지 및 기타로 구분되는 상품을 매입하여 판매하는 사업구조를 지니고 있습니다. 지류유통 부문은 연관 산업인 제지업의 전반적인 업황에 연동되는 구조를 지니고 있습니다. 최근 비대면 유통경로의 확대로 산업용지 등 일부 지종의 시장이 확대되었으나 반대로 인쇄용지 등의 수요가 줄어들었습니다. 다만 수요의 측면에서 보자면 차후 경기부양의 여부에 따라 판매량 및 매출 규모 역시 점차 개선될 것이며 한솔피엔에스의 강점인 다양한 제품, 물류시스템, 서비스 확대를 기반으로 점차 실적이 개선되리라 예상하고 있습니다.\xa0IT서비스 사업부문은 고객사에 필요한 IT시스템 설계부터 하드웨어, 응용소프트웨어 개발은 물론 업무환경의 최적화와 효율적인 제조환경 구축을 위한 다양한 솔루션을 업체 환경에 맞춰 제공합니다. 한솔그룹 내 IT아웃소싱 서비스를 20년 이상 수행하고 있으며, 제조, 산업플랜트, 레저 등 다양한 분야의 산업별 특화된 노하우를 기반으로 고객사에 다양한 IT서비스와 솔루션을 제공하고 있습니다. 2022년부터 성장을 위한 신규사업을 적극 검토하고 있으며, 그 결과 2023년 2월부터 IT하드웨어 유통 총판사업 분야에 진출하였습니다. 글로벌 IT기업인 화웨이(Huawei)의 국내 총판사 지위를 취득하여 화웨이의 스토리지, 네크워크 장비를 국내 시장에 공급하고 있습니다. 화웨이 총판을 시작으로 2023년 또다른 글로벌 IT기업 엑스퓨전(xFusion)의 서버 공급 국내 총판사 지위를 취득하면서 취급 상품군을 확대하였습니다. 향후 IT 소프트웨어 유통사업 진출 및 기존 사업들과의 시너지 창출 등을 통해 총판사업의 부가가치를 높이는 방향으로 사업을 확대해 나갈 계획입니다. 지류유통 부문의 주요 제품은 인쇄용지, 특수지 중 아트지,고급인쇄용지/산업용지, 기타용지 중 백판지, 라이너지입니다. 인쇄용지, 특수지의 경우 매출이 조금씩 감소하고 있으나 산업용지, 기타용지의 경우 점차 비중이 확대되고 있습니다. 매출 중에서도 대부분의 비중을 차지하는 지류유통 부분은 인쇄용지, 특수지의 매출이 수요 감소에 따라 조금씩 하락하고, 산업용지, 기타용지가 그 자리를 대체하고 있습니다. (4) 전자부품제조업 (한솔테크닉스)한솔테크닉스는 전기/전자 분야에서 TV 및 생활가전 파워보드, 무선충전기 모듈 등을 생산ㆍ판매하는 전자부품 사업, 스마트폰 위탁 생산 및 판매를 하는 휴대폰 사업, 태양광 모듈 생산ㆍ판매를 하는 솔라사업, 반도체 장비 부품 정밀가공 및 초정밀 세정 등을 하는 반도체 사업(한솔테크닉스의 종속회사인 한솔아이원스)을 영위하고 있습니다.전자부품사업은 TV 및 생활가전용 파워모듈, 스마트폰 무선 충전 모듈 및 배터리 모듈(파워모듈은 파워보드로 지칭하기도 합니다.) 등으로 구성되어 있으며 이중 파워모듈, 무선충전 모듈이 중심을 이루고 있습니다. 휴대폰 사업은 스마트폰과 테블릿 제품을 주품목으로 생산하여 고객에게 납품하고 있으며, 안정적인 사업구조를 바탕으로 꾸준히 매출 및 이익창출에 기여하고 있습니다. 휴대폰 사업은 Global Top Tier 고객의 공급망을 갖추고 있어 사업에 대한 안정성이 높으며 뛰어난 제조 역량을 기반으로 경쟁력 있는 품질과 원가 확보를 위해 지속적인 노력을 기울이고 있습니다. 솔라(태양광모듈) 사업은 태양으로부터 복사되는 빛 에너지를 활용한 대표적인 친환경산업 중 하나이며, 한솔테크닉스는 태양광 모듈을 제조/판매하고 있습니다. 솔라사업은 과거 TV BLU 조립사업을 통해 축적한 조립/제조 경험을 바탕으로 높은 고객 선호도를 확보하고 있습니다. 우수한 기술력 기반의 고효율 및 수상형 모듈 개발, 최고의 품질 및 원가 경쟁력을 갖추고 있어 국내시장에서의 견고한 위치를 점유하고 있습니다. 그러나 태양광 산업은 공급과잉 현상이 심화되면서, 원가 이하로 제품가격이 형성되어 전세계 태양광 기업들이 위기에 직면하기도 했습니다. 이러한 수급불균형을 해소하고자 고부가 비지니스 모델 확보, 차별화된 제품 개발 등 다양한 활동을 추진하고 있습니다.\r\n\xa0반도체는 고도의 기술, 지식 및 노동이 복합적으로 집약된 산업으로서 국가산업의 중추 산업이며 타 산업에 비해 지식, 기술 집약도가 높은 산업입니다. 특히 IT, 정보통신, 멀티미디어 관련 제품 및 기술이 고부가가치산업으로 전환하는데 있어 반도체는 핵심적 역할을 수행하고 있습니다. 또한, 반도체 소재 사업은 반도체 수요 상승에 따른 설비 투자 확대로 꾸준한 성장이 지속되고 있습니다. 한솔테크닉스의 종속회사인 한솔아이원스는 초정밀 특수 부품을 설계부터 가공, 세정, 코팅, 측정 및 분석까지 One stop solution을 제공함으로써 동일 품질에 대하여 타사 대비 원가ㆍ납기 경쟁력을 확보하고 있습니다.\n<사업부문별 기재>이하 II. 사업의 내용 중 2. 주요 제품 및 서비스, 3. 원재료 및 생산설비, 4. 매출 및 수주상황에 대해서는 당사의 종속회사 및 주요자회사가 영위하는 사업에 대해 기재하고 있습니다.\n2. 주요 제품 및 서비스\n(1) 지류 제조 판매업 (종속회사 : 한솔페이퍼텍)가. 주요 제품의 현황\n(단위 : 백만원,%)\n구분\n지종명\n특징/용도\n매출액\n매출비중\n골판지\n표면지, 이면지, 골심지 등\n골판지 인쇄면 및 이면원지, 골형상의 원지 등\n28,582\n100.0\n합 계\n28,582\n100.0\n나. 주요 제품의 가격변동추이2024년 기준 제품의 평균가격은 433천원/톤으로, 2023년 기준 제품의 평균가격인 462천원/톤 대비 약 6.3% 하락하였습니다.\n(2) 지류 도소매업 및 IT 서비스 (종속회사 : 한솔피엔에스)가. 주요 서비스의 현황\n(단위 : 백만원,%)\n사업부문\n유형\n품 \xa0 목\n구체적 용도\n매출액\n매출비중\nI T\n용역,전산장비\n시스템 유지보수및 전산장비\n유지보수 및 시스템 구축및 전산장비 판매\n12,187\n17.0\n지류유통\n상품\n인쇄용지등\n지류가공 및 판매\n59,314\n83.0\n합 계\n71,501\n100.0\n나. 주요 제품 등의 가격변동추이한솔피엔에스의 지류유통 부문의 가격변동추이는 다음과 같습니다.\n(단위 : 천원/톤)\n품 목\n주요 상표\n2024년 1분기\n2023년\n2022년\n인쇄용지, 특수지\n아트지/고급인쇄\n1,553\n1,534\n1,437\n산업용지, 기타\n백판지/라이너지\n984\n938\n938\n인쇄용지, 특수지의 경우 매년 시장상황에 따라 수요가 점차 감소되고 있으나 물가 상승 등으로 제지사들의 판매가 인상으로 인해 한솔피엔에스 역시 영향을 받아 판가가 상승하였습니다. 산업용지의 경우 앞선 경우와 마찬가지로 제지사들의 판매가 인상 및 시장수요의 증가로 판매가격이 상승하였습니다. 한솔피엔에스의 IT서비스업은 IT 시스템 구축 등의 서비스를 주로 제공하고 있어, 각 프로젝트마다 고객별로 Customizing하여 시스템을 구축하고 관리하기 때문에 특정 제품의 가격산정이 어렵습니다.\xa0\n(3) 지류 제조 판매업 (주요자회사 : 한솔제지)가. 주요 제품의 현황\n(단위 : 백만원,%)\n구분\n지종명\n매출액\n매출비중\n산업용지\n백판지 등\n135,013\n25.28\n인쇄용지, 특수지\n백상지, 아트지, 감열지 등\n349,099\n65.36\n지류유통\n종이컵 등\n107,667\n20.16\n기타\nEPC, 메인텍 등\n33,055\n6.19\n내부거래\n-\n(90,725)\n(16.99)\n합 계\n534,109\n100.00\n한솔제지는 대전소재의 사업장에서 백판지류, 판지류 등의 산업용지를 생산하고 있으며, 장항 및 신탄진 소재의 사업장에서 백상지류, 아트지류, 정보지류 등의 인쇄용지와 감열지 등의 특수지를, 천안소재의 사업장에서 팬시지류 및 감열지류 등의 \xa0 \xa0 \xa0특수지를 생산하고 있습니다. \xa0나. 주요 제품의 가격변동추이전년동기 대비하여 산업용지 부문은 판매가격이 약 3% 상승했고, 인쇄용지 및 특수지 부문은 펄프가 하락에 연동하여 판매가도 하락하였습니다.\xa0\n(4) 전자부품제조업 (주요자회사 : 한솔테크닉스)가. 주요 제품 등의 현황\n\xa0 (단위 : 백만원, %)\n사업부문\n매출유형\n품 목\n구체적용도\n주요상표등\n매출액\n비율\n전자부품\n제품\n파워보드\nLCD TV 및 가전 부품, 무선충전 부품 등\nHANSOL, OEM브랜드\n125,426\n46.8\n기타 전자부품\nLCD Moule, 전장부품, 태양광인버터 등\n""\n1,034\n0.4\n솔 라\n태양광모듈\nCell을 응용한 발전사업 부품\n""\n11,159\n4.2\nLED소재\n웨이퍼\nLED조명,TV용 등 Chip 생산부품\n""\n-\n-\n반도체\n가공, 세정/코팅\n반도체 장비 부품 가공, \xa0세정/코팅 등\nIONES, OEM브랜드\n37,210\n13.9\n전자부품\n상품\n파워보드\nLCD TV 및 가전 부품, 무선충전 부품 등\nHANSOL, OEM브랜드\n8,764\n3.2\n기타전자부품\nLCD Moule, 전장부품, 태양광인버터 등\n""\n15,749\n5.9\n휴대폰\n스마트폰EMS\n스마트폰, 테블릿 제품 등\n""\n65,952\n24.6\n솔 라\n태양광모듈\nCell을 응용한 발전사업 부품\n""\n2,675\n1.0\nLED소재\n웨이퍼\nLED조명,TV용 등 Chip 생산부품\n""\n-\n-\n반도체\n가공, 세정/코팅\n반도체 장비 부품 가공, \xa0세정/코팅 등\nIONES, OEM브랜드\n127\n0.0\n합 계\n268,095\n100.0\n나. 주요 제품 등의 가격변동추이\n\xa0(단위 : 원)\n품 목\n구 분\n2024년 1분기\n2023년\n2022년\n파워보드\n내 수\n40,485\n42,193\n37,606\n수 출\n32,963\n32,773\n29,516\nLCM\n내 수\n-\n-\n-\n수 출\n-\n186,735\n156,929\n휴대폰\n내 수\n-\n-\n-\n수 출\n9,362\n14,447\n11,405\n솔라모듈\n내 수\n144,803\n214,490\n223,185\n수 출\n-\n-\n-\n웨이퍼\n내 수\n-\n11,977\n13,184\n수 출\n-\n24,110\n13,580\n반도체장비\n(주1)\n(1) 산출기준\n\xa0- 산출대상 및 그 선정방법 : 모델 합계수량 및 매출액을 기준.(단, 소모성 자재 및 기타 매출 제외) - 산출단위 : 원/개(대, 장) - 산출방법 : 합계 단순평균\n(2) 주요 가격변동원인\n\xa0- 시장가격 형성에 연동한 판가 및 환율변동(3) 수출과 내수 구분은 소재지를 기준으로 작성.(주1) 반도체 사업은 다품종 소량생산체제이므로, 정확한 가격의 변동 추이를 파악하기 어렵습니다. \xa0 \xa0 \xa0 \xa0 \xa0 \xa0 \xa0 다만 가격의 변동에 영향을 미치는 주요 요인은 납품업체와의 매년 또는 주기적인 원가절감 \xa0 \xa0 \xa0 \xa0 (CR : Cost Reduction)에 따른 납품 단가 인하, 그리고 설계 변경 및 추가 사양 발생으로 인한  \xa0 \xa0 \xa0 \xa0 단가 인상 등이 있습니다.\n3. 원재료 및 생산설비\n(1) 지류 제조 판매업 (종속회사 : 한솔페이퍼텍)가. 주요 원재료\n주요 원재료는 고지 및 펄프를 사용하고 있으며, \xa0펄프(수입)는 사료지 등으로도 대체하여 사용하고 있습니다. 고지는 국내 고지를 주로 사용하고 있습니다. 주요 원재료는 독점적인 공급처가 존재하지 않으며 가격은 수급상황에 주로 영향을 받습니다.\n※ 주요 원재료의 가격 변동 추이\n(단위 : 천원/톤)\n품 목\n2024년 1분기\n2023년\n2022년\xa0\n고지(재활용box)\n국내\n159\n162\n216\n수입\n285\n275\n390\n펄프\n국내\n324\n326\n307\n수입\n1,009\n1,024\n880\n나. 생산에 관한 내용각 사업부문의 생산능력은 사업부문이 보유한 초지기 및 코타기의 일 적정생산능력과 연간가동가능일수를 곱하여 산출하였으며 그 내역은 다음과 같습니다.(1) 생산능력\r\n(단위 : 천톤)\n사업부문\xa0\n사업장\n2024년 1분기\n2023년\n2022년\n골판지\n담양\n68\n270\n270\n※ 생산능력은 설비의 기본적 생산능력이며, 공정의 개선, 생산 지종 및 평량 등에 따라 생산실적은 상이할 수 있습니다.\n(2) 생산실적\n(단위 : 천톤)\n사업부문\xa0\n사업장\n2024년 1분기\n2023년\n2022년\n골판지\n담양\n66\n233\n246\n(3) 가동률\n(단위 : 시간,%)\n사업부문\n사업장\n당기가동가능시간\n당기실제가동시간\n가동율\n골판지\n담양\n2,184\n1,985\n90.9\n다. 생산설비의 현황한솔페이퍼텍이 보유하고 있는 생산공장의 구체적인 현황은 다음과 \xa0같습니다.\r\n(단위 : 백만원)\n자산항목\n소재지\n구 분\n기초장부가액\n당기 증감\n당기상각\n당분기말장부가액\n증가\n감소\n\xa0토지\n담양\n\xa049,386㎡\n9,710\n-\n-\n-\n9,710\n\xa0건물\n담양\n공장 외\n3,104\n537\n(100)\n(33)\n3,508\n\xa0구축물\n담양\n폐수처리장 외\n6,104\n516\n(117)\n(99)\n6,404\n\xa0기계장치\n담양\n초지기 외\n25,575\n2,303\n-\n(763)\n27,115\n\xa0기타\n담양\n공구비품외\n557\n3,161\n(3,428)\n(24)\n266\n라. 설비의 신설ㆍ매입 계획 등\n2024년 투자 계획 : 48억 - 가치 : 원재료 공정프로세스 개선 4억 - 유지 : 소각로 보일러 수관교체外 37억 - 법규 : 고위험작업 대상처 개선공사外 6억 - 기타R&D : 파열강도측정장비 구입 1억\n(2) 지류 도소매업 및 IT 서비스 (종속회사 : 한솔피엔에스)가. 주요 원재료한솔피엔에스는 지류유통사업부의 인쇄용지, 산업용지, 특수용지 판매를 위해 \xa0인쇄용지 등을 매입하고 있으며 \xa0주요 거래처로는 한솔제지 등이 있습니다.※ 주요 원재료의 가격 변동 추이\n(단위 : 백만원)\n품 목\n2024년 1분기\n2023년\n2022년\xa0\n인쇄용지, 특수지\n국내\n1,449\n1,451\n1,349\n산업용지, 기타\n국내\n942\n893\n874\n나. 생산능력 생산실적 및 가동률, 생산설비\xa0한솔피엔에스는 IT시스템 구축 등의 서비스 및 지류유통업을 주사업으로 영위하고 있습니다. 지류유통사업부는 파주지역에 지류가공업을 시작하였으나, 관련 매출액이 전체 매출액 대비 미미하여 별도의 지표를 산출하지 않고 있습니다.\n다. 생산설비 현황 등\n(단위 : 백만원)\n생산목적\n자산항목\n소재지\n구 분(*)\n기초장부가액\n당기 증감\n당기상각\n당분기말장부가액\n증가\n감소\n지류가공\n토지\n경기도 파주시 교하읍 문발동 535-2\n3,418\n2,563\n-\n-\n-\n2,563\n건물\n경기도 파주시 교하읍 문발동 535-2\n1,673\n261\n-\n-\n(7)\n254\n구축물\n경기도 파주시 교하읍 문발동 535-2\n-\n21\n-\n-\n(1)\n20\n기계장치\n경기도 파주시 교하읍 문발동 535-2\n-\n1,025\n-\n-\n(47)\n978\n차량운반구\n경기도 파주시 교하읍 문발동 535-2\n-\n25\n-\n-\n(2)\n23\n집기비품\n경기도 파주시 교하읍 문발동 535-2\n-\n177\n-\n-\n(17)\n160\n합계\n-\n4,072\n-\n-\n(74)\n3,998\n(*) 각각 토지, 건물의 면적(㎡)을 기재하였습니다.\n라. 설비의 신설ㆍ매입 계획 등해당사항이 없습니다.\n(3) 지류 제조 판매업 (주요자회사 : 한솔제지)가. 주요 원재료\n한솔제지는 산업용지, 인쇄용지, 특수지 사업부문에서의 생산을 위해 주요 원재료인 펄프와 고지 등을 사용하고 있습니다. 이 중 산업용지의 주요 원재료인 고지는 90% 이상 국산 고지를 사용하고 펄프는 인도네시아, 칠레, 브라질 등으로부터 수입하고 있습니다.※ 주요 원재료의 가격 변동 추이\n(단위 : 원/kg, $/톤)\n품 목\n2024년 1분기\n2023년\n2022년\nO C C\xa0\n국내\n232\n240\n271\nB K P 등\n수입\n562\n659\n803\n나. 생산에 관한 내용(1) 생산능력\r\n(단위 : 천톤)\n사업부문\xa0\n사업장\n2024년 1분기\n2023년\n2022년\n산업용지\n대전\n182\n733\n749\n인쇄용지,특수지\n장항, 천안, 신탄진\n221\n897\n905\n합계\n403\n1,630\n1,654\n- 생산능력은 설비의 기본적 생산능력이며, 공정의 개선, 생산 지종 및 평량 등에 따라 생산실적은 상이할 수 있습니다.- 2023년 장항공장 2호기 지붕붕괴 사고로 인한 생산중단이 반영된 실적입니다.\n(2) 생산실적\n(단위 : 천톤)\n사업부문\xa0\n사업장\n2024년 1분기\n2023년\n2022년\n산업용지\n대전\n166\n658\n728\n인쇄용지,특수지\n장항, 천안, 신탄진\n221\n782\n886\n합계\n387\n1,440\n1,614\n- 생산능력은 설비의 기본적 생산능력이며, 공정의 개선, 생산 지종 및 평량 등에 따라 생산실적은 상이할 수 있습니다.- 2023년 장항공장 2호기 지붕붕괴 사고로 인한 생산중단이 반영된 실적입니다.\n(3) 가동률\n(단위 : 시간,%)\n사업부문\n사업장\n1분기가동가능시간\n1분기실제가동시간\n가동률\n산업용지\n대전\n2,010\n1,864\n92.7\n인쇄용지,특수지\n장항\n2,108\n2,042\n96.9\n신탄진\n2,105\n1,979\n94.0\n천안\n1,890\n1,820\n96.3\n- 사업장 가동가능시간은 보수(설비투자 포함) 등 계획된 중지 시간을 제외하고 산출했습니다. - 공장 전체의 가동시간 및 가동율을 표시했습니다.\n다. 생산설비의 현황 (1) 생산설비의 현황한솔제지는 국내에 총 4개의 생산공장(장항, 대전, 천안, 신탄진)을 보유하고 있으며, 구체적인 현황은 다음과 같습니다.\r\n(단위 : 백만원)\n자산항목\n소재지\n구 분\n기초장부가액\n당기 증감\n당기상각\n당분기말장부가액\n증가\n감소\n\xa0토지\xa0\n장항, 대전, 천안, 신탄진 등\n806,289㎡\n327,814\n-\n-\n-\n327,814\n\xa0건물\xa0\n장항, 대전, 천안, 신탄진 등\n공장 外\n166,890\n17\n-\n(1,719)\n165,187\n\xa0구축물\xa0\n장항, 대전, 천안, 신탄진 등\n야적장 外\n19,772\n-\n-\n(355)\n19,418\n\xa0기계장치\xa0\n장항, 대전, 천안, 신탄진 등\n초지기 外\n467,765\n12,618\n-\n(11,758)\n468,625\n\xa0차량운반구\xa0\n장항, 대전, 천안, 신탄진 등\n지게차 外\n260\n12\n(3)\n(38)\n231\n\xa0기타\xa0\n장항, 대전, 천안, 신탄진 등\n공구 外\n11,233\n450\n-\n(818)\n10,865\n(2) 설비투자계획의 목적, 내용, 기간, 소요자금, 기대효과(가) 진행중인 투자\n(단위 : 백만원)\n사업부문\n투자기간\n자산형태\n총투자액\n기투자액\n투자효과\n비고\n산업용지\n년간\n기계장치\n11,496\n2,235\n기계수명 향상, 생산성 증대\n-\n인쇄용지\n기계장치\n10,697\n1,182\n기계수명 향상, 생산성 증대\n-\n특 수 지\n기계장치\n17,875\n2,089\n기계수명 향상, 생산성 증대\n-\n기 \xa0 \xa0 타\n장 \xa0 \xa0 비\n8,264\n1,278\n시스템 관리 外\n-\n합 \xa0계\n48,332\n6,784\n-\n-\n- 총투자액은 올해 계획된 투자금액을 의미하며, 기투자액은 당분기 내 실제 자금이 집행된 누계 투자내역을 의미함\n(나) 향후 투자계획\n(단위 : 백만원)\n사업부문\n예상투자총액\n연도별 예상투자액\n투자효과\n비고\n자산형태\n금 액\n\'24년\n\'25년\n산업용지\n기계장치\n23,296\n11,496\n11,800\n기계수명 향상, 생산성 증대\n-\n인쇄용지\n기계장치\n19,338\n10,697\n8,641\n기계수명 향상, 생산성 증대\n-\n특 수 지\n기계장치\n34,016\n17,875\n16,141\n기계수명 향상, 생산성 증대\n-\n기 \xa0 \xa0 타\n장 \xa0 \xa0 비\n21,215\n8,264\n12,951\n시스템 관리 外\n-\n합 \xa0계\n97,865\n48,332\n49,533\n-\n-\n- 연도별 예상투자액은 투자심의 기준을 의미\n(4) 전자부품제조업 (주요자회사 : 한솔테크닉스)가. 주요 원재료 등의 가격변동추이A. 전자부품제조 부문\n\xa0 (단위 : 원)\n구 분\n2024년 1분기\n2023년\n2022년\n비 고\n반도체\n132\n168\n143\n-\nTRANS\n163\n134\n147\n-\nPCB\n1,687\n1,733\n1,861\n-\nO/CELL\n-\n121,762\n94,331\n-\nBLU\n-\n4,612\n2,934\n-\nADAPTOR\n2,480\n2,380\n2,470\n-\nBATTERY PACK\n11,650\n11,290\n10,610\n-\nINJECTION\n3,920\n3,950\n4,180\n-\n태양전지(CELL)\n586\n1,215\n1,571\n-\nLED 잉곳\n-\n-\n4,184\n-\n(1) 산출기준\n\xa0- 산출대상 및 그 선정방법 : 원가비중이 높은 품목을 선정하였음. - 산출단위 : 원/대,장,개 - 산출방법 : 주요 품목 합계금액의 단순평균(2) 주요 가격변동원인\n\xa0- 시장 수급에 따른 매입 수량과 단가 및 환율 변동 영향 등\nB. 반도체 부문\n(단위: 원)\n품목\n2024년 1분기\n2023년\n2022년\nAluminium\n23,499\n15,887\n11,900\nStainless steel\n8,431\n8,156\n7,600\nPOWDER\n249,614\n183,126\n252,725\n(1) 산출기준- 산출대상 : 매입비중이 높은 품목그룹 선정- 산출단위 : 원/kg- 산출방법 : 합계금액의 단순평균\n나. 생산에 관한 내용A. 전자부품제조 부문(1) 생산능력\n\xa0 (단위 : 천개)\n사업부문\n품 목\n사업장\n2024년 1분기\n2023년\n2022년\n전자부품\n파워보드\n태국, 충북 진천\n7,849\n33,233\n31,394\nLCM\n베트남 호치민\n\u3000-\n2,400\n7,054\n기타 전자부품\n충북 청주, 중국\n498\n2,037\n1,980\n휴대폰\n스마트폰, 테블릿\n베트남 하노이\n9,600\n38,400\n38,476\n솔라\n태양광모듈\n충북 청주\n105\n803\n1,109\nLED소재\nLED 웨이퍼\n충북 청주\n\u3000-\n322\n1,036\n(2) 생산실적\xa0\n\xa0 (단위 : 천개, 백만원)\n사업부문\n2024년 1분기\n2023년\n2022년\n수량\n금액\n수량\n금액\n수량\n금액\n파워보드\n7,144\n112,743\n30,805\n764,888\n29,825\n488,893\nLCM\n\u3000-\n\u3000-\n1,137\n183,189\n1,693\n173,487\n기타전자부품\n438\n5,313\n1,731\n24,600\n1,468\n22,743\n휴대폰\n7,053\n60,413\n23,363\n307,233\n29,242\n304,229\n솔라\n100\n14,158\n763\n143,327\n1,054\n217,030\nLED소재\n\u3000-\n\u3000-\n133\n4,726\n414\n7,043\n(3) 가동률\n\xa0 (단위 : 시간, %)\n사업부문\n가동가능시간\n실제가동시간\n평균가동률\n파워보드\n2,443,896\n2,321,701\n95%\n기타 전자부품\n32,760\n28,829\n88%\n휴대폰\n5,109,832\n3,754,205\n73%\n솔라\n66,976\n63,627\n95%\n- 가동시간 산출 : 투입 생산인원에 의한 가동시간 산출 기준\nB. 반도체 부문반도체 사업의 주요 생산제품은 반도체, 디스플레이 제조 공정에 사용되는 정밀 부품의 가공 및 세정, 디스플레이 장비입니다. 반도체 사업의 정밀가공 사업(반도체, 디스플레이 부품 가공 및 장비개발 사업 등)은 경기도 안성시 고삼면 아이원스 본사에서 통합하여 수행하고 있으며, 정밀 부품세정 사업은 경기도 화성시 향남읍 구문천리에 위치한 발안 공장에서 수행하고 있습니다. 반도체 사업의 사업기능별 보유 생산능력 및 가동률은 하기의 표와 같습니다.\xa0\r\n(단위: 개)\n제품\n구분\n2024년 1분기\n2023년도\n2022년도\n수량\n수량\n수량\n정밀가공\n생산능력\n15,121\n1,282,697\n1,678,414\n생산실적\n7,835\n471,822\n808,989\n가동률\n51.8%\n36.8%\n48.2%\n정밀세정\n생산능력\n152,237\n413,568\n389,858\n생산실적\n65,389\n227,247\n389,858\n가동률\n43.0%\n67.9%\n100%\n주1) 정밀가공 주요 부품은 고객사 발주에 따른 주문생산방식으로 사양이 각기 다른제품을 생산함에 따라 정확한 생산능력을 산출하기 어렵습니다. 따라서 보유한 가공 설비 수와 설비별 1일 가동가능 시간을 기준으로 설비의 가동 시간을 계산하여 가동률을 산출하였습니다. 생산실적의 경우 생산하는 생산수량을 기준으로 최대 생산능력을 산출하였으며, 양산품을 제외한 가공품은 각기 다른 원가율로 인해 생산수량과 매출액은 서로 비례하지 않을 수 있습니다.주2) 안성2공장과 발안공장은 세정코팅 사업으로 설비 당 제품을 생산하는 것이 아니라 제품의 개별 조건에 따라 각각의 공정을 거쳐서 초정밀부품의 세정을 완료하는 것이기에 정확한 생산능력 산출이 어려우나, 공정중 병목지점을 기준으로 시간당, 1일, 월 생산가능 수량과 해당 공정 장비수의 계산으로 생산 능력을 산출하였습니다.주3) 2023년 12월 세정.코팅 사업 CAPA 증가를 위한 안성2공장 건설이 완료되었으며 안성2공장과 기존 발안 공장의 생산실적 및 가동률은 합산하여 표기 하였습니다.주4) 정밀가공 생산수량은 소형제품(10ea초과 batch단위 제품)을 제외한 제품을 기준으로 산정하여 전년대비 수량표기에 차이가 있습니다.(당해 산정기준 : 23년 생산실적 33,645개)\n다. 생산설비의 현황\n\xa0 (단위 : 천원)\n구 분\n기초장부가액\n당기 증감\n당기상각\n본계정대체\n환율변동효과\n분기말장부가액\n비고\n증가\n감소\n토지\n41,075,800\n-\n-\n-\n-\n(10,160)\n41,065,640\n-\n건물\n227,542,717\n1,900\n-\n(2,138,002)\n-\n3,449,407\n228,856,022\n-\n구축물\n6,460,810\n-\n-\n(168,322)\n-\n(78,576)\n6,213,913\n-\n기계장치\n44,123,366\n1,461,772\n(2,167,938)\n(3,753,769)\n1,155,157\n(72,371)\n40,746,218\n-\n차량운반구\n738,571\n1,087\n(13,894)\n(56,952)\n-\n(5,504)\n663,307\n-\n시설장치\n15,773,007\n317,500\n(66,287)\n(403,893)\n-\n-\n15,620,327\n-\n공구기구 및 비품\n7,596,728\n118,129\n(1,106)\n(856,384)\n482,046\n76,532\n7,415,946\n-\n건설중인자산\n4,585,939\n5,284,922\n-\n-\n(1,728,403)\n123,201\n8,265,659\n-\n합 \xa0 \xa0계\n347,896,938\n7,185,311\n(2,249,224)\n(7,377,322)\n(91,200)\n3,482,529\n348,847,032\n-\n라. 주요 설비의 신설ㆍ매입 계획 등\n반도체 사업 부문에서 주요 신규시설투자를 결정하였습니다. 2022년 4월 14일 세정,코팅 생산능력 확충을 위해 경기도 안성시 신소현동 소재에 신규공장신설 투자를 결정하였으며 2023년 10월 27일 사용승인 완료되어 정상 가동중에 있습니다.\n(단위: 백만원)\n사업부문\n구분\n총투자액\n기지출액\n투자효과\n투자기간\n세정.코팅\n시설투자\n24,950\n24,820\n생산시설 확충\n16개월\n기계장치\n3,850\n2,176\n매출증대\n합계\n28,800\n26,996\n-\n-\n4. 매출 및 수주상황\n(1) 지류 제조 판매업 (종속회사 : 한솔페이퍼텍)가. 매출실적\n(단위 : 백만원 )\n사업부문\n매출유형\n품 목\n2024년 1분기\n2023년\n2022년\n골판지\n제품\n\xa0중심지,이면지,표면지\n수 출\n483\n1,494\n3,289\n내 수\n28,099\n106,526\n126,885\n합 계\n28,582\n108,020\n130,174\n상품등\n기타\n수 출\n-\n-\n-\n내 수\n-\n-\n189\n합 계\n-\n-\n189\n합 계\n수 출\n483\n1,494\n3,289\n내 수\n28,099\n106,526\n127,074\n합 계\n28,582\n108,020\n130,363\n나. 판매경로- 내 \xa0수: 골판지사 직거래 판매- 수 \xa0출: 수출상을 통한 간접 판매 및 일부 직수출다. 판매방법 및 조건\xa0- 내 \xa0수 : 현금 및 외상판매 - 수 \xa0출 : 신용장에 의한 판매, 수출상을 통한 간접 판매\n라. 판매전략내수거래 위주의 판매정책 전문 판지사 거래/ 고단가 거래선 위주 영업/ 표면지 판매비율 증대/ 고부가가치(수익증대) 지종위주 판매 전략이며, 내수 경기에 비례하여 수출 판매 전략 수립하고 있습니다.\n마. 수주상황지류 판매는 별도 고정된 사전수주 없이 연간 수시 주문생산 방식으로 운영되는 바 어느 일정 시점에 특정 수주에 대한 총액과 잔고 등을 파악하는 것이 의미있지 못합니다.\n(2) 지류 도소매업 및 IT 서비스 (종속회사 : 한솔피엔에스)가. 매출실적\n(단위 : 백만원)\n사업부문\n매출유형\n품 목\n2024년 1분기\n2023년\n2022년\nIT서비스\n용역,상품\n정보시스템구축,전산장비\n수 출\n291\n1,270\n1,391\n내 수\n12,170\n65,164\n40,294\n합 계\n12,461\n66,434\n41,685\n지류유통\n상품,제품\n지류\n수 출\n-\n-\n-\n내 수\n59,314\n247,776\n275,193\n합 계\n59,314\n247,776\n275,193\n내부거래조정\n-\n-\n수 출\n-\n-\n-\n내 수\n(274)\n(2,521)\n(2,632)\n합 계\n(274)\n(2,521)\n(2,632)\n합 계\n수 출\n291\n1,270\n1,391\n내 수\n71,210\n310,419\n312,865\n합 계\n71,501\n311,689\n314,246\n나. 판매경로 및 판매방법 등1) 지류유통 부문지류유통은 영업팀에 의한 최종거래선의 직접수주가 주를 이루고 있으며, 판매조건은 1~3개월 사이의 현금 및 어음으로 결제되고 있습니다. 해당 사업부문의 매출은 모두 일반매출의 형태로 이루어지고 있습니다.2) IT서비스 부문영업팀 및 개발부서의 개발 영업을 통해 프로젝트 수행을 통한 개발을 하고 있으며, 조건은 대부분 현금 결제입니다. 해당 사업부문의 매출은 모두 일반매출의 형태로 이루어지고 있습니다.\n다. 수주잔고\n(단위 : 백만원)\n품목\n수주일자\n납기\n수주총액\n기납품액\n수주잔고\n수량\n금액\n수량\n금액\n수량\n금액\n그룹ITO(*1)\n2023-02-01\n2024-12-31\n-\n21,557\n-\n5,364\n-\n16,193\n기타(*2)\n2022-07-01\n2026-07-31\n-\n26,623\n-\n10,161\n-\n16,462\n합 계\n-\n48,180\n-\n15,525\n-\n32,655\n(*1) 그룹ITO는 계열사 ITO 각 계약의 비용을 모두 합친 내용입니다.(*2) 10억 미만인 계약사항은 기타로 합산하여 기재하였습니다.상기 수주상황은 ITO서비스에 대한 수주상황입니다. 지류유통의 경우 별도 고정된 사전\xa0수주없이 연간 수시 주문생산 방식으로 운영되는 바 어느 일정 시점에 특정 수주에 대한 총액과 잔고 등을 파악하는 것이 의미있지 못합니다.\n라. 진행율등계약수익금액이 직전사업연도 재무제표상 매출액의 5%이상인 단일 계약이 없어 별도 표기하지 않았습니다.\n(3) 지류 제조 판매업 (주요자회사 : 한솔제지)\n가. 매출실적\n(단위 : 백만원 )\n사업부문\n매출유형\n품 목\n2024년 1분기\n2023년\n2022년\n산업용지\n제품,상품\n백판지 등\n수 출\n56,191\n221,202\n300,887\n내 수\n78,822\n300,643\n325,460\n합 계\n135,013\n521,845\n626,347\n인쇄용지,특수지\n제품,상품\n백상지,아트지,감열지 등\n수 출\n208,932\n808,059\n831,397\n내 수\n140,167\n601,589\n617,405\n합 계\n349,099\n1,409,648\n1,448,802\n지류유통\n제품,상품\n종이컵 등\n수 출\n97,541\n354,224\n515,611\n내 수\n10,126\n41,623\n37,422\n합 계\n107,667\n395,847\n553,033\n기 타\n용역\nEPC,메인텍 등\n수 출\n10,446\n5,991\n29,752\n내 수\n22,609\n136,944\n157,448\n합 계\n33,055\n142,935\n187,200\n내부거래\n-\n-\n수 출\n(88,193)\n(268,160)\n(341,493)\n내 수\n(2,532)\n(8,012)\n(15,936)\n합 계\n(90,725)\n(276,172)\n(357,429)\n합 계\n수 출\n284,917\n1,121,316\n1,336,154\n내 수\n249,192\n1,072,787\n1,121,799\n합 계\n534,109\n2,194,103\n2,457,953\n- 상기 매출액은 한솔제지(주)의 연결기준 매출액입니다.\n나. 판매경로(1) 판매조직내수부문은 지종별로 산업용지 국내영업팀, 인쇄용지 국내영업팀, ECO 패키징 영업팀, 팬시지 영업팀, 특수지 영업팀으로 이루어져 있습니다. 한편, 수출부문은 산업용지 해외영업팀, 인쇄용지 해외영업팀, POS 영업팀, 라벨 영업팀, ECO 패키징 영업팀, 팬시지 영업팀, 특수지 영업팀으로 구성되어 있습니다.(2) 판매경로국내 영업의 경우 실수요 영업은 대형인쇄소, 출판사 등을 대상으로 하며 대리점 영업은 대리점을 통해 소형 실수요자에게 종이를 판매합니다. 해외영업의 경우 실수요 영업은 Printer, Mill을 대상으로 하며 대리점 영업은 Merchant와 해외법인을 통해 Printer, Mill에게 종이를 판매하고\xa0있습니다.다. 판매방법 및 조건\r\n- 국내영업은 현금과 어음으로 결제되며 비율은 약 7 : 3입니다. - 해외영업의 구성비는 대략 다음과 같습니다.\xa0\n구 \xa0분\nL/C 방식\nD/A 및 O/A 방식\nTT 방식 (CAD 포함)\nLocal 방식\nSight\nUsance\n구성비\n9%\n5%\n39%\n37%\n10%\n라. 판매전략\n부 \xa0 \xa0문\n기 본 전 략\n내수\n인쇄용지\n유통구조 안정화, 신제품 개발 판촉\n산업용지\n수요 창출 역량 집중\n특수지\n핵심 지종 증량, 수입지 방어, 신제품 개발\n수출\n인쇄용지\n선진 시장 확보\n산업용지\n고수익 시장 확대, End-user 개발\n특수지\n감열지 시장 확대, 고급 팬시지 시장 개척\n마. 수주상황지류 판매는 별도 고정된 사전수주 없이 연간 수시 주문생산 방식으로 운영되는 바 어느 일정 시점에 특정 수주에 대한 총액과 잔고 등을 파악하는 것이 의미있지 못합니다.\n(4) 전자부품제조업 (주요자회사 : 한솔테크닉스)가. 매출실적\n\xa0 (단위 : 백만원)\n사업부문\n매출유형\n품 목\n2024년 1분기\n2023년\n2022년\n전자부품\n제품및상품\n파워보드\n수 출\n131,047\n602,248\n567,076\n내 수\n3,143\n12,395\n5,564\n합 계\n134,190\n614,644\n572,640\nLCM\n수 출\n-\n284,182\n280,845\n내 수\n-\n-\n-\n합 계\n-\n284,182\n280,845\n기타전자부품\n수 출\n13,916\n42,005\n41,638\n내 수\n2,867\n13,622\n17,593\n합 계\n16,783\n55,627\n59,231\n휴대폰\n스마트폰EMS\n수 출\n65,952\n337,292\n335,595\n내 수\n-\n-\n-\n합 계\n65,952\n337,292\n335,595\n솔 라\n태양광모듈\n수 출\n-\n-\n-\n내 수\n13,833\n169,375\n230,371\n합 계\n13,833\n169,375\n230,371\nLED소재\n웨이퍼\n수 출\n-\n-\n10\n내 수\n-\n1,844\n3,889\n합 계\n-\n1,845\n3,899\n반도체\n가공,세정/코팅\n수 출\n17,695\n53,601\n75,292\n내 수\n19,642\n70,297\n89,519\n합 계\n37,337\n123,897\n164,811\n소 계\n수 출\n228,610\n1,319,328\n1,300,456\n내 수\n39,485\n267,533\n346,936\n합 계\n268,095\n1,586,861\n1,647,392\n중단손익\n수 출\n-\n(284,182)\n(286,622)\n내 수\n-\n-\n-\n합 계\n-\n(284,182)\n(286,622)\n합 계\n수 출\n228,610\n1,035,146\n1,013,834\n내 수\n39,485\n267,533\n346,936\n합 계\n268,095\n1,302,679\n1,360,770\n- 상기 수출과 내수 구분은 소재지를 기준으로 작성되었습니다.- 상기 실적은 내부거래를 제외한 금액입니다.\n나. 판매경로 및 판매방법 등\n(1) 판매조직\n- 국판 및 수출 : 각 사업부 영업팀 - 반도체 사업(한솔아이원스 주식회사)의 정밀가공 영업조직은 ME사업부를 중심으로 반도체 영업팀과 DP&차세대 영업팀으로 구성되어 있으며 세정코팅 사업의 경우 CE사업부를 중심으로 CE영업팀과 CE가공영업팀으로 구성되어 고객관리 및 기술영업을 진행하고 있습니다.(2) 판매경로\n- 국판 및 수출 : 생산자(공장) → OEM → END USER- 반도체 사업(한솔아이원스 주식회사)은 최종 고객사에 직접 공급하고 있으나 일부 해외 고객사는 대리점을 경유하여 판매하고 있습니다.\n(3) 판매방법 및 조건\n- 내수 : 현금 또는 어음- 수출 : L/C 방식, D/A 방식, T/T, 구매승인서, 기타\n(4) 판매전략\n반도체 사업의 판매전략은 아래와 같습니다.- 수출 및 OEM Business 확대를 통한 매출 성장- R&D 투자 확대를 통한 신규 전략 품목 및 차세대 부품 개발 참여- 세정 코팅관련 선도 기술을 바탕으로 기술 우위 선점- 고객사 다변화를 통한 초정밀 가공부품 매출 확대- A/S 지원체제 완비를 통해 고객 만족 추구\n다. 수주상황\n(단위 : MV, 백만원)\n품목\n수주일자\n납기\n수주총액\n기납품액\n수주잔고\n수량\n금액\n수량\n금액\n수량\n금액\n태양광모듈\n2022.12.05\n2023.01.01~ 2023.08.31\n200\n102,300\n200\n98,352\n-\n-\n합 계\n200\n102,300\n200\n98,352\n-\n-\n- 2023.08.31자로 계약종료 되었으며 계약기간 환율 변동에 따른 단가의 변동으로 수주당시의 계약금액(1,023억)과 종료 당시의 금액(984억)의 차이가 있습니다.\n5. 위험관리 및 파생거래\n가. 위험관리 체계\n연결실체는 여러 활동으로 인하여 시장위험(환위험, 이자율위험), 신용위험 및 유동성위험과 같은 다양한 금융 위험에 노출되어 있습니다. 연결실체의 전반적인 위험관리정책은 금융시장의 예측불가능성에 초점을 맞추고 있으며 재무성과에 잠재적으로 불리할 수 있는 효과를 최소화하는데 중점을 두고 있습니다. \n연결실체의 위험관리 체계를 구축하고 감독할 책임은 이사회에 있습니다. 연결실체의 위험관리 정책은 연결실체가 직면한 위험을 식별 및 분석하고, 적절한 위험 한계치 및 통제를 설정하고, 위험이 한계치를 넘지 않도록 하기 위해 수립되었습니다. 위험관리정책과 시스템은 시장 상황과 연결실체의 활동의 변경을 반영하기 위해 정기적으로 검토되고 있습니다. 연결실체는 훈련 및 관리기준, 절차를 통해 모든 종업원들이 자신의 역할과 의무를 이해할 수 있는 엄격하고 구조적인 통제환경을 구축하는 것을 목표로 하고 있습니다. 연결실체의 감사위원회는 경영진이 연결실체의 위험관리 정책 및 절차의 준수여부를 어떻게 관리하는지 감독하고, 연결실체의 위험관리체계가 적절한지 검토합니다.나. 시장위험 관리\n(1) 환위험관리연결실체는 투기적 외환거래는 금지하고 있으며 환위험 관리규정을 두어 환위험을 관리하고 있습니다. 연결실체의 환관리 규정에는 환위험, 관리주체, 관리절차 등을 정의하고 있으며 환관리 규정의 기본원칙은 다음과 같습니다.\n- 모든 영업 활동시 환포지션 발생을 최소화 하도록 사전적으로 관리한다.\n- 외환거래는 실거래 관련 범위 내에서 이루어져야하며 투기적 거래를 해서는 안된다.\n- 환위험회피 목적에 따른 헷지는 정해진 내부절차를 따라야 한다.\n연결실체는 외화로 표시된 거래를 하고 있기 때문에 환율변동위험에 노출됩니다. 당분기말과 전기말 현재 기능통화 이외의 외화로 표시된 화폐성자산 및 부채의 장부금액은 다음과 같습니다.① 당분기말\n(단위 : 백만원)\n구 \xa0분\nUSD환위험 노출액\n합계\n매출채권\n67\n67\n외화자산합계\n67\n67\n단기차입금\n574\n574\n외화부채합계\n574\n574\n② 전기말\n(단위 : 백만원)\n구 \xa0분\nUSD환위험 노출액\n합계\n매출채권\n471\n471\n외화자산합계\n471\n471\n단기차입금\n136\n136\n외화부채합계\n136\n136\n연결실체는 내부적으로 환율변동에 따른 환위험을 정기적으로 측정하고 있습니다. 당분기말 현재 주요 외화에 대한 원화환율의 10% 변동 시 환율변동이 법인세비용차감전순이익에 미치는 영향은 다음과 같습니다.\n(단위 : 백만원)\n구 \xa0분\n10% 상승시\n10% 하락시\n법인세비용차감전순이익\n(51)\n51\n상기 민감도 분석은 당분기말 현재 기능통화 이외의 외화로 표시된 화폐성자산 및 화폐성부채를 대상으로 하였습니다.\n(2) 이자율위험관리연결실체는 예금 및 차입금과 관련하여 이자율변동위험에 노출되어 있으며, 순이자비용의 최소화를 위하여 지속적으로 시장이자율 변동 현황 및 시장 예측자료들을 모니터링하고 이를 통한 적절한 예금상품 가입 및 차입방법을 검토하고 있습니다. 또한연결실체는 변동이자율차입금과 고정이자율차입금의 비중을 적절히 조절하여 이자율 변동위험을 관리하고 있습니다.\n변동이자부 차입금의 이자율이 1%p 변동시 당분기 및 전분기 세전이익에 미치는 영향은 다음과 같습니다.\n(단위:백만원)\n구 \xa0분\n당분기\n전분기\n세전이익 증가(감소)\n세전이익 증가(감소)\n이자율 상승시\n(16)\n(27)\n이자율 하락시\n16\n27\n(3) 신용위험관리\n신용위험은 계약상대방이 계약상의 의무를 불이행하여 연결실체에 재무적 손실을 미칠 위험을 의미합니다. 연결실체는 채무불이행으로 인한 재무적 손실을 경감시키는 수단으로서 신용도가 일정 수준 이상인 거래처와 거래하고, 충분한 담보를 수취하는 정책을 채택하고 있습니다. 연결실체는 투자등급 이상에 해당되는 신용등급을 받은 기업에 한해 거래하고 있습니다. 이러한 신용정보는 독립적인 신용평가기관에서 제공하고 있으며 만약 신용평가기관이 제공한 정보를 이용할 수 없다면, 연결실체가 주요거래처에 대한 신용등급을 결정할 목적으로 결정하고 이용할 수 있는 다른 재무정보와 거래실적을 사용하고 있습니다. 연결실체의 신용위험노출 및 거래처의 신용등급은 지속적으로 검토되고 있으며 이러한 거래 총액은 승인된 거래처에 고루 분산되어 있습니다.\n당분기말 현재 연결실체가 보유하고 있는 금융자산의 신용위험에 대한 최대노출금액은다음과 같습니다.\xa0\n(단위 : 백만원)\n구 \xa0분\n장부금액\n최대노출금액\n현금성자산(*)\n27,889\n27,883\n매출채권\n78,009\n78,009\n리스채권\n685\n685\n기타금융자산\n60,825\n60,825\n합 \xa0계\n167,408\n167,402\n(*) 연결실체가 보유한 현금시재액은 제외하였습니다.당분기말 현재 연결실체가 보유하고 있는 금융자산의 신용위험에 대한 지역별 최대노출금액은 다음과 같습니다.\xa0\n(단위 : 백만원)\n구 \xa0분\n당분기말\n대한민국\n167,335\n아시아\n67\n합 \xa0계\n167,402\n(4) 유동성위험관리연결실체는 유동성위험을 관리하기 위하여 단기 및 중장기 자금관리계획을 수립하고현금유출예산과 실제 현금유출액을 지속적으로 분석ㆍ검토하여 금융부채와 금융자산의 만기구조를 대응시키고 있습니다. 연결실체의 경영진은 영업활동에서 발생하는현금흐름과 보유금융자산으로 금융부채의 상환이 가능하다고 판단하고 있습니다.\xa0\n당분기말과 전기말 현재 금융부채의 잔존계약만기에 따른 만기분석내용은 다음과 같습니다. 만기분석은 장부금액을 기초로 연결실체가 지급하여야 하는 가장 빠른 만기일에 근거하여 작성되었으며, 원금 및 이자의 현금흐름을 포함하고 있습니다.① 당분기말\n(단위 : 백만원)\n구 \xa0분\n장부금액\n계약상현금흐름\n6개월 이하\n6개월 초과1년 이하\n1년 초과2년 이하\n2년 초과5년 이하\n매입채무 및 미지급금\n86,962\n86,962\n86,933\n-\n29\n-\n차입금\n11,584\n11,841\n8,174\n3,206\n309\n152\n리스부채\n11,614\n12,709\n2,232\n1,893\n3,022\n5,562\n예수보증금\n70\n70\n70\n-\n-\n-\n합 \xa0계\n110,230\n111,582\n97,409\n5,099\n3,360\n5,714\n② \xa0전기말\n(단위 : 백만원)\n구 \xa0분\n장부금액\n계약상현금흐름\n6개월 이하\n6개월 초과1년 이하\n1년 초과2년 이하\n2년 초과5년 이하\n매입채무 및 미지급금\n85,607\n85,607\n85,578\n-\n29\n-\n차입금 및 사채\n10,601\n11,046\n5,206\n5,300\n312\n228\n리스부채\n12,225\n13,463\n1,996\n2,222\n3,363\n5,882\n예수보증금\n70\n70\n15\n55\n-\n-\n합 \xa0계\n108,503\n110,186\n92,795\n7,577\n3,704\n6,110\n상기 만기분석은 장부금액을 기초로 연결실체가 지급하여야 하는 가장 빠른 만기일에 근거하여 작성되었으며, 원금 및 이자의 현금흐름을 포함하고 있습니다.\xa0\n다. 파생거래\n연결실체의 타법인 주식 취득과 관련한 주요 옵션계약 내용은 다음과 같습니다.\n구분\n내용\n계약의 명칭\n주주간 계약서\n거래상대방\n구주인수계약 체결일인 2021년 8월 6일 기준,코에버정보기술의 주주인 스톡옵션 보유자\n계약일\n2021년 08월 06일\n만기일\n옵션 행사 기한 또는 IPO시\n계약 체결 목적\n코에버정보기술의 지분 52.68% 확보\n계약내용 및 조건\n1. 풋옵션 권리부여 조건대상회사가 코스닥 상장 요건을 전부 충족하였으나, 한솔피엔에스(주)의 의사결정으로 IPO를 진행하지 않은 경우 권리부여2. 대상주식주식양수도계약 거래 후 대주주가 보유한 잔여주식 45,513주3. 권리행사시기2024년 07월부터 3년간 매년 잔여주식의 1/3씩 행사 가능\n계약 금액\n풋옵션 행사 시 1주당 행사가액은 풋옵션 대상주식에 대한 주식매매계약 체결일을 기준으로 계산한 풋옵션 대상주식의 공정가치로 한다.\n결제 방법\n현금\n중도상환 가능여부 및 상환조건\nIPO시 옵션계약 종료\n연결 대상이 아닌 주요자회사(한솔테크닉스)의 통화선도거래 계약 현황은 아래와 같습니다.\n(단위 : 천USD, 백만원)\n\xa0거래 상대방\n계약일\n만기일\n약정환율\n계약금액\n평가이익(손실)\n대금수수방법\n계약내용\n\xa0 산업은행 \xa0 \xa0 \xa0외\n2023-10-27\n2024-09-30\n1,272.73~1,345.58\nUSD 34,472\n(610)\n실물인수도\n만기일 약정환율로매도\n2024-03-04\n2024-05-23\n1,311.28~1,347\nUSD 13,831\n163\n2024-01-24\n2025-01-22\n1,290~1,346\nUSD 6,600\n(37)\n2023-09-14\n2025-02-26\n1,271~1,321\nUSD 5,500\n(190)\n6. 주요계약 및 연구개발활동\n1. 경영상의 주요계약공시서류제출일 현재 경영상의 주요계약은 없습니다.\n2. 연구개발활동[종속회사 : 한솔피엔에스]가 .연구개발 담당 조직- 한솔피엔에스(주) IT부문 기술연구소 - 한솔코에버(주) 기업부설연구소\n나. 연구개발 비용\n(단위 : 백만원)\n과목\n2024년 1분기\n2023년\n2022년\n연구개발비용 계\xa0\n547\n1,458\n1,108\n(정부보조금)\n-\n-\n-\n연구개발비/매출액 비율(%)\n0.77%\n0.47%\n0.35%\n다. 연구개발 실적\n연도\n연구 과제\n개발기간\n연구개발 효과\n2024년 1분기\n웹 개발 플랫폼 개선\n2024.01~2024.03\n웹 솔루션 개발 생산성 증가 / 웹 솔루션 표준화에 기여\nAI 서비스 플랫폼 개발\n2024.01~2024.03\nAI모델의 서빙 기능 제공으로 시스템간 End-to-End integration 가능성 확보\n2023년\n범용 웹/모바일 개발 프레임워크 구축\n2023.01~2023.12\n다양한 기술 기반 레거시 웹/모바일 솔루션의 표준화/통합에 기여(기술 기반 표준 마련)\n제조환경의 문제에 대한 AI기반 기술 연구\n2023.01~2023.12\n제조환경에서 발생하는 다양한 문제에 대한 AI기반의 기술 확보\nEV/ESS산업 경쟁 혁신을 위한 지능형 디지털트윈 제조 안전 시스템 구축\n2023.04~2023.12\n디지털 트윈 제조 안전 시스템 기술 확보\n2022년\n생산정보 연계 제조설비환경설비 에너지 통합운영관리시스템 개발 및 실증\n2022.04~2025.03\n에너지 통합 운영관리시스템 기술 확보\n자동차 부품 산업을 위한 지능형 가치사슬플랫폼 기술개발\n2022.04~2025.12\n기능형 가치 사슬플랫폼 기술 확보\nAI분석 플랫폼 개발\n2022.01~2022.11\nAI분석 플랫폼 기술확보(GS인증 취득)\n[주요자회사 : 한솔제지]가. 연구개발활동의 개요한솔제지는 생산공정 및 기술적 문제점을 파악하여 해결하고 미래 지향적 기술개발을 \xa0하여 관련 기술의 진보와, 기술적 비교우위를 지속적으로 확보하기 위해 중앙연구소를 운영하고 있습니다.나. 연구개발 내역(1) 연구개발 담당조직\r\n연구소명\n위치\n조직\n비고\n한솔제지 중앙연구소\n대전 대덕구 신일동\n54명\n-\n(2) 연구개발비용 \xa0 \xa0\n(단위 : 백만원)\n과 \xa0 \xa0 \xa0 목\n2024년 1분기\n2023년\n2022년\n비 고\n원 \xa0재 \xa0료 \xa0비\n-\n-\n-\n-\n인 \xa0 \xa0건 \xa0 \xa0비\n1,262\n4,870\n5,149\n-\n감 가 상 각 비\n244\n960\n829\n-\n위 탁 용 역 비\n165\n191\n164\n-\n기 \xa0 \xa0 \xa0 \xa0 \xa0 \xa0타\n586\n3,190\n2,419\n-\n연구개발비용 계\n2,256\n9,210\n8,561\n-\n회계처리\n판매비와 관리비\n75\n335\n301\n-\n제조경비\n2,181\n8,876\n8,259\n-\n개발비(무형자산)\n-\n-\n-\n-\n연구개발비 / 매출액 비율[연구개발비용계÷당기매출액]×100\n0.42%\n0.42%\n0.35%\n-\n(3) 연구개발 실적\n연 도\n연구 과제\n연구개발효과\n2024\n○ 친환경 감열지 신제품 개발 : Phenol Free 등 유해성 저감○ 원가절감 신기술 발굴 및 개발 : 신규 원부재료 발굴 및 적용, 공정개선 연구 등\n○ 감열지분야 친환경 구색 강화○ 감열/제지기술 분야 원가경쟁력 강화로 수익성 개선\n○ 나노셀룰로스 신소재 응용기술 개발 \xa0 \xa0 - 점증제, 우레탄, 고무복합재 등 \xa0 \xa0 - 매트리스폼 개발, 전동벨트 개발○ 목재 부산물 원료화 및 응용기술 연구 : 리그닌○ 신소재 관련 국책과제 수행 \xa0 \xa0 - 리그노셀룰로오스계 바이오매스의 상압 탈리그닌을 통한 리그닌 기반 폼 및 \xa0 \xa0 \xa0 \xa0고성능 판상제조기술 개발 (22.04.01~24.12.31) \xa0 \xa0 - 차단성과 보냉성이 우수하고 분리수거가 용이한 파우치 (종이/PE발포필름 \xa0 \xa0 \xa0 \xa0합지 제품) 공정기술 및 제품화 개발 (23.10.01~25.09.30)\n○ 제지 외 분야 신규테마 발굴/개발로 신성장동력 확보○ 산학연 컨소시엄 구성으로 신제품 개발 경쟁력 강화○ 프로테고 신규 적용 영역 확장 (보냉 파우치)\n○ 친환경 패키징 신제품 개발 \xa0 \xa0 - Protego, Terravas 구색 다양화 및 품질 경쟁력 강화 \xa0 \xa0 - 신규 컨셉 종이용기 : 실링트레이 연구○ 패키징 자원 재활용 기술 개발\n○ 친환경 신제품 사업확대, 포트폴리오 강화로 신규수익 창출○ 지속가능한 자원 순환체계 구축 기여\n○ 사업장 품질이슈 개선, 기기정밀분석 기술지원○ 원가절감 기술개발 : 신규원부재료, 신공정기술 등\n○ 고객 클레임 감소 및 신속대응체제 구축으로 경영성과 기여○ 제품 경쟁력 강화를 통한 영업경쟁력 확보에 기여\n2023\n○ 친환경 감열지 신제품 개발 : Phenol Free 등 유해성 저감○ 원가절감 신기술 발굴 및 개발 : 신규 원부재료 발굴 및 적용, 공정개선 연구 등\n○ 감열지분야 친환경 구색 강화○ 감열/제지기술 분야 원가경쟁력 강화로 수익성 개선\n○ 나노셀룰로스 신소재 응용기술 개발 \xa0 - 점증제, 우레탄, 고무복합재 등 \xa0 - 매트리스폼 개발, 전동벨트 개발○ 목재 부산물 원료화 및 응용기술 연구 : 리그닌○ 신소재 관련 국책과제 수행 \xa0 - 리그노셀룰로오스계 바이오매스의 상압 탈리그닌을 통한 리그닌 기반 폼 및 \xa0 \xa0 \xa0고성능 판상제조기술 개발 (22.04.01~24.12.31) \xa0 -\xa0차단성과 보냉성이 우수하고 분리수거가 용이한 파우치 (종이/PE발포필름 \xa0 \xa0 \xa0합지 제품) 공정기술 및 제품화 개발 (23.10.01~25.09.30)\n○ 제지 외 분야 신규테마 발굴/개발로 신성장동력 확보○ 산학연 컨소시엄 구성으로 신제품 개발 경쟁력 강화○ 프로테고 신규 적용 영역 확장 (보냉 파우치)\n○ 친환경 패키징 신제품 개발 \xa0 - Protego, Terravas 구색 다양화 및 품질 경쟁력 강화 \xa0 - 신규 컨셉 종이용기 : 실링트레이 연구\n○ 친환경 신제품 사업확대, 포트폴리오 강화로 신규수익 창출\n○ 사업장 품질이슈 개선, 기기정밀분석 기술지원○ 원가절감 기술개발 : 신규원부재료, 신공정기술 등\n○ 고객 클레임 감소 및 신속대응체제 구축으로 경영성과 기여○ 제품 경쟁력 강화를 통한 영업경쟁력 확보에 기여\n2022\n○ 친환경 감열지 신제품 개발 : Phenol Free 등○ 감열지 원가절감 : 신규 부재료 발굴/적용\n○ 제품 포트폴리오 확대, 수익 기반 확보○ 원가 및 품질 경쟁력 강화\n○ 나노셀룰로스 신소재 응용기술 개발 \xa0 - 점증제, 우레탄, 고무 복합소재 등 \xa0 - 고흡습 매트리스폼 개발, 전동벨트 개발\n○ 제지 외 분야 고부가가치 신수종/신소재 개발로 신성장동력 확보 \xa0 - 나노셀룰로스 응용분야 확대\n○ 플라스틱 대체 친환경 신제품 개발 : 연포장재 용기 빨대 등 \xa0 - Protego, Terravas 제품 다양화 및 원가/품질 경쟁력 \xa0 - 종이빨대 품질개선○ 산자부/농림부 주관 국책과제 수행 \xa0 - 수해리 가능 고차단성 지류포장 소재 개발 \xa0 - 바이오매스 유래 나노셀룰로오스계 첨가제를 활용한  \xa0 \xa0 \xa0생분해성 복합체 개발  \xa0 \xa0- 리그노셀룰로오스계 바이오매스의 상압 탈리그닌을 통한 \xa0 \xa0 \xa0 리그닌 기반 폼 및 고성능 판상제조기술 개발\n○ 친환경 신제품 사업확대, 포트폴리오 강화로 신규수익 창출○ 친환경 신제품 /신소재 기술네트워크 강화○ 산학연 컨소시엄 구성으로 신제품 개발 경쟁력 강화 \xa0 - 친환경 종이제 식품포장 패키징 제품 구색 확대 \xa0 - 생분해 플라스틱의 기계적 물성 강화를 위한 CNF 복합체 개발\n○ 사업장 품질이슈 개선, 기기정밀분석 기술지원○ 원가절감 기술개발 : 신규원부재료, 신공정기술 등\n○ 고객 클레임 감소 및 신속대응체제 구축으로 경영성과 기여○ 제품 경쟁력 강화를 통한 영업경쟁력 확보에 기여\n[주요자회사 : 한솔테크닉스]가. 연구개발활동의 개요1) 연구개발 담당조직\r\n연구개발 담당조직\n회로개발\n기구개발\n141명\n20명\n- 반도체 사업부문\n팀명\n인원(명)\n수행업무\n총괄\n1\n개발총괄\n신소재 사업\n7\n쿼츠 대체/반도체/디스플레이 공정장비 부품용 소재 개발\n선행 개발\n7\n차세대 반도체 공정용 소재 및 특수코팅 기술개발,분석센터 운영\n합계\n15\n-\n2) 연구개발비용\n\xa0(단위 : 천원)\n과 목\n2024년 1분기\n2023년\n2022년\n비고\n연구개발비용 계\n6,201,302\n27,017,756\n22,275,826\n-\n(정부보조금)\n-\n-\n-\n-\n회계처리\n판매비와 관리비\n6,201,302\n27,017,756\n22,275,826\n-\n연구개발비 / 매출액 비율[연구개발비용계÷당기매출액×100]\n2.31%\n2.07%\n1.35%\n-\n상기 연구개발비용은 연결기준으로 작성되었습니다.\n나. 연구개발 실적1) 전자부품\n※상세 현황은 \'상세표-4. 연구개발실적(주요 자회사)\' 참조\n2) 솔라모듈\n모 델\n개 발 부 문\n기 간\n비고(효과등)\nIK-BIPV-RTxxx\n156CELL, 9BB, 단결정, M6,하프셀,양면 그리드, 일강, BIPV\xa0\n22.08 ~ 23.01\n-\nHSxxxWE-XHD20\n156CELL, 9BB, 단결정, M6,하프셀,양면 그리드, 고내구성 친환경,KS\xa0\n22.04 ~ 23.01\n-\nHSxxxWE-GHD20\n156CELL, 9BB, 단결정, M6,하프셀,양면 그리드,KS\xa0\n22.09 ~ 23.02\n-\nHSxxxWE-GHD30\n156CELL, 9BB, 단결정, M6,하프셀,양면 그리드,KS\xa0\n22.09 ~ 23.02\n-\nHAxxxXE-GDE10\n156CELL, 11BB, 단결정, M6,하프셀,양면 그리드, G2G,KS, 외주\n22.09 ~ 23.03\n-\nHSxxxWE-GHD40\n156CELL, 9BB, 단결정, M6,하프셀,양면 그리드, 융복합,KS\xa0\n22.11 ~ 23.04\n-\nHDxxxWE-GHD10\n156CELL, 9BB, 단결정, M6,하프셀,양면 그리드, BIPV\xa0\n23.01 ~ 23.05\n-\nHSxxxWE-GHD50\n156CELL, 9BB, 단결정, M6,하프셀,양면 그리드, 초저가 1등급,KS\xa0\n23.04 ~ 23.09\n-\nHSxxxXD-XHE\n144CELL, 10BB, 단결정, M10,하프셀,양면 그리드, 고내구성 친환경,KS\xa0\n22.01 ~ 23.09\n-\nHSxxxXD-GHE10\n144CELL, 10BB, 단결정, M10,하프셀,양면 그리드,고출력,KS\xa0\n23.03 ~ 23.09\n-\nHSxxxXD-NHE00\n144CELL, 10BB, TOPCon, M10,하프셀,양면 그리드,TOPCon,KS\xa0\n23.03 ~ 23.09\n-\nHFxxxWE-GHD00\n156CELL, 9BB, 단결정, M6,하프셀,양면 그리드, 미디어 BIPV\xa0\n23.01 ~ 23.09\n-\nHAxxxAD-NRE00\n144CELL, 16BB, TOPCon, M10,하프셀,양면 그리드, G2G,KS, 외주\n23.01 ~ 23.11\n-\nHAxxxAE-NRE00\n156CELL, 16BB, TOPCon, M10,하프셀,양면 그리드, G2G,KS, 외주\n23.01 ~ 23.11\n-\nHSxxxXE-GHE10\n156CELL, 10BB, 단결정, M10,하프셀,양면 그리드,고출력,KS\xa0\n23.05 ~ 23.11\n-\nHD240X3-3HE00\n96CELL, 10BB, 단결정, M10,3-cut,양면 투명,BIPV,KS\xa0\n23.05 ~ 24.01\n-\nHF225X2-3HE00\n90CELL, 10BB, 단결정, M10,3-cut,양면 투명,미디어BIPV,KS\xa0\n23.05 ~ 24.01\n-\nHAxxxAE-NRE00\n156CELL, 16BB, TOPCon, M10,하프셀,양면 그리드, G2G,KS, 외주, 출력추가\n23.10 ~ 24.01\n-\nHF460WE-GHD00\n156CELL, 9BB, 단결정, M6,하프셀,양면그리드,미디어BIPV,KS,프레임 복수\n23.09 ~ 24.01\n-\n3) 반도체\nNo\n연구 과제\n연구내용 및 기대효과\n연구결과 및상품화 여부\n개발 연도\n1\n플라즈마\xa0주1) 코팅용 세라믹 파우더 과립화\xa0\r\n현재 상용으로 사용되는 플라즈마 코팅용 과립분말은 모두 외산 분말이며, 반도체 공정에 적합한 소재는 희토류\xa0주2)\xa0계열의 희귀금속으로 자체 생산을 통한 원료 수급능력 강화 및 제조원가 절감\xa0\r\n실용화 완료자사 세정코팅 사업부에서 코팅 원료로 사용함\n2007∼2008\n2\n높은 경도의  Al 용사\xa0주3) 공정개발\r\nAl 용사 코팅 된 Al 소재는 코팅 과정에서 급랭, 응축에 인한 표면 취성 단점을, 경도가 우수한 Al 용사공정개발 하여, 파티클\xa0주4)\xa0 소스를 개선함\r\n실용화 완료\n2009∼2010\n3\n세라믹 합성분말 파우더 개발\xa0\n세라믹합성분말 파우더 개발, 합성분말 코팅 後 저 Crack 성으로 파티클 미 발생 성능 매우 우수.\n개발완료\n2010∼2011\n4\n분말증착장치(INC)\n상온에서 Binder와 첨가제를 사용하지 않고 소재의 본연의 특성을 구현할 수 있는 나노 구조체를 가지는 코팅 공정 기술로서, 초정밀 반도체 제조공정에서 오염물과 \xa0나노크기의 파티클의 제어가 우수하다\n개발완료\n2011~\n5\n공정장비의 코팅방법 및 이를 이용한 코팅 구조(DLC)\n종래기술인 APS 코팅층 위에 반도체 공정특성을 고려한 제2코팅층(INC,SPS,…etc)을 형성하여 Particle제어 및 공정수율 우수 효과\n실용화 완료\n2014~2015\n6\n반도체장비부품 내플라즈마 코팅\n고밀도의 플라즈마 식각 공정 중 발생하는 파티클 문제 보완 장비 부품 수명 향상을 위한 고밀도 세라믹 코팅\n실용화 완료\n2013~2015\n7\n고열전도 플라즈마 내식성 코팅\n디스플레이 공정중 발생하는 플라즈마에 의한 부품 손상을 방지하기 위한 고 열전도, 플라즈마 내식성 코팅 제품\n개발완료\n2019~2021\n8\n고출력 반도체 장비 부품 내플라즈마 코팅\n반도체 식각 공정의 조건 가혹화에 따라 플라즈마 내식성이 향상된 초고밀도 세라믹 코팅\n개발완료\n2021~2022\n9\n고출력 반도체 장비 부품 내플라즈마 코팅\n다양한 반도체 식각 공정에 따라 표면 형상이 향상된 Pit-less 초고밀도 세라믹 코팅 (INC+) 개발\n개발완료\n2021~2022\n10\n차세대 반도체 공정용 내플라즈마 소재 개발\n반도체 식각공정 트렌드 변화에 따라\xa0Particle, Contamination가 없는 차세대 소재 발굴, 개발\n연구 개발 중\n2023~\n11\n공인인증\xa0\n분석센터 구축\n양산제품의 품질분석력 향상 및 반도체 공정 소재, 부품의 분석능력 강화를 위한 공인인증 분석센터 구축\n운영 구축 중\n2024~\n주1) 플라즈마 : 원자핵과 전자가 분리된 가스 상태를 말하며, 고밀도의 양이온과 전자를 같은 수로 가진 이온화 기체를 말합니다. 종래에 우리주위의 물질은 액체, 고체, 기체 3가지 상태로 구분해왔지만, 근래에는 플라즈마가 추가되어, 물질은 고체, 액체, 기체, 플라즈마 상태로 존재한다고 말해야 합니다.\n주2) 희토류 : 멘델레예프 원소주기율표의 제 3족에 해당되는 란타넘족원소 및 21번 스칸듐과 39번 이트륨을 포함한 총 17개의 원소를 의미하며, 희토류는 현재 최첨단 IT기기에 들어가는 원재료이며, 이 희토류가 없으면 최첨단 기기도 없어지게 됩니다. 이렇게 중요한 희토류이기에 최근에는 희토류의 무기화라는 말이 거론될 정도입니다. 전 세계 희토류 생산량의 약 97%가 중국에서 생산됩니다.\n주3) Al 용사: 두 개의 알루미늄 선재를 전극으로 하고, 전극 끝 부분에 아크를 발생시켜 재료를 용융시킴과 동시에 압축공기 제트로 분사시켜 코팅 피막을 형성하는 기술입니다.\n주4) 파티클 : 반도체 소자의 식각 공정 중, 챔버 내부 부품의 손상으로부터 발생하는 입자로 이를 통하여 반도체 소자의 불량이 발생하며 반도체 양산 성능을 저하시키는 주요 원인이 됩니다.\n7. 기타 참고사항\n1. 사업부문별 재무정보(1) 연결실체에 대한 내용-사업부문별 자산총액\r\n(기준일 :\n2024년 03월 31일\n)\n(단위 : 백만원)\n부문\n대상회사\n2024년 1분기\n2023년\n2022년\n자산총액\n비중\n자산총액\n비중\n자산총액\n비중\n지주회사\n한솔홀딩스\n463,213\n70.1%\n464,228\n69.7%\n456,657\n68.2%\n지류 제조 판매업\n한솔페이퍼텍\n75,298\n11.4%\n76,786\n11.5%\n78,530\n11.7%\n지류 도소매업및 IT 서비스\n한솔피엔에스\n122,622\n18.5%\n124,852\n18.8%\n134,945\n20.1%\n단순합계\n661,133\n100%\n665,866\n100%\n670,132\n100%\n연결조정\n57,016\n-\n54,239\n-\n53,164\n-\n합 계\n718,149\n-\n720,105\n-\n723,296\n-\n※ 상기 재무정보의 비교년도는 중단사업등의 사유로 공시된 연결재무제표의 내용과 다를 수 있습니다.\n-사업부문별 매출액\n(기준일 :\n2024년 03월 31일\n)\n(단위 : 백만원)\n부문\n대상회사\n2024년 1분기\n2023년 1분기\n2023년\n2022년\n매출액\n비중\n매출액\n비중\n매출액\n비중\n매출액\n비중\n지주회사\n한솔홀딩스\n9,395\n8.6%\n11,872\n10.4%\n34,554\n7.6%\n34,361\n7.2%\n지류 제조 판매업\n한솔페이퍼텍\n28,582\n26.1%\n23,554\n20.7%\n108,020\n23.8%\n130,363\n27.2%\n지류 도소매업및 IT 서비스\n한솔피엔에스\n71,501\n65.3%\n78,581\n68.9%\n311,689\n68.6%\n314,246\n65.6%\n단순합계\n109,478\n100%\n114,007\n100%\n454,263\n100%\n478,970\n100%\n연결조정\xa0\n(4,960)\n-\n(5,967)\n-\n(11,128)\n\u3000-\n(11,759)\n-\n합 계\xa0\n104,518\n-\n108,040\n-\n443,135\n\u3000-\n467,211\n-\n※ 상기 재무정보의 비교년도는 중단사업등의 사유로 공시된 연결재무제표의 내용과 다를 수 있습니다.\n-사업부문별 영업손익\n(기준일 :\n2024년 03월 31일\n)\n(단위 : 백만원)\n부문\n대상회사\n2024년 1분기\n2023년 1분기\n2023년\n2022년\n영업손익\n비중\n영업손익\n비중\n영업손익\n비중\n영업손익\n비중\n지주회사\n한솔홀딩스\n5,940\n258.0%\n8,135\n136.2%\n15,270\n148.9%\n16,279\n66.8%\n지류 제조 판매업\n한솔페이퍼텍\n(454)\n(19.7%)\n(1,720)\n(28.8%)\n(3,200)\n(31.2%)\n5,408\n22.2%\n지류 도소매업및 IT 서비스\n한솔피엔에스\n(3,184)\n(138.3%)\n(441)\n(7.4%)\n(1,816)\n(17.7%)\n2,687\n11.0%\n단순합계\n2,302\n100%\n5,974\n100%\n10,254\n100%\n24,374\n100%\n연결조정\xa0\n(3,629)\n-\n(4,894)\n-\n(6,255)\n-\n(5,276)\n합 계\xa0\n(1,327)\n-\n1,080\n-\n3,999\n-\n19,098\n※ 상기 재무정보의 비교년도는 중단사업등의 사유로 공시된 연결재무제표의 내용과 다를 수 있습니다.\n(2) 주요자회사에 대한 내용-사업부문별 자산총액\n(기준일 :\n2024년 03월 31일\n)\n(단위 : 백만원)\n부문\n대상회사\n2024년 1분기\n2023년\n2022년\n자산총액\n비중\n자산총액\n비중\n자산총액\n비중\n지류 제조 판매업\n한솔제지(연결)\n2,122,664\n69.6%\n2,074,408\n68.5%\n2,210,016\n67.3%\n전자부품제조업\n한솔테크닉스(연결)\n925,045\n30.4%\n954,035\n31.5%\n1,071,922\n32.7%\n단순합계\n3,047,709\n100%\n3,028,443\n100%\n3,281,938\n100%\n※ 상기 재무정보의 비교년도는 중단사업등의 사유로 공시된 연결재무제표의 내용과 다를 수 있습니다.\n-사업부문별 매출액\n(기준일 :\n2024년 03월 31일\n)\n(단위 : 백만원)\n부문\n대상회사\n2024년 1분기\n2023년 1분기\n2023년\n2022년\n매출액\n비중\n매출액\n비중\n매출액\n비중\n매출액\n비중\n지류 제조 판매업\n한솔제지(연결)\n534,109\n66.6%\n560,999\n57.7%\n2,194,103\n62.7%\n2,457,953\n59.9%\n전자부품제조업\n한솔테크닉스(연결)\n268,095\n33.4%\n412,008\n42.3%\n1,302,679\n37.3%\n1,647,392\n40.1%\n단순합계\n802,204\n100%\n973,007\n100%\n3,496,782\n100%\n4,105,345\n100%\n※ 상기 재무정보의 비교년도는 중단사업등의 사유로 공시된 연결재무제표의 내용과 다를 수 있습니다.\n-사업부문별 영업손익\n(기준일 :\n2024년 03월 31일\n)\n(단위 : 백만원)\n부문\n대상회사\n2024년 1분기\n2023년 1분기\n2023년\n2022년\n영업이익\n비중\n영업이익\n비중\n영업이익\n비중\n영업이익\n비중\n지류 제조 판매업\n한솔제지(연결)\n33,970\n73.1%\n7,782\n31.8%\n47,244\n49.1%\n130,226\n70.3%\n전자부품제조업\n한솔테크닉스(연결)\n12,495\n26.9%\n16,723\n68.2%\n48,937\n50.9%\n55,105\n29.7%\n단순합계\n46,465\n100%\n24,505\n100%\n96,181\n100%\n185,331\n100%\n※ 상기 재무정보의 비교년도는 중단사업등의 사유로 공시된 연결재무제표의 내용과 다를 수 있습니다.\n2. 법률 등에 의한 사업의 규제사항당사는 공정거래법상 일반지주회사로서, 공정거래법 제18조 제2항에 따라 다음에 해당하는 행위를 하여서는 안됩니다.\r\n1) 자본총액의 2배를 초과하는 부채액을 보유하는 행위\n2) 자회사의 주식을 당해 자회사 발행주식총수의 100분의 50(자회사가 상장법인인 경우 또는 공동출자법인인 경우 100분의 30) 미만으로 소유하는 행위\n3) 계열회사가 아닌 국내회사의 주식을 당해 회사 발행주식총수의 100분의 5를 초과하여 소유하는 행위(소유하고 있는 계열회사가 아닌 국내회사의 주식가액의 합계액이 자회사의 주식가액의 합계액의 100분의 15 미만인 지주회사에 대하여는 적용하지 아니한다) 또는 자회사 외의 국내계열회사의 주식을 소유하는 행위\n4) 금융업 또는 보험업을 영위하는 국내 회사의 주식을 소유하는 행위\n\xa0\n당사는 공정거래법 부칙(법률 제17799호, 2020. 12. 29) 11조 제1항에 따라 동법 시행 전에 지주회사로 전환하여 종전의 규정에 따라 신고를 한 지주회사이므로 동 법 시행 전에 지배하던 자회사의 주식을 보유하는 행위에 관하여는 \'자회사 발행주식총수의 100분의 40(자회사가 상장법인인 경우 또는 공동출자법인인 경우 100분의 20) 미만으로 소유하는 행위를 하여서는 안된다\'는 종전의 규정을 따릅니다.\n3. 사업부문의 시장여건 및 영업의 개황(1) 지류 제조 판매업 (한솔페이퍼텍)가. 산업의 특성제지산업은 대규모 설비투자가 필요한 자본집약적 장치산업으로, 원료 및 제품의 부피가 크고 운송비가 높아 내수지향적 수요구조를 보입니다. 또한 주요 원재료인 펄프 및 고지의 원가비중이 높아 원료의 가격변동에 민감한 수익구조를 가집니다.나. 산업의 성장성산업포장재의 대부분이 골판지를 사용하고 있어, 골판지 제조업은 내수 공산품 및 소비재 경기와 밀접한 관계가 있습니다. 골판지 제조사업은 택배산업의 증가와 정부의 환경에 대한 관심 고조로 농수산물의 골판지 포장 확대, 홈쇼핑 대중화 등으로 시장규모가 성장 확대 예상됩니다.다. 산업의 경기변동의 특성국내 경기가 호황일때 수요가 증가하고 불황일 때 수요가 둔화되는, 경기변동에 순행적인 특성을 갖고 있습니다. 명절(설날, 추석) 및 과일 추수기를 선행하여 수요가 증가하는 특성이 있습니다.라. 국내외 시장여건 및 경쟁요인지류 제조라는 장치산업 특성상 급격한 시장상황 변동이 없는 한 당해 사업부문은 견조한 영업이익을 유지할 것으로 기대됩니다.마. 회사의 현황골판지 원지시장의 고객은 골게터 설비를 보유한 판지사가 대상이며, 일관화된 계열 및 비일관계열 판지사로 분류가 됩니다. 일관화된 판지사는 계열 제지사를 중심으로 구매를 하고 있으며, 한솔페이퍼텍의 주 고객은 비일관계열 판지사가 대상 입니다.\n(2) 지류 도소매업 및 IT 서비스 (한솔피엔에스)● 지류 도소매업가. 산업의 특성지류유통사업은 국내외 제지회사가 제조하는 종이를 국내 시장에 공급하는 도소매 역할을 수행함에 따라, 국내 종이소비량 및 국민소득 증가율, 내수경기 상황 및 종이를 공급하는 제지사들의 경영상황에 큰 영향을 받고 있습니다. 지류유통사업에 큰 영향을 미치는 국내 인쇄용지 제지산업은 일반적으로 내수비중이 60% 이상을 차지하는 내수중심산업으로 대규모 설비투자를 요하는 자본집약적 장치산업인 동시에 주 원재료인 펄프의 해외의존도가 80%를 상회하는 등 원재료의 해외 의존도가 높은 산업입니다.나. 산업의 성장성과거 IT 발달에도 불구하고 종이수요는 지속적으로 성장해 왔으나, 근래 시장환경은 휴대기기의 발달로 인해 인쇄용지 수요가 감소추세에 있습니다.최근 지류유통사들은 경쟁력있는 수입지의 탐색 및 대형화를 통한 규모의 경제를 실현하는 방향으로 변모하고 있으며, 인터넷 쇼핑몰, 물류서비스산업의 성장과 더불어 급속히 성장하고 있는 산업용지 시장에 역점을 두고 있습니다.\r\n다. 산업의 경기변동의 특성지류는 도서출판과 관련된 문화적 수요, 각종 홍보물 인쇄 및 상품의 포장배송과 관련된 상업적 수요에 영향을 받으므로 경기변동과 밀접한 관련이 있습니다. 또한 올림픽, 선거 등 대규모 이벤트 따른 수요 증가 요인도 있습니다. 계절적으로는 대체로 9월~3월은 성수기, 4월~8월은 비수기로 구분됩니다.\n라. 국내외 시장여건지류유통 시장은 제지산업에 많은 영향을 받고 있습니다. 제지산업의 경우 산업/소비경기와 밀접하게 연관되어 있으며 국내 경제 성장세가 둔화 되는 것과 맞물려 성숙기산업의 특징을 나타내고 있다. 다만, 세부 지종에 따라 다소 차이는 있겠으나 국내 총 지류 소비량은 중단기적으로 경제성장과 더불어 완만한 성장세를 보일 것으로 예상하고 있습니다. 여기에 영향을 받는 지류유통의 경우 전국적으로 약 700여개의 도매상들이 있으며, 이중 400여개가 수도권지역에 편중되어 있다고 알려져 있습니다. 특히 서울 을지로, 충무로를 중심으로 몰려 있는 100여개의 유통사들은 치열한 경쟁속에 수익성이 하락한 상황입니다. 근래 지류유통업계는 초대형 유통사 설립과 도매상들간 역할 분담의 명확화가 시장이슈로 대두되고 있으며, 제지사들이 직접 유통에 참여하는 등 전반적인 시장개편 움직임이 일어나고 있습니다. 다만 지류시장 특성상 지종이 다양함은 물론 신뢰성 있는 데이터가 없는 상황이기에 시장점유율을 산정하기 어렵습니다.마. 회사의 현황 및 경쟁우위제지산업의 공급과잉상태가 지속됨에 따라 전반적인 업계 내 경쟁강도는 높은 수준입니다. 특히 대부분 지종의 경우 제품 차별화가 쉽지 않아 가격 위주의 경쟁구도가 형성되어 있으며 업계 내 선도기업들은 상대적으로 우수한 물류시스템, 운반시스템, 다양한 지종의 확보 등을 강화하고 있습니다.제조업과 달리 지류유통업은 자본력과 인적 네트워크를 바탕으로 한 영업력을 근간으로 과거에는 다소 시장진입이 어려운 편은 아니었으나, 최근에는 시장경쟁의 심화,중소형 유통업체의 대형화로 인해 소형 유통업체의 경쟁력이 퇴보되고 있습니다. 이 가운데 당사는 다양한 제품의 구색확보, 대형 창고를 활용한 물류시스템, 고객만족을위한 서비스 확대를 마련하여 시장에서 강점을 가지고 있습니다.\n● IT서비스업가. 산업의 특성\nIT서비스란 사용자(기업 또는 정부)가 필요로 하는 정보시스템에 관한\xa0IT컨설팅을 포함한 기획에서부터 구축 및 실제 운용까지 모든 과정상의 서비스를 제공하는 것이며 하드웨어, 소프트웨어, 통신망, 전산인력 등의 전산자원을 일의 목적과 특성에 맞게 통합해 최적의 해결점을 제시하고, 조직 업무 수행에 필요한 정보시스템을 개발ㆍ유지 보수하는 과정까지 포함하는 광범위한 개념입니다.\xa0또한\xa0OECD는\xa0IT서비스 산업을\xa0""IT분야에서 프로세스를 수행하거나 구축. 전문적인 일을 수행하고 보수를 받는 산업, 고도의 기술적인 능력을 지니고 고객이 필요한 능력을 기반으로 신뢰 있고 능숙하게 조언해 주고 개발보수를 받는 전문 산업""으로 정의하고 있습니다. IT서비스산업은 정보시스템 구축 및 운용 등을 통해 구매자의 생산성향상 및 경쟁력을 제고 시키고 기존 산업과 융합하여 시너지를 창출하는 산업입니다.나. 산업의 성장성국내 주요\xa0IT서비스 기업들은 그룹 위주의\xa0SI(System Integration) 사업에서 탈피하여\xa0Big Data, Cloud, 인공지능, IoT 기술 등을 접목한 시스템 구축 및 신규사업을 적극 추진하는 등 변화의 모습을 보이고 있습니다. 이와 더불어 다양한 경로를 통한 글로벌 시장의 진출은 새로운 성장동력으로 작용할 것이라는 분석입니다. 국내\xa0IT시장은 세계 시장대비 약\xa01%에 불과하지만, 매년\xa02% 이상의 꾸준한 성장세를 보이고 있습니다.다. 산업의 경기변동의 특성\n경기변동에 따른\xa0IT서비스 업체들의 영향은 업체 규모에 따라 차이점을 보이고 있습니다. 상위\xa010여 개사 중심의 대형 업체의 경우 경기 상승기의 경우 공격적인 시장활동으로 큰 폭의 실적개선을 이루고, 경기 하락기에도 대외 프로젝트의 독점적 수주는 물론 소속 그룹 계열사에 대한\xa0Captive Market 확보로, 중견·중소업체들에 비해 상대적으로 경기침체의 영향을 덜 받는 것으로 나타납니다.\n그러나 중견ㆍ중소업체들의 경우 경기침체기엔 대형업체들의 프로젝트 수주 독점, 업체간 저가 경쟁, 주관사업자의 수익중시정책 등으로 이익률 확보는 물론 수주 실적에도 심각한 타격을 입고 있습니다. 결국 특화된 시장영역이나 계열사 시장을 보유한 몇몇 중견업체들을 제외하고는 불경기에는 업계 전반의 부익부빈익빈 현상이 심화되는 것으로 나타나고 있습니다.라. 국내외 시장여건국내\xa0IT서비스 시장은 대기업 계열사 중심의 관계사 시장(Captive Market)과 비관계사 시장(Non-Captive Market)으로 구분할 수 있습니다. 시장 초기 태동 시 대기업의\xa0IT시스템 운영조직을 모태로 하는 그룹 계열\xa0SI업체를 중심으로 성장하여 관계사 시장(Captive Market)위주의 매출이 주를 이루기 시작하였습니다. 관계사 시장에서 주도권을 행사하는 대형\xa0SI업체들은 대부분 대기업집단 내의\xa0IT서비스회사로서 계열사로부터 안정적인 수요를 확보하고 있습니다. 그렇지 못한 비계열 업체의 경쟁강도는 매우 높은 수준으로 업체 간의 실적이 양극화되는 원인이 되었으며, 글로벌 금융위기 이후 국내 경제 내에서 대기업 계열사가 차지하는 비중이 더욱 커지면서\xa0IT서비스 시장 내에서도 업체 간의 양극화가 점차 커지고 있는 상황입니다.마. 회사의 현황 및 경쟁우위정보기술산업의 특성상 가장 큰 비중을 차지하는 주요 경쟁요인은 기술 경쟁력입니다. 이를 구성하는 요소들로는 산업별 업무 전문가, 솔루션별 전문가, 기술특허, 고급자격증 인력, 엔지니어 기술수준 및 평균 실무경력, 교육환경 수준 등을 꼽을 수 있습니다. 다음으로 특화된 사업영역과 안정적 매출기반 보유 여부를 들 수 있습니다. 특정 산업에 대한 다년간의 SI경험으로 축적한 기술력과 업무 수행능력은 시장 내 우위를 차지할 수 있는 중요 요소입니다. 또 특정 솔루션에 대한 독보적인 기술력과 전문가 확보, 마케팅 능력 등은 솔루션 기반의 고부가가치 사업에 있어 필수적인 요건들입니다. 또 아웃소싱, 솔루션 유지보수 등 장기적이고 고정적인 수익원 확보와 고객과의 신뢰관계 유지는 경기에 민감한 IT서비스 산업의 특성상 주요 경쟁 요소 중 하나라 할 수 있습니다. 이 밖에 SI산업의 특성상 객관화된 IT서비스의 품질체계와 프로젝트 수행능력도 최근 중요한 경쟁요소로 대두되고 있습니다. 이에 당사를 비롯한 많은 SI업체들이 서비스 품질과 업무 효율을 높일 수 있는 방법론이나 글로벌 수준의 IT서비스 체계, 국제 인증 등을 도입하고자 적극적으로 투자하고 있습니다.한솔피엔에스는 소속 그룹의 주력 업종인 제조업에 대한 IT아웃소싱 노하우를 바탕으로 업종별 특화 전략을 추진하고 있습니다. 또 ITSM (IT Service Management)을 주축으로 선진 수준의 IT 서비스를 제공하고 있으며, 아울러 ISO20000 및 ISMS 인증을 획득하여 국제 표준의 프로세스 수준을 확보하고 있습니다. 특히 한솔 관계사를 대상으로 다양한 레퍼런스를 확보함으로써 컨설팅, 시스템 통합(SI), IT아웃소싱을 아우르는 통합 IT서비스를 제공하고 있습니다.\n(3) 지류 제조 판매업 (한솔제지)가. 산업의 특성(1) 산업용지 부문산업용지사업은 경공업이 급신장하는 중국 시장을 목표로 1990년대 말에 경쟁적인 국내 설비증설이 진행되어 경쟁이 심화되었습니다. 이로 인해 2010년대부터 국내 백판지 생산업체들은 노후설비 폐기 등의 구조조정을 추진해왔으며, 고급 포장재에 대한 수요 증가로 내수 수요가 꾸준히 증가함에 따라 경쟁이 점진적으로 완화되고 있습니다.(2) 인쇄용지 부문국내 인쇄용지산업은 우리 생활에 필수적인 교과서 등의 서적류 제품을 생산하는 산업입니다. 또한, 연속 생산체제를 위한 일관자동화 설비가 대부분이므로 전형적인 자본 집약적 장치산업의 특성을 보이고 있습니다. 또한, 주요 원재료인 펄프의 대부분을 수입에 의존하고 있어 안정적인 원재료 조달이 원가 경쟁력을 좌우하는 주요한 요소입니다.인쇄용지산업은 내수지향의 성격을 지니고 있으나, 인터넷과 모바일 등 ICT 발달에 따른 전반적인 수요 감소로 인쇄용지 시장에서는 공급과잉 상태가 지속되어 왔습니다. 이같은 공급과잉에 대응하여 국내외 인쇄용지업계는 자율적 설비축소를 단행하여 수급구조를 개선해왔으며, 한솔제지도 2013년 장항공장 및 2018년 신탄진공장의 설비를 감열지 생산으로 전환투자를 완료하여 제품 포트폴리오를 다양화했습니다.(3) 특수용지 부문특수지 사업부문은 특수 목적에 적합한 품질의 다양한 종류가 존재하여 주로 다품종소량 생산체제가 특징이고, 일반용지 대비 고가로 구성되어 고부가가치를 창출하고 있습니다. 산업규모는 전체 종이시장 대비 규모가 10% 미만이며, 전체 특수지 수요량의 약 40%를 국내 생산으로 공급하고 있습니다. 또한 지속적인 Trend 변화와 수요처 변화가 진행되고 있으며, 지종이 다양하여 특정 지종에 대한 시장을 분할하고 점유율을 산정하기 어렵습니다.\n(4) 지류도소매업해외 지류 도,소매업은 안정적인 원지 공급망과 가격으로 현지 해외 도,소매업자에게 재판매하는 역할을 담당합니다.나. 산업의 성장성산업용지의 경우 의약품 및 제과, 생활용품의 포장재 등으로 발생하는 전통적 수요 이외에 홈쇼핑 및 전자상거래 성장세에 기반하여 택배연관 수요가 증가세를 유지하고 있으며, 소득수준 향상에 따른 포장재 고급화, IT기술 발달에 따른 전자상거래 활성화 등을 감안할 때 향후 성장세가 지속될 것으로 전망합니다.인쇄용지사업부문은 과거 30년동안 GDP보다 높은 성장율을 구가했으나, 최근 전자 매체의 발달로 전반적인 성장 속도는 낮은 수준을 보이고 있으며, 소비 및 공급 증가율이 둔화되는 성숙기에 진입했습니다.특수지는 고급 종이 수요증가와 IT기술의 향상에 따른 다양한 기능지 출현으로 특수지 시장 규모가 점차 커져가고 있으며 따라서 성장성이 타 종이부문보다 높습니다. 특히, 특수지 중 감열지(POS지, 라벨지, 각종 티켓 등)에 대한 전 세계적인 수요가 증가하고 있습니다.지류 도소매업은 그 사업이 위치한 국가의 종이수요와 내수공급, 수입 등에 따라 성장세가 다르지만, 해외 지류 도소매업은 경쟁력있는 수입지의 경우 성장 가능하다고 평가합니다.다. 산업의 경기변동의 특성산업용지의 경우 중간재의 성격으로 타 산업에 비해 경기변동에 민감성이 높지는 않습니다. 내수의 경우 고정적 수요층이 두터우나 수출의 경우 세계 경기동향에 따른 신흥국가의 산업생산 변화에 크게 영향을 받습니다.인쇄용지는 경기활황에 따른 수요증가 외에 문화적 이벤트 증가에 따른 수요증가 요인도 있습니다. 또한, 국내수요는 계절적 수요변동이 있어 성수기(9월-3월), 비수기(4-8월)로 구분됩니다.특수지는 일반적인 지류의 경기변동성보다 낮은 연관성을 보이고 있습니다.\n지류 도소매업의 경기변동성은 제지 지류 생산 및 판매와 밀접하게 영향을 받습니다. 또한 문화 수준이 높아지거나, 올림픽, 선거 등 대규모 이벤트 따른 수요 증가 요인도 있습니다. 계절적으로는 대체로 9월~3월은 성수기, 4월~8월은 비수기로 구분됩니다.라. 국내외 시장여건 및 경쟁요인(1) 산업용지 부문2000년대 중반, 국내 골판지 제조업체들의 구조조정과 수급개선을 통해 상위 업체의 시장 지배력이 확대되어 고지가격 변동을 판가에 반영하기 상대적으로 용이한 구조에 있습니다. 수출시장은 아시아 신흥국가의 산업 생산량 변동에 수출량과 수익성의 영향을 받으며, 원화 평가절하시에는 수입 펄프보다 국산 고지의 비중이 높아 채산성이 높아집니다.2013년 이후 제지공업연합회 정책 변경으로 동종사의 정확한 판매현황 자료가 공개되지 않아, 객관적인 시장점유율을 산정하기가 불가능합니다. 대신, 한솔제지의 주요 생산지종을 기준으로 추정한 2024년 2말 누계기준 내수시장 점유율은 약 47.2%입니다.(2) 인쇄용지 부문국내시장은 상위업체의 시장 지배력이 강화되는 추세이며, 해외시장의 주요 수출처는 북미 지역으로 전체 수출의 약 30% 이상을 차지하고 있습니다. 북미 제지업체의 인쇄용지 노후설비 등의 영향이 주된 수요증가 요인이며, 경쟁 중인 중국산 지류 수출품에 대한 반덤핑 제재로 인해 시장 접근성이 높아졌습니다. 또한, 미국 외에도 인도 등 아시아 지역으로 수출을 다변화하여 지역별 수출 비중의 안정성을 추구하고 있습니다.2013년 이후 제지공업연합회 정책 변경으로 동종사의 정확한 판매현황 자료가 공개되지 않아, 객관적인 시장점유율을 산정하기가 불가능합니다. 대신, 한솔제지의 주요 생산지종을 기준으로 추정한 2024년 2월 말 누계기준 내수시장 점유율은 약 21.8%입니다.\n(3) 특수용지 부문수입업체와 소규모 업체들과의 경쟁이 상존하나 품종이 다양하고 소량 판매이므로 가격전가는 용이한 편입니다. 한편, 수출채산성이 맞는 기능지를 중심으로 선진 시장에 수출하며 품질 등 제품 만족도가 향상됨에 따라 향후 수출 규모가 증가할 것으로 예상하고 있습니다.특수지 사업부문은 지종이 다양하여 특정 지종에 대한 시장을 분할하고 점유율을 산정하기가 어렵습니다.마. 회사의 현황 및 경쟁우위(1) 산업용지 부문생산 규모, 설비 노후화 정도, 운영 효율성, 품질 등 비가격 요인이 주요한 경쟁요소입니다. 한솔제지는 경쟁사 대비 차별적인 원가 및 품질 경쟁력, 최첨단 중간롤 자동화 창고를 기반으로 국내 시장을 선도하고 있으며, 단일공장으로 연간 약 75만 톤을 생산할 수 있는 국내 최대 백판지 제조 설비를 보유했습니다. 그리고 이러한 생산능력을 바탕으로 동남아, 호주, 유럽등 다양한 국가에 제품을 수출하고 있습니다.(2) 인쇄용지 부문품질, 생산 규모, 설비 노후화 정도, 운영 효율성 등 비가격적 요인이 주요한 경쟁요소입니다.한솔제지는 에너지 비용 절감, 설비 생산성 향상, 안정된 원재료 조달을 통해 원가 경쟁력을 강화했으며, 국내 유일의 4Cycle/月 생산체제를 갖춤으로써 단납기 대응력을 강화했습니다. 또한, 재활용 원료에 대한 오랜 경험과 역량을 바탕으로 친환경 재생용지수요에 대응하고 있으며 FSC, 탄소인증 등 기타 환경인증을 보유하고 있습니다.(3) 특수용지 부문다양한 특수 목적에 적합한 제품을 생산하는 능력이 주요 경쟁요소입니다.한솔제지의 특수지 내 감열지 부문은 2013년 장항공장, 2018년 신탄진공장의 감열지 전환 투자를 완료하여 현재 세계 1위의 감열지 생산 능력을 갖추었습니다. 이를 바탕으로 국내 감열지 시장수요의 약 85~90%를 공급하여 내수시장 점유율 1위를 유지하고 있으며 북미, 유럽, 남미, 동남아시아 등 다양한 지역에 감열지를 수출하고 있습니다.\r\n또한, 수입지 등 고급 인쇄용지와 경쟁하기 위하여 2018년에 패키징 사업부문을 강화했습니다. 이를 통해 향후 수요가 지속해서 성장할 것으로 예상되는 플라스틱 대체 친환경 패키징 시장에 대한 공급을 확대하고 있습니다. \xa0(4) 전자부품제조업 (한솔테크닉스)가. 산업의 특성\xa0- 전자부품사업한솔테크닉스의 전자부품사업은 TV 및 생활가전 파워모듈, 스마트폰 무선 충전 모듈 등으로 구성되어 있으며 이중 파워모듈, 무선충전 모듈 사업이 중심을 이루고 있습니다. 파워모듈 사업은 각종 전자제품에 전원을 공급하는 장치를 생산하는 사업입니다. 이는 전기에너지를 안정적으로 변환하여 전자제품에 전원을 공급해주는 심장역할을 하는 부품으로서 통상적으로 SMPS(Switching Mode Power Supply)라고 불리우고 있습니다. 고객의 용도에 따라 다양한 제품으로 구성되어 있으며 TV 디지털 가전용 기기등 사무용품용, 통신장비용 등으로 분류되고 있습니다.\r\n\xa0휴대폰용\xa0무선충전\xa0모듈(RX)부문은\xa0스마트폰에\xa0내장되는\xa0무선충전\xa0모듈을\xa0제조하는\xa0사업입니다.\xa0무선충전\xa0모듈(RX)은\xa0충전패드에서\xa0전기에너지를\xa0자기장으로\xa0전환시키고\xa0휴대폰에서\xa0자기장을\xa0전기에너지로\xa0전환시켜\xa0배터리를\xa0충전하는\xa0장치로서,\xa0스마트폰\xa0무선충전(WPC),\xa0무선통신(NFC),\xa0삼성페이(MST)가\xa0결합된\xa0모듈입니다.\xa0기존\xa0유선\xa0충전\xa0방식\xa0대비\xa0편리하고\xa0충전\xa0단자가\xa0훼손될\xa0가능성이\xa0낮으며,\xa0보급형\xa0스마트폰에도\xa0무선충전과\xa0페이\xa0결제가\xa0적용됨에\xa0따라\xa0수요가\xa0점진적으로\xa0증가하고\xa0있는\xa0사업\xa0분야입니다.\xa0자동차 전장 부품은 차량에 들어가는 전기장치부품을 뜻하며 한솔테크닉스는 차량용 실내 및 외부에 들어가는 LED Lamp와 전동화 부품인 E-shifter, 차량용 실내 스마트폰 무선충전이 가능한 무선충전 모듈을 제조하고 있습니다. 자동차 전장 부품 시장이 확대 됨에 따라 수요가 꾸준히 증가되고 있습니다.\r\n\xa0\n당 사업은 전자제품 완성품 제조업체에서 특정 제품의 모델 개발 단계에서 한솔테크닉스와 같은 파워모듈 전문업체에 특정 파워제품 개발을 의뢰하여 개발된 제품의 승인, 생산, 판매가 이루어 지는 구조이며 전자기기에 필수적으로 사용되어 수요가 광범위한 영역입니다.\n- 휴대폰 사업\xa0\n휴대폰 사업은 스마트폰으로 대변되는 휴대용 통신 기기로써 이제는 단순한 통신기기를 넘어 생활속에 반드시 필요한 필수품으로 자리 잡았습니다.\xa0\n삼성, 애플이 Global 시장을 주도해 왔으며, 최근 들어 화웨이, 샤오미, 오포, 비보 등 중국업체의 시장 점유율이 점차 증가하고 있습니다.- 솔라 사업\n솔라(태양광) 산업은 태양으로부터 복사되는 빛 에너지를 활용한 대표적인 친환경산업입니다.\xa0전세계적으로\xa0탄소중립\xa0및\xa0친환경화를\xa0위한\xa0RE100(Renewable Electricity 100)\xa0시장이\xa0활성화됨으로 글로벌\xa0태양광\xa0설치\xa0규모는\xa02024년\xa0중국 및 이외의 아시아 및 중동 등 개도국 수요가 빠르게 증가하여 글로벌 태양광 설치량이 500GW에 달할 것으로 예측됩니다. 2030년\xa0730GW로\xa0탄소중립\xa0기조를\xa0기반으로\xa0꾸준한\xa0성장세를\xa0지속할\xa0것으로\xa0예상되며\xa0글로벌\xa0태양광\xa0시장의\xa0지속적인\xa0수요가\xa0전망됩니다.\xa0\n- 반도체 사업\n반도체는 고도의 기술, 지식 및 노동이 복합적으로 집약된 산업으로서 국가산업의 중추 산업이며 타 산업에 비해 지식, 기술 집약도가 높은 산업입니다. 특히 IT, 정보통신, 멀티미디어 관련 제품 및 기술이 고부가가치산업으로 전환하는데 있어 반도체는 핵심적 역할을 수행하고 있습니다.\n나. 산업의 성장성\nTV 시장은 고해상도인 UHD TV로 대표되는 고화질의 제품이 가격 하락을 통하여 대중화 국면에 이르렀습니다. 기존의 LCD TV 중심의 제품 구조에 QLED, OLED가 가세하면서 보급형, 대중화 영역이 UHD TV로 전환되어 왔습니다.\n2010년 이후 TV 업체는 TV 패러다임 변화, 즉 스마트 및 3D 등 다양한 기능을 추가 하면서 새로운 IT 기기로 변화를 시도하였으나, 최근 다시 TV 본연 기능인 화질로 초점을 이동하여 본격적인 대화면, 고화질 경쟁으로 접어 들고 있으며 특히 75인치 이상의 대형 TV시장 성장속도가 점차 가속화될 전망 입니다. 최근에는 기존 4K 화질을 보유한 TV보다 4배 가량 화질이 좋은 8K 화질의 TV가 출시되면서 프리미엄화에 가속도가 붙고 있습니다. 백색가전으로 대표되는 생활가전시장 역시 성숙한 시장이나, 디자인, 성능 등에서 고급화, 고사양화 등을 통해 지속적인 수요 창출을 하고 있으며, 향후 IoT 등과 맞물려 새로운 성장 모멘텀을 기대하고 있습니다 휴대폰 산업은 성숙기에 접어들어 글로벌 스마트폰 시장 성장률은 2~4%수준으로 다소 정체되고 있습니다. 그러나 AI기술을 탑재한 북미/유럽 등 선진국 시장 수요와, 중국, 인도 등 신흥 시장 성장이 침체된 세계경제 속에서도 안정된 성장을 이어가고 있습니다.\n태양광 산업의 장기 성장성에는 크게 의심할 만한 여지가 없으나, 동 산업은 그리드패러티(Grid Parity, 태양광 등의 대체에너지로 전기를 생산하는 발전 원가가 원유 등 화석연료의 발전 원가와 같아지는 시기)에 도달할 때까지 정부의 지원이 필요한 산업입니다. \xa0글로벌\xa0태양광\xa0산업은\xa0러시아-우크라이나\xa0전쟁으로\xa0인한\xa0전기료\xa0상승과\xa0이후\xa0위기\xa0대응을\xa0위한\xa0친환경\xa0에너지\xa0사용\xa0확대\xa0기조에\xa0힘입어\xa0수요가\xa0증가하는\xa0추세입니다.\xa0미국에서는\xa0인플레이션감축법(IRA)\xa0시행\xa0및\xa0가정용\xa0태양광\xa0수요\xa0증가\xa0등\xa0주요\xa0해외\xa0선진국들의\xa0신재생에너지\xa0도입이\xa0확대되고\xa0있습니다.\xa0또한,\xa0중국,\xa0인도,\xa0사우디아라비아\xa0등에서\xa0급격한\xa0산업화와\xa0도시화로\xa0에너지\xa0수요가\xa0늘어남에\xa0따라\xa0태양광\xa0발전\xa0수요가\xa0급성장하고\xa0있습니다.\xa0태양광\xa0발전은\xa0탄소\xa0배출이\xa0없는\xa0대표적인\xa0친환경\xa0에너지로서\xa0지속적인\xa0성장이\xa0예상됩니다.\xa0\n반도체 사업을 둘러싼 환경은 디지털 기기가 모바일化, 스마트化되고 자동차, 의료기기, 산업기기 등이 인터넷을 기반으로 발전함에 따라 반도체 산업의 성장에 긍정적인 영향을 줄 것으로 예상 됩니다. 이에 따른 메모리 반도체와 파운드리 설비투자 확대로 반도체 장비 수요 증가와 장기적으로 반도체 소재 수요 등이 증가할 전망입니다.\n\xa0다. 산업의 경기변동의 특성전자부품 사업의 시장은 TV 및 생활가전 시장의 업황에 따라 좌우되고 있고, 특히 TV용 부품 시장은 TV 업체와 패널 업체의 실적 및 투자 규모에 따라 영향을 받습니다.\r\n휴대폰 사업은 2~3년의 짧은 교체 주기로 인해 타 가전제품 대비 꾸준한 기반 수요를 가지고 있는 구조이며 전형적인 B2C 제품이므로 전반적인 소비자 경기에 영향을 받고 있습니다.\n\xa0\n태양광 모듈 사업은 발전 단가의 문제로 인해 한국 정부의 보조금 지급 정책,\n가장 큰 수요처이자 생산처인 중국의 수요 동향에 민감한 영향을 받고 있습니다.\n반도체 소재 사업은 기술혁신으로 인한 제품의 라이프사이클이 짧은 대규모 장치 산업으로 세계경기 및 가격변동 등 외부적 요인에 영향을 크게 받습니다. 4차 산업의 발달 등 반도체 호황으로 수요는 급증하나 공급이 부족할 경우 가격이 상승하고, 양산시점에는 초과공급으로 가격이 하락하는 등 경기 변동에 민감한 경향을 보이고 있습니다.\n라. 국내외 시장여건 및 경쟁요인전자부품 산업은 TV및 생활가전의 성장에 따른 연관산업으로서 고급화, 차별화에 따른 수요에 적기 대응할 수 있는 탄력적인 System구축, 원재료 수급의 안정성, 가전제품 시장 가격경쟁 심화에 따른 관련 부품 등의 원가 절감이 주요 경쟁 요소입니다. 또한 무선충전기 사업은 파워모듈 사업을 통해 축적한 회로 기술을 바탕으로 충전효율 기술력을 확보하고 있으며 시장 점유율 확보를 위해 글로벌 휴대폰 업체 등과 협력 방안 모색에 역량을 집중하고 있습니다.휴대폰 사업은 User-Interface, 디자인, 배터리 수명, 정보처리능력 등이 중요한 경쟁 요소이며, 삼성과 애플 등의 Global Player 들이 차별화를 만들어 내기 위해 노력하고 있습니다. 한솔테크닉스의 휴대폰 사업은 Global Top Tier 고객에게 공급하기 위한 뛰어난 제조 역량이 경쟁의 핵심요소라고 할 수 있습니다.\r\n\xa0\n태양광 사업 중 모듈부문은 TV BLU 조립사업을 통해 축적한 조립/제조 경험을 \xa0바탕으로 높은 고객 선호도를 확보하고 있으며, 우수한 기술력 기반의 고효율 및 수상형 모듈 개발, 최고의 품질 및 원가 경쟁력을 갖추고 있어 국내시장에서의 견고한 위치를 점유하고 있습니다.\n\xa0\n반도체 소재 사업은 재질 및 형상, 고객사 요구 기술에 따른 전 품목의 가공 Recipe를 보유하고 있으며, 소모성 부품의 내구성 향상을 위한 정밀 세정 및 특수 코팅 기술력으로 견고한 경쟁력을 확보하고 있습니다. 한솔테크닉스의 품질 신뢰성을 바탕으로 국내외 Major 장비업체에 주력 부품을 독점 공급하며 사업을 지속 확대하고 있습니다.\n마. 회사의 현황(1) 영업 개황\r\nTV 시장은 글로벌 경기침체로 성장이 둔화되었으며, 고객사 해외 생산 확대, 판가 하락 등으로 인하여 경영 환경에 악화 요인으로 작용하였습니다. 그러나 TV의 대형화, UHD 등의 프리미엄 고화질화, 고객사의 공격적인 판매확대, 마이크로 LED TV 등 특화된 제품의 시장이 확대 되어 관련 수요가 증가할 것으로 예상되며 한솔테크닉스는 대형인치, UHD TV 등 특화된 고급, 고부가가치 모델 중심 생산을 통해 TV용 파워 사업을 안정적으로 운영해 나갈 것입니다. 생활가전용 파워는 한솔테크닉스의 뛰어난 품질/제조 경쟁력을 기반으로 냉장고, 에어컨, 세탁기 등 대표적인 백색가전 시장으로 사업을 확대 중에 있습니다. 휴대폰 무선 충전기용 파워는 새로운 공법과 소재를 개발/적용하여 경쟁사 대비차별화를 통해 제품 군을 확대해 나가고 있습니다.\n휴대폰 사업은 Global Top Tier의 고객과 공급망을 갖추고 있으므로 비교적 사업에 대한 안정성을 갖추고 있으며 뛰어난 제조 역량을 기반으로 경쟁력 있는 품질과 원가 확보를 위한 지속적인 노력을 기울이고 있습니다. \xa0\xa0\n태양광 모듈 사업은 글로벌 경기침체에도 불구하고 미국, 유럽, 한국 등의 친환경 에너지 정책, 후쿠시마 원전사태 이후 친환경 에너지 수요증가로 꾸준히 수요가 증가추세에 있으며, 기술의 발전 및 제조사의 원가절감 노력으로 그리드 패리티의 조기도달 가능성이 높아지는 등 시장수요 확대가 지속될 것으로 예상 됩니다. 이에 한솔테크닉스는 생산수율 개선, 고효율 모듈 개발, 사이니지 미디어PV와 같은 차별화된 태양광 모듈 개발 등 기술력을 확보하여 태양광 모듈 분야의 수익 창출을 할 수 있는 경쟁력을 강화하고 있습니다.\n\xa0\n반도체 소재 사업은 반도체 수요 상승에 따른 설비 투자 확대로 꾸준한 성장이 지속되고 있습니다. 한솔테크닉스는 초정밀 특수 부품을 설계부터 가공, 세정, 코팅, 측정 및 분석까지 One stop solution을 제공함으로써 동일 품질에 대하여 타사 대비 원가ㆍ납기 경쟁력을 확보하고 있습니다.\n(2) 시장의 특성\n\xa0- 전자부품 시장\n미/중간 무역전쟁, 각국의 보호무역 여파로 인한 글로벌 경기의 불안정성 지속, 주요 IT기기의 높은 보급률 등의 요인으로 전방산업인 TV의 선진국 수요는 정체 경향을 보이고 있으나, 프리미엄 제품을 중심으로 한 교체수요와 더불어 인도, 중국 등 신흥 시장에서 수요가 증가하고 있으며, 기존 제품의 생산효율 증대, 생활가전 등 신규 제품군 확대로 꾸준히 경쟁력을 확대해 나가고 있습니다.\n무선충전 모듈(RX)시장은 무선충전 기능이 내장된 프리미엄급 휴대폰 출시와 함께 본격 개화되었습니다. 한솔테크닉스는 2015년 하반기부터 휴대폰용 무선충전 모듈(RX) 사업에 진출한 이래, 2016년부터 삼성페이 RX 모듈이 중저가 휴대폰에 확대 적용됨에 따라 점유율과 매출 확대를 위해 제조 경쟁력과 품질관리로 지속적인 노력을 기울이고 있습니다. 이러한 노력의 결실로 Global Top-tier고객의 Supply Chain 진입 및 2018년부터 프리미엄급 모델 1st Vendor로써 수주를 지속하여 M/S를 유지하고 있습니다.\n- 휴대폰 시장\n세계 스마트폰 시장은 연평균 2~4% 수준으로 과거 보다는 성장세가 둔화되기도 하였으나 개발 도상국의 스마트폰 판매 호조로 여전히 견조한 성장세를 보이고 있습니다. 특히 한솔테크닉스의 고객은 Global M/S 1위를 차지하고 있으며, 한솔테크닉스는 Capa증설과 최고의 제조 경쟁력을 기반으로 원가와 품질 측면에서 고객사의 Best 파트너를 유지 하겠습니다.\n\xa0\n- 태양광 모듈 시장\n세계 태양광 모듈 시장은 Big 2인 중국, 미국시장의 태양광 수요 증가로 글로벌 태양광 수요는 꾸준히 증가하고 있습니다. 국내 태양광 시장은 RE100(Renewable Electricity 100)등 잠재 수요를 가지고 있으며, 한솔테크닉스는 국내시장에서의 탄탄한 입지기반을 바탕으로 영업채널을 다변화하여 판매량을 증대하고 다양한 비즈니스모델 개발을 통해 신규시장을 확장해 나가겠습니다.\n- 반도체 시장\n대용량메모리, 시스템반도체 수요 증가와 차세대 반도체로의 전환 수요로 수출 및 투자가 증가할 것으로 예상됩니다. 향후 5G, 4차 산업 발달로 인해 새로운 시스템 반도체에 대한 수요가 늘어나며 이는 반도체 제조사들의 투자 또한 증가할 것으로 예상하고 있습니다.\n\xa0\n바. 신규사업 등의 내용 및 전망\xa0기존사업의 유관 분야와 보유역량을 활용하여 내부 프로세스를 갖추고 신규 아이템 Incubation을 적극 실행해 나가고 있으며, M&A를 통한 성장기회 발굴도 꾸준히 준비 하고 있습니다. 한솔테크닉스의 핵심역량을 활용하고 파트너들과의 협업을 통해 한솔테크닉스가 추진하는 신규사업이 성공적으로 론칭될것으로 기대하고 있으며, 회사의 미래 성장동력으로 자리매김 할 것입니다.\xa0\r\n']"
