text
"['\n8. 기타 재무에 관한 사항\n(1) 재무제표 재작성 등 유의사항1) 합병 - (주)GS리테일의 (주)GS홈쇼핑 흡수합병 당사는 (주)GS홈쇼핑과 2020년 11월 10일 각 사의 이사회 승인을 거쳐 합병계약을 체결하였습니다. 해당 합병 관련하여 2020.11.10일 ""주요사항보고서(회사합병결정)""를 제출하였으며, 합병 기일은 2021년 7월 1일입니다.\n① 진행 일정\n구 분\n㈜GS리테일 (합병회사)\xa0\n㈜GS홈쇼핑(피합병회사)\n합병 이사회 결의일\n2020.11.10\n2020.11.10\n합병 계약일\n2020.11.10\n2020.11.10\n주주확정 기준일 지정 및 주주명부 폐쇄 공고\n2021.03.25\n2021.03.25\n주주확정 기준일\n2021.04.19\n2021.04.19\n주주명부 폐쇄 기간\n시작일\n-\n-\n종료일\n-\n-\n합병반대의사통지접수기간\n시작일\n2021.05.13\n2021.05.13\n종료일\n2021.05.27\n2021.05.27\n채권자 이의제출기간\n시작일\n2021.05.28\n2021.05.28\n종료일\n2021.06.30\n2021.06.30\n합병기일\n2021.07.01\n2021.07.01\n합병종료보고 주주총회 갈음이사회 결의일\n2021.07.01\n-\n합병종료보고 공고일\n2021.07.01\n-\n합병등기일\xa0\n2021.07.01\n-\n신주권교부일\n-\n-\n신주상장일\n2021.07.16\n-\n② 거래상대방 (피합병회사)\n상호\n상장여부\n소재지\n㈜GS홈쇼핑\n상장\n서울특별시 영등포구 선유로 75\xa0\n③ 주요 내용 및 재무제표에 미치는 영향\n\xa0본 합병으로 (주)GS리테일은 존속회사로 계속 남아 있게 되며, 피합병법인 (주)GS홈쇼핑은 소멸 되었습니다. 합병회사인 ㈜GS리테일과 피합병회사인 ㈜GS홈쇼핑은 \'독점규제 및 공정거래에 관한 법률\'상 기업집단 GS에 속한 계열회사에 해당하며 본 사업보고서 작성기준일(2023년 12월 31일) 현재 ㈜GS리테일의 최대주주는 ㈜GS로 57.90% 지분을 보유하고 있습니다. 합병회사와 피합병회사는 본 합병을 통해 양사의 고객 상품 등 영역에서의 시너지 창출이 가능할 것으로 예상되며, 또한 양사가 현재 보유하고 있는 온·오프라인 플랫폼 통합 구축을 통해 양사의 자원을 효율적으로 활용 가능할 것으로 기대됩니다.  본 합병으로 인한 재무효과는 ㈜GS리테일의 2020년 상반기 별도 손익계산서 기준으로, 매출액은 42,127억원에서 48,148억원 (합병 당사 회사 단순합산금액 기준), 영업이익은 1,601억원에서 2,335억원(합병 당사회사 단순합산금액 기준)으로 증가합니다.  또한 ㈜GS리테일의 2020년 6월말 별도 재무상태표 기준으로 자산 총계는 57,260억원에서 72,172억원(합병 당사회사 단순합산금액 기준)으로 증가하고, 부채는 34,899억원에서 37,985억원(합병 당사회사 단순합산금액 기준)으로 증가하고, 자본은 22,361억원에서 34,187억원(합병 당사회사 단순합산금액 기준)으로 증가합니다.  또한, 주식매수청구 주식수는 250주이며, 주식매수청구 금액은 8.5백만원입니다. 당사는 자체 보유자금을 사용하여 주식매수 대금을 납부 하였습니다.합병비율은 자본시장과 금융투자업에 관한 법률 시행령 제176조의5 제1항 제1호에 따라 산정된 합병가액을 기초로 산출되였습니다. 산출된 합병비율에 따라, 합병소멸회사인 (주)GS홈쇼핑의 주식 1주당 지배기업의 주식 4.2236834주를 교부하였습니다. \xa0\n④ 관련 공시서류 제출일자\n구분\n제출인\n공시서류 제출일 주)\n공시 서류명\n회사합병결정\n㈜GS리테일\n2020.11.10\n주요사항보고서(회사합병결정)\n회사합병결정\n㈜GS리테일\n2020.11.10\n장래사업·경영계획(공정공시)\n증권신고서\n㈜GS리테일\n2021.03.29\n증권신고서(합병)\n투자설명서\n㈜GS리테일\n2021.04.19\n투자설명서\n임시 주주총회\n㈜GS리테일\n2021.05.10\n의결권대리행사권유참고서류\n임시 주주총회\n㈜GS리테일\n2021.05.13\n주주총회소집공고\n증권발행실적보고서\n㈜GS리테일\n2021.07.01\n증권발행실적보고서(합병등)\n주1) 공시서류 제출일은 최초 제출일 입니다.\n자세한 사항은 2020.11.10일 ㈜GS리테일 및 ㈜GS홈쇼핑이 공시한 ""주요사항보고서(회사합병결정)""을 참고하시기 바랍니다.\n2) 종속기업간 합병연결대상종속기업인 ㈜펫츠비, ㈜여울 및 ㈜옴므는 2020년 10월 23일자로 각각의 이사회, 주주총회를 통해 ㈜펫츠비가 ㈜여울 및 ㈜옴므를 흡수합병할 것을 \xa0 결의하였습니다. 합병기일은 2020년 11월 30일이며 합병 후 존속회사인 ㈜펫츠비에 대한 지배기업의 지분비율은 62.60%로 변동 없습니다. 현재 ㈜펫츠비의 상호는 ㈜어바웃펫으로 변경되었으며 2023년 말 \xa0당사 소유 지분율은 66.15% 입니다.연결대상종속기업인 ㈜후레쉬서브와 ㈜에피스는 2020년 10월 27일자로 각각의 이사회를 통해 ㈜후레쉬서브가 ㈜에피스를 흡수합병할 것을 결의하였습니다. 합병기일은 2020년 12월 31일이며 합병 후 존속회사인 ㈜후레쉬서브에 대한 지배기업의 지분비율은 100%입니다. (2) 자산유동화와 관련한 자산매각의 회계처리 및 우발채무 등에 관한 사항자산유동화와 관련한 자산매각에 해당하는 사항은 없으며, 우발채무 등에 관한 사항은 본 사업보고서 ""Ⅲ.재무에 관한 사항 > 3.연결재무제표 주석 > 36. 우발상황 및 약정사항""을 참고하시기 바랍니다. \n(3) 기타 재무제표 이용에 유의하여야 할 사항1) 종속기업의 개별 재무제표 수정\xa0주식회사 GS리테일과 그 종속기업(이하 ""연결실체"")은 연결대상 종속기업의 회계정책을 지배기업의 회계정책과 일치하도록 조정한 재무제표를 이용하여 연결재무제표를 작성하였습니다.\n2) 연결재무제표의 작성기준\n연결실체는 주식회사등의외부감사에관한법률 제5조 1항 1호에서 규정하고 있는 국제회계기준위원회의 국제회계기준을 채택하여 정한 회계처리기준인 한국채택국제회계기준에 따라 연결재무제표를 작성하였습니다.\n연결실체의 연결재무제표는 2024년 3월 5일 이사회에서 변경 승인되었으며, \xa02024년 3월 21일 주주총회에서 최종 승인될 예정입니다.\n가. 측정기준\n연결재무제표는 아래에서 열거하고 있는 연결재무상태표의 주요 항목을 제외하고는 역사적원가를 기준으로 작성되었습니다.\nㆍ공정가치로 측정되는 파생상품\nㆍ당기손익-공정가치로 측정되는 금융상품\nㆍ기타포괄손익-공정가치로 측정되는 금융상품\nㆍ확정급여채무의 현재가치에서 사외적립자산의 공정가치를 차감한 확정급여부채 \xa0 \xa0 \xa0(자산)\n나. 기능통화와 표시통화\n연결실체 내 개별기업의 재무제표는 각 개별기업의 영업활동이 이루어지는 주된 경제환경의 통화인 기능통화로 작성되고 있습니다. 연결실체의 연결재무제표는 보고기업인 지배기업의 기능통화 및 표시통화인 원화로 작성하여 보고하고 있습니다.\n다. 추정과 판단\n한국채택국제회계기준에서는 연결재무제표를 작성함에 있어서 회계정책의 적용이나, 보고기간말 현재 자산, 부채 및 수익, 비용의 보고금액에 영향을 미치는 사항에 대하여 경영진의 최선의 판단을 기준으로 한 추정치와 가정의 사용을 요구하고 있습니다. 보고기간말 현재 경영진의 최선의 판단을 기준으로 한 추정치와 가정이 실제 환경과 다를 경우 이러한 추정치와 실제 결과는 다를 수 있습니다.\n추정치와 추정에 대한 기본 가정은 지속적으로 검토되고 있으며, 회계추정의 변경은 추정이 변경된 기간과 미래 영향을 받을 기간동안 인식되고 있습니다.\n① 경영진의 판단\n연결재무제표에 인식된 금액에 유의한 영향을 미치는 회계정책의 적용과 관련된 주요한 경영진의 판단에 대한 정보는 다음의 주석에 포함되어 있습니다.\nㆍ주석 1: 연결 범위 - 사실상 지배력을 보유하고 있는지 여부\nㆍ주석 11: 관계기업투자 - 유의적인 영향력을 행사하는지 여부\nㆍ주석 14: 리스 분류 - 금융리스 여부 및 투자부동산 여부\nㆍ주석 14: 리스기간 - 연장선택권의 행사가능성이 상당히 확실한지 여부\n② 가정과 추정의 불확실성\n다음 보고기간 이내에 중요한 조정이 발생할 수 있는 유의한 위험이 있는 가정과 추정의 불확실성에 대한 정보는 다음의 주석에 포함되어 있습니다.\nㆍ주석3.(15): 리스 - 리스기간, 리스료, 할인율을 결정하는데 적용한 유의적 가정\nㆍ주석8: 재고자산 - 순실현가능가치의 추정\nㆍ주석11: 공동기업 및 관계기업투자 - 손상가능성을 포함한 회수가능가액 측정\nㆍ주석12,14,15: 손상검사 - 회수가능액 추정의 주요 가정\nㆍ주석21: 종업원급여 - 주요 보험수리적 가정\nㆍ주석22: 충당부채 - 자원의 유출가능성과 금액에 대한 가정\nㆍ주석33: 법인세 회계처리의 불확실성\nㆍ주석33: 이연법인세자산의 인식 - 차감할 일시적차이와 세무상 결손금 의 사용,  \xa0 \xa0 \xa0 \xa0 \xa0 \xa0 \xa0 \xa0기업소득환류세제에 따른 효과\nㆍ주석38: 금융상품 - 금융상품의 공정가치 평가\nㆍ주석39: 매출채권과 계약자산의 기대신용손실 측정- 가중평균손실율을 결정하기 \xa0 \xa0 \xa0 \xa0 \xa0 \xa0 \xa0 위한 주요 가정\n③ 공정가치 측정\n연결실체의 회계정책과 공시사항은 다수의 금융 및 비금융자산과 부채에 대해 공정가치 측정이 요구되고 있습니다. 연결실체는 공정가치평가 정책과 절차를 수립하고 있습니다. 동 정책과 절차에는 공정가치 서열체계에서 수준 3으로 분류되는 공정가치를 포함한 모든 유의적인 공정가치 측정의 검토를 책임지는 평가부서의 운영을 포함하고 있으며, 그 결과는 재무담당임원에게 직접 보고되고 있습니다.\n평가부서는 정기적으로 관측가능하지 않은 유의적인 투입변수와 평가 조정을 검토하고 있습니다. 공정가치측정에서 중개인 가격이나 평가기관과 같은 제3자 정보를 사용하는 경우, 평가부서에서 제3자로부터 입수한 정보에 근거한 평가가 공정가치 서열체계 내 수준별 분류를 포함하고 있으며 해당 기준서의 요구사항을 충족한다고 결론을 내릴 수 있는지 여부를 판단하고 있습니다.\n연결실체는 유의적인 평가 문제를 감사위원회에 보고하고 있습니다.\n자산이나 부채의 공정가치를 측정하는 경우, 연결실체는 최대한 시장에서 관측가능한 투입변수를 사용하고 있습니다. 공정가치는 다음과 같이 가치평가기법에 사용된 투입변수에 기초하여 공정가치 서열체계 내에서 분류됩니다.\n- 수준 1 : 측정일에 동일한 자산이나 부채에 대한 접근 가능한 활성시장의 조정되지 않은 공시가격\xa0\n- 수준 2 : 수준 1의 공시가격 이외에 자산이나 부채에 대해 직접적으로 또는 간접적으로 관측가능한 투입변수\xa0\n- 수준 3 : 자산이나 부채에 대한 관측가능하지 않은 투입변수\xa0\n자산이나 부채의 공정가치를 측정하기 위해 사용되는 여러 투입변수가 공정가치 서열체계 내에서 다른 수준으로 분류되는 경우, 연결실체는 측정치 전체에 유의적인 공정가치 서열체계에서 가장 낮은 수준의 투입변수와 동일한 수준으로 공정가치 측정치 전체를 분류하고 있으며, 변동이 발생한 보고기간 말에 공정가치 서열체계의 수준간 이동을 인식하고 있습니다.\n금융상품에 대한 공정가치 측정 정보는 아래 주석에 포함되어 있습니다.\n- 주석12,14,15: 현금창출단위의 사용가치 측정\xa0\n- 주석38: 금융상품\xa0\n3) 중요한 회계정책\n연결실체가 한국채택국제회계기준에 따른 연결재무제표 작성에 적용한 중요한 회계정책은 아래 기술되어 있으며, 당기 연결재무제표의 작성에 적용된 중요한 회계정책은 아래에서 설명하는 기준서나 해석서의 도입과 관련된 영향을\xa0제외하고는\xa0전기연결 재무제표 작성 시 채택한 회계정책과 동일합니다.경영진은 연결재무제표를 승인하는 시점에 연결실체가 예측가능한 미래기간 동안 계속기업으로서 존속할 수 있는 충분한 자원을 보유한다는 합리적인 기대를 가지고 있습니다. 따라서 경영진은 계속기업을 전제로 연결재무제표를 작성하였습니다.\r\n 당기에 새로 도입된 기준서 및 해석서와 그로 인한 회계정책의 변경내용은 다음과 같습니다.- 기업회계기준서 제1117호 \'보험계약\' (제정)\n\xa0\n기업회계기준서 제1104호 \'보험계약\'을 대체하는 기업회계기준서 제1117호 \'보험계약\'은 보험계약의 인식, 측정, 표시 및 공시에 대한 원칙을 설정하고 있으며, 보험부채의 현행이행가치 측정, 발생주의에 따른 보험수익 인식, 보험손익과 투자손익의 구분표시 등을 주요 특징으로 합니다.\xa0\n\xa0\n연결실체는 기업회계기준서 제1117호의 보험계약 정의를 충족하는 계약을 보유하고 있지 아니합니다. - 기업회계기준서 제1001호 \'재무제표 표시\' 및 국제회계기준 실무서2 \'중요성에 대한 판단\' (개정) - 회계정책 공시\n\xa0\n동 개정사항은 회계정책의 공시에 대한 기업회계기준서 제1001호의 요구사항을 변경하며, \'유의적인 회계정책\'이라는 모든 용어를 \'중요한 회계정책 정보\'로 대체합니다. 회계정책 정보는 기업의 재무제표에 포함된 다른 정보와 함께 고려할 때 일반목적재무제표의 주요 이용자가 그 재무제표에 기초하여 내리는 결정에 영향을 줄 것으로 합리적으로 예상할 수 있다면 중요합니다.\n\xa0\n동 개정사항은 기업회계기준서 제1001호 관련 문단도 중요하지 않는 거래, 그 밖의 사건 또는 상황과 관련되는 회계정책 정보는 중요하지 않으며 공시될 필요가 없다는 점을 명확히 합니다. 다만 회계정책 정보는 금액이 중요하지 않을지라도 관련되는 거래, 그 밖의 사건 또는 상황의 성격 때문에 중요할 수 있습니다. 그러나 중요한 거래, 그 밖의 사건 또는 상황과 관련되는 모든 회계정책 정보가 그 자체로 중요한 것은 아닙니다.\n또한 국제회계기준위원회는 국제회계기준 실무서2에 제시된 \'중요성 과정의4단계\'의 적용을 설명하고 예시하기 위한 지침과 사례를 개발하였습니다.- 기업회계기준서 제1001호 \'재무제표 표시\' (개정) - 행사가격 조정 조건이 있는 금융부채의 평가손익 공시\r\n\xa0\n동 개정사항은 발행자의 주가 변동에 따라 행사가격이 조정되는 조건이 있는 금융상품의 전부나 일부가 기업회계기준서 제1032호 \'금융상품: 표시\' 문단 11의 금융부채 정의 중 (2)에 따라 금융부채로 분류되는 경우에는 그 전환권이나 신주인수권(또는 이를 포함하는 금융부채)에 대하여 보고기간에 발생한 평가손익(당기손익에 포함된 경우로 한정함) 등을 공시하도록 합니다(주석17 참고).\n- 기업회계기준서 제1008호 \'회계정책, 회계추정치 변경과 오류\' (개정) - 회계추정치의 정의\n\xa0\n동 개정사항은 회계추정의 변경에 대한 정의를 회계추정치의 정의로 대체합니다. 새로운 정의에 따르면 회계추정치는 \'측정불확실성의 영향을 받는 재무제표상 화폐금액\'이며, 회계추정의 변경에 대한 정의는 삭제되었습니다.\n\xa0\n- 기업회계기준서 제1012호 \'법인세\' (개정) - 단일 거래에서 생기는 자산과 부채에 관련되는 이연법인세\n\xa0\n동 개정사항은 최초인식 예외규정의 적용범위를 축소합니다. 적용가능한 세법에 따라 사업결합이 아니고 회계이익과 과세소득에 영향을 미치지 않는 거래에서 자산이나 부채를 최초로 인식할 때 같은 금액의 가산할 일시적차이와 차감할 일시적차이가 생길 수 있습니다. 동 개정사항에 따르면 이처럼 동일한 금액으로 가산할 일시적차이와 차감할 일시적차이를 생기게 하는 거래에는 최초인식 예외규정을 적용하지 않으며, 이연법인세자산과 이연법인세부채를 인식하고, 이연법인세자산의 인식은 기업회계기준서 제1012호 \'법인세\'의 회수가능성 요건을 따르게 됩니다.\n- 기업회계기준서 제1012호 \'법인세\'(개정) - 국제조세개혁: 필라2 모범규칙\n동 개정사항은 경제협력개발기구(OECD)가 발표한 필라2 모범규칙을 시행하기 위하여 제정되었거나 실질적으로 제정된 세법 등에서 생기는 법인세에 기업회계기준서 제1012호 \'법인세\'를 적용한다는 점을 명확히 합니다.\n다만 기업회계기준서 제1012호 \'법인세\'의 이연법인세 회계처리 요구사항에 한시적 예외 규정을 도입하여 필라2 법인세와 관련되는 이연법인세자산 및 부채를 인식하지아니하고 이에 대한 정보도 공시하지 아니합니다. 또한 동 개정사항에 따라 예외 규정을 적용하였다는 사실을 공시하며, 해당 법률이 2024년 1월 1일부터 시행될 예정이므로 당사의 필라2 관련 당기법인세비용은 없습니다. 연결실체는 동 개정으로 인한 연결재무제표의 영향을 검토 중에 있습니다. \xa0\n(2) 재무제표 발행승인일 현재 제정ㆍ공표 되었으나, 아직 시행일이 도래하지 아니하였으며 연결실체가 조기 적용하지 아니한 한국채택국제회계기준의 내역은 다음과 같습니다.- 기업회계기준서 제1001호 \'재무제표 표시\' (2023년 개정) - 약정사항이 있는 비유동부채\n\xa0\n동 개정사항은 보고기간말 이전에 준수해야 하는 차입약정상의 특정 조건(이하 \'약정사항\')만 보고기간 후 12개월 이상 부채의 결제를 연기할 수 있는 기업의 권리에 영향을 미친다고 규정합니다. 약정사항의 준수 여부가 보고기간 이후에만 평가되더라도, 이러한 약정사항은 보고기간말 현재 권리가 존재하는지에 영향을 미칩니다.\xa0\n\xa0\n또한 보고기간 이후에만 준수해야 하는 약정사항은 결제를 연기할 수 있는 권리에 영향을 미치지 않는다고 규정합니다. 하지만 부채의 결제를 연기할 수 있는 기업의 권리가 보고기간 후 12개월 이내에 준수하는 약정사항에 따라 달라진다면, 보고기간 후 12개월 이내에 부채가 상환될 수 있는 위험을 재무제표 이용자가 이해할 수 있도록 정보를 공시합니다. 이러한 정보에는 약정사항에 대한 정보(약정사항의 성격, 기업이 약정사항을 준수해야 하는 시점을 포함), 관련된 부채의 장부금액, 그리고 약정사항을 준수하기 어려울 수 있음을 나타내는 사실과 상황이 포함됩니다.\n\xa0\n동 개정사항은 2024년 1월 1일 이후 최초로 시작하는 회계연도의 개시일 이후 소급적으로 적용되며 조기적용이 허용됩니다. 동 개정사항을 조기적용하는 경우에는 2020년 개정사항도 조기적용하여야 합니다.\xa0\n\xa0\n- 기업회계기준서 제1007호 \'현금흐름표\' 및 기업회계기준서 제1107호 \'금융상품 공시\' (개정) - 공급자금융약정\n\xa0\n동 개정사항은 기업회계기준서 제1007호 \'현금흐름표\'의 공시 목적에 재무제표이용자가 공급자금융약정이 기업의 부채와 현금흐름에 미치는 영향을 평가할 수 있도록 공급자금융약정에 대한 정보를 공시해야 한다는 점을 추가합니다. 또한 기업회계기준서 제1107호 \'금융상품 공시\'를 개정하여 유동성위험 집중도에 대한 익스포저와 관련한 정보를 공시하도록 하는 요구사항의 예로 공급자금융약정을 추가하였습니다.\n\xa0\n\'공급자금융약정\'이라는 용어는 정의되지 않습니다. 대신 동 개정사항은 정보를 제공해야 하는 약정의 특성을 제시합니다.\n\xa0\n공시 목적을 이루기 위하여, 공급자금융약정에 대한 다음 내용을 통합하여 공시하여야 합니다.\n- 약정의 조건\n- 공급자금융약정에 해당하는 금융부채의 장부금액 및 그 금융부채와 관련하여 재무상태표에 표시되는 항목\n- 공급자금융약정에 해당하는 금융부채 중 공급자가 금융제공자에게서 이미 금액을 받은 부분에 해당하는 장부금액 및 그 금융부채와 관련하여 재무상태표에 표시되는 항목\n- 공급자금융약정에 해당하는 금융부채의 지급기일 범위와 공급자금융약정에 해당하지 않는 비교 가능한 매입채무의 지급기일 범위\n- 공급자금융약정에 해당하는 금융부채 장부금액의 비현금 변동 유형과 영향\n- 유동성위험 정보\n\xa0\n동 개정사항은 2024년 1월 1일 이후 최초로 시작되는 회계연도부터 적용되며, 동 개정사항에는 최초로 적용하는 회계연도에 대한 구체적인 경과 규정을 포함합니다. 또한 조기적용이 허용됩니다.\n- 기업회계기준서 제1001호 \'재무제표 표시\' (2020년 개정) - 부채의 유동-비유동 분류\n\xa0\n동 개정사항은 유동부채와 비유동부채의 분류는 보고기간말에 존재하는 기업의 권리에 근거한다는 점을 명확히 하고 기업이 부채의 결제를 연기할 수 있는 권리를 행사할지 여부에 대한 기대와는 무관하다는 점을 강조합니다. 그리고 보고기간말에 차입약정을 준수하고 있다면 해당 권리가 존재한다고 설명하고 결제는 현금, 지분상품, 그 밖의 자산 또는 용역을 거래상대방에게 이전하는 것으로 그 정의를 명확히 합니다.\xa0\n동 개정사항은 2024년 1월 1일 이후 최초로 시작하는 회계연도의 개시일 이후 소급적으로 적용되며 조기적용이 허용됩니다. 동 개정사항을 조기적용하는 경우에는 2023년 개정사항도 조기적용 하여야 합니다. \n- 기업회계기준서 제1116호 \'리스\' (개정) - 판매후리스에서 발생하는 리스부채\n\xa0\n동 개정사항은 기업회계기준서 제1115호 \'고객과의 계약에서 생기는 수익\'을 적용하여 판매로 회계처리 되는 판매후리스에 대하여 후속측정 요구사항을 추가하였습니다. 동 개정사항은 리스개시일 후에 판매자-리스이용자가 계속 보유하는 사용권에 대해서는 판매자-리스이용자가 어떠한 차손익도 인식하지 않는 방식으로 \'리스료\'나 \'수정 리스료\'를 산정하도록 요구합니다.\n\xa0\n동 개정사항은 2024년 1월 1일 이후 최초로 시작되는 회계연도부터 적용되며, 조기적용이 허용됩니다.\n\xa0\n- 기업회계기준서 제1001호 \'재무제표 표시\'(2023년 개정) - 가상자산 공시\n\xa0\n동 개정사항은 가상자산 관련 거래에 대해 다른 기준서에서 요구하는 공시요구사항에 추가하여, ① 가상자산을 보유하는 경우, ② 가상자산을 고객을 대신하여 보유하는 경우, ③ 가상자산을 발행하는 경우로 각각 구분하여 각 경우별로 공시해야 할 사항을 규정합니다.\n가상자산을 보유하는 경우 가상자산의 일반정보, 적용한 회계정책, 가상자산별 취득경로와 취득원가 및 당기말 공정가치 등에 대한 정보를 공시해야 합니다. 또한 가상자산을 발행한 경우 발행한 가상자산과 관련된 기업의 의무 및 의무이행상황, 매각한 가상자산의 수익인식시기 및 금액, 발행 후 보유 중인 가상자산의 수량과 중요한 계약내용 등을 공시하여야 합니다.\n\xa0\n동 개정사항은 2024년 1월 1일 이후 최초로 시작되는 회계연도부터 적용하되 조기적용이 허용됩니다.\xa0\n연결실체는 상기에 열거된 제ㆍ개정사항이 재무제표에 미치는 영향이 중요하지 않을 것으로 판단하고있습니다. \n(4) 대손충당금 설정현황1) 계정과목별 대손충당금 설정 내역 \xa0\n(단위: 백만원)\n구 분\n계정과목\n채권총액\n대손충당금\n대손충당금 설정율\n제53기(2023.12.31)\xa0\n매출채권\n437,949\n-1,354\n0.3%\n미수금\n172,429\n-3,788\n2.2%\n기타수취채권\n214,589\n-\n-\n기타장기수취채권\n732,727\n-17\n0.0%\n리스채권\n423,403\n-\n-\n합계\n1,981,097\n-5,159\n0.3%\n제52기(2022.12.31)\xa0\n매출채권\n340,396\n-4,361\n1.3%\n미수금\n143,265\n-3,443\n2.4%\n기타수취채권\n15,379\n-\n-\n기타장기수취채권\n937,157\n-17\n0.0%\n리스채권\n460,992\n-\n-\n합계\n1,897,189\n-7,821\n0.4%\n제51기(2021.12.31)\xa0\n매출채권\n220,714\n-3,408\n1.5%\n미수금\n120,539\n-3,548\n2.9%\n기타수취채권\n215,934\n-\n-\n기타장기수취채권\n928,488\n-1,429\n0.2%\n리스채권\n496,671\n-\n-\n합계\n1,982,346\n-8,385\n0.4%\n2) 대손충당금 변동 현황\n(단위: 백만원)\n구 \xa0분\n제53기 (2023년)\n제52기(2022년)\n제51기(2021년)\n1. 기초 대손충당금 잔액 합계\n7,821\n8,385\n10,458\n2. 순대손처리액(①-②±③)\n-930\n-1,688\n-5,065\n\xa0 ① 대손처리액(상각채권액)\n-930\n-1,688\n-4,980\n\xa0 ② 상각채권회수액\n-\n\xa0 ③ 기타증감액\n-85\n3. 대손상각비 계상(환입)액\n-1,716\n1,124\n577\n4. 사업결합으로 인한 증감\xa0\n-\n-\n2,415\n5. 연결범위 변동\n-16\n-\n-\n6. 기말 대손충당금 잔액합계\n5,159\n7,821\n8,385\n3) 매출채권 관련 대손충당금 설정 방식\xa0재무상태표 현재의 매출채권 잔액에 대하여 과거의 2년간 가중평균 채무불이행률과 대손예상액을 기초로 대손충당금을 설정합니다.① 가중평균 채무불이행률 : 과거 2년간 매 분기말 사업부별, 채권별 구간별(3개월) 잔액을 기준으로 가중평균 채무불이행율을 구하고 결산시점 매출채권과 기타채권 잔액에 대해 개별 가중평균 채무불이행율을 설정하고 있습니다.② 대손예상액: 채무자의 파산, 강제집행, 사망, 실종등으로 회수가 불투명한 채권의경우 회수가능성, 담보설정여부등을 고려하여 0%~100%의 대손 추정액을 설정하며 이외 매출채권과 기타채권의 경우 가중평균 채무불이행율을 적용하여 0%~100%의 대손추정액을 설정하고 있습니다.\n4) 2023년 말 현재 경과기간별 매출채권 및 미수금 잔액 현황\n(단위: 백만원)\n구 \xa0분\n6월 이하\n6월 초과1년 이하\n1년 초과\n계\n금 액\n일반\n437,172\n\xa0 \xa0 \xa0 \xa0 \xa0 \xa0 147\n630\n437,949\n특수관계자\n169,348\n\xa0 \xa0 \xa0 \xa0 \xa0 \xa0 \xa0507\n\xa0 \xa02,575\n172,429\n합 계\n606,520\n654\n3,205\n610,379\n구성비율\n99.37%\n0.11%\n0.53%\n100%\n주1) 대손충당금 차감전 매출채권 및 미수금을 합한 금액입니다.\n(5) 재고자산 현황 등 1) 재고자산의 사업부문별 보유현황\xa0\n(단위: 백만원)\n사업부문\n회사명\n계정과목\n제53기 (2023.12.31)\n제52기 (2022.12.31)\n제51기 (2021.12.31)\n편의점\n㈜GS리테일\n상 \xa0 품\n7,914\n6,663\n6,001\n저장품\n-\n-\n-\n원재료\n-\n-\n-\n소 \xa0 계\n7,914\n6,663\n6,001\n수퍼\n㈜GS리테일\n상 \xa0 품\n20,135\n25,788\n24,360\n저장품\n263\n-\n-\n원재료\n-\n-\n-\n소 \xa0 계\n20,398\n25,788\n24,360\n홈쇼핑\n㈜GS리테일\n상 \xa0 품\n26,766\n29,442\n31,313\n저장품\n163\n95\n360\n원재료\n-\n-\n-\n소 \xa0 계\n26,929\n29,537\n31,673\n호텔\n파르나스호텔 ㈜\n상 \xa0 품\n302\n337\n201\n저장품\n43\n50\n62\n원재료\n1,146\n1,150\n870\n소 \xa0 계\n1,491\n1,537\n1,132\n공통 및 기타\n㈜GS리테일㈜후레쉬서브PT.GS Retail IndonesiaGS네트웍스 등\n상 \xa0 품\n244,808\n162,005\n128,260\n저장품\n7\n87\n92\n원재료\n2,742\n1,345\n1,523\n소 \xa0 계\n247,557\n163,437\n129,875\n합 계\n상 \xa0 품\n299,925\n224,235\n190,135\n저장품\n476\n232\n514\n원재료\n3,888\n2,495\n2,392\n합 \xa0 계\n304,289\n226,962\n193,041\n총자산대비 재고자산 구성비율(%)[재고자산합계÷기말자산총계×100]\n3.03%\n2.3%\n2.7%\n재고자산회전율(회수)\n[연환산 매출원가÷{(기초재고+기말재고)÷2}]\n\xa033회\xa0\n40회 주1)\n40회 주1)\n주1) 중단영업 분류 전 매출원가를 기준으로 산출된 회전율입니다. \n2) 재고자산의 실사내역 등\n(가) 재고실사매월 자체 재고조사가 실시되고 있으며, 독립적인 외부회계감사인의 입회 하에 실시하는 것은 매년 말 재고조사 1회에 한함.\n(나) 조사방법전수조사를 기본으로 재고조사를 실시함.(다) 장기체화재고 등 현황 \xa0 당사는 재고자산 관리규정에 따라 장기체화재고, 손상재고 등에 대하여 평가를 하고 있으며 당 \xa0기말 평가손실누계액은 15,410백만원 입니다. \n(2023년 12월 31일)\n(단위: 백만원)\n계정과목\n취득원가\n보유금액\n당기평가손익\n기말잔액\n재고자산\n319,699\n319,699\n-15,410\n304,289\n주) 취득원가, 보유금액: 재고자산의 총금액\n(6) 사업결합 \n1) (주)GS홈쇼핑 흡수합병 및 종속회사에 대한 지배력 획득\n① \xa0당사는 2021년 7월 1일을 합병기준일로 하여 (주)GS홈쇼핑을 흡수합병하였습니다. 이에 따라 당사는 (주)GS홈쇼핑이 보유한 (주)지에스텔레서비스, GSLL, Inc.의 지분을 취득하여 지배력을 획득하였습니다.\n구 \xa0분\n주 요 내 용\n피합병법인\n(주)GS홈쇼핑 (대표자:김호성)\n합병의 목적\nDigital Tech 진화, 소비형태 변화 등 급변하는 경영환경에 대응하여 고객의 라이프 스타일을 선도하는 온·오프라인 통합 커머스 플랫폼 기업으로 성장함으로써 기업가치 및 주주가치를 제고하고자 함.\n합병비율\n피합병법인 보통주식 1주당 지배기업의 보통주식 4.2236834주 교부\n합병신주의 종류와 수\n보통주식\n27,717,922주\n합병 일정\n합병 기일\n2021년 07월 01일\n종료보고 총회일\n2021년 07월 01일\n합병 등기일\n2021년 07월 01일\n합병신주의 상장일\n2021년 07월 16일\n② 동 사업결합 거래와 관련하여 이전대가와 취득일의 취득자산과 인수부채의 공정가치 및 비지배지분은 다음과 같습니다.\n(단위: 백만원)\n구 \xa0 \xa0 분\n(주)GS홈쇼핑\n(주)지에스텔레서비스\n(주)텐바이텐\nGSLL, Inc\n합계\n이전대가 \xa0주1), 주2)\n973,337\n취득한 자산과 인수한 부채의 계상액\n\xa0유동자산\n688,888\n4,027\n9,836\n8,458\n711,209\n\xa0비유동자산 \xa0주3)\n1,247,279\n3,065\n7,293\n39,756\n1,297,393\n자산총계\n1,936,167\n7,092\n17,129\n48,214\n2,008,602\n\xa0유동부채\n284,243\n3,743\n11,738\n57\n299,781\n\xa0비유동부채\n117,551\n1,224\n2,620\n-\n121,395\n부채총계\n401,794\n4,967\n14,358\n57\n421,176\n식별가능 순자산의 공정가치\n1,534,373\n2,125\n2,771\n48,157\n1,587,426\n비지배지분\n-\n-\n-741\n-\n-741\n투자차액(염가매수차익) \xa0주4)\n613,348\n주1) 인수대가인 발행 보통주식 27,717,922주 및 인수 자기주식 2,534,564주의 공정가치는 취득일 전일의 종가로 측정하였습니다. 주2) (주)지에스텔레서비스 등 3개 회사에 대한 이전대가는 (주)GS홈쇼핑이 보유하던지분의 공정가치와 같습니다.주3) 사업결합으로 새롭게 식별한 식별가능 무형자산이 포함되어 있습니다.주4) 손익계산서상 기타수익항목에 표시하고 있습니다.③ 취득일 이후 6개월 동안 당사는 (주)GS홈쇼핑, (주)지에스텔레서비스, (주)텐바이텐, GSLL, Inc.을 통해 637,614백만원의 매출액과 65,366백만원의 당기순이익을 인식하였습니다. 경영진은 (주)GS홈쇼핑에 대한 취득이 연차보고기간의 개시일인 2021년 1월 1일에 이루어졌다고 가정할 경우, 연결실체의 매출액은 10,391,039백만원, 당기순이익은 921,041백만원이 발생하였을 것으로 추정하고 있습니다. 이 추정금액은 취득일에 잠정적으로 조정한 공정가치 조정금액이 2021년 1월 1일에도 동일하였을 것으로 가정하여 계산된 금액입니다.\n2) (주)더식스데이 흡수합병① 당사는 2021년 12월 29일자로 (주)어바웃펫을 존속회사로 하고, (주)더식스데이를 소멸회사로 하는 합병을 완료하였으며 주요 내용은 다음과 같습니다.\r\n구 \xa0분\n주 요 내 용\n피합병법인\n(주)더식스데이 (대표자:구원회)\n합병의 목적\n(주)어바웃펫의 반려동물 통합플랫폼에서 커머스 영역의 경쟁력 강화.\n합병비율\n피합병법인 보통주식 1주당 연결실체의 보통주식 12.1705829주 교부\n합병신주의 종류와 수\n보통주식\n97,340주\n합병 일정\n합병 기일\n2021년 12월 28일\n종료보고 총회 갈음 이사회 결의일\n2021년 12월 28일\n합병 등기일\n2021년 12월 29일\n3) (주)쿠캣에 대한 지배력 획득\xa0전기 중 당사는 관계기업인 (주)쿠캣의 발행주식 총수의 32.03%를 취득하여,2021년 12월 31일 (주)쿠캣에 대한 지분율은 39.65%입니다. 당사는 주주간 계약서를 통해 피투자회사에 대한 사실상 지배력을 획득하고 있습니다. 2023년 당기말 기준 당사의 (주)쿠캣 지분율은 47.04%입니다.\xa0\r\n(단위 : 백만원)\n구 \xa0 \xa0 분\n금액\n이전대가\n\xa0 기보유한 피취득기업 지분상품의 공정가치\n3,477\n\xa0 취득일에 지급한 현금\n28,330\n이전대가 총계\n31,807\n취득한 자산과 인수한 부채의 계상액\n\xa0 유동자산\n16,184\n\xa0 비유동자산(*)\n13,095\n자 \xa0 \xa0 \xa0 산 \xa0 \xa0 \xa0 총 \xa0 \xa0 \xa0 계\n29,279\n\xa0 유동부채\n31,051\n\xa0 비유동부채\n38,558\n부 \xa0 \xa0 \xa0 채 \xa0 \xa0 \xa0 총 \xa0 \xa0 \xa0 계\n69,609\n식별가능 순자산의 공정가치\n-40,330\n비지배지분\n-18,963\n투자차손(영업권)\n53,174\n(*) 사업결합으로 새롭게 식별한 식별가능무형자산이 포함되어 있습니다.\n4) (주)퍼스프에 대한 지배력 획득① 전기 중 당사는 (주)퍼스프의 보통주 1,116,000주(지분율 90.0%)를 신규 취득하였습니다. 이에 따라 당사는 2021년 12월 31일에 (주)퍼스프에 대한 지배력을 획득하였습니다. 또한, ㈜퍼스프는 2023년 8월 3일 주주총회 의결을 통해 상호명을 농업회사법인 ㈜퍼스프에서 ㈜퍼스프로 변경하였습니다. 사업보고서 제출일(2023년 12월 31일) 기준 (주)퍼스프에 대한 지분율은 100%입니다.(7) 중단영업\n1) 중단영업의 내용\n① (주)케이엠파크\n연결실체는 전기 중 종속회사 (주)케이엠파크의 지분 매각을 완료하였습니다. 전기의 중단영업손익에는 2022년 6월 매각 시점까지의 손익이 포함되어 있습니다.\n② (주)텐바이텐\n연결실체는 당기 중 종속회사 (주)텐바이텐의 지분 매각을 완료하였습니다. 당기 및 전기의 중단영업손익에는 2023년 12월 매각 시점까지의 손익이 포함되어 있습니다.\n③ 헬스 앤 뷰티(H&B) 사업부문\n연결실체는 경영상 효율성 증대를 위해 보고기간말 현재 헬스 앤 뷰티(H&B) 사업부문 영업을 중단하였습니다. 중단영업 손익만 구분하여 전기 포괄손익계산서를 재작성하였습니다.\n④ 디지털(Fresh Mall) 사업부문\n연결실체는 경영상 효율성 증대를 위해 보고기간말 현재 디지털(Fresh Mall) 사업부문 영업을 중단하였습니다. 중단영업 손익만 구분하여 전기 포괄손익계산서를 재작성하였습니다.\n2) 중단영업손익당기 및 전기 연결포괄손익계산서에 포함된 중단영업손익은 아래와 같습니다.\n① 제 53(당) 기\xa0\n(단위 : 백만원)\n구 \xa0분\n(주)지에스리테일의 H&B사업\n(주)지에스리테일의 디지털사업\n(주)텐바이텐\n합계\n매출액\n173\n51,396\n29,212\n80,781\n매출원가\n-\n(38,402)\n(13,584)\n(51,986)\n매출총이익(손실)\n173\n12,994\n15,628\n28,795\n\xa0판매비와관리비\n(49)\n(60,074)\n(21,348)\n(81,471)\n\xa0매출채권및기타채권 손상차손환입(손상차손)\n-\n-\n(66)\n(66)\n영업이익\n124\n(47,080)\n(5,786)\n(52,742)\n\xa0영업외손익\n71\n(30,590)\n237\n(30,282)\n법인세차감전순이익\n195\n(77,670)\n(5,549)\n(83,024)\n\xa0법인세비용\n(45)\n17,942\n-\n17,897\n법인세비용 차감 후 순이익\n150\n(59,728)\n(5,549)\n(65,127)\n\xa0중단영업 매각이익\n-\n-\n2,702\n2,702\n\xa0중단영업 매각이익에 대한 법인세비용\n-\n-\n862\n862\n당기순이익\n150\n(59,728)\n(1,985)\n(61,563)\n② 제 52(전) 기\n(단위 : 백만원)\n구 \xa0분\n(주)지에스리테일의 H&B사업\n(주)지에스리테일의 디지털사업\n(주)케이엠파크\n(주)텐바이텐\n합계\n매출액\n26,530\n159,626\n27,984\n34,909\n249,049\n매출원가\n(17,168)\n(143,108)\n(8,550)\n(14,267)\n(183,093)\n매출총이익(손실)\n9,362\n16,518\n19,434\n20,642\n65,956\n\xa0판매비와관리비\n(19,319)\n(127,160)\n(6,962)\n(25,055)\n(178,496)\n\xa0매출채권및기타채권 손상차손환입(손상차손)\n(19)\n1\n5\n-\n(13)\n영업손실\n(9,976)\n(110,641)\n12,477\n(4,413)\n(112,553)\n\xa0영업외손익\n(1,631)\n(21,480)\n(967)\n(105)\n(24,183)\n법인세차감전순이익\n(11,607)\n(132,121)\n11,510\n(4,518)\n(136,736)\n\xa0법인세비용\n2,809\n32,525\n(2,785)\n10\n32,559\n법인세비용 차감 후 영업이익\n(8,798)\n(99,596)\n8,725\n(4,508)\n(104,177)\n\xa0중단영업 매각이익\n-\n-\n4,871\n-\n4,871\n\xa0중단영업 매각이익에 대한 법인세비용\n-\n-\n(1,183)\n-\n(1,183)\n당기순이익\n(8,798)\n(99,596)\n12,413\n(4,508)\n(100,489)\n3) 중단영업에서 발생한 현금흐름① 제 53(당) 기\r\n(단위 : 백만원)\n구분\n(주)지에스리테일의H&B사업\n(주)지에스리테일의디지털사업\n(주)텐바이텐\n합계\n영업활동 현금흐름\n868\n(56,569)\n(2,189)\n(57,890)\n투자활동 현금흐름\n1,520\n(218)\n2,159\n3,461\n재무활동 현금흐름\n(2,393)\n56,505\n(153)\n53,959\n중단사업으로 인한 현금흐름\n(5)\n(282)\n(183)\n(470)\n② 제 52(전) 기\n(단위 : 백만원)\n구분\n(주)지에스리테일의H&B사업\n(주)지에스리테일의디지털사업\n(주)케이엠파크\n(주)텐바이텐\n합계\n영업활동 현금흐름\n(153)\n(71,241)\n12,247\n(7,637)\n(66,784)\n투자활동 현금흐름\n22,581\n(9,564)\n(2,089)\n(280)\n10,648\n재무활동 현금흐름\n(22,504)\n80,863\n(9,482)\n(970)\n47,907\n중단사업으로 인한 현금흐름\n(76)\n58\n676\n(8,887)\n(8,229)\n4) 중단영업의 처분으로 인한 연결실체의 재무상태 변동\xa0\n(단위 : 백만원)\n구 \xa0 \xa0 분\n제 53(당) 기\n유형 및 무형자산\n955\n사용권자산\n1,566\n재고자산\n2,602\n매출채권및기타채권\n5,790\n기타유동자산\n1,096\n당기법인세자산\n10\n현금및현금성자산\n201\n매입채무및기타채무\n9,421\n차입금및사채\n910\n금융리스부채\n1,581\n순확정급여부채\n66\n충당부채\n233\n기타부채\n739\n비지배지분\n(27)\n순자산감소\n(703)\n처분대가\n2,000\n처분된 현금및현금성자산\n201\n순현금유입액\n1,799\n']"
