text
"['\n3. 연결재무제표 주석\n1. 회사의 개요\n동일산업주식회사(이하 ""당사""라 함)는 1966년 주강, 특수강 및 합금철 등의 제조를 목적으로 상호를 동일철강공업주식회사로 하여 설립된 후 1987년 7월 30일자로 동일전공주식회사를 흡수합병하여 상호를 동일산업주식회사로 변경하였습니다. 그리고 1997년 10월 1일자로 주식회사 동일철강을 흡수합병하였습니다. 당사는 경상북도 포항시에 소재하고 있습니다.2017년 6월 30일로 종료하는 보고기간에 대한 반기연결재무제표는 당사와 당사의 종속기업(이하 통칭하여 ""연결실체""라 함)에 대한 지분으로 구성되어 있습니다. 연결실체 내 종속기업의 현황은 주석 4에서 설명하고 있습니다.당사는 2005년 6월 24일에 신주공모(공모금액: 17,520,000천원, 공모주식수: 730천주)를 통하여 2005년 6월 30일자로 주식을 유가증권시장에 상장하였으며, 보고기간말 현재 주요 주주현황은 다음과 같습니다.\n주 주 명\n주 식 수\n지 분 율\n오순택 외 5명\n1,091,775주\n45.02%\n자기주식\n256,513주\n10.57%\n기\xa0 타\n1,076,927주\n44.41%\n합\xa0 \xa0 계\n2,425,215주\n100.00%\n2. 재무제표 작성기준\n(1) 회계기준의 적용\n연결실체의 반기연결재무제표는 한국채택국제회계기준에 따라 작성되는 요약연결중간재무제표입니다. 동 재무제표는 기업회계기준서 제1034호 \'중간재무보고\'에 따라 작성되었으며, 연차연결재무제표에서 요구되는 정보에 비하여 적은 정보를 포함하고 있습니다.\xa0선별적 주석에는 직전 연차 보고기간말 후 발생한 연결실체의 재무상태와 경영성과의 변동을 이해하는데 유의적인 거래나 사건에 대한 설명을 포함하고 있습니다.\n(2) 추정과 판단\n① 경영진의 판단 및 가정과 추정의 불확실성한국채택국제회계기준은 연결중간재무제표를 작성함에 있어서 회계정책의 적용이나, 중간보고기간말 현재 자산, 부채 및 수익, 비용의 보고금액에 영향을 미치는 사항에 대하여 경영진의 최선의 판단을 기준으로 한 추정치와 가정의 사용을 요구하고 있습니다. 중간보고기간말 현재 경영진의 최선의 판단을 기준으로 한 추정치와 가정이 실제환경과 다를 경우 이러한 추정치와 실제 결과는 다를 수 있습니다.반기연결재무제표에서 사용된 연결실체의 회계정책 적용과 추정금액에 대한 경영진의 판단은 2017년 12월 31일로 종료되는 회계연도의 연차연결재무제표와 동일한 회계정책과 추정의 근거를 사용하였습니다.② 공정가치 측정연결실체는 공정가치평가 정책과 절차를 수립하고 있습니다. 동 정책과 절차에는 공정가치 서열체계에서 수준 3으로 분류되는 공정가치를 포함한 모든 유의적인 공정가치 측정의 검토를 책임지는 평가부서의 운영을 포함하고 있으며, 그 결과는 재무담당임원에게 직접 보고되고 있습니다.\n평가부서는 정기적으로 관측가능하지 않은 유의적인 투입변수와 평가 조정을 검토하고 있습니다. 공정가치 측정에서 중개인 가격이나 평가기관과 같은 제3자 정보를 사용하는 경우, 평가부서에서 제3자로부터 입수한 정보에 근거한 평가가 공정가치 서열체계 내 수준별 분류를 포함하고 있으며 해당 기준서의 요구사항을 충족한다고 결론을 내릴 수 있는지 여부를 판단하고 있습니다. 연결실체는 유의적인 평가 문제를 감사위원회에 보고하고 있습니다.자산이나 부채의 공정가치를 측정하는 경우, 연결실체는 최대한 시장에서 관측가능한 투입변수를 사용하고 있습니다. 공정가치는 다음과 같이 가치평가기법에 사용된 투입변수에 기초하여 공정가치 서열체계 내에서 분류됩니다.\n수준1\n측정일에 동일한 자산이나 부채에 대한 접근 가능한 활성시장의 조정되지 않은 공시가격\n수준2\n수준 1의 공시가격 이외에 자산이나 부채에 대해 직접적으로 또는 간접적으로 관측 가능한 투입변수\n수준3\n자산이나 부채에 대한 관측 가능하지 않은 투입변수\n자산이나 부채의 공정가치를 측정하기 위해 사용되는 여러 투입변수가 공정가치 서열체계 내에서 다른 수준으로 분류되는 경우, 연결실체는 측정치 전체에 유의적인 공정가치 서열체계에서 가장 낮은 수준의 투입변수와 동일한 수준으로 공정가치 측정치 전체를 분류하고 있으며, 변동이 발생한 보고기간말에 공정가치 서열체계의 수준간 이동을 인식하고 있습니다.공정가치 측정 시 사용된 가정의 자세한\xa0정보는\xa0주석 23에 포함되어 있습니다.\n3. 유의적인 회계정책연결실체는 다음에서 설명하고 있는 사항을 제외하고는, 2018년 12월 31일로 종료하는 회계연도의 연차재무제표를 작성할 때에 적용한 것과 동일한 회계정책을 적용하고 있습니다.\xa0다음에서 설명하고 있는 회계정책의 변경사항은 2019년 12월 31일로 종료하는 회계연도의 연차재무제표에도 반영될 것입니다.\n(1) 연결실체가 채택한 제ㆍ개정 기준서\n- 기업회계기준서 제1116호 \'리스\' 제정2017년 5월 22일 제정된 기업회계기준서 제1116호 \'리스\'는 2019년 1월 1일 이후 최초로 시작되는 회계연도부터 적용하되 조기 적용할 수도 있습니다. 동 기준서는 현행 기업회계기준서 제1017호 \'리스\', 기업회계기준해석서 제2104호 \'약정에 리스가 포함되어 있는지의 결정\', 기업회계기준해석서 제2015호 \'운용리스 : 인센티브\', 기업회계기준해석서 제2027호 \'법적 형식상의 리스를 포함하는 거래의 실질에 대한 평가\'를 대체할 예정입니다.\n연결실체는 계약의 약정 시점에, 계약 자체가 리스인지, 계약이 리스를 포함하는지를판단하며, 최초 적용일에도 동 기준서에 따라 계약이 리스인지, 리스를 포함하고 있는지를 식별합니다. 다만, 연결실체는 최초 적용일 이전 계약에 대해서는 실무적 간편법을 적용하여 모든 계약에 대해 다시 판단하지 않을 수 있습니다.\n리스이용자 및 리스제공자는 리스계약이나 리스를 포함하는 계약에서 계약의 각 리스요소를 리스가 아닌 요소(이하 \'비리스요소\'라고 함)와 분리하여 리스로 회계처리해야 합니다. 리스이용자는 기초자산을 사용할 권리를 나타내는 사용권자산(리스자산)과 리스료를 지급할 의무를 나타내는 리스부채를 인식해야 합니다. 다만, 단기리스(리스개시일에 리스기간이 12개월 이하인 리스)와 소액자산(예 : 기초자산 $5,000 이하) 리스의 경우 동 기준서의 예외규정을 선택할 수 있습니다. 또한, 리스이용자는 실무적 간편법으로 비리스요소를 리스요소와 분리하지 않고 각 리스요소와 관련 비리스요소를 하나의 리스요소로 회계처리하는 방법을 기초자산의 유형별로 선택하여 적용할 수 있습니다.\n1) 리스이용자로서의 회계처리리스이용자는 기업회계기준서 제1008호 \'회계정책, 회계추정의 변경 및 오류\'에 따라 표시되는 각 과거 보고기간에 소급 적용하는 방법(완전 소급법)과, 최초 적용일에 최초 적용 누적효과를 인식하도록 소급 적용하는 방법(누적효과 일괄조정 경과조치) 중 하나의 방법으로 적용할 수 있습니다. 연결실체는 아직 그 적용방법을 선택하지 않았습니다.연결실체는 보고기간 종료일 현재 상황 및 입수 가능한 정보에 기초하여 기업회계기준서 제1116호 적용 시 2019년 연결재무제표에 미치는 영향을 평가 중에 있으며, 향후 추가적인 정보에 기초하여 보다 구체적인 재무적 영향을 연차연결재무제표에 공시할 예정입니다.\n2) 리스제공자로서의 회계처리리스제공자 회계처리는 현행 기업회계기준서 제1017호의 회계처리와 유의적으로 변동되지 않았습니다.\n(2) 다음의 제ㆍ개정기준서 및 해석서는 연결실체의 연결재무제표에 중요한 영향을 미치지 않을 것으로 판단됩니다.- 기업회계기준서 제1019호 \'종업원급여\' 개정- 기업회계기준서 제1028호 \'관계기업과 공동기업에 대한 투자\' 개정- 기업회계기준서 제1109호 \'금융상품\' 개정- 기업회계기준서 제1115호 \'고객과의 계약에서 생기는 수익\' 개정- 기업회계기준해석서 제2123호 \'법인세 처리의 불확실성\' 제정\n4. 종속기업\n당반기말과 전기말 현재 종속기업의 내역은 다음과 같습니다(단위:원).\n종속기업명\n주요 영업활동\n당반기말지분율\n전기말지분율\n디오토모티브주식회사(*)\n자동차부품 제조\n100%\n-\n삼성신탁 맞춤형(중기1호) 18-21485호 외 2건\nMoney Market Trust\n100%\n-\n삼성신탁 맞춤형(중기1호) 18-21107호 외 4건\nMoney Market Trust\n-\n100%\n(*) 당반기 중 (주)한화로부터 물적분할을 통해 설립된 법인으로 당사는 발행 주식의 100%를 취득하였습니다.상기의 Money Market Trust는 기업회계기준서 제1110호에 따른 연결재무제표 작성 대상에 포함된다고 판단하여 연결재무제표를 작성하였습니다.\n5. 영업부문(1) 부문에 대한 일반정보연결실체는 기업회계기준서 제1108호 \'영업부문\'에 따라 재화의 종류별로 영업부문을 구분하고 있으며, 각 세부 부문별로 수익을 창출하는 재화, 주요고객의 내역은 다음과 같습니다.\n구\xa0 분\n재\xa0 화\n주요고객\n봉강사업부\n환봉, 마환봉 및 특수강\n(주)네옴 외\n합금철사업부\n합금철\n(주)포스코, 현대제철(주) 외\n주조사업부\n주강 및 특수강\n두산인프라코어(주) 외\n자동차사업부\n자동차용 등속조인트 베어링 케이지 등\n현대위아(주) 외\n(2)\xa0연결실체의 당반기와 전반기의 보고부문에 대한 정보는 아래와 같습니다(단위:백만원).\n구\xa0 분\n봉강사업부\n합금철사업부\n주조사업부\n자동차사업부\n합\xa0 계\n당반기\n전반기\n당반기\n전반기\n당반기\n전반기\n당반기\n전반기\n당반기\n전반기\n매출액\n95,308\n105,914\n58,391\n68,718\n21,931\n23,548\n10,698\n-\n186,328\n198,180\n영업손익\n775\n2,626\n(544)\n9,092\n2,021\n1,892\n1,007\n-\n3,259\n13,610\n자산\n187,721\n191,150\n159,863\n164,913\n49,434\n47,687\n54,825\n-\n451,843\n403,750\n부채\n24,235\n26,751\n11,424\n16,148\n7,093\n7,275\n13,213\n-\n55,965\n50,174\n(3) 당반기와 전반기의 지역별 매출현황은 다음과 같습니다(단위:원).\n구\xa0 분\n당반기\n전반기\n국\xa0 내\n162,897,284,420\n177,553,015,118\n국\xa0 외\n23,430,548,612\n20,626,843,664\n합\xa0 계\n186,327,833,032\n198,179,858,782\n6. 매출채권및수취채권당반기말과 전기말 현재 매출채권및수취채권과 장기매출채권및수취채권의 상세내역은 다음과 같습니다(단위:원).\n구\xa0\xa0 분\n당반기말\n전기말\n매출채권및수취채권\n\xa0\xa0 매출채권\n76,405,345,638\n56,805,318,412\n\xa0\xa0 대손충당금\n(712,368,286)\n(704,410,535)\n\xa0\xa0 미수금\n275,256,238\n178,701,552\n\xa0\xa0 대손충당금\n(3,024,674)\n(2,466,356)\n\xa0\xa0 미수수익\n253,404,359\n193,966,570\n소\xa0\xa0 계\n76,218,613,275\n56,471,109,643\n장기매출채권및수취채권\n\xa0\xa0 보증금\n145,048,780\n135,048,780\n\xa0\xa0 장기매출채권\n3,538,889,305\n3,616,770,162\n\xa0\xa0 대손충당금\n(3,503,892,805)\n(3,581,773,662)\n소\xa0\xa0 계\n180,045,280\n170,045,280\n합\xa0\xa0 계\n76,398,658,555\n56,641,154,923\n7. 재고자산\n(1) 당반기말과 전기말 현재 재고자산 내역은 다음과 같습니다(단위:원).\n구\xa0 분\n당반기말\n전기말\n취득원가\n평가손실충당금\n장부금액\n취득원가\n평가손실충당금\n장부금액\n상품\n2,713,181,473\n(52,257,173)\n2,660,924,300\n1,478,131,274\n(4,087,445)\n1,474,043,829\n제품\n40,884,460,904\n(1,906,029,254)\n38,978,431,650\n37,147,376,775\n(1,690,556,181)\n35,456,820,594\n재공품\n15,552,333,907\n(1,620,404,817)\n13,931,929,090\n11,815,391,862\n(1,596,596,821)\n10,218,795,041\n부산물\n773,276,278\n(62,968,271)\n710,308,007\n561,170,292\n(70,752,150)\n490,418,142\n원재료\n24,435,945,853\n(1,307,127,122)\n23,128,818,731\n23,434,395,229\n(1,384,701,910)\n22,049,693,319\n부재료\n2,147,465,502\n-\n2,147,465,502\n2,165,403,942\n-\n2,165,403,942\n저장품\n1,725,736,145\n-\n1,725,736,145\n1,807,015,868\n-\n1,807,015,868\n미착재료\n962,231,244\n-\n962,231,244\n4,801,512,718\n-\n4,801,512,718\n합\xa0 계\n89,194,631,306\n(4,948,786,637)\n84,245,844,669\n83,210,397,960\n(4,746,694,507)\n78,463,703,453\n(2) 당반기와 전기 중 재고자산과 관련하여 인식한 평가손실은 다음과 같습니다(단위:원).\n구\xa0 분\n당반기\n전\xa0 기\n매출원가\n\xa0\xa0 재고자산평가손실(환입)\n202,092,130\n935,777,946\n8. 기타유동자산당반기말과 전기말 현재 기타유동자산의 상세내역은 다음과 같습니다(단위:원).\n구\xa0 분\n당반기말\n전기말\n선급금\n71,244,154\n3,808,699,704\n선급비용\n273,236,487\n232,324,906\n부가세대급금\n1,386,008,193\n-\n합\xa0 계\n1,730,488,834\n4,041,024,610\n9. 유형자산(1) 당반기 중 유형자산의 증감내역은 다음과 같습니다(단위:원).\r\n구\xa0 분\n토\xa0 지\n건\xa0 물\n구축물\n기계장치\n차량운반구\n기타의유형자산\n건설중인자산\n합\xa0 계\n기초 취득원가\n26,133,419,807\n26,971,643,105\n9,233,510,021\n126,759,880,627\n397,293,023\n6,623,877,057\n35,850,000\n196,155,473,640\n기초 감가상각누계액\n-\n(13,099,401,148)\n(5,211,056,090)\n(100,855,110,397)\n(94,179,539)\n(5,704,160,025)\n-\n(124,963,907,199)\n기초 정부보조금\n-\n-\n-\n(515,221,168)\n-\n(1,000)\n-\n(515,222,168)\n기초 장부가액\n26,133,419,807\n13,872,241,957\n4,022,453,931\n25,389,549,062\n303,113,484\n919,716,032\n35,850,000\n70,676,344,273\n취득(*)\n-\n858,000\n1,760,000\n14,693,703,708\n31,000,627\n1,252,084,627\n4,076,558,785\n20,055,965,747\n처분\n-\n-\n-\n(12,158,522)\n(6,227,345)\n-\n-\n(18,385,867)\n감가상각\n-\n(475,372,491)\n(171,499,347)\n(3,848,286,143)\n(42,401,826)\n(268,007,716)\n-\n(4,805,567,523)\n기타증감액\n-\n-\n-\n1,059,674,785\n-\n641,060,000\n(1,700,734,785)\n-\n기말 장부가액\n26,133,419,807\n13,397,727,466\n3,852,714,584\n37,282,482,890\n285,484,940\n2,544,852,943\n2,411,674,000\n85,908,356,630\n기말 취득원가\n26,133,419,807\n26,972,501,105\n9,235,270,021\n152,660,004,485\n450,743,623\n9,710,034,741\n2,411,674,000\n227,573,647,782\n기말 감가상각누계액\n-\n(13,574,773,639)\n(5,382,555,437)\n(114,890,888,429)\n(165,258,683)\n(7,165,180,798)\n-\n(141,178,656,986)\n기말 정부보조금\n-\n-\n-\n(486,633,166)\n-\n(1,000)\n-\n(486,634,166)\n(*) 사업결합으로 인한 취득이 포함되어 있습니다.\n(2) 전기 중 유형자산의 증감내역은 다음과 같습니다(단위:원).\n구\xa0 분\n토\xa0 지\n건\xa0 물\n구축물\n기계장치\n차량운반구\n기타의유형자산\n건설중인자산\n합\xa0 계\n기초 취득원가\n26,133,419,807\n26,851,643,105\n9,233,510,021\n120,852,219,150\n438,543,011\n6,108,396,430\n664,784,395\n190,282,515,919\n기초 감가상각누계액\n-\n(12,152,679,641)\n(4,868,097,185)\n(95,067,788,584)\n(46,030,456)\n(5,576,691,719)\n-\n(117,711,287,585)\n기초 정부보조금\n-\n-\n-\n(22,126,334)\n-\n(1,000)\n-\n(22,127,334)\n기초 장부가액\n26,133,419,807\n14,698,963,464\n4,365,412,836\n25,762,304,232\n392,512,555\n531,703,711\n664,784,395\n72,549,101,000\n취득\n-\n120,000,000\n-\n479,712,553\n2,408,007\n276,750,000\n5,973,407,332\n6,852,277,892\n처분\n-\n-\n-\n519,708,300\n9,185,296\n50,000\n-\n528,943,596\n감가상각\n-\n946,721,507\n342,958,905\n6,596,579,036\n82,621,782\n227,209,793\n-\n8,196,091,023\n기타증감액\n-\n-\n-\n6,263,819,613\n-\n338,522,114\n(6,602,341,727)\n-\n기말 장부가액\n26,133,419,807\n13,872,241,957\n4,022,453,931\n25,389,549,062\n303,113,484\n919,716,032\n35,850,000\n70,676,344,273\n기말 취득원가\n26,133,419,807\n26,971,643,105\n9,233,510,021\n126,759,880,627\n397,293,023\n6,623,877,057\n35,850,000\n196,155,473,640\n기말 감가상각누계액\n-\n(13,099,401,148)\n(5,211,056,090)\n(100,855,110,397)\n(94,179,539)\n(5,704,160,025)\n-\n(124,963,907,199)\n기말 정부보조금\n-\n-\n-\n(515,221,168)\n-\n(1,000)\n-\n(515,222,168)\n10. 무형자산\n(1) 당반기말과 전기말 현재 무형자산의 내역은 다음과 같습니다(단위:원).\n구\xa0 분\n당반기말\n전기말\n취득원가\n4,389,742,444\n931,609,235\n상각누계액\n(89,769,994)\n-\n손상차손누계액\n(18,023,257)\n(18,023,257)\n장부가액\n4,281,949,193\n913,585,978\n보유 중인 무형자산은 이를 이용할 수 있을 것으로 기대되는 기간이 예측가능하지 않아 당해 무형자산의 내용연수가 비한정인 것으로 평가하고 상각하지 아니하고 있습니다.\n(2) 당반기 및 전기 중 무형자산 장부가액의 변동 내역은 다음과 같습니다(단위:원).① 당반기\n구\xa0 분\n소프트웨어\n영업권\n기타의무형자산\n회원권\n합\xa0 계\n취득원가\n\xa0\xa0 기초\n-\n-\n-\n931,609,235\n931,609,235\n\xa0\xa0 취득(*)\n45,890,002\n2,093,412,222\n1,261,808,668\n-\n3,401,110,892\n\xa0\xa0 상각\n(6,459,996)\n-\n(26,287,681)\n-\n(32,747,677)\n\xa0\xa0 기말\n39,430,006\n2,093,412,222\n1,235,520,987\n931,609,235\n4,299,972,450\n손상차손누계액\n\xa0\xa0 기초\n-\n-\n-\n(18,023,257)\n(18,023,257)\n\xa0\xa0 기말\n-\n-\n-\n(18,023,257)\n(18,023,257)\n(*) 사업결합으로 인한 취득이 포함되어 있습니다.\n② 전기\n구\xa0 분\n회원권\n취득원가\n\xa0\xa0 기초\n1,044,029,235\n\xa0\xa0 처분\n(112,420,000)\n\xa0\xa0 기말\n931,609,235\n손상차손누계액\n\xa0\xa0 기초\n(18,023,257)\n\xa0\xa0 기말\n(18,023,257)\n11. 정부보조금연결실체는 2009년 9월 25일자로 생산정보화시스템(POP) 개선사업과 관련하여\xa0 \xa0\xa0 22,567천원(연결실체 부담금 : 39,575천원)을 수령하여 기타의유형자산(공구와기구 및 비품)을 구입하였으며, 2011년 6월 3일자로 TMS/Datalogger 장비와 관련하여\xa0\xa0 64,760천원(연결실체 부담금 : 30,240천원)을 수령하여 기계장치를 구입하였습니다.정부보조금은 당해 자산의 차감항목으로 표시하고 있습니다.\n당반기와 전기 중 현재 자산 취득에 사용된 정부보조금의 내역은 다음과 같습니다(단위:원).\n구\xa0 분\n당반기\n전\xa0 기\n기계장치\n기타의유형자산\n기계장치\n기타의유형자산\n자산\n\xa0\xa0 취득가액\n2,096,000,000\n62,142,000\n2,096,000,000\n62,142,000\n\xa0\xa0 상각액\n206,333,334\n62,140,000\n101,533,332\n62,140,000\n관련 정부보조금\n\xa0\xa0 자산 취득에 사용된 정부보조금\n571,760,000\n22,567,000\n571,760,000\n22,567,000\n\xa0\xa0 기초상계누계액\n56,538,832\n22,566,000\n42,633,666\n22,566,000\n\xa0\xa0 상계액\n28,588,002\n-\n13,905,166\n-\n\xa0\xa0 기말상계누계액\n85,126,834\n22,566,000\n56,538,832\n22,566,000\n12. 투자부동산(1) 당반기와 전기 중 투자부동산 장부금액의 변동내역은 다음과 같습니다(단위:원).\n과\xa0 목\n당반기\n전\xa0 기\n토\xa0 지\n건\xa0 물\n합\xa0 계\n토\xa0 지\n건\xa0 물\n합\xa0 계\n기\xa0 초\n3,034,545,616\n3,450,528,086\n6,485,073,702\n3,034,545,616\n3,547,385,662\n6,581,931,278\n상\xa0 각\n-\n48,428,790\n48,428,790\n-\n96,857,576\n96,857,576\n기\xa0 말\n3,034,545,616\n3,402,099,296\n6,436,644,912\n3,034,545,616\n3,450,528,086\n6,485,073,702\n(2) 당반기말과 전기말 현재 투자부동산으로 분류된 보유토지의 공시지가는 다음과 같습니다(단위:원).\n구\xa0 분\n소재지\n면적(㎡)\n장부가액\n공시지가\n당반기말\n전기말\n투자부동산\n대구시 수성구 달구벌대로 2503 외\n2,297.01\n3,034,545,616\n5,480,682,740\n5,254,249,399\n상기의 투자부동산은 장부가액이 공정가치의 근사치로 당반기말 현재 투자부동산의 공정가치 변동이 중요하지 않은 것으로 판단하여 공정가치평가를 수행하지 아니하였습니다.\n13. 판매보증충당부채\n당반기와 전기 중 판매보증충당부채 변동 내역은 다음과 같습니다(단위:원).\n구\xa0 분\n당반기\n전\xa0 기\n기\xa0 초\n329,829,705\n473,658,583\n증\xa0 가\n(144,040,153)\n(18,376,692)\n감\xa0 소\n(33,507,209)\n(125,452,186)\n기\xa0 말\n152,282,343\n329,829,705\n14. 자본금 및 자본잉여금과 기타자본구성요소\n(1) 당반기말과 전기말 현재 당사의 자본금 내역은 다음과 같습니다(단위:원).\n구\xa0\xa0 분\n당반기말\n전기말\n발행할 주식의 총수\n10,000,000주\n10,000,000주\n주당금액\n5,000\n5,000\n발행주식수\n2,425,215주\n2,425,215주\n보통주자본금\n12,126,075,000\n12,126,075,000\n(2) 당반기와 전기 중 당사의 발행주식수 변동은 다음과 같습니다(단위:주).\n구\xa0\xa0 분\n당반기\n전\xa0 기\n발행주식수\n자기주식\n유통주식수\n발행주식수\n자기주식\n유통주식수\n기초 발행주식수\n2,425,215\n(239,868)\n2,185,347\n2,425,215\n(239,333)\n2,185,882\n자기주식 취득\n-\n(16,645)\n-\n-\n(535)\n-\n기말 발행주식수\n2,425,215\n(256,513)\n2,168,702\n2,425,215\n(239,868)\n2,185,347\n(3) 당반기말과 전기말 현재 자본잉여금과 기타자본구성요소의 구성내역은 다음과 같습니다(단위:원).\n구\xa0 분\n당반기말\n전기말\n자본잉여금\n\xa0\xa0 주식발행초과금\n13,440,479,199\n13,440,479,199\n\xa0\xa0 기타의자본잉여금\n1,094,181,186\n1,094,181,186\n합\xa0 계\n14,534,660,385\n14,534,660,385\n기타자본구성요소\n\xa0\xa0 자기주식\n(14,856,148,061)\n(13,887,592,261)\n합\xa0 계\n(14,856,148,061)\n(13,887,592,261)\n당사는\xa0당반기말\xa0현재 주식의 가격안정화를 위하여 기명식 보통주식 256,513주를 시가에 취득하여 기타자본구성요소로 계상하고 있습니다.\n(4) 배당당사가 당반기와 전기 중 지급한 배당금의 내역은 다음과 같습니다(단위:원).\n구\xa0 분\n당반기\n전\xa0 기\n보통주 1주당 1,500원(전기 1,700원)\n3,278,020,500\n3,715,999,400\n15. 주당이익\n연결실체의 기본주당이익 계산내역은 다음과 같습니다.\n(1) 보통주 당기순손익(단위:원)\n구\xa0 분\n당반기\n전반기\n3개월\n누\xa0 적\n3개월\n누\xa0 적\n보통주에 귀속되는 순이익\n2,502,495,170\n5,323,263,571\n5,161,885,604\n12,876,443,454\n(2) 가중평균유통보통주식수(단위:주)\n구\xa0 분\n당반기\n전반기\n3개월\n누\xa0 적\n3개월\n누\xa0 적\n발행보통주식수\n2,425,215\n2,425,215\n2,425,215\n2,425,215\n자기주식 효과\n(251,821)\n(245,915)\n(239,868)\n(239,865)\n가중평균유통보통주식수\n2,173,394\n2,179,300\n2,185,347\n2,185,350\n\xa0\n(3) 기본주당이익(단위:원,주)\n구\xa0 분\n당반기\n전반기\n3개월\n누\xa0 적\n3개월\n누\xa0 적\n보통주에 귀속되는 순이익\n2,502,495,170\n5,323,263,571\n5,161,885,604\n12,876,443,454\n가중평균유통보통주식수\n2,173,394\n2,179,300\n2,185,347\n2,185,350\n기본주당이익\n1,152\n2,442\n2,362\n5,892\n16. 매입채무및기타부채\n당반기말과 전기말\xa0현재 매입채무및기타부채의 상세내역은 다음과 같습니다(단위: 원).\n구\xa0 분\n당반기말\n전기말\n매입채무\n22,783,341,280\n18,725,812,302\n미지급금\n13,403,670,553\n20,127,162,381\n예수금\n367,360,355\n292,639,400\n미지급비용\n5,108,251,486\n6,140,580,485\n합\xa0 계\n41,662,623,674\n45,286,194,568\n17. 기타유동부채\n당반기말과 전기말\xa0현재 기타유동부채의 상세내역은 다음과 같습니다(단위:원).\n구\xa0 분\n당반기말\n전기말\n선수금\n288,418,982\n44,214,976\n부가세예수금\n837,522\n117,089,990\n합\xa0 계\n289,256,504\n161,304,966\n18. 성격별 비용\n당반기와 전반기 중 발생한 비용의 성격별 분류에 대한 정보는 다음과 같습니다(단위:원).(1) 당반기\n구\xa0\xa0 분\n판매비와관리비\n제조(매출)원가\n성격별 비용\n3개월\n누적\n3개월\n누적\n3개월\n누적\n재고자산의 변동\n-\n-\n(8,386,306,394)\n(6,293,510,201)\n(8,386,306,394)\n(6,293,510,201)\n원재료사용액\n-\n-\n60,177,788,191\n116,547,311,004\n60,177,788,191\n116,547,311,004\n상품매출원가\n-\n-\n6,444,725,805\n11,217,890,072\n6,444,725,805\n11,217,890,072\n기타매출원가\n-\n-\n1,164,270,398\n2,366,095,945\n1,164,270,398\n2,366,095,945\n종업원급여\n1,576,084,910\n2,897,910,876\n3,672,920,420\n6,994,993,354\n5,249,005,330\n9,892,904,230\n감가상각비\n42,127,776\n84,228,327\n2,700,486,294\n4,661,561,814\n2,742,614,070\n4,745,790,141\n운반비\n1,130,615,469\n2,362,647,314\n208,977,753\n373,236,831\n1,339,593,222\n2,735,884,145\n외주가공비\n-\n-\n5,553,435,876\n9,112,208,798\n5,553,435,876\n9,112,208,798\n전력비\n-\n-\n8,169,735,974\n16,692,493,239\n8,169,735,974\n16,692,493,239\n기타비용\n1,403,503,158\n2,635,195,104\n7,016,170,085\n13,310,695,000\n8,419,673,243\n15,945,890,104\n합\xa0\xa0 계\n4,152,331,313\n7,979,981,621\n86,722,204,402\n174,982,975,856\n90,874,535,715\n182,962,957,477\n(2) 전반기\n구\xa0\xa0 분\n판매비와관리비\n제조(매출)원가\n성격별 비용\n3개월\n누적\n3개월\n누적\n3개월\n누적\n재고자산의 변동\n-\n-\n(11,859,215,416)\n(23,666,463,303)\n(11,859,215,416)\n(23,666,463,303)\n원재료사용액\n-\n-\n64,469,106,160\n135,057,513,837\n64,469,106,160\n135,057,513,837\n상품매출원가\n-\n-\n6,920,957,884\n12,536,215,815\n6,920,957,884\n12,536,215,815\n기타매출원가\n-\n-\n1,313,278,427\n2,589,256,612\n1,313,278,427\n2,589,256,612\n종업원급여\n1,212,630,700\n2,441,828,215\n3,029,606,180\n6,164,514,726\n4,242,236,880\n8,606,342,941\n감가상각비\n43,310,822\n86,525,615\n1,948,517,524\n4,205,197,673\n1,991,828,346\n4,291,723,288\n운반비\n1,307,704,278\n2,640,705,724\n189,905,674\n330,952,411\n1,497,609,952\n2,971,658,135\n외주가공비\n-\n-\n3,952,518,441\n7,789,452,174\n3,952,518,441\n7,789,452,174\n전력비\n-\n-\n8,649,856,918\n18,192,910,704\n8,649,856,918\n18,192,910,704\n기타비용\n966,392,175\n2,429,149,132\n7,562,314,691\n13,771,996,263\n8,528,706,866\n16,201,145,395\n합\xa0\xa0 계\n3,530,037,975\n7,598,208,686\n86,176,846,483\n176,971,546,912\n89,706,884,458\n184,569,755,598\n19. 종업원급여\n(1)\xa0연결실체의\xa0확정급여부채\xa0및\xa0기타종업원급여와\xa0관련된\xa0부채의\xa0내역은\xa0다음과\xa0같습니다(단위:원).① 확정급여부채\r\n구\xa0 분\n당반기말\n전기말\n확정급여채무의 현재가치\n19,509,554,549\n17,981,430,311\n사외적립자산의 공정가치\n(11,910,020,640)\n(12,815,070,064)\n재무상태표상 확정급여부채\n7,599,533,909\n5,166,360,247\n\xa0② 기타 종업원급여 관련 부채\n구\xa0 분\n당반기말\n전기말\n유급휴가에 대한 부채\n245,842,003\n185,079,556\n유급휴가에 대한 부채는 미지급비용에 포함되어 있습니다.\n(2) 당반기와 전기 중 확정급여채무의 변동 내역은 다음과 같습니다(단위:원).\n구\xa0 분\n당반기\n전\xa0 기\n기초금액\n17,981,430,311\n15,198,830,907\n당기근무원가\n842,318,377\n1,297,196,958\n이자원가\n188,119,329\n398,051,016\n확정급여제도의 재측정요소\n905,694,514\n1,621,219,740\n사업결합으로 인한 증가\n1,497,153,518\n-\n관계사간 전출입\n79,814,520\n-\n퇴직금 지급액\n(1,984,976,020)\n(533,868,310)\n기말금액\n19,509,554,549\n17,981,430,311\n(3) 당반기와 전기 중 사외적립자산의 변동 내역은 다음과 같습니다(단위:원).① 퇴직연금운용자산\n구\xa0 분\n당반기\n전\xa0 기\n기초금액\n12,794,817,154\n9,748,545,124\n지급액\n(1,112,675,521)\n(298,677,851)\n불입액\n-\n3,016,000,000\n기대수익\n130,979,223\n251,202,552\n확정급여제도의 재측정요소\n76,646,874\n77,747,329\n기말금액\n11,889,767,730\n12,794,817,154\n② 국민연금전환금\n구\xa0 분\n당반기\n전\xa0 기\n기초금액\n20,252,910\n20,252,910\n기말금액\n20,252,910\n20,252,910\n\xa0\n(4) 당기손익으로 인식된 비용은 다음과 같습니다(단위:원).① 퇴직급여(확정급여형)\n구\xa0 분\n당반기\n전반기\n당기근무원가\n842,318,377\n652,633,488\n이자원가\n188,119,329\n201,168,837\n사외적립자산 기대수익\n(130,979,223)\n(128,653,050)\n합\xa0 계\n899,458,483\n725,149,275\n② 퇴직급여(확정기여형)\n구\xa0 분\n당반기\n전반기\n당기근무원가\n162,296,110\n98,856,152\n(5) 당반기말과 전기말 현재 주요 보험수리적가정은 다음과 같습니다.\n구\xa0 분\n당반기말\n전기말\n기말 할인율\n1.94%\n2.32%\n미래임금인상률\n5.54%\n5.54%\n미래사망률\n0.06%\n0.06%\n20. 법인세비용법인세비용은 당기법인세비용에서 과거기간 당기법인세에 대하여 당기에 인식한 조정사항, 일시적차이의 발생과 소멸로 인한 이연법인세비용(수익) 및 당기손익 이외로인식되는 항목과\xa0관련된 법인세비용을 조정하여 산출하였습니다. 당반기 법인세비용의 평균유효세율은\xa015.60%(전반기 : 23.13%)입니다.\n21. 판매비와관리비당반기와 전반기의 판매비와관리비 내역은 다음과 같습니다(단위:원).\n구\xa0 분\n당반기\n전반기\n3개월\n누\xa0 적\n3개월\n누\xa0 적\n급여\n1,355,086,600\n2,527,103,563\n1,076,552,641\n2,166,739,406\n퇴직급여\n220,998,310\n370,807,313\n136,078,059\n275,088,809\n복리후생비\n177,717,993\n330,398,663\n155,488,404\n350,675,457\n여비교통비\n58,953,858\n99,916,072\n48,601,821\n107,860,853\n통신비\n20,244,165\n34,307,543\n14,132,899\n28,883,798\n수도광열비\n9,653,254\n19,039,568\n9,123,186\n18,420,555\n세금과공과\n11,052,892\n17,949,032\n11,144,450\n19,060,890\n지급임차료\n26,933,391\n44,369,871\n17,437,380\n34,873,914\n감가상각비\n42,127,776\n84,228,327\n43,310,822\n86,525,615\n무형자산상각비\n26,287,681\n26,287,681\n-\n-\n수선비\n61,857,714\n117,300,309\n95,824,554\n202,095,869\n소모품비\n6,610,149\n6,610,149\n-\n-\n보험료\n940,940\n1,871,540\n1,411,794\n2,811,834\n접대비\n36,790,010\n58,287,839\n28,021,020\n54,474,805\n광고선전비\n-\n1,500,000\n-\n1,500,000\n경상개발비\n78,501,578\n78,501,578\n-\n-\n운반비\n1,130,615,469\n2,362,647,314\n1,307,704,278\n2,640,705,724\n대손상각비\n10,461,357\n(69,426,163)\n(64,683,687)\n(15,856,976)\n차량유지비\n62,698,098\n110,978,098\n62,267,623\n117,813,622\n교육훈련비\n887,000\n1,094,060\n1,968,056\n6,478,056\n도서인쇄비\n3,146,334\n5,585,054\n2,017,000\n4,214,160\n수출비용\n641,716,743\n1,208,580,035\n465,503,598\n1,123,645,169\n판매보증비\n(118,570,738)\n(113,040,153)\n(100,188,491)\n(61,423,622)\n지급수수료\n287,620,739\n655,084,328\n218,322,568\n433,620,748\n합\xa0 계\n4,152,331,313\n7,979,981,621\n3,530,037,975\n7,598,208,686\n22. 기타수익과 기타비용당반기 및 전반기의 기타수익과 기타비용의 내역은 다음과 같습니다(단위:원).\n구\xa0 분\n당반기\n전반기\n3개월\n누\xa0 적\n3개월\n누\xa0 적\n기타수익\n\xa0\xa0 외환차익\n828,333,919\n1,020,398,339\n481,538,061\n887,314,837\n\xa0\xa0 외화환산이익\n127,628,117\n320,004,471\n152,974,329\n449,751,509\n\xa0\xa0 유형자산처분이익\n3,772,655\n3,772,655\n-\n-\n\xa0\xa0 잡이익\n205,236,477\n469,738,543\n159,087,444\n286,063,095\n기타수익 합계\n1,164,971,168\n1,813,914,008\n793,599,834\n1,623,129,441\n기타비용\n\xa0\xa0 외환차손\n524,680,346\n669,860,553\n689,009,898\n984,331,602\n\xa0\xa0 외화환산손실\n43,271,780\n67,513,790\n15,096,187\n72,458,541\n\xa0\xa0 기부금\n7,650,000\n47,800,000\n3,650,000\n40,800,000\n\xa0\xa0 유형자산처분손실\n3,157,522\n3,158,522\n1,000\n49,000\n\xa0\xa0 무형자산처분손실\n-\n-\n-\n28,327,431\n\xa0\xa0 잡손실\n7,717,801\n32,302,468\n5,281,337\n7,246,736\n기타비용 합계\n586,477,449\n820,635,333\n713,038,422\n1,133,213,310\n23. 금융상품 및 금융위험 관리(1) 금융상품의 범주별 분류당반기말과 전기말 현재 범주별 금융상품의 장부금액은 다음과 같습니다(단위:원).\n구\xa0 분\n당반기말\n전기말\n상각후원가측정 금융자산\n\xa0\xa0 현금및현금성자산\n36,061,719,280\n38,481,689,496\n\xa0\xa0 기타유동금융자산\n단기금융상품\n222,271,435\n1,889,662,969\n\xa0\xa0 기타유동금융자산\n단기대여금\n127,765,873\n98,838,041\n\xa0\xa0 기타유동금융자산\n채무증권 등\n75,657,933,030\n94,267,397,098\n\xa0\xa0 매출채권및기타채권\n매출채권\n75,692,977,352\n56,100,907,877\n\xa0\xa0 매출채권및기타채권\n미수금\n272,231,564\n176,235,196\n\xa0\xa0 매출채권및기타채권\n미수수익\n253,404,359\n193,966,570\n\xa0\xa0 기타비유동금융자산\n장기금융상품\n716,780,000\n714,780,000\n\xa0\xa0 기타비유동금융자산\n장기대여금\n463,858,000\n200,300,000\n\xa0\xa0 기타비유동금융자산\n채무증권 등\n2,040,537,292\n10,789,582,799\n\xa0\xa0 장기매출채권및기타채권\n보증금\n145,048,780\n135,048,780\n\xa0\xa0 장기매출채권및기타채권\n장기매출채권\n34,996,500\n34,996,500\n소\xa0 계\n191,689,523,465\n203,083,405,326\n당기손익-공정가치측정 금융자산\n\xa0\xa0 기타유동금융자산\n수익증권 등\n11,033,747,148\n25,541,085,533\n\xa0\xa0 기타비유동금융자산\n지분증권 등\n18,251,431,817\n17,069,060,037\n소\xa0 계\n29,285,178,965\n42,610,145,570\n금융자산 합계\n220,974,702,430\n245,693,550,896\n상각후원가측정 금융부채\n\xa0\xa0 매입채무및기타유동부채\n매입채무\n22,783,341,280\n18,725,812,302\n\xa0\xa0 매입채무및기타유동부채\n미지급금\n13,403,670,553\n20,127,162,381\n\xa0\xa0 매입채무및기타유동부채\n미지급비용\n5,108,251,486\n6,140,580,485\n\xa0\xa0 장기매입채무및기타비유동채무\n임대보증금\n1,076,200,000\n1,076,200,000\n금융부채 합계\n42,371,463,319\n46,069,755,168\n(2) 금융수익과 금융원가당반기와 전반기의 금융수익과 금융원가의 내역은 다음과 같습니다(단위:원).\n구\xa0 분\n당반기\n전반기\n3개월\n누\xa0 적\n3개월\n누\xa0 적\n이자수익\n876,879,744\n2,016,044,845\n1,332,640,255\n2,942,638,517\n\xa0\xa0 현금및현금성자산\n39,320,634\n39,321,823\n11,147,026\n16,333,456\n\xa0\xa0 상각후원가측정 금융자산 등\n837,559,110\n1,976,723,022\n1,321,493,229\n2,926,305,061\n배당금수익\n25,101,795\n125,746,315\n-\n109,449,999\n\xa0\xa0 당기손익-공정가치측정 금융자산\n25,101,795\n125,746,315\n-\n109,449,999\n당기손익-공정가치측정 금융자산 평가이익\n-\n-\n328,418,745\n138,424,078\n\xa0\xa0 지분증권\n-\n-\n31,964,060\n108,222,540\n\xa0\xa0 수익증권 등\n-\n-\n296,454,685\n30,201,538\n당기손익-공정가치측정 금융자산 처분이익\n-\n162,331,445\n-\n-\n상각후원가측정 금융자산 처분이익\n-\n47,500,802\n968,550\n252,714,216\n\xa0\xa0 채무증권 등\n-\n47,500,802\n968,550\n252,714,216\n금융수익 합계\n901,981,539\n2,351,623,407\n1,662,027,550\n3,443,226,810\n당기손익-공정가치측정 금융자산 평가손실\n247,655,248\n295,457,642\n(255,581,372)\n(384,527,687)\n\xa0\xa0 수익증권 등\n247,655,248\n295,457,642\n(255,581,372)\n(384,527,687)\n당기손익-공정가치측정 금융자산 처분손실\n24,283,736\n61,754,474\n-\n-\n상각후원가측정 금융자산 처분손실\n45,237,025\n45,237,025\n(537,437,350)\n(408,491,035)\n\xa0\xa0 채무증권 등\n45,237,025\n45,237,025\n(537,437,350)\n(408,491,035)\n금융비용 합계\n317,176,009\n402,449,141\n(793,018,722)\n(793,018,722)\n순금융손익\n584,805,530\n1,949,174,266\n869,008,828\n2,650,208,088\n(3) 금융위험관리연결실체의 재무위험관리 목적과 정책은 2018년 12월 31일로 종료되는 회계연도와 동일합니다.\r\n(4) 공정가치\n① 공정가치는 측정에 사용된 투입변수에 따라 다음과 같은 서열체계로 구분됩니다.\n수준1\n동일한 자산이나 부채에 대한 활성시장의 공시가격\n수준2\n직접적으로 또는 간접적으로 관측 가능한, 자산이나 부채에 대한 투입변수\n수준3\n관측 가능한 시장자료에 기초하지 않은, 자산이나 부채에 대한 투입변수\n활성시장에서 거래되는 금융상품의 공정가치는 보고기간 종료일 현재 고시되는 시장가격에 기초하여 산정됩니다. 거래소, 판매자, 중개인, 산업집단, 평가기관 또는 감독기관을 통해 공시가격이 용이하게 그리고 정기적으로 이용가능하고, 그러한 가격이 독립된 당사자 사이에서 정기적으로 발생한 실제 시장거래를 나타낸다면, 이를 활성시장으로 간주하며, 이러한 상품들은 ""수준 1""에 포함됩니다. ""수준 1""에 포함된 상품들은 대부분 매도가능금융자산으로 분류된 상장주식으로 구성됩니다.\n활성시장에서 거래되지 아니하는 금융상품의 공정가치에 대하여 평가기법을 사용하여 결정하고 있습니다. 회사는 다양한 평가기법을 활용하고 있으며 보고기간말에 현재 시장 상황에 근거하여 가정을 수립하고 있습니다. 이러한 평가기법은 관측가능한 시장정보를 최대한 사용하고 기업특유정보를 최소한으로 사용합니다. 이때, 해당상품의 공정가치 측정에 요구되는 모든 유의적인 투입변수가 관측가능하다면 해당상품은 ""수준 2""에 포함됩니다.만약 하나 이상의 유의적인 투입변수가 관측가능한 시장정보에 기초한 것이 아니라면 해당 상품은 ""수준 3""에 포함됩니다.금융상품의 공정가치를 측정하는데 사용되는 평가기법에는 다음이 포함됩니다. - 유사한 상품의 공시시장가격 또는 딜러가격 - 파생상품의 공정가치는 보고기간말 현재의 선도환율 등을 사용하여 해당 금액을\xa0 \xa0 \xa0 현재가치로 할인하여 측정\n당반기말 현재 공정가치로 측정되는 금융상품의 수준별 측정치는 다음과 같습니다\xa0\xa0 (단위:원).\n구\xa0 분\n수준1\n수준2\n수준3\n합\xa0 계\n당기손익-공정가치측정 금융자산\n지분증권\n3,950,389,820\n-\n11,554,403,583\n15,504,793,403\n수익증권 등\n-\n13,780,385,562\n-\n13,780,385,562\n합\xa0 계\n3,950,389,820\n13,780,385,562\n11,554,403,583\n29,285,178,965\n전기말 현재 공정가치로 측정되는 금융상품의 수준별 측정치는 다음과 같습니다(단위:원).\n구\xa0 분\n수준1\n수준2\n수준3\n합\xa0 계\n당기손익-공정가치측정 금융자산\n지분증권\n5,389,768,900\n-\n10,240,913,583\n15,630,682,483\n수익증권 등\n-\n26,979,463,087\n-\n26,979,463,087\n합\xa0 계\n5,389,768,900\n26,979,463,087\n10,240,913,583\n42,610,145,570\n당반기 및 전기 중 수준간의 이동은 없었습니다.\xa0\n② 평가기법과 투입변수수준2의 공정가치 측정을 위해 사용된 평가기법과 직접적 또는 간접적으로 관측 가능한 유의적인 투입변수는 다음과 같습니다.\n구\xa0 분\n평가기법\n직접적 또는 간접적으로 관측 가능한 유의적인 투입변수\n공정가치 측정과 직접적 또는 간접적으로관측 가능한 유의적인 투입변수간 상호관계\n수익증권 등\n시장접근법\n시장이자율 등\n공정가치는 시장이자율이 하락(상승)하는 경우 증가(감소)\n수준3의 공정가치 측정을 위해 사용된 평가기법과 관측 가능한 시장자료에 기초하지않은 유의적인 투입변수는 다음과 같습니다.\n구\xa0 분\n평가기법\n관측 가능한 시장자료에 기초하지 않은유의적인 투입변수\n공정가치 측정과 관측 가능한 시장자료에 기초하지 않은 유의적인 투입변수간 상호관계\n지분증권 등\n현금흐름할인법 등\n기업잉여현금흐름 및 할인율 등\n공정가치는 기업잉여현금흐름이 증가(감소)하고 할인율이하락(상승)하는 경우 증가(감소)\n24. 우발부채\n연결실체는 (주)대구은행과 20억원 한도의 상업어음 할인약정을 체결하였는 바, 당반기말 현재 금융회사에 할인한 매출채권 잔액은 없습니다.\n25. 특수관계자(1) 당반기와 전반기 중 특수관계자와의 거래내역은 다음과 같습니다(단위:원).\n특수관계 구분\n특수관계자명\n거래내용\n당반기\n전반기\n3개월\n누적\n3개월\n누적\n기타특수관계자\n제일연마공업(주)\n매출\n-\n-\n-\n2,968,560\n동일금속(주)\n매출\n463,741,370\n893,830,385\n796,321,470\n1,487,280,660\nPT.DONGIL METAL INDONESIA\n매출\n176,546,994\n501,239,660\n313,679,268\n550,480,492\n매입\n1,813,400,549\n3,451,812,953\n1,755,367,852\n3,670,818,695\n기타거래\n-\n-\n-\n1,124,550\n동일빌딩\n기타거래\n906,480\n1,812,960\n906,480\n1,812,960\n(주)세명기업\n매출\n218,663,190\n559,317,310\n244,404,220\n623,188,180\n(주)디아이테크\n기타거래\n1,241,732\n2,765,628\n1,378,834\n3,181,897\n동일농잠구사\n기타거래\n453,223,120\n903,084,450\n523,905,828\n1,012,538,858\n매출 합계\n858,951,554\n1,954,387,355\n1,354,404,958\n2,663,917,892\n매입 합계\n1,813,400,549\n3,451,812,953\n1,755,367,852\n3,670,818,695\n기타거래 합계\n455,371,332\n907,663,038\n526,191,142\n1,018,658,265\n(2) 당반기말 현재 특수관계자에 대한 채권ㆍ채무내역은 다음과 같습니다(단위:원).\n구\xa0 분\n특수관계자명\n채\xa0 권\n채\xa0 무\n매출채권\n미수금\n임차보증금\n매입채무\n미지급금\n기타특수관계자\n동일금속(주)\n168,252,970\n-\n-\n-\n-\nPT.DONGIL METALINDONESIA\n108,632,567\n133,827,254\n-\n570,017,047\n-\n동일빌딩\n-\n-\n64,209,000\n-\n332,376\n(주)세명기업\n70,726,920\n-\n-\n-\n-\n(주)디아이테크\n376,728\n-\n-\n-\n-\n동일농잠구사\n-\n-\n-\n-\n913,305,426\n합\xa0 계\n347,989,185\n133,827,254\n64,209,000\n570,017,047\n913,637,802\n상기 채무의 내용 중 동일농잠구사, 동일빌딩의 미지급금은 각각 소모성 자재비, 사무실 관리비입니다.\n(3) 상기 채권ㆍ채무와 관련된 대손계상내역은 다음과 같습니다(단위:원).\n특수관계 구분\n계정과목\n관련채권\n대손충당금\n대손상각비\n기타 특수관계자\n매출채권\n347,989,185\n3,479,892\n415,745\n미수금\n133,827,254\n1,338,273\n501,475\n합\xa0 계\n481,816,439\n4,818,165\n917,220\n(4) 주요 경영진에 대한 보상내역은 다음과 같습니다(단위:백만원).\n분\xa0 류\n당반기\n전반기\n급여 및 상여 등\n1,276\n975\n주요 경영진은 연결실체의 등기(사외이사 포함) 및 비등기임원 15명을 대상으로 하였으며 급여, 상여와 기타소득(학자금 등)의 합계 금액입니다.(5) 당반기말 현재 연결실체가 특수관계자를 위하여 제공하고 있는 담보 및 보증은 다음과 같습니다(단위:원).\n특수관계자\n구\xa0 분\n제공처\n금\xa0 액\n내\xa0 용\n(주)디아이테크\n시설자금\n(주)대구은행\n1,750,000,000\n연대보증\n26. 사업결합(1) 당반기 중 발생한 사업결합의 내역은 다음과 같습니다(단위:원).\n종속기업명\n주요 영업활동\n취득일\n취득한 지분(%)\n이전대가(*)\n디오토모티브(주)\n자동차부품 제조\n2019.02.01\n100%\n41,496,991,000\n(*) 동 이전대가는 순자산 공정가치에 대한 대가 370억원과 조건부대가 약정에 의한 금액 약 45억원으로 구성되어 있습니다.\n(2) 사업결합으로 인해 취득한 자산과 인수한 부채의 공정가치는 다음과 같습니다(단위:원).\n구\xa0 분\n금\xa0 액\n식별 가능한 자산의 공정가치\n52,942,325,179\n\xa0 유동자산\n34,732,832,516\n\xa0 \xa0\xa0 현금및현금성자산\n3,353,298,241\n\xa0 \xa0\xa0 매출채권및기타채권\n22,066,040,079\n\xa0 \xa0\xa0 기타유동자산\n3,084,452,291\n\xa0 \xa0\xa0 재고자산\n6,229,041,905\n\xa0 비유동자산\n18,209,492,663\n\xa0 \xa0\xa0 투자자산\n187,834,000\n\xa0 \xa0\xa0 유형자산\n16,368,936,709\n\xa0 \xa0\xa0 무형자산\n1,307,698,670\n\xa0 \xa0\xa0 기타비유동자산\n10,000,000\n\xa0 \xa0\xa0 이연법인세자산\n335,023,284\n식별 가능한 부채의 공정가치\n13,538,746,401\n\xa0 유동부채\n11,961,778,363\n\xa0 \xa0\xa0 매입채무\n6,616,961,549\n\xa0 \xa0\xa0 기타유동부채\n1,554,804,574\n\xa0 \xa0\xa0 단기차입금\n3,500,000,000\n\xa0 \xa0\xa0 당기법인세부채\n290,012,240\n\xa0 비유동부채\n1,576,968,038\n\xa0 \xa0\xa0 퇴직급여충당부채\n1,576,968,038\n식별 가능한 순자산 공정가치 합계\n39,403,578,778\n(3) 당반기 중 사업결합에서 발생한 영업권은 다음과 같습니다(단위:원).\n구\xa0 분\n금\xa0 액\n이전대가\n41,496,991,000\n차감 : 식별 가능한 순자산 공정가치\n39,403,578,778\n영업권\n2,093,412,222\n한편, 연결실체는 사업결합을 통해 종속회사의 고객관계를 취득하였습니다. 이러한 고객관계는 분리 가능하며 계약적ㆍ법적 기준을 충족하므로 영업권과 분리하여 별도의 무형자산으로 인식하였습니다.\n']"
