text
"['\nII. 사업의 내용\n1. 사업의 개요\n남광토건 주식회사(이하 ""지배기업"")는 토목과 건축공사를 주로 영위할 목적으로 1947년 7월 7일에 남광토건사로 설립, 1954년 8월 5일 상호를 남광토건사에서 남광토건주식회사로 변경하였으며, 1976년 12월 28일 한국거래소에 주식을 상장하였습니다. 가. 주요재무정보\n(1) 보고기간 종료일 현재 연결회사의 부문과 부문별 주요 고객은 다음과 같습니다.\n구\xa0\xa0 분\n주요 사업\n주요고객\n건축\n주거용, 상업용, 업무용 건물등의 건축도급공사 등\n한국토지주택공사, 하나자산신탁\n토목\n철도, 교량, 항만, 도로, 단지조성 등의 토목공사\n한국도로공사, 한국철도시설공단\n(2) 연결회사의 수익 및 성과에 대한 보고부문별 분석은 다음과 같습니다.\n(단위: 천원)\n2020.03.31\n건축\n토목\n합 계\n매출액\n27,686,881\n22,882,094\n\xa0 \xa0 \xa0 \xa0\xa0 50,568,975\n매출총이익\n5,047,497\n774,054\n\xa0 \xa0 \xa0 \xa0 \xa0 5,821,551\n유형자산\n7,280\n3,139,960\n\xa0 \xa0 \xa0 \xa0 \xa0 3,147,240\n감가상각비\n314\n97,193\n\xa0 \xa0 \xa0 \xa0 \xa0 \xa0 \xa0 97,507\n2019.12.31\n건축\n토목\n합 계\n매출액\n130,514,008\n105,665,646\n236,179,654\n매출총이익\n9,287,601\n13,147,620\n22,435,221\n유형자산\n7,280\n3,227,684\n3,234,964\n감가상각비\n858\n369,930\n370,788\n나. 지배회사의 현황\n1) 산업의 특성건설업은 공학적 차원의 복잡 다기한 시스템산업이며, 토지와 자본, 노동 등 제반 생산요소를 투입하여, 건설시설물을 생산하는 산업으로 기본적인 주거환경의 조성에서부터 국가 기간산업인 도로, 항만, 철도의 건립까지 폭넓은 영역을 가지고 있으며, 산업분류 기준으로 3차 산업에 해당합니다. 건설사업기본법상 건설업은 토목, 건축, 산업설비, 조경, 환경 시설 등 시설물의 설치, 유지, 보수, 해체 등의 전통적인 정의에서점차 시설물의 전 생애주기에 걸친 모든 활동까지 포괄하는 광의적인 영역으로 확대되고 있습니다. 과거에는 직접적인 시공과 감리 등의 하드웨어적인 요소가 건설 산업의 기본적인 특징이었다면 지금은 시공의 전 단계인 기획, 설계와 시공 후의 영역인 시운전, 유지, 보수 등의 소프트웨어적 요소도 중요한 부가가치 창출 요소로 인식되고 있습니다. 한편, 건설산업이 다른 산업과 구별되는 주요 특징으로 다수의 생산주체가 참여함으로써 전후방 연관효과가 크고, 선계약 후생산 방식으로 진행되며, 건설기간의 장기성으로 인하여 수요와 공급의 시차성이 크다는 특성이 있습니다. 도급방식에 의한 특성상 규격화 및 표준화가 불가능하여 1인 발주자와 다수건설업자의 존재로 수주협상 및 입찰경쟁력 확보가 절대적인 변수로 작용합니다.2) 산업의 성장성국내 건설수주는 지난해 9월 20.1% 증가를 시작으로 매달 10% 이상의 높은 증가세를 지속하고 있습니다. 2020년 2월에도 35.8% 증가해 6개월 연속 증가세를 지속, 수주액 11.7조원은 1월 수주 실적으로는 역대 두번째로 높은 실적입니다. 공공수주의 경우 토목이 부진했지만, 나머지 공종에서 양호한 모습을 보여 전체적으로 증가하는 추세입니다. 주택수주는 2월 실적으로는 8년래 최대치를 기록하였고, 비주택 건축수주의 경우 소규모 공사 발주의 증가로 2월 역대 최대치인 1.7조원을 기록하였습니다.민간수주의 경우에도 토목은 부진했지만, 건축수주가 양호하여 공공수주와 비슷한 경향을 보이고 있습니다.건설기성도 건설수주와 마찬가지로 공공과 민간 모두 양호한 증가세를 보이고 있습니다. 공종별로는 건축공사 기성은 주거용과 비주거용 모두 부진했지만, 토목공사는 모든 공종이 양호해 전년 동월 대비 크게 증가하는 모습일 보이고 있습니다. 한편, 플랜트도 전년 대비 비약적으로 증가해 10개월 연속 증가세를 지속하고 있습니다. 코로나19로 경기 활성화를 위한 부양책이 필요해짐에 따라 정부의 집값 안정 정책 방향성은 공고히 유지될 것으로 예상되며, 물량 확대 및 서민 중심의 규제 완화 가능성이 보입니다. 과거 인프라 투자 확대를 통해 전염병으로 인한 경기 위축, 국가적 경제위기 때 어려움을 극복한 바가 있기에, 이번 코로나19 사태를 극복하기 위한 인프라 투자 및 예비타당성조사 등의 개선이 필요한 것으로 보입니다.※ 참고자료 : 한국건설산업연구원(건설경기동향, 2020년 4월)\n3) 경기변동의 특성건설산업은 공공뿐만 아니라 민간부문에 대한 의존도가 높아 산업경기변동에 따른 기업의 설비투자 수요에 큰 영향을 받고 있으며 수주산업으로서 정부의 사회간접시설에 대한 투자 규모, 타산업의 경제활동 수준 및 기업의 설비투자, 가계의 주택구매력 등에 의하여 생산활동이 파생되므로 경기에 민감한 산업입니다. 특히, 건설산업은 다른 산업에 비하여 생산, 고용 그리고 부가가치의 창출 측면에서 높은 유발 효과를 가지고 있어 정부에 의한 국내경기조절의 주요한 수단으로 활용되고 있기 때문에 부동산 가격 및 관련법규나 정부규제 등 외적요인에 의해 상당한 영향을 받을 수 있습니다.4) 계절성건설업은 발주자의 투자계획 및 년간 예산활용계획 등에 크게 영향을 받기\xa0 때문에 년간 발주계획을 본격적으로 실행하는 2분기와 연말에 발주가 집중되는 경향이 있습니다. 또한 작업이 주로 옥외에서 이루어지므로 계절적으로 봄, 가을의 공사 진행속도가 빠른 특징이 있습니다. 5) 국내외 시장여건\n최근 국내외 여건변화 등을 고려할 때, 경제성장률은 2020년 2.1%, 2021년 2.4%를 나타낼 것으로 전망됩니다. 코로나19의 영향으로 성장세가 일시 위축 되겠으나 재정정책이 확장적으로 운용되고 설비투자가 회복세를 보이면서 민간소비와 수출도 부진에서 벗어나면서 성장 흐름이 점차 개선될 것으로 예상됩니다. 건설투자는 금년 들어서도 기조적 조정 흐름을 지속하고 있습니다. 향후 건설투자는 주거용 건물건설을 중심으로 감소세를 지속하겠으나 SOC 등 토목건설의 개선으로 감소폭은 점차 축소될 전망입니다. 주거용 건물은 선행지표 부진을 감안할 때 내년까지 감소세가 이어질 전망입니다. 주택착공 면적이 감소함에 따라 공사 물략 축소 흐름은 앞으로도 상당기간 지속될 것으로 예상됩니다. 토목은 SOC 예산 증액, 공공기관 투자 확대 등으로 양호한 흐름이 이어질 전망입니다. 금년도 중앙정부 SOC 예산이 광역교통망 확충, 노후 기반시설 개선 등을 중심으로 전년대비 증가하였고, 에너지 분야 등에 대한 공공기관 투자 확대, 예비타당성조사기간 단축 등도 긍정적으로 작용하고 있습니다.지난해 발생한 코로나19가 전세계적으로 확산되면서 중국 경제 뿐만 아니라 세계경제에도 직·간접적으로 큰 영향을 미치고 있습니다. 중국은 세계 최대 교역국 및 글로벌 분업구조의 중심 역할을 담당하고 있다는 점에서 금번 사태의 영향은 과거보다 클 것이라는 견해가 일반적입니다. 중국 경제성장률 하락은 중국경제 비중만큼 세계 경제성장률도 직접 낮추는 데다 교역 감소를 통해 간접적으로도 마이너스 요인으로 작용하고 있습니다. 향후 감염증 확산 장기화로 중국 기업의 조업 정상화가 지연될 경우 글로벌 가치 사슬에 부정적 영향을 미칠 것으로 전망하며, 이로 인하여 아세안 지역 등 대중 소재 의존도가 높은 국가들에도 충격이 파급될 것으로 예상됩니다.\n※ 참고자료 : 한국은행(경제전망보고서, 2020년 02월)\n6) 회사의 경쟁우위요소 시장점유율 추이\n(단위 : 억원)\n구\xa0 분\n2019년\n2018년\n2017년\n2016년\n비고\n시공능력평가액\n도급순위\n시공능력평가액\n도급순위\n시공능력평가액\n도급순위\n시공능력평가액\n도급순위\n토 건\n2,857\n100\n2,803\n97\n3,191\n77\n3,799\n68\n-\n※\xa0자료 : 대한건설협회「2019년도 시공능력 평가액 순위」(\'19.07.30.)\n가) 토목사업당사는 한국전쟁을\xa0겪으며 피폐해진 나라의 철도, 항만, 도로, 교량 등의 재건사업에 일익을 담당하며 국토개발을 견인해 왔습니다.\xa0 남북화해의 길을 뚫은 경의선에서 철도의 르네상스를 열어가는 고속철도 건설, 연장 90km에 이르는 대규모 이라크 철도 프로젝트, 최초의 한강하저터널인 지하철 5호선 등에서 기술력을 증명하여왔습니다.나) 건축사업당사는 국내외에서 가장 앞서가는 다양한 건축공사 실적을 보유하고 있습니다. 또한 까다로운 공정으로 건축공사의 백미로 불리우는 고급호텔, 콘도미니엄 건설에서도 남다른 기술력을 발휘하여 꾸준히 노하우를 축적해 왔습니다. 다) 주택사업해외 주거시설 공사를 통해 선진 노하우를 축적해온 당사는 2005년 아파트 브랜드 \'Haustory\' 통해 보다 편리하고 안전한 주거문화를 펼치고 있습니다. 지속적인 기술력 강화, 차별화된 전략, 그리고 조직간 소통과 신뢰를 기반으로 한 최적의 시공으로 업계 최고의 품질 제공은 물론, 고객들의 Needs를 완벽히 충족하고자 노력하고 있습니다.라) 해외사업당사는\xa0필리핀에 첫 진출한 이래 활동무대를 해외로 옮겨 코타바토 항만공사, 마리스 댐 등 약 38건 총 15억불 규모의 해외공사를 수행하여 해외 진출을 통한 국가경제 발전에 기여한 공로로 1982년에는 \'해외건설 10억불탑\'을\xa0수상하였습니다. 2005년 앙골라 컨벤션센터를 8개월이라는 단기간에 성공적으로 완공하면서 축적된 경험과 기술력을 세계무대에서 인정받았고, 이를 바탕으로 당사의 역량에 대한 신뢰가 쌓이게 되었고 그 결과 앙골라의 소낭골HQ빌딩, 오피스, 주거 및 공용시설 빌딩, Research & Production Building, 탈라토나 컨벤션 호텔과 전시관, 앙골라 인터컨티넨탈 호텔/카지노, LNG Tank 등을 추가로 수주하여 공사하였습니다. 이를 기반으로향후 호텔, 전시관, 토목, 플랜트 사업 등의 기반시설 사업에 진출하기 위해 앙골라 현지 법인을 설립하였으며, 앙골라 관공서에서 발주하는 관련 사업에도 입찰을 통해 참여하고 있습니다. 동남아에서는 베트남 정부공사인 하노이~하이퐁 고속도로 2공구와 10공구, 옌바이 철도개량 2공구 공사를 수행하였으며, 2020년 필리핀 팡일만 교량 건설을 수주 하는 등, 공사의 성공적 수행을 통한 추가 수주를 기대하고 있습니다.\n7) 자원조달상의 특성건설산업은 발주처 예산, 분양금, PF, 당사 자금 등을 통해 사업이 이루어집니다. 일반적인 관공사, 민간 공사의 경우 발주처로부터 공사 수주시 선수금을 받은 후 공사진행에 따라 기성금을 받게 됩니다. 아파트의 경우 분양대금을 통해 자금을 조달 받고 있으며, 재개발/재건축 아파트의 경우 조합에, 일반도급의 경우 시행사에 당사가 지급보증 함으로서 자금 조달이 이루어집니다. 또한 대형 개발 프로젝트의 경우 PF를 통해 자금을 조달 받게 되고 SOC 사업의 경우 완공 후 운영수익을 통해 투자 자금을 회수하게 됩니다.\n2. 주요공사 현황\n가. 주요공사 현황\n(단위 : 억원\xa0 )\n구 분\n제67기 1분기\n제66기\n제65기\xa0\n시공 실적\n비율\n시공 실적\n비율\n시공 실적\n비율\n국내도급공사\n건축공사\n관급\n5\n0.99%\n33\n1.40%\n40\n2.54%\n민간\n272\n53.75%\n1,305\n55.25%\n253\n16.10%\n토목공사\n관급\n229\n45.26%\n1,023\n43.31%\n1,246\n79.26%\n민간\n-\n-\n-\n-\n\u3000-\n-\n해외도급공사\n-\n-\n1\n0.04%\n33\n2.10%\n자체 공사\n-\n-\n-\n-\n\u3000-\n-\n철구 공사\n-\n-\n-\n-\n\u3000-\n-\n상품 매출\n-\n-\n-\n-\n\u3000-\n-\n용역 매출\n-\n-\n-\n-\n\u3000-\n-\n합 계\n506\n100.00%\n2,362\n100.00%\n1,572\n100.00%\n나. 공사종류별 완성도 현황\n1) 도급건축공사\n(단위 : 억원 )\n구 분\n공사건수\n완성공사 및 수익인식액\n최근결산기말 공사계약잔액\n원도급액\n평균 도급액\n제67기 1분기\n제66기 1분기\n제66기\n제65기\n관 급\n2\n5\n12\n33\n40\n272\n477\n239\n민 간\n9\n272\n202\n1,305\n253\n2,001\n3,598\n400\n해 외\n-\n-\n\u3000-\n-\n-\n-\n-\n-\n기 타\n-\n-\n\u3000-\n-\n-\n-\n-\n-\n합 계\n11\n277\n214\n1,338\n293\n2,273\n4,075\n639\n2) 도급토목공사\n(단위 : 억원 )\n구 분\n공사건수\n완성공사 및 수익인식액\n최근결산기말 공사계약잔액\n원도급액\n평균도급액\n제67기 1분기\n제66기 1분기\n제66기\n제65기\n관 급\n30\n229\n225\n1,023\n1,246\n6,982\n10,409\n347\n민 간\n-\n-\n\u3000-\n-\n\u3000-\n-\n-\n-\n해 외\n-\n-\n\u3000-\n1\n33\n-\n-\n-\n기 타\n-\n-\n\u3000-\n-\n\u3000-\n-\n-\n-\n합 계\n30\n229\n225\n1,024\n1,279\n6,982\n10,409\n347\n3. 주요 원재료가. 주요 원재료의 현황\xa0\n(단위 :천원 )\n구분\n구체적 용도\n매입액\n비율\n비고\n레미콘\n\u3000공사재료\n1,031,754\n13.31%\n-\n철근\n\u3000-\n\xa0 \xa0 \xa0 657,412\n8.48%\n-\n강관파일\n\u3000-\n\xa0 \xa0\xa0 129,698\n1.67%\n-\n기타\n\u3000-\n\xa0 5,931,516\n76.53%\n-\n합 계\n7,750,380\n100.00%\n-\n나. 주요 원재료 등의 가격변동 추이전반적인 건자재는 종전가격을 유지중이며 일부 자재는 전분기 대비 상승세를 보이고 있습니다.\n(단위 : 원 )\n영업부문\n품목\n단위\n2019.03\n2019.06\n2019.09\n2019.12\n2020.03\n건설부문\n철근(HD 10MM)\n톤\n705,000\n705,000\n660,000\n600,000\n600,000\n레미콘(25-24-150)\nM3\n66,300\n66,300\n66,300\n66,300\n66,300\n강관파일(508·12T)\nM\n104,200\n104,200\n102,900\n102,900\n105,840\n골재(보조기층)\nM3\n14,000\n14,000\n14,000\n14,000\n14,000\n아스콘(#467)\n톤\n55,600\n55,600\n55,600\n55,600\n55,600\n4. 설비등에 관한 사항가. 주요설비의 현황\n(단위: 천원)\n2020.03.31\n유형자산\n무형자산\n투자부동산\n기초\n3,234,964\n1,573,482\n15,451,090\n취득\n73,074\n26,574\n0\n처분\n-60,816\n0\n0\n감가상각\n-97,507\n-3829\n-15,315\n기말\n3,149,715\n1,596,227\n15,435,775\n취득원가\n20,027,845\n2,083,744\n18,219,566\n상각누계액(*)\n-16,878,130\n-487,517\n-2,783,791\n(*) 투자부동산의 상각누계액에는 손상차손누계액 49,554천원이 포함되어 있습니다.\n나. 설비의 신설ㆍ매입 계획 등\n1) 진행중인 투자\n- 해당사항없습니다.\n2) 향후 투자계획\n- 해당사항없습니다.\n5. 매출에 관한 사항\n가. 매출실적\n(단위 :억원 )\n구 분\n공사종류\n제67기 1분기\n제66기 1분기\n제66기\n제65기\n비고\n금 액\n비 율\n금 액\n비 율\n금 액\n비 율\n금 액\n비 율\n국내 도급공사\n건 축\n277\n54.74%\n214\n48.75%\n1,338\n56.65%\n293\n18.64%\n-\n토 목\n229\n45.26%\n225\n51.25%\n1,023\n43.31%\n1,246\n79.26%\n-\n해외 도급공사\n건 축\n-\n-\n\u3000-\n\u3000-\n-\n-\n\u3000-\n\u3000-\n-\n토 목\n-\n-\n\u3000-\n\u3000-\n1\n0.04%\n33\n2.10%\n-\n자체공사\n-\n-\n\u3000-\n\u3000-\n-\n-\n\u3000-\n\u3000-\n-\n철구공사\n-\n-\n\u3000-\n\u3000-\n-\n-\n\u3000-\n\u3000-\n-\n상품매출\n-\n-\n\u3000-\n\u3000-\n-\n-\n\u3000-\n\u3000-\n-\n용역매출\n-\n-\n\u3000-\n\u3000-\n-\n-\n\u3000-\n\u3000-\n-\n합 계\n506\n100.00%\n439\n100.00%\n2,362\n100.00%\n1,572\n100.00%\n-\n나. 수주 및 판매전략 등\n1) 판매조직- 수주영업부서2) 수주전략① 공공공사회사가 강점을 가지고 있는 철도, 교량, 터널, 단지조성 등의 사업을 선택하고 집중하여 수주에 총력을 기울이는 한편 활발한 컨소시엄 구성 등을 통하여 경쟁우위를 지속 확보해 나갈 예정입니다. 또한 철저한 집행 리스크 점검으로 집행관리를 강화하고, 신인도 제고에 노력을 기울일 것이며 수익성 있는 수주를 위해 견적인력의 확보로 조직 역량을 강화하여 당사 성장동력으로서의 역할을 유지해 나갈 것입니다.- 선택과 집중으로 수익성 있는 공사 수주- 수익성 있는 수주를 위한 영업- 견적인력확보로 조직역량 강화② 민간공사영업, 마케팅, 견적 등 수주인력을 확보하여 지역주택조합아파트, 오피스텔 등 민간건축에 수주 활동을 확대 추진하면서 우수한 지역에 소비자의 욕구에 부응하는 주택상품을 공급하고 있습니다.③ 해외도급공사현재 동남아, 아프리카 등의 국가에서의 토목 사업 등의 기반시설 사업 수주를 위해 노력하고 있습니다. 개성공단에 개성지사를 두고 철골공장 및 대북사업을 시행한 경험으로 북한지역의 기반시설 사업영역에 진출을 위해 변화되는 환경에 대비하고 있습니다.동남아에서는 베트남 옌벤-라오까이 철도개량 2공구 공사를 완료하고 베트남 하노이-하이퐁 고속도로 2공구, 10공구, 옌바이 철도개량 2공구 공사를 수행하였으며 2020년 필리핀 팡일만 교량 건설공사를 수주하였습니다. 이를 토대로 남광토건은 다양한 철도관련 시공경험을 바탕으로 베트남 철도분야에서 더 많은 수주를 기대하고 있습니다. 2020년에는 필리판 팡일만 교량건설을 수주하였으며, 회사는 이밖의 새로운해외시장을 진출하기 위해 노력중이며 해외사업 부분에 더욱 박차를 가할 것 입니다.\xa0\xa0\n3) 판매전략(분양 및 임대전략) \xa0\xa0 - 주택건설 촉진법 및 입주자 모집공고 승인(관할시)에 의거 판매\xa0\xa0 - 분양 유망지역 중심의 사업추진 및 기술력 제고에 의한 경쟁우위 확보\n6. 수주상황가. 수주상황\n(단위 : 천원 )\n공사명\n발주처\n계약일\n완공예정일\n수주총액\n완성공사액\n수주잔고\n충화-구룡도로\n충청남도\n2013-12-27\n2020-05-11\n7,145,800\n6,191,218\n954,582\n마곡2공구 조경공사\n서울특별시 SH공사\n2016-09-05\n2022-06-30\n3,885,794\n3,317,649\n568,145\n나진교재가설\n경기도 김포시\n2017-09-11\n2020-09-30\n7,292,900\n4,267,520\n3,025,380\n거열산성 진입도로\n경상남도 거창군\n2018-02-21\n2020-12-31\n5,284,115\n3,643,053\n1,641,062\n아산호마둔지 농촌용수\n한국농어촌공사 경기지역본부\n2018-04-17\n2021-12-20\n8,752,821\n4,895,947\n3,856,874\n광양항성황고가교\n해양수산부 여수지방청\n2019-01-03\n2022-01-01\n14,656,841\n2,758,682\n11,898,159\n국지도중리천리2공구\n서울주택도시공사\n2019-08-21\n2022-08-20\n23,679,558\n518,021\n23,161,537\n경기도북부청사주차장\n의정부시청\n2020-02-27\n2021-08-09\n7,978,225\n84,403\n7,893,822\n외포항\n마산지방해양수산청\n2015-08-26\n2022-07-19\n13,513,636\n9,210,284\n4,303,352\n도담-영천8공구\n한국철도시설공단\n2015-11-02\n2020-12-31\n77,869,273\n62,710,021\n15,159,252\n생림-상동도로\n경상남도\n2008-03-13\n2021-12-31\n96,265,000\n79,445,133\n16,819,867\n장고항\n대산지방해양수산청\n2015-06-30\n2021-05-29\n32,359,709\n25266116\n7,093,593\n고덕국제화지구외도로\n경기도시공사\n2016-03-10\n2020-03-08\n18,445,443\n13,145,796\n5,299,647\n슬레드 시험실\xa0 \xa0\xa0\n국방과학연구소\n2016-12-26\n2021-11-15\n47,701,495\n30,815,327\n16,886,168\n고덕강일택지\xa0 \xa0\xa0\n서울주택도시공사\n2017-02-08\n2020-09-23\n51,920,880\n27,061,857\n24,859,023\n안산하수관로\xa0\xa0\n안산수 상하수도사업소\n2017-03-06\n2020-05-20\n6,649,859\n6,649,859\n0\n양재천 우안도로\n서울주택도시공사\n2017-07-10\n2020-08-30\n17,474,433\n11,273,253\n6,201,180\n대구외곽순환1공구\n한국도로공사\n2013-06-30\n2020-12-30\n15,162,473\n11,742,089\n3,420,384\n포항 영일만항\n포항지방해양수산청\n2017-12-15\n2023-05-02\n33,516,069\n7,855,691\n25,660,378\n인천신항신규준설토\n해양수산부\n2019-03-27\n2022-09-06\n35,001,764\n9,862,586\n25,139,178\n에코델타2-4\n한국수자원공사\n2019-10-15\n2024-10-12\n19,804,545\n2,553,072\n17,251,473\n새만금전주고속4공구\n한국도로공사\n2018-05-15\n2024-12-08\n101,564,048\n6,438,445\n95,125,603\n삼성동탄철도5공구\n한국철도시설공단\n2019-03-05\n2024-02-05\n143,045,418\n4,837,405\n138,208,013\n동김해~식만도로\n부산광역시 건설본부\n2019-11-15\n2023-11-13\n17,626,131\n318394\n17,307,737\n세종~안성간 고속도로\n한국도로공사\n2019-12-27\n2023-09-07\n123,337,248\n440,193\n122,897,055\n구만~오음간 도로\n강원도\n2019-10-30\n2024-10-02\n15,853,514\n221,260\n15,632,254\n영종하늘도시조경공사\xa0 \xa0\n인천도시공사\n2014-06-02\n2020-05-31\n7,149,276\n6,870,469\n278,807\n고덕강일배전관로\n한국전력공사\n2019-04-22\n2020-09-18\n360,550\n252400\n108,150\n고덕강일배전관로3\n한국전력공사\n2019-07-29\n2020-11-25\n278,900\n139,900\n139,000\n고덕강일배전관로1\n한국전력공사\n2019-12-02\n2020-07-14\n866,880\n0\n866,880\n인천만수아파트현장\n인천 만수동 지역주택조합\n2018-04-28\n2020-07-28\n96,429,800\n76,812,351\n19,617,449\n천안백석하우스토리\n한국토지신탁\n2018-08-31\n2020-02-28\n23,454,226\n21,919,085\n1,535,141\n포항우현하우스토리\n포항우현지역주택조합\n2018-08-16\n2020-03-31\n54,474,000\n54,442,318\n31,682\n횡성하우스토리\n한국토지신탁\n2018-12-20\n2021-02-28\n35,312,133\n15,949,474\n19,362,659\n인천영종하우스토리\n하나자산신탁\n2019-04-17\n2021-12-31\n41,449,795\n6,042,685\n35,407,110\n한전남양주사옥\n한국전력공사\n2019-05-27\n2020-12-06\n8,134,560\n2,494,448\n5,640,112\n인천경서하우스토리\n경서지졍주택조합\n2019-07-26\n2021-10-26\n42,456,400\n1,882,570\n40,573,830\n세종시 아파트 13공구 및 집짓기\n한국토지주택공사\n2019-12-26\n2022-06-20\n31,445,400\n455,546\n30,989,854\n인천영종하우스토리3차\n하나자산신탁\n2020-01-28\n2022-09-30\n51,077,000\n160,658\n50,916,342\n합\xa0 계\n1,338,675,912\n522,945,178\n815,730,734\n(*) 보고기간 종료일 현재 실질적인 공사는 완료되었으나, 시운전 또는 정산 협의중인 계약이 포함되어 있으며, 비공개계약은 존재하지 않습니다.\n7. 시장위험과 위험관리\n연결실체의 주요 금융부채는 회생채무, 매입채무 및 기타채무, 금융보증계약으로 구성되어 있습니다. 또한, 연결실체는 영업활동에서 발생하는 매출채권및기타채권, 현금 및 단기예치금과 매도가능금융자산을 보유하고 있습니다. \n연결실체의 금융자산 및 금융부채에서 발생할 수 있는 주요 위험은 시장위험, 신용위험 및 유동성위험입니다.\xa0 이러한 각각의 위험들을 관리하기 위하여 이사회에서 검토되고 승인된 원칙은 다음과 같습니다.1-1 시장위험시장위험은 시장가격의 변동으로 인하여 금융상품의 공정가치가 변동할 위험입니다.시장위험은 이자율위험, 환위험 및 기타 가격위험의 세 가지 유형으로 구성되어 있으며, 유형별 민감도 분석은 당분기말 및 전기말과 관련되어 있습니다. 1-2 이자율위험이자율위험은 시장이자율의 변동으로 인하여 금융상품의 공정가치나 미래현금흐름이 변동할 위험입니다. 한편, 당분기말과 전기말 현재 연결실체의 차입금 항목은 주로 회생채무로서 이자율변동이 금융부채의 현금흐름에 미치는 영향은 중요하지 아니합니다.\n1-3 환위험환위험은 환율의 변동으로 인하여 금융상품의 공정가치가 변동할 위험입니다. 연결실체는 해외 영업활동 등으로 인하여 USD 등의 환위험에 노출되어 있습니다. 당분기말과 전기말 현재 기능통화 이외의 외화로 표시된 화폐성자산 및 부채의 장부금액은 다음과 같습니다.\n(단위: 천원)\n구 분\n당분기말\n전기말\n자산\n부채\n자산\n부채\nUSD\n3,936,111\n-\n3,935,870\n\xa0-\xa0\n합 계\n3,936,111\n-\n3,935,870\n\xa0 \xa0 \xa0 \xa0 \xa0 \xa0 \xa0 \xa0 \xa0 \xa0 \xa0\xa0 -\xa0\n(주1) VND: 베트남 통화연결실체는 내부적으로 원화 환율 변동에 대한 환위험을 정기적으로 측정하고 있습니다. 당분기말과 전기말 현재 각 외화에 대한 기능통화의 환율 10% 변동시 환율변동이 당기 포괄손익에 미치는 영향은 다음과 같습니다.\n(단위: 천원)\n구 분\n당분기말\n전기말\n10% 상승시\n10% 하락시\n10% 상승시\n10% 하락시\nUSD\n393,611\n(393,611)\n393,587\n(393,587)\n합 계\n393,611\n(393,611)\n393,587\n(393,587)\n상기 민감도 분석은 당기말과 전기말 현재 기능통화 이외의 외화로 표시된 화폐성 자산 및 부채를 대상으로 하였습니다.\n2. 신용위험 \n신용위험은 전사차원에서 관리되고 있습니다. 신용위험은 보유하고 있는 건설계약 등 영업활동과 관련한 수취채권 및 특수관계자 대여금에 대한 신용위험뿐 아니라 현금및현금성자산, 은행 및 금융기관 예치금으로부터 발생하고 있습니다. 은행 및 금융기관 예치금의 경우, 한국외환은행 등 신용등급이 우수한 금융기관과 거래하고 있으므로 금융기관으로부터의 신용위험은 제한적입니다. 건설계약 등 영업활동과 관련한거래처의 경우 독립적으로 신용평가를 받는다면 평가된 신용등급이 사용되며, 독립적인 신용 등급이 없는 경우에는 고객의 재무상태, 과거경험 등 기타 요소들을 고려하여 신용을 평가하게 됩니다.\n3. 유동성 위험 연결회사는 영업 자금 수요를 충족시킬 수 있도록 유동성에 대한 예측을 모니터링하고 있으며, 유동성에 대한 예측 시에는 회사의 자금조달 계획, 약정 준수, 연결회사 내부의 목표재무비율 및 통화에 대한 제한과 같은 외부 법규나 법률 요구사항이 있는 경우 그러한 요구사항을 고려하고 있습니다. 연결회사가 보유하고 있는 자금 중운전자본관리를 위해 필요한 자금을 초과하는 잉여자금은 연결회사에서 관리하고 있습니다. 연결회사는 상기에서 언급한 예측을 통해 결정된 대로 여유있는 유동성이 확보될 수 있도록 적절한 만기나 충분한 유동성을 제공해주는 수시입출금식 예금, 정기예금 등의 금융상품을 선택하여 잉여자금을 투자하고 있습니다. 아래 표는 할인되지 않은 계약상 현금흐름에 근거하여 작성된 금융부채의 만기정보입니다.\n<당분기말>\xa0\n(단위: 천원)\n구 분\n1년 미만\n1년 ~ 5년\n합 계\n매입채무\n22,139,479\n-\n22,139,479\n기타채무\n29,608,819\n-\n29,608,819\n회생채무\n221,005\n-\n221,005\n차입금\n10,203,329\n-\n10,203,329\n리스부채\n638,561\n\xa0 \xa0 \xa0 \xa0\xa0 1,100,893\xa0\n1,739,454\n금융보증부채 등\n318,607,221\n-\n318,607,221\n합 계\n381,418,414\n\xa0 \xa0 \xa0 \xa0 1,100,893\xa0\n360,379,828\n<전기말>\xa0\n(단위: 천원)\n구 분\n1년 미만\n1년 ~ 5년\n합 계\n매입채무\n44,863,602\n-\n44,863,602\n기타채무\n39,179,426\n-\n39,179,426\n회생채무\n221,005\n-\n221,005\n차입금\n25,245,011\n-\n25,245,011\n리스부채\n671,412\n1,210,714\n1,882,126\n금융보증부채 등\n330,526,221\n-\n330,526,221\n합 계\n440,706,677\n1,210,714\n441,917,391\n(*1) 재무상태표의 기타채무 장부금액과 차이는 예수금 및 종업원급여 관련 미지급비용 금액입니다.\n4. 자본관리연결회사의 자본관리목적은 계속기업으로서 주주 및 이해당사자들에게 이익을 지속적으로 제공할 수 있는 능력을 보호하고 자본비용을 절감하기 위해 최적 자본구조를 유지하는 것입니다. 연결회사는 부채비율에 기초하여 자본을 관리하고 있습니다. 총부채를 총자본으로 나누어 산출하고 있으며 총부채 및 총자본은 재무제표의 공시된 숫자로 계산합니다.\xa0 \n(단위: 천원)\n구 분\n20.03.31\n19.13.31\n총부채(A)\n144,142,526\n149,693,739\n총자본(B)\n55,903,990\n52,872,926\n부채비율(A/B)\n258%\n283%\n8. 경영상의 주요 계약 등당사는 2015년 11월 4일자로 서울중앙지방법원으로부터 허가를 득하여 세운건설 컨소시엄과 M&A투자계약을 체결하였습니다. M&A투자계약에 의한 인수금액은 320억원, 발행한 보통주식수는 6,400,000주이며, 동 투자계약은 2015년 12월 18일 서울중앙지방법원에서 개최한 관계인집회에서 인가되었습니다.또한, 동 변경회생계획인가 이후 회생담보권과 회생채권의 대부분을 변제하여\xa02016년 2월 4일에 서울중앙지방법원으로부터 회생절차종결 결정을 받았습니다.\n9. 연구개발활동가. 연구개발활동의 개요\n1) 연구개발 담당조직\n- 기술부서\n2) 연구개발비용\n(단위 :천원 )\n과\xa0 \xa0 \xa0\xa0 목\n제66기\n제65기\n제64기\n비 고\n원\xa0 재\xa0 료\xa0 비\n-\n-\n-\n-\n인\xa0 \xa0 건\xa0 \xa0 비\n552,953\n383,149\n279,784\n-\n감 가 상 각 비\n-\n-\n-\n-\n위 탁 용 역 비\n103,275\n15,830\n-\n-\n기\xa0 \xa0 \xa0 \xa0 \xa0 \xa0 타\n53,767\n\xa0\xa0 32,618\n41,881\n-\n연구개발비용 계\n709,995\n431,597\n321,665\n-\n회계처리\n\xa0판매비와 관리비\n709,995\n431,597\n321,665\n-\n\xa0제조경비\n-\n-\n-\n-\n\xa0개발비(무형자산)\n-\n-\n-\n-\n연구개발비 / 매출액 비율[연구개발비용계÷당기매출액×100]\n0.30%\n0.27%\n0.28%\n-\n나. 연구개발 실적\xa0\n(단위 :천원 )\n구\xa0 분\n연구방법\n연구개발목표/기대효과\n수행기간\n\xa0 신기술/신공법 지정\n자체/공동\n- 기술경쟁력 및 수주경쟁력 강화- 공사원가절감 및 고품질확보 유도\n2020.01~2020.03\n10. 그 밖에 투자의사결정에 필요한 사항가. 회사의 상표정책 및 고객관리 정책당사는 현재 ""Haustory""이라는 브랜드를 사용하고 있습니다. 고객들에게 고급화, 차별화 전략을 통해 고객들에게 브랜드 이미지를 심어주고 있습니다.\xa0 앞으로도 당사의브랜드를 더욱 발전시킬 것이며 고객들이 만족할 수 있는 제품으로 다가갈 수 있도록전직원이 하나가 되어서 시공부터 분양까지 모든 고객이 만족할 수 있는 방향으로 나아갈 것입니다.① 인터넷 홈페이지 운영""Haustory"" 브랜드 홈페이지를 구축하여 브랜드 관련 일반정보를 비롯하여 분양ㆍ공사ㆍ입주현황 및 각종 커뮤니티 서비스와 더불어 계약자를 위한 서비스 시스템을 운영하여 소비자가 편리하게 브랜드에 접근할 수 있도록 관리하고 있습니다. ② 고객센터 운영""Haustory"" 고객센터를 운영하여 체계적으로 VOC(Voice Of Customer)를 수렴합니다. 전 사업본부의 유기적인 네트워크로 고객문의에 대응하고 제품 및 서비스개선에 반영함으로써 고객만족과 더불어 기업 발전을 위한 데이터베이스로 활용하고 있으며, 적극적으로 고객의견을 청취, 피드백 활동에 최선을 다하고 있습니다③ 입주고객을 위한 사전점검 서비스입주자 사전점검 행사를 실시하여 ""Haustory"" 고객으로서의 자부심과 충성도 제고에기여하고 있습니다. ④ VI 매뉴얼 수립 및 적용""Haustory"" 현장의 Visual Identity를 통일하는 표준매뉴얼을 구축하고, 이를 기준으로 현장펜스의 CI/BI 및 홍보물을 전사적으로 관리합니다나. 지적재산권 보유 현황\n(1) 토 목\n\xa0내\xa0 \xa0 \xa0 \xa0 용\n권 리\n등록번호\n존속연한\n강관말뚝의 유효단면확대용 선단슈장치\n특 허\n10-0469667\n2022년\n토류벽의 지지구조\n특 허\n10-0576293\n2024년\n흙막이 벽체 지지용 버팀보의 연결구조\n특 허\n10-0699040\n2024년\n수건 건조기\n특 허\n10-0787650\n2026년\n지면 보강을 위한 앵커 및 앵커시공방법\n특 허\n10-0912930\n2028년\n프리스트레스 합성형교의 연속지점부상의 상부 및 하부내하력 보강을 위한 강-콘크리트 합성 거더\n특 허\n10-0944241\n2028년\n플랜지보강 합성부재 및 이를 이용한 흙막이 지지구조\n특 허\n10-0997509\n2028년\n수직 정원 모듈\n특 허\n10-1488380\n2032년\n말림이 방지되는 지착식 방수시트\n특 허\n10-2038306\n2039년\n(2) 건 축\n구분\n지적재산권의 제목 및 내용\n근거법령\n취득소요인력 및 시간\n상용화여부\n특허등록\n강관말뚝의 유효단면확대용 선단슈장치\n5명/2년\n-\nx\n플랜지보강 합성부재 및 이를 이용한흙막이 지지구조\n5명/2년\n-\nx\n다단 헤드확장형 마이크로 파일\n5명/2년\n-\nx\n투수 도로판석\n5명/2년\n-\no\n열 차단 성능을 가진 도막방수공법의조성물과 스티치 본딩법으로 제조된 섬유시트를 이용한 방수시공방법(쿨루프 복합 차열방수공법)\n5명/2년\n-\no\n상표등록\n도형(Haustory)\n상표법\n5명/6개월\no\n도형(namkwang)\n5명/6개월\no\n']"
