text
"['\n3. 연결재무제표 주석\n제12(당)기 2021년 1월 1일부터 2021년 12월 31일까지\n제11(전)기 2020년 1월 1일부터 2020년 12월 31일까지\n회사명 : 주식회사 케이탑자기관리부동산투자회사와 그 종속회사\n1. 일반사항(1) 지배기업의 개요\n주식회사 케이탑자기관리부동산투자회사와 그 종속기업(이하 ""연결실체"")의 지배기업인 주식회사 케이탑자기관리부동산투자회사는 부동산투자회사법에 따른 자기관리부동산투자회사로 2010년 11월 4일자로 설립되어 2011년 2월 24일자로 국토교통부로부터 영업인가를 취득하였으며, 2012년 1월 31일에 당사의 주식을 한국거래소가 개설한 유가증권 시장에 상장하였습니다. 지배기업의 주요사업목적은 부동산의취득ㆍ관리ㆍ개량 및 처분, 부동산개발사업, 부동산의 임대차 등으로부터 발생한 수익을 주주에게 배당하는 것입니다. 한편, 지배기업의 본점소재지는 서울특별시 영등포구 국제금융로 70 미원빌딩 19층이며, 당기말 현재 자본금은 46,224백만원입니다.당기말 현재 지배기업의 주요주주 현황은 다음과 같습니다.\n주주명\n소유주식수㈜\n지분율(%)\n에이제이네트웍스(주)\n\xa0 \xa0 \xa0 \xa0 \xa0 \xa0 \xa0 3,525,085\xa0\n7.63\nDAIWAHOUSEINDUSTRYCO.,LTD.\n\xa0 \xa0 \xa0 \xa0 \xa0 \xa0 \xa0 3,263,214\xa0\n7.06\n골든스틱(주)\n\xa0 \xa0 \xa0 \xa0 \xa0 \xa0 \xa0 2,721,305\xa0\n5.89\nKABUSHIKI-KAISHAXYMAX\n\xa0 \xa0 \xa0 \xa0 \xa0 \xa0 \xa0 2,189,151\xa0\n4.74\nSYSTEM LOCATION CO.,LTD.\n\xa0 \xa0 \xa0 \xa0 \xa0 \xa0 \xa0 1,400,000\xa0\n3.03\n이명식\n\xa0 \xa0 \xa0 \xa0 \xa0 \xa0 \xa0 1,374,449\xa0\n2.97\n기타\n\xa0 \xa0 \xa0 \xa0 \xa0 \xa0 31,750,923\xa0\n68.69\n합 계\n\xa0 \xa0 \xa0 \xa0 \xa0 \xa0 46,224,127\xa0\n100.00\n(2) 종속기업의 개요당기말 종속기업 현황은 다음과 같습니다.\n기업명\n총발행주식수\n보유주식수\n지분율(주3)\n결산월\n업종\n소재지\n비고\n(주)케이맥스\n1,300,000\xa0\n910,000\xa0\n70%\n12월\n건물관리,사업시설유지관리\n한국\n(주1)\n케이맥스빌딩관리㈜\n20,000\xa0\n14,000\xa0\n70%\n12월\n시설,빌딩관리컨설팅업,부동산관리업\n한국\n(주2)\n㈜케이맥스부동산중개법인\n10,000\xa0\n7,000\xa0\n70%\n12월\n부동산 자문 및 중개업\n한국\n(주2)\n(주1) 당사는 부동산 시설의 전문적이고 효율적인 관리를 위하여, 2021년 7월2일자로 케이맥스㈜의 지분 70%를 취득하였습니다.(주2) 케이맥스㈜의 100%자회사입니다.(주3) 종속기업 보유 지분율을 포함한 주식 기준입니다.\n2. 재무제표 작성기준 및 중요한 회계정책(1) 재무제표 작성기준연결실체의 재무제표는 한국채택국제회계기준에 따라 작성되었습니다.재무제표 작성에 적용된 중요한 회계정책은 아래 기술되어 있으며, 당기 재무제표의 작성에 적용된 중요한 회계정책은 아래에서 설명하는 기준서나 해석서의 도입과 관련된 영향을 제외하고는 전기 재무제표 작성시 채택한 회계정책과 동일합니다. 재무제표는 매 보고기간 말에 재평가금액이나 공정가치로 측정되는 투자부동산, 유형자산(토지와 건물), 특정 비유동자산과 금융자산을 제외하고는 역사적 원가주의를 기준으로 작성되었습니다. 역사적원가는 일반적으로 자산을 취득하기 위하여 지급한대가의 공정가치로 측정하고 있습니다. 연결실체는 재무제표에 포함되는 항목들을 영업활동이 이루어지는 주된 경제환경에서의 통화(기능통화)를 이용하여 측정하고 있으며, 연결실체의 기능통화와 표시통화는 원(KRW)입니다.  1) 연결실체는 2021년 1월 1일로 개시하는 회계기간부터 다음의 제·개정 기준서를 신규로 적용하였습니다.\r\n- 기업회계기준서 제 1116호 \'리스\' 개정 - 코로나19 (Covid-19) 관련 임차료 면제ㆍ할인ㆍ유예에 대한 실무적 간편법\n실무적 간편법으로, 리스이용자는 코로나19의 직접적인 결과로 발생한 임차료 할인 등(rent concession)이 리스변경에 해당하는지 평가하지 않을 수 있습니다. 이러한 선택을 한 리스이용자는 임차료 할인 등으로 인한 리스료 변동을 그러한 변동이 리스변경이 아닐 경우에 이 기준서가 규정하는 방식과 일관되게 회계처리하여야 합니다. 동 개정사항은 2020년 6월 1일 이후 시작하는 회계연도부터 적용되며, 조기도입이 가능합니다. 연결실체는 동 개정으로 인해 재무제표에 중요한 영향은 없을 것으로 예상하고 있습니다.  - 기업회계기준서 제1109호 \'금융상품\', 제1039호 \'금융상품: 인식과 측정\', 제1107호 \'금융상품: 공시\', 제 1104호 ‘보험계약’ 및 제 1116호 ‘리스’ 개정 - 이자율지표 개혁\n이자율지표 개혁과 관련하여 상각후원가로 측정되는 금융상품의 이자율지표 대체시 장부금액이 아닌 유효이자율을 조정하고, 위험회피관계에서 이자율지표 대체가 발생한 경우에도 중단 없이 위험회피회계를 계속할 수 있도록 하는 등의 예외규정을 포함하고 있습니다. 동 개정사항은 2021년 1월 1일 이후에 시작하는 회계연도부터 적용되며, 조기적용이 허용됩니다. 연결실체는 동 개정으로 인해 재무제표에 중요한 영향은 없을 것으로 예상하고 있습니다.  2) 연결실체가 적용하지 않은 제·개정 기준서\n제정 또는 공표됐으나 2021년 1월 1일 이후 시작하는 회계연도에 시행일이 도래하지않았고, 연결실체가 조기 적용하지 않은 주요 제ㆍ개정 기준서는 다음과 같습니다.  - 기업회계기준서 제1103호 ‘사업결합’ 개정 - 개념체계의 인용\n인식할 자산과 부채의 정의를 개정된 재무보고를 위한 개념체계를 참조하도록 개정되었으나, 기업회계기준서 제1037호 ‘충당부채, 우발부채 및 우발자산’ 및 해석서제2121호 ‘부담금’의 적용범위에 포함되는 부채 및 우발부채에 대해서는 해당 기준서를 적용하도록 예외를 추가하고, 우발자산이 취득일에 인식되지 않는다는 점을 명확히 하였습니다. 동 개정사항은 2022년 1월 1일 이후 시작하는 회계연도부터 적용되며, 조기적용이 허용됩니다. 연결실체는 동 개정으로 인해 재무제표에 중요한 영향은없을 것으로 예상하고 있습니다.\n- 기업회계기준서 제1016호 ‘유형자산’ 개정 - 의도한 사용 전의 매각금액\n기업이 자산을 의도한 방식으로 사용하기 전에 생산된 품목의 판매에서 발생하는 수익을 생산원가와 함께 당기손익으로 인식하도록 요구하며, 유형자산의 취득원가에서차감하는 것을 금지하고 있습니다. 동 개정사항은 2022년 1월 1일 이후 시작하는 회계연도부터 적용되며, 조기적용이 허용됩니다. 연결실체는 동 개정으로 인한 재무제표의 영향을 검토 중에 있습니다.\n- 기업회계기준서 제1037호 ‘충당부채, 우발부채 및 우발자산’ 개정 - 손실부담계약: 계약이행원가\n손실부담계약을 식별할 때 계약이행원가의 범위를 계약 이행을 위한 증분원가와 계약 이행에 직접 관련되는 다른 원가의 배분이라는 점을 명확히 하였습니다. 동 개정사항은 2022년 1월 1일 이후 시작하는 회계연도부터 적용되며, 조기적용이 허용됩니다. 연결실체는 동 개정으로 인해 재무제표에 중요한 영향은 없을 것으로 예상하고 있습니다.\n- 기업회계기준서 제1001호 \'재무제표 표시\' 개정 - 부채의 유동/비유동 분류\n보고기간말 현재 존재하는 실질적인 권리에 따라 유동 또는 비유동으로 분류되며, 부채의 결제를 연기할 수 있는 권리의 행사가능성이나 경영진의 기대는 고려하지 않습니다. 또한, 부채의 결제에 자기지분상품의 이전도 포함되나, 복합금융상품에서 자기지분상품으로 결제하는 옵션이 지분상품의 정의를 충족하여 부채와 분리하여 인식된경우는 제외됩니다. 동 개정사항은 2023년 1월 1일 이후 시작하는 회계연도부터 적용하며, 조기적용이 허용됩니다. 연결실체는 동 개정으로 인한 재무제표의 영향을 검토 중에 있습니다.\n- 기업회계기준서 제1117호 \'보험계약’ 제정 기업회계기준서 제1117호 \'보험계약\'은 기업회계기준서 제1104호 \'보험계약’을 대체할 예정입니다. 이 기준서는 보험계약에 따른 모든 현금흐름을 추정하고 보고시점의 가정과 위험을 반영한 할인율을 사용하여 보험부채를 측정하고, 매 회계연도별로 계약자에게 제공한 서비스(보험보장)를 반영하여 수익을 발생주의로 인식하도록 합니다. 또한, 보험사건과 관계없이 보험계약자에게 지급하는 투자요소(해약/만기환급금)는 보험수익에서 제외하며, 보험손익과 투자손익을 구분 표시하여 정보이용자가 손익의 원천을 확인할 수 있도록 하였습니다. 동 기준서는 2023년 1월 1일 이후 최초로 시작하는 회계연도부터 적용되며, 기업회계기준서 제1109호 \'금융상품\'을 적용한기업은 조기적용이 허용됩니다. 연결실체는 동 개정으로 인해 재무제표에 중요한 영향은없을 것으로 예상하고 있습니다.  - 기업회계기준서 제1001호 ‘재무제표 표시’- 회계정책’의 공시\n중요한 회계정책을 정의하고 공시하도록 하며, 중요성 개념을 적용하는 방법에 대한 지침을 제공하기 위하여 국제회계기준 실무서 2 ‘회계정책 공시’를 개정하였습니다. 동 개정 사항은 2023년 1월 1일 이후 최초로 시작하는 회계연도부터 적용되며 조기적용이 허용됩니다. 연결실체는 동 개정으로 인해 재무제표에 중요한 영향은 없을 것으로 예상하고 있습니다.\n- 기업회계기준서 제1008호 ‘회계정책, 회계추정의 변경 및 오류\' - ‘회계추정’의 정의\n회계추정을 정의하고, 회계정책의 변경과 구별하는 방법을 명확히 하였습니다. \xa0동 개정 사항은 2023년 1월 1일 이후 최초로 시작하는 회계연도부터 적용되며 조기적용이 허용됩니다. 연결실체는 동 개정으로 인해 재무제표에 중요한 영향은 없을 것으로예상하고 있습니다.\n- 기업회계기준서 제1012호 ‘법인세’- 단일거래에서 생기는 자산과 부채에 대한 이연법인세\n\xa0자산 또는 부채가 최초로 인식되는 거래의 최초 인식 예외 요건에 거래시점 동일한 가산할 일시적차이와 차감할 일시적차이를 발생시키지 않는 거래라는 요건을 추가하였습니다. 동 개정사항은 2023년 1월 1일 이후 시작하는 회계연도부터 적용하며, 조기적용이 허용됩니다. 연결실체는 동 개정으로 인해 재무제표에 중요한 영향은 없을 것으로 예상하고 있습니다.\n- 한국채택국제회계기준 연차개선 2018-2020\n한국채택국제회계기준 연차개선 2018-2020은 2022년 1월 1일 이후 시작하는 회계연도부터 적용되며, 조기적용이 허용됩니다. 연결실체는 동 개정으로 인해 재무제표에 중요한 영향은 없을 것으로 예상하고 있습니다.\n·기업회계기준서 제1101호 \'한국채택국제회계기준의 최초 채택\' : 최초채택기업인 종속기업\n·기업회계기준서 제1109호 \'금융상품\' : 금융부채 제거 목적의 10% 테스트 관련 수수료\n·기업회계기준서 제1116호 \'리스\' : 리스 인센티브\n·기업회계기준서 제1041호 \'농립어업\' : 공정가치 측정\n\xa0\n(2) 중요한 회계정책\n1) 연결\n① 사업결합\n연결실체는 취득한 활동과 자산의 집합이 사업의 정의를 충족하고 동일지배 하에 있는 기업 실체나 사업에 대한 결합이 아닌 경우에 취득법을 적용하여 회계처리하고 있습니다. 연결실체는 특정 활동과 자산의 집합을 사업으로 보기 위하여 취득한 활동과자산의 집합이 최소한 산출물을 창출하는 능력, 투입물, 실질적인 과정을 포함하는지를 평가하고 있습니다.\n연결실체는 취득한 활동과 자산의 집합이 사업인지 여부를 간단하게 평가할 수 있는 집중테스트를 적용할 수 있습니다. 연결실체는 취득한 총자산의 공정가치가 대부분이 식별가능한 비슷한 자산 집합에 집중되어 있는 경우에 선택적 집중테스트를 적용할 수 있습니다.\n이전대가는 일반적으로 식별가능한 취득 순자산을 공정가치로 측정하는 것과 동일하게 공정 가치로 측정하고 있습니다. 사업결합의 결과 영업권이 발생되면 매년 손상검사를 수행하고 있으며, 염가매수차익이 발생되면 즉시 당기손익으로 인식하고 있습니다. 취득관련원가는 기업회계기준서 제1032호와 기업회계기준서 제1109호에 따라 인식하는 채무증권과 지분증권의 발행원가를 제외하고, 원가가 발생하고 용역을 제공받은 기간에 비용으로 회계처리하고 있습니다.\n이전대가는 기존관계의 정산과 관련된 금액을 포함하고 있지 않으며, 기존관계의 정산금액 은 일반적으로 당기손익으로 인식하고 있습니다.\n조건부대가는 취득일에 공정가치로 측정되고 있습니다. 자본으로 분류되는 조건부대가는 재 측정하지 않으며, 그 후속 정산은 자본 내에서 회계처리하고 있습니다. 조건부대가가 자본으로 분류되지 않는 경우, 후속적으로 조건부대가의 공정가치 변동을 인식하여 당기손익으로 처리하고 있습니다.\n피취득자의 종업원이 보유하고 있는 보상과 교환된 취득자의 주식기준보상의 경우, 취득자의 대체보상에 대한 시장기준 측정치의 전부 또는 일부는 사업결합의 이전대가 측정에 포함되고 있습니다. 피취득자에 대한 이전대가의 일부인 대체보상 부분과 사업결합 후 근무용역에 대한 보수 부분은 피취득자의 보상에 대한 시장기준측정치와 사업결합 전 근무용역에 대 한 대체 보상액을 비교하여 결정되고 있습니다.\n② 종속기업\n종속기업은 연결실체에 의해 지배되는 기업입니다. 연결실체는 피투자기업에 대한 관여로 변동이익에 노출되거나 변동이익에 대한 권리가 있고 피투자기업에 대하여 자신의 힘으로 그러한 이익에 영향을 미치는 능력이 있을 때 피투자기업을 지배합니다. 종속기업의 재무제표는 지배기업이 종속기업에 대한 지배력을 획득하는 날부터 지배력을 상실할 때까지 연결 재무제표에 포함됩니다.\n③ 비지배지분\n비지배지분은 취득일에 피취득자의 식별가능한 순자산에 대해 인식한 금액 중 현재의 지분 상품의 비례적 몫으로 측정하고 있습니다.\n지배력을 상실하지 않는 종속기업에 대한 지배기업의 소유지분 변동은 자본거래로 회계처리 하고 있습니다.\n④ 지배력의 상실\n지배기업이 종속기업에 대한 지배력을 상실한다면, 연결재무상태표에서 종전의 종속기업에 대한 자산과 부채를 제거하고 종전의 지배지분에 귀속되는 지배력 상실 관련 손익을 인식합니다. 종속기업에 대한 잔존 투자는 지배력을 상실한 때의 공정가치로 인식합니다.\n⑤ 지분법피투자기업에 대한 지분\n연결실체의 지분법피투자기업에 대한 지분은 관계기업과 공동기업의 지분으로 구성되어 있습니다. 관계기업은 연결실체가 재무정책 및 영업정책에 대한 유의적인 영향력을 보유하고 있으나, 지배하거나 공동 지배하지 않는 기업입니다. 공동기업은 연결실체가 약정의 자산에 대한 권 리와 부채에 대한 의무를 보유하는 것이 아니라 약정의 순자산에 대한권리를 보유하고 있는 기업입니다. 관계기업과 공동기업에 대한 투자지분은 최초에 거래원가를 포함하여 원가로 인식하고, 취 득 후에는 지분법을 사용하여 회계처리하고 있습니다. 즉, 취득일 이후에 발생한 피투자자의 당기순손익 및 기타포괄손익 중 연결실체의 지분에 해당하는 금액을 장부금액에 가감하고, 피투자자에게 받은 분배액은 투자지분의 장부금액에서 차감하고 있습니다.\n⑥ 내부거래제거\n연결실체 내의 거래, 이와 관련된 잔액, 수익과 비용, 미실현손익(외환차손익제외)은 연결재 무제표 작성시 모두 제거하고 있습니다. 한편, 연결실체는 지분법피투자기업과의 거래에서 발생한 미실현이익 중 연결실체의 몫은 제거하고 있으며, 미실현손실은 자산손상의 증거가 없다면 미실현이익과 동일한 방식으로 제거하고 있습니다.\n⑦ 동일지배하의 사업결합\n동일지배하에 있는 기업실체나 사업에 대한 결합은 취득한 자산과 인수한 부채를 최상위지배기업의 연결재무제표 상 장부금액으로 인식하고 있습니다. 연결실체는 이전대가와 취득한 순자산 장부금액의 차액을 자본잉여금에서 가감하고 있습니다.\n2) 금융자산 ① 분류다음의 측정 범주로 금융자산을 분류합니다.\n-\n공정가치 측정 금융자산 (기타포괄손익 또는 당기손익에 공정가치 변동 인식)\n-\n상각후원가 측정 금융자산\n금융자산은 금융자산의 관리를 위한 사업모형과 금융자산의 계약상 현금흐름 특성에근거하여 분류합니다.\n공정가치로 측정하는 금융자산의 손익은 당기손익 또는 기타포괄손익으로 인식합니다. 채무상품에 대한 투자는 해당 자산을 보유하는 사업모형에 따라 당기손익 또는 기타포괄손익으로 인식합니다. 연결실체는 금융자산을 관리하는 사업모형을 변경하는 경우에만 채무상품을 재분류합니다. 단기매매항목이 아닌 지분상품에 대한 투자는 최초 인식시점에 후속적인 공정가치 변동을 기타포괄손익으로 표시할 것을 지정하는 취소불가능한 선택을 할 수 있습니다. 지정되지 않은 지분상품에 대한 투자의 공정가치 변동은 당기손익으로 인식합니다.  ② 측정\n연결실체는 최초 인식시점에 금융자산을 공정가치로 측정하며, 당기손익-공정가치 측정 금융자산이 아닌 경우에 해당 금융자산의 취득이나 해당 금융부채의 발행과 직접 관련되는 거래원가는 공정가치에 가산합니다. 당기손익-공정가치 측정 금융자산의 거래원가는 당기손익으로 비용처리합니다.  내재파생상품을 포함하는 복합계약은 계약상 현금흐름이 원금과 이자로만 구성되어 있는지를 결정할 때 해당 복합계약 전체를 고려합니다.\n- 채무상품\n금융자산의 후속적인 측정은 금융자산의 계약상 현금흐름 특성과 그 금융자산을 관리하는 사업모형에 근거합니다. 연결실체는 채무상품을 다음의 세 범주로 분류합니다. (가) 상각후원가계약상 현금흐름을 수취하기 위해 보유하는 것이 목적인 사업모형 하에서 금융자산을 보유하고, 계약상 현금흐름이 원리금만으로 구성되어 있는 자산은 상각후원가로 측정합니다. 상각후원가로 측정하는 금융자산으로서 위험회피관계의 적용 대상이 아닌 금융자산의 손익은 해당 금융자산을 제거하거나 손상할 때 당기손익으로 인식합니다. 유효이자율법에 따라 인식하는 금융자산의 이자수익은 \'금융수익\'에 포함됩니다.\n\xa0(나) 기타포괄손익-공정가치 측정 금융자산계약상 현금흐름의 수취와 금융자산의 매도 둘 다를 통해 목적을 이루는 사업모형 하에서 금융자산을 보유하고, 계약상 현금흐름이 원리금만으로 구성되어 있는 금융자산은 기타포괄손익-공정가치로 측정합니다. 손상차손(환입)과 이자수익 및 외환손익을 제외하고는, 기타포괄손익-공정가치로 측정하는 금융자산의 손익은 기타포괄손익으로 인식합니다. 금융자산을 제거할 때에는 인식한 기타포괄손익누계액을 자본에서 당기손익으로 재분류합니다. 유효이자율법에 따라 인식하는 금융자산의 이자수익은 \xa0\'금융수익\'에 포함됩니다. 외환손익은 \'기타수익 또는 기타비용\'으로 표시하고 손상차손은 \'기타비용\'으로 표시합니다. (다) 당기손익-공정가치측정 금융자산상각후원가 측정이나 기타포괄손익-공정가치 측정 금융자산이 아닌 채무상품은 당기손익-공정가치로 측정됩니다. 위험회피관계가 적용되지 않는 당기손익-공정가치 측정 채무상품의 손익은 당기손익으로 인식하고 발생한 기간에 손익계산서에 \'기타수익 또는 기타비용\'으로 표시합니다.\n- 지분상품\n연결실체는 모든 지분상품에 대한 투자를 후속적으로 공정가치로 측정합니다. 공정가치 변동을 기타포괄손익으로 표시할 것을 선택한 지분상품에 대해 기타포괄손익으로 인식한 금액은 해당 지분상품을 제거할 때에도 당기손익으로 재분류하지 않습니다. 이러한 지분상품에 대한 배당수익은 연결실체가 배당을 받을 권리가 확정된 때 \'금융수익\'으로 당기손익으로 인식합니다.\n당기손익-공정가치로 측정하는 금융자산의 공정가치 변동은 손익계산서에 \'기타수익 또는 기타비용\'으로 표시합니다. 기타포괄손익-공정가치로 측정하는 지분상품에 대한 손상차손(환입)은 별도로 구분하여 인식하지 않습니다. ③ 손상\n연결실체는 미래전망정보에 근거하여 상각후원가로 측정하거나 기타포괄손익-공정가치로 측정하는 채무상품에 대한 기대신용손실을 평가합니다. 손상 방식은 신용위험의 유의적인 증가 여부에 따라 결정됩니다. 단, 매출채권에 대해 연결실체는 채권의 최초 인식시점부터 전체기간 기대신용손실을 인식하는 간편법을 적용합니다.\n\xa0\n3) 수익인식 연결실체는 2018년 1월 1일부터 기준서 제1115호 \'고객과의 계약에서 생기는 수익\'을 적용하였습니다. 제1115호에 따르면 모든 유형의 계약에 5단계 수익인식모형(① 계약 식별 → ② 수행의무 식별 → ③ 거래가격 산정 → ④ 거래가격을 수행의무에 배분 →⑤ 수행의무 이행 시 수익 인식)을 적용하여 수익을 인식합니다.\n\xa04) 차입원가 연결실체는 의도된 용도로 사용하거나 판매가능한 상태에 이르게 하는 데 상당한 기간을 필요로 하는 적격자산의 취득, 건설 또는 생산과 직접 관련된 차입원가는 당해 자산 원가의 일부로 자본화하고 있으며 기타 차입원가는 발생기간에 비용으로 인식하고 있습니다. 적격자산을 취득하기 위한 목적으로 특정하여 차입한 자금에 한하여 회계기간동안 그 차입금으로부터 실제 발생한 차입원가에서 당해 차입금의 일시적 운용에서 생긴 투자수익을 차감한 금액을 자본화가능차입원가로 결정하고 있습니다. 일반적인 목적으로 자금을 차입하고 이를 적격자산의 취득을 위해 사용하는 경우에 한하여 당해 자산관련 지출액에 자본화이자율을 적용하는 방식으로 자본화가능차입원가를 결정하고 있으며, 자본화이자율은 회계기간에 존재하는 기업의 차입금(적격자산을 취득하기 위해 특정 목적으로 차입한 자금 제외)에서 발생된 차입원가를 가중평균하여 산정하며 회계기간동안 자본화한 차입원가는 당해 기간동안 실제 발생한 차입원가를 초과할 수 없습니다.\n5) 유형자산\n유형자산의 원가는 당해 자산의 매입 또는 건설과 직접적으로 관련되어 발생한 지출로서 경영진이 의도하는 방식으로 자산을 가동하는데 필요한 장소와 상태에 이르게 하는 데 직접 관련되는 원가와 자산을 해체, 제거하거나 부지를 복구하는 데 소요될 것으로 최초에 추정되는 원가를 포함하고 있습니다.\n\xa0또한 자산으로부터 발생하는 미래경제적효익이 유입될 가능성이 높으며, 그 원가를 신뢰성 있게 측정할 수 있는 경우에 한하여 자산의 장부금액에 포함하거나 적절한 경우 별도의 자산으로 인식하고 있으며, 대체된 부분의 장부금액은 제거하고 있습니다.한편 일상적인 수선ㆍ유지와 관련하여 발생하는 원가는 발생시점에 당기손익으로 인식하고 있습니다. 연결실체는 유형자산 중 토지와 건물에 대하여 재평가모형으로 측정하고 있으며, 이에 보고기간 말에 자산의 장부금액이 공정가치와 중요하게 차이가 나지 않도록 주기적으로 재평가를 수행하고 있습니다. 토지와 건물에 해당하는 유형자산은 재평가일의 공정가치에서 후속적인 감가상각누계액과 손상차손누계액을 차감한 금액입니다. 이러한 재평가시점에서 재평가시점의 감가상각누계액은 총장부금액에서 기존의 감가상각누계액을 제거하여 자산의 순장부금액이 재평가금액이 되도록 수정하는 방법을 선택하고 있습니다. 자산의 장부금액이 재평가로 인하여 증가된 경우에 그 증가액은 기타포괄손익으로 인식, 그 증가액 중 자산에 대하여 이전에 손익으로 인식한 재평가액 감소분에 해당하는 금액은 당기이익으로 인식하고 있습니다. 한편, 자산의 장부금액이 재평가로 인하여 감소된 경우에는 그 감소액은 당기손실로 인식하고, 감소액 중 그 자산과 관련된 기타포괄이익의 잔액에 해당하는 금액은 기타포괄이익에서 차감하고 있습니다.\n연결실체의 유형자산은 아래에 제시된 개별 자산별로 추정된 경제적 내용연수 동안 정액법으로 감가상각하고 있습니다.\n구 \xa0 \xa0분\n내용연수\n건물\n50년\n차량운반구\n5년\n비품\n5년\n기타유형자산\n5년\n\xa0유형자산의 감가상각방법, 잔존가치 및 내용연수는 매 보고기간종료일에 재검토하고있으며 이를 변경하는 것이 적절하다고 판단되는 경우 회계추정의 변경으로 회계처리하고 있습니다.\n\xa0\n유형자산을 처분하거나 사용이나 처분을 통한 미래경제적효익이 기대되지 않을 때 해당 유형자산의 장부금액을 재무상태표에서 제거하고 있습니다. 유형자산의 제거로인하여 발생하는 손익은 순매각금액과 장부금액의 차이로 결정하고 있으며, 해당 유형자산이 제거되는 시점에 당기손익으로 인식하고 있습니다. \xa0\n\xa0\n6) 투자부동산 임대수익이나 시세차익을 얻기 위하여 보유하고 있는 부동산은 투자부동산으로 분류하고 있습니다. 투자부동산은 취득시 발생한 거래원가를 포함하여 최초 인식시점에 원가로 측정하고 있습니다. 후속원가는 자산으로부터 발생하는 미래경제적효익이 유입될 가능성이 높으며, 그 원가를 신뢰성 있게 측정할 수 있는 경우에 한하여 자산의 장부금액에 포함하거나 적절한 경우 별도의 자산으로 인식하고 있으며, 후속지출에 의해 대체된 부분의 장부금액은 제거하고 있습니다. 한편 일상적인 수선ㆍ유지와 관련하여 발생하는 원가는 발생시점에 당기손익으로 인식하고 있습니다.\n연결실체는 투자부동산에 대해서 공정가치모형으로 평가하고 있으며, 투자부동산에 대하여 공정가치모형을 선택한 경우에는 최초 인식 후 모든 투자부동산을 공정가치로 측정하며, 투자부동산의 공정가치 변동으로 발생하는 손익은 발생한 기간의 당기손익으로 반영하고 있습니다. 투자부동산을 공정가치로 측정하는 경우, 당해 부동산을 처분할 때까지 또는 자가사용부동산으로 대체하기 전까지는 계속하여 공정가치로 측정합니다.\n투자부동산을 처분하거나, 투자부동산의 사용을 영구히 중지하고 처분으로도 더 이상의 미래경제적효익을 기대할 수 없는 경우에 해당 투자부동산의 장부금액을 재무상태표에서 제거하고 있습니다. 투자부동산의 제거로 인하여 발생하는 손익은 순매각금액과 장부금액의 차이로 결정하고 있으며, 해당 투자부동산이 제거되는 시점의 당기손익으로 인식하고 있습니다.\n\xa0\n7) 무형자산 무형자산은 원가로 측정하며, 최초 인식 후에 원가에서 상각누계액과 손상차손누계액을 차감한 금액을 장부금액으로 표시하고 있습니다. 무형자산은 회원권 및 소프트웨어로 구성되어 있으며 소프트웨어는 당해 자산이 사용가능한 시점부터 잔존가치를영(""0"")으로 하여 5년 동안 정액법으로 상각하고 있습니다.\n내용연수가 유한한 무형자산의 상각방법과 내용연수에 대해서 매 보고기간종료일에 재검토하고, 내용연수가 비한정인 무형자산에 대해서는 그 자산의 내용연수가 비한정이라는 평가가 계속하여 정당한지를 매 보고기간종료일에 재검토하며, 이를 변경하는 것이 적절하다고 판단되는 경우 회계추정의 변경으로 회계처리하고 있습니다.\n\xa0\n8) 영업권을 제외한 유ㆍ무형자산의 손상\n영업권을 제외한 유ㆍ무형자산은 자산손상을 시사하는 징후가 있는지를 매 보고기간말마다 검토하고 있으며, 자산손상을 시사하는 징후가 있는 경우에는 손상차손금액을 결정하기 위하여 자산의 회수가능액을 추정하고 있습니다. 연결실체는 개별 자산별로 회수가능액을 추정하고 있으며, 개별자산의 회수가능액을 추정할 수 없는 경우에는 그 자산이 속하는 현금창출단위의 회수가능액을 추정하고 있습니다. 공동자산은 합리적이고 일관된 배분기준에 따라 개별 현금창출단위에 배분하며, 개별 현금창출단위로 배분할 수 없는 경우에는 합리적이고 일관된 배분기준에 따라 배분될 수 있는 최소 현금창출단위집단에 배분하고 있습니다.\n비한정내용연수를 가진 무형자산 또는 아직 사용할 수 없는 무형자산은 자산손상을 시사하는 징후와 관계없이 매년 손상검사를 실시하고 있습니다.\n회수가능액은 개별 자산 또는 현금창출단위의 순공정가치와 사용가치 중 큰 금액으로 측정하며, 자산(또는 현금창출단위)의 회수가능액이 장부금액에 미달하는 경우에는 자산(또는 현금창출단위)의 장부금액을 회수가능액으로 감소시키고 감소된 금액은 당기손익으로 인식하고 있습니다. \xa0\n\xa0\n과거기간에 인식한 손상차손을 환입하는 경우 개별자산(또는 현금창출단위)의 장부금액은 수정된 회수가능액과 과거기간에 손상차손을 인식하지 않았다면 현재 기록되어 있을 장부금액 중 작은 금액으로 결정하고 있으며, 해당 손상차손환입은 즉시 당기손익으로 \xa0인식하고 있습니다.\n9) 리스 \xa0- 리스이용자 계약에는 리스요소와 비리스요소가 모두 포함될 수 있습니다. 연결실체는 상대적 개별 가격에 기초하여 계약 대가를 리스요소와 비리스요소에 배분합니다. 리스조건은 개별적으로 협상되며 다양한 계약조건을 포함합니다. 리스계약에 따라 부과되는 다른 제약은 없지만 리스자산을 차입금의 담보로 제공할 수는 없습니다.\n2019년 1월 1일부터 연결실체는 리스된 자산을 사용할 수 있는 리스개시일에 사용권자산과 이에 대응하는 부채를 인식합니다.\n\xa0리스에서 생기는 자산과 부채는 최초에 현재가치기준으로 측정합니다. 리스부채는 다음 리스료의 순현재가치를 포함합니다.\n- 받을 리스 인센티브를 차감한 고정리스료(실질적인 고정리스료 포함)\n- 개시일 현재 지수나 요율을 사용하여 최초 측정한, 지수나 요율(이율)에 따라 달라지는 변동리스료\n- 잔존가치보증에 따라 연결실체(리스이용자)가 지급할 것으로 예상되는 금액\n- 연결실체(리스이용자)가 매수선택권을 행사할 것이 상당히 확실한 경우에 그 매수선택권의 행사가격\n- 리스기간이 연결실체(리스이용자)의 종료선택권 행사를 반영하는 경우에 그 리스를 종료하기 위하여 부담하는 금액 또한 리스부채의 측정에는 상당히 확실한(reasonably certain) 연장선택권에 따라 지급될 리스료를 포함합니다.리스의 내재이자율을 쉽게 산정할 수 있는 경우 그 이자율로 리스료를 할인합니다. 내재이자율을 쉽게 산정할 수 없는 경우에는 리스이용자가 비슷한 경제적 환경에서 비슷한 기간에 걸쳐 비슷한 담보로 사용권자산과 가치가 비슷한 자산을 획득하는 데 필요한 자금을 차입한다면 지급해야 할 이자율인 리스이용자의 증분차입이자율을 사용합니다.\n연결실체는 증분차입이자율을 다음과 같이 산정합니다.\n- 가능하다면 개별 리스이용자가 받은 최근 제3자 금융 이자율에 제3자 금융을 받은이후 재무상태의 변경을 반영\n- 국가, 통화, 담보, 보증과 같은 리스에 특정한 조정을 반영\n\xa0연결실체는 지수나 요율에 따라 달라지는 변동리스료의 경우 지수나 요율이 유효할 때까지 리스부채에 포함하지 않는 변동리스료의 잠재적 미래 증가 위험에 노출되어 있습니다. 지수나 요율에 따라 달라지는 리스료의 조정액이 유효한 시점에서 리스부채를 재평가하고 사용권자산을 조정합니다. 각 리스료는 리스부채의 상환과 금융원가로 배분합니다. 금융원가는 각 기간의 리스부채 잔액에 대하여 일정한 기간 이자율이 산출되도록 계산된 금액을 리스기간에 걸쳐 당기손익으로 인식합니다.\n\xa0사용권자산은 다음 항목들로 구성된 원가로 측정합니다.\n- 리스부채의 최초 측정금액\n- 받은 리스 인센티브를 차감한 리스개시일이나 그 전에 지급한 리스료\n- 리스이용자가 부담하는 리스개설직접원가\n- 복구원가의 추정치\n사용권자산은 리스개시일부터 사용권자산의 내용연수 종료일과 리스기간 종료일 중 이른 날까지의 기간동안 감가상각합니다. 연결실체가 매수선택권을 행사할 것이 상당히 확실한(reasonably certain) 경우 사용권자산은 기초자산의 내용연수에 걸쳐 감가상각합니다.\n(2) 리스제공자 연결실체가 리스제공자인 경우 운용리스에서 생기는 리스수익은 리스기간에 걸쳐 정액기준으로 인식합니다. 운용리스 체결 과정에서 부담하는 리스개설직접원가를 기초자산의 장부금액에 더하고 리스료 수익과 같은 기준으로 리스기간에 걸쳐 비용으로 인식합니다. 각 리스된 자산은 재무상태표에서 그 특성에 기초하여 표시하였습니다. 연결실체는 새 리스기준서의 적용에 따라 리스제공자로서 보유하는 자산에 대한 회계처리를 조정할 필요가 없었습니다. 연결실체는 리스자산의 소유에 따른 위험과 보상의 대부분이 리스이용자에 이전되는 리스계약을 금융리스로 분류하고, 금융리스 외의 모든 리스계약을 운용리스로 분류하고 있습니다.\n\xa0\n① 연결실체가 리스제공자인 경우연결실체는 금융리스의 경우, 금융리스의 리스순투자와 동일한 금액을 금융리스채권으로인식하고, 금융리스순투자 미회수분에 대하여 유효이자율법을 적용하여 이자수익을 인식하고 있습니다. \xa0\n\xa0운용리스로부터 발생하는 리스료수익을 리스기간에 걸쳐 정액기준으로 수익으로 인식하고, 운용리스의 협상 및 계약단계에서 발생한 리스개설직접원가는 리스자산의 장부금액에 가산한 후 정액기준으로 리스기간에 걸쳐 비용으로 인식하고 있습니다.\n② 연결실체가 리스이용자인 경우연결실체는 리스약정일에 측정된 최소리스료의 현재가치와 리스자산의 공정가치 중 적은금액을 리스기간개시일에 금융리스자산과 금융리스부채로 각각 인식하고 있습니다.매기 지급되는 최소리스료는 이자비용과 리스부채의 상환액으로 나뉘며, 이자비용은매기 부채의 기초잔액에 대하여 일정한 기간이자율이 산출되도록 리스기간에 걸쳐 배분하고 있습니다. 차입원가에 대한 연결실체의 회계정책에 따라 당해 자산원가의 일부로 자본화되는 경우를 제외한 금융비용은 발생 즉시 비용으로 인식합니다. 한편,조정리스료는 발생한 기간의 비용으로 회계처리합니다.\n\xa0\n운용리스료는 리스자산의 효익의 기간적 형태를 보다 잘 나타내는 다른 체계적인 인식기준이 없다면 리스기간에 걸쳐 균등하게 배분된 금액을 비용으로 인식하고 있습니다. 또한, 운용리스 하에서 발생한 조정리스료는 발생한 기간의 비용으로 회계처리합니다. 운용리스 계약시 리스 인센티브를 받은 경우 이를 부채로 인식하고 있으며, 인센티브로 인한 효익은 리스자산의 효익의 기간적 형태를 보다 잘 나타내는 다른 체계적인 인식기준이 없다면, 정액기준으로 리스비용에서 차감하는 형식으로 인식하고 있습니다.\n\xa0\n10) 퇴직급여비용 확정기여형퇴직급여제도에 대한 기여금은 종업원이 이에 대하여 지급받을 자격이 있는 용역을 제공한 때 비용으로 인식하고 있습니다.\n11) 충당부채 충당부채는 과거의 사건으로 인한 현재의무(법적의무 또는 의제의무)로서, 당해 의무를 이행할 가능성이 높으며 그 의무의 이행에 소요될 금액을 신뢰성 있게 추정할 수 있을 경우에 인식합니다.\n충당부채로 인식하는 금액은 관련된 사건과 상황에 대한 불가피한 위험과 불확실성을 고려하여 현재의무의 이행에 소요되는 지출에 대한 보고기간종료일 현재 최선의 추정치입니다. 충당부채가 현재의 의무를 이행하기 위하여 예상되는 현금흐름을 이용하여 측정될 경우, 충당부채의 장부금액은 그러한 현금흐름의 현재가치입니다. 충당부채를 결제하기 위해 필요한 지출액의 일부 또는 전부를 제3자가 변제할 것이 예상되는 경우 의무이행시점에 제3자가 변제할 것이 거의 확실하고 그 금액을 신뢰성 있게 측정할 수 있는 경우에 한하여 당해 변제금액을 자산으로 인식하고 있습니다.\n매 보고기간 말마다 충당부채의 잔액을 검토하고, 보고기간 말 현재 최선의 추정치를반영하여 조정하고 있습니다. 의무이행을 위하여 경제적효익이 내재된 자원이 유출될 가능성이 더이상 높지 아니한 경우에는 관련 충당부채를 환입하고 있습니다.\n한편, 시간의 흐름에 따른 충당부채의 증가는 금융비용으로 당기손익에 반영하고 있으며, 보고기간종료일마다 충당부채의 잔액을 검토하고, 최선의 추정치를 반영하여 조정합니다. 추정원가 혹은 적용할인율의 변경은 자산의 원가에 가산되거나 차감하여 조정하고 있습니다. 충당부채는 의무를 이행하기 위하여 예상되는 지출액의 현재가치로 측정하며, 현재가치 평가에 사용하는 할인율은 그 부채의 고유한 위험과 화폐의 시간가치에 대한 현행 시장의 평가를 반영한 세전 이율입니다. 시간경과로 인한 충당부채의 증가는 이자비용으로 인식하고 있습니다.\n12) 수익인식 ① 임대수익운용리스로부터 발생하는 수익인식에 대한 연결실체의 회계정책은 주석 2.(8)에서 설명하고 있습니다. ② 이자수익이자수익은 시간의 경과에 따라 유효이자율법으로 인식하고 있습니다. 유효이자율은금융자산의 예상만기에 걸쳐 수취할 미래현금의 현재가치를 순장부금액과 일치시키는 이자율입니다.\n13) 법인세 법인세비용은 당기법인세와 이연법인세로 구성되어 있습니다. ① 당기법인세당기 법인세부담액은 당기의 과세소득을 기초로 산정됩니다. 다른 과세기간에 가산되거나 차감될 손익항목 및 비과세항목이나 손금불인정항목 때문에 과세소득과 포괄손익계산서상 세전손익은 차이가 발생합니다. 연결실체의 당기법인세와 관련된 부채는 보고기간 말까지 제정되었거나 실질적으로 제정된 세율 및 세법에 근거하여 계산됩니다.\n② 이연법인세이연법인세는 재무제표상 자산과 부채의 장부금액과 과세소득 산출시 사용되는 세무기준액과의 차이인 일시적차이에 대하여 인식됩니다. 이연법인세부채는 일반적으로 모든 가산할 일시적 차이에 대하여 인식됩니다. 이연법인세자산은 일반적으로 차감할 일시적차이가 사용될 수 있는 과세소득의 발생가능성이 높은 경우에, 모든 차감할일시적차이에 대하여 인식됩니다. 그러나 가산할 일시적차이가 영업권을 최초로 인식할 때 발생하거나, 자산 또는 부채가 최초로 인식되는 거래가 사업결합거래가 아니고 거래 당시에 회계이익과 과세소득(세무상결손금)에 영향을 미치지 아니하는 거래에서 발생하는 경우 이연법인세부채는 인식하지 아니합니다. 그리고 차감할 일시적차이가 자산 또는 부채가 최초로 인식되는 거래가 사업결합거래가 아니고 거래 당시 회계이익과 과세소득(세무상결손금)에 영향을 미치지 않는 거래에서 발생하는 경우에는 이연법인세자산은 인식하지 않습니다. \xa0\n이연법인세자산의 장부금액은 매 보고기간 말에 검토하고, 이연법인세자산의 전부 또는 일부가 회수될 수 있을만큼 충분한 과세소득이 발생할 가능성이 더 이상 높지 않은 경우 이연법인세자산의 장부금액을 감소시킵니다. \xa0\n이연법인세자산과 부채는 보고기간 말까지 제정되었거나 실질적으로 제정된 세율 및세법에 근거하여 당해 부채가 결제되거나 자산이 실현되는 회계기간에 적용될 것으로 예상되는 세율을 사용하여 측정합니다. 이연법인세자산과 이연법인세부채를 측정할 때에는 보고기간 말 현재 연결실체가 관련 자산과 부채의 장부금액을 회수하거나 결제할 것으로 예상되는 방식에 따른 법인세효과를 반영하였습니다. \xa0\n\xa0\n이연법인세자산과 부채는 연결실체가 당기법인세자산과 당기법인세부채를 상계할 수 있는 법적으로 집행가능한 권리를 가지고 있으며, 동일한 과세당국에 의해서 부과되는 법인세와 관련하여 과세대상기업이 동일하거나 과세대상기업은 다르지만 당기법인세 부채와 자산을 순액으로 결제할 의도가 있거나, 중요한 금액의 이연법인세부채가 결제되거나, 이연법인세자산이 회수될 미래에 각 회계기간마다 자산을 실현하는 동시에 부채를 결제할 의도가 있는 경우에만 상계합니다.\n\xa0\n③ 당기법인세와 이연법인세의 인식\n당기법인세와 이연법인세는 동일 회계기간 또는 다른 회계기간에 기타포괄손익이나자본으로 직접 인식되는 거래나 사건 또는 사업결합으로부터 발생하는 경우를 제외하고는 수익이나 비용으로 인식하여 당기손익에 포함합니다. 사업결합시에는 법인세효과는 사업결합에 대한 회계처리에 포함되어 반영됩니다. 14) 공정가치 공정가치는 가격이 직접 관측가능한지 아니면 가치평가기법을 사용하여 추정하는지의 여부에 관계없이 측정일에 시장참여자 사이의 정상거래에서 자산을 매도하면서 수취하거나 부채를 이전하면서 지급하게 될 가격입니다. 자산이나 부채의 공정가치를 추정함에 있어 연결실체는 시장참여자가 측정일에 자산이나 부채의 가격을 결정할 때 고려하는 자산이나 부채의 특성을 고려합니다. 기업회계기준서 제1102호 \'주식기준보상\'의 적용범위에 포함되는 주식기준보상거래, 기업회계기준서 제1017호 \'리스\'의적용범위에 포함되는 리스거래, 기업회계기준서 제1002호 \'재고자산\'의 순실현가능가치 및 기업회계기준서 제1036호 \'자산손상\'의 사용가치와 같이 공정가치와 일부 유사하나 공정가치가 아닌 측정치를 제외하고는 측정 또는 공시목적상 공정가치는 상기에서 설명한 원칙에 따라 결정됩니다.\n또한 재무보고목적상 공정가치측정에 사용된 투입변수의 관측가능한 정도와 공정가치측정치 전체에 대한 투입변수의 유의성에 기초하여 다음에서 설명하는 바와 같이 공정가치측정치를 수준 1, 2 또는 3으로 분류합니다.\n(수준 1)\n측정일에 동일한 자산이나 부채에 대한 접근 가능한 활성시장의 (조정되지 않은) 공시가격\n(수준 2)\n수준 1의 공시가격 이외에 자산이나 부채에 대해 직접적으로 또는 간접적으로관측가능한 투입변수\n(수준 3)\n자산이나 부채에 대한 관측가능하지 않은 투입변수\n\xa0\n3. 중요한 판단과 불확실성의 주요원천 연결실체의 회계정책을 적용함에 있어서, 경영자는 다른 자료로부터 쉽게 식별할 수 없는자산과 부채의 장부금액에 대한 판단, 추정 및 가정을 하도록 요구됩니다. 추정과 관련 가정은 역사적 경험과 관련성이 있다고 간주되는 기타요인들에 바탕을 두고 있습니다. 실제 결과는 이러한 추정치들과 다를 수도 있습니다.\xa0\n추정과 기초적인 가정은 계속적으로 검토됩니다. 회계추정에 대한 수정은 그러한 수정이 오직 당해 기간에만 영향을 미칠 경우 수정이 이루어진 기간에 인식되며, 당기 그리고 미래기간 모두 영향을 미칠 경우 수정이 이루어진 기간과 미래기간에 인식됩니다. 한편 연결실체의 추정 불확실성의 주요 원천은 다음과 같습니다.\n- 유형자산과 투자부동산의 공정가치 평가 연결실체는 유형자산과 투자부동산의 공정가치를 추정하기 위해 관측가능한 시장자료에 기초하지 않은 투입변수를 포함하는 평가기법을 사용하였습니다. 경영자는 유형자산과 투자부동산의 공정가치 결정에 사용된 평가기법과 가정들이 적절하다고 믿고 있습니다.\n\xa0\n4. 금융상품당기말 및 전기말 현재 금융상품의 내역은 다음과 같습니다.\n\xa0(단위: 천원)\n구분\n당기말\n전기말\n예금 등\n5,392,258\n10,870,198\n한편, 당기말 및 전기말 현재 사용이 제한되어 있는 현금및 현금성자산과 금융상품은없습니다.\n5. 매출채권 및 기타채권(1) 당기말 및 전기말 현재 매출채권 및 기타채권(장기미수금 및 기타수취채권 포함)의 내역은 다음과 같습니다.\n\xa0(단위: 천원)\n구 \xa0 \xa0 \xa0 \xa0 분\n당기말\n전기말\n유동\n비유동\n유동\n비유동\n매출채권\n745,865\n-\n822,605\n-\n미수수익\n54,173\n-\n3,107\n-\n미수금\n21,728\n-\n584,893\n-\n보증금\n-\n6,112\n-\n5,932\n합 \xa0 \xa0 \xa0계\n821,766\n6,112\n1,410,605\n5,932\n(2) 신용위험 및 대손충당금연결실체는 보고기간 종료일 현재 매출채권 등 받을채권 잔액의 회수가능성에 대한 개별분석 및 과거의 대손경험율을 토대로 하여 예상되는 대손추정액을 대손충당금으로 설정하고 있습니다. 연결실체의 임대료 및 관리비 매출에 대한 평균 신용공여기간은 30일입니다. 상기 매출채권에는 당반기말 현재 회수기일이 경과하였으나 신용등급에 중요한 변동이 없고, 회수가능하다고 판단되어 대손충당금을 설정하지 않은 채권(아래 연령분석 참조)이 포함되어 있습니다. 연결실체는 이러한 채권의 거래상대방에 대해 임대보증금을 보유하고 있으며 거래상대방에 대해 당사의 채권과 채무를 상계할 법적 권리를 보유하고 있습니다.1) 당기말 및 전기말 현재 연체되었으나 손상되지 않은 매출채권 및 기타채권의 연령분석내역은 다음과 같습니다.\n(당기말) \xa0\n\xa0(단위: 천원)\n구 \xa0 \xa0 \xa0분\n30~180일\n180일~360일\n합 \xa0 계\n매출채권\n\xa0 \xa0 \xa0 318,683\xa0\n\xa0 \xa0 \xa0 \xa0 \xa0 73,869\xa0\n\xa0 \xa0 \xa0 \xa0 \xa0392,552\xa0\n(전기말) \xa0\n\xa0(단위: 천원)\n구 \xa0 \xa0 \xa0분\n30~180일\n180일~360일\n합 \xa0 계\n매출채권\n\xa0 \xa0 \xa0 355,988\xa0\n\xa0 \xa0 \xa0 \xa0 \xa0 20,031\xa0\n376,019\xa0\n2) 당기 및 전기 중 손상된 매출채권의 대손충당금은 없습니다.6. 기타유동자산당기말 및 전기말 현재 기타유동자산의 내역은 다음과 같습니다.\n\xa0(단위: 천원)\n구분\n당기말\n전기말\n선급비용\n\xa0 \xa0 \xa0 \xa0 \xa0 \xa0 \xa0 \xa0 \xa0 18,191\xa0\n\xa0 \xa0 \xa0 \xa0 \xa0 \xa0 \xa0 \xa0 \xa0 \xa09,225\xa0\n선납세금\n\xa0 \xa0 \xa0 \xa0 \xa0 \xa0 \xa0 \xa0 \xa0 \xa01,961\xa0\n합계\n\xa0 \xa0 \xa0 \xa0 \xa0 \xa0 \xa0 \xa0 \xa0 20,152\xa0\n\xa0 9,225\xa0\n7. 유형자산(1) 당기말 및 전기말 현재 유형자산 장부금액의 구성내역은 다음과 같습니다.\n(당기말) \xa0\n\xa0(단위: 천원)\n구 \xa0 \xa0분\n토지\n건물\n비품\n시설장치\n차량운반구\n합 \xa0 \xa0계\n취득원가\n2,128,342\n635,738\n71,122\n426,484\n126,385\n3,388,071\n감가상각누계액\n-\n-\n(60,014)\n(375,218)\n(96,671)\n(531,903)\n연결범위변동\n-\n-\n4,462\n8\n13,638\n18,108\n장부금액\n2,128,342\n635,738\n15,570\n51,274\n43,352\n2,874,276\n(전기말) \xa0\n\xa0(단위: 천원)\n구 \xa0 \xa0분\n토지\n건물\n비품\n시설장치\n차량운반구\n합 \xa0 \xa0계\n취득원가\n1,597,781\n477,259\n64,262\n420,684\n125,835\n2,685,821\n감가상각누계액\n-\n-\n(54,071)\n(321,322)\n(78,418)\n(453,811)\n장부금액\n1,597,781\n477,259\n10,191\n99,362\n47,417\n2,232,010\n토지와 건물에 대해서는 재평가모형을 적용하고 있으며, 재평가차액은 재무상태표의기타포괄손익누계액으로 반영하였습니다.(2) 당기와 전기 중 유형자산 장부가액의 변동내역은 다음과 같습니다.\n(당기) \xa0\n\xa0(단위: 천원)\n구 \xa0 \xa0분\n토지\n건물\n비품\n시설장치\n차량운반구\n합 \xa0 \xa0계\n기초금액\n1,597,781\n477,259\n10,191\n99,362\n47,417\n2,232,010\n취득금액\n-\n-\n6,860\n5,800\n550\n13,210\n감가상각비(주1)\n-\n(3,692)\n(5,943)\n(53,896)\n(18,253)\n(81,784)\n재평가차익(주2)\n530,561\n162,171\n692,732\n연결범위변동\n-\n-\n4,462\n8\n13,638\n18,108\n당기말금액\n2,128,342\n635,738\n15,570\n51,274\n43,352\n2,874,276\n(주1) 당기말 재평가시점에서 재평가시점의 감가상각누계액을 총장부금액에서 당기 인식한 감가상각비(3,692천원)을 제거하여 자산의 순장부금액이 재평가금액이 되도록 수정하였습니다.(주2) 당사는 토지 및 건물의 인식시점 이후의 측정과 관련하여 재평가모형을 적용하고 있으며, 재평가 결과 발생한 평가이익을 기타포괄손익누계액으로 계상하였습니다.\n(전기) \xa0\n\xa0(단위: 천원)\n구 \xa0 \xa0분\n토지(주3)\n건물\n비품\n시설장치\n차량운반구\n합 \xa0 \xa0계\n기초금액\n1,459,144\n432,156\n33,454\n159,907\n72,583\n2,157,244\n취득금액\n-\n-\n6,873\n15,900\n-\n22,773\n처분금액\n-\n-\n(20,933)\n-\n-\n(20,933)\n감가상각비(주1)\n-\n(3,692)\n(9,203)\n(76,445)\n(25,166)\n(114,506)\n재평가차익(주2)\n138,637\n48,795\n187,432\n전기말금액\n1,597,781\n477,259\n10,191\n99,362\n47,417\n2,232,010\n(주1) 전기말 재평가시점에서 재평가시점의 감가상각누계액은 총장부금액에서 당기 인식한 감가상각비(3,692천원)를 제거하여 자산의 순장부금액이 재평가금액이 되도록 수정하였습니다.(주2) 토지 및 건물의 인식시점 이후의 측정과 관련하여 재평가모형을 적용하고 있으며, 재평가 결과 발생한 평가이익을 기타포괄손익누계액으로 계상하였습니다.(주3) 미원빌딩 차입금과 관련하여 유형자산 및 투자부동산에 대한 근저당권을 신한은행(채권최고액 7,920,000천원)에 담보로 제공하고 있습니다.(3) 연결실체의 유형자산 중 토지와 건물은 재평가금액으로 인식되고 있습니다. 유형자산재평가 기준일은 2021년 12월 31일로, 당기말 현재 당사가 보유하고 있는 토지와 건물의 공정가치는 당사와 관계가 없는 독립적인 평가법인이 동일자에 수행한 평가에 근거하여 결정되었습니다. 토지와 건물의 공정가치는 측정대상 토지 및 건물과 유사한 부동산의 최근 거래가격을 반영하는 거래사례비교법에 기초하여 결정하였으며, 당기 중 가치평가기법의 변경은 없습니다.\n(4) 당기말 및 전기말 현재 토지와 건물의 공정가치측정치에 대한 공정가치 서열체계 수준별 내역은 다음과 같습니다.\n(당기말) \xa0\r\n\xa0(단위: 천원)\n구분\n수준1\n수준2\n수준3\n합계\n토지\n-\n-\n2,128,342\n2,128,342\n건물\n-\n-\n635,738\n635,738\n합계\n-\n-\n2,764,080\n2,764,080\n(전기말) \xa0\r\n\xa0(단위: 천원)\n구분\n수준1\n수준2\n수준3\n합계\n토지\n-\n-\n1,597,781\n1,597,781\n건물\n-\n-\n477,259\n477,259\n합계\n-\n-\n2,075,040\n2,075,040\n(5) 당기 중 수준 1과 수준 2 간의 이동은 없었습니다.(6) 공정가치로 측정되는 유형자산 중 공정가치 측청치가 수준3으로 분류되는 유형자산의 당기 및 전기 중 변동내역은 다음과 같습니다.\n\xa0(단위: 천원)\n구분\n당기\n전기\n기초금액\n2,075,040\n1,891,300\n감가상각비\n(3,692)\n(3,692)\n공정가치 변동이익(주1)\n692,732\n187,432\n기말금액\n2,764,080\n2,075,040\n(7) 다음 표는 유형자산의 공정가치측정에 사용된 가치평가기법과 공정가치측정에 유의적인 관측가능하지 않는 투입변수에 대한 설명입니다.\r\n가치평가기법\n유의적인 관측가능하지 않는 투입변수\n범위\n관측가능하지 않은 투입변수와 공정가치측정치 간의 연관성\n거래사례비교법 (거래사례, 시점, 가치형성요인을 반영하여 추정)\n거래사례\n-\n지리적으로 근접하고, 물적 유사성이 높은 거래사례의 거래가액이 증가(감소)할수록 공정가치가 증가(감소)할 것입니다.\n시점수정치\n1.04212\n거래사례의 거래시점과 본 공정가치 측정기준일 사이의 자본수익률 누적치가 증가(감소)할수록 공정가치가 증가(감소)할 것입니다.\n가치형성요인비교치\n1.000 ~ 1.040\n도심지와의 접근성, 대중교통의 편의성, 배후지의 크기, 상가의 성숙도, 차량이용의 편의성, 주차의 편의성, 공실률, 건물관리상태 및 각종설비유무, 임대료 수준, 건물의 구조 및 마감상태, 건물규모 및 최고층수, 층별 효용, 위치별 효용, 주출입구와의 거리, 엘리베이터와의 거리, 향별 효용, 면적 및 대지권의 크기 등 본건과 거래사례의 가치형성요인의 비교과정을 통한 가치형성요인비교치가 증가(감소)할수록 공정가치가 증가(감소)할 것입니다.\n8. 투자부동산(1) 당기말 및 전기말 현재 투자부동산의 공정가치는 다음과 같습니다.\n\xa0(단위: 천원)\n구 \xa0 \xa0 \xa0 \xa0 \xa0분\n당기말\n전기말\n토지\n146,398,745\n110,482,662\n건물\n86,499,425\n103,784,828\n\xa0합 \xa0 계\n232,898,170\n214,267,490\n(2) 당기 및 전기 중 투자부동산 장부금액의 변동내역은 다음과 같습니다.\n(당기) \xa0\xa0\n\xa0(단위: 천원)\n구 \xa0 \xa0 \xa0 \xa0 \xa0분\n토지\n건물\n건설중인자산\n합 \xa0 \xa0 계\n기초금액\n110,482,662\n103,784,828\n-\n214,267,490\n계정대체액(주1)\n22,064,477\n(22,064,477)\n-\n-\n공정가치 변동이익(주2)\n13,851,606\n4,779,074\n-\n18,630,680\n기말 잔액\n146,398,745\n86,499,425\n-\n232,898,170\n(주1) 토지, 건물간 공정가치 변동이익 대체금액입니다.\n(주2) 포괄손익계산서의 영업수익에 포함되어 있습니다.\n(전기) \xa0\xa0\n\xa0(단위: 천원)\n구 \xa0 \xa0 \xa0 \xa0 \xa0분\n토지\n건물\n건설중인자산(주1)\n합 \xa0 \xa0 계\n기초금액\n111,371,484\n67,377,400\n20,640,321\n199,389,205\n취득액\n-\n-\n7,283,928\n7,283,928\n처분금액\n(888,822)\n(4,561,200)\n-\n(5,450,022)\n계정대체액(주1)\n-\n31,465,752\n(31,465,752)\n-\n공정가치 변동이익(주2)\n-\n9,502,876\n-\n9,502,876\n기말 잔액\n110,482,662\n103,784,828\n-\n214,267,490\n(주1) 투자부동산 토지 중 문정도시 개발지구 5-5에 해당하는 금액을 건설중인자산에 반영하였습니다. (주2) 포괄손익계산서의 영업수익에 포함되어 있습니다.(3) 당기 및 전기 중 투자부동산에서 발생한 손익의 내역은 다음과 같습니다.\xa0\n\xa0(단위: 천원)\n구분\n당기\n전기\n임대수익(주1)\n13,093,005\n11,494,353\xa0\n운영비용(임대수익이 발생한 투자부동산 관련)(주2)\n(1,939,844)\n(2,074,689)\n운영비용(임대수익이 발생하지 않은 투자부동산 관련)\n-\n\xa0 \xa0 \xa0 \xa0 \xa0 \xa0 \xa0 \xa0 \xa0-\xa0\n합 \xa0 계\n11,153,161\n9,419,664\xa0\n(주1) 임대수익은 임대료수익과 관리비수익으로 구성되어 있습니다. (주2) 손실충당부채전입액은 제외되어 있습니다.(4) 투자부동산의 공정가치측정투자부동산의 공정가치는 가치평가기법에 사용된 투입변수에 기초하여 수준 3으로 분류하고 있으며, 당기말 투자부동산의 공정가치는 해당 지역의 부동산 평가와 관련하여 적절한 자격과 경험을 가지고 있는 외부의 독립적인 감정평가기관이 수행한 평가에 근거하여 결정되었습니다.공정가치 측정에 사용된 가치평가기법은 거래사례비교법과 공시지가기준법, 원가법입니다. 측정대상 투자부동산과 유사한 투자부동산의 최근 거래가격을 유의적인 조정 없이 공정가치측정에 사용할 수 있는 경우 거래사례비교법을 적용하여 투자부동산의 공정가치를 측정합니다. 또한 토지와 건물이 구분되어 등기된 부동산의 경우 토지는 공시지가기준법을 적용하고 건물은 원가법을 적용하여 투자부동산의 공정가치를 측정하고 있습니다.(5) 다음 표는 투자부동산의 공정가치측정에 사용된 가치평가기법과 공정가치측정에유의적인 관측가능하지 않는 투입변수에 대한 설명이며, 당기 중 가치평가기법의 변경은 없습니다.\r\n가치평가기법\n유의적인 관측가능하지 \xa0않는 투입변수\n범위 (가중평균)\n관측가능하지 않은 투입변수와 공정가치측정치 간의 연관성\n거래사례비교법 (거래사례, 시점, 가치형성요인을 반영하여 추정)\n거래사례\n-\n지리적으로 근접하고, 물적 유사성이 높은 거래사례의 거래가액이 증가(감소)할수록, 공정가치가 증가(감소)할 것입니다.\n시점수정치\n1.02395 ~ 1.03318\n거래사례의 거래시점과 본 공정가치 측정기준일 사이의 자본수익률 누적치가 증가(감소)할수록 공정가치가 증가(감소)할 것입니다.\n가치형성요인비교치\n0.21 ~ 3.718\n도심지와의 접근성, 대중교통의 편의성, 배후지의 크기, 상가의 성숙도, 차량이용의 편의성, 주차의 편의성, 공실률, 건물관리상태 및 각종설비유무, 임대료 수준, 건물의 구조 및 마감상태, 건물규모 및 최고층수, 층별 효용, 위치별 효용, 주출입구와의 거리, 엘리베이터와의 거리, 향별 효용, 면적 및 대지권의크기 등 본건과 거래사례의 가치형성요인의 비교과정을 통한 가치형성요인비교치가 증가(감소)할수록 공정가치가 증가(감소)할 것입니다.\n공시지가기준법 (당해 토지와 유사한 이용가치를 지닌 인근지역 내표준지 공시지가를 기준으로 공시기준일로부터 가격시점까지의 지가변동추이 및 당해 토지의위치, 형상, 주위환경 등 토지의 객관적 가치에 영향을 미치는 제요인과 인근지역 지가수준등을 종합적으로 참작하여 추정)\n표준지 공시지가\n-\n지리적으로 근접하고, 물적 유사성이 높은 거래사례의 거래가액이 증가(감소)할수록 공정가치가 증가(감소)할 것입니다.\n시점수정치\n1.03671 ~ 1.05887\n표준지 공시지가의 공시기준일과 본 공정가치 측정기준일 사이의 지가변동률 누적치가 증가(감소)할수록 공정가치가 증가(감소)할 것입니다.\n지역요인 비교치\n1.000\n대상토지가 속한 표준적인 획지의 최유효이용과 표준지가 속한 지역의 표준적인 획지의 최유호이용을 판정하여 비교하는 것입니다.\n개별요인 비교치\n0.940 ~ 1.000\n가로, 접근, 환경, 획지, 행정, 기타조건 등 본건과 비교표준지의 가치형성요인의 비교과정을 통한 가치형성요인 비교치가 \xa0증가(감소)할수록 공정가치가 증가(감소)할 것입니다.\n그 밖의 요인 보정치\n1.60 ~ 1.80\n평가선례 기준단가, 시점, 지역요인, 개별요인 등을 감안한 표준공시지가의 그밖의 요인 보정치가 증가(감소)할수록 공정가치가 증가(감소)할 것입니다.\n원가법 (건물의 구조, 사용자재, 부대설비, 용도, 현상 및 관리상태 등을 참작하여 원가법으로 평가하되, 경과년수에 따른 감가수정은 정액법에 의하여 추정)\n표준단가\n-\n건물의 규모, 구조, 사용자재의 품질 및 시공방법 및 최근의 신축사례 등으로 인하여 표준단가가 증가(감소)할수록, 공정가치가 증가(감소)할 것입니다.\n보정단가\n-\n건물이 갖추고 있는 설비 등에 의하여 보정단가가증가(감소)할수록 공정가치가 증가(감소)할 것입니다.\n잔존가치율\n74.5% ~ 98.2%\n잔존내용연수에 의하여 잔존가치율이 증가(감소)할수록, 공정가치가 증가(감소)할 것입니다.\n당기 및 전기 중 가치평가기법의 변경은 없습니다.\n(6) 당기말 및 전기말 담보로 제공된 자산의 내용은 다음과 같습니다.\n\xa0(단위: 천원)\n구분\n당기말 및 당기\n전기말 및 전기\n공정가치(당기말 장부금액)\n당기 평가이익\n공정가치(전기말 장부금액)\n전기 평가이익\n쥬디스태화빌딩(주1)\n22,248,000\n762,000\n21,486,000\n658,000\n완정빌딩(주2)\n8,142,064\n454,838\n7,687,226\n158,442\n화정빌딩(주3)\n48,403,000\n2,049,000\n46,354,000\n3,470,000\n미원빌딩(주4)\n12,940,920\n3,225,960\n9,714,960\n842,952\n서초빌딩(주5)\n23,785,737\n1,606,824\n22,178,914\n2,003,629\n김포빌딩(주6)\n18,904,000\n1,130,000\n17,774,000\n818,000\nAJ빌딩,AJ비전타워(주7)\n98,474,449\n9,402,058\n89,072,390\n1,551,854\n투자부동산 합계\n232,898,170\n18,630,680\n214,267,490\n9,502,877\n(주1)\xa0연결실체는 차입금과 관련하여 투자부동산에 대한 근저당권을 대구은행(채권최고액 13,200,000천원)에 담보로제공하고 있습니다. 또한 임대보증금과 관련하여 투자부동산에 대한 근저당권(채권최고액 250,000천원) 및 전세권(채권최고액 200,000천원)을 담보로 제공하고 있습니다. 한편 당사는 투자부동산과 관련하여 종합보험(부보금액: 6,670,468천원) 가입하고 있습니다.\n(주2)\xa0연결실체는 차입금과 관련하여 투자부동산에 대한 근저당권을 국민은행(채권최고액 3,600,000천원)에 담보로 제공하고 있습니다. 또한 임대보증금과 관련하여 투자부동산에 대한 근저당권(채권최고액 700,000천원)을 담보로 제공하고 있습니다. 한편 당사는 투자부동산과 관련하여 종합보험(부보금액: 5,798,461천원)에 가입하고 있습니다.\xa0\n(주3)\xa0연결실체는 차입금과 관련하여 투자부동산에 대한 근저당권을 우리은행(채권최고액 26,400,000천원)에 담보로제공하고 있습니다. 또한 임대보증금과 관련하여 투자부동산에 대한 근저당권(채권최고액 2,780,000천원) 및 전세권(채권최고액 486,280천원)을 담보로 제공하고 있습니다. 한편 당사는 투자부동산과 관련하여 관련하여 종합보험(부보금액: 23,010,000천원), 가스사고배상책임보험(부보금액: 380,000천원) 및 승강기사고배상책임보험(부보금액: 90,000천원)에 가입하고 있습니다\n(주4) 연결실체는 차입금과 관련하여 투자부동산에 대한 근저당권을 신한은행(채권최고액 7,920,000천원)에 담보로 제공하고 있습니다. 한편 당사는 투자부동산과 관련하여 화재보험 (부보금액: 3,819,040천원)에 가입하고 있습니다.\n(주5) 연결실체는 차입금과 관련하여 투자부동산에 대한 근저당권을 신한은행(채권최고액 14,400,000천원)에 담보로제공하고 있습니다. 한편 당사는 투자부동산과 관련하여 종합보험 (부보금액: 5,900,000원)에 가입하고 있습니다.\xa0\n(주6)\xa0연결실체는 차입금과 관련하여 투자부동산에 대한 근저당권을 농협은행(채권최고액 10,800,000천원)에 담보로제공하고 있습니다. 또한 임대보증금과 관련하여 투자부동산에 대한 임차권(채권최고액 280,000천원)을 담보로 제공하고 있습니다. 한편 당사는 투자부동산과 관련하여 종합보험(부보금액: 11,959,000천원)및 가스사고배상책임보험(부보금액: 380,000천원)에 가입하고 있습니다.\xa0\n(주7)\xa0연결실체는 차입금과 관련하여 해당 투자부동산을 우리은행(채권최고액 68,520,000천원)에 담보로 제공하고 있습니다. \xa0한편, 당사는 투자부동산과 관련하여 종합보험(부보금액: 58,068,800천원) 및 승강기사고배상책임보험(부보금액 : 90,000천원)에 가입하고 있습니다.\n9. 무형자산(1) 당기말 및 전기말 현재 무형자산의 장부가액 구성내역은 다음과 같습니다.\n(당기말) \xa0 \xa0\xa0 \xa0 \xa0\xa0\n\xa0(단위: 천원)\n구분\n소프트웨어\n회원권\n영업권\n합계\n취득원가\n70,463\n367,768\n-\n438,231\n감가상각누계액\n(56,100)\n-\n-\n(56,100)\n연결범위변동\n2\n-\n1\n3\n장부금액\n14,365\n367,768\n1\n382,134\n(전기말) \xa0\n\xa0(단위: 천원)\n구분\n소프트웨어\n회원권\n영업권\n합계\n취득원가\n55,463\n367,768\n-\n423,231\n감가상각누계액\n(54,776)\n-\n-\n(54,776)\n장부금액\n687\n367,768\n-\n368,455\n(2) 당기 및 전기 중 무형자산의 취득 및 상각액의 변동내역은 다음과 같습니다.\n(당기) \xa0 \xa0\n\xa0(단위: 천원)\n구분\n소프트웨어\n회원권\n영업권\n합계\n기초금액\n687\n367,768\n-\n368,455\n취득금액\n15,000\n-\n-\n15,000\n무형자산상각비\n(1,324)\n-\n-\n(1,324)\n연결범위변동\n2\n-\n1\n3\n기말금액\n14,365\n367,768\n1\n382,134\n(전기)\xa0\n\xa0(단위: 천원)\n구분\n소프트웨어\n회원권\n영업권\n합계\n기초금액\n1,229\n367,768\n-\n368,997\n취득금액\n-\n-\n-\n-\n무형자산상각비\n(542)\n-\n-\n(542)\n기말금액\n687\n367,768\n-\n368,455\n10. 공정가치측정금융자산당기말 및 전기말 현재 공정가치측정금융자산의 내역은 다음과 같습니다.\n\xa0(단위: 천원)\n구분\n당기말\n전기말\n보험상품(주1)\n11,582\n-\n지분증권(주2)\n3,298,527\n298,527\n연결범위 변동(주3)\n3,179,655\n-\n합계\n6,489,764\n298,527\n(주1) 연결실체는 당기 보험상품에 가입하고, 매월 일정금액을 납입하고 있습니다. 회사는 동 보험상품을 당기손익-공정가치측정 금융자산으로 분류하고 공정가액으로 평가하였습니다.\n(주2) 연결실체는 오라이언자산운용주식회사의 주식을 취득(2015.12.15)하여 보유중이며, 당기에 부동산펀드를 30억 추가 취득하여 보유중입니다. 연결실체는 동 지분상품을 중장기적으로 보유할 목적으로 취득하였으며, 기타포괄손익-공정가치측정 금융자산으로 분류하였습니다.\xa0\n(주3) 종속기업이 보유중인 당기손익-공정가치금융자산입니다.\n11. 차입금(1) 당기말 및 전기말 현재 차입금의 구성내역은 다음과 같습니다.\n\xa0(단위: 천원)\n구분\n당기말\n전기말\n유동\n비유동\n유동\n비유동\n원화단기차입금\n78,600,000\n-\n50,530,000\n-\n원화장기차입금\n22,000,000\n20,100,000\n48,069,360\n22,000,000\n합계\n100,600,000\n20,100,000\n98,599,360\n22,000,000\n(2) 당기말 및 전기말 현재 차입금의 세부내역은 다음과 같습니다.\n\xa0(단위: 천원)\n구 \xa0 분\n거래은행\n이자율(%)\n당기말(주1)\n전기말\n유동\n비유동\n유동\n비유동\n원화단기차입금\n대구은행\n2.40%(주2)\n11,000,000\n-\n11,000,000\n-\n원화단기차입금\n농협은행\n2.53%(주3)\n9,000,000\n-\n9,000,000\n-\n원화단기차입금\n농협은행\n(주4)\n-\n-\n3,330,000\n-\n원화단기차입금\n신한은행\n1.94%(주5)\n6,600,000\n-\n6,600,000\n-\n원화단기차입금\n신한은행\n2.30%(주6)\n12,000,000\n-\n12,000,000\n-\n원화단기차입금\n우리은행\n(주7)\n-\n-\n8,600,000\n-\n원화단기차입금\n국민은행\n2.59%(주8)\n3,000,000\n-\n3,000,000\n-\n원화단기차입금\n우리은행\n2.32%(주9)\n37,000,000\n-\n37,000,000\n-\n유동성장기차입금\n우리은행\n(주10)\n-\n-\n8,069,360\n-\n유동성장기차입금\n우리은행\n2.24%(주11)\n22,000,000\n-\n-\n22,000,000\n원화장기차입금\n우리은행\n2.49%(주12)\n-\n20,100,000\n-\n-\n원화장기차입금\n100,600,000\n20,100,000\n98,599,360\n22,000,000\n(주1) 해당 차입금과 관련하여 투자부동산에 대한 근저당권을 국민은행(3,600,000천원), 우리은행(94,920,000천원), 대구은행(13,200,000천원), 농협은행(10,800,000천원) 및 신한은행(22,320,000천원)에 각각 담보로 제공하고 있습니다.\n(주2) 해당 차입금은 1년 고정금리(금융채 1년 기준금리+1.54%)로 이루어진 차입금으로, 당기말 현재 2.40% 의 이자율이 적용되고 있습니다.\xa0\n(주3) 해당 차입금은 3개월 변동금리(MOR 3개월+1.26%)로 이루어진 차입금으로, 당기말 현재 2.53%의 이자율이 적용되고 있습니다.\n(주4) 해당 차입금은 판교 아펠바움을 담보로한 차입금으로, 2021년 1월 12일 전액 중도상환되었습니다.\n(주5) 해당 차입금은 1년 고정금리(금융채 1년 기준금리 + 1.05%)로 이루어진 차입금으로, 당기말 현재 1.94%의 이자율이 적용되고 있습니다.\xa0\n(주6) 해당 차입금은 변동금리(3개월 CD금리 + 1.15%)로 이루어진 차입금으로, 당기말 현재 2.30%의 이자율이 적용되고 있습니다.\xa0\n(주7) 해당 차입금은 문정동 5-5BL 개발준공에 따라 중도상환후, 주12 담보대출로 전환되었습니다.\n(주8) 해당 차입금은 3개월 변동금리(MOR 3개월 + 1.33%)로 이루어진 차입금으로, 당기말 현재 2.59%의 이자율이 적용되고 있습니다.\xa0\n(주9) 해당 차입금은 3개월 변동금리(3개월 CD금리+1.15%)로 이루어진 차입금으로, 당기말 현재 2.32%의 이자율이 적용되고 있습니다\n(주10) 해당 차입금은 총 100억 한도차입금으로(전기말 총 88억에서 1월 12억 추가 증액함) 2월 23일 주7의 차입금과 함께 담보대출로 전환되었습니다.\n(주11) 해당 차입금은 3개월 변동금리(3개월 CD금리 + 0.97%)의 금리로 이루어진 차입금으로, 당기말 현재 2.24%의 이자율이 적용되고 있습니다.\n(주12) 해당 차입금은 주7(86억), 주10(100억)의 차입금에 15억 추가 증액후 담보대출로 전환되었습니다. 3개월 변동금리(3개월 CD금리 + 1.32%)의 금리로 당기말 현재 2.49%의 이자율이 적용되고 있습니다.\n12. 퇴직급여제도당기말 현재 자격을 갖춘 모든 종업원들을 위해 확정기여형퇴직급여제도를 운영하고있습니다. 연결실체의 의무는 별개의 기금에 고정 기여금을 납부하는 것이며, 종업원이향후 지급받을 퇴직급여액은 기금 등에 납부한 기여금과 그 기여금에서 발생하는 투자수익에 따라 결정됩니다. 또한, 사외적립자산은 수탁자(대구은행 퇴직연금사업부, 신한은행 연금사업부, 한국투자증권 연금사업부, 하나은행 연금사업부)의 관리하에서 기금형태로 당사의 자산들로부터 독립적으로 운용되고 있습니다. \xa0 당기 중에 연결실체가 확정기여형퇴직급여제도와 관련하여 인식한 비용은 \xa0174,930천원(전기 138,505천원)입니다.\n13. 미지급금및기타채무당기말 및 전기말 현재 미지급금및기타채무의 내역은 다음과 같습니다.\n\xa0(단위: 천원)\n구 \xa0 \xa0 \xa0 \xa0 분\n당기말\n전기말\n유동\n비유동\n유동\n비유동\n미지급금\n51,251\n-\n1,872,843\n-\n미지급비용\n113,808\n-\n117,498\n-\n보증금\n2,109,910\n16,326,280\n4,299,050\n14,328,260\n현재가치할인차금\n(12,478)\n(1,562,568)\n(63,292)\n(2,288,412)\n합 \xa0 \xa0 \xa0계\n2,262,491\n14,763,712\n6,226,099\n12,039,848\n14. 기타유동부채당기말 및 전기말 현재 기타유동부채 내역은 다음과 같습니다.\n\xa0(단위: 천원)\n구 \xa0 \xa0 \xa0 \xa0 분\n당기말\n전기말\n예수금\n34,389\n39,504\n부가세예수금\n305,696\n81,649\n선수금\n223,742\n95,292\n선수수익\n1,575,047\n2,351,704\n합 \xa0 \xa0 \xa0계\n2,138,874\n2,568,149\n15. 충당부채연결실체는 서울특별시 송파구 문정동 640-5,6번지에 소재한 AJ빌딩 및 AJ비전타워와 관련하여 2020년 12월 31일 임차인과 체결한 부동산매매예약계약에 따라 임차인에게 우선매수권을 부여하였습니다.상기 부동산매매예약계약체결 당시에는 부동산 가격이 크게 증가하지 않아, 우선매수권을 행사할 가능성이 낮을것으로 판단하여 손실충당부채를 인식하지 않았습니다.당기에는 부동산가격의 급등으로 우선매수권을 행사할 가능성이 50%를 초과할 것으로 예상되어 손실충당부채를 인식하였습니다.당기말 및 전기말 현재 손실충당부채의 내역은 다음과 같습니다.\n\xa0(단위: 천원)\n구 \xa0 \xa0 \xa0 \xa0 분\n당기말\n전기말\n손실충당부채\n9,822,552\n-\n16. 자본금(1) 당기말 및 전기말 현재 자본금의 구성내역은 다음과 같습니다.\n(당기말) \xa0 \xa0\n\xa0(단위: 천원)\n주식의 종류\n수권주식수\n발행주식수\n주당 액면가액(원)\n자본금\n보통주\n200,000,000\n46,224,127\n1,000\n46,224,127\n(전기말) \xa0 \xa0\n\xa0(단위: 천원)\n주식의 종류\n수권주식수\n발행주식수\n주당 액면가액(원)\n자본금\n보통주\n200,000,000\n46,224,127\n1,000\n46,224,127\n(2) 당기와 전기 중 유통주식수의 변동내역은 다음과 같습니다.\n\xa0(단위 : 천원, 주)\n구분\n당기\n전기\n발행주식수\n자본금\n발행주식수\n자본금\n기초\n46,224,127\n46,224,127\n45,096,847\n45,096,847\n주식배당\n-\n-\n1,127,280\n1,127,280\n기말\n46,224,127\n46,224,127\n46,224,127\n46,224,127\n17. 기타불입자본(1) 당기말 및 전기말 현재 기타불입자본의 구성내역은 다음과 같습니다.\n\xa0(단위: 천원)\n구 \xa0 \xa0 \xa0 \xa0 분\n당기말\n전기말\n주식발행초과금\n1,324,843\n1,324,843\n자기주식\n(608,699)\n(7,999)\n합 \xa0 \xa0 \xa0계\n716,144\n1,316,844\n(2) 당기와 전기 중 기타불입자본의 변동내역은 다음과 같습니다.\n\xa0(단위: 천원)\n구 \xa0 \xa0 \xa0 \xa0 분\n당기\n전기\n기초\n1,316,844\n1,318,267\n자기주식의 취득(주1)\n(600,700)\n(1,423)\n기말\n716,144\n1,316,844\n(주1) 주식배당시 발생한 단주와 자사주 매입에 대하여 자기주식으로 처리하였습니다. 18. 기타포괄손익누계액 및 이익잉여금(1) 당기 및 전기 중 기타포괄손익누계액의 변동내역은 다음과 같습니다.\n\xa0(단위: 천원)\n구 \xa0 \xa0 \xa0 \xa0 분\n당기\n전기\n기초 잔액\n220,372\n74,175\n유형자산평가이익으로 인한 조정\n692,732\n187,433\n평가이익의 법인세 효과\n(152,400)\n(41,236)\n기말잔액\n760,704\n220,372\n(2) 당기와 전기 중 이익잉여금의 변동내역은 다음과 같습니다.\n\xa0(단위: 천원)\n구 \xa0 \xa0 \xa0 \xa0 분\n당기\n전기\n기초잔액\n30,874,406\n21,971,382\n현금배당(주1)\n(3,697,312)\n(1,127,280)\n주식배당\n-\n(1,127,280)\n당기순이익\n11,479,975\n11,157,584\n기말잔액\n38,657,069\n30,874,406\n(주1) 회사는 부동산투자회사법에 의하여 이익 처분시 이익준비금의 법정적립을 규정한 상법 제458조가 배제되어 이익준비금을 적립하지 아니합니다.\n19. 영업이익당기와 전기 중 영업이익 산출에 포함된 주요 항목과 금액은 다음과 같습니다.\n(단위 : 천원)\n계정과목\n\xa0당기\xa0\n전기\n영업수익\n31,950,264\n21,189,661\n\xa0임대료수익\n11,837,831\n10,238,149\n\xa0관리비수익\n1,250,377\n1,256,205\n\xa0배당금수입\n51,091\n-\n\xa0기타수익\n180,285\n192,431\n\xa0투자부동산평가이익\n18,630,680\n9,502,876\n영업비용\n(13,978,593)\n(4,203,987)\n\xa0인건비:\n(1,825,914)\n(1,465,710)\n\xa0 \xa0 \xa0급여 및 상여\n(1,483,460)\n(1,175,576)\n\xa0 \xa0 \xa0복리후생비\n(167,524)\n(151,629)\n\xa0 \xa0 \xa0퇴직급여\n(174,930)\n(138,505)\n\xa0감가상각비\n(81,785)\n(114,507)\n\xa0지급수수료\n(1,140,423)\n(1,261,437)\n\xa0투자부동산처분손실\n-\n(330,022)\n\xa0손실충당부채전입액\n(9,822,552)\n-\n\xa0기타비용:\n(1,107,919)\n(1,032,311)\n\xa0 \xa0 \xa0무형자산상각비\n(1,324)\n(544)\n\xa0 \xa0 \xa0세금과공과\n(690,788)\n(637,616)\n\xa0 \xa0 \xa0교육훈련비\n(11,541)\n(7,024)\n\xa0 \xa0 \xa0보험료\n(41,337)\n(22,754)\n\xa0 \xa0 \xa0임차료\n(3,812)\n(6,787)\n\xa0 \xa0 \xa0여비교통비\n(28,034)\n(26,915)\n\xa0 \xa0 \xa0건물관리비\n(48,982)\n(48,665)\n\xa0 \xa0 \xa0차량유지비\n(13,336)\n(18,077)\n\xa0 \xa0 \xa0대손상각비\n-\n(324)\n\xa0 \xa0 \xa0기타관리비\n(268,765)\n(263,605)\n영업이익\n17,971,671\n16,985,674\n20. 금융이익(1) 당기와 전기 중 연결실체의 금융이익은 이자수익이며, 그 내역은 다음과 같습니다.\n(단위 : 천원)\n계정과목\n\xa0당기\xa0\n전기\n이자수익 :\n\u3000\n\u3000\n\xa0현금및현금성자산\n48,555\n47,315\n\xa0장단기금융상품\n12,124\n300\n합 계\n60,679\n47,615\n(2) 당기 및 전기 중 자산의 범주별로 분석한 금융이익의 내역은 다음과 같습니다.\n(단위 : 천원)\n구 \xa0 \xa0분\n\xa0당기\xa0\n전기\n대여금및수취채권\n60,679\n47,615\xa0\n합 계\n60,679\n47,615\n21. 금융원가\n(1) 당기 및 전기 중 당사의 금융원가는 이자비용이며, 그 내역은 다음과 같습니다.\n(단위 : 천원)\n계정과목\n\xa0당기\xa0\n전기\n이자비용 :\n\xa0차입금\n2,391,401\n2,726,221\n\xa0임대보증금(주1)\n995,078\n469,496\n\xa0자본화된 차입원가\n-\n(537,304)\n합 계\n3,386,479\n2,658,413\n(주1) 현재가치할인차금 상각액 입니다.(2) 당기 및 전기 중 부채의 범주별로 분석한 금융원가의 내역은 다음과 같습니다.\n(단위 : 천원)\n구 \xa0 \xa0분\n\xa0당기\xa0\n전기\n상각후원가로 평가하는 금융부채\n3,386,479\n2,658,413\n22. 기타영업외이익\n당기 및 전기 중 기타영업외이익의 내역은 다음과 같습니다.\n(단위 : 천원)\n계정과목\n\xa0당기\xa0\n전기\n기타수익\n36,517\n-\n당기손익-공정가치금융자산 평가이익\n61,703\n당기손익-공정가치금융자산 처분이익\n161,465\n염가매수차익\n57,124\n잡이익\n1,018\n267\n합 계\n317,827\n267\n23. 기타영업외비용\n당기 및 전기 중 기타영업외비용의 내역은 다음과 같습니다.\n(단위 : 천원)\n계정과목\n\xa0당기\xa0\n전기\n수수료비용\n7,871\n-\n당기손익-공정가치금융자산 평가손실\n146,665\n-\n당기손익-공정가치금융자산 처분손실\n129,286\n-\n기부금\n-\n4,000\n유형자산처분손실\n-\n17,932\n잡손실\n456\n228\n합 계\n284,278\n22,160\n24. 법인세비용\n(1) 당기 및 전기 중 법인세비용(계속영업)의 주요 구성내역은 다음과 같습니다.\n(단위 : 천원)\n구분\n당기\n전기\n① 당기법인세비용\n672,927\n885,553\n\xa0 \xa0 당기법인세부담액\n825,328\n926,788\n\xa0 \xa0 과거기간의 당기법인세에 대하여 당기에 인식한 조정액\n-\n-\n\xa0 \xa0 자본에 직접 반영한 법인세\n(152,401)\n(41,235)\n② 이연법인세비용\n2,522,142\n2,309,846\n\xa0 \xa0 일시적차이의 발생 및 소멸로 인한 금액\n2,522,142\n2,309,846\n당기손익으로 인식된 법인세비용\n3,195,069\n3,195,399\n(2) 당기 및 전기의 회계이익과 법인세비용의 관계는 다음과 같습니다.\n(단위 : 천원)\n구분\n당기\n전기\n법인세비용차감전순이익\n14,679,420\n14,352,983\n적용세율에 따른 세부담액\n3,207,472\n3,195,019\n조정사항 :\n\xa0 비공제비용으로 인한 효과\n434\n380\n\xa0 기타사항\n(12,837)\n-\n소계\n(12,403)\n380\n과거기간의 당기법인세에 대하여 당기에 인식한 조정액\n-\n-\n당기손익으로 인식된 법인세비용\n3,195,069\n3,195,399\n(3) 당기 및 전기 중 인식한 자본에 직접 가감되는 항목과 관련된 법인세의 내역은 다음과 같습니다.\n(단위 : 천원)\n내 \xa0역\n당기\n전기\n유형자산평가이익\n(152,401)\n(41,235)\n(4) 당기말 및 전기말 현재 재무상태표에 인식된 이연법인세부채의 내역은 다음과 같습니다.\n<당기말>\n(단위 : 천원)\n구분\n기초잔액\n감소\n증가\n기말잔액\n차감할 일시적차이\n\xa0미지급비용\n21,056\n21,056\n16,057\n16,057\n\xa0 감가상각비 한도초과\n21,824\n-\n3,225\n25,049\n\xa0 기타포괄손익-공정가치측정 금융자산 평가손실\n201,473\n-\n-\n201,473\n\xa0손실충당부채\n-\n-\n9,822,552\n9,822,552\n소계\n244,353\n21,056\n9,841,834\n10,065,131\n가산할 일시적차이\n\xa0 미수수익\n(3,107)\n(3,107)\n(54,173)\n(54,173)\n\xa0 투자부동산평가이익\n(31,656,302)\n-\n(18,630,680)\n(50,286,982)\n\xa0 유형자산 기타포괄이익\n(484,002)\n-\n(692,732)\n(1,176,734)\n\xa0 감가상각누계액 조정\n(297,916)\n-\n-\n(297,916)\n\xa0 감가상각비 신고조정\n(6,803,120)\n-\n(1,900,370)\n(8,703,490)\n\xa0 일반차입금이자 자본화\n(480,925)\n-\n-\n(4 80,925)\n\xa0 지분법이익\n(10,211)\n(10,211)\n소계\n(39,725,372)\n(3,107)\n(21,288,166)\n(61,010,431)\n일시적차이 합계\n(39,481,019)\n17,949\n(11,446,332)\n(50,945,300)\n세율\n22%\n22%\n이연법인세부채\n(8,685,824)\n(11,207,966)\n<전기말>\n(단위 : 천원)\n구분\n기초잔액\n감소\n증가\n기말잔액\n차감할 일시적차이\n\xa0미지급비용\n16,423\n16,423\n21,056\n21,056\n\xa0 감가상각비 한도초과\n15,447\n-\n6,377\n21,824\n\xa0 기타포괄손익-공정가치측정 금융자산 평가손실\n201,473\n-\n-\n201,473\n소계\n233,343\n16,423\n27,433\n244,353\n가산할 일시적차이\n\xa0 미수수익\n(8,388)\n(8,388)\n(3,107)\n(3,107)\n\xa0 투자부동산평가이익\n(22,866,596)\n(713,170)\n(9,502,876)\n(31,656,302)\n\xa0 유형자산 기타포괄이익\n(296,569)\n-\n(187,433)\n(484,002)\n\xa0 감가상각누계액 조정\n(315,545)\n(17,629)\n-\n(297,916)\n\xa0 감가상각비 신고조정\n(5,427,439)\n(152,780)\n(1,528,461)\n(6,803,120)\n\xa0 일반차입금이자 자본화\n(300,523)\n-\n(180,402)\n(480,925)\n소계\n(29,215,060)\n(891,967)\n(11,402,279)\n(39,725,372)\n일시적차이 합계\n(28,981,717)\n(875,544)\n(11,374,846)\n(39,481,019)\n세율\n22%\n22%\n이연법인세부채\n(6,375,978)\n(8,685,824)\n25. 주당이익\n(1) 당기 및 전기의 기본주당이익의 내역은 다음과 같습니다.\n(단위 : 원)\n구 \xa0 \xa0 분\n당 \xa0 \xa0 \xa0기\n전 \xa0 \xa0 \xa0기\n당기순이익\n11,484,351,110\n11,157,583,700\n가중평균유통보통주식수\n46,040,418 주\n46,216,852 주\n기본주당이익\n\xa0 \xa0 \xa0 \xa0 \xa0 \xa0 \xa0 \xa0 \xa0 249\xa0\n\xa0 \xa0 \xa0 \xa0 \xa0 \xa0 \xa0 \xa0 \xa0 241\xa0\n(2) 당기 및 전기 가중평균유통보통주식수는 다음과 같이 계산되었습니다.\n<당기>\n(단위 : 주)\n구 \xa0 \xa0분\n유통기간(개시)\n유통기간(종료)\n발행주식수\n가중치\n유통주식수\n기초\n2021-01-01\n2021-12-31\n46,216,403\n365/365\n46,216,403\n자기주식\n2021-05-26\n2021-12-31\n(110,000)\n220/365\n(66,301)\n자기주식\n2021-06-03\n2021-12-31\n(77,391)\n212/365\n(44,950)\n자기주식\n2021-06-04\n2021-12-31\n(76,833)\n211/365\n(44,416)\n자기주식\n2021-06-09\n2021-12-31\n(36,000)\n206/365\n(20,318)\n합 계\n46,040,418\n<전기>\n(단위 : 주)\n구 \xa0 \xa0분\n유통기간(개시)\n유통기간(종료)\n발행주식수\n가중치\n유통주식수\n기초\n2020-01-01\n2020-12-31\n45,091,203\n366/366\n45,091,203\n주식배당\n2020-01-01\n2020-12-31\n1,127,280\n366/366\n1,127,280\n자기주식\n2020-03-20\n2020-12-31\n(2,080)\n287/366\n(1,631)\n합 계\n46,216,852\n(3) 당기 및 전기의 희석주당이익은 기본주당이익과 동일합니다.\n26. 특수관계자와의 거래(1) 당기 및 전기 중 특수관계자와의 자금거래 내역은 없습니다.\r\n(2) 당기 및 전기 중 주요 경영진에 대한 보상내역은 다음과 같습니다.\n(단위 : 천원)\n구분\n당기\n전기\n단기급여\n542,581\n465,532\n퇴직급여\n113,583\n98,000\n합계\n656,164\n563,532\n또한, 일부 주주의 경우 중대한 영향력을 행사하는 지배력을 보유하지 않아 일반 상거래에 대한 거래를 특수관계자거래로 공시하지 않았습니다.\n27. 운용리스계약(1) 리스이용자입장 연결실체의 운용리스계약이 없습니다.(2) 리스제공자 입장 1) 리스계약연결실체는 소유하고 있는 투자부동산을 운용리스로 제공하고 있으며, 리스기간은 1~10년입니다. 모든 운용리스계약에는 리스이용자가 리스기간을 연장할 수 있는 옵션이포함되어 있습니다.당기와 전기 중 운용리스로 제공한 투자부동산으로부터 당사가 얻은 운용리스료수익은 각각 \xa013,088,208천원과 \xa011,494,353천원이며, 해당 기간동안 투자부동산에서 발생한 직접운영비용은 각각 1,898,194천원과 1,744,667천원입니다.2) 당기말 및 전기말 현재 운용리스계약과 관련된 미래의 리스료 수취계획은 다음과 같습니다.\n(당기말)\n(단위 : 천원)\n대상회사\n리스료수취계획(주1)\n리스료총액\n1년이내\n2년이내\n3년이내\n4년이내\n5년이내\n5년 초과\n국민은행 외 74개사\n10,297,726\n7,643,834\n5,715,266\n4,871,955\n4,484,630\n5,035,240\n38,048,651\n(주1)당기말 기준으로 계약서상 잔존임대기간 기준이며, 임대기간의 연장 가능성을 고려하지 않았습니다.\n(전기말)\n(단위 : 천원)\n대상회사\n리스료수취계획(주1)\n리스료총액\n1년이내\n2년이내\n3년이내\n4년이내\n5년이내\n5년 초과\n국민은행 외 72개사\n10,109,748\n7,662,198\n6,583,920\n5,241,226\n4,536,412\n9,351,160\n43,484,664\n(주1)전기말 기준으로 계약서상 잔존임대기간 기준이며, 임대기간의 연장 가능성을 고려하지 않았습니다.28. 위험관리(1) 자본위험관리연결실체의 자본관리 목적은 계속기업으로서 주주 및 이해당사자들에게 이익을 지속적으로 제공할 수 있는 능력을 보유하고 자본비용을 절감하기 위해 최적 자본구조를 유지하는 것입니다. 자본구조의 유지 또는 조정을 위하여 당사는 배당을 조정하거나,주주에 자본금을 반환하며, 부채감소를 위한 신주 발행 및 자산 매각 등을 실시하고 있습니다. 당사의 자본관리지표로 부채비율을 이용하고 있으며 이 비율은 총부채를 총자본으로나누어 산출하고 있습니다.당기말 및 전기말 현재 부채비율은 다음과 같습니다.\xa0\n(단위 : 천원)\n구분\n당기말\n전기말\n부채총계\n161,364,392\n150,826,691\n자본총계\n87,520,241\n78,635,784\n부채비율\n184.37%\n191.80%\n(2) \xa0금융자산, 금융부채 및 자본의 각 범주별로 채택한 주요 회계정책 및 방법(인식기준과 측정기준, 그리고 수익과 비용 인식기준을 포함)은 주석 2에 상세히 공시되어있습니다(3) 당기말 및 전기말 현재 금융자산과 금융부채의 범주별 장부금액은 다음과 같습니다.\n(단위 : 천원)\n구 \xa0분\n당기말\n전기말\n상각후 원가측정 금융자산\n당기손익-공정가치측정 금융자산\n기타포괄손익공정가치측정금융자산\n상각후원가측정 금융부채\n상각후 원가측정 금융자산\n기타포괄손익공정가치금융자산\n상각후원가측정 금융부채\n<금융자산>\n현금및현금성자산\n5,392,258\n-\n-\n-\n10,870,198\n-\n-\n매출채권및기타채권\n821,766\n-\n-\n-\n1,410,605\n-\n-\n장기매출채권및기타채권\n6,112\n-\n-\n-\n5,932\n-\n-\n기타포괄손익-공정가치측정금융자산\n-\n-\n3,298,527\n-\n-\n298,527\n-\n당기손익-공정가치측정금융자산\n-\n3,191,237\n-\n-\n-\n-\n-\n합 \xa0계\n6,220,136\n3,191,237\n3,298,527\n-\n12,286,735\n298,527\n-\n<금융부채>\n미지급금및기타채무\n-\n-\n-\n2,262,491\n-\n-\n6,226,099\n단기차입금\n-\n-\n-\n78,600,000\n-\n-\n50,530,000\n유동성장기차입금\n-\n-\n-\n22,000,000\n-\n-\n48,069,360\n장기미지급금및기타채무\n-\n-\n-\n14,763,712\n-\n-\n12,039,848\n장기차입금\n-\n-\n-\n20,100,000\n-\n-\n22,000,000\n합 \xa0계\n-\n-\n-\n137,726,203\n-\n-\n138,865,307\n(4) 당기말 및 전기말 현재 금융자산과 금융부채의 범주별 순손익은 다음과 같습니다.\n(단위 : 천원)\n구분\n당기\n전기\n금융자산\n\xa0 \xa0 상각후원가측정 금융자산\n60,679\n47,615\n금융부채\n\xa0 \xa0상각후원가로 평가하는 금융부채\n(3,386,479)\n(2,658,413)\n합계\n(3,325,800\n(2,610,798)\n(5) 금융위험관리연결실체는 금융상품과 관련하여 시장위험(외환위험, 이자율위험, 가격위험), 신용위험, 유동성위험과 같은 다양한 금융위험에 노출되어 있습니다. 연결실체의 위험관리는 당사의 재무적 성과에 영향을 미치는 잠재적 위험을 식별하여 당사가 허용가능한 수준으로 감소, 제거 및 회피하는 것을 그 목적으로 하고 있습니다. 연결실체의 전반적인 금융위험 관리 전략은 전기와 동일합니다.1) 이자율위험 연결실체는 변동이자율로 발행된 차입금으로 인하여 현금흐름 이자율 위험에 노출되어 있습니다. 당기말 및 전기말 현재 이자율위험에 노출된 자산 및 부채의 장부금액은 다음과 같습니다.\n(단위 : 천원)\n구 \xa0 \xa0 \xa0 분\n당기말\n전기말\n변동이자율 차입금\n103,100,000\n112,530,000\n연결실체는 내부적으로 이자율 변동으로 인한 이자율위험을 정기적으로 측정하고 있습니다. 당기말 및 전기말 현재 각 자산 및 부채에 대한 이자율이 1% 변동시 이자율변동이 당기손익 및 순자산에 미치는 영향은 다음과 같습니다.\n(당기말)\n(단위 : 천원)\n구 \xa0 \xa0 \xa0 분\n1% 상승시\n1% 하락시\n손익\n순자산\n손익\n순자산\n변동이자율 차입금\n(804,180)\n(804,180)\n804,180\n804,180\n(전기말)\n(단위 : 천원)\n구 \xa0 \xa0 \xa0 분\n1% 상승시\n1% 하락시\n손익\n순자산\n손익\n순자산\n변동이자율 차입금\n(877,734)\n(877,734)\n877,734\n877,734\n2) 가격위험연결실체는 당기말 현재 가격위험에 노출된 금융자산 및 금융부채를 보유하고 있지 않습니다.3) 신용위험 신용위험은 계약상대방이 계약상의 의무를 불이행하여 당사에 재무적 손실을 미칠 위험을 의미합니다. 신용위험은 보유하고 있는 수취채권을 포함한 거래처에 대한 신용위험 뿐 아니라 현금및현금성자산과 은행 및 금융기관 예치금으로부터 발생하고 있습니다. 은행 및 금융기관의 경우, 신용등급이 우수한 금융기관과 거래하고 있으므로 금융기관으로부터의 신용위험은 제한적입니다. 일반거래처의 경우 고객의 재무상태, 과거 경험 등 기타 요소들을 고려하여 신용을 평가하게 됩니다. 연결실체는 거래상대방에 대한 개별적인 위험 한도 관리정책은 보유하고 있지 않습니다.당기말 및 전기말 현재 신용위험의 최대노출도는 장부가액과 같으며 그 내역은 금융자산 범주 중 대여금및수취채권에 해당하는 6,220,136천원 및 12,286,734천원입니다.4) 유동성위험연결실체는 유동성위험을 관리하기 위하여 단기 및 중장기 자금관리계획을 수립하고현금유출예산과 실제현금유출액을 지속적으로 분석ㆍ검토하여 금융부채와 금융자산의 만기구조를 대응시키고 있습니다. 당사의 경영진은 영업활동현금흐름과 금융자산의 현금유입으로 금융부채를 상환가능하다고 판단하고 있습니다.당기말 및 전기말 현재 비파생금융부채의 잔존계약만기에 따른 만기분석은 다음과같습니다.\n(당기말)\n(단위 : 천원)\n구 \xa0 \xa0분(주1)\n명목현금흐름\n합계\n1년이내\n1년 ~ 5년\n5년 초과\n무이자\n2,109,910\n7,353,280\n8,973,000\n18,436,190\n고정이자율상품\n17,600,000\n-\n-\n17,600,000\n변동이자율상품\n83,000,000\n20,100,000\n-\n103,100,000\n합 \xa0 계\n102,709,910\n27,453,280\n8,973,000\n139,136,190\n(주1) 무이자(장단기임대보증금), 고정이자율상품(고정이자율 차입금), 변동이자율상품(변동이자율 차입금)\n(전기말)\n(단위 : 천원)\n구 \xa0 \xa0분(주1)\n명목현금흐름\n합계\n1년이내\n1년 ~ 5년\n5년 초과\n무이자\n4,236,730\n5,417,580\n8,973,000\n18,627,310\n고정이자율상품\n8,069,360\n-\n-\n8,069,360\n변동이자율상품\n90,530,000\n22,000,000\n-\n112,530,000\n합 \xa0 계\n102,836,090\n27,417,580\n8,973,000\n139,226,670\n(주1) 무이자(장단기임대보증금), 고정이자율상품(고정이자율 차입금), 변동이자율상품(변동이자율 차입금)상기 만기분석은 할인하지 않은 현금흐름을 기초로 당사가 지급하여야 하는 가장 빠른 만기일에 근거하여 작성되었습니다. 또한, 각 이자율상품의 현금흐름은 명목원금의 현금흐름을 나타내고 있습니다.29. 금융상품의 공정가치(1) 당기말 및 전기말 현재 회사의 금융상품의 장부금액과 공정가치는 다음과 같습니다.\r\n(단위 : 천원)\n구분\n당기말\n전기말\n장부금액\n공정가치\n장부금액\n공정가치\n<금융자산>\n\xa0상각후원가로 인식된 금융자산:\n\xa0 \xa0- 현금및현금성자산\n5,392,258\n5,392,258\n10,870,198\n10,870,198\n\xa0 \xa0- 매출채권및기타채권\n821,766\n821,766\n1,410,605\n1,410,605\n\xa0 \xa0- 장기매출채권및기타채권(비유동)\n6,112\n6,112\n5,932\n5,932\n\xa0상각후원가로 인식된 금융자산 소계\n6,220,136\n6,220,136\n12,286,735\n12,286,735\n\xa0공정가치로 인식된 금융자산:\n\xa0 \xa0- 당기손익 공정가치금융자산\n3,191,237\n3,191,237\n-\n-\n\xa0 \xa0- 기타포괄손익 공정가치금융자산\n3,298,527\n3,298,527\n298,527\n298,527\n\xa0공정가치로 인식된 금융자산 소계\n6,489,764\n6,489,764\n298,527\n298,527\n금융자산 합계\n12,709,900\n12,709,900\n12,585,262\n12,585,262\n<금융부채>\n\xa0상각후원가로 인식된 금융부채:\n\xa0 - 미지급금및기타채무\n2,262,491\n2,262,491\n6,226,099\n6,226,099\n\xa0 - 단기차입금\n78,600,000\n78,600,000\n50,530,000\n50,530,000\n\xa0 - 유동성장기차입금\n22,000,000\n22,000,000\n48,069,360\n48,069,360\n\xa0 - 장기미지급금및기타채무\n14,763,712\n14,763,712\n12,039,848\n12,039,848\n\xa0 - 장기차입금\n20,100,000\n20,100,000\n22,000,000\n22,000,000\n\xa0공정가치로 인식된 금융부채:\n금융부채 합계\n137,726,203\n137,726,203\n138,865,307\n138,865,307\n연결실체는 금융상품의 공정가치를 아래와 같은 방법에 따라 결정하였습니다.1) 유동자산ㆍ부채유동자산ㆍ부채는 만기가 단기이므로 그 공정가치가 장부가액에 근사합니다.2) 매출채권 및 기타채권매출채권 및 기타채권의 공정가치는 미래의 현금흐름을 보고기간종료일 현재의 시장이자율로 할인한 현재의 가치로 평가합니다. 한편, 유동성채권은 그 공정가치가 장부가액에 근사합니다.3) 지분증권과 보험상품에 대한 투자활성화된 거래시장에서 거래되지 않는 금융상품은 시장참가자들에 의해 일반적으로 사용되는 평가기법 또는 경영자의 판단을 사용하여 공정가치를 측정하고 있습니다.(2) 공정가치 서열체계1) 연결실체는 공정가치측정에 사용된 투입변수의 유의성을 반영하는 공정가치 서열체계에 따라 공정가치측정치를 분류하고 있으며, 공정가치 서열체계의 수준은 다음과 같습니다.\n구 \xa0분\xa0\n투입변수의 유의성\xa0\n수준1\xa0\n동일한 자산이나 부채에 대한 활성시장의 공시가격\xa0\n수준2\xa0\n직접적으로 또는 간접적으로 관측가능한 자산이나 부채에 대한 투입변수\n수준3\xa0\n관측가능한 시장자료에 기초하지 않은 자산이나 부채에 대한 투입변수\xa0\n2) 당기말 및 전기말 현재 금융상품의 공정가치를 공정가치 서열체계 수준별로 분류한 내역은 다음과 같습니다.\n(당기말)\n(단위 : 천원)\n구분\n금액\n합계\n수준1\n수준2\n수준3\n<공정가치로 측정되는 자산>\n\xa0당기손익-공정가치측정금융자산\n\xa0 \xa0- 지분증권\n-\n3,179,655\n3,179,655\n\xa0 \xa0- 보험상품\n-\n11,582\n11,582\n\xa0기타포괄손익-공정가치측정금융자산\n\xa0 - 지분증권\n-\n-\n3,298,527\n3,298,527\n합계\n-\n3,191,237\n3,298,527\n6,489,764\n(전기말)\n(단위 : 천원)\n구분\n금액\n합계\n수준1\n수준2\n수준3\n<공정가치로 측정되는 자산>\n\xa0기타포괄손익-공정가치측정금융자산\n\u3000\n\u3000\n\u3000\n\u3000\n\xa0 - 지분증권\n\xa0 \xa0 \xa0 \xa0 \xa0 \xa0 \xa0 \xa0 \xa0 -\xa0\n\xa0 \xa0 \xa0 \xa0 \xa0 \xa0 \xa0 \xa0 \xa0 -\xa0\n\xa0 \xa0 \xa0 \xa0 \xa0 \xa0 \xa0 298,527\xa0\n\xa0 \xa0 \xa0 \xa0 \xa0298,527\xa0\n합계\n\xa0 \xa0 \xa0 \xa0 \xa0 \xa0 \xa0 \xa0 \xa0 -\xa0\n\xa0 \xa0 \xa0 \xa0 \xa0 \xa0 \xa0 \xa0 \xa0 -\xa0\n\xa0 \xa0 \xa0 \xa0 \xa0 \xa0 \xa0 298,527\xa0\n\xa0 \xa0 \xa0 \xa0 \xa0298,527\xa0\n30. 부문정보연결실체는 영업수익을 창출하는 재화나 용역의 성격을 고려하여 연결실체 전체를 단일 보고부문으로 결정하였습니다. 따라서, 보고부문별 영업수익 및 법인세비용차감전순이익과 자산ㆍ부채총액에 대한 주석기재는 생략하였습니다. 또한, 당사의 당기 및 전기손익은 모두 국내에서 발생되었습니다.\n31. 차입원가 자본화당기와 전기 중 자본화된 차입원가의 내용은 다음과 같습니다.\n(단위 : 천원)\n구분\n당기\n전기\n특정\n일반\n특정\n일반\n적격자산\n투자부동산\n투자부동산\n자본화된 차입원가(*)\n-\n-\n3,784,719\n180,402\n자본화이자율\n-\n-\n2.22%\n(*) 자본화중단일 : 2020년 12월 11일(문정동 개발사업 준공승인일)\n31. 현금흐름표(1) 당기 및 전기 중 발생한 당사의 중요한 비현금거래는 다음과 같습니다.\n(단위 : 천원)\n구분\n당기\n전기\n장기차입금의 유동성 대체\n22,000,000\n48,069,360\n단기임대보증금으로의 유동성 대체\n1,212,980\n4,152,050\n장기임대보증금으로의 대체\n2,741,000\n2,952,980\n잉여금의 주식배당으로 인한 대체\n-\n1,127,280\n(2) 당기 및 전기 중 재무활동에서 생기는 부채의 변동은 다음과 같습니다.\n(당기)\n(단위 : 천원)\n구분\n기초\n재무활동현금흐름\n비현금변동\n당기말\n단기차입금\n50,530,000\n28,070,000\n-\n78,600,000\n유동성장기차입금\n48,069,360\n(48,069,360)\n22,000,000\n22,000,000\n장기차입금\n22,000,000\n20,100,000\n(22,000,000)\n20,100,000\n(전기)\n(단위 : 천원)\n구분\n기초\n재무활동현금흐름\n비현금변동\n전기말\n단기차입금\n50,530,000\n-\n-\n50,530,000\n유동성장기차입금\n22,000,000\n(22,000,000)\n48,069,360\n48,069,360\n장기차입금\n42,058,400\n28,010,960\n(48,069,360)\n22,000,000\n33. 사업결합(1) 연결실체는 2021년 5월 26일 이사회 결의에 의거하여, 2021년 7월 2일에 종속기업인 케이맥스㈜ 등을 연결실체에 편입하였습니다. 동 연결실체의 편입은 2021년 7월 2일을 취득일로 하여 취득법으로 회계처리되었습니다.(2) 종속기업의 개요당기말 종속기업 현황은 다음과 같습니다.\n기업명\n총발행주식수\n보유주식수\n지분율(주3)\n결산월\n업종\n소재지\n비고\n(주)케이맥스\n1,300,000\xa0\n910,000\xa0\n70%\n12월\n건물관리,사업시설유지관리\n한국\n(주1)\n케이맥스빌딩관리㈜\n20,000\xa0\n14,000\xa0\n70%\n12월\n시설,빌딩관리컨설팅업,부동산관리업\n한국\n(주2)\n㈜케이맥스부동산중개법인\n10,000\xa0\n7,000\xa0\n70%\n12월\n부동산 자문 및 중개업\n한국\n(주2)\n(주1) 당사는 부동산 시설의 전문적이고 효율적인 관리를 위하여, 2021년 7월2일자로 (주)케이맥스의 지분 70%를 취득하였습니다.(주2) (주)케이맥스의 100%자회사입니다.(주3) 종속기업 보유 지분율을 포함한 주식 기준입니다.\n(3) 연결실체는 해당 사업결합에 대해서 피취득자의 자산과 부채를 취득일의 공정가치로 측정하고 있습니다. 취득일 현재 케이맥스㈜ 등의 식별가능한 자산과 부채의 공정가치, 비지배지분 및 염가매수차익은 다음과 같습니다.\xa0 \xa0 \xa0 \xa0 \xa0 \xa0 \xa0 \xa0 \xa0 \xa0 \xa0 \xa0 \xa0 \xa0 \xa0 \xa0 \xa0 \xa0 \xa0 \xa0 \xa0 \xa0 \xa0 \xa0 \xa0 \xa0 \xa0 \xa0 \xa0 \xa0 \xa0 \xa0 \xa0 \xa0 \xa0 \xa0 \xa0 \xa0 \xa0 \xa0 \xa0 \xa0 \xa0 \xa0 \xa0 \xa0 \xa0 \xa0 \xa0 \xa0 \xa0 \xa0(단위 : 원)\n구분\n금액\n이전대가\n\u3000\n\xa0 \xa0현금및현금성자산으로 지급한 대가\n2,644,460,000\xa0\n이전대가 합계\n2,644,460,000\xa0\n취득한 자산 및 부채\n\u3000\n\xa0 \xa0유형자산\n18,108,730\xa0\n\xa0 \xa0무형자산\n3,000\xa0\n\xa0 \xa0기타비유동자산\n4,590,000\xa0\n\xa0 \xa0매출채권 및 기타채권\n89,232,586\xa0\n\xa0 \xa0기타유동자산\n896,594\xa0\n\xa0 \xa0현금및현금성자산\n3,790,359,115\xa0\n\xa0 \xa0비유동충당부채\n(809,501)\n\xa0 \xa0미지급금및기타채무\n(27,341,834)\n\xa0 \xa0기타유동부채\n(15,632,864)\n식별가능한 순자산의 공정가치\n3,859,405,826\xa0\n비지배지분\n(1,157,821,748)\n염가매수차익\n57,124,078\xa0\n(4) 사업결합으로 인한 현금흐름은 다음과 같습니다.\xa0 \xa0 \xa0 \xa0 \xa0 \xa0 \xa0 \xa0 \xa0 \xa0 \xa0 \xa0 \xa0 \xa0 \xa0 \xa0 \xa0 \xa0 \xa0 \xa0 \xa0 \xa0 \xa0 \xa0 \xa0 \xa0 \xa0 \xa0 \xa0 \xa0 \xa0 \xa0 \xa0 \xa0 \xa0 \xa0 \xa0 \xa0 \xa0 \xa0 \xa0 \xa0 \xa0 \xa0 \xa0 \xa0 \xa0 \xa0 \xa0 \xa0 \xa0 \xa0(단위 : 원)\n구 분\n금 \xa0액\n종속기업 취득에 따른 순현금흐름\n현금지급액\n(2,644,460,000)\n피사업결합법인의 현금및현금성자산\n3,790,359,115\xa0\n순현금유입액\n1,145,899,115\xa0\n34. 재무제표의 승인동 재무제표는 2022년 2월 21일자 이사회에서 승인되었으며, 2022년 3월 30일자 주주총회에서 최종 승인될 예정입니다.\n']"
