text
"[""\nXI. 그 밖에 투자자 보호를 위하여 필요한 사항\n1. 공시내용 진행 및 변경사항\n해당사항 없습니다.\n2. 우발부채 등에 관한 사항\n가. 중요한 소송사건당분기말 현재 연결실체가 피소되어 계류중인 소송사건으로는 근로자 지위 확인 소송 등 404건(소송가액 : 9,155억원)이 있습니다. 이 중 38건의 소송에 대하여 연결실체는 소송으로 인한 자원의 유출가능성과 금액을 합리적으로 추정하여 469억원을 우발손실충당부채로 계상하였습니다. 연결실체는 우발손실충당부채를 계상한 38건의 소송 외에는 소송사건으로 인한 현재의무가 존재하지 않다고 판단하여 충당부채를 인식하지 않았습니다.\xa0\n[철강부문] ■ 포스코\n당분기말 기준 연결회사가 피소되어 진행중인 소송사건은 다음과 같습니다.\n(단위 : 백만원)\n회 사 명\n건수\n소송금액\n소송내용\n(주)포스코\n170\xa0\n437,518\xa0\n근로자 지위 확인 소송 등\n(주)엔투비\n2\xa0\n\xa0 \xa0 \xa0 \xa023\xa0\n임금 청구 소송 등\nPOSCO Thainox Public Company Limited\n2\xa0\n142\xa0\n수표 무효소송\nPOSCO-India Priivate Limited\n1\xa0\n39\xa0\n퇴직금 청구 소송\nPOSCO TNPC Otomotiv Celik San. Ve Tic. A.S\n1\xa0\n-\xa0\n교통사고 보상금 관련 소송\nPT. KRAKATAU POSCO\n2\xa0\n-\xa0\n환경영향 관련 소송\n[인프라부문]\n■ 포스코인터내셔널 \xa01) Industrial Development Bank of India (IDBI) 보증채무이행 소송의 건\n구 분\n내 용\n소제기일\n2002년 5월 1일\n소송 원고명\n원고 : Industrial Development Bank of India피고 : DMIL, ㈜대우, ㈜대우건설, ㈜포스코인터내셔널 등\n소송의 내용\n청구원인\n원고 IDBI는 DMIL(Deawoo Motors India Ltd.)에게 금융대출을 제공하고 DMIL의 모회사인 (주)대우로부터 지급보증을 받음.\n이 후 (주)대우 분할이 이루어졌고 이에 IDBI는 분할 후 신설회사인 당사와 대우건설에게 (주)대우와 연대하여 보증채무 이행을 청구함\n소송금액\nINR 4,458M\n청구취지\n보증채무의 이행\n진행상황\n상기 원고 IDBI의 보증금 청구소송 사건과 관련하여 당사는 2003년경 인도법원의 재판관할권이 없다는 취지로 인도법원에게 답변한 후 본건 소송절차에 참가하지 않았으며, 현재까지 본건 소송과 관련하여 인도법원으로부터 적법하게 통지받은 문서는 없는 상태\n향후 일정 및 전망\n추후 별도의 진행사항이 있을 경우에 적법절차에 따라 대응할 예정\n향후 소송결과에 따라 회사에 미치는 영향\n소송 최종 결과 및 그 영향을 보고기간종료일 현재 예측할 수 없음\n2) 계류중인 소송사건 : 공시서류 제출 기준일 현재 회사가 피고로 계류중인 소송사건은 다음과 같습니다.\n[2024.09.30 현재]\n(원화단위 : 백만원, 외화단위 : 천USD, 천INR, 천PKR, 천BRL, 백만IDR)\n구분\n원고\n사건내용\n소송가액\n(주)포스코인터내셔널\n해외\nIndustrial Development Bank of India\n보증채무이행\nINR\n4,458,849\nHAFT ALMAS\n손해배상청구\nUSD\n11,000\nEcopetrol S.A.\n손해배상청구\nUSD\n11,228\nRikans\n손해배상청구\nPKR\n124,775\nSunfert International / Sun International\n손해배상청구\nINR\n10,547\nPerupetro S.A.\n광권계약 종료 여부\nUSD\n50,000\nPeoples Steel Mills Ltd.\n손해배상청구\nUSD\n240\nPaperbark Commodities Limited\n손해배상청구\nUSD\n2,102\n국내\n이경환\n징계무효확인\nKRW\n530\n일송개발\n청구이의\nKRW\n303\n신희준\n근저당권말소\nKRW\n17\n서초신동아아파트주택재건축정비사업조합\n가등기말소\nKRW\n421\n종속법인\nBRASIL SAO PAULO  STEEL PROCESSING CENTER (해외)\nPaulo Roberto dos Santos Cintra\n퇴직자 노무소송\nBRL\n89\nJESICCA\n재하청 대금지급 요청\nBRL\n308\nVINICIO DE SOUZA COUTINHO\n서비스 대금 지급요청 소송\nBRL\n22\nBluestar\n소액주주 재무정보열람 소송\nBRL\n1\nFazenda Publica do Estado de Sao Paulo\n세무소송\nBRL\n6,291\nConselho Regional de Engenharia e Agronomia do Estado de Sao Paulo\nCREA 회비 미납 소송\nBRL\n18\nPOSCO INTERNATIONAL TEXTILE LLC.(해외)\nBohodir Logon Textile\n정산금 지급 요청\nUSD\n2,389\nPOSCO SOUTH EAST ASIA (해외)\nJason Surjana Tanuwidjaja\n담보권 이행 소송\nIDR\n50,000\nPOSCO INTERNATIONAL AMERICA CORP.(해외)\nJennifer Yi. V.\n회사 차량에 의한 차량 사고\nUSD\n3,000\n신안그린에너지\n농업회사법인 우후청산유한회사\n토지인도소송\nKRW\n-\n주1) 당분기말 현재 연결회사가 원고로 계류중인 소송사건은 31건입니다.주2) 당분기말 현재 이들 계류중인 소송사건에 대하여 현재로서는 최종 결과를 합리적으로 예측할 수 없어 우발손실충당부채로 재무제표에 반영한 금액 이외에 이러한 소송의 결과가 미치는 영향을 재무제표에 반영하지 아니하였습니다.\xa0\n■ 포스코이앤씨당분기말 현재 당사가 원고로 진행중인 소송은 57건(청구금액 : 5,597억원)이며, 피고로 진행중인 소송은 113건(청구금액 : 1,973억원)입니다. 당분기말 현재 당사가 국내외에서 원고와 피고로 계류 중인 주요 소송사건은 아래와 같습니다.\n(원화단위 : 백만원, 외화단위 : 천USD)\n소송 당사자\n최종소송가액\n소송내용\n진행경과\n비고\n원고\n피고\n외화\n원화\n당사\n삼척블루파워(주)\n147,182\n삼척화력발전소 부대시설공사 항만공사 중단 관련 중재\n1심 중\n소 제기일: 23. 07. 20.\n당사\n㈜인천글로벌시티\n106,500\n송도 재미동포타운 2단계 조성사업 추가 공사대금 청구소송\n1심 중\n소 제기일: 24. 07. 31.\n두산에너빌리티(주),당사\n삼척블루파워(주)\n70,426\n삼척화력발전소 주52시간 근로제도 도입에 따른 추가 노무비 중재\n1심 중\n소 제기일: 23. 04. 19.\n당사 외 2\n방배5구역 주택재건축정비사업조합\n32,002\n방배5구역 재건축 손해배상 등청구소송\n파기환송심 중\n소 제기일: 17. 05. 12.3심 일부 승소\n당사\nNSC Investment\n24,200\nGale 중재 비용회수를 위한 본집행(NSIC 구상금채권 압류 및 추심명령)\n1심 중\n소 제기일: 24. 05. 02.\n당사\n㈜포스코퓨처엠\n23,180\n포항 인조흑연 음극재 공장(1-1단계) 공사비 청구 중재\n1심 중\n소 제기일: 24. 07. 31.\n당사\nTGC/Korea Operating\n20,300\nGale 중재 비용회수를 위한 본집행(GIK 지분 압류 및 특별현금화명령)\n1심 중\n소 제기일: 24. 05. 02.\n당사\n일레븐건설\n13,626\n용인 상현동 일레븐건설위약벌 및 돌관공사비 청구소송\n1심 중\n소 제기일: 20. 07. 03.\n당사\n(주)용인테크노밸리\n11,768\n용인 구성 지식산업센터 용인테크노밸리 공사대금 청구소송\n1심 중\n소 제기일: 24. 02. 05.\n당사\n엘제이프로젝트피에프브이\n9,955\n송도B5블록 신축공사 설계변경 등 추가공사대금 청구소송\n1심 중\n소 제기일: 24. 03. 22.\n당사\n일레븐건설\n8,802\n동천3지구 일레븐건설 위약벌 및 돌관공사비 청구소송\n1심 중\n소 제기일: 22. 03. 29.\n당사 외 6\n대한민국\n8,362\nYRP 창고시설 공기연장 간접비 청구소송\n2심 중\n소 제기일: 22. 03. 16.1심 일부 승소\n당사 외 1\n주안4구역 주택재개발정비사업조합\n8,271\n주안4구역 주택재개발정비사업조합 공사대금 청구소송\n1심 중\n소 제기일: 23. 06. 27.\n당사\nZecon(발주처)\n7,000\n말레이시아 Petrajaya 관련 중재\n1심 중\n소 제기일: 16. 11. 24.\n당사\n염주주공주택재건축정비사업조합\n4,910\n광주 염주주공 주택재건축정비사업현장 공사비 청구소송\n1심 중\n소 제기일: 23. 03. 31.(청구취지 확장)\n당사 외 1\n국가철도공단\n4,551\n동두천-연천 복선전철 제2공구간접비 청구 중재\n1심 중\n소 제기일: 23. 02. 28.\n당사\n진주아파트 주택재건축정비사업조합\n4,154\n남양주 진주아파트 주택재건축정비사업조합 대여금 반환청구소송\n1심 중\n소 제기일: 24. 05. 08.\n당사\n에스케이씨인프라서비스 외 1\n4,000\n안양박달하수처리장 에스케이씨인프라서비스 외 1 가스터빈 하자소송\n1심 중\n소 제기일: 23. 05. 12.\n당사 외 1\n한국석유공사\n3,773\n울산 BUOY 이설공사 한국석유공사추가공사비 등 청구소송\n2심 중\n소 제기일: 18. 06. 19.1심 당사 패소\n당사 외 1\n의왕 오전가구역주택재건축 정비사업조합\n3,330\n의왕 오전가구역 주택재건축정비사업조합 공사대금 청구소송\n1심 중\n소 제기일: 24. 06. 28.\n당사 외 1\n국가철도공단\n3,251\n부산-울산 복선전철 8공구국가철도공단 공사대금 청구소송\n2심 중\n소 제기일: 20. 11. 20.1심 일부 승소\n당사 외 5\n국가철도공단\n3,235\n남양주 진접선 4공구 간접비 청구소송\n1심 중\n소 제기일: 22. 12. 21.\n두산에너빌리티(주),당사\n삼척블루파워(주)\n3,165\n삼척화력발전소 암성토 공법 변경에 따른추가 공사비 청구 중재\n1심 중\n소 제기일: 23. 07. 31.\n당사 외 6\n국가철도공단\n3,148\n동해남부선 덕하차량기지 건설공사간접비 청구소송\n1심 중\n소 제기일: 22. 10. 24.(청구취지 확장)\n당사\n창일개발 외 1\n3,000\n창일개발(주) 계약이행보증금 청구소송\n2심 중\n소 제기일: 23. 03. 24.1심 당사 승소\n당사\n(주)대우건설\n3,000\n과천주공1단지 재건축 대우건설 위약벌 청구소송\n1심 중\n소 제기일: 24. 08. 07.\n당사\n조합 및 연대보증인 7인\n2,334\n장암4구역 주택재개발정비사업조합공사대금 청구소송\n1심 중\n소 제기일: 22. 05. 04.\n당사\n주원솔라(주)\n2,309\n주원솔라(주) 태양광발전사업 대위변제 구상금 청구소송\n1심 중\n소 제기일: 23. 10. 24.1심 일부 승소\n당사\n경기도 광주시\n2,202\n광주 오포 관련 경기도 광주시 부당이득금반환 청구소송\n1심 중\n소 제기일: 24. 09. 05.\nBest A.S.\n당사\n22,500\n이라크 Bazyan 변전소 PJT협력사 (Best) 중재\n1심 중\n소 제기일: 23. 01. 31.\n엔에스씨 인베스트먼트유한책임회사\n당사\n20,000\n게일사 손해배상 청구소송\n1심 중\n소 제기일: 23. 09. 01.\n대한민국\n당사 외 3\n13,145\n화양적금3공구 입찰담합 관련 대한민국 손해배상 청구소송\n2심 중\n소 제기일: 15. 12. 30.1심 일부 승소\n송도센트럴시티아파트입주자대표회의\n당사 외 2\n7,500\n송도더샵센트럴시티아파트 입주자대표회의 하자소송\n1심 중\n소 제기일: 23. 08. 31.\n서동탄역 더샵파크시티입주자대표회의\n당사 외 3\n7,000\n서동탄역 더샵파크시티 입주자대표회의 하자소송\n1심 중\n소 제기일: 24. 02. 15.\n브라질 국세청\n당사 외 2\n6,000\nSantos CMI브라질 세무집행소송\n1심 중\n소 제기일: 21. 04. 07.\n서울북부고속도로\n당사 외 10\n5,237\n구리-포천 민자도로 서울북부고속도로(주)손해배상 청구소송\n2심 중\n소 제기일: 22. 12. 26.1심 일부 승소\n연산더샵아파트입주자대표회의\n당사 외 1\n5,226\n부산 연산더샵아파트 입주자대표회의하자소송\n1심 중\n소 제기일: 22. 03. 18.\n인천중앙교회외 164\n당사 외 1\n5,220\n인천-김포 고속도로 인천중앙교회 외손해배상 청구소송\n2심 중\n소 제기일: 18. 11. 29.1심 당사 승소\n평촌더샵아이파크입주자대표회의\n당사 외 3\n4,460\n평촌 더샵아이파크 입주자대표회의하자소송\n1심 중\n소 제기일: 22. 01. 03.\n명지 퍼스트월드3단지 입주자대표회의\n당사 외 3\n4,000\n명지 포스코더샵 퍼스트월드3단지 입주자대표회의 하자소송\n1심 중\n소 제기일: 23. 12. 26.\n한국전력공사\n당사 외 2\n3,870\n제3연륙교 한국전력공사 지중송전선로손해배상 청구소송\n1심 중\n소 제기일: 22. 03. 04.\n산성역 포레스티아 입주자대표회의\n당사 외 5\n3,300\n산성역 포레스티아 입주자대표회의 하자소송\n1심 중\n소 제기일: 24. 02. 01.\n동탄 센트럴시티2차입주자대표회의\n당사 외 1\n3,221\n화성 동탄 센트럴시티2차 입주자대표회의하자소송\n1심 중\n소 제기일: 21. 06. 23.\n송도마스터뷰2단지입주자대표회의\n당사 외 2\n3,210\n송도 더샵 마스터뷰2단지 입주자대표회의하자소송\n1심 중\n소 제기일: 20. 07. 20.\n송도더샵센트럴파크1입주자대표회의\n당사 외 2\n3,102\n송도더샵센트럴파크1 입주자대표회의하자소송\n2심 중\n소 제기일: 20. 11. 16.1심 일부 승소\n가온마을12단지입주자대표회의\n당사 외 3\n3,016\n세종 가온마을12단지 입주자대표회의하자소송\n2심 중\n소 제기일: 21. 06. 14.1심 일부 승소\n펜타힐즈더샵1차입주자대표회의\n당사 외 2\n3,000\n경산 펜타힐즈더샵1차 입주자대표회의 하자소송\n1심 중\n소 제기일: 22. 08. 02.\n용인테크노밸리관리운영위원회\n당사 외 1\n3,000\n용인테크노밸리 관리운영위원회하자소송\n1심 중\n소 제기일: 22. 01. 25.(청구취지 확장)\n더샵그라비스타 단지관리단 외 1065\n당사 외 2\n3,000\n고양 더샵그라비스타 단지관리단 외 하자보수 청구소송\n1심 중\n소 제기일: 24. 06. 26.\n수루배마을4단지입주자대표회의\n당사 외 2\n2,730\n세종시 수루배마을4단지 입주자대표회의하자소송\n1심 중\n소 제기일: 24. 07. 12.\n단계주공아파트주택재건축정비사업조합\n당사 외 1\n2,689\n원주 단계주공아파트 주택재건축정비사업조합채무부존재확인소송\n1심 중\n소 제기일: 23. 03. 28.\n관저더샵2차아파트입주자대표회의\n당사 외 3\n2,500\n대전 관저더샵2차아파트 입주자대표회의 하자소송\n1심 중\n소 제기일: 23. 06. 15.\n권영옥 외 513\n당사\n2,252\n평택 소사벌더샵아파트 부당이득금청구소송\n1심 중\n소 제기일: 23. 06. 21.\n더샵달서센트럴 입주자대표회의\n당사 외 1\n2,183\n대구 더샵달서센트럴 입주자대표회의 하자소송\n1심 중\n소 제기일: 24. 01. 31.\n하남더샵센트럴뷰입주자대표회의\n당사 외 1\n2,072\n하남더샵센트럴뷰 입주자대표회의 하자소송\n1심 중\n소 제기일: 21. 04. 09.\n사송데시앙4단지아파트입주자대표회의\n당사\n2,048\n양산 사송더샵데시앙4단지 입주자대표회의하자소송\n1심 중\n소 제기일: 24. 09. 20.\n미사강변 더샵리버포레입주자대표회의\n당사 외 1\n2,041\n미사강변 더샵리버포레 입주자대표회의 하자소송\n1심 중\n소 제기일: 21. 07. 19.\n관저더샵아파트입주자대표회의\n당사 외 3\n2,031\n대전 관저더샵 입주자대표회의 하자소송\n1심 중\n소 제기일: 22. 01. 18.\n이종선 외 3\n당사 외 1\n2,000\n판교 퍼스트파크 개별세대 하자손해배상 청구소송\n1심 중\n소 제기일: 21. 10. 25.\n오영근 외 44\n당사 외 3\n2,000\n부산 LCT 더샵레지던스 오영근 외 손해배상 청구소송\n1심 중\n소 제기일: 22. 03. 11.\n부산더샵파크시티입주자대표회의\n당사 외 1\n2,000\n부산 더샵파크시티 입주자대표회의손해배상 청구소송\xa0\n1심 중\n소 제기일: 22. 07. 22.\n※ 최종소송가액 20억원 이상의 건을 기재하였습니다.\n■ 포스코디엑스당분기말 현재 연결기업이 피소된 소송사건의 내역은 다음과 같으며 연결기업의 경영진은 상기 소송결과가 연결기업의 재무상태에 중요한 영향을 미치지 아니할 것으로 판단하고 있습니다.\n(기준일 :\xa0\n2024년 9월 30일\n)\n(원화단위: 천원, \xa0외화단위 : 천BRL)\n계류법원\n원고\n사건내용\n소송가액\n진행상황\n브라질 상파울루 지방법원\n브라질 상파울루 메트로\nPSD사업 손해배상\nBRL 14,819\n진행중\n서울중앙지방법원\n에이치엔아이엔씨(주)\n공사대금 등 청구의 소\n2,516,030\n서울중앙지방법원\n아주베스틸(주)\n대금반환 청구의소\n88,000\n서울중앙지방법원\n남양주창현도뮤토아파트 입주자대표회의\xa0\n하자보수금 등 청구의 소\n1,743,844\n서울중앙지방법원\n이미란\n매매대금반환\n800,300\n수원고등법원\n논산바이오에너지 주식회사\n청구이의 소송\n792,000\n서울북부지방법원\n김정선\n근저당권 말소청구소\n136,641\n인천지방법원\n김경숙\n매매대금반환\n784,900\n서울중앙지방법원\n김종학, 박인석\n임금\n234,600\n서울중앙지방법원\n아이씨티하남관리단\n손해배상\n700,000\n의정부지방법원 고양지원\n킨텍스 바이 케이트리 호텔 관리단\n손해배상\n500,000\n서울남부지방법원\xa0\n모아씨엔씨 주식회사\n손해배상\n168,000\n인천지방법원\n한분\n손해배상\n24,613\n대구지방법원 포항지원\n박정로 외 6인\n임금\n21,000\n서울중앙지방법원\n현대썬앤빌더테라스관리단\n하자보수금 등 청구\n920,000\n대구지방법원 포항지원\n홍성일\n손해배상(산)\n50,000\n대구지방법원 포항지원\n박종현 외 30인\n임금\n93,000\n서울중앙지방법원\n맥쿼리한국인프라투융자회사 외1\n손해배상\n500,000\n[이차전지소재부문]\n■ 포스코퓨처엠\n당분기말 현재 연결실체가 피고로 계류 중인 소송사건은 3건(청구금액 : 5,699,281천원)이며, 원고로 진행 중인 소송사건은 1건(청구금액 : 619,708천원) 입니다.\n주요 소송사건은 다음과 같습니다.\xa0\n(단위 : 천원)\n계류법원\n원 \xa0고\n피 \xa0고\n사건내용\n소송가액\n진행상황\n광주지방법원 순천지원\n지배기업 정년퇴직 근로자 김성기 외 45명\n지배기업\n부당이득금 청구\n3,234,827\n1심 판결 선고 예정\n광주지방법원 순천지원\n세강산업 주식회사, 김진만\n지배기업\n손해배상 청구\n2,463,574\n1심 판결 선고 후, 원고 및 당사 각 항소\n대구지방법원 포항지원\n지배기업\n주식회사 글로벌로재이앤씨\n손해배상 청구\n619,708\n제2회 변론기일 예정\n연결실체는 소송사건으로 인한 현재 의무가 존재하지 않는다고 판단하여 충당부채를인식하지 않았습니다.\n나. 견질 또는 담보용 어음ㆍ수표 현황\n당분기말 현재 연결실체의 기타 주요 우발상황은 다음과 같습니다.\n회 사 명\n내 \xa0 \xa0 역\n포스코홀딩스㈜\n외화장기차입금과 관련하여 한국에너지공단에 백지수표 3매를 견질로 제공하고 있습니다.\n물적분할과 관련하여 분할전 채무(보증계약 포함)에 대해 분할신설회사인 주식회사 포스코와 연대하여 변제할 책임이 있습니다.\n㈜포스코인터내셔널 \xa0\xa0\n당분기말 현재 24매의 백지어음 및 18매의 백지수표가 계약이행보증 등과 관련하여 한국에너지공단 등에 견질로 제공되어 있습니다.\n㈜포스코이앤씨\n당분기말 기준 각종 계약 및 보증, 차입금과 관련하여 백지수표 38매, 백지어음 4매가 담보로 제공되어 있습니다.\n㈜포스코디엑스\n당분기말 현재 하나은행 백지수표 7매가 의무이행 담보용으로 제공되어 있습니다.\xa0\n다. 채무보증 현황 \xa0\n1) 당분기말 현재 연결실체가 제공한 지급보증 약정의 내용은 다음과 같습니다.\n(원화 단위 : 백만원)\n보증회사\n피보증회사\n보증제공처\n통 화\n보증한도금액\n보증금액\n외화금액\n원화 환산금액\n외화금액\n원화 환산금액\n[연결실체]\n\xa0 포스코홀딩스㈜\nPOSCO Asia Co., Ltd.\nCredit Agricole 등\nUSD\n200,000,000\xa0\n263,920\xa0\n-\xa0\n-\xa0\nPOSCO Argentina S.A.U\nHSBC 등\nUSD\n4,664,400,000\xa0\n6,155,142\xa0\n600,844,618\xa0\n792,875\xa0\n\xa0 ㈜포스코\nPOSCO MEXICO S.A. DE C.V.\nCitibank 등\nUSD\n40,000,000\xa0\n52,784\xa0\n40,000,000\xa0\n52,784\xa0\nPOSCO-VIETNAM Co., Ltd.\n신한은행 등\nUSD\n110,000,000\xa0\n145,156\xa0\n49,999,999\xa0\n65,980\xa0\nPOSCO COATED STEEL (THAILAND) CO., LTD.\nHSBC 등\nTHB\n\xa04,800,000,000\xa0\n195,600\xa0\n2,736,000,000\xa0\n111,492\xa0\nPOSCO ASSAN TST STEEL INDUSTRY Inc\nCitibank 등\nUSD\n122,850,000\xa0\n162,113\xa0\n122,850,000\xa0\n162,113\xa0\n\xa0 ㈜포스코인터내셔널\xa0\nPOSCO INTERNATIONAL GLOBAL DEVELOPMENT PTE. LTD.\xa0\nPOSCO Asia Co., Ltd.\nUSD\n180,000,000\xa0\n237,528\xa0\n150,000,000\xa0\n197,940\xa0\nGOLDEN LACE POSCO INTERNATIONAL CO., LTD.\xa0\nPOSCO Asia Co., Ltd.\nUSD\n13,200,000\xa0\n17,419\xa0\n11,000,000\xa0\n14,516\xa0\nPT. Bio Inti Agrindo\nBTPN 등\nIDR\n974,400,000,000\xa0\n84,968\xa0\n902,400,000,000\xa0\n78,689\xa0\nPOSCO ASSAN TST STEEL  INDUSTRY Inc\n우리은행 홍콩 등\xa0\nUSD\n13,650,000\xa0\n18,013\xa0\n13,650,000\xa0\n18,013\xa0\nPOSCO INTERNATIONAL Deutschland GmbH\nBMG 암스테르담\nUSD\n50,000,000\xa0\n65,980\xa0\n20,107,014\xa0\n26,533\xa0\nPOSCO INTERNATIONAL JAPAN Corp.\n7,005,990\xa0\n9,245\xa0\nPOSCO INTERNATIONAL AMERICA  CORP.\n-\xa0\n-\xa0\nPOSCO INTERNATIONAL SINGAPORE  PTE., LTD.\n-\xa0\n-\xa0\nPOSCO INTERNATIONAL MALAYSIA  SDN. BHD.\n-\xa0\n-\xa0\nPOSCO INTERNATIONAL ITALIA S.R.L.\n-\xa0\n-\xa0\nPOSCO INTERNATIONAL MEXICO  S.A. de C.V.\n-\xa0\n-\xa0\nPOSCO INTERNATIONAL AUSTRALIA  HOLDINGS\n-\xa0\n-\xa0\nPOSCO International MEXICO E-MOBILITY S.A de C.V\n-\xa0\n-\xa0\nPOSCO International POLAND  E-MOBILITY Sp.z.o.o.\n-\xa0\n-\xa0\nPOSCO INTERNATIONAL E&P MALAYSIA SDN. BHD.\nSC 말레이시아\nUSD\n5,000,000\xa0\n6,598\xa0\n5,000,000\xa0\n6,598\xa0\nPT. KRAKATAU POSCO ENERGY\nPOSCO Asia Co., Ltd. 등\nUSD\n102,903,407\xa0\n135,791\xa0\n47,251,419\xa0\n62,353\xa0\nPosco International Mexico e-Mobility S.A DE C.V.\n한국수출입은행 등\nUSD\n31,054,800\xa0\n40,980\xa0\n30,379,000\xa0\n40,088\xa0\nPT POSCO INTERNATIONAL ENP  INDONESIA\nPT Bank Negara Indonesia\nUSD\n\xa0 750,000\xa0\n990\xa0\n750,000\xa0\n990\xa0\n\xa0 ㈜포스코이앤씨\nPOSCO E&C Vietnam Co., Ltd.\nPOSCO Asia Co., Ltd.\nUSD\n15,000,000\xa0\n19,794\xa0\n15,000,000\xa0\n19,794\xa0\n\xa0 포스코스틸리온㈜\nMyanmar POSCO C&C Company,  Limited.\nPOSCO Asia Co., Ltd.\nUSD\n13,986,947\n18,457\xa0\n9,952,170\xa0\n13,133\xa0\n\xa0 ㈜포스코퓨처엠\nULTIUM CAM LIMITED PARTNERSHIP\nInvestissement Quebec, Strategic Innovation Fund\nCAD\n299,562,500\xa0\n292,547\xa0\n129,260,280\xa0\n126,233\xa0\n\xa0 ㈜포스코와이드\n㈜포스코\n서울보증보험\nKRW\n\xa0 \xa0 \xa0 \xa0 \xa0 \xa0 \xa0 \xa0 \xa0 \xa0 \xa030\xa0\n30\xa0\n30\xa0\n30\xa0\n㈜포스코퓨처엠\nKRW\n\xa0 \xa0 \xa0 \xa0 \xa0 \xa0 \xa0 \xa0 \xa0 \xa0 \xa0 68\xa0\n68\xa0\n68\xa0\n68\xa0\n[관계기업 및 공동기업]\n\xa0 포스코홀딩스㈜\nNickel Mining Company SAS\nSMBC\nEUR\n46,000,000\xa0\n67,807\xa0\n46,000,000\xa0\n67,807\xa0\n\xa0 ㈜포스코\nPOSUK Titanium\n신한은행\nUSD\n12,750,000\xa0\n16,825\xa0\n12,750,000\xa0\n16,825\xa0\n\xa0 ㈜포스코인터내셔널\xa0\nGLOBAL KOMSCO Daewoo LLC\n하나은행 바레인\xa0\nUSD\n6,650,000\xa0\n8,775\xa0\n6,650,000\xa0\n8,775\xa0\n\xa0 ㈜포스코이앤씨 (주1)\n춘천에너지㈜\n국민은행 등\nKRW\n\xa0 \xa0149,200\xa0\n149,200\xa0\n126,360\xa0\n126,360\xa0\n[기타회사]\n\xa0 ㈜포스코이앤씨 (주2)\n정비사업 등의 수분양자\n국민은행 등\nKRW\n\xa0 \xa01,238,283\xa0\n1,238,283\xa0\n560,867\xa0\n560,867\xa0\n\xa0 ㈜포스코와이드\n한국전력공사 등\n서울보증보험\nKRW\n8,157\xa0\n8,157\xa0\n8,157\xa0\n8,157\xa0\n\xa0 POSCO AUSTRALIA \xa0 PTY LTD\nDepartment of Trade and Investment(NSW Government) 등\n우리은행 등\nAUD\n18,422,062\xa0\n16,809\xa0\n18,422,062\xa0\n16,809\xa0\n\xa0 PT. Bio Inti Agrindo\nKSU Mandob Sejatera\nBank Muamalat\nIDR\n\xa0 \xa080,000,000,000\xa0\n6,976\xa0\n30,933,333,333\xa0\n2,697\xa0\n\xa0 POSCO-TCS\nAMATA NATURAL GAS DISTRIBUTION COMPANY LIMITED 등\nSC Bank\nTHB\n\xa0 \xa0 \xa0 \xa0 \xa054,569,000\xa0\n2,224\xa0\n54,569,000\xa0\n2,224\xa0\nBUREAU OF INDIAN STANDARDS (BIS)\nSC Bank\nUSD\n\xa0 \xa0 \xa0 \xa0 \xa0 \xa0 \xa0 \xa0 20,000\xa0\n26\xa0\n20,000\xa0\n26\xa0\n\xa0 POSCO Maharashtra \xa0 Steel Private Limited\nGail India 등\nHSBC 등\nINR\n833,764,043\xa0\n13,140\xa0\n833,764,043\xa0\n13,140\xa0\n합 \xa0 계\nUSD\n5,582,215,154\xa0\n7,366,291\xa0\n1,143,210,210\xa0\n1,508,581\xa0\nKRW\n1,395,738\xa0\n1,395,738\xa0\n695,482\xa0\n695,482\xa0\nIDR\n1,054,400,000,000\xa0\n91,944\xa0\n933,333,333,333\xa0\n81,386\xa0\nINR\n833,764,043\xa0\n13,140\xa0\n833,764,043\xa0\n13,140\xa0\nTHB\n4,854,569,000\xa0\n197,824\xa0\n2,790,569,000\xa0\n113,716\xa0\nEUR\n46,000,000\xa0\n67,807\xa0\n46,000,000\xa0\n67,807\xa0\nAUD\n18,422,062\xa0\n16,809\xa0\n18,422,062\xa0\n16,809\xa0\nCAD\n299,562,500\xa0\n292,547\xa0\n129,260,280\xa0\n126,233\xa0\n(주1)\n해당 약정사항은 PF약정사항으로서 보고기간말 현재 SOC사업과 관련하여 지급보증을 통해 신용보강을 제공하는 약정입니다.\n(주2)\n해당 약정사항은 PF약정사항으로서 보고기간말 현재 정비사업 및 기타사업과 관련하여 수분양자의 중도금대출을 보증하는 약정입니다.\n2) 당분기말 현재 연결실체의 PF 사업유형별 신용보강 내용은 다음과 같습니다.① 정비 및 기타사업가. 당분기말 현재 연결실체의 채무인수, 자금보충 등 PF 신용보강 현황과 관련 대출의 만기구성정보는 다음과 같습니다.\xa0\n(단위 : 백만원)\n보증회사\n구분(주1)\n채무자\n종 \xa0류\n신용보강 수단\n보증한도\n보증금액\n대출잔액\n대출합계\n만기 구분\n3개월 이내\n3개월 초과\n6개월 초과\n1년 초과\n2년 초과\n3년초과\n6개월 이내\n1년 이내\n2년 이내\n3년 이내\n[연결실체]\n㈜포스코이앤씨\n기타사업\nJB CLARK HILLS CORP\n본 PF\n채무인수\n43,547\xa0\n36,289\xa0\n36,289\xa0\n-\xa0\n-\xa0\n36,289\xa0\n-\xa0\n-\xa0\n-\xa0\n[관계기업 및 공동기업]\n㈜포스코이앤씨\n기타사업\n송도국제도시 개발(유)\n담보대출\n채무인수\n538,200\xa0\n303,400\n303,400\xa0\n15,800\xa0\n-\xa0\n-\xa0\n-\xa0\n287,600\xa0\n\u3000-\xa0\n[기타회사]\n㈜포스코이앤씨\n정비사업\n방배신동아아파트 재건축정비사업 조합 등\n본 PF\n채무인수\n1,013,386\xa0\n455,915\xa0\n455,915\xa0\n81,095\xa0\n43,498\xa0\n158,045\xa0\n-\xa0\n99,317\xa0\n73,960\xa0\n기타사업\n시빅센터 PPV\n브릿지론\n채무인수\n45,000\xa0\n45,000\xa0\n45,000\xa0\n-\xa0\n45,000\xa0\n-\xa0\n-\xa0\n-\xa0\n-\xa0\n기타사업\n㈜다온아이앤피\n본 PF\n연대보증\n36,000\xa0\n8,400\xa0\n8,400\xa0\n-\xa0\n-\xa0\n-\xa0\n8,400\xa0\n-\xa0\n-\xa0\n기타사업\n에코시티\n본 PF\n채무인수\n53,300\xa0\n22,800\xa0\n22,800\xa0\n-\xa0\n-\xa0\n-\xa0\n22,800\xa0\n-\xa0\n-\xa0\n㈜포스코디엑스\n기타사업\n전농배움터 지킴이 등\n본PF\n자금보충\n1,122,320\xa0\n123,309\xa0\n418,051\xa0\n-\xa0\n-\xa0\n-\xa0\n-\xa0\n-\xa0\n418,051\xa0\n소 \xa0 계\n2,270,006\xa0\n655,424\xa0\n950,166\xa0\n81,095\xa0\n88,498\xa0\n158,045\xa0\n31,200\xa0\n99,317\xa0\n492,011\xa0\n합 \xa0 계\n2,851,753\xa0\n995,113\xa0\n1,289,855\xa0\n96,895\xa0\n88,498\xa0\n194,334\xa0\n31,200\xa0\n386,917\xa0\n492,011\xa0\n(주1)\n정비사업은 주로 재건축 공동주택 시공사업으로 구성되어 있으며 기타사업은 주로 업무, 판매, 창고, 교육시설 등의 시공사업으로 구성되어 있습니다.\n나. 당분기말 현재 연결실체가 책임준공 미이행시 조건부 채무인수 및 원리금 상환 약정을 제공하는 내역은 다음과 같습니다.\n(단위 : 백만원)\n구 \xa0분\n공사건수\n도급금액\n약정금액(주1,2)\n대출잔액\n정비사업\n전체분\xa0\n23\xa0\n10,835,456\xa0\n4,038,729\xa0\n2,055,660\xa0\n연결실체분\n23\xa0\n6,914,233\xa0\n2,635,525\xa0\n1,184,274\xa0\n(주1)\n대출시 약정된 채무인수 약정 등 타 신용보강 수단과 중첩된 금액은 정비사업 80,198백만원입니다.\n(주2)\n공동 도급사업의 경우 책임준공 약정상 각 참여 회사들이 연대하여 책임준공 약정을 제공하고 있으나, 연결실체분에 대해 공동도급 지분율로 환산하여 표시하였습니다. 실제 책임준공시 각 참여사의 귀책사유와 협의에 따라 최종 책임준공 실행금액은 변동될 수 있습니다.\n다. 당분기말 현재 연결실체가 책임준공 미이행시 손해배상 약정을 제공하는 내역은 다음과 같습니다.\n(단위 : 백만원)\n구 \xa0분\n공사건수\n도급금액\n약정금액(주1,2)\n대출잔액\n정비사업\n전체분\xa0\n1\xa0\n305,519\xa0\n76,000\xa0\n20,000\xa0\n연결실체분\n1\xa0\n305,519\xa0\n76,000\xa0\n20,000\xa0\n기타사업\n전체분\xa0\n36\xa0\n10,983,042\xa0\n8,493,300\xa0\n6,374,327\xa0\n연결실체분\n36\xa0\n10,050,911\xa0\n7,935,970\xa0\n5,914,597\xa0\n합 \xa0계\n전체분\xa0\n37\xa0\n11,288,561\xa0\n8,569,300\xa0\n6,394,327\xa0\n연결실체분\n37\xa0\n10,356,430\xa0\n8,011,970\xa0\n5,934,597\xa0\n(주1)\n대출시 약정된 채무인수 약정 등 타 신용보강 수단과 중첩된 금액은 기타사업 8,400백만원입니다.\n(주2)\n공동 도급사업의 경우 책임준공 약정상 각 참여 회사들이 연대하여 책임준공 약정을 제공하고 있으나, 연결실체분에 대해 공동도급 지분율로 환산하여 표시하였습니다. 실제 책임준공시 각 참여사의 귀책사유와 협의에 따라 최종 책임준공 실행금액은 변동될 수 있습니다.\n② SOC 사업\n(단위 : 백만원)\n제공하는 자\n제공받는 자\n신용보강수단\n공사건수\n승인금액\n상환(실행) 후대출잔액\n[관계기업 및 공동기업]\n㈜포스코디엑스\n우이신설경전철㈜(주1)\n자금제공채무인수\n2\xa0\n81,883\xa0\n31,220\xa0\n포천화도고속도로 주식회사(주2)\n자금제공\n1\xa0\n24,923\xa0\n22,323\xa0\n㈜포스코이앤씨\n우이신설경전철㈜(주1)\n자금제공채무인수\n2\xa0\n205,051\xa0\n157,807\xa0\n포천화도고속도로 주식회사(주2)\n자금제공\n1\xa0\n319,526\xa0\n286,182\xa0\n포항이앤이 주식회사(주3)\n자금제공자금보충\n2\xa0\n71,930\xa0\n47,664\xa0\n푸른통영환경㈜(주3)\n자금제공\n1\xa0\n22,714\xa0\n11,195\xa0\n청정김포㈜(주3)\n자금제공\n1\xa0\n51,565\xa0\n23,715\xa0\n청정익산㈜(주3)\n자금제공\n1\xa0\n44,054\xa0\n22,625\xa0\n소 \xa0계\n11\xa0\n821,646\xa0\n602,731\xa0\n[기타회사]\n㈜포스코디엑스\n서부내륙고속도로㈜\n자금제공\n1\xa0\n47,348\xa0\n25,862\xa0\n부산산성터널㈜\n리파이낸싱\n1\xa0\n7,621\xa0\n13,504\xa0\n㈜포스코이앤씨\n서서울고속도로㈜ 등\n자금보충\n11\xa0\n62,720\xa0\n29,391\xa0\n서부내륙고속도로㈜ 등\n자금제공\n42\xa0\n2,752,922\xa0\n1,364,594\xa0\n포항 영일만 신항\n채무인수\n1\xa0\n2,250\xa0\n1,440\xa0\n부산산성터널㈜\n리파이낸싱\n1\xa0\n35,296\xa0\n26,750\xa0\n소 \xa0계\n57\xa0\n2,908,157\xa0\n1,461,541\xa0\n합 \xa0계\n68\xa0\n3,729,803\xa0\n2,064,272\xa0\n(주1)\n연결실체는 본 민간투자사업에 대하여 대출잔액의 연결실체 지분상당액 79,625백만원(타지분 포함 : 279,900백만원)의자금제공의무 약정을 제공하고 있습니다.\r\n(주2)\n연결실체는 본 민간투자사업에 대하여 대출잔액의 연결실체 지분상당액 308,505백만원(타지분 포함 : 558,077백만원)의자금제공의무 약정을 제공하고 있습니다.\r\n(주3)\n연결실체는 본 민간투자사업에 대하여 대출잔액의 연결실체 지분상당액 101,426백만원(타지분 포함 : 184,377백만원)의자금제공의무 약정을 제공하고 있습니다.\r\n3) 기타보증① 당분기말 현재 보증보험회사 등에 보험을 가입하거나 보증서를 발급하는 방식으로 발주처 등에 대하여 계약이행, 분양보증 및 하자보증 등 지급보증을 제공하고 있는 내역은 다음과 같습니다.\n(단위 : 백만원)\n회사명\n피보증처명\n보증종류\n보증한도\n보증금액\n보증처\n[종속기업]\n㈜포스코이앤씨\n\xa0Ventanas Philippines \xa0Construction Inc\n계약이행보증 등\n10,301\xa0\n10,301\xa0\n\xa0무역보험공사 등\n㈜포스코와이드\n\xa0㈜포스코이앤씨\xa0\n이행보증 등\n255\xa0\n255\xa0\n\xa0서울보증보험\xa0\n\xa0㈜포스코디엑스\xa0\n이행보증\n6\xa0\n6\xa0\n\xa0서울보증보험\xa0\n\xa0포스코스틸리온㈜\n이행보증\n45\xa0\n45\xa0\n\xa0서울보증보험\xa0\n\xa0㈜포스코인터내셔널 \xa0\n이행보증\n134\xa0\n134\xa0\n\xa0서울보증보험\xa0\n소 \xa0계\n10,741\xa0\n10,741\xa0\n[관계기업 및 종속기업]\n㈜포스코이앤씨\n\xa0PT.Tanggamus Electric Power\n보증신용장\n2,691\xa0\n2,691\xa0\n하나은행\n\xa0PT. Wampu Electric Power\n보증신용장\n2,375\xa0\n2,375\xa0\n하나은행\n\xa0포천화도고속도로 주식회사\n사업이행보증\n23,315\xa0\n23,315\xa0\n건설공제조합\n소 \xa0계\n28,381\xa0\n28,381\xa0\n[기타회사]\n㈜포스코이앤씨\n\xa0㈜대우건설 등\n시공보증 등\n7,610,135\xa0\n7,607,678\xa0\n건설공제조합 등\n㈜포스코와이드\n\xa0푸른파주㈜ 등\n이행보증 등\n17,519\xa0\n17,519\xa0\n서울보증보험\n㈜포스코엠텍\n\xa0삼아알미늄㈜\xa0\n이행보증\n83\xa0\n83\xa0\n서울보증보험\n㈜신안그린에너지\n\xa0전라남도 신안군\xa0\n이행보증\n2,963\xa0\n2,963\xa0\n서울보증보험\n㈜포스코디엑스\n\xa0서부내륙고속도로 등\xa0\n자금보충 등\n1,685\xa0\n1,685\xa0\n서울보증보험\n소 \xa0계\n7,632,385\xa0\n7,629,928\xa0\n합 \xa0계\n7,671,507\xa0\n7,669,050\xa0\n② 당분기말 현재 연결실체가 보증기관으로부터 제공받고 있는 주요 지급보증 등은 다음과 같습니다.\xa0\n(단위:백만원)\n보증처명\n보증종류\n보증한도\n보증금액\n건설공제조합\n하도급대급지급보증 등\n7,066,677\xa0\n7,066,677\xa0\n엔지니어링공제조합\nEPC 계약이행보증 등\n901,168\xa0\n461,499\xa0\n서울보증보험\n공사이행보증 등\n560,144\xa0\n560,144\xa0\n주택도시보증공사\n주택분양보증 등\n5,201,956\xa0\n5,196,705\xa0\n우리은행 등\n계약이행보증\n1,986,365\xa0\n791,897\xa0\n소프트웨어공제조합\n계약이행보증\n121,221\xa0\n121,221\xa0\n서울보증보험\n계약이행보증\n32,738\xa0\n32,738\xa0\n건설공제조합\n계약이행보증\n4,997\xa0\n4,997\xa0\n합 \xa0 계\n15,875,266\xa0\n14,235,878\xa0\n라. 그 밖의 우발채무 등\n당분기말 현재 연결실체의 주요 약정사항은 다음과 같습니다.\n회 사 명\n내 \xa0 \xa0 역\n포스코홀딩스㈜\n당분기말 현재 당사는 한국에너지공단과 서페르가나-취나바드 광구유가스전 탐사와 관련하여 USD 1.05백만 한도의 성공불융자 외화 장기차입약정을 체결하고 있습니다. 상기 차입금은 광구탐사 실패시 융자원리금의 전부 또는 일부를 감면받게 되며, 성공시 사업수익금 중 일정금액의 특별부담금을 부담하도록 약정하고 있습니다. 당분기말 현재 당사의 차입금 잔액은 \xa0 USD 1.02백만입니다.\n당분기말 현재 당사는 외화 해외교환사채와 관련하여 교환대상 자기주식 83,671주를 한국예탁결제원에 예탁하였습니다.\n㈜포스코\n주요 원재료인 철광석, 석탄 및 니켈 등에 대해 장기구매계약을 체결하고 있습니다. 당사의 장기구매계약 기간은\xa0철광석은 \xa0 2년 이상, 석탄은 3년 이상이며, 니켈은 1년 이상입니다. 매분기 구매가격은 시장가격의 변동에 따라 조정되고 있습니다. 당분기말 현재 장기구매계약에 의해 향후 구매 가능한 잔량은 철광석 30백만톤, 석탄 9백만톤입니다. \xa0\n조업용 및 발전용 주요 연료인 LNG에 대해 인도네시아 탕구 LNG 컨소시엄(Tangguh LNG)과 장기구매계약을 체결하고 있습니다. 구매계약기간 및 물량은\xa02005년 8월부터 20년간 연간 55만톤이며, 2025년 9월부터 2026년 12월까지 19만톤입니다.구매가격은 매월 기준유가(일본JCC)의 변동에 따라 조정이 되며, 기준유가가 일정 수준보다 올라가게 되면 ceiling 가격이 적용됩니다.\n주요 원재료인 철광석과 석탄 운송을 위하여 장기용선계약을 체결하고 있습니다. 당분기말 현재 계약중인 선박은\xa036척이며 평균 잔여 계약기간은 약 6년 입니다.\xa0\n조업용 및 발전용 주요 연재료인 LNG에 대해 POSCO INTERNATIONAL SINGAPORE PTE LTD.와 장기구매계약(LNG SPA)을 체결하고 있습니다. 구매계약기간은\xa02026년 11월부터 15년이며, 구매물량은 연간 370천톤 입니다. 구매가격은 美Henry Hub 천연가스 가격의 변동에 따라 조정됩니다. 당사는 구매계약을 5년 연장할 수 있는 연장선택권을 보유하고 있습니다.\n㈜포스코인터내셔널\n선주로부터 선박을 용선하여 선사에게 대선하는 용대선 사업을 운용하고 있습니다. 선주, 선사와 선박매입약정을 체결하였으며, 동 약정에 따라 선사는 용대선 계약 기간이 만료 또는 합의해지 등으로 종료되는 시점에 선주에게 약정금액을 지급하고, 선주로부터 선박의 소유권을 양도 받을 의무가 있습니다. 선사가 선박취득대금 지급 등 선박매입의무를 이행하지 못하는경우, 선사의 계약상 의무와 권리를 양도받아 선박을 인수할 의무가 있으며,\xa0당분기말 현재 체결된 선박매입약정금액은 USD31백만입니다.\xa0\n한국광해광업공단(KOMIR), ㈜STX와 구성한 한국암바토비컨소시엄(KAC)을 통해 마다가스카르 암바토비 니켈 프로젝트(DMSA/AMSA)에 투자하였습니다.운영권사인 SHERRITT INTERNATIONAL CORP.은 2017년 12월 프로젝트 지분 일부를 스미토모와 AHL(Ambatovy Holdings Limited)에 양도하였고, 2020년 8월 잔여지분을 스미토모와 AHL2(Ambatovy Holdings Ⅱ Limited)에 양도하였습니다. KAC는 AHL 및 AHL2가 보유한 프로젝트 지분\xa015.33%에 대한 권리 및 의무를 가지고 있습니다.\n㈜포스코이앤씨\n당분기말 삼척화력발전소 건설을 위한 출자자약정서 상 기본자본금 출자의무, 투자비 불인정금액 출자의무, 초과사업비 출자의무, 금융서류상 기한의 이익상실의 경우의 출자의무 부담에 대한 자금제공의무를 제공하고 있습니다. 이중 기본자본금 출자의무 잔여액은 17,509백만원이며, 그 납입시기는 2024년 4분기 중으로 전망하고 있습니다.\nPosco FutureMaterials CanadaInc (구, POSCOCHEMICALCANADA INC.)\nPosco Future Materials Canada Inc와 GM Battery Raw Materials Corporation(이하 GM)과의 GP Shareholders Agreement에 의하여 본 계약 서명일로부터 2년째 되는 날 이전에 한국의 '산업 기술의 유출 방지 및 보호에 관한 법률'에 따라 국가 핵심기술 수출 승인을 취득하지 않은 경우, GM은 Posco Future Materials Canada Inc에 GM이 보유한 ULTIUM CAM GP INC. 및 ULTIUM CAM LIMITED PARTNERSHIP의 지분을 매각할 수 있으며, GM은 본 계약 서명일로부터 27개월째 날까지 이러한 풋옵션 행사가 가능합니다. GM이 풋옵션 행사 시 Posco Future Materials Canada Inc는 GM의 지분 공정시장가액 또는 GM이 매각 마감 전에 수행한 자본 출자 총액의 125% 중 더 큰 금액으로 GM의 지분을 즉시 구매해야 합니다. 연결실체는 본 약정사항과 관련하여\xa0당분기말 현재 196,845백만원의 기타금융부채를 인식하고 있습니다.\n[주요 종속회사]\n■ 포스코인터내셔널\n(1) 분할 전 ㈜대우의 채무와 관련된 우발채무분할 전 ㈜대우는 2000년 7월 22일 주주총회를 통하여 회사를 존속회사 및 2개의 신설회사로 분할하는 계획안을 승인하였으며, 연결기업은 2000년 12월 27일 ㈜대우의무역부문에서 ㈜포스코인터내셔널로 분할하여 설립되었습니다. ㈜대우가 보증채무를 제공하였던 대우자동차 인도법인(DMIL)의 채권자인 IDBI는 2002년 5월 인도 델리/뭄바이 소재 법원에 DMIL, ㈜대우, ㈜대우건설 및 연결기업을 상대로 DMIL의 자산에 대한 처분권 및 채무확정소송을 제기하였습니다. 연결기업은 소송의 집행가능성과 금액을 합리적으로 추정하여\xa0당분기말 현재 5,909백만원을\xa0우발손실충당부채로 계상하였습니다.\r\n분할전 ㈜대우의 채무와 관련된 우발채무당분기 중 우발손실충당부채의 변동내역은 다음과 같습니다.\n(단위 : 백만원)\n구 \xa0분\n기 \xa0초\n전 \xa0입\n환 \xa0입\n사 \xa0용\n환산손익\n당분기말\n채무원금\n㈜대우관련 우발부채(EXIM India 등)\n4,178\xa0\n1,706\xa0\n-\xa0\n-\xa0\n25\xa0\n5,909\xa0\n306,427\xa0\n소송충당부채\n581\xa0\n-\xa0\n(580)\n-\xa0\n-\xa0\n1\xa0\n-\xa0\n손실충당부채\n17,143\xa0\n6,374\xa0\n-\xa0\n(1,653)\n210\xa0\n22,074\xa0\n-\xa0\n합 \xa0계\n21,902\xa0\n8,080\xa0\n(580)\n(1,653)\n235\xa0\n27,984\xa0\n306,427\xa0\n(2) 담보제공 내역\n(기준일 : 2024.09.30)\n(단위 : 백만원)\n제공처\n담보제공자산\n담보금액\n제공받은자\n제공사유\n㈜포스코인터내셔널\n토지, 건물 등 유형자산\n373,619\n한국산업은행, ㈜국민은행,Nord LB, KfW-IPEX Bank\n시설자금 및 운영자금 조달\n㈜포스코모빌리티솔루션\n토지, 건물 등 유형자산\n252,000\n㈜국민은행 등\n시설자금 및 운영자금 조달\n(3) 기타 약정사항① 한국암바토비컨소시엄(KAC) 약정연결기업은 한국광해광업공단(KOMIR), ㈜STX와 구성한 한국암바토비컨소시엄(KAC)을 통해 관계기업인 마다가스카르 암바토비 니켈 프로젝트(DMSA/AMSA)에 투자하였습니다. 운영권사인 SHERRITT INTERNATIONAL CORP.은 2017년 12월 프로젝트 지분 일부를 스미토모와 AHL(Ambatovy Holdings Limited)에 양도하였고, 2020년 8월 잔여지분을 스미토모와 AHL2(Ambatovy Holdings Ⅱ Limited)에 양도하였습니다. KAC는 AHL 및 AHL2가 보유한 프로젝트 지분 15.33%에 대한 권리 및 의무를 가지고 있습니다. \n② 페루 8광구 환경복구비용 및 광권계약 종료\n운영권사는 전 운영권자와 환경복구비용 분담비율에 관한 계약을 체결하였으나, 현지 환경법 개정으로 환경복구비용이 증가할 것으로 예상됨에 따라 전 운영권자가 환경복구비용 부담을 거절하여 연결기업을 포함한 광구 참여사들은 전 운영권자를 상대로 중재를 신청하였습니다.\n2018년 6월 중재판정 결과 전 운영권자도 환경복구 부담의무가 있어 전 운영권자의 오염책임이 기 입증된 오염유발 지역 및 향후 오염 책임이 입증되는 지역의 복구비의94%를 부담하여야 하며, 현재 환경복구계획을 페루 정부로부터 승인받기 위한 절차가 진행 중임에 따라 연결기업 및 광구 참여사와 전 운영권자가 부담하여야 하는 복구비용은 아직 확정되지 않았습니다.\xa0\n페루 환경 감독청(OEFA)은 2020년부터 운영권자에게 환경오염에 대한 벌금을 부과하고 있으며, 부과된 벌금은 운영권자가 광구 참여사에 지분비대로 청구하면 참여사가 공동부담하고 있습니다. \n운영권자는 오염 책임이 없으며 환경감독청에서 부당하게 복구 요구 및 벌금 부과를 한다고 주장하며 법적 대응을 하고 있지만 벌금 부과는 지속되고 있습니다.\n\xa0\n페루 정부산하 광권관리기관인 Perupetro는 광권계약 종료에 반대하며 국제상공회의소(ICC)에 광구 참여사를 상대로 국제중재를 제기하였으며, 2023년 2월 국제상공회의소 중재 판정부는 운영권자 청산 및 그에 따른 페루 8광구 광권의 종료를 인정하는 중간 부분 판정을 통보하였고, 12월에는 페루8광구를 Perupetro에 반납하라는 부분 판정을 통보하였습니다. 한국참여사들은 중재 대리인을 공동선임하여 지속 대응 중에 있습니다. 또한, 한국 참여사들은 운영권자 및 그 모회사에 환경 복구 의무를 공동 부담하게 하기 위해 추가로 국제상공회의소(ICC)에 별도 국제 중재를 진행 중에 있습니다.연결기업은 페루 8광구 환경복구비용과 관련하여 복구충당부채와 손실충당부채를 각각 인식하고 있습니다.③ 선박매입약정 계약상 지위양수연결기업은 선주로부터 선박을 용선하여 선사에게 대선하는 용대선 사업을 운용하고있습니다. 연결기업과 선주, 선사 삼자간 선박매입약정을 체결하였으며, 동 약정에 따라 선사는 용대선 계약 기간이 만료 또는 합의해지 등으로 종료되는 시점에 선주에게 약정금액을 지급하고 선주로부터 선박의 소유권을 양도받을 의무가 있습니다. 선사가 선박취득대금 지급 등 선박매입의무를 이행하지 못하는 경우, 연결기업은 선사의 계약상 의무와 권리를 양도받아 선박을 인수할 의무가 있습니다. 당분기말 현재 체결된 선박매입약정 내역은 다음과 같습니다.\xa0\n(단위 : 천USD)\n선 \xa0박\n선 \xa0주\n선 \xa0사\n용대선 계약기간\n매입약정금액\n컨테이너선 Heung-A Janice\nD&G Shipping SA\n㈜흥아라인\n2014.10.28 ~ 2025.03.16\n7,700\n컨테이너선 Heung-A Haiphong\nD&M Shipping SA\n㈜흥아라인\n2014.12.29 ~ 2025.03.16\n7,700\n컨테이너선 Heung-A Xiamen\nD&F Shipping SA\n㈜흥아라인\n2015.02.05 ~ 2025.05.16\n7,700\n컨테이너선 Heung-A Akita\nD&S Shipping SA\n㈜흥아라인\n2015.03.05 ~ 2025.05.16\n7,700\n합 \xa0계\n30,800\n연결기업은 용선계약과 대선계약에 대하여 각각 리스부채 및 리스채권을 계상하고 있습니다.\n④ 장기전력수급계약연결기업은 인도네시아 부생복합화력발전소 1~2호기에서 생산되는 전력의 전량을 지배기업의 종속기업인 PT.KRAKATAU POSCO와 장기전력수급계약에 의거하여 전력을 공급하고 있습니다. 연결기업이 공급하는 전력의 가격은 상기 계약에 의거 전력생산원가와 전력생산설비투자에 대한 일정 보수율 및 관련비용 등을 보상하는 방법으로 결정됩니다. 본계약의 만료일은 다음과 같습니다.\n구 \xa0분\n만료일\n인도네시아 부생복합화력발전소 1호기\n2039년 2월 28일\n인도네시아 부생복합화력발전소 2호기\n2039년 3월 31일\n⑤ Deferred Premium Agreement연결기업은 베트남에 소재한 관계기업인 AES Mong Duong Power Co., Ltd.의 지분투자와 관련하여 관계기업인 AES Mong Duong Power Co., Ltd.로부터의 배당금을 수령시 AES Mong Duong Holdings B.V에게 배당금의 일정률을 지급하는 Deferred Premium Agreement를 체결하고 있으며, 관련비용에 대해 지급수수료로 회계처리하고 있습니다.⑥ 자본투자약정연결기업은 삼척화력발전소 건설을 위하여 관계기업인 삼척블루파워㈜와 체결한 출자자 약정서 상 기본자본금 출자의무, 투자비 불인정금액 출자의무, 초과사업비 출자의무, 금융서류상 기한의 이익 상실의 경우의 출자의무 부담에 대한 자금제공의무를 제공하고 있습니다. 이 중 기본자본금 약정의무 250,495백만원은 2021년 중 출자 완료하였습니다.\n⑦ 장기매입계약연결기업은 한국가스공사와 천연가스 장기 매입계약을 체결하여, 인천복합 5~9호기의 운영에 필요한 천연가스를 한국가스공사로부터 전량 공급받고 있습니다.\n⑧ 나라브리 유연탄 사업 관련 약정사항연결기업은 한국광해광업공단과 컨소시엄을 구성하여 호주 뉴-사우스-웨일즈 주 탄전지대 유연탄 광산을 운영, 생산 및 판매하기 위한 사업에 참여하고 있으며, 사업약정에 따라 연결기업이 보유한 지분에 대하여는 파트너사에 우선매수권이 부여되어 있습니다.⑨ 한국퓨얼셀 연료전지 성능보장 약정사항연결기업은 연료전지 공급과 관련하여 경기그린에너지 주식회사 등에 대하여 장기서비스용역(Long-Term Service Agreement) 계약시 일정 출력량을 보장하는 성능보장 약정을 제공하고 있습니다\n■ 포스코이앤씨\n(1) 부동산 PF 대출\n보고기간말 현재 당사는 프로젝트 파이낸싱(이하 'PF')과 관련한 총 871,804백만원(전기말 : 1,086,457백만원)의 신용보강을 제공하고 있습니다. 당사가 참여한 컨소시엄 사업은 각사의 책임하에 지분에 따라 조달하였음으로 구분하여 표시하지 않았습니다. \xa0전기말 현재 우발부채 중 충당부채로 전환된 금액은 존재하지 않습니다. 정비사업 및 기타사업과 관련한 부동산 PF 우발부채 내역은 다음과 같습니다.\n\xa0(단위: 천원)\n구 \xa0분\n종 \xa0류\n보증한도(주1)\n보증금액\n대출잔액\n당분기말\n만기 구분\n전기말\n3개월 이내\n3개월초과6개월이내\xa0\n6개월초과1년이내\xa0\n1년초과2년이내\xa0\n2년초과3년이내\xa0\n3년초과\n정비사업\n본PF\n1,013,386,000\n455,914,957\n455,914,957\n81,094,968\n43,498,000\n158,044,723\n-\n99,316,823\n73,960,443\n404,798,524\n기타사업(주2)\n브릿지론\n45,000,000\n45,000,000\n45,000,000\n-\n45,000,000\n-\n-\n-\n-\n45,000,000\n본PF\n132,846,800\n67,489,000\n67,489,000\n-\n-\n36,289,000\n31,200,000\n-\n-\n169,158,500\n담보대출\n538,200,000\n303,400,000\n303,400,000\n15,800,000\n-\n-\n-\n287,600,000\n-\n467,500,000\n소 \xa0계\n716,046,800\n415,889,000\n415,889,000\n15,800,000\n45,000,000\n36,289,000\n31,200,000\n287,600,000\n-\n681,658,500\n합 \xa0계\n1,729,432,800\n871,803,957\n871,803,957\n96,894,968\n88,498,000\n194,333,723\n31,200,000\n386,916,823\n73,960,443\n1,086,457,024\n(주1) 보증의 대상이 다른 '책임준공'과 상대적으로 위험이 적은 '중도금 대출' 및 'SOC 사업' 의 신용보강은 종합요약표 작성 대상에서 제외하였습니다.(주2) 특수관계자에 제공하는 신용보강은 총 339,689백만원(전기말: 502,959백만원)입니다.\xa0\n(2) 부동산 PF 대출 보증 세부 내역\n보고기간말 현재 당사의 부동산 PF 대출 보증 세부내역은 다음과 같습니다. PF 보증관련 일부 약정에는 차주가 금융계약에 따라 지급하여야 할 금액을 지급하지 아니한 경우, 시공사 또는 차주에게 부도사유가 발생하는 경우, 시공사의 신용등급이 하락하는 경우 등이 발생시 기한이익상실 사유가 있습니다. 연대보증 및 \xa0채무인수, 자금보충 등과 중복으로 약정되는 책임준공은 같이 표시하고, 중도금대출, SOC 관련 신용공여 사항은 포함하지 않았습니다.\n1) 정비사업 관련 PF 대출 보증\n\xa0(단위: 천원)\n사업지역\n사업장구분\nPF종류\n신용보강종류\n보증한도\n부담률\n보증금액\n채무자\n채권기관종류\n대출잔액\n대출기간\n만기일(주1)\n유형\n책임준공약정금액\n당분기말\n전기말\n특별시\n공동주택\n본 PF\n채무인수\n58,500,000\n100%\n43,498,000\n둔촌 현대 리모델링 조합\n캐피탈사\n43,498,000\n41,237,000\n24-02~25-01\n-\nLOAN\n43,500,000\n23,600,000\n100%\n23,600,000\n송파 성지아파트 리모델링 조합\n기타\n23,600,000\n22,500,000\n21-01~25-06\n2025.07.01\nABS\n21,000,000\n66,000,000\n100%\n41,700,000\n신반포21차 재건축 조합\n기타\n41,700,000\n35,100,000\n21-04~24-12\n\u3000-\nLOAN\n-\n56,420,000\n100%\n39,394,968\n신반포18차 재건축 조합\n캐피탈사\n39,394,968\n36,023,538\n21-05~24-12\n\u3000-\nLOAN\n-\n257,530,000\n100%\n33,523,000\n방배 신동아아파트 재건축 조합\n은행 외\n33,523,000\n18,642,460\n23-11~28-08\n\u3000-\nLOAN\n-\n53,400,000\n100%\n21,307,410\n남서울종합시장 시장정비사업 조합\n기타\n21,307,410\n-\n24-05~28-10\n2028.10.14\nABCP\n-\n84,000,000\n100%\n19,130,033\n문래 진주아파트 주택재건축정비사업 조합\n은행 외\n19,130,033\n-\n24-07~29-04\n\u3000-\nLOAN\n-\n광역시\n공동주택\n본 PF\n채무인수\n170,560,000\n100%\n124,444,723\n대구노원2동 재개발 조합\n캐피탈사 외\n124,444,723\n121,944,723\n22-01~25-07\n\u3000-\nLOAN\n-\n167,076,000\n100%\n86,216,823\n상인천주택재개발정비사업조합\n은행 외\n86,216,823\n77,896,823\n22-06~27-03\n2027.04.30\nABCP\n-\n시\n공동주택\n본 PF\n채무인수\n10,000,000\n100%\n10,000,000\n구미 원평1구역 재개발 조합\n증권회사\n10,000,000\n38,353,980\n24-06~25-06\n\u3000-\nLOAN\n-\n66,300,000\n100%\n13,100,000\n원당1구역 주택재개발 조합\n은행 외\n13,100,000\n13,100,000\n22-03~26-12\n\u3000-\nLOAN\n136,200,000\n합 \xa0계\n1,013,386,000\n455,914,957\n455,914,957\n404,798,524\n\u3000\n\u3000\n\u3000\n200,700,000\n(주1) 유동화증권의 만기일에 해당합니다.\n2) 기타사업 관련 PF 대출 보증\n(단위: 천원)\n사업지역\n사업장구분\nPF종류\n신용보강종류\n보증한도\n부담률\n보증금액\n채무자\n특수관계자여부(주3)\n채권기관종류\n대출잔액\n대출기간\n만기일(주1)\n유형\n책임준공약정금액\n당분기말\n전기말\n특별시\n업무시설\n브릿지론\n채무인수\n45,000,000\n100%\n45,000,000\n시빅센터PFV\n부\n캐피탈사\n45,000,000\n45,000,000\n23.10~25.01\n\u3000-\nLOAN\n-\n광역시\n판매시설\n담보대출\n채무인수\n44,200,000\n100%\n15,800,000\n송도국제도시개발 유한회사 (주2)\n여\n기타\n15,800,000\n21,500,000\n21.10~24.10\n2024.10.13\nABS\n\u3000-\n업무시설\n담보대출\n채무인수\n-\n-\n-\n송도국제도시개발 유한회사\n여\n기타\n-\n446,000,000\n21.04~24.04\n\u3000-\nABS 외\n\u3000-\n업무시설\n담보대출\n채무인수\n390,000,000\n100%\n222,600,000\n송도국제도시개발 유한회사\n여\n기타\n222,600,000\n-\n24.04~27.04\n\u3000-\nLOAN\n\u3000-\n업무시설\n담보대출\n채무인수\n104,000,000\n100%\n65,000,000\n송도국제도시개발 유한회사\n여\n기타\n65,000,000\n-\n24.04~27.04\n2025.04.19\nABS 외\n-\n주상복합\n본PF\n연대보증\n36,000,000\n100%\n8,400,000\n㈜다온아이앤피\n부\n캐피탈사\n8,400,000\n-\n24.03~25.11\n\u3000-\nLOAN\n100,000,000\n시\n공동주택\n본PF\n채무인수\n53,300,000\n100%\n22,800,000\n에코시티\n부\n증권회사\n22,800,000\n39,700,000\n23.09~26.09\n\u3000-\nLOAN\n\u3000-\n창고시설\n본PF\n채무인수\n-\n-\n-\n마스턴123호여주삼교피에프브이 주식회사\n부\n기타\n-\n49,000,000\n23.07~24.07\n\u3000-\nABCP\n\u3000-\n창고시설\n본PF\n채무인수\n-\n-\n-\n㈜알앤알 물류\n여\n기타\n-\n45,000,000\n23.03~24.03\n\u3000-\nLOAN\n\u3000-\n기타\n공동주택\n본PF\n채무인수\n43,546,800\n100%\n36,289,000\nJB CLARK HILLS\n여\n은행\n36,289,000\n35,458,500\n23.08~25.08\n\u3000-\nLOAN\n-\n합 \xa0계\n716,046,800\n\u3000\n415,889,000\n415,889,000\n681,658,500\n100,000,000\n(주1) 유동화증권의 만기일에 해당합니다.(주2) 당사의 단기 유효신용등급이 A3+ 또는 장기 유효신용등급이 BBB+ 이하로 하락 시 본 약정에 따른 일체의 채무 전액을 즉시 변제하여야 하는 기한이익상실 약정이 있습니다.(주3) 특수관계자에게 제공하는 보증이 포함되어 있습니다.\n(3) 부동산 PF 책임준공 약정1) 보고기간말 현재 정비사업 및 기타사업과 관련하여, 책임준공 미이행시 조건부 채무인수 및 원리금 상환 약정을 제공하는 내역은 다음과 같습니다.(당분기말)\n\xa0(단위: 개, 천원)\n구분\n공사건수\n도급금액\n약정금액\n대출잔액\n정비사업\n전체분\n23\n10,835,455,700\n4,038,729,355\n2,055,659,680\n당사분\n23\n6,914,233,094\n2,635,524,549\n1,184,274,090\n(주1) 공동 도급사업의 경우 책임준공 약정상 각 참여 회사들이 연대하여 책임준공 약정을제공하고 있으나, 당사분에 대해 공동도급 지분율로 환산하여 표시하였습니다. 실제 책임준공시 각 참여사의 귀책사유와 협의에 따라 최종 책임준공 실행금액은 변동될 수 있습니다.(전기말)\n\xa0(단위 : 개, 천원)\n구분\n공사건수\n도급금액\n약정금액\n대출잔액\n정비사업\n전체분\n23\n8,807,864,331\n3,478,949,984\n1,834,195,595\n당사분\n23\n6,327,707,219\n2,575,494,831\n1,322,930,523\n기타사업\n전체분\n1\n110,340,748\n35,000,000\n14,323,000\n당사분\n1\n110,340,748\n35,000,000\n14,323,000\n계\n전체분\n24\n8,918,205,079\n3,513,949,984\n1,848,518,595\n당사분\n24\n6,438,047,967\n2,610,494,831\n1,337,253,523\n(주1) 공동 도급사업의 경우 책임준공 약정상 각 참여 회사들이 연대하여 책임준공 약정을제공하고 있으나, 당사분에 대해 공동도급 지분율로 환산하여 표시하였습니다. 실제 책임준공시 각 참여사의 귀책사유와 협의에 따라 최종 책임준공 실행금액은 변동될 수 있습니다.\n2) 당사는 보고기간말 현재 정비사업 및 기타사업과 관련하여, 아래와 같이 책임준공 미이행시 대주에게 손해배상 약정을 제공하고 있습니다.(당분기말)\r\n\xa0(단위 : 개, 천원)\n구분\n공사건수\n도급금액\n약정금액\n대출잔액\n정비사업\n전체분\n1\n305,518,637\n76,000,000\n20,000,000\n당사분\n1\n305,518,637\n76,000,000\n20,000,000\n기타사업\n전체분\n36\n10,983,042,041\n8,726,400,000\n6,568,639,190\n당사분\n36\n10,050,911,430\n8,169,070,000\n6,108,909,540\n합 \xa0계\n전체분\n37\n11,288,560,678\n8,802,400,000\n6,588,639,190\n당사분\n37\n10,356,430,067\n8,245,070,000\n6,128,909,540\n(주1) 공동 도급사업의 경우 책임준공 약정상 각 참여 회사들이 연대하여 책임준공 약정을제공하고 있으나, 당사분에 대해 공동도급 지분율로 환산하여 표시하였습니다. 실제 책임준공시 각 참여사의 귀책사유와 협의에 따라 최종 책임준공 실행금액은 변동될 수 있습니다.(전기말)\r\n\xa0(단위: 개, 천원)\n구분\n공사건수\n도급금액\n약정금액\n대출잔액\n정비사업\n전체분\n2\n652,551,553\n324,000,000\n77,138,450\n당사분\n2\n463,741,566\n187,600,000\n45,712,303\n기타사업\n전체분\n49\n11,822,311,894\n8,648,087,000\n6,270,749,710\n당사분\n49\n10,797,924,933\n8,010,453,000\n5,523,927,400\n합 \xa0계\n전체분\n51\n12,474,863,447\n8,972,087,000\n6,347,888,160\n당사분\n51\n11,261,666,499\n8,198,053,000\n5,569,639,703\n(주1) 공동 도급사업의 경우 책임준공 약정상 각 참여 회사들이 연대하여 책임준공 약정을제공하고 있으나, 당사분에 대해 공동도급 지분율로 환산하여 표시하였습니다. 실제 책임준공시 각 참여사의 귀책사유와 협의에 따라 최종 책임준공 실행금액은 변동될 수 있습니다.\n(4) 부동산 PF의 SOC보증당사의 SOC법인과 시행사의 차입금 등과 관련하여 당분기말 2,097,722백만원(전기말: 1,959,460백만원)을 한도로 자금보충 및 자금제공 등의 신용보강을 제공하고 있으며, SOC법인의 필수 사업경비 부족시 자금을 보충할 의무를 부담하고 있습니다.\n\xa0(단위 : 개, 천원)\n구 \xa0분\n당분기말\n전기말\n공사건수\n전체\n당사분\n공사건수\n전체\n당사분\n채무인수 (주1)\n2\n290,825,000\n79,621,739\n2\n306,068,000\n83,958,041\n자금보충 (주1)\n12\n340,321,968\n33,163,218\n12\n352,503,993\n35,499,543\n자금제공 (주1, 2)\n48\n7,731,596,875\n1,831,827,060\n50\n8,331,445,271\n1,675,752,229\n지급보증 (주1)\n1\n126,360,000\n126,360,000\n1\n137,500,000\n137,500,000\n리파이낸싱\n1\n84,200,000\n26,750,340\n1\n84,200,000\n26,750,340\n합 \xa0계\n64\n8,573,303,843\n2,097,722,357\n66\n9,211,717,264\n1,959,460,153\n(주1) 특수관계자에게 제공하는 보증이 포함되어 있습니다.(주2) 자금제공의무는 민간투자사업 시행사의 대출잔액으로 포함하였으며, 주무관청으로부터 지급받는 해지시지급금 또는 매수청구권의 행사로 지급받는 매수가액이 대주의 대출원리금 및 재무출자자의 출자원금에 미달되는 금액에 따라 자금제공의무 실행 금액이 변동될 수 있습니다.\n(5) 본PF의 중도금대출보고기간말 현재 정비사업 및 기타사업과 관련하여 수분양자의 중도금대출을 보증하는 약정을 체결하고 있습니다.\n\xa0(단위 : 개, 천원)\n구 \xa0분\n사업구분\n당분기말\n전기말\n사업건수\n보증한도\n약정금액\n대출잔액\n사업건수\n보증한도\n약정금액\n대출잔액\n공동도급\n정비사업\n8\n539,488,000\n432,850,000\n208,878,770\n12\n658,955,600\n536,873,000\n211,260,014\n기타사업\n14\n726,871,499\n615,688,516\n360,268,790\n22\n921,605,648\n781,975,316\n467,439,459\n합 \xa0계\n22\n1,266,359,499\n1,048,538,516\n569,147,560\n34\n1,580,561,248\n1,318,848,316\n678,699,473\n당사지분\n정비사업\n8\n511,411,600\n409,453,000\n200,598,113\n12\n626,527,600\n507,393,000\n206,576,552\n기타사업\n14\n726,871,499\n615,688,516\n360,268,790\n22\n921,605,648\n781,975,316\n467,439,459\n합 \xa0계\n22\n1,238,283,099\n1,025,141,516\n560,866,903\n34\n1,548,133,248\n1,289,368,316\n674,016,011\n(6) 기타보증보고기간말 현재 보증보험회사 등에 보험을 가입하거나 보증서를 발급하는 방식으로발주처 등에 대하여 계약이행, 분양보증 및 하자보증 등 지급보증을 제공하고 있습니다.\n(단위 : 천원)\n구 \xa0분\n피보증처명\n특수관계자여부(주2)\n보증종류\n보증한도\n보증금액\n보증처\n제공한지급보증 (주1)\n(주)대우건설 등\n부\n시공보증 등\n7,610,135,310\n7,607,678,319\n건설공제조합 등\n포천화도고속도로 주식회사\n여\n사업이행보증\n23,315,090\n23,315,090\n건설공제조합\nPT Tanggamus Electric Power\n여\n보증신용장\n2,691,495\n2,691,495\n하나은행\nPT Wampu Electric Power\n여\n보증신용장\n2,375,280\n2,375,280\n하나은행\nVentanas Philippines Construction Inc\n여\n계약이행보증 등\n10,301,440\n10,301,440\n무역보험공사 등\nPosco Engineering & Construction Vietnam Company Limited\n여\n해외법인 지급보증\n19,794,000\n19,794,000\nPOSCO-Asia\n제공받은지급보증 (주1)\n포스코이앤씨\n-\n계약보증 등\n13,482,634,852\n13,202,800,987\n건설공제조합 등\n포스코이앤씨\n-\n계약이행보증 등\n1,945,833,832\n779,609,473\n무역보험공사 등\n합 \xa0계\n23,097,081,301\n21,648,566,086\n(주1) MYR, USD, PHP, BDT, PLN, VND \xa0통화로 구성되어 있으며, 당분기말 서울외국환중개소에서 공시하는 매매기준율을 사용하여 환산하였습니다.(주2) 특수관계자에게 제공하는 보증이 포함되어 있습니다.\n1) 당분기말 현재 당사는 동업자들이 주택도시보증공사 등에서 발급받은 보증에 대하여 제공하고 있는 연대보증은 다음과 같습니다.\n\xa0(단위 : 천원)\n피보증처\n특수관계자여부(주1)\n보증종류\n보증한도\n보증금액\n보증처\n(주)대우건설\n부\n시공보증\n122,476,659\n122,476,659\n건설공제조합\n(주)태영건설\n부\n건기대(현장별보증)\n69,346\n69,346\n(주)태영건설\n부\n하자보수보증\n368,626\n368,626\n(주)한양\n부\n하도급대금지급보증\n24,926,602\n24,926,602\n(주)한준건설\n부\n공사이행보증\n32,290,290\n32,290,290\n계룡건설산업(주)\n부\n하도급대금지급보증\n98,471\n98,471\n넥스트레인(주)\n부\n사업이행보증\n118,452,682\n118,452,682\n더푸른김포(주)\n부\n사업이행보증\n3,308,880\n3,308,880\n동서울지하도로(주)\n부\n사업이행보증\n12,555,730\n12,555,730\n부산바이오가스(주)\n부\n사업이행보증\n3,384,700\n3,384,700\n서부내륙고속도로(주)\n부\n사업이행보증\n76,451,899\n76,451,899\n에스케이에코플랜트(주)\n부\n하도급대금지급보증\n705,104\n705,104\n에이스건설(주)\n부\n하도급대금지급보증\n198,290\n198,290\n에이치디씨현대산업개발(주)\n부\n건기대(현장별보증)\n3,406,488\n3,406,488\n에이치디씨현대산업개발(주)\n부\n하도대(현장별보증(구))\n418,400,000\n418,400,000\n포천화도고속도로(주)\n여\n사업이행보증\n23,315,090\n23,315,090\n현대건설(주)\n부\n하자보수보증\n1,693,654\n1,693,654\n화성광주고속도로(주)\n부\n사업이행보증\n10,772,285\n10,772,285\n화성에코텍(주)\n부\n사업이행보증\n6,019,500\n6,019,500\n휴먼에코랜드(주)\n부\n사업이행보증\n9,201,402\n9,201,402\n(주)무궁화신탁\n부\n주택분양보증\n528,321,500\n528,321,500\n주택도시보증공사\n(주)하나자산신탁\n부\n주택분양보증\n774,235,167\n774,235,167\n우리자산신탁(주)\n부\n주택분양보증\n1,485,738,180\n1,485,738,180\n신한자산신탁(주)\n부\n주택분양보증 등\n1,648,150,190\n1,648,150,190\n권XX 외 353\n부\n주택구입자금보증\n114,679,151\n112,222,160\n교보자산신탁(주)\n부\n주택분양보증 등\n549,619,545\n549,619,545\n케이비부동산신탁(주)\n부\n주택분양보증 등\n634,506,605\n634,506,605\n코리아신탁(주)\n부\n주택분양보증\n243,118,500\n243,118,500\n한국자산신탁(주)\n부\n주택분양보증\n732,624,850\n732,624,850\n한국수력원자력(주)\n부\n계약보증\n277,712\n277,712\n엔지니어링공제조합\n한국원자력환경공단\n부\n계약보증\n1,845,405\n1,845,405\n국토해양부 원주지방국토관리청\n부\n용역하자보수보증\n83,333\n83,333\n송도피식스제사차(주)\n부\n지급보증\n52,154,564\n52,154,564\n서울보증보험\nPT Tanggamus Electric Power\n여\n보증신용장\n2,691,495\n2,691,495\n하나은행\nPT Wampu Electric Power\n여\n보증신용장\n2,375,280\n2,375,280\nVentanas Philippines Construction Inc\n여\n계약이행보증 등\n10,301,440\n10,301,440\n무역보험공사 등\nPOSCO E&C Vietnam Co., Ltd.\n여\n해외법인 지급보증\n19,794,000\n19,794,000\nPOSCO-Asia\n합 \xa0계\n7,668,612,617\n7,666,155,626\n(주1) 특수관계자에게 제공하는 보증이 포함되어 있습니다.\n2) 당분기말 현재 당사가 해외 공사 수행을 위해 금융기관으로부터 제공받고 있는 보증 내역은 다음과 같습니다.\n\xa0(단위 : 천원)\n보증처\n보증종류\n보증한도\n보증금액\nANZ 서울\n하자이행보증,계약이행보증,선수금 환급보증 등\n131,960,000\n-\nBNP 서울\n158,352,000\n25,232,624\nCredit Agricole\n92,372,000\n-\nDeutsche 서울\n261,016,880\n148,601,603\nHSBC\n158,352,000\n52,496,282\nLiberty\n156,706,044\n156,706,044\nSMBC 일본\n155,643,781\n155,643,781\nUOB 말레이시아\n1,533,467\n1,533,467\nUOB 서울\n105,568,000\n-\n건설공제조합\n395,880,000\n-\n국민은행\n13,196,000\n-\n무역보험공사\n19,451,634\n19,451,634\n우리은행\n72,578,000\n70,716,169\n중국공상은행\n6,598,000\n-\n하나은행\n216,626,026\n149,227,869\n합 \xa0계\n1,945,833,832\n779,609,473\n3) 당분기말 현재 당사가 보증기관으로부터 제공받고 있는 지급보증 등은 다음과 같습니다.\n\xa0(단위 : 천원)\n보증처\n보증종류\n보증한도\n보증금액\n건설공제조합\n하도급대급지급보증 등\n7,066,142,293\n7,066,142,293\n엔지니어링공제조합\nEPC 계약이행보증 등\n663,974,690\n384,140,825\n서울보증보험\n공사이행보증 등\n559,540,578\n559,540,578\n주택도시보증공사\n주택분양보증 등\n5,192,977,292\n5,192,977,292\n합 \xa0계\n13,482,634,852\n13,202,800,987\n(7) 당사는 의정부리듬시티 주식회사와 메리츠화재해상보험 등 사이에 체결된 의정부 복합문화융합단지 도시개발사업 PF대출(272,000백만원)과 관련하여 대출 금융기관에 대출이자 및 연체이자에 대한 이자지급 연대보증을 제공하고 있습니다.(8) 당사는 시공사로 참여하고 있는 일부 도급공사에서 시행사 및 금융기관과의 업무협약서에 의하여 당분기말 기준 시행사의 운영자금 92,446백만원을 당사 명의의 예금계좌에 수탁관리하고 있습니다. 당사에서는 상기 예금계좌의 실 소유주가 시행사이므로 경제적 실질을 반영하여 별도의 회계처리를 하지 아니하고 비망계정으로 관리하고 있습니다.\n(9) 신용보강 제공 현황\n(단위 : 억원)\n발행회사(SPC)\n증권종류\nPF 사업장구분\n발행일자\n발행금액\n미상환잔액\n신용보강유형\n조기상환조항\n뉴스타송도세븐제일차㈜\nABS\n기타\n2021.10.12.\n340\n158\n채무인수\nBBB+(A3+) 이하\n엔에이치상인천유한회사\nABCP\n재개발\n2022.06.30.\n425\n286\n채무인수\n-\n케이아이에스춘천집단2호㈜\nABCP\n기타\n2024.09.24.\n1,264\n1,264\n지급보증\n-\n송도피식스제사차㈜\nABS\n업무부지\n2024.04.19.\n500\n500\n채무인수\n-\n뉴스텔라제십이차\nABS\n기타\n2024.09.11.\n236\n236\n채무인수\n■ 포스코퓨처엠(1) 당분기말 연결실체가 타인으로부터 제공받은 담보 및 보증의 내역은 다음과 같습니다.\xa0\n(단위 : 천원, 천USD)\n구분\n내용\n제공자\n금액\n만기\n지급보증\n계약이행 및 하자이행 보증금\n서울보증보험\n22,743,752\n-\n지급보증\n외상물품대금 지급보증\n서울보증보험\n1,500,000\n-\n지급보증\n무역금융 지급보증\n한국무역보험공사\nUSD 15,223\n-\n(2) 종속기업인 PT.KRAKATAU POSCO FUTUREM은 PT.Krakatau Posco와 연간 208,496톤의 생석회 및 38,116톤의 분석회석 판매계약을 체결하였습니다. 또한 PT.KRAKATAU POSCO FUTUREM이 동 생석회 생산을 위해 제조한 설비는 PT.Krakatau POSCO의 사용권자산으로 분류되어, 연결실체는 25,412,014천원(USD 19,257천)의 금융리스채권을 계상하였습니다.(3) 보고기간말 현재 연결실체가 금융기관과 맺고 있는 약정사항은 다음과 같습니다.\n(단위 : 천원, 천USD, 천CNY, 천CAD)\n금융기관\n내 \xa0역\n한도금액\n실행액\n우리은행\n\xa0구매전용카드(대출한도)\n19,000,000\n6,889,961\n\xa0상생파트너론\n1,000,000\n-\n\xa0일중대출\n20,000,000\n-\n\xa0무역금융\n30,000,000\n-\n\xa0시설대\n50,000,000\n1,000,000\n\xa0운전자금\n20,000,000\n20,000,000\n한국산업은행\n\xa0시설자금\n108,000,000\n108,000,000\n\xa0운용자금\n30,000,000\n30,000,000\n\xa0시설대\n280,000,000\n100,000,000\n국민은행\n\xa0수입신용장(외화)\nUSD 75,000\nUSD 80\n\xa0무역금융\nUSD 200,000\nUSD 18,052\n\xa0운전자금\n5,000,000\n5,000,000\n농협은행\n무역금융\n30,000,000\n-\n시설대\n50,000,000\n1,000,000\n신한은행\n시설대\n510,000,000\n411,800,000\n\xa0무역금융\nUSD 100,000\n-\n한국수출입은행\n수출성장자금\n170,000,000\n-\n수출촉진자금\n90,000,000\n2,100,000\n해외투자자금\n310,000,000\n310,000,000\n시설대\n320,000,000\n5,788,160\n미즈호은행\n\xa0일반대, 무역금융\n50,000,000\n-\nMUFG은행\n\xa0일반대, 무역금융\nUSD 50,000\n-\nSMBC은행\n\xa0일반대, 무역금융\nUSD 75,000\n-\nBNP파리바은행\n\xa0무역금융, 매출채권 팩토링\nUSD 100,000\nUSD 22,608\nSC제일은행\n\xa0일반대, 무역금융\nUSD 50,000\n-\n\xa0매출채권 팩토링\nUSD 120,000\nUSD 51,449\n중국은행\n\xa0무역금융\nUSD 100,000\n-\nHSBC은행\n\xa0무역금융\nUSD 25,000\n-\n\xa0운전자금\nUSD 30,000\n-\n\xa0Standby L/C\nCAD 20,000\n-\n크레디아그리콜은행\n\xa0일반대, 무역금융\nUSD 25,000\n-\n중국공상은행\n\xa0무역금융\nUSD 40,000\nUSD 13,639\nING은행\n\xa0무역금융\nUSD 40,000\n-\n씨티은행\n\xa0무역금융\nUSD 40,000\n-\nSG은행\n\xa0무역금융\nUSD 100,000\nUSD 15,223\nPOSCO Asia Co., Ltd.\n\xa0외화시설자금대출\nCNY 68,000\nCNY 68,000\n합 계\n2,093,000,000\n1,001,578,121\nUSD 1,170,000\nUSD 121,051\nCNY 68,000\nCNY 68,000\nCAD 20,000\n-\n(4) 연결실체는 Inner Mongolia Sinuo New Material Technology Co.,Ltd 증자 계약에서 연결실체의 보유 지분에 대하여 Inner Mongolia Sinuo New Material Technology Co.,Ltd 최대주주인 국민기술 주식유한회사와 풋콜옵션을 체결하였습니다. 연결실체는 약정된 행사기간 동안 약정된 상황 하에서 약정된 행사가격으로 풋옵션을 행사할 수 있습니다. 국민기술 주식유한회사는 증자 이후 3년간 연결실체가 의무매입수량 총 1천톤을 달성하지 못할 경우에 한해서 연결실체 최초 지분매입시 지불가격에 상응하는 가격으로 콜옵션을 행사할 수 있으며, 이로 인해 연결실체는 보유지분율감소와 더불어 이사회 선임권이 박탈될 수 있습니다. 또한, 위 옵션으로 인해 파생상품자산을 계상하고 있습니다.(5) 연결실체는 GM Battery Raw Materials Corporation(이하 GM)과의 GP Shareholders Agreement에 의하여 본 계약 서명일로부터 2년째 되는 날 이전에 산업 기술의유출 방지 및 보호에 관한 법률에 따라 사업장, 공급계약 및 기술 승인과 관련하여 무조건적인 국가 핵심기술 수출 승인을 취득하지 않은 경우, GM은 연결실체에 지분 전부(GM이 보유한 ULTIUM CAM GP INC. 및 ULTIUM CAM LIMITED PARTNERSHIP)를 매각할 수 있으며, GM은 본 계약 서명일로부터 27개월째 날까지 이러한 풋옵션 행사가 가능합니다. GM이 풋옵션 행사시 연결실체는 (i) GM의 지분 공정시장가액 또는 (ii) GM이 매각 마감 전에 수행한 자본 출자 총액의 125% 중 더 큰 금액으로 GM의 지분을 즉시 구매해야 합니다. 또한, 위 옵션으로 인해 기타금융부채 및 기타자본조정을 계상하고 있습니다.(6) 연결실체는 GM Battery Raw Materials Corporation(이하 GM)과의 GP Shareholders Agreement에 의하여 ULTIUM CAM LIMITED PARTNERSHIP에 추가출자의무를 보유하고 있습니다. 당분기말 현재 연결실체는 2025년까지 캐피탈콜(CapitalCall)방식으로 잔여약정금액 USD 787,845천을 추가 출자할 예정입니다. \n■ 포스코스틸리온\n(1) 당분기말과 전기말 현재 연결기업의 주요 한도거래 약정내역은 다음과 같습니다.\n(기준일 : 2024년 9월 30일)\n(단위 : USD, 천원)\n금융기관\n내 \xa0 역\n제 37(당) 기 3분기\n제 36(전) 기\n하나은행\n무역금융\n38,000,000\n38,000,000\n내국신용장\n2,000,000\n2,000,000\n외담대간접익스포져\n2,000,000\n2,000,000\n우리은행\n포괄여신한도\n20,000,000\n20,000,000\n외화지급보증(주1)\nUSD 20,000\nUSD 20,000\n국민은행\n무역금융\n50,000,000\n30,000,000\n신한은행\n무역금융\n15,000,000\n15,000,000\n농협은행\n일반자금\n-\n15,000,000\n한국수출입은행\n수출이행자금대출\n15,000,000\n15,000,000\n한국산업은행\n일반한도대출\n15,000,000\n15,000,000\nPOSCO Asia Co., Ltd\n운전자금대출\nUSD 7,986,947\nUSD 7,986,947\nUSD 6,000,000\nUSD 6,000,000\n(주1)\n예금상품 32,000천원이 담보로 제공되었습니다.\xa0\n(2) 당분기말 현재 당사는 이행계약보증 등과 관련하여 서울보증보험으로부터 1,076백만원(전기말 : 1,738백만원)의 지급보증을 제공받고 있습니다.\n■ 포스코엠텍(1) 당분기말 현재 당사가 체결하고 있는 약정사항은 다음과 같습니다.\n(단위 : USD 천, 천원)\xa0\n은행\n통화\n금액\n비고\n우리은행\nKRW\n1\xa0\n기업운전자금대출\nKRW\n1\xa0\n무역금융대출\nUSD\n2,000\xa0\n수입신용장발행\nUSD\n500\xa0\n기타외화지급보증\nKRW\n1\xa0\n기업구매자금대출\nKRW\n1,500,000\xa0\nB2B+ 주계약\nKRW\n1,000,000\xa0\n상생파트너론 주계약\n2) 당분기말 현재 당사는 건설공사 계약관련 지급보증 등과 관련하여 서울보증보험으로부터 82,500천원의 지급보증을 제공받고 있습니다.\n(단위 : 천원)\xa0\n회사명\n피보증처명\n보증종류\n보증한도\n보증금액\n보증처\n(주)포스코엠텍\n삼아알미늄(주)\n이행보증 등\n82,500\xa0\n82,500\xa0\n서울보증보험\n합 \xa0계\n82,500\xa0\n82,500\xa0\n-\n3. 제재 등과 관련된 사항\n제재 등에 관련된 사항은 기업공시서식 작성기준에 따라 분기보고서에는 기재를 생략하였습니다.\n4. 작성기준일 이후 발생한 주요사항 등 기타사항\n작성기준일 이후 발생한 주요사항 등 기타사항은 기업공시서식 작성기준에 따라 분기보고서에는 기재를 생략하였습니다.\n""]"
