text
"['\nIII. 재무에 관한 사항\n1. 요약재무정보\n가. 요약연결재무정보\n\xa0 \xa0 \xa0 \xa0 \xa0 \xa0 \xa0 \xa0 \xa0 \xa0 \xa0 \xa0 \xa0 \xa0 \xa0 \xa0 \xa0 \xa0 \xa0 \xa0 \xa0 \xa0 \xa0 \xa0 \xa0 \xa0 \xa0 \xa0 \xa0 \xa0 \xa0 \xa0 \xa0 \xa0 \xa0 \xa0 \xa0 \xa0 \xa0 \xa0 \xa0 \xa0 \xa0 \xa0 \xa0 \xa0 \xa0 \xa0 \xa0 \xa0 \xa0 \xa0 \xa0 \xa0 \xa0 \xa0 \xa0 \xa0 \xa0 \xa0 \xa0 \xa0 \xa0 \xa0 \xa0\xa0(단위 : 원)\n구\xa0\xa0 분\n제51기 반기\n제50기\n제49기\n2021년 6월말\n2020년 12월말\n2019년 12월말\n[유동자산]\n195,579,964,638\n176,250,578,584\n133,862,143,755\n\xa0\xa0 현금및현금성자산\n41,037,199,887\n31,568,990,455\n14,364,943,412\n\xa0\xa0 매출채권 및 기타채권\n36,322,131,904\n38,409,751,450\n29,884,617,624\n\xa0\xa0 단기금융자산\n58,800,000,000\n57,400,000,000\n49,815,600,000\n\xa0\xa0 재고자산\n53,449,001,533\n44,536,198,563\n36,460,086,203\n\xa0\xa0 기타유동자산\n5,971,631,314\n4,335,638,116\n3,336,896,516\n[비유동자산]\n216,267,166,987\n204,904,971,533\n204,713,160,727\n\xa0\xa0 장기금융자산\n2,000,000\n302,000,000\n2,000,000\n\xa0\xa0 기타포괄손익-공정가치 측정 금융자산\n13,692,346,278\n9,229,861,320\n8,344,914,019\n\xa0\xa0 유형자산\n148,856,495,385\n141,235,547,124\n141,874,705,548\n\xa0\xa0 투자부동산\n9,927,969,742\n9,947,058,581\n9,985,236,259\n\xa0\xa0 무형자산\n31,872,476,178\n33,039,854,676\n35,590,115,062\n\xa0\xa0 이연법인세자산\n2,526,304,407\n\xa02,554,445,816\n-\n\xa0\xa0 기타비유동자산\n9,389,574,997\n8,596,204,016\n8,916,189,839\n자산총계\n411,847,131,625\n\xa0381,155,550,117\n338,575,304,482\n[유동부채]\n62,636,970,023\n56,043,065,890\n55,401,772,305\n[비유동부채]\n45,114,859,148\n34,104,966,169\n26,765,334,641\n부채총계\n107,751,829,171\n90,148,032,059\n82,167,106,946\n[지배기업소유주지분]\n186,943,538,719\n179,151,974,951\n161,486,048,679\n\xa0\xa0 자본금\n2,875,800,000\n2,875,800,000\n2,875,800,000\n\xa0\xa0 연결자본잉여금\n95,443,802,779\n117,943,802,779\n117,943,802,779\n\xa0\xa0 연결이익잉여금\n171,109,813,560\n142,163,613,667\n124,687,216,713\n\xa0\xa0 연결기타자본구성요소\n(82,485,877,620)\n(83,831,241,495)\n(84,020,770,813)\n[소수주주지분]\n117,151,763,735\n111,855,543,107\n94,922,148,857\n자본총계\n304,095,302,454\n291,007,518,058\n256,408,197,536\n2021년 1월 ~ 6월\n2020년 1월 ~ 12월\n2019년 1월 ~ 12월\n매출액\n169,648,634,328\n319,076,436,534\n281,023,046,262\n영업이익(손실)\n11,984,253,295\n41,110,653,286\n29,530,642,938\n연결총당기순이익(손실)\n12,620,502,270\n35,272,383,470\n24,721,680,726\n지배회사지분 순이익\n6,889,722,493\n17,878,949,808\n12,065,351,127\n소수주주지분 순이익\n5,730,779,777\n17,393,433,662\n12,656,329,599\n연결기본주당이익(손실)\n5,691\n15,906\n11,148\n연결에 포함된 회사수\n6개\n5개\n5개\n나. 요약재무정보\xa0 \xa0 \xa0 \xa0 \xa0 \xa0 \xa0 \xa0 \xa0 \xa0 \xa0 \xa0 \xa0 \xa0 \xa0 \xa0 \xa0 \xa0 \xa0 \xa0 \xa0 \xa0 \xa0 \xa0 \xa0 \xa0 \xa0 \xa0 \xa0 \xa0 \xa0 \xa0 \xa0 \xa0 \xa0 \xa0 \xa0\xa0(단위 : 원)\n구\xa0\xa0 분\n제51기 반기\n제50기\n제49기\n2021년\xa0 6월말\n2020년\xa0 12월말\n2019년\xa0 12월말\n[유동자산]\n38,211,900,634\n38,148,279,241\n34,975,147,560\n\xa0\xa0 현금및현금성자산\n806,903,800\n1,567,699,447\n458,043,496\n\xa0\xa0 매출채권 및 기타채권\n159,179,673\n163,904,606\n115,155,897\n\xa0\xa0 단기금융자산\n35,500,000,000\n34,600,000,000\n34,000,000,000\n\xa0\xa0 유동성장기대여금\n1,582,000,000\n1,523,200,000\n-\n\xa0\xa0 기타유동자산\n163,817,161\n293,475,188\n401,948,167\n[비유동자산]\n155,830,900,112\n147,327,243,314\n134,018,329,810\n\xa0\xa0 장기대여금\n-\n761,600,000\n4,052,300,000\n\xa0\xa0 기타포괄손익-공정가치 측정 금융자산\n12,513,797,967\n9,125,478,563\n8,247,281,750\n\xa0\xa0 종속기업투자\n123,025,432,989\n117,115,707,264\n101,337,819,319\n\xa0\xa0 유형자산\n10,319,550,874\n10,323,397,981\n10,331,760,797\n\xa0\xa0 투자부동산\n9,927,969,742\n9,947,058,581\n9,985,236,259\n\xa0\xa0 무형자산\n44,148,540\n54,000,925\n63,931,685\n자산총계\n194,042,800,746\n185,475,522,555\n168,993,477,370\n[유동부채]\n345,703,093\n596,791,269\n564,788,756\n[비유동부채]\n7,431,558,934\n6,379,556,335\n7,637,319,935\n부채총계\n7,777,262,027\n6,976,347,604\n8,202,108,691\n[자본금]\n2,875,800,000\n2,875,800,000\n2,875,800,000\n[자본잉여금]\n95,443,802,779\n117,943,802,779\n117,943,802,779\n[이익잉여금]\n170,431,813,560\n141,510,813,667\n123,992,536,713\n[기타자본구성요소]\n(82,485,877,620)\n(83,831,241,495)\n(84,020,770,813)\n자본총계\n186,265,538,719\n178,499,174,951\n160,791,368,679\n종속관계 공동기업 투자주식의 평가방법\n지분법\n지분법\n지분법\n2021년 1월 ~ 6월\n2020년 1월 ~ 12월\n2019년 1월 ~ 12월\n매출액(수익)\n6,835,645,944\n18,279,057,703\n15,082,218,673\n영업이익(손실)\n6,140,082,511\n16,828,821,350\n13,677,722,736\n총당기순이익(손실)\n6,864,522,493\n17,920,829,808\n11,246,105,282\n기본주당이익(손실)\n3,095\n8,081\n5,071\n2. 연결재무제표\n연결 재무상태표\n제 51 기 반기말 2021.06.30 현재\n제 50 기말\xa0 \xa0 \xa0 \xa0 2020.12.31 현재\n(단위 : 원)\n\u3000\n제 51 기 반기말\n제 50 기말\n자산\n\u3000\n\u3000\n\u3000유동자산\n195,579,964,638\n176,250,578,584\n\u3000\u3000현금및현금성자산\n41,037,199,887\n31,568,990,455\n\u3000\u3000매출채권 및 기타유동채권\n36,322,131,904\n38,409,751,450\n\u3000\u3000단기금융상품\n58,800,000,000\n57,400,000,000\n\u3000\u3000재고자산\n53,449,001,533\n44,536,198,563\n\u3000\u3000기타유동자산\n5,971,631,314\n4,335,638,116\n\u3000비유동자산\n216,267,166,987\n204,904,971,533\n\u3000\u3000장기금융상품\n2,000,000\n302,000,000\n\u3000\u3000기타포괄손익-공정가치 측정 금융자산\n13,692,346,278\n9,229,861,320\n\u3000\u3000유형자산\n148,856,495,385\n141,235,547,124\n\u3000\u3000투자부동산\n9,927,969,742\n9,947,058,581\n\u3000\u3000무형자산\n31,872,476,178\n33,039,854,676\n\u3000\u3000이연법인세자산\n2,526,304,407\n2,554,445,816\n\u3000\u3000기타비유동자산\n9,389,574,997\n8,596,204,016\n\u3000자산총계\n411,847,131,625\n381,155,550,117\n부채\n\u3000\n\u3000\n\u3000유동부채\n62,636,970,023\n56,043,065,890\n\u3000\u3000매입채무 및 기타유동채무\n40,048,758,303\n34,371,460,198\n\u3000\u3000단기차입금\n8,784,211,260\n788,442,560\n\u3000\u3000유동성장기차입금\n500,000,000\n500,000,000\n\u3000\u3000당기법인세부채\n1,347,382,780\n5,940,613,252\n\u3000\u3000유동충당부채\n1,566,760,322\n1,419,009,108\n\u3000\u3000유동리스부채\n3,067,323,369\n3,313,225,148\n\u3000\u3000기타유동부채\n7,322,533,989\n9,710,315,624\n\u3000비유동부채\n45,114,859,148\n34,104,966,169\n\u3000\u3000장기차입금\n21,225,000,000\n10,375,000,000\n\u3000\u3000퇴직급여부채\n1,178,561,012\n676,656,059\n\u3000\u3000비유동충당부채\n2,165,787,550\n1,942,803,480\n\u3000\u3000이연법인세부채\n14,794,258,253\n14,051,384,247\n\u3000\u3000비유동리스부채\n5,520,076,333\n6,871,122,383\n\u3000\u3000기타비유동부채\n231,176,000\n188,000,000\n\u3000부채총계\n107,751,829,171\n90,148,032,059\n자본\n\u3000\n\u3000\n\u3000지배기업의 소유주에게 귀속되는 자본\n186,943,538,719\n179,151,974,951\n\u3000\u3000자본금\n2,875,800,000\n2,875,800,000\n\u3000\u3000자본잉여금\n95,443,802,779\n117,943,802,779\n\u3000\u3000이익잉여금(결손금)\n171,109,813,560\n142,163,613,667\n\u3000\u3000기타자본구성요소\n(82,485,877,620)\n(83,831,241,495)\n\u3000비지배지분\n117,151,763,735\n111,855,543,107\n\u3000자본총계\n304,095,302,454\n291,007,518,058\n자본과부채총계\n411,847,131,625\n381,155,550,117\n연결 포괄손익계산서\n제 51 기 반기 2021.01.01 부터 2021.06.30 까지\n제 50 기 반기 2020.01.01 부터 2020.06.30 까지\n(단위 : 원)\n\u3000\n제 51 기 반기\n제 50 기 반기\n3개월\n누적\n3개월\n누적\n수익(매출액)\n83,924,393,914\n169,648,634,328\n78,925,038,784\n153,348,620,317\n매출원가\n50,996,094,839\n100,117,900,514\n40,771,620,683\n81,337,381,020\n매출총이익\n32,928,299,075\n69,530,733,814\n38,153,418,101\n72,011,239,297\n판매비와관리비\n31,881,211,618\n57,546,480,519\n22,842,025,703\n46,535,295,686\n영업이익(손실)\n1,047,087,457\n11,984,253,295\n15,311,392,398\n25,475,943,611\n금융수익\n859,516,416\n3,249,633,453\n461,186,811\n2,399,403,232\n금융원가\n775,871,617\n1,273,745,763\n860,455,443\n1,274,517,915\n기타이익\n572,335,681\n789,957,365\n145,757,599\n485,719,652\n기타손실\n325,255,238\n395,831,755\n31,397,202\n591,000,720\n법인세비용차감전순이익(손실)\n1,377,812,699\n14,354,266,595\n15,026,484,163\n26,495,547,860\n법인세비용\n(498,947,078)\n1,733,764,325\n1,724,977,540\n4,940,079,865\n당기순이익(손실)\n1,876,759,777\n12,620,502,270\n13,301,506,623\n21,555,467,995\n당기순이익(손실)의 귀속\n\u3000\n\u3000\n\u3000\n\u3000\n\u3000지배기업의 소유주에게 귀속되는 당기순이익(손실)\n1,019,913,664\n6,889,722,493\n7,113,179,456\n10,753,811,476\n\u3000비지배지분에 귀속되는 당기순이익(손실)\n856,846,113\n5,730,779,777\n6,188,327,167\n10,801,656,519\n기타포괄손익\n217,113,954\n1,335,220,318\n1,006,585,402\n(432,968,071)\n\u3000당기손익으로 재분류되지 않는항목(세후기타포괄손익)\n218,177,154\n1,355,266,383\n806,117,291\n(381,571,150)\n\u3000\u3000기타포괄손익-공정가치 측정 금융자산 평가손익(세후기타포괄손익)\n218,177,154\n1,355,266,383\n806,117,291\n(381,571,150)\n\u3000당기손익으로 재분류될 수 있는 항목(세후기타포괄손익)\n(1,063,200)\n(20,046,065)\n200,468,111\n(51,396,921)\n\u3000\u3000해외사업장환산외환차이(세후기타포괄손익)\n(1,063,200)\n(20,046,065)\n200,468,111\n(51,396,921)\n총포괄손익\n2,093,873,731\n13,955,722,588\n14,308,092,025\n21,122,499,924\n총 포괄손익의 귀속\n\u3000\n\u3000\n\u3000\n\u3000\n\u3000총 포괄손익, 지배기업의 소유주에게 귀속되는 지분\n1,237,027,618\n8,224,942,811\n7,992,318,040\n10,320,843,405\n\u3000총 포괄손익, 비지배지분\n856,846,113\n5,730,779,777\n6,315,773,985\n10,801,656,519\n주당이익\n\u3000\n\u3000\n\u3000\n\u3000\n\u3000기본주당이익(손실) (단위 : 원)\n846\n5,691\n5,998\n9,720\n연결 자본변동표\n제 51 기 반기 2021.01.01 부터 2021.06.30 까지\n제 50 기 반기 2020.01.01 부터 2020.06.30 까지\n(단위 : 원)\n\u3000\n자본\n지배기업의 소유주에게 귀속되는 자본\n비지배지분\n자본\xa0 합계\n자본금\n자본잉여금\n이익잉여금\n기타자본구성요소\n지배기업의 소유주에게 귀속되는 자본\xa0 합계\n2020.01.01 (기초자본)\n2,875,800,000\n117,943,802,779\n124,687,216,713\n(84,020,770,813)\n161,486,048,679\n94,922,148,857\n256,408,197,536\n대체와 기타 변동에 따른 증가(감소), 자본\n0\n0\n0\n0\n0\n0\n0\n당기순이익(손실)\n0\n0\n10,753,811,476\n0\n10,753,811,476\n10,801,656,519\n21,555,467,995\n기타포괄손익-공정가치 측정 금융자산 평가손익\n0\n0\n0\n(381,571,150)\n(381,571,150)\n0\n(381,571,150)\n해외사업장환산손익\n0\n0\n0\n(25,389,444)\n(25,389,444)\n(26,007,477)\n(51,396,921)\n배당금지급\n0\n0\n(443,522,600)\n0\n(443,522,600)\n(462,150,800)\n(905,673,400)\n연결대상범위의 변동\n0\n0\n0\n0\n0\n0\n0\n자본 증가(감소) 합계\n0\n0\n10,310,288,876\n(406,960,594)\n9,903,328,282\n10,313,498,242\n20,216,826,524\n2020.06.30 (기말자본)\n2,875,800,000\n117,943,802,779\n134,997,505,589\n(84,427,731,407)\n171,389,376,961\n105,235,647,099\n276,625,024,060\n2021.01.01 (기초자본)\n2,875,800,000\n117,943,802,779\n142,163,613,667\n(83,831,241,495)\n179,151,974,951\n111,855,543,107\n291,007,518,058\n대체와 기타 변동에 따른 증가(감소), 자본\n0\n(22,500,000,000)\n22,500,000,000\n0\n0\n0\n0\n당기순이익(손실)\n0\n0\n6,889,722,493\n0\n6,889,722,493\n5,730,779,777\n12,620,502,270\n기타포괄손익-공정가치 측정 금융자산 평가손익\n0\n0\n0\n1,355,266,383\n1,355,266,383\n0\n1,355,266,383\n해외사업장환산손익\n0\n0\n0\n(9,902,508)\n(9,902,508)\n(10,143,557)\n(20,046,065)\n배당금지급\n0\n0\n(443,522,600)\n0\n(443,522,600)\n(462,150,800)\n(905,673,400)\n연결대상범위의 변동\n0\n0\n0\n0\n0\n37,735,208\n37,735,208\n자본 증가(감소) 합계\n0\n(22,500,000,000)\n28,946,199,893\n1,345,363,875\n7,791,563,768\n5,296,220,628\n13,087,784,396\n2021.06.30 (기말자본)\n2,875,800,000\n95,443,802,779\n171,109,813,560\n(82,485,877,620)\n186,943,538,719\n117,151,763,735\n304,095,302,454\n연결 현금흐름표\n제 51 기 반기 2021.01.01 부터 2021.06.30 까지\n제 50 기 반기 2020.01.01 부터 2020.06.30 까지\n(단위 : 원)\n\u3000\n제 51 기 반기\n제 50 기 반기\n영업활동현금흐름\n10,609,480,157\n22,804,441,311\n\u3000당기순이익(손실)\n12,620,502,270\n21,555,467,995\n\u3000당기순이익조정을 위한 가감\n10,447,061,767\n15,473,299,136\n\u3000영업활동으로인한자산ㆍ부채의변동\n(7,009,869,050)\n(10,117,901,123)\n\u3000이자수취(영업)\n393,924,424\n612,786,786\n\u3000이자지급(영업)\n(104,596,107)\n(144,230,597)\n\u3000배당금수취(영업)\n166,005,000\n66,402,000\n\u3000법인세납부(환급)\n(5,903,548,147)\n(4,641,382,886)\n투자활동현금흐름\n(17,330,369,885)\n(13,418,353,315)\n\u3000단기금융상품의 처분\n26,757,000,000\n8,517,486,134\n\u3000단기금융상품의 취득\n(27,457,000,000)\n(18,339,486,134)\n\u3000기타포괄손익-공정가치 측정 금융자산의 취득\n(2,286,000,000)\n0\n\u3000유형자산의 처분\n36,345,118\n0\n\u3000유형자산의 취득\n(14,384,635,032)\n(3,580,151,409)\n\u3000무형자산의 취득\n(126,079,971)\n(57,631,711)\n\u3000임차보증금의 감소\n140,000,000\n47,832,112\n\u3000임차보증금의 증가\n(10,000,000)\n(6,402,307)\n재무활동현금흐름\n16,051,119,614\n(4,435,215,988)\n\u3000단기차입금의 증가\n8,747,937,847\n6,030,000,000\n\u3000단기차입금의 상환\n(751,632,916)\n(6,580,000,000)\n\u3000유동성장기부채의 감소\n(250,000,000)\n(799,900,000)\n\u3000장기차입금의 증가\n11,100,000,000\n0\n\u3000장기차입금의 상환\n0\n(510,400,000)\n\u3000정부보조금의 수취\n0\n31,500,000\n\u3000금융리스부채의 지급\n(1,890,056,907)\n(1,710,261,578)\n\u3000배당금지급\n(905,128,410)\n(896,154,410)\n환율변동효과\n85,600,149\n(89,006,815)\n현금및현금성자산의순증가(감소)\n9,415,830,035\n4,861,865,193\n기초현금및현금성자산\n31,568,990,455\n14,364,943,412\n연결실체의 변동으로 인한 현금유입\n52,379,397\n0\n기말현금및현금성자산\n41,037,199,887\n19,226,808,605\n3. 연결재무제표 주석\n제 51(당) 기 반기 2021년 6월 30일 현재\n제 50(전) 기 반기 2020년 6월 30일 현재\n샘표주식회사와 그 종속기업\n1. 연결대상회사의 일반사항샘표주식회사(이하 ""지배기업"")와 연결재무제표 작성대상 종속기업(이하 지배기업과 종속기업을 일괄하여 ""연결회사"")의 일반적인 사항은 다음과 같습니다.(1) 지배기업의 개요지배기업은 1946년 8월 20일에 설립되었으며, 1971년 12월 9일 식품제조, 가공, 판매업, 무역업 등을 주 영업목적으로 \'샘표식품공업주식회사\'로 법인설립 등기를 하였습니다. 당사는 1976년 6월 29일 발행주식을 한국거래소가 개설한 유가증권 시장에 상장한 주권상장법인으로 1998년 8월28일 \'샘표식품주식회사\'로 상호를 변경하였습니다.\xa0또한,\xa0지배기업은 2016년 2월 23일자 이사회결의및 2016년 5월 30일 개최된 주주총회 승인에 의해 2016년 7월 1일을 분할기일로 하여 투자부문과 사업부문을 인적분할의 방법으로 분할하였습니다. 분할존속회사인 지배기업은 \'샘표식품주식회사\'에서 \'샘표주식회사\'로 사명을 변경하였으며, 자회사관리 등을 담당하는 지주회사의 역할을 수행하고 있습니다.\xa0당반기말 현재 지배기업의 주요 주주의 구성은 다음과 같습니다.\n주주명\n주식수(주)\n지분율\n박진선\n979,128\n34.05%\n박용학\n189,312\n6.58%\n고계원\n99,796\n3.47%\n고영진\n95,851\n3.33%\n(주)명진포장\n14,497\n0.50%\n박용주\n3,596\n0.13%\n박준기\n9,300\n0.32%\n박현기\n895\n0.03%\n이수진\n654\n0.02%\n자기주식\n658,187\n22.89%\n기타\n824,584\n28.68%\n합계\n2,875,800\n100.00%\n(2) 당반기말 현재 연결대상 종속기업 현황은 다음과 같습니다.\xa0\n종속기업명\n구분\n업종\n소재지\n결산월일\n유효지분율 (*)\n샘표식품(주)\xa0\n자회사\n식품제조\n한국\n12월 31일\n49.4%\n양포식품(주)\n자회사\n식품제조\n한국\n12월 31일\n87.5%\n(주)샘표아이에스피\n자회사\n판매용역\n한국\n12월 31일\n100.0%\n조치원식품(주)\n자회사\n인적용역\n한국\n12월 31일\n96.3%\nSEMPIO FOOD SERVICES, INC.\n손자회사\n식품판매\n미국\n12월 31일\n49.4%\n선부(상해)상무유한공사\n손자회사\n식품판매\n중국\n12월 31일\n49.4%\n(*) 손자회사는 지배기업이 49.4%의 지분을 보유하고 있는 샘표식품주식회사가\xa0 \xa0 \xa0 100%의 지분을 보유하고 있으므로 49.4%로 유효지분율을 표시하였습니다. (3) 연결대상회사의 변동내용\n자회사\n사유\n조치원식품(주)\n연결범위의 변동\n(4)\xa0당반기말과 전기말 현재 연결재무제표 작성대상 종속기업의 주요 재무현황(내부거래 제거하기 전)은 다음과 같습니다.\n① 요약 재무상태 ㉠ 자회사\n(단위: 천원)\n구분\n당반기말\n전기말\n샘표식품(주) (*1)\n양포식품(주)\n(주)샘표아이에스피\n조치원식품(주)\n샘표식품(주) (*1)\n양포식품(주)\n(주)샘표아이에스피\n유동자산\n154,303,553\n3,697,209\n3,603,303\n554,191\n136,577,589\n3,411,887\n3,423,495\n비유동자산\n140,228,768\n4,404,049\n504,692\n584,105\n132,051,881\n3,981,765\n538,503\n자산(계)\n294,532,321\n8,101,258\n4,107,995\n1,138,295\n268,629,470\n7,393,651\n3,961,998\n유동부채\n61,831,474\n2,447,837\n3,070,190\n61,647\n56,151,777\n1,695,580\n2,553,017\n비유동부채\n29,289,507\n788,214\n9,373\n26,305\n20,300,419\n1,018,074\n-\n부채(계)\n91,120,981\n3,236,051\n3,079,563\n87,952\n76,452,196\n2,713,653\n2,553,017\n자본금\n2,284,143\n300,000\n100,000\n600,000\n2,284,143\n300,000\n100,000\n자본잉여금\n96,614,542\n116,163\n-\n-\n96,614,542\n116,163\n-\n이익잉여금\n105,333,662\n4,449,045\n928,432\n450,344\n94,079,551\n4,263,835\n1,308,982\n기타자본구성요소\n(821,007)\n-\n-\n-\n(800,961)\n-\n-\n자본(계)\n203,411,340\n4,865,207\n1,028,432\n1,050,344\n192,177,274\n4,679,998\n1,408,982\n(*1) 샘표식품(주)에 대한 재무현황은 샘표식품주식회사와 그 종속기업의 연결재무제표를 기준으로 기재한 것입니다.\n㉡ 손자회사\n(단위: 천원)\n구분\n당반기말\n전기말\nSEMPIO FOOD SERVICES, INC.\n선부(상해)상무유한공사\nSEMPIO FOOD SERVICES, INC.\n선부(상해)상무유한공사\n유동자산\n8,910,829\n890,701\n7,595,297\n660,106\n비유동자산\n7,761,225\n44,624\n7,346,554\n59,403\n자산(계)\n16,672,055\n935,325\n14,941,850\n719,509\n유동부채\n16,082,996\n1,180,235\n14,361,263\n328,930\n비유동부채\n43,138\n9,382\n1,018,157\n673,286\n부채(계)\n16,126,134\n1,189,617\n15,379,420\n1,002,215\n자본금\n10,655,105\n4,338,192\n10,655,105\n4,338,192\n이익잉여금\n(9,359,364)\n(4,610,877)\n(10,348,883)\n(4,653,309)\n기타자본구성요소\n(749,820)\n18,393\n(743,791)\n32,411\n자본(계)\n545,921\n(254,292)\n(437,569)\n(282,706)\n② 요약 경영성과㉠ 자회사\n(단위: 천원)\n구분\n당반기\n전반기\n샘표식품(주) (*1)\n양포식품(주)\n(주)샘표아이에스피\n조치원식품(주)\n샘표식품(주) (*1)\n양포식품(주)\n(주)샘표아이에스피\n매출액\n169,429,710\n6,143,670\n9,605,933\n292,469\n153,255,727\n6,313,276\n9,988,078\n영업이익(손실)\n12,416,627\n148,336\n80,273\n(795)\n26,069,332\n524,128\n(41,410)\n당기순이익(손실)\n12,167,430\n185,209\n119,450\n21,202\n22,298,935\n440,370\n(95,931)\n기타포괄이익(손실)\n(20,046)\n-\n-\n-\n(186,633)\n-\n-\n총포괄이익(손실)\n12,147,384\n185,209\n119,450\n21,202\n22,112,302\n440,370\n(95,931)\n(*1) 샘표식품(주)에 대한 재무현황은 샘표식품주식회사와 그 종속기업의 연결재무제표를 기준으로 기재한 것입니다.\n㉡ 손자회사\n(단위: 천원)\n구분\n당반기\n전반기\nSEMPIO FOOD SERVICES, INC.\n선부(상해)상무유한공사\nSEMPIO FOOD SERVICES, INC.\n선부(상해)상무유한공사\n매출액\n8,115,818\n904,910\n9,516,809\n1,324,872\n영업이익\n887,458\n42,279\n1,652,906\n151,016\n당기순이익\n989,519\n42,431\n1,594,861\n140,548\n기타포괄손익\n(6,029)\n(14,017)\n(175,315)\n(11,318)\n총포괄손익\n983,490\n28,414\n1,419,546\n129,231\n(5) 비지배지분에 대한 정보연결회사에 포함된 비지배지분이 중요한 종속기업의 당기손익 및 자본 중 비지배지분에 배분된 당기순손익 및 누적비지배 지분은 다음과 같습니다.\n(단위: 천원)\n구분\n비지배지분율(%)\n기초누적 비지배지분\n비지배지분에배분된 당기순손익\n비지배지분에배분된\xa0 기타포괄손익\n비지배지분에 배분된 배당금\n연결범위의 변동\n기말누적 비지배지분\n샘표식품(주)\n50.6%\n111,315,115\n5,705,818\n(10,144)\n(462,151)\n-\n116,548,639\n양포식품(주)\n12.5%\n540,428\n24,184\n-\n-\n-\n564,612\n조치원식품(주)\n3.7%\n-\n777\n-\n-\n37,735\n38,513\n합계\n111,855,543\n5,730,780\n(10,144)\n(462,151)\n37,735\n117,151,764\n2. 재무제표 작성기준 및 유의적 회계정책2.1 재무제표 작성기준연결회사의 2021년 6월 30일로 종료하는 6개월 보고기간에 대한 연결재무제표는 기업회계기준서 제1034호 \'중간재무보고\'에 따라 작성되었습니다. 동 중간재무제표에 대한 이해를 위해서는 한국채택국제회계기준에 따라 작성된 2020년 12월 31일자로 종료하는 회계연도에 대한 연차연결재무제표를 함께 이용하여야 합니다.중간재무제표의 작성에 적용된 중요한 회계정책은 아래에서 설명하는 기준서나 해석서의 도입과 관련된 영향을 제외하고는 2020년 12월 31일로 종료하는 회계연도에 대한 연차연결재무제표 작성시 채택한 회계정책과 동일합니다.\xa0\n연결회사의 연결재무제표는 기업회계기준서 제1027호 \'별도재무제표\'에 따른 별도재무제표입니다. 종속기업, 공동기업 및 관계기업 투자는 기업회계기준서 제1028호에 따른 지분법으로 회계처리하고 있습니다. 지분법은 최초에 취득원가로 인식하며 후속적인피투자자의 순자산 변동액 중 투자자의 몫을 해당 투자자산에 가감하여 보고하는 방법입니다. 회사와 피투자자간의 거래에서 발생한 미실현이익은 회사의 피투자자에 대한 지분에 해당하는 부분만큼 제거됩니다. 또한 투자자산에 대한 객관적인 손상의 징후가 있는 경우 투자자산의 회수가능액과 장부금액과의 차이는 손상차손으로 인식됩니다. 피투자자로부터의 수취하는 배당금은 투자자산의 장부금액에서 차감하여 보고합니다.\n2.1.1 연결회가 채택한 제ㆍ개정 기준서 및 해석서연결회사는 2021년 1월 1일로 개시하는 회계기간부터 다음의 제ㆍ개정 기준서 및 해석서를 신규로 적용하였습니다.\n(1) 기업회계기준서 제 1116호 \'리스\' 개정 - 코로나19 관련 임차료 할인 등에 대한 실무적 간편법실무적 간편법으로, 리스이용자는 코로나19의 직접적인 결과로 발생한 임차료 할인 등이 리스변경에 해당하는지 평가하지 않을 수 있습니다. 이러한 선택을 한 리스이용자는 임차료 할인 등으로 인한 리스료 변동을 그러한 변동이 리스변경이 아닐 경우에이 기준서가 규정하는 방식과 일관되게 회계처리하여야 합니다. 해당 기준서의 개정이 연결재무제표에 미치는 중요한 영향은 없습니다.\n(2) 기업회계기준서 제1109호 \'금융상품\', 제1039호 \'금융상품: 인식과 측정\', 제1107호 \'금융상품: 공시\', 제 1104호 \'보험계약\' 및 제 1116호\xa0 \'리스\' 개정 - 이자율지표 개혁(2단계 개정)\n\xa0이자율지표개혁과 관련하여 상각후원가로 측정되는 금융상품의 이자율지표 대체 시 장부금액이 아닌 유효이자율을 조정하고, 위험회피관계에서 이자율지표대체가 발생한 경우에도 중단없이 위험회피회계를 계속할 수 있도록 하는 등의 예외규정을 포함하고 있습니다. 해당 기준서의 개정이 연결재무제표에 미치는 중요한 영향은 없습니다.\n(3) 기업회계기준서 제 1116호 \'리스\' 개정 - 2021년 6월 30일 후에도 제공되는 코로나19 관련 임차료 할인 등코로나19의 직접적인 결과로 발생한 임차료 할인 등이 리스변경에 해당하는지 평가하지 않을 수 있도록 하는 실무적 간편법의 적용대상이 2022년 6월 30일 이전에 지급하여야 할 리스료에 영향을 미치는 리스료 감면으로 확대되었습니다. 리스이용자는 비슷한 상황에서 특성이 비슷한 계약에 실무적 간편법을 일관되게 적용해야 합니다. 동 개정사항은 2021년 4월 1일 이후 시작하는 회계연도부터 적용되며, 조기도입이 가능합니다. 연결회사는 동 개정으로 인해 연결재무제표에 중요한 영향은 없을 것으로 예상하고 있습니다.\n2.1.2 연결회사가 적용하지 않은 제ㆍ개정 기준서 및 해석서제정 또는 공표되었으나 시행일이 도래하지 않아 연결회가 조기에 적용하지 아니한 기준서 및 해석서는 다음과 같습니다.\n- 기업회계기준서 제1103호 \'사업결합\' (개정) - 재무보고를 위한 개념체계 참조 \n식별할 수 있는 취득 자산과 인수 부채는 재무보고를 위한 개념체계의 정의를 충족하도록 개정되었으나, 기업회계기준서 제1037호 \'충당부채, 우발부채 및 우발자산\' 및 해석서 제2121호 \'부담금\' 의 적용범위에 포함되는 부채 및 우발부채에 대해서는 해당 기준서를 적용하도록 예외를 추가하고, 우발자산이 취득일에 인식되지 않는다는 점을 명확히 하였습니다. 동 개정사항은 2022년 1월 1일 이후 시작하는 회계연도부터 적용되며, 조기적용이 허용됩니다. 동 개정으로 인해 연결재무제표에 미치는 유의적인영향은 없을 것으로 예상하고 있습니다.\n- 기업회계기준서 제1016호 \'유형자산\' (개정) - 의도한 사용 전의 매각금액\n개정 기준서는 경영진이 의도한 방식으로 유형자산을 가동할 수 있는 장소와 상태에 이르게 하는 동안에 생산된 재화를 판매하여 얻은 매각금액과 그 재화의 원가는 당기손익으로 인식하도록 요구하며, 이로 인해 당기손익에 포함한 매각금액과 원가를 공시하도록 요구하고 있습니다. 동 개정사항은 2022년 1월 1일 이후 시작하는 회계연도부터 적용되며, 조기적용이 허용됩니다. 동 개정으로 인해 연결재무제표에 미치는 유의적인 영향은 없을 것으로 예상하고 있습니다.\n- 기업회계기준서 제1037호 \'충당부채, 우발부채 및 우발자산\' (개정) - 손실부담계약: 계약이행원가\n개정 기준서는 손실부담계약을 식별할 때 계약이행원가는 계약을 이행하는 데 드는 증분원가와 계약을 이행하는 데 직접 관련되는 그 밖의 원가 배분액으로 구성됨을 명확히 하였습니다. 동 개정사항은 2022년 1월 1일 이후 시작하는 회계연도부터 적용되며, 조기적용이 허용됩니다. 동 개정으로 인해 연결재무제표에 미치는 유의적인 영향은없을 것으로 예상하고 있습니다. - 기업회계기준서 제1001호 \'재무제표 표시\' (개정) - 부채의 유동·비유동 분류 \n부채의 분류는 기업이 보고기간 후 적어도 12개월 이상 부채의 결제를 연기할 권리의 행사 가능성에 영향을 받지 않으며, 부채가 비유동부채로 분류되는 기준을 충족한다면, 경영진이 보고기간 후 12개월 이내에 부채의 결제를 의도하거나 예상하더라도,또는 보고기간말과 재무제표 발행승인일 사이에 부채를 결제하더라도 비유동부채로 분류합니다. 또한, 부채를 유동 또는 비유동으로 분류할 때 부채의 결제조건에 자기지분상품의 이전도 포함되나, 복합금융상품에서 자기지분상품으로 결제하는 옵션이 지분상품으로 분류되고 동 옵션을 부채와 분리하여 인식된 경우는 제외됩니다. 동개정사항은 2023년 1월 1일 이후 시작하는 회계연도부터 적용하며, 조기적용이 허용됩니다. 동 개정으로 인해 연결재무제표에 미치는 유의적인 영향은 없을 것으로 예상하고 있습니다.\xa0\n- 한국채택국제회계기준 2018-2020 연차개선\n\xa0기업회계기준서 제1109호 \'금융상품\': 금융부채 제거 목적의 10% 테스트관련 수수료에 차입자와 대여자 사이에서 지급하거나 수취한 수수료(상대방을 대신하여 지급하거나 수취한 수수료 포함)만 포함된다는 개정내용을 포함하여 기업회계기준서 제1101호 \'한국채택국제회계기준의 최초 채택\': 최초채택기업인 종속기업,\xa0 기업회계기준서 제1116호 \'리스\': 리스인센티브, 기업회계기준서 제1041호 \'농림어업\': 공정가치 측정에 대한 일부 개정내용이 있습니다. 동 연차개선은 2022년 1월 1일 이후 시작하는 회계연도부터 적용되며, 조기적용이 허용됩니다. 동 개정으로 인해 연결재무제표에 미치는 유의적인 영향은 없을 것으로 예상하고 있습니다.\n2.2 회계정책\n반기재무제표의 작성에 적용된 유의적 회계정책과 계산방법은 주석 2.1.1에서 설명하는 제ㆍ개정 기준서의 적용으로 인한 변경 및 아래 문단에서 설명하는 사항을 제외하고는 전기 재무제표 작성에 적용된 회계정책이나 계산방법과 동일합니다.\n2.2.1 법인세비용중간기간의 법인세비용은 전체 회계연도에 대해서 예상되는 최선의 가중평균연간법인세율, 즉 추정평균연간유효법인세율을 중간기간의 세전이익에 적용하여 계산합니다. \n3. 중요한 회계추정 및 가정연결회사는 미래에 대하여 추정 및 가정을 하고 있습니다. 추정 및 가정은 지속적으로 평가되며, 과거 경험과 현재의 상황에서 합리적으로 예측가능한 미래의 사건과 같은 다른 요소들을 고려하여 이루어집니다. 이러한 회계추정은 실제 결과와 다를 수도있습니다.\n반기재무제표 작성시 사용된 중요한 회계추정 및 가정은 법인세비용을 결정하는데 사용된 추정의 방법을 제외하고는 전기 재무제표 작성에 적용된 회계추정 및 가정과동일합니다.\n4. 사용제한 금융상품당반기말과 전기말 현재 사용제한 금융상품의 내역은 다음과 같습니다.\n(단위: 천원)\n구분\n당반기말\n전기말\n사용제한내용\n단기금융상품\n300,000\n-\n질권설정\n장기금융상품\n2,000\n302,000\n질권설정, 당좌개설보증금\n합계\n302,000\n302,000\n5. 현금및현금성자산\xa0\n(1) 당반기말과 전기말 현재 현금및현금성자산의 구성내역은 다음과 같습니다.\n(단위: 천원)\n구분\n당반기말\n전기말\n보유현금\n23,510\n27,977\n요구불예금\n32,626,897\n21,923,863\n외화예금\n8,386,794\n9,617,150\n합계\n41,037,200\n31,568,990\n(2) 당반기와 전기 중 정부보조금 변동 내역은 다음과 같습니다.\n(단위: 천원)\n구분\n당반기\n전기\n기초금액\n-\n6,847\n수취액\n231,394\n1,002,166\n자산취득\n-\n(31,500)\n손익인식\n(229,907)\n(977,513)\n반환\n(1,487)\n기말금액\n-\n-\n정부보조금은 특정 유형자산의 취득 및 연구개발비 지원과 관련되어 수취한 것으로 동 보조금과 관련되어 미충족된 조건이나 우발상황은 없습니다.\xa0\n6. 매출채권 및 기타채권\xa0\n(1) 당반기말과 전기말 현재 매출채권 및 기타채권의 내역은 다음과 같습니다.\n(단위: 천원)\n구분\n당반기말\n전기말\n매출채권\n37,105,020\n39,202,297\n손실충당금\n(883,371)\n(882,259)\n미수금\n107,712\n96,950\n손실충당금\n(7,229)\n(7,236)\n합계\n36,322,132\n38,409,751\n(2) 당반기와 전기 중 매출채권 및 기타채권의 손실충당금 변동 내역은 다음과 같습니다.\n(단위: 천원)\n구분\n당반기\n전기\n매출채권\n미수금\n매출채권\n미수금\n기초금액\n882,847\n7,236\n837,918\n7,578\n손실상각비\n(1,006)\n(6)\n47,523\n(342)\n해외사업장환산손실\n1,530\n-\n(3,183)\n-\n대손처리액(상각채권액)\n-\n-\n-\n-\n기말금액\n883,371\n7,229\n882,259\n7,236\n7. 금융상품당반기말과 전기말 현재 금융상품의 내역은 다음과 같습니다\n(단위: 천원)\n구분\n당반기말\n전기말\n유동\n비유동\n유동\n비유동\n단기금융상품\n\xa0 정기예금 (*1)\n44,600,000\n-\n57,400,000\n-\n\xa0 환매조건부채권\n13,900,000\n-\n-\n-\n소\xa0 계\n58,500,000\n-\n57,400,000\n-\n장기금융상품\n\xa0 정기예금 (*1)\n300,000\n2,000\n-\n302,000\n합\xa0 계\n58,800,000\n2,000\n57,400,000\n302,000\n(*1) 정기예금의 일부는 사용이 제한되어 있습니다(주석 4 참조).\n8. 재고자산(1) 당반기말과 전기말 현재 재고자산의 내역은 다음과 같습니다.\n(단위: 천원)\n구분\n당반기말\n전기말\n취득원가\n평가손실충당금\n장부금액\n취득원가\n평가손실충당금\n장부금액\n상품\n22,126,489\n(115,456)\n22,011,033\n12,649,280\n(93,844)\n12,555,436\n제품\n11,915,545\n(446,980)\n11,468,565\n13,733,732\n(499,544)\n13,234,188\n재공품\n10,495,421\n-\n10,495,421\n10,898,527\n-\n10,898,527\n원재료\n9,355,809\n-\n9,355,809\n7,778,089\n-\n7,778,089\n저장품\n118,173\n-\n118,173\n69,958\n-\n69,958\n합계\n54,011,438\n(562,437)\n53,449,002\n45,129,586\n(593,388)\n44,536,199\n(2) 재고자산평가손실 충당금의 변동 내역은 다음과 같습니다.\n(단위: 천원)\n구분\n당반기\n전기\n기초금액\n증(감)액\n기말금액\n기초금액\n증(감)액\n기말금액\n상품\n93,844\n21,613\n115,456\n4,425\n89,419\n93,844\n제품\n499,544\n(52,564)\n446,980\n175,860\n323,684\n499,544\n합계\n593,388\n(30,951)\n562,437\n180,285\n413,103\n593,388\n9. 기타유동자산당반기말과 전기말 현재 기타유동자산의 구성내역은 다음과 같습니다.\n(단위: 천원)\n구분\n당반기말\n전기말\n미수수익\n329,120\n351,847\n선급금\n3,916,513\n3,091,220\n선급비용\n1,725,999\n892,571\n합계\n5,971,631\n4,335,638\n10.\xa0기타포괄손익-공정가치 측정 금융자산(1) 당반기말과 전기말 현재\xa0비유동 기타포괄손익-공정가치 측정 금융자산의 내역은다음과 같습니다.\n(단위: 천원)\n구분\n당반기말\n전기말\n<시장성 있는 지분증권>\u3000\n동원산업(주)\n8,731,863\n7,387,223\n사조동아원(주)\n1,163,345\n770,464\n소계\n9,895,208\n8,157,687\n<시장성 없는 지분증권>\u3000\n한국장류협동조합 출자금\n111,500\n111,500\n(주)제이티비씨\n121,090\n121,090\n조치원식품(주)\n-\n135,202\n통조림협동조합 출자금\n153,548\n104,383\n뮤렉스웨이브 2호 액티브시니어 투자조합 출자금\n386,000\n100,000\n파트너원 벨류업 2호 창업벤처전문사모투자 합자회사 출자금\n500,000\n500,000\n요즈마-ATU 게임체인저펀드 1호 출자금\n2,000,000\n-\n머니투데이\n525,000\n-\n소계\n3,797,138\n1,072,174\n합계\n13,692,346\n9,229,861\n(*)\xa0상기 지분증권 중 시장성 있는 지분증권은 보고기간종료일 현재 종가로 평가하였으며, 시장성 없는 지분증권 중 한국장류협동조합 출자금과 통조림협동조합 출자금,\xa0뮤렉스웨이브 2호 액티브시니어 투자조합 출자금, 파트너원 밸류업 2호 창업벤처전문사모투자 합자회사 출자금, 요즈마-ATU 게임체인저펀드 1호 출자금, 머니투데이의 공정가치를 결정하기 위해 이용할 수 있는 더 최근의 정보가 불충분하거나, 가능한 공정가치의 범위가 넓고 그 범위에서 원가가 공정가치의 최선의 추정치를 나타낸다고 판단하였습니다.\n(2) 당반기와 전기 중 지분증권의 변동내역은 다음과 같습니다.\n(단위: 천원)\n구분\n당반기\n전기\n기초금액\n9,229,861\n8,344,914\n평가손익\n1,737,521\n278,197\n취득 및 처분\n2,292,384\n606,750\n기타변동\n432,580\n-\n기말금액\n13,692,346\n9,229,861\n11. 유형자산(1) 당반기말과 전기말 현재 유형자산의 구성내역은 다음과 같습니다.\n(단위: 천원)\n구분\n당반기말\n전기말\n취득원가\n감가상각누계액\xa0(*1)\n장부금액\n취득원가\n감가상각누계액\xa0(*1)\n장부금액\n토 지\n42,271,362\n-\n42,271,362\n42,252,885\n-\n42,252,885\n건 물\n53,546,308\n(20,044,876)\n33,501,431\n53,256,970\n(19,215,664)\n34,041,307\n구축물\n20,496,232\n(16,933,241)\n3,562,991\n20,260,170\n(16,621,862)\n3,638,309\n기계장치\n152,921,264\n(116,077,149)\n36,844,115\n147,685,145\n(113,338,255)\n34,346,889\n차량운반구\n1,769,247\n(1,408,920)\n360,327\n1,730,677\n(1,426,921)\n303,756\n공기구비품\n31,582,082\n(23,893,749)\n7,688,333\n30,226,233\n(22,755,650)\n7,470,583\n건설중인자산\n15,658,311\n-\n15,658,311\n8,420,762\n-\n8,420,762\n사용권자산\n16,235,158\n(7,265,532)\n8,969,625\n16,183,800\n(5,422,743)\n10,761,056\n합계\n334,479,962\n(185,623,467)\n148,856,495\n320,016,643\n(178,781,096)\n141,235,547\n(*1) 정부보조금을 포함한 금액입니다.\n(2) 당반기와 전기 중 유형자산 변동 내역은 다음과 같습니다.① 당반기\n(단위: 천원)\n구분\n기초장부금액\n취득액\n처분액\n감가상각비\n대체액\n기타증(감)\n기말장부금액\n토 지\n42,252,885\n-\n-\n-\n-\n18,477\n42,271,362\n건 물\n34,041,307\n38,100\n-\n(767,947)\n-\n189,972\n33,501,431\n구축물\n3,638,309\n138,179\n-\n(226,621)\n13,120\n5\n3,562,991\n기계장치\n34,346,889\n3,252,785\n(61,785)\n(4,235,689)\n3,541,915\n-\n36,844,115\n차량운반구\n303,756\n108,660\n(3,927)\n(48,911)\n-\n748\n360,327\n공기구비품\n7,470,583\n1,001,142\n(55)\n(1,120,944)\n333,280\n4,327\n7,688,333\n건설중인자산\n8,420,762\n11,362,783\n-\n-\n(4,125,235)\n-\n15,658,311\n사용권자산\n10,761,056\n93,146\n(7,414)\n(1,900,819)\n-\n23,656\n8,969,625\n합계\n141,235,547\n15,994,795\n(73,181)\n(8,300,931)\n(236,920)\n237,185\n148,856,495\n② 전기\n(단위: 천원)\n구분\n기초장부금액\n취득액\n처분액\n감가상각비\n대체액\n기타증(감)\n기말장부금액\n토 지\n42,283,592\n-\n-\n-\n-\n(30,707)\n42,252,885\n건 물\n37,364,053\n34,960\n-\n(2,696,273)\n(347,547)\n(313,886)\n34,041,307\n구축물\n4,254,138\n142,500\n-\n(720,869)\n(37,460)\n-\n3,638,309\n기계장치\n37,457,847\n3,095,179\n(135,667)\n(8,100,470)\n2,030,000\n-\n34,346,889\n차량운반구\n140,034\n240,639\n(2)\n(76,125)\n-\n(790)\n303,756\n공기구비품\n6,280,544\n2,270,469\n(464)\n(1,694,001)\n619,407\n(5,372)\n7,470,583\n건설중인자산\n2,862,157\n7,823,005\n-\n-\n(2,264,400)\n-\n8,420,762\n사용권자산\n11,232,342\n3,264,415\n(110,672)\n(3,659,070)\n-\n34,041\n10,761,056\n합계\n141,874,706\n16,871,168\n(246,805)\n(16,946,808)\n-\n(316,714)\n141,235,547\n12. 리스(1)\xa0재무상태표에 인식된 금액리스와 관련해 재무상태표에 인식된 금액은 다음과 같습니다.\n(단위: 천원)\n구분\n당반기말\n전기말\n사용권자산(*)\n\xa0\xa0 부동산\n8,558,630\n10,228,928\n\xa0\xa0 차량운반구\n410,996\n532,128\n합계\n8,969,625\n10,761,056\n(*)\n재무상태표의 \'유형자산\' 항목에 포함되었습니다.\n(단위: 천원)\n구분\n당반기말\n전기말\n리스부채\n\xa0\xa0 유동\n3,067,323\n3,313,225\n\xa0\xa0 비유동\n5,520,076\n6,871,122\n합계\n8,587,400\n10,184,348\n복구충당부채\n\xa0\xa0 비유동\n661,211\n654,114\n합계\n661,211\n654,114\n(2)\xa0손익계산서에 인식된 금액\xa0\n리스와 관련해서 손익계산서에 인식된 금액은 다음과 같습니다.\n(단위: 천원)\n구\xa0 분\n당반기\n전반기\n사용권자산의 감가상각비\n\xa0\n\xa0 부동산\n1,744,994\n1,688,706\n\xa0 차량운반구\n155,826\n135,828\n합계\n1,900,819\n1,824,535\n리스부채에 대한 이자비용(금융원가에 포함)\n109,789\n125,086\n단기리스료(매출원가 및 관리비에 포함)\n11,021\n15,958\n단기리스가 아닌 소액자산 리스료(매출원가 및 관리비에 포함)\n57,956\n54,616\n리스부채 측정치에 포함되지 않은 변동리스료(관리비에 포함)\n176,297\n(1,994)\n당반기 중 리스의 총 현금유출은 2,302백만원(전반기 : 1,922백만원)입니다.\xa0\n13. 투자부동산(1) 당반기말과 전기말 현재 투자부동산의 구성내역은 다음과 같습니다.\n(단위: 천원)\n구분\n당반기말\n전기말\n취득원가\n감가상각누계액\n장부금액\n취득원가\n감가상각누계액\n장부금액\n토지\n9,029,800\n-\n9,029,800\n9,029,800\n-\n9,029,800\n건물\n1,834,247\n(946,086)\n888,162\n1,834,247\n(927,895)\n906,352\n구축물\n68,623\n(58,615)\n10,008\n68,623\n(57,717)\n10,906\n합계\n10,932,670\n(1,004,701)\n9,927,970\n10,932,670\n(985,612)\n9,947,059\n(2) 당반기와 전기 중 투자부동산 변동 내역은 다음과 같습니다.① 당반기\n(단위: 천원)\n구분\n기초장부금액\n취득액\n처분액\n감가상각비\n기말장부금액\n토지\n9,029,800\n-\n-\n-\n9,029,800\n건물\n906,352\n-\n-\n(18,191)\n888,162\n구축물\n10,906\n-\n-\n(898)\n10,008\n합계\n9,947,059\n-\n-\n(19,089)\n9,927,970\n② 전기\n(단위: 천원)\n구분\n기초장부금액\n취득액\n처분액\n감가상각비\n기말장부금액\n토지\n9,029,800\n-\n-\n-\n9,029,800\n건물\n942,734\n-\n-\n(36,382)\n906,352\n구축물\n12,702\n-\n-\n(1,796)\n10,906\n합계\n9,985,236\n-\n-\n(38,178)\n9,947,059\n(3) 당반기와 전반기 중 투자부동산과 관련하여 손익으로 인식한 임대수익은 다음과 같습니다.\n(단위: 천원)\n구분\n당반기\n전반기\n임대수익\n84,000\n84,000\n(4) 당반기말과 전기말 현재 투자부동산의 공정가치와 장부금액은 다음과 같습니다.\n(단위: 천원)\n구분\n당반기말\n전기말\n공정가치\n장부금액\n공정가치\n장부금액\n토지\n31,987,446\n9,029,800\n29,663,177\n9,029,800\n건물\n888,162\n906,352\n구축물\n10,008\n10,906\n합계\n31,987,446\n9,927,970\n29,663,177\n9,947,059\n14. 무형자산(1) 당반기말과 전기말 현재 무형자산의 구성내역은 다음과 같습니다.\n(단위: 천원)\n구분\n당반기말\n전기말\n취득원가\n상각누계액\n장부금액\n취득원가\n상각누계액\n장부금액\n산업재산권\n29,592,369\n(1,248,589)\n28,343,780\n30,704,826\n(1,212,398)\n29,492,428\n소프트웨어\n2,842,300\n(2,567,473)\n274,826\n2,743,781\n(2,450,223)\n293,557\n영업권\n3,253,870\n-\n3,253,870\n3,253,870\n-\n3,253,870\n합계\n35,688,538\n(3,816,062)\n31,872,476\n36,702,476\n(3,662,621)\n33,039,855\n(2) 당반기와 전기 중 현재 무형자산의 변동내용은 다음과 같습니다.① 당반기\n(단위: 천원)\n구분\n기초장부금액\n취득액\n상각비\n기타조정\n기말장부금액\n산업재산권\n29,492,428\n30,345\n(1,178,992)\n-\n28,343,780\n소프트웨어\n293,557\n98,519\n(117,250)\n-\n274,826\n영업권\n3,253,870\n-\n-\n-\n3,253,870\n합계\n33,039,855\n128,864\n(1,296,242)\n-\n31,872,476\n② 전기\n(단위: 천원)\n구분\n기초장부금액\n취득액\n상각비\n기타조정\n기말장부금액\n산업재산권\n31,778,840\n76,110\n(2,362,522)\n-\n29,492,428\n소프트웨어\n557,405\n-\n(263,848)\n-\n293,557\n영업권\n3,253,870\n-\n-\n-\n3,253,870\n합계\n35,590,115\n76,110\n(2,626,370)\n-\n33,039,855\n15. 기타비유동자산당반기말과 전기말 현재 기타비유동자산의 구성내역은 다음과 같습니다.\n(단위: 천원)\n구분\n당반기말\n전기말\n보증금\n9,340,187\n9,461,676\n현재가치할인차금\n(775,612)\n(865,472)\n장기선급비용\n825,000\n-\n합계\n9,389,575\n8,596,204\n16. 매입채무 및 기타채무당반기말과 전기말 현재 매입채무 및 기타채무의 구성내역은 다음과 같습니다.\n(단위: 천원)\n구분\n당반기말\n전기말\n매입채무\n21,635,156\n21,079,676\n미지급금\n18,413,602\n13,291,784\n합계\n40,048,758\n34,371,460\n17. 차입금(1) 당반기말과 전기말 현재 차입금의 구성내역은 다음과 같습니다.\n(단위: 천원)\n구분\n당반기말\n전기말\n유동\n비유동\n유동\n비유동\n단기차입금\n8,784,211\n-\n788,443\n-\n장기차입금\n500,000\n21,225,000\n500,000\n10,375,000\n합계\n9,284,211\n21,225,000\n1,288,443\n10,375,000\n(2)\xa0당반기말과 전기말 현재 단기차입금 내역은 다음과 같습니다.\n(단위: 천원)\n차입처명\n차입내용\n연이자율(%)\n당반기말\n전기말\n한국산업은행\n운영자금\n1.62%\n672,000\n-\n한국농수산식품유통공사\n운영자금\n1.80%\n-\n752,000\n우리은행\n무역금융\n-\n112,211\n36,443\n수출입은행\n수출성장\n0.97%\n8,000,000\n-\n합계\n8,784,211\n788,443\n(3) 당반기말과 전기말 현재 장기차입금 내역은 다음과 같습니다.\n(단위: 천원)\n차입처명\n차입내용\n연이자율(%)\n당반기말\n전기말\n한국산업은행\n시설자금\n1.57%\n21,725,000\n10,875,000\n(차감)유동성장기차입금\n(500,000)\n(500,000)\n합계\n21,225,000\n10,375,000\n(4) 주석 37에서 설명하고 있는 바와 같이, 상기 차입금과 관련하여 연결회사의 유형자산이 담보로 제공되어 있습니다.\n(5) 당반기말 현재 장기차입금의 연도별 상환계획은 다음과 같습니다.\n(단위: 천원)\n구분\n한국산업은행\n2022년 6월이후\n10,125,000\n2023년 6월이후\n11,100,000\n합계\n21,225,000\n18. 충당부채당반기와 전기 중 충당부채의 증감내역은 다음과 같습니다.\n(단위: 천원)\n구분\n당반기\n전기\n기초잔액\n전입액\n사용액\n기말잔액\n기초잔액\n전입액\n사용액\n기말잔액\n반품충당부채 (*1)\n2,619,618\n893,937\n(535,123)\n2,978,432\n2,348,437\n1,514,266\n(1,243,085)\n2,619,618\n\xa0복구충당부채\n654,114\n7,097\n-\n661,211\n639,995\n14,119\n-\n654,114\n\xa0마일리지충당부채\n88,080\n49,764\n(44,939)\n92,904\n-\n88,080\n-\n88,080\n합 계\n3,361,813\n950,798\n(580,063)\n3,732,548\n2,988,433\n1,616,465\n(1,243,085)\n3,361,813\n(*1) 과거 경험율에\xa0 따라 추정된 반품 예상금액을 매출에서 차감하여 반품충당부채로 계상하고 있습니다.\n19. 리스부채\n당반기말과 전기말 현재\xa0리스부채에 대한 내역은 다음과 같습니다.\xa0\n(단위:천원)\n구분\n당반기말\n전기말\n유동\n비유동\n유동\n비유동\n리스부채\n3,067,323\n5,520,076\n3,313,225\n6,871,122\n20. 기타유동부채당반기말과 전기말 현재 기타유동부채의 구성내역은 다음과 같습니다.\xa0\n(단위: 천원)\n구분\n당반기말\n전기말\n미지급배당금\n206,324\n205,779\n선수금\n1,329,184\n1,258,778\n예수금\n141,985\n128,552\n미지급비용\n5,645,042\n8,117,206\n합계\n7,322,534\n9,710,316\n21. 순확정급여부채\n(1) 당반기말과 전기말 현재 순확정급여부채와 관련하여 확정급여제도의 부채로 인식된 내역은 다음과 같습니다.\n(단위: 천원)\n구분\n당반기말\n전기말\n확정급여채무의 현재가치\n13,539,562\n13,009,621\n사외적립자산의 공정가치\n(12,361,001)\n(12,332,965)\n합계\n1,178,561\n676,656\n(2) 당반기와 전반기 중 손익계산서의 손익으로 인식된 비용은 다음과 같습니다.\n(단위: 천원)\n구분\n당반기\n전반기\n총근무원가\n453,455\n445,040\n이자비용\n65,987\n64,163\n사외적립자산의 기대수익\n(155,884)\n(131,900)\n종업원급여에 포함된 비용\n363,558\n377,302\n(3) 당반기와 전반기 중 총 비용을 포함하고 있는 계정과목과 금액은 다음의 내역과 같습니다.\n(단위: 천원)\n구분\n당반기\n전반기\n매출원가\n239,718\n246,455\n판매비와관리비\n123,840\n130,847\n합계\n363,558\n377,302\n(4) 당반기와 전기 중 확정급여채무의 변동내역은 다음과 같습니다.\n(단위: 천원)\n구분\n당반기\n전기\n기초금액\n13,009,621\n12,417,048\n\xa0당기근무원가\n453,970\n908,457\n\xa0이자비용\n65,635\n128,325\n\xa0퇴직급여지급액\n(21,806)\n(223,030)\n\xa0확정급여제도의 재측정요소 손실(이익)\n-\n(221,179)\n\xa0기타증감\n32,142\n-\n기말금액\n13,539,562\n13,009,621\n(5) 당반기와 전기 중 사외적립자산의 공정가치의 변동내역은 다음과 같습니다.\xa0\xa0\n(단위: 천원)\n구분\n당반기\n전기\n기초금액\n12,332,965\n11,791,958\n\xa0사외적립자산의 기대수익\n185,022\n348,382\n\xa0사업주 부담금 및 사업주 부담 퇴직급여 지급액\n2,735\n575,573\n\xa0퇴직급여지급액\n(138,070)\n(192,877)\n\xa0확정급여제도의 재측정요소 이익(손실)\n(28,976)\n(129,880)\n\xa0운영관리수수료\n-\n(60,191)\n\xa0기타증감\n7,325\n-\n기말금액\n12,361,001\n12,332,965\n22. 기타비유동부채당반기말과 전기말 현재 기타비유동부채의 구성내역은 다음과 같습니다.\n(단위: 천원)\n구분\n당반기말\n전기말\n임대보증금\n160,000\n160,000\n장기미지급비용\n71,176\n28,000\n합계\n231,176\n188,000\n23. 자본금 및 자본잉여금(1) 당반기말과 전기말\xa0 현재 자본금은 다음과 같습니다.\n(단위: 천원)\n구분\n당반기말\n전기말\n수권주식수\n50,000,000 주\n50,000,000 주\n전액납입된 보통주식수\n2,875,800 주\n2,875,800 주\n주당액면금액\n1,000 원\n1,000 원\n자본금\n2,875,800\n2,875,800\n(2) 당반기말과 전기말 현재 자본잉여금은 다음과 같습니다.\xa0\n(단위: 천원)\n구분\n당반기말\n전기말\n재평가적립금 (*1)\n91,042,847\n91,042,847\n기타자본잉여금\n4,400,955\n26,900,955\n합계\n95,443,803\n117,943,803\n(*1) 연결회사는 과거 자산재평가법에 의한 자산재평가를 실시하였으며, 이에 따른 재평가차익을 재평가적립금으로 계상하고 있습니다. 상기 재평가적립금은 현금배당의 재원으로 사용될 수 없으며, 자본전입 또는 결손보전을 위해서만 사용될 수 있습니다.\n24. 이익잉여금당반기말과 전기말 현재 이익잉여금의 구성내역은 다음과 같습니다.\xa0\n(단위: 천원)\n구분\n당반기말\n전기말\n법정적립금\n\u3000\n\u3000\n\xa0 이익준비금 (*1)\n2,222,000\n2,222,000\n임의적립금\n\xa0 재무구조개선적립금\n2,965,000\n2,965,000\n\xa0 연구및인력개발준비금\n-\n-\n\xa0 임의적립금\n137,267,608\n97,267,608\n\xa0 재평가적립금 (*2)\n21,032,837\n21,032,837\n미처분이익잉여금\n7,622,369\n18,676,169\n합계\n171,109,814\n142,163,614\n(*1) 상법상의 규정에 따라 납입자본의 50%에 달할 때까지 매 결산기마다 금전에\xa0 의한 이익배당액의 10% 이상을 이익준비금으로 적립하고 있습니다. 동 이익준비금은 현금배당의 재원으로 사용될 수 없으며, 자본전입 또는 결손보전을 위해서만 사용될 수 있습니다.\n(*2) 연결회사는 2011년 1월 1일 이후에 개시하는 연차 보고기간부터 한국채택국제회계기준을 도입하였으며 이에 따라\xa0 2010년 1월 1일을 재평가기준일로 하여 유형자산(토지)에 대하여 재평가를 실시하였습니다.\xa0\n25. 기타자본구성요소당반기말과 전기말 현재 기타자본구성요소의 구성내역은 다음과 같습니다.\n(단위: 천원)\n구분\n당반기말\n전기말\n기타포괄손익-공정가치 측정 금융자산평가손익\n3,322,877\n1,967,610\n해외사업환산손익\n(13,569)\n(3,667)\n자기주식\n(16,328,285)\n(16,328,285)\n감자차손\n(69,466,900)\n(69,466,900)\n합계\n(82,485,878)\n(83,831,241)\n26. 매출액(1) 당반기와 전반기 중\xa0 매출액의 구성내역은 다음과 같습니다.\xa0\n(단위: 천원)\n구분\n당반기\n전반기\n3개월\n누적\n3개월\n누적\n제품매출\n57,148,898\n117,779,348\n60,715,065\n115,665,238\n상품매출\n37,005,687\n71,255,945\n25,776,093\n51,344,569\n매출차감\n(10,290,711)\n(19,682,555)\n(7,627,022)\n(13,856,212)\n용역매출\n197\n394\n130\n324\n배당수익\n-\n174,854\n-\n73,152\n임대수익\n60,324\n120,648\n60,774\n121,548\n합계\n83,924,395\n169,648,634\n78,925,039\n153,348,620\n(2) 외부고객으로부터의 수익과 비유동자산의 지역별 정보는 다음과 같습니다.\n(단위: 천원)\n구분\n외부고객으로부터의 수익 (*1)\n비유동자산 (*2)\n당반기\n전반기\n당반기말\n전기말\n3개월\n누적\n3개월\n누적\n한국\n73,142,235\n149,532,258\n68,637,056\n132,882,410\n203,553,737\n193,278,065\n북미\n4,393,309\n8,518,714\n5,127,199\n10,077,058\n9,313,283\n9,010,850\n유럽\n2,163,123\n3,908,697\n879,735\n2,270,080\n2,218\n-\n동남아시아\n1,301,539\n2,321,048\n1,383,657\n2,698,435\n-\n2,208\n동북아시아\n1,116,358\n2,128,932\n1,460,402\n2,575,291\n44,624\n59,403\nCIS\n901,679\n1,536,901\n506,129\n962,854\n-\n-\n기타\n906,152\n1,702,084\n930,861\n1,882,492\n-\n-\n합\xa0 계\n83,924,395\n169,648,634\n78,925,039\n153,348,620\n212,913,862\n202,350,526\n(*1)\xa0위\xa0지역별 정보는 고객의 위치를 기초로 하여 작성된 것입니다. (*2) 금융상품 및 이연법인세자산, 순확정급여자산을 포함하지 않은 금액입니다.\n(3) 주요 고객에 대한 정보당반기와 전반기 중 연결회사 매출액의 10% 이상을 차지하는 외부 고객과 관련된 정보는 다음과 같습니다.\n(단위: 천원)\n구분\n매출액\n관련 보고 부문\n당반기\n전반기\n3개월\n누적\n3개월\n누적\n고객 1\n10,282,331\n20,945,120\n12,492,079\n22,124,411\n식품사업\n고객 2\n9,764,790\n19,882,463\n7,643,895\n16,081,296\n식품사업\n27. 부문별 보고연결회사는 기업회계기준서 제1108호 \'영업부문\'에 따른 보고부문을 자회사 관리 및투자를 목적으로하는 지주회사 부문과 식품 제조 및 판매를 목적으로하는 식품사업 부문으로 영업부문을 구분하여 운영하고 있습니다.당반기와 전반기 중 사업부문별 정보는 다음과 같습니다.\n(단위: 천원)\n구분\n당반기\n전반기\n지주회사부문\n식품사업부문\n연결조정\n조정후금액\n지주회사부문\n식품사업부문\n연결조정\n조정후금액\n총매출액\n6,835,646\n185,471,782\n(22,658,794)\n169,648,634\n11,439,259\n169,557,081\n(27,647,720)\n153,348,620\n내부매출액\n(6,585,641)\n(16,118,650)\n22,704,291\n-\n(11,288,857)\n(16,403,161)\n27,692,018\n-\n순매출액\n250,005\n169,353,132\n45,497\n169,648,634\n150,402\n153,153,920\n44,298\n153,348,620\n영업이익\n6,140,083\n12,644,441\n(6,800,270)\n11,984,253\n10,789,809\n26,552,049\n(11,865,915)\n25,475,944\n28. 비용의 성격별 분류당반기와 전반기 중 비용의 성격별 분류는 다음과 같습니다.\n(단위: 천원)\n구분\n당반기\n전반기\n3개월\n누적\n3개월\n누적\n재고자산의 변동\n(1,136,840)\n(6,669,461)\n(1,670,964)\n(2,740,091)\n재고자산의 사용\n41,758,631\n85,917,728\n32,452,390\n63,771,965\n종업원급여\n11,954,693\n24,215,681\n11,856,168\n23,590,877\n감가상각비\n4,454,512\n8,919,535\n4,664,490\n8,872,556\n광고비및판촉비\n9,385,130\n13,454,406\n2,230,366\n5,403,599\n운반비\n3,586,607\n6,298,484\n2,205,196\n4,255,397\n기타\n12,874,573\n25,528,009\n11,875,998\n24,718,373\n합계\n82,877,306\n157,664,382\n63,613,644\n127,872,676\n29.\xa0매출원가당반기와 전반기 중 매출원가의 구성내역은 다음과 같습니다.\n(단위: 천원)\n구분\n당반기\n전반기\n3개월\n누적\n3개월\n누적\n제품매출원가\n26,080,177\n51,950,954\n23,526,561\n46,422,072\n상품매출원가\n24,915,918\n48,166,947\n17,245,059\n34,915,309\n합계\n50,996,095\n100,117,901\n40,771,620\n81,337,381\n30.\xa0판매비와 관리비당반기와 전반기 중 판매비와 관리비의\xa0구성내역은 다음과 같습니다.\n(단위: 천원)\n구분\n당반기\n전반기\n3개월\n누적\n3개월\n누적\n급여\n7,731,575\n15,551,076\n7,700,185\n15,389,608\n퇴직급여\n601,725\n1,248,249\n603,759\n1,237,573\n복리후생비\n1,276,286\n2,446,838\n1,174,472\n2,382,569\n여비교통비\n224,271\n415,382\n206,567\n499,739\n통신비\n229,771\n439,617\n90,488\n180,564\n세금과공과\n166,624\n475,665\n107,442\n466,896\n지급임차료\n773,497\n1,412,243\n85,905\n815,876\n감가상각비\n1,192,537\n2,396,676\n1,464,575\n2,508,939\n수선비\n10,508\n30,748\n14,565\n48,462\n보험료\n65,255\n124,893\n53,035\n109,627\n접대비\n27,704\n60,075\n27,375\n63,830\n광고선전비\n6,907,766\n9,027,658\n265,627\n1,153,758\n운반비\n3,575,447\n6,272,396\n2,197,076\n4,238,922\n지급수수료\n1,492,964\n2,959,966\n1,535,796\n2,994,220\n손실상각비\n(10,628)\n(424)\n3,820\n10,323\n무형자산상각비\n624,580\n1,263,385\n640,812\n1,282,205\n차량유지비\n61,212\n120,685\n54,337\n108,374\n도서인쇄비\n7,762\n22,398\n5,950\n17,091\n판매촉진비\n2,477,364\n4,426,748\n1,964,739\n4,249,841\n소모품비\n650,859\n1,214,329\n443,602\n855,023\n교육훈련비\n53,815\n91,424\n61,056\n92,713\n판매수수료\n937,700\n1,940,612\n1,248,930\n2,102,126\n수도광열비\n143,881\n319,481\n138,671\n303,177\n경상개발비\n2,652,814\n5,270,161\n2,749,223\n5,409,175\n잡비\n5,924\n16,199\n4,019\n14,665\n합계\n31,881,213\n57,546,480\n22,842,026\n46,535,296\n31. 금융수익당반기와 전반기 중 금융수익의 구성내역은 다음과 같습니다.\n(단위: 천원)\n구분\n당반기\n전반기\n3개월\n누적\n3개월\n누적\n이자수익\n234,556\n460,276\n300,451\n604,679\n기타포괄손익-공정가치 측정 금융자산 처분이익\n-\n856,205\n-\n-\n외화환산이익\n50,940\n973,219\n(993,722)\n93,803\n외환차익\n574,020\n959,934\n1,154,458\n1,700,921\n합계\n859,516\n3,249,634\n461,187\n2,399,403\n32. 금융비용당반기와 전반기\xa0중 금융비용의 구성내역은 다음과 같습니다.\n(단위: 천원)\n구분\n당반기\n전반기\n3개월\n누적\n3개월\n누적\n이자비용\n119,744\n223,000\n141,993\n271,828\n외화환산손실\n(41,146)\n78,589\n102,294\n239,128\n외환차손\n697,275\n972,157\n616,169\n763,562\n합계\n775,873\n1,273,746\n860,456\n1,274,518\n33. 기타수익당반기와 전반기\xa0중 기타수익의 구성내역은 다음과 같습니다.\n(단위: 천원)\n구분\n당반기\n전반기\n3개월\n누적\n3개월\n누적\n유형자산처분이익\n12,241\n16,498\n-\n-\n잡이익\n560,094\n773,459\n145,758\n485,720\n합계\n572,335\n789,957\n145,758\n485,720\n34. 기타비용당반기와 전반기 중 기타비용의 구성내역은 다음과 같습니다.\n(단위: 천원)\n구분\n당반기\n전반기\n3개월\n누적\n3개월\n누적\n기부금\n70,688\n90,528\n11,865\n58,180\n유형자산처분손실\n17\n45,920\n457\n457\n잡손실\n254,550\n259,384\n19,076\n532,364\n합계\n325,255\n395,832\n31,398\n591,001\n35. 법인세비용\n당반기와 전반기 중 법인세비용은 구성내역은 다음과 같습니다.\n(단위: 천원, %)\n구 분\n당반기\n전반기\n3개월\n누적\n3개월\n누적\n법인세비용차감전순이익\n1,377,813\n14,354,267\n15,026,484\n26,495,548\n법인세비용\n(498,947)\n1,733,764\n1,724,978\n4,940,080\n평균유효세율\n-\n12.08%\n11.48%\n18.64%\n36. 특수관계자(1) 당반기말과 전기말 현재 연결회사의 주요 특수관계자 현황은 다음과 같습니다.\n구분\n당반기말\n전기말\n기타특수관계자\n통도물류(주)\n조치원식품(주) (*)\n성도물류(주)\n통도물류(주)\n(주)누리팩\n성도물류(주)\n(주)명진포장\n(주)누리팩\n-\n(주)명진포장\n(*)\xa0조치원식품(주)은 연결 대상기업에 분류함에 따라 관계기업에서 종속기업으로 분류 되었습니다.(2)\xa0당반기와 전반기 중 특수관계자와의 거래 내역은 다음과 같습니다. ① 당반기\n(단위: 천원)\n구분\n회사명\n매출\n임대수익\n기타수익\n재고자산매입\n용역/서비스비용\n임차료\n기타특수관계자\n통도물류(주)\n-\n648\n900\n-\n407,547\n271,854\n성도물류(주)\n-\n-\n600\n-\n9,490\n294,102\n(주)누리팩\n-\n-\n1,200\n1,309,195\n-\n-\n(주)명진포장\n127\n-\n-\n1,510,992\n-\n-\n주요경영진\n-\n-\n-\n-\n-\n6,864\n합계\n127\n648\n2,700\n2,820,187\n417,038\n572,820\n② 전반기\n(단위: 천원)\n구분\n회사명\n매출\n임대수익\n기타수익\n재고자산매입\n용역/서비스비용\n임차료\n기타특수관계자\n조치원식품(주)\n-\n900\n14\n-\n271,469\n-\n통도물류(주)\n-\n648\n900\n-\n346,845\n271,854\n성도물류(주)\n-\n-\n600\n-\n11,294\n294,102\n(주)누리팩\n-\n-\n1,423\n1,193,457\n-\n-\n(주)명진포장\n145\n-\n-\n1,414,014\n-\n-\n주요경영진\n-\n-\n-\n-\n-\n5,448\n합계\n145\n1,548\n2,937\n2,607,471\n629,608\n571,404\n(3) 당반기말과 전기말 현재 특수관계자에 대한 채권ㆍ채무 내역은 다음과 같습니다.① 당반기말\n(단위: 천원)\n구분\n회사명\n채권\n채무\n미수금\n보증금\n외상매입금\n미지급금\n리스부채\n기타특수관계자\n통도물류(주)\n-\n650,000\n-\n130,888\n1,223,309\n성도물류(주)\n-\n600,000\n-\n55,446\n1,135,000\n(주)누리팩\n-\n-\n291,888\n-\n-\n(주)명진포장\n-\n-\n388,961\n-\n-\n주요경영진\n-\n-\n-\n1,258\n44,092\n합계\n-\n1,250,000\n680,849\n187,592\n2,402,401\n② 전기말\n(단위: 천원)\n구분\n회사명\n채권\n채무\n미수금\n보증금\n외상매입금\n미지급금\n리스부채\n기타특수관계자\n조치원식품(주)\n-\n-\n-\n70,388\n-\n통도물류(주)\n-\n650,000\n-\n111,506\n1,364,196\n성도물류(주)\n-\n600,000\n-\n56,223\n1,475,839\n(주)누리팩\n660\n-\n258,489\n-\n-\n(주)명진포장\n-\n-\n608,898\n-\n-\n주요경영진\n-\n-\n-\n1,258\n50,433\n합계\n660\n1,250,000\n867,387\n239,376\n2,890,468\n(4) 당반기와 전반기 중 연결회사가 특수관계자에게 지급 결의한 배당금은 375,858천원 및 380,158천원 입니다.(5)\xa0당반기와 전반기 중 특수관계자로부터의 대여거래 내역은 없습니다.(6)\xa0당반기와 전반기\xa0중 특수관계자로부터의 차입거래 내역은 없습니다.(7)\xa0당반기와 전반기\xa0중 특수관계자로부터 제공받은 지급보증은 없습니다.\n(8)\xa0당반기와 전반기\xa0중 주요 경영진에 대한 보상내역은 다음과 같습니다.\xa0\n(단위: 천원)\n구분\n당반기\n전반기\n단기급여\n1,650,684\n1,492,517\n퇴직급여\n163,821\n162,799\n합계\n1,814,505\n1,655,316\n연결회사의 주요 경영진에는 이사(상임, 비상임 포함), 감사 및 기업 활동의 계획, 운영,통제에 대한 중요한 권한과 책임을 가진 주요 임원을 포함하였습니다.\n37. 담보제공자산당반기말 및 전기말 현재\xa0\xa0연결회사의\xa0채무를 위하여 담보로 제공된 자산은 다음과 같습니다.(1)\xa0당반기말\xa0\n(단위: 천원)\n담보제공 자산\n장부금액\n담보설정금액\n차입금액\n차입금종류\n담보권자\n창동 토지 및 건물\n9,927,970\n3,600,000\n1,297,000\n채무담보\n한국산업은행\n이천공장 유형자산(토지,건물,기계장치 일부)\n26,829,703\n20,000,000\n21,100,000\n시설자금\n한국산업은행\n우리발효연구중심(토지,건물)\n18,374,422\n13,200,000\n양포공장 유형자산\n378,909\n-\n-\n운영자금\n기업은행\n합계\n55,511,003\n36,800,000\n22,397,000\n(2) 전기말\n(단위: 천원)\n담보제공 자산\n장부금액\n담보설정금액\n차입금액\n차입금종류\n담보권자\n창동 토지 및 건물\n9,947,059\n3,600,000\n875,000\n채무담보\n한국산업은행\n이천공장 유형자산(토지,건물,기계장치 일부)\n27,047,137\n20,000,000\n10,000,000\n시설자금\n한국산업은행\n우리발효연구중심(토지,건물)\n18,533,848\n13,200,000\n양포공장 유형자산\n389,276\n1,600,000\n-\n운영자금\n기업은행\n합계\n55,917,320\n38,400,000\n10,875,000\n38. 우발부채와 약정사항(1) 당반기말 현재 연결회사가 금융기관과 체결한 약정 내역은 다음과 같습니다\xa0\n(원화단위: 천원, 외화단위: USD)\n금융기관\n내역\n실행금액\n한도금액\n한국산업은행\n일반한도대출\n672,000\n7,500,000\n시설자금대출\n21,725,000\n25,625,000\n국민은행\n기업전자결제(주1)\n3,207,428\n9,000,000\n상생결제론(주1)\n6,495,111\n30,000,000\n한국수출입은행\n수출성장자금대출\n8,000,000\n8,000,000\n우리은행\n일반한도대출\n-\n3,000,000\n수입신용약정\nUSD 99,302\nUSD 5,000,000\n합계\n40,099,539\nUSD 99,302\n83,125,000\nUSD 5,000,000\n(주1) 회사는 기업전자결제 및 상생결제론을 활용하여 매입채무 등의 대금 결제를 진행하고 있으며 실행금액은 매입채무 및 기타채무로 표시됩니다. 기업전자결제 및 상생결제론의 한도금액은 발행한도금액입니다.(2) 당반기말과 전기말 현재 연결회사가 제공받은 보증 내역은 다음과 같습니다.\n(단위: 천원)\n제공자\n내\xa0 용\n당반기말\n전기말\n서울보증보험(주)\n인허가보증보험\n17,320\n-\n(3)\xa0당반기말 현재 연결회사가 피고로 계류 중인 소송사건 1건으로 소송가액은 42백만원이며, 현재로서는 동 소송의 전망을 예측할 수 없습니다.\n39. 주당이익당반기와 전반기\xa0중 기본주당순이익의 계산내역은 다음과 같습니다.\n(단위: 천원,주)\n구분\n당반기\n전반기\n3개월\n누적\n3개월\n누적\n반기순이익\n1,876,760\n12,620,502\n13,301,507\n21,555,468\n가중평균보통유통주식수\n2,217,613 주\n2,217,613 주\n2,217,613 주\n2,217,613 주\n기본주당순이익(원)\n846\n5,691\n5,998\n9,720\n연결회사는 잠재적 희석증권이 없으므로 희석주당손익은 산정하지 아니하였습니다.\n40. 현금흐름표(1) 영업활동현금흐름 중 당기순이익조정을 위한 조정사항은 다음과 같습니다.\n(단위: 천원)\n구분\n당반기\n전반기\n퇴직급여\n368,016\n377,302\n감가상각비\n8,300,931\n8,181,113\n무형자산상각비\n1,296,242\n1,314,974\n투자부동산감가상각비\n19,089\n19,089\n손실상각비\n5,831\n10,323\n이자비용\n223,000\n271,828\n외화환산손실\n78,589\n239,128\n유형자산처분손실\n45,920\n457\n재고자산평가손실\n-\n33,994\n이자수익\n(460,276)\n(604,679)\n배당수익\n(174,854)\n(73,152)\n외화환산이익\n(973,219)\n(93,803)\n손실충당금환입\n(6,255)\n-\n재고자산평가충당금환입\n(30,951)\n-\n유형자산처분이익\n(16,498)\n-\n반품충당부채전입액\n893,937\n856,645\n법인세비용\n1,733,764\n4,940,080\n계정재분류에따른손익\n(856,205)\n-\n합계\n10,447,061\n15,473,299\n(2) 재무활동에서 생기는 부채의 변동당반기와 전기 중 연결회사의 재무활동에서 생기는 부채의 변동은 다음과 같습니다.① 당반기\n(단위: 천원)\n구분\n기초금액\n증가\n감소\n재무활동현금흐름\n외화환산손익\n해외사업환산손익\n대체\n기말금액\n단기차입금\n788,443\n-\n-\n7,996,305\n-\n(536)\n-\n8,784,211\n유동성장기부채\n500,000\n-\n-\n(250,000)\n-\n-\n250,000\n500,000\n장기차입금\n10,375,000\n-\n-\n11,100,000\n-\n-\n(250,000)\n21,225,000\n유동 리스부채\n3,313,225\n46,335\n(7,716)\n(312,533)\n9,834\n18,179\n-\n3,067,323\n비유동 리스부채\n6,871,122\n155,957\n-\n(1,577,524)\n59,722\n10,800\n-\n5,520,076\n합계\n21,847,790\n202,291\n(7,716)\n16,956,248\n69,555\n28,442\n-\n39,096,611\n② 전기\n(단위: 천원)\n구분\n기초금액\n증가\n감소\n재무활동현금흐름\n외화환산손익\n해외사업환산손익\n대체\n기말금액\n단기차입금\n550,000\n-\n-\n238,968\n-\n(526)\n-\n788,443\n유동성장기부채\n13,946,000\n-\n-\n(14,049,900)\n-\n-\n603,900\n500,000\n장기차입금\n1,489,300\n-\n-\n9,489,600\n-\n-\n(603,900)\n10,375,000\n유동 리스부채\n2,283,477\n1,450,491\n(78,282)\n(323,823)\n(16,103)\n(2,534)\n-\n3,313,225\n비유동 리스부채\n8,132,870\n2,040,200\n(38,234)\n(3,157,012)\n(106,225)\n(477)\n-\n6,871,122\n합계\n26,401,647\n3,490,691\n(116,516)\n(7,802,167)\n(122,328)\n(3,537)\n-\n21,847,790\n(3) 영업활동현금흐름 중 순운전자본의 변동사항은 다음과 같습니다.\n(단위: 천원)\n구분\n당반기\n전반기\n매출채권의 감소(증가)\n3,128,364\n(3,759,497)\n미수금의 감소(증가)\n(9,681)\n22,134\n미수수익의 감소(증가)\n-\n(10,135)\n선급금의 감소(증가)\n(824,993)\n(1,254,854)\n선급비용의 감소(증가)\n(1,652,888)\n186,407\n장기선급비용의 감소(증가)\n-\n212,500\n재고자산의 감소(증가)\n(8,756,157)\n(2,424,156)\n매입채무의 증가(감소)\n66,226\n(278,547)\n미지급금의 증가(감소)\n3,824,909\n(487,646)\n선수금의 증가(감소)\n70,406\n(62,952)\n예수금의 증가(감소)\n6,908\n(4,226)\n미지급비용의 증가(감소)\n(2,441,737)\n(1,630,866)\n반품충당부채의 증가(감소)\n(535,123)\n(714,778)\n퇴직운용자산의 감소(증가)\n130,878\n192,877\n퇴직금의 지급\n(21,806)\n(104,161)\n기타충당부채의 증가(감소)\n4,824\n-\n합계\n(7,009,869)\n(10,117,901)\n(4) 현금흐름표상의 현금은 재무상태표상의 현금및현금성자산이며, 당반기와 전반기중 현금의 유입과 유출이 없는 주요 거래는 다음과 같습니다.\n(단위: 천원)\n구분\n당반기\n전반기\n장기차입금 유동성 대체\n1,777,800\n353,900\n장기대여금 유동성 대체\n1,498,400\n-\n건설중인자산 취득관련 미지급금의 변동\n(940,845)\n(400,650)\n유형자산 취득관련 미지급금의 변동\n(339,249)\n(107,658)\n무형자산 취득관련 미지급금의 변동\n(2,784)\n6,801\n사용권자산의 인식\n93,146\n2,614,481\n기타포괄손익-공정가치 측정 금융자산 평가로 인한 증감\n(1,737,521)\n489,194\n41. 재무위험관리(1) 위험관리의 개요연결회사는 금융상품을 운용함에 따라 신용위험, 유동성위험, 이자율위험 및 기타 가격 위험에 노출되어 있습니다. 본 주석은 상기 위험에 대한 연결회사의 노출정도 및 이와 관련하여 연결회사가 수행하고 있는 자본관리와 위험관리의 목적, 정책 및 절차와 위험 측정방법 등에 대한 질적 공시사항과 양적 공시사항을 포함하고 있습니다.\n(2) 위험관리 개념체계\n연결회사의 위험관리는 연결회사의 재무적 성과에 영향을 미치는 잠재적 위험을 식별하여 연결기업이 허용가능한 수준으로 감소, 제거 및 회피하는 것을 그 목적으로 하고 있습니다. 연결실체는 전사적인 수준의 위험관리 정책 및 절차를 마련하여 운영하고 있으며, 연결실체의 재무부문에서 위험관리에 대한 총괄책임을 담당하고 있습니다.\xa0 연결실체의 재무부문은 이사회에서 승인된 위험관리 정책 및 절차에 따라 연결실체의 영업과 관련한 금융위험을 감시하고 관리하는 역할을 하고 있으며, 또한, 연결실체의 내부감사인은 위험 관리 정책 및 절차의 준수 여부와 위험노출 한도를 지속적으로 검토하고 있습니다.\xa0\n(3) 금융위험관리① 신용위험관리\n연결회사는 금융상품의 당사자 중 일방이 의무를 이행하지 않아 상대방에게 재무손실을 입힐 신용위험에 노출되어 있습니다. 연결회사의 경영진은 신용위험을 관리하기 위하여 신용도가 일정 수준 이상인 거래처와 거래하고 있으며, 금융자산의 신용보강을 위한 정책과 절차를 마련하여 운영하고 있습니다. 연결회사는 신규 거래처와 계약시 공개된 재무정보와 신용평가기관에 의하여 제공된 정보 등을 이용하여 거래처의 신용도를 평가하고 이를 근거로 신용거래한도를 결정하고 있으며, 담보 또는 지급보증을 제공받고 있습니다. 또한, 연결회사는 주기적으로 거래처의 신용도를 재평가하여 신용거래한도를 재검토하고 담보수준을 재조정하고 있으며, 회수가 지연되는 금융자산에 대하여는 분기 단위로 회수지연 현황 및 회수대책을 보고하고 있으며 지연사유에 따라 적절한 조치를 취하고 있습니다.\n금융자산의 장부금액은 신용위험에 대한 최대노출정도를 표시하고 있습니다. 당반기말과 전기말 현재 연결회사의 신용위험에 대한 최대 노출정도는 다음과 같습니다.\n(단위: 천원)\n구분\n당반기말\n전기말\n현금및현금성자산 (*1)\n41,013,690\n31,541,013\n매출채권 및 기타채권\n36,322,132\n38,409,751\n미수수익\n329,120\n351,847\n단기금융상품\n58,800,000\n57,400,000\n장기금융상품\n2,000\n302,000\n보증금\n8,564,575\n8,596,204\n합계\n145,031,517\n136,600,815\n(*1) 연결재무상태표의 \'현금및현금성자산\'과의 차액은 연결회사가 직접 보유하고 있는 현금입니다.\n한편, 연결회사는 우리, 산업, 국민은행 등의 금융회사에 현금및현금성자산 및 단기금융상품을 예치하고 있으며, 신용등급이 우수한 금융기관과 거래하고 있으므로금융기관으로부터의 신용위험은 제한적입니다.당반기말과 전기말 현재 연결회사는 기대신용손실 모형이 적용되는 다음의 금융자산을 보유하고 있습니다.\xa0\n· 재화 및 용역의 제공에 따른 매출채권\n· 상각후원가로 측정하는 기타 금융자산①-1. 매출채권연결회사는 매출채권에 대해 전체 기간 기대신용손실을 손실충당금으로 인식하는 간편법을 적용합니다.\xa0\xa0\n기대신용손실을 측정하기 위해 매출채권은 신용위험 특성과 연체일을 기준으로 구분하였습니다.\n기대신용손실율은 보고기간말 기준으로부터 각 36개월 동안의 매출과 관련된 지불 정보와 관련 확인된 신용손실 정보를 근거로 산출하였습니다. 과거 손실 정보는 고객의 채무 이행능력에 영향을 미칠 거시경제적 현재 및 미래전망정보를 반영하여 조정합니다. 연결회사는 매출이 발생하는 국가의 GDP 및 실업률이 가장 목적적합한 요소로 판단하고 과거 손실 정보를 이러한 요소의 예상 변동에 근거하여 조정합니다.\xa0\n당반기말과 전기말 현재 매출채권의 손실충당금은 다음과 같습니다.\n구\xa0 분\n정상\n90일 이내\n연체\n90일 초과 180일 이내 연체\n180일 초과 연체\n합계\n당반기말\n기대 손실률\n0.097%\n0.737%\n1.452%\n94.08%\n2.38%\n총 장부금액\n35,789,374\n394,080\n22,925\n898,642\n37,105,020\n손실충당금\n34,657\n2,905\n333\n845,477\n883,371\n전기말\n기대 손실률\n0.086%\n0.581%\n3.806%\n95.98%\n2.25%\n총 장부금액\xa0\n37,890,573\n339,230\n93,111\n879,382\n39,202,297\n손실충당금\n32,717\n1,970\n3,544\n844,029\n882,259\n당반기와 전기 중 매출채권의 손실충당금 변동내역은 다음과 같습니다.\n(단위: 천원)\n구\xa0 분\n당반기\n전기\n기초\n882,259\n837,918\n\xa0\xa0 당기손익으로 인식된 손실충당금의 증가\xa0\n(418)\n50,907\n\xa0\xa0 해외사업장환산손익\n1,530\n(3,183)\n\xa0\xa0 환입된 미사용 금액\xa0\n-\n(3,383)\n기말\xa0\n883,371\n882,259\n\xa0매출채권은 회수를 더 이상 합리적으로 예상할 수 없는 경우 제각됩니다.회수를 더 이상 합리적으로 예상할 수 없는 지표에는 연결회사와의 채무조정에 응하지 않는 경우, 120일 이상 계약상 현금흐름을 지급하지 않는 경우 등이 포함됩니다.\n\xa0매출채권에 대한 손상은 손익계산서상 대손상각비로 순액으로 표시되고 있습니다. 제각된 금액의 후속적인 회수는 동일한 계정과목에 대한 차감으로 인식하고 있습니다.\xa0\n① -2. 상각후원가 측정 기타 금융자산 상각후원가로 측정하는 기타 금융자산에는 미수금, 대여금 등이 포함됩니다. 상각후원가로 측정되는 기타 금융자산에 대한 손실충당금의 변동 내역은 다음과 같습니다.\n(단위: 천원)\n당반기\n미수금\n장기대여금\n합계\n기초 손실충당금\n7,236\n-\n7,236\n\xa0\xa0 당기손익에 인식된 손실충당금의 증가\n(6)\n-\n(6)\n\xa0\xa0 기타\n-\n-\n-\n기말 손실충당금\n7,229\n-\n7,229\n\xa0\n(단위: 천원)\n전기\n미수금\n장기대여금\n합계\n기초 손실충당금\n7,578\n180,000\n187,578\n\xa0\xa0 당기손익에 인식된 손실충당금의 증가\n(342)\n-\n(342)\n\xa0\xa0 기타\n-\n(180,000)\n(180,000)\n기말 손실충당금\n7,236\n-\n7,236\n상각후원가로 측정하는 기타 금융자산은 모두 신용위험이 낮은 것으로 판단되며, 따라서 손실충당금은 12개월 기대신용손실로 인식하였습니다. 경영진은 적어도 한 개 이상의 주요 신용평가기관에서 투자 등급인 신용등급을 받은 상장 회사채의 경우 \'신용위험이 낮은\' 것으로 간주합니다.\xa0 그 외 금융상품은 채무불이행 위험이 낮고 단기간 내에 계약상 현금흐름을 지급할 수 있는 발행자의 충분한 능력이 있는 경우 신용위험이 낮은 것으로 간주합니다.\n② 유동성위험관리\n연결회사의 경영진은 유동성위험을 관리하기 위하여 단기 및 중장기 자금관리계획을수립하고 현금유출 예산과 실제현금유출액을 지속적으로 분석ㆍ검토하여 금융부채와 금융자산의 만기 구조를 대응시키고 있습니다. 연결회사의 경영진은 영업활동현금흐름과 금융자산의 현금유입으로 금융부채를 상환가능하다고 판단하고 있습니다.\n당반기말과 전기말 현재 금융부채의 만기 및 상환일정은 다음과 같습니다.\n(단위: 천원)\n구분\n장부금액\n계약상\n현금흐름\n잔존계약만기\n1년 미만\n1 ~ 5년\n5년 이상\n당반기말:\n\xa0\xa0 매입채무 및 기타유동채무\n40,048,758\n40,048,758\n40,048,758\n-\n-\n\xa0\xa0 미지급비용\n5,716,218\n5,716,218\n5,645,042\n71,176\n-\n\xa0\xa0 장ㆍ단기차입금\n30,509,211\n31,435,484\n9,723,227\n21,712,258\n-\n\xa0\xa0 유동성장기부채\n500,000\n500,000\n500,000\n-\n-\n\xa0\xa0 리스부채\n8,587,400\n9,708,099\n3,226,966\n5,833,934\n647,199\n\xa0\xa0 임대보증금\n160,000\n160,000\n-\n160,000\n-\n합계\n85,521,587\n87,568,559\n59,143,993\n27,777,368\n647,199\n전기말:\n\xa0\xa0 매입채무 및 기타유동채무\n34,371,460\n34,371,460\n34,371,460\n-\n-\n\xa0\xa0 미지급비용\n8,145,206\n8,145,206\n8,117,206\n28,000\n-\n\xa0\xa0 장ㆍ단기차입금\n11,663,443\n11,947,328\n1,423,401\n10,523,927\n-\n\xa0\xa0 유동성장기부채\n500,000\n500,000\n500,000\n-\n-\n\xa0\xa0 리스부채\n10,184,348\n10,893,052\n3,519,685\n6,586,207\n787,159\n\xa0\xa0 임대보증금\n160,000\n160,000\n-\n160,000\n-\n합계\n65,024,457\n66,017,046\n47,431,753\n17,298,134\n787,159\n상기 금융부채의 잔존만기별 현금흐름은 할인되지 아니한 명목금액으로서 지급을 요구받을 수 있는 기간 중 가장 이른 일자를 기준으로 작성되었습니다.\n③ 이자율위험관리\xa0\n연결회사는 차입금과 관련하여 이자율변동위험에 노출되어 있습니다. 연결회사의 경영진은 시장이자율의 변동으로 인하여 금융상품의 공정가치 또는 미래현금흐름이 변동할 위험을 정기적으로 측정하여 고정이자율차입금과 변동이자율차입금의 적절한 균형을 유지하고 있습니다. \n이자율이 1%P 변동하였을 때, 이자율 변동이 이자비용에 미치는 영향은 다음과 같습니다.\xa0\xa0\n(단위: 천원)\n구분\n당반기말\n전기말\n1%P 상승\n1%P 하락\n1%P 상승\n1%P 하락\n이자비용\n305,092\n(305,092)\n116,634\n(116,634)\n④ 주가변동위험연결회사는 유동성관리 및 영업상의 필요로 상장 및 비상장주식을 포함하는 지분증권에 투자하고 있습니다. 당반기말과 전기말 현재 연결회사의 시장성 있는 지분증권 투자(비상장회사, 종속회사, 관계회사 제외)의 공정가액 및\xa0\xa0시장성 있는 지분증권의 가격이 1% 변동하였을 때, 기타포괄손익(세후)의 변동금액은 다음과 같습니다.\xa0\n(단위: 천원)\n구분\n당반기말\n전기말\n시장성 있는 지분증권 장부금액\n9,895,208\n8,157,687\n주가변동위험\n77,183\n63,630\n⑤ 외환관리㉠\xa0당반기말과 전기말 현재 외화자산 및 외화부채의 내역은 다음과 같습니다.\n\xa0(단위: 천원)\n구분\n당반기말\n전기말\n외화자산\n외화부채\n외화자산\n외화부채\nUSD\n8,185,066\n1,983,585\n8,127,949\n1,943,218\nEUR\n266,106\n-\n292,335\n-\nJPY\n989,459\n-\n1,381,534\n-\nCNY\n130,474\n-\n403,560\n-\n합계\n9,571,105\n1,983,585\n10,205,378\n1,943,218\n㉡ 다른 모든 변수가 일정하고 외화에 대한 원화의 환율이 10% 변동하였을 경우, 환율변동이 당기순손익에 미치는 영향은 다음과 같습니다.\xa0\n\xa0(단위: 천원)\n구분\n당반기말\n전기말\n외화자산\n외화부채\n외화자산\n외화부채\n10% 상승시\n10% 하락시\n10% 상승시\n10% 하락시\n10% 상승시\n10% 하락시\n10% 상승시\n10% 하락시\nUSD/원\n818,507\n(818,507)\n(198,358)\n198,358\n812,795\n(812,795)\n(194,322)\n194,322\nEUR/원\n26,611\n(26,611)\n-\n-\n29,234\n(29,234)\n-\n-\nJPY/원\n98,946\n(98,946)\n-\n-\n138,153\n(138,153)\n-\n-\nCNY/원\n13,047\n(13,047)\n-\n-\n40,356\n(40,356)\n-\n-\n합계\n957,110\n(957,110)\n(198,358)\n198,358\n1,020,538\n(1,020,538)\n(194,322)\n194,322\n(4) 자본관리연결회사의 자본관리는 건전한 자본구조의 유지를 통한 주주이익 극대화를 목적으로하고 있으며, 자본관리의 일환으로 안정적인 배당을 시행하고 있습니다. 연결회사의 자본구조는 차입금에서 현금및현금성자산 등을 차감한 순부채와 자본으로 구성되며,전반적인 자본관리 정책은 전기와 동일합니다.\xa0\n(단위: 천원)\n구분\n당반기말\n전기말\n차입금 총계\n30,509,211\n11,663,443\n\xa0 차감:\xa0\n\xa0\xa0 현금및현금성자산\n(41,013,690)\n(31,541,013)\n\xa0\xa0 단기금융상품\n(58,800,000)\n(57,700,000)\n\xa0\xa0 장기금융상품\n(2,000)\n(302,000)\n순차입금\n(69,306,479)\n(77,879,570)\n자본총계\n304,095,302\n291,007,518\n순차입금/자본 비율\n-\n-\n(5) 금융상품의 공정가치연결회사는 공정가치로 측정되는 금융상품에 대하여 공정가치 측정에 사용된 투입변수에따라 다음과 같은 공정가치 서열체계로 분류하고 있습니다.\n구분\n투입변수의 유의성\n수준 1\n동일한 자산이나 부채에 대한 활성시장의 공시가격\n수준 2\n직접적으로 또는 간접적으로 관측가능한, 자산이나 부채에 대한 투입변수\n수준 3\n관측가능한 시장자료에 기초하지 않은, 자산이나 부채에 대한 투입변수\n활성시장에서 거래되는 금융상품의 공정가치는 보고기간말 현재 고시되는 시장가격에 기초하여 산정됩니다. 거래소, 판매자, 중개인, 산업집단, 평가기관 또는 감독기관을 통해 공시가격이 용이하게 그리고 정기적으로 이용가능하고, 그러한 가격이 독립된 당사자 사이에서 정기적으로 발생한 실제 시장거래를 나타낸다면, 이를 활성시장으로 간주하며 \'수준 1\'에 포함됩니다.\n연결회사는 활성시장에서 거래되지 아니하는 금융상품의 공정가치에 대하여 평가기법을 사용하여 결정하고 있습니다. 연결회사는 다양한 평가기법을 활용하고 있으며 보고기간말에 현재 시장 상황에 근거하여 가정을 수립하고 있습니다. 이러한 평가기법은 가능한 관측가능한 시장정보를 최대한 사용하고 기업특유정보를 최소한으로 사용합니다. 이때, 해당상품의 공정가치 측정에 요구되는 모든 유의적인 투입변수가 관측가능하다면 해당상품은 \'수준 2\'에 포함됩니다.만약 하나 이상의 유의적인 투입변수가 관측가능한 시장정보에 기초한 것이 아니라면 해당 상품은 \'수준 3\'에 포함됩니다.\n당반기말과 전기말 현재 금융상품의 수준별 공정가치 측정치는 다음과 같으며, 당반기와 전기 중 공정가치 서열체계의 각 수준간 이동은 없습니다\n(단위: 천원)\n구분\n수준 1\n수준 2\n수준 3\n합계\n당반기말:\n\xa0\xa0 기타포괄손익-공정가치 측정 금융자산\n9,895,208\n-\n121,090\n10,016,298\n전기말:\n\xa0\xa0 기타포괄손익-공정가치 측정 금융자산\n8,157,687\n-\n121,090\n8,278,777\n장부금액이 공정가치의 합리적인 근사치에 해당하여 공정가치를 측정하지 않은 금융자산과 금융부채에 대한 공정가치는 포함하고 있지 않습니다.연결회사가 관측가능한 시장자료에 기초하지 않은 투입변수를 이용하여 금융상품의 공정가치를 평가하는 경우, 동 평가기법에 의해 산출된 공정가치와 거래가격이 다르다면 금융상품의 공정가치는 거래가격으로 인식합니다. 이 때 평가기법에 의해 산출된 공정가치와 거래가격의 차이는 즉시 손익으로 인식하지 않고 이연하여 인식하며, 동 차이는 금융상품의 거래기간 동안 정액법으로 상각하고, 평가기법의 요소가 시장에서 관측가능해지는 경우 이연되고 있는 잔액을 즉시 손익으로 모두 인식합니다.\n기타포괄손익-공정가치 측정 금융자산 중 장부금액이 공정가치의 합리적인 근사치에 해당하는 경우 장부금액으로 평가하고 있으며, 당반기말과 전기말 현재 연결회사가 보유하고 있는 기타포괄손익-공정가치 측정 금융자산 중 이에 해당하는 금액은 각각 3,676,048천원 및 951,084천원입니다.\n(6) 가치평가기법 및 투입변수\n(단위: 천원)\n구분\n공정가치\n수준\n가치평가기법\n투입변수\n기타포괄손익-공정가치 측정 금융자산\n\xa0\xa0 (주)제이티비씨\n121,090\n3\n현금흐름할인모형\n성장율, 할인율 등\n42. 범주별 금융상품(1)\xa0당반기말과 전기말 현재 금융자산의 분류내역은 다음과 같습니다. 상각후원가로 측정하는 금융자산의 공정가치는 장부가액과 유사합니다.①\xa0당반기말\n(단위: 천원)\n구분\n기타포괄손익-공정가치 측정 금융자산\n상각후원가로  측정하는 금융자산\n합\xa0 계\n공정가치\n현금및현금성자산\n-\n41,013,690\n41,013,690\n41,013,690\n매출채권 및 기타채권\n-\n36,322,132\n36,322,132\n36,322,132\n미수수익\n-\n329,120\n329,120\n329,120\n단기금융상품\n-\n58,800,000\n58,800,000\n58,800,000\n장기금융상품\n-\n2,000\n2,000\n2,000\n기타포괄손익-공정가치 측정 금융자산\n13,692,346\n-\n13,692,346\n13,692,346\n기타비유동자산\n-\n8,564,575\n8,564,575\n8,564,575\n합계\n13,692,346\n145,031,517\n158,723,863\n158,723,863\n② 전기말\xa0\n(단위: 천원)\n구분\n기타포괄손익-공정가치 측정 금융자산\n상각후원가로  측정하는 금융자산\n합계\n공정가치\n현금및현금성자산\n-\n31,541,013\n31,541,013\n31,541,013\n매출채권 및 기타유동채권\n-\n38,409,751\n38,409,751\n38,409,751\n미수수익\n-\n351,847\n351,847\n351,847\n단기금융상품\n-\n57,700,000\n57,700,000\n57,700,000\n장기금융상품\n-\n302,000\n302,000\n302,000\n기타포괄손익-공정가치 측정 금융자산\n9,229,861\n-\n9,229,861\n9,229,861\n기타비유동자산\n-\n8,596,204\n8,596,204\n8,596,204\n합\xa0 계\n9,229,861\n136,900,815\n146,130,676\n146,130,676\n(2)\xa0당반기말과 전기말 현재 금융부채의 분류내역은 다음과 같습니다. 상각후원가로 측정하는 금융부채의 공정가치는 장부가액과 유사합니다.①\xa0당반기말\n\xa0 \xa0 \xa0 (단위: 천원)\n구분\n상각후원가로측정하는 금융부채\n공정가치\n매입채무 및 기타유동채무\n40,048,758\n40,048,758\n단기차입금\n8,784,211\n8,784,211\n미지급비용\n5,716,218\n5,716,218\n유동리스부채\n3,067,323\n(*1)\n장기차입금\n21,725,000\n21,725,000\n비유동리스부채\n5,520,076\n(*1)\n임대보증금\n160,000\n160,000\n합계\n85,021,586\n76,434,187\n(*1) 리스부채는 기준서 제1107호에 따라 공정가치 공시에서 제외하였습니다.\n② 전기말\n\xa0 \xa0 \xa0 (단위: 천원)\n구분\n상각후원가로 측정하는 금융부채\n공정가치\n매입채무 및 기타유동채무\n34,371,460\n34,371,460\n단기차입금\n788,443\n788,443\n미지급비용\n8,145,206\n8,145,206\n유동리스부채\n3,313,225\n(*1)\n장기차입금\n10,875,000\n10,875,000\n비유동리스부채\n6,871,122\n(*1)\n임대보증금\n160,000\n160,000\n합계\n64,524,456\n54,340,109\n(*1) 리스부채는 기준서 제1107호에 따라 공정가치 공시에서 제외하였습니다.(3)\xa0당반기와 전반기 중 금융상품 범주별 순손익은 다음과 같습니다.① 당반기\n\xa0 \xa0 \xa0 (단위: 천원)\n구분\n금융자산\n금융부채\n상각후원가로 측정하는 금융자산\n기타포괄손익-공정가치측정 금융자산\n상각후원가금융부채\n배당금수익\n-\n174,854\n-\n이자수익\n460,276\n-\n-\n기타포괄손익-공정가치 측정 금융자산 처분이익\n-\n856,205\n외화환산이익\n973,219\n-\n-\n외환차익\n959,934\n-\n-\n손실충당금환입(상각비)\n424\n-\n-\n이자비용\n-\n-\n(223,000)\n외화환산손실\n(78,515)\n-\n(74)\n외환차손\n(902,601)\n-\n(69,555)\n기타포괄손익-공정가치 측정 금융자산평가이익(법인세차감전)\n-\n1,737,521\n-\n합계\n1,412,737\n2,768,580\n(292,630)\n② 전반기\n\xa0 \xa0 \xa0 (단위: 천원)\n구분\n금융자산\n금융부채\n상각후원가로 측정하는 금융자산\n기타포괄손익-공정가치측정 금융자산\n상각후원가금융부채\n배당금수익\n-\n73,152\n-\n이자수익\n604,679\n-\n-\n외화환산이익\n93,803\n-\n-\n외환차익\n1,700,868\n-\n54\n손실충당금환입(상각비)\n(10,323)\n-\n-\n이자비용\n-\n-\n(271,828)\n외화환산손실\n(159,189)\n-\n(79,939)\n외환차손\n(762,019)\n-\n(1,543)\n기타포괄손익-공정가치 측정 금융자산평가이익(법인세차감전)\n-\n(489,194)\n-\n합계\n1,467,818\n(416,041)\n(353,256)\n4. 재무제표\n재무상태표\n제 51 기 반기말 2021.06.30 현재\n제 50 기말\xa0 \xa0 \xa0 \xa0 2020.12.31 현재\n(단위 : 원)\n\u3000\n제 51 기 반기말\n제 50 기말\n자산\n\u3000\n\u3000\n\u3000유동자산\n38,211,900,634\n38,148,279,241\n\u3000\u3000현금및현금성자산\n806,903,800\n1,567,699,447\n\u3000\u3000매출채권 및 기타유동채권\n159,179,673\n163,904,606\n\u3000\u3000단기금융상품\n35,500,000,000\n34,600,000,000\n\u3000\u3000유동성장기대여금\n1,582,000,000\n1,523,200,000\n\u3000\u3000기타유동자산\n163,817,161\n293,475,188\n\u3000비유동자산\n155,830,900,112\n147,327,243,314\n\u3000\u3000장기대여금\n0\n761,600,000\n\u3000\u3000기타포괄손익-공정가치 측정 금융자산\n12,513,797,967\n9,125,478,563\n\u3000\u3000종속기업에 대한 투자자산\n123,025,432,989\n117,115,707,264\n\u3000\u3000유형자산\n10,319,550,874\n10,323,397,981\n\u3000\u3000투자부동산\n9,927,969,742\n9,947,058,581\n\u3000\u3000무형자산\n44,148,540\n54,000,925\n\u3000자산총계\n194,042,800,746\n185,475,522,555\n부채\n\u3000\n\u3000\n\u3000유동부채\n345,703,093\n596,791,269\n\u3000\u3000매입채무 및 기타유동채무\n79,296,703\n79,602,413\n\u3000\u3000기타유동부채\n266,406,390\n517,188,856\n\u3000비유동부채\n7,431,558,934\n6,379,556,335\n\u3000\u3000퇴직급여부채\n69,081,763\n11,369,443\n\u3000\u3000이연법인세부채\n7,202,477,171\n6,208,186,892\n\u3000\u3000기타비유동부채\n160,000,000\n160,000,000\n\u3000부채총계\n7,777,262,027\n6,976,347,604\n자본\n\u3000\n\u3000\n\u3000자본금\n2,875,800,000\n2,875,800,000\n\u3000자본잉여금\n95,443,802,779\n117,943,802,779\n\u3000이익잉여금(결손금)\n170,431,813,560\n141,510,813,667\n\u3000기타자본구성요소\n(82,485,877,620)\n(83,831,241,495)\n\u3000자본총계\n186,265,538,719\n178,499,174,951\n자본과부채총계\n194,042,800,746\n185,475,522,555\n포괄손익계산서\n제 51 기 반기 2021.01.01 부터 2021.06.30 까지\n제 50 기 반기 2020.01.01 부터 2020.06.30 까지\n(단위 : 원)\n\u3000\n제 51 기 반기\n제 50 기 반기\n3개월\n누적\n3개월\n누적\n수익(매출액)\n1,358,635,985\n6,835,645,944\n6,195,899,438\n11,439,259,279\n영업비용\n307,463,849\n695,563,433\n306,572,482\n649,450,259\n영업이익(손실)\n1,051,172,136\n6,140,082,511\n5,889,326,956\n10,789,809,020\n금융수익\n97,238,162\n1,201,122,350\n90,721,240\n540,476,928\n금융원가\n(2,051,848)\n25,248,152\n(3,216,004)\n36,480,068\n기타이익\n31,541\n135,467\n31,523\n11,770,036\n법인세비용차감전순이익(손실)\n1,150,493,687\n7,316,092,176\n5,983,295,723\n11,305,575,916\n법인세비용\n128,480,023\n451,569,683\n(1,222,853,408)\n497,674,765\n당기순이익(손실)\n1,022,013,664\n6,864,522,493\n7,206,149,131\n10,807,901,151\n기타포괄손익\n217,651,947\n1,345,363,875\n838,341,144\n(473,765,511)\n\u3000당기손익으로 재분류되지 않는항목(세후기타포괄손익)\n218,177,154\n1,355,266,383\n806,117,291\n(381,571,150)\n\u3000\u3000기타포괄손익-공정가치 측정 금융자산 평가손익(세후기타포괄손익)\n218,177,154\n1,355,266,383\n806,117,291\n(381,571,150)\n\u3000당기손익으로 재분류될 수 있는 항목(세후기타포괄손익)\n(525,207)\n(9,902,508)\n32,223,853\n(92,194,361)\n\u3000\u3000지분법자본변동\n(525,207)\n(9,902,508)\n32,223,853\n(92,194,361)\n총포괄손익\n1,239,665,611\n8,209,886,368\n8,044,490,275\n10,334,135,640\n주당이익\n\u3000\n\u3000\n\u3000\n\u3000\n\u3000기본주당이익(손실) (단위 : 원)\n461\n3,095\n3,250\n4,874\n자본변동표\n제 51 기 반기 2021.01.01 부터 2021.06.30 까지\n제 50 기 반기 2020.01.01 부터 2020.06.30 까지\n(단위 : 원)\n\u3000\n자본\n자본금\n자본잉여금\n이익잉여금\n기타자본구성요소\n자본\xa0 합계\n2020.01.01 (기초자본)\n2,875,800,000\n117,943,802,779\n123,992,536,713\n(84,020,770,813)\n160,791,368,679\n대체와 기타 변동에 따른 증가(감소), 자본\n0\n0\n0\n0\n0\n당기순이익(손실)\n0\n0\n10,807,901,151\n0\n10,807,901,151\n기타포괄손익-공정가치 측정 금융자산 평가손익\n0\n0\n0\n(381,571,150)\n(381,571,150)\n지분법자본변동\n0\n0\n0\n(92,194,361)\n(92,194,361)\n배당금지급\n0\n0\n(443,522,600)\n0\n(443,522,600)\n자본 증가(감소) 합계\n0\n0\n10,364,378,551\n(473,765,511)\n9,890,613,040\n2020.06.30 (기말자본)\n2,875,800,000\n117,943,802,779\n134,356,915,264\n(84,494,536,324)\n170,681,981,719\n2021.01.01 (기초자본)\n2,875,800,000\n117,943,802,779\n141,510,813,667\n(83,831,241,495)\n178,499,174,951\n대체와 기타 변동에 따른 증가(감소), 자본\n0\n(22,500,000,000)\n22,500,000,000\n0\n0\n당기순이익(손실)\n0\n0\n6,864,522,493\n0\n6,864,522,493\n기타포괄손익-공정가치 측정 금융자산 평가손익\n0\n0\n0\n1,355,266,383\n1,355,266,383\n지분법자본변동\n0\n0\n0\n(9,902,508)\n(9,902,508)\n배당금지급\n0\n0\n(443,522,600)\n0\n(443,522,600)\n자본 증가(감소) 합계\n0\n(22,500,000,000)\n28,920,999,893\n1,345,363,875\n7,766,363,768\n2021.06.30 (기말자본)\n2,875,800,000\n95,443,802,779\n170,431,813,560\n(82,485,877,620)\n186,265,538,719\n현금흐름표\n제 51 기 반기 2021.01.01 부터 2021.06.30 까지\n제 50 기 반기 2020.01.01 부터 2020.06.30 까지\n(단위 : 원)\n\u3000\n제 51 기 반기\n제 50 기 반기\n영업활동현금흐름\n1,607,000,845\n1,173,328,440\n\u3000당기순이익(손실)\n6,864,522,493\n10,807,901,151\n\u3000당기순이익조정을 위한 가감\n(6,620,823,905)\n(10,582,484,617)\n\u3000영업활동으로인한자산ㆍ부채의변동\n(6,257,936)\n(35,600,450)\n\u3000이자수취(영업)\n335,581,900\n465,529,162\n\u3000배당금수취(영업)\n1,117,173,400\n1,017,570,400\n\u3000법인세납부(환급)\n(83,195,107)\n(499,587,206)\n투자활동현금흐름\n(1,924,400,000)\n(199,445,875)\n\u3000단기금융상품의 처분\n22,657,000,000\n0\n\u3000단기금융상품의 취득\n(23,557,000,000)\n(1,000,000,000)\n\u3000장기대여금및수취채권의 처분\n0\n810,460,000\n\u3000유동성장기대여금의 감소\n761,600,000\n0\n\u3000기타포괄손익-공정가치 측정 금융자산의 처분\n500,000,000\n0\n\u3000기타포괄손익-공정가치 측정 금융자산의 취득\n(2,286,000,000)\n0\n\u3000무형자산의 취득\n0\n(9,905,875)\n재무활동현금흐름\n(443,348,340)\n(440,488,140)\n\u3000배당금지급\n(443,348,340)\n(440,488,140)\n외화환산으로 인한 현금의 변동\n(48,152)\n(8,404,139)\n현금및현금성자산의순증가(감소)\n(760,795,647)\n524,990,286\n기초현금및현금성자산\n1,567,699,447\n458,043,496\n기말현금및현금성자산\n806,903,800\n983,033,782\n5. 재무제표 주석\n제 51(당) 기 반기 2021년 6월 30일 현재\n제 50(전) 기 반기 2020년 6월 30일 현재\n샘표주식회사\n1. 당사의 개요샘표주식회사(이하 \'당사\')는 1946년 8월 20일에 설립되었으며, 1971년 12월 9일 식품제조, 가공, 판매업, 무역업 등을 주 영업목적으로 \'샘표식품공업주식회사\'로 법인설립 등기를 하였습니다. 당사는 1976년 6월 29일 발행주식을 한국거래소가 개설한 유가증권 시장에 상장한 주권상장법인으로 1998년 8월28일 \'샘표식품주식회사\'로 상호를 변경하였습니다. 또한, 2016년 7월 1일 \'샘표주식회사\'로 상호를 재변경하고 샘표주식회사와 샘표식품주식회사로 인적분할하였으며, 2016년 8월 9일 유가증권시장에 변경상장하였습니다. 당사는 2017년 1월 20일 유상증자를 통하여 지주회사로서의 요건을 충족하여, 지주회사로 전환되었습니다.\xa0 \n당반기말 현재 주요 주주의 구성은 다음과 같습니다.\n주주명\n주식수(주)\n지분율\n박진선\n979,128\n34.05%\n박용학\n189,312\n6.58%\n고계원\n99,796\n3.47%\n고영진\n95,851\n3.33%\n(주)명진포장\n14,497\n0.50%\n박용주\n3,596\n0.13%\n박준기\n9,300\n0.32%\n박현기\n895\n0.03%\n이수진\n654\n0.02%\n자기주식\n658,187\n22.89%\n기타\n824,584\n28.68%\n합계\n2,875,800\n100.00%\n2. 재무제표 작성기준 및 유의적 회계정책2.1 재무제표 작성기준당사의 2021년 6월 30일로 종료하는 6개월 보고기간에 대한 재무제표는 기업회계기준서 제1034호 \'중간재무보고\'에 따라 작성되었습니다. 동 중간재무제표에 대한 이해를 위해서는 한국채택국제회계기준에 따라 작성된 2020년 12월 31일자로 종료하는 회계연도에 대한 연차재무제표를 함께 이용하여야 합니다.중간재무제표의 작성에 적용된 중요한 회계정책은 아래에서 설명하는 기준서나 해석서의 도입과 관련된 영향을 제외하고는 2020년 12월 31일로 종료하는 회계연도에 대한 연차재무제표 작성시 채택한 회계정책과 동일합니다. 당사의 재무제표는 기업회계기준서 제1027호 \'별도재무제표\'에 따른 별도재무제표입니다. 종속기업, 공동기업 및 관계기업 투자는 기업회계기준서 제1028호에 따른 지분법으로 회계처리하고 있습니다. 지분법은 최초에 취득원가로 인식하며 후속적인피투자자의 순자산 변동액 중 투자자의 몫을 해당 투자자산에 가감하여 보고하는 방법입니다. 회사와 피투자자간의 거래에서 발생한 미실현이익은 회사의 피투자자에 대한 지분에 해당하는 부분만큼 제거됩니다. 또한 투자자산에 대한 객관적인 손상의 징후가 있는 경우 투자자산의 회수가능액과 장부금액과의 차이는 손상차손으로 인식됩니다. 피투자자로부터의 수취하는 배당금은 투자자산의 장부금액에서 차감하여 보고 합니다.\n2.1.1 당사가 채택한 제ㆍ개정 기준서 및 해석서당사는 2021년 1월 1일로 개시하는 회계기간부터 다음의 제ㆍ개정 기준서 및 해석서를 신규로 적용하였습니다.\n(1) 기업회계기준서 제 1116호 \'리스\' 개정 - 코로나19 관련 임차료 할인 등에 대한 실무적 간편법실무적 간편법으로, 리스이용자는 코로나19의 직접적인 결과로 발생한 임차료 할인 등이 리스변경에 해당하는지 평가하지 않을 수 있습니다. 이러한 선택을 한 리스이용자는 임차료 할인 등으로 인한 리스료 변동을 그러한 변동이 리스변경이 아닐 경우에이 기준서가 규정하는 방식과 일관되게 회계처리하여야 합니다. 해당 기준서의 개정이 재무제표에 미치는 중요한 영향은 없습니다.\n(2) 기업회계기준서 제1109호 \'금융상품\', 제1039호 \'금융상품: 인식과 측정\', 제1107호 \'금융상품: 공시\', 제 1104호 \'보험계약\' 및 제 1116호\xa0 \'리스\' 개정 - 이자율지표 개혁(2단계 개정)\n\xa0이자율지표개혁과 관련하여 상각후원가로 측정되는 금융상품의 이자율지표 대체 시 장부금액이 아닌 유효이자율을 조정하고, 위험회피관계에서 이자율지표대체가 발생한 경우에도 중단없이 위험회피회계를 계속할 수 있도록 하는 등의 예외규정을 포함하고 있습니다. 해당 기준서의 개정이 재무제표에 미치는 중요한 영향은 없습니다.\n(3) 기업회계기준서 제 1116호 \'리스\' 개정 - 2021년 6월 30일 후에도 제공되는 코로나19 관련 임차료 할인 등코로나19의 직접적인 결과로 발생한 임차료 할인 등이 리스변경에 해당하는지 평가하지 않을 수 있도록 하는 실무적 간편법의 적용대상이 2022년 6월 30일 이전에 지급하여야 할 리스료에 영향을 미치는 리스료 감면으로 확대되었습니다. 리스이용자는 비슷한 상황에서 특성이 비슷한 계약에 실무적 간편법을 일관되게 적용해야 합니다. 동 개정사항은 2021년 4월 1일 이후 시작하는 회계연도부터 적용되며, 조기도입이 가능합니다. 당사는 동 개정으로 인해 재무제표에 중요한 영향은 없을 것으로 예상하고 있습니다.\n2.1.2 회사가 적용하지 않은 제ㆍ개정 기준서 및 해석서제정 또는 공표되었으나 시행일이 도래하지 않아 회사가 조기에 적용하지 아니한 기준서 및 해석서는 다음과 같습니다.\n- 기업회계기준서 제1103호 \'사업결합\' (개정) - 재무보고를 위한 개념체계 참조 \n식별할 수 있는 취득 자산과 인수 부채는 재무보고를 위한 개념체계의 정의를 충족하도록 개정되었으나, 기업회계기준서 제1037호 \'충당부채, 우발부채 및 우발자산\' 및 해석서 제2121호 \'부담금\' 의 적용범위에 포함되는 부채 및 우발부채에 대해서는 해당 기준서를 적용하도록 예외를 추가하고, 우발자산이 취득일에 인식되지 않는다는 점을 명확히 하였습니다. 동 개정사항은 2022년 1월 1일 이후 시작하는 회계연도부터 적용되며, 조기적용이 허용됩니다. 동 개정으로 인해 재무제표에 미치는 유의적인영향은 없을 것으로 예상하고 있습니다.\n- 기업회계기준서 제1016호 \'유형자산\' (개정) - 의도한 사용 전의 매각금액\n개정 기준서는 경영진이 의도한 방식으로 유형자산을 가동할 수 있는 장소와 상태에 이르게 하는 동안에 생산된 재화를 판매하여 얻은 매각금액과 그 재화의 원가는 당기손익으로 인식하도록 요구하며, 이로 인해 당기손익에 포함한 매각금액과 원가를 공시하도록 요구하고 있습니다. 동 개정사항은 2022년 1월 1일 이후 시작하는 회계연도부터 적용되며, 조기적용이 허용됩니다. 동 개정으로 인해 재무제표에 미치는 유의적인 영향은 없을 것으로 예상하고 있습니다.\n- 기업회계기준서 제1037호 \'충당부채, 우발부채 및 우발자산\' (개정) - 손실부담계약: 계약이행원가\n개정 기준서는 손실부담계약을 식별할 때 계약이행원가는 계약을 이행하는 데 드는 증분원가와 계약을 이행하는 데 직접 관련되는 그 밖의 원가 배분액으로 구성됨을 명확히 하였습니다. 동 개정사항은 2022년 1월 1일 이후 시작하는 회계연도부터 적용되며, 조기적용이 허용됩니다. 동 개정으로 인해 재무제표에 미치는 유의적인 영향은없을 것으로 예상하고 있습니다. - 기업회계기준서 제1001호 \'재무제표 표시\' (개정) - 부채의 유동·비유동 분류 \n부채의 분류는 기업이 보고기간 후 적어도 12개월 이상 부채의 결제를 연기할 권리의 행사 가능성에 영향을 받지 않으며, 부채가 비유동부채로 분류되는 기준을 충족한다면, 경영진이 보고기간 후 12개월 이내에 부채의 결제를 의도하거나 예상하더라도,또는 보고기간말과 재무제표 발행승인일 사이에 부채를 결제하더라도 비유동부채로 분류합니다. 또한, 부채를 유동 또는 비유동으로 분류할 때 부채의 결제조건에 자기지분상품의 이전도 포함되나, 복합금융상품에서 자기지분상품으로 결제하는 옵션이 지분상품으로 분류되고 동 옵션을 부채와 분리하여 인식된 경우는 제외됩니다. 동개정사항은 2023년 1월 1일 이후 시작하는 회계연도부터 적용하며, 조기적용이 허용됩니다. 동 개정으로 인해 재무제표에 미치는 유의적인 영향은 없을 것으로 예상하고 있습니다. \n- 한국채택국제회계기준 2018-2020 연차개선\n\xa0기업회계기준서 제1109호 \'금융상품\': 금융부채 제거 목적의 10% 테스트관련 수수료에 차입자와 대여자 사이에서 지급하거나 수취한 수수료(상대방을 대신하여 지급하거나 수취한 수수료 포함)만 포함된다는 개정내용을 포함하여 기업회계기준서 제1101호 \'한국채택국제회계기준의 최초 채택\': 최초채택기업인 종속기업,\xa0 기업회계기준서 제1116호 \'리스\': 리스인센티브, 기업회계기준서 제1041호 \'농림어업\': 공정가치 측정에 대한 일부 개정내용이 있습니다. 동 연차개선은 2022년 1월 1일 이후 시작하는 회계연도부터 적용되며, 조기적용이 허용됩니다. 동 개정으로 인해 재무제표에 미치는 유의적인 영향은 없을 것으로 예상하고 있습니다.\n2.2 회계정책\n반기재무제표의 작성에 적용된 유의적 회계정책과 계산방법은 주석 2.1.1에서 설명하는 제ㆍ개정 기준서의 적용으로 인한 변경 및 아래 문단에서 설명하는 사항을 제외하고는 전기 재무제표 작성에 적용된 회계정책이나 계산방법과 동일합니다.\n2.2.1 법인세비용중간기간의 법인세비용은 전체 회계연도에 대해서 예상되는 최선의 가중평균연간법인세율, 즉 추정평균연간유효법인세율을 중간기간의 세전이익에 적용하여 계산합니다. \n3. 중요한 회계추정 및 가정당사는 미래에 대하여 추정 및 가정을 하고 있습니다. 추정 및 가정은 지속적으로 평가되며, 과거 경험과 현재의 상황에서 합리적으로 예측가능한 미래의 사건과 같은 다른 요소들을 고려하여 이루어집니다. 이러한 회계추정은 실제 결과와 다를 수도 있습니다.\n반기재무제표 작성시 사용된 중요한 회계추정 및 가정은 법인세비용을 결정하는데 사용된 추정의 방법을 제외하고는 전기 재무제표 작성에 적용된 회계추정 및 가정과동일합니다.\n4. 사용제한 금융상품당반기말과 전기말 현재 사용제한 금융상품의 내역은 없습니다.\n5. 현금및현금성자산당반기말과 전기말 현재 현금및현금성자산의 구성내역은 다음과 같습니다.\n(단위: 천원)\n구분\n당반기말\n전기말\n요구불예금\n806,904\n483,670\n외화예금\n-\n1,084,029\n합계\n806,904\n1,567,699\n6. 기타유동채권당반기말과 전기말 현재 기타유동채권의 내역은 다음과 같습니다.\n(단위: 천원)\n구분\n당반기말\n전기말\n미수금\n159,180\n163,905\n7. 단기금융상품당반기말과 전기말 현재\xa0 단기금융상품의 내역은 다음과 같습니다.\n(단위: 천원)\n구분\n당반기말\n전기말\n정기예금 등\n35,500,000\n34,600,000\n8. 기타유동자산당반기말과 전기말\xa0 현재 기타유동자산의 구성내역은 다음과 같습니다.\n(단위: 천원)\n구분\n당반기말\n전기말\n미수수익\n163,209\n291,791\n선급비용\n609\n1,685\n합계\n163,818\n293,475\n9. 대여금당반기말과 전기말 현재 대여금의 내역은 다음과 같습니다.\xa0\n(단위: 천원)\n구분\xa0\n당반기말\n전기말\n유동성장기대여금\n2,260,000\n1,523,200\n손실충당금\n(678,000)\n-\n장기대여금\n-\n1,414,400\n손실충당금\n-\n(652,800)\n합계\n1,582,000\n2,284,800\n10.\xa0기타포괄손익-공정가치 측정 금융자산(1) 당반기말과 전기말 현재 기타포괄손익-공정가치 측정 금융자산의 내역은 다음과같습니다.\n(단위: 천원)\n구분\n당반기말\n전기말\n<시장성 있는 지분증권>\n동원산업(주)\n8,731,863\n7,387,223\n사조동아원(주)\n1,163,345\n770,464\n소계\n9,895,208\n8,157,687\n<시장성 없는 지분증권>\n한국장류협동조합 출자금\n111,500\n111,500\n(주)제이티비씨\n121,090\n121,090\n조치원식품(주)\n-\n135,202\n뮤렉스웨이브 2호 액티브시니어 투자조합 출자금\n386,000\n100,000\n파트너원 벨류업 2호 창업벤처전문사모투자 합자회사 출자금\n-\n500,000\n요즈마-ATU 게임체인저펀드 1호 출자금\n2,000,000\n-\n소계\n2,618,590\n967,792\n합계\n12,513,798\n9,125,479\n상기 지분증권 중 시장성 있는 지분증권은 보고기간종료일 현재 종가로 평가하였으며, 시장성 없는 지분증권 중 한국장류협동조합 출자금과\xa0뮤렉스웨이브 2호 액티브시니어 투자조합 출자금, 파트너원 밸류업 2호 창업벤처전문사모투자 합자회사 출자금, 요즈마-ATU 게임체인저 펀드1호 출자금은 공정가치를 결정하기 위해 이용할 수 있는 더 최근의 정보가 불충분하거나, 가능한 공정가치 측정치의 범위가 넓고 그 범위에서원가가 공정가치의 최선의 추정치를 나타낸다고 판단하였습니다.\n(2) 당반기와 전기 중 지분증권의 변동내역은 다음과 같습니다.\n(단위: 천원)\n구분\n당반기\n전기\n기초금액\n9,125,479\n8,247,282\n평가손익\n1,737,521\n278,197\n취득 및 처분\n1,786,000\n600,000\n기타변동\n(135,202)\n-\n기말금액\n12,513,798\n9,125,479\n11.\xa0종속기업투자(1) 당반기말과 전기말 현재 종속기업투자\xa0내역은 다음과 같습니다.① 당반기말\n(단위: 천원)\n구분\n피투자기업명\n지분율(%)\n소재지\n결산월일\n취득원가\n장부금액\n종속기업\n샘표식품(주)\n49.4%\n한국\n12월 31일\n71,735,776\n117,032,885\n양포식품(주)\n87.5%\n한국\n12월 31일\n2,703,223\n3,952,285\n(주)샘표아이에스피\n100.0%\n한국\n12월 31일\n100,000\n1,028,432\n조치원식품(주)\n96.3%\n한국\n12월 31일\n500,202\n1,011,831\n합계\n75,039,201\n123,025,433\n당반기 중 조치원식품(주)이 종속기업에 신규로 편입되었습니다.② 전기말\n(단위: 천원)\n구분\n피투자기업명\n지분율(%)\n소재지\n결산월일\n취득원가\n장부금액\n종속기업\n샘표식품(주)\n49.4%\n한국\n12월 31일\n71,735,776\n111,923,729\n양포식품(주)\n87.5%\n한국\n12월 31일\n2,703,223\n3,782,997\n(주)샘표아이에스피\n100.0%\n한국\n12월 31일\n100,000\n1,408,982\n합계\n74,538,999\n117,115,707\n(2) 당반기말과 전기말 현재 종속기업투자\xa0요약 재무정보는 다음과 같습니다.① 요약 재무상태\n(단위: 천원)\n구분\n당반기말\n전기말\n샘표식품(주) (*1)\n양포식품(주)\n(주)샘표아이에스피\n조치원식품(주)\n샘표식품(주) (*1)\n양포식품(주)\n(주)샘표아이에스피\n유동자산\n154,303,553\n3,697,209\n3,603,303\n554,191\n136,577,589\n3,411,887\n3,423,495\n비유동자산\n140,228,768\n4,404,049\n504,692\n584,105\n132,051,881\n3,981,765\n538,503\n자산(계)\n294,532,321\n8,101,258\n4,107,995\n1,138,295\n268,629,470\n7,393,651\n3,961,998\n유동부채\n61,831,474\n2,447,837\n3,070,190\n61,647\n56,151,777\n1,695,580\n2,553,017\n비유동부채\n29,289,507\n788,214\n9,373\n26,305\n20,300,419\n1,018,074\n-\n부채(계)\n91,120,981\n3,236,051\n3,079,563\n87,952\n76,452,196\n2,713,653\n2,553,017\n자본금\n2,284,143\n300,000\n100,000\n600,000\n2,284,143\n300,000\n100,000\n자본잉여금\n96,614,542\n116,163\n-\n-\n96,614,542\n116,163\n-\n이익잉여금\n105,333,662\n4,449,045\n928,432\n450,344\n94,079,551\n4,263,835\n1,308,982\n기타자본구성요소\n(821,007)\n-\n-\n-\n(800,961)\n-\n-\n자본(계)\n203,411,340\n4,865,207\n1,028,432\n1,050,344\n192,177,274\n4,679,998\n1,408,982\n(*1) 샘표식품(주)에 대한 재무현황은 샘표식품주식회사와 그 종속기업의 연결재무제표를 기준으로 기재한 것입니다.\n② 요약 경영성과\n(단위: 천원)\n구분\n당반기\n전반기\n샘표식품(주) (*1)\n양포식품(주)\n(주)샘표아이에스피\n조치원식품(주)\n샘표식품(주) (*1)\n양포식품(주)\n(주)샘표아이에스피\n매출액\n169,429,710\n6,143,670\n9,605,933\n292,469\n153,255,727\n6,313,276\n9,988,078\n영업이익(손실)\n12,416,627\n148,336\n80,273\n(795)\n26,069,332\n524,128\n(41,410)\n반기순이익(손실)\n12,167,430\n185,209\n119,450\n21,202\n22,298,935\n440,370\n(95,931)\n기타포괄이익(손실)\n(20,046)\n-\n-\n-\n(186,633)\n-\n-\n총포괄이익(손실)\n12,147,384\n185,209\n119,450\n21,202\n22,112,302\n440,370\n(95,931)\n(*1) 샘표식품(주)에 대한 재무현황은 샘표식품주식회사와 그 종속기업의 연결재무제표를 기준으로 기재한 것입니다.\n③요약 현금흐름\n(단위: 천원)\n구분\n당반기\n전반기\n샘표식품(주) (*1)\n양포식품(주)\n(주)샘표아이에스피\n조치원식품(주)\n샘표식품(주) (*1)\n양포식품(주)\n(주)샘표아이에스피\n영업활동으로 인한 현금흐름\n9,515,854\n(275,882)\n671,995\n41,681\n20,693,395\n1,374,660\n514,226\n투자활동으로 인한 현금흐름\n(14,278,864)\n(565,315)\n199,808\n-\n(12,593,229)\n(13,050)\n197,831\n재무활동으로 인한 현금흐름\n14,830,300\n422,000\n(500,000)\n-\n(4,486,386)\n(800,000)\n(500,000)\n환율변동효과\n115,048\n-\n-\n-\n(50,573)\n-\n-\n현금의 증가\n10,182,338\n(419,196)\n371,803\n41,681\n3,563,207\n561,610\n212,058\n기초의 현금\n28,951,337\n428,672\n621,282\n-\n13,389,228\n49,099\n468,573\n기말의 현금\n39,133,675\n9,476\n993,085\n94,060\n16,952,436\n610,709\n680,630\n(*1) 샘표식품(주)에 대한 재무현황은 샘표식품주식회사와 그 종속기업의 연결재무제표를 기준으로 기재한 것입니다.\n(3) 당반기와 전기 중 종속기업투자의 변동내역은 다음과 같습니다.① 당반기\xa0\n(단위: 천원)\n구분\n기초금액\n취득\n지분법손익\n지분법이익잉여금\n지분법자본변동\n배당금수취\n기타증감분\n기말금액\n<종속기업투자>\n샘표식품(주)\n111,923,729\n-\n5,570,227\n-\n(9,903)\n(451,168)\n-\n117,032,885\n양포식품(주)\n3,782,997\n-\n169,288\n-\n-\n-\n-\n3,952,285\n(주)샘표아이에스피\n1,408,982\n-\n119,450\n-\n-\n(500,000)\n-\n1,028,432\n조치원식품(주)\n-\n-\n20,424\n-\n-\n991,407\n1,011,831\n합계\n117,115,707\n-\n5,879,390\n-\n(9,903)\n(951,168)\n991,407\n123,025,433\n② 전기\n(단위: 천원)\n구분\n기초금액\n취득\n지분법손익\n지분법이익잉여금\n지분법자본변동\n배당금수취\n기타증감분\n기말금액\n<종속기업투자>\n샘표식품(주)\n95,444,380\n-\n16,928,456\n29,525\n(27,464)\n(451,168)\n-\n111,923,729\n양포식품(주)\n3,412,677\n-\n370,320\n-\n-\n-\n-\n3,782,997\n(주)샘표아이에스피\n2,480,763\n-\n(571,781)\n-\n-\n(500,000)\n-\n1,408,982\n합계\n101,337,819\n-\n16,726,995\n29,525\n(27,464)\n(951,168)\n-\n117,115,707\n(4) 당반기말과 전기말 현재 피투자기업의 재무정보금액을 종속기업투자의 장부금액으로 조정한 내역은 다음과 같습니다.① 당반기말\n(단위: 천원)\n구분\n순자산금액\n지분율(%)\n순자산지분금액\n투자제거차액\n미실현손익\n장부금액\n샘표식품(주)\n203,411,340\n49.4%\n100,482,688\n16,550,196\n-\n117,032,885\n양포식품(주)\n4,865,207\n87.5%\n4,257,056\n-\n(304,771)\n3,952,285\n(주)샘표아이에스피\n1,028,432\n100.0%\n1,028,432\n-\n-\n1,028,432\n조치원식품(주)\n1,050,344\n96.3%\n1,011,831\n-\n-\n1,011,831\n② 전기말\n(단위: 천원)\n구분\n순자산금액\n지분율(%)\n순자산지분금액\n투자제거차액\n미실현손익\n장부금액\n샘표식품(주)\n192,177,274\n49.4%\n94,933,199\n16,990,530\n-\n111,923,729\n양포식품(주)\n4,679,998\n87.5%\n4,094,998\n-\n(312,001)\n3,782,997\n(주)샘표아이에스피\n1,408,982\n100.0%\n1,408,982\n-\n-\n1,408,982\n(5) 당반기말 현재 종속기업투자주식 중 시장성 있는 주식의 공정가치는 다음과 같습니다.\n(단위: 천원)\n구분\n보유주식 수\n주당 시장가격\n공정가치\n샘표식품(주)\n\xa0 \xa0 \xa0 \xa0\xa0 2,255,842\xa0\n\xa0 \xa0 \xa0 \xa0 \xa0 \xa0 59,600\xa0\n134,448,183\n12. 유형자산(1) 당반기말과 전기말 현재 유형자산의 구성내역은 다음과 같습니다.\n(단위: 천원)\n구분\n당반기말\n전기말\n취득원가\n감가상각누계액\n장부금액\n취득원가\n감가상각누계액\n장부금액\n토지\n10,151,559\n-\n10,151,559\n10,151,559\n-\n10,151,559\n건물\n307,769\n(139,778)\n167,991\n307,769\n(135,931)\n171,838\n구축물\n12,400\n(12,399)\n1\n12,400\n(12,399)\n1\n합계\n10,471,728\n(152,177)\n10,319,551\n10,471,728\n(148,330)\n10,323,398\n(2) 당반기와 전기 중 유형자산 변동 내역은 다음과 같습니다.\n① 당반기\n(단위: 천원)\n구분\n기초장부금액\n취득액\n처분액\n감가상각비\n기말장부금액\n토지\n10,151,559\n-\n-\n-\n10,151,559\n건물\n171,838\n-\n-\n(3,847)\n167,991\n구축물\n1\n-\n-\n-\n1\n합계\n10,323,398\n-\n-\n(3,847)\n10,319,551\n② 전기\n(단위: 천원)\n구분\n기초장부금액\n취득액\n처분액\n감가상각비\n기말장부금액\n토지\n10,151,559\n-\n-\n-\n10,151,559\n건물\n179,532\n-\n-\n(7,694)\n171,838\n구축물\n670\n-\n-\n(669)\n1\n합계\n10,331,761\n-\n-\n(8,363)\n10,323,398\n13. 투자부동산\n(1) 당반기말과 전기말 현재 투자부동산의 구성내역은 다음과 같습니다.\n(단위: 천원)\n구분\n당반기말\n전기말\n취득원가\n감가상각누계액\n장부금액\n취득원가\n감가상각누계액\n장부금액\n토지\n9,029,800\n-\n9,029,800\n9,029,800\n-\n9,029,800\n건물\n1,834,247\n(946,086)\n888,162\n1,834,247\n(927,895)\n906,352\n구축물\n68,623\n(58,615)\n10,008\n68,623\n(57,717)\n10,906\n합계\n10,932,670\n(1,004,701)\n9,927,970\n10,932,670\n(985,612)\n9,947,058\n(2) 당반기와 전기 중 투자부동산 변동 내역은 다음과 같습니다.\n① 당반기\n(단위: 천원)\n구분\n기초장부금액\n취득액\n처분액\n감가상각비\n기말장부금액\n토지\n9,029,800\n-\n-\n-\n9,029,800\n건물\n906,352\n-\n-\n(18,191)\n888,162\n구축물\n10,906\n-\n-\n(898)\n10,008\n합계\n9,947,058\n-\n-\n(19,089)\n9,927,970\n② 전기\n(단위: 천원)\n구분\n기초장부금액\n취득액\n처분액\n감가상각비\n기말장부금액\n토지\n9,029,800\n-\n-\n-\n9,029,800\n건물\n942,734\n-\n-\n(36,382)\n906,352\n구축물\n12,702\n-\n-\n(1,796)\n10,906\n합계\n9,985,236\n-\n-\n(38,178)\n9,947,058\n(3) 당반기와 전반기 중 투자부동산과 관련하여 손익으로 인식한 임대수익은 다음과 같습니다.\n(단위: 천원)\n구분\n당반기\n전반기\n임대수익\n84,000\n84,000\n(4) 당반기말과 전기말 현재 투자부동산의 공정가치와 장부금액는 다음과 같습니다.\n(단위: 천원)\n구분\n당반기말\n전기말\n공정가치\n장부금액\n공정가치\n장부금액\n토지\n31,987,446\n9,029,800\n29,663,177\n9,029,800\n건물\n888,162\n906,352\n구축물\n10,008\n10,906\n합계\n31,987,446\n9,927,970\n29,663,177\n9,947,058\n14. 무형자산\n(1) 당반기말과 전기말 현재 무형자산의 구성내역은 다음과 같습니다.\n(단위: 천원)\n구분\n당반기말\n전기말\n취득원가\n상각누계액\n장부금액\n취득원가\n상각누계액\n장부금액\n산업재산권\n277,401\n(233,253)\n44,149\n277,401\n(223,400)\n54,001\n(2)\xa0당반기와 전기 중 현재 무형자산의 변동내용은 다음과 같습니다.\n① 당반기\n(단위: 천원)\n구분\n기초장부금액\n취득액\n상각비\n기말장부금액\n산업재산권\n54,001\n-\n(9,852)\n44,149\n② 전기\n(단위: 천원)\n구분\n기초장부금액\n취득액\n상각비\n기말장부금액\n산업재산권\n63,932\n13,695\n(23,625)\n54,001\n15. 기타유동채무당반기말과 전기말 현재 기타유동채무의 구성내역은 다음과 같습니다.\n(단위: 천원)\n구분\n당반기말\n전기말\n미지급금\n79,297\n79,602\n16. 기타유동부채당반기말과 전기말 현재 기타유동부채의 구성내역은 다음과 같습니다.\xa0\n(단위: 천원)\n구분\n당반기말\n전기말\n미지급배당금\n204,088\n203,914\n당기법인세부채\n35,509\n279,170\n미지급비용\n26,810\n34,106\n합계\n266,407\n517,190\n17. 순확정급여부채(1)\xa0당반기말과 전기말 현재 순확정급여부채와 관련하여 확정급여제도의 부채로 인식된 내역은 다음과 같습니다.\n(단위: 천원)\n구분\n당반기말\n전기말\n확정급여채무의 현재가치\n544,192\n482,022\n사외적립자산의 공정가치\n(475,110)\n(470,653)\n합계\n69,082\n11,369\n(2) 당반기와 전반기 중 손익계산서의 손익으로 인식된 비용은 다음과 같습니다.\n(단위: 천원)\n구분\n당반기\n전반기\n총근무원가\n61,269\n59,346\n이자비용\n901\n3,527\n사외적립자산의 기대수익\n(4,458)\n(2,866)\n종업원급여에 포함된 비용\n57,712\n60,007\n(3)\xa0당반기와 전반기 중 총\xa0비용을 포함하고 있는 계정과목과 금액은 다음의 내역과 같습니다.\xa0\n(단위: 천원)\n구분\n당반기\n전반기\n영업비용\n57,712\n60,007\n\xa0(4) 당반기와 전기 중 확정급여채무의 변동내역은 다음과 같습니다.\xa0\xa0\n(단위: 천원)\n구분\n당반기\n전기\n기초금액\n482,022\n372,775\n\xa0\xa0 당기근무원가\n61,269\n118,691\n\xa0\xa0 이자비용\n901\n7,055\n\xa0\xa0 확정급여제도의 재측정요소 이익(손실)\n-\n(16,498)\n기말금액\n544,192\n482,022\n(5) 당반기와 전기 중 사외적립자산의 공정가치의 변동내역은 다음과 같습니다.\n(단위: 천원)\n구분\n당반기\n전기\n기초금액\n470,653\n354,829\n\xa0\xa0 사외적립자산의 기대수익\n4,458\n7,889\n\xa0\xa0 사업주 부담금 및 사업주 부담 퇴직급여 지급액\n-\n112,000\n\xa0\xa0 확정급여제도의 재측정요소 이익(손실)\n-\n(1,826)\n\xa0\xa0 운영관리수수료\n-\n(2,239)\n기말금액\n475,110\n470,653\n18. 기타비유동부채당반기말과\xa0전기말 현재 기타비유동부채의 구성내역은 다음과 같습니다.\n(단위: 천원)\n구분\n당반기말\n전기말\n임대보증금\n160,000\n160,000\n19. 자본금 및 자본잉여금\n(1) 당반기말과 전기말 현재 자본금은 다음과 같습니다.\n(단위: 천원)\n구분\n당반기말\n전기말\n수권주식수\n50,000,000 주\n50,000,000 주\n전액납입된 보통주식수\n2,875,800 주\n2,875,800 주\n주당액면금액\n1,000 원\n1,000 원\n자본금\n2,875,800\n2,875,800\n(2) 당반기말과 전기말 현재 자본잉여금은 다음과 같습니다.\xa0\n(단위: 천원)\n구분\n당반기말\n전기말\n재평가적립금\xa0(*1)\n91,042,847\n91,042,847\n기타자본잉여금\n4,400,955\n26,900,955\n합계\n95,443,802\n117,943,803\n(*1) 당사는 과거 자산재평가법에 의한 자산재평가를 실시하였으며, 이에 따른 재평가차익을 재평가적립금으로 계상하고 있습니다. 동 재평가적립금은 현금배당의 재원으로 사용될 수 없으며, 자본전입 또는 결손보전을 위해서만 사용될 수 있습니다.\xa0\n20. 이익잉여금\xa0 \xa0 \xa0 \xa0 \xa0 \xa0 \xa0 \xa0 \xa0 \xa0 당반기말과 전기말 현재 이익잉여금의 구성내역은 다음과 같습니다.\xa0\n(단위: 천원)\n구분\n당반기말\n전기말\n법정적립금\n\xa0\xa0 이익준비금 (*1)\n2,222,000\n2,222,000\n임의적립금\n\xa0\xa0 재무구조개선적립금\n2,965,000\n2,965,000\n\xa0\xa0 임의적립금\n137,267,608\n97,267,608\n\xa0\xa0 재평가적립금 (*2)\xa0\n21,032,837\n21,032,837\n미처분이익잉여금\n6,944,369\n18,023,369\n합계\n170,431,814\n141,510,814\n(*1) 상법상의 규정에 따라 납입자본의 50%에 달할 때까지 매 결산기마다 금전에 의한 이익배당액의 10%이상을 이익준비금으로 적립하고 있습니다. 동 이익준비금은 현금배당의 재원으로 사용될 수 없으며, 자본전입 또는 결손보전을 위해서만 사용될 수 있습니다.\n(*2) 당사는 2011년 1월 1일 이후에 개시하는 연차 보고기간부터 한국채택국제회계기준을 도입하였으며 이에 따라 2010년 1월 1일을 재평가기준일로 하여 유형자산(토지)에 대하여 재평가를 실시하였습니다.\n21. 기타자본구성요소당반기말과 전기말 현재 기타자본구성요소의 구성내역은 다음과 같습니다.\n(단위: 천원)\n구분\n당반기말\n전기말\n기타포괄손익-공정가치 측정 금융자산평가이익\n3,322,877\n1,967,610\n지분법자본변동\n(13,569)\n(3,667)\n자기주식\n(16,328,285)\n(16,328,285)\n감자차손\n(69,466,900)\n(69,466,900)\n합계\n(82,485,878)\n(83,831,241)\n22. 영업수익\n당반기와 전반기 중 영업수익의 구성내역은 다음과 같습니다.\xa0\xa0\xa0 \xa0\n(단위: 천원)\n구분\n당반기\n전반기\n3개월\n누적\n3개월\n누적\n지분법수익\n963,758\n5,879,390\n5,826,588\n10,651,181\n브랜드수익\n352,878\n706,251\n327,311\n637,676\n임대수익\n42,000\n84,000\n42,000\n84,000\n배당금수익\n-\n166,005\n-\n66,402\n합계\n1,358,636\n6,835,646\n6,195,899\n11,439,259\n23. 영업비용당반기와\xa0전반기 중 영업비용의 구성내역은 다음과 같습니다.\xa0\n(단위: 천원)\n구분\n당반기\n전반기\n3개월\n누적\n3개월\n누적\n급여\n163,913\n326,863\n163,200\n325,900\n퇴직급여\n30,787\n61,533\n31,914\n63,786\n복리후생비\n10,034\n19,777\n9,752\n19,433\n통신비\n3,138\n6,249\n1,969\n4,026\n세금과공과\n6,012\n14,079\n331\n15,466\n지급임차료\n4,510\n9,020\n4,510\n9,020\n감가상각비\n11,468\n22,936\n11,635\n23,270\n보험료\n541\n1,076\n524\n1,049\n지급수수료\n70,854\n219,307\n76,679\n173,069\n무형자산상각비\n4,926\n9,852\n5,836\n11,459\n도서인쇄비\n-\n3,548\n-\n2,618\n기타\n1,280\n1,323\n222\n354\n합계\n307,463\n695,563\n306,572\n649,450\n24. 비용의 성격별 분류당반기와 전반기 중 비용의 성격별 분류는 다음과 같습니다.\n(단위: 천원)\n구분\n당반기\n전반기\n3개월\n누적\n3개월\n누적\n종업원급여\n194,701\n388,397\n195,114\n389,686\n감가상각비및무형자산상각비\n16,394\n32,788\n17,471\n34,729\n지급임차료\n4,510\n9,020\n4,510\n9,020\n여비교통비\n28\n56\n23\n135\n기타\n91,830\n265,303\n89,455\n215,880\n합계\n307,463\n695,563\n306,572\n649,450\n25. 금융수익과 금융비용당반기와 전반기 중 금융수익과 금융비용의 구성내역은 다음과 같습니다.\n(단위: 천원)\n구분\n계정과목명\n당반기\n전반기\n3개월\n누적\n3개월\n누적\n금융수익\n이자수익\n102,948\n207,000\n163,376\n345,597\n기타포괄-공정가치 측정 금융자산 처분이익\n-\n856,205\n-\n-\n외환차익\n17,215\n53,917\n24,485\n49,020\n외화환산이익\n(22,925)\n84,000\n(97,140)\n145,860\n소계\n97,238\n1,201,122\n90,721\n540,477\n금융비용\n기타의손실상각비\n(2,100)\n25,200\n(13,140)\n25,740\n외환차손\n-\n-\n2,336\n2,336\n외화환산손실\n48\n48\n7,588\n8,404\n소계\n(2,052)\n25,248\n(3,216)\n36,480\n합계\n99,290\n1,175,874\n93,937\n503,997\n26. 기타수익당반기와 전반기 중 기타수익의 구성내역은 다음과 같습니다.\n\xa0(단위: 천원)\n구분\n당반기\n전반기\n3개월\n누적\n3개월\n누적\n잡이익\n32\n135\n32\n11,770\n27. 법인세비용\n당반기와 전반기 중 법인세비용은 구성내역은 다음과 같습니다.\n(단위: 천원)\n구분\n당반기\n전반기\n3개월\n누적\n3개월\n누적\n법인세비용차감전순이익\n1,150,494\n7,316,092\n5,983,296\n11,305,576\n법인세비용\n128,480\n451,570\n(1,222,853)\n497,675\n평균유효세율\n11.17%\n6.17%\n-\n4.40%\n28. 특수관계자(1) 당반기말과 전기말 현재 당사의 주요 특수관계자 현황은 다음과 같습니다.\n구분\n당반기말\n전기말\n종속기업\n샘표식품(주)\n샘표식품(주)\n양포식품(주)\n양포식품(주)\n(주)샘표아이에스피\n(주)샘표아이에스피\nSEMPIO FOOD SERVICES\xa0 INC.\nSEMPIO FOOD SERVICES\xa0 INC.\n선부(상해)상무유한공사\n선부(상해)상무유한공사\n조치원식품(주)\n-\n기타특수관계자\n통도물류(주)\n조치원식품(주)\n성도물류(주)\n통도물류(주)\n(주)누리팩\n성도물류(주)\n(주)명진포장\n(주)누리팩\n-\n(주)명진포장\n(2) 당반기와 전반기 중 특수관계자와의 거래 내역은 다음과 같습니다. ① 당반기\n(단위: 천원)\n구분\n회사명\n매출\n기타이익\n용역/서비스비용\n임차료\n자금회수\n자산거래\n종속기업\n샘표식품(주)\n668,191\n451,168\n148,070\n9,020\n-\n(500,000)\n(주)샘표아이에스피\n38,060\n500,000\n-\n-\n-\n-\nSEMPIO FOOD SERVICES\xa0 INC.\n-\n23,489\n-\n-\n761,600\n-\n선부(상해)상무유한공사\n-\n7,307\n-\n-\n-\n-\n합계\n706,251\n981,964\n148,070\n9,020\n761,600\n(500,000)\n② 전반기\xa0\n(단위: 천원)\n구분\n회사명\n매출\n기타이익\n용역/서비스비용\n임차료\n자금회수\n자산거래\n종속기업\n샘표식품(주)\n598,444\n451,168\n108,443\n9,020\n-\n-\n(주)샘표아이에스피\n39,233\n500,000\n-\n-\n-\n-\nSEMPIO FOOD SERVICES\xa0 INC.\n-\n43,752\n-\n-\n405,230\n-\n선부(상해)상무유한공사\n-\n8,052\n-\n-\n-\n-\n합계\n637,676\n1,002,973\n108,443\n9,020\n405,230\n-\n(3) 당반기말과 전기말 현재 특수관계자에 대한 채권ㆍ채무 내역은 다음과 같습니다.① 당반기말\n(단위: 천원)\n구분\n회사명\n채권\n채무\n미수금\n대여금\n미지급금\n종속기업\n샘표식품(주)\n121,594\n-\n23,654\n(주)샘표아이에스피\n6,786\n-\n-\nSEMPIO FOOD SERVICES INC.\n-\n1,582,000\n-\n선부(상해)상무유한공사 (*1)\n-\n678,000\n-\n합계\n128,380\n2,260,000\n23,654\n(*1) 상기 대여금에 대하여 손실충당금 678,000천원이 계상되어 있습니다.\n② 전기말\n(단위: 천원)\n구분\n회사명\n채권\n채무\n미수금\n장기대여금\n미지급금\n종속기업\n샘표식품(주)\n126,375\n-\n24,247\n(주)샘표아이에스피\n6,719\n-\n-\nSEMPIO FOOD SERVICES INC.\n-\n2,284,800\n-\n선부(상해)상무유한공사 (*1)\n-\n652,800\n-\n합계\n133,094\n2,937,600\n24,247\n(*1) 상기 대여금에 대하여 손실충당금 652,800천원이 계상되어 있습니다.\n(4) 당반기 및 전반기 중 특수관계자에게 지급 결의한 배당금은 278,606천원 및 278,606천원입니다. 또한, 당반기 및 전반기 중 특수관계자로부터 수령한 배당금은 951,168천원 및 951,168천원입니다.(5)\xa0당반기와 전기 중 특수관계자로부터의 대여거래 내역은 다음과 같습니다.\n(단위: 천원)\n구분\n당반기\n전기\n기초금액\n대여\n회수\n해외사업환산손익\n기말금액\n기초금액\n대여\n회수\n해외사업환산손익\n기말금액\nSEMPIO FOOD SERVICES INC.\n2,284,800\n-\n761,600\n58,800\n1,582,000\n4,052,300\n-\n1,620,920\n(146,580)\n2,284,800\n선부(상해)상무유한공사\n652,800\n-\n-\n25,200\n678,000\n694,680\n-\n-\n(41,880)\n652,800\n합계\n2,937,600\n-\n761,600\n84,000\n2,260,000\n4,746,980\n-\n1,620,920\n(188,460)\n2,937,600\n(6)\xa0당반기와 전반기 중\xa0특수관계자로부터의 차입거래 내역은 없습니다.(7) 주석 29에서 기술되어 있는 바와 같이 당사는 종속기업인 양포식품(주)의 채무와 관련하여 창동 토지 및 건물을 담보로 제공하였습니다.\n(8) 당반기와 전반기 중 주요 경영진에 대한 보상내역은 다음과 같습니다.\xa0\n(단위: 천원)\n구분\n당반기\n전반기\n단기급여\n295,047\n295,550\n퇴직급여\n57,712\n60,007\n합계\n352,760\n355,557\n주요 경영진에는 이사(상임, 비상임 포함), 감사 및 기업 활동의 계획, 운영, 통제에 대한 중요한 권한과 책임을 가진 주요 임원을 포함하였습니다.(9) 당사는 종속기업 중 일부 회사에 대하여 \'샘표\'브랜드 사용에 대하여 매출액의 일정비율을 브랜드 사용료로 수령하는 계약을 체결하고 있습니다.\n29. 담보제공자산당반기말\xa0및 전기말\xa0현재 당사 및 종속회사의 채무를 위하여 담보로 제공되어 있는 자산의 내역은 다음과 같습니다.\n① 당반기말\n(단위: 천원)\n담보제공 자산\n장부금액\n담보설정금액\n담보제공차입금액\n차입금종류\n담보권자\n창동 토지 및 건물\n9,927,970\n3,600,000\n1,297,000\n종속회사 채무담보\n한국산업은행\n②전기말\n(단위: 천원)\n담보제공 자산\n장부금액\n담보설정금액\n담보제공차입금액\n차입금종류\n담보권자\n창동 토지 및 건물\n9,947,059\n3,600,000\n875,000\n종속회사 채무담보\n한국산업은행\n30. 우발부채와 약정사항(1) 당반기말 현재 당사가 금융기관과 체결한 한도거래 약정 내역은 다음과 같습니다\n(단위: 천원)\n금융기관\n약정내용\n당반기말\n실행금액\n한도금액\n산업은행\n일반한도대출\n-\n500,000\n(2) 기타약정사항당반기말 현재 당사는 샘표식품(주)와 상표제공, 물적자산사용, 용역에 관한 계약을 체결하고 있습니다. 또한, 지급이 예상되는 금액을 부채로 계상하였습니다.\n31. 주당이익당반기와 전반기 중 기본주당순이익의 계산내역은 다음과 같습니다.\n(단위: 천원,주)\n구분\n당반기\n전반기\n3개월\n누적\n3개월\n누적\n반기순이익\n1,022,014\n6,864,522\n7,206,149\n10,807,901\n가중평균보통유통주식수\n2,217,613주\n2,217,613주\n2,217,613주\n2,217,613주\n계속영업 기본주당순이익(원)\n461\n3,095\n3,250\n4,874\n당사는 잠재적 희석증권이 없으므로 희석주당손익은 산정하지 아니하였습니다.\n32. 현금흐름표\n(1) 영업활동현금흐름 중 당기순이익조정을 위한 조정사항은 다음과 같습니다.\xa0\n(단위: 천원)\n구분\n당반기\n전반기\n퇴직급여\n62,170\n60,007\n감가상각비\n3,847\n4,181\n무형자산상각비\n9,852\n11,459\n투자부동산감가상각비\n19,089\n19,089\n기타의손실상각비\n25,200\n25,740\n외화환산손실\n48\n8,404\n이자수익\n(207,000)\n(345,597)\n배당금수익\n(166,005)\n(66,402)\n외화환산이익\n(84,000)\n(145,860)\n지분법이익\n(5,879,390)\n(10,651,181)\n법인세비용\n451,570\n497,675\n기타포괄-공정가치 측정 금융자산 처분이익\n(856,205)\n-\n합계\n(6,620,824)\n(10,582,485)\n(2) 영업활동현금흐름 중 순운전자본의 변동사항은 다음과 같습니다.\n(단위: 천원)\n구분\n당반기\n전반기\n미수금의 감소(증가)\n4,725\n(29,485)\n선급비용의 감소(증가)\n1,076\n1,049\n미지급금의 증가(감소)\n7,935\n4,836\n미지급비용의 증가(감소)\n(15,537)\n(12,000)\n퇴직운용자산의 증가(감소)\n(4,458)\n-\n합계\n(6,258)\n(35,600)\n(3) 당반기와 전반기 중 현금의 유입ㆍ유출이 없는 거래 중 주요 거래는 다음과 같습니다.\n(단위: 천원)\n구분\n당반기\n전반기\n기타포괄손익-공정가치 측정 금융자산 평가로 인한 증감\n(1,737,521)\n489,194\n장기대여금 유동성 대체\n1,498,400\n-\n합계\n(239,121)\n489,194\n33. 위험관리\n(1) 위험관리의 개요당사는 금융상품을 운용함에 따라 신용위험, 유동성위험, 이자율위험 및 기타 가격 위험에 노출되어 있습니다. 본 주석은 상기 위험에 대한 당사의 노출정도 및 이와 관련하여 당사가 수행하고 있는 자본관리와 위험관리의 목적, 정책 및 절차와 위험 측정방법 등에 대한 질적 공시사항과 양적 공시사항을 포함하고 있습니다.\n(2) 위험관리 개념체계당사의 위험관리는 당사의 재무적 성과에 영향을 미치는 잠재적 위험을 식별하여\xa0\xa0 당사가 허용가능한 수준으로 감소, 제거 및 회피하는 것을 그 목적으로 하고 있습니다. 당사는 전사적인 수준의 위험관리 정책 및 절차를 마련하여 운영하고 있으며,\xa0\xa0 당사의 재무부문에서 위험관리에 대한 총괄책임을 담당하고 있습니다.\xa0 당사의 재무부문은 영업과 관련한 금융위험을 감시하고 관리하는 역할을 하고 있으며, 각 부서와의 긴밀한 공조와 투자기관 및 금융기관 등에서 제공하는 시장정보 등을 이용하여 주기적으로 모니터링, 평가 및 관리를 통해 시장위험에 대비하고 있습니다. 또한 우리회사의 내부감사인은 위험 관리 정책 및 절차의 준수 여부와 위험노출 한도를 지속적으로 검토하고 있습니다.\n(3) 금융위험관리① 신용위험관리당사는 금융상품의 당사자 중 일방이 의무를 이행하지 않아 상대방에게 재무손실을 입힐 신용위험에 노출되어 있습니다. 당사의 경영진은 신용위험을 관리하기 위하여 신용도가 일정 수준 이상인 거래처와 거래하고 있으며, 금융자산의 신용보강을 위한 정책과 절차를 마련하여 운영하고 있습니다. 당사는 신규 거래처와 계약시 공개된 재무정보와 신용평가기관에 의하여 제공된 정보 등을 이용하여 거래처의 신용도를 평가하고 이를 근거로 신용거래한도를 결정하고 있으며, 담보 또는 지급보증을 제공받고 있습니다. 또한, 당사는 주기적으로 거래처의 신용도를 재평가하여 신용거래한도를 재검토하고담보수준을 재조정하고 있으며, 회수가 지연되는 금융자산에 대하여는 분기 단위로 회수지연 현황 및 회수대책을 보고하고 있으며 지연사유에 따라 적절한 조치를 취하고 있습니다.\n금융자산의 장부금액은 신용위험에 대한 최대노출정도를 표시하고 있습니다. 당반기말과 전기말 현재 당사의 신용위험에 대한 최대 노출정도는 다음과 같습니다.\n(단위: 천원)\n구분\n당반기말\n전기말\n현금및현금성자산\n806,904\n1,567,699\n기타유동채권\n159,180\n163,905\n미수수익\n163,209\n291,791\n단기금융상품\n35,500,000\n34,600,000\n유동성장기대여금\n1,582,000\n1,523,200\n장기대여금\n-\n761,600\n합계\n38,211,293\n38,908,195\n한편, 당사는 우리, 산업, 국민은행 등의 금융회사에 현금및현금성자산 및 단기금융상품을 예치하고 있으며, 신용등급이 우수한 금융기관과 거래하고 있으므로 금융기관으로부터의 신용위험은 제한적입니다.\n당반기말과 전기말 현재 당사는 기대신용손실 모형이 적용되는 다음의 금융자산을 보유하고 있습니다.· 상각후원가로 측정하는 기타 금융자산상각후원가로 측정하는 기타 금융자산에는 미수금, 대여금 등이 포함됩니다. 당반기와 전기 중 상각후원가로 측정되는 기타 금융자산에 대한 손실충당금의 변동 내역은 다음과 같습니다.㉠ 당반기\n(단위: 천원)\n구분\n대여금\n기초 손실충당금\n652,800\n\xa0\xa0 당기손익에 인식된 손실충당금의 증가(감소)\n25,200\n기말 손실충당금\n678,000\n㉡ 전기\n(단위: 천원)\n구분\n장기대여금\n기초 손실충당금\n694,680\n\xa0\xa0 당기손익에 인식된 손실충당금의 증가(감소)\n(41,880)\n기말 손실충당금\n652,800\n상각후원가로 측정하는 기타 금융자산은 모두 신용위험이 낮은 것으로 판단되며, 따라서 손실충당금은 12개월 기대신용손실로 인식하였습니다. 경영진은 적어도 한 개 이상의 주요 신용평가기관에서 투자 등급인 신용등급을 받은 상장 회사채의 경우 \'신용위험이 낮은\' 것으로 간주합니다.\xa0 그 외 금융상품은 채무불이행 위험이 낮고 단기간 내에 계약상 현금흐름을 지급할 수 있는 발행자의 충분한 능력이 있는 경우 신용위험이 낮은 것으로 간주합니다.\n② 유동성위험관리당사의 경영진은 유동성위험을 관리하기 위하여 단기 및 중장기 자금관리계획을 수립하고 현금유출예산과 실제현금유출액을 지속적으로 분석ㆍ검토하여 금융부채와 금융자산의 만기구조를 대응시키고 있습니다. 당사의 경영진은 영업활동현금흐름과 금융자산의 현금유입으로 금융부채를 상환가능하다고 판단하고 있습니다.\n당반기말과 전기말 현재 금융부채의 만기 및 상환일정은 다음과 같습니다.\n(단위: 천원)\n구분\n장부금액\n잔존계약만기\n1년 미만\n1 ~ 5년\n5년 이상\n합계\n당반기말:\n기타유동채무\n79,297\n79,297\n-\n-\n79,297\n미지급비용\n26,810\n26,810\n-\n-\n26,810\n기타비유동부채\n160,000\n-\n160,000\n-\n160,000\n합계\n266,107\n106,107\n160,000\n-\n266,107\n전기말:\n기타유동채무\n79,602\n79,602\n-\n-\n79,602\n미지급비용\n34,106\n34,106\n-\n-\n34,106\n기타비유동부채\n160,000\n-\n160,000\n-\n160,000\n합계\n273,708\n113,708\n160,000\n-\n273,708\n상기 금융부채의 잔존만기별 현금흐름은 할인되지 아니한 명목금액으로서 지급을 요구받을 수 있는 기간 중 가장 이른 일자를 기준으로 작성되었습니다.③ 이자율위험관리당사는 보고 기말 현재 차입금이 없어, 관련 이자율변동 위험에 노출되어 있지 않습니다.\xa0\n④ 주가변동위험당사는 유동성관리 및 영업상의 필요로 상장 및 비상장주식을 포함하는 지분 증권에투자하고 있습니다. 당반기말과 전기말 현재 당사의 시장성 있는 지분증권투자 (비상장회사, 종속회사, 관계회사 제외)의 공정가액 및 시장성 있는 지분증권의 가격이 1% 변동하였을 때, 기타포괄손익(세후)의 변동금액은 다음과 같습니다.\xa0\n(단위: 천원)\n구분\n당반기말\n전기말\n시장성 있는 지분증권 장부금액\n9,895,208\n8,157,687\n주가변동위험\n77,183\n63,630\n⑤ 외환관리㉠ 당반기말과 전기말 현재 외화자산 및 외화부채의 내역은 다음과 같습니다.\n\xa0(단위: 천원)\n구분\n당반기말\n전기말\n외화자산\n외화부채\n외화자산\n외화부채\nUSD\n1,582,000\n-\n3,368,829\n-\n㉡\xa0당반기말과 전기말\xa0현재\xa0다른 모든 변수가 일정하고 외화에 대한 원화의 환율이\xa0 10% 변동하였을 경우, 환율변동이 당기순손익(세전)에 미치는 영향의 상세내역은 다음과 같습니다.\n\xa0(단위: 천원)\n구분\n당반기말\n전기말\n외화자산\n외화부채\n외화자산\n외화부채\n10% 상승시\n10% 하락시\n10% 상승시\n10% 하락시\n10% 상승시\n10% 하락시\n10% 상승시\n10% 하락시\nUSD\n158,200\n(158,200)\n-\n-\n336,883\n(336,883)\n-\n-\n(4) 자본관리당사의 자본관리는 건전한 자본구조의 유지를 통한 주주이익 극대화를 목적으로 하고 있으며, 자본관리의 일환으로 안정적인 배당을 시행하고 있습니다.\xa0당사의 자본구조는 차입금에서 현금및현금성자산 등을 차감한 순부채와 자본으로 구성되며, 전반적인 자본관리 정책은 전기와 동일합니다.\xa0\n(단위: 천원)\n구분\n당반기말\n전기말\n차입금 총계\n-\n-\n\xa0 차감:\xa0\n\xa0\xa0 현금및현금성자산\n806,904\n1,567,699\n\xa0\xa0 단기금융상품\n35,500,000\n34,600,000\n순차입금\n(36,306,904)\n(36,167,699)\n자본총계\n186,265,539\n178,499,175\n순차입금/자본 비율\n-\n-\n(5) 금융상품의 공정가치당사는 공정가치로 측정되는 금융상품에 대하여 공정가치 측정에 사용된 투입변수에따라 다음과 같은 공정가치 서열체계로 분류하고 있습니다.\n구분\n투입변수의 유의성\n수준 1\n동일한 자산이나 부채에 대한 활성시장의 공시가격\n수준 2\n직접적으로 또는 간접적으로 관측가능한, 자산이나 부채에 대한 투입변수\n수준 3\n관측가능한 시장자료에 기초하지 않은, 자산이나 부채에 대한 투입변수\n활성시장에서 거래되는 금융상품의 공정가치는 보고기간말 현재 고시되는 시장가격에 기초하여 산정됩니다. 거래소, 판매자, 중개인, 산업집단, 평가기관 또는 감독기관을 통해 공시가격이 용이하게 그리고 정기적으로 이용가능하고, 그러한 가격이 독립된 당사자 사이에서 정기적으로 발생한 실제 시장거래를 나타낸다면, 이를 활성시장으로 간주하며 \'수준 1\'에 포함됩니다.\n당사는 활성시장에서 거래되지 아니하는 금융상품의 공정가치에 대하여 평가기법을 사용하여 결정하고 있습니다. 당사는 다양한 평가기법을 활용하고 있으며 보고기간말에 현재 시장 상황에 근거하여 가정을 수립하고 있습니다. 이러한 평가기법은 가능한 관측가능한 시장정보를 최대한 사용하고 기업특유정보를 최소한으로 사용합니다.이때, 해당상품의 공정가치 측정에 요구되는 모든 유의적인 투입변수가 관측가능하다면 해당상품은 \'수준 2\'에 포함됩니다.만약 하나 이상의 유의적인 투입변수가 관측가능한 시장정보에 기초한 것이 아니라면 해당 상품은 \'수준 3\'에 포함됩니다.\n당반기말과 전기말 현재 금융상품의 수준별 공정가치 측정치는 다음과 같으며, 당반기와 전기 중 공정가치 서열체계의 각 수준간 이동은 없습니다\n(단위: 천원)\n구분\n수준 1\n수준 2\n수준 3\n합계\n당반기말 :\n기타포괄손익-공정가치 측정 금융자산\n9,895,208\n-\n121,090\n10,016,298\n전기말 :\n기타포괄손익-공정가치 측정 금융자산\n8,157,687\n-\n121,090\n8,278,777\n장부금액이 공정가치의 합리적인 근사치에 해당하여 공정가치를 측정하지 않은 금융자산과 금융부채에 대한 공정가치는 포함하고 있지 않습니다. 당사가 관측가능한 시장자료에 기초하지 않은 투입변수를 이용하여 금융상품의 공정가치를 평가하는 경우, 동 평가기법에 의해 산출된 공정가치와 거래가격이 다르다면 금융상품의 공정가치는 거래가격으로 인식합니다. 이 때 평가기법에 의해 산출된 공정가치와 거래가격의 차이는 즉시 손익으로 인식하지 않고 이연하여 인식하며, 동 차이는 금융상품의 거래기간 동안 정액법으로 상각하고, 평가기법의 요소가 시장에서 관측가능해지는 경우 이연되고 있는 잔액을 즉시 손익으로 모두 인식합니다.\n기타포괄손익-공정가치 측정 금융자산 중 장부금액이 공정가치의 합리적인 근사치에 해당하는 경우 장부금액으로 평가하고 있으며, 당반기말과 전기말 현재 당사가 보유하고 있는 기타포괄손익-공정가치\xa0측정 금융자산 중\xa0이에 해당하는 금액은 각각\xa0 2,497,500천원 및 846,702천원 입니다.\n(6) 가치평가기법 및 투입변수\n(단위: 천원)\n구분\n공정가치\n수준\n가치평가기법\n투입변수\n기타포괄손익-공정가치 측정 금융자산\n\xa0\xa0 (주)제이티비씨\n121,090\n3\n현금흐름할인모형\n성장율, 할인율 등\n34. 범주별 금융상품\n(1) 당반기말과 전기말 현재 금융자산의 분류내역은 다음과 같습니다. 상각후원가로 측정하는 금융자산의 공정가치는 장부가액과 유사합니다.① 당반기말\n(단위: 천원)\n구분\n기타포괄손익-공정가치 측정 금융자산\n상각후원가로 측정하는 금융자산\n합계\n공정가치\n현금및현금성자산\n-\n806,904\n806,904\n806,904\n기타유동채권\n-\n159,180\n159,180\n159,180\n미수수익\n-\n163,209\n163,209\n163,209\n단기금융상품\n-\n35,500,000\n35,500,000\n35,500,000\n유동성장기대여금\n-\n1,582,000\n1,582,000\n1,582,000\n기타포괄손익-공정가치 측정 금융자산\n12,513,798\n-\n12,513,798\n12,513,798\n합계\n12,513,798\n38,211,293\n50,725,091\n50,725,091\n② 전기말\n(단위: 천원)\n구분\n기타포괄손익-공정가치 측정 금융자산\n상각후원가로 측정하는 금융자산\n합계\n공정가치\n현금및현금성자산\n-\n1,567,699\n1,567,699\n1,567,699\n기타유동채권\n-\n163,905\n163,905\n163,905\n미수수익\n-\n291,791\n291,791\n291,791\n단기금융상품\n-\n34,600,000\n34,600,000\n34,600,000\n유동성장기대여금\n-\n1,523,200\n1,523,200\n1,523,200\n장기대여금\n-\n761,600\n761,600\n761,600\n기타포괄손익-공정가치 측정 금융자산\n9,125,479\n-\n9,125,479\n9,125,479\n합계\n9,125,479\n38,908,195\n48,033,674\n48,033,674\n(2) 당반기말과 전기말 현재 금융부채의 분류내역은 다음과 같습니다. 상각후원가로 측정하는 금융부채의 공정가치는 장부가액과 유사합니다.① 당반기말\n(단위: 천원)\n구분\n상각후원가로 측정하는 금융부채\n공정가치\n기타유동채무\n79,297\n79,297\n미지급비용\n26,810\n26,810\n임대보증금\n160,000\n160,000\n합계\n266,107\n266,107\n② 전기말\n(단위: 천원)\n구분\n상각후원가로측정하는 금융부채\n공정가치\n기타유동채무\n79,602\n79,602\n미지급비용\n34,106\n34,106\n임대보증금\n160,000\n160,000\n합계\n273,708\n273,708\n(3) 당반기와 전반기 중 금융상품 범주별 순손익은 다음과 같습니다.\n① 당반기\n(단위: 천원)\n구분\n금융자산\n상각후원가로 측정하는 금융자산\n기타포괄손익-공정가치 측정 금융자산\n배당금수익\n-\n166,005\n이자수익\n207,000\n-\n기타포괄-공정가치 측정 금융자산 처분이익\n-\n856,205\n외환차익\n53,917\n-\n외화환산이익\n84,000\n-\n손실충당금환입(상각비)\n(25,200)\n-\n외환차손\n-\n-\n외화환산손실\n(48)\n-\n기타포괄손익-공정가치 측정 금융자산평가손실(이익)(법인세차감전)\n-\n1,737,521\n합계\n319,669\n2,759,731\n② 전반기\n(단위: 천원)\n구분\n금융자산\n상각후원가로 측정하는 금융자산\n기타포괄손익-공정가치 측정 금융자산\n배당금수익\n-\n66,402\n이자수익\n345,597\n-\n당기손익-공정가치 측정 금융자산처분이익\n-\n-\n외환차익\n49,020\n-\n외화환산이익\n145,860\n-\n손실충당금환입(상각비)\n(25,740)\n-\n외환차손\n(2,336)\n-\n외화환산손실\n(8,404)\n-\n기타포괄손익-공정가치 측정 금융자산평가손실(이익)(법인세차감전)\n-\n(489,194)\n합계\n503,997\n(422,792)\n6. 배당에 관한 사항\n\xa0\xa0\xa0우리회사는 정관에 의거 주주총회 및 이사회 결의를 통해 배당을 실시하고 있으며, 배당가능이익 범위 내에서 현금흐름, 경영환경 등을 고려하여 적정수준의 배당률을 결정하고 있습니다.\xa0 지주회사로서 자회사 관리 및 투자 등에 중점을 둘 예정이며, 배당은 향후에도 안정적으로 계속 실시할 예정입니다. \xa0가. 배당 관련 정관 규정\xa0\xa0 1) 이익 배당(정관 제41조)\n\xa0 \xa0 ① 이익의 배당은 금전과 주식으로 할 수\xa0있다.\xa0 \xa0\xa0② 이익의 배당을 주식으로 하는 경우 회사가 수종의 주식을 발행한 때에는 주주총회의 결의로 그와 다른 종류의 주식으로도 할 수 있다.\xa0 \xa0 ③ 제1항의 배당은 제12조 제1항에서 정한 날 현재의 주주명부에 기재된 주주 또는 등록된 질권자에게 지급한다.\xa0\xa0 2)\xa0배당금 지급 청구권의 소멸시효(정관 제42조)\n\xa0 \xa0 ① 배당금의 지급 청구권은 5년간 이를 행사하지 아니하면 소멸시효가 완성된다.\xa0 \xa0 ② 제1항의 시효의 완성으로 인한 배당금은 본 회사에 귀속한다.\n\xa0나. 최근 3사업연도 배당에 관한 사항\n주요배당지표\n구\xa0\xa0 분\n주식의 종류\n당기\n전기\n전전기\n제51기 반기\n제50기\n제49기\n주당액면가액(원)\n1,000\n1,000\n1,000\n(연결)당기순이익(백만원)\n12,621\n35,272\n24,722\n(별도)당기순이익(백만원)\n6,865\n17,921\n11,246\n(연결)주당순이익(원)\n5,691\n15,906\n11,148\n현금배당금총액(백만원)\n-\n444\n444\n주식배당금총액(백만원)\n-\n-\n-\n(연결)현금배당성향(%)\n-\n1.3\n1.8\n현금배당수익률(%)\n보통주\n-\n\xa00.41\n0.49\n우선주\n-\n-\n-\n주식배당수익률(%)\n보통주\n-\n-\n-\n우선주\n-\n-\n-\n주당 현금배당금(원)\n보통주*\n-\n200\n200\n우선주\n-\n-\n-\n주당 주식배당(주)\n보통주\n-\n-\n-\n우선주\n-\n-\n-\n다. 과거 배당 이력\n과거 배당 이력\n(단위: 회, %)\n연속 배당횟수\n평균 배당수익률\n분기(중간)배당\n결산배당\n최근 3년간\n최근 5년간\n0\n50\n0.50\n0.54\n* 회사는 설립 후 매 기(제1기 ~ 제50기) 결산배당을 했습니다. ** 상기 평균배당수익률은 최근 3년(제50기 ~ 제48기), 최근 5년(제50기 ~ 제46기) 배당수익률의 단순평균입니다.\n7. 증권의 발행을 통한 자금조달에 관한 사항\n7-1. 증권의 발행을 통한 자금조달 실적\n[지분증권의 발행 등과 관련된 사항]\n증자(감자)현황\n(기준일 :\xa0\n2021년 06월 30일\n)\n(단위 : 원, 주)\n주식발행(감소)일자\n발행(감소)형태\n발행(감소)한 주식의 내용\n종류\n수량\n주당액면가액\n주당발행(감소)가액\n비고\n-\n-\n-\n-\n-\n-\n-\n-\n-\n-\n-\n-\n-\n-\n[채무증권의 발행 등과 관련된 사항]\n채무증권 발행실적\n(기준일 :\xa0\n2021년 06월 30일\n)\n(단위 : 원, %)\n발행회사\n증권종류\n발행방법\n발행일자\n권면(전자등록)총액\n이자율\n평가등급(평가기관)\n만기일\n상환여부\n주관회사\n-\n-\n-\n-\n-\n-\n-\n-\n-\n-\n합\xa0 계\n-\n-\n-\n-\n-\n-\n-\n-\n-\n기업어음증권 미상환 잔액\n(기준일 :\xa0\n2021년 06월 30일\n)\n(단위 : 원)\n잔여만기\n10일 이하\n10일초과30일이하\n30일초과90일이하\n90일초과180일이하\n180일초과1년이하\n1년초과2년이하\n2년초과3년이하\n3년 초과\n합 계\n미상환 잔액\n공모\n-\n-\n-\n-\n-\n-\n-\n-\n-\n사모\n-\n-\n-\n-\n-\n-\n-\n-\n-\n합계\n-\n-\n-\n-\n-\n-\n-\n-\n-\n단기사채 미상환 잔액\n(기준일 :\xa0\n2021년 06월 30일\n)\n(단위 : 원)\n잔여만기\n10일 이하\n10일초과30일이하\n30일초과90일이하\n90일초과180일이하\n180일초과1년이하\n합 계\n발행 한도\n잔여 한도\n미상환 잔액\n공모\n-\n-\n-\n-\n-\n-\n-\n-\n사모\n-\n-\n-\n-\n-\n-\n-\n-\n합계\n-\n-\n-\n-\n-\n-\n-\n-\n회사채 미상환 잔액\n(기준일 :\xa0\n2021년 06월 30일\n)\n(단위 : 원)\n잔여만기\n1년 이하\n1년초과2년이하\n2년초과3년이하\n3년초과4년이하\n4년초과5년이하\n5년초과10년이하\n10년초과\n합 계\n미상환 잔액\n공모\n-\n-\n-\n-\n-\n-\n-\n-\n사모\n-\n-\n-\n-\n-\n-\n-\n-\n합계\n-\n-\n-\n-\n-\n-\n-\n-\n신종자본증권 미상환 잔액\n(기준일 :\xa0\n2021년 06월 30일\n)\n(단위 : 원)\n잔여만기\n1년 이하\n1년초과5년이하\n5년초과10년이하\n10년초과15년이하\n15년초과20년이하\n20년초과30년이하\n30년초과\n합 계\n미상환 잔액\n공모\n-\n-\n-\n-\n-\n-\n-\n-\n사모\n-\n-\n-\n-\n-\n-\n-\n-\n합계\n-\n-\n-\n-\n-\n-\n-\n-\n조건부자본증권 미상환 잔액\n(기준일 :\xa0\n2021년 06월 30일\n)\n(단위 : 원)\n잔여만기\n1년 이하\n1년초과2년이하\n2년초과3년이하\n3년초과4년이하\n4년초과5년이하\n5년초과10년이하\n10년초과20년이하\n20년초과30년이하\n30년초과\n합 계\n미상환 잔액\n공모\n-\n-\n-\n-\n-\n-\n-\n-\n-\n-\n사모\n-\n-\n-\n-\n-\n-\n-\n-\n-\n-\n합계\n-\n-\n-\n-\n-\n-\n-\n-\n-\n-\n7-2. 증권의 발행을 통해 조달된 자금의 사용실적\n해당 사항 없음\n8. 기타 재무에 관한 사항\n가.\xa0대손충당금 설정현황1) 계정과목별 대손충당금 설정내역\xa0 \xa0 \xa0 \xa0\n\xa0 \xa0 \xa0 \xa0 \xa0 \xa0 \xa0 \xa0 \xa0 \xa0 \xa0 \xa0 \xa0 \xa0 \xa0 \xa0 \xa0 \xa0 \xa0 \xa0 \xa0 \xa0 \xa0 \xa0 \xa0 \xa0 \xa0 \xa0 \xa0 \xa0 \xa0 \xa0 \xa0 \xa0 \xa0 \xa0\xa0 \xa0 \xa0 \xa0 \xa0 \xa0 \xa0 \xa0 \xa0 \xa0 \xa0 \xa0 \xa0 \xa0 (단위 : 천원, %)\n구\xa0 \xa0 분\n계정과목\n채권 총액\n대손충당금\n대손충당금 설정율\n제50기 반기\n매출채권\n37,105,020\n883,371\n2.4%\n대여금\n-\n-\n-\n미수금\n107,712\n7,229\n6.7%\n합\xa0\xa0 계\n37,212,732\n890,601\n2.4%\n제50기\n매출채권\n39,202,297\n882,259\n2.3%\n대여금\n-\n-\n-\n미수금\n96,950\n7,236\n7.5%\n합\xa0\xa0 계\n39,299,246\n889,495\n2.3%\n제49기\n매출채권\n30,603,208\n837,918\n2.7%\n대여금\n180,000\n180,000\n100.0%\n미수금\n126,906\n7,578\n6.0%\n합\xa0\xa0 계\n30,910,114\n1,025,496\n3.3%\n2) 최근 3사업연도의 대손충당금 변동 현황\n\xa0 \xa0 \xa0 \xa0 \xa0 \xa0 \xa0 \xa0 \xa0 \xa0 \xa0 \xa0 \xa0 \xa0 \xa0 \xa0 \xa0 \xa0 \xa0 \xa0 \xa0 \xa0 \xa0 \xa0 \xa0 \xa0 \xa0 \xa0 \xa0 \xa0 \xa0 \xa0 \xa0 \xa0 \xa0 \xa0 \xa0 \xa0 \xa0 \xa0 \xa0 \xa0 \xa0 \xa0 \xa0 \xa0\xa0 (단위 : 천원)\n구\xa0 \xa0 분\n제51기 반기\n제50기\n제49기\n1. 기초 대손충당금 잔액 합계\n890,083\n1,025,496\n4,518,799\n2. 순대손처리액(①-②±③)\n(1,530)\n183,183\n3,623,673\n\xa0① 대손처리액(상각채권액)\n-\n-\n3,746,534\n\xa0② 상각채권회수액\n-\n-\n-\n\xa0③ 기타증감액\n(1,530)\n183,183\n(122,860)\n3. 대손상각비 계상(환입)액\n(1,012)\n47,182\n130,370\n4. 연결실체 변동\n-\n-\n-\n5. 분할로 인한 변동\n-\n-\n-\n6. 기말 대손충당금 잔액 합계\n890,601\n889,495\n1,025,496\n3)\xa0 매출채권관련 대손충당금 설정방침가) 대손충당금 설정방침\n연결실체는 개별채권에 대하여 손상사건이 발생했다는 객관적인 증거가 있는경우개별분석을 통하여 회수금액을 파악하고 회수가능액과 장부가액의 차이를 손상차손으로 인식\n나) 대손처리 기준매출채권 등에 대해 아래와 같은 사유 발생시\xa0 대손 처리함- 파산, 부도, 강제집행, 사업의 폐지, 채무자의 사망, 실종 등으로 인해 회수 불능이 객관적으로 입증되는 경우- 소송에 패소하였거나 법적 청구권이 소멸한 경우- 외부 채권회수 전문기관이 회수가 불가능하다고 통지한 경우- 기타 법인세법시행령 제62조 1항에서 규정하는 사유 발생시\n4) 제51기\xa0반기\xa0현재\xa0경과기관별 매출채권 및 기타채권 잔액 현황\n\xa0 \xa0 \xa0 \xa0 \xa0 \xa0\xa0 \xa0 \xa0 \xa0 \xa0 \xa0 \xa0 \xa0 \xa0 \xa0 \xa0 \xa0 \xa0 \xa0 \xa0 \xa0 \xa0 \xa0 \xa0 \xa0 \xa0 \xa0 \xa0 \xa0 \xa0 \xa0 \xa0\xa0(단위 : 천원, %)\n구\xa0\xa0 분\n6월 이하\n6월 초과 1년 이하\n1년 초과\n계\n금 액\n36,284,172\n42,472\n886,088\n37,212,732\n구성비율\n97.5%\n0.1%\n2.4%\n100.0%\n나. 재고자산 현황(연결기준)\n1) 최근 3사업연도의 재고자산의 사업부문별 보유현황\n\xa0 \xa0 \xa0 \xa0 \xa0 \xa0 \xa0 \xa0 \xa0 \xa0 \xa0 \xa0 \xa0 \xa0 \xa0 \xa0 \xa0 \xa0 \xa0 \xa0 \xa0 \xa0 \xa0 \xa0 \xa0 \xa0 \xa0 \xa0 \xa0 \xa0 \xa0 \xa0 \xa0 \xa0 \xa0 \xa0 \xa0 \xa0 \xa0 \xa0 \xa0 \xa0 \xa0 \xa0 \xa0 \xa0 \xa0 \xa0 \xa0 \xa0 \xa0 \xa0 \xa0 \xa0 \xa0 \xa0 \xa0 \xa0 \xa0 \xa0 \xa0 \xa0 \xa0 \xa0 (단위:천원)\n사업부문\n계정과목\n제51기 반기\n제50기\n제49기\n식품제조\n상품\n22,011,033\n12,555,436\n9,256,575\n제품\n11,468,565\n13,234,188\n11,250,289\n재공품\n10,495,421\n10,898,527\n9,346,949\n원재료\n9,355,809\n7,778,089\n6,551,738\n저장품\n118,173\n69,958\n54,535\n합계\n53,449,001\n44,536,198\n36,460,086\n총자산대비 재고자산 구성비율(%)[재고자산÷기말자산총계 x 100]\n13.0%\n11.7%\n10.8%\n재고자산회전율(회수)[(연환산 매출원가÷{(기초재고 + 기말재고)÷2}]\n4.1 회\n4.3 회\n4.1 회\n2) 재고자산의 실사내용가)실사일자\n\xa0\xa0 매년 12월 말을 기준으로 정기 재고조사 실시\n나) 재고실사시 전문가의 참여 또는 감사인의 입회여부 등\xa0\xa0 외부감사인\xa0 소속 공인회계사의 입회하에 실시\n다) 장기체화재고 등 내역\xa0\xa0재고자산의 시가가 취득원가보다 하락한 경우에는 저가법을 사용하여 재고 자산의 대차대조표가액을 결정하고 있으며,\xa0당반기말\xa0현재 재고자산에 대한 평가내역은 다음과 같습니다.\xa0 \xa0 \xa0 \xa0\xa0 \xa0 \xa0 \xa0 \xa0 \xa0 \xa0 \xa0 \xa0 \xa0 \xa0 \xa0 \xa0 \xa0 \xa0 \xa0 \xa0 \xa0 \xa0 \xa0 \xa0 \xa0 \xa0 \xa0 \xa0 \xa0 \xa0 \xa0 \xa0 \xa0 \xa0 \xa0 \xa0 \xa0 \xa0 \xa0 \xa0 \xa0 \xa0 \xa0 \xa0 \xa0 \xa0 \xa0 \xa0 \xa0 \xa0 \xa0 \xa0 \xa0 \xa0(단위:천원)\n계정과목\n취득원가\n보유금액\n평가충당\n기말잔액\n비\xa0 고\n상\xa0 \xa0\xa0 품\n22,126,489\n22,126,489\n(115,456)\n22,011,033\n-\n제\xa0 \xa0\xa0 품\n11,915,545\n11,915,545\n(446,980)\n11,468,565\n-\n재 공 품\n10,495,421\n10,495,421\n-\n10,495,421\n-\n원 재 료\n9,355,809\n9,355,809\n-\n9,355,809\n-\n저 장 품\n118,173\n118,173\n-\n118,173\n-\n합\xa0 \xa0\xa0 계\n54,011,438\n54,011,438\n(562,437)\n53,449,002\n-\n다. 공정가치평가 내역1) 공정가치평가 절차 요약\n가) 금융자산\n1) 분류\xa0\n2018년 1월 1일부터 연결회사는 다음의 측정 범주로 금융자산을 분류합니다.\n- 당기손익-공정가치 측정 금융자산\n- 기타포괄손익-공정가치 금융자산\n- 상각후원가 측정 금융자산\n금융자산은 금융자산의 관리를 위한 사업모형과 금융자산의 계약상 현금흐름 특성에근거하여 분류합니다.\n공정가치로 측정하는 금융자산의 손익은 당기손익 또는 기타포괄손익으로 인식합니다. 채무상품에 대한 투자는 해당 자산을 보유하는 사업모형에 따라 그 평가손익을 당기손익 또는 기타포괄손익으로 인식합니다. 연결회사는 금융자산을 관리하는 사업모형을 변경하는 경우에만 채무상품을 재분류합니다.\xa0\n단기매매항목이 아닌 지분상품에 대한 투자는 최초 인식시점에 후속적인 공정가치 변동을 기타포괄손익으로 표시할 것을 지정하는 취소불가능한 선택을 할 수 있습니다. 지정되지 않은 지분상품에 대한 투자의 공정가치 변동은 당기손익으로 인식합니다.\n2) 측정\n연결회사는 최초 인식시점에 금융자산을 공정가치로 측정하며, 당기손익-공정가치 측정 금융자산이 아닌 경우에 해당 금융자산의 취득과 직접 관련되는 거래원가는 공정가치에 가산합니다. 당기손익-공정가치 측정 금융자산의 거래원가는 당기손익으로 비용처리합니다.\xa0\n내재파생상품을 포함하는 복합계약은 계약상 현금흐름이 원금과 이자로만 구성되어 있는지를 결정할 때 해당 복합계약 전체를 고려합니다.\n① 채무상품\n금융자산의 후속적인 측정은 금융자산의 계약상 현금흐름 특성과 그 금융자산을 관리하는 사업모형에 근거합니다. 연결회사는 채무상품을 다음의 세 범주로 분류합니다.(가) 상각후원가 측정 금융자산계약상 현금흐름을 수취하기 위해 보유하는 것이 목적인 사업모형 하에서 금융자산을 보유하고, 계약상 현금흐름이 원리금만으로 구성되어 있는 자산은 상각후원가로 측정합니다. 상각후원가로 측정하는 금융자산으로서 위험회피관계의 적용 대상이 아닌 금융자산의 손익은 해당 금융자산을 제거하거나 손상할 때 당기손익으로 인식합니다. 유효이자율법에 따라 인식하는 금융자산의 이자수익은 \'금융수익\'에 포함됩니다.\n(나) 기타포괄손익-공정가치 측정 금융자산계약상 현금흐름의 수취와 금융자산의 매도 둘 다를 통해 목적을 이루는 사업모형 하에서 금융자산을 보유하고, 계약상 현금흐름이 원리금만으로 구성되어 있는 금융자산은 기타포괄손익-공정가치로 측정합니다. 손상차손(환입)과 이자수익 및 외환손익을 제외하고는, 공정가치로 측정하는 금융자산의 평가손익은 기타포괄손익으로 인식합니다. 금융자산을 제거할 때에는 인식한 기타포괄손익누계액을 자본에서 당기손익으로 재분류합니다. 유효이자율법에 따라 인식하는 금융자산의 이자수익은\xa0 \'금융수익\'에 포함됩니다. 외환손익은 \'금융수익 또는 금융원가\'으로 표시하고 손상차손은 \'기타손실\'으로 표시합니다.(다) 당기손익-공정가치 측정 금융자산상각후원가 측정이나 기타포괄손익-공정가치 측정 금융자산이 아닌 채무상품은 당기손익-공정가치로 측정됩니다. 위험회피관계가 적용되지 않는 당기손익-공정가치 측정 채무상품의 손익은 당기손익으로 인식하고 발생한 기간에 손익계산서에 \'기타이익 또는 기타손실\'으로 표시합니다.\xa0\n② 지분상품\n연결회사는 모든 지분상품에 대한 투자를 후속적으로 공정가치로 측정합니다. 공정가치 변동을 기타포괄손익으로 표시할 것을 선택한 장기적 투자목적 또는 전략적 투자목적의 지분상품에 대해 기타포괄손익으로 인식한 금액은 해당 지분상품을 제거할때에도 당기손익으로 재분류하지 않습니다. 이러한 지분상품에 대한 배당수익은 연결회사가 배당을 받을 권리가 확정된 때 \'금융수익\'으로 당기손익으로 인식합니다.\n당기손익-공정가치로 측정하는 금융자산의 공정가치 변동은 손익계산서에 \'금융수익 또는 금융원가\'으로 표시합니다.\xa0 기타포괄손익-공정가치로 측정하는 지분상품에대한 손상차손(환입)은 별도로 구분하여 인식하지 않습니다.\xa0\n3) 손상\xa0\n연결회사는 미래전망정보에 근거하여 상각후원가로 측정하거나 기타포괄손익-공정가치로 측정하는 채무상품에 대한 기대신용손실을 평가합니다. 손상 방식은 신용위험의 유의적인 증가 여부에 따라 결정됩니다. 단, 매출채권 및 리스채권에 대해 연결회사는 채권의 최초 인식시점부터 전체기간 기대신용손실을 인식하는 간편법을 적용합니다.\n4) 인식과 제거\n금융자산의 정형화된 매입 또는 매도는 매매일에 인식하거나 제거합니다. 금융자산은 현금흐름에 대한 계약상 권리가 소멸하거나 금융자산을 양도하고 소유에 따른 위험과 보상의 대부분을 이전한 경우에 제거됩니다.\n연결회사가 금융자산을 양도한 경우라도 채무자의 채무불이행시의 소구권 등으로 양도한 금융자산의 소유에 따른 위험과 보상의 대부분을 연결회사가 보유하는 경우에는 이를 제거하지 않고 그 양도자산 전체를 계속하여 인식하되, 수취한 대가를 금융부채로 인식합니다. 해당 금융부채는 연결재무상태표에 \'차입금\'으로 분류하고 있습니다.\xa0\n5) 금융상품의 상계금융자산과 부채는 인식한 자산과 부채에 대해 법적으로 집행가능한 상계권리를 현재 보유하고 있고, 순액으로 결제하거나 자산을 실현하는 동시에 부채를 결제할 의도를 가지고 있을 때 상계하여 재무상태표에 순액으로 표시합니다. 법적으로 집행가능한 상계권리는 미래사건에 좌우되지 않으며, 정상적인 사업과정의 경우와 채무불이행의 경우 및 지급불능이나 파산의 경우에도 집행가능한 것을 의미합니다.\n나) 금융부채\n1)\xa0 분류 및 측정\n연결회사의 당기손익-공정가치 측정 금융부채는 단기매매목적의 금융상품입니다. 주로 단기간 내에 재매입할 목적으로 부담하는 금융부채는 단기매매금융부채로 분류됩니다. 또한, 위험회피회계의 수단으로 지정되지 않은 파생상품이나 금융상품으로부터 분리된 내재파생상품도 단기매매금융부채로 분류됩니다.\n당기손익-공정가치 측정 금융부채, 금융보증계약, 금융자산의 양도가 제거조건을 충족하지 못하는 경우에 발생하는 금융부채를 제외한 모든 비파생금융부채는 상각후원가로 측정하는 금융부채로 분류되고 있으며, 재무상태표 상 ""매입채무"", ""차입금"" 및 ""기타금융부채"" 등으로 표시됩니다. \n특정일에 의무적으로 상환해야 하는 우선주는 부채로 분류됩니다. 이러한 우선주에 대한 유효이자율법에 따른 이자비용은 다른 금융부채에서 인식한 이자비용과 함께 포괄손익계산서 상 ""금융원가""로 인식됩니다.\n2)\xa0 제거\n금융부채는 계약상 의무가 이행, 취소 또는 만료되어 소멸되거나 기존 금융부채의 조건이 실질적으로 변경된 경우에 재무상태표에서 제거됩니다. 소멸하거나 제3자에게 양도한 금융부채의 장부금액과 지급한 대가(양도한 비현금자산이나 부담한 부채를 포함)의 차액은 당기손익으로 인식합니다.\n다)\xa0 파생상품\n파생상품은 최초 인식시 계약일의 공정가치로 측정하며, 후속적으로 매 보고기간 말의 공정가치로 측정하고 있습니다. 파생상품의 공정가치 변동으로 인한 평가손익은 각각 아래와 같이 인식하고 있습니다.\n1) 위험회피회계연결회사는 환율위험을 회피하기 위하여 통화선도, 통화스왑 등의 파생상품계약을 체결하고 있습니다. 회피대상위험으로 인한 자산 또는 부채, 확정계약의 공정가치의 변동(공정가치위험회피), 발생가능성이 매우 높은 예상거래 또는 확정거래의 환율변동위험(현금흐름위험회피)을 회피하기 위하여 일부 파생상품을 위험회피수단으로 지정하고 있습니다.\n연결회사는 위험회피관계의 개시시점에 위험회피관계, 위험관리목적과 위험회피전략을 공식적으로 지정하고 문서화를 수행하고 있습니다. 또한 이 문서에는 위험회피수단, 위험회피대상항목 및 위험회피관계의 개시시점과 그 후속기간에 회피대상위험으로 인한 위험회피대상항목의 공정가치 또는 현금흐름의 변동을 위험회피수단이 상쇄하는 효과를 평가하는 방법 등을 포함하고 있습니다.① 공정가치위험회피위험회피수단으로 지정되고, 공정가치위험회피회계의 적용요건을 충족한 파생상품의 공정가치 변동은 당기손익으로 인식하고 있으며, 회피대상위험으로 인한 위험회피대상항목의 공정가치변동도 당기손익으로 인식하고 있습니다. 위험회피수단의 공정가치변동과 회피대상위험으로 인한 위험회피대상항목의 공정가치변동은 위험회피대상항목과 관련된 포괄손익계산서의 같은 항목에 인식됩니다. 공정가치위험회피회계는 연결회사가 더 이상 위험회피관계를 지정하지 않거나 위험회피수단이 소멸, 매각,청산 또는 행사되거나 공정가치 위험회피회계의 적용요건을 더 이상 충족하지 않을 경우 중단됩니다. 회피대상위험으로 인한 위험회피대상항목의 장부금액 조정액은 위험회피회계가 중단된 날부터 상각하여 당기손익으로 인식하고 있습니다.\n② 현금흐름위험회피위험회피수단으로 지정되고 현금흐름위험회피회계의 적용요건을 충족한 파생상품의 공정가치변동분 중 위험회피에 효과적인 부분은 자본으로 처리하며, 위험회피에 비효과적인 부분은 당기손익으로 인식하고 있습니다. 현금흐름위험회피회계는 연결회사가 더 이상 위험회피관계를 지정하지 않거나 위험회피수단이 소멸, 매각, 청산, 행사되거나, 현금흐름위험회피회계의 적용요건을 더 이상 충족하지 않을 경우 중단됩니다. 현금흐름위험회피회계의 중단시점에서 자본으로 인식한 파생상품의 누적평가손익은 향후 예상거래가 발생하는 보고기간에 걸쳐 당기손익으로 인식하고 있습니다. 다만, 예상거래가 더 이상 발생하지 않을 것이라 예상되는 경우에는 자본으로 인식한파생상품의 누적평가손익은 즉시 당기손익으로 인식하고 있습니다.\n라) 범주별 금융상품\n(1) 당반기말과 전기말 현재 금융자산의 분류내역은 다음과 같습니다.\xa0 \xa0\n①\xa0당반기말\n(단위: 천원)\n구분\n기타포괄손익-공정가치 측정 금융자산\n상각후원가로  측정하는 금융자산\n합\xa0 계\n공정가치\n현금및현금성자산\n-\n41,013,690\n41,013,690\n41,013,690\n매출채권 및 기타채권\n-\n36,322,132\n36,322,132\n36,322,132\n미수수익\n-\n329,120\n329,120\n329,120\n단기금융상품\n-\n58,800,000\n58,800,000\n58,800,000\n장기금융상품\n-\n2,000\n2,000\n2,000\n기타포괄손익-공정가치 측정 금융자산\n13,692,346\n-\n13,692,346\n13,692,346\n기타비유동자산\n-\n8,564,575\n8,564,575\n8,564,575\n합계\n13,692,346\n145,031,517\n158,723,863\n158,723,863\n② 전기말\xa0\n(단위: 천원)\n구분\n기타포괄손익-공정가치 측정 금융자산\n상각후원가로  측정하는 금융자산\n합계\n공정가치\n현금및현금성자산\n-\n31,541,013\n31,541,013\n31,541,013\n매출채권 및 기타유동채권\n-\n38,409,751\n38,409,751\n38,409,751\n미수수익\n-\n351,847\n351,847\n351,847\n단기금융상품\n-\n57,700,000\n57,700,000\n57,700,000\n장기금융상품\n-\n302,000\n302,000\n302,000\n기타포괄손익-공정가치 측정 금융자산\n9,229,861\n-\n9,229,861\n9,229,861\n기타비유동자산\n-\n8,596,204\n8,596,204\n8,596,204\n합\xa0 계\n9,229,861\n136,900,815\n146,130,676\n146,130,676\n(2) 당반기말과 전기말 현재 금융부채의 분류내역은 다음과 같습니다.\n①\xa0당반기말\n\xa0 \xa0 \xa0 (단위: 천원)\n구분\n상각후원가로측정하는 금융부채\n공정가치\n매입채무 및 기타유동채무\n40,048,758\n40,048,758\n단기차입금\n8,784,211\n8,784,211\n미지급비용\n5,716,218\n5,716,218\n유동리스부채\n3,067,323\n(*1)\n장기차입금\n21,725,000\n21,725,000\n비유동리스부채\n5,520,076\n(*1)\n임대보증금\n160,000\n160,000\n합계\n85,021,586\n76,434,187\n(*1) 리스부채는 기준서 제1107호에 따라 공정가치 공시에서 제외하였습니다.\n② 전기말\n\xa0 \xa0 \xa0 (단위: 천원)\n구분\n상각후원가로 측정하는 금융부채\n공정가치\n매입채무 및 기타유동채무\n34,371,460\n34,371,460\n단기차입금\n788,443\n788,443\n미지급비용\n8,145,206\n8,145,206\n유동리스부채\n3,313,225\n(*1)\n장기차입금\n10,875,000\n10,875,000\n비유동리스부채\n6,871,122\n(*1)\n임대보증금\n160,000\n160,000\n합계\n64,524,456\n54,340,109\n(*1) 리스부채는 기준서 제1107호에 따라 공정가치 공시에서 제외하였습니다.\n(3) 당반기와 전반기 중 금융상품 범주별 순손익은 다음과 같습니다.\n① 당반기\n\xa0 \xa0 \xa0 (단위: 천원)\n구분\n금융자산\n금융부채\n상각후원가로 측정하는 금융자산\n기타포괄손익-공정가치측정 금융자산\n상각후원가금융부채\n배당금수익\n-\n174,854\n-\n이자수익\n460,276\n-\n-\n기타포괄손익-공정가치 측정 금융자산 처분이익\n-\n856,205\n외화환산이익\n973,219\n-\n-\n외환차익\n959,934\n-\n-\n손실충당금환입(상각비)\n424\n-\n-\n이자비용\n-\n-\n(223,000)\n외화환산손실\n(78,515)\n-\n(74)\n외환차손\n(902,601)\n-\n(69,555)\n기타포괄손익-공정가치 측정 금융자산평가이익(법인세차감전)\n-\n1,737,521\n-\n합계\n1,412,737\n2,768,580\n(292,630)\n② 전반기\n\xa0 \xa0 \xa0 (단위: 천원)\n구분\n금융자산\n금융부채\n상각후원가로 측정하는 금융자산\n기타포괄손익-공정가치측정 금융자산\n상각후원가금융부채\n배당금수익\n-\n73,152\n-\n이자수익\n604,679\n-\n-\n외화환산이익\n93,803\n-\n-\n외환차익\n1,700,868\n-\n54\n손실충당금환입(상각비)\n(10,323)\n-\n-\n이자비용\n-\n-\n(271,828)\n외화환산손실\n(159,189)\n-\n(79,939)\n외환차손\n(762,019)\n-\n(1,543)\n기타포괄손익-공정가치 측정 금융자산평가이익(법인세차감전)\n-\n(489,194)\n-\n합계\n1,467,818\n(416,041)\n(353,256)\n']"
