text
"['\nIII. 재무에 관한 사항\n1. 요약재무정보\n가. 요약재무정보(연결)\n(단위 : 원)\n구 분\n제22기(2022년 12월말)\n제21기(2021년 12월말)\n제20기(2020년 12월말)\n[유동자산]\n2,869,204,337,962\n2,824,596,943,409\n2,271,911,180,276\n\xa0ㆍ현금및현금성자산\n246,601,872,201\n193,322,494,623\n270,611,646,570\n\xa0ㆍ매출채권및기타채권\n946,305,964,946\n813,312,466,895\n726,348,835,133\n\xa0ㆍ재고자산\n1,562,597,003,401\n1,522,554,507,929\n1,024,129,196,935\n\xa0ㆍ기타\n113,699,497,414\n295,407,473,962\n250,821,501,638\n[비유동자산]\n3,050,754,567,267\n2,713,177,355,244\n2,813,021,771,903\n\xa0ㆍ유형자산\n2,011,112,493,514\n2,019,642,609,503\n2,157,991,078,070\n\xa0ㆍ투자부동산\n140,049,180,283\n123,137,359,596\n132,425,395,637\n\xa0ㆍ무형자산\n54,791,285,096\n55,601,206,743\n62,562,649,483\n\xa0ㆍ사용권자산\n37,395,529,421\n36,232,416,783\n36,020,026,741\n\xa0ㆍ관계기업투자\n127,893,510,619\n37,189,720,919\n56,595,632,583\n\xa0ㆍ공동기업투자\n30,474,308,971\n6,035,577,538\n27,988,200,455\n\xa0ㆍ기타\n649,038,259,363\n435,338,464,162\n339,438,788,934\n자산총계\n5,919,958,905,229\n5,537,774,298,653\n5,084,932,952,179\n[유동부채]\n1,800,640,369,039\n1,737,456,748,701\n1,363,402,048,090\n[비유동부채]\n1,114,726,046,521\n937,523,760,277\n994,512,215,275\n부채총계\n2,915,366,415,560\n2,674,980,508,978\n2,357,914,263,365\n[지배기업의 소유주지분]\n2,069,597,227,487\n1,948,791,207,335\n1,857,834,318,159\n\xa0ㆍ자본금\n20,000,000,000\n20,000,000,000\n20,000,000,000\n\xa0ㆍ기타불입자본\n412,503,770,445\n421,488,788,415\n411,093,931,669\n\xa0ㆍ이익잉여금\n1,631,862,320,855\n1,510,459,587,291\n1,439,818,665,344\n\xa0ㆍ기타자본구성요소\n5,231,136,187\n(3,157,168,371)\n(13,078,278,854)\n[비지배지분]\n934,995,262,182\n914,002,582,340\n869,184,370,655\n자본총계\n3,004,592,489,669\n2,862,793,789,675\n2,727,018,688,814\n기간\n(2022.1.1 ~2022.12.31)\n(2021.1.1 ~2021.12.31)\n(2020.1.1 ~2020.12.31)\n매출액\n6,745,801,494,898\n6,005,522,183,889\n4,257,354,741,944\n영업이익\n196,126,337,931\n308,204,380,275\n13,075,575,150\n당기순이익\n156,073,095,388\n133,614,656,404\n(261,540,309,071)\n지배주주지분순이익\n123,324,103,013\n49,261,924,946\n(162,022,325,684)\n비지배주주지분순이익\n32,748,992,375\n84,352,731,458\n(99,517,983,387)\n총포괄이익\n176,149,851,289\n181,883,579,425\n(268,614,103,014)\n주당순이익\n31,597\n12,479\n(40,606)\n연결에 포함된 회사수\n35\n38\n36\n주1) 본요약재무정보는 한국채택국제회계기준(K-IFRS)에 의해 작성하였습니다.주2) 연결에 포함된 회사수는 당사인 (주)세아홀딩스를 제외한 회사수입니다.\n나. 요약재무정보(별도)\n(단위 : 원)\n구 분\n제22기(2022년 12월말)\n제21기(2021년 12월말)\n제20기(2020년 12월말)\n[유동자산]\n6,675,141,769\xa0\n118,712,734,131\xa0\n5,899,307,411\xa0\n\xa0ㆍ현금및현금성자산\n4,714,788,342\xa0\n3,665,524,596\xa0\n3,597,021,344\xa0\n\xa0ㆍ매출채권및기타채권\n1,597,546,579\xa0\n1,167,119,985\xa0\n1,171,213,391\xa0\n\xa0ㆍ기타\n362,806,848\xa0\n113,880,089,550\xa0\n1,131,072,676\xa0\n[비유동자산]\n1,122,719,982,462\xa0\n929,437,538,104\xa0\n1,101,045,965,625\xa0\n\xa0ㆍ유형자산\n490,830,381\xa0\n90,897,193\xa0\n188,594,830\xa0\n\xa0ㆍ투자부동산\n72,429,781,330\xa0\n81,870,241,526\xa0\n82,235,099,615\xa0\n\xa0ㆍ무형자산\n4,356,346,956\xa0\n4,369,492,626\xa0\n4,415,004,739\xa0\n\xa0ㆍ관계기업투자\n-\xa0\n254,000,000\xa0\n-\xa0\n\xa0ㆍ공동기업투자\n-\xa0\n-\xa0\n32,409,761,408\xa0\n\xa0ㆍ종속기업투자\n1,042,557,668,047\xa0\n841,557,668,047\xa0\n971,868,397,216\xa0\n\xa0ㆍ기타\n2,885,355,748\xa0\n1,295,238,712\xa0\n9,929,107,817\xa0\n자산총계\n1,129,395,124,231\xa0\n1,048,150,272,235\xa0\n1,106,945,273,036\xa0\n[유동부채]\n38,694,300,873\xa0\n11,136,248,787\xa0\n121,726,392,288\xa0\n[비유동부채]\n112,809,718,638\xa0\n115,071,348,914\xa0\n11,020,001,117\xa0\n부채총계\n151,504,019,511\xa0\n126,207,597,701\xa0\n132,746,393,405\xa0\n[자본금]\n20,000,000,000\xa0\n20,000,000,000\xa0\n20,000,000,000\xa0\n[기타불입자본]\n156,820,617,974\xa0\n158,221,519,174\xa0\n165,098,842,174\xa0\n[이익잉여금]\n801,070,486,746\xa0\n743,721,155,360\xa0\n787,253,817,069\xa0\n[기타자본구성요소]\n-\xa0\n-\xa0\n1,846,220,388\xa0\n자본총계\n977,891,104,720\xa0\n921,942,674,534\xa0\n974,198,879,631\xa0\n종속ㆍ관계ㆍ공동기업 투자주식의 평가방법\n원가법\n원가법\n원가법\n기간\n(2022.1.1 ~2022.12.31)\n(2021.1.1 ~2021.12.31)\n(2020.1.1 ~2020.12.31)\n매출액\n56,728,965,161\xa0\n53,192,790,832\xa0\n71,490,184,126\xa0\n영업이익(손실)\n39,633,584,565\xa0\n38,688,852,238\xa0\n56,028,721,452\xa0\n분기순이익(손실)\n68,005,570,825\xa0\n(37,825,092,147)\n28,649,948,727\xa0\n기본주당순이익(손실)\n17,424\xa0\n(9,582)\n7,180\xa0\n희석주당순이익(손실)\n17,424\xa0\n(9,582)\n7,180\xa0\n주1) 본요약재무정보는 한국채택국제회계기준(K-IFRS)에 의해 작성하였습니다.\n2. 연결재무제표\n연결 재무상태표\n제 22 기 \xa0 \xa0 \xa0 \xa0 \xa02022.12.31 현재\n제 21 기 \xa0 \xa0 \xa0 \xa0 \xa02021.12.31 현재\n제 20 기 \xa0 \xa0 \xa0 \xa0 \xa02020.12.31 현재\n(단위 : 원)\n\u3000\n제 22 기\n제 21 기\n제 20 기\n자산\n\u3000\n\u3000\n\u3000\n\u3000Ⅰ.유동자산\n2,869,204,337,962\n2,824,596,943,409\n2,271,911,180,276\n\u3000\u3000(1)현금및현금성자산\n246,601,872,201\n193,322,494,623\n270,611,646,570\n\u3000\u3000(2)매출채권 및 기타채권\n946,305,964,946\n813,312,466,895\n726,348,835,133\n\u3000\u3000(3)미청구공사\n13,983,800,535\n13,006,805,445\n10,844,131,249\n\u3000\u3000(4)기타유동금융자산\n69,402,267,387\n34,095,127,875\n207,783,781,725\n\u3000\u3000(5)기타유동자산\n29,356,849,993\n17,193,535,974\n26,323,139,294\n\u3000\u3000(6)당기법인세자산\n956,579,499\n2,029,889,210\n5,838,929,370\n\u3000\u3000(7)재고자산\n1,562,597,003,401\n1,522,554,507,929\n1,024,129,196,935\n\u3000\u3000(8)매각예정비유동자산\n0\n229,082,115,458\n31,520,000\n\u3000Ⅱ.비유동자산\n3,050,754,567,267\n2,713,177,355,244\n2,813,021,771,903\n\u3000\u3000(1)매출채권및기타채권\n13,653,032,356\n11,843,350,049\n25,327,624,319\n\u3000\u3000(2)기타금융자산\n526,184,906,261\n376,313,510,566\n247,027,958,617\n\u3000\u3000(3)유형자산\n2,011,112,493,514\n2,019,642,609,503\n2,157,991,078,070\n\u3000\u3000(4)투자부동산\n140,049,180,283\n123,137,359,596\n132,425,395,637\n\u3000\u3000(5)무형자산\n54,791,285,096\n55,601,206,743\n62,562,649,483\n\u3000\u3000(6)사용권자산\n37,395,529,421\n36,232,416,783\n36,020,026,741\n\u3000\u3000(7)관계기업투자\n127,893,510,619\n37,189,720,919\n56,595,632,583\n\u3000\u3000(8)공동기업투자\n30,474,308,971\n6,035,577,538\n27,988,200,455\n\u3000\u3000(9)이연법인세자산\n59,555,715,112\n38,024,472,604\n64,285,161,647\n\u3000\u3000(10)순확정급여자산\n47,513,910,909\n1,024,970,268\n773,593,494\n\u3000\u3000(11)기타비유동자산\n2,130,694,725\n8,132,160,675\n2,024,450,857\n\u3000자산총계\n5,919,958,905,229\n5,537,774,298,653\n5,084,932,952,179\n부채\n\u3000\n\u3000\n\u3000\n\u3000Ⅰ.유동부채\n1,800,640,369,039\n1,737,456,748,701\n1,363,402,048,090\n\u3000\u3000(1)매입채무및기타채무\n772,544,583,201\n767,335,262,407\n605,413,743,038\n\u3000\u3000(2)초과청구공사\n12,306,399,397\n7,034,290,906\n6,984,486,573\n\u3000\u3000(3)차입금\n875,572,047,428\n767,956,623,573\n649,998,008,243\n\u3000\u3000(4)기타금융부채\n39,169,755,548\n14,282,861,099\n69,353,970,650\n\u3000\u3000(5)당기법인세부채\n47,313,829,675\n31,544,586,143\n4,746,659,113\n\u3000\u3000(6)충당부채\n1,351,010,135\n1,897,123,430\n3,085,067,401\n\u3000\u3000(7)기타유동부채\n52,382,743,655\n28,725,428,075\n23,820,113,072\n\u3000\u3000(8)매각예정비유동부채\n0\n118,680,573,068\n0\n\u3000Ⅱ.비유동부채\n1,114,726,046,521\n937,523,760,277\n994,512,215,275\n\u3000\u3000(1)매입채무및기타채무\n15,487,009,590\n22,208,254,902\n18,801,127,784\n\u3000\u3000(2)차입금\n794,787,621,509\n649,903,726,257\n694,074,479,136\n\u3000\u3000(3)기타금융부채\n49,118,585,304\n46,448,362,140\n58,013,243,783\n\u3000\u3000(4)이연법인세부채\n183,361,641,513\n167,266,208,247\n160,015,908,232\n\u3000\u3000(5)충당부채\n65,999,351,920\n31,843,173,087\n32,911,472,943\n\u3000\u3000(6)퇴직급여부채\n1,316,087,089\n19,611,445,922\n30,415,997,171\n\u3000\u3000(7)기타비유동부채\n4,655,749,596\n242,589,722\n279,986,226\n\u3000부채총계\n2,915,366,415,560\n2,674,980,508,978\n2,357,914,263,365\n자본\n\u3000\n\u3000\n\u3000\n\u3000Ⅰ.지배기업의 소유주지분\n2,069,597,227,487\n1,948,791,207,335\n1,857,834,318,159\n\u3000\u3000(1)자본금\n20,000,000,000\n20,000,000,000\n20,000,000,000\n\u3000\u3000(2)기타불입자본\n412,503,770,445\n421,488,788,415\n411,093,931,669\n\u3000\u3000(3)이익잉여금\n1,631,862,320,855\n1,510,459,587,291\n1,439,818,665,344\n\u3000\u3000(4)기타자본구성요소\n5,231,136,187\n(3,157,168,371)\n(13,078,278,854)\n\u3000Ⅱ.비지배지분\n934,995,262,182\n914,002,582,340\n869,184,370,655\n\u3000자본총계\n3,004,592,489,669\n2,862,793,789,675\n2,727,018,688,814\n자본과부채총계\n5,919,958,905,229\n5,537,774,298,653\n5,084,932,952,179\n연결 포괄손익계산서\n제 22 기 2022.01.01 부터 2022.12.31 까지\n제 21 기 2021.01.01 부터 2021.12.31 까지\n제 20 기 2020.01.01 부터 2020.12.31 까지\n(단위 : 원)\n\u3000\n제 22 기\n제 21 기\n제 20 기\nⅠ.매출액\n6,745,801,494,898\n6,005,522,183,889\n4,257,354,741,944\nⅡ.매출원가\n6,304,940,033,856\n5,487,317,388,196\n4,062,722,475,260\nⅢ.매출총이익\n440,861,461,042\n518,204,795,693\n194,632,266,684\nⅣ.판매비와관리비\n244,735,123,111\n210,000,415,418\n181,556,691,534\nⅤ.영업이익(손실)\n196,126,337,931\n308,204,380,275\n13,075,575,150\nⅥ.기타수익\n49,357,655,695\n30,370,153,431\n23,225,672,018\nⅦ.기타비용\n22,641,992,756\n174,925,299,492\n330,192,933,703\nⅧ.금융수익\n168,317,632,265\n123,068,295,110\n81,278,844,186\nⅨ.금융비용\n213,345,161,013\n105,479,500,719\n113,414,026,870\nⅩ.지분법투자이익\n30,001,573,175\n11,942,981,203\n1,211,680,703\nXI.법인세비용차감전순이익(손실)\n207,816,045,297\n193,181,009,808\n(324,815,188,516)\nXⅡ.법인세비용(수익)\n51,742,949,909\n59,566,353,404\n(63,274,879,445)\nXⅢ.당기순이익(손실)\n156,073,095,388\n133,614,656,404\n(261,540,309,071)\nXIV.기타포괄손익\n20,076,755,901\n48,268,923,021\n(7,073,793,943)\n\u3000(1)당기손익으로 재분류되지 않는항목(세후기타포괄손익)\n8,703,031,107\n28,704,745,021\n3,494,114,643\n\u3000\u30001.확정급여제도의 재측정손익(세후기타포괄손익)\n16,098,574,410\n5,393,242,907\n459,831,429\n\u3000\u30002.지분법이익잉여금변동\n(245,457,041)\n148,412,943\n114,524,752\n\u3000\u30003.기타포괄손익-공정가치 금융상품 평가손익\n(7,150,086,262)\n23,163,089,171\n2,919,758,462\n\u3000(2)당기손익으로 재분류될 수 있는 항목(세후기타포괄손익)\n11,373,724,794\n19,564,178,000\n(10,567,908,586)\n\u3000\u30001.해외사업환산손익\n8,905,159,366\n16,617,197,367\n(9,304,177,633)\n\u3000\u30002.파생상품평가손익\n3,631,595,442\n2,600,179,371\n(1,013,236,754)\n\u3000\u30003.지분법자본변동\n(1,163,030,014)\n346,801,262\n(250,494,199)\nXV.총포괄이익(손실)\n176,149,851,289\n181,883,579,425\n(268,614,103,014)\nXVI.당기순이익(손실)의 귀속\n\u3000\n\u3000\n\u3000\n\u3000(1)지배기업의 소유주\n123,324,103,013\n49,261,924,946\n(162,022,325,684)\n\u3000(2)비지배지분\n32,748,992,375\n84,352,731,458\n(99,517,983,387)\nXVII.총 포괄손익의 귀속\n\u3000\n\u3000\n\u3000\n\u3000(1)지배기업의 소유주\n136,512,647,165\n90,396,837,932\n(167,133,103,109)\n\u3000(2)비지배지분\n39,637,204,124\n91,486,741,493\n(101,480,999,905)\nXVIII.주당이익\n\u3000\n\u3000\n\u3000\n\u3000(1)기본및희석주당이익(손실) (단위 : 원)\n31,597\n12,479\n(40,606)\n연결 자본변동표\n제 22 기 2022.01.01 부터 2022.12.31 까지\n제 21 기 2021.01.01 부터 2021.12.31 까지\n제 20 기 2020.01.01 부터 2020.12.31 까지\n(단위 : 원)\n\u3000\n자본\n지배기업의 소유주지분\n비지배지분\n자본 \xa0합계\n자본금\n기타불입자본\n이익잉여금\n기타자본구성요소\n지배기업의 소유주지분 합계\n2020.01.01 (Ⅰ.기초자본)\n20,000,000,000\n342,827,107,129\n1,604,392,655,027\n(1,608,895,870)\n1,965,610,866,286\n1,066,767,613,325\n3,032,378,479,611\nⅡ.연차배당\n0\n0\n(8,997,975,000)\n0\n(8,997,975,000)\n(10,197,166,096)\n(19,195,141,096)\nⅢ.당기순이익(손실)\n0\n0\n(162,022,325,684)\n0\n(162,022,325,684)\n(99,517,983,387)\n(261,540,309,071)\nⅣ.기타포괄손익-공정가치 측정 금융상품평가손익\n0\n0\n0\n2,688,163,283\n2,688,163,283\n231,595,179\n2,919,758,462\nⅤ.해외사업환산손익\n0\n0\n0\n(7,641,399,376)\n(7,641,399,376)\n(1,662,778,257)\n(9,304,177,633)\nⅥ.파생상품평가손익\n0\n0\n0\n(528,631,950)\n(528,631,950)\n(484,604,804)\n(1,013,236,754)\nⅦ.확정급여제도의 재측정요소\n0\n0\n594,552,346\n0\n594,552,346\n(134,720,917)\n459,831,429\nⅧ.지분법자본변동\n0\n0\n(12,578,153)\n(210,883,575)\n(223,461,728)\n87,492,281\n(135,969,447)\nⅨ.지분법이익잉여금변동\n0\n0\n0\n0\n0\n0\n0\nⅩ.종속기업의 추가취득 및 처분\n0\n69,821,365,842\n0\n35,096,104\n69,856,461,946\n(169,234,401,290)\n(99,377,939,344)\nXI.자기주식 거래로 인한 증감\n0\n(1,415,760,200)\n0\n0\n(1,415,760,200)\n0\n(1,415,760,200)\nXⅡ.기타거래\n0\n(138,781,102)\n5,864,336,808\n(5,811,727,470)\n(86,171,764)\n83,329,324,621\n83,243,152,857\nXⅢ.자본 증가(감소) 합계\n0\n68,266,824,540\n(164,573,989,683)\n(11,469,382,984)\n(107,776,548,127)\n(197,583,242,670)\n(305,359,790,797)\n2020.12.31 (XIV.기말자본)\n20,000,000,000\n411,093,931,669\n1,439,818,665,344\n(13,078,278,854)\n1,857,834,318,159\n869,184,370,655\n2,727,018,688,814\n2021.01.01 (Ⅰ.기초자본)\n20,000,000,000\n411,093,931,669\n1,439,818,665,344\n(13,078,278,854)\n1,857,834,318,159\n869,184,370,655\n2,727,018,688,814\nⅡ.연차배당\n0\n0\n(8,953,335,000)\n0\n(8,953,335,000)\n(7,106,075,765)\n(16,059,410,765)\nⅢ.당기순이익(손실)\n0\n0\n49,261,924,946\n0\n49,261,924,946\n84,352,731,458\n133,614,656,404\nⅣ.기타포괄손익-공정가치 측정 금융상품평가손익\n0\n0\n0\n23,153,790,498\n23,153,790,498\n9,298,673\n23,163,089,171\nⅤ.해외사업환산손익\n0\n0\n0\n12,231,421,666\n12,231,421,666\n4,385,775,701\n16,617,197,367\nⅥ.파생상품평가손익\n0\n0\n0\n1,615,405,525\n1,615,405,525\n984,773,846\n2,600,179,371\nⅦ.확정급여제도의 재측정요소\n0\n0\n3,696,207,001\n0\n3,696,207,001\n1,697,035,906\n5,393,242,907\nⅧ.지분법자본변동\n0\n0\n0\n347,570,954\n347,570,954\n(769,692)\n346,801,262\nⅨ.지분법이익잉여금변동\n0\n0\n90,517,342\n0\n90,517,342\n57,895,601\n148,412,943\nⅩ.종속기업의 추가취득 및 처분\n0\n17,272,179,746\n(265,906,688)\n(663,515,168)\n16,342,757,890\n(40,116,244,210)\n(23,773,486,320)\nXI.자기주식 거래로 인한 증감\n0\n(6,877,323,000)\n0\n0\n(6,877,323,000)\n0\n(6,877,323,000)\nXⅡ.기타거래\n0\n0\n26,811,514,346\n(26,763,562,992)\n47,951,354\n553,790,167\n601,741,521\nXⅢ.자본 증가(감소) 합계\n0\n10,394,856,746\n70,640,921,947\n9,921,110,483\n90,956,889,176\n44,818,211,685\n135,775,100,861\n2021.12.31 (XIV.기말자본)\n20,000,000,000\n421,488,788,415\n1,510,459,587,291\n(3,157,168,371)\n1,948,791,207,335\n914,002,582,340\n2,862,793,789,675\n2022.01.01 (Ⅰ.기초자본)\n20,000,000,000\n421,488,788,415\n1,510,459,587,291\n(3,157,168,371)\n1,948,791,207,335\n914,002,582,340\n2,862,793,789,675\nⅡ.연차배당\n0\n(3,573,877,415)\n(9,858,104,000)\n0\n(13,431,981,415)\n(19,263,996,885)\n(32,695,978,300)\nⅢ.당기순이익(손실)\n0\n0\n123,324,103,013\n0\n123,324,103,013\n32,748,992,375\n156,073,095,388\nⅣ.기타포괄손익-공정가치 측정 금융상품평가손익\n0\n0\n0\n(7,174,006,397)\n(7,174,006,397)\n23,920,135\n(7,150,086,262)\nⅤ.해외사업환산손익\n0\n0\n0\n8,501,701,766\n8,501,701,766\n403,457,600\n8,905,159,366\nⅥ.파생상품평가손익\n0\n0\n0\n2,277,359,245\n2,277,359,245\n1,354,236,197\n3,631,595,442\nⅦ.확정급여제도의 재측정요소\n0\n0\n9,979,275,668\n0\n9,979,275,668\n6,119,298,742\n16,098,574,410\nⅧ.지분법자본변동\n0\n0\n0\n(150,329,089)\n(150,329,089)\n(1,012,700,925)\n(1,163,030,014)\nⅨ.지분법이익잉여금변동\n0\n0\n(245,457,041)\n0\n(245,457,041)\n0\n(245,457,041)\nⅩ.종속기업의 추가취득 및 처분\n0\n(7,210,526,075)\n(2,640,489,639)\n(159,817,145)\n(10,010,832,859)\n19,419,079,069\n9,408,246,210\nXI.자기주식 거래로 인한 증감\n0\n(1,400,901,200)\n0\n0\n(1,400,901,200)\n0\n(1,400,901,200)\nXⅡ.기타거래\n0\n3,200,286,720\n843,405,563\n5,093,396,178\n9,137,088,461\n(18,799,606,466)\n(9,662,518,005)\nXⅢ.자본 증가(감소) 합계\n0\n(8,985,017,970)\n121,402,733,564\n8,388,304,558\n120,806,020,152\n20,992,679,842\n141,798,699,994\n2022.12.31 (XIV.기말자본)\n20,000,000,000\n412,503,770,445\n1,631,862,320,855\n5,231,136,187\n2,069,597,227,487\n934,995,262,182\n3,004,592,489,669\n연결 현금흐름표\n제 22 기 2022.01.01 부터 2022.12.31 까지\n제 21 기 2021.01.01 부터 2021.12.31 까지\n제 20 기 2020.01.01 부터 2020.12.31 까지\n(단위 : 원)\n\u3000\n제 22 기\n제 21 기\n제 20 기\nⅠ.영업활동으로부터 창출된 현금흐름\n49,792,018,451\n(58,266,567,238)\n456,381,094,337\n\u3000(1)당기순이익(손실)\n156,073,095,388\n133,614,656,404\n(261,540,309,071)\n\u3000(2)조정항목\n252,156,653,406\n337,730,577,755\n559,157,006,267\n\u3000\u30001.법인세비용(수익)\n51,742,949,909\n59,566,353,404\n(63,274,879,445)\n\u3000\u30002.이자비용\n48,914,441,011\n30,000,050,440\n38,357,338,995\n\u3000\u30003.이자수익\n(8,116,281,296)\n(3,115,119,324)\n(3,804,195,267)\n\u3000\u30004.배당금수익\n(7,499,282,141)\n(13,101,426,240)\n(3,237,194,969)\n\u3000\u30005.당기손익-공정가치측정금융자산평가이익\n(32,862,186,724)\n(44,987,414,483)\n(11,254,209,726)\n\u3000\u30006.당기손익-공정가치측정금융자산평가손실\n28,574,685,251\n16,445,243,594\n6,009,079,760\n\u3000\u30007.당기손익-공정가치측정금융자산처분이익\n(928,658,950)\n(357,123,173)\n0\n\u3000\u30008.당기손익-공정가치측정금융자산처분손실\n378,113,427\n0\n584,604,182\n\u3000\u30009.파생상품평가이익\n(15,837,909,059)\n(15,802,484,282)\n(2,341,162,277)\n\u3000\u300010.파생상품평가손실\n24,885,450,841\n363,661,005\n20,734,741,207\n\u3000\u300011.파생상품거래이익\n(14,031,713,484)\n(4,000,555,888)\n(2,526,021,186)\n\u3000\u300012.파생상품거래손실\n5,024,623,304\n0\n705,180,836\n\u3000\u300013.퇴직급여\n22,726,712,823\n24,537,485,293\n25,925,080,017\n\u3000\u300014.재고자산평가손실(환입)\n110,071,704\n(14,565,175,835)\n29,534,848,869\n\u3000\u300015.재고자산폐기손실\n0\n15,767,639\n1,343,908,280\n\u3000\u300016.유형자산감가상각비\n127,105,567,363\n138,738,215,584\n212,241,938,743\n\u3000\u300017.투자부동산상각비\n1,381,217,118\n1,481,279,527\n1,565,168,625\n\u3000\u300018.무형자산상각비\n4,526,163,574\n4,393,313,078\n4,314,353,857\n\u3000\u300019.사용권자산상각비\n6,731,659,961\n7,910,768,750\n10,732,157,229\n\u3000\u300020.유형자산손상차손\n2,887,301,086\n14,168,633,553\n268,380,905,564\n\u3000\u300021.무형자산손상차손\n402,217,420\n3,345,665,124\n11,425,132,888\n\u3000\u300022.무형자산손상차손환입\n0\n(198,608,000)\n0\n\u3000\u300023.사용권자산손상차손\n0\n0\n36,672,863,925\n\u3000\u300024.대손상각비 및 기타의대손상각비\n5,241,949,234\n4,591,907,114\n1,780,192,591\n\u3000\u300025.외화평가이익\n(30,632,205,021)\n(14,898,681,468)\n(36,917,891,285)\n\u3000\u300026.외화평가손실\n36,562,931,804\n25,468,028,548\n21,481,482,852\n\u3000\u300027.유형자산처분이익\n(837,675,906)\n(19,964,919,873)\n(15,774,852,777)\n\u3000\u300028.유형자산처분손실\n1,169,554,129\n2,141,165,580\n1,094,775,077\n\u3000\u300029.무형자산처분이익\n0\n(135,212,163)\n(1,694,018)\n\u3000\u300030.무형자산처분손실\n0\n8,079,590\n58,181,888\n\u3000\u300031.투자부동산처분이익\n(19,694,800,845)\n(252,918,973)\n0\n\u3000\u300032.투자부동산처분손실\n0\n0\n26,350,928\n\u3000\u300033.매각예정비유동자산손상차손\n0\n134,569,348,562\n3,243,438,261\n\u3000\u300034.매각예정비유동자산처분이익\n(23,138,872,231)\n0\n0\n\u3000\u300035.매각예정비유동자산처분손실\n10,952,966,995\n686,000,000\n121,389,795\n\u3000\u300036.관계기업투자주식손상차손\n869,001,182\n385,390,000\n0\n\u3000\u300037.관계기업투자주식처분손실\n299,460,555\n7,835,715,057\n0\n\u3000\u300038.지분법투자이익\n(30,001,573,175)\n(11,942,981,203)\n(1,211,680,703)\n\u3000\u300039.비지배지분금융비용\n2,287,979,340\n0\n0\n\u3000\u300040.충당부채전입액\n33,610,075,138\n(2,179,144,986)\n0\n\u3000\u300041.주식보상비용(환입)\n17,107,534,134\n497,269,695\n0\n\u3000\u300042.당기순이익조정을 위한 기타 가감\n2,245,184,935\n6,083,002,509\n3,167,673,551\n\u3000(3)운전자본의 변동\n(275,916,645,202)\n(515,710,810,967)\n202,875,053,683\n\u3000\u30001.매출채권의 감소(증가)\n(283,302,685,982)\n(191,910,053,946)\n(5,079,806,740)\n\u3000\u30002.미수금의 감소(증가)\n1,436,047,359\n(9,872,439,695)\n(8,017,021,158)\n\u3000\u30003.미청구공사의 감소(증가)\n1,193,290,540\n(7,264,967,810)\n5,832,424,297\n\u3000\u30004.기타채권감소(증가)\n(6,343,979,545)\n1,350,252,364\n26,795,090,958\n\u3000\u30005.기타자산의 감소(증가)\n8,695,776,334\n(1,901,839,594)\n(9,153,309,385)\n\u3000\u30006.재고자산의 감소(증가)\n(53,497,181,815)\n(567,283,832,104)\n107,506,714,090\n\u3000\u30007.파생상품자산의 감소(증가)\n378,503,393\n0\n0\n\u3000\u30008.보증금의 감소(증가)\n(1,227,464,640)\n(566,947,002)\n504,720,233\n\u3000\u30009.매입채무 및 기타채무의 증가(감소)\n66,241,683,243\n246,708,163,125\n115,480,398,936\n\u3000\u300010.기타부채증가(감소)\n44,975,725,889\n36,960,221,779\n5,920,463,968\n\u3000\u300011.초과청구공사의 증가(감소)\n6,467,870,612\n4,358,965,105\n(1,344,849,372)\n\u3000\u300012.파생상품부채의 증가(감소)\n557,064,933\n(555,318,818)\n(4,287,576,796)\n\u3000\u300013.퇴직금의 지급\n(24,560,455,445)\n(27,908,140,774)\n(20,452,003,623)\n\u3000\u300014.사외적립자산의 감소(증가)\n(35,715,895,618)\n1,845,502,633\n(9,631,614,290)\n\u3000\u300015.충당부채의 증가(감소)\n0\n0\n579,745,791\n\u3000\u300016.기타운전자본의 변동\n(1,214,944,460)\n329,623,770\n(1,778,323,226)\n\u3000(4)이자의 수취\n7,911,977,807\n3,254,699,035\n3,244,391,646\n\u3000(5)배당금 수령\n6,475,933,402\n11,448,906,502\n6,987,399,630\n\u3000(6)이자의 지급\n(52,845,135,364)\n(32,573,581,895)\n(42,459,364,055)\n\u3000(7)법인세납부(환급)\n(44,063,860,986)\n3,968,985,928\n(11,883,083,763)\nⅡ.투자활동현금흐름\n(199,330,991,344)\n45,849,551,659\n(220,474,821,837)\n\u3000(1)장기금융상품의 감소\n320,206,846\n198,943,465\n2,480,068,449\n\u3000(2)기타금융자산의 감소\n132,314,847,439\n219,298,853,475\n17,231,213,263\n\u3000(3)당기손익-공정가치측정금융자산의 처분\n18,464,017,822\n23,654,610,546\n10,648,809,893\n\u3000(4)기타포괄-공정가치측정금융자산의 처분\n5,958,550,084\n48,650,328,198\n18,406,783,000\n\u3000(5)관계기업투자의 처분\n1,112,627,626\n20,914,657,174\n0\n\u3000(6)유형자산의 처분\n20,956,616,840\n37,180,345,739\n48,751,998,204\n\u3000(7)무형자산의 처분\n1,402,606,527\n452,106,308\n181,818,182\n\u3000(8)투자부동산의 처분\n29,819,995,000\n3,784,827,756\n113,586,000\n\u3000(9)매각예정비유동자산의 처분\n135,581,680,351\n31,520,000\n32,514,996,500\n\u3000(10)대여금의 감소\n2,271,147,018\n3,653,050,889\n13,550,733,582\n\u3000(11)임대보증금의 증가\n1,960,126,626\n1,195,755,360\n2,181,434,303\n\u3000(12)정부보조금의 수령\n0\n356,265,240\n34,226,172\n\u3000(13)기타투자자산의 감소\n0\n868,178,426\n2,436,356,756\n\u3000(14)장기금융상품의 증가\n(22,196,255,920)\n(90,000,000)\n(425,000,000)\n\u3000(15)기타금융자산의 증가\n(197,595,290,409)\n(29,722,743,341)\n(137,984,724,889)\n\u3000(16)대여금의 증가\n(4,200,816,700)\n(8,526,978,000)\n(8,920,850,134)\n\u3000(17)당기손익-공정가치측정금융자산의 취득\n(97,269,555,563)\n(136,404,024,831)\n(70,451,430,846)\n\u3000(18)기타포괄-공정가치측정금융자산의 취득\n(56,948,375,392)\n(24,968,326,129)\n(5,649,956,452)\n\u3000(19)유형자산의 취득\n(136,346,075,536)\n(101,002,569,206)\n(60,344,921,237)\n\u3000(20)투자부동산의 취득\n(1,045,416,560)\n(367,689,561)\n(53,414,996)\n\u3000(21)무형자산의 취득\n(3,885,146,838)\n(3,386,638,869)\n(4,354,832,235)\n\u3000(22)장기선급금의 증가\n0\n(6,813,894,900)\n0\n\u3000(23)관계기업투자주식의 취득\n(2,515,620,000)\n(385,390,000)\n(2,032,968,150)\n\u3000(24)공동기업투자주식의 취득\n(25,065,752,479)\n(167,170,000)\n0\n\u3000(25)종속기업에 대한 투자자산의 취득\n0\n0\n(73,677,969,978)\n\u3000(26)연결범위의변동\n0\n(101,367,792)\n0\n\u3000(27)임대보증금의 감소\n(2,425,108,126)\n(1,293,755,196)\n(2,966,916,099)\n\u3000(28)기타투자자산의 증가\n0\n(1,159,343,092)\n(2,143,861,125)\nⅢ.재무활동현금흐름\n203,446,549,328\n(31,314,653,066)\n(210,876,054,753)\n\u3000(1)단기차입금의 차입\n2,593,091,518,480\n2,005,542,151,262\n1,275,298,035,624\n\u3000(2)장기차입금의 차입\n136,903,941,835\n188,667,120,000\n298,560,478,000\n\u3000(3)사채의 발행\n236,475,410,480\n142,595,390,000\n0\n\u3000(4)유상증자\n0\n0\n14,631,859,452\n\u3000(5)기타재무활동으로 인한 현금유입\n179,332,185\n231,834,679\n99,671,274,216\n\u3000(6)단기차입금의 상환\n(2,421,892,708,152)\n(1,896,426,963,658)\n(1,372,502,320,995)\n\u3000(7)장기차입금의 상환\n(148,916,452,232)\n(196,175,920,356)\n(265,120,344,159)\n\u3000(8)유동성사채의 상환\n(140,000,000,000)\n(140,000,000,000)\n(110,000,000,000)\n\u3000(9)자기주식의 취득\n(1,400,901,200)\n(6,877,323,000)\n(1,415,760,200)\n\u3000(10)종속기업지분의 추가취득\n(7,160,293,790)\n(23,927,461,320)\n(110,835,862,779)\n\u3000(11)배당금 지급\n(32,695,978,300)\n(16,059,410,765)\n(19,195,141,093)\n\u3000(12)리스부채의 상환\n(11,018,175,218)\n(10,482,410,925)\n(19,944,594,235)\n\u3000(13)기타재무활동으로 인한 현금유출\n(119,144,760)\n(78,401,658,983)\n(23,678,584)\nⅣ.현금및현금성자산의 증가(감소)\n53,907,576,435\n(43,731,668,645)\n25,030,217,747\nⅤ.기초현금및현금성자산\n193,322,494,623\n270,611,646,567\n249,847,583,048\nⅥ.외화표시 현금및현금성자산의 환율변동효과 등\n(628,198,857)\n4,609,361,555\n(4,266,154,225)\nⅦ.연결대상범위의 변동으로 인한 현금의 감소\n0\n(38,166,844,854)\n0\nⅧ.기말현금및현금성자산\n246,601,872,201\n193,322,494,623\n270,611,646,570\n3. 연결재무제표 주석\n제 22 기 2022년 1월 1일부터 2022년 12월 31일까지\n제 21 기 2021년 1월 1일부터 2021년 12월 31일까지\n주식회사 세아홀딩스와 그 종속기업\n1. 지배기업의 개요기업회계기준서 제1110호 \'연결재무제표\'에 의한 지배기업인 주식회사 세아홀딩스 \xa0(이하 ""지배기업"")는 2001년 7월 1일에 주식회사 세아제강의 투자사업부문과 임대사업부문이 인적분할 방식으로 신설되어 한국거래소가 개설한 유가증권 시장에 재상장하였으며, 자회사(㈜세아베스틸지주, ㈜세아베스틸, ㈜세아창원특수강, ㈜세아특수강 등)에 대한 지배와투자, 경영자문 등을 주요 사업목적으로 하는 공정거래법상 지주회사입니다.당기말 현재 자본금은 20,000,000천원이며, 주요 주주현황은 다음과 같습니다.\n주 \xa0 주\n보유주식수(주)\n지분율(%)\n이태성\n1,404,870\xa0\n35.12\xa0\n이주성\n717,953\xa0\n17.95\xa0\n박의숙\n425,872\xa0\n10.65\xa0\n이순형\n346,241\xa0\n8.66\xa0\n(주)에이치피피\n375,231\xa0\n9.38\xa0\n(재)세아이운형문화재단\n125,556\xa0\n3.14\xa0\n(재)세아해암학술장학재단\n74,444\xa0\n1.86\xa0\n(주)에이팩인베스터스\n259\xa0\n0.01\xa0\n기타\n529,574\xa0\n13.23\xa0\n합 \xa0 계\n4,000,000\xa0\n100.00\xa0\n2. 재무제표 작성기준 및 중요한 회계정책 2.1 \xa0재무제표 작성기준연결기업의 재무제표는 \'주식회사 등의 외부감사에 관한 법률\'에 따라 제정된 한국채택국제회계기준에 따라 작성되었습니다.연결기업의 재무제표는 공정가치로 평가된 금융상품 등 아래 회계정책에서 별도로 언급하고 있는 사항을 제외하고는 역사적원가를 기준으로 작성되었습니다. 본 연결재무제표는 원화로 표시되어 있으며 다른 언급이 있는 경우를 제외하고는 천원 단위로 표시되어 있습니다. 2.2 연결기준연결재무제표는 매 회계연도 12월 31일 현재 연결기업의 재무제표로 구성되어 있습니다. 지배력은 피투자자에 대한 관여로 변동이익에 노출되거나 변동이익에 대한 권리가 있고 피투자자에 대하여 자신의 힘으로 그러한 이익에 영향을 미치는 능력이 있을 때 획득됩니다. 구체적으로 연결기업이 다음을 모두 갖는 경우에만 피투자자를 지배합니다.- 피투자자에 대한 힘(즉 피투자자의 관련활동을 지시하는 현재의 능력을 갖게 하는 현존 권리)- 피투자자에 대한 관여로 인한 변동이익에 대한 노출 또는 권리- 투자자의 이익금액에 영향을 미치기 위하여 피투자자에 대하여 자신의 힘을 사용하는 능력피투자자의 의결권의 과반수 미만을 보유하고 있는 경우 연결기업은 피투자자에 대한 힘을 갖고 있는지를 평가할 때 다음을 포함한 모든 사실과 상황을 고려하고 있습니다.- 투자자와 다른 의결권 보유자간의 계약상 약정- 그 밖의 계약상 약정에서 발생하는 권리- 연결기업의 의결권 및 잠재적 의결권연결기업은 지배력의 세 가지 요소 중 하나 이상에 변화가 있음을 나타내는 사실과 상황이 있는 경우 피투자자를 지배하는지 재평가합니다. 종속기업에 대한 연결은 연결기업이 종속기업에 대한 지배력을 획득하는 시점부터 지배력을 상실하기 전까지 이루어집니다. 기중 취득하거나 처분한 종속기업의 자산, 부채, 수익 및 비용은 연결기업이 지배력을 획득한 날부터 연결기업이 종속기업을 더 이상 지배하지 않게 된 날까지 포괄손익계산서에 포함하고 있습니다.당기순손익과 기타포괄손익의 각 구성요소는 비지배지분이 부(-)의 잔액이 되더라도지배기업의 소유주와 비지배지분에 귀속시키고 있습니다. 필요한 경우 종속기업의 회계정책을 연결기업과 일치시키기 위하여 종속기업의 재무제표를 수정하여 사용하고 있습니다. 연결기업간의 거래로 인해 발생한 모든 연결기업의 자산, 부채, 자본, 수익, 비용 및 현금흐름은 전액 제거하고 있습니다.지배력을 상실하지 않는 종속기업에 대한 지배기업의 소유지분 변동은 자본거래로 회계처리하고 있습니다. 지배기업이 종속기업에 대한 지배력을 상실한 경우 지배력을 상실한 날에 종속기업의 자산(영업권 포함), 부채, 비지배지분 및 자본의 기타 항목을 제거하고 그에 따른 손익을 당기손익으로 인식하고 있습니다. 이전의 종속기업에 대한 잔여 투자는 공정가치로 인식하고 있습니다. \n2.3 중요한 회계정책 2.3.1 사업결합 및 영업권\n사업결합은 취득법을 적용하여 회계처리하고 있습니다. 취득원가는 취득일의 공정가치로 측정된 이전대가와 피취득자에 대한 비지배지분 금액의 합계로 측정하고 있습니다. 각 사업결합에 대해 취득자는 피취득자에 대한 비지배지분을 공정가치 또는 피취득자의 식별가능한 순자산 중의 비지배지분의 비례적 지분으로 측정하고 있으며 취득관련 원가는 발생시 비용으로 처리하고 있습니다.\n연결기업은 취득일에 식별가능한 취득 자산과 인수 부채를 취득일에 존재하는 계약조건, 경제상황, 취득자의 영업정책이나 회계정책 그리고 그 밖의 관련조건에 기초하여 분류하거나 지정하고 있습니다. 이러한 분류는 피취득자의 주계약에서 내재파생상품을 분리하는 것을 포함합니다. 취득자가 피취득자에게 조건부 대가를 제공한 경우 동 대가는 취득일의 공정가치로 측정하여 이전대가에 포함하고 있으며 자산이나 부채로 분류된 조건부 대가의 후속적인 공정가치 변동은 기업회계기준서 제1109호에 따라 당기손익이나 기타포괄손익으로 인식하고 있습니다. 또한 자본으로 분류된 조건부 대가는 재측정하지 않고 정산시 자본내에서 회계처리하고 있습니다. 조건부 대가가 기업회계기준서 제1109호의 적용범위에 해당되지 않는 경우 적절한 기업회계기준서에 따라 측정하고 있습니다.영업권은 이전대가와 비지배지분 금액 및 이전에 보유하고 있던 지분의 합계액이 식별가능한 취득 자산과 인수 부채의 순액을 초과하는 금액으로 측정하고 있습니다. 취득한 순자산의 공정가치가 이전대가 등의 합계액을 초과하는 경우 연결기업은 모든 취득 자산과 인수 부채를 정확하게 식별하였는지에 대해 재검토하고 취득일에 인식한 금액을 측정하는 데 사용한 절차를 재검토하고 있습니다. 만약 이러한 재검토 후에도 여전히 이전대가 등의 합계액이 취득한 순자산의 공정가치보다 낮다면 그 차익을 당기손익으로 인식하고 있습니다.최초 인식 후 영업권은 취득원가에서 손상차손누계액을 차감한 가액으로 계상하고 있습니다. 손상검사 목적상 사업결합으로 취득한 영업권은 사업결합으로 인한 시너지효과의 혜택을 받게 될 것으로 기대되는 각 현금창출단위나 현금창출단위집단에 취득일로부터 배분되며 이는 배분대상 현금창출단위나 현금창출단위집단에 피취득자의 다른 자산이나 부채가 할당되어 있는지와 관계없이 이루어집니다.영업권이 배분된 현금창출단위 내의 영업을 처분하는 경우 처분되는 영업과 관련된 영업권은 처분손익을 결정할 때 그 영업의 장부금액에 포함하며 현금창출단위 내에 존속하는 부분과 처분되는 부분의 상대적인 가치를 기준으로 측정하고 있습니다.\n2.3.2 관계기업 및 공동기업 투자관계기업은 지배기업이 유의적인 영향력을 보유하는 기업입니다. 유의적인 영향력은피투자자의 재무정책과 영업정책에 관한 의사결정에 참여할 수 있는 능력이지만 그러한 정책의 지배력이나 공동지배력은 아닙니다. 공동기업은 약정의 공동지배력을 보유하는 당사자들이 그 약정의 순자산에 대한 권리를 보유하는 공동약정입니다. 공동지배력은 약정의 지배력에 대한 계약상 합의된 공유로서, 관련활동에 대한 결정에 지배력을 공유하는 당사자들 전체의 동의가 요구될 때에만 존재합니다. 연결기업은 관계기업 및 공동기업 투자에 대하여 지분법을 적용하여 회계처리하고 있습니다. 관계기업 및 공동기업 투자는 최초 취득원가로 인식되며, 취득일 이후 관계기업이나 공동기업의 순자산변동액 중 연결기업의 지분 해당액을 인식하기 위하여장부금액을 가감하고 있습니다. 관계기업이나 공동기업과 관련된 영업권은 해당 투자자산의 장부금액에 포함되며 상각 또는 별도의 손상검사를 수행하지 아니하고 있습니다.관계기업 및 공동기업의 영업에 따른 손익 중 연결기업의 지분 해당분은 연결손익계산서에 직접 반영되며 기타포괄손익의 변동은 연결기업의 기타포괄손익의 일부로 표시하고 있습니다. 관계기업이나 공동기업의 자본에 직접 반영된 변동이 있는 경우 연결기업의 지분 해당분은 자본변동표에 반영하고 있습니다. 연결기업과 관계기업 및 공동기업간 거래에 따른 미실현손익은 연결회사의 지분 해당분 만큼 제거하고 있습니다. 관계기업 및 공동기업에 대한 이익은 세효과 및 관계기업 및 공동기업의 종속기업 비지배지분을 차감한 후의 연결기업 지분에 해당하는 부분을 연결포괄손익계산서에 영업외손익에 표시하고 있습니다. 관계기업 및 공동기업의 보고기간은 지배기업의 보고기간과 동일하며 연결기업과 동일한 회계정책의 적용을 위해 필요한 경우 재무제표를 조정하고 있습니다. 지분법을 적용한 이후, 연결기업은 관계기업 및 공동기업 투자에 대하여 추가적인 손상차손을 인식할 필요가 있는지 결정합니다. 연결기업은 매 보고기간말에 관계기업 및 공동기업 투자가 손상된 객관적인 증거가 있는지 판단하고, 그러한 객관적인 증거가 있는 경우 관계기업 및 공동기업 투자의 회수가능액과 장부금액과의 차이를 손상차손으로 하여 \'지분법 투자손익\'의 계정으로 연결포괄손익계산서에 인식하고 있습니다. 연결기업은 관계기업에 대하여 유의적인 영향력을 상실하거나 공동기업에 대한 공동지배력을 상실한 때에 종전 관계기업이나 공동기업에 대한 잔여 보유 지분이 있다면 그 잔여 지분을 공정가치로 측정하고 있으며, 유의적인 영향력 및 공동지배력을 상실한 때의 관계기업 및 공동기업 투자의 장부금액과 잔여지분의 공정가치 및 처분대가와의 차이는 당기손익으로 반영하고 있습니다.2.3.3 유동성/비유동성 분류연결기업은 자산과 부채를 유동/비유동으로 재무상태표에 구분하여 표시하고 있습니다. 자산은 다음의 경우에 유동자산으로 분류하고 있습니다. - 정상영업주기 내에 실현될 것으로 예상되거나, 정상영업주기 내에 판매하거나 소비할 의도가 있다. - 주로 단기매매 목적으로 보유하고 있다. - 보고기간 후 12개월 이내에 실현될 것으로 예상한다. - 현금이나 현금성자산으로서, 교환이나 부채 상환 목적으로의 사용에 대한 제한 기간이 보고기간 후 12개월 이상이 아니다. 그 밖의 모든 자산은 비유동자산으로 분류하고 있습니다. \n부채는 다음의 경우에 유동부채로 분류하고 있습니다. - 정상영업주기 내에 결제될 것으로 예상하고 있다. - 주로 단기매매 목적으로 보유하고 있다. - 보고기간 후 12개월 이내에 결제하기로 되어 있다. - 보고기간 후 12개월 이상 부채의 결제를 연기할 수 있는 무조건의 권리를 가지고 있지 않다. 그 밖의 모든 부채는 비유동부채로 분류하고 있습니다.이연법인세자산(부채)은 비유동자산(부채)으로 분류하고 있습니다.2.3.4 공정가치 측정연결기업은 파생상품과 같은 금융상품을 보고기간말 현재의 공정가치로 평가하고 있습니다. 공정가치는 측정일에 시장참여자 사이의 정상거래에서 자산을 매도하면서 수취하거나 부채를 이전하면서 지급하게 될 가격입니다. 공정가치 측정은 자산을 매도하거나 부채를 이전하는 거래가 다음 중 어느 하나의 시장에서 이루어지는 것으로 가정하고 있습니다.- 자산이나 부채의 주된 시장- 자산이나 부채의 주된 시장이 없는 경우에는 가장 유리한 시장연결기업은 주된 (또는 가장 유리한) 시장에 접근할 수 있어야 합니다. 자산이나 부채의 공정가치는 시장참여자가 경제적으로 최선의 행동을 한다는 가정하에 시장참여자가 자산이나 부채의 가격을 결정할 때 사용하는 가정에 근거하여 측정하고 있습니다.비금융자산의 공정가치를 측정하는 경우에는 시장참여자가 경제적 효익을 창출하기 위하여 그 자산을 최고 최선으로 사용하거나 혹은 최고 최선으로 사용할 다른 시장참여자에게 그 자산을 매도하는 시장참여자의 능력을 고려하고 있습니다.연결기업은 상황에 적합하며 관련된 관측가능한 투입변수의 사용을 최대화하고 관측가능하지 않은 투입변수의 사용을 최소화하면서 공정가치를 측정하는 데 충분한 자료가 이용가능한 가치평가기법을 사용하고 있습니다.\xa0\n연결재무제표에서 공정가치로 측정되거나 공시되는 모든 자산과 부채는 공정가치 측정에 유의적인 가장 낮은 수준의 투입변수에 근거하여 다음과 같은 공정가치 서열체계로 구분됩니다.- 수준 1 : 동일한 자산이나 부채에 대한 접근가능한 활성시장의(조정되지 않은) 공시가격- 수준 2 : 공정가치측정에 유의적인 가장 낮은 수준의 투입변수가 직접적으로 또는 간접적으로 관측가능한 투입변수를 이용한 공정가치- 수준 3 : 공정가치측정에 유의적인 가장 낮은 수준의 투입변수가 관측가능하지 않은 투입변수를 이용한 공정가치연결재무제표에 반복적으로 공정가치로 측정되는 자산과 부채에 대하여 연결기업은 매 보고기간말 공정가치측정에 유의적인 가장 낮은 수준의 투입변수에 기초한 분류에 대한 재평가를 통해 서열체계의 수준 간의 이동이 있는지 판단합니다. 공정가치 공시 목적상 연결기업은 성격과 특성 및 위험에 근거하여 자산과 부채의 분류를 결정하고 공정가치 서열체계의 수준을 결정하고 있습니다.공정가치로 측정되거나 공정가치가 공시되는 금융상품과 비금융자산의 공정가치에 대한 공시는 다음의 주석에 설명되어 있습니다.- 평가기법, 유의적 추정치 및 가정 : 주석 41- 공정가치측정 서열체계의 양적 공시 : 주석 41- 투자부동산 : 주석 15- 금융상품(상각후원가로 계상하는 상품 포함) : 주석 40, 412.3.5 고객과의 계약에서 생기는 수익\n연결기업은 주로 특수강 등을 제조하여 국내 및 해외 고객에게 판매하고 있습니다. \xa0고객과의 계약에서 연결기업은 재화나 용역의 통제가 고객에 이전되었을 때, 해당 재화나 용역의 대가로 받을 권리를 갖게 될 것으로 예상하는 대가를 반영하는 금액으로수익을 인식합니다. 연결기업은 고객과의 계약에서 재화나 용역을 고객에게 제공하기 전에 정해진 각 재화나 용역을 통제하므로 본인으로 결론 내렸습니다.\n(1) 수행의무의 식별\n1) 운송 용역연결기업은 특수강 등을 제조하여 국내 및 해외 고객에게 판매하고 있습니다. 재화의판매 시 운송활동이 제공되는 수출 계약의 경우 무역 조건에 따라 ① 재화의 판매, ②운송 용역 등과 같이 구별되는 수행의무를 식별합니다.\xa0\n연결기업이 제공하는 운송 용역의 경우, 고객은 기업이 수행하는 대로 기업의 수행에서 제공하는 효익을 동시에 얻고 소비하므로 이러한 수행의무에 배분된 거래가격을 용역을 제공하는 기간에 걸쳐 수익으로 인식합니다.2) 출하 및 창고보관 용역연결기업은 출하 용역 및 창고보관 용역을 고객에게 제공하고 있습니다. \xa0출하 용역의 경우 ① 고객의 공장간 제품의 이송, ② 보관된 제품 창고관리 등의 출하관리, ③ 출하 등과 같이 구별되는 수행의무를 식별하며, 창고보관 용역의 경우 ① 고객 제품의 하차, ② 회사 창고에 보관, ③ 고객 차량에 상차 등과 같이 구별되는 수행의무를 식별합니다.\n연결기업이 제공하는 출하 용역과 창고보관 용역의 경우 고객은 기업이 수행하는 대로 기업의 수행에서 제공하는 효익을 동시에 얻고 소비하므로 이러한 수행의무에 배분된 거래가격을 용역을 제공하는 기간에 걸쳐 수익으로 인식합니다. \xa0\n3) 자재납품 및 설치용역연결기업은 공사 및 설치용역, 전산개발용역 등 통합계약에 따른 다양한 용역을 고객에게 제공하고 있습니다. 동 부문의 일부 통합계약에서 ① 재화의 판매 ② 공사 및 설치용역 ③ 교육용역 ④ 전산개발용역 등과 같이 구별되는 수행의무를 식별합니다.\n연결기업이 제공하는 공사 및 설치용역, 전산개발용역의 경우 회사가 수행하여 만들어지거나 가치가 높아지는 대로 고객이 통제하는 자산이므로 이러한 수행의무에 배분된 거래가격을 용역을 제공하는 기간에 걸쳐 수익으로 인식합니다.\n연결기업이 제공하는 교육 용역의 경우 고객은 회사가 수행하는 대로 회사의 수행에서 제공하는 효익을 동시에 얻고 소비하는 자산이므로 이러한 수행의무에 배분된 거래가격을 용역을 제공하는 기간에 걸쳐 수익으로 인식합니다.\xa0\n\xa0\n4) 산업기계, 압축기 및 블로워 제작 및 설치용역\n연결기업의 제작부문은 고객이 주문한 산업기계, 압축기 및 블로워를 제작하여 국내 및 해외 고객에게 설치 및 판매하고 있고, 일반적으로 1년 미만의 제작 기간이 소요됩니다. 동 부문은 수행하는 수행의무에 따라 ① 장비 제작 판매, ② 설치용역 ③ 시운전용역 ④ 운송용역 등과 같이 구별되는 수행의무를 식별합니다.\n기업회계기준서 제1115호 적용 시 각각의 수행의무를 한 시점에 이행하는지, 기간에걸쳐 이행하는지에 따라 연결기업의 수익인식 시점이 변경될 수 있습니다. \xa0\n(2) 변동대가\n연결기업의 일부 사업부문은 유통업체에 한정하여 고객과의 계약에서 조기결제에 따른 대금 할인 정책을 시행하고 있기 때문에 고객에게서 받은 대가가 변동될 수 있습니다. 연결기업은 재화나 용역의 대가로 받을 권리를 갖게 될 것으로 예상하는 대가의 공정가치 추정시 더 잘 예측할 것으로 예상되는 기대값 방법을 사용하여 변동대가를 추정하고, 반품기한이 경과할 때 이미 인식한 누적 수익금액 중 유의적인 부분을 되돌리지 않을 가능성이 매우 높은 금액까지만 변동대가를 거래가격에 포함하여 수익을 인식합니다. 기업이 받았거나 받을 대가 중에서 권리를 갖게 될 것으로 예상하지 않는 금액은 환불부채로 계상합니다. \xa0(3) 유의적인 금융요소일반적으로 연결기업은 고객으로부터 단기선수금을 수령합니다. 기준서 제1115호의실무적 간편법을 적용하여, 연결기업은 계약을 개시할 때 고객에게 약속한 재화나 용역을 이전하는 시점과 고객이 그에 대한 대가를 지급하는 시점 간의 기간이 1년 이내일 것이라고 예상된다면 약속한 대가(금액)에 유의적인 금융요소의 영향을 반영하지 않습니다. \n(4) 거래가격의 배분\n연결기업은 기업회계기준서 제1115호 적용 시 하나의 계약에서 식별된 여러 수행의무에 상대적 개별 판매가격을 기초로 거래가격을 배분합니다. 연결기업은 각 수행의무의 개별 판매가격을 추정하기 위하여 \'시장평가 조정 접근법’또는 \'예상원가 이윤가산 접근법\'을 사용하였습니다.\xa0\n(5) 본인 대 대리인\n연결기업의 물류사업 부문은 고객과 맺은 계약에 따라 여러 용역을 제공합니다. 연결기업은 동 거래를 할 때 \'본인\'에 해당합니다.\n(6) 기간에 걸쳐 수행하는 의무: 해상운송 \n연결기업의 물류사업 부문 중 해상운송 부문은 화주로부터 제품을 인수 후 다른 기업의 운송수단을 이용하여 연결기업의 책임하에 도착지까지 운송용역을 제공하는 복합운송 용역을 제공하고 있습니다.\xa0\n연결기업이 제공하는 복합운송 용역의 경우 고객은 기업이 수행하는 대로 기업의 수행에서 제공하는 효익을 동시에 얻고 소비하므로 진행기준을 적용하여 수익으로 인식합니다.\n기업회계기준서 제1115호에 따르면 진행률 측정방법에는 산출법과 투입법이 있으며진행률을 합리적으로 추정할 수 있는 경우에만 기간에 걸쳐 이행하는 수행의무에 대한 수익을 인식하며, 경과한 시간을 기준으로 산출법에 따라 진행률을 측정하는 것이기업의 수행 정도를 충실하게 나타낼 수 있습니다.\n(7) 한 시점 또는 기간에 걸쳐 이행하는 수행의무\n연결기업의 제작부문은 고객이 주문한 산업기계, 압축기 및 블로워를 제작하여 국내 및 해외 고객에게 설치 및 판매하고 있고, 일반적으로 1년 미만의 제작 기간이 소요됩니다.\xa0\n기업회계기준서 제1115호에 따르면 기업이 의무를 수행하여 만든 자산이 기업 자체에는 대체용도가 없고, 지금까지 의무수행을 완료한 부분에 대해 집행 가능한 지급청구권이 기업에 있어야 진행기준을 적용하여 수익을 인식합니다.\xa0\n연결기업의 제작부문 중 블로워 사업부의 경우 만든 자산이 대체용도가 있다고 판단되며, 이에 장비제작 판매에 배분된 거래가격을 고객에게 통제가 이전되는 한 시점에수익으로 인식합니다.\n연결기업의 제작부문 중 산업기계, 압축기 사업부의 경우 만든 자산이 대체용도가 없다고 판단되며, 외부 법무법인의 의견을 참고하여 계약 조건을 분석한 결과, 지금까지 수행을 완료한 부분에 대해 집행 가능한 지급청구권이 있다고 판단됩니다. 이에 장비제작 및 판매에 배분된 거래가격을 기간에 걸쳐 수익으로 인식합니다.\n연결기업이 제공하는 설치 및 시운전 용역의 경우 연결기업이 수행하여 만들어지거나 가치가 높아지는 대로 고객이 통제하는 자산이므로 이러한 수행의무에 배분된 거래가격을 용역을 제공하는 기간에 걸쳐 수익으로 인식합니다.\n연결기업이 제공하는 운송 용역의 경우 고객은 기업이 수행하는 대로 기업의 수행에서 제공하는 효익을 동시에 얻고 소비하므로 이러한 수행의무에 배분된 거래가격을 용역을 제공하는 기간에 걸쳐 수익으로 인식합니다. \n(8) 고객에게 지급할 대가\n연결기업의 수출부문 중 일부 부문은 특정품목에 한정하여 고객과의 계약에서 주문금액에 비례하는 판매수수료를 지급하는 정책을 시행하고 있기 때문에 고객에게서 받은 대가가 변동될 수 있습니다.\n기업회계기준서 제1115호 적용 시 고객에게 지급할 대가가 고객이 기업에게 이전하는 구별되는 재화나 용역의 대가로 지급하는 것이 아니라면 수익을 인식할 때, 대가를 지급하거나 지급하기로 약속한 때 중 나중의 사건이 발생할 때 수익에서 차감합니다.\n연결기업이 지급하는 판매수수료의 경우 고객에게 지급할 대가가 고객이 기업에게 이전하는 구별되는 재화나 용역의 대가가 아니므로, 수익에서 차감합니다.\n(9) 계약 잔액\n\xa0\n1) 계약자산\n계약자산은 고객에게 이전한 재화나 용역에 대하여 그 대가를 받을 권리입니다. 고객이 대가를 지급하기 전이나 지급기일 전에 연결기업이 고객에게 재화나 용역을 이전하는 경우 그 대가를 받을 기업의 권리로 그 권리에 시간의 경과 외의 조건이 있는 자산은 계약자산입니다.\xa0\n\xa0\n2) 매출채권\n수취채권은 무조건적인 연결기업의 권리를 나타냅니다. 왜냐하면 시간만 경과하면 대가를 지급받을 수 있기 때문입니다. 금융자산 관련 회계정책은 주석 2.3.15 부분을참조합니다.\n3) 계약부채\n계약부채는 연결기업이 고객에게서 이미 받은 대가(또는 지급기일이 된 대가)에 상응하여 고객에게 재화나 용역을 이전하여야 하는 기업의 의무입니다. 만약 연결기업이 재화나 용역을 고객에 이전하기 전에 고객이 대가를 지불한다면, 지급이 되었거나 지급기일 중 이른 시점에 계약부채를 인식합니다. 계약부채는 연결기업이 계약에 따라 수행의무를 이행할 때 수익으로 인식합니다.\n2.3.6 법인세\n법인세비용은 당기법인세와 이연법인세로 구성됩니다. 지배기업은 지배기업이나 국내 종속기업이 경제적으로 결합된 경우 해당 지배기업과 국내 종속기업을 하나의 과세단위로 보아 소득을 통산하는 연결 납세제도를 적용하고 있습니다. 연결납세제도 대상에 포함되지 않는 국내 및 해외 종속기업은 각 법인을 과세단위로 보아 법인세를산정ㆍ납부하고 있습니다.\xa0\n\xa0\n경영진은 적용 가능한 세법 규정이 해석에 따라 달라질 수 있는 상황에 대하여 회사가 세무신고 시 적용한 세무정책에 대하여 주기적으로 평가하고 있으며, 세무당국이 불확실한 법인세 처리를 수용할 가능성이 높은지 고려합니다. 연결기업은 법인세 측정 시 가장 가능성이 높은 금액 또는 기댓값 중 불확실성의 해소를 더 잘 예측할 것으로 예상되는 방법을 사용하여 불확실성의 영향을 반영합니다.\n(1) 당기법인세당기 및 과거기간의 당기법인세부채(자산)는 보고기간말까지 제정되었거나 실질적으로 제정된 세율(및 세법)을 사용하여 과세당국에 납부할(과세당국으로부터 환급받을)것으로 예상되는 금액으로 측정하고 있습니다.\n자본에 직접 반영되는 항목과 관련된 당기법인세는 자본에 반영되며 당기손익에 반영되지 않고 있습니다. 경영진은 주기적으로 관련 세법 규정의 해석과 관련해서 법인세 환급액에 대한 회수가능성을 평가하여 필요한 경우 충당금을 설정하고 있습니다.(2) 이연법인세연결기업은 자산 및 부채의 재무보고 목적상 장부금액과 세무기준액의 차이인 일시적차이에 대하여 이연법인세자산과 이연법인세부채를 인식하고 있습니다.연결기업은 다음의 경우를 제외하고 모든 가산할 일시적차이에 대하여 이연법인세부채를 인식하고 있습니다.- 영업권을 최초로 인식할 때 이연법인세부채가 발생하는 경우- 자산 또는 부채를 최초로 인식하는 거래로서 사업결합거래가 아니고 거래 당시 회계이익이나 과세소득에 영향을 미치지 아니하는 거래에서 이연법인세부채가 발생하는 경우- 종속기업, 관계기업 및 조인트벤처에 대한 투자지분과 관련한 가산할 일시적차이로서 동 일시적차이의 소멸시점을 통제할 수 있고 예측가능한 미래에 일시적차이가 소멸하지 않을 가능성이 높은 경우\n또한 다음의 경우를 제외하고는 차감할 일시적차이, 미사용 세액공제와 세무상결손금이 사용될 수 있는 과세소득의 발생가능성이 높은 경우 이연법인세자산을 인식하고 있습니다.- 자산 또는 부채를 최초로 인식하는 거래로서 사업결합거래가 아니고 거래 당시 회계이익이나 과세소득에 영향을 미치지 아니하는 거래에서 이연법인세자산이 발생하는 경우- 종속기업, 관계기업 및 조인트벤처에 대한 투자지분과 관련한 차감할 일시적차이로서 동 일시적차이가 예측가능한 미래에 소멸할 가능성이 높지 않거나 동 일시적차이가 사용될 수 있는 과세소득이 발생할 가능성이 높지 않은 경우이연법인세자산의 장부금액은 매 보고기간말에 검토하며 이연법인세자산의 일부 또는 전부에 대한 혜택이 사용되기에 충분한 과세소득이 발생할 가능성이 더 이상 높지않다면 이연법인세자산의 장부금액을 감액시키고 있습니다. 또한 매 보고기간말마다인식되지 않은 이연법인세자산에 대하여 재검토하여, 미래 과세소득에 의해 이연법인세자산이 회수될 가능성이 높아진 범위까지 과거 인식되지 않은 이연법인세자산을인식하고 있습니다.이연법인세자산 및 부채는 보고기간말까지 제정되었거나 실질적으로 제정된 세율(및세법)에 근거하여 당해 자산이 실현되거나 부채가 결제될 회계기간에 적용될 것으로 기대되는 세율을 사용하여 측정하고 있습니다.당기손익 이외로 인식되는 항목과 관련된 당기법인세와 이연법인세는 당기손익 이외의 항목으로 인식하고 있습니다. 이연법인세 항목은 해당 거래에 따라서 기타포괄손익으로 인식하거나 자본에 직접 반영하고 있습니다.사업결합의 일부로 취득한 세무상 효익이 그 시점에 별도의 인식기준을 충족하지 못하였으나 취득일에 존재하는 사실과 상황에 대한 새로운 정보의 결과 측정기간 동안 인식된 경우에는 해당 이연법인세효익을 인식하고 있습니다. 인식된 취득 이연법인세효익은 취득과 관련된 영업권의 장부금액을 감소시키는데 적용되며 영업권의 장부금액이 영(0)인 경우에는 남아 있는 이연법인세효익을 당기손익으로 인식하고 있습니다.연결기업은 당기법인세자산과 당기법인세부채를 상계할 수 있는 법적으로 집행가능한 권리를 가지고 있고 과세대상기업이 동일한 경우 혹은 과세대상기업은 다르지만 당기법인세부채와 자산을 순액으로 결제할 의도가 있거나, 유의적인 금액의 이연법인세부채가 결제되거나 이연법인세자산이 회수될 미래의 각 회계기간마다 자산을 실현하는 동시에 부채를 결제할 의도가 있는 경우에 이연법인세자산과 이연법인세부채가 동일한 과세당국과 관련이 있는 경우에만 이연법인세자산과 이연법인세부채를 상계하여 표시하고 있습니다.\n2.3.7 외화환산연결기업은 연결재무제표를 지배기업의 기능통화인 원화로 표시하고 있습니다. 다만연결기업 내 개별기업은 각각의 기능통화를 결정하고 이를 통해 재무제표 항목을 측정하고 있습니다. 연결기업은 직접 연결법을 사용하고 있으며, 해외영업의 처분시 직접 연결법의 사용에 따른 금액을 반영한 손익을 당기손익으로 재분류하고 있습니다.\xa0\n(1) 거래와 잔액연결실체의 개별기업들의 재무제표 작성에 있어서 기능통화 외의 통화로 이루어진 거래는 거래일의 환율을 적용하여 기록하고 있습니다.화폐성 외화자산 및 부채는 보고기간말 현재의 기능통화 환율로 환산하고 있습니다.이에 따라 발생하는 환산차이는 당기손익에 반영하고 있습니다. 다만 해외사업장순투자위험회피를 위한 항목에서 발생하는 환산차이는 해당 순투자의 처분시점까지 자본에 직접 반영하고 처분시점에 당기손익에 반영하고 있습니다. 관련 법인세효과 역시 동일하게 자본항목으로 처리하고 있습니다.한편, 역사적원가로 측정하는 외화표시 비화폐성 항목은 최초 거래 발생일의 환율을,공정가치로 측정하는 외화표시 비화폐성 항목은 공정가치 측정일의 환율을 적용하여인식하고 있습니다. 비화폐성 항목의 환산에서 발생하는 손익은 해당 항목의 공정가치 변동으로 인한 손익의 인식항목과 동일하게 기타포괄손익 또는 당기손익으로 인식하고 있습니다.관련 자산, 비용, 수익(또는 그 일부)의 최초 인식에 적용할 환율을 결정하기 위한 거래일은 연결기업이 대가를 선지급하거나 선수취하여 비화폐성자산이나 비화폐성부채를 최초로 인식한 날입니다. 선지급이나 선수취가 여러 차례에 걸쳐 이루어지는 경우, 연결기업은 대가의 선지급이나 선수취로 인한 거래일을 각각 결정합니다.연결기업의 해외사업장에 대한 순투자의 일부인 화폐성항목에서 생기는 외환차이를 기타포괄손익으로 인식하고 순투자의 처분시점에 자본에서 당기손익으로 재분류합니다. (2) 해외사업장의 환산해외사업장의 자산ㆍ부채는 보고기간말 현재 환율을, 손익계산서 항목은 거래일의 환율을 적용하여 원화로 환산하며 이러한 환산에서 발생하는 외환차이는 기타포괄손익으로 인식하고 있습니다. 한편 이러한 기타포괄손익에 인식된 외환차이의 누계액은 해외사업장의 처분시점에 당기손익에 반영하고 있습니다.해외사업장의 취득으로 발생하는 영업권과 자산ㆍ부채의 장부금액에 대한 공정가치조정액은 해외사업장의 자산ㆍ부채로 보아 마감환율로 환산하고 있습니다.2.3.8 매각예정비유동자산과 중단영업연결기업은 비유동자산(또는 처분자산집단)의 장부금액이 계속사용이 아닌 매각거래나 분배를 통하여 주로 회수될 것이라면 이를 매각예정으로 분류하고 있습니다. 매각예정으로 분류된 비유동자산과 처분자산집단은 매각부대원가 차감 후 공정가치와 장부금액 중 작은 금액으로 측정하고 있습니다. 매각부대원가는 자산(또는 처분자산집단)의 처분에 직접 귀속되는 증분원가(금융원가와 법인세비용 제외)입니다. 매각예정으로의 분류 조건은 매각이 비유동자산(또는 처분자산집단)이 현재의 상태에서 즉시 매각 가능하고 그 매각가능성이 매우 높은 경우에 충족되는 것으로 보고 있습니다. 매각을 완료하기 위하여 요구되는 조치들은 그 매각이 유의적으로 변경되거나 철회될 가능성이 낮음을 보여야 하며, 매각예정으로 분류한 시점에서 1년 이내에 매각이 완료될 것으로 예상되어야 합니다. 매각예정으로 분류된 유ㆍ무형자산은 감가상각 또는 상각하지 않고 있습니다.매각예정 또는 분배예정으로 분류된 자산과 부채는 재무상태표에서 별도의 유동항목으로 표시하고 있습니다. 다음 중 하나에 해당되는 경우 처분자산집단은 중단영업에 해당됩니다. \xa0- 별도의 주요 사업계열이나 영업지역이다. - 별도의 주요 사업계열이나 영업지역을 처분하려는 단일 계획의 일부이다. - 매각만을 목적으로 취득한 종속기업이다. 연결기업은 세후중단영업손익을 계속영업의 결과에서 제외하고 손익계산서에 단일금액으로 표시하고 있습니다.2.3.9 현금배당지배기업은 배당을 지급하기 위해 분배가 승인되고 더 이상 기업에게 재량이 없는 시점에 부채를 인식하고 있습니다. 주주에 대한 분배는 주주에 의한 승인을 필요로 합니다. 대응되는 금액은 자본에 직접 반영하고 있습니다.2.3.10 유형자산건설중인자산은 취득원가에서 손상차손누계액을 차감한 잔액으로, 유형자산은 취득원가에서 감가상각누계액과 손상차손누계액을 차감한 잔액으로 표시하고 있습니다. 이러한 원가에는 자산의 인식요건을 충족한 대체원가 및 장기건설 프로젝트의 차입원가를 포함하고 있습니다. 유형자산의 주요 부분이 주기적으로 교체될 필요가 있는 경우 연결기업은 그 부분을 개별자산으로 인식하고 해당 내용연수동안 감가상각하고있습니다. 또한 종합검사원가와 같이 자산의 인식요건을 충족하는 경우에는 유형자산의 장부금액에 포함되어 있으며 모든 수선 및 유지비용은 발생시점에 당기손익에 반영하고 있습니다. 유형자산의 경제적 사용이 종료된 후에 원상회복을 위하여 자산을 제거, 해체하거나, 부지를 복원하는 데 소요될 것으로 추정되는 비용이 충당부채의 인식요건을 충족하는 경우 그 지출의 현재가치를 유형자산의 취득원가에 포함하고 있습니다.고객으로부터 이전받은 유형자산은 최초측정시 통제를 획득한 날의 공정가치로 측정하고 있습니다.한편, 토지를 제외한 자산은 취득원가에서 잔존가치를 제외하고, 다음의 추정 경제적내용연수에 걸쳐 정액법으로 상각됩니다.\xa0\n구 분\n추정내용연수\n건 \xa0 \xa0 \xa0 \xa0 \xa0 \xa0 물\n10~55년\n구 \xa0 \xa0 \xa0축 \xa0 \xa0 물\n10~40년\n기 \xa0 계 \xa0장 \xa0 치\n4~15년\n기타의유형자산\n4~30년\n연결기업은 자산의 추정잔존가치와 기대내용연수를 매년 검토하고 있습니다. 특히, 연결기업은 예상 내용 연수 및 추정 잔존 가치를 평가할 때 보건, 안전 및 환경 법규의 영향을 고려합니다. \n유형자산은 처분하는 때 또는 사용이나 처분을 통하여 미래경제적효익이 기대되지 않을 때 제거합니다. 유형자산의 제거로 인하여 발생하는 손익은 순매각금액과 장부금액의 차이로 결정되며, 자산을 제거할 때 당기손익으로 인식합니다.\xa0\n유형자산의 잔존가치, 내용연수 및 감가상각방법은 적어도 매 회계연도말에 재검토하고, 변경시 변경효과는 전진적으로 인식합니다.2.3.11 리스연결기업은 계약에서 대가와 교환하여, 식별되는 자산의 사용 통제권을 일정기간 이전하게 하는지를 고려하여 계약의 약정시점에, 계약자체가 리스인지, 계약이 리스를 포함하는지를 판단합니다.\n(1) 리스이용자로서의 연결기업연결기업은 단기리스와 소액 기초자산 리스를 제외한 모든 리스에 대하여 하나의 인식과 측정 접근법을 적용합니다. 연결기업은 리스료 지급의무를 나타내는 리스부채와 기초자산의 사용권을 나타내는 사용권자산을 인식합니다.1) 사용권자산연결기업은 리스개시일(즉, 기초자산이 사용가능한 시점)에 사용권자산을 인식합니다. 사용권자산은 원가로 측정하고, 후속 측정 시 원가모형을 적용하였습니다. 원가모형을 적용하기 위하여 감가상각누계액과 손상차손누계액을 차감하고, 리스부채의 재측정에 따른 조정을 반영합니다. 사용권자산의 원가는 인식된 리스부채 금액, 최초직접원가, 그리고 받은 리스 인센티브를 차감한 리스개시일이나 그 전에 지급한 리스료를 포함합니다. 사용권자산은 리스기간과 추정된 내용연수 중 짧은 기간에 걸쳐 정액기준으로 감가상각됩니다.리스기간 종료시점에 연결기업에 기초자산의 소유권이 이전되는 경우나 사용권자산의 원가에 연결기업이 매수선택권을 행사할 것임이 반영되는 경우, 감가상각은 기초자산의 추정된 내용연수를 사용하여 계산됩니다.사용권자산의 손상은 주석 2.3.18 \'비금융자산의 손상\'에 대한 회계정책에 따라 인식됩니다.2) 리스부채리스 개시일에, 연결기업은 리스기간에 걸쳐 지급될 리스료의 현재가치로 리스부채를 측정합니다. 리스료는 고정리스료(실질적인 고정리스료를 포함하고, 받을 리스 인센티브는 차감), 지수나 요율에 따라 달라지는 변동리스료 및 잔존가치보증에 따라 지급될 것으로 예상되는 금액으로 구성됩니다. 리스료는 또한 연결기업이 매수선택권을 행사할 것이 상당히 확실한 경우에 그 매수선택권의 행사가격과 리스기간이 연결기업의 종료선택권 행사를 반영하는 경우에 그 리스를 종료하기 위하여 부담하는 금액을 포함합니다.지수나 요율에 따라 달라지는 변동리스료가 아닌 변동리스료는(재고자산을 생산하는데 발생된 것이 아니라면) 리스료 발생을 유발하는 사건 또는 조건이 발생한 기간의 비용으로 인식합니다.연결기업은 리스료의 현재가치를 계산할 때, 리스의 내재이자율을 쉽게 산정할 수 없기 때문에 리스개시일의 증분차입이자율을 사용합니다. 리스개시일 이후 리스부채 금액은 이자를 반영하여 증가하고 지급한 리스료를 반영하여 감소합니다. 또한, 리스부채의 장부금액은 리스기간의 변경, 리스료의 변경(예를 들어, 리스료를 산정할 때 사용한 지수나 요율의 변동으로 생기는 미래 리스료의 변동) 또는 기초자산을 매수하는 선택권 평가에 변동이 있는 경우 재측정됩니다.연결기업의 리스부채는 이자부 차입금에 포함됩니다.\n3) 단기리스와 소액 기초자산 리스연결기업은 비품, 차량 등의 리스에 단기리스(즉, 이러한 리스는 리스기간이 리스개시일로부터 12개월 이하이고 매수선택권을 포함하지 않음)에 대한 인식 면제 규정을적용합니다. 또한 연결기업은 소액자산으로 간주되는 사무용품 등의 리스에 소액자산 리스에 대한 인식 면제 규정을 적용합니다. 단기리스와 소액자산 리스에 대한 리스료는 리스기간에 걸쳐 정액기준으로 비용으로 인식합니다.\n(2) 리스제공자로서의 연결기업연결기업은 기초자산의 소유에 따른 위험과 보상의 대부분을 이전하지 않는 리스를 운용리스로 분류합니다. 리스료 수익은 리스기간에 걸쳐 정액 기준으로 인식하며, 영업 성격에 따라 손익계산서에서 매출에 포함됩니다. 운용리스 체결과정에서 부담하는 리스개설 직접원가를 기초자산의 장부금액에 더하고 리스료 수익과 같은 기준으로 리스기간에 걸쳐 비용으로 인식합니다. 조건부 임대료는 임대료를 수취하는 시점에 매출로 인식합니다.\n2.3.12 차입원가의도된 용도로 사용하거나 판매가능한 상태에 이르게 하는데 상당한 기간을 필요로하는 자산의 취득, 건설 또는 생산과 직접 관련된 차입원가는 당해 자산 원가의 일부로 자본화하고 있습니다. 기타 차입원가는 발생시 비용으로 계상하고 있습니다. 차입원가는 이 자금의 차입과 관련되어 발생된 이자와 기타원가로 구성되어 있습니다.2.3.13 투자부동산투자부동산은 관련 거래원가를 가산한 취득원가로 측정하고 있으며 발생시점에 자산의 인식요건을 충족한 대체원가를 포함하고 있습니다. 다만 일상적인 관리활동에서 발생하는 원가는 발생시점에 비용으로 인식하고 있습니다. 최초인식 이후에는 취득원가에서 감가상각누계액과 손상차손누계액을 차감한 금액을 장부금액으로 표시하고 있습니다. 연결기업은 투자부동산을 처분하거나 사용을 통하여 더 이상 미래 경제적 효익을 얻을 수 없을 것으로 예상되는 경우 연결재무제표에서 제거하고 있으며, 이로 인하여 발생되는 순처분금액과 장부금액의 차이는 제거시점의 당기손익에 반영하고 있습니다. 투자부동산의 제거로 인해 발생하는 손익에 포함될 대가(금액)는 기업회계기준서 제1115호의 거래가격 산정에 관한 요구사항에 따라 산정됩니다.\n또한 해당 자산의 사용목적이 변경된 경우에 한하여 투자부동산에서 다른 계정으로 대체하거나 다른 계정에서 투자부동산으로 대체하고 있으며, 투자부동산에서 자가사용부동산(유형자산)으로 대체되는 경우에는 사용목적이 변경된 시점의 공정가치를 간주원가로 적용하고 있습니다. 또한 자가사용부동산(유형자산)이 투자부동산으로 대체되는 경우에는 사용목적이 변경된 시점까지 해당 부동산을 유형자산과 동일하게회계처리하고 있습니다.투자부동산 중 토지에 대해서는 감가상각을 하지 않으며, 토지를 제외한 투자부동산은 경제적 내용연수에 따라 8~40년을 적용하여 정액법으로 상각하고 있습니다. 투자부동산의 감가상각방법, 잔존가치 및 내용연수는 매 보고기간종료일에 재검토하고 있으며, 이를 변경하는 것이 적절하다고 판단되는 경우 회계추정의 변경으로 회계처리하고 있습니다.\n2.3.14 무형자산\xa0\n연결기업은 개별적으로 취득한 무형자산은 취득원가로 계상하고 사업결합으로 취득하는 무형자산은 매수시점의 공정가치로 계상하며 최초취득 이후 상각누계액과 손상차손누계액을 직접 차감하여 표시하고 있습니다. 한편 개발비를 제외한 내부적으로 창출된 무형자산은 발생시점에 비용항목으로 하여 당기손익에 반영하고 있습니다.무형자산은 유한한 내용연수를 가진 무형자산과 비한정 내용연수를 가진 무형자산으로 구분되는 바, 유한한 내용연수를 가진 무형자산은 해당 내용연수에 걸쳐 상각하고손상징후가 파악되는 경우 손상여부를 검토하고 있습니다. 또한 내용연수와 상각방법은 매 회계연도말에 그 적정성을 검토하고 있으며 예상 사용기간의 변경이나 경제적효익의 소비형태 변화 등으로 인하여 변경이 필요한 경우에는 추정의 변경으로 회계처리하고 있습니다. 무형자산상각비는 해당 무형자산의 기능과 일관된 비용항목으로 하여 당기손익에 반영하고 있습니다.\n한편 비한정 내용연수를 가진 무형자산은 상각하지 아니하되 매년 개별적으로 또는 현금창출단위에 포함하여 손상검사를 수행하고 있습니다. 또한 매년 해당 무형자산에 대하여 비한정 내용연수를 적용하는 것이 적절한지를 검토하고 적절하지 않은 경우 전진적인 방법으로 유한한 내용연수로 변경하고 있습니다.\n무형자산은 처분하는 때(즉, 취득자가 해당 자산을 통제하게 되는 날) 또는 사용이나 처분으로부터 미래경제적효익이 기대되지 않을 때 제거합니다. 연결기업은 무형자산제거시 순매각금액과 장부금액의 차이로 인한 손익은 제거시점의 당기손익에 반영하고 있습니다.\n(1) 연구개발비연결기업은 연구에 대한 지출을 발생시점에 비용으로 인식하고 있습니다. 다만 개별 프로젝트와 관련된 개발비의 경우, i) 무형자산을 사용하거나 판매하기 위해 그 자산을 완성할 수 있는 기술적 실현가능성을 제시할 수 있고, ii) 무형자산을 완성하여 사용하거나 판매하려는 의도와 능력이 있으며, iii) 이를 위한 충분한 자원이 확보되어 있고, iv) 무형자산이 어떻게 미래경제적효익을 창출할 수 있는 지를 제시할 수 있으며, v) 개발단계에서 발생한 무형자산 관련 지출을 신뢰성 있게 측정할 수 있는 경우에 한하여 무형자산으로 계상하고 있습니다.\n한편 자산으로 인식한 개발비는 원가모형을 적용하여 취득원가에서 상각누계액과 손상차손누계액을 직접 차감하여 표시하고 있으며 개발이 완료되어 사용가능한 시점부터 경제적효익의 예상 지속기간에 걸쳐 상각하고 매출원가로 계상하고 있습니다. 연결기업은 자산으로 인식한 개발비에 대하여 개발기간동안 매년 손상검사를 실시하고있습니다.(2) 산업재산권개별적으로 취득한 산업재산권은 역사적 원가로 표시하고 있습니다. 산업재산권은 한정된 내용연수를 가지고 있으며 원가에서 상각누계액을 차감한 가액으로 표시하고있습니다. 산업재산권은 추정내용연수 동안 원가를 배분하기 위하여 정액법에 따라 상각이 이루어지고 있습니다.\n(3) 회원권회원권은 이를 이용할 수 있을 것으로 기대되는 기간에 대하여 예측가능한 제한이 없으므로 비한정 내용연수를 적용하고 있습니다.\n(4) 기타의무형자산기타의무형자산은 소프트웨어 등을 포함하고 있으며 역사적 원가로 표시하고 있습니다. 기타의무형자산은 한정된 내용연수를 가지고 있으며 원가에서 상각누계액을 차감한 가액으로 표시하고 있습니다. 기타의무형자산은 추정내용연수 동안 원가를 배분하기 위하여 정액법에 따라 상각이 이루어지고 있습니다.\n2.3.15 금융상품: 최초인식과 후속측정\n(1) 금융자산금융자산은 거래당사자 일방에게 금융자산을 발생시키고 동시에 다른 거래상대방에게 금융부채나 지분상품을 발생시키는 모든 계약입니다.1) 최초인식 및 측정\n금융자산은 최초 인식 시점에 후속적으로 상각후원가로 측정되는 금융자산, 기타포괄손익-공정가치 측정 금융자산, 그리고 당기손익-공정가치 측정 금융자산으로 분류됩니다.\n\xa0\n최초 인식 시점에 금융자산의 분류는 금융자산의 계약상 현금흐름 특성과 금융자산을 관리하기 위한 연결기업의 사업모형에 따라 달라집니다. 유의적인 금융요소가 포함되지 않거나 실무적 간편법을 적용하는 매출채권을 제외하고는, 연결기업은 금융자산을 최초에 공정가치로 측정하며, 당기손익-공정가치로 측정하는 금융자산의 경우가 아니라면 거래원가를 가감합니다. 유의적인 금융요소가 포함되지 않거나 실무적 간편법을 적용하는 매출채권은 기업회계기준서 제1115호에 따라 결정된 거래가격으로 측정합니다.\n\xa0\n금융자산을 상각후원가 또는 기타포괄손익-공정가치로 측정하기 위해서는 현금흐름이 원리금만으로 구성(SPPI)되어야 합니다. 이 평가는 SPPI 테스트라고 하며, 개별 상품 수준에서 수행됩니다.\xa0\n금융자산의 관리를 위한 연결기업의 사업모형은 현금흐름을 발생시키기 위해 금융자산을 관리하는 방법과 관련됩니다. 사업모형은 현금흐름의 원천이 금융자산의 계약상 현금흐름의 수취인지, 매도인지 또는 둘 다 인지를 결정합니다.\n\xa0\n시장의 합의나 규제에 의해 설정된 기간 프레임 내에서 금융자산을 이전하는 것이 요구되는 금융자산의 매입 또는 매도(정형화된 거래)는 거래일에 인식됩니다. 즉, 연결기업이 금융자산을 매입하거나 매도하기로 약정한 날을 의미합니다.\n2) 후속측정금융자산의 후속측정은 그 분류에 따라 아래 네 가지의 범주로 분류됩니다. - 당기손익-공정가치 측정 금융자산 - 누적 손익을 당기손익으로 재순환하는 기타포괄손익-공정가치 측정 금융자산(채무상품) - 제거시 누적 손익을 당기손익으로 재순환하지 않는 기타포괄손익-공정가치 측정금융자산 (지분상품) - 상각후원가 측정 금융자산 (채무상품)① 당기손익-공정가치 측정 금융자산\n당기손익-공정가치 측정 금융자산은 단기매매항목, 최초 인식 시에 당기손익-공정가치로 측정하도록 지정된 금융자산 또는 공정가치로 측정하도록 요구되는 금융자산을 포함합니다. 단기간 내에 매도하거나 재구매할 목적으로 취득한 금융자산은 단기매매항목으로 분류됩니다. 분리된 내재파생상품을 포함한 파생상품은 효과적인 위험회피수단으로 지정되지 않았다면 단기매매항목으로 분류됩니다. 현금흐름이 원리금 지급만으로 구성되지 않은 금융자산은 사업모형에 관계없이 당기손익-공정가치 측정 금융자산으로 분류 및 측정됩니다. 상기 문단에서 서술된 것과 같이 채무상품이 상각후원가 또는 기타포괄손익-공정가치 측정 금융자산으로 분류됨에도 불구하고 회계 불일치를 제거하거나 유의적으로 감소시킬 수 있다면 채무상품을 당기손익-공정가치로 측정하도록 지정할 수 있습니다.\xa0\n당기손익-공정가치 측정 금융자산은 재무상태표에 공정가치로 표시되며, 공정가치의 순변동은 손익계산서에서 당기손익으로 인식됩니다.\n\xa0\n이 범주는 파생상품과 공정가치의 변동을 기타포괄손익으로 처리하는 취소불가능한 선택을 하지 않은 상장 지분 상품을 포함합니다. 상장 지분 상품에 대한 배당은 권리가 확정된 시점에 당기손익으로 인식합니다.\xa0\n복합계약에 내재된 파생상품은 경제적인 특성과 위험이 주계약에 밀접하게 관련되지않고, 내재파생상품과 동일한 조건인 별도의 상품이 파생상품의 정의를 충족하며, 복합계약이 당기손익-공정가치로 측정되지 않는다면 주계약으로부터 분리하여 별도의파생상품으로 회계처리합니다. 내재파생상품은 공정가치로 측정하고 공정가치의 변동을 당기손익으로 인식합니다. 현금흐름을 유의적으로 변경시키는 계약 조건의 변경이 있거나 당기손익-공정가치 측정 범주에 해당하지 않게 되는 경우에만 재평가가발생합니다.\n\xa0\n주계약이 금융자산인 복합계약에서 내재파생상품은 분리하여 회계처리하지 않습니다. 주계약인 금융자산과 내재파생상품은 상품 전체를 당기손익-공정가치 측정 금융자산으로 분류합니다.\n② 기타포괄손익-공정가치 측정 금융자산(채무상품)\n연결기업은 아래의 조건을 모두 충족하는 채무상품을 기타포괄손익-공정가치 금융자산으로 측정합니다.\n- 계약상 현금흐름의 수취와 금융자산의 매도 둘 다를 통해 목적을 이루는 사업모형하에서 금융자산을 보유하고,\n- 금융자산의 계약 조건에 따라 특정일에 원리금 지급만으로 구성되어 있는 현금흐름이 발생\n기타포괄손익-공정가치 측정 채무상품에서, 이자수익, 외화환산손익, 그리고 손상 또는 환입은 상각후원가 측정 금융자산과 동일한 방법으로 계산되어 당기손익으로 인식됩니다. 나머지 공정가치 변동부분은 기타포괄손익으로 인식됩니다. 금융자산의제거 시, 기타포괄손익으로 인식한 공정가치 누적 변동분은 당기손익으로 재순환됩니다.\n③ 기타포괄손익-공정가치 측정 금융자산(지분상품)최초 인식 시점에, 연결기업은 기업회계기준서 제1032호 \'금융상품 표시\'에서의 지분의 정의를 충족하고 투자 목적으로 보유하고 있지 않은 지분상품을 기타포괄손익-공정가치로 측정하도록 하는 취소 불가능한 선택을 할 수 있습니다.\n\xa0\n이러한 금융자산에서 발생하는 손익은 당기손익으로 재순환되지 않습니다. 배당은 연결기업이 배당을 받을 권리가 확정되었을 때 손익계산서에 기타수익으로 인식되나, 금융자산의 원가 중 일부를 회수하여 이익을 얻는 경우에는 기타포괄손익으로 처리됩니다. 기타포괄손익-공정가치 측정 지분상품은 손상을 인식하지 않습니다.연결기업은 비상장지분상품에 대해서도 취소불가능한 선택을 할 수 있습니다.\n④ 상각후원가 측정 금융자산\n상각후원가 측정 금융자산은 후속적으로 유효이자율(EIR)법을 사용하여 측정되며, 손상을 인식합니다. 자산의 제거, 변경 또는 손상에서 발생하는 이익과 손실은 당기손익으로 인식됩니다.\n3) 금융자산의 제거금융자산 또는 금융자산의 일부분 또는 유사한 금융자산 집합의 일부분은 다음의 경우에 제거됩니다.- 금융자산의 현금흐름을 수취할 권리가 소멸되거나- 연결기업이 금융자산의 현금흐름을 수취할 권리를 양도하거나 양도(pass-through) 계약에 따라 수취한 현금흐름 전체를 중요한 지체 없이 제3자에게 지급할 의무가 있습니다. 이 경우에 연결기업은 금융자산의 보유에 따른 위험과 보상의 대부분을 이전하거나 금융자산의 보유에 따른 위험과 보상의 대부분을 이전하지도 보유하지도 않으나 자산에 대한 통제를 이전연결기업이 금융자산의 현금흐름을 수취할 권리를 이전하거나 양도(pass-through) 계약을 체결할 때, 자산을 소유함에 따른 위험과 보상을 유지하는지를 평가합니다. 연결기업이 금융자산의 위험과 보상의 대부분을 보유하지도 이전하지도 않았다면, 해당 금융자산에 지속적으로 관여하는 정도까지 그 금융자산을 계속 인식합니다. 이 경우에, 연결기업은 관련된 부채를 인식합니다. 양도된 자산과 관련된 부채는 연결기업이 보유한 권리와 의무를 반영하여 측정합니다.보증을 제공하는 형태인 지속적 관여는, 양도된 자산의 장부금액과 수취한 대가 중 상환을 요구받을 수 있는 최대 금액 중 낮은 금액으로 측정됩니다.4) 금융자산의 손상연결기업은 당기손익-공정가치 항목을 제외한 모든 채무상품에 대하여 기대신용손실(ECL)에 대한 충당금을 인식합니다. 기대신용손실은 계약상 수취하기로 한 현금흐름과 연결기업이 수취할 것으로 예상하는 모든 현금흐름의 차이를 최초의 유효이자율로 할인하여 추정합니다. 예상되는 현금흐름은 보유한 담보를 처분하거나 계약의 필수 조건인 그 밖의 신용 보강으로부터 발생하는 현금흐름을 포함합니다.\n\xa0\n기대신용손실은 두 개의 stage로 인식합니다. 최초 인식 이후 신용위험의 유의적인 증가가 없는 신용 익스포저에 대하여, 기대신용손실은 향후 12개월 내에 발생할 가능성이 있는 채무불이행 사건으로부터 발생하는 신용손실(12개월 기대신용손실)을 반영합니다. 최초 인식 이후 신용위험의 유의적인 증가가 있는 신용 익스포저에 대하여, 손실충당금은 채무불이행 사건이 발생하는 시기와 무관하게 익스포저의 남은 존속기간에 대한 기대신용손실(전체기간 기대신용손실)을 측정하도록 요구됩니다.\n매출채권과 계약자산에 대하여, 연결기업은 기대신용손실 계산에 간편법을 적용할 수 있습니다. 따라서, 연결기업은 신용위험의 변동을 추적하지 않는 대신에, 각 결산일에 전체기간 기대신용손실에 해당하는 금액으로 손실충당금을 인식합니다. 연결기업은 특정 채무자에 대한 미래전망정보와 경제적 환경을 반영하여 조정된 과거 신용손실 경험에 근거하여 충당금 설정률표를 설정합니다.기타포괄손익-공정가치 측정 채무상품에 대하여, 연결기업은 낮은 신용위험 간편법을 적용합니다. 매 결산일에, 연결기업은 과도한 원가나 노력 없이 이용할 수 있는 합리적이고 뒷받침될 수 있는 모든 정보를 사용하여 채무상품이 낮은 신용위험을 가지고 있다고 고려되는지를 평가합니다. 이러한 평가를 위해서, 연결기업은 채무상품의 내부 신용 등급을 재평가합니다. 또한, 연결기업은 계약상의 지급이 30일을 초과하였을 때 신용위험의 유의적인 증가가 있는지를 고려합니다.\n연결기업의 기타포괄손익-공정가치 측정 채무상품이 최상위 투자등급에 해당하는 상장 채권만으로 구성되어 있다면 낮은 신용 위험 투자자산으로 평가됩니다. 연결기업의 정책은 이러한 상품을 12개월 기대신용손실로 측정하는 것입니다. 그러나, 최초 인식 이후에 신용위험의 유의적인 증가가 있다면 손실충당금은 전체기간 기대신용손실에 근거하여 산출됩니다. 연결기업은 채무상품의 신용위험이 유의적으로 증가했는지를 결정하고 기대신용손실을 측정하기 위해 신용평가기관의 등급을 사용합니다.연결기업은 계약상 지급이 90일을 초과하여 연체되는 경우에 채무불이행이 발생한 것으로 봅니다. 그러나, 특정 상황에서, 연결기업은 내부 또는 외부 정보가 연결기업에 의한 모든 신용보강을 고려하기 전에는 연결기업이 계약상의 원금 전체를 수취하지 못할 것을 나타내는 경우에 금융자산에 채무불이행 사건이 발생했다고 볼 수 있습니다. 금융자산은 계약상 현금흐름을 회수하는 데에 합리적인 기대가 없을 때 제거됩니다.\n(2) 금융부채1) 최초인식 및 측정금융부채는 최초 인식 시점에 당기손익-공정가치 측정 금융부채, 대출과 차입, 미지급금 또는 효과적인 위험회피 수단으로 지정된 파생상품으로 적절하게 분류됩니다.\n\xa0\n모든 금융부채는 최초에 공정가치로 인식되고, 대여금, 차입금 및 미지급금의 경우에는 직접 관련된 거래원가를 차감합니다.\n\xa0\n연결기업의 금융부채는 매입부채와 기타 미지급금, 당좌차월을 포함한 대여 및 차입과 파생상품부채를 포함합니다.\n연결기업의 주요 금융부채는 매입채무및기타채무와 차입금이 있습니다.\n2) 후속측정금융부채의 후속측정은 금융부채의 분류에 따라 상이합니다.\n① 당기손익-공정가치 측정 금융부채\n당기손익-공정가치 측정 금융부채는 단기매매금융부채와 최초 인식 시점에 당기손익-공정가치로 측정하도록 지정된 금융부채를 포함합니다.\n\xa0\n금융부채가 단기간 내에 재매입할 목적으로 발생한 경우에는 단기매매항목으로 분류됩니다. 이 범주는 또한 기업회계기준서 제1109호에서 정의된 위험회피관계에 있는 위험회피수단으로 지정되지 않은 파생상품을 포함합니다. 또한 분리된 내재파생상품은 위험회피에 효과적인 수단으로 지정되지 않았다면 단기매매항목으로 분류됩니다.\n\xa0\n단기매매항목인 금융부채에서 발생하는 손익은 당기손익으로 인식됩니다.\n\xa0\n당기손익-공정가치 항목으로 지정된 금융부채는 기업회계기준서 제1109호의 기준을 충족하는 경우에 최초 인식 시점에만 지정됩니다. 연결기업은 어떤 금융부채도 당기손익-공정가치 항목으로 지정하지 않았습니다.\n② 대여금 및 차입금최초 인식 이후에, 이자부 대여금과 차입금은 후속적으로 유효이자율법을 사용하여 상각후원가로 측정됩니다. 부채가 제거되거나 유효이자율 상각 절차에 따라 발생하는 손익은 당기손익으로 인식됩니다.상각후원가는 유효이자율의 필수적인 부분인 수수료나 원가에 대한 할인이나 할증액을 고려하여 계산됩니다.이 범주는 일반적으로 이자부 대여나 차입에 적용합니다. ③ 금융보증계약연결기업이 발행한 금융보증계약은 채무상품의 최초 계약조건이나 변경된 계약조건에 따라 지급일에 특정 채무자의 지급불능에 따라 채권자가 입은 손실을 보상하기 위해 연결기업이 특정금액을 지급하여야 하는 계약입니다. 금융보증계약은 그 발행과 직접 관련된 거래비용을 차감한 공정가치를 금융부채로 최초인식하고 있습니다. 최초인식 후 금융보증부채는 보고기간말 현재 존재하는 의무를 청산하기 위해 필요한 비용의 추정치와 최초인식액 중 큰 금액으로 측정됩니다.\n3) 금융부채의 제거금융부채는 지급 의무의 이행, 취소, 또는 만료된 경우에 제거됩니다. 기존 금융부채가 대여자는 동일하지만 조건이 실질적으로 다른 금융부채에 의해 교환되거나, 기존 부채의 조건이 실질적으로 변경된 경우에, 이러한 교환이나 변경은 최초의 부채를 제거하고 새로운 부채를 인식하게 합니다. 각 장부금액의 차이는 당기손익으로 인식합니다.(3) 금융자산ㆍ금융부채의 상계\n금융자산과 금융부채는 인식한 자산과 부채에 대해 법적으로 집행 가능한 상계 권리를 현재 가지고 있고 차액으로 결제하거나 자산을 실현하는 동시에 부채를 결제할 의도가 있는 경우에 재무상태표에서 상계하여 순액으로 표시됩니다.2.3.16 파생금융상품과 위험회피회계(1) 최초 인식 및 후속 측정연결기업은 외화위험, 이자율위험, 상품 가격 위험을 회피하기 위하여 통화선도계약,이자율스왑, 상품선도계약과 같은 파생금융상품을 이용합니다. 이러한 파생금융상품은 파생계약이 체결된 시점인 최초 인식일에 공정가치로 인식되고 후속적으로 공정가치로 재측정됩니다. 파생상품은 공정가치가 0보다 클 때 금융자산으로 인식되며, 공정가치가 0보다 작을 때는 금융부채로 인식됩니다.위험회피회계의 목적에 따라 위험회피는 다음과 같이 분류됩니다.- 인식한 자산이나 부채 또는 미인식된 확정계약의 공정가치 변동에 대한 위험을 회피하는 공정가치위험회피- 인식된 자산이나 부채에 대한 특정위험에 기인하는 현금흐름의 변동, 발생가능성이 매우 높은 예상거래의 현금흐름 변동 또는 미인식된 확정계약의 외화위험에 대한위험을 회피하는 현금흐름위험회피- 해외사업장순투자의 위험회피\n위험회피관계의 개시 시점에 연결기업은 위험회피회계를 적용하고자 하는 위험회피관계와 위험관리목적 및 위험회피전략을 공식적으로 지정하고 문서화합니다.\n문서화는 위험회피수단, 위험회피대상항목, 회피대상위험의 특성 및 위험회피관계가위험회피효과에 대한 규정을 충족하는지를 평가하는 방법(위험회피에 비효과적인 부분의 원인 분석과 위험회피비율을 결정하는 방법을 포함)을 포함합니다. 위험회피관계는 다음의 위험회피효과에 대한 규정을 모두 충족합니다.- 위험회피대상항목과 위험회피수단 사이에 \'경제적 관계\'가 있습니다.- 신용위험의 효과가 위험회피대상항목과 위험회피수단의 경제적 관계에서 생긴 \'가치 변동의 대부분\' 을 차지하지 않는다.- 위험회피관계의 위험회피비율은 기업이 실제로 위험을 회피하는 위험회피대상항목의 수량과 위험회피대상항목의 수량의 위험을 회피하기 위해 연결기업이 실제 사용하는 위험회피수단의 수량의 비율과 같다.위험회피회계의 기준을 모두 충족하는 위험회피는 다음과 같이 회계처리됩니다.(2) 공정가치위험회피위험회피수단의 공정가치 변동은 당기손익으로 인식합니다. 회피대상위험에 기인한 위험회피대상항목의 공정가치변동은 위험회피대상항목의 장부금액에 포함되며 당기손익으로 인식합니다.상각후원가로 측정하는 항목에 대한 공정가치위험회피에서 장부금액 조정액은 위험회피가 존속하는 기간에 걸쳐 유효이자율법을 적용하여 상각됩니다. 유효이자율 상각은 조정액이 생긴 직후에 시작할 수 있으며, 늦어도 위험회피 손익에 대한 위험회피대상항목의 조정을 중단하기 전에는 시작해야 합니다.위험회피대상항목이 제거된 경우에 상각되지 않은 공정가치는 즉시 제거하고 당기손익으로 인식합니다.미인식된 확정계약이 위험회피대상항목으로 지정되었다면, 회피대상 위험에 기인한 확정계약의 공정가치 누적 변동분을 자산이나 부채로 인식하고, 이에 상응하는 손익은 당기손익으로 인식합니다.\n(3) 현금흐름위험회피위험회피수단에서 발생한 손익의 효과적인 부분은 현금흐름위험회피적립금 범위 내에서 기타포괄손익으로 인식하며, 비효과적인 부분은 즉시 당기손익으로 인식합니다. 현금흐름위험회피적립금은 위험회피수단의 손익 누계액과 위험회피대상항목의 공정가치 변동 누계액 중 적은 금액으로 조정합니다.연결기업은 미래의 예상거래나 확정계약의 외화위험 익스포저에 대한 통화선도계약과 상품 가격의 변동성에 대한 상품선도계약을 통해 위험회피할 수 있습니다. 통화선도계약과 관련된 비효과적인 부분은 기타비용으로 인식되며, 상품선도계약과 관련된비효과적인 부분은 기타영업수익 또는 기타영업비용으로 인식됩니다. 연결기업은 선도계약의 특정 요소를 위험회피수단으로 지정하였습니다. 선도요소는 기타포괄손익으로 인식되며 현금흐름위험회피적립금으로서 별도 자본 항목으로 인식됩니다.기타포괄손익에 누적된 금액(현금흐름위험회피적립금)은 위험회피거래의 특성에 따라 회계처리됩니다. 위험회피대상 거래가 후속적으로 비금융항목을 인식하게 된다면, 현금흐름위험회피적립금은 제거되고 관련된 자산이나 부채의 최초 인식 금액에 포함합니다. 이것은 재분류조정이 아니며, 기타포괄손익에 영향을 미치지 않습니다. 이것은 비금융자산 또는 비금융부채에 대한 위험회피대상 거래가 후속적으로 공정가치위험회피 회계를 적용하는 확정계약이 되는 경우에도 적용됩니다.현금흐름위험회피에서 현금흐름위험회피적립금은 위험회피대상 현금흐름이 당기손익에 영향을 미치는 기간에 당기손익으로 재분류조정됩니다.만약 현금흐름위험회피회계가 중단된 경우에, 위험회피대상 예상현금흐름이 여전히 발생할 것으로 예상된다면 현금흐름위험회피적립금은 기타포괄손익에 남겨 둡니다. 그렇지 않다면, 현금흐름위험회피적립금은 재분류조정으로 즉시 당기손익으로 처리됩니다. 중단 이후에 위험회피대상 예상현금흐름이 발생한다면 현금흐름위험회피적립금은 위에서 설명된 것과 같이 기초 거래의 특성에 따라 회계처리되어야 합니다.(4) 해외사업장순투자의위험회피해외사업장순투자의 위험회피는 순투자의 일부분으로 회계처리되는 화폐성항목에 대한 위험회피를 포함하며, 현금흐름위험회피와 유사한 방법으로 회계처리됩니다. 위험회피수단에서 발생하는 손익 중 위험회피에 효과적인 부분은 기타포괄손익으로 인식되며, 비효과적인 부분은 당기손익으로 인식됩니다. 해외사업장의 제거 시, 자본으로 인식된 누적 손익은 당기손익으로 이전됩니다.2.3.17 재고자산연결기업은 재고자산을 취득원가와 순실현가능가치 중 낮은 금액으로 평가하고 있습니다. 한편 재고자산별 취득원가는 매입원가, 전환원가 및 재고자산을 현재의 장소 현재의 상태로 이르게 하는 데 발생한 기타원가를 포함하고 있습니다. 재고자산의 단위원가는 미착품(개별법)을 제외하고는 평균법에 따라 결정하고 있습니다. 한편 순실현가능가치는 정상적인 영업과정의 예상 판매가격에서 예상되는 추가 완성원가와 판매비용을 차감한 금액으로 산정하고 있습니다.2.3.18 비금융자산의 손상연결기업은 매 보고기간말에 자산의 손상을 시사하는 징후가 존재하는지 검토하고 있습니다. 그러한 징후가 존재하는 경우 또는 매년 자산에 대한 손상검사가 요구되는경우 연결기업은 자산의 회수가능액을 추정하고 있습니다. 자산의 회수가능액은 자산 또는 현금창출단위의 순공정가치와 사용가치 중 큰 금액이며 개별자산별로 결정하나 해당개별자산의 현금유입이 다른 자산이나 자산집단의 현금유입과 거의 독립적으로 창출되지 않는 경우 해당 개별자산이 속한 현금창출단위별로 결정됩니다. 자산의 장부금액이 회수가능액을 초과하는 경우 자산은 손상된 것으로 보며 자산의 장부금액을 회수가능액으로 감소시키게 됩니다.사용가치는 해당 자산의 기대 미래현금흐름의 추정치를 화폐의 시간가치와 해당 자산의 위험에 대한 시장의 평가를 반영한 세전할인율로 할인한 현재가치로 평가하고 있습니다. 순공정가치는 최근거래가격을 고려하고 있습니다. 그러한 거래가 식별되지 않는 경우 적절한 평가모델을 사용하여 결정하고 있습니다. 이러한 계산에는 평가배수, 상장주식의 시가 또는 기타 공정가치 지표를 이용하고 있습니다.\n연결기업은 개별자산이 배부된 각각의 현금흐름창출단위에 대하여 작성된 구체적인 재무예산/예측을 기초로 손상금액을 계산하고 있습니다. 재무예산/예측은 일반적으로 5년간의 기간을 다루며 더 긴 기간에 대해서는 장기성장률을 계산하여 5년 이후의 기간에 적용하고 있습니다. 손상차손은 손상된 자산의 기능과 일관된 비용항목으로 하여 당기손익에 반영하고 있습니다. 다만 재평가모형을 적용하는 자산으로서 이전에 인식한 재평가잉여금이 있는 경우에는 이전 재평가금액을 한도로 재평가잉여금과 상계하고 있습니다.영업권을 제외한 자산에 대하여 매 보고기간말에 과거에 인식한 자산의 손상차손이 더 이상 존재하지 않거나 또는 감소하였다는 것을 시사하는 징후가 있는지 여부를 평가하며 그러한 징후가 있는 경우 회수가능액을 추정하고 있습니다. 과거에 인식한 영업권을 제외한 자산의 손상차손은 직전 손상차손의 인식시점 이후 해당 자산의 회수가능액을 결정하는데 사용된 추정치에 변화가 있는 경우에 한하여 손상차손을 인식하지 않았을 경우의 자산의 장부금액의 상각 후 잔액을 한도로 장부금액을 회수가능액으로 증가시키고 이러한 손상차손환입은 당기손익에 반영하고 있습니다. 다만 재평가모형을 적용하고 있는 자산의 경우에는 동 환입액을 재평가잉여금의 증가로 처리하고 있습니다.다음의 자산에 대하여는 자산손상검사에 있어 각각의 기준이 추가적으로 적용되고 있습니다.(1) 영업권연결기업은 매 보고기간말과 손상징후가 발생하였을 때 영업권의 손상검사를 수행하고 있습니다. 영업권에 대한 손상검사는 해당 영업권과 관련된 각각의 현금창출단위 또는 현금창출단위집단의 회수가능액을 추정하는 방식으로 수행되고 있으며 현금창출단위의 회수가능액이 장부금액에 미달하는 경우 손상차손을 인식하고 영업권에 대하여 인식한 손상차손은 이후에 환입하지 않습니다. \n(2) 상표권 및 회원권연결기업은 비한정 내용연수를 가진 회원권에 대하여 매 보고기간말과 손상징후가 발생하였을 때 개별 자산별 또는 현금창출단위별로 손상검사를 수행하고 있습니다.연결기업은 제조 비용을 증가시킬 수 있는 온실가스배출량 감소 법안의 도입과 같이 기후 위험이 중대한 영향을 미칠 수 있는 부분을 평가합니다. 기후변화와 관련된 이러한 위험은 회수가능액 측정에 중대한 영향을 미치는 경우 주요 가정으로 포함됩니다. 이러한 가정은 사용가치 평가 시 현금흐름 예측에 포함되었습니다.\n2.3.19 현금및현금성자산연결재무상태표상의 현금및현금성자산은 보통예금과 소액현금 및 취득당시 만기가 3개월 이내인 단기성 예금으로 구성되어 있습니다. 연결현금흐름표상의 현금및현금성자산은 이러한 현금및현금성자산에서 당좌차월을 차감한 후의 금액을 의미합니다.\n2.3.20 자기주식연결기업은 자기주식을 자본에서 차감하여 회계처리하고 있습니다. 자기주식의 취득, 매각, 발행 또는 취소에 따른 손익은 포괄손익계산서에 반영하지 않으며 장부금액과 처분대가의 차이는 기타불입자본의 기타자본잉여금으로 회계처리하고 있습니다.2.3.21 충당부채연결기업은 과거사건의 결과로 현재의무(법적의무 또는 의제의무)가 존재하고 당해 의무를 이행하기 위하여 경제적효익을 갖는 자원이 유출될 가능성이 높으며 당해 의무의 이행에 소요되는 금액을 신뢰성 있게 추정할 수 있는 경우에 충당부채를 인식하고 있습니다. 충당부채를 결제하기 위하여 필요한 지출액의 일부 또는 전부를 제3자가 변제할 것이 예상되는 경우 연결기업이 의무를 이행한다면 변제를 받을 것이 거의확실하게 되는 때에 한하여 변제금액을 인식하고 별도의 자산으로 회계처리하고 있습니다. 충당부채와 관련하여 포괄손익계산서에 인식되는 비용은 제3자의 변제와 관련하여 인식한 금액과 상계하여 표시하고 있습니다.\n화폐의 시간가치 효과가 중요한 경우 충당부채는 부채의 특유위험을 반영한 현행 세전이자율로 할인하고 있습니다. 충당부채를 현재가치로 평가하는 경우, 기간경과에 따른 장부금액의 증가는 금융비용으로 인식하고 있습니다.\n(1) 하자보수충당부채연결기업은 법적 요구에 따라 판매 시점에 결함이 존재하는 제품을 수리하는 보증을 제공하고 있습니다. 이러한 확신 유형의 보증은 고객에 제품이 판매되거나 용역이 제공되는 시점에 인식되며, 과거 경험에 근거해서 측정합니다. 하자보수 충당부채는 매년 조정됩니다. (2) 온실가스 배출연결기업은 온실가스 배출권 거래제의 결과로 무상 배출권을 수령하였습니다. 동 배출권은 매년 지급되고 있으며 실제 배출량에 대응하여 동일한 수의 배출권을 사용하여야 합니다. 연결기업은 수령한 배출권에 대하여 순부채접근법으로 회계처리하고 있으며 이에 따라 실제 배출되는 탄소량이 주어진 배출권을 초과하는 경우에만 충당부채로 계상하고 배출원가는 영업원가로 인식하고 있습니다. 배출권을 제3자로부터 구입하는 경우에는 취득원가로 계상하고 이후 이를 변제권으로 보아 배출부채에 맞추어 공정가치로 재측정하고 공정가치 변동액은 손익계산서에 계상하고 있습니다.2.3.22 종업원급여\n(1) 확정기여형 퇴직연금제도확정기여제도와 관련하여 일정기간 종업원이 근무용역을 제공하였을 때에는 그 근무용역과 교환하여 확정기여제도에 납부해야 할 기여금에 대하여 자산의 원가에 포함하는 경우를 제외하고는 당기손익으로 인식하고 있습니다. 납부해야 할 기여금은 이미 납부한 기여금을 차감한 후 부채(미지급비용)로 인식하고 있습니다. \n또한, 이미 납부한 기여금이 보고기간말 이전에 제공된 근무용역에 대해 납부하여야 하는 기여금을 초과하는 경우에는 초과 기여금 때문에 미래 지급액이 감소하거나 현금이 환급되는 만큼을 자산(선급비용)으로 인식하고 있습니다.\xa0\n(2) 확정급여형 퇴직연금제도연결기업은 확정급여형 퇴직연금제도를 운영하고 있습니다. 확정급여제도의 급여원가는 예측단위적립방식을 이용하여 결정됩니다. 보험수리적손익, 순이자에 포함된 금액을 제외한 사외적립자산의 수익 및 순이자에 포함된 금액을 제외한 자산인식상한효과의 변동으로 구성된 재측정요소는 발생 즉시 기타포괄손익으로 인식하고 있으며 후속적으로 당기손익으로 재분류하지 아니하고 있습니다.\xa0\n과거근무원가는 다음 중 이른 날에 비용으로 인식하고 있습니다. - 제도의 개정이나 축소가 발생할 때 - 관련되는 구조조정원가나 해고급여를 인식할 때  순이자는 순확정급여부채(자산)에 할인율을 곱하여 결정하고 있습니다. 연결기업은 근무원가와 순확정급여부채의 순이자를 판매비와관리비 및 매출원가의 항목으로 당기손익으로 인식하고 있습니다.\n2.3.23 정부보조금정부보조금은 보조금의 수취와 부수되는 조건의 이행에 대한 합리적인 확신이 있는 경우에 인식하고 있습니다. 수익관련보조금은 보조금으로 보전하려 하는 관련원가 와 대응시키기 위해 필요한 기간에 걸쳐 체계적인 기준에 따라 보조금을 수익으로 인식하며 자산관련보조금은 이연수익으로 인식하여 관련 자산의 내용연수 동안 매년 동일한 금액을 수익으로 인식하고 있습니다.연결기업은 비화폐성자산을 보조금으로 수취한 경우 자산과 보조금을 명목금액으로 기록하고 관련 자산의 추정내용연수에 걸쳐 정액으로 손익계산서에 수익으로 인식하고 있습니다. 시장이자율보다 낮은 이자율의 대여금 혹은 유사한 지원을 제공받은 경우 낮은 이자율로 인한 효익은 추가적인 정부보조금으로 인식하고 있습니다.\n3. 중요한 회계적 판단, 추정 및 가정 연결기업의 경영자는 재무제표 작성시 보고기간말 현재 수익, 비용, 자산 및 부채에 대한 보고금액과 우발부채에 대한 주석공시사항에 영향을 미칠 수 있는 판단, 추정 및 가정을 하여야 합니다. 그러나 이러한 추정 및 가정의 불확실성은 향후 영향을 받을 자산 및 부채의 장부금액에 중요한 조정을 유발할 수 있습니다. 연결기업이 노출된 위험 및 불확실성에 대한 기타 공시사항으로 재무위험관리(주석40), 민감도 분석(주석17, 40)이 있습니다.3.1 회계적 판단\n연결기업의 회계정책을 적용하는 과정에서, 재무제표에 인식된 금액에 가장 유의적인 영향을 미친 경영진의 판단은 다음과 같습니다.(1) 연장 및 종료선택권이 있는 계약의 리스기간 산정 - 리스이용자로서의 연결기업연결기업은 리스기간을 리스의 해지불능기간과 리스 연장선택권을 행사할 것이 상당히 확실한 경우에 그 선택권의 대상기간 또는 리스 종료선택권을 행사하지 않을 것이상당히 확실한 경우에 그 선택권의 대상기간을 포함하여 산정합니다.연결기업은 연장 및 종료 선택권을 포함하는 리스 계약들을 가지고 있습니다. 연결기업은 리스를 연장 또는 종료하기 위한 선택권을 행사할지 여부가 상당히 확실한지를 평가할 때 판단을 적용합니다. 즉, 연장선택권을 행사하거나 종료선택권을 행사하지 않을 경제적 유인이 생기게 하는 관련되는 사실 및 상황을 모두 고려합니다. 개시일 이후, 연결기업은 연결기업의 통제 하에 있는 상황에서 유의적인 사건이나 변화가 있고, 연장선택권을행사할지 종료선택권을 행사하지 않을지에 대한 능력에 영향을 미치는 경우 리스기간을 재평가합니다. \n(2) 부동산 리스의 분류 \xa0- 리스제공자로서의 연결기업\n연결기업은 투자부동산 등에 대해 리스계약을 체결하고 있습니다. 연결기업은 계약의 기간과 조건 등의 평가에 기초하여 해당 부동산 등에 따른 중요한 위험과 보상이 연결기업에 있다고 판단하고 동 리스거래를 운용리스로 회계처리하였습니다.\n3.2 회계 추정 및 가정가정 및 추정은 연결재무제표를 작성하는 시점에 입수가능한 변수에 근거하고 있습니다. 현재의 상황과 미래에 대한 가정은 시장의 변화나 연결기업의 통제에서 벗어난상황으로 인해 변화할 수 있습니다. 그러한 변화가 발생시 이를 가정에 반영하고 있습니다. 다음 회계연도내에 자산과 부채의 장부금액에 중요한 조정을 유발할 수 있는 중요한 위험을 내포한 보고기간말 현재의 미래에 대한 중요한 가정 및 추정의 불확실성에 대한 기타 주요 원천은 다음과 같습니다. \n(1) 비금융자산의 손상 연결기업은 매 결산일에 모든 비금융자산에 대하여 손상징후의 존재 여부를 평가합니다. 영업권과 비한정 내용연수의 무형자산에 대해서는 매년 또는 손상징후가 있는 경우에 손상검사를 수행합니다. 기타 비금융자산에 대해서는 장부금액이 회수가능하지 않을 것이라는 징후가 있을 때 손상검사를 수행합니다. 사용가치를 계산하기 위하여 경영진은 해당 자산이나 현금창출단위로부터 발생하는 미래기대현금흐름을 추정하고 동 미래기대현금흐름의 현재가치를 계산하기 위한 적절한 할인율을 선택하여야합니다.\n(2) 매출채권과 계약자산의 기대손실충당금연결기업은 매출채권과 계약자산에 대한 기대신용손실(ECL)을 계산하는 데 충당금 설정률표를 사용합니다. 충당금 설정률은 비슷한 손실 양상을 가지고 있는 다양한 고객 부문(예를 들어, 지역적 위치, 상품 형태, 고객 형태 및 신용등급, 담보나 거래신용보험)별 묶음의 연체일수에 근거합니다.충당금 설정률표는 연결기업의 과거에 관찰된 채무불이행률에 근거합니다. 연결기업은 설정률표를 과거 신용손실경험에 미래전망정보를 반영하여 조정합니다. 예를 들어, 미래 경제적 상황(총 국내 생산)이 향후에 악화되어 생산 분야의 채무불이행 규모가 증가할 것으로 기대된다면, 과거 채무불이행률은 조정됩니다. 매 결산일에 과거 채무불이행률을 조정하고 미래전망치의 변동을 분석합니다.과거 채무불이행률과 미래 경제상황 및 기대신용손실(ECL) 사이의 상관관계에 대한 평가는 유의적인 추정입니다. 기대신용손실의 규모는 상황과 미래 경제 환경의 변화에 민감합니다. 연결기업의 과거 신용손실경험과 경제적 환경에 대한 예상은 고객의 미래 실제 채무불이행을 나타내지 않습니다. \n(3) 퇴직급여제도 확정급여퇴직연금제도 및 퇴직후의료급여제도의 원가와 퇴직연금채무의 현재가치는 보험수리적 평가방법을 통해 결정됩니다. 보험수리적 평가방법의 적용을 위해서는 다양한 가정을 세우는 것이 필요합니다. 이러한 가정의 설정은 할인율, 미래임금상승률, 사망률 및 미래연금상승률의 결정 등을 포함합니다. 평가방법의 복잡성과 기본 가정 및 장기적인 성격으로 인해 확정급여채무는 이러한 가정들에 따라 민감하게 변동됩니다. 모든 가정은 매 보고기간말마다 검토됩니다.\xa0\n(4) 금융상품의 공정가치 활성시장이 없는 금융상품의 공정가치는 현금흐름할인법을 포함한 평가기법을 적용하여 산정하였습니다. 이러한 평가기법에 사용된 입력요소에 관측가능한 시장의 정보를 이용할 수 없는 경우 공정가치의 산정에 상당한 추정이 요구됩니다. 이러한 판단에는 유동성 위험, 신용위험, 변동성 등에 대한 입력변수의 고려가 포함됩니다. 이러한 요소들에 대한 변화는 금융상품의 공정가치에 영향을 줄 수 있습니다. \xa0\n(5) 리스 - 증분차입이자율의 산정연결기업은 리스의 내재이자율을 쉽게 산정할 수 없으므로, 리스부채를 측정하기 위해 증분차입이자율을 사용합니다. 증분차입이자율은 연결기업이 비슷한 경제적 환경에서 비슷한 기간에 걸쳐 비슷한 담보로 사용권자산과 가치가 비슷한 자산 획득에 필요한 자금을 차입한다면 지급해야 하는 이자율입니다. 따라서 증분차입이자율은 관측가능한 요율이 없거나(금융거래를 하지 않는 종속기업의 경우) 리스 조건을 반영하기 위하여 조정되어야 하는 경우(예를 들어, 리스가 종속기업의 기능통화가 아닌 경우)에 측정이 요구되는 연결기업이 \'지불해야 하는\' 사항을 반영합니다.연결기업은 가능한 경우(시장이자율과 같은) 관측가능한 투입변수를 이용하여 증분차입이자율을 측정하고(종속기업의 개별 신용등급과 같은) 특정 기업별 추정치를 작성해야 합니다.(6) 이연법인세자산의 실현가능성세무상결손금이 사용될 수 있는 미래과세소득의 발생가능성이 높은 경우 그 범위 안에서 미사용 세무상결손금에 대하여 이연법인세자산을 인식합니다. 연결실체의 경영진은 향후 세무정책과 과세소득의 발생시기 및 수준에 근거하여 인식가능한 이연법인세자산 금액을 결정하기 위하여 유의적인 판단이 요구됩니다. (7) 충당부채주석 2.3.21에 기술된 바와 같이, 연결기업은 미래 경제적자원의 유출금액을 합리적으로 추정하여 충당부채를 인식하고 있습니다. 경영진은 충당부채 산정을 위한 평가기법과 가정들이 적정하다고 믿고 있습니다.(8) 재고자산의 순실현가치의 측정재고자산은 취득원가와 순실현가능가치 중 낮은 금액으로 측정하고 있습니다. 순실현가능가치 측정은 예상판매가격과 예상되는 추가완성원가 및 판매비용의 추정이 필요하며, 이러한 추정에 경영진의 판단이 중요한 역할을 하게 됩니다.\n4. 회계정책과 공시의 변경\n4.1 연결회사가 채택한 제ㆍ개정 기준서 및 해석서\n\xa0\n연결회사는 2022년 1월 1일로 개시하는 회계기간부터 다음의 제 · 개정 기준서 및 해석서를 신규로 적용하였습니다.\n(1) \xa0기업회계기준서 제 1116호 \'리스\' 개정 - 2021년 6월 30일 후에도 제공되는 코로나19 관련 임차료 할인 등 \xa0\n코로나19의 직접적인 결과로 발생한 임차료 할인 등이 리스변경에 해당하는지 평가하지 않을 수 있도록 하는 실무적 간편법의 적용대상이 2022년 6월 30일 이전에 지급하여야 할 리스료에 영향을 미치는 리스료 감면으로 확대되었습니다. 리스이용자는 비슷한 상황에서 특성이 비슷한 계약에 실무적 간편법을 일관되게 적용해야 합니다. 해당 기준서의 개정이 재무제표에 미치는 중요한 영향은 없습니다.\n(2) 기업회계기준서 제1103호 \'사업결합\' 개정 - 개념체계의 인용\n사업결합 시 인식할 자산과 부채의 정의를 개정된 재무보고를 위한 개념체계를 참조하도록 개정되었으나, 기업회계기준서 제1037호 \'충당부채, 우발부채 및 우발자산\' 및 해석서 제2121호 \'부담금\'의 적용범위에 포함되는 부채 및 우발부채에 대해서는 해당 기준서를 적용하도록 예외를 추가하고, 우발자산이 취득일에 인식되지 않는다는 점을 명확히 하였습니다. 해당 기준서의 개정이 재무제표에 미치는 중요한 영향은 없습니다.\n(3) 기업회계기준서 제1016호 \'유형자산\' 개정 - 의도한 사용 전의 매각금액\n기업이 자산을 의도한 방식으로 사용하기 전에 생산된 품목의 판매에서 발생하는 수익을 생산원가와 함께 당기손익으로 인식하도록 요구하며, 유형자산의 취득원가에서 차감하는 것을 금지하고 있습니다. 해당 기준서의 개정이 재무제표에 미치는 중요한 영향은 없습니다.\n\xa0\n(4) 기업회계기준서 제1037호 \'충당부채, 우발부채 및 우발자산\' 개정 - 손실부담계약: 계약이행원가\n손실부담계약을 식별할 때 계약이행원가의 범위를 계약 이행을 위한 증분원가와 계약 이행에 직접 관련되는 다른 원가의 배분이라는 점을 명확히 하였습니다. 해당 기준서의 개정이 재무제표에 미치는 중요한 영향은 없습니다.\n(5) 한국채택국제회계기준 연차개선 2018-2020\n한국채택국제회계기준 연차개선 2018-2020은 2022년 1월 1일 이후 시작하는 회계연도부터 적용되며, 조기적용이 허용됩니다. 해당 기준서의 개정이 재무제표에 미치는 중요한 영향은 없습니다.\n- 기업회계기준서 제1101호 \'한국채택국제회계기준의 최초 채택\' : 최초채택기업인 종속기업- 기업회계기준서 제1109호 \'금융상품\' : 금융부채 제거 목적의 10% 테스트 관련 수수료- 기업회계기준서 제1041호 \'농림어업\' : 공정가치 측정\n\xa04.2 공표되었으나 아직 시행되지 않은 회계기준\n연결기업의 재무제표 발행승인일 현재 공표되었으나 아직 시행되지 않아 연결기업이채택하지 않은 한국채택국제회계기준의 기준서 및 해석서의 제ㆍ개정내역은 다음과같습니다.\n(1) 기업회계기준서 제1001호 \'재무제표 표시\' 개정 - 부채의 유동/비유동 분류\n\xa0\n보고기간말 현재 존재하는 실질적인 권리에 따라 유동 또는 비유동으로 분류되며, 부채의 결제를 연기할 수 있는 권리의 행사가능성이나 경영진의 기대는 고려하지 않습니다. 또한, 부채의 결제에 자기지분상품의 이전도 포함되나, 복합금융상품에서 자기지분상품으로 결제하는 옵션이 지분상품의 정의를 충족하여 부채와 분리하여 인식된 경우는 제외됩니다. 동 개정사항은 2024년 1월 1일 이후 시작하는 회계연도부터 적용될 예정이며, 조기적용이 허용됩니다. 연결회사는 동 개정으로 인한 재무제표의 영향을 검토 중에 있습니다.\n(2) 기업회계기준서 제1001호 \'재무제표 표시\' - \'회계정책\'의 공시\n\xa0\n중요한 회계정책 정보를 정의하고 이를 공시하도록 하였습니다. 동 개정 사항은 2023년 1월 1일 이후 최초로 시작하는 회계연도부터 적용되며 조기적용이 허용됩니다. 연결회사는 동 개정으로 인한 재무제표의 영향을 검토 중에 있습니다.\n(3) 기업회계기준서 제1008호 \'회계정책, 회계추정의 변경 및 오류\' - \'회계추정\'의 정의\xa0\n\xa0\n회계추정을 정의하고, 회계정책의 변경과 구별하는 방법을 명확히 하였습니다. \xa0동 개정 사항은 2023년 1월 1일 이후 최초로 시작하는 회계연도부터 적용되며 조기적용이 허용됩니다. 연결회사는 동 개정으로 인해 재무제표에 중요한 영향은 없을 것으로 예상하고 있습니다.\n(4) 기업회계기준서 제1012호 \'법인세\' - \xa0단일거래에서 생기는 자산과 부채에 대한 이연법인세 \n자산 또는 부채가 최초로 인식되는 거래의 최초 인식 예외 요건에 거래시점 동일한 가산할 일시적차이와 차감할 일시적차이를 발생시키지 않는 거래라는 요건을 추가하였습니다. 동 개정사항은 2023년 1월 1일 이후 시작하는 회계연도부터 적용하며, 조기적용이 허용됩니다. 연결회사는 동 개정으로 인해 재무제표에 중요한 영향은 없을 것으로 예상하고 있습니다.\n(5) 기업회계기준서 제1117호 \'보험계약\' 제정\xa0\n\xa0\n기업회계기준서 제1117호 \'보험계약\'은 기업회계기준서 제1104호 \'보험계약’을 대체합니다. 보험계약에 따른 모든 현금흐름을 추정하고 보고시점의 가정과 위험을 반영한 할인율을 사용하여 보험부채를 측정하고, 매 회계연도별로 계약자에게 제공한 서비스(보험보장)를 반영하여 수익을 발생주의로 인식하도록 합니다. 또한, 보험사건과 관계없이 보험계약자에게 지급하는 투자요소(해약/만기환급금)는 보험수익에서 제외하며, 보험손익과 투자손익을 구분 표시하여 정보이용자가 손익의 원천을 확인할 수 있도록 하였습니다. 동 기준서는 2023년 1월 1일 이후 최초로 시작하는 회계연도부터 적용되며, 기업회계기준서 제1109호 \'금융상품\'을 적용한 기업은 조기적용이 허용됩니다. 연결회사는 동 개정으로 인해 재무제표에 중요한 영향은 없을 것으로 예상하고 있습니다.\n\xa0\n기준서의 개정으로 기업회계기준서 제1117호를 최초로 적용하는 기업은 비교기간에 대해 선택적 분류 조정(\'overlay\')를 적용할 수 있습니다. 이러한 분류 조정은 기업회계기준서 제1117호의 적용범위에 포함되는 계약과 연관성이 없는 금융자산을 포함한 모든 금융자산에 적용할 수 있습니다. 금융자산에 분류 조정을 적용하는 기업은 기업회계기준서 제1109호의 분류와 측정 요구사항을 해당 금융자산에 적용해왔던 것처럼 비교정보를 표시하며며, 이러한 분류 조정은 상품별로 적용할 수 있습니다.\n(6) 기업회계기준서 제1001호 \' 재무제표 표시\' - 행사가격 조정 조건이 있는 금융부채 평가손익 공시 \n발행자의 주가 변동에 따라 행사가격이 조정되는 조건이 있는 금융상품의 전부나 일부가 금융부채로 분류되는 경우 그 금융부채의 장부금액과 관련 손익을 공시하도록 하였습니다. 동 개정사항은 2023년 1월 1일 이후 시작하는 회계연도부터 적용하며, 조기적용이 허용됩니다. 연결회사는 동 개정으로 인해 재무제표에 중요한 영향은 없을 것으로 예상하고 있습니다.\n5. 부문별정보(1) 부문에 대한 일반정보보고부문의 회계정책은 주석 2에서 설명한 연결기업의 회계정책과 동일합니다. 부문이익은 자원을 배분하고 부문의 성과를 평가하기 위해 최고영업의사결정자에게 보고되는 측정치입니다.연결기업의 보고부문이 수익을 창출하는 제품과 용역의 유형은 다음과 같습니다.\n부 \xa0 문\n주요 제공 용역 또는 제품\n투자부문\n투자자문 및 지분투자\n제조부문\n기타제철, 제강, 냉간압연 및 압출제품제조업 등\xa0\nIT부문\n내부통신배선공사업 등\n(2) 부문수익 및 이익\n(당기)\n(단위: 천원)\n구 \xa0 분\n투자부문\n제조부문\nIT부문\n조정 및 제거\n합 \xa0 계\n총매출액\n30,025,641\xa0\n7,568,191,910\xa0\n97,365,152\xa0\n(949,781,208)\n6,745,801,495\xa0\n부문간 수익\n(15,874,969)\n(898,549,277)\n(35,356,962)\n949,781,208\xa0\n-\xa0\n순매출(외부고객으로부터의 수익)\n14,150,672\xa0\n6,669,642,633\xa0\n62,008,190\xa0\n-\xa0\n6,745,801,495\xa0\n영업이익(손실)\n(7,714,673)\n210,163,824\xa0\n(2,612,224)\n(3,710,589)\n196,126,338\xa0\n당기순이익(손실)\n99,862,372\xa0\n118,903,019\xa0\n(2,529,821)\n(60,162,475)\n156,073,095\xa0\n감가상각비 및 상각비\n3,106,272\xa0\n128,424,776\xa0\n3,139,359\xa0\n(1,657,459)\n133,012,948\xa0\n(전기)\n(단위: 천원)\n구 \xa0 분\n투자부문\n제조부문\nIT부문\n조정 및 제거\n합 \xa0 계\n총매출액\n26,423,192\xa0\n6,570,101,892\xa0\n92,063,676\xa0\n(683,066,576)\n6,005,522,184\xa0\n부문간 수익\n(13,831,121)\n(631,647,959)\n(37,587,496)\n683,066,576\xa0\n-\xa0\n순매출(외부고객으로부터의 수익)\n12,592,071\xa0\n5,938,453,933\xa0\n54,476,180\xa0\n-\xa0\n6,005,522,184\xa0\n영업이익(손실)\n(16,652,746)\n326,975,231\xa0\n(2,324,393)\n206,288\xa0\n308,204,380\xa0\n당기순이익(손실)\n(7,349,398)\n278,004,007\xa0\n(1,803,545)\n(135,236,408)\n133,614,656\xa0\n감가상각비 및 상각비\n3,044,309\xa0\n143,660,486\xa0\n2,104,091\xa0\n(4,196,078)\n144,612,808\xa0\n(3) 부문자산 및 부채\n(당기말)\n(단위: 천원)\n구 \xa0 분\n투자부문\n제조부문\nIT부문\n조정및제거\n합 \xa0 계\n관계기업투자 및 공동기업투자\n133,877,886\xa0\n24,099,314\xa0\n390,620\xa0\n-\xa0\n158,367,820\xa0\n비유동자산(주1)\n216,124,052\xa0\n1,585,540,573\xa0\n39,038,085\xa0\n357,262,562\xa0\n2,197,965,272\xa0\n자산총계\n2,090,773,934\xa0\n6,773,320,319\xa0\n98,352,149\xa0\n(3,042,487,497)\n5,919,958,905\xa0\n부채총계\n354,653,970\xa0\n2,698,082,721\xa0\n45,972,319\xa0\n(183,342,594)\n2,915,366,416\xa0\n당기인식 자산손상차손(주2)\n869,001\xa0\n2,887,301\xa0\n402,217\xa0\n-\xa0\n4,158,519\xa0\n(주1) 금융상품, 이연법인세자산, 퇴직급여자산 및 보험계약에서 발생하는 권리는 제외하였습니다.(주2) 당기 중 기타비용(주석 34 참조)으로 계상하였습니다.(전기말)\n(단위: 천원)\n구 \xa0 분\n투자부문\n제조부문\nIT부문\n조정및제거\n합 \xa0 계\n관계기업투자 및 공동기업투자\n8,140,025\xa0\n34,636,976\xa0\n448,297\xa0\n-\xa0\n43,225,298\xa0\n비유동자산(주1)\n225,518,232\xa0\n1,691,210,037\xa0\n35,775,633\xa0\n290,241,851\xa0\n2,242,745,753\xa0\n자산총계\n1,767,294,853\xa0\n5,932,242,016\xa0\n87,774,638\xa0\n(2,249,537,208)\n5,537,774,299\xa0\n부채총계\n335,036,945\xa0\n2,550,395,034\xa0\n36,396,583\xa0\n(246,848,053)\n2,674,980,509\xa0\n당기인식 자산손상차손(주2)\n134,954,738\xa0\n17,514,299\xa0\n-\xa0\n-\xa0\n152,469,037\xa0\n(주1) 금융상품, 이연법인세자산, 퇴직급여자산 및 보험계약에서 발생하는 권리는 제외하였습니다.(주2) 당기 중 기타비용(주석 34 참조)으로 계상하였습니다.\n(4) 지역에 대한 정보\n(당기말)\n(단위: 천원)\n구 \xa0 분\n한국\n중국\n동남아\n기타\n조정 및 제거\n합 \xa0계\n자산총계\n8,320,561,499\xa0\n188,613,092\xa0\n299,663,953\xa0\n153,607,858\xa0\n(3,042,487,497)\n5,919,958,905\xa0\n재고자산\n1,482,299,016\xa0\n39,544,064\xa0\n27,448,560\xa0\n30,587,353\xa0\n(17,281,990)\n1,562,597,003\xa0\n비유동자산(주1)\n1,736,140,189\xa0\n46,551,363\xa0\n55,998,642\xa0\n2,012,515\xa0\n357,262,563\xa0\n2,197,965,272\xa0\n매출(외부고객으로부터의 수익)\n6,110,673,006\xa0\n209,728,760\xa0\n118,960,337\xa0\n306,439,392\xa0\n-\xa0\n6,745,801,495\xa0\n(주1) 금융상품, 이연법인세자산, 퇴직급여자산 및 보험계약에서 발생하는 권리는 제외하였습니다.\n(전기말)\n(단위: 천원)\n구 \xa0 분\n한국\n중국\n동남아\n기타\n조정 및 제거\n합 \xa0계\n자산총계\n7,038,774,619\xa0\n270,514,333\xa0\n315,697,887\xa0\n162,324,669\xa0\n(2,249,537,209)\n5,537,774,299\xa0\n재고자산\n1,465,378,372\xa0\n63,024,475\xa0\n44,424,023\xa0\n48,303,856\xa0\n(98,576,218)\n1,522,554,508\xa0\n비유동자산(주1)\n1,796,513,295\xa0\n84,331,520\xa0\n62,361,301\xa0\n9,297,787\xa0\n290,241,850\xa0\n2,242,745,753\xa0\n매출(외부고객으로부터의 수익)\n5,338,053,916\xa0\n285,471,224\xa0\n194,427,195\xa0\n187,569,849\xa0\n-\xa0\n6,005,522,184\xa0\n(주1) 금융상품, 이연법인세자산, 퇴직급여자산 및 보험계약에서 발생하는 권리는 제외하였습니다.\n6. 사용이 제한된 금융자산보고기간종료일 현재 금융약정으로 인하여 사용이 제한된 금융자산의 내역은 다음과같습니다.\n(단위: 천원)\n계정과목\n당기말\n전기말\n비 \xa0 고\n장ㆍ단기금융상품 등\n1,195,790\xa0\n4,231,783\xa0\n사용목적제한(주1)\n169,926\xa0\n134,493\xa0\n당좌개설보증금\n47,873,660\xa0\n-\n선물거래예치금\n4,911,746\xa0\n4,066,617\xa0\n자사주 신탁\n합 \xa0 계\n54,151,122\xa0\n8,432,893\xa0\n\u3000\n(주1) 장기차입금 신규 약정사항과 관련하여 사용이 제한된 현금성자산입니다(주석 22, 주석 45 참조).\xa0\n7. 매출채권및기타채권(1) 보고기간종료일 현재 매출채권및기타채권의 내역은 다음과 같습니다.\n(단위: 천원)\n구 \xa0 분\n당기말\n전기말\n유동\n비유동\n유동\n비유동\n매출채권\n914,349,363\xa0\n5,206,173\xa0\n777,752,481\xa0\n5,695,229\xa0\n차감: 대손충당금\n(7,299,681)\n(5,106,121)\n(5,744,083)\n(5,176,521)\n미수금\n20,655,592\xa0\n-\xa0\n27,631,030\xa0\n\u3000-\xa0\n차감: 대손충당금\n(682,337)\n-\xa0\n(685,304)\n\u3000-\xa0\n미수수익\n1,778,319\xa0\n207,309\xa0\n1,649,051\xa0\n139,418\xa0\n차감: 대손충당금\n(1,504,484)\n-\xa0\n(1,504,484)\n-\xa0\n대여금\n11,893,724\xa0\n9,315,664\xa0\n11,180,626\xa0\n9,387,525\xa0\n차감: 대손충당금\n(6,622,647)\n-\xa0\n(3,115,994)\n-\xa0\n보증금\n3,250,197\xa0\n4,030,007\xa0\n3,979,625\xa0\n1,797,699\xa0\n공사미수금\n10,645,128\xa0\n-\xa0\n2,327,377\xa0\n-\xa0\n차감: 대손충당금\n(157,209)\n-\xa0\n(157,858)\n-\xa0\n합 \xa0 계\n946,305,965\xa0\n13,653,032\xa0\n813,312,467\xa0\n11,843,350\xa0\n(2) 신용위험 및 대손충당금\n상기 매출채권및기타채권은 상각후원가측정 금융자산으로 분류되며 상각후원가로 측정됩니다. 연결기업의 매출채권및기타채권에 대한 평균 신용공여기간은 90~180일이며, 연결기업은 매출채권에 대해 전체기간 기대신용손실에 해당하는 금액으로 손실충당금을 측정합니다. 90~180일 경과 매출채권및기타채권에 대해서는 거래상대방의 과거 채무불이행 경험 및 현재의 재무상태 분석에 근거하여 결정된 미회수 추정금액을 대손충당금으로 설정하고 있습니다.\n1) 보고기간종료일 현재 연체되었으나 손상되지 않은 매출채권및기타채권의 연령분석내역은 다음과 같습니다.\n(당기말)\n(단위: 천원)\n구 \xa0 분\n90일~180일\n180일~360일\n360일초과\n합 \xa0 계\n매출채권\n92,221,525\xa0\n12,655,827\xa0\n4,125,538\xa0\n109,002,890\xa0\n기타채권\n3,588,326\xa0\n4,063,097\xa0\n251,662\xa0\n7,903,085\xa0\n합 \xa0 계\n95,809,851\xa0\n16,718,924\xa0\n4,377,200\xa0\n116,905,975\xa0\n(전기말)\n(단위: 천원)\n구 \xa0 분\n90일~180일\n180일~360일\n360일초과\n합 \xa0 계\n매출채권\n84,119,972\xa0\n27,842,060\xa0\n33,851,687\xa0\n145,813,719\xa0\n기타채권\n1,277,361\xa0\n1,514,550\xa0\n5,544,019\xa0\n8,335,930\xa0\n합 \xa0 계\n85,397,333\xa0\n29,356,610\xa0\n39,395,706\xa0\n154,149,649\xa0\n2) 보고기간종료일 현재 손상된 매출채권및기타채권의 연령분석내역은 다음과 같습니다.(당기말)\n(단위: 천원)\n구 \xa0 분\n90일 이내\n90일~180일\n180일~360일\n360일초과\n합 \xa0 계\n매출채권\n10,000\xa0\n-\xa0\n-\xa0\n9,332,800\xa0\n9,342,800\xa0\n기타채권\n96,660\xa0\n-\xa0\n400,000\xa0\n8,561,090\xa0\n9,057,750\xa0\n합 \xa0 계\n106,660\xa0\n-\xa0\n400,000\xa0\n17,893,890\xa0\n18,400,550\xa0\n(전기말)\n(단위: 천원)\n구 \xa0 분\n90일 이내\n90일~180일\n180일~360일\n360일초과\n합 \xa0 계\n매출채권\n-\xa0\n-\xa0\n617,218\xa0\n9,497,660\xa0\n10,114,878\xa0\n기타채권\n400,000\xa0\n-\xa0\n417,833\xa0\n8,264,057\xa0\n9,081,890\xa0\n합 \xa0 계\n400,000\xa0\n-\xa0\n1,035,051\xa0\n17,761,717\xa0\n19,196,768\xa0\n3) 당기 및 전기 중 매출채권및기타채권의 대손충당금의 변동내역은 다음과 같습니다.\n(단위: 천원)\n구 \xa0 분\n당 \xa0 기\n전 \xa0 기\n기초금액\n16,384,244\xa0\n13,238,838\xa0\n손상차손 인식금액\n5,241,949\xa0\n4,591,907\xa0\n제각 및 제각채권 회수 등\n(253,714)\n(1,446,501)\n기말금액\n21,372,479\xa0\n16,384,244\xa0\n8. 기타금융자산\n(1) 보고기간종료일 현재 기타금융자산의 내역은 다음과 같습니다.\n(단위: 천원)\n구 \xa0 분\n당기말\n전기말\n유동\n비유동\n유동\n비유동\n당기손익-공정가치 측정 금융자산\n6,109,993\xa0\n329,206,796\xa0\n24,259,954\xa0\n301,459,331\xa0\n위험회피에 효과적인 파생상품자산\n2,413,794\xa0\n15,547,287\xa0\n-\xa0\n71,365\xa0\n기타포괄손익-공정가치 측정 금융자산\n-\xa0\n111,484,960\xa0\n-\xa0\n69,572,698\xa0\n상각후원가측정 금융자산\n60,878,480\xa0\n69,945,861\xa0\n9,835,174\xa0\n5,210,117\xa0\n합 \xa0 계\n69,402,267\xa0\n526,184,904\xa0\n34,095,128\xa0\n376,313,511\xa0\n(2) 기타금융자산에 포함된 당기손익-공정가치 측정 금융자산의 내역은 다음과 같습니다.\n(단위: 천원)\n구 \xa0 분\n당기말\n전기말\n유동\n비유동\n유동\n비유동\n통화선도자산(주1)\n3,082,284\xa0\n752\xa0\n590,215\xa0\n-\xa0\n출자금\n-\xa0\n889,856\xa0\n4,832\xa0\n868,268\xa0\n채무상품\n-\xa0\n1,736,201\xa0\n-\n-\n기타(수익증권 등)\n3,027,709\xa0\n326,579,988\xa0\n23,664,907\xa0\n300,591,063\xa0\n합 \xa0 계\n6,109,993\xa0\n329,206,797\xa0\n24,259,954\xa0\n301,459,331\xa0\n(주1) 연결기업은 상기 파생상품 계약을 위험회피로 지정하지 않았습니다. 따라서 상기 파생상품계약의 공정가치변동은 당기손익으로 인식됩니다.\xa0\n(3) 기타금융자산에 포함된 기타포괄손익-공정가치 측정 금융자산의 내역은 다음과 같습니다.\n\xa0(단위: 천원)\n구 \xa0 분\n당기말\n전기말\n유동\n비유동\n유동\n비유동\n지분상품\n\xa0 상장지분상품\n-\xa0\n8,491,267\xa0\n-\xa0\n13,335,072\xa0\n\xa0 비상장지분상품\n-\xa0\n102,993,693\xa0\n-\xa0\n56,237,626\xa0\n합 \xa0계\n-\xa0\n111,484,960\xa0\n-\xa0\n69,572,698\xa0\n(4) 기타금융자산에 포함된 상각후원가측정 금융자산의 내역은 다음과 같습니다.\n\xa0(단위: 천원)\n구 \xa0분\n당기말\n전기말\n유동\n비유동\n유동\n비유동\n단기금융상품\n60,832,010\xa0\n-\xa0\n9,821,804\xa0\n-\xa0\n장기금융상품\n10,265\xa0\n69,787,776\xa0\n-\xa0\n51,418\xa0\n국공채 등\n36,205\xa0\n158,085\xa0\n13,370\xa0\n5,158,699\xa0\n합 \xa0 계\n60,878,480\xa0\n69,945,861\xa0\n9,835,174\xa0\n5,210,117\xa0\n9. 재고자산보고기간종료일 현재 재고자산의 내역은 다음과 같습니다.\xa0\n(단위: 천원)\n구 \xa0 분\n당기말\n전기말\n취득원가\n평가손실충당금\n장부금액\n취득원가\n평가손실충당금\n장부금액\n상품\n32,275,616\xa0\n(1,512,767)\n30,762,849\xa0\n39,657,156\xa0\n(638,688)\n39,018,468\xa0\n제품\n483,291,316\xa0\n(14,636,964)\n468,654,352\xa0\n452,922,058\xa0\n(16,474,954)\n436,447,104\xa0\n부재료\n94,688,899\xa0\n(673,165)\n94,015,734\xa0\n87,311,151\xa0\n-\xa0\n87,311,151\xa0\n반제품\n6,594,695\xa0\n-\xa0\n6,594,695\xa0\n5,422,971\xa0\n-\xa0\n5,422,971\xa0\n재공품\n524,539,994\xa0\n(23,038,092)\n501,501,902\xa0\n494,373,461\xa0\n(24,532,351)\n469,841,110\xa0\n원재료\n281,685,061\xa0\n(2,239,612)\n279,445,449\xa0\n308,782,895\xa0\n(502,489)\n308,280,406\xa0\n저장품\n23,101,735\xa0\n(511,003)\n22,590,732\xa0\n33,242,611\xa0\n(353,049)\n32,889,562\xa0\n부산물\n109,199\xa0\n-\xa0\n109,199\xa0\n6,481\xa0\n-\xa0\n6,481\xa0\n미착품\n158,922,091\xa0\n-\xa0\n158,922,091\xa0\n143,337,255\xa0\n-\xa0\n143,337,255\xa0\n합 \xa0 계\n1,605,208,606\xa0\n(42,611,603)\n1,562,597,003\xa0\n1,565,056,039\xa0\n(42,501,531)\n1,522,554,508\xa0\n연결기업이 당기 중 인식한 재고자산평가손실은 110백만원(전기: 평가손실환입 14,565백만원) 입니다.\n10. 기타자산보고기간종료일 현재 기타자산의 내역은 다음과 같습니다.\n(단위: 천원)\n구 \xa0 분\n당기말\n전기말\n유동\n비유동\n유동\n비유동\n선급금\n10,373,968\xa0\n175,092\xa0\n7,406,551\xa0\n7,275,436\xa0\n선급비용\n11,279,425\xa0\n1,474,907\xa0\n9,423,810\xa0\n743,693\xa0\n기타\n7,703,457\xa0\n480,696\xa0\n363,175\xa0\n113,032\xa0\n합 \xa0 계\n29,356,850\xa0\n2,130,695\xa0\n17,193,536\xa0\n8,132,161\xa0\n11. 관계기업투자\n(1) 보고기간종료일 현재 연결기업의 관계기업 현황은 다음과 같습니다.\n회사명\n지분율(%)\n소재지\n결산월\n주요 영업활동\n당기말\n전기말\n진양특수강㈜\n35.00\n35.00\n한국\n12월\n특수강환봉제조 등\n㈜세창스틸\n35.00\n35.00\n한국\n12월\n철강관제조업\n㈜간만세(주1)\n19.00\n19.00\n한국\n12월\n건강기능식품 도소매업\n케이퓨전테크놀로지㈜\n26.20\n29.00\n한국\n12월\n수소발생장치 제조\nXen Technologies Pte. Ltd.(주1)\n13.65\n17.07\n싱가포르\n12월\n금융투자 플랫폼\n㈜포도미디어네트워크(주1)\n18.37\n18.92\n한국\n12월\n디지털 사이니지 플랫폼\n㈜세아엔지니어링(주1) (주2)\n-\n7.95\n한국\n12월\n기체 펌프 및 압축기 제조업\nWow Kids(Beijing) Nutrition Tech. Co., Ltd.(주3)\n10.00\n-\n중국\n12월\n식물성 유제품 제조\nPT BARUN GROUP ASIA(주4)\n25.00\n-\n인도네시아\n12월\n식자재 및 식료품 유통업\nCherubic Ventures SSG V Ltd(주5)(주6)\n68.83\n-\n미국\n12월\n기타 금융 투자업\n레버런트프론티어1호 창업벤처전문 사모투자 합자회사(주6)\n48.73\n-\n한국\n12월\n기타 금융 투자업\n오아시스헬스앤뷰티투자조합(주6)\n26.60\n-\n한국\n12월\n기타 금융 투자업\nZIGG LF OPPORTUNITY I, LLC(주6)\n33.33\n-\n미국\n12월\n기타 금융 투자업\nFund IV-C, A Series of Riot Ventures Opportunity Fund, L.P(주6)\n32.86\n-\n미국\n12월\n기타 금융 투자업\nTCP TacOpps I L.P.(주6)\n43.32\n-\n미국\n12월\n기타 금융 투자업\n티비제이디(주7)\n61.00\n-\n한국\n12월\n신기술투자\n(주1) 지분율은 20% 미만이지만, 연결실체가 피투자회사의 재무정책과 영업정책에 관한 의사결정 과정에 참여할 수 있는 경우 등에 해당되어 피투자회사에 유의적인 영향력을 행사하는 것으로 보아 관계기업으로 분류하였습니다.(주2) 당기 중 보유지분 전량을 매각하였습니다. (주3) 종속기업인 ㈜아이언그레이는 당기 중 Wow Kids (Beijing) Nutrition Tech. Co., Ltd를 신규로 취득하였습니다. 지분율은 20% 미만이지만, ㈜아이언그레이가 피투자회사의 재무정책과 영업정책에 관한 의사결정 과정에 참여할 수 있는 경우 등에 해당되어 피투자회사에 유의적인 영향력을 행사하는 것으로 보아 관계기업으로 분류하였습니다.(주4) 종속기업인 ㈜아이언그레이는 당기 중 PT BARUN GROUP ASIA를 신규로 취득하였습니다.(주5) 종속기업인 ㈜아이언그레이가 보유한 지분은 지분율이 과반을 초과하지만 의결권이 제한되므로 지배력을 행사하지 않는다고 판단하였습니다. (주6) 종속기업인 ㈜아이언그레이는 해당 회사에 대하여 유한책임사원으로 배당 등 정책결정과정에 참여할 권리를 보유하는 등의 사유로 유의적인 영향력을 행사한다고 판단하여 관계기업으로 분류하였습니다. (주7) 종속기업인 ㈜세아베스틸지주는 당기 중 티비제이디를 신규로 취득하였습니 다.\n(2) 당기 및 전기 중 주요 관계기업별 지분법평가 결과는 다음과 같습니다.\xa0\n(당기)\n(단위: 천원)\xa0\n회사명\n기초\n취득\n처분\n배당금 수령\n지분법손익\n자본변동\n대체(주1)\n손상\n기말\n진양특수강㈜\n30,683,496\xa0\n-\xa0\n-\xa0\n(875,000)\n3,780,185\xa0\n(1,374,294)\n-\xa0\n-\xa0\n32,214,387\xa0\n㈜세창스틸\n3,953,480\xa0\n-\xa0\n-\xa0\n-\xa0\n1,203,402\xa0\n(1,115,622)\n-\xa0\n-\xa0\n4,041,260\xa0\nCherubic Ventures SSG V Ltd\n-\xa0\n-\xa0\n-\xa0\n-\xa0\n(54,253)\n633,247\xa0\n9,162,446\xa0\n-\xa0\n9,741,440\xa0\n레버런트프론티어1호 창업벤처전문 사모투자 합자회사\n-\xa0\n-\xa0\n-\xa0\n-\xa0\n17,382,893\xa0\n-\xa0\n26,398,486\xa0\n-\xa0\n43,781,379\xa0\nZIGG LF OPPORTUNITY I, LLC\n-\xa0\n-\xa0\n-\xa0\n-\xa0\n(486,082)\n728,300\xa0\n5,638,007\xa0\n-\xa0\n5,880,225\xa0\nFund IV-C, A Series of Riot Ventures Opportunity Fund, L.P.\n-\xa0\n-\xa0\n-\xa0\n-\xa0\n8,573,416\xa0\n47,392\xa0\n11,797,810\xa0\n-\xa0\n20,418,618\xa0\n기타\n2,552,745\xa0\n3,384,621\xa0\n(1,407,304)\n-\xa0\n(113,988)\n(63,463)\n7,989,571\xa0\n(869,001)\n11,816,202\xa0\n(주1) 당기 중 당기손익-공정가치측정금융자산에서 관계기업투자로 계정 재분류하였습니다.(전기)\n(단위: 천원)\xa0\n회사명\n기초\n취득\n처분\n지분법손익\n손상차손\n자본변동\n기타\n기말\n진양특수강㈜\n27,531,932\xa0\n-\xa0\n-\xa0\n3,151,564\xa0\n-\xa0\n-\xa0\n-\xa0\n30,683,496\xa0\n㈜세창스틸\n3,331,497\xa0\n-\xa0\n-\xa0\n408,238\xa0\n-\xa0\n213,745\xa0\n-\xa0\n3,953,480\xa0\n한일튜브㈜(주1)\n24,651,045\xa0\n-\xa0\n(27,220,160)\n2,569,115\xa0\n-\xa0\n-\xa0\n-\xa0\n-\xa0\nPT. SeAH Steel Indonesia(주1)\n-\xa0\n-\xa0\n-\xa0\n-\xa0\n-\xa0\n-\xa0\n-\xa0\n-\xa0\n기타\n1,081,159\xa0\n639,390\xa0\n-\xa0\n2,752,842\xa0\n(385,390)\n(5,044)\n(1,530,212)\n2,552,745\xa0\n(주1) 전기 중 매각계획이 확약됨에 따라 매각예정비유동자산으로 분류하였으며, 매각예정으로 분류되기 전까지 지분법 회계처리를 적용하였습니다.\n(3) 주요 관계기업의 재무정보1) 보고기간종료일 현재 주요 관계기업의 요약재무상태는 다음과 같습니다.(당기)\n(단위: 천원)\n회사명\n자 \xa0 산\n부 \xa0 채\n자 \xa0 본\n유동\n비유동\n유동\n비유동\n진양특수강㈜\n105,238,408\xa0\n25,474,701\xa0\n42,576,230\xa0\n1,601,133\xa0\n86,535,746\xa0\n㈜세창스틸\n32,093,993\xa0\n21,179,270\xa0\n19,152,333\xa0\n21,663,791\xa0\n12,457,139\xa0\nCherubic Ventures SSG V Ltd\n14,701,383\xa0\n-\xa0\n549,506\xa0\n-\xa0\n14,151,877\xa0\n레버런트프론티어1호 창업벤처전문 사모투자 합자회사\n89,977,247\xa0\n-\xa0\n127,402\xa0\n-\xa0\n89,849,845\xa0\nZIGG LF OPPORTUNITY I, LLC\n17,644,025\xa0\n-\xa0\n1,584\xa0\n-\xa0\n17,642,441\xa0\nFund IV-C, A Series of Riot Ventures Opportunity Fund, L.P.\n64,801,348\xa0\n-\xa0\n35,099\xa0\n-\xa0\n64,766,249\xa0\n(전기)\n(단위: 천원)\n회사명\n자 \xa0 산\n부 \xa0 채\n자 \xa0 본\n유동\n비유동\n유동\n비유동\n한일튜브㈜(주1)\n56,899,413\xa0\n59,442,425\xa0\n28,164,447\xa0\n962,851\xa0\n87,214,540\xa0\n진양특수강㈜\n91,862,967\xa0\n32,488,242\xa0\n40,480,448\xa0\n1,090,809\xa0\n82,779,952\xa0\n㈜세창스틸\n28,910,610\xa0\n17,080,300\xa0\n10,958,130\xa0\n22,247,281\xa0\n12,785,499\xa0\nPT. SeAH Steel Indonesia(주1)\n255,473\xa0\n288,678\xa0\n26,861\xa0\n-\xa0\n517,290\xa0\n(주1) 매각예정으로 분류된 시점의 요약재무상태입니다.\n2) 당기 및 전기 중 주요 관계기업의 요약경영성과는 다음과 같습니다.(당기)\n\xa0(단위: 천원)\xa0\n회사명\n매출액\n영업손익\n당기순손익\n총포괄손익\n진양특수강㈜\n264,849,508\xa0\n9,673,629\xa0\n10,468,886\xa0\n10,468,886\xa0\n㈜세창스틸\n67,110,766\xa0\n3,023,646\xa0\n1,823,141\xa0\n1,823,141\xa0\nCherubic Ventures SSG V Ltd\n-\xa0\n(78,817)\n(78,817)\n841,133\xa0\n레버런트프론티어1호 창업벤처전문 사모투자 합자회사\n-\xa0\n35,673,847\xa0\n35,673,847\xa0\n35,673,847\xa0\nZIGG LF OPPORTUNITY I, LLC\n-\xa0\n(1,458,247)\n(1,458,247)\n726,656\xa0\nFund IV-C, A Series of Riot Ventures Opportunity Fund, L.P.\n-\xa0\n26,094,349\xa0\n26,094,349\xa0\n26,238,595\xa0\n(전기)\n\xa0(단위: 천원)\xa0\n회사명\n매출액\n영업손익\n당기순손익\n총포괄손익\n진양특수강㈜\n233,123,987\xa0\n9,342,946\xa0\n8,227,490\xa0\n8,227,490\xa0\n㈜세창스틸\n59,438,856\xa0\n1,062,343\xa0\n1,426,971\xa0\n1,426,971\xa0\n한일튜브㈜(주1)\n169,534,910\xa0\n7,563,554\xa0\n9,509,081\xa0\n9,509,081\xa0\nPT. SeAH Steel Indonesia(주1)\n-\xa0\n(6,000)\n(1,010)\n2,747\xa0\n(주1) 매각예정으로 분류된 시점의 요약경영성과입니다.\n(4) 당기말 및 전기말 현재 주요 관계기업의 재무정보금액을 연결기업의 관계기업에 대한 지분의 장부금액으로 조정한 내역은 다음과 같습니다. (당기말)\n\xa0(단위: 천원)\xa0\n구 \xa0 분\n당기말순자산(a)(주1)\n연결실체지분율(b)\xa0\n순자산지분금액(a×b)\n영업권\n미실현이익 등\n장부금액\n진양특수강㈜\n86,535,746\xa0\n35.00%\n30,287,511\xa0\n2,127,932\xa0\n(201,056)\n32,214,387\xa0\n㈜세창스틸\n12,457,140\xa0\n35.00%\n4,359,999\xa0\n-\xa0\n(318,739)\n4,041,260\xa0\nCherubic Ventures SSG V Ltd\n14,151,877\xa0\n68.83%\n9,741,440\xa0\n-\xa0\n-\xa0\n9,741,440\xa0\n레버런트프론티어1호 창업벤처전문 사모투자 합자회사\n89,849,845\xa0\n48.73%\n43,781,379\xa0\n-\xa0\n-\xa0\n43,781,379\xa0\nZIGG LF OPPORTUNITY I, LLC\n17,642,441\xa0\n33.33%\n5,880,225\xa0\n-\xa0\n(589)\n5,880,225\xa0\nFund IV-C, A Series of Riot Ventures Opportunity Fund, L.P.\n64,766,249\xa0\n32.86%\n21,279,242\xa0\n(860,624)\n1,153\xa0\n20,418,618\xa0\n(주1) 당기말 순자산은 동 피투자기업의 지배기업소유주지분에 해당하는 금액입니 다.\n(전기말)\n(단위: 천원)\xa0\n구 \xa0 분\n전기말순자산(a)(주1)\n연결실체 지분율(b)\xa0\n순자산지분금액(a×b)\n영업권\n미실현이익\xa0\n손상차손\n처 분\n장부금액\n진양특수강㈜\n82,779,952\xa0\n35.00%\n28,972,983\xa0\n2,127,932\xa0\n(417,419)\n-\xa0\n-\xa0\n30,683,496\xa0\n㈜세창스틸\n12,785,499\xa0\n35.00%\n4,474,925\xa0\n-\xa0\n(521,445)\n-\xa0\n-\xa0\n3,953,480\xa0\n한일튜브㈜(주2)\n87,214,540\xa0\n27.00%\n23,547,926\xa0\n3,672,234\xa0\n-\xa0\n-\xa0\n(27,220,160)\n-\xa0\nPT. SeAH Steel Indonesia(주2)\n517,290\xa0\n40.00%\n206,916\xa0\n-\xa0\n-\xa0\n(206,916)\n-\xa0\n-\xa0\n(주1) 전기말 순자산은 동 피투자기업의 지배기업소유주지분에 해당하는 금액입니 다.(주2) 매각예정으로 분류된 시점의 재무정보금액을 이용하였습니다.\n(5) 상기내역에 포함되지 않은 사항으로 당기 및 전기 중 관계기업인 Xen Technologies Pte. Ltd.,에 대하여 손상차손을 각각 869백만원 및 385백만원을 인식하였습니 다.\xa0\n12. 공동기업투자\n(1) 보고기간종료일 현재 연결기업의 공동기업 현황은 다음과 같습니다.\n회사명\n지분율(%)(주1)\n소재지\n결산월\n주요 영업활동\n당기말\n전기말\n㈜세아에삽(주1)\n-\n-\n한국\n12월\n용접봉 제조판매 등\nIG DIGITAL, LLC\n50.00\n50.00\xa0\n미국\n12월\n기타투자업\n㈜피치\n48.50\n48.50\xa0\n한국\n12월\n소프트웨어 개발 및 공급업\nSeAH Gulf Special Steel Industries(주2)\n51.00\n-\n사우디아라비아\n12월\n기타철강 제조업\n(주1) 전기 중 매각계획이 확약됨에 따라 매각예정비유동자산으로 분류하였으며, 당기 중 처분이 완료되었습니다.(주2) 당기 중 종속기업인 ㈜세아창원특수강은 사우디산업투자공사(Dussur)와 계약을 체결하여 합작법인 SeAH Gulf Special Steel Industries을 설립하였습니다. ㈜세아창원특수강이 소유하고 있는 지분율이 51%로 지분율 과반수 보유회사이나, 다른 주주와의 약정에 따라 주요한 영업 및 재무 의사결정은 공동으로 행사하도록 협약함에 따라 공동기업으로 분류하였습니다. \n(2) 당기 및 전기 중 주요 공동기업의 지분법평가 결과는 다음과 같습니다. (당기)\n(단위: 천원)\xa0\n회사명\n기 초\n취 득\n지분법손익\n자본변동\n기 말\nIG DIGITAL, LLC\n6,006,467\xa0\n-\xa0\n(46,814)\n415,342\xa0\n6,374,995\xa0\nSeAH Gulf Special Steel Industries\n-\xa0\n25,065,752\xa0\n(208,076)\n(758,362)\n24,099,314\xa0\n기타\n29,110\xa0\n-\xa0\n(29,110)\n-\xa0\n-\xa0\n(전기)\n(단위: 천원)\xa0\n회사명\n기 초\n취 득\n배당금수령\n지분법손익\n자본변동\n대 체\n기 말\nIG DIGITAL, LLC\n-\xa0\n118,670\xa0\n-\xa0\n(38,211)\n346,008\xa0\n5,580,000\xa0\n6,006,467\xa0\n㈜세아에삽(주1)\n27,988,200\xa0\n-\xa0\n(1,999,853)\n3,118,823\xa0\n292\xa0\n(29,107,462)\n-\xa0\n기타\n-\xa0\n48,500\xa0\n-\xa0\n(19,390)\n-\xa0\n-\xa0\n29,110\xa0\n(주1) 전기 중 매각계획이 확약됨에 따라 매각예정비유동자산으로 분류하였으며(주석 18 참조), 매각예정으로 분류되기 전까지 지분법 회계처리를 적용하였습니다.\n(3) 공동기업의 재무정보1) 보고기간종료일 현재 주요 공동기업의 요약재무상태는 다음과 같습니다. (당기)\n(단위: 천원)\xa0\n회사명\n자 \xa0 산\n부 \xa0 채\n자 \xa0 본\n유동\n비유동\n유동\n비유동\nIG DIGITAL, LLC\n12,751,257\xa0\n-\xa0\n1,267\xa0\n-\xa0\n12,749,990\xa0\nSeAH Gulf Special Steel Industries\n17,870,719\xa0\n29,382,838\xa0\n-\xa0\n-\xa0\n47,253,557\xa0\n(전기)\n(단위: 천원)\xa0\n회사명\n자 \xa0 산\n부 \xa0 채\n자 \xa0 본\n유동\n비유동\n유동\n비유동\nIG DIGITAL, LLC\n12,086,589\xa0\n-\xa0\n73,654\xa0\n-\xa0\n12,012,935\xa0\n㈜세아에삽(주1)\n56,377,552\xa0\n32,724,967\xa0\n18,478,915\xa0\n11,527,078\xa0\n59,096,526\xa0\n(주1) 매각예정으로 분류된 시점의 요약재무상태입니다.\n2) 당기 및 전기 중 주요 공동기업의 요약경영성과은 다음과 같습니다.(당기)\n\xa0(단위: 천원)\xa0\n회사명\n매출액\n영업이익\n당기순손익\n총포괄손익\nIG DIGITAL, LLC\n-\xa0\n-\xa0\n(93,629)\n737,055\xa0\nSeAH Gulf Special Steel Industries\n-\xa0\n-\xa0\n(407,991)\n(1,894,977)\n(전기)\n\xa0(단위: 천원)\xa0\n회사명\n매출액\n영업이익\n당기순손익\n총포괄손익\nIG DIGITAL, LLC\n-\xa0\n-\xa0\n(76,422)\n615,595\xa0\n㈜세아에삽(주1)\n75,111,856\xa0\n6,780,497\xa0\n6,237,645\xa0\n6,238,230\xa0\n(주1) 매각예정으로 분류된 시점의 요약경영성과입니다.\n(4) 당기말 및 전기말 현재 주요 공동기업의 재무정보금액을 연결기업의 공동기업지분에 대한 장부금액으로 조정한 내역은 다음과 같습니다. (당기말)\n(단위: 천원)\xa0\n회사명\n당기말순자산(a) (주1)\n연결실체지분율(b)\xa0\n순자산지분금액(a×b)\n차감:미실현손실\xa0\n장부금액\nIG DIGITAL, LLC\n12,749,990\xa0\n50.00%\n6,374,995\xa0\n-\xa0\n6,374,995\xa0\nSeAH Gulf Special Steel Industries\n47,253,557\xa0\n51.00%\n24,099,314\xa0\n-\xa0\n24,099,314\xa0\n(전기말)\n(단위: 천원)\xa0\n회사명\n전기말순자산(a) (주1)\n연결실체지분율(b)\xa0\n순자산지분금액(a×b)\n차감:미실현손실\xa0\n대 체\n장부금액\nIG DIGITAL, LLC\n12,012,935\xa0\n50.00%\n\xa06,006,467\xa0\n-\xa0\n-\xa0\n6,006,467\xa0\n㈜세아에삽(주2)\n59,096,526\xa0\n50.00%\n29,548,263\xa0\n(440,801)\n(29,107,462)\n-\xa0\n(주1) 전기말 순자산은 동 피투자기업의 지배기업소유주지분에 해당하는 금액입니 다.(주2) 매각예정으로 분류된 시점의 재무정보금액을 이용하였습니다.\n13. 종속기업\n(1) 종속기업에 대한 지분지배기업은 최상위지배기업으로서 보고기간종료일 현재 지배기업의 연결대상 종속기업의 현황은 다음과 같습니다.\n회사명\n지분율(%)(주1)\n소재지\n결산월\n주요 영업활동\n당기말\n전기말\n㈜세아엘앤에스\n100.00\n100.00\n한국\n12월\n복합화물운송주선업, 기타제철 및 제강업\n㈜세아베스틸지주(구, ㈜세아베스틸)(주2,3)\n61.72\n61.72\n한국\n12월\n지주회사\n㈜세아베스틸(주3)\n100.00\n-\n한국\n12월\n기타제철 및 제강업\n㈜세아네트웍스\n100.00\n100.00\n한국\n12월\n내부통신배선공사업\n㈜브이엔티지\n88.03\n88.03\n한국\n12월\n컴퓨터 시스템 통합자문, 구축 및 관리업\n㈜세아특수강\n68.70\n68.70\n한국\n12월\n냉간압연 및 압출제품제조업\n㈜세아메탈\n100.00\n100.00\n한국\n12월\n냉간압연 및 압출제품제조업\n㈜세아엠앤에스\n83.92\n83.92\n한국\n12월\n기타제련 및 합금제조업\nPT.SeAHNESIA\n87.50\n87.50\n인도네시아\n12월\n제조업\nPos-SeAH Steel Wire(Nantong) Co., Ltd.\n75.00\n75.00\n중국\n12월\n제조업\nSeAH Automotive(Nantong) Co., Ltd.\n100.00\n100.00\n중국\n12월\n제조업\n㈜아이언그레이\n100.00\n100.00\n한국\n12월\n부동산임대사업 및 투자사업\nKB와이즈스타일반사모부동산투자신탁제2호(주5)\n68.75\n68.75\n한국\n12월\n부동산투자신탁업\nPT. SeAH Resources & Investment\n100.00\n100.00\n인도네시아\n12월\n광산관련사업에 대한 투자업\nPos-SeAH Steel Wire(Tianjin) Co., Ltd.(주4)\n100.00\n100.00\n중국\n12월\n제조업\n㈜세아창원특수강\n100.00\n100.00\n한국\n12월\nSTS 특수강 제조 외\nPos-SeAH Steel Wire(Thailand) Co., Ltd.\n75.00\n75.00\n태국\n12월\n제조업\nSeAH Global Inc.\n100.00\n100.00\n미국\n12월\n판매업\nSeAH Global (Thailand) Co., Ltd.\n100.00\n100.00\n태국\n12월\n판매업\nNeptune Partners PTE.LTD.\n100.00\n100.00\n싱가포르\n12월\n투자자문업\n㈜씨티씨\n100.00\n100.00\n한국\n12월\n제조업\n㈜윈트러스트\n100.00\n100.00\n한국\n12월\n소프트웨어 개발 및 공급업\nEVERGUARD, INC.\n70.00\n70.00\n미국\n12월\n소프트웨어 서비스업\nSeAH Global Vina Company Limited\n100.00\n100.00\n베트남\n12월\n제조업\n㈜세아항공방산소재\n100.00\n100.00\n한국\n12월\n제조업\nSeAH CTC Co., Ltd.\n51.00\n51.00\n중국\n12월\n제조업\nSeAH M&S Vietnam Co., LTD\n100.00\n100.00\n베트남\n12월\n제조업\nSeAH Global India Private Limited\n100.00\n100.00\n인도\n3월\n판매업\nSeAH Global Japan Co., Ltd.\n100.00\n100.00\n일본\n3월\n판매업\n㈜세아에프에스(주6)\n-\n-\n한국\n12월\n강관제조업\n㈜우진정공(주6)\n-\n-\n한국\n12월\n냉장고용 튜브 등 제조업\nS&G Holdings Ltd.(주6)\n-\n-\n홍콩\n12월\n투자자문업\nFoshan SeAH Precision Metal Co., Ltd.(주6)\n-\n-\n중국\n12월\n제조업\nSeAH Precision Mexico S.A. DE C.V.(주6)\n-\n-\n멕시코\n12월\n제조업\nSuzhou SeAH Precision Metal Co., Ltd.(주6)\n-\n-\n중국\n12월\n제조업\nSeAH Precision Metal(Thailand) Co., Ltd.(주6)\n-\n-\n태국\n12월\n제조업\nQingdao SeAH Precision Metal Co., Ltd.(주6)\n-\n-\n중국\n12월\n제조업\nPT. SeAH Precision Metal Indonesia(주6)\n-\n-\n인도네시아\n12월\n제조업\nIndia SeAH Precision Metal Pvt., Ltd.(주6)\n-\n-\n인도\n3월\n냉장고 및 에어컨 부품가공업\n㈜디어테일(주7)\n100.00\n-\n한국\n12월\n전자상거래업\nIRONGREY LLC(주8)\n100.00\n-\n미국\n12월\n투자자문업\n㈜세아기술투자(주8)\n100.00\n-\n한국\n12월\n기타 금융 투자업\nFR GTUS CO-INVESTMENT, L.P.(주8)\n97.09\n-\n한국\n12월\n기타 금융 투자업\nAL-500-Funds, LP(주9)\n99.76\n-\n미국\n12월\n기타 금융 투자업\n포레스트아이지합자조합(주9)\n97.35\n-\n한국\n12월\n기타 금융 투자업\n(주1) 의결권이 있는 주식으로서 연결기업이 소유한 총 지분합계 기준입니다.\n(주2) 당기말 현재 지배기업이 보유하고 있는 동 종속기업에 대한 주식 3,500,000주는 연결기업의 채무와 관련하여 담보로 제공되어 있습니다(주석 45 참조).(주3) 당기 중 종속기업인 ㈜세아베스틸은 특수강 제조 등 사업부문 일체를 물적분할 후 사명을 ㈜세아베스틸로 하는 종속기업(설립 후 분할존속법인의 보유지분율 100%)을 신규 설립하였으며, 분할존속법인의 사명을 ㈜세아베스틸지주로 변경하였습니다.(주4) 동 종속기업의 비지배주주인 포스코차이나와의 지분옵션 계약을 고려한 지분율입니다(주석 45 참조).(주5) 당기말 현재 종속기업인 ㈜아이언그레이가 보유하고 있는 동 종속기업에 대한 출자좌수 24,994백만좌는 ㈜아이언그레이의 채무와 관련하여 담보로 제공되어 있습니다(주석 45 참조)(주6) 전기 중 동 종속기업에 대한 매각계획이 확약됨에 따라 매각예정비유동자산으로 분류하였으며, 당기 중 처분이 완료되었습니다. (주7) 당기 중 종속기업인 ㈜브이엔티지는 사업부문 일부를 물적분할 후 사명을 ㈜디어테일로 하는 종속기업을 신규 설립하였습니다.(주8) 당기 중 신규 설립 또는 지분투자 하였습니다.(주9) 당기 중\xa0당기손익-공정가치 측정 금융자산에서 종속기업으로 계정대체 되었습니다.\xa0\r\n(2) 중요한 종속기업의 재무정보① 당기말 및 전기말 현재 중요한 연결대상 종속기업의 별도재무제표 기준 요약재무상태는 다음과 같습니다.(당기말)\n(단위: 천원)\n구 \xa0 분\n자 \xa0 산\n부 \xa0 채\n자 \xa0 본\n유동\n비유동\n유동\n비유동\n㈜세아베스틸지주(구, ㈜세아베스틸)\n16,668,301\xa0\n1,741,080,783\xa0\n111,626,385\xa0\n129,129,631\xa0\n1,516,993,068\xa0\n㈜세아베스틸\n863,146,131\xa0\n699,281,827\xa0\n492,719,289\xa0\n364,925,185\xa0\n704,783,484\xa0\n㈜세아특수강\n339,919,765\xa0\n180,624,518\xa0\n168,667,929\xa0\n24,240,221\xa0\n327,636,133\xa0\n㈜세아창원특수강\n854,624,097\xa0\n751,116,639\xa0\n481,992,601\xa0\n219,318,120\xa0\n904,430,015\xa0\n㈜세아메탈\n60,415,536\xa0\n28,645,555\xa0\n42,492,276\xa0\n5,019,168\xa0\n41,549,647\xa0\n㈜세아네트웍스\n22,940,202\xa0\n21,411,736\xa0\n20,671,334\xa0\n2,095,019\xa0\n21,585,585\xa0\n㈜아이언그레이\n64,747,247\xa0\n592,466,478\xa0\n34,622,505\xa0\n68,859,319\xa0\n553,731,901\xa0\n㈜세아엠앤에스\n373,922,105\xa0\n44,479,477\xa0\n333,301,077\xa0\n567,190\xa0\n84,533,315\xa0\n(전기말)\n(단위: 천원)\xa0\n구 \xa0 분\n자 \xa0 산\n부 \xa0 채\n자 \xa0 본\n유동\n비유동\n유동\n비유동\n㈜세아베스틸지주(구, ㈜세아베스틸)\n869,750,347\n1,709,366,315\n639,116,950\n381,223,583\n1,558,776,129\n㈜세아특수강\n310,556,028\n177,596,139\n130,695,369\n32,580,906\n324,875,892\n㈜세아창원특수강\n688,664,386\n725,374,603\n334,516,608\n199,682,945\n879,839,436\n㈜세아메탈\n56,866,065\n29,507,247\n44,395,236\n5,559,935\n36,418,141\n㈜세아네트웍스\n25,647,831\n18,857,867\n22,048,372\n1,603,309\n20,854,017\n㈜아이언그레이\n70,772,226\n383,494,835\n40,693,178\n76,801,796\n336,772,087\n㈜세아엠앤에스\n288,946,928\n36,710,759\n256,671,220\n322,860\n68,663,607\n② 당기 및 전기 중 중요한 연결대상 종속기업의 별도재무제표 기준 요약경영성과는 다음과 같습니다.(당기)\n\xa0(단위: 천원)\n구 \xa0 분\n매출액\n영업손익\n당기순손익\n총포괄손익\n㈜세아베스틸지주(구, ㈜세아베스틸)\n699,556,411\xa0\n62,859,399\xa0\n(576,789)\n869,338\xa0\n㈜세아베스틸\n1,839,349,322\xa0\n6,513,515\xa0\n(1,130,597)\n7,529,098\xa0\n㈜세아특수강\n760,247,864\xa0\n21,390,921\xa0\n11,419,399\xa0\n12,774,083\xa0\n㈜세아창원특수강\n1,847,742,728\xa0\n115,402,358\xa0\n78,246,244\xa0\n85,705,586\xa0\n㈜세아메탈\n129,759,200\xa0\n6,424,674\xa0\n4,115,415\xa0\n5,131,506\xa0\n㈜세아네트웍스\n61,068,520\xa0\n519,398\xa0\n629,415\xa0\n731,568\xa0\n㈜아이언그레이\n60,673,637\xa0\n27,409,506\xa0\n22,516,696\xa0\n16,972,747\xa0\n㈜세아엠앤에스\n1,021,640,327\xa0\n38,597,107\xa0\n15,694,757\xa0\n15,869,708\xa0\n(전기)\n\xa0(단위: 천원)\n구 \xa0 분\n매출액\n영업손익\n당기순손익\n총포괄손익\n㈜세아베스틸지주(구, ㈜세아베스틸)\n2,153,394,390\xa0\n142,663,181\xa0\n144,551,881\xa0\n151,926,191\xa0\n㈜세아특수강\n634,630,430\xa0\n26,940,814\xa0\n22,497,813\xa0\n22,471,435\xa0\n㈜세아창원특수강\n1,450,982,654\xa0\n100,878,891\xa0\n69,440,855\xa0\n68,309,916\xa0\n㈜세아메탈\n100,090,481\xa0\n2,599,767\xa0\n1,939,431\xa0\n1,721,792\xa0\n㈜세아네트웍스\n60,638,802\xa0\n(421,308)\n492,672\xa0\n668,396\xa0\n㈜아이언그레이\n44,295,705\xa0\n11,537,968\xa0\n12,504,262\xa0\n11,479,592\xa0\n㈜세아엠앤에스\n718,077,909\xa0\n24,489,765\xa0\n9,978,564\xa0\n10,107,628\xa0\n③ 당기 및 전기 중 중요한 연결대상 종속기업의 별도재무제표 기준 요약현금흐름은 다음과 같습니다. (당기)\n(단위 : 천원)\n구 \xa0 분\n현금및현금성자산의 순증감\n기초현금 및현금성자산\n환율변동효과\n기말현금 및현금성자산\n영업활동현금흐름\n투자활동현금흐름\n재무활동현금흐름\n합 \xa0 계\n㈜세아베스틸지주(구, ㈜세아베스틸)\n8,210,008\xa0\n(65,073,794)\n47,986,840\xa0\n(8,876,946)\n21,198,420\xa0\n(729,561)\n11,591,913\xa0\n㈜세아베스틸\n66,099,975\xa0\n(52,696,354)\n(66,662,376)\n(53,258,755)\n-\xa0\n79,044,744\xa0\n25,785,989\xa0\n㈜세아특수강\n10,366,082\xa0\n(14,405,804)\n3,910,736\xa0\n(128,986)\n2,006,271\xa0\n(3,600)\n1,873,685\xa0\n㈜세아창원특수강\n14,197,098\xa0\n(48,002,181)\n95,342,446\xa0\n61,537,363\xa0\n5,056,846\xa0\n-\xa0\n66,594,209\xa0\n㈜세아메탈\n4,254,588\xa0\n(1,647,829)\n(454,046)\n2,152,713\xa0\n513,200\xa0\n(85,721)\n2,580,192\xa0\n㈜세아네트웍스\n3,688,146\xa0\n(3,210,850)\n(413,222)\n64,074\xa0\n4,456,420\xa0\n12,725\xa0\n4,533,219\xa0\n㈜아이언그레이\n(134,928,427)\n(60,590,579)\n189,885,605\xa0\n(5,633,401)\n65,840,139\xa0\n(29,184)\n60,177,554\xa0\n㈜세아엠앤에스\n14,308,575\xa0\n(36,687,732)\n(1,581,289)\n(23,960,446)\n34,722,465\xa0\n9,071\xa0\n10,771,090\xa0\n(전기)\n(단위 : 천원)\n구 \xa0 분\n현금및현금성자산의 순증감\n기초현금 및현금성자산\n환율변동효과\n기말현금 및현금성자산\n영업활동현금흐름\n투자활동현금흐름\n재무활동현금흐름\n합 \xa0 계\n㈜세아베스틸지주(구, ㈜세아베스틸)\n83,027,935\xa0\n129,784,384\xa0\n(223,967,096)\n(11,154,777)\n32,294,170\xa0\n59,027\xa0\n21,198,420\xa0\n㈜세아특수강\n(27,395,235)\n(13,959,424)\n22,673,280\xa0\n(18,681,379)\n20,687,959\xa0\n(309)\n2,006,271\xa0\n㈜세아창원특수강\n18,181,847\xa0\n(22,360,658)\n3,966,548\xa0\n(212,263)\n5,143,633\xa0\n125,476\xa0\n5,056,846\xa0\n㈜세아메탈\n878,583\xa0\n(6,574,427)\n5,629,418\xa0\n(66,426)\n580,975\xa0\n(1,349)\n513,200\xa0\n㈜세아네트웍스\n5,363,746\xa0\n4,333,858\xa0\n(8,758,000)\n939,604\xa0\n3,512,539\xa0\n4,277\xa0\n4,456,420\xa0\n㈜아이언그레이\n(60,590,040)\n(5,858,779)\n62,805,479\xa0\n(3,643,340)\n69,450,001\xa0\n33,478\xa0\n65,840,139\xa0\n㈜세아엠앤에스\n(96,812,800)\n(11,294,513)\n117,271,003\xa0\n9,163,690\xa0\n25,540,116\xa0\n18,659\xa0\n34,722,465\xa0\n④ 당기말 및 전기말 현재 비지배지분이 보고기업에 중요한 종속기업에 대한 비지배지분의 몫은 다음과 같습니다.(당기말)\n\xa0(단위 : 천원)\n구 \xa0 분\n비지배지분이보유한 소유지분율\n비지배지분에배분된 당기순손익\n누적 비지배지분\n비지배지분에지급한 배당금\n㈜세아베스틸지주(구, ㈜세아베스틸)\n38.28%\n735,648\xa0\n668,615,028\xa0\n19,888,648\xa0\n㈜세아베스틸\n38.28%\n(576,026)\n25,025,928\xa0\n-\xa0\n㈜세아특수강\n29.45%\n3,363,184\xa0\n96,493,752\xa0\n2,949,227\xa0\n㈜세아창원특수강\n38.28%\n29,330,066\xa0\n109,809,696\xa0\n-\xa0\n(전기말)\n\xa0(단위 : 천원)\n구 \xa0 분\n비지배지분이보유한 소유지분율\n비지배지분에배분된 당기순손익\n누적 비지배지분\n비지배지분에지급한 배당금\n㈜세아베스틸지주(구, ㈜세아베스틸)\n37.54%\n43,896,754\xa0\n566,246,429\xa0\n2,615,369\xa0\n㈜세아특수강\n29.53%\n6,628,388\xa0\n95,338,032\xa0\n1,695,894\xa0\n㈜세아창원특수강\n37.54%\n26,181,518\xa0\n113,929,494\xa0\n-\xa0\n14. 유형자산(1) 보고기간종료일 현재 유형자산 장부금액의 구성내역은 다음과 같습니다.\n(당기말)\n(단위: 천원)\n구 \xa0 분\n토지\n건물\n구축물\n기계장치\n건설중인자산\n기타의유형자산\n합 \xa0 계\n취득원가\n924,543,262\xa0\n736,879,003\xa0\n140,172,760\xa0\n3,394,555,861\xa0\n83,207,481\xa0\n233,510,548\xa0\n5,512,868,915\xa0\n정부보조금\n-\xa0\n(286,137)\n-\xa0\n(372,224)\n-\xa0\n(117,918)\n(776,279)\n감가상각누계액\n-\xa0\n(369,810,762)\n(64,875,581)\n(2,630,482,623)\n-\xa0\n(179,436,217)\n(3,244,605,183)\n손상차손누계액\n-\xa0\n(1,565,094)\n(321,331)\n(254,488,289)\n-\xa0\n(245)\n(256,374,959)\n장부금액\n924,543,262\xa0\n365,217,010\xa0\n74,975,848\xa0\n509,212,725\xa0\n83,207,481\xa0\n53,956,168\xa0\n2,011,112,494\xa0\n(전기말)\n(단위: 천원)\n구 \xa0 분\n토지\n건물\n구축물\n기계장치\n건설중인자산\n기타의유형자산\n합 \xa0 계\n취득원가\n951,462,878\xa0\n730,945,592\xa0\n135,042,875\xa0\n3,356,368,978\xa0\n63,607,595\xa0\n202,169,675\xa0\n5,439,597,593\xa0\n정부보조금\n-\xa0\n(298,158)\n-\xa0\n(483,317)\n-\xa0\n(220,774)\n(1,002,249)\n감가상각누계액\n-\xa0\n(349,829,270)\n(60,590,207)\n(2,576,360,236)\n-\xa0\n(169,815,194)\n(3,156,594,907)\n손상차손누계액\n-\xa0\n(1,635,328)\n(329,867)\n(260,159,568)\n(210,000)\n(23,064)\n(262,357,827)\n장부금액\n951,462,878\xa0\n379,182,836\xa0\n74,122,801\xa0\n519,365,857\xa0\n63,397,595\xa0\n32,110,643\xa0\n2,019,642,610\xa0\n연결기업은 금융기관의 차입금과 관련하여 상기 유형자산 중 일부를 담보로 제공하고 있습니다(주석 45 참조).\n(2) 당기 및 전기 중 유형자산 장부금액의 변동내용은 다음과 같습니다.(당기)\n(단위: 천원)\n구 \xa0 분\n토지\n건물\n구축물\n기계장치\n건설중인자산\n기타의유형자산\n합 \xa0 계\n기초금액\n951,462,878\xa0\n379,182,836\xa0\n74,122,801\xa0\n519,365,857\xa0\n63,397,595\xa0\n32,110,643\xa0\n2,019,642,610\xa0\n취득\n-\xa0\n2,189,645\xa0\n191,604\xa0\n7,787,643\xa0\n122,886,267\xa0\n8,645,358\xa0\n141,700,517\xa0\n처분\n-\xa0\n(1,128,074)\n(1,384)\n(2,858,251)\n-\xa0\n(410,939)\n(4,398,648)\n감가상각비\n-\xa0\n(21,241,085)\n(4,351,897)\n(87,856,133)\n-\xa0\n(13,656,452)\n(127,105,567)\n손상차손\n-\xa0\n-\xa0\n-\xa0\n(2,887,301)\n-\xa0\n-\xa0\n(2,887,301)\n정부보조금\n-\xa0\n-\xa0\n-\xa0\n(89,597)\n-\xa0\n-\xa0\n(89,597)\n대체\n(27,053,135)\n6,335,536\xa0\n5,054,819\xa0\n76,273,380\xa0\n(103,758,711)\n27,151,427\xa0\n(15,996,684)\n환율변동\n133,519\xa0\n(121,848)\n(40,095)\n(522,873)\n682,330\xa0\n116,131\xa0\n247,164\xa0\n기말금액\n924,543,262\xa0\n365,217,010\xa0\n74,975,848\xa0\n509,212,725\xa0\n83,207,481\xa0\n53,956,168\xa0\n2,011,112,494\xa0\n(전기)\n(단위: 천원)\n구 \xa0 분\n토지\n건물\n구축물\n기계장치\n건설중인자산\n기타의유형자산\n합 \xa0 계\n기초금액\n997,008,834\xa0\n429,977,725\xa0\n76,089,538\xa0\n580,327,584\xa0\n38,955,720\xa0\n35,631,677\xa0\n2,157,991,078\xa0\n취득\n290,374\xa0\n3,511,041\xa0\n133,496\xa0\n24,636,625\xa0\n86,357,528\xa0\n9,696,062\xa0\n124,625,126\xa0\n처분\n(11,042,394)\n(3,552,494)\n(1,890)\n(1,933,512)\n(9,112,123)\n(1,351,955)\n(26,994,368)\n손상차손\n-\xa0\n(28,658)\n-\xa0\n(13,503,364)\n-\xa0\n(636,612)\n(14,168,634)\n감가상각비\n-\xa0\n(24,939,587)\n(4,184,048)\n(95,975,028)\n-\xa0\n(13,639,553)\n(138,738,216)\n정부보조금\n-\xa0\n-\xa0\n-\xa0\n(305,917)\n-\xa0\n(50,348)\n(356,265)\n대체(주1)\n(27,654,731)\n(25,260,187)\n1,759,971\xa0\n25,895,501\xa0\n(54,852,351)\n2,895,524\xa0\n(77,216,273)\n연결범위의 변동\n(7,065,243)\n(2,613,597)\n-\xa0\n(3,332,194)\n(305,008)\n(908,921)\n(14,224,963)\n환율변동\n(73,962)\n2,088,593\xa0\n325,734\xa0\n3,556,162\xa0\n2,353,829\xa0\n474,769\xa0\n8,725,125\xa0\n기말금액\n951,462,878\xa0\n379,182,836\xa0\n74,122,801\xa0\n519,365,857\xa0\n63,397,595\xa0\n32,110,643\xa0\n2,019,642,610\xa0\n(주1) 매각예정비유동자산 대체가 포함되어 있습니다(주석 18 참조).\n15. 투자부동산(1) 보고기간종료일 현재 투자부동산 장부금액의 구성내역은 다음과 같습니다.\n(당기말)\n(단위: 천원)\n구 \xa0 분\n토지\n건물\n구축물\n합 \xa0 계\n취득원가\n105,726,800\xa0\n51,451,923\xa0\n1,635\xa0\n157,180,358\xa0\n감가상각누계액\n-\xa0\n(17,130,258)\n(920)\n(17,131,178)\n장부금액\n105,726,800\xa0\n34,321,665\xa0\n715\xa0\n140,049,180\xa0\n(전기말)\n(단위: 천원)\n구 \xa0 분\n토지\n건물\n구축물\n합 \xa0 계\n취득원가\n87,645,289\xa0\n51,339,468\xa0\n1,636\xa0\n138,986,393\xa0\n감가상각누계액\n-\xa0\n(15,848,154)\n(879)\n(15,849,033)\n장부금액\n87,645,289\xa0\n35,491,314\xa0\n757\xa0\n123,137,360\xa0\n연결기업은 금융기관의 차입금 및 임대보증금과 관련하여 상기 투자부동산 중 일부를 담보로 제공하고 있습니다(주석 45 참조).\n(2) 당기 및 전기 중 투자부동산 장부금액의 변동내역은 다음과 같습니다.\n(당기)\n(단위: 천원)\n구 \xa0 분\n토지\n건물\n구축물\n합 \xa0 계\n기초금액\n87,645,289\xa0\n35,491,314\xa0\n757\xa0\n123,137,360\xa0\n취득\n1,045,417\xa0\n-\xa0\n-\xa0\n1,045,417\xa0\n처분\n(10,017,041)\n(89,696)\n(7)\n(10,106,744)\n감가상각비\n-\xa0\n(1,381,176)\n(41)\n(1,381,217)\n대체\n27,053,135\xa0\n301,223\xa0\n6\xa0\n27,354,364\xa0\n기말금액\n105,726,800\xa0\n34,321,665\xa0\n715\xa0\n140,049,180\xa0\n(전기)\n(단위: 천원)\n구 \xa0 분\n토지\n건물\n구축물\n합 \xa0 계\n기초금액\n92,686,224\xa0\n39,738,375\xa0\n797\xa0\n132,425,396\xa0\n취득\n39,831\xa0\n327,859\xa0\n-\xa0\n367,690\xa0\n처분\n(2,412,132)\n(1,119,777)\n-\xa0\n(3,531,909)\n감가상각비\n-\xa0\n(1,481,240)\n(40)\n(1,481,280)\n대체(주1)\n(2,668,634)\n(1,973,903)\n-\xa0\n(4,642,537)\n기말금액\n87,645,289\xa0\n35,491,314\xa0\n757\xa0\n123,137,360\xa0\n(주1) 매각예정비유동자산 대체가 포함되어 있습니다(주석 18 참조).(3) 당기 및 전기 중 투자부동산에서 발생한 손익의 내역은 다음과 같습니다.\xa0\n(단위: 천원)\n구 \xa0 분\n당 \xa0 기\n전 \xa0 기\n임대수익\n9,466,548\xa0\n8,046,640\xa0\n운영비용\n(4,173,243)\n(4,391,639)\n합 \xa0 계\n5,293,305\xa0\n3,655,001\xa0\n(4) 당기말 현재 연결기업이 추정한 투자부동산의 공정가치는 246,974,355천원입니다. 연결기업이 추정한 주요 투자부동산의 공정가치는 당기말 기준으로 독립된 평가인에 의해 추행된 외부평가금액 또는 한국채택국제회계기준 전환일의 간주원가에 전환일 이후 개별공시지가 등 기준시가의 변동을 고려하여 추정한 금액의 합계액입니다.\n16. 무형자산(1) 보고기간종료일 현재 무형자산 장부금액의 구성내역은 다음과 같습니다.(당기말)\n(단위: 천원)\n구 \xa0 분\n영업권\n회원권\n기타무형자산\n합 \xa0 계\n취득원가\n48,398,076\xa0\n13,450,352\xa0\n17,258,484\xa0\n79,106,912\xa0\n상각누계액\n-\xa0\n-\xa0\n(1,653,912)\n(1,653,912)\n손상차손누계액\n(21,776,625)\n(482,873)\n(402,217)\n(22,661,715)\n장부금액\n26,621,451\xa0\n12,967,479\xa0\n15,202,355\xa0\n54,791,285\xa0\n(전기말)\n(단위: 천원)\n구 \xa0 분\n영업권\n회원권\n기타무형자산\n합 \xa0 계\n취득원가\n48,398,076\xa0\n13,653,206\xa0\n16,767,097\xa0\n78,818,379\xa0\n상각누계액\n-\xa0\n-\xa0\n(957,674)\n(957,674)\n손상차손누계액\n(21,776,625)\n(482,873)\n-\xa0\n(22,259,498)\n장부금액\n26,621,451\xa0\n13,170,333\xa0\n15,809,423\xa0\n55,601,207\xa0\n(2) 당기 및 전기 중 무형자산 장부금액의 변동내역은 다음과 같습니다.\n(당기)\n(단위: 천원)\n구 \xa0 분\n영업권\n회원권\n기타무형자산\n합 \xa0 계\n기초금액\n26,621,451\xa0\n13,170,333\xa0\n15,809,423\xa0\n55,601,207\xa0\n취득\n-\xa0\n330,000\xa0\n4,440,090\xa0\n4,770,090\xa0\n처분\n-\xa0\n(440,000)\n-\xa0\n(440,000)\n상각비\n-\xa0\n-\xa0\n(4,526,164)\n(4,526,164)\n손상차손\n-\xa0\n-\xa0\n(402,217)\n(402,217)\n환율변동\n-\xa0\n-\xa0\n245,826\xa0\n245,826\xa0\n대체\n-\xa0\n(92,854)\n(364,603)\n(457,457)\n기말금액\n26,621,451\xa0\n12,967,479\xa0\n15,202,355\xa0\n54,791,285\xa0\n(전기)\n(단위: 천원)\n구 \xa0 분\n영업권\n회원권\n기타무형자산\n합 \xa0 계\n기초금액\n31,963,450\xa0\n13,763,821\xa0\n16,835,379\xa0\n62,562,650\xa0\n취득\n-\xa0\n332,213\xa0\n1,787,720\xa0\n2,119,933\xa0\n처분\n-\xa0\n(424,986)\n(1)\n(424,987)\n상각비\n-\xa0\n(1,146)\n(4,392,167)\n(4,393,313)\n손상차손\n(3,345,665)\n-\xa0\n-\xa0\n(3,345,665)\n손상차손환입\n-\xa0\n198,608\xa0\n-\xa0\n198,608\xa0\n환율변동\n-\xa0\n4,632\xa0\n344,736\xa0\n349,368\xa0\n대체(주1)\n(1,996,334)\n(686,512)\n1,464,682\xa0\n(1,218,164)\n연결범위의 변동\n-\xa0\n(16,297)\n(230,926)\n(247,223)\n기말금액\n26,621,451\xa0\n13,170,333\xa0\n15,809,423\xa0\n55,601,207\xa0\n(주1) 매각예정비유동자산 대체가 포함되어 있습니다(주석 18 참조).\n17. 자산손상17.1 영업권 \n당기말 현재 무형자산의 구성항목 중 영업권의 현금창출단위별 내역은 다음과 같습니다.\xa0\n(단위: 천원)\n구 \xa0 분\n최초취득금액\n손상차손누계액\n장부금액\n몰리브덴 제조 및 가공\n27,645,137\xa0\n(21,776,625)\n5,868,512\xa0\n스테인리스관 제조 및 판매\n545,732\xa0\n-\xa0\n545,732\xa0\n금속압출제품, 금속관 및 기타 관련 제품의 제조, 조립 및 판매\n9,282,206\xa0\n-\xa0\n9,282,206\xa0\n소프트웨어 개발 및 컴퓨터시스템 통합 자문 및 구축 서비스업\n10,925,001\xa0\n-\xa0\n10,925,001\xa0\n합 \xa0 \xa0계\n48,398,076\xa0\n(21,776,625)\n26,621,451\xa0\n주요 현금창출단위의 영업권평가와 관련된 가정 및 손상차손 인식의 내역은 다음과 같습니다.\n(1) 몰리브덴 제조 및 가공현금창출단위의 회수가능가액은 경영진이 승인한 향후 5년간의 재무예산에 근거하여 추정한 현금흐름에 14.8%의 할인율을 적용하여 계산한 사용가치로 측정하고 있습니다. 당기말 현재 경영진은 회수가능액을 추정하기 위하여 사용된 주요 가정에서 합리적으로 발생가능한 변동으로 인하여 현금창출단위의 총 장부금액이 회수가능액을 초과하지 않을 것으로 판단하고 있습니다. 상기 현금흐름창출단위에 대하여 인식한 손상차손누계액은 당기말 및 전기말 현재 21,776,625천원입니다.\n(2) 스테인리스관 제조 및 판매현금창출단위의 회수가능가액은 경영진이 승인한 향후 5년간의 재무예산에 근거하여 추정한 현금흐름에 12.5%의 할인율을 적용하여 계산한 사용가치로 측정하고 있습니다. 당기말 현재 경영진은 회수가능액을 추정하기 위하여 사용된 주요가정에서 합리적으로 발생가능한 변동으로 인하여 현금창출단위의 총 장부금액이 회수가능액을 초과하지 않을 것으로 판단하고 있습니다. 상기 현금흐름창출단위에 대하여 과거기간 인식한 손상차손누계액은 없습니다.\n(3) 금속압출제품, 금속관 및 기타 관련 제품의 제조, 조립 및 판매현금창출단위의 회수가능가액은 경영진이 승인한 향후 5년간의 재무예산에 근거하여 추정한 현금흐름에 12.0%의 할인율을 적용하여 계산한 사용가치로 측정하고 있습니다. 당기말 현재 경영진은 회수가능액을 추정하기 위하여 사용된 주요가정에서 합리적으로 발생가능한 변동으로 인하여 현금창출단위의 총 장부금액이 회수가능액을 초과하지 않을 것으로 판단하고 있습니다. 상기 현금흐름창출단위에 대하여 과거기간 인식한 손상차손누계액은 없습니다.\n(4) 소프트웨어 개발 및 컴퓨터시스템 통합자문 및 구축서비스업현금창출단위의 회수가능가액은 경영진이 승인한 향후 5년간의 재무예산에 근거하여 추정한 현금흐름에 12.7%의 할인율을 적용하여 계산한 사용가치로 측정하고 있습니다. 당기말 현재 경영진은 회수가능액을 추정하기 위하여 사용된 주요가정에서 합리적으로 발생가능한 변동으로 인하여 현금창출단위의 총 장부금액이 회수가능액을 초과하지 않을 것으로 판단하고 있습니다. 상기 현금흐름창출단위에 대하여 과거기간 인식한 손상차손누계액은 없습니다.\n17.2 현금창출단위보고기간말 현재 연결실체는 다수의 현금창출단위를 식별하고 있으며 그 중 지배기업과 일부 종속기업의 현금창출단위에 손상징후가 존재한다고 판단하여 기업회계기준서 제1036호에 따라 손상검사를 수행하였습니다. 손상검사 결과 일부 현금창출단위에서 손상차손을 인식하였으며 동 내용은 다음과 같습니다.\xa0\n(단위: 천원)\n현금창출단위\n㈜세아엘앤에스\n물류사업부문\n철강사업부문\n사용가치\n29,583,450\xa0\n56,681,609\xa0\n손상차손\n2,235,441\xa0\n651,860\xa0\n영구성장률\n0%\xa0\n0%\xa0\n할인율\n12.4%\xa0\n13.4%\xa0\n18. 매각예정비유동자산(1) 전기말 현재 매각예정비유동자산의 내역은 다음과 같습니다.\n(전기말)\n(단위: 천원)\n구 \xa0 분\n㈜세아에프에스\nQingdao SeAH Precision Metal Co., Ltd.\nSeAH Precision Metal(Thailand) Co., Ltd.\nSeAH Precision Mexico S.A. DE C.V.\nS&G Holdings Ltd\n기타\n단순합산\n연결조정\n합 \xa0 계\n현금및현금성자산\n14,745,994\xa0\n2,172,512\xa0\n2,884,079\xa0\n2,064,564\xa0\n5,563,784\xa0\n10,735,912\xa0\n38,166,845\xa0\n-\xa0\n38,166,845\xa0\n매출채권및기타채권\n62,779,822\xa0\n21,707,124\xa0\n27,904,805\xa0\n14,478,776\xa0\n-\xa0\n36,909,792\xa0\n163,780,319\xa0\n(68,363,105)\n95,417,214\xa0\n재고자산\n14,581,079\xa0\n11,972,633\xa0\n11,356,347\xa0\n25,442,434\xa0\n-\xa0\n23,642,048\xa0\n86,994,541\xa0\n(921,070)\n86,073,471\xa0\n무형자산\n955,319\xa0\n321,701\xa0\n9,013\xa0\n-\xa0\n-\xa0\n315,486\xa0\n1,601,519\xa0\n1,996,335\xa0\n3,597,854\xa0\n유형자산\n31,511,948\xa0\n20,571,493\xa0\n12,319,293\xa0\n7,899,579\xa0\n-\xa0\n24,521,102\xa0\n96,823,415\xa0\n(23,113,352)\n73,710,063\xa0\n투자부동산\n4,757,663\xa0\n-\xa0\n-\xa0\n-\xa0\n-\xa0\n-\xa0\n4,757,663\xa0\n-\xa0\n4,757,663\xa0\n관계기업투자(주1)\n-\xa0\n-\xa0\n857,237\xa0\n-\xa0\n-\xa0\n-\xa0\n857,237\xa0\n(857,237)\n-\xa0\n공동기업투자(주1)\n-\xa0\n-\xa0\n-\xa0\n-\xa0\n-\xa0\n-\xa0\n-\xa0\n29,107,462\xa0\n29,107,462\xa0\n기타자산\n32,662,090\xa0\n2,911,906\xa0\n987,219\xa0\n5,033,480\xa0\n35,450,398\xa0\n10,644,774\xa0\n87,689,867\xa0\n(67,242,789)\n20,447,078\xa0\n자 \xa0산 \xa0계(주2)\n161,993,915\xa0\n59,657,369\xa0\n56,317,993\xa0\n54,918,833\xa0\n41,014,182\xa0\n106,769,114\xa0\n480,671,406\xa0\n(129,393,756)\n351,277,650\xa0\n매입채무및기타채무\n19,348,041\xa0\n26,518,354\xa0\n10,379,566\xa0\n37,868,401\xa0\n77,337\xa0\n54,321,768\xa0\n148,513,467\xa0\n(81,895,459)\n66,618,008\xa0\n차입금\n-\xa0\n16,174,266\xa0\n-\xa0\n11,366,145\xa0\n-\xa0\n11,811,691\xa0\n39,352,102\xa0\n-\xa0\n39,352,102\xa0\n확정급여부채\n364,801\xa0\n-\xa0\n-\xa0\n-\xa0\n-\xa0\n388,277\xa0\n753,078\xa0\n-\xa0\n753,078\xa0\n기타부채\n12,205,008\xa0\n158,190\xa0\n581,570\xa0\n-\xa0\n-\xa0\n3,033,201\xa0\n15,977,969\xa0\n(4,020,584)\n11,957,385\xa0\n부 \xa0채 \xa0계\n31,917,850\xa0\n42,850,810\xa0\n10,961,136\xa0\n49,234,546\xa0\n77,337\xa0\n69,554,937\xa0\n204,596,616\xa0\n(85,916,043)\n118,680,573\xa0\n(주1) 지배기업이 보유한 공동기업주식 29,107백만원을 매각예정비유동자산으로 분류하였습니다. (주2) 전기 중 인식한 손상차손 반영 전의 장부금액입니다.매각예정비유동자산의 총 매각가액은 130,373백만원이며, 동 거래와 관련하여 연결기업이 당기 중 기타손익으로 인식한 매각예정비유동자산처분이익 및 처분손실은 각각 23,139백만원 및 10,953백만원 입니다. 한편 연결기업이 전기 중 기타비용으로 인식한 손상차손 인식금액은 122,196백만원 입니다.\n19. 계약자산 및 부채(1) 당기말 및 전기말 현재 계약자산(미청구공사) 및 계약부채(초과청구공사 및 선수금)의 내역은 다음과 같습니다.\xa0\n(단위: 천원)\n구 \xa0 분\n당기말\n전기말\nIT 부문에 대한 계약자산\n11,813,515\xa0\n13,006,805\xa0\n제조 부문에 대한 계약자산\n2,170,286\xa0\n-\xa0\n계약자산 합계\n13,983,801\xa0\n13,006,805\xa0\nIT 부문에 대한 계약부채\n13,199,259\xa0\n6,994,295\xa0\n제조 부문에 대한 계약부채\n14,585,531\xa0\n7,409,497\xa0\n계약부채 합계\n27,784,790\xa0\n14,403,792\xa0\n(2) 계약부채와 관련하여 인식한 수익당기에 인식한 수익 중 전기에서 이월된 계약부채와 과거 보고기간에 이행한(또는 부분적으로 이행한) 수행의무와 관련된 금액은 다음과 같습니다.\n(단위: 천원)\n구 분\n당기\n전기\n기초의 계약부채 잔액 중 당기에 인식한 수익\n8,903,530\xa0\n7,262,417 \xa0\n20. 건설형 공사계약\n보고기간종료일 현재 진행 중인 건설형 공사계약에 대한 미청구공사와 초과청구공사의 내역은 다음과 같습니다.\xa0\n(단위: 천원)\xa0\n구 \xa0 분\n당기말\n전기말\n누적발생원가\n143,692,874\xa0\n114,684,794\xa0\n누적손익\n23,042,119\xa0\n13,963,358\xa0\n누적공사수익(미성공사) 합계\n166,734,993\xa0\n128,648,152\xa0\n차감: 진행청구액\n(165,057,591)\n(122,675,638)\n합 \xa0 계\n1,677,402\xa0\n5,972,514\xa0\n재무상태표\n- 미청구공사\n13,983,801\xa0\n13,006,805\xa0\n- 초과청구공사\n12,306,399\xa0\n7,034,291\xa0\n21. 매입채무및기타채무보고기간종료일 현재 매입채무및기타채무의 내역은 다음과 같습니다.\n(단위: 천원)\n구 \xa0 분\n당기말\n전기말\n유동\n비유동\n유동\n비유동\n매입채무\n595,714,140\xa0\n-\xa0\n621,217,378\xa0\n-\xa0\n미지급금\n56,395,411\xa0\n3,841,598\xa0\n49,586,661\xa0\n2,474,101\xa0\n미지급비용\n115,052,192\xa0\n1,339,943\xa0\n93,944,634\xa0\n6,081,424\xa0\n보증금\n5,382,840\xa0\n10,305,469\xa0\n2,586,589\xa0\n13,652,730\xa0\n합 \xa0 계\n772,544,583\xa0\n15,487,010\xa0\n767,335,262\xa0\n22,208,255\xa0\n22. 차입금\n(1) 보고기간종료일 현재 차입금의 구성내역은 다음과 같습니다.\n(단위: 천원)\n구 \xa0 분\n당기말\n전기말\n유동\n비유동\n유동\n비유동\n단기차입금\n649,578,498\xa0\n-\xa0\n478,650,325\xa0\n-\xa0\n장기차입금\n201,027,702\xa0\n341,146,460\xa0\n149,391,468\xa0\n407,459,236\xa0\n사채\n24,965,847\xa0\n453,641,161\xa0\n139,914,831\xa0\n242,444,490\xa0\n합 \xa0 계\n875,572,047\xa0\n794,787,621\xa0\n767,956,624\xa0\n649,903,726\xa0\n(2) 보고기간종료일 현재 단기차입금의 내역은 다음과 같습니다.\n(단위: 천원)\n내 \xa0 역\n차입처\n당기말 이자율(%)\n당기말\n전기말\n시설자금대출\n하나은행 외\n3.34~6.16\n50,620,001\xa0\n30,115,505\xa0\n일반자금대출(주1)\n하나은행 외\n1.71~6.64\n215,664,542\xa0\n130,760,141\xa0\n무역금융대출\n한국수출입은행\n3.85~5.70\n22,550,000\xa0\n22,620,000\xa0\n유산스\n하나은행 외\n0.24~5.56\n200,139,896\xa0\n214,616,084\xa0\n기업어음\n산업은행\n6.50\n28,000,000\xa0\n5,000,000\xa0\n운영자금대출 등\n신한은행 외\n1.15~6.17\n132,604,059\xa0\n75,538,595\xa0\n합 \xa0 계\n649,578,498\xa0\n478,650,325\xa0\n(주1) 당기말 현재 일반자금차입금 중 하나아이지제일차유한회사의 장기차입금 350억원 및 단기차입금 50억원과 관련하여 종속기업인 ㈜아이언그레이 보유 KB와이즈스타일반사모부동산투자신탁제2호 지분증권(장부금액 45,008백만원), 펀드 이익분배금 계좌 및 대출 실행 계좌(장부금액 1,195백만원)에 대하여 근질권 설정이 되어 있으며, 약정서에 의거하여 특정한 상황에서 차입금을 조기에 상환해야 하는 의무를 부담하고 있습니다(주석 6, 주석 45참조).\n(3) 보고기간종료일 현재 장기차입금의 내역은 다음과 같습니다.\n(단위: 천원)\n내 \xa0 역\n차입처\n당기말 이자율(%)\n당기말\n전기말\n일반자금대출(주1)(주2)\n하나은행 외\n2.49~4.54\n156,064,815\xa0\n396,882,096\xa0\n시설자금대출\n산업은행 외\n1.36~4.78\n173,022,520\xa0\n159,968,608\xa0\n무역금융대출\n수출입은행\n1.50~6.00\n213,086,828\xa0\n-\xa0\n합 \xa0 계\n542,174,163\xa0\n556,850,704\xa0\n재무상태표\n\u3000\n유동성\n201,027,702\xa0\n149,391,468\xa0\n비유동성\n341,146,461\xa0\n407,459,236\xa0\n(주1) 당기말 현재 일반자금차입금 중 미쓰비시도쿄UFJ은행 장기차입금 14,214,088천원과 관련하여 종속기업인 ㈜세아창원특수강은 원리금 지급의무이행이 완료될 때까지 종속기업의 연결재무제표를 기준으로 부채비율을 300%이하로 유지하여야 하며, 담보권 설정은 자기자본의 500%이하로 제한되어 있습니다. 또한 Cross Default(채무불이행)가 500억원 이하로 제한되어 있습니다.(주2) 당기말 현재 일반자금차입금 중 하나아이지제일차유한회사의 장기차입금 350억원 및 단기차입금 50억원과 관련하여 종속기업인 ㈜아이언그레이 보유 KB와이즈스타일반사모부동산투자신탁제2호 지분증권(장부금액 45,008백만원), 펀드 이익분배금 계좌 및 대출 실행 계좌(장부금액 1,195백만원)에 대하여 근질권 설정이 되어 있으며, 약정서에 의거하여 특정한 상황에서 차입금을 조기에 상환해야 하는 의무를 부담하고 있습니다(주석 6, 주석 45참조).\n(4) 보고기간종료일 현재 사채의 내역은 다음과 같습니다.\n(단위: 천원)\n발행회사\n구 \xa0 분\n발행일\n만기일\n당기말이자율(%)\n당기말\n전기말\n지배기업(주1)\n무보증공모사채 제20회\n2021.05.28\n2024.05.28\n1.91\n100,000,000\xa0\n100,000,000\xa0\n㈜세아베스틸지주(구, ㈜세아베스틸)(주2)\n제73-2회 공모사채\n2017.07.14\n2022.07.14\n3.11\n-\xa0\n40,000,000\xa0\n제74-2회 공모사채\n2019.07.31\n2024.07.31\n2.13\n70,000,000\xa0\n70,000,000\xa0\n제74-3회 공모사채\n2019.07.31\n2026.07.31\n2.28\n30,000,000\xa0\n30,000,000\xa0\n㈜세아베스틸(주3)(주4)\n제76회 공모사채\n2022.03.11\n2025.03.11\n3.31\n70,000,000\xa0\n-\xa0\n제74-1회 공모사채\n2019.07.31\n2022.07.31\n1.64\n-\xa0\n70,000,000\xa0\n쇼군본드\n2022.05.12\n2025.05.13\n4.00\n57,028,500\xa0\n-\xa0\n㈜세아창원특수강(주5)\n제37회 공모사채\n2022.01.24\n2025.01.24\n2.92\n110,000,000\xa0\n-\xa0\n㈜아이언그레이\n사모사채\n2019.03.15\n2022.03.15\n3.20\n-\xa0\n30,000,000\xa0\n사모사채\n2021.11.12\n2023.11.12\n4.30\n15,000,000\xa0\n15,000,000\xa0\n사모사채\n2021.11.12\n2024.11.12\n4.80\n18,000,000\xa0\n18,000,000\xa0\n사모사채\n2021.11.30\n2023.11.30\n4.30\n10,000,000\xa0\n10,000,000\xa0\n합 \xa0 계\n480,028,500\xa0\n383,000,000\xa0\n사채할인발행차금\n(1,421,491)\n(640,679)\n차감계\n478,607,009\xa0\n382,359,321\xa0\n재무상태표\n유동성\n24,965,847\xa0\n139,914,831\xa0\n비유동성\n453,641,161\xa0\n242,444,490\xa0\n(주1) 지배기업은 제20회 무보증공모사채와 관련하여 약정에 따라 사채의 원리금 지급의무이행이 완료될 때까지 지배기업의 별도재무제표를 기준으로 부채비율을 200% 이하로 유지하여야 하며, 자기자본 300% 이하로 담보권 설정이 제한되어 있습니다. 또한 하나의 회계년도에 1회 또는 수회에 걸쳐 자산 총액의 50% 이상의 자산을 매매ㆍ양도ㆍ임대ㆍ기타 처분하는 것이 제한되어 있습니다. 또한 원리금지급의무 이행이 완료될 때까지 지배구조 변경사유(최대주주 변경)가 발생하지 않아야 합니다. \n(주2) ㈜세아베스틸지주(구, ㈜세아베스틸)은 제74-2회 및 제74-3회 공모사채와 관련하여 원리금 지급의무이행이 완료될 때까지 종속기업의 별도재무제표를 기준으로 부채비율을 500% 이하로 유지하여야 하며 자기자본의 500% 이하로 담보권설정 제한 및 자산매각 한도가 자산총계의 100% 이하로 설정되어 있습니다. 또한 원리금지급의무 이행이 완료될 때까지 지배구조 변경사유(최대주주 변경)가 발생하지 않아야 합니다. (주3) ㈜세아베스틸은 제76회 공모사채와 관련하여 원리금 지급의무이행이 완료될 때까지 종속기업의 별도재무제표를 기준으로 부채비율을 300% 이하로 유지하여야 하며 자기자본의 300% 이하로 담보권설정 제한 및 자산매각 한도가 자산총계의 50% 이하로 설정되어 있습니다. 또한 원리금지급의무 이행이 완료될 때까지 지배구조 변경사유(최대주주 변경)가 발생하지 않아야 합니다. (주4) ㈜세아베스틸은 쇼군본드와 관련하여 원리금지급의무이행이 완료될 때까지 부채비율을 500% 이하로 유지하여야 합니다.(주5) ㈜세아창원특수강은 제37회 공모사채와 관련하여 원리금 지급의무이행이 완료될 때까지 종속기업의 별도재무제표를 기준으로 부채비율을 300%이하로 유지하여야 하며 자기자본의 300% 이하로 담보권설정 제한 및 자산매각 한도가 자산총계의 \xa050% 이하로 설정되어 있습니다. 또한 원리금지급의무 이행이 완료될 때까지 지배구조 변경사유(최대주주 변경)가 발생하지 않아야 합니다.\n23. 기타금융부채(1) 보고기간종료일 현재 기타금융부채의 내역은 다음과 같습니다.\n(단위: 천원)\n구 \xa0 분\n당기말\n전기말\n유동\n비유동\n유동\n비유동\n통화선도 및 원자재선물(주1)\n22,727,786\xa0\n8,159\xa0\n5,468\xa0\n-\xa0\n위험회피지정 금융부채\n2,837,823\xa0\n3,126,916\xa0\n364,041\xa0\n2,887,423\xa0\n리스부채\n8,932,314\xa0\n22,882,791\xa0\n9,017,348\xa0\n32,920,279\xa0\n금융보증부채\n1,281,634\xa0\n-\xa0\n1,570,800\xa0\n-\xa0\n기타금융부채\n3,390,199\xa0\n23,100,719\xa0\n3,325,204\xa0\n10,640,660\xa0\n합 \xa0계\n39,169,756\xa0\n49,118,585\xa0\n14,282,861\xa0\n46,448,362\xa0\n(주1) 연결기업은 상기 파생상품 계약을 위험회피로 지정하지 않았습니다. 따라서 상기 파생상품계약의 공정가치변동은 당기손익으로 인식됩니다. (2) 당기 및 전기 중 사용권자산과 리스부채 장부금액의 변동내역은 다음과 같습니 다.(당기)\n(단위: 천원)\n구 \xa0분\n사용권자산\n리스부채\n토지\n건물\n기계장치\n차량운반구\n합 \xa0 계\n기초\n6,007,371\xa0\n4,257,970\xa0\n23,044,715\xa0\n2,922,360\xa0\n36,232,416\xa0\n41,937,627\xa0\n증감\n8,873,962\xa0\n1,417,125\xa0\n(3,242,281)\n845,967\xa0\n7,894,773\xa0\n(125,386)\n감가상각\n(186,762)\n(2,834,153)\n(1,989,512)\n(1,721,233)\n(6,731,660)\n-\xa0\n이자비용\n-\xa0\n-\xa0\n-\xa0\n-\xa0\n-\xa0\n1,021,040\xa0\n지급\n-\xa0\n-\xa0\n-\xa0\n-\xa0\n-\xa0\n(11,018,175)\n기말\n14,694,571\xa0\n2,840,942\xa0\n17,812,922\xa0\n2,047,094\xa0\n37,395,529\xa0\n31,815,106\xa0\n(전기)\n(단위: 천원)\n구 \xa0분\n사용권자산\n리스부채\n토지\n건물\n기계장치\n차량운반구\n합 \xa0 계\n기초\n7,764,821\xa0\n4,903,645\xa0\n22,633,849\xa0\n717,712\xa0\n36,020,027\xa0\n43,477,855\xa0\n증감\n2,160,017\xa0\n4,121,416\xa0\n2,667,051\xa0\n3,880,156\xa0\n12,828,640\xa0\n10,189,857\xa0\n연결범위 변동\n-\xa0\n202,125\xa0\n-\xa0\n23,959\xa0\n226,084\xa0\n233,075\xa0\n감가상각\n(331,975)\n(3,696,528)\n(2,256,184)\n(1,626,082)\n(7,910,769)\n-\xa0\n대체(주1)\n(3,585,492)\n(1,272,688)\n-\xa0\n(73,385)\n(4,931,565)\n(1,480,749)\n이자비용\n-\xa0\n-\xa0\n-\xa0\n-\xa0\n-\xa0\n1,201,159\xa0\n지급\n-\xa0\n-\xa0\n-\xa0\n-\xa0\n-\xa0\n(11,683,570)\n기말\n6,007,371\xa0\n4,257,970\xa0\n23,044,716\xa0\n2,922,360\xa0\n36,232,417\xa0\n41,937,627\xa0\n(주1) 매각예정비유동자산 대체가 포함되어 있습니다(주석 18 참조).\n(3) 당기 중 단기리스에 따른 리스료 3,244,127천원(전기: 2,611,136천원), 소액자산리스에 따른 리스료 456,465천원(전기: 500,933천원)을 인식하였습니다. 당기 중 리스의 총 현금유출은 14,718,767천원(전기: 14,795,639천원) 입니다.\xa0\n24. 퇴직급여제도24.1 확정기여형 퇴직급여제도확정기여형 퇴직급여제도에 대한 기여금은 종업원이 이에 대하여 지급받을 자격이 있는 용역을 제공한 때 비용으로 인식하고 있으며, 당기 및 전기 중 확정기여형 퇴직급여제도로 인하여 비용으로 인식된 금액은 각각 6,546,818천원 및 5,214,097천원입니다.\n24.2 확정급여형 퇴직급여제도(1) 보고기간종료일 현재 확정급여형 퇴직급여제도와 관련하여 연결기업의 의무로 인하여 발생하는 재무상태표상 구성항목은 다음과 같습니다.\n(단위: 천원)\n구 \xa0 \xa0분\n당기말\n전기말\n기금이 적립되는 확정급여채무의 현재가치\n231,971,265\xa0\n257,715,772\xa0\n사외적립자산의 공정가치\n(278,169,089)\n(239,129,296)\n합 \xa0계(주1)\n(46,197,824)\n18,586,476\xa0\n(주1) 당기말 현재 금액은 순확정급여부채와 순확정급여자산의 순액입니다.\n(2) 당기 및 전기 중 순확정급여부채의 변동내용은 다음과 같습니다.(당기)\n(단위: 천원)\n구 \xa0 \xa0분\n확정급여채무현재가치\n사외적립자산\n합 계\n기초금액\n257,715,772\xa0\n(239,129,296)\n18,586,476\xa0\n당기손익으로 인식되는 금액\n- 당기근무원가\n23,798,351\xa0\n-\xa0\n23,798,351\xa0\n- 이자비용(이자수익)\n8,588,281\xa0\n(7,990,541)\n597,740\xa0\n- 과거근무원가\n(1,669,378)\n-\xa0\n(1,669,378)\n소 \xa0 계\n30,717,254\xa0\n(7,990,541)\n22,726,713\xa0\n기타포괄손익으로 인식되는 재측정요소\n- 사외적립자산의 재측정요소\n-\xa0\n4,546,744\xa0\n4,546,744\xa0\n- 인구통계가정의 변동으로 인한 보험수리적손익\n20,983\xa0\n-\xa0\n20,983\xa0\n- 재무적가정의 변동으로 인한 보험수리적손익\xa0\n(29,052,690)\n-\xa0\n(29,052,690)\n- 경험조정으로 인한 보험수리적손익\n2,986,535\xa0\n-\xa0\n2,986,535\xa0\n- 기타요인으로 인한 변동\n430,681\xa0\n-\xa0\n430,681\xa0\n소 \xa0 계\xa0\n(25,614,491)\n4,546,744\xa0\n(21,067,747)\n기업이 납부한 기여금\xa0\n-\xa0\n(65,944,805)\n(65,944,805)\n지급액\n(24,560,455)\n30,415,622\xa0\n5,855,167\xa0\n기타\n(6,286,815)\n(66,813)\n(6,353,628)\n기말금액\n231,971,265\xa0\n(278,169,089)\n(46,197,824)\n(전기)\n(단위: 천원)\n구 \xa0 \xa0분\n확정급여채무현재가치\n사외적립자산\n합 계\n기초금액\n274,539,706\xa0\n(244,897,302)\n29,642,404\xa0\n당기손익으로 인식되는 금액\n\u3000\n\u3000\n\u3000\n- 당기근무원가\n24,005,801\xa0\n\u3000\n24,005,801\xa0\n- 이자비용(이자수익)\n6,756,544\xa0\n(6,224,860)\n531,684\xa0\n소 \xa0 계\n30,762,345\xa0\n(6,224,860)\n24,537,485\xa0\n기타포괄손익으로 인식되는 재측정요소\n\u3000\n\u3000\n\u3000\n- 사외적립자산의 재측정요소\n-\xa0\n1,436,306\xa0\n1,436,306\xa0\n- 인구통계가정의 변동으로 인한 보험수리적손익\n1,007,912\xa0\n-\xa0\n1,007,912\xa0\n- 재무적가정의 변동으로 인한 보험수리적손익\xa0\n(12,951,760)\n-\xa0\n(12,951,760)\n- 경험조정으로 인한 보험수리적손익\n4,552,715\xa0\n-\xa0\n4,552,715\xa0\n- 기타요인으로 인한 변동\n28,838\xa0\n-\xa0\n28,838\xa0\n소 \xa0 계\xa0\n(7,362,295)\n1,436,306\xa0\n(5,925,989)\n기업이 납부한 기여금\xa0\n-\xa0\n(19,000,723)\n(19,000,723)\n지급액\n(27,908,141)\n20,846,225\xa0\n(7,061,916)\n연결범위의 변동\n(13,007,760)\n7,905,473\xa0\n(5,102,287)\n기타\n691,917\xa0\n805,585\xa0\n1,497,502\xa0\n기말금액\n257,715,772\xa0\n(239,129,296)\n18,586,476\xa0\n(3) 보고기간종료일 현재 사외적립자산의 구성요소는 다음과 같습니다.\n(단위: 천원)\n구 \xa0 \xa0 분\n당기말\n전기말\n제예금 등\n277,575,332\xa0\n238,478,117\xa0\n국민연금전환금\n593,757\xa0\n651,179\xa0\n합 \xa0 \xa0 계\n278,169,089\xa0\n239,129,296\xa0\n(4) 보고기간종료일 현재 보험수리적평가를 위하여 사용된 주요 추정은 다음과 같습니다.\n(단위: %)\n구 \xa0 분\n당기말\n전기말\n할인률\n3.71 ~ 6.53\n2.61 ~ 3.96\n기대임금상승률\n2.30 ~ 5.56\n2.30 ~ 4.65\n25. 충당부채(1) 보고기간종료일 현재 충당부채의 내역은 다음과 같습니다. \xa0\n(단위: 천원)\n구 \xa0 분\n당기말\n전기말\n기타충당부채\n1,507,189\xa0\n1,897,123\xa0\n소송충당부채(주1)\n65,843,173\xa0\n31,843,173\xa0\n합 \xa0 계\n67,350,362\xa0\n33,740,296\xa0\n(주1) 연결기업은 통상임금 관련 소송 사건으로부터 예상되는 손실금액 65,843,173천원을 소송충당부채로 재무제표에 반영하였습니다(주석 45 참조).(2) 당기 및 전기의 충당부채 변동내역은 다음과 같습니다.\xa0\n(단위: 천원)\n구 \xa0 분\n기 \xa0 초\n전입액\n감소액\n사용액\n기 \xa0 말\n당 \xa0 기\n33,740,297\xa0\n34,253,725\xa0\n(643,650)\n(10)\n67,350,362\xa0\n전 \xa0 기\n35,996,540\xa0\n775,221\xa0\n(2,954,366)\n(77,099)\n33,740,296\xa0\n26. 기타부채보고기간종료일 현재 기타부채의 내역은 다음과 같습니다.\n(단위: 천원)\n구 \xa0 분\n당기말\n전기말\n유동\n비유동\n유동\n비유동\n선수수익\n4,166,018\xa0\n-\xa0\n5,371,951\xa0\n-\xa0\n예수금\n15,305,352\xa0\n103,241\xa0\n15,849,985\xa0\n-\xa0\n선수금\n32,429,211\xa0\n-\xa0\n7,492,872\xa0\n-\xa0\n기타\n482,163\xa0\n4,552,509\xa0\n10,620\xa0\n242,590\xa0\n합 \xa0 계\n52,382,744\xa0\n4,655,750\xa0\n28,725,428\xa0\n242,590\xa0\n27. 자본금보고기간종료일 현재 지배기업의 자본금과 관련된 사항은 다음과 같습니다.\n구 \xa0 분\n수권주식수\n발행주식수\n액면가액\n당기말\n전기말\n보통주\n10,000,000주\xa0\n4,000,000주\xa0\n5,000원\xa0\n20,000,000천원\xa0\n20,000,000천원\xa0\n28. 기타불입자본 및 교환사채(신종자본증권)(1) 보고기간종료일 현재 기타불입자본의 구성내역은 다음과 같습니다.\n(단위: 천원)\n구 \xa0 \xa0분\n당기말\n전기말\xa0\n주식발행초과금\n166,578,498\xa0\n166,578,498\xa0\n자기주식\n(9,757,880)\n(8,356,979)\n기타자본잉여금\n255,683,152\xa0\n263,267,269\xa0\n합 \xa0 \xa0계\n412,503,770\xa0\n421,488,788\xa0\n(2) 교환사채(신종자본증권) 종속기업인 ㈜세아베스틸지주(구, ㈜세아베스틸)은 2020년 중 권면총액 100,000,000천원의 교환사채를 발행하였습니다. 교환사채의 주요사항은 다음과 같습니다. 교환사채(신종자본증권)의 내역은 다음과 같습니다.\n교환사채(신종자본증권)의 내역은 다음과 같습니다.\n구 \xa0 분\n제75회 무기명식 이권부 무보증 후순위 교환사채\n만기\n30년(발행회사가 만기연장 권한 보유)\n사채의 권면 총액\n100,000,000,000원\n이자율\n표면이자율 3.51%발행 5년 이후 기존금리에 2.00% 가산금리 적용\n이자지급 정지권한\n가. 본 사채 발행일로부터 5년이 경과한 이후에는 회사의 선택에 따라 이자의 전부 또는 일부를 지급하지 아니할 수 있다. 단, 매 이자지급일 기준 직전 12개월 간 본 \xa0 사채 대비 후순위 및 동순위인 채권 및 주식에 대한 매입, 상환, 이익소각을 한 경우 \xa0이자지급 유예가 불가하다.나. 발행회사가 위 가.목에 따라 이자의 전부 또는 일부의 지급을 유예한 경우에도, 발행회사는 이후 도래하는 이자지급기일에 발행인의 선택에 따라 이자의 지급을 재개할 수 있다. 이 경우 발행회사는 지급을 유예한 이자를 누적적으로 합하여 지급할의무는 없으며, 해당 이자지급일에 원래 지급할 이자기간에 대한 이자만을 지급하기로 한다(비누적적).다. 이자 지급 유예 시, 본 사채보다 후순위 및 동순위인 채무의 변제, 상환, 현금 및주식배당 결의, 자기주식매입, 상환주식의 상환 또는 이익소각을 하여서는 아니된다.\n교환대상\n㈜세아창원특수강 기명식 보통주\n교환청구기간\n2021년 3월 16일부터 2050년 2월 16일까지발행일로부터 1년 후 부터 만기기일 30일 전일\n교환가액\n2020년 2월 17일자 기준 평가금액 22,152원에서 1.6% 할증하여 결정\n교환가액 조정\n가. 사채를 소유한 자가 교환권 행사 청구를 하기 이전에, (i) 시가를 하회하는 발행가액으로 유상증자를 하거나, (ii) 준비금의 자본전입을 통하여 무상증자를 하거나, (iii) 주식배당을 통하여 주식을 발행하거나, (iv) 주식분할을 하거나, (v) 시가를 하회하는전환가액 내지행사가액으로 전환사채 또는 신주인수권부사채를 발행하거나, (vi) \xa0 기타 방법으로 주식을 발행하는 경우에는 교환가액을 조정나. 합병, 자본의 감소, 주식분할 및 병합 등에 의하여 교환가격의 조정이 필요한 경우에는 당해 합병 또는 자본의 감소 직전에 전액 교환되어 주식으로 교부되었더라면 교환인수인이 가질 수 있었던 증권수에 따른 가치에 상응하도록 교환가액을 조정다. 조정된 교환가액이 증권의 보통주식의 액면가 이하일 경우에는 액면가를 교환가액으로 함.\n기타사항(조기상환권)\n가. 발행회사의 선택으로 3년 이내의 경우 발행일로부터 매 1년 경과시점마다, 3년 이후부터 5년 이내 시점까지는 매 6개월 경과 시 마다, 5년 이후의 경우 매 이자지급일마다 전부 조기상환 가능나. 조기상환 시에는 조기상환 원리금(연체이자 포함)을 지급다. 조기상환 시 각 조기상환일의 5영업일 전, 5년 경과시점의 조기상환 시에는 해당조기상환일의 3개월 전 사채권자에게 서면통지\n종속기업인 ㈜세아베스틸지주(구, ㈜세아베스틸)는 행사가격 인하조건이 내재된 교환사채에 대해서 금융감독원의 질의회신(회제이-00094)에 따라 회계처리 하였습니다. 만일 동 질의회신의 내용에 대하여 한국채택국제회계기준 유권해석이 변경될 경우 교환사채와 관련된 회계처리가 변경될 수 있습니다. 한편, 상기 신종자본증권과 관련하여 재무적 투자자들과의 정산계약을 체결하였습니다(주석 45 참조).\n29. 이익잉여금(1) 보고기간종료일 현재 이익잉여금의 구성내역은 다음과 같습니다.\n(단위: 천원)\n구 \xa0 분\n당기말\n전기말\xa0\n법정적립금(주1)\n10,000,000\xa0\n10,000,000\xa0\n임의적립금\n720,760,000\xa0\n760,760,000\xa0\n미처분이익잉여금\n901,102,321\xa0\n739,699,587\xa0\n합 \xa0 계\n1,631,862,321\xa0\n1,510,459,587\xa0\n(주1) 상법상 규정에 따라 납입자본의 50%에 달할 때까지 매 결산기마다 금전에 의한 이익배당의 10%이상을 이익준비금으로 적립하고 있습니다. 동 이익준비금은 현금배당의 재원으로 사용될 수 없으며, 자본전입 또는 결손보전을 위해서만 사용될 수있습니다.\n(2) 당기 및 전기 중 지배기업의 배당금 지급내역은 다음과 같습니다.(당기)\n(단위: 천원)\n주식의 종류\n총발행주식수\n자기주식수\n배당주식수\n주당 배당금\n배당금 합계\n보통주\n4,000,000주\n88,048주\n3,911,952주\n2,750원\n9,858,104\xa0\n(주1) 최대주주 및 특수관계자는 주당 2,500원, 일반주주는 주당 2,750 원을 배당하는 차등배당을 실시하였습니다.(전기)\n(단위: 천원)\n주식의 종류\n총발행주식수\n자기주식수\n배당주식수\n주당 배당금\n배당금 합계\n보통주\n4,000,000주\n20,740주\n3,979,260주\n2,250원\n8,953,335\xa0\n30. 기타자본구성요소보고기간종료일 현재 기타자본구성요소의 구성내역은 다음과 같습니다.\n(단위: 천원)\n구 \xa0 \xa0분\n당기말\n전기말\xa0\n기타포괄손익 - 공정가치 측정 금융상품평가손익\n(9,178,903)\n(1,205,252)\n해외사업환산손익\n11,311,987\xa0\n(3,075,195)\n지분법자본변동\n240,104\xa0\n390,434\xa0\n파생평가이익\n2,857,948\xa0\n732,845\xa0\n합 \xa0 \xa0계\n5,231,136\xa0\n(3,157,168)\n31. 수익(1) 당기 및 전기 중 연결기업의 매출액 세부내역은 다음과 같습니다.\n(단위: 천원)\xa0\n구 \xa0 \xa0분\n당 \xa0 기\n전 \xa0 기\n고객과의 계약 등에서 생기는 수익\n6,735,967,871\xa0\n5,997,325,186\xa0\n임대료수익\n9,833,624\xa0\n8,196,998\xa0\n합 \xa0 \xa0계\n6,745,801,495\xa0\n6,005,522,184\xa0\n(2) 연결기업의 고객과의 계약에서 생기는 수익의 구분은 다음과 같습니다.\xa0\n(당기)\n(단위: 천원)\n구 \xa0 분\nIT\n제조\n투자\n합 \xa0 계\n재화 또는 용역의 유형\n재화의 판매로 인한 수익\n4,649,064\xa0\n6,570,365,372\xa0\n-\xa0\n6,575,014,436\xa0\n용역의 제공으로 인한 수익\n57,208,864\xa0\n92,300,901\xa0\n1,283,544\xa0\n150,793,309\xa0\n기타\n-\xa0\n5,396,248\xa0\n4,763,878\xa0\n10,160,126\xa0\n합 \xa0 계\n61,857,928\xa0\n6,668,062,521\xa0\n6,047,422\xa0\n6,735,967,871\xa0\n지리적 시장\n국내\n61,636,586\xa0\n6,032,773,333\xa0\n6,047,422\xa0\n6,100,457,341\xa0\n중국\n-\xa0\n209,739,197\xa0\n-\xa0\n209,739,197\xa0\n동남아\n-\xa0\n118,960,337\xa0\n-\xa0\n118,960,337\xa0\n기타\n221,342\xa0\n306,589,654\xa0\n-\xa0\n306,810,996\xa0\n합 \xa0 계\n61,857,928\xa0\n6,668,062,521\xa0\n6,047,422\xa0\n6,735,967,871\xa0\n재화나 용역의 이전 시기\n한 시점에 이전하는 재화\n4,649,064\xa0\n6,575,761,620\xa0\n4,763,878\xa0\n6,585,174,562\xa0\n기간에 걸쳐 이전하는 용역\n57,208,864\xa0\n92,300,901\xa0\n1,283,544\xa0\n150,793,309\xa0\n합 \xa0 계\n61,857,928\xa0\n6,668,062,521\xa0\n6,047,422\xa0\n6,735,967,871\xa0\n(전기)\n(단위: 천원)\n구 \xa0 분\nIT\n제조\n투자\n합 \xa0 계\n재화 또는 용역의 유형\n재화의 판매로 인한 수익\n8,643,204\xa0\n5,807,822,205\xa0\n-\xa0\n5,816,465,409\xa0\n용역의 제공으로 인한 수익\n45,832,976\xa0\n90,199,406\xa0\n854,952\xa0\n136,887,334\xa0\n기타\n-\xa0\n39,498,756\xa0\n4,473,687\xa0\n43,972,443\xa0\n합 \xa0 계\n54,476,180\xa0\n5,937,520,367\xa0\n5,328,639\xa0\n5,997,325,186\xa0\n지리적 시장\n국내\n54,476,180\xa0\n5,270,442,486\xa0\n5,328,639\xa0\n5,330,247,305\xa0\n중국\n-\xa0\n284,947,698\xa0\n-\xa0\n284,947,698\xa0\n동남아\n-\xa0\n194,427,195\xa0\n-\xa0\n194,427,195\xa0\n기타\n-\xa0\n187,702,988\xa0\n-\xa0\n187,702,988\xa0\n합 \xa0 계\n54,476,180\xa0\n5,937,520,367\xa0\n5,328,639\xa0\n5,997,325,186\xa0\n재화나 용역의 이전 시기\n한 시점에 이전하는 재화\n8,643,204\xa0\n5,847,320,961\xa0\n4,473,687\xa0\n5,860,437,852\xa0\n기간에 걸쳐 이전하는 용역\n45,832,976\xa0\n90,199,406\xa0\n854,952\xa0\n136,887,334\xa0\n합 \xa0 계\n54,476,180\xa0\n5,937,520,367\xa0\n5,328,639\xa0\n5,997,325,186\xa0\n32. 판매비와관리비당기 및 전기 중 판매비와관리비의 내역은 다음과 같습니다.\n(단위: 천원)\n구 \xa0 분\n당 \xa0 기\n전 \xa0 기\n급여\n75,857,101\xa0\n86,185,970\xa0\n퇴직급여\n6,649,362\xa0\n6,309,294\xa0\n복리후생비\n11,215,045\xa0\n11,707,887\xa0\n소모품비\n501,119\xa0\n315,937\xa0\n수도광열비\n2,738,972\xa0\n2,510,919\xa0\n차량유지비\n974,291\xa0\n1,066,248\xa0\n판매수수료\n108,298\xa0\n201,365\xa0\n운반비\n14,778,000\xa0\n13,520,299\xa0\n수출제비용\n28,673,272\xa0\n16,308,785\xa0\n광고선전비\n4,405,465\xa0\n2,009,688\xa0\n여비교통비\n3,924,397\xa0\n2,326,606\xa0\n접대비\n2,299,427\xa0\n2,120,173\xa0\n사무용품비\n824,944\xa0\n871,610\xa0\n도서인쇄비\n446,219\xa0\n438,784\xa0\n통신비\n571,365\xa0\n816,989\xa0\n지급수수료\n31,302,807\xa0\n21,199,161\xa0\n보험료\n897,968\xa0\n1,428,011\xa0\n대손상각비\n1,727,085\xa0\n365,375\xa0\n세금과공과\n6,965,992\xa0\n5,136,111\xa0\n견본비\n23,021\xa0\n16,049\xa0\n지급임차료\n1,878,689\xa0\n1,213,641\xa0\n수선비\n555,781\xa0\n859,877\xa0\n회의비\n273,777\xa0\n260,531\xa0\n교육훈련비\n1,086,922\xa0\n1,147,544\xa0\n경상연구개발비\n8,170,801\xa0\n7,724,782\xa0\n감가상각비\n7,053,696\xa0\n7,469,641\xa0\n무형자산상각비\n2,604,786\xa0\n2,381,247\xa0\n사용권자산상각비\n1,831,382\xa0\n1,996,147\xa0\n해외시장개척비\n2,306\xa0\n313,083\xa0\n주식보상비용\n17,107,534\xa0\n497,270\xa0\n기타\n9,285,299\xa0\n11,281,391\xa0\n합 \xa0 계\n244,735,123\xa0\n210,000,415\xa0\n33. 기타수익당기 및 전기 중 기타수익의 내역은 다음과 같습니다.\n(단위: 천원)\n구 \xa0 분\n당 \xa0 기\n전 \xa0 기\n임대수익\n549,614\xa0\n2,039,916\xa0\n유형자산처분이익\n837,676\xa0\n19,964,920\xa0\n무형자산처분이익\n-\xa0\n135,212\xa0\n투자부동산처분이익\n19,694,801\xa0\n252,919\xa0\n매각예정비유동자산처분이익\n23,138,872\xa0\n-\xa0\n수수료수익\n241,653\xa0\n671,644\xa0\n무형자산손상차손환입\n-\xa0\n198,608\xa0\n보험차익\n-\xa0\n4,348,000\xa0\n기타\n4,895,040\xa0\n2,758,934\xa0\n합 계\n49,357,656\xa0\n30,370,153\xa0\n34. 기타비용\n당기 및 전기 중 기타비용의 내역은 다음과 같습니다.\n(단위: 천원)\n구 \xa0 \xa0 분\n당 \xa0 기\n전 \xa0 기\n유형자산처분손실\n1,169,554\xa0\n2,141,166\xa0\n유형자산손상차손\n2,887,301\xa0\n14,168,634\xa0\n무형자산처분손실\n-\xa0\n8,080\xa0\n무형자산손상차손\n402,217\xa0\n3,345,665\xa0\n재고자산폐기손실\n72\xa0\n15,768\xa0\n매각예정비유동자산처분손실\n10,952,967\xa0\n686,000\xa0\n매각예정비유동자산손상차손\n-\xa0\n134,569,349\xa0\n관계기업주식처분손실\n299,461\xa0\n7,835,715\xa0\n관계기업투자손상차손\n869,001\xa0\n385,390\xa0\n기타의대손상각비\n3,514,865\xa0\n4,226,532\xa0\n기부금\n472,660\xa0\n430,014\xa0\n재해손실\n-\xa0\n4,081,949\xa0\n기타\n2,073,895\xa0\n3,031,037\xa0\n합 \xa0계\n22,641,993\xa0\n174,925,299\xa0\n35. 금융수익(1) 당기 및 전기 중 금융수익의 내역은 다음과 같습니다.\n(단위: 천원)\n구 \xa0 \xa0분\n당 \xa0 기\n전 \xa0 기\n이자수익\n8,116,281\xa0\n3,115,119\xa0\n배당금수익\n7,499,282\xa0\n13,101,426\xa0\n당기손익-공정가치 측정 금융자산처분이익\n928,659\xa0\n357,123\xa0\n당기손익-공정가치 측정 금융자산평가이익\n32,862,187\xa0\n44,987,414\xa0\n파생상품거래이익\n14,031,713\xa0\n4,901,045\xa0\n파생상품평가이익\n15,837,909\xa0\n15,802,484\xa0\n외화매매이익\n58,409,396\xa0\n25,905,003\xa0\n외화평가이익\n30,632,205\xa0\n14,898,681\xa0\n합 \xa0계\n168,317,632\xa0\n123,068,295\xa0\n(2) 당기 및 전기 중 금융상품의 범주별로 분석한 금융수익의 내역은 다음과 같습니다.\n(단위: 천원)\n구 \xa0 분\n당 \xa0 기\n전 \xa0 기\n당기손익-공정가치 측정 금융자산\n61,363,813\xa0\n75,965,880\xa0\n당기손익-공정가치 측정 금융부채\n7,252,298\xa0\n621,095\xa0\n상각후원가측정 금융자산\n44,817,483\xa0\n13,933,872\xa0\n기타포괄손익-공정가치 측정 금융자산\n-\xa0\n43,987\xa0\n기타포괄손익-공정가치 측정 금융부채\n436,493\xa0\n-\xa0\n위험회피지정파생상품\n13,031,944\xa0\n17,200,994\xa0\n상각후원가측정 금융부채\n41,415,601\xa0\n15,302,467\xa0\n합 \xa0계\n168,317,632\xa0\n123,068,295\xa0\n36. 금융비용(1) 당기 및 전기 중 금융비용의 내역은 다음과 같습니다.\n(단위: 천원)\n구 \xa0 \xa0분\n당 \xa0 기\n전 \xa0 기\n이자비용\n48,914,441\xa0\n30,000,050\xa0\n당기손익-공정가치 측정 금융자산 처분손실\n378,113\xa0\n-\xa0\n당기손익-공정가치 측정 금융자산 평가손실\n28,574,685\xa0\n16,445,244\xa0\n파생상품거래손실\n5,024,623\xa0\n1,123,182\xa0\n파생상품평가손실\n24,885,451\xa0\n363,661\xa0\n외화평가손실\n36,562,932\xa0\n25,468,029\xa0\n외화매매손실\n66,716,936\xa0\n31,856,035\xa0\n금융보증비용\n-\xa0\n223,300\xa0\n비지배지분금융비용\n2,287,980\xa0\n-\xa0\n합 계\n213,345,161\xa0\n105,479,501\xa0\n(2) 당기 및 전기 중 금융상품의 범주별로 분석한 금융비용의 내역은 다음과 같습니다.\n(단위: 천원)\n구 \xa0 \xa0 분\n당 \xa0 기\n전 \xa0 기\n당기손익-공정가치 측정 금융자산\n32,201,570\xa0\n16,813,046\xa0\n당기손익-공정가치 측정 금융부채\n36,711,139\xa0\n1,000,578\xa0\n기타포괄손익-공정가치 측정 금융부채\n1,616,885\xa0\n116,713\xa0\n상각후원가측정 금융자산\n51,801,620\xa0\n14,330,265\xa0\n상각후원가측정 금융부채\n90,010,261\xa0\n72,860,706\xa0\n위험회피지정파생상품\n1,003,686\xa0\n358,193\xa0\n합 \xa0계\n213,345,161\xa0\n105,479,501\xa0\n37. 비용의 성격별 분류당기 및 전기 중 발생한 비용의 성격별로 분류한 내역은 다음과 같습니다.\xa0\n(단위: 천원)\n구 \xa0 \xa0분\n당 \xa0 기\n전 \xa0 기\n재고자산의 변동\n(44,343,727)\n(318,583,762)\n원재료 등 구입액\n5,481,991,821\xa0\n4,981,568,219\xa0\n종업원급여\n450,118,518\xa0\n504,504,004\xa0\n감가상각비\n128,486,784\xa0\n140,219,496\xa0\n무형자산상각비\n4,526,164\xa0\n4,393,313\xa0\n사용권자산감가상각비\n6,731,660\xa0\n7,910,769\xa0\n지급수수료\n59,584,318\xa0\n49,515,482\xa0\n세금과공과\n20,449,086\xa0\n20,238,655\xa0\n기타\n442,130,533\xa0\n307,551,628\xa0\n합 \xa0 계\n6,549,675,157\xa0\n5,697,317,804\xa0\n38. 법인세\n(1) 당기 및 전기의 법인세비용의 주요 구성내역은 다음과 같습니다.\n(단위: 천원)\n구 \xa0 분\n당 \xa0 기\n전 \xa0 기\n당기법인세비용\n60,906,988\xa0\n32,687,686\xa0\n- 당기법인세부담액\n56,966,580\xa0\n44,387,580\xa0\n- 과거기간의 당기법인세에 대하여 당기에 인식한 조정액\n3,940,408\xa0\n(11,699,894)\n일시적차이의 발생 및 소멸로 인한 금액\n(5,435,808)\n34,918,356\xa0\n자본에 직접 반영된 법인세비용\n(3,728,230)\n(8,039,689)\n- 확정급여제도의 재측정요소\n(4,848,845)\n(532,746)\n- 기타포괄손익-공정가치 측정 금융자산 평가손익\n2,076,150\xa0\n(6,666,960)\n- 파생상품평가손익\n(1,071,345)\n(781,735)\n- 관계기업투자 및 공동기업투자 평가\n115,810\xa0\n(58,248)\n법인세비용\n51,742,950\xa0\n59,566,353\xa0\n(2) 당기 및 전기의 회계이익과 법인세비용의 관계는 다음과 같습니다.\n(단위: 천원)\n구 \xa0 분\n당 \xa0 기\n전 \xa0 기\n법인세비용차감전순이익\n207,816,045\xa0\n193,181,010\xa0\n적용세율에 따른 법인세\n49,829,483\xa0\n46,287,804\xa0\n조정사항\n1,913,467\xa0\n13,278,549\xa0\n- 비과세수익으로 인한 효과\n(23,183,401)\n(8,788,094)\n- 비공제비용으로 인한 효과\n536,660\xa0\n593,103\xa0\n- 세액공제 및 감면으로 인한 효과\n(4,419,648)\n(1,308,219)\n- 미인식이연법인세효과의 변동\n7,840,962\xa0\n18,750,240\xa0\n- 과거기간의 당기법인세에 대하여 당기에 인식한 조정액\n3,940,408\xa0\n(11,699,894)\n- 기타\n17,198,486\xa0\n15,731,413\xa0\n법인세비용\n51,742,950\xa0\n59,566,353\xa0\n유효세율(법인세비용/법인세차감전순손익)(주)\n24.90%\n30.83%\n(3) 당기 및 전기 중 이연법인세자산(부채)의 변동내용은 다음과 같습니다.(당기)\n(단위: 천원)\n구 \xa0 분\n기초금액\n당기손익 반영\n자본항목 반영\n기말금액\n일시적차이\n(141,022,119)\n14,512,141\xa0\n(3,728,230)\n(130,238,208)\n미사용세무상결손금\n11,780,384\xa0\n(5,348,103)\n-\xa0\n6,432,281\xa0\n미사용세액공제\n-\xa0\n-\xa0\n-\xa0\n-\xa0\n합 \xa0 계\n(129,241,735)\n9,164,038\xa0\n(3,728,230)\n(123,805,927)\n\xa0이연법인세자산 (주1)\n38,024,473\xa0\n\u3000\n\u3000\n59,555,715\xa0\n\xa0이연법인세부채 (주1)\n167,266,208\xa0\n\u3000\n\u3000\n183,361,642\xa0\n(주1) 연결실체의 이연법인세자산과 이연법인세부채에 대해서 동일 과세당국이 부과하는 법인세이며 연결실체가 당기법인세자산과 당기법인세부채를 상계할 수 있는 법적으로 집행가능한 권리와 의도를 가지고 있는 경우에만 이연법인세자산과 이연법인세부채를 상계하여 연결재무상태표에 표시하였습니다.\n(전기)\n(단위: 천원)\n구 \xa0 분\n기초금액\n당기손익 반영\n자본항목 반영\n대체(주2)\n기말금액\n일시적차이\n(113,741,864)\n(20,647,933)\n(8,039,689)\n1,407,367\xa0\n(141,022,119)\n미사용세무상결손금\n14,985,513\xa0\n(3,205,129)\n-\xa0\n-\xa0\n11,780,384\xa0\n미사용세액공제\n3,025,605\xa0\n(3,025,605)\n-\xa0\n-\xa0\n-\xa0\n합 \xa0 계\n(95,730,746)\n(26,878,667)\n(8,039,689)\n1,407,367\xa0\n(129,241,735)\n\xa0이연법인세자산 (주1)\n64,285,162\xa0\n\u3000\n\u3000\n\u3000\n38,024,473\xa0\n\xa0이연법인세부채 (주1)\n160,015,908\xa0\n\u3000\n\u3000\n\u3000\n167,266,208\xa0\n(주1) 연결실체의 이연법인세자산과 이연법인세부채에 대해서 동일 과세당국이 부과하는 법인세이며 연결실체가 당기법인세자산과 당기법인세부채를 상계할 수 있는 법적으로 집행가능한 권리와 의도를 가지고 있는 경우에만 이연법인세자산과 이연법인세부채를 상계하여 연결재무상태표에 표시하였습니다.(주2) 매각예정비유동자산 대체가 포함되어 있습니다(주석 18 참조).\n(4) 보고기간종료일 현재 인식하지 아니한 일시적차이의 내역은 다음과 같습니다.\n(단위: 천원)\n구 \xa0 분\n당기말\n전기말\n종속기업에 대한 투자지분\n(265,026,734)\n(293,650,999)\n기타\n(32,580,787)\n(982,636)\n이월결손금\n35,016,381\xa0\n-\xa0\n합 \xa0 계\n(262,591,140)\n(294,633,635)\n39. 주당손익\n당기 및 전기의 기본주당손익의 계산내역은 다음과 같습니다.\n(단위: 원, 주)\n구 \xa0 분\n당 \xa0 기\n전 \xa0 기\n지배기업소유주지분 계속영업순손익\n123,324,103,013\xa0\n49,261,924,946\xa0\n가중평균유통보통주식수(주1)\n3,902,972\xa0\n3,947,547\xa0\n보통주 기본주당손익\n\xa031,597\xa0\n12,479\xa0\n(주1) 지배기업이 보유하고 있는 자기주식은 제외하였습니다. 한편, 당기 및 전기의 가중평균유통보통주식수의 산출근거는 다음과 같습니다.(당기)\n(단위: 주)\n구 분\n유통주식수\n가중치\n가중평균유통보통주식수\n기초\n4,000,000\xa0\n365/365\n4,000,000\xa0\n기초자기주식수\n(88,397)\n365/365\n(88,397)\n자기주식\n(13,541)\n233/365\n(8,631)\n합 계\n3,898,062\xa0\n3,902,972\xa0\n(전기)\n(단위: 주)\n구 분\n유통주식수\n가중치\n가중평균유통보통주식수\n기초\n4,000,000\xa0\n365/365\n4,000,000\xa0\n기초자기주식수\n(21,058)\n365/365\n(21,058)\n자기주식\n(67,339)\n170/365\n(31,395)\n합 계\n3,911,603\xa0\n\u3000\n3,947,547\xa0\n지배기업은 보고기간말 현재 희석화증권을 발행하지 않았으므로 희석주당손익은 기본주당손익과 같습니다.\n40. 금융위험관리40.1 자본위험관리연결기업은 부채와 자본 잔액의 최적화를 통하여 주주이익을 극대화시키는 동시에 계속기업으로서 지속될 수 있도록 자본을 관리하고 있습니다. 연결기업의 전반적인전략은 전기와 비교하여 변동이 없습니다. 연결기업은 자본관리지표로 부채비율을 이용하고 있으며 이 비율은 총부채를 총자본으로 나누어 산출하고 있습니다. 한편, 총부채 및 총자본은 재무제표의 금액을 기준으로 계산합니다.\n보고기간종료일 현재 부채비율은 다음과 같습니다.\n(단위: 천원)\n구 \xa0 분\n당기말\n전기말\n부채\n2,915,366,416\xa0\n2,674,980,509\xa0\n자본\n3,004,592,490\xa0\n2,862,793,790\xa0\n부채비율\n97.03%\n93.44%\n40.2 금융위험연결기업의 재무부문은 영업과 관련한 금융위험을 감시하고 관리하는 역할을 하고 있습니다. 이러한 위험들은 시장위험(통화위험, 공정가치이자율위험 및 가격위험 포함), 신용위험, 유동성위험 및 현금흐름이자율위험을 포함하고 있습니다.연결기업은 위험회피를 위하여 파생금융상품을 이용함으로써 이러한 위험의 영향을 최소화시키고자 합니다. 파생금융상품의 사용은 이사회가 승인한 연결기업의 정책에따라 결정되는데, 이에 따라 외환위험, 이자율위험, 신용위험, 파생금융상품 및 비파생금융상품의 이용, 그리고 초과유동성의 투자에 관한 명문화된 원칙이 제공되고 있습니다. 내부감사인은 지속적으로 정책의 준수와 위험노출한도를 검토하고 있습니다. 연결기업은 투기적 목적으로 파생금융상품을 포함한 금융상품계약을 체결하거나 거래하지 않습니다.40.3 범주별 금융자산 및 금융부채활성시장에서 거래되는 금융상품의 공정가치는 보고기간말 현재 고시되는 시장가격에 기초하여 산정됩니다. 연결기업이 보유하고 있는 금융자산의 공시되는 시장가격은 매입호가입니다. 활성시장에서 거래되지 아니하는 금융상품의 공정가치는 평가기법을 사용하여 결정하고 있습니다. 연결기업은 다양한 평가기법을 활용하고 있으며 보고기간말에 현재 시장 상황에 근거하여 가정을 수립하고 있습니다. \xa0금융상품에는 추정현금흐름할인법과 같은 다양한 기법들을 사용하여 공정가치를 산정하고 있습니다.\xa0\n(1) 보고기간종료일 현재 연결기업의 범주별 금융자산의 내역은 다음과 같습니다.(당기말)\n\xa0(단위 : 천원)\n구 \xa0 분\n상각후원가측정금융자산\n당기손익-공정가치 금융자산\n기타포괄손익-공정가치 금융자산\n위험회피지정금융자산\n합 \xa0 계\n현금및현금성자산\n246,601,872\xa0\n-\xa0\n-\xa0\n-\n246,601,872\xa0\n매출채권\n879,680,332\xa0\n27,469,402\xa0\n-\xa0\n-\xa0\n907,149,734\xa0\n기타채권\n52,809,263\xa0\n-\xa0\n-\xa0\n-\xa0\n52,809,263\xa0\n기타금융자산\n130,824,342\xa0\n335,316,791\xa0\n111,484,960\xa0\n17,961,081\xa0\n595,587,174\xa0\n합 \xa0 계\n1,309,915,809\xa0\n362,786,193\xa0\n111,484,960\xa0\n17,961,081\xa0\n1,802,148,043\xa0\n(전기말)\n\xa0(단위 : 천원)\n구 \xa0 분\n상각후원가측정금융자산\n당기손익-공정가치 금융자산\n기타포괄손익-공정가치 금융자산\n위험회피지정금융자산\n합 \xa0 계\n현금및현금성자산\n193,322,495\xa0\n-\xa0\n-\xa0\n-\xa0\n193,322,495\xa0\n매출채권\n750,327,951\xa0\n22,199,155\xa0\n-\xa0\n-\xa0\n772,527,106\xa0\n기타채권\n52,628,711\xa0\n-\xa0\n-\xa0\n-\xa0\n52,628,711\xa0\n기타금융자산\n15,045,291\xa0\n325,719,285\xa0\n69,572,698\xa0\n71,365\xa0\n410,408,639\xa0\n합 \xa0 계\n1,011,324,448\xa0\n347,918,440\xa0\n69,572,698\xa0\n71,365\xa0\n1,428,886,951\xa0\n(2) 보고기간종료일 현재 연결기업의 범주별 금융부채의 내역은 다음과 같습니다.(당기말)\n\xa0(단위 : 천원)\n구 \xa0 \xa0분\n상각후원가측정금융부채\n당기손익-공정가치 측정 금융부채\n위험회피지정금융부채\n합 \xa0 \xa0계\n매입채무\n498,736,729\xa0\n96,977,411\xa0\n\u3000-\xa0\n595,714,140\xa0\n기타채무\n192,317,453\xa0\n-\xa0\n\u3000-\xa0\n192,317,453\xa0\n차입금\n1,670,359,669\xa0\n-\xa0\n\u3000-\xa0\n1,670,359,669\xa0\n기타금융부채(주1)\n8,722,006\xa0\n41,786,490\xa0\n5,964,739\xa0\n56,473,235\xa0\n합 \xa0 계\n2,370,135,857\xa0\n138,763,901\xa0\n5,964,739\xa0\n2,514,864,497\xa0\n(주1) 리스부채 31,815,106천원은 제외하였습니다(주석 23 참조).\n(전기말)\n\xa0(단위 : 천원)\n구 \xa0 분\n상각후원가측정금융부채\n당기손익-공정가치 측정 금융부채\n위험회피지정금융부채\n합 \xa0 계\n매입채무\n585,993,268\xa0\n35,224,110\xa0\n-\xa0\n621,217,378\xa0\n기타채무\n168,326,139\xa0\n-\xa0\n-\xa0\n168,326,139\xa0\n차입금\n1,417,860,350\xa0\n-\xa0\n-\xa0\n1,417,860,350\xa0\n기타금융부채(주1)\n15,536,664\xa0\n5,468\xa0\n3,251,464\xa0\n18,793,596\xa0\n합 \xa0 계\n2,187,716,421\xa0\n35,229,578\xa0\n3,251,464\xa0\n2,226,197,463\xa0\n(주1) 리스부채 41,937,627천원은 제외하였습니다(주석 23 참조).\n40.4 시장위험연결기업의 활동은 주로 환율과 이자율의 변동으로 인한 금융위험에 노출되어 있습니다. 따라서 이자율과 외화위험을 관리하기 위해 통화선도와 통화스왑을 포함한 다양한 파생상품계약을 체결하고 있습니다.(1) 외화위험관리연결기업은 외화로 표시된 거래를 수행하고 있으므로 환율변동으로 인한 위험에 노출되어 있습니다. 환율변동으로 인한 위험의 노출정도는 통화선도계약을 활용하여 승인된 정책에서 정하는 한도 내에서 관리하고 있습니다.\n연결기업의 환위험은 외화로 표시된 화폐성자산과 화폐성부채의 환율변동과 관련하여 발생하고 있습니다. 보고기간종료일 현재 외화로 표시된 화폐성자산 및 화폐성부채를 기능통화로 환산한 내역은 다음과 같습니다.\n(단위: 천원)\n구 \xa0 분\n당기말\n전기말\n자산\n부채\n자산\n부채\nUSD\n305,950,125\xa0\n600,026,408\xa0\n214,526,017\xa0\n541,969,339\xa0\nEUR\n18,818,474\xa0\n1,674,352\xa0\n9,860,784\xa0\n469,253\xa0\nJPY\n25,244,446\xa0\n33,451,722\xa0\n29,868,995\xa0\n18,929,944\xa0\nCNY\n9,815,960\xa0\n233,984\xa0\n16,927,991\xa0\n19,407\xa0\nTHB\n435,761\xa0\n-\xa0\n284,210\xa0\n-\xa0\nIDR\n174,651\xa0\n3,566\xa0\n145\xa0\n-\xa0\nSAR\n-\xa0\n160,787\xa0\n-\xa0\n-\xa0\n보고기간종료일 현재 각 외화에 대한 기능통화의 환율 10% 변동시 환율변동이 법인세비용차감전 순손익에 미치는 영향은 다음과 같습니다.\n(단위: 천원)\n구 \xa0 분\n10% 상승시\n10% 하락시\n당기말\n전기말\n당기말\n전기말\nUSD\n(29,407,628)\n(32,744,332)\n29,407,628\xa0\n32,744,332\xa0\nEUR\n1,714,412\xa0\n939,153\xa0\n(1,714,412)\n(939,153)\nJPY\n(820,728)\n1,093,905\xa0\n820,728\xa0\n(1,093,905)\nCNY\n958,198\xa0\n1,690,858\xa0\n(958,198)\n(1,690,858)\nTHB\n43,576\xa0\n28,421\xa0\n(43,576)\n(28,421)\nIDR\n17,109\xa0\n15\xa0\n(17,109)\n(15)\nSAR\n(16,079)\n-\xa0\n16,079\xa0\n-\xa0\n(2) 이자율위험관리연결기업은 고정이자율과 변동이자율로 자금을 차입하고 있으며, 이로 인하여 이자율위험에 노출되어 있습니다. 연결기업은 이자율위험을 관리하기 위하여 고정금리부차입금과 변동금리부 차입금의 적절한 균형을 유지하거나, 이자율스왑계약과 선도이자율계약을 체결하고 있습니다. 위험회피활동은 이자율 현황과 정의된 위험성향을 적절히 조정하기 위해 정기적으로 평가되며 최적의 위험회피전략이 적용되도록 하고있습니다.\n보고기간종료일 현재 이자율위험에 노출된 자산 및 부채의 이자율이 1% 증가 및 감소할 경우 당기 및 전기 법인세비용차감전순손익에 미치는 영향은 다음과 같습니다.\n(단위: 천원)\n구 \xa0 분\n1% 상승시\n1% 하락시\n당기말\n전기말\n당기말\n전기말\n법인세비용차감전순손익\n(1,841,222)\n(1,906,939)\n1,841,222\xa0\n1,906,939\xa0\n40.5 가격위험연결기업이 보유한 기타포괄손익-공정가치 측정 금융자산 중 상장지분상품은 가격변동위험에 노출되어 있습니다. 당기말 및 전기말 현재 상장지분상품의 장부금액과 다른 변수가 일정할 경우 상장지분상품 가격의 10% 변동이 법인세효과 차감전 기타포괄손익에 미치는 영향은 다음과 같습니다.\n(단위: 천원)\n구 \xa0 분\n장부금액\n상장지분상품 가격변동이\n영향을 미치는 부분\n상장지분상품 가격 10% 변동시 영향\n당기말\n전기말\n당기말\n전기말\n기타포괄손익-공정가치 측정 금융자산\n8,491,267\xa0\n13,335,072\xa0\n(세전)기타포괄손익\n849,127\xa0\n1,333,507\n40.6 신용위험관리신용위험은 계약상대방이 계약상의 의무를 불이행하여 연결기업에 재무적 손실을 미칠 위험을 의미합니다. 연결기업은 채무불이행으로 인한 재무적 손실을 경감시키는 수단으로서 신용도가 일정 수준 이상인 거래처와 거래하고, 충분한 담보를 수취하는 정책을 채택하고 있습니다. 연결기업의 신용위험노출 및 거래처의 신용등급을 지속적으로 검토하고 있으며 이러한 거래 총액은 승인된 거래처에 고루 분산되어 있습니다. 또한, 매출채권은 다수의 거래처로 구성되어 있습니다.\n한편, 보고기간종료일 현재 신용위험에 대한 최대 노출정도는 다음과 같습니다.\n(단위: 천원)\n구 분\n통 화\n당기말\n전기말\n금융보증계약(주1)\nKRW\n1,281,634\xa0\n1,570,800\xa0\n(주1) 금융보증계약과 관련된 연결기업의 최대노출정도는 보증이 청구되면 연결기업이 지급하여야 할 최대금액입니다.신용위험에 노출된 금융자산 중 상기 금융보증계약을 제외한 나머지 금융자산은 장부금액이 신용위험에 대한 최대 노출정도를 가장 잘 나타내는 경우에 해당하여 상기 공시에서 제외하고 있습니다.40.7 유동성위험관리유동성위험관리에 대한 궁극적인 책임은 연결기업의 단기 및 중장기 자금조달과 유동성관리규정을 적절하게 관리하기 위한 기본정책을 수립하는 이사회에 있습니다. 연결기업은 충분한 적립금과 차입한도를 유지하고 예측현금흐름과 실제현금흐름을 계속하여 관찰하고 금융자산과 금융부채의 만기구조를 대응시키면서 유동성위험을 관리하고 있습니다.\n(1) 비파생금융부채의 만기구조보고기간종료일 현재 연결기업의 비파생금융부채의 만기구조는 다음과 같습니다.\n(당기말)\n(단위: 천원)\n구 \xa0 분\n1년미만\n1년이상 2년미만\n2년이상\n합 \xa0계\n매입채무및기타채무\n772,544,583\xa0\n15,307,548\xa0\n179,461\xa0\n788,031,592\xa0\n단기차입부채\n658,282,346\xa0\n-\xa0\n-\xa0\n658,282,346\xa0\n비유동차입부채\n225,356,108\xa0\n286,406,494\xa0\n561,178,088\xa0\n1,072,940,690\xa0\n금융보증계약(주1)\n1,281,634\xa0\n-\xa0\n-\xa0\n1,281,634\xa0\n기타금융부채\n3,390,197\xa0\n4,050,175\xa0\n19,050,544\xa0\n26,490,916\xa0\n합 \xa0 계\n1,660,854,868\n305,764,217\n580,408,093\n2,547,027,178\n(주1) 상기금액은 피보증인이 보증금액 전액을 청구한다면 연결기업이 계약상 지급해야 할 최대금액입니다.(전기말)\n(단위: 천원)\n구 \xa0 분\n1년미만\n1년이상 2년미만\n2년이상\n합 \xa0계\n매입채무및기타채무\n767,335,262\xa0\n18,862,866\xa0\n3,345,389\xa0\n789,543,517\xa0\n단기차입부채\n481,047,810\xa0\n-\xa0\n-\xa0\n481,047,810\xa0\n비유동차입부채\n314,511,353\xa0\n187,506,847\xa0\n485,524,817\xa0\n987,543,017\xa0\n금융보증계약(주1)\n1,570,800\xa0\n-\xa0\n-\xa0\n1,570,800\xa0\n기타금융부채\n3,325,205\xa0\n10,640,659\xa0\n-\xa0\n13,965,864\xa0\n합 \xa0 계\n1,567,790,430\xa0\n217,010,372\xa0\n488,870,206\xa0\n2,273,671,008\xa0\n(주1) 상기금액은 피보증인이 보증금액 전액을 청구한다면 연결기업이 계약상 지급해야 할 최대금액입니다.\n한편, 금융부채의 만기분석은 해당 금융부채로부터 발생하는 이자를 포함하며 할인되지 않은 현금흐름을 기초로 연결기업이 지급하여야 하는 가장 빠른 만기일에 근거하여 작성되었습니다.\n(2) 리스부채의 만기구조보고기간종료일 현재 연결기업의 리스부채의 만기구조는 다음과 같습니다.(당기말)\n(단위: 천원)\n구 \xa0 분\n1년미만\n1년이상 2년미만\n2년이상\n합 \xa0계\n리스부채\n8,893,737\xa0\n6,154,433\xa0\n20,598,881\xa0\n35,647,051\xa0\n(전기말)보고기간종료일 현재 연결기업의 리스부채의 만기구조는 다음과 같습니다.\n(단위: 천원)\n구 \xa0 분\n1년미만\n1년이상 2년미만\n2년이상\n합 \xa0계\n리스부채\n10,048,126\xa0\n8,619,224\xa0\n26,790,017\xa0\n45,457,367\xa0\n41. 금융상품의 공정가치41.1 공정가치와 장부금액(1) 금융자산\n\xa0 (단위 : 천원)\n구 \xa0 분\n당기말\n전기말\n공정가치\n장부금액\n공정가치\n장부금액\n1) 공정가치로 인식된 자산\n\xa0- 상장지분상품\n8,491,267\xa0\n8,491,267\xa0\n13,335,072\n13,335,072\n\xa0- 비상장지분상품\n105,973,999\xa0\n105,973,999\xa0\n56,237,626\n56,237,626\n\xa0- 출자금\n889,856\xa0\n889,856\xa0\n873,100\n873,100\n\xa0- 채무상품\n1,736,201\xa0\n1,736,201\xa0\n-\n-\n\xa0- 통화선도 및 원자재선물\n3,083,037\xa0\n3,083,037\xa0\n590,215\n590,215\n\xa0- 위험회피지정파생금융상품\n17,961,081\xa0\n17,961,081\xa0\n71,365\n71,365\n\xa0- 기타(수익증권 등)\n326,627,391\xa0\n326,627,391\xa0\n324,255,970\n324,255,970\n\xa0- 매출채권\n27,469,402\xa0\n27,469,402\xa0\n22,199,155\n22,199,155\n2) 상각후원가로 인식된 자산\n\xa0- 현금및현금성자산\n246,601,872\xa0\n246,601,872\xa0\n193,322,495\n193,322,495\n\xa0- 매출채권\n879,680,332\xa0\n879,680,332\xa0\n750,327,951\n750,327,951\n\xa0- 기타채권\n52,809,263\xa0\n52,809,263\xa0\n52,628,711\n52,628,711\n\xa0- 단ㆍ장기금융상품\n125,630,052\xa0\n125,630,052\xa0\n9,873,222\n9,873,222\n\xa0- 채무상품\n5,194,289\xa0\n5,194,289\xa0\n5,172,069\n5,172,069\n금융자산 합계\n1,802,148,043\xa0\n1,802,148,043\xa0\n1,428,886,951\n1,428,886,951\n(2) 금융부채\n(단위: 천원)\n구 \xa0 분\n당기말\n전기말\n공정가치\n장부금액\n공정가치\n장부금액\n1) 공정가치로 인식된 부채\n\xa0- 통화선도 및 원자재선물\n22,735,946\xa0\n22,735,946\xa0\n5,468\xa0\n5,468\xa0\n\xa0- 위험회피지정파생금융상품\n5,964,739\xa0\n5,964,739\xa0\n3,251,464\xa0\n3,251,464\xa0\n\xa0- 매입채무\n96,977,411\xa0\n96,977,411\xa0\n35,224,110\xa0\n35,224,110\xa0\n\xa0- 비지배지분부채\n19,050,544\xa0\n19,050,544\xa0\n-\xa0\n-\xa0\n2) 상각후원가로 인식된 부채\n\xa0- 매입채무\n498,736,729\xa0\n498,736,729\xa0\n585,993,268\n585,993,268\n\xa0- 기타채무\n192,317,453\xa0\n192,317,453\xa0\n168,326,139\n168,326,139\n\xa0- 차입금\n1,643,734,101\xa0\n1,670,359,669\xa0\n1,417,860,350\n1,417,860,350\n\xa0- 금융보증부채\n1,281,634\xa0\n1,281,634\xa0\n1,570,800\n1,570,800\n\xa0- 기타금융부채\n7,440,373\xa0\n7,440,373\xa0\n13,965,864\n13,965,864\n금융부채 합계\n2,488,238,930\xa0\n2,514,864,498\xa0\n2,226,197,463\n2,226,197,463\n41.2 보고기간종료일 현재 연결재무상태표에서 공정가치로 후속측정되는 금융상품의 공정가치를 공정가치 서열체계 수준별로 분류한 내역은 다음과 같습니다.\n(당기말)\n(단위: 천원)\n구 \xa0 분\n수준 1\n수준 2\n수준 3\n합 \xa0 계\n1) 금융자산:\n① 당기손익-공정가치 측정 금융자산\n\xa0 \xa0 비상장지분상품\n-\xa0\n-\xa0\n2,980,306\xa0\n2,980,306\xa0\n\xa0 \xa0 출자금\n-\xa0\n-\xa0\n889,856\xa0\n889,856\xa0\n\xa0 \xa0 채무상품\n-\xa0\n-\xa0\n1,736,201\xa0\n1,736,201\xa0\n\xa0 \xa0 기타(수익증권 등)\n-\xa0\n18,605,560\xa0\n308,021,831\xa0\n326,627,391\xa0\n\xa0 \xa0 통화선도 및 원자재선물\n-\xa0\n3,083,037\xa0\n-\xa0\n3,083,037\xa0\n소 \xa0 \xa0계\n-\xa0\n21,688,597\xa0\n313,628,194\xa0\n335,316,791\xa0\n② 기타포괄손익-공정가치 측정 금융자산\n\xa0 \xa0 상장지분상품\n8,491,267\xa0\n-\xa0\n-\xa0\n8,491,267\xa0\n\xa0 \xa0 비상장지분상품\n-\xa0\n273,967\xa0\n102,719,726\xa0\n102,993,693\xa0\n소 \xa0 계\n8,491,267\xa0\n273,967\xa0\n102,719,726\xa0\n111,484,960\xa0\n③ 위험회피지정파생상품\n\xa0 \xa0 \xa0위험회피지정파생상품자산\n-\xa0\n17,961,081\xa0\n-\xa0\n17,961,081\xa0\n금융자산 합계\n8,491,267\xa0\n39,923,645\xa0\n416,347,920\xa0\n464,762,832\xa0\n2) 금융부채:\n① 당기손익-공정가치 측정 금융부채\n\xa0 \xa0 통화선도 및 원자재선물\n\u3000-\xa0\n22,735,946\xa0\n-\xa0\n22,735,946\xa0\n② 위험회피지정파생상품\n\xa0 \xa0 위험회피지정파생상품부채\n-\xa0\n5,964,739\xa0\n-\xa0\n5,964,739\xa0\n금융부채 합계\n-\xa0\n28,700,685\xa0\n-\xa0\n28,700,685\xa0\n(전기말)\n(단위: 천원)\n구 \xa0 분\n수준 1\n수준 2\n수준 3\n합 \xa0 계\n1) 금융자산:\n① 당기손익-공정가치 측정 금융자산\n\xa0 \xa0 출자금\n-\xa0\n-\xa0\n873,100\xa0\n873,100\xa0\n\xa0 \xa0 기타(수익증권 등)\n-\xa0\n34,386,389\xa0\n289,869,581\xa0\n324,255,970\xa0\n\xa0 \xa0 통화선도 및 원자재선물\n-\xa0\n590,215\xa0\n-\xa0\n590,215\xa0\n소 \xa0 \xa0계\n-\xa0\n34,976,604\xa0\n290,742,681\xa0\n325,719,285\xa0\n② 기타포괄손익-공정가치 측정 금융자산\n\xa0 \xa0 상장지분상품\n13,335,072\xa0\n-\xa0\n-\xa0\n13,335,072\xa0\n\xa0 \xa0 비상장지분상품\n-\xa0\n-\xa0\n56,237,626\xa0\n56,237,626\xa0\n소 \xa0 계\n13,335,072\xa0\n-\xa0\n56,237,626\xa0\n69,572,698\xa0\n③ 위험회피지정파생상품\n\xa0 \xa0 \xa0위험회피지정파생상품자산\n-\xa0\n71,365\xa0\n-\xa0\n71,365\xa0\n금융자산 합계\n13,335,072\xa0\n35,047,969\xa0\n346,980,307\xa0\n395,363,348\xa0\n2) 금융부채:\n① 당기손익-공정가치 측정 금융부채\n\xa0 \xa0 통화선도 및 원자재선물\n-\xa0\n5,468\xa0\n-\xa0\n5,468\xa0\n② 위험회피지정파생상품\n\xa0 \xa0 위험회피지정파생상품부채\n-\xa0\n3,251,464\xa0\n-\xa0\n3,251,464\xa0\n금융부채 합계\n-\xa0\n3,256,932\xa0\n-\xa0\n3,256,932\xa0\n연결기업은 계속적으로 공정가치로 인식하는 금융상품에 대해 매 보고기간말 분류를재평가(측정치 전체에 유의적인 투입변수 중 가장 낮은 수준에 근거함)하여 수준간의이동이 있는지를 판단하고 있으며, 당기 및 전기 중 공정가치 수준 1과 수준 2 사이의 유의적인 이동 및 공정가치 수준 3으로 또는 수준 3으로부터의 유의적인 이동은 없었습니다.41.3 연결기업은 당기말 및 전기말 현재 재무상태표에서 공정가치로 후속측정되지 않는 금융상품의 장부금액은 공정가치와 유사하다고 판단하고 있습니다.\n41.4 다음은 수준 2와 수준 3으로 분류되는 금융상품 공정가치측정치에 사용된 가치평가기법과 투입변수에 대한 설명입니다.\n- 통화선도, 원자재선물 및 주가연계증권(ELS 등)통화선도의 공정가치는 원칙적으로 측정대상 통화선도의 잔존기간과 일치하는 기간에 대한 보고기간말 현재 시장에서 공시된 선도환율에 기초하여 측정하였습니다. 통화선도의 잔존기간과 일치하는 기간의 선도환율이 시장에서 공시되지 않는다면, 시장에서 공시된 각 기간별 선도환율에 보간법을 적용하여 통화선도의 잔존기간과 유사한 기간의 선도환율을 추정하여 통화선도의 공정가치를 측정하였습니다. 통화선도의 공정가치 측정에 사용되는 할인율은 보고기간말 현재 시장에서 공시되는 이자율로부터 도출된 수익률곡선을 사용하여 결정하였습니다.\n주가연계증권은 상품별 기초자산의 공정가치의 변동에 따라 금융상품의 공정가치가 측정됩니다. 즉, 보고기간말 현재 시장에서 관측된 기초자산의 측정치를 기초로 상품별 공정가치가 도출되고 있습니다.원자재선물은 보고기간말 상품별 고시 선물가격에 의하여 측정됩니다.상기에서 설명한 바와 같이 통화선도, 원자재선물 및 주가연계증권의 공정가치 측정에 사용되는 투입변수는 보고기간말 현재 시장에서 관측가능한 선도환율과 수익률곡선 등을 통해도출되므로, 연결기업은 통화선도, 원자재선물 및 주가연계증권의 공정가치측정치를 공정가치 서열체계상 수준 2로 분류하였습니다.\n- 국공채 및 회사채국공채와 무담보 회사채의 공정가치는 채무증권 발행자와 유사한 신용도를 가진 기업에 적용되는 시장이자율을 적용하여 채무증권의 미래현금흐름을 할인하여 측정하고 있습니다.\n- 수익증권 및 비상장주식<할인된 현금흐름>미래현금흐름을 추정하기 위하여 매출액 증가율, 여유자금운용수익율, 장기차입금 이자비용, 자기자본비용 등에 대한 가정이나 추정과 같이 관측가능한 시장가격이나 비율에 근거하지 않은 가정이 일부 사용됩니다. 미래현금흐름을 할인하기 위하여 사용된 자기자본비용은 자본자산가격결정모형(CAPM)을 적용하여 산정하고 있으며, 베타는 Hamada model 및 각 업종베타를 적용하여 산출하였습니다.<조정순자산법>조정순자산법은 자산을 보유함으로 인해 가치를 창출하는 투자기업 등에 일반적으로적용되는 방식입니다. 대상 펀드 내 투자자산에 대해서는 대상 펀드의 평가위원회(Valuation committee)에서 자체적으로 공정가치평가를 반영하였으며, 편입자산의 공정가치 평가 시 주로 최근 거래사례가격을 적용하고, 일부 투자자산에 대해서는 유사기업 시장배수법 및 순자산을 고려한 평가가 반영되었습니다.\n- 주주간 계약옵션의 만기일까지 주가가 변할 수 있는 여러 과정을 보여주며, 옵션의 최종가격을 산정한 후, 이를 각 노드(Node)마다 할인하여 옵션가치를 산정하고 있습니다.\n41.5 재무상태표에서 반복적으로 공정가치로 측정되는 금융상품 중 수준 3으로 분류되는 금융자산과 금융부채의 당기 변동은 다음과 같습니다.\n(단위: 천원)\n구 \xa0 \xa0 분\n기초금액\n취득\n당기손익\n처분\n기타\n기말금액\n금융자산\n\xa0 비상장주식\n56,237,626\xa0\n71,508,292\xa0\n(6,610,821)\n(15,494,291)\n59,226\xa0\n105,700,032\xa0\n\xa0 수익증권 등\n289,869,581\xa0\n94,532,714\xa0\n4,784,383\xa0\n(19,033,914)\n(60,394,732)\n309,758,032\xa0\n\xa0 출자금\n873,100\xa0\n15,298\xa0\n1,458\xa0\n-\xa0\n\u3000-\xa0\n889,856\xa0\n42. 특수관계자 거래\n(1) 당기말 현재 연결기업의 특수관계자 내역은 다음과 같습니다.\n구 \xa0 분\n내 \xa0 \xa0역\n비 \xa0 \xa0고\n관계기업\n(주1)\n진양특수강㈜ 외 14개사\n주석 11 참조\n공동기업\n(주1,2)\nIG DIGITAL, LLC, ㈜피치, SeAH Gulf Special Steel Industries\n주석 12 참조\n기타\n(주3)\n(유)아라미스홀딩스투자목적회사\n-\n(주4)\n㈜세아에삽 등\n-\n(주5)\n㈜세아제강지주 등\n-\n(주1) 종속기업의 관계기업 및 공동기업, 종속기업이 포함되어 있습니다.(주2) 종속기업인 ㈜세아창원특수강은 사우디산업투자공사(Dussur)와 계약을 체결하여 합작법인 SeAH Gulf Special Steel Industries 을 설립하였습니다. ㈜세아창원특수강이 소유하고 있는 지분율이 51%로 지분율 과반수 보유회사이나, 다른 주주와의 약정에 따라 주요한 영업 및 재무 의사결정은 공동으로 행사하도록 협약함에 따라공동기업으로 분류하였습니다.(주3) 종속기업인 ㈜아이언그레이는 (유)아라미스홀딩스투자목적회사를 당기 중 신규로 취득하였습니다. \xa0㈜아이언그레이는 (유)아라미스홀딩스투자목적회사에 대하여약정상 소유지분에 연계된 이익에 접근할 수 없으므로 지분법을 적용하지는 않으나, 지분율이 20%를 초과하여 특수관계자로 분류하였습니다. (주4) 지배기업은 당기 중 해당 특수관계자에 대한 보유지분 전체를 (유)아라미스홀딩스투자목적회사에 매각하였으며, 이에 따라 \xa0종속기업 및 공동기업에서 기타특수관계자로 분류 변경되었습니다.\n(주5) 기업회계기준서 제1024호 특수관계자 범위에 포함되지 않으나 독점규제 및 공정거래법에 따른 동일한 대규모기업집단 소속회사입니다.\n(2) 주요 경영진에 대한 보상\xa0\n(단위: 천원)\xa0\n구 \xa0분\n당기\n전기\n단기급여\n17,567,626\xa0\n16,272,162\xa0\n퇴직급여\n1,363,160\xa0\n1,822,629\xa0\n주식보상비용\n380,241\xa0\n399,510\xa0\n(3) 특수관계자간 주요 거래내역(당기)\n(단위: 천원)\n구분\n거래대상 특수관계자명\n매출 등\n매입 등\n매출\n배당금 수령\n기타수익\n매입\n배당금 지급\n기타비용\n기타특수관계자(주1)\nSeAH Japan Co., Ltd.\n92,467\xa0\n-\xa0\n-\xa0\n5,281,813\xa0\n-\xa0\n25,171\xa0\nSeAH Steel America\n313,060\xa0\n-\xa0\n-\xa0\n-\xa0\n-\xa0\n-\xa0\nSEAH STEEL UAE LLC\n63,356\xa0\n-\xa0\n-\xa0\n-\xa0\n-\xa0\n-\xa0\nSeAH Steel Vina Corp.\n56,912\xa0\n-\xa0\n21,669\xa0\n-\xa0\n-\xa0\n-\xa0\nSeAH Wind Ltd.\n214,391\xa0\n-\xa0\n-\xa0\n-\xa0\n-\xa0\n-\xa0\n동아스틸(주)\n1,427,974\xa0\n-\xa0\n-\xa0\n10,291,952\xa0\n-\xa0\n-\xa0\n㈜세아씨엠\n15,860,407\xa0\n-\xa0\n218,169\xa0\n7,200,344\xa0\n-\xa0\n-\xa0\n㈜세아제강\n40,638,900\xa0\n-\xa0\n380,976\xa0\n61,040,787\xa0\n-\xa0\n1,989,342\xa0\n㈜세아제강지주\n1,890,191\xa0\n-\xa0\n3,072\xa0\n-\xa0\n2,994,985\xa0\n2,256,018\xa0\n주식회사 에스에스아이케이\n1,251\xa0\n-\xa0\n-\xa0\n-\xa0\n-\xa0\n-\xa0\n㈜에이치피피\n209,552\xa0\n-\xa0\n-\xa0\n3,160\xa0\n938,078\xa0\n-\xa0\n㈜에이팩인베스터스\n2,120\xa0\n-\xa0\n-\xa0\n-\xa0\n648\xa0\n-\xa0\n탈리다쿰㈜\n45,011\xa0\n-\xa0\n-\xa0\n10,368\xa0\n-\xa0\n-\xa0\n매각예정비유동자산\n㈜세아에삽(주3)\n277,669\xa0\n-\xa0\n-\xa0\n-\xa0\n-\xa0\n-\xa0\n기타특수관계자\nIndia SeAH Precision Metal Pvt., Ltd.(주2)\n-\xa0\n-\xa0\n36\xa0\n-\xa0\n-\xa0\n-\xa0\nPT. SeAH Precision Metal Indonesia(주2)\n-\xa0\n-\xa0\n1,860\xa0\n-\xa0\n-\xa0\n-\xa0\nQingdao SeAH Precision Metal Co.,Ltd(주2)\n98,457\xa0\n-\xa0\n-\xa0\n-\xa0\n-\xa0\n-\xa0\nS&G Holdings Ltd(주2)\n-\xa0\n-\xa0\n-\xa0\n-\xa0\n-\xa0\n206,630\xa0\nSeAH Precision Metal(Thailand) Co., Ltd.(주2)\n60,618\xa0\n-\xa0\n8,849\xa0\n-\xa0\n-\xa0\n-\xa0\nSeAH Precision Mexico S.A. DE C.V.(주2)\n6,149,286\xa0\n-\xa0\n-\xa0\n-\xa0\n-\xa0\n-\xa0\n㈜세아에삽(주3)\n4,910,640\xa0\n-\xa0\n-\xa0\n-\xa0\n-\xa0\n5,500\xa0\n㈜세아에프에스(주2)\n366,222\xa0\n-\xa0\n29,690\xa0\n-\xa0\n-\xa0\n-\xa0\n㈜우진정공(주2)\n684,688\xa0\n-\xa0\n-\xa0\n-\xa0\n-\xa0\n-\xa0\n관계기업(주5)\n㈜세아엔지니어링(주4)\n195,912\xa0\n-\xa0\n3,565\xa0\n82,000\xa0\n-\xa0\n3,451\xa0\n㈜세창스틸\n15,188,420\xa0\n-\xa0\n-\xa0\n1,176,286\xa0\n-\xa0\n-\xa0\n㈜포도미디어네트워크\n2,500\xa0\n-\xa0\n-\xa0\n-\xa0\n-\xa0\n-\xa0\n진양특수강㈜\n59,413,033\xa0\n875,000\xa0\n-\xa0\n10,658,387\xa0\n-\xa0\n5,820,462\xa0\n케이퓨전테크놀로지㈜\n-\xa0\n-\xa0\n5,850\xa0\n-\xa0\n-\xa0\n-\xa0\n(주1) 기업회계기준서 제1024호 특수관계자 범위에 포함되지 않으나 독점규제 및 공정거래법에 따른 동일한 대규모기업집단 소속회사입니다.(주2) 상기 특수관계자는 당기 중 보유지분을 전액 유한회사 아라미스홀딩스투자목적회사에게 매각함에 따라 매각예정비유동자산에서 기타특수관계자로 변경되었습니다. 상기 거래내역은 처분 이후의 거래내역을 기재하였습니다.(주3) 상기 특수관계자는 당기 중 매각 완료됨에 따라 매각예정비유동자산에서 기타특수관계자로 변경되었습니다. 상기 거래내역은 기타특수관계자 대체 시점을 기준으로 각각 구분하여 표시하였습니다.(주4) 상기 특수관계자는 당기 중 매각 완료되었으며, 당기말 현재 특수관계자에서 제외되었습니다. 상기 거래내역은 특수관계자에서 제외되기 전까지 발생한 거래 내역입니다.(주5) 종속기업의 관계기업 및 공동기업이 포함되어 있습니다.\n(전기)\n(단위: 천원)\n구분\n거래대상 특수관계자명\n매출 등\n매입 등\n매출\n배당금 수령\n기타수익\n매입\n배당금 지급\n기타비용\n기타특수관계자(주1)\nINOX TECH S.P.A\n901\xa0\n-\xa0\n-\xa0\n-\xa0\n-\xa0\n-\xa0\nSeAH Japan Co., Ltd.\n64,363,143\xa0\n-\xa0\n86\xa0\n13,222,967\xa0\n-\xa0\n167,064\xa0\nSeAH Steel America\n2,839,818\xa0\n-\xa0\n-\xa0\n-\xa0\n-\xa0\n-\xa0\nSEAH STEEL UAE LLC\n52,067\xa0\n-\xa0\n-\xa0\n-\xa0\n-\xa0\n-\xa0\nSeAH Steel Vina Corp.\n54,886\xa0\n-\xa0\n11,795\xa0\n-\xa0\n-\xa0\n-\xa0\n동아스틸㈜\n507,348\xa0\n-\xa0\n-\xa0\n12,107,004\xa0\n-\xa0\n-\xa0\n㈜세아씨엠\n14,050,167\xa0\n-\xa0\n211,217\xa0\n9,172,433\xa0\n-\xa0\n-\xa0\n㈜세아제강\n34,340,537\xa0\n-\xa0\n385,258\xa0\n59,769,152\xa0\n-\xa0\n1,151,879\xa0\n㈜세아제강지주\n1,515,703\xa0\n-\xa0\n14,284\xa0\n-\xa0\n2,755,394\xa0\n1,851,229\xa0\n㈜에이치피피\n82,303\xa0\n-\xa0\n-\xa0\n-\xa0\n-\xa0\n-\xa0\n㈜에이팩인베스터스\n89,559\xa0\n-\xa0\n-\xa0\n3,456\xa0\n844,270\xa0\n-\xa0\n㈜이앤비원\n1,682\xa0\n-\xa0\n-\xa0\n-\xa0\n583\xa0\n-\xa0\n탈리다쿰㈜\n18,508\xa0\n-\xa0\n-\xa0\n-\xa0\n-\xa0\n-\xa0\n공동기업\n㈜세아에삽\n2,368,989\xa0\n3,999,706\xa0\n4,084\xa0\n680\xa0\n-\xa0\n4,029\xa0\n관계기업(주2)\n㈜세아엔지니어링\n376,833\xa0\n-\xa0\n-\xa0\n-\xa0\n-\xa0\n199,554\xa0\n㈜세창스틸\n11,941,344\xa0\n-\xa0\n-\xa0\n3,205,395\xa0\n-\xa0\n-\n㈜유비솔루션(구, ㈜이앤비원)\n3,884\xa0\n-\xa0\n9,500\xa0\n-\xa0\n-\xa0\n36,364\xa0\n㈜포도미디어네트워크\n10,000\xa0\n-\xa0\n-\xa0\n-\xa0\n-\xa0\n-\n진양특수강㈜\n52,372,226\xa0\n5,679,585\xa0\n8,917,419\xa0\n한일튜브㈜\n8,108,798\xa0\n-\xa0\n-\xa0\n-\xa0\n-\xa0\n3,278\xa0\n(주1) 기업회계기준서 제1024호 특수관계자 범위에 포함되지 않으나 독점규제 및 공정거래법에 따른 동일한 대규모기업집단 소속회사입니다.(주2) 종속기업의 관계기업 및 공동기업이 포함되어 있습니다.\n(4) 특수관계자에 대한 채권ㆍ채무내역(당기말)\n\xa0(단위: 천원)\n구분\n거래대상 특수관계자명\n채권\n채무\n매출채권\n기타채권\n매입채무\n기타채무\n기타특수관계자(주1)\nSeAH Steel America, Inc.\n18,086\xa0\n-\xa0\n-\xa0\n-\xa0\nSEAH STEEL UAE LLC\n-\xa0\n-\xa0\n-\xa0\n4,497\xa0\nSeAH Steel Vina Corp.\n10,189\xa0\n-\xa0\n-\xa0\n5,006\xa0\nSeAH Wind Ltd.\n-\xa0\n106,391\xa0\n-\xa0\n-\xa0\n동아스틸(주)\n21,236\xa0\n24,356\xa0\n2,323,476\xa0\n-\xa0\n㈜세아씨엠\n790,326\xa0\n248,393\xa0\n886,759\xa0\n227,640\xa0\n㈜세아제강\n4,977,618\xa0\n8,166,578\xa0\n9,272,926\xa0\n5,907,683\xa0\n㈜세아제강지주\n19,436\xa0\n468,988\xa0\n-\xa0\n1,079,090\xa0\n㈜에이치피피\n-\xa0\n12,512\xa0\n-\xa0\n78,971\xa0\n㈜에이팩인베스터스\n-\xa0\n267\xa0\n-\xa0\n-\xa0\n탈리다쿰㈜\n-\xa0\n29\xa0\n-\xa0\n38,885\xa0\n공동기업\nSeAH Gulf Special Steel Industries\n-\xa0\n-\xa0\n-\xa0\n21,224,751\xa0\n기타특수관계자(주2)\nPT. SeAH Precision Metal Indonesia(주2)\n1,097\xa0\n-\xa0\n-\xa0\n-\xa0\nQingdao SeAH Precision Metal Co.,Ltd.(주2)\n-\xa0\n73,771\xa0\n-\xa0\n-\xa0\nSeAH Precision Metal(Thailand) Co., Ltd.(주2)\n4,014\xa0\n36,254\xa0\n-\xa0\n-\xa0\nSeAH Precision Mexico S.A DE C.V.(주2)\n4,954,164\xa0\n23,765\xa0\n-\xa0\n-\xa0\n㈜세아에삽(주3)\n381,313\xa0\n4,423\xa0\n-\xa0\n18,061\xa0\n㈜세아에프에스(주2)\n-\xa0\n9,437\xa0\n-\xa0\n-\xa0\n관계기업(주4)\n㈜세창스틸\n3,208,399\xa0\n127\xa0\n96,932\xa0\n122,219\xa0\n㈜포도미디어네트워크\n11,000\xa0\n-\xa0\n-\xa0\n-\xa0\n진양특수강㈜\n9,719,731\xa0\n-\xa0\n944,119\xa0\n513,836\xa0\n케이퓨전테크놀러지㈜\n-\xa0\n117,000\xa0\n-\xa0\n-\xa0\n(주1) 기업회계기준서 제1024호 특수관계자 범위에 포함되지 않으나 독점규제 및 공정거래법에 따른 동일한 대규모기업집단 소속회사입니다.(주2) 상기 특수관계자는 당기 중 보유지분을 전액 유한회사 아라미스홀딩스투자목적회사에게 매각함에 따라 매각예정비유동자산에서 기타특수관계자로 변경되었습니다. (주3) 상기 특수관계자는 당기 중 매각 완료됨에 따라 매각예정비유동자산에서 기타특수관계자로 변경되었습니다. (주4) 종속기업의 관계기업 및 공동기업이 포함되어 있습니다.(주5) 당기 중 상기 특수관계자에 대한 리스부채 상환액은 총 1,017,281천원이며. 당기말 리스부채 잔액은 903,005천원입니다.\n(전기말)\n\xa0(단위: 천원)\n구분\n거래대상 특수관계자명\n\xa0채권\n채무\n매출채권\n기타채권\n매입채무\n기타채무\n기타특수관계자(주1)\n㈜에이팩인베스터스\n380\xa0\n81\xa0\n-\xa0\n-\xa0\nSeAH Japan Co., Ltd.\n1,857,410\xa0\n-\xa0\n1,515,158\xa0\n374\xa0\nSeAH Steel America\n-\xa0\n-\xa0\n-\xa0\n-\xa0\nSeAH Steel UAE LLC.\n-\xa0\n26,778\xa0\n-\xa0\n-\xa0\nSeAH Steel Vina Corp.\n6,585\xa0\n-\xa0\n-\xa0\n-\xa0\n동아스틸㈜\n47,156\xa0\n2,038\xa0\n1,086,556\xa0\n-\xa0\n㈜세아씨엠\n974,328\xa0\n1,552,498\xa0\n1,503,359\xa0\n986,530\xa0\n㈜세아제강\n3,841,265\xa0\n850,312\xa0\n9,985,394\xa0\n2,303,184\xa0\n㈜세아제강지주\n27,983\xa0\n304,471\xa0\n-\xa0\n385,272\xa0\n㈜에이치피피\n1,744\xa0\n34\xa0\n-\xa0\n51,050\xa0\n탈리다쿰㈜\n-\xa0\n305\xa0\n-\xa0\n7,850\xa0\n매각예정비유동자산\n㈜세아에삽\n476,788\xa0\n43,788\xa0\n355\xa0\n70,252\xa0\n관계기업(주2)\n㈜세아엔지니어링\n87,014\xa0\n14,373\xa0\n-\xa0\n5,227\xa0\n㈜세창스틸\n1,394,104\xa0\n-\xa0\n333,445\xa0\n-\xa0\n진양특수강(주)\n5,891,472\xa0\n-\xa0\n607,887\xa0\n514,195\xa0\n케이퓨전테크놀로지㈜\n-\xa0\n117,000\xa0\n-\xa0\n-\xa0\n㈜포도미디어네트워크\n11,000\xa0\n-\xa0\n-\xa0\n-\xa0\n한일튜브㈜\n1,490,107\xa0\n-\xa0\n-\xa0\n1,844\xa0\n(주1) 기업회계기준서 제1024호 특수관계자 범위에 포함되지 않으나 독점규제 및 공정거래법에 따른 동일한 대규모기업집단 소속회사입니다.(주2) 종속기업의 관계기업 및 공동기업이 포함되어 있습니다.(주3) 전기 중 상기 특수관계자에 대한 리스부채 상환액은 총 957,210천원이며, 전기말 리스부채 잔액은 1,050,219천원입니다.\n(5) 당기 및 전기 중 특수관계자와의 지분거래내역은 다음과 같습니다.\n(단위 : 천원)\n구 \xa0분\n거래상대방\n거래내역\n당기\n전기\n추가취득\nXen Technologies Pte. Ltd.\n주식(우선주)\n869,001\xa0\n385,390\xa0\n(6) 당기 및 전기 중 특수관계자에 대한 자금거래는 다음과 같습니다.\n(단위: 천원)\n구 \xa0분\n당기\n전기\n추가 출자\n출자금 반환\n추가 출자\n출자금 반환\n\xa0당사의 관계기업\n오아시스헬스앤뷰티투자조합\n-\xa0\n345,745\xa0\n3,324,173\xa0\n-\xa0\n기타특수관계자\n(유)아라미스홀딩스투자목적회사\n-\xa0\n230,281\xa0\n-\xa0\n-\xa0\n43. 현금및현금성자산\n연결기업의 현금및현금성자산은 재무상태표와 현금흐름표상의 금액이 동일하게 관리되고 있습니다. \n44. 현금흐름 정보44.1 비현금거래당기 및 전기의 현금흐름표에 포함되지 않는 주요 비현금 투자활동거래와 비현금 재무활동거래는 다음과 같습니다.\xa0\n(단위: 천원)\n구 \xa0 \xa0 분\n당기\n전기\n건설중인자산의 유형자산 등으로 대체\n103,758,711\xa0\n54,852,351\xa0\n비유동차입부채의 유동성 대체\n202,449,193\xa0\n218,925,288\xa0\n유형자산 취득관련 미지급금의 증감\n5,354,442\xa0\n23,622,557\xa0\n리스부채의 증감\n(125,386)\n10,422,932\xa0\n당기손익-공정가치 측정 금융자산의 계정재분류\n64,621,703\xa0\n5,580,000\xa0\n44.2 재무활동에서 생기는 부채의 변동당기 및 전기 중 재무활동에서 생기는 부채의 변동은 다음과 같습니다.\xa0\n(당기)\n(단위: 천원)\n구 \xa0 \xa0분\n기초\n재무활동현금흐름\n환율변동\n비현금흐름\n상각\n대체\n기말\n단기차입금\n478,650,325\xa0\n171,198,810\xa0\n(270,637)\n-\xa0\n-\xa0\n-\xa0\n649,578,498\xa0\n사채및장기차입금\n939,210,025\xa0\n84,462,900\xa0\n(2,664,031)\n-\xa0\n(227,723)\n-\xa0\n1,020,781,171\xa0\n리스부채\n41,937,627\xa0\n(11,018,175)\n-\xa0\n(125,386)\n1,021,040\xa0\n-\xa0\n31,815,106\xa0\n합 \xa0계\n1,459,797,977\xa0\n244,643,535\xa0\n(2,934,668)\n(125,386)\n793,317\xa0\n-\xa0\n1,702,174,775\xa0\n(전기)\n(단위: 천원)\n구 \xa0 \xa0분\n기초\n재무활동현금흐름\n환율변동\n비현금흐름\n상각\n기타\n기말\n단기차입금\n413,457,039\xa0\n109,115,187\xa0\n(4,569,799)\n-\xa0\n-\xa0\n(39,352,102)\n478,650,325\xa0\n사채및장기차입금\n930,615,448\xa0\n(4,913,410)\n12,966,106\xa0\n-\xa0\n541,881\xa0\n-\xa0\n939,210,025\xa0\n리스부채\n43,477,855\xa0\n(10,482,411)\n-\xa0\n10,422,932\xa0\n-\xa0\n(1,480,749)\n41,937,627\xa0\n합 \xa0계\n1,387,550,342\xa0\n93,719,366\xa0\n8,396,307\xa0\n10,422,932\xa0\n541,881\xa0\n(40,832,851)\n1,459,797,977\xa0\n한편, 연결기업은 이자의 지급을 영업활동현금흐름으로 분류하고 있습니다.\n45. 우발부채 및 약정사항\n(1) 분실수표 관련 우발사항종속기업인 ㈜세아네트웍스는 거래대금의 결제를 위하여 1998년 4월 8일 및 1998년6월 8일에 발행한 수표 2매를 해당 은행에 분실신고를 하였습니다. 연결기업의 경영진은 동 사항이 연결재무제표에 중대한 영향을 미치지 않을 것으로 판단하고 있으며,이에 따라 당기말 현재 충당부채로 인식한 금액은 없습니다.\n(2) 계류중인 소송사건당기말 현재 연결기업이 피고로서 계류중인 소송사건은 총 4건(소송가액 1,432백만원)으로, 동 소송사건의 결과는 현재로서는 합리적으로 예측할 수 없습니다. 연결기업은 계류중인 소송 중 통상임금 관련 소송 사건으로부터 예상되는 손실금액 65,843,173천원을 소송충당부채로 재무제표에 반영하였으며, 통상임금 관련 소송을 제외하고 연결재무제표에 중대한 영향을 미치지 않을 것으로 판단하고 있습니다.\xa0\n(3) 교환사채(신종자본증권)종속기업인 ㈜세아베스틸지주(구, ㈜세아베스틸)은 교환사채와 관련된 재무적 투자자들과 교환대상주식의 정산 등에 관한 주주간 계약을 체결하였으며, 주요내용은 다음과 같습니다.\n구 \xa0 분\n내 \xa0 역\n교환권 행사\n발행일로부터 3년이 되는 날의 다음 날에 개시하여 매 6개월마다 교환권을 행사할 수 있으며, 5년이 경과한 후에는 언제나 교환권 행사가 가능함.\n조기정산\n5년시점까지 이자지급을 중지하는 등의 조기정산의 사유가 발생하는 경우 조기정산이 가능함.\xa0\n정산일\n정산기준일 : 2025년 01월 06일\xa0\n정산일 : 2025년 03월 16일\n정산가격\n기초자산 순매도금액 + 유상감자금액 - 정산기준금액\n정산기준금액\n22,500원(단, 인수계약에 따라 본건 사채의 교환가격이 조정되는 경우, 정산기준가격도 조정)\n㈜세아베스틸지주(구, ㈜세아베스틸) 정산금\n정산가격이 음(-)일 경우, 차액을 ㈜세아베스틸지주(구, ㈜세아베스틸)이 투자자에게 지급\n투자자 정산금\n정산가격이 양(+)일 경우, 차액을 투자자가 ㈜세아베스틸지주(구, ㈜세아베스틸)에게 지급\n(4) 비지배주주와의 지분옵션계약 ① ㈜세아특수강종속기업인 ㈜세아특수강은 2013년 중 Pos-SeAH Steel Wire(Tianjin) Co., Ltd. \xa0 \xa0 \xa0(이하 \'대상회사\')의 지분 75%를 취득하면서, 비지배주주인 포스코차이나가 보유하고 있는 대상회사 지분 25%와 관련하여 다음의 지분옵션계약을 체결하였습니다.\n구 \xa0 분\n내 \xa0 용\n콜옵션\n옵션보유자\n㈜세아특수강\xa0\n행사대상\n포스코차이나가 보유하고 있는 대상회사 지분 25%\xa0\n행사시기\n계약체결일로부터 5년이 경과한 날 이후\xa0\n행사가격(주1)\n행사시점 대상회사의 본질가치 중 25% 지분 상당액\n풋옵션\n옵션보유자\n포스코 차이나\xa0\n행사대상\n포스코차이나가 보유하고 있는 대상회사 지분 25%\xa0\n행사시기\n계약체결일로부터 5년이 경과한 날 이후\xa0\n행사가격(주1)\n행사시점 대상회사의 본질가치 중 25% 지분 상당액\n(주1) 행사시점 대상회사의 본질가치는 대상회사의 순자산가치와 순손익가치를 각 1:1.5 비율로 가중평균하여 산출합니다. 순자산가치는 옵션 행사 직전 6개월 이내에 외부감사인으로부터 감사 또는 검토 받은 재무제표상 순자산가액을 의미하며, 순손익가치는 대한민국의 상속세 및 증여세법 시행령 제54조에 따라 산정하되 순손익가치환원율은 대한민국의 기획재정부장관이 본 계약 체결일 현재 고시한 이율 10%를 행사시점에 적용합니다.\n한편, 상기 지분옵션계약을 고려할 때 연결기업은 비지배주주인 포스코차이나가 보유하고 있는 대상회사 지분 25%에 대하여 현재의 소유권을 보유하고 있다고 판단하였습니다. 이에 따라 연결기업은 대상회사인 종속기업 Pos-SeAH Steel Wire(Tianjin) Co., Ltd.의 지분을 100% 보유한 것으로 회계처리하였습니다.\xa0\n② SeAH Global Inc.\n2020년 중 지배기업의 종속기업인 SeAH Global Inc.은 그 종속기업인 Everguard Inc.의 지분 30%를 처분하였으며, 처분시 지분옵션계약을 체결하였습니다. 전기 중 풋옵션은 특정 요건을 충족하여 소멸되었습니다.\n구분\n내용\n[콜옵션]\n\xa0행사대상\nEverguard Inc. 비지배지분 30%\xa0\n\xa0행사가능시기\n2022년 9월 8일 이후\n\xa0행사가격\n행사시점의 SeAH Global Inc.와 비지배주주가 합의한 가격\n[풋옵션]\n\xa0행사대상\nEverguard Inc. 비지배지분 30%\n\xa0행사가능시기\n2022년 9월 8일 이후, 단 특정 요건을 충족할 경우 행사기간 이후 옵션에 대한 권리 소멸\n\xa0행사가격\n행사시점의 SeAH Global Inc.와 비지배주주가 합의한 가격\n③ 종속기업인 ㈜아이언그레이는 (유)윈드밀홀딩스투자목적회사와 사원간계약을 통해 아라미스홀딩스투자목적회사(이하 ""SPC"")의 지분을 각각 30%, 70% 보유하게 되며, 투자수익의 분배 및 지분비율조정에 대한 약정을 체결하였습니다. 주요 약정내용은 다음과 같습니다.\n구 \xa0 분\n내 \xa0 용\n투자수익의 분배\nSPC가 SPC의 재산을 사원들에게 분배하는 경우 다음의 순서에 따라 분배를 실시함\xa0\n(가) (유)윈드밀홀딩스투자목적회사 측의 투자원금 배분\n(나) ㈜아이언그레이 측의 투자원금 배분\n(다) 상기 (나) 분배 이후, 분배 누적금액이 각 당사자의 투자원금 및 IRR 6%에 도달할 때까지 각 당사자에 지급\n(라) 상기 (다) 분배 이후 잔여 금액이 있는 경우, 전액 매수인에게 지급\n지분매각에 관한 권리\n(가) ㈜아이언그레이 측의 \xa0동반매도청구권(Tag-along Right)\n(나) (유)윈드밀홀딩스투자목적회사 측의 동반매각요구권(Drag-along Right)\n지분비율 조정 약정\nSPC의 종속회사인 ㈜세아에프에스 및 S&G Holdings의 12개월 동안(\'22.3월~) EBITDA가 계약 기준 EBITDA(189억원) 대비 95%에 미달시, 1회에 한하여 감소된 EBITDA에 해당하는 가치만큼 세아의 SPC 지분비율(30%)를 감소시킴(단, (유)윈드밀홀딩스투자목적회사 측 지분 조정비율의 상한은 SPC 지분율의 90%이며, COVID-19로 인한 정부의 사업장 폐쇄 시 해당 기간은 제외하고 조정 EBITDA를 산정함) \xa0\n(5) 금융기관과의 여신한도 약정사항\n\xa0(외화단위: 각 1단위, 원화단위: 천원)\n구 \xa0 분\n금융기관\n통 화\n한도금액\n일반자금대출\n하나은행 외\nUSD\n148,500,000\xa0\nCNY\n305,134,200\xa0\nKRW\n815,800,000\xa0\nJPY\n2,791,228,070\xa0\n무역금융대출\n하나은행 외\nKRW\n74,000,000\xa0\n유산스\n하나은행 외\nUSD\n386,000,000\xa0\n이행보증\n하나은행 외\nUSD\n186,359\xa0\nKRW\n1,500,000\xa0\n매출채권할인\n하나은행 외\nKRW\n10,300,000\xa0\n기업어음\n산업은행 외\nKRW\n48,000,000\xa0\n시설자금대출\n하나은행 외\nUSD\n78,677,110\xa0\nJPY\n290,000,000\xa0\nKRW\n151,400,000\xa0\nCNY\n25,000,000\xa0\n동반성장론(B2B)\n하나은행 외\nKRW\n435,000,000\xa0\n외화포괄한도\n국민은행 외\nUSD\n98,500,000\xa0\n지급보증\n하나은행 외\nUSD\n33,809,448\xa0\nKRW\n17,922,200\xa0\n파생상품(선물환)\n하나은행 외\nUSD\n51,072,807\xa0\nKRW\n21,265,000\xa0\nJPY\n280,000,000\xa0\n(6) 타인으로부터 제공받은 지급보증\n(외화단위: 각 1단위, 원화단위: 천원)\n제공받은자\n제공자\n물건 또는 내용\n통 화\n보증금액\n㈜세아엘앤에스\n하나은행\n철도운송관련 보증\nKRW\n160,000\xa0\n서울보증보험\n공탁보증보험 외\nKRW\n853,834\xa0\n하나은행\n철근매입\nKRW\n3,000,000\xa0\n(주)세아베스틸(주1)\n근로복지공단 등\n계약이행보증\nKRW\n378,158\xa0\n하나은행\n원화지급보증\nKRW\n1,000,000\xa0\n하나은행 등\n외화지급보증\nUSD\n38,274,134\xa0\n하나은행 등\nL/C지급보증\nUSD\n60,000,000\xa0\n㈜세아네트웍스\n서울보증보험\n계약이행보증 외\nKRW\n7,536,451\xa0\n소프트웨어공제조합\n하자이행보증 외\nKRW\n6,698,962\xa0\n세아창원특수강\n한국에너지공단\n온실가스 배출권\nKRW\n52,860\xa0\n우리은행 등\nL/C지급보증\nUSD\n6,130,580\xa0\n㈜세아항공방산소재\n서울보증보험\n하자보증 등\nKRW\n3,738,324\xa0\n한국산업은행\n원화지급보증대출\nKRW\n2,324,353\xa0\n(주)세아메탈\n하나은행\n수입신용장발행외\nUSD\n82,916\xa0\n㈜세아특수강\n하나은행\n수입신용장발행 외\nKRW\n10,772,030\xa0\n신한은행\n기업어음 외\nKRW\n12,123,054\xa0\n우리은행\n수입신용장발행\nKRW\n3,875,098\xa0\n서울보증보험\n채권가압류 및 R&D 지원사업\nKRW\n249,300\xa0\n㈜씨티씨\n서울보증보험\n계약이행보증 외\nKRW\n160,000\xa0\n(주1) ㈜세아베스틸은 쇼군본드와 관련하여 원리급지급의무이행에 대해 미쓰비시UFJ은행과 보증약정을 체결하여 보증을 제공받고 있습니다.\n(7) 특수관계자 외 타인에게 제공한 담보자산\n(외화단위: 각 1단위, 원화단위: 천원)\n차입금종류\n담보권자\n담보제공자산\n통 \xa0화\n담보설정액\n시설자금대출\n산업은행\n토지,건물,기계장치\nKRW\n329,264,600\n하나은행\n토지,건물,기계장치\nKRW\n15,800,000\n일반자금대출 등\n국민은행\n토지,건물\nKRW\n85,620,000\n㈜세아베스틸지주(구, ㈜세아베스틸) 지분증권\n39,000,000\n하나은행\n토지,건물,기계장치\nKRW\n10,000,000\n토지, 건물\nUSD\n13,000,000\n신한은행\n토지,건물\nKRW\n44,200,000\n토지,건물\nUSD\n5,200,000\n하나아이지제일차유한회사(주1)\nKB와이즈스타일반사모부동산투자신탁제2호 출자지분, 보통예금\nKRW\n48,000,000\n산업은행\n토지, 건물\nKRW\n67,107,053\n중국은행\n토지, 건물, 기계장치\nCNY\n40,000,000\nBank of Ningbo\n토지, 건축물\nCNY\n25,000,000\n임대보증금\n신한생명보험㈜ 등\n건물\nKRW\n563,910\n(주1) ㈜아이언그레이의 장기차입금과 관련하여 KB와이즈스타일반사모부동산투자신탁제2호 지분증권, 펀드 이익분배금 계좌 및 대출실행 계좌에 대하여 근질권 설정이 되어 있습니다(주석 6, 주석 22 참조).(8) 특수관계자 외 타인에게 제공한 지급보증\n(단위: 천원)\n차입금종류\n제공받은자\n보증금액\n일반차입금\n㈜정선라임\n1,281,634\n(9) 이행보증연결기업은 (유)라미솔라를 거래상대방으로 하여 (유)라미솔라가 종속회사인 ㈜세아네트웍스로부터 인수한 태양광발전소 및 부대시설의 관리 및 운영에 대한 이행보증을 제공하고 있으며, 계약기간은 2020년 9월 25일부터 최대 20년입니다.\n(10) 특수관계자 외 타인을 위하여 제공한 담보제공자산\n(원화단위: 천원)\n차입금종류\n담보권자\n담보제공자산\n통 \xa0화\n담보설정액(주1)\n일반차입금\n엔에이치투자증권㈜ 등\n(유)아라미스홀딩스투자목적회사 출자지분\nKRW\n23,130,695\xa0\n(주1) 상기 담보설정액은 담보제공된 출자지분의 장부가액입니다. (11) 당기말 현재 연결기업의 미결제된 파생상품 내역은 다음과 같습니다.\n\xa0(외화단위 : USD, JPY, 원화단위 : 천원)\n계약처\n계약일\n만기일\n통화\n계약수량\n평가금액\n계약체결목적\n우리은행\n2019-05-31\n2024-05-30\nUSD\n30,000,000\n3,585,391\xa0\n금리 및 환율변동에 따른 위험 회피\n산업은행\n2020-02-28\n2025-02-28\nUSD\n55,000,000\n7,266,193\xa0\n금리 및 환율변동에 따른 위험 회피\n국민은행\xa0\n2020-05-29\n2023-05-29\nUSD\n8,500,000\n435,114\xa0\n금리 및 환율변동에 따른 위험 회피\n\xa0국민은행\xa0\n2020-06-30\n2023-06-30\nUSD\n20,000,000\n1,770,719\xa0\n금리 및 환율변동에 따른 위험 회피\n\xa0국민은행\xa0\n2020-06-30\n2023-06-30\nUSD\n5,000,000\n207,961\xa0\n금리 및 환율변동에 따른 위험 회피\n미쓰비시도쿄UFJ은행\n2022-05-13\n2025-05-13\nUSD\n45,000,000\n(2,756,382)\n금리 및 환율변동에 따른 위험 회피\n하나은행\n2021-11-19\n2024-11-19\nUSD\n29,000,000\n3,759,746\xa0\n금리 및 환율변동에 따른 위험 회피\n미쓰비시도쿄UFJ은행\n2020-05-13\n2023-05-13\nJPY\n1,491,228,070\n(2,643,728)\n금리 및 환율변동에 따른 위험 회피\n하나은행\n2021-07-30\n2024-07-30\nUSD\n3,800,000\n295,883\xa0\n금리 및 환율변동에 따른 위험 회피\n신한은행\n2022-03-22\n2024-03-22\nUSD\n9,000,000\n640,075\xa0\n금리 및 환율변동에 따른 위험 회피\n하나은행\n2022-04-27\n2025-04-27\nJPY\n1,000,000,000\n(370,534)\n환율변동에 따른 위험 회피\n씨티은행\n2022-06-15\n2023-06-15\nUSD\n6,000,000\n(141,644)\n환율변동에 따른 위험 회피\n씨티은행\n2022-06-28\n2023-06-28\nUSD\n3,000,000\n(52,452)\n환율변동에 따른 위험 회피\n국민은행\n2022-12-14\n2023-01-03\nUSD\n395,256\n(11,022)\n유산스 외화 결제 목적\n국민은행\n2022-09-05\n2023-03-03\nUSD\n257,675\n(25,915)\n유산스 외화 결제 목적\n국민은행\n2022-11-24\n2023-05-23\nUSD\n623,305\n(34,965)\n유산스 외화 결제 목적\n국민은행\n2022-11-24\n2023-05-23\nUSD\n625,623\n(35,095)\n유산스 외화 결제 목적\n신한은행\n2022-10-06\n2023-03-20\nUSD\n413,241\n(53,987)\n유산스 외화 결제 목적\n신한은행\n2022-10-19\n2023-04-19\nUSD\n1,692,283\n(245,557)\n유산스 외화 결제 목적\n신한은행\n2022-10-28\n2023-04-28\nUSD\n1,105,173\n(161,364)\n유산스 외화 결제 목적\n신한은행\n2022-10-28\n2023-04-28\nUSD\n612,897\n(89,488)\n유산스 외화 결제 목적\n신한은행\n2022-10-28\n2023-04-28\nUSD\n612,327\n(89,404)\n유산스 외화 결제 목적\n신한은행\n2022-11-21\n2023-05-12\nUSD\n973,551\n(81,845)\n유산스 외화 결제 목적\n신한은행\n2022-11-21\n2023-05-19\nUSD\n200,031\n(16,792)\n유산스 외화 결제 목적\n신한은행\n2022-11-21\n2023-05-19\nUSD\n1,470,987\n(123,488)\n유산스 외화 결제 목적\n신한은행\n2022-11-21\n2023-05-19\nUSD\n758,429\n(63,669)\n유산스 외화 결제 목적\n신한은행\n2022-11-21\n2023-05-19\nUSD\n847,549\n(71,151)\n유산스 외화 결제 목적\n신한은행\n2022-11-24\n2023-05-23\nUSD\n908,907\n(53,928)\n유산스 외화 결제 목적\n하나은행\n2022-12-02\n2023-06-09\nUSD\n774,802\n(24,530)\n유산스 외화 결제 목적\n(12) 종속기업인 ㈜세아창원특수강이 투자한 SeAH Gulf Special Steel Industries는 2022년 중 Saudi Arabian industrial investment comapany와의 합작 계약에 의해 설립되었으며, 신주 발행한 지분의 51%를 약 USD 19,200,000에 취득하였으며, 약정에 의해 공동지배력이 있다고 판단하여 해당 지분을 공동기업투자주식으로 인식하였습니다. 지분 취득시 체결한 세부 약정은 다음과 같습니다.\n구분\n내용\n주식양도 제한\n- Lock-in 기간 중 상대주주의 사전 서면 동의없이 주식 양도 금지- 사우디 정부 및 정부 소유 기업에 매각시, 회사는 동반 매도청구권(Drag-Along)을 보유- 제 3자 매각시, 다른 주주는 공동매각요구권(Tag-Along)을 보유\nDefault\n회사 혹은 계약 상대방에게 Default 발생시,Default가 발생하지 아니한 주주 및 자회사(이하, ""non-Default 주주"")는Default가 발생한 주주 및 자회사(이하, ""Default 주주"")에게 지분 매각을 요구하는 권리(Call Option) 및Default 주주에게 non-Default 주주가 보유한 주식을 매입하도록 요구하는 권리(Put Option)를 보유\nDeadlock\n양사가 합의한 Deadlock 사항 발생시,회사는 계약 상대방의 회사에게 지분 매각을 요구하는 권리(Call Option) 보유계약 상대방은 회사가 상대방의 지분을 매입하도록 요구하는 권리(Put Option) 보유\n종속기업인 ㈜세아창원특수강은 2022년 3월 21일 이사회를 통해 SeAH Gulf Special Steel Industries의 자금차입에 대한 채무보증을 결의하였으며, 채무보증 한도는 ㈜세아창원특수강이 소유하고 있는 지분율인 51%에 해당하는 금액입니다. 당기말 기준 SeAH GulF Special Steel Industries에서 실행한 차입금은 없습니다.\n46. 온실가스 배출권과 배출부채\n(1) 당기말 현재 3차 계획기간(2021년~2025년)의 이행연도별로 무상할당받은 배출권의 수량은 다음과 같습니다.\n(단위: KAU)\n이행연도\n무상할당 배출권\n2021년분\n1,953,141\xa0\n2022년분\n1,953,141\xa0\n2023년분\n1,953,141\xa0\n2024년분\n1,934,849\xa0\n2025년분\n1,934,849\xa0\n합 \xa0 \xa0계\n9,729,121\xa0\n(2) 당기 및 전기 중 배출권 수량 및 장부금액의 증감내역은 다음과 같습니다.\n(단위: KAU, 천원)\n구 \xa0 \xa0분\n당기\n전기\n수량\n장부금액\n수량\n장부금액\n기초\n160,533\xa0\n238,479\xa0\n(14,709)\n(1,209,639)\n무상할당\n1,953,141\xa0\n-\xa0\n1,953,141\xa0\n-\xa0\n사용(주1)\n(1,770,032)\n-\xa0\n(1,832,666)\n-\xa0\n조정(주2)\n10,062\xa0\n-\xa0\n11,827\xa0\n591,426\xa0\n매입\n-\xa0\n-\xa0\n47,220\xa0\n856,692\xa0\n매각\n(55,461)\n(238,479)\n(4,280)\n-\xa0\n기말\n298,243\xa0\n-\xa0\n160,533\xa0\n238,479\xa0\n(주1) 당기 및 전기 중 연결기업에서 추정한 온실가스 배출권 사용량입니다.(주2) 정부에서 확정한 전년도 온실가스 배출권 사용량과 연결기업이 전년도 사용한 추정치와의 차이를 당기에 조정 하였습니다.한편, 당기말 현재 담보로 제공한 배출권은 없으며, 당기 중 발생한 온실가스 배출량이 정부에서 무상으로 할당받은 배출량을 초과하지 않아 온실가스배출 충당부채를 인식하지 않았습니다.\n47. 재무제표의 승인당기 연결재무제표는 2023년 2월 10일에 개최된 이사회에서 승인 되었으며, 2023년3월 28일에 개최될 주주총회에서 상법 제449조 2항에 따라 최종확정 될 예정입니다.\n48. 보고기간 후 사건\n(1) 종속기업인 ㈜세아베스틸지주(구, ㈜세아베스틸)은 2023년 2월 2일 분할 이전 \xa0 \xa0(구)세아베스틸의 ESS(에너지저장장치) 설비와 관련하여 공급업체로부터 운영손실 비용 청구 소송을 제기받았습니다. 군산 공장 설비는 분할 이후 신설회사(㈜세아베스틸)에게 이관하였고, 이에 소송 사건도 신설회사(㈜세아베스틸)에 이관할 예정입니 다.(2) 종속기업인 ㈜세아베스틸지주(구, ㈜세아베스틸)은 2021년 6월 30일 철스크랩 담합 조사와 관련한 조사방해 혐의로 공정거래위원회로부터 소송을 제기받았습니다.2심 진행 이후 2023년 2월 23일에 대법원 선고 벌금 1억원으로 사건 종결이 선고되었습니다.(3) 종속기업인 ㈜세아창원특수강은 ESS(에너지저장장치) 설비와 관련하여 공급업체로부터 운영손실 비용 청구 소송을 제기받았습니다.(4) 종속기업인 ㈜세아창원특수강은 2023년 3월 1일에 장부가액이 약 476억원인 당사의 설비 일부를 SeAH Gulf Special Steel Industries에 매각했으며 그 대가는 약 \xa0 USD 39백만불입니다.\n4. 재무제표\n재무상태표\n제 22 기 \xa0 \xa0 \xa0 \xa0 \xa02022.12.31 현재\n제 21 기 \xa0 \xa0 \xa0 \xa0 \xa02021.12.31 현재\n제 20 기 \xa0 \xa0 \xa0 \xa0 \xa02020.12.31 현재\n(단위 : 원)\n\u3000\n제 22 기\n제 21 기\n제 20 기\n자산\n\u3000\n\u3000\n\u3000\n\u3000Ⅰ.유동자산\n6,675,141,769\n118,712,734,131\n5,899,307,411\n\u3000\u3000(1)현금및현금성자산\n4,714,788,342\n3,665,524,596\n3,597,021,344\n\u3000\u3000(2)매출채권 및 기타채권\n1,597,546,579\n1,167,119,985\n1,171,213,391\n\u3000\u3000(3)기타금융자산\n1,300,000\n2,775,000\n2,555,000\n\u3000\u3000(4)기타유동자산\n361,506,848\n0\n119,598,549\n\u3000\u3000(5)당기법인세자산\n0\n173,473,210\n1,008,919,127\n\u3000\u3000(6)매각예정비유동자산\n0\n113,703,841,340\n0\n\u3000Ⅱ.비유동자산\n1,122,719,982,462\n929,437,538,104\n1,101,045,965,625\n\u3000\u3000(1)유형자산\n490,830,381\n90,897,193\n188,594,830\n\u3000\u3000(2)투자부동산\n72,429,781,330\n81,870,241,526\n82,235,099,615\n\u3000\u3000(3)무형자산\n4,356,346,956\n4,369,492,626\n4,415,004,739\n\u3000\u3000(4)매출채권및기타채권\n774,992,686\n166,013,318\n914,846,727\n\u3000\u3000(5)기타금융자산\n80,971,432\n77,981,432\n7,117,215,722\n\u3000\u3000(6)공동기업투자\n0\n0\n32,409,761,408\n\u3000\u3000(7)관계기업투자\n0\n254,000,000\n0\n\u3000\u3000(8)종속기업투자\n1,042,557,668,047\n841,557,668,047\n971,868,397,216\n\u3000\u3000(9)사용권자산\n1,556,227,870\n518,563,489\n1,185,551,049\n\u3000\u3000(10)순확정급여자산\n473,163,760\n532,680,473\n711,494,319\n\u3000자산총계\n1,129,395,124,231\n1,048,150,272,235\n1,106,945,273,036\n부채\n\u3000\n\u3000\n\u3000\n\u3000Ⅰ.유동부채\n38,694,300,873\n11,136,248,787\n121,726,392,288\n\u3000\u3000(1)매입채무및기타채무\n3,233,839,379\n4,912,665,113\n3,871,360,396\n\u3000\u3000(2)차입금\n24,601,000,000\n5,000,000,000\n116,591,757,048\n\u3000\u3000(3)기타유동부채\n926,251,499\n653,730,547\n524,186,977\n\u3000\u3000(4)기타금융부채\n561,049,789\n569,853,127\n739,087,867\n\u3000\u3000(5)당기법인세부채\n9,372,160,206\n0\n0\n\u3000Ⅱ.비유동부채\n112,809,718,638\n115,071,348,914\n11,020,001,117\n\u3000\u3000(1)매입채무및기타채무\n1,616,608,000\n597,325,000\n1,226,320,000\n\u3000\u3000(2)차입금\n99,868,617,043\n99,777,672,795\n0\n\u3000\u3000(3)이연법인세부채\n10,297,875,259\n14,696,351,119\n9,234,018,435\n\u3000\u3000(4)기타금융부채\n1,026,618,336\n0\n559,662,682\n\u3000부채총계\n151,504,019,511\n126,207,597,701\n132,746,393,405\n자본\n\u3000\n\u3000\n\u3000\n\u3000Ⅰ.자본금\n20,000,000,000\n20,000,000,000\n20,000,000,000\n\u3000Ⅱ.기타불입자본\n156,820,617,974\n158,221,519,174\n165,098,842,174\n\u3000Ⅲ.이익잉여금\n801,070,486,746\n743,721,155,360\n787,253,817,069\n\u3000Ⅳ.기타자본구성요소\n0\n0\n1,846,220,388\n\u3000자본총계\n977,891,104,720\n921,942,674,534\n974,198,879,631\n자본과부채총계\n1,129,395,124,231\n1,048,150,272,235\n1,106,945,273,036\n포괄손익계산서\n제 22 기 2022.01.01 부터 2022.12.31 까지\n제 21 기 2021.01.01 부터 2021.12.31 까지\n제 20 기 2020.01.01 부터 2020.12.31 까지\n(단위 : 원)\n\u3000\n제 22 기\n제 21 기\n제 20 기\nⅠ.영업수익\n56,728,965,161\n53,192,790,832\n71,490,184,126\n\u3000(1)용역수익\n7,373,121,318\n5,402,814,441\n9,325,472,629\n\u3000(2)임대수익\n2,437,805,580\n2,403,935,500\n2,319,097,000\n\u3000(3)배당금수익\n44,038,969,461\n43,014,431,618\n58,450,783,497\n\u3000(4)상표권사용수익\n2,879,068,802\n2,371,609,273\n1,394,831,000\nⅡ.영업비용\n17,095,380,596\n14,503,938,594\n15,461,462,674\n\u3000(1)종업원급여비용\n7,920,585,232\n7,017,361,330\n8,639,718,158\n\u3000(2)감가상각비\n1,050,145,809\n1,170,794,344\n1,268,889,453\n\u3000(3)지급수수료\n4,715,721,691\n3,588,974,146\n3,251,921,053\n\u3000(4)기타영업비용\n3,408,927,864\n2,726,808,774\n2,300,934,010\nⅢ.영업이익(손실)\n39,633,584,565\n38,688,852,238\n56,028,721,452\nⅣ.기타수익\n40,378,188,480\n317,809,694\n3,554,657,916\nⅤ.기타비용\n2,953,429,238\n69,285,569,377\n21,651,470,833\nⅥ.금융수익\n78,403,069\n39,319,289\n18,601,335\nⅦ.금융비용\n3,810,315,469\n2,492,692,126\n2,545,260,662\nⅧ.법인세비용차감전순이익(손실)\n73,326,431,407\n(32,732,280,282)\n35,405,249,208\nⅨ.법인세비용(수익)\n5,320,860,582\n5,092,811,865\n6,755,300,481\nⅩ.당기순이익(손실)\n68,005,570,825\n(37,825,092,147)\n28,649,948,727\nXI.기타포괄손익\n(798,135,439)\n1,399,545,050\n(1,954,759,650)\n\u3000(1)당기손익으로 재분류되지 않는항목(세후기타포괄손익)\n(798,135,439)\n1,399,545,050\n(1,954,759,650)\n\u3000\u30001.확정급여제도의 재측정요소\n(798,135,439)\n306,002,851\n174,952,437\n\u3000\u30002.기타포괄손익-공정가치 지분상품 평가손익\n0\n1,093,542,199\n(2,129,712,087)\nXⅡ.총포괄이익(손실)\n67,207,435,386\n(36,425,547,097)\n26,695,189,077\nXⅢ.주당이익\n\u3000\n\u3000\n\u3000\n\u3000(1)기본및희석주당이익(손실) (단위 : 원)\n17,424\n(9,582)\n7,180\n자본변동표\n제 22 기 2022.01.01 부터 2022.12.31 까지\n제 21 기 2021.01.01 부터 2021.12.31 까지\n제 20 기 2020.01.01 부터 2020.12.31 까지\n(단위 : 원)\n\u3000\n자본\n자본금\n기타불입자본\n이익잉여금\n기타자본\n자본 \xa0합계\n2020.01.01 (Ⅰ.기초자본)\n20,000,000,000\n166,514,602,374\n756,202,401,190\n15,200,422,190\n957,917,425,754\nⅡ.연차배당\n0\n0\n(8,997,975,000)\n0\n(8,997,975,000)\nⅢ.당기순이익(손실)\n0\n0\n28,649,948,727\n0\n28,649,948,727\nⅣ.기타포괄손익-공정가치 측정 금융상품평가손익\n0\n0\n0\n(2,129,712,087)\n(2,129,712,087)\nⅤ.확정급여제도 재측정요소\n0\n0\n174,952,437\n0\n174,952,437\nⅥ.기타포괄손익-공정가치 측정 금융상품 처분\n0\n0\n5,796,988,328\n(5,796,988,328)\n0\nⅦ.자기주식의 취득\n0\n(1,415,760,200)\n0\n0\n(1,415,760,200)\nⅧ.매각예정비유동자산의 처분\n0\n0\n5,427,501,387\n(5,427,501,387)\n0\nⅨ.자본 증가(감소) 합계\n0\n(1,415,760,200)\n31,051,415,879\n(13,354,201,802)\n16,281,453,877\n2020.12.31 (Ⅹ.기말자본)\n20,000,000,000\n165,098,842,174\n787,253,817,069\n1,846,220,388\n974,198,879,631\n2021.01.01 (Ⅰ.기초자본)\n20,000,000,000\n165,098,842,174\n787,253,817,069\n1,846,220,388\n974,198,879,631\nⅡ.연차배당\n0\n0\n(8,953,335,000)\n0\n(8,953,335,000)\nⅢ.당기순이익(손실)\n0\n0\n(37,825,092,147)\n0\n(37,825,092,147)\nⅣ.기타포괄손익-공정가치 측정 금융상품평가손익\n0\n0\n0\n1,093,542,199\n1,093,542,199\nⅤ.확정급여제도 재측정요소\n0\n0\n306,002,851\n0\n306,002,851\nⅥ.기타포괄손익-공정가치 측정 금융상품 처분\n0\n0\n2,939,762,587\n(2,939,762,587)\n0\nⅦ.자기주식의 취득\n0\n(6,877,323,000)\n0\n0\n(6,877,323,000)\nⅧ.매각예정비유동자산의 처분\n0\n0\n0\n0\n0\nⅨ.자본 증가(감소) 합계\n0\n(6,877,323,000)\n(43,532,661,709)\n(1,846,220,388)\n(52,256,205,097)\n2021.12.31 (Ⅹ.기말자본)\n20,000,000,000\n158,221,519,174\n743,721,155,360\n0\n921,942,674,534\n2022.01.01 (Ⅰ.기초자본)\n20,000,000,000\n158,221,519,174\n743,721,155,360\n0\n921,942,674,534\nⅡ.연차배당\n0\n0\n(9,858,104,000)\n0\n(9,858,104,000)\nⅢ.당기순이익(손실)\n0\n0\n68,005,570,825\n0\n68,005,570,825\nⅣ.기타포괄손익-공정가치 측정 금융상품평가손익\n0\n0\n0\n0\n0\nⅤ.확정급여제도 재측정요소\n0\n0\n(798,135,439)\n0\n(798,135,439)\nⅥ.기타포괄손익-공정가치 측정 금융상품 처분\n0\n0\n0\n0\n0\nⅦ.자기주식의 취득\n0\n(1,400,901,200)\n0\n0\n(1,400,901,200)\nⅧ.매각예정비유동자산의 처분\n0\n0\n0\n0\n0\nⅨ.자본 증가(감소) 합계\n0\n(1,400,901,200)\n57,349,331,386\n0\n55,948,430,186\n2022.12.31 (Ⅹ.기말자본)\n20,000,000,000\n156,820,617,974\n801,070,486,746\n0\n977,891,104,720\n현금흐름표\n제 22 기 2022.01.01 부터 2022.12.31 까지\n제 21 기 2021.01.01 부터 2021.12.31 까지\n제 20 기 2020.01.01 부터 2020.12.31 까지\n(단위 : 원)\n\u3000\n제 22 기\n제 21 기\n제 20 기\nⅠ.영업활동으로부터 창출된 현금흐름\n34,488,564,679\n40,455,840,367\n48,289,457,098\n\u3000(1)당기순이익(손실)\n68,005,570,825\n(37,825,092,147)\n28,649,948,727\n\u3000(2)조정항목\n(70,854,117,668)\n35,305,326,565\n(28,771,402,814)\n\u3000\u30001.법인세비용(수익)\n5,320,860,582\n5,092,811,865\n6,755,300,481\n\u3000\u30002.이자비용\n3,798,990,411\n2,489,795,962\n2,544,618,057\n\u3000\u30003.이자수익\n(72,316,333)\n(39,078,413)\n(17,572,662)\n\u3000\u30004.배당금수익\n(44,038,969,461)\n(43,014,431,618)\n(58,450,783,497)\n\u3000\u30005.유형자산처분이익\n(21,729,143)\n(10,055,860)\n(1,246,000)\n\u3000\u30006.퇴직급여\n341,677,008\n478,053,777\n699,280,120\n\u3000\u30007.유형자산감가상각비\n77,382,565\n72,956,208\n169,604,342\n\u3000\u30008.투자부동산감가상각비\n360,682,601\n364,858,089\n364,858,089\n\u3000\u30009.무형자산상각비\n17,693,280\n54,358,947\n56,969,280\n\u3000\u300010.사용권자산상각비\n594,387,363\n678,621,100\n677,457,742\n\u3000\u300011.유형자산처분손실\n18,333\n9,000\n0\n\u3000\u300012.투자부동산처분이익\n(19,694,800,845)\n0\n0\n\u3000\u300013.매각예정비유동자산손상차손\n0\n29,901,190,908\n0\n\u3000\u300014.매각예정비유동자산처분손실\n2,879,709,151\n0\n0\n\u3000\u300015.매각예정비유동자산처분이익\n(19,548,421,698)\n0\n(3,141,868,643)\n\u3000\u300016.관계기업투자처분이익\n(853,843,336)\n0\n0\n\u3000\u300017.종속기업투자손상차손\n0\n38,625,168,169\n21,648,000,000\n\u3000\u300018.종속기업투자처분손실\n0\n686,000,000\n0\n\u3000\u300019.수입수수료\n(15,191,606)\n(74,931,569)\n(76,020,123)\n\u3000\u300020.잡이익\n(246,540)\n0\n0\n\u3000(3)운전자본의 변동\n(2,728,208,531)\n1,460,913,592\n(716,013,355)\n\u3000\u30001.매출채권의 감소(증가)\n(804,449,284)\n930,034,739\n(278,574,127)\n\u3000\u30002.미수금의 감소(증가)\n(333,934,663)\n(105,334,127)\n578,291,651\n\u3000\u30003.선급비용의 감소(증가)\n0\n2,508,140\n(2,508,140)\n\u3000\u30004.보증금의 감소(증가)\n109,238,500\n0\n13,128,643\n\u3000\u30005.미지급금의 증가(감소)\n(777,683,098)\n582,345,445\n567,253,399\n\u3000\u30006.선수금의 증가(감소)\n0\n(40,000,000)\n40,000,000\n\u3000\u30007.예수금의 증가(감소)\n272,521,034\n169,543,570\n44,127,234\n\u3000\u30008.미지급비용의 증가(감소)\n85,386,999\n(171,255,591)\n(287,207,869)\n\u3000\u30009.퇴직금의 지급\n(54,076,684)\n(764,566,858)\n(235,311,203)\n\u3000\u300010.관계사퇴직금의 전출입\n(142,562,461)\n(144,857,955)\n(862,191,476)\n\u3000\u300011.사외적립자산의 감소(증가)\n(1,082,648,874)\n1,002,496,229\n(293,021,467)\n\u3000(4)이자의 수취\n71,989,351\n38,633,481\n24,241,560\n\u3000(5)배당금 수령\n44,038,969,461\n43,014,431,618\n58,450,783,497\n\u3000(6)이자의 지급\n(4,066,996,946)\n(2,262,493,782)\n(2,323,310,361)\n\u3000(7)법인세납부(환급)\n21,358,187\n724,121,040\n(7,024,790,156)\nⅡ.투자활동현금흐름\n(41,182,497,133)\n(12,001,959,722)\n(51,067,935,361)\n\u3000(1)기타포괄손익-공정가치 측정 금융자산 처분\n0\n8,438,436,469\n17,125,949,248\n\u3000(2)상각후원가측정 금융자산의 처분\n2,775,000\n2,555,000\n42,090,000\n\u3000(3)장기대여금의 감소\n71,666,467\n28,671,135\n29,906,079\n\u3000(4)유형자산의 처분\n28,446,508\n73,768,381\n2,874,288\n\u3000(5)투자부동산의 처분\n29,819,995,000\n0\n0\n\u3000(6)임대보증금의 증가\n64,288,000\n62,400,000\n200,000,000\n\u3000(7)관계기업투자의 처분\n1,112,627,626\n0\n0\n\u3000(8)매각예정비유동자산의 처분\n130,372,553,887\n1,015,000,000\n8,608,106,500\n\u3000(9)상각후원가측정 채무상품의 취득\n(4,290,000)\n0\n0\n\u3000(10)유형자산의 취득\n(495,675,451)\n(28,004,873)\n(24,790,165)\n\u3000(11)투자부동산의 취득\n(1,045,416,560)\n0\n0\n\u3000(12)무형자산의 취득\n(4,547,610)\n(8,846,834)\n(21,923,867)\n\u3000(13)대여금의 증가\n(81,600,000)\n(100,000,000)\n0\n\u3000(14)종속기업에 대한 투자자산의 취득\n(201,000,000,000)\n(411,439,000)\n(76,680,147,444)\n\u3000(15)매각예정비유동자산의 취득\n0\n(21,000,000,000)\n0\n\u3000(16)임대보증금의 감소\n(23,320,000)\n(74,500,000)\n(350,000,000)\nⅢ.재무활동현금흐름\n7,743,196,200\n(28,385,377,393)\n5,553,910,187\n\u3000(1)단기차입금의 차입\n321,262,000,000\n186,322,000,000\n270,812,584,236\n\u3000(2)사채의 발행\n0\n99,724,880,000\n0\n\u3000(3)단기차입금의 상환\n(301,661,000,000)\n(247,936,000,000)\n(254,198,584,236)\n\u3000(4)자기주식의 취득\n(1,400,901,200)\n(6,877,323,000)\n(1,415,760,200)\n\u3000(5)유동성사채의 상환\n0\n(50,000,000,000)\n0\n\u3000(6)배당금 지급\n(9,858,104,000)\n(8,953,335,000)\n(8,997,975,000)\n\u3000(7)리스부채의 상환\n(598,798,600)\n(665,599,393)\n(646,354,613)\nⅣ.현금및현금성자산의 증가(감소)\n1,049,263,746\n68,503,252\n2,775,431,924\nⅤ.기초현금및현금성자산\n3,665,524,596\n3,597,021,344\n821,589,420\nⅥ.기말현금및현금성자산\n4,714,788,342\n3,665,524,596\n3,597,021,344\n이익잉여금처분계산서\n제 22(당) 기\xa0\n2022년 \xa01월 \xa0 1일 부터\n제 21(전) 기\xa0\n2021년 \xa01월 \xa0 1일 부터\n2022년 12월 31일 까지\n2021년 12월 31일 까지\n처분예정일\xa0\n2023년 3월 28일\n처분확정일\n2022년 3월 24일\n(단위: 원)\n과 \xa0 목\n제 22(당) 기\n제 21(전) 기\nI. 미처분이익잉여금\n70,310,486,746\xa0\n\u3000\n(27,038,844,640)\n\xa01. 전기이월미처분이익잉여금\n3,103,051,360\xa0\n7,540,482,069\xa0\n\u3000\n\xa02. 확정급여제도의 재측정요소\n(798,135,439)\n306,002,851\xa0\n\u3000\n\xa03. 당기순이익(손실)\n68,005,570,825\xa0\n(37,825,092,147)\n\u3000\n\xa04. 기타포괄손익-공정가치 측정 지분상품 처분\n-\xa0\n2,939,762,587\xa0\n\u3000\nII. 임의적립금 등 이입액\n-\xa0\n\u3000\n40,000,000,000\xa0\n\xa01. 임의적립금\n-\xa0\n40,000,000,000\xa0\n\u3000\nIII. 이익잉여금처분액\n66,792,720,000\xa0\n\u3000\n9,858,104,000\xa0\n\xa01. 이익준비금\n-\xa0\n-\xa0\n\u3000\n\xa02. 임의적립금\n53,000,000,000\xa0\n-\xa0\n\u3000\n\xa03. 배당금\n13,792,720,000\xa0\n9,858,104,000\xa0\n\u3000\n\xa0 \xa0 가. 현금배당금 \xa0 \xa0 \xa0 주당배당금(율): \xa0 \xa0 \xa0 당기:3,500원(70%) 대주주 및 특수관계자 \xa0 \xa0 \xa0 \xa0 \xa0 \xa0 \xa04,000원(80%) 기타 소액주주 \xa0 \xa0 \xa0 전기:2,500원(50%) 대주주 및 특수관계자 \xa0 \xa0 \xa0 \xa0 \xa0 \xa0 \xa02,750원(55%) 기타 소액주주\n13,792,720,000\xa0\n9,858,104,000\xa0\n\u3000\nⅢ. 차기이월미처분이익잉여금\n\u3000\n3,517,766,746\xa0\n\u3000\n3,103,051,360\xa0\n5. 재무제표 주석\n제 22(당) 기 2022년 1월 1일부터 2022년 12월 31일까지\n제 21(전) 기 2021년 1월 1일부터 2021년 12월 31일까지\n주식회사 세아홀딩스\n1. 당사의 개요\n주식회사 세아홀딩스(이하 ""당사""라 함)는 2001년 7월 1일에 주식회사 세아제강의 투자사업부문과 임대사업부문이 인적분할 방식으로 신설되어 한국거래소가 개설한 유가증권 시장에 재상장하였으며, 자회사(㈜세아베스틸지주(구, ㈜세아베스틸), ㈜세아창원특수강, ㈜세아특수강 등)에 대한 지배와 투자, 경영자문 등을 주요 사업목적으로 하는 지주회사입니다.\n당기말 현재 자본금은 20,000,000천원이며, 주요 주주현황은 다음과 같습니다.\n주 \xa0 주\n보유주식수(주)\n지분율(%)\n이태성\n1,404,870\xa0\n35.12\xa0\n이주성\n717,953\xa0\n17.95\xa0\n박의숙\n425,872\xa0\n10.65\xa0\n이순형\n346,241\xa0\n8.66\xa0\n(주)에이치피피\n375,231\xa0\n9.38\xa0\n(재)세아이운형문화재단\n125,556\xa0\n3.14\xa0\n(재)세아해암학술장학재단\n74,444\xa0\n1.86\xa0\n(주)에이팩인베스터스\n259\xa0\n0.01\xa0\n기타\n529,574\xa0\n13.23\xa0\n합 \xa0 계\n4,000,000\xa0\n100.00\xa0\n2. 재무제표 작성기준 및 중요한 회계정책2.1 재무제표 작성기준당사의 재무제표는 \'주식회사 등의 외부감사에 관한 법률\'에 따라 제정된 한국채택국제회계기준에 따라 작성되었습니다.당사의 재무제표는 공정가치로 평가된 금융상품 등 아래 회계정책에서 별도로 언급하고 있는 사항을 제외하고는 역사적원가를 기준으로 작성되었습니다. 본 재무제표는 원화로 표시되어 있으며 다른 언급이 있는 경우를 제외하고는 천원 단위로 표시되어 있습니다. 2.2 중요한 회계정책 2.2.1 사업결합 및 영업권사업결합은 취득법을 적용하여 회계처리하고 있습니다. 취득원가는 취득일의 공정가치로 측정된 이전대가와 피취득자에 대한 비지배지분 금액의 합계로 측정하고 있습니다. 각 사업결합에 대해 취득자는 피취득자에 대한 비지배지분을 공정가치 또는 피취득자의 식별가능한 순자산 중의 비지배지분의 비례적 지분으로 측정하고 있으며 취득관련 원가는 발생시 비용으로 처리하고 있습니다.당사는 취득일에 식별가능한 취득 자산과 인수 부채를 취득일에 존재하는 계약조건, 경제상황, 취득자의 영업정책이나 회계정책 그리고 그 밖의 관련조건에 기초하여 분류하거나 지정하고 있습니다. 이러한 분류는 피취득자의 주계약에서 내재파생상품을분리하는 것을 포함합니다. 취득자가 피취득자에게 조건부 대가를 제공한 경우 동 대가는 취득일의 공정가치로 측정하여 이전대가에 포함하고 있으며 자산이나 부채로 분류된 조건부 대가의 후속적인 공정가치 변동은 기업회계기준서 제1109호에 따라 당기손익이나 기타포괄손익으로 인식하고 있습니다. 또한 자본으로 분류된 조건부 대가는 재측정하지 않고 정산시 자본내에서 회계처리하고 있습니다. 조건부 대가가 기업회계기준서 제1109호의 적용범위에 해당되지 않는 경우 적절한 기업회계기준서에 따라 측정하고 있습니다.영업권은 이전대가와 비지배지분 금액 및 이전에 보유하고 있던 지분의 합계액이 식별가능한 취득 자산과 인수 부채의 순액을 초과하는 금액으로 측정하고 있습니다. 취득한 순자산의 공정가치가 이전대가 등의 합계액을 초과하는 경우 당사는 모든 취득 자산과 인수 부채를 정확하게 식별하였는지에 대해 재검토하고 취득일에 인식한 금액을 측정하는 데 사용한 절차를 재검토하고 있습니다. 만약 이러한 재검토 후에도 여전히 이전대가 등의 합계액이 취득한 순자산의 공정가치보다 낮다면 그 차익을 당기손익으로 인식하고 있습니다.최초 인식 후 영업권은 취득원가에서 손상차손누계액을 차감한 가액으로 계상하고 있습니다. 손상검사 목적상 사업결합으로 취득한 영업권은 사업결합으로 인한 시너지효과의 혜택을 받게 될 것으로 기대되는 각 현금창출단위나 현금창출단위집단에 취득일로부터 배분되며 이는 배분대상 현금창출단위나 현금창출단위집단에 피취득자의 다른 자산이나 부채가 할당되어 있는지와 관계없이 이루어집니다.영업권이 배분된 현금창출단위 내의 영업을 처분하는 경우 처분되는 영업과 관련된 영업권은 처분손익을 결정할 때 그 영업의 장부금액에 포함하며 현금창출단위 내에 존속하는 부분과 처분되는 부분의 상대적인 가치를 기준으로 측정하고 있습니다.2.2.2 종속기업, 공동기업 및 관계기업 투자\xa0\n\xa0\n당사의 재무제표는 기업회계기준서 제1027호 \'별도재무제표\'에 따른 별도재무제표입니다. 종속기업, 공동기업 및 관계기업 투자는 직접적인 지분투자에 근거하여 원가로 측정하고 있으며, 다만 한국채택국제회계기준으로의 전환일 시점에는 전환일 시점의 과거회계기준에 따른 장부금액을 간주원가로 사용하였습니다. 또한, 종속기업, 공동기업 및 관계기업으로부터 수취하는 배당금은 배당에 대한 권리가 확정되는 시점에 당기손익으로 인식하고 있습니다.\n2.2.3 유동성/비유동성 분류당사는 자산과 부채를 유동/비유동으로 재무상태표에 구분하여 표시하고 있습니다. 자산은 다음의 경우에 유동자산으로 분류하고 있습니다. - 정상영업주기 내에 실현될 것으로 예상되거나, 정상영업주기 내에 판매하거나 소비할 의도가 있다. - 주로 단기매매 목적으로 보유하고 있다. - 보고기간 후 12개월 이내에 실현될 것으로 예상한다. - 현금이나 현금성자산으로서, 교환이나 부채 상환 목적으로의 사용에 대한 제한 기간이 보고기간 후 12개월 이상이 아니다. 그 밖의 모든 자산은 비유동자산으로 분류하고 있습니다. 부채는 다음의 경우에 유동부채로 분류하고 있습니다. - 정상영업주기 내에 결제될 것으로 예상하고 있다. - 주로 단기매매 목적으로 보유하고 있다. - 보고기간 후 12개월 이내에 결제하기로 되어 있다. - 보고기간 후 12개월 이상 부채의 결제를 연기할 수 있는 무조건의 권리를 가지고 있지 않다. 그 밖의 모든 부채는 비유동부채로 분류하고 있습니다.이연법인세자산(부채)은 비유동자산(부채)으로 분류하고 있습니다.\n2.2.4 공정가치 측정당사는 기타포괄손익-공정가치 측정 금융자산과 같은 금융상품을 보고기간말 현재의 공정가치로 평가하고 있습니다. 공정가치는 측정일에 시장참여자 사이의 정상거래에서 자산을 매도하면서 수취하거나 부채를 이전하면서 지급하게 될 가격입니다. 공정가치 측정은 자산을 매도하거나 부채를 이전하는 거래가 다음 중 어느 하나의 시장에서 이루어지는 것으로 가정하고 있습니다.- 자산이나 부채의 주된 시장- 자산이나 부채의 주된 시장이 없는 경우에는 가장 유리한 시장당사는 주된 (또는 가장 유리한) 시장에 접근할 수 있어야 합니다.\xa0\n자산이나 부채의 공정가치는 시장참여자가 경제적으로 최선의 행동을 한다는 가정하에 시장참여자가 자산이나 부채의 가격을 결정할 때 사용하는 가정에 근거하여 측정하고 있습니다.비금융자산의 공정가치를 측정하는 경우에는 시장참여자가 경제적 효익을 창출하기 위하여 그 자산을 최고 최선으로 사용하거나 혹은 최고 최선으로 사용할 다른 시장참여자에게 그 자산을 매도하는 시장참여자의 능력을 고려하고 있습니다.당사는 상황에 적합하며 관련된 관측가능한 투입변수의 사용을 최대화하고 관측가능하지 않은 투입변수의 사용을 최소화하면서 공정가치를 측정하는 데 충분한 자료가 이용가능한 가치평가기법을 사용하고 있습니다. 재무제표에서 공정가치로 측정되거나 공시되는 모든 자산과 부채는 공정가치 측정에유의적인 가장 낮은 수준의 투입변수에 근거하여 다음과 같은 공정가치 서열체계로 구분됩니다.- 수준 1 : 동일한 자산이나 부채에 대한 접근가능한 활성시장의 (조정되지 않은) 공시가격- 수준 2 : 공정가치 측정에 유의적인 가장 낮은 수준의 투입변수가 직접적으로 또는 간접적으로 관측가능한 투입변수를 이용한 공정가치- 수준 3 : 공정가치 측정에 유의적인 가장 낮은 수준의 투입변수가 관측가능하지 않은 투입변수를 이용한 공정가치재무제표에 반복적으로 공정가치로 측정되는 자산과 부채에 대하여 당사는 매 보고기간 말 공정가치 측정에 유의적인 가장 낮은 수준의 투입변수에 기초한 분류에 대한재평가를 통해 서열체계의 수준 간의 이동이 있는지 판단합니다. 공정가치 공시 목적상 당사는 성격과 특성 및 위험에 근거하여 자산과 부채의 분류를결정하고 공정가치 서열체계의 수준을 결정하고 있습니다.\n공정가치로 측정되거나 공정가치가 공시되는 금융상품과 비금융자산의 공정가치에 대한 공시는 다음의 주석에 설명되어 있습니다.- 평가기법, 유의적 추정치 및 가정 : 주석 30- 공정가치측정 서열체계의 양적 공시 : 주석 30- 투자부동산 : 주석 9- 금융상품(상각후원가로 계상하는 상품 포함) : 주석 30\n2.2.5 수익인식\n\xa0\n(1) 고객과의 계약에서 생기는 수익\n\xa0\n1) 상표권사용수익\n\xa0\n상표권사용수익은 계약의 실질에 따라 수익금액을 신뢰성 있게 측정할 수 있고, 경제적 효익의 유입가능성이 매우 높을 때 인식하고 있습니다.\n\xa0\n2) 용역의 제공자회사 경영계획의 평가 및 경영진단 등으로부터 발생하는 수익은 수익금액을 신뢰성 있게 측정할 수 있고, 경제적 효익의 유입가능성이 매우 높을 때 인식하고 있습니다. 3) 임대수익 투자부동산 및 렌탈자산의 운용리스로 인하여 발생하는 임대수익은 리스기간에 걸 쳐 정액기준으로 수익을 인식하고 있습니다.\n(2) 배당금수익\n배당금수익은 배당금을 지급받을 권리가 확정되는 시점에 인식하고 있습니다.\n2.2.6 법인세\n법인세비용은 당기법인세와 이연법인세로 구성됩니다. 당사는 지배기업이나 국내 종속기업이 경제적으로 결합된 경우 해당 지배기업과 국내 종속기업을 하나의 과세단위로 보아 소득을 통산하는 연결 납세제도를 적용하고 있습니다. 연결납세제도 대상에 포함되지 않는 국내 및 해외 종속기업은 각 법인을 과세단위로 보아 법인세를 산정ㆍ납부하고 있습니다.\xa0\n\xa0\n경영진은 적용 가능한 세법 규정이 해석에 따라 달라질 수 있는 상황에 대하여 회사가 세무신고 시 적용한 세무정책에 대하여 주기적으로 평가하고 있으며, 세무당국이 불확실한 법인세 처리를 수용할 가능성이 높은지 고려합니다. 당사는 법인세 측정 시 가장 가능성이 높은 금액 또는 기댓값 중 불확실성의 해소를 더 잘 예측할 것으로 예상되는 방법을 사용하여 불확실성의 영향을 반영합니다.\n(1) 당기법인세당기 및 과거기간의 당기법인세부채(자산)는 보고기간말까지 제정되었거나 실질적으로 제정된 세율(및 세법)을 사용하여 과세당국에 납부할(과세당국으로부터 환급받을)것으로 예상되는 금액으로 측정하고 있습니다.자본에 직접 반영되는 항목과 관련된 당기법인세는 자본에 반영되며 당기손익에 반영되지 않고 있습니다. 경영진은 주기적으로 관련 세법 규정의 해석과 관련해서 법인세 환급액에 대한 회수가능성을 평가하여 필요한 경우 충당금을 설정하고 있습니다.(2) 이연법인세당사는 자산 및 부채의 재무보고 목적상 장부금액과 세무기준액의 차이인 일시적차이에 대하여 이연법인세자산과 이연법인세부채를 인식하고 있습니다.당사는 다음의 경우를 제외하고 모든 가산할 일시적차이에 대하여 이연법인세부채를인식하고 있습니다.- 영업권을 최초로 인식할 때 이연법인세부채가 발생하는 경우- 자산 또는 부채를 최초로 인식하는 거래로서 사업결합거래가 아니고 거래 당시 회계이익이나 과세소득에 영향을 미치지 아니하는 거래에서 이연법인세부채가 발생하는 경우- 종속기업, 관계기업 및 조인트벤처에 대한 투자지분과 관련한 가산할 일시적차이로서 동 일시적차이의 소멸시점을 통제할 수 있고 예측가능한 미래에 일시적차이가 소멸하지 않을 가능성이 높은 경우\n또한 다음의 경우를 제외하고는 차감할 일시적차이, 미사용 세액공제와 세무상결손금이 사용될 수 있는 과세소득의 발생가능성이 높은 경우 이연법인세자산을 인식하고 있습니다.- 자산 또는 부채를 최초로 인식하는 거래로서 사업결합거래가 아니고 거래 당시 회계이익이나 과세소득에 영향을 미치지 아니하는 거래에서 이연법인세자산이 발생하는 경우- 종속기업, 관계기업 및 조인트벤처에 대한 투자지분과 관련한 차감할 일시적차이로서 동 일시적차이가 예측가능한 미래에 소멸할 가능성이 높지 않거나 동 일시적차이가 사용될 수 있는 과세소득이 발생할 가능성이 높지 않은 경우이연법인세자산의 장부금액은 매 보고기간말에 검토하며 이연법인세자산의 일부 또는 전부에 대한 혜택이 사용되기에 충분한 과세소득이 발생할 가능성이 더 이상 높지않다면 이연법인세자산의 장부금액을 감액시키고 있습니다. 또한 매 보고기간말마다인식되지 않은 이연법인세자산에 대하여 재검토하여, 미래 과세소득에 의해 이연법인세자산이 회수될 가능성이 높아진 범위까지 과거 인식되지 않은 이연법인세자산을인식하고 있습니다.이연법인세자산 및 부채는 보고기간말까지 제정되었거나 실질적으로 제정된 세율(및세법)에 근거하여 당해 자산이 실현되거나 부채가 결제될 회계기간에 적용될 것으로 기대되는 세율을 사용하여 측정하고 있습니다.당기손익 이외로 인식되는 항목과 관련된 당기법인세와 이연법인세는 당기손익 이외의 항목으로 인식하고 있습니다. 이연법인세 항목은 해당 거래에 따라서 기타포괄손익으로 인식하거나 자본에 직접 반영하고 있습니다.사업결합의 일부로 취득한 세무상 효익이 그 시점에 별도의 인식기준을 충족하지 못하였으나 취득일에 존재하는 사실과 상황에 대한 새로운 정보의 결과 측정기간 동안 인식된 경우에는 해당 이연법인세효익을 인식하고 있습니다. 인식된 취득 이연법인세효익은 취득과 관련된 영업권의 장부금액을 감소시키는데 적용되며 영업권의 장부금액이 영(0)인 경우에는 남아 있는 이연법인세효익을 당기손익으로 인식하고 있습니다.당사는 당기법인세자산과 당기법인세부채를 상계할 수 있는 법적으로 집행가능한 권리를 가지고 있고 과세대상기업이 동일한 경우 혹은 과세대상기업은 다르지만 당기법인세부채와 자산을 순액으로 결제할 의도가 있거나, 유의적인 금액의 이연법인세부채가 결제되거나 이연법인세자산이 회수될 미래의 각 회계기간 마다 자산을 실현하는 동시에 부채를 결제할 의도가 있는 경우에 이연법인세자산과 이연법인세부채가동일한 과세당국과 관련이 있는 경우에만 이연법인세자산과 이연법인세부채를 상계하여 표시하고 있습니다.\n2.2.7 외화환산당사는 재무제표를 기능통화인 원화로 표시하고 있습니다. 재무제표를 작성함에 있어서 기능통화 외의 통화로 이루어진 거래는 거래 발생 당시의 환율을 적용하여 기록하고 있으며, 화폐성 외화자산 및 부채는 보고기간말 현재의 기능통화 환율로 환산하고 있습니다. 이에 따라 발생하는 환산차이는 당기손익에 반영하고 있습니다.한편, 역사적원가로 측정하는 외화표시 비화폐성 항목은 최초 거래 발생일의 환율을공정가치로 측정하는 외화표시 비화폐성 항목은 공정가치 측정일의 환율을 적용하여인식하고 있습니다. 비화폐성 항목의 환산에서 발생하는 손익은 해당 항목의 공정가치 변동으로 인한 손익의 인식항목과 동일하게 기타포괄손익 또는 당기손익으로 인식하고 있습니다. 관련 자산, 비용, 수익(또는 그 일부)의 최초 인식에 적용할 환율을 결정하기 위한 거래일은 당사가 대가를 선지급하거나 선수취하여 비화폐성자산이나 비화폐성부채를 최초로 인식한 날입니다. 선지급이나 선수취가 여러 차례에 걸쳐 이루어지는 경우, 당사는 대가의 선지급이나 선수취로 인한 거래일을 각각 결정합니다.2.2.8 매각예정비유동자산과 중단영업당사는 비유동자산(또는 처분자산집단)의 장부금액이 계속사용이 아닌 매각거래나 분배를 통하여 주로 회수될 것이라면 이를 매각예정으로 분류하고 있습니다. 매각예정으로 분류된 비유동자산과 처분자산집단은 매각부대원가 차감 후 공정가치와 장부금액 중 작은 금액으로 측정하고 있습니다. 매각부대원가는 자산(또는 처분자산집단)의 처분에 직접 귀속되는 증분원가(금융원가와 법인세비용 제외)입니다. 매각예정으로의 분류 조건은 매각이 비유동자산(또는 처분자산집단)이 현재의 상태에서 즉시 매각 가능하고 그 매각가능성이 매우 높은 경우에 충족되는 것으로 보고 있습니다. 매각을 완료하기 위하여 요구되는 조치들은 그 매각이 유의적으로 변경되거나 철회될 가능성이 낮음을 보여야 하며, 매각예정으로 분류한 시점에서 1년 이내에 매각이 완료될 것으로 예상되어야 합니다. 매각예정으로 분류된 유ㆍ무형자산은 감가상각 또는 상각하지 않고 있습니다.매각예정 또는 분배예정으로 분류된 자산과 부채는 재무상태표에서 별도의 유동항목으로 표시하고 있습니다. 다음 중 하나에 해당되는 경우 처분자산집단은 중단영업에 해당됩니다. \xa0- 별도의 주요 사업계열이나 영업지역이다. - 별도의 주요 사업계열이나 영업지역을 처분하려는 단일 계획의 일부이다. - 매각만을 목적으로 취득한 종속기업이다. 당사는 세후중단영업손익을 계속영업의 결과에서 제외하고 손익계산서에 단일금액으로 표시하고 있습니다. 2.2.9 현금배당당사는 배당을 지급하기 위해 분배가 승인되고 더 이상 기업에게 재량이 없는 시점에부채를 인식하고 있습니다. 주주에 대한 분배는 주주에 의한 승인을 필요로 합니다. \xa0대응되는 금액은 자본에 직접 반영하고 있습니다.2.2.10 유형자산건설중인자산은 취득원가에서 손상차손누계액을 차감한 잔액으로, 유형자산은 취득원가에서 감가상각누계액과 손상차손누계액을 차감한 잔액으로 표시하고 있습니다. 이러한 원가에는 자산의 인식요건을 충족한 대체원가 및 장기건설 프로젝트의 차입원가를 포함하고 있습니다. 유형자산의 주요 부분이 주기적으로 교체될 필요가 있는 경우 당사는 그 부분을 개별자산으로 인식하고 해당 내용연수동안 감가상각하고 있습니다. 또한 종합검사원가와 같이 자산의 인식요건을 충족하는 경우에는 유형자산의 장부금액에 포함되어 있으며 모든 수선 및 유지비용은 발생시점에 당기손익에 반영하고 있습니다. 유형자산의 경제적 사용이 종료된 후에 원상회복을 위하여 자산을 제거, 해체하거나, 부지를 복원하는 데 소요될 것으로 추정되는 비용이 충당부채의 인식요건을 충족하는 경우 그 지출의 현재가치를 유형자산의 취득원가에 포함하고 있습니다.\n고객으로부터 이전받은 유형자산은 최초측정시 통제를 획득한 날의 공정가치로 측정하고 있습니다.한편, 토지를 제외한 자산은 취득원가에서 잔존가치를 제외하고, 다음의 추정 경제적내용연수에 걸쳐 정액법으로 상각됩니다.\xa0\n구 \xa0 분\n내 \xa0용 \xa0연 \xa0수\n차량운반구\n4년\n기타의유형자산\n4년\n당사는 자산의 추정잔존가치와 기대내용연수를 매년 검토하고 있습니다. 특히, 당사는 예상 내용 연수 및 추정 잔존 가치를 평가할 때 보건, 안전 및 환경 법규의 영향을 고려합니다.\n유형자산은 처분하는 때(즉, 취득자가 해당 자산을 통제하게 되는 날) 또는 사용이나 처분을 통하여 미래경제적효익이 기대되지 않을 때 제거합니다. 유형자산의 제거로 인하여 발생하는 손익은 순매각금액과 장부금액의 차이로 결정되며, 자산을 제거할 때 당기손익으로 인식합니다. 유형자산의 잔존가치, 내용연수 및 감가상각방법은 적어도 매 회계연도말에 재검토하고, 변경시 변경효과는 전진적으로 인식합니다.\n2.2.11 리스당사는 계약에서 대가와 교환하여, 식별되는 자산의 사용 통제권을 일정기간 이전하게 하는지를 고려하여 계약의 약정시점에, 계약자체가 리스인지, 계약이 리스를 포함하는지를 판단합니다.리스이용자당사는 단기리스와 소액 기초자산 리스를 제외한 모든 리스에 대하여 하나의 인식과측정 접근법을 적용합니다. 당사는 리스료 지급의무를 나타내는 리스부채와 기초자산의 사용권을 나타내는 사용권자산을 인식합니다.\n(1) 사용권자산당사는 리스개시일(즉, 기초자산이 사용가능한 시점)에 사용권자산을 인식합니다. 사용권자산은 원가로 측정하고, 후속 측정 시 원가모형을 적용하였습니다. 원가모형을 적용하기 위하여 감가상각누계액과 손상차손누계액을 차감하고, 리스부채의 재측정에 따른 조정을 반영합니다. 사용권자산의 원가는 인식된 리스부채 금액, 최초 직접원가, 그리고 받은 리스 인센티브를 차감한 리스개시일이나 그 전에 지급한 리스료를포함합니다. 사용권자산은 리스기간과 추정된 내용연수 중 짧은 기간에 걸쳐 정액기준으로 감가상각됩니다.리스기간 종료시점에 당사에 기초자산의 소유권이 이전되는 경우나 사용권자산의 원가에 당사가 매수선택권을 행사할 것임이 반영되는 경우, 감가상각은 자산의 기초자산의 추정된 내용연수를 사용하여 계산됩니다.사용권자산도 손상의 대상이 되며 주석 2.2.15 \'비금융자산의 손상\'에 대한 회계정책에서 설명하였습니다. \n(2) 리스부채리스개시일에, 당사는 리스기간에 걸쳐 지급될 리스료의 현재가치로 리스부채를 측정합니다. 리스료는 고정리스료(실질적인 고정리스료를 포함하고, 받을 리스 인센티브는 차감), 지수나 요율에 따라 달라지는 변동리스료 및 잔존가치보증에 따라 지급될 것으로 예상되는 금액으로 구성됩니다. 리스료는 또한 당사가 매수선택권을 행사할 것이 상당히 확실한 경우에 그 매수선택권의 행사가격과 리스기간이 당사의 종료선택권 행사를 반영하는 경우에 그 리스를 종료하기 위하여 부담하는 금액을 포함합니다.지수나 요율에 따라 달라지는 변동리스료가 아닌 변동리스료는 (재고자산을 생산하는데 발생된 것이 아니라면) 리스료 발생을 유발하는 사건 또는 조건이 발생한 기간의 비용으로 인식합니다.당사는 리스료의 현재가치를 계산할 때, 리스의 내재이자율을 쉽게 산정할 수 없기 때문에 리스개시일의 증분차입이자율을 사용합니다. 리스개시일 이후 리스부채 금액은 이자를 반영하여 증가하고 지급한 리스료를 반영하여 감소합니다. 또한, 리스부채의 장부금액은 리스기간의 변경, 리스료의 변경(예를 들어, 리스료를 산정할 때 사용한 지수나 요율의 변동으로 생기는 미래 리스료의 변동) 또는 기초자산을 매수하는 선택권 평가에 변동이 있는 경우 재측정됩니다.\n(3) 단기리스와 소액 기초자산 리스당사는 단기리스(즉, 이러한 리스는 리스기간이 리스개시일로부터 12개월 이하이고 매수선택권을 포함하지 않음)에 대한 인식 면제 규정을 적용합니다. 또한 당사는 소액자산으로 간주되는 사무용품 등의 리스에 소액자산 리스에 대한 인식 면제 규정을 적용합니다. 단기리스와 소액자산 리스에 대한 리스료는 리스기간에 걸쳐 정액기준으로 비용으로 인식합니다.리스제공자당사는 기초자산의 소유에 따른 위험과 보상의 대부분을 이전하지 않는 리스를 운용리스로 분류합니다. 리스료 수익은 리스기간에 걸쳐 정액 기준으로 인식하며, 영업 성격에 따라 손익계산서에서 매출에 포함됩니다. 운용리스 체결과정에서 부담하는 리스개설 직접원가를 기초자산의 장부금액에 더하고 리스료 수익과 같은 기준으로 리스기간에 걸쳐 비용으로 인식합니다. 조건부 임대료는 임대료를 수취하는 시점에 매출로 인식합니다.\n2.2.12 투자부동산\n투자부동산은 관련 거래원가를 가산한 취득원가로 측정하고 있으며 발생시점에 자산의 인식요건을 충족한 대체원가를 포함하고 있습니다. 다만 일상적인 관리활동에서 발생하는 원가는 발생시점에 비용으로 인식하고 있습니다. 최초인식 이후에는 취득원가에서 감가상각누계액과 손상차손누계액을 차감한 금액을 장부금액으로 표시하고 있습니다.\xa0\n당사는 투자부동산을 처분(즉, 취득자가 해당 자산을 통제하게 되는 날)하거나 사용을 통하여 더 이상 미래 경제적 효익을 얻을 수 없을 것으로 예상되는 경우 재무제표에서 제거하고 있으며, 이로 인하여 발생되는 순처분금액과 장부금액의 차이는 제거시점의 당기손익에 반영하고 있습니다. 투자부동산의 제거로 인해 발생하는 손익에 포함될 대가(금액)는 기업회계기준서 제1115호의 거래가격 산정에 관한 요구사항에 따라 산정됩니다.\n또한 해당 자산의 사용목적이 변경된 경우에 한하여 투자부동산에서 다른 계정으로 대체하거나 다른 계정에서 투자부동산으로 대체하고 있으며, 투자부동산에서 자가사용부동산(유형자산)으로 대체되는 경우에는 사용목적이 변경된 시점의 공정가치를 간주원가로 적용하고 있습니다. 또한 자가사용부동산(유형자산)이 투자부동산으로 대체되는 경우에는 사용목적이 변경된 시점까지 해당 부동산을 유형자산과 동일하게회계처리하고 있습니다.투자부동산 중 토지에 대해서는 감가상각을 하지 않으며, 토지를 제외한 투자부동산은 경제적 내용연수에 따라 8~40년을 적용하여 정액법으로 상각하고 있습니다. 투자부동산의 감가상각방법, 잔존가치 및 내용연수는 매 보고기간말에 재검토하고 있으며, 이를 변경하는 것이 적절하다고 판단되는 경우 회계추정의 변경으로 회계처리하고 있습니다.\n2.2.13 무형자산\n당사는 개별적으로 취득한 무형자산은 취득원가로 계상하고 사업결합으로 취득하는 무형자산은 매수시점의 공정가치로 계상하며 최초 취득 이후 상각누계액과 손상차손누계액을 직접 차감하여 표시하고 있습니다. 한편 개발비를 제외한 내부적으로 창출된 무형자산은 발생시점에 비용항목으로 하여 당기손익에 반영하고 있습니다.무형자산은 유한한 내용연수를 가진 무형자산과 비한정 내용연수를 가진 무형자산으로 구분되는 바, 유한한 내용연수를 가진 무형자산은 해당 내용연수에 걸쳐 상각하고손상징후가 파악되는 경우 손상여부를 검토하고 있습니다. 또한 내용연수와 상각방법은 적어도 매 회계연도말에 그 적정성을 검토하고 있으며 예상 사용기간의 변경이나 경제적효익의 예상소비형태 변화 등으로 인하여 변경이 필요한 경우에는 회계추정의 변경으로 회계처리하고 있습니다. 무형자산상각비는 해당 무형자산의 기능과 일관된 비용항목으로 하여 당기손익에 반영하고 있습니다.한편 비한정 내용연수를 가진 무형자산은 상각하지 아니하되 매년 개별적으로 또는 현금창출단위에 포함하여 손상검사를 수행하고 있습니다. 또한 매년 해당 무형자산에 대하여 비한정 내용연수를 적용하는 것이 적절한지를 검토하고 적절하지 않은 경우 전진적인 방법으로 유한한 내용연수로 변경하고 있습니다.무형자산은 처분하는 때(즉, 취득자가 해당 자산을 통제하게 되는 날) 또는 사용이나 처분으로부터 미래경제적효익이 기대되지 않을 때 제거합니다. 당사는 무형자산 제거시 순매각금액과 장부금액의 차이로 인한 손익은 제거시점의 당기손익에 반영하고있습니다.당사의 무형자산 관련 회계정책을 요약하면 다음과 같습니다.\n구분\n상표권\n회원권\n소프트웨어\n내용연수\n비한정\n비한정\n5년\n상각방법\n상각대상 아님\n상각대상 아님\n정액법\n내부창출 또는 취득\n취득\n취득\n취득\n2.2.14 금융상품: 최초 인식과 후속측정\n(1) 금융자산금융자산은 거래당사자 일방에게 금융자산을 발생시키고 동시에 다른 거래상대방에게 금융부채나 지분상품을 발생시키는 모든 계약입니다.1) 최초 인식 및 측정\n금융자산은 최초 인식 시점에 후속적으로 상각후원가로 측정되는 금융자산, 기타포괄손익-공정가치 측정 금융자산, 그리고 당기손익-공정가치 측정 금융자산으로 분류됩니다.\n최초 인식 시점에 금융자산의 분류는 금융자산의 계약상 현금흐름 특성과 금융자산을 관리하기 위한 당사의 사업모형에 따라 달라집니다. 유의적인 금융요소가 포함되지 않거나 실무적 간편법을 적용하는 매출채권을 제외하고는, 당사는 금융자산을 최초에 공정가치로 측정하며, 당기손익-공정가치로 측정하는 금융자산의 경우가 아니라면 거래원가를 가감합니다. 유의적인 금융요소가 포함되지 않거나 실무적 간편법을 적용하는 매출채권은 기업회계기준서 제1115호에 따라 결정된 거래가격으로 측정합니다.\n금융자산을 상각후원가 또는 기타포괄손익-공정가치로 측정하기 위해서는 현금흐름이 원리금만으로 구성(SPPI)되어야 합니다. 이 평가는 SPPI 테스트라고 하며, 개별 상품 수준에서 수행됩니다.\n금융자산의 관리를 위한 당사의 사업모형은 현금흐름을 발생시키기 위해 금융자산을관리하는 방법과 관련됩니다. 사업모형은 현금흐름의 원천이 금융자산의 계약상 현금흐름의 수취인지, 매도인지 또는 둘 다 인지를 결정합니다.\n시장의 합의나 규제에 의해 설정된 기간 프레임 내에서 금융자산을 이전하는 것이 요구되는 금융자산의 매입 또는 매도(정형화된 거래)는 거래일에 인식됩니다. 즉, 당사가 금융자산을 매입하거나 매도하기로 약정한 날을 의미합니다.\n2) 후속측정금융자산의 후속측정은 그 분류에 따라 아래 네 가지의 범주로 분류됩니다. - 상각후원가 측정 금융자산 (채무상품) - 누적 손익을 당기손익으로 재순환하는 기타포괄손익-공정가치 측정 금융자산 \xa0 \xa0(채무상품) - 제거시 누적 손익을 당기손익으로 재순환하지 않는 기타포괄손익-공정가치 측정 \xa0 \xa0 금융자산 (지분상품) - 당기손익-공정가치 측정 금융자산\n① 상각후원가 측정 금융자산 (채무상품)상각후원가 측정 금융자산은 후속적으로 유효이자율(EIR)법을 사용하여 측정되며, 손상을 인식합니다. 자산의 제거, 변경 또는 손상에서 발생하는 이익과 손실은 당기손익으로 인식됩니다.\n② 기타포괄손익-공정가치 측정 금융자산 (채무상품)당사는 아래의 조건을 모두 충족하는 채무상품을 기타포괄손익-공정가치 금융자산으로 측정합니다.- 계약상 현금흐름의 수취와 금융자산의 매도 둘 다를 통해 목적을 이루는 사업모형하에서 금융자산을 보유하고,- 금융자산의 계약 조건에 따라 특정일에 원리금 지급만으로 구성되어 있는 현금흐름이 발생기타포괄손익-공정가치 측정 채무상품에서, 이자수익, 외화환산손익, 그리고 손상 또는 환입은 상각후원가 측정 금융자산과 동일한 방법으로 계산되어 당기손익으로 인식됩니다. 나머지 공정가치 변동부분은 기타포괄손익으로 인식됩니다. 금융자산의제거 시, 기타포괄손익으로 인식한 공정가치 누적 변동분은 당기손익으로 재순환됩니다.③ 기타포괄손익-공정가치 측정 금융자산 (지분상품)최초 인식 시점에, 당사는 기업회계기준서 제1032호 \'금융상품 표시\'에서의 지분의 정의를 충족하고 투자 목적으로 보유하고 있지 않은 지분상품을 기타포괄손익-공정가치로 측정하도록 하는 취소 불가능한 선택을 할 수 있습니다.\n이러한 금융자산에서 발생하는 손익은 당기손익으로 재순환되지 않습니다. 배당은 당사가 배당을 받을 권리가 확정되었을 때 손익계산서에 기타수익으로 인식되나, 금융자산의 원가 중 일부를 회수하여 이익을 얻는 경우에는 기타포괄손익으로 처리됩니다. 기타포괄손익-공정가치 측정 지분상품은 손상을 인식하지 않습니다.당사는 비상장지분상품에 대해서도 취소불가능한 선택을 할 수 있습니다.\n④ 당기손익-공정가치 측정 금융자산\n당기손익-공정가치 측정 금융자산은 단기매매항목, 최초 인식 시에 당기손익-공정가치로 측정하도록 지정된 금융자산 또는 공정가치로 측정하도록 요구되는 금융자산을 포함합니다. 단기간 내에 매도하거나 재구매할 목적으로 취득한 금융자산은 단기매매항목으로 분류됩니다. 분리된 내재파생상품을 포함한 파생상품은 효과적인 위험회피수단으로 지정되지 않았다면 단기매매항목으로 분류됩니다. 현금흐름이 원리금 지급만으로 구성되지 않은 금융자산은 사업모형에 관계없이 당기손익-공정가치 측정 금융자산으로 분류 및 측정됩니다. 상기 문단에서 서술된 것과 같이 채무상품이 상각후원가 또는 기타포괄손익-공정가치 측정 금융자산으로 분류됨에도 불구하고 회계 불일치를 제거하거나 유의적으로 감소시킬 수 있다면 채무상품을 당기손익-공정가치로 측정하도록 지정할 수 있습니다.\n당기손익-공정가치 측정 금융자산은 재무상태표에 공정가치로 표시되며, 공정가치의 순변동은 손익계산서에서 당기손익으로 인식됩니다.\n이 범주는 파생상품과 공정가치의 변동을 기타포괄손익으로 처리하는 취소불가능한 선택을 하지않은 상장 지분 상품을 포함합니다. 상장 지분 상품에 대한 배당은 권리가 확정된 시점에 당기손익으로 인식합니다.\n복합계약에 내재된 파생상품은 경제적인 특성과 위험이 주계약에 밀접하게 관련되지않고, 내재파생상품과 동일한 조건인 별도의 상품이 파생상품의 정의를 충족하며, 복합계약이 당기손익-공정가치로 측정되지 않는다면 주계약으로부터 분리하여 별도의파생상품으로 회계처리합니다. 내재파생상품은 공정가치로 측정하고 공정가치의 변동을 당기손익으로 인식합니다. 현금흐름을 유의적으로 변경시키는 계약 조건의 변경이 있거나 당기손익-공정가치 측정 범주에 해당하지 않게 되는 경우에만 재평가가발생합니다.\n주계약이 금융자산인 복합계약에서 내재파생상품은 분리하여 회계처리하지 않습니다. 주계약인 금융자산과 내재파생상품은 상품 전체를 당기손익-공정가치 측정 금융자산으로 분류합니다.\n3) 금융자산의 제거금융자산(또는 금융자산의 일부분 또는 유사한 금융자산 집합의 일부)은 다음과 같은 상황에서 우선적으로 제거됩니다. - 금융자산의 현금흐름을 수취할 권리가 소멸되거나 - 당사가 금융자산의 현금흐름을 수취할 권리를 양도하거나 양도(pass-through) 계약에 따라 수취한 현금흐름 전체를 중요한 지체 없이 제3자에게 지급할 의무가 있습니다. 이 경우에 당사는 금융자산의 보유에 따른 위험과 보상의 대부분을 이전하거나 금융자산의 보유에 따른 위험과 보상의 대부분을 이전하지도 보유하지도 않으나 자산에 대한 통제를 이전당사가 금융자산의 현금흐름을 수취할 권리를 이전하거나 양도(pass-through) 계약을 체결할 때, 자산을 소유함에 따른 위험과 보상을 유지하는지를 평가합니다. 당사가 금융자산의 위험과 보상의 대부분을 보유하지도 이전하지도 않았다면, 해당 금융자산에 지속적으로 관여하는 정도까지 그 금융자산을 계속 인식합니다. 이 경우에, 당사는 관련된 부채를 인식합니다. 양도된 자산과 관련된 부채는 당사가 보유한 권리와 의무를 반영하여 측정합니다.보증을 제공하는 형태인 지속적 관여는, 양도된 자산의 장부금액과 수취한 대가 중 상환을 요구받을 수 있는 최대 금액 중 낮은 금액으로 측정됩니다.4) 금융자산의 손상당사는 당기손익-공정가치 항목을 제외한 모든 채무상품에 대하여 기대신용손실(ECL)에 대한 충당금을 인식합니다. 기대신용손실은 계약상 수취하기로 한 현금흐름과 당사가 수취할 것으로 예상하는 모든 현금흐름의 차이를 최초의 유효이자율로 할인하여 추정합니다. 예상되는 현금흐름은 보유한 담보를 처분하거나 계약의 필수 조건인 그 밖의 신용 보강으로부터 발생하는 현금흐름을 포함합니다.\n기대신용손실은 두 개의 stage로 인식합니다. 최초 인식 이후 신용위험의 유의적인 증가가 없는 신용 익스포저에 대하여, 기대신용손실은 향후 12개월 내에 발생할 가능성이 있는 채무불이행 사건으로부터 발생하는 신용손실(12개월 기대신용손실)을 반영합니다. 최초 인식 이후 신용위험의 유의적인 증가가 있는 신용 익스포저에 대하여, 손실충당금은 채무불이행 사건이 발생하는 시기와 무관하게 익스포저의 남은 존속기간에 대한 기대신용손실(전체기간 기대신용손실)을 측정하도록 요구됩니다.매출채권과 계약자산에 대하여, 당사는 기대신용손실 계산에 간편법을 적용하였습니다. 따라서, 당사는 신용위험의 변동을 추적하지 않는 대신에, 각 결산일에 전체기간 기대신용손실에 해당하는 금액으로 손실충당금을 인식합니다. 당사는 특정 채무자에대한 미래전망정보와 경제적 환경을 반영하여 조정된 과거 신용손실 경험에 근거하여 충당금 설정률표를 설정합니다.\n기타포괄손익-공정가치 측정 채무상품에 대하여, 당사는 낮은 신용위험 간편법을 적용합니다. 매 결산일에, 당사는 과도한 원가나 노력 없이 이용할 수 있는 합리적이고 뒷받침될 수 있는 모든 정보를 사용하여 채무상품이 낮은 신용위험을 가지고 있다고 고려되는지를 평가합니다. 이러한 평가를 위해서, 당사는 채무상품의 내부 신용등급을 재평가합니다. 또한, 당사는 계약상의 지급이 30일을 초과하였을 때 신용위험의 유의적인 증가가 있는지를 고려합니다.당사의 기타포괄손익-공정가치 측정 채무상품이 최상위 투자등급에 해당하는 상장 채권만으로 구성되어 있다면 낮은 신용 위험 투자자산으로 평가됩니다. 당사의 정책은 이러한 상품을 12개월 기대신용손실로 측정하는 것입니다. 그러나 최초 인식 이후에 신용위험의 유의적인 증가가 있다면 손실충당금은 전체기간 기대신용손실에 근거하여 산출됩니다. 당사는 채무상품의 신용위험이 유의적으로 증가했는지를 결정하고 기대신용손실을 측정하기 위해 신용평가기관의 등급을 사용합니다.당사는 계약상 지급이 유의적으로 연체되는 경우에 채무불이행이 발생한 것으로 봅니다. 그러나, 특정 상황에서, 당사는 내부 또는 외부 정보가 당사에 의한 모든 신용보강을 고려하기 전에는 당사가 계약상의 원금 전체를 수취하지 못할 것을 나타내는 경우에 금융자산에 채무불이행 사건이 발생했다고 볼 수 있습니다. 금융자산은 계약상 현금흐름을 회수하는 데에 합리적인 기대가 없을 때 제거됩니다.\n(2) 금융부채1) 최초인식 및 측정금융부채는 최초 인식 시점에 당기손익-공정가치 측정 금융부채, 대출과 차입, 미지급금 또는 효과적인 위험회피 수단으로 지정된 파생상품으로 적절하게 분류됩니다.\xa0\n모든 금융부채는 최초에 공정가치로 인식되고, 대여금, 차입금 및 미지급금의 경우에는 직접 관련된 거래원가를 차감합니다.\n당사의 금융부채는 매입부채와 기타 미지급금, 당좌차월을 포함한 대여 및 차입과 파생상품부채를 포함합니다.\n당사의 주요 금융부채는 기타채무와 차입금이 있습니다.\n2) 후속측정금융부채의 측정은 아래에서 언급된 분류에 따릅니다.① 당기손익-공정가치 측정 금융부채\n당기손익-공정가치 측정 금융부채는 단기매매금융부채와 최초 인식 시점에 당기손익-공정가치로 측정하도록 지정된 금융부채를 포함합니다.\n금융부채가 단기간 내에 재매입할 목적으로 발생한 경우에는 단기매매항목으로 분류됩니다. 이 범주는 또한 기업회계기준서 제1109호에서 정의된 위험회피관계에 있는 위험회피수단으로 지정되지 않은 파생상품을 포함합니다. 또한 분리된 내재파생상품은 위험회피에 효과적인 수단으로 지정되지 않았다면 단기매매항목으로 분류됩니다.\n단기매매항목인 금융부채에서 발생하는 손익은 당기손익으로 인식됩니다.\n당기손익-공정가치 항목으로 지정된 금융부채는 기업회계기준서 제1109호의 기준을 충족하는 경우에 최초 인식 시점에만 지정됩니다. 당사는 어떤 금융부채도 당기손익-공정가치 항목으로 지정하지 않았습니다.\n② 대여금 및 차입금최초 인식 이후에, 이자부 대여금과 차입금은 후속적으로 유효이자율법을 사용하여 상각후원가로 측정됩니다. 부채가 제거되거나 유효이자율 상각 절차에 따라 발생하는 손익은 당기손익으로 인식됩니다.상각후원가는 유효이자율의 필수적인 부분인 수수료나 원가에 대한 할인이나 할증액을 고려하여 계산됩니다.이 범주는 일반적으로 이자부 대여나 차입에 적용합니다.\xa0\n③ 금융보증계약당사가 발행한 금융보증계약은 채무상품의 최초 계약조건이나 변경된 계약조건에 따라 지급일에 특정 채무자의 지급불능에 따라 채권자가 입은 손실을 보상하기 위해 당사가 특정금액을 지급하여야 하는 계약입니다. 금융보증계약은 그 발행과 직접 관련된 거래비용을 차감한 공정가치를 금융부채로 최초 인식하고 있습니다. 최초 인식후 금융보증부채는 보고기간말 현재 존재하는 의무를 청산하기 위해 필요한 비용의 추정치와 최초 인식액 중 큰 금액으로 측정됩니다.\n3) 금융부채의 제거금융부채는 지급 의무의 이행, 취소, 또는 만료된 경우에 제거됩니다. 기존 금융부채가 대여자는 동일하지만 조건이 실질적으로 다른 금융부채에 의해 교환되거나, 기존 부채의 조건이 실질적으로 변경된 경우에, 이러한 교환이나 변경은 최초의 부채를 제거하고 새로운 부채를 인식하게 합니다. 각 장부금액의 차이는 당기손익으로 인식합니다.(3) 금융자산ㆍ금융부채의 상계금융자산과 금융부채는 인식한 자산과 부채에 대해 법적으로 집행 가능한 상계 권리를 현재 가지고 있고 차액으로 결제하거나 자산을 실현하는 동시에 부채를 결제할 의도가 있는 경우에 재무상태표에서 상계하여 순액으로 표시됩니다.\n2.2.15 비금융자산의 손상\n당사는 매 보고기간말에 자산의 손상을 시사하는 징후가 존재하는지 검토하고 있습니다. 그러한 징후가 존재하는 경우 또는 매년 자산에 대한 손상검사가 요구되는 경우 당사는 자산의 회수가능액을 추정하고 있습니다. 자산의 회수가능액은 자산 또는 현금창출단위의 순공정가치와 사용가치 중 큰 금액이며 개별자산별로 결정하나 해당개별자산의 현금유입이 다른 자산이나 자산집단의 현금유입과 거의 독립적으로 창출되지 않는 경우 해당 개별자산이 속한 현금창출단위별로 결정됩니다. 자산의 장부금액이 회수가능액을 초과하는 경우 자산은 손상된 것으로 보며 자산의 장부금액을 회수가능액으로 감소시키게 됩니다.사용가치는 해당 자산의 기대 미래현금흐름의 추정치를 화폐의 시간가치와 해당 자산의 위험에 대한 시장의 평가를 반영한 세전할인율로 할인한 현재가치로 평가하고 있습니다. 순공정가치는 최근거래가격을 고려하고 있습니다. 그러한 거래가 식별되지 않는 경우 적절한 평가모델을 사용하여 결정하고 있습니다. 이러한 계산에는 평가배수, 상장주식의 시가 또는 기타 공정가치 지표를 이용하고 있습니다.당사는 개별자산이 배부된 각각의 현금흐름창출단위에 대하여 작성된 구체적인 재무예산/예측을 기초로 손상금액을 계산하고 있습니다. 재무예산/예측은 일반적으로 5년간의 기간을 다루며 더 긴 기간에 대해서는 장기성장률을 계산하여 5년 이후의 기간에 적용하고 있습니다. 손상차손은 손상된 자산의 기능과 일관된 비용항목으로 하여 당기손익에 반영하고 있습니다. 다만 재평가모형을 적용하는 자산으로서 이전에 인식한 재평가잉여금이 있는 경우에는 이전 재평가금액을 한도로 재평가잉여금과 상계하고 있습니다.영업권을 제외한 자산에 대하여 매 보고기간말에 과거에 인식한 자산의 손상차손이 더 이상 존재하지 않거나 또는 감소하였다는 것을 시사하는 징후가 있는지 여부를 평가하며 그러한 징후가 있는 경우 회수가능액을 추정하고 있습니다. 과거에 인식한 영업권을 제외한 자산의 손상차손은 직전 손상차손의 인식시점 이후 해당 자산의 회수가능액을 결정하는데 사용된 추정치에 변화가 있는 경우에 한하여 손상차손을 인식하지 않았을 경우의 자산의 장부금액의 상각 후 잔액을 한도로 장부금액을 회수가능액으로 증가시키고 이러한 손상차손환입은 당기손익에 반영하고 있습니다. 다만 재평가모형을 적용하고 있는 자산의 경우에는 동 환입액을 재평가잉여금의 증가로 처리하고 있습니다.\n다음의 자산에 대하여는 자산손상검사에 있어 각각의 기준이 추가적으로 적용되고 있습니다.\n(1) 상표권 및 회원권당사는 비한정 내용연수를 가진 상기 무형자산에 대하여 매 보고기간말과 손상징후가 발생하였을 때 개별 자산별 또는 현금창출단위별로 손상검사를 수행하고 있습니다.\n2.2.16 현금및현금성자산재무상태표상의 현금및현금성자산은 보통예금과 소액현금 및 취득당시 만기가 3개월이내인 단기성 예금으로 구성되어 있습니다. 현금흐름표상의 현금및현금성자산은 이러한 현금및현금성자산에서 당좌차월을 차감한 후의 금액을 의미합니다.2.2.17 자기주식당사는 자기주식을 자본에서 차감하여 회계처리하고 있습니다. 자기주식의 취득, 매각, 발행 또는 취소에 따른 손익은 손익계산서에 반영하지 않으며 장부금액과 처분대가의 차이는 기타자본구성요소로 회계처리하고 있습니다.2.2.18 충당부채당사는 과거사건의 결과로 현재의무(법적의무 또는 의제의무)가 존재하고 당해 의무를 이행하기 위하여 경제적효익을 갖는 자원이 유출될 가능성이 높으며 당해 의무의 이행에 소요되는 금액을 신뢰성 있게 추정할 수 있는 경우에 충당부채를 인식하고 있습니다. 충당부채를 결제하기 위하여 필요한 지출액의 일부 또는 전부를 제3자가 변제할 것이 예상되는 경우 당사가 의무를 이행한다면 변제를 받을 것이 거의 확실하게되는 때에 한하여 변제금액을 인식하고 별도의 자산으로 회계처리하고 있습니다. 충당부채와 관련하여 포괄손익계산서에 인식되는 비용은 제3자의 변제와 관련하여 인식한 금액과 상계하여 표시하고 있습니다.화폐의 시간가치 효과가 중요한 경우 충당부채는 부채의 특유위험을 반영한 현행 세전이자율로 할인하고 있습니다. 충당부채를 현재가치로 평가하는 경우, 기간경과에 따른 장부금액의 증가는 금융원가로 인식하고 있습니다.\n2.2.19 종업원급여당사의 퇴직연금제도는 확정기여제도와 확정급여형제도로 구성되어 있습니다.(1) 확정기여형 퇴직연금제도\n확정기여제도와 관련하여 일정기간 종업원이 근무용역을 제공하였을 때에는 그 근무용역과 교환하여 확정기여제도에 납부해야 할 기여금에 대하여 자산의 원가에 포함하는 경우를 제외하고는 당기손익으로 인식하고 있습니다. 납부해야 할 기여금은 이미 납부한 기여금을 차감한 후 부채(미지급비용)로 인식하고 있습니다.또한, 이미 납부한 기여금이 보고기간말 이전에 제공된 근무용역에 대해 납부하여야 하는 기여금을 초과하는 경우에는 초과 기여금 때문에 미래 지급액이 감소하거나 현금이 환급되는 만큼을 자산(선급비용)으로 인식하고 있습니다.\n(2) 확정급여형 퇴직연금제도확정급여제도의 급여원가는 예측단위적립방식을 이용하여 결정됩니다. 보험수리적손익, 순이자에 포함된 금액을제외한 사외적립자산의 수익 및 순이자에 포함된 금액을 제외한 자산인식상한효과의 변동으로 구성된 재측정요소는 발생 즉시 기타포괄손익으로 인식하고 있으며 후속적으로 당기손익으로 재분류하지 아니하고 있습니다. \n과거근무원가는 다음 중 이른 날에 비용으로 인식하고 있습니다. - 제도의 개정이나 축소가 발생할 때 - 관련되는 구조조정원가나 해고급여를 인식할 때\xa0\n순이자는 순확정급여부채(자산)에 할인율을 곱하여 결정하고 있습니다. 당사는 근무원가와 순확정급여부채의 순이자를 당기손익으로 인식하고 있습니다.\n2.3 당사가 채택한 제ㆍ개정 기준서 및 해석서\n당사는 2022년 1월 1일로 개시하는 회계기간부터 다음의 제ㆍ개정 기준서 및 해석서를 신규로 적용하였습니다.\n(1) 기업회계기준서 제 1116호 \'리스\' 개정 - 2021년 6월 30일 후에도 제공되는 코로나19 관련 임차료 할인 등코로나19의 직접적인 결과로 발생한 임차료 할인 등이 리스변경에 해당하는지 평가하지 않을 수 있도록 하는 실무적 간편법의 적용대상이 2022년 6월 30일 이전에 지급하여야 할 리스료에 영향을 미치는 리스료 감면으로 확대되었습니다. 리스이용자는 비슷한 상황에서 특성이 비슷한 계약에 실무적 간편법을 일관되게 적용해야 합니다. 해당 기준서의 개정이 재무제표에 미치는 중요한 영향은 없습니다.\n(2) 기업회계기준서 제1103호 \'사업결합\' 개정 - 개념체계의 인용\n사업결합 시 인식할 자산과 부채의 정의를 개정된 재무보고를 위한 개념체계를 참조하도록 개정되었으나, 기업회계기준서 제1037호 ‘충당부채, 우발부채 및 우발자산’ 및 해석서 제2121호 ‘부담금’의 적용범위에 포함되는 부채 및 우발부채에 대해서는 해당 기준서를 적용하도록 예외를 추가하고, 우발자산이 취득일에 인식되지 않는다는 점을 명확히 하였습니다. 해당 기준서의 개정이 재무제표에 미치는 중요한 영향은 없습니다.\n\xa0\n(3) 기업회계기준서 제1016호 \'유형자산\' 개정 - 의도한 사용 전의 매각금액\n기업이 자산을 의도한 방식으로 사용하기 전에 생산된 품목의 판매에서 발생하는 수익을 생산원가와 함께 당기손익으로 인식하도록 요구하며, 유형자산의 취득원가에서차감하는 것을 금지하고 있습니다. 해당 기준서의 개정이 재무제표에 미치는 중요한 영향은 없습니다.\n(4) 기업회계기준서 제1037호 \'충당부채, 우발부채 및 우발자산\' 개정 - 손실부담계약: 계약이행원가\n손실부담계약을 식별할 때 계약이행원가의 범위를 계약 이행을 위한 증분원가와 계약 이행에 직접 관련되는 다른 원가의 배분이라는 점을 명확히 하였습니다. 해당 기준서의 개정이 재무제표에 미치는 중요한 영향은 없습니다.\n(5) 한국채택국제회계기준 연차개선 2018-2020\n한국채택국제회계기준 연차개선 2018-2020은 2022년 1월 1일 이후 시작하는 회계연도부터 적용되며, 조기적용이 허용됩니다. 해당 기준서의 개정이 재무제표에 미치는 중요한 영향은 없습니다.\n·기업회계기준서 제1101호 \'한국채택국제회계기준의 최초 채택’: 최초채택기업인 종속기업\n·기업회계기준서 제1109호 \'금융상품’: 금융부채 제거 목적의 10% 테스트 관련 수수료\n·기업회계기준서 제1041호 \'농림어업’: 공정가치 측정\n2.4 당사가 적용하지 않은 제ㆍ개정 기준서 및 해석서\n제정 또는 공표되었으나 시행일이 도래하지 않아 적용하지 아니한 제ㆍ개정 기준서 및 해석서는 다음과 같습니다.\n(1) 기업회계기준서 제1001호 \'재무제표 표시\' 개정 - 부채의 유동/비유동 분류\n\xa0\n보고기간말 현재 존재하는 실질적인 권리에 따라 유동 또는 비유동으로 분류되며, 부채의 결제를 연기할 수 있는 권리의 행사가능성이나 경영진의 기대는 고려하지 않습니다. 또한, 부채의 결제에 자기지분상품의 이전도 포함되나, 복합금융상품에서 자기지분상품으로 결제하는 옵션이 지분상품의 정의를 충족하여 부채와 분리하여 인식된경우는 제외됩니다. 동 개정사항은 2023년 1월 1일 이후 시작하는 회계연도부터 적용하며, 조기적용이 허용됩니다. 당사는 동 개정으로 인해 재무제표에 중요한 영향은없을 것으로 예상하고 있습니다.\n(2) 기업회계기준서 제1001호 \'재무제표 표시\' - \'회계정책\'의 공시\n\xa0\n중요한 회계정책을 정의하고 공시하도록 하며, 중요성 개념을 적용하는 방법에 대한 지침을 제공하기 위하여 국제회계기준 실무서 2 \'회계정책 공시\'를 개정하였습니다.\n동 개정 사항은 2023년 1월 1일 이후 최초로 시작하는 회계연도부터 적용되며 조기적용이 허용됩니다. 당사는 동 개정으로 인해 재무제표에 중요한 영향은 없을 것으로예상하고 있습니다.\n(3) 기업회계기준서 제1008호 \'회계정책, 회계추정의 변경 및 오류\' - \'회계추정\'의 정의\xa0\n\xa0\n회계추정을 정의하고, 회계정책의 변경과 구별하는 방법을 명확히 하였습니다. \xa0동 개정 사항은 2023년 1월 1일 이후 최초로 시작하는 회계연도부터 적용되며 조기적용이 허용됩니다. 당사는 동 개정으로 인해 재무제표에 중요한 영향은 없을 것으로 예상하고 있습니다.\n\xa0\n(4) 기업회계기준서 제1012호 \'법인세\' - \xa0단일거래에서 생기는 자산과 부채에 대한 이연법인세\n자산 또는 부채가 최초로 인식되는 거래의 최초 인식 예외 요건에 거래시점 동일한 가산할 일시적차이와 차감할 일시적차이를 발생시키지 않는 거래라는 요건을 추가하였습니다. 동 개정사항은 2023년 1월 1일 이후 시작하는 회계연도부터 적용하며, 조기적용이 허용됩니다. 당사는 동 개정으로 인해 재무제표에 중요한 영향은 없을 것으로 예상하고 있습니다.\n\xa0\n(5) 기업회계기준서 제1117호 \'보험계약\' 제정\n\xa0\n기업회계기준서 제1117호 \'보험계약\'은 기업회계기준서 제1104호 \'보험계약’을 대체합니다. 보험계약에 따른 모든 현금흐름을 추정하고 보고시점의 가정과 위험을 반영한 할인율을 사용하여 보험부채를 측정하고, 매 회계연도별로 계약자에게 제공한 서비스(보험보장)를 반영하여 수익을 발생주의로 인식하도록 합니다. 또한, 보험사건과 관계없이 보험계약자에게 지급하는 투자요소(해약/만기환급금)는 보험수익에서 제외하며, 보험손익과 투자손익을 구분 표시하여 정보이용자가 손익의 원천을 확인할 수 있도록 하였습니다. 동 기준서는 2023년 1월 1일 이후 최초로 시작하는 회계연도부터 적용되며, 기업회계기준서 제1109호 \'금융상품\'을 적용한 기업은 조기적용이허용됩니다. 당사는 동 개정으로 인해 재무제표에 중요한 영향은 없을 것으로 예상하고 있습니다.\n(6) 기업회계기준서 제1001호 \' 재무제표 표시 \' - 행사가격 조정 조건이 있는 금융부채 평가손익 공시 \n발행자의 주가 변동에 따라 행사가격이 조정되는 조건이 있는 금융상품의 전부나 일부가 금융부채로 분류되는 경우 그 금융부채의 장부금액과 관련 손익을 공시하도록 하였습니다. 동 개정사항은 2023년 1월 1일 이후 시작하는 회계연도부터 적용하며, 조기적용이 허용됩니다. 당사는 동 개정으로 인해 재무제표에 중요한 영향은 없을 것으로 예상하고 있습니다.\n3. 중요한 회계적 판단, 추정 및 가정당사의 경영자는 재무제표 작성시 보고기간말 현재 수익, 비용, 자산 및 부채에 대한 보고금액과 우발부채에 대한 주석공시사항에 영향을 미칠 수 있는 판단, 추정 및 가정을 하여야 합니다. 그러나 이러한 추정 및 가정의 불확실성은 향후 영향을 받을 자산 및 부채의 장부금액에 중요한 조정을 유발할 수 있습니다. 당사가 노출된 위험 및 불확실성에 대한 기타 공시사항으로 재무위험관리(주석 29), 민감도 분석(주석 16, 29)이 있습니다.\n3.1 회계적 판단\n당사의 회계정책을 적용하는 과정에서, 재무제표에 인식된 금액에 가장 유의적인 영향을 미친 경영진의 판단은 다음과 같습니다.\n(1) 연장 및 종료선택권이 있는 계약의 리스기간 산정 - 리스이용자로서의 당사당사는 리스기간을 리스의 해지불능기간과 리스 연장선택권을 행사할 것이 상당히 확실한 경우에 그 선택권의 대상기간 또는 리스 종료선택권을 행사하지 않을 것이 상당히 확실한 경우에 그 선택권의 대상기간을 포함하여 산정합니다.당사는 연장 및 종료 선택권을 포함하는 리스 계약들을 가지고 있습니다. 당사는 리스를 연장 또는 종료하기 위한 선택권을 행사할지 여부가 상당히 확실한지를 평가할 때 판단을 적용합니다. 즉, 연장선택권을 행사하거나 종료선택권을 행사하지 않을 경제적 유인이 생기게 하는 관련되는 사실 및 상황을 모두 고려합니다. 개시일 이후, 당사는 당사의 통제 하에 있는 상황에서 유의적인 사건이나 변화가 있고, 연장선택권을행사할지 종료선택권을 행사하지 않을지에 대한 능력에 영향을 미치는 경우 리스기간을 재평가합니다. (2) 부동산 리스의 분류 - 리스제공자로서의 당사\n당사는 투자부동산에 대해 리스계약을 체결하고 있습니다. 당사는 계약의 기간과 조건 등의 평가에 기초하여 해당 부동산의 소유에 따른 위험과 보상의 대부분이 당사에있다고 판단하고 동 리스거래를 운용리스로 회계처리하였습니다.\n3.2 회계 추정 및 가정가정 및 추정은 재무제표를 작성하는 시점에 입수가능한 변수에 근거하고 있습니다. 현재의 상황과 미래에 대한 가정은 시장의 변화나 당사의 통제에서 벗어난 상황으로 인해 변화할 수 있습니다. 그러한 변화가 발생시 이를 가정에 반영하고 있습니다.다음 회계연도내에 자산과 부채의 장부금액에 중요한 조정을 유발할 수 있는 중요한 위험을 내포한 보고기간말 현재의 미래에 대한 중요한 가정 및 추정의 불확실성에 대한 기타 주요 원천은 다음과 같습니다.\n(1) 비금융자산의 손상당사는 매 보고기간말에 모든 비금융자산에 대하여 손상징후의 존재 여부를 평가합니다. 영업권과 비한정 내용연수의 무형자산에 대해서는 매년 또는 손상징후가 있는 경우에 손상검사를 수행합니다. 기타 비금융자산에 대해서는 장부금액이 회수가능하지 않을 것이라는 징후가 있을 때 손상검사를 수행합니다. 사용가치를 계산하기 위하여 경영진은 해당 자산이나 현금창출단위로부터 발생하는 미래기대현금흐름을 추정하고 동 미래기대현금흐름의 현재가치를 계산하기 위한 적절한 할인율을 선택하여야합니다. (2) 퇴직급여제도확정급여퇴직연금제도 및 퇴직후의료급여제도의 원가와 퇴직연금채무의 현재가치는 보험수리적 평가방법을 통해 결정됩니다. 보험수리적 평가방법의 적용을 위해서는 다양한 가정을 세우는 것이 필요합니다. 이러한 가정의 설정은 할인율, 미래임금상승률, 사망률 및 미래연금상승률의 결정 등을 포함합니다. 평가방법의 복잡성과 기본 가정 및 장기적인 성격으로 인해 확정급여채무는 이러한 가정들에 따라 민감하게 변동됩니다. 모든 가정은 매 보고기간말마다 검토됩니다.(3) 리스 - 증분차입이자율의 산정당사는 리스의 내재이자율을 쉽게 산정할 수 없으므로, 리스부채를 측정하기 위해 증분차입이자율을 사용합니다. 증분차입이자율은 당사가 비슷한 경제적 환경에서 비슷한 기간에 걸쳐 비슷한 담보로 사용권자산과 가치가 비슷한 자산 획득에 필요한 자금을 차입한다면 지급해야 하는 이자율입니다. 따라서 증분차입이자율은 관측가능한 요율이 없거나(금융거래를 하지 않는 종속기업의 경우) 리스 조건을 반영하기 위하여조정되어야 하는 경우(예를 들어, 리스가 종속기업의 기능통화가 아닌 경우)에 측정이 요구되는 당사가 \'지불해야 하는\' 사항을 반영합니다.당사는 가능한 경우 (시장이자율과 같은) 관측가능한 투입변수를 이용하여 증분차입이자율을 측정하고 (종속기업의 개별 신용등급과 같은) 특정 기업별 추정치를 작성해야 합니다.(4) 법인세당사의 과세소득에 대한 법인세는 다양한 국가의 세법 및 과세당국의 결정을 적용하여 산정되므로 최종 세효과를 산정하는 데에는 불확실성이 존재합니다(주석27 참조).당사는 특정 기간동안 과세소득의 일정 금액을 투자, 임금증가 등에 사용하지 않았을때 세법에서 정하는 방법에 따라 산정된 법인세를 추가로 부담합니다. 따라서, 해당 기간의 당기법인세와 이연법인세를 측정할 때 이에 따른 세효과를 반영하여야 하고, 이로 인해 회사가 부담할 법인세는 각 연도의 투자, 임금증가 등의 수준에 따라 달라지므로 최종 세효과를 산정하는데에는 불확실성이 존재합니다.\n4. 사용이 제한된 금융자산보고기간종료일 현재 금융약정으로 인하여 사용이 제한된 금융자산의 내역은 다음과 같습니다.\n(단위: 천원)\n계정과목\n내 \xa0 역\n당기말\n전기말\n현금및현금성자산\n자사주신탁\n4,713,425\xa0\n1,543,566\xa0\n장기금융상품\n당좌개설보증금\n5,000\xa0\n5,000\xa0\n5. 매출채권및기타채권(1) 보고기간종료일 현재 매출채권및기타채권의 내역은 다음과 같습니다.\n(단위: 천원)\n구 \xa0 분\n당기말\n전기말\n유 \xa0 동\n비유동\n유 \xa0 동\n비유동\n매출채권\n811,034\xa0\n-\xa0\n6,585\xa0\n-\xa0\n미수금\n748,317\xa0\n-\xa0\n414,383\xa0\n-\xa0\n미수수익\n279\xa0\n2,874\xa0\n565\xa0\n2,262\xa0\n대여금\n37,916\xa0\n162,052\xa0\n27,083\xa0\n162,951\xa0\n보증금\n-\xa0\n610,066\xa0\n718,504\xa0\n800\xa0\n합 \xa0 계\n1,597,546\xa0\n774,992\xa0\n1,167,120\xa0\n166,013\xa0\n(2) 보고기간종료일 현재 개별적으로 손상된 매출채권및기타채권은 없습니다.\n(3) 보고기간종료일 현재 만기를 초과한 \xa0매출채권및기타채권은 없습니다.\xa0\n6. 기타금융자산(1) 보고기간종료일 현재 기타금융자산의 내역은 다음과 같습니다.\n(단위: 천원)\n구 \xa0 분\n당기말\n전기말\n유 \xa0 동\n비유동\n유 \xa0 동\n비유동\n장기금융상품(주1)\n-\xa0\n5,000\xa0\n-\xa0\n5,000\xa0\n기타포괄손익-공정가치 측정 금융자산\n-\xa0\n18,796\xa0\n-\xa0\n18,796\xa0\n상각후원가측정 채무상품\n1,300\xa0\n57,175\xa0\n2,775\xa0\n54,185\xa0\n합 \xa0 계\n1,300\xa0\n80,971\xa0\n2,775\xa0\n77,981\xa0\n(주1) 당기말 현재 상기 장기금융상품은 전액 당좌개설보증금으로 사용이 제한되어 있습니다.\n(2) 보고기간종료일 현재 기타금융자산에 포함된 기타포괄손익-공정가치 측정 금융자산의 내역은 다음과 같습니다.\n(단위: 천원)\n구 \xa0 분\n당기말\n전기말\n유 \xa0 동\n비유동\n유 \xa0 동\n비유동\n지분상품\n\xa0 비상장지분상품\n-\xa0\n18,796\xa0\n-\xa0\n18,796\xa0\n합 \xa0 계\n-\xa0\n18,796\xa0\n-\xa0\n18,796\xa0\n1) 당기말 및 전기말 현재 기타포괄손익-공정가치 측정 금융자산의 상장지분상품은 없습니다.\n2) 보고기간종료일 현재 기타포괄손익-공정가치 측정 금융자산의 비상장지분상품 내역은다음과 같습니다.(당기말)\n(단위: 천원)\n구 \xa0 분\n종목명\n보유주식수/ 보유좌수\n취득원가\n장부금액\n미실현보유손익\n비유동\n㈜한국경제신문\n2,128 주\xa0\n18,796\n18,796\n-\xa0\n(전기말)\n(단위: 천원)\n구 \xa0 분\n종목명\n보유주식수/ 보유좌수\n취득원가\n장부금액\n미실현보유손익\n비유동\n㈜한국경제신문\n2,128 주\xa0\n18,796\xa0\n18,796\xa0\n-\xa0\n7. 기타유동자산보고기간종료일 현재 기타유동자산의 내역은 다음과 같습니다.\n(단위: 천원)\n구 \xa0 분\n당기말\n전기말\n선급비용\n361,507\xa0\n-\xa0\n8. 유형자산(1) 보고기간종료일 현재 유형자산 장부금액의 구성내역은 다음과 같습니다.(당기말)\n(단위: 천원)\n구 \xa0 분\n차량운반구\n기타의유형자산\n건설중인자산\n합 \xa0 계\n취득원가\n390,909\xa0\n3,152,156\xa0\n131,523\xa0\n3,674,588\xa0\n감가상각누계액\n(304,504)\n(2,879,254)\n-\xa0\n(3,183,758)\n장부금액\n86,405\xa0\n272,902\xa0\n131,523\xa0\n490,830\xa0\n(전기말)\n(단위: 천원)\n구 \xa0 분\n차량운반구\n기타의유형자산\n합 \xa0 계\n취득원가\n344,370\xa0\n2,949,265\xa0\n3,293,635\xa0\n감가상각누계액\n(313,516)\n(2,889,222)\n(3,202,738)\n장부금액\n30,854\xa0\n60,043\xa0\n90,897\xa0\n(2) 당기 및 전기 중 유형자산 장부금액의 변동내용은 다음과 같습니다.(당기)\n(단위: 천원)\n구 \xa0 분\n차량운반구\n기타의유형자산\n건설중인자산\n합 \xa0 계\n기초금액\n30,854\xa0\n60,043\xa0\n-\xa0\n90,897\xa0\n취득액\n95,995\xa0\n256,534\xa0\n131,523\xa0\n484,052\xa0\n처분액\n(1)\n(6,735)\n-\xa0\n(6,736)\n감가상각비\n(40,443)\n(36,940)\n-\xa0\n(77,383)\n기말금액\n86,405\xa0\n272,902\xa0\n131,523\xa0\n490,830\xa0\n(전기)\n(단위: 천원)\n구 \xa0 분\n차량운반구\n기타의유형자산\n합 \xa0 계\n기초금액\n122,163\xa0\n66,432\xa0\n188,595\xa0\n취득액\n-\xa0\n38,979\xa0\n38,979\xa0\n처분액\n(52,503)\n(11,218)\n(63,721)\n감가상각비\n(38,806)\n(34,150)\n(72,956)\n기말금액\n30,854\xa0\n60,043\xa0\n90,897\xa0\n9. 투자부동산(1) 보고기간종료일 현재 투자부동산 장부금액의 구성내역은 다음과 같습니다.(당기말)\n(단위: 천원)\n구 \xa0 분\n토지\n건물(주1)\xa0\n구축물\n시설장치\n합 \xa0 계\n취득원가\n68,794,159\xa0\n10,102,224\xa0\n157,987\xa0\n5,688\xa0\n79,060,058\xa0\n감가상각누계액\n-\xa0\n(6,488,712)\n(135,879)\n(5,686)\n(6,630,277)\n장부금액\n68,794,159\xa0\n3,613,512\xa0\n22,108\xa0\n2\xa0\n72,429,781\xa0\n(주1) 당사는 상기 건물 중 일부를 임대보증금과 관련하여 담보로 제공하고 있습니다(채권 최고액 : 563,910천원).(전기말)\n(단위: 천원)\n구 \xa0 분\n토지\n건물(주1)\xa0\n구축물\n시설장치\n합 \xa0 계\n취득원가\n77,765,784\xa0\n10,693,099\xa0\n184,100\xa0\n46,688\xa0\n88,689,671\xa0\n감가상각누계액\n-\xa0\n(6,637,595)\n(154,794)\n(27,040)\n(6,819,429)\n장부금액\n77,765,784\xa0\n4,055,504\xa0\n29,306\xa0\n19,648\xa0\n81,870,242\xa0\n(주1) 당사는 상기 건물 중 일부를 임대보증금과 관련하여 담보로 제공하고 있습니다(채권 최고액 : 563,910천원).\n(2) 당기 및 전기 중 투자부동산 장부금액의 변동내용은 다음과 같습니다.(당기)\n(단위: 천원)\n구 \xa0 분\n토지\n건물\n구축물\n시설장치\n합 \xa0 계\n기초금액\n77,765,784\xa0\n4,055,504\xa0\n29,306\xa0\n19,648\xa0\n81,870,242\xa0\n취득액\n1,045,416\xa0\n-\xa0\n-\xa0\n-\xa0\n1,045,416\xa0\n처분액\n(10,017,041)\n(89,696)\n(7)\n(18,450)\n(10,125,194)\n감가상각\n-\xa0\n(352,296)\n(7,191)\n(1,196)\n(360,683)\n기말금액\n68,794,159\xa0\n3,613,512\xa0\n22,108\xa0\n2\xa0\n72,429,781\xa0\n(전기)\n(단위: 천원)\n구 \xa0 분\n토지\n건물\n구축물\n시설장치\n합 \xa0 계\n기초금액\n77,765,784\xa0\n4,411,121\xa0\n36,497\xa0\n21,698\xa0\n82,235,100\xa0\n감가상각\n-\xa0\n(355,617)\n(7,191)\n(2,050)\n(364,858)\n기말금액\n77,765,784\xa0\n4,055,504\xa0\n29,306\xa0\n19,648\xa0\n81,870,242\xa0\n(3) 당기 및 전기 중 투자부동산에서 발생한 손익의 내역은 다음과 같습니다.\xa0\n(단위: 천원)\n구 \xa0 분\n당 \xa0 기\n전 \xa0 기\n임대수익\n2,437,806\xa0\n2,403,936\xa0\n운영비용(임대수익이 발생한 투자부동산 관련)\n(953,534)\n(834,944)\n합 \xa0 계\n1,484,272\xa0\n1,568,992\xa0\n(4) 당기말 현재 당사가 추정한 투자부동산의 공정가치는 143,233,217천원입니다. 당사가 추정한 주요 투자부동산의 공정가치는 당기말 기준으로 독립된 평가인에 의해 추정된 평가금액 또는 한국채택국제회계기준 전환일의 간주원가와 전환일 이후 개별공시지가 등 기준시가의 변동을 고려하여 추정한 금액입니다.\n10. 무형자산(1) 보고기간종료일 현재 무형자산 장부금액의 구성내역은 다음과 같습니다.(당기말)\n(단위: 천원)\n구 \xa0 분\n소프트웨어\n회원권\n상표권\n합 \xa0 계\n취득원가\n979,279\xa0\n1,218,186\xa0\n3,444,967\xa0\n5,642,432\xa0\n상각누계액\n(948,147)\n-\xa0\n-\xa0\n(948,147)\n손상차손누계액\n-\xa0\n(337,938)\n-\xa0\n(337,938)\n장부금액\n31,132\xa0\n880,248\xa0\n3,444,967\xa0\n\xa04,356,347\xa0\n(전기말)\n(단위: 천원)\n구 \xa0 분\n소프트웨어\n회원권\n상표권\n합 \xa0 계\n취득원가\n979,279\xa0\n1,218,186\xa0\n3,440,419\xa0\n5,637,884\xa0\n상각누계액\n(930,453)\n-\xa0\n-\xa0\n(930,453)\n손상차손누계액\n-\xa0\n(337,938)\n-\xa0\n(337,938)\n장부금액\n48,826\xa0\n880,248\xa0\n3,440,419\xa0\n4,369,493\xa0\n(2) 당기 및 전기 중 무형자산 장부금액의 변동내용은 다음과 같습니다.(당기)\n(단위: 천원)\n구 \xa0 분\n소프트웨어\n회원권\n상표권\n합 \xa0 계\n기초금액\n48,826\xa0\n880,248\xa0\n3,440,419\xa0\n4,369,493\xa0\n취득\n-\xa0\n-\xa0\n4,548\xa0\n4,548\xa0\n상각\n(17,694)\n-\xa0\n-\xa0\n(17,694)\n기말금액\n31,132\xa0\n880,248\xa0\n3,444,967\xa0\n4,356,347\xa0\n(전기)\n(단위: 천원)\n구 \xa0 분\n소프트웨어\n회원권\n상표권\n합 \xa0 계\n기초금액\n103,185\xa0\n880,248\xa0\n3,431,572\xa0\n4,415,005\xa0\n취득\n-\xa0\n-\xa0\n8,847\xa0\n8,847\xa0\n상각\n(54,359)\n-\xa0\n-\xa0\n(54,359)\n기말금액\n48,826\xa0\n880,248\xa0\n3,440,419\xa0\n4,369,493\xa0\n11. 관계기업투자보고기간종료일 현재 관계기업투자의 현황은 다음과 같습니다.\n\xa0(단위: 천원)\n회사명\n소재지\n결산월\n주요 영업활동\n당기말\n전기말\n지분율(%)\n장부금액\n지분율(%)\n장부금액\n㈜세아엔지니어링(주1)\n한국\n12월\n기체 펌프 및 압축기 제조업\n-\n-\xa0\n7.95\xa0\n254,000\xa0\n(주1) 당기 중 보유지분 전량을 매각하였습니다.\n12. 종속기업투자(1) 보고기간종료일 현재 종속기업투자의 현황은 다음과 같습니다.\n(단위: 천원)\n회사명\n소재지\n결산월\n주요 영업활동\n당기말\n전기말\n지분율(%)\n장부금액\n지분율(%)\n장부금액\n㈜세아엘앤에스\n한국\n12월\n복합화물운송주선업 기타제철 및 제강업\n100.00\xa0\n13,640,417\xa0\n100.00\xa0\n13,640,417\xa0\n㈜세아베스틸지주(구, ㈜세아베스틸)(주1)\n한국\n12월\n기타제철 및 제강업\n61.72\xa0\n408,240,162\xa0\n61.72\xa0\n408,240,162\xa0\n㈜세아네트웍스\n한국\n12월\n내부통신배선공사업\n100.00\xa0\n24,383,492\xa0\n100.00\xa0\n24,383,492\xa0\n㈜세아특수강\n한국\n12월\n냉간압연 및 압출제품 제조업\n68.70\xa0\n86,148,723\xa0\n68.70\xa0\n86,148,723\xa0\n㈜세아엠앤에스\n한국\n12월\n기타제련 및 합금제조업\n83.92\xa0\n29,484,000\xa0\n83.92\xa0\n29,484,000\xa0\n㈜아이언그레이(주2)\n한국\n12월\n부동산임대 및 투자업\n100.00\xa0\n451,680,192\xa0\n100.00\xa0\n251,680,192\xa0\nKB와이즈스타사모부동산투자신탁제2호(주3)\n한국\n12월\n부동산투자신탁업\n12.50\xa0\n10,000,000\xa0\n12.50\xa0\n10,000,000\xa0\n㈜브이엔티지\n한국\n12월\n컴퓨터 시스템 통합 자문, 구축 및 관리업\n88.03\xa0\n17,980,682\xa0\n88.03\xa0\n17,980,682\xa0\n㈜세아기술투자(주4)\n한국\n12월\n투자업\n100.00\n1,000,000\xa0\n-\n-\n합 \xa0 계\n\u3000\n1,042,557,668\xa0\n\u3000\n841,557,668\xa0\n(주1) 당기말 현재 당사가 보유하고 있는 동 종속기업에 대한 주식 3,500,000주는 당사의 채무와 관련하여 담보로 제공되어 있습니다(주석 34 참조).\n(주2) 당기 중 종속기업인 ㈜아이언그레이의 유상증자에 참여하여 200,000백만원을 납입하였습니다(주석 31 참조).(주3) 당사의 지분율이 50%를 초과하지 아니하나, 당사의 종속기업인 ㈜세아베스틸지주(구, ㈜세아베스틸)과 ㈜아이언그레이가 동 피투자회사에 대하여 보유한 지분을 고려할 경우 피투자회사의 주요 의사결정에 지배력이 있는 것으로 판단해 종속기업으로 분류하였습니다.(주4) 당기 중 1,000백만원을 자본금으로 납입하여 ㈜세아기술투자를 설립하였습니다(주석 31 참조).\n(2) 당기말 현재 시장성 있는 종속기업투자의 공정가치는 다음과 같습니다.\n\xa0(단위: 천원)\n구 \xa0 분\n보유주식수\n주당 시장가격\n공정가치\n장부금액\n㈜세아베스틸지주(구, ㈜세아베스틸)\n22,135,633 주\n16,300 원\xa0\n360,810,818\xa0\n408,240,162\xa0\n㈜세아특수강\n5,887,180 주\n17,150 원\xa0\n100,965,137\xa0\n86,148,723\xa0\n(3) 당사는 주석2에서 설명하는 바와 같이 매 보고기간말 손상징후가 있는 종속기업투자주식에 대하여 손상평가를 수행하고 있습니다. 회수가능액은 사용가치 혹은 처분부대원가를 뺀 공정가치인 순공정가치의 계산에 근거하여 결정되었습니다. 당사는㈜세아엘엔에스, ㈜세아네트웍스 및 KB와이즈스타사모부동산투자신탁제2호 보유 주식에 대해 손상평가를 수행하였으며, 사용가치에 근거한 회수가능액이 장부금액을초과하였습니다. 회수가능액의 추정에 사용된 주요 투입변수 및 그 범위는 영구성장률 0.0% ~ 1.0%, 할인율 8.6% ~ 14.7%입니다. \xa0주요 가정치는 해당 산업의 미래 추세에 대한 경영진의 평가를 반영하고 있으며, 내ㆍ외부의 역사적 자료에 기초하고 있습니다.\n13. 매각예정비유동자산보고기간종료일 현재 매각예정비유동자산의 내역은 다음과 같습니다.\n(단위: 천원)\n구 \xa0 분\n회사명\n당기말\n전기말\n종속기업주식(주1)\n㈜세아에프에스\n-\xa0\n64,607,123\xa0\nS&G Holdings Ltd.\n-\xa0\n16,686,957\xa0\n공동기업주식(주1)\n㈜세아에삽\n-\xa0\n32,409,761\xa0\n합 \xa0 계\n-\xa0\n113,703,841\xa0\n(주1) 당사는 당기 중 이사회 결의를 통해 종속기업인 ㈜세아에프에스 및 S&G Holdings와 공동기업인 ㈜세아에삽의 주식매각거래를 최종 승인하였으며, 2월 중 보유지분 전부를 (유)아라미스홀딩스투자목적회사에 처분하였습니다(주석 31, 34 참조).\n14. 매입채무및기타채무보고기간종료일 현재 매입채무및기타채무의 내역은 다음과 같습니다.\n(단위: 천원)\n구 \xa0 분\n당기말\n전기말\n유 \xa0 동\n비유동\n유 \xa0 동\n비유동\n미지급금\n1,397,771\xa0\n-\xa0\n2,186,225\xa0\n-\xa0\n미지급비용\n772,063\xa0\n-\xa0\n684,120\xa0\n-\xa0\n임대보증금\n1,064,005\xa0\n1,616,608\xa0\n2,042,320\xa0\n597,325\xa0\n합 \xa0 계\n3,233,839\xa0\n1,616,608\xa0\n4,912,665\xa0\n597,325\xa0\n15. 차입금(1) 보고기간종료일 현재 차입금의 구성내역은 다음과 같습니다.\n(단위: 천원)\n구 \xa0 분\n당기말\n전기말\n유 \xa0 동\n비유동\n유 \xa0 동\n비유동\n단기차입금\n24,601,000\xa0\n-\xa0\n5,000,000\xa0\n-\xa0\n사채\n-\xa0\n99,868,617\xa0\n-\xa0\n99,777,673\xa0\n합 \xa0 계\n24,601,000\xa0\n99,868,617\xa0\n5,000,000\xa0\n99,777,673\xa0\n(2) 보고기간종료일 현재 단기차입금의 내역은 다음과 같습니다.\n(단위: 천원)\n내 \xa0 역\n차입처\n이자율(%)\n당기말\n전기말\n일반차입금\n산업은행\n3개월CD+1.75\n5,000,000\xa0\n5,000,000\xa0\n일반차입금(주1)\n국민은행\n3개월CD+1.26\xa0\n5,601,000\xa0\n-\xa0\n기업어음\n산업은행\n6.50\n14,000,000\xa0\n-\xa0\n합 \xa0 계\n24,601,000\xa0\n5,000,000\xa0\n(주1) 당사의 차입금과 관련하여 당사가 보유한 ㈜세아베스틸지주(구, ㈜세아베스틸) 주식 3,500,000주를 국민은행에 담보(채권최고액: 39,000,000천원)로 제공하고 있습니다(주석 34 참조).(3) 보고기간종료일 현재 사채의 내역은 다음과 같습니다.\n\xa0(단위: 천원)\n구 \xa0 분\n발행일\n만기일\n이자율(%)\n당기말\n전기말\n무보증공모사채 제20회(주1)\xa0\n2021-05-28\n2024-05-28\n1.91\xa0\n100,000,000\xa0\n100,000,000\xa0\n차감 : 사채할인발행차금\n(131,383)\n(222,327)\n차감 계\n99,868,617\xa0\n99,777,673\xa0\n재무상태표\n\u3000\n\xa0- 유동성\n-\xa0\n-\xa0\n\xa0- 비유동성\n99,868,617\xa0\n99,777,673\xa0\n(주1) 약정에 따라 사채의 원리금 지급의무이행이 완료될 때까지 부채비율을 200%이하로 유지하여야 하며, 자기자본 300%이하로 담보권 설정이 제한되어 있습니다. 또한 하나의 회계년도에 1회 또는 수회에 걸쳐 자산 총액의 50%이상의 자산을 매매ㆍ양도ㆍ임대ㆍ기타 처분하는 것이 제한되어 있습니다. 또한 원리금지급의무 이행이완료될 때까지 지배구조 변경사유(최대주주 변경)가 발생하지 않아야 합니다.\n16. 퇴직급여제도당사는 종업원을 위한 퇴직급여제도로 확정기여제도와 확정급여제도를 운영하고 있습니다.(1) 확정기여형 퇴직급여제도확정기여형 퇴직급여제도에 대한 기여금은 종업원이 이에 대하여 지급받을 자격이 있는 용역을 제공한 때 비용으로 인식하고 있으며, 확정기여형 퇴직급여제도로 인하여 비용으로 인식된 금액은 다음과 같습니다.\xa0\n(단위: 천원)\n구 \xa0 분\n당 \xa0 기\n전 \xa0 기\n확정기여형 퇴직급여비용\n12,009\xa0\n9,603\xa0\n(2) 보고기간종료일 현재 보험수리적평가를 위하여 사용된 주요 추정은 다음과 같습니다.\n(단위: %)\n구 \xa0 분\n당기말\n전기말\n할인률\n5.31\xa0\n2.83\xa0\n기대임금상승률\n4.91\xa0\n4.51\xa0\n(3) 보고기간종료일 현재 확정급여형퇴직급여제도와 관련하여 당사의 의무로 인하여발생하는 재무상태표상 구성항목은 다음과 같습니다.\n(단위: 천원)\n구 \xa0 분\n당기말\n전기말\n확정급여채무의 현재가치\n5,161,089\xa0\n4,135,734\xa0\n사외적립자산의 공정가치\n(5,634,253)\n(4,668,414)\n순확정급여자산\n(473,164)\n(532,680)\n(4) 당기 및 전기 중 순확정급여부채의 변동내용은 다음과 같습니다.(당기)\n(단위: 천원)\n구 \xa0 분\n확정급여채무현재가치\n사외적립자산\n합 \xa0 계\n당기초\n4,135,734\xa0\n(4,668,415)\n(532,681)\n당기손익으로 인식되는 금액\n\xa0 당기근무원가\n356,768\xa0\n-\xa0\n356,768\xa0\n\xa0 이자비용(이자수익)\n115,559\xa0\n(130,650)\n(15,091)\n소 \xa0 계\n472,327\xa0\n(130,650)\n341,677\xa0\n기타포괄손익으로 인식되는 재측정요소\n\xa0 사외적립자산의 수익 (위의 이자에 포함된 금액 제외)\n-\xa0\n247,460\xa0\n247,460\xa0\n\xa0 재무적가정의 변동에서 발생하는 보험수리적손익\n(295,740)\n-\xa0\n(295,740)\n\xa0 경험조정으로 인해 발생한 보험수리적손익\n1,045,407\xa0\n-\xa0\n1,045,407\xa0\n소 \xa0 계\n749,667\xa0\n247,460\xa0\n997,127\xa0\n제도에서 지급한 금액\n-\xa0\n601,445\xa0\n601,445\xa0\n사용자의 기여금\n(54,077)\n(1,800,000)\n(1,854,077)\n관계사 전출입으로 인한 증감\n(142,562)\n113,424\xa0\n(29,138)\n기타\n-\xa0\n2,482\xa0\n2,482\xa0\n당기말\n5,161,089\xa0\n(5,634,254)\n(473,165)\n(전기)\n(단위: 천원)\n구 \xa0 분\n확정급여채무현재가치\n사외적립자산\n합 \xa0 계\n전기초\n4,797,279\xa0\n(5,508,773)\n(711,494)\n당기손익으로 인식되는 금액\n\u3000\n\u3000\n\u3000\n\xa0 당기근무원가\n494,425\xa0\n-\xa0\n494,425\xa0\n\xa0 이자비용(이자수익)\n108,688\xa0\n(125,059)\n(16,371)\n소 \xa0 계\n603,113\xa0\n(125,059)\n478,054\xa0\n기타포괄손익으로 인식되는 재측정요소\n\u3000\n\u3000\n\u3000\n\xa0 사외적립자산의 수익 (위의 이자에 포함된 금액 제외)\n-\xa0\n(37,078)\n(37,078)\n\xa0 재무적가정의 변동에서 발생하는 보험수리적손익\n(84,822)\n-\xa0\n(84,822)\n\xa0 경험조정으로 인해 발생한 보험수리적손익\n(270,411)\n-\xa0\n(270,411)\n소 \xa0 계\n(355,233)\n(37,078)\n(392,311)\n제도에서 지급한 금액\n(764,567)\n253,176\xa0\n(511,391)\n사용자의 기여금\n-\xa0\n(150,000)\n(150,000)\n관계사 전출입으로 인한 증감\n(144,858)\n886,432\xa0\n741,574\xa0\n기타\n-\xa0\n12,888\xa0\n12,888\xa0\n전기말\n4,135,734\xa0\n(4,668,414)\n(532,680)\n(5) 보고기간종료일 현재 사외적립자산의 구성요소는 다음과 같습니다.\n(단위: 천원)\n구 \xa0 분\n당기말\n전기말\n제예금 등\n3,673,961\xa0\n2,691,361\xa0\n채무상품\n1,031,743\xa0\n866,263\xa0\n지분상품\n928,549\xa0\n1,110,790\xa0\n합 \xa0 계\n5,634,253\xa0\n4,668,414\xa0\n(6) 당기말 현재 다른 모든 가정이 유지될 때, 유의적인 보험수리적 가정이 발생가능한 합리적인 범위 내에서 변동할 경우 확정급여채무에 미치는 영향은 다음과 같습니다.\n구 \xa0 분\n증 \xa0 가\n감 \xa0 소\n할인률의 100 basis point (bp) 변동\n2.14% 감소\n2.46% 증가\n기대임금상승률의 1% 변동\n2.50% 증가\n2.21% 감소\n보험수리적 가정들 사이에는 상관관계가 있으므로 가정의 변동이 독립적으로 발생되지 않을 것이기 때문에 상기의 민감도 분석은 확정급여채무의 실제변동을 나타내지 않을 것입니다. 한편, 상기의 민감도 분석에서 확정급여채무의 현재가치는 재무상태표상 확정급여채무를 측정하는 데 적용한 예측단위적립방식을 사용하여 측정되었습니다.(7) 당사는 차기에 확정급여제도에 대한 기여금으로 710,539천원을 납부할 것으로 예상하고 있습니다.(8) 확정급여채무의 가중평균만기는 10.642년(전기: 10.327년)입니다.(9) 당기말 및 전기말 할인되지 않은 퇴직급여지급액의 만기구성정보는 다음과 같습니다.(당기말)\n(단위: 천원)\n구 \xa0 분\n1차년도\n2차년도\n3~4차년도\n5~9차년도\n10차년도 이후\n합 \xa0 계\n지급액\n108,133\xa0\n4,269,611\xa0\n289,793\xa0\n1,009,216\xa0\n6,252,687\xa0\n11,929,440\xa0\n(전기말)\n(단위: 천원)\n구 \xa0 분\n1차년도\n2차년도\n3~4차년도\n5~9차년도\n10차년도 이후\n합 \xa0 계\n지급액\n113,409\xa0\n2,902,518\xa0\n249,487\xa0\n874,831\xa0\n4,709,773\xa0\n8,850,018\xa0\n17. 기타유동부채보고기간종료일 현재 기타유동부채의 내역은 다음과 같습니다.\n(단위: 천원)\n구 \xa0 분\n당기말\n전기말\n예수금\n926,251\xa0\n653,731\xa0\n18. 기타금융부채(1) 보고기간종료일 현재 기타금융부채의 구성내역은 다음과 같습니다.\n\xa0(단위: 천원)\n구 \xa0 분\n당기말\n전기말\n유 \xa0 동\n비유동\n유 \xa0 동\n비유동\n리스부채\n561,050\xa0\n1,026,618\xa0\n554,661\xa0\n-\xa0\n보증부채\n-\xa0\n-\xa0\n15,192\xa0\n-\xa0\n합 \xa0 계\n561,050\xa0\n1,026,618\xa0\n569,853\xa0\n-\xa0\n(2) 당기 및 전기 중 사용권자산 및 리스부채 장부금액의 변동은 다음과 같습니다.(당기)\n(단위 : 천원)\n구 \xa0 분\n사용권자산\n리스부채\n건물\n당기초\n518,563\xa0\n554,661\xa0\n감가상각\n(594,387)\n-\xa0\n이자비용\n-\xa0\n26,088\xa0\n지급\n-\xa0\n(624,886)\n리스변경\n1,632,052\xa0\n1,631,805\xa0\n당기말\n1,556,228\xa0\n1,587,668\xa0\n(전기)\n(단위 : 천원)\n구 \xa0 분\n사용권자산\n리스부채\n건물\n전기초\n1,185,551\xa0\n1,208,627\xa0\n감가상각\n(678,621)\n-\xa0\n이자비용\n-\xa0\n23,784\xa0\n지급\n-\xa0\n(689,383)\n리스변경\n11,633\xa0\n11,633\xa0\n전기말\n518,563\xa0\n554,661\xa0\n(3) 당기 중 단기리스에 따른 리스료는 없으며(전기: 7,710천원), 소액자산리스에 따른 리스료 15,848천원(전기: 16,453천원)을 인식하였습니다. 당기 중 리스의 총 현금유출은 640,734천원(전기: 713,546천원) 입니다.19. 자본금보고기간종료일 현재 자본금의 구성내역은 다음과 같습니다.\n(단위: 천원)\n구 \xa0 분\n수권주식수\n발행주식수\n액면금액\n당기말\n전기말\n보통주\n10,000,000주\n4,000,000주\n5,000원\n20,000,000\xa0\n20,000,000\xa0\n20. 기타불입자본보고기간종료일 현재 기타불입자본의 구성내역은 다음과 같습니다.\n(단위: 천원)\n구 \xa0 분\n당기말\n전기말\n주식발행초과금\n166,578,498\xa0\n166,578,498\xa0\n자기주식\n(9,757,880)\n(8,356,979)\n합 \xa0 계\n156,820,618\xa0\n158,221,519\xa0\n21. 이익잉여금(1) 보고기간종료일 현재 이익잉여금의 구성내역은 다음과 같습니다.\n(단위: 천원)\n구 \xa0 분\n당기말\n전기말\n법정적립금(주1)\n10,000,000\xa0\n10,000,000\xa0\n임의적립금(주2)\n720,760,000\xa0\n760,760,000\xa0\n미처분이익잉여금\n70,310,487\xa0\n(27,038,845)\n합 \xa0 계\n801,070,487\xa0\n743,721,155\xa0\n(주1) 상법상의 규정에 따라 납입자본의 50%에 달할 때까지 매 결산기마다 금전에 의한 이익배당액의 10%이상을 이익준비금으로 적립하고 있습니다. 동 이익준비금은 현금배당의 재원으로 사용될 수 없으며, 자본전입 또는 결손보전을 위해서만 사용될 수 있습니다.(주2) 당사는 과거 자산재평가법에 의한 자산재평가를 실시하였으며, 보고기간말 현재 이에 따른 재평가차익 32,069,179천원(법인세효과 차감 후 금액임)을 이익잉여금으로 계상하고 있습니다. 동 재평가잉여금은 현금배당의 재원으로 사용될 수 없으며,자본전입 또는 결손보전을 위해서만 사용될 수 있습니다.(2) 당기 및 전기 중 배당금 지급내역은 다음과 같습니다.(당기)\n(단위: 천원)\n주식의 종류\n총발행주식수\n자기주식수\n배당주식수\n주당 배당금(주1)\n배당금 합계\n보통주\n4,000,000주\xa0\n88,048주\xa0\n3,911,952주\xa0\n2,750원\xa0\n9,858,104\xa0\n(주1) 당사는 당기 중 이사회에서 최대주주 및 특수관계자는 주당 2,500원, 일반주주는 주당 2,750원을 배당하는 차등배당을 결의하였으며, 상기 공시내용은 일반주주 기준으로 작성하였습니다.(전기)\n(단위: 천원)\n주식의 종류\n총발행주식수\n자기주식수\n배당주식수\n주당 배당금\n배당금 합계\n보통주\n4,000,000주\xa0\n20,740주\xa0\n3,979,260주\xa0\n2,250원\xa0\n8,953,335\xa0\n(3) 당기 및 전기의 이익잉여금처분계산서(안)의 내역은 다음과 같습니다.\n이익잉여금처분계산서\n제 22(당) 기\xa0\n2022년 \xa01월 \xa0 1일 부터\n제 21(전) 기\xa0\n2021년 \xa01월 \xa0 1일 부터\n2022년 12월 31일 까지\n2021년 12월 31일 까지\n처분예정일\xa0\n2023년 3월 28일\n처분확정일\n2022년 3월 24일\n(단위: 원)\n과 \xa0 목\n제 22(당) 기\n제 21(전) 기\nI. 미처분이익잉여금\n70,310,486,746\xa0\n\u3000\n(27,038,844,640)\n\xa01. 전기이월미처분이익잉여금\n3,103,051,360\xa0\n7,540,482,069\xa0\n\u3000\n\xa02. 확정급여제도의 재측정요소\n(798,135,439)\n306,002,851\xa0\n\u3000\n\xa03. 당기순이익(손실)\n68,005,570,825\xa0\n(37,825,092,147)\n\u3000\n\xa04. 기타포괄손익-공정가치 측정 지분상품 처분\n-\xa0\n2,939,762,587\xa0\n\u3000\nII. 임의적립금 등 이입액\n-\xa0\n\u3000\n40,000,000,000\xa0\n\xa01. 임의적립금\n-\xa0\n40,000,000,000\xa0\n\u3000\nIII. 이익잉여금처분액\n66,792,720,000\xa0\n\u3000\n9,858,104,000\xa0\n\xa01. 이익준비금\n-\xa0\n-\xa0\n\u3000\n\xa02. 임의적립금\n53,000,000,000\xa0\n-\xa0\n\u3000\n\xa03. 배당금\n13,792,720,000\xa0\n9,858,104,000\xa0\n\u3000\n\xa0 \xa0 가. 현금배당금 \xa0 \xa0 \xa0 주당배당금(율): \xa0 \xa0 \xa0 당기:3,500원(70%) 대주주 및 특수관계자 \xa0 \xa0 \xa0 \xa0 \xa0 \xa0 \xa04,000원(80%) 기타 소액주주 \xa0 \xa0 \xa0 전기:2,500원(50%) 대주주 및 특수관계자 \xa0 \xa0 \xa0 \xa0 \xa0 \xa0 \xa02,750원(55%) 기타 소액주주\n13,792,720,000\xa0\n9,858,104,000\xa0\n\u3000\nⅢ. 차기이월미처분이익잉여금\n\u3000\n3,517,766,746\xa0\n\u3000\n3,103,051,360\xa0\n22. 수익(1) 당기 및 전기 중 당사의 매출액 세부내역은 다음과 같습니다.\n(단위: 천원)\n구 \xa0 분\n당 \xa0 기\n전 \xa0 기\n고객과의 계약 등에서 생기는 수익\n10,252,190\xa0\n7,774,424\xa0\n임대료수익\n2,437,806\xa0\n2,403,935\xa0\n배당금수익\n44,038,969\xa0\n43,014,432\xa0\n합 \xa0 계\n56,728,965\xa0\n53,192,791\xa0\n(2) 당기 및 전기 중 당사의 고객과의 계약에서 생기는 수익의 구분은 다음과 같습니다.(당기)\n(단위: 천원)\n구 \xa0 분\n용역수익\n상표권수익\n합 \xa0 계\n재화 또는 용역의 유형\n\xa0용역의 제공으로 인한 수익\n7,373,121\xa0\n2,879,069\xa0\n10,252,190\xa0\n지리적 시장\n\xa0국내\n7,354,039\xa0\n2,846,692\xa0\n10,200,731\xa0\n\xa0해외\n19,082\xa0\n32,377\xa0\n51,459\xa0\n합 \xa0 계\n7,373,121\xa0\n2,879,069\xa0\n10,252,190\xa0\n재화나 용역의 이전 시기\n\xa0기간에 걸쳐 이전하는 용역\n7,373,121\xa0\n2,879,069\xa0\n10,252,190\xa0\n(전기)\n(단위: 천원)\n구 \xa0 분\n용역수익\n상표권수익\n합 \xa0 계\n재화 또는 용역의 유형\n\xa0용역의 제공으로 인한 수익\n5,402,815\xa0\n2,371,609\xa0\n7,774,424\xa0\n지리적 시장\n\xa0국내\n5,402,815\xa0\n2,348,921\xa0\n7,751,736\xa0\n\xa0해외\n-\xa0\n22,688\xa0\n22,688\xa0\n합 \xa0 계\n5,402,815\xa0\n2,371,609\xa0\n7,774,424\xa0\n재화나 용역의 이전 시기\n\xa0기간에 걸쳐 이전하는 용역\n5,402,815\xa0\n2,371,609\xa0\n7,774,424\xa0\n23. 영업비용당기 및 전기 중 당사의 영업으로부터 발생한 비용의 내역은 다음과 같습니다.(1) 종업원급여비용\n(단위: 천원)\n구 \xa0 분\n당 \xa0 기\n전 \xa0 기\n급여\n6,910,394\xa0\n5,971,245\xa0\n퇴직급여\n353,686\xa0\n487,657\xa0\n복리후생비\n656,506\xa0\n558,459\xa0\n합 \xa0 계\n7,920,586\xa0\n7,017,361\xa0\n(2) (감가)상각비\n(단위: 천원)\n구 \xa0 분\n당 \xa0 기\n전 \xa0 기\n유형자산감가상각비\n77,383\xa0\n72,956\xa0\n투자부동산감가상각비\n360,683\xa0\n364,858\xa0\n무형자산상각비\n17,693\xa0\n54,359\xa0\n사용권자산감가상각비\n594,387\xa0\n678,621\xa0\n합 \xa0 계\n1,050,146\xa0\n1,170,794\xa0\n(3) 지급수수료\n(단위: 천원)\n구 \xa0 분\n당 \xa0 기\n전 \xa0 기\n지급수수료\n4,715,722\xa0\n3,588,974\xa0\n(4) 기타영업비용\n(단위: 천원)\n구 \xa0 분\n당 \xa0 기\n전 \xa0 기\n여비교통비\n179,517\xa0\n48,832\xa0\n통신비\n27,702\xa0\n23,362\xa0\n세금과공과\n779,528\xa0\n655,285\xa0\n도서인쇄비\n269,351\xa0\n243,632\xa0\n보험료\n23,885\xa0\n24,793\xa0\n사무용품비\n13,767\xa0\n10,705\xa0\n차량유지비\n42,501\xa0\n36,242\xa0\n행사비\n71,934\xa0\n122,515\xa0\n회의비\n140,972\xa0\n45,800\xa0\n접대비\n166,877\xa0\n87,505\xa0\n광고선전비\n1,139,299\xa0\n870,789\xa0\n수선비\n21,381\xa0\n38,639\xa0\n임차료\n375,469\xa0\n422,041\xa0\n교육훈련비\n156,743\xa0\n96,669\xa0\n합 \xa0 계\n3,408,926\xa0\n2,726,809\xa0\n24. 기타수익 및 기타비용(1) 당기 및 전기 중 기타수익의 내역은 다음과 같습니다.\n(단위: 천원)\n구 \xa0 분\n당 \xa0 기\n전 \xa0 기\n수입수수료\n237,032\xa0\n276,749\xa0\n유형자산처분이익\n21,729\xa0\n10,056\xa0\n투자부동산처분이익\n19,694,801\xa0\n-\xa0\n매각예정비유동자산처분이익\n19,548,422\xa0\n-\xa0\n관계기업투자처분이익\n853,843\xa0\n-\xa0\n잡이익\n22,362\xa0\n31,005\xa0\n합 \xa0 계\n40,378,189\xa0\n317,810\xa0\n(2) 당기 및 전기 중 기타비용의 내역은 다음과 같습니다.\n(단위: 천원)\n구 \xa0 분\n당 \xa0 기\n전 \xa0 기\n기부금\n73,000\xa0\n73,000\xa0\n유형자산처분손실\n18\xa0\n9\xa0\n잡손실\n702\xa0\n201\xa0\n매각예정비유동자산손상차손\n-\xa0\n29,901,191\xa0\n종속기업투자손상차손\n-\xa0\n38,625,168\xa0\n매각예정비유동자산처분손실\n2,879,709\xa0\n-\xa0\n종속기업주식처분손실\n-\xa0\n686,000\xa0\n합 \xa0 계\n2,953,429\xa0\n69,285,569\xa0\n25. 금융수익(1) 당기 및 전기 중 금융수익의 내역은 다음과 같습니다.\n(단위: 천원)\n구 \xa0 분\n당 \xa0 기\n전 \xa0 기\n이자수익\n72,316\xa0\n39,078\xa0\n외화매매이익\n6,087\xa0\n241\xa0\n합 \xa0 계\n78,403\xa0\n39,319\xa0\n(2) 당기 및 전기 중 금융상품의 범주별로 분석한 금융수익의 내역은 다음과 같습니다.\n(단위: 천원)\n구 \xa0 분\n당 \xa0 기\n전 \xa0 기\n상각후원가측정 금융자산\n72,557\xa0\n39,315\xa0\n상각후원가로 측정하는 금융부채\n5,846\xa0\n4\xa0\n합 \xa0 계\n\xa078,403\xa0\n39,319\xa0\n26. 금융비용(1) 당기 및 전기 중 금융비용의 내역은 다음과 같습니다.\n(단위: 천원)\n구 \xa0 분\n당 \xa0 기\n전 \xa0 기\n이자비용\n3,798,990\xa0\n2,489,796\xa0\n외화매매손실\n11,325\xa0\n2,896\xa0\n합 \xa0 계\n3,810,315\xa0\n2,492,692\xa0\n(2) 당기 및 전기 중 금융상품의 범주별로 분석한 금융비용의 내역은 다음과 같습니다.\n(단위: 천원)\n구 \xa0 분\n당 \xa0 기\n전 \xa0 기\n상각후원가측정 금융자산\n-\xa0\n2,159\xa0\n상각후원가로 측정하는 금융부채\n3,810,315\xa0\n2,490,533\xa0\n합 \xa0 계\n3,810,315\xa0\n2,492,692\xa0\n27. 법인세(1) 당기 및 전기의 법인세비용의 주요 구성내역은 다음과 같습니다.\n(단위: 천원)\n구 \xa0 분\n당 \xa0 기\n전 \xa0 기\n당기법인세부담액\n9,486,510\xa0\n-\xa0\n과거기간의 당기법인세에 대하여 당기에 인식한 조정액\n33,834\xa0\n25,222\xa0\n일시적차이의 발생 및 소멸로 인한 금액\n(4,398,475)\n5,462,333\xa0\n기타포괄손익의 변동으로 인한 법인세효과\n198,992\xa0\n(394,743)\n법인세비용\n5,320,861\xa0\n5,092,812\xa0\n(2) 당기 및 전기의 회계이익과 법인세비용의 관계는 다음과 같습니다.\n(단위: 천원)\n구 \xa0 분\n당 \xa0 기\n전 \xa0 기\n법인세비용차감전순이익(손실)\n73,326,431\xa0\n(32,732,280)\n적용세율(세율: 당기 23.57%, 전기: 22.79%)에 따른 법인세비용\n17,282,996\xa0\n(7,459,212)\n조정사항\n\u3000\n\u3000\n\xa0 비과세수익으로 인한 효과\n(9,480,455)\n(7,813,026)\n\xa0 비공제비용으로 인한 효과\n41,148\xa0\n21,592\xa0\n\xa0 미인식 이연법인세효과의 변동\xa0\n(2,314,853)\n11,230,885\xa0\n\xa0 과거기간의 당기법인세에 대하여 당기에 인식한 조정액\n33,834\xa0\n25,222\xa0\n\xa0 미환류소득법인세\n893,235\xa0\n-\xa0\n\xa0 연결납세 효과\n-\xa0\n8,947,294\xa0\n\xa0 기타 세율변동효과 등\n(1,135,044)\n140,057\xa0\n소 \xa0 계\n(11,962,135)\n12,552,024\xa0\n법인세비용\n5,320,861\xa0\n5,092,812\xa0\n(3) 당기 및 전기 중 기타포괄손익으로 인식된 법인세의 내역은 다음과 같습니다.\n(단위: 천원)\n구 \xa0 분\n당 \xa0 기\n전 \xa0 기\n세전\n세효과\n세후\n세전\n세효과\n세후\n확정급여제도의 재측정요소\n(997,127)\n198,992\xa0\n(798,135)\n392,311\xa0\n(86,308)\n306,003\xa0\n기타포괄손익-공정가치 측정 금융자산 평가손익\n-\n-\n-\n1,401,977\xa0\n(308,435)\n1,093,542\xa0\n합 \xa0 계\n(997,127)\n198,992\xa0\n(798,135)\n1,794,288\xa0\n(394,743)\n1,399,545\xa0\n(4) 이연법인세자산과 부채의 회수 및 결제 시기는 다음과 같습니다.\n(단위: 천원)\n구 \xa0 분\n당기말\n전기말\n이연법인세자산\n\xa0 12개월 후에 회수될 이연법인세자산\n1,445,194\xa0\n1,052,930\xa0\n\xa0 12개월 이내에 회수될 이연법인세자산\n145,303\xa0\n4,425,650\xa0\n소 \xa0 계\n1,590,497\xa0\n5,478,580\xa0\n이연법인세부채\n\xa0 12개월 후에 회수될 이연법인세부채\n(11,768,871)\n(13,318,992)\n\xa0 12개월 이내에 회수될 이연법인세부채\n(119,501)\n(6,855,939)\n소 \xa0 계\n(11,888,372)\n(20,174,931)\n이연법인세자산(부채) 순액\n(10,297,875)\n(14,696,351)\n(5) 보고기간종료일 현재 재무상태표에 인식된 이연법인세자산(부채)의 내역은 다음과 같습니다.(당기말)\n(단위: 천원)\n구 \xa0 분\n기 \xa0 초\n증 \xa0 감\n기 \xa0 말\n<일시적차이 및 결손금>\n종속기업투자,공동기업투자 및 관계기업투자\n(279,497,639)\n709,285\xa0\n(278,788,354)\n확정급여채무\n4,135,734\xa0\n1,025,355\xa0\n5,161,089\xa0\n기타포괄손익-공정가치 측정 금융자산 평가손익\n23,868\xa0\n-\n23,868\xa0\n누적유급휴가\n113,467\xa0\n8,504\xa0\n121,971\xa0\n사외적립자산\n(4,603,184)\n(1,015,159)\n(5,618,343)\n미수수익\n(2,827)\n(326)\n(3,153)\n지급보증수수료\n5,041\xa0\n-\n5,041\xa0\n토지재평가적립금\n(55,937,687)\n6,504,112\xa0\n(49,433,575)\n유형자산\n316,232\xa0\n14,922\xa0\n331,154\xa0\n무형자산\n337,938\xa0\n-\n337,938\xa0\n사용권자산\n(518,563)\n(1,037,665)\n(1,556,228)\n리스부채\n554,662\xa0\n1,033,006\xa0\n1,587,668\xa0\n세무상이월결손금\n-\n-\n-\n일시적차이 및 세무상결손금 소계\n(335,072,958)\n\u3000\n(327,830,924)\n이연법인세 인식 제외금액\n(268,271,363)\n\u3000\n(278,793,423)\n이연법인세 인식 대상금액\n(66,801,595)\n\u3000\n(49,037,501)\n세율\n22.00%\n\u3000\n21.00%\n이연법인세부채\n(14,696,351)\n\u3000\n(10,297,875)\n(전기말)\n(단위: 천원)\n구 \xa0 분\n기 \xa0 초\n증 \xa0 감\n기 \xa0 말\n<일시적차이 및 결손금>\n종속기업투자,공동기업투자 및 관계기업투자\n(309,408,060)\n29,910,421\xa0\n(279,497,639)\n확정급여채무\n4,797,279\xa0\n(661,545)\n4,135,734\xa0\n기타포괄손익-공정가치 측정 금융자산 평가손익\n(5,599,159)\n5,623,027\xa0\n23,868\xa0\n누적유급휴가\n155,088\xa0\n(41,621)\n113,467\xa0\n사외적립자산\n(5,512,609)\n909,425\xa0\n(4,603,184)\n미수수익\n(2,382)\n(445)\n(2,827)\n지급보증수수료\n5,041\xa0\n-\xa0\n5,041\xa0\n토지재평가적립금\n(55,937,687)\n-\xa0\n(55,937,687)\n유형자산\n328,419\xa0\n(12,187)\n316,232\xa0\n무형자산\n337,938\xa0\n-\xa0\n337,938\xa0\n사용권자산\n(1,185,551)\n666,988\xa0\n(518,563)\n리스부채\n1,208,627\xa0\n(653,965)\n554,662\xa0\n세무상이월결손금\n32,924,610\xa0\n(32,924,610)\n-\xa0\n일시적차이 및 세무상결손금 소계\n(337,888,446)\n\u3000\n(335,072,958)\n이연법인세 인식 제외금액\n(295,915,634)\n\u3000\n(268,271,363)\n이연법인세 인식 대상금액\n(41,972,812)\n\u3000\n(66,801,595)\n세율\n22.00%\n\u3000\n22.00%\n이연법인세부채\n(9,234,018)\n\u3000\n(14,696,351)\n(6) 보고기간종료일 현재 이연법인세자산으로 인식되지 않은 차감할 일시적차이 및 세무상결손금의 내역은 다음과 같습니다.\n(단위: 천원)\n구 \xa0 분\n당기말\n전기말\n관계기업투자\n-\xa0\n10,522,060\xa0\n세무상결손금\n-\xa0\n-\xa0\n종속기업투자\n37,560,933\xa0\n-\xa0\n합 \xa0계\n37,560,933\xa0\n10,522,060\xa0\n(7) 보고기간종료일 현재 이연법인세부채로 인식되지 않은 가산할 일시적 차이는 다음과 같습니다.\n(단위: 천원)\n구 \xa0 분\n당기말\n전기말\n공동기업투자\n-\xa0\n-\xa0\n종속기업투자\n(316,354,356)\n(278,793,423)\n합 \xa0계\n(316,354,356)\n(278,793,423)\n28. 주당손익당기 및 전기의 기본주당손익의 계산내역은 다음과 같습니다.\n(단위: 원, 주)\n구 \xa0 분\n당 \xa0 기\n전 \xa0 기\n당기순이익(손실)\n68,005,570,825\xa0\n(37,825,092,147)\n가중평균유통보통주식수(주1)\n3,902,972\xa0\n3,947,547\xa0\n보통주 기본주당손익\n17,424\xa0\n(9,582)\n(주1) 당기 및 전기의 가중평균유통보통주식수의 산출근거는 다음과 같습니다.(당기)\n(단위: 주)\n구 \xa0 분\n유통주식수\n가중치(일)\n가중평균유통보통주식수\n발행주식수\n4,000,000\xa0\n365/365\n4,000,000\xa0\n기초자기주식수\n(88,397)\n365/365\n(88,397)\n자기주식매입\n(13,541)\n233/365\n(8,631)\n합 \xa0 계\n3,898,062\xa0\n3,902,972\xa0\n(전기)\n(단위: 주)\n구 \xa0 분\n유통주식수\n가중치(일)\n가중평균유통보통주식수\n발행주식수\n4,000,000\xa0\n365/365\n4,000,000\xa0\n기초자기주식수\n(21,058)\n365/365\n(21,058)\n자기주식매입\n(67,339)\n170/365\n(31,395)\n합 \xa0 계\n3,911,603\xa0\n\u3000\n3,947,547\xa0\n당사는 보고기간말 현재 희석화증권을 발행하지 않았으므로 희석주당손익은 기본주당손익과 같습니다.29. 위험관리(1) 자본위험관리당사는 부채와 자본 잔액의 최적화를 통하여 주주이익을 극대화시키는 동시에 계속기업으로서 지속될 수 있도록 자본을 관리하고 있습니다. 당사의 전반적인 전략은 전기와 비교하여 변동이 없습니다. 당사는 자본관리지표로 부채비율을 이용하고 있으며 이 비율은 총부채를 총자본으로 나누어 산출하고 있습니다. 한편, 총부채 및 총자본은 재무제표의 금액을 기준으로 계산합니다.한편, 보고기간종료일 현재 부채비율은 다음과 같습니다.\n(단위: 천원)\n구 \xa0 분\n\xa0당기말\n전기말\n부채\n151,504,020\xa0\n126,207,598\xa0\n자본\n977,891,105\xa0\n921,942,675\xa0\n부채비율\n15.49%\xa0\n13.69%\xa0\n(2) 금융위험당사의 재무부문은 영업과 관련한 금융위험을 감시하고 관리하는 역할을 하고 있습니다. 이러한 위험들은 시장위험(통화위험, 공정가치이자율위험 및 가격위험 포함), 신용위험, 유동성위험 및 현금흐름이자율위험을 포함하고 있습니다.당사는 위험회피를 위하여 파생금융상품을 이용함으로써 이러한 위험의 영향을 최소화시키고자 합니다. 파생금융상품의 사용은 이사회가 승인한 당사의 정책에 따라 결정되는데, 이에 따라 외환위험, 이자율위험, 신용위험, 파생금융상품 및 비파생금융상품의 이용, 그리고 초과유동성의 투자에 관한 명문화된 원칙이 제공되고 있습니다.내부감사인은 지속적으로 정책의 준수와 위험노출한도를 검토하고 있습니다. 당사는투기적 목적으로 파생금융상품을 포함한 금융상품계약을 체결하거나 거래하지 않습니다.(3) 범주별 금융자산 및 금융부채활성시장에서 거래되는 금융상품의 공정가치는 보고기간종료일 현재 고시되는 시장가격에 기초하여 산정됩니다. 당사가 보유하고 있는 금융자산의 공시되는 시장가격은 최종거래가격입니다. 활성시장에서 거래되지 아니하는 금융상품의 공정가치는 평가기법을 사용하여 결정하고 있습니다. 당사는 다양한 평가기법을 활용하고 있으며 보고기간종료일에 현재 시장 상황에 근거하여 가정을 수립하고 있습니다. 금융상품에는 추정현금흐름할인법과 같은 다양한 기법들을 사용하여 공정가치를 산정하고 있습니다. 1) 보고기간종료일 현재 당사의 범주별 금융자산의 내역은 다음과 같습니다.(당기말)\n(단위: 천원)\n구 \xa0 분\n상각후원가측정금융자산\n기타포괄손익-공정가치측정 금융자산\n합 \xa0 계\n현금및현금성자산\n4,714,788\xa0\n-\xa0\n4,714,788\xa0\n매출채권및기타채권\n유동\n1,597,547\xa0\n-\xa0\n1,597,547\xa0\n비유동\n774,993\xa0\n-\xa0\n774,993\xa0\n기타금융자산\n유동\n1,300\xa0\n-\xa0\n1,300\xa0\n비유동\n62,175\xa0\n18,796\xa0\n80,971\xa0\n합 \xa0 계\n7,150,803\xa0\n18,796\xa0\n7,169,599\n(전기말)\n(단위: 천원)\n구 \xa0 분\n상각후원가측정금융자산\n기타포괄손익-공정가치측정 금융자산\n합 \xa0 계\n현금및현금성자산\n3,665,525\xa0\n-\xa0\n3,665,525\xa0\n매출채권및기타채권\n유동\n1,167,120\xa0\n-\xa0\n1,167,120\xa0\n비유동\n166,013\xa0\n-\xa0\n166,013\xa0\n기타금융자산\n유동\n2,775\xa0\n-\xa0\n2,775\xa0\n비유동\n59,185\xa0\n18,796\xa0\n77,981\xa0\n합 \xa0 계\n5,060,618\xa0\n18,796\xa0\n5,079,414\xa0\n2) 보고기간종료일 현재 당사가 보유한 금융부채는 모두 상각후원가로 측정하는 금융부채입니다.(4) 시장위험당사의 활동은 주로 환율과 이자율의 변동으로 인한 금융위험에 노출되어 있습니다. 따라서 필요할 경우 이자율과 외화위험을 관리하기 위해 통화선도와 통화스왑을 포함한 다양한 파생상품계약을 체결할 수 있습니다.1) 외화위험관리당사는 외화로 표시된 거래를 수행하고 있으므로 환율변동으로 인한 위험에 노출되어 있습니다. 환율변동으로 인한 위험의 노출정도는 통화선도계약을 활용하여 승인된 정책에서 정하는 한도 내에서 관리하고 있습니다.당사의 환위험은 외화로 표시된 화폐성자산과 화폐성부채의 환율변동과 관련하여 발생하고 있습니다. 당사는 당기말 현재 외화로 표시된 화폐성자산 및 화폐성부채를 보유하고 있지 않습니다.\n2) 이자율위험관리당사는 고정이자율과 변동이자율로 자금을 차입하고 있으며, 이로 인하여 이자율위험에 노출되어 있습니다. 당사는 이자율위험을 관리하기 위하여 고정금리부차입금과변동금리부차입금의 적절한 균형을 유지하고 있습니다. 위험회피활동은 이자율 현황과 정의된 위험성향을 적절히 조정하기 위해 정기적으로 평가되며 최적의 위험회피전략이 적용되도록 하고 있습니다.보고기간종료일 현재 이자율위험에 노출된 자산 및 부채의 이자율이 1% 증가 및 감소할 경우 당기 및 전기 법인세비용차감전순손익에 미치는 영향은 다음과 같습니다.\n(단위: 천원)\n구 \xa0 분\n1% 상승시\n1% 하락시\n당기말\n전기말\n당기말\n전기말\n차입부채\n(106,010)\n(50,000)\n106,010\xa0\n50,000\xa0\n(5) 가격위험당사가 보유한 기타포괄손익-공정가치 측정 금융자산 중 상장지분상품은 없으므로 가격변동위험에 노출되어 있지 않습니다.\n(6) 신용위험관리신용위험은 계약상대방이 계약상의 의무를 불이행하여 당사에 재무적 손실을 미칠 위험을 의미합니다. 당사는 채무불이행으로 인한 재무적 손실을 경감시키는 수단으로서 신용도가 일정 수준 이상인 거래처와 거래하고, 충분한 담보를 수취하는 정책을채택하고 있습니다. 당사의 신용위험노출 및 거래처의 신용등급을 지속적으로 검토하고 있으며 이러한 거래 총액은 승인된 거래처에 고루 분산되어 있습니다. 매출채권은 다수의 거래처로 구성되어 있고, 임대업을 주업으로 하는 회사로서 임대보증금을 사실상 담보형식으로 제공받고 있습니다.\n한편, 보고기간종료일 현재 신용위험에 대한 최대노출정도는 다음과 같습니다.\n(단위: 천원)\n구 \xa0 분\n통 \xa0 화\n당기말\n전기말\n금융보증계약(주1)\nKRW\n39,000,000\xa0\n39,000,000\xa0\n(주1) 금융보증계약과 관련된 당사의 최대노출정도는 보증이 청구되면 당사가 지급하여야 할 최대금액입니다.신용위험에 노출된 금융자산 중 상기 금융보증계약을 제외한 나머지 금융자산은 장부금액이 신용위험에 대한 최대 노출정도를 가장 잘 나타내는 경우에 해당하여 상기 공시에서 제외하고 있습니다.(7) 유동성위험관리유동성위험관리에 대한 궁극적인 책임은 당사의 단기 및 중장기 자금조달과 유동성관리규정을 적절하게 관리하기 위한 기본정책을 수립하는 이사회에 있습니다. 당사는 충분한 적립금과 차입한도를 유지하고 예측현금흐름과 실제현금흐름을 계속하여 관찰하고 금융자산과 금융부채의 만기구조를 대응시키면서 유동성위험을 관리하고 있습니다.보고기간종료일 현재 당사의 비파생금융부채의 만기구조는 다음과 같습니다.(당기말)\n(단위: 천원)\n구 \xa0 분\n1년 미만\n1~2년\n2년 이상\n합 \xa0 계\n무이자\n3,233,839\xa0\n1,616,608\xa0\n-\xa0\n4,850,447\xa0\n변동금리부 부채\n10,893,356\xa0\n-\xa0\n-\xa0\n10,893,356\xa0\n고정금리부 부채\n16,274,507\xa0\n100,956,500\xa0\n-\xa0\n117,231,007\xa0\n리스부채\n592,654\xa0\n592,654\xa0\n456,343\xa0\n1,641,651\xa0\n합 \xa0 계\n30,994,356\xa0\n103,165,762\xa0\n456,343\xa0\n134,616,461\xa0\n상기에 포함되지 않은 사항으로 당사의 금융보증 관련 최대 유출가능 보증액은 39,000,000천원입니다.\n(전기말)\n(단위: 천원)\n구 \xa0 분\n1년 미만\n1~2년\n2년 이상\n합 \xa0 계\n무이자\n4,912,665\xa0\n597,325\xa0\n-\xa0\n5,509,990\xa0\n변동금리부 부채\n5,093,186\xa0\n-\xa0\n-\xa0\n5,093,186\xa0\n고정금리부 부채\n1,913,000\xa0\n1,913,000\xa0\n100,956,500\xa0\n104,782,500\xa0\n리스부채\n559,131\xa0\n-\xa0\n-\xa0\n559,131\xa0\n합 \xa0 계\n12,477,982\xa0\n2,510,325\xa0\n100,956,500\xa0\n115,944,807\xa0\n상기에 포함되지 않은 사항으로 당사의 금융보증 관련 최대 유출가능 보증액은 39,000,000천원입니다.\n한편, 금융부채의 만기분석은 해당 금융부채로부터 발생하는 이자를 포함하며 할인되지 않은 현금흐름을 기초로 당사가 지급하여야 하는 가장 빠른 만기일에 근거하여 작성되었습니다.\n30. 금융상품의 공정가치(1) 공정가치와 장부금액1) 금융자산\n(단위 : 천원)\n구 \xa0 분\n당기말\n전기말\n공정가치\n장부금액\n공정가치\n장부금액\n1) 상각후원가측정 금융자산\n현금및현금성자산\n4,714,788\xa0\n4,714,788\xa0\n3,665,525\xa0\n3,665,525\xa0\n매출채권및기타채권\n2,372,539\xa0\n2,372,539\xa0\n1,333,133\xa0\n1,333,133\xa0\n기타금융자산\n63,475\xa0\n63,475\xa0\n61,960\xa0\n61,960\xa0\n소 \xa0 계\n7,150,802\xa0\n7,150,802\xa0\n5,060,618\xa0\n5,060,618\xa0\n2) 기타포괄손익-공정가치 측정 금융자산\n기타금융자산\n18,796\xa0\n18,796\xa0\n18,796\xa0\n18,796\xa0\n합 \xa0 계\n7,169,598\xa0\n7,169,598\xa0\n5,079,414\xa0\n5,079,414\xa0\n2) 금융부채\n(단위 : 천원)\n구 \xa0 분\n당기말\n전기말\n공정가치\n장부금액\n공정가치\n장부금액\n1) 상각후원가측정 금융부채\n매입채무및기타채무(주1)\n4,236,604\xa0\n4,236,604\xa0\n5,509,990\xa0\n5,509,990\xa0\n차입금\n117,659,824\xa0\n124,469,617\xa0\n104,777,673\xa0\n104,777,673\xa0\n기타금융부채(주2)\n-\xa0\n-\xa0\n15,192\xa0\n15,192\xa0\n합 \xa0 계\n121,896,428\xa0\n128,706,221\xa0\n110,302,855\xa0\n110,302,855\xa0\n(주1) 당기말 현재 금융부채에 포함되지 않는 미지급급여는 제외하였습니다.(주2) 당기말 및 전기말 리스부채는 제외하였습니다(주석 18 참조).\n(2) 수준별 공정가치당사는 공정가치 측정에 사용된 투입변수의 유의성을 반영하는 공정가치 서열체계에따라 공정가치 측정치를 분류하고 있으며, 공정가치 서열체계의 수준은 다음과 같습니다.\xa0\n구 \xa0 분\n투입변수의 유의성\n수준 1\n동일한 자산이나 부채에 대한 활성시장의 공시가격\n수준 2\n직접적으로 또는 간접적으로 관측가능한, 자산이나 부채에 대한 투입변수\n수준 3\n관측가능한 시장자료에 기초하지 않은, 자산이나 부채에 대한 투입변수\n보고기간종료일 현재 반복적으로 공정가치로 측정하는 금융상품의 수준별 공정가치 측정치는 다음과 같습니다.(당기말)\n(단위: 천원)\n구 \xa0 분\n수준 1\n수준 2\n수준 3\n합 \xa0 계\n기타포괄손익-공정가치 측정 금융자산\n비상장주식\n-\xa0\n-\xa0\n18,796\xa0\n18,796\xa0\n(전기말)\n(단위: 천원)\n구 \xa0 분\n수준 1\n수준 2\n수준 3\n합 \xa0 계\n기타포괄손익-공정가치 측정 금융자산\n비상장주식\n-\xa0\n-\xa0\n18,796\xa0\n18,796\xa0\n활성시장에서 거래되는 금융상품의 공정가치는 보고기간말 현재 고시되는 시장가격에 기초하여 산정됩니다. 거래소, 판매자, 중개인, 산업집단, 평가기관 또는 감독기관을 통해 공시가격이 용이하게 그리고 정기적으로 이용가능하고, 그러한 가격이 독립된 당사자 사이에서 정기적으로 발생한 실제 시장거래를 나타낸다면, 이를 활성시장으로 간주합니다. 당사가 보유하고 있는 금융자산의 공시되는 시장가격은 최종거래가격입니다. 이러한 상품들은 수준 1에 포함됩니다. 수준 1에 포함된 상품들은 기타포괄손익-금융자산으로 분류된 상장된 지분상품으로 구성됩니다.당사는 활성시장에서 거래되지 아니하는 금융상품의 공정가치에 대하여 평가기법을 사용하여 결정하고 있습니다. 당사는 다양한 평가기법을 활용하고 있으며 보고기간말에 현재 시장 상황에 근거하여 가정을 수립하고 있습니다. 이러한 평가기법은 가능한 한 관측가능한 시장정보를 최대한 사용하고 기업특유정보를 최소한으로 사용합니다. 이때, 해당상품의 공정가치 측정에 요구되는 모든 유의적인 투입변수가 관측가능하다면 해당상품은 수준 2에 포함됩니다.만약 하나 이상의 유의적인 투입변수가 관측가능한 시장정보에 기초한 것이 아니라면 해당 상품은 수준 3에 포함됩니다.한편, 당기와 전기 중 공정가치 수준 1과 수준 2 사이의 유의적인 이동 및 공정가치 수준 3으로 또는 수준 3으로부터의 유의적인 이동은 없었습니다.\n31. 특수관계자거래(1) 당사는 최상위지배기업으로서 당기말 현재 당사의 특수관계자 내역은 다음과 같습니다.\n구 \xa0 분\n내 \xa0 역\n관계기업\n(주1)\n진양특수강㈜, ㈜세창스틸, ㈜간만세, 케이퓨전테크놀로지㈜, Xen Technologies Pte. Ltd., ㈜포도미디어네트워크, Wow Kids (Beijing) Nutrition Tech. Co., Ltd.(주2), PT BARUN GROUP ASIA(주3), CherubicVentures SSG V Ltd(주4), 레버런트프론티어1호 창업벤처전문 사모투자 합자회사(주4), 오아시스헬스앤뷰티투자조합(주4), ZIGG LF OPPORTUNITY I, LLC(주4), Fund IV-C, A Series of Riot Ventures Opportunity Fund, L.P.(주4), TCP TacOpps I L.P.(주4)\n공동기업\n(주1)\nIG DIGITAL, LLC, ㈜피치, SeAH Gulf Special Steel Industries(주5)\n종속기업\n(주1)\n㈜세아엘앤에스, ㈜세아베스틸지주(구, ㈜세아베스틸)(주6), ㈜세아베스틸(주6), ㈜세아네트웍스, ㈜브이엔티지, ㈜디어테일(주7), ㈜세아특수강, ㈜세아메탈, ㈜세아엠앤에스, ㈜씨티씨, ㈜세아항공방산소재, ㈜윈트러스트, PT.SeAHNESIA, Pos-SeAH Steel Wire(Nantong) Co., Ltd., SeAH Automotive(Nantong) Co., Ltd., ㈜아이언그레이, IRONGREY LLC(주8), KB와이즈스타사모부동산투자신탁제2호, PT. SeAH Resources & Investment, Pos-SeAH Steel Wire(Tianjin) Co., Ltd., ㈜세아창원특수강, Pos-SeAH Steel Wire(Thailand) Co., Ltd., SeAH Global Inc., SeAH Global(Thailand) Co., Ltd., Neptune Partners Pte. Ltd., EVERGUARD, INC., SeAH Global Vina Company Limited, SeAH CTC Co., Ltd., SeAH M&S Vietnam Co., LTD, SeAH Global India Private Limited, SeAH Global Japan Co., Ltd., ㈜세아기술투자(주9), FR GTUS CO-INVESTMENT, L.P.(주10), AL-500-FUNDS, LP(주10), 포레스트아이지합자조합(주10)\n기타\n(주11)\n(유)아라미스홀딩스투자목적회사\n(주12)\n㈜세아에삽, ㈜세아에프에스, ㈜우진정공, Foshan SeAH Precision Metal Co., Ltd., SeAH Precision Mexico S.A. DE C.V., India SeAH Precision Metal Pvt., Ltd., S&G Holdings Ltd., Suzhou SeAH Precision Metal Co., Ltd., SeAH Precision Metal(Thailand) Co., Ltd., Qingdao SeAH Precision Metal Co., Ltd., PT. SeAH Precision Metal Indonesia, PT. SeAH Steel Indonesia\n(주13)\n㈜세아제강지주 등\n(주1) 종속기업의 관계기업 및 공동기업, 종속기업이 포함되어 있습니다.(주2) 종속기업인 ㈜아이언그레이는 Wow Kids (Beijing) Nutrition Tech. Co., Ltd를 신규로 취득하였습니다. 지분율은 20% 미만이지만, 당사가 피투자회사의 재무정책과 영업정책에 관한 의사결정 과정에 참여할 수 있는 경우 등에 해당되어 피투자회사에 유의적인 영향력을 행사하는 것으로 보아 관계기업으로 분류하였습니다.(주3) 종속기업인 ㈜아이언그레이는 PT BARUN GROUP ASIA를 신규로 취득하였습니다.\n(주4) 종속기업인 ㈜아이언그레이는 유한책임사원으로 배당 등 정책결정과정에 참여할 권리를 보유하는 등의 사유로 유의적인 영향력을 행사한다고 판단하여 관계기업으로 분류하였습니다.(주5) 종속기업인 ㈜세아창원특수강은 사우디산업투자공사(Dussur)와 계약을 체결하여 합작법인 SeAH Gulf Special Steel Industries 을 설립하였습니다. ㈜세아창원특수강이 소유하고 있는 지분율이 51%로 지분율 과반수 보유회사이나, 다른 주주와의 약정에 따라 주요한 영업 및 재무 의사결정은 공동으로 행사하도록 협약함에 따라공동기업으로 분류하였습니다.(주6) 종속기업인 ㈜세아베스틸지주(구, ㈜세아베스틸)는 2022년 4월 1일을 분할기일(분할등기일 2022년 4월 5일)로 하여 특수강 제조 등사업부문 일체를 물적분할 후 사명을 주식회사 베아베스틸로 하는 종속기업(설립 후 분할존속법인의 보유지분율 100%)을 신규 설립하였으며, 분할존속법인의 사명을 세아베스틸 지주로 변경하였습니다.(주7) 종속기업인 ㈜브이엔티지는 2022년 7월 15일을 분할기일(분할등기일 2022년 7월 21일)로 하여 디어테일사업부문을 물적분할 후 사명을 주식회사 디어테일로 하는 종속기업(설립 후 분할존속법인의 보유지분율 100%)을 신규 설립하였습니다.(주8) 종속기업인 ㈜아이언그레이는 IRONGREY LLC를 신규 설립하였습니다.\n(주9) ㈜세아기술투자를 신규 설립하였습니다(주석 12 참조).(주10) 종속기업인 ㈜아이언그레이는 유한책임사원으로 업무집행사원에게 지급되었거나 지급될 수수료가 유의적이지 않고, 이를 제외한 변동이익의 대부분을 분배받을 권리가 있으므로 대상 회사에 대해 지배력을 보유한다고 판단하였습니다.(주11) 종속기업인 ㈜아이언그레이는 (유)아라미스홀딩스투자목적회사를 신규로 취득하였습니다. 당사는 (유)아라미스홀딩스투자목적회사를 관계기업으로 분류하지는 않지만, 주주간 약정(이사선임권 등)에 따라 유의적인 영향력을 행사할 수 있어 기타특수관계자로 분류하였습니다(주석 13, 31 참조).(주12) 당사는 당기 중 해당 특수관계자에 대한 보유지분 전체를 (유)아라미스홀딩스투자목적회사에 매각하였으며, 이에 따라 종속기업 및 공동기업에서 기타특수관계자로 분류 변경되었습니다.\n(주13) 기업회계기준서 제1024호 특수관계자 범위에 포함되지 않으나 독점규제 및 공정거래법에 따른 동일한 대규모기업집단 소속회사입니다.\n(2) 특수관계자간 주요 거래내역(당기)\n\xa0(단위: 천원)\n구 \xa0 분\n회사의 명칭\n수 \xa0 익\n비 \xa0 용\n유ㆍ무형자산 취득\n유ㆍ무형자산 처분\n배당금지급\n배당금수익 외\n배당금수익\n\xa0종속기업(주1)\n㈜세아베스틸지주 (구, ㈜세아베스틸)\n3,390,094\xa0\n28,776,323\xa0\n107,591\xa0\n-\xa0\n6,508\xa0\n-\xa0\n㈜세아베스틸\n1,029,489\xa0\n-\xa0\n23,419\xa0\n-\xa0\n-\xa0\n-\xa0\n㈜세아특수강\n1,017,602\xa0\n7,064,616\xa0\n-\xa0\n-\xa0\n-\xa0\n-\xa0\n㈜세아메탈\n151,597\xa0\n-\xa0\n-\xa0\n-\xa0\n-\xa0\n-\xa0\n㈜세아엘앤에스\n1,126,720\xa0\n7,000,000\xa0\n-\xa0\n-\xa0\n-\xa0\n-\xa0\n㈜세아네트웍스\n108,926\xa0\n-\xa0\n-\xa0\n-\xa0\n-\xa0\n-\xa0\n㈜세아엠앤에스\n1,113,487\xa0\n-\xa0\n-\xa0\n-\xa0\n-\xa0\n-\xa0\n㈜아이언그레이\n60,068\xa0\n-\xa0\n-\xa0\n-\xa0\n-\xa0\n-\xa0\nKB와이즈스타사모부동산투자신탁제2호\n-\xa0\n1,197,924\xa0\n378,018\xa0\n-\xa0\n-\xa0\n-\xa0\n㈜세아창원특수강\n1,118,045\xa0\n-\xa0\n161,220\xa0\n-\xa0\n-\xa0\n-\xa0\n㈜세아항공방산소재\n45,404\xa0\n-\xa0\n-\xa0\n-\xa0\n-\xa0\n-\xa0\n㈜브이엔티지\n32,442\xa0\n-\xa0\n545,170\xa0\n112,849\xa0\n-\xa0\n-\xa0\nSeAH Global(Thailand) Co., Ltd.\n19,082\xa0\n-\xa0\n-\xa0\n-\xa0\n-\xa0\n-\xa0\n㈜씨티씨\n14,357\xa0\n-\xa0\n-\xa0\n-\xa0\n-\xa0\n-\xa0\n\xa0매각예정비유동자산\n㈜우진정공(주2)\n28,700\xa0\n-\xa0\n-\xa0\n-\xa0\n-\xa0\n-\xa0\n\xa0관계기업\xa0\n㈜세아엔지니어링(주3)\n3,565\xa0\n-\xa0\n-\xa0\n-\xa0\n-\xa0\n-\xa0\n\xa0기타특수관계자\xa0\n㈜세아제강\n382,129\xa0\n-\xa0\n130,914\xa0\n-\xa0\n-\xa0\n-\xa0\n㈜세아제강지주\n1,285,332\xa0\n-\xa0\n-\xa0\n-\xa0\n-\xa0\n-\xa0\n㈜세아씨엠\n218,301\xa0\n-\xa0\n-\xa0\n-\xa0\n-\xa0\n-\xa0\nSeAH Steel Vina Corp.\n21,669\xa0\n-\xa0\n-\xa0\n-\xa0\n-\xa0\n-\xa0\n㈜에이치피피\n-\xa0\n-\xa0\n-\xa0\n-\xa0\n-\xa0\n938,078\xa0\n㈜에이팩인베스터스\n-\xa0\n-\xa0\n-\xa0\n-\xa0\n-\xa0\n648\xa0\n㈜우진정공(주2)\n258,300\xa0\n-\xa0\n-\xa0\n-\xa0\n-\xa0\n-\xa0\n㈜세아에프에스\n29,690\xa0\n-\xa0\n-\xa0\n-\xa0\n-\xa0\n-\xa0\nSeAH Precision Metal (Thailand)Co., Ltd.\n8,849\xa0\n-\xa0\n-\xa0\n-\xa0\n-\xa0\n-\xa0\nPT. SeAH Precision Metal Indonesia\n1,860\xa0\n-\xa0\n-\xa0\n-\xa0\n-\xa0\n-\xa0\nS&G Holdings Ltd\n-\xa0\n-\xa0\n206,630\xa0\n-\xa0\n-\xa0\n-\xa0\n\xa0합 \xa0 \xa0계\n11,465,708\xa0\n44,038,863\xa0\n1,552,962\xa0\n112,849\xa0\n6,508\xa0\n938,726\xa0\n(주1) 종속기업의 종속기업이 포함되어 있습니다.(주2) 상기 특수관계자는 당기 중 매각 완료되었으며, 당기말 현재 기타특수관계자로 분류하였습니다. 상기 거래내역은 기타특수관계자 대체 시점을 기준으로 각각 구분하여 표시하였습니다.(주3) 상기 특수관계자는 당기 중 매각 완료되었으며, 당기말 현재 특수관계자에서 제외되었습니다. 상기 거래내역은 특수관계자에서 제외되기 전까지 발생한 거래내역입니다.상기 내역에 포함되지 않은 사항으로 당기 중 종속기업인 ㈜아이언그레이의 유상증자에 참여하여 200,000백만원을 납입하였으며, 당기 중 1,000백만원을 자본금으로 납입하여 ㈜세아기술투자를 설립하였습니다(주석 12 참조).\n(전기)\n\xa0(단위: 천원)\n구 \xa0 분\n회사의 명칭\n수 \xa0 익\n비 \xa0 용\n유ㆍ무형자산 취득\n유ㆍ무형자산 처분\n배당금지급\n배당금수익 외\n배당금수익\n\xa0종속기업(주1)\xa0\n㈜세아베스틸지주(구, ㈜세아베스틸)\n2,447,035\xa0\n-\xa0\n109,352\xa0\n-\xa0\n30,415\xa0\n-\xa0\n㈜세아특수강\n773,704\xa0\n2,943,590\xa0\n-\xa0\n-\xa0\n36,713\xa0\n-\xa0\n㈜세아메탈\n114,017\xa0\n-\xa0\n-\xa0\n-\xa0\n-\xa0\n-\xa0\n㈜세아엘앤에스\n950,444\xa0\n1,000,000\xa0\n-\xa0\n-\xa0\n-\xa0\n-\xa0\n㈜세아네트웍스\n48,203\xa0\n-\xa0\n-\xa0\n-\xa0\n-\xa0\n-\xa0\n㈜세아엠앤에스\n685,453\xa0\n-\xa0\n-\xa0\n-\xa0\n-\xa0\n-\xa0\n㈜아이언그레이\n117,134\xa0\n-\xa0\n-\xa0\n-\xa0\n-\xa0\n-\xa0\nKB와이즈스타사모부동산투자신탁제2호\n-\xa0\n1,102,087\xa0\n419,797\xa0\n-\xa0\n-\xa0\n-\xa0\n㈜세아엔지니어링\n16,686\xa0\n-\xa0\n-\xa0\n-\xa0\n-\xa0\n-\xa0\n㈜세아창원특수강\n1,755,944\xa0\n-\xa0\n139,661\xa0\n-\xa0\n-\xa0\n-\xa0\n㈜세아항공방산소재\n70,999\xa0\n-\xa0\n-\xa0\n-\xa0\n-\xa0\n-\xa0\n㈜브이엔티지\n19,001\xa0\n-\xa0\n726,484\xa0\n32,863\xa0\n-\xa0\n-\xa0\n\xa0매각예정 비유동자산\n㈜세아에삽\n50,908\xa0\n3,999,706\xa0\n-\xa0\n-\xa0\n-\xa0\n-\xa0\n㈜우진정공\n333,600\xa0\n-\xa0\n-\xa0\n-\xa0\n-\xa0\n-\xa0\nPT. SeAH Precision Metal Indonesia\n1,482\xa0\n-\xa0\n-\xa0\n-\xa0\n-\xa0\n-\xa0\nSeAH Precision Metal(Thailand) Co., Ltd.\n9,411\xa0\n-\xa0\n-\xa0\n-\xa0\n-\xa0\n-\xa0\n㈜세아에프에스\n85,255\xa0\n33,800,000\xa0\n-\xa0\n-\xa0\n-\xa0\n-\xa0\n\xa0관계기업\xa0\n㈜세아엔지니어링\n18,568\xa0\n-\xa0\n-\xa0\n-\xa0\n-\xa0\n-\xa0\n\xa0기타특수관계자\xa0\n㈜세아제강\n383,800\xa0\n-\xa0\n173,974\xa0\n-\xa0\n-\xa0\n-\xa0\n㈜세아제강지주\n932,344\xa0\n-\xa0\n78,853\xa0\n-\xa0\n3,640\xa0\n-\xa0\n㈜세아씨엠\n208,015\xa0\n-\xa0\n-\xa0\n-\xa0\n-\xa0\n-\xa0\nSeAH Steel Vina Corp.\n11,795\xa0\n-\xa0\n-\xa0\n-\xa0\n-\xa0\n-\xa0\n㈜에이치피피\n-\xa0\n-\xa0\n-\xa0\n-\xa0\n-\xa0\n844,270\xa0\n㈜에이팩인베스터스\n-\xa0\n-\xa0\n-\xa0\n-\xa0\n-\xa0\n583\xa0\n\xa0합 \xa0 계\xa0\n9,033,798\xa0\n42,845,383\xa0\n1,648,121\xa0\n32,863\xa0\n70,768\xa0\n844,853\xa0\n(주1) 종속기업의 종속기업이 포함되어 있습니다.\n(3) 특수관계자에 대한 채권ㆍ채무내역(당기말)\n\xa0 \xa0(단위: 천원)\n구 \xa0 분\n회사의 명칭\n채 \xa0 권\n채 \xa0 무\n임차보증금\n기타\n임대보증금\n기타\n\xa0종속기업(주1)\n㈜세아베스틸지주(구, ㈜세아베스틸)\n-\xa0\n208,355\xa0\n-\xa0\n91,911\xa0\n㈜세아베스틸\n-\xa0\n482,910\xa0\n375,792\xa0\n-\xa0\n㈜세아특수강\n-\xa0\n111\xa0\n391,288\xa0\n-\xa0\n㈜세아엘앤에스\n-\xa0\n42,240\xa0\n400,000\xa0\n-\xa0\n㈜세아엠앤에스\n-\xa0\n42,222\xa0\n-\xa0\n-\xa0\nKB와이즈스타사모부동산투자신탁제2호(주2)\n609,266\xa0\n-\xa0\n-\xa0\n1,588,060\xa0\n㈜브이엔티지\n-\xa0\n-\xa0\n-\xa0\n181,024\xa0\n㈜세아창원특수강\n-\xa0\n313,103\xa0\n250,528\xa0\n115,054\xa0\n\xa0기타특수관계자\n㈜세아제강\n-\xa0\n46,039\xa0\n-\xa0\n94,019\xa0\n㈜세아제강지주\n-\xa0\n408,847\xa0\n-\xa0\n-\xa0\n㈜세아씨엠\n-\xa0\n74\xa0\n-\xa0\n-\xa0\nSeAH Steel Vina Corp.\n-\xa0\n10,189\xa0\n-\xa0\n-\xa0\nSeAH Precision Metal (Thailand)Co., Ltd.\n-\xa0\n4,014\xa0\n-\xa0\n-\xa0\nPT. SeAH Precision Metal Indonesia\n-\xa0\n1,097\xa0\n-\xa0\n-\xa0\n합 \xa0 계\n609,266\xa0\n1,559,201\xa0\n1,417,608\xa0\n2,070,068\xa0\n(주1) 종속기업의 종속기업이 포함되어 있습니다.(주2) 당기 중 KB와이즈스타사모부동산투자신탁제2호에 대한 리스부채 상환액은 624,886천원이며, 당기말 리스부채 잔액은 1,587,668천원입니다.\n(전기말)\n(단위: 천원)\n구 \xa0 분\n회사의 명칭\n채 \xa0 권\n채 \xa0 무\n임차보증금\n기타\n임대보증금\n기타\n\xa0종속기업(주1)\n㈜세아베스틸지주(구, ㈜세아베스틸)\n-\xa0\n-\xa0\n375,792\xa0\n74,317\xa0\n㈜세아특수강\n-\xa0\n1,393\xa0\n376,000\xa0\n-\xa0\n㈜세아엘앤에스\n-\xa0\n8,285\xa0\n400,000\xa0\n-\xa0\n㈜세아엠앤에스\n-\xa0\n588\xa0\n-\xa0\n-\xa0\n㈜세아네트웍스\n-\xa0\n356\xa0\n-\xa0\n-\xa0\n㈜아이언그레이\n-\xa0\n99,528\xa0\n-\xa0\n-\xa0\nKB와이즈스타사모부동산투자신탁제2호(주2)\n718,504\xa0\n-\xa0\n-\xa0\n554,980\xa0\n㈜브이엔티지\n-\xa0\n-\xa0\n-\xa0\n278,766\xa0\n㈜세아항공방산소재\n-\xa0\n589\xa0\n-\xa0\n-\xa0\n㈜세아창원특수강\n-\xa0\n-\xa0\n250,528\xa0\n98,316\xa0\n\xa0매각예정비유동자산\xa0\n㈜세아에프에스\n-\xa0\n4,582\xa0\n-\xa0\n-\xa0\n\xa0기타특수관계자\n㈜세아제강\n-\xa0\n3,571\xa0\n-\xa0\n134,072\xa0\n㈜세아제강지주\n-\xa0\n294,760\xa0\n-\xa0\n68,949\xa0\n㈜세아씨엠\n-\xa0\n733\xa0\n-\xa0\n-\xa0\nSeAH Steel Vina Corp.\n-\xa0\n6,585\xa0\n-\xa0\n-\xa0\n합 \xa0 계\n718,504\xa0\n420,970\xa0\n1,402,320\xa0\n1,209,400\xa0\n(주1) 종속기업의 종속기업이 포함되어 있습니다.(주2) 전기 중 KB와이즈스타사모부동산투자신탁제2호에 대한 리스부채 상환액은 689,383천원이며, 전기말 리스부채 잔액은 554,662천원입니다.\n(4) 당기 및 전기 중 주요경영진에 대한 보상내역은 다음과 같습니다.\n(단위: 천원)\n구 \xa0 분\n당 \xa0 기\n전 \xa0 기\n단기급여\n3,395,256\xa0\n1,909,950\xa0\n퇴직급여\n124,021\xa0\n143,307\xa0\n합 \xa0 계\n3,519,277\xa0\n2,053,257\xa0\n(5) 특수관계자를 위한 이행보증(유)라미솔라가 인수한 태양광발전소 및 부속시설의 관리ㆍ운영을 ㈜세아네트웍스가위탁받았으며, ㈜세아홀딩스는 이에 대한 이행보증을 제공하고 있습니다. 계약기간은 2020년 9월 25일부터 최대 20년 입니다.32. 현금및현금성자산\n당사의 현금및현금성자산은 재무상태표와 현금흐름표상의 금액이 동일하게 관리되고 있습니다. 보고기간말 현재 당사의 현금흐름표상의 현금및현금성자산의 세부내역은 다음과 같습니다.\n(단위: 천원)\n구 분\n당기말\n전기말\n보통예금\n1,363\xa0\n2,121,958\xa0\n특정금전신탁\n4,713,425\xa0\n1,543,567\xa0\n합 \xa0 계\n\xa04,714,788\xa0\n3,665,525\xa0\n33. 현금흐름정보 (1) 비현금거래당기 및 전기의 현금흐름표에 포함되지 않는 주요 비현금 투자활동거래와 비현금 재무활동거래는 다음과 같습니다.\n(단위: 천원)\n구 \xa0 분\n당 \xa0 기\n전 \xa0 기\n유형자산 취득관련 미지급금 증감\n(11,624)\n10,974\xa0\n장기임대보증금의 유동성 대체\n(978,315)\n616,895\xa0\n임차보증금의 유동성 대체\n-\xa0\n718,504\xa0\n매각예정비유동자산 분류\n-\xa0\n123,566,761\xa0\n관계기업투자주식 분류\n-\xa0\n940,000\xa0\n금융리스부채 유동성 대체\n657,994\xa0\n544,471\xa0\n(2) 재무활동에서 생기는 부채의 변동당기와 전기 중 재무활동에서 생기는 부채의 변동은 다음과 같습니다.(당기)\n(단위: 천원)\n구 \xa0 분\n기 \xa0 초\n재무활동현금흐름\n상 \xa0 각\n리스변경\n기 \xa0 말\n단기차입금\n5,000,000\xa0\n19,601,000\xa0\n-\xa0\n-\xa0\n24,601,000\xa0\n사채\n99,777,673\xa0\n-\xa0\n90,944\xa0\n-\xa0\n99,868,617\xa0\n리스부채\n554,661\xa0\n(598,798)\n-\xa0\n1,631,805\xa0\n1,587,668\xa0\n합 \xa0계\n105,332,334\xa0\n19,002,202\xa0\n90,944\xa0\n1,631,805\xa0\n126,057,285\xa0\n(전기)\n(단위: 천원)\n구 \xa0 분\n기 \xa0 초\n재무활동현금흐름\n상 \xa0 각\n리스변경\n기 \xa0 말\n단기차입금\n66,614,000\xa0\n(61,614,000)\n-\xa0\n-\xa0\n5,000,000\xa0\n사채\n49,977,757\xa0\n49,724,880\xa0\n75,036\xa0\n-\xa0\n99,777,673\xa0\n리스부채\n1,208,627\xa0\n(665,599)\n-\xa0\n11,633\xa0\n554,661\xa0\n합 \xa0계\n117,800,384\xa0\n(12,554,719)\n75,036\xa0\n11,633\xa0\n105,332,334\xa0\n한편, 당사는 이자의 지급을 영업활동현금흐름으로 분류하고 있습니다.\n34. 우발부채 및 약정사항(1) 금융기관 한도 약정내역당기말 현재 금융기관과의 약정 내역은 다음과 같습니다.\xa0\n(단위: 천원)\n은행명\n구 \xa0 분\n한도금액\n사용금액\n하나은행\n일반자금대출\n5,000,000\xa0\n-\xa0\n국민은행\n일반자금대출\n10,000,000\xa0\n5,601,000\xa0\n산업은행\n일반자금대출\n15,000,000\xa0\n5,000,000\xa0\n기업어음할인\n14,000,000\xa0\n14,000,000\xa0\nNH투자증권 외\n공모사채\n100,000,000\xa0\n100,000,000\xa0\n합 \xa0 계\n144,000,000\xa0\n124,601,000\xa0\n(2) 지급보증당기말 현재 당사가 타인에게 제공한 지급보증 내역은 없습니다.(3) 담보당기말 현재 자금조달과 관련한 담보제공내역은 다음과 같습니다(주석 12, 15 참조).\n(단위: 천원)\n담보목적물\n담보제공처\n관련차입금\n담보설정액\n㈜세아베스틸지주 지분증권\n국민은행\n기업일반운전자금대출 등\n39,000,000\xa0\n(4) 이행보증당사는 종속회사인 ㈜세아네트웍스를 위해 (유)라미솔라를 거래상대방으로 하여 (유)라미솔라가 세아네트웍스로부터 인수한 태양광발전소 및 부대시설의 관리 및 운영에대한 이행보증을 제공하고 있으며, 계약기간은 2020년 9월 25일부터 최대 20년 입니다.(5) 기타 약정사항당기말 현재 종속기업인 ㈜아이언그레이는 (유)윈드밀홀딩스투자목적회사와 사원간계약을 통해 아라미스홀딩스투자목적회사(이하 ""SPC"")의 지분을 각각 30%, 70% 보유하게 되며, 또한 투자수익의 분배 및 지분비율조정에 대한 약정을 체결하였습니다.주요 약정내용은 다음과 같습니다(주석 13 참조).\n구 \xa0 분\n내 \xa0 용\n투자수익의 분배\nSPC가 SPC의 재산을 사원들에게 분배하는 경우 다음의 순서에 따라 분배를 실시함\xa0\n(가) (유)윈드밀홀딩스투자목적회사 측의 투자원금 배분\n(나) ㈜아이언그레이 측의 투자원금 배분\n(다) 상기 (나) 분배 이후, 분배 누적금액이 각 당사자의 투자원금 및 IRR 6%에 도달할 때까지 각 당사자에 지급\n(라) 상기 (다) 분배 이후 잔여 금액이 있는 경우, 전액 매수인에게 지급\n지분매각에 관한 권리\n(가) ㈜아이언그레이 측의 \xa0동반매도청구권(Tag-along Right)\n(나) (유)윈드밀홀딩스투자목적회사 측의 동반매각요구권(Drag-along Right)\n지분비율 조정 약정\nSPC의 종속회사인 ㈜세아에프에스 및 S&G Holdings의 12개월 동안(\'22.3월~) EBITDA가 계약 기준 EBITDA(189억원) 대비 95%에 미달시, 1회에 한하여 감소된 EBITDA에 해당하는 가치만큼 세아의 SPC 지분비율(30%)를 감소시킴(단, (유)윈드밀홀딩스투자목적회사 측 지분 조정비율의 상한은 SPC 지분율의 90%이며, COVID-19로 인한 정부의 사업장 폐쇄 시 해당 기간은 제외하고 조정 EBITDA를 산정함) \xa0\n35. 보고기간후사건당사는 이사회 결의에 따라 1월 중 종속기업인 ㈜세아기술투자에 유상증자대금 \xa0100억원을 납입 완료하였습니다.36. 재무제표의 승인당기 별도재무제표는 2023년 2월 10일에 개최된 이사회에서 승인 되었으며, 2023년3월 28일에 개최될 주주총회에서 상법 제449조 2항에 따라 최종확정 될 예정입니다.\n6. 배당에 관한 사항\n가. 배당에 대한 전반적인 사항당사는 정관에 의거 이사회 결의 및 주주총회 결의를 통하여 매년 배당을 실시하고 있습니다. 당사는 주주 권익 보호 및 주가 안정을 위하여 자사주신탁 계약을 체결을 통한 자사주 매입을 진행하고 있으며, 지주회사의 특성상 배당률은 자회사의 수익성 및 시장금리, 특히 당사의 자금운영 등을 고려하여 결정됩니다. \n당사의 배당과 관련하여 정관의 규정된 내용은 아래와 같습니다.\xa0\n제 9 조 (신주의 배당 기산일)\xa0\n회사가 유상증자, 무상증자 및 주식배당에 의하여 신주를 발행하는 경우 신주에 대한 이익의 배당에 관하여는 신주를 발행한 때가 속하는 영업년도의 직전영업년도말에 발행된 것으로 본다.\xa0\n제 43 조 (이익금의 처분)\xa0\n이 회사는 매사업년도 이익금(이월이익잉여금 포함)을 다음과 같이 처분한다.\xa0\n1. 이익준비금\xa0\n2. 기타의 법정적립금\xa0\n3. 배당금\xa0\n4. 임의적립금\xa0\n5. 기타의 이익잉여금 처분액\xa0\n6. 차기이월이익잉여금\xa0\n제 44 조 (이익배당)1. 이익의 배당은 금전과 주식으로 할 수 있다.2. 이익의 배당을 주식으로 하는 경우 회사가 수종의 주식을 발행한 때에는 주주총회의 결의로 그와 다른 주식으로도 할 수 있다.3. 제1항의 배당은 매결산기말 현재의 주주명부에 기재된 주주 또는 등록된 질권자에게 지급한다.제 45 조 (배당금 지급청구권의 소멸시효)1. 배당금의 지급청구권은 5년간 이를 행사하지 아니하면 소멸시효가 완성된다.2. 제1항의 시효의 완성으로 인한 배당금은 이 회사에 귀속한다.\n나. 배당에 관한 회사의 정책당사는 \'중장기적으로 배당성향을 별도재무제표 기준 당기순이익(일회성 비경상 손익 제외)의 25% 수준으로 확대하고, 향후에도 주주가치 제고를 위한 노력을 지속하겠다’는 중장기 배당정책을 전자공시시스템(DART)에 공시한 바 있습니다(2021년 11월).또한, 주주가치를 제고하고 투자자에게 보다 투명하고 예측가능한 배당 정보를 제공하기 위해 배당의 재원 뿐만 아니라 배당 형태 및 시기에 대한 정보를 명확히 하는 배당정책을 전자공시시스템(DART)에 공시한 바 있습니다.(2022년 11월).다. 최근 3사업연도 배당에 관한 사항\n(1)주요배당지표\n구 \xa0 분\n주식의 종류\n당기\n전기\n전전기\n제22기\n제21기\n제20기\n주당액면가액(원)\n5,000\n5,000\n5,000\n(연결)당기순이익(백만원)\n123,324\n49,262\n-162,022\n(별도)당기순이익(백만원)\n68,006\n-37,825\n28,650\n(연결)주당순이익(원)\n31,597\n12,479\n-40,606\n현금배당금총액(백만원)\n13,793\n9,858\n8,953\n주식배당금총액(백만원)\n-\n-\n-\n(연결)현금배당성향(%)\n11.2\n20.0\n-5.5\n현금배당수익률(%)\n보통주\n3.6\n2.6\n2.9\n-\n-\n-\n-\n주식배당수익률(%)\n보통주\n-\n-\n-\n-\n-\n-\n-\n주당 현금배당금(원)\n보통주\n4,000\n2,750\n2,250\n-\n-\n-\n-\n주당 주식배당(주)\n보통주\n-\n-\n-\n-\n-\n-\n-\n주1) 상기 (연결)당기순이익과 (연결)주당순이익은 K-IFRS 연결재무제표상 지배기업 소유주지분 당기순이익 및 그에 대한 주당순이익이며, (연결)현금배당성향은 지배기업 소유주지분 당기순이익에 대한 현금배당금총액의 비율입니다.주2) 제22기 배당과 관련하여 이사회는 최대주주 및 특수관계자는 주당 4,000원, 일반주주는 주당 3,500 원을 배당하는 차등배당을 결의하였으며, 상기 내용은 일반주주 배당금액 기준으로 작성하였습니다.주3) 현금배당수익률은 배당기준일 전전거래일부터 제2매매거래일전부터 과거 1주일간 유가증권시장에서 형성된 최종시세가격의 산술평균가격에 대한 일반주주에 대한 주당배당금의 비율을 백분율로 산정하였습니다.주4) 지배회사는 최근3사업연도 중 중간배당을 실시하지 않았습니다.\n(2) 과거 배당 이력\n(단위: 회, %)\n연속 배당횟수\n평균 배당수익률\n분기(중간)배당\n결산배당\n최근 3년간\n최근 5년간\n-\n20\n2.8\n2.4\n주1) 연속 배당횟수 및 평균 배당수익률은 2022년 12월 31일까지 결정된 배당을 기준으로 작성되었습니다. 주2) 평균 배당수익률은 단순평균법으로 계산되었습니다.\n7. 증권의 발행을 통한 자금조달에 관한 사항\n7-1. 증권의 발행을 통한 자금조달 실적\n[지분증권의 발행 등과 관련된 사항]\n가. 증자(감자)현황\n(기준일 :\xa0\n2022년 12월 31일\n)\n(단위 : 백만원, 주)\n주식발행(감소)일자\n발행(감소)형태\n발행(감소)한 주식의 내용\n종류\n수량\n주당액면가액\n주당발행(감소)가액\n비고\n-\n-\n-\n-\n-\n-\n-\n당사는 과거 5개 사업연도간 (2018.1.1~기준일) 자본금 변동내역이 없습니다.\n[채무증권의 발행 등과 관련된 사항]\n가. 채무증권 발행실적\n(기준일 :\xa0\n2022년 12월 31일\n)\n(단위 : 백만원, %)\n발행회사\n증권종류\n발행방법\n발행일자\n권면(전자등록)총액\n이자율\n평가등급(평가기관)\n만기일\n상환여부\n주관회사\n(주)세아홀딩스\n회사채\n공모\n2021.05.28\n100,000\n1.91%\nA(NICE신용평가, 한국기업평가)\n2024.05.28\nN\nNH투자증권\n(주)세아홀딩스\n기업어음증권\n사모\n2022.02.08\n10,000\n2.15%\nA2(NICE신용평가,한국기업평가)\n2022.02.11\nY\n부국증권\n(주)세아홀딩스\n기업어음증권\n사모\n2022.02.08\n10,000\n2.15%\nA2(NICE신용평가,한국기업평가)\n2022.02.11\nY\n부국증권\n(주)세아홀딩스\n기업어음증권\n사모\n2022.02.08\n10,000\n2.15%\nA2(NICE신용평가,한국기업평가)\n2022.02.11\nY\n부국증권\n(주)세아홀딩스\n기업어음증권\n사모\n2022.02.08\n10,000\n2.15%\nA2(NICE신용평가,한국기업평가)\n2022.02.11\nY\n부국증권\n(주)세아홀딩스\n기업어음증권\n사모\n2022.02.08\n10,000\n2.15%\nA2(NICE신용평가,한국기업평가)\n2022.02.11\nY\n부국증권\n(주)세아홀딩스\n기업어음증권\n사모\n2022.02.08\n10,000\n2.60%\nA2(NICE신용평가,한국기업평가)\n2022.04.26\nY\n부국증권\n(주)세아홀딩스\n기업어음증권\n사모\n2022.02.08\n10,000\n2.60%\nA2(NICE신용평가,한국기업평가)\n2022.04.26\nY\n부국증권\n(주)세아홀딩스\n기업어음증권\n사모\n2022.02.08\n5,000\n2.60%\nA2(NICE신용평가,한국기업평가)\n2022.04.26\nY\n부국증권\n(주)세아홀딩스\n기업어음증권\n사모\n2022.02.08\n5,000\n2.60%\nA2(NICE신용평가,한국기업평가)\n2022.04.26\nY\n부국증권\n(주)세아홀딩스\n기업어음증권\n사모\n2022.02.08\n5,000\n2.60%\nA2(NICE신용평가,한국기업평가)\n2022.04.26\nY\n부국증권\n(주)세아홀딩스\n기업어음증권\n사모\n2022.02.08\n5,000\n2.60%\nA2(NICE신용평가,한국기업평가)\n2022.04.26\nY\n부국증권\n(주)세아홀딩스\n기업어음증권\n사모\n2022.02.08\n5,000\n2.78%\nA2(NICE신용평가,한국기업평가)\n2022.08.10\nY\n부국증권\n(주)세아홀딩스\n기업어음증권\n사모\n2022.02.08\n5,000\n2.78%\nA2(NICE신용평가,한국기업평가)\n2022.08.10\nY\n부국증권\n(주)세아홀딩스\n기업어음증권\n사모\n2022.02.08\n5,000\n2.78%\nA2(NICE신용평가,한국기업평가)\n2022.08.10\nY\n부국증권\n(주)세아홀딩스\n기업어음증권\n사모\n2022.02.08\n5,000\n2.78%\nA2(NICE신용평가,한국기업평가)\n2022.08.10\nY\n부국증권\n(주)세아홀딩스\n기업어음증권\n사모\n2022.02.08\n5,000\n2.78%\nA2(NICE신용평가,한국기업평가)\n2022.08.10\nY\n부국증권\n(주)세아홀딩스\n기업어음증권\n사모\n2022.02.08\n5,000\n2.78%\nA2(NICE신용평가,한국기업평가)\n2022.08.10\nY\n부국증권\n(주)세아홀딩스\n기업어음증권\n사모\n2022.02.08\n5,000\n2.78%\nA2(NICE신용평가,한국기업평가)\n2022.08.10\nY\n부국증권\n(주)세아홀딩스\n기업어음증권\n사모\n2022.02.08\n5,000\n2.78%\nA2(NICE신용평가,한국기업평가)\n2022.08.10\nY\n부국증권\n(주)세아홀딩스\n기업어음증권\n사모\n2022.02.08\n5,000\n2.78%\nA2(NICE신용평가,한국기업평가)\n2022.08.10\nY\n부국증권\n(주)세아홀딩스\n기업어음증권\n사모\n2022.02.09\n5,000\n2.77%\nA2(NICE신용평가,한국기업평가)\n2022.03.16\nY\n하나은행\n(주)세아홀딩스\n기업어음증권\n사모\n2022.03.16\n5,000\n2.45%\nA2(NICE신용평가,한국기업평가)\n2022.04.14\nY\n부국증권\n(주)세아홀딩스\n기업어음증권\n사모\n2022.04.26\n5,000\n2.58%\nA2(NICE신용평가,한국기업평가)\n2022.05.26\nY\n부국증권\n(주)세아홀딩스\n기업어음증권\n사모\n2022.04.26\n5,000\n2.58%\nA2(NICE신용평가,한국기업평가)\n2022.05.26\nY\n부국증권\n(주)세아홀딩스\n기업어음증권\n사모\n2022.04.26\n5,000\n2.58%\nA2(NICE신용평가,한국기업평가)\n2022.05.26\nY\n부국증권\n(주)세아홀딩스\n기업어음증권\n사모\n2022.05.26\n5,000\n2.70%\nA2(NICE신용평가,한국기업평가)\n2022.06.24\nY\n부국증권\n(주)세아홀딩스\n기업어음증권\n사모\n2022.05.26\n5,000\n2.70%\nA2(NICE신용평가,한국기업평가)\n2022.06.24\nY\n부국증권\n(주)세아홀딩스\n기업어음증권\n사모\n2022.05.26\n5,000\n2.70%\nA2(NICE신용평가,한국기업평가)\n2022.06.24\nY\n부국증권\n(주)세아홀딩스\n기업어음증권\n사모\n2022.06.24\n5,000\n3.48%\nA2(NICE신용평가,한국기업평가)\n2022.07.22\nY\n부국증권\n(주)세아홀딩스\n기업어음증권\n사모\n2022.06.24\n5,000\n3.48%\nA2(NICE신용평가,한국기업평가)\n2022.07.22\nY\n부국증권\n(주)세아홀딩스\n기업어음증권\n사모\n2022.06.24\n5,000\n3.48%\nA2(NICE신용평가,한국기업평가)\n2022.07.22\nY\n부국증권\n(주)세아홀딩스\n기업어음증권\n사모\n2022.07.22\n5,000\n3.60%\nA2(NICE신용평가,한국기업평가)\n2022.08.10\nY\n부국증권\n(주)세아홀딩스\n기업어음증권\n사모\n2022.07.22\n5,000\n3.65%\nA2(NICE신용평가,한국기업평가)\n2022.08.26\nY\n부국증권\n(주)세아홀딩스\n기업어음증권\n사모\n2022.07.22\n5,000\n3.65%\nA2(NICE신용평가,한국기업평가)\n2022.08.26\nY\n부국증권\n(주)세아홀딩스\n기업어음증권\n사모\n2022.08.10\n5,000\n3.75%\nA2(NICE신용평가,한국기업평가)\n2022.10.17\nY\n부국증권\n(주)세아홀딩스\n기업어음증권\n사모\n2022.08.10\n5,000\n3.75%\nA2(NICE신용평가,한국기업평가)\n2022.10.17\nY\n부국증권\n(주)세아홀딩스\n기업어음증권\n사모\n2022.08.10\n5,000\n3.75%\nA2(NICE신용평가,한국기업평가)\n2022.10.17\nY\n부국증권\n(주)세아홀딩스\n기업어음증권\n사모\n2022.08.10\n5,000\n3.75%\nA2(NICE신용평가,한국기업평가)\n2022.10.17\nY\n부국증권\n(주)세아홀딩스\n기업어음증권\n사모\n2022.08.10\n5,000\n3.75%\nA2(NICE신용평가,한국기업평가)\n2022.10.17\nY\n부국증권\n(주)세아홀딩스\n기업어음증권\n사모\n2022.08.26\n5,000\n3.75%\nA2(NICE신용평가,한국기업평가)\n2022.11.25\nY\n부국증권\n(주)세아홀딩스\n기업어음증권\n사모\n2022.08.26\n5,000\n3.75%\nA2(NICE신용평가,한국기업평가)\n2022.11.25\nY\n부국증권\n(주)세아홀딩스\n기업어음증권\n사모\n2022.10.17\n5,000\n4.77%\nA2 \xa0(NICE신용평가,한국기업평가)\n2022.11.15\nY\n하나은행\n(주)세아홀딩스\n기업어음증권\n사모\n2022.10.17\n5,000\n4.77%\nA2 \xa0(NICE신용평가,한국기업평가)\n2022.11.25\nY\n부국증권\n(주)세아홀딩스\n기업어음증권\n사모\n2022.10.17\n5,000\n4.77%\nA2 \xa0(NICE신용평가,한국기업평가)\n2022.11.25\nY\n부국증권\n(주)세아홀딩스\n기업어음증권\n사모\n2022.11.25\n14,000\n6.50%\nA2 \xa0(NICE신용평가,한국기업평가)\n2023.05.25\nN\n산업은행\n(주)세아베스틸지주(구.(주)세아베스틸)\n신종자본증권\n사모\n2020.03.16\n100,000\n3.51%\n-\n2050.03.16\nN\n신영증권\n(주)세아베스틸지주(구.(주)세아베스틸)\n회사채\n공모\n2017.07.14\n40,000\n3.11%\nA+(한국기업평가, 한국신용평가)\n2022.07.14\nY\n신한금융투자, NH투자증권\n(주)세아베스틸지주(구.(주)세아베스틸)\n회사채\n공모\n2019.07.31\n70,000\n1.64%\nA+(한국기업평가, NICE신용평가)\n2024.07.31\nN\n신한금융투자, KB증권\n(주)세아베스틸지주(구.(주)세아베스틸)\n회사채\n공모\n2019.07.31\n30,000\n2.28%\nA+(한국신용평가, NICE신용평가)\n2026.07.31\nN\n미래에셋대우, 신영증권\n(주)세아베스틸\n회사채\n공모\n2022.03.11\n70,000\n3.31%\nA+(한국기업평가, NICE신용평가)\n2025.03.11\nN\n신한금융투자, NH투자증권, 한국투자증권, 신영증권\n(주)세아베스틸\n회사채\n사모\n2022.05.13\n57,888\n3.80%\n-\n2025.05.13\nN\nMUFG은행\n(주)세아베스틸\n기업어음증권\n사모\n2022.04.25\n5,000\n2.35%\nA+(한국기업평가, NICE신용평가)\n2022.05.02\nY\n대신증권\n(주)세아베스틸\n기업어음증권\n사모\n2022.04.25\n5,000\n2.35%\nA+(한국기업평가, NICE신용평가)\n2022.05.02\nY\n대신증권\n(주)세아베스틸\n기업어음증권\n사모\n2022.04.25\n5,000\n2.35%\nA+(한국기업평가, NICE신용평가)\n2022.05.02\nY\n대신증권\n(주)세아베스틸\n기업어음증권\n사모\n2022.04.25\n5,000\n2.35%\nA+(한국기업평가, NICE신용평가)\n2022.05.02\nY\n대신증권\n(주)세아베스틸\n기업어음증권\n사모\n2022.04.25\n5,000\n2.35%\nA+(한국기업평가, NICE신용평가)\n2022.05.02\nY\n대신증권\n(주)세아베스틸\n기업어음증권\n사모\n2022.04.25\n5,000\n2.35%\nA+(한국기업평가, NICE신용평가)\n2022.05.02\nY\n대신증권\n(주)세아베스틸\n기업어음증권\n사모\n2022.05.25\n5,000\n2.30%\nA+(한국기업평가, NICE신용평가)\n2022.05.31\nY\n대신증권\n(주)세아베스틸\n기업어음증권\n사모\n2022.05.25\n5,000\n2.30%\nA+(한국기업평가, NICE신용평가)\n2022.05.31\nY\n대신증권\n(주)세아베스틸\n기업어음증권\n사모\n2022.07.19\n5,000\n3.42%\nA+(한국기업평가, NICE신용평가)\n2022.08.16\nY\nKB증권\n(주)세아베스틸\n기업어음증권\n사모\n2022.07.19\n5,000\n3.42%\nA+(한국기업평가, NICE신용평가)\n2022.08.16\nY\nKB증권\n(주)세아베스틸\n기업어음증권\n사모\n2022.07.19\n5,000\n3.42%\nA+(한국기업평가, NICE신용평가)\n2022.08.16\nY\nKB증권\n(주)세아베스틸\n기업어음증권\n사모\n2022.07.19\n5,000\n3.42%\nA+(한국기업평가, NICE신용평가)\n2022.08.16\nY\nKB증권\n(주)세아베스틸\n기업어음증권\n사모\n2022.08.29\n5,000\n3.30%\nA+(한국기업평가, NICE신용평가)\n2022.09.05\nY\nKB증권\n(주)세아베스틸\n기업어음증권\n사모\n2022.08.29\n5,000\n3.30%\nA+(한국기업평가, NICE신용평가)\n2022.09.05\nY\nKB증권\n(주)세아베스틸\n기업어음증권\n사모\n2022.08.29\n5,000\n3.30%\nA+(한국기업평가, NICE신용평가)\n2022.09.05\nY\nKB증권\n(주)세아베스틸\n기업어음증권\n사모\n2022.08.29\n5,000\n3.30%\nA+(한국기업평가, NICE신용평가)\n2022.09.05\nY\nKB증권\n(주)세아창원특수강\n회사채\n공모\n2022.01.24\n110,000\n2.92%\nA+(한신평, NICE신용평가)\n2025.01.24\nN\nKB투자증권, 키움증권, 대신증권\n(주)세아창원특수강\n기업어음증권\n사모\n2022.01.05\n5,000\n1.90%\nA2+(한기평, NICE신용평가)\n2022.01.26\nY\n신한금융투자\n(주)세아창원특수강\n기업어음증권\n사모\n2022.01.05\n5,000\n1.90%\nA2+(한기평, NICE신용평가)\n2022.01.26\nY\n신한금융투자\n(주)세아창원특수강\n기업어음증권\n사모\n2022.01.10\n5,000\n1.90%\nA2+(한기평, NICE신용평가)\n2022.01.28\nY\n신한금융투자\n(주)세아창원특수강\n기업어음증권\n사모\n2022.01.10\n5,000\n1.90%\nA2+(한기평, NICE신용평가)\n2022.01.28\nY\n신한금융투자\n(주)세아창원특수강\n기업어음증권\n사모\n2022.01.10\n5,000\n1.90%\nA2+(한기평, NICE신용평가)\n2022.01.28\nY\n신한금융투자\n(주)세아창원특수강\n기업어음증권\n사모\n2022.01.10\n5,000\n1.90%\nA2+(한기평, NICE신용평가)\n2022.01.28\nY\n신한금융투자\n(주)세아창원특수강\n기업어음증권\n사모\n2022.01.10\n5,000\n1.90%\nA2+(한기평, NICE신용평가)\n2022.01.28\nY\n신한금융투자\n(주)세아창원특수강\n기업어음증권\n사모\n2022.01.10\n5,000\n1.90%\nA2+(한기평, NICE신용평가)\n2022.01.28\nY\n신한금융투자\n(주)세아창원특수강\n기업어음증권\n사모\n2022.03.17\n5,000\n2.30%\nA2+(한기평, NICE신용평가)\n2022.04.15\nY\n삼성증권\n(주)세아창원특수강\n기업어음증권\n사모\n2022.03.17\n5,000\n2.30%\nA2+(한기평, NICE신용평가)\n2022.04.15\nY\n삼성증권\n(주)세아창원특수강\n기업어음증권\n사모\n2022.04.05\n5,000\n2.30%\nA2+(한기평, NICE신용평가)\n2022.05.02\nY\n삼성증권\n(주)세아창원특수강\n기업어음증권\n사모\n2022.04.05\n5,000\n2.30%\nA2+(한기평, NICE신용평가)\n2022.05.02\nY\n삼성증권\n(주)세아창원특수강\n기업어음증권\n사모\n2022.04.29\n5,000\n2.30%\nA2+(한기평, NICE신용평가)\n2022.05.16\nY\n키움증권\n(주)세아창원특수강\n기업어음증권\n사모\n2022.04.29\n5,000\n2.30%\nA2+(한기평, NICE신용평가)\n2022.05.16\nY\n키움증권\n(주)세아창원특수강\n기업어음증권\n사모\n2022.04.29\n5,000\n2.30%\nA2+(한기평, NICE신용평가)\n2022.05.16\nY\n키움증권\n(주)세아창원특수강\n기업어음증권\n사모\n2022.04.29\n5,000\n2.30%\nA2+(한기평, NICE신용평가)\n2022.05.16\nY\n키움증권\n(주)세아창원특수강\n기업어음증권\n사모\n2022.04.29\n5,000\n2.30%\nA2+(한기평, NICE신용평가)\n2022.05.16\nY\n키움증권\n(주)세아창원특수강\n기업어음증권\n사모\n2022.04.29\n5,000\n2.30%\nA2+(한기평, NICE신용평가)\n2022.05.16\nY\n키움증권\n(주)세아창원특수강\n기업어음증권\n사모\n2022.05.02\n5,000\n2.25%\nA2+(한기평, NICE신용평가)\n2022.05.16\nY\nKB증권\n(주)세아창원특수강\n기업어음증권\n사모\n2022.05.02\n5,000\n2.25%\nA2+(한기평, NICE신용평가)\n2022.05.16\nY\nKB증권\n(주)세아창원특수강\n기업어음증권\n사모\n2022.05.02\n5,000\n2.25%\nA2+(한기평, NICE신용평가)\n2022.05.16\nY\nKB증권\n(주)세아창원특수강\n기업어음증권\n사모\n2022.05.02\n5,000\n2.25%\nA2+(한기평, NICE신용평가)\n2022.05.16\nY\nKB증권\n(주)세아창원특수강\n기업어음증권\n사모\n2022.05.03\n5,000\n2.31%\nA2+(한기평, NICE신용평가)\n2022.05.31\nY\n삼성증권\n(주)세아창원특수강\n기업어음증권\n사모\n2022.05.03\n5,000\n2.31%\nA2+(한기평, NICE신용평가)\n2022.05.31\nY\n삼성증권\n(주)세아창원특수강\n기업어음증권\n사모\n2022.05.10\n5,000\n2.26%\nA2+(한기평, NICE신용평가)\n2022.05.31\nY\nKB증권\n(주)세아창원특수강\n기업어음증권\n사모\n2022.05.10\n5,000\n2.26%\nA2+(한기평, NICE신용평가)\n2022.05.31\nY\nKB증권\n(주)세아창원특수강\n기업어음증권\n사모\n2022.05.10\n5,000\n2.26%\nA2+(한기평, NICE신용평가)\n2022.05.31\nY\nKB증권\n(주)세아창원특수강\n기업어음증권\n사모\n2022.05.23\n5,000\n2.72%\nA2+(한기평, NICE신용평가)\n2022.08.23\nY\n부국증권\n(주)세아창원특수강\n기업어음증권\n사모\n2022.05.23\n5,000\n2.72%\nA2+(한기평, NICE신용평가)\n2022.08.23\nY\n부국증권\n(주)세아창원특수강\n기업어음증권\n사모\n2022.05.23\n5,000\n2.72%\nA2+(한기평, NICE신용평가)\n2022.08.23\nY\n부국증권\n(주)세아창원특수강\n기업어음증권\n사모\n2022.05.23\n5,000\n2.72%\nA2+(한기평, NICE신용평가)\n2022.08.23\nY\n부국증권\n(주)세아창원특수강\n기업어음증권\n사모\n2022.05.30\n5,000\n2.48%\nA2+(한기평, NICE신용평가)\n2022.06.15\nY\nKB증권\n(주)세아창원특수강\n기업어음증권\n사모\n2022.05.30\n5,000\n2.48%\nA2+(한기평, NICE신용평가)\n2022.06.15\nY\nKB증권\n(주)세아창원특수강\n기업어음증권\n사모\n2022.06.03\n5,000\n2.65%\nA2+(한기평, NICE신용평가)\n2022.06.30\nY\nKB증권\n(주)세아창원특수강\n기업어음증권\n사모\n2022.06.03\n5,000\n2.65%\nA2+(한기평, NICE신용평가)\n2022.06.30\nY\nKB증권\n(주)세아창원특수강\n기업어음증권\n사모\n2022.06.03\n5,000\n2.65%\nA2+(한기평, NICE신용평가)\n2022.06.30\nY\nKB증권\n(주)세아창원특수강\n기업어음증권\n사모\n2022.06.03\n5,000\n2.65%\nA2+(한기평, NICE신용평가)\n2022.06.30\nY\nKB증권\n(주)세아창원특수강\n기업어음증권\n사모\n2022.06.30\n5,000\n3.15%\nA2+(한기평, 한신평)\n2022.07.18\nY\nKB증권\n(주)세아창원특수강\n기업어음증권\n사모\n2022.06.30\n5,000\n3.15%\nA2+(한기평, 한신평)\n2022.07.18\nY\nKB증권\n(주)세아창원특수강\n기업어음증권\n사모\n2022.06.30\n5,000\n3.15%\nA2+(한기평, 한신평)\n2022.07.18\nY\nKB증권\n(주)세아창원특수강\n기업어음증권\n사모\n2022.06.30\n5,000\n3.15%\nA2+(한기평, 한신평)\n2022.07.18\nY\nKB증권\n(주)세아창원특수강\n기업어음증권\n사모\n2022.07.19\n5,000\n3.42%\nA2+(한기평, 한신평)\n2022.08.16\nY\nKB증권\n(주)세아창원특수강\n기업어음증권\n사모\n2022.07.19\n5,000\n3.42%\nA2+(한기평, 한신평)\n2022.08.16\nY\nKB증권\n(주)세아창원특수강\n기업어음증권\n사모\n2022.07.19\n5,000\n3.42%\nA2+(한기평, 한신평)\n2022.08.16\nY\nKB증권\n(주)세아창원특수강\n기업어음증권\n사모\n2022.07.19\n5,000\n3.42%\nA2+(한기평, 한신평)\n2022.08.16\nY\nKB증권\n(주)세아창원특수강\n기업어음증권\n사모\n2022.07.19\n5,000\n3.42%\nA2+(한기평, 한신평)\n2022.08.16\nY\nKB증권\n(주)세아창원특수강\n기업어음증권\n사모\n2022.07.19\n5,000\n3.42%\nA2+(한기평, 한신평)\n2022.08.16\nY\nKB증권\n(주)세아창원특수강\n기업어음증권\n사모\n2022.08.09\n5,000\n3.40%\nA2+(한기평, 한신평)\n2022.08.31\nY\nKB증권\n(주)세아창원특수강\n기업어음증권\n사모\n2022.08.09\n5,000\n3.40%\nA2+(한기평, 한신평)\n2022.08.31\nY\nKB증권\n(주)세아창원특수강\n기업어음증권\n사모\n2022.08.09\n5,000\n3.40%\nA2+(한기평, 한신평)\n2022.08.31\nY\nKB증권\n(주)세아창원특수강\n기업어음증권\n사모\n2022.08.09\n5,000\n3.40%\nA2+(한기평, 한신평)\n2022.08.31\nY\nKB증권\n(주)세아창원특수강\n기업어음증권\n사모\n2022.08.23\n5,000\n3.19%\nA2+(한기평, 한신평)\n2022.09.08\nY\n부국증권\n(주)세아창원특수강\n기업어음증권\n사모\n2022.08.23\n5,000\n3.19%\nA2+(한기평, 한신평)\n2022.09.08\nY\n부국증권\n(주)세아창원특수강\n기업어음증권\n사모\n2022.08.23\n5,000\n3.19%\nA2+(한기평, 한신평)\n2022.09.08\nY\n부국증권\n(주)세아창원특수강\n기업어음증권\n사모\n2022.08.23\n5,000\n3.19%\nA2+(한기평, 한신평)\n2022.09.08\nY\n부국증권\n(주)세아창원특수강\n기업어음증권\n사모\n2022.08.31\n5,000\n3.40%\nA2+(한기평, 한신평)\n2022.09.15\nY\nKB증권\n(주)세아창원특수강\n기업어음증권\n사모\n2022.08.31\n5,000\n3.40%\nA2+(한기평, 한신평)\n2022.09.15\nY\nKB증권\n(주)세아창원특수강\n기업어음증권\n사모\n2022.08.31\n5,000\n3.40%\nA2+(한기평, 한신평)\n2022.09.15\nY\nKB증권\n(주)세아창원특수강\n기업어음증권\n사모\n2022.08.31\n5,000\n3.40%\nA2+(한기평, 한신평)\n2022.09.15\nY\nKB증권\n(주)세아창원특수강\n기업어음증권\n사모\n2022.09.15\n5,000\n3.50%\nA2+(한기평, 한신평)\n2022.10.14\nY\nKB증권\n(주)세아창원특수강\n기업어음증권\n사모\n2022.09.15\n5,000\n3.50%\nA2+(한기평, 한신평)\n2022.10.14\nY\nKB증권\n(주)세아창원특수강\n기업어음증권\n사모\n2022.09.15\n5,000\n3.50%\nA2+(한기평, 한신평)\n2022.10.14\nY\nKB증권\n(주)세아창원특수강\n기업어음증권\n사모\n2022.09.15\n5,000\n3.50%\nA2+(한기평, 한신평)\n2022.10.14\nY\nKB증권\n(주)세아창원특수강\n기업어음증권\n사모\n2022.11.01\n5,000\n6.00%\nA2+(한기평, 한신평)\n2022.11.14\nY\nKB증권\n(주)세아창원특수강\n기업어음증권\n사모\n2022.11.01\n5,000\n6.00%\nA2+(한기평, 한신평)\n2022.11.14\nY\nKB증권\n(주)세아창원특수강\n기업어음증권\n사모\n2022.11.01\n5,000\n6.00%\nA2+(한기평, 한신평)\n2022.11.14\nY\nKB증권\n(주)세아창원특수강\n기업어음증권\n사모\n2022.11.01\n5,000\n6.00%\nA2+(한기평, 한신평)\n2022.11.14\nY\nKB증권\n(주)세아창원특수강\n기업어음증권\n사모\n2022.12.01\n14,000\n6.30%\nA2+(한기평, 한신평)\n2023.05.12\nN\n산업은행\n(주)아이언그레이\n회사채\n사모\n2019.03.15\n30,000\n3.20%\nU-A(sf)(한기평, NICE신용평가)\n2022.03.15\nY\n부국증권\n(주)아이언그레이\n회사채\n사모\n2021.11.12\n15,000\n4.30%\n\u3000-*3\n2023.11.12\nN\nNH투자증권\n(주)아이언그레이\n회사채\n사모\n2021.11.12\n18,000\n4.80%\n\u3000-*3\n2024.11.12\nN\nNH투자증권\n(주)아이언그레이\n회사채\n사모\n2021.11.12\n10,000\n4.30%\n\u3000-*3\n2023.11.30\nN\nNH투자증권\n합 \xa0계\n-\n-\n-\n1,348,888\n-\n-\n-\n-\n-\n주1) 최근 사업연도 개시일부터 작성기준일 기준 기간중에 발행한 채무증권 및 당기말 기준 미상환 채무증권을 기재하였습니다.주2) 종속기업인 (주)세아베스틸지주(구, (주)세아베스틸)는 2022년 4월 1일을 분할기일(분할등기일 2022년 4월 5일)로 하여 특수강 제조 등사업부문 일체를 물적분할 후 사명을 주식회사 (주)세아베스틸로 하는 종속기업(설립 후 분할존속법인의 보유지분율 100%)을 신규 설립하였으며, 분할존속법인의 사명을 (주)세아베스틸지주로 변경하였습니다.주3) 해당 사채는 신용평가를 받지 않은 무등급 채권에 해당함.나. 기업어음증권 미상환 잔액(1) 연결기준\n(기준일 :\xa0\n2022년 12월 31일\n)\n(단위 : 백만원)\n잔여만기\n10일 이하\n10일초과30일이하\n30일초과90일이하\n90일초과180일이하\n180일초과1년이하\n1년초과2년이하\n2년초과3년이하\n3년 초과\n합 계\n미상환 잔액\n공모\n\xa0-\xa0\n-\xa0\n-\xa0\n-\xa0\n-\xa0\n-\xa0\n-\xa0\n-\xa0\n-\xa0\n사모\n-\xa0\n-\xa0\n-\xa0\n28,000\xa0\n-\xa0\n-\xa0\n-\xa0\n-\xa0\n28,000\xa0\n합계\n-\xa0\n-\xa0\n-\xa0\n28,000\xa0\n-\xa0\n-\xa0\n-\xa0\n-\xa0\n28,000\xa0\n(2) 별도기준\n1) (주)세아홀딩스\n(기준일 :\xa0\n2022년 12월 31일\n)\n(단위 : 백만원)\n잔여만기\n10일 이하\n10일초과30일이하\n30일초과90일이하\n90일초과180일이하\n180일초과1년이하\n1년초과2년이하\n2년초과3년이하\n3년 초과\n합 계\n미상환 잔액\n공모\n-\xa0\n-\xa0\n-\xa0\n-\xa0\n-\xa0\n-\xa0\n-\xa0\n-\xa0\n-\xa0\n사모\n-\xa0\n-\xa0\n-\xa0\n14,000\xa0\n-\xa0\n-\xa0\n-\xa0\n-\xa0\n14,000\xa0\n합계\n-\xa0\n-\xa0\n-\xa0\n14,000\xa0\n-\xa0\n-\xa0\n-\xa0\n-\xa0\n14,000\xa0\n2) (주)세아창원특수강\n(기준일 :\xa0\n2022년 12월 31일\n)\n(단위 : 백만원)\n잔여만기\n10일 이하\n10일초과30일이하\n30일초과90일이하\n90일초과180일이하\n180일초과1년이하\n1년초과2년이하\n2년초과3년이하\n3년 초과\n합 계\n미상환 잔액\n공모\n-\xa0\n-\xa0\n-\xa0\n-\xa0\n-\xa0\n-\xa0\n-\xa0\n-\xa0\n-\xa0\n사모\n-\xa0\n-\xa0\n-\xa0\n14,000\xa0\n-\xa0\n-\xa0\n-\xa0\n-\xa0\n14,000\xa0\n합계\n-\xa0\n-\xa0\n-\xa0\n14,000\xa0\n-\xa0\n-\xa0\n-\xa0\n-\xa0\n14,000\xa0\n다. 단기사채 미상환 잔액\n(기준일 :\xa0\n2022년 12월 31일\n)\n(단위 : 백만원)\n잔여만기\n10일 이하\n10일초과30일이하\n30일초과90일이하\n90일초과180일이하\n180일초과1년이하\n합 계\n발행 한도\n잔여 한도\n미상환 잔액\n공모\n-\xa0\n-\xa0\n-\xa0\n-\xa0\n-\xa0\n-\xa0\n-\xa0\n-\xa0\n사모\n-\xa0\n-\xa0\n-\xa0\n-\xa0\n-\xa0\n-\xa0\n-\xa0\n-\xa0\n합계\n-\xa0\n-\xa0\n-\xa0\n-\xa0\n-\xa0\n-\xa0\n-\xa0\n-\xa0\n라. 회사채 미상환 잔액(1) 연결기준\n(기준일 :\xa0\n2022년 12월 31일\n)\n(단위 : 백만원)\n잔여만기\n1년 이하\n1년초과2년이하\n2년초과3년이하\n3년초과4년이하\n4년초과5년이하\n5년초과10년이하\n10년초과\n합 계\n미상환 잔액\n공모\n\xa0-\xa0\n170,000\xa0\n180,000\xa0\n30,000\xa0\n-\xa0\n-\xa0\n-\xa0\n380,000\xa0\n사모\n25,000\xa0\n18,000\xa0\n57,888\xa0\n-\xa0\n-\xa0\n-\xa0\n-\xa0\n100,888\xa0\n합계\n25,000\xa0\n188,000\xa0\n237,888\xa0\n30,000\xa0\n-\xa0\n-\xa0\n-\xa0\n480,888\xa0\n(2) 별도기준\n1) (주)세아홀딩스\n(기준일 :\xa0\n2022년 12월 31일\n)\n(단위 : 백만원)\n잔여만기\n1년 이하\n1년초과2년이하\n2년초과3년이하\n3년초과4년이하\n4년초과5년이하\n5년초과10년이하\n10년초과\n합 계\n미상환 잔액\n공모\n-\xa0\n100,000\xa0\n-\xa0\n-\xa0\n-\xa0\n-\xa0\n-\xa0\n100,000\xa0\n사모\n-\xa0\n-\xa0\n-\xa0\n-\xa0\n-\xa0\n-\xa0\n-\xa0\n-\xa0\n합계\n-\xa0\n100,000\xa0\n-\xa0\n-\xa0\n-\xa0\n-\xa0\n-\xa0\n100,000\xa0\n2) (주)세아베스틸지주(구.(주)세아베스틸)\n(기준일 :\xa0\n2022년 12월 31일\n)\n(단위 : 백만원)\n잔여만기\n1년 이하\n1년초과2년이하\n2년초과3년이하\n3년초과4년이하\n4년초과5년이하\n5년초과10년이하\n10년초과\n합 계\n미상환 잔액\n공모\n-\xa0\n70,000\xa0\n-\xa0\n30,000\xa0\n-\xa0\n-\xa0\n-\xa0\n100,000\xa0\n사모\n-\xa0\n-\xa0\n-\xa0\n-\xa0\n-\xa0\n-\xa0\n-\xa0\n-\xa0\n합계\n-\xa0\n70,000\xa0\n-\xa0\n30,000\xa0\n-\xa0\n-\xa0\n-\xa0\n100,000\xa0\n3) (주)세아베스틸\n(기준일 :\xa0\n2022년 12월 31일\n)\n(단위 : 백만원)\n잔여만기\n1년 이하\n1년초과2년이하\n2년초과3년이하\n3년초과4년이하\n4년초과5년이하\n5년초과10년이하\n10년초과\n합 계\n미상환 잔액\n공모\n-\xa0\n-\xa0\n70,000\xa0\n-\xa0\n-\xa0\n-\xa0\n-\xa0\n70,000\xa0\n사모\n-\xa0\n-\xa0\n57,888\xa0\n-\xa0\n-\xa0\n-\xa0\n-\xa0\n57,888\xa0\n합계\n-\xa0\n-\xa0\n127,888\xa0\n-\xa0\n-\xa0\n-\xa0\n-\xa0\n127,888\xa0\n4) (주)세아창원특수강\n(기준일 :\xa0\n2022년 12월 31일\n)\n(단위 : 백만원)\n잔여만기\n1년 이하\n1년초과2년이하\n2년초과3년이하\n3년초과4년이하\n4년초과5년이하\n5년초과10년이하\n10년초과\n합 계\n미상환 잔액\n공모\n-\xa0\n-\xa0\n110,000\xa0\n-\xa0\n-\xa0\n-\xa0\n-\xa0\n110,000\xa0\n사모\n-\xa0\n-\xa0\n-\xa0\n-\xa0\n-\xa0\n-\xa0\n-\xa0\n-\xa0\n합계\n-\xa0\n-\xa0\n110,000\xa0\n-\xa0\n-\xa0\n-\xa0\n-\xa0\n110,000\xa0\n5) (주)아이언그레이\n(기준일 :\xa0\n2022년 12월 31일\n)\n(단위 : 백만원)\n잔여만기\n1년 이하\n1년초과2년이하\n2년초과3년이하\n3년초과4년이하\n4년초과5년이하\n5년초과10년이하\n10년초과\n합 계\n미상환 잔액\n공모\n-\xa0\n-\xa0\n-\xa0\n-\xa0\n-\xa0\n-\xa0\n-\xa0\n-\xa0\n사모\n25,000\xa0\n18,000\xa0\n-\xa0\n-\xa0\n-\xa0\n-\xa0\n-\xa0\n43,000\xa0\n합계\n25,000\xa0\n18,000\xa0\n-\xa0\n-\xa0\n-\xa0\n-\xa0\n-\xa0\n43,000\xa0\n마. 신종자본증권 미상환 잔액(1) 연결기준\n(기준일 :\xa0\n2022년 12월 31일\n)\n(단위 : 백만원)\n잔여만기\n1년 이하\n1년초과5년이하\n5년초과10년이하\n10년초과15년이하\n15년초과20년이하\n20년초과30년이하\n30년초과\n합 계\n미상환 잔액\n공모\n\xa0-\xa0\n-\xa0\n-\xa0\n-\xa0\n\xa0-\xa0\n-\xa0\n-\xa0\n-\xa0\n사모\n-\xa0\n-\xa0\n-\xa0\n-\xa0\n-\xa0\n-\xa0\n-\xa0\n-\xa0\n합계\n-\xa0\n-\xa0\n-\xa0\n-\xa0\n-\xa0\n-\xa0\n-\xa0\n-\xa0\n(2) 별도기준\n1) (주)세아베스틸지주(구.(주)세아베스틸)\n(기준일 :\xa0\n2022년 12월 31일\n)\n(단위 : 백만원)\n잔여만기\n1년 이하\n1년초과5년이하\n5년초과10년이하\n10년초과15년이하\n15년초과20년이하\n20년초과30년이하\n30년초과\n합 계\n미상환 잔액\n공모\n-\xa0\n-\xa0\n-\xa0\n-\xa0\n-\xa0\n-\xa0\n-\xa0\n-\xa0\n사모\n-\xa0\n-\xa0\n-\xa0\n-\xa0\n-\xa0\n100,000\xa0\n-\xa0\n-\xa0\n합계\n-\xa0\n-\xa0\n-\xa0\n-\xa0\n-\xa0\n100,000\xa0\n-\xa0\n-\xa0\n바. 조건부자본증권 미상환 잔액\n(기준일 :\xa0\n2022년 12월 31일\n)\n(단위 : 백만원)\n잔여만기\n1년 이하\n1년초과2년이하\n2년초과3년이하\n3년초과4년이하\n4년초과5년이하\n5년초과10년이하\n10년초과20년이하\n20년초과30년이하\n30년초과\n합 계\n미상환 잔액\n공모\n\xa0 -\xa0\n-\xa0\n-\xa0\n-\xa0\n\xa0-\xa0\n\xa0 -\xa0\n-\xa0\n-\xa0\n-\xa0\n\xa0-\xa0\n사모\n-\xa0\n-\xa0\n-\xa0\n-\xa0\n-\xa0\n-\xa0\n-\xa0\n-\xa0\n-\xa0\n-\xa0\n합계\n-\xa0\n-\xa0\n-\xa0\n-\xa0\n-\xa0\n-\xa0\n-\xa0\n-\xa0\n-\xa0\n-\xa0\n사. 자본으로 인정되는 채무증권의 발행\n종속기업인 (주)세아베스틸지주(구.(주)세아베스틸)은 (주)세아창원특수강의 보통주 취득을 위해 교환사채를 발행하였습니다. 동거래의 주요 내역은 다음과 같습니다. \xa0 \xa0\n㈜세아베스틸과 투자자는 교환대상주식의 정산 등에 관한 주주간 계약을 체결하였으며, 주요 내용은 다음과 같습니다.\n- 조기정산, 중간정산, 만기정산 기준일에 정산기준금액 (1주당 22,500원 적용) 과 실제 매각금액 간 차액에 대해\n\xa0 현금정산(정산금액이 양(+)이 되면 투자자가 ㈜세아베스틸에게 정산금액을 지급하여야 하며,\xa0\n\xa0 정산금액이 음(-)이 되면 ㈜세아베스틸가 투자자에게 정산금액을 지급)\n발행일\n2020.03.16\n발행금액\n100,000,000,000\xa0\n발행목적\n재무적투자자 보유의 (주)세아창원특수강 보통주 취득자금\n발행방법\n사모\n상장여부\n상장\n자본인정에 관한 사항\n회계처리 근거\n자본인정 요건i) 거래상대방에게 현금 등 금융자산을 인도하기로 하는 계약상의 의무가 없어야함ii) 발행자에게 미래에 특정의무를 지는 파생상품성격을 가지고 있어야 함iii) 발행자는 확정된 수량의 자기지분상품을 인도1. 영구채 \xa0- 만기연장권을 발행자가 가지고 있으며 이자지급정지를 발행자의 의사결정으로 정할 \xa0 \xa0 \xa0 수 있음에 따라 지분상품(자본) 분류2. 이자지급정지가 불가한 부분(5년) \xa0- 5년간 이자지급정지가 불가능할 경우, 조기 정산사유에 해당3. 주식교환권 \xa0- 주식교환권이 행사될 경우 \xa0세아창원특수강 주식을 인도하는 계약조건\n만기 및 조기상환가능일\n1. 발행화사의 선택으로, 3년 이내의 경우 발행일로부터 매 1년 경과 시점마다, 3년 이후부터 5년 이내 시점까지는 매 6개월 경과 시 마다, 5년 이후의 경우 매 이자지급일마다 전부 조기상환 가능\n발행금리\n3.51%\n우선순위\n후순위 특약\n주1) 자세한 내용은 감사보고서를 참고하시기 바랍니다.\n아. 사채관리계약 주요내용 및 충족여부 등(1) (주)세아홀딩스\n(작성기준일 :\xa0\n2022년 12월 31일\n)\n(단위 : 백만원, %)\n채권명\n발행일\n만기일\n발행액\n사채관리계약체결일\n사채관리회사\n제20회 무보증회사채\n2021년 05월 28일\n2024년 05월 28일\n100,000\n2021년 05월 14일\n이베스트투자증권 주식회사\n(이행현황기준일 :\xa0\n2022년 12월 31일\n)\n재무비율 유지현황\n계약내용\n본사채의 원리금지급의무 이행이 완료될 때까지 부채비율 200%(별도기준) 이하로 유지하여야 한다\n이행현황\n준수\n담보권설정 제한현황\n계약내용\n본사채 발행 이후 지급보증 또는 담보권이 설정되는 채무의 합계액이 최근 보고서상 자기자본의 300%(별도기준)를 넘지 않는 경우\n이행현황\n준수\n자산처분 제한현황\n계약내용\n하나의 회계년도에 1회 또는 수회에 걸쳐 자산총계의 50%(자산처분 후 1년 이내에 처분가액등을 재원으로 취득한 자산이 있는 경우에는 이를 차감한다)이상의 자산을 매매ㆍ양도ㆍ임대 기타 처분할 수 없다\n이행현황\n준수\n지배구조변경 제한현황\n계약내용\n본사채의 원리금지급의무 이행이 완료될 때까지 지배구조 변경사유(최대주주 변경)가 발생하지 않아야 한다.\n이행현황\n해당사항 없음\n이행상황보고서 제출현황\n이행현황\n이행(2022. 09. 07)\n* 이행현황기준일은 이행현황 판단 시 적용한 회계감사인의 감사의견(확인 및 의견표시)이 표명된 가장 최근의 재무제표의 작성기준일이며, 지배구조변경 제한현황은 공시서류작성기준일임.\n(2) (주)세아베스틸지주(구.(주)세아베스틸)\n(작성기준일 :\xa0\n2022년 12월 31일\n)\n(단위 : 백만원, %)\n채권명\n발행일\n만기일\n발행액\n사채관리계약체결일\n사채관리회사\n제73-2회 무보증사채\n2017년 07월 14일\n2022년 07월 14일\n40,000\n2017년 07월 03일\nIBK투자증권\n(이행현황기준일 :\xa0\n2022년 12월 31일\n)\n재무비율 유지현황\n계약내용\n부채비율 500% 이하\n이행현황\n이행\n담보권설정 제한현황\n계약내용\n발행이후 직전 회계연도 자기자본의 500% 이하\n이행현황\n이행\n자산처분 제한현황\n계약내용\n자산총액의 100% 이내\n이행현황\n이행\n지배구조변경 제한현황\n계약내용\n해당사항없음\n이행현황\n해당사항없음\n이행상황보고서 제출현황\n이행현황\n이행\n* 이행현황기준일은 이행현황 판단 시 적용한 회계감사인의 감사의견(확인 및 의견표시)이 표명된 가장 최근의 재무제표의 작성기준일이며, 지배구조변경 제한현황은 공시서류작성기준일임.\n(작성기준일 :\xa0\n2022년 12월 31일\n)\n(단위 : 백만원, %)\n채권명\n발행일\n만기일\n발행액\n사채관리계약체결일\n사채관리회사\n74-2회 무보증사채\n2019년 07월 31일\n2024년 07월 31일\n70,000\n2019년 07월 19일\nIBK투자증권\n74-3회 무보증사채\n2019년 07월 31일\n2026년 07월 31일\n30,000\n2019년 07월 19일\nIBK투자증권\n(이행현황기준일 :\xa0\n2022년 12월 31일\n)\n재무비율 유지현황\n계약내용\n부채비율 500% 이하\n이행현황\n이행\n담보권설정 제한현황\n계약내용\n발행이후 직전 회계연도 자기자본의 500%이하\n이행현황\n이행\n자산처분 제한현황\n계약내용\n자산총액의 100% 이내\n이행현황\n이행\n지배구조변경 제한현황\n계약내용\n해당사항없음\n이행현황\n해당사항없음\n이행상황보고서 제출현황\n이행현황\n이행\n* 이행현황기준일은 이행현황 판단 시 적용한 회계감사인의 감사의견(확인 및 의견표시)이 표명된 가장 최근의 재무제표의 작성기준일이며, 지배구조변경 제한현황은 공시서류작성기준일임.\n(3) (주)세아베스틸\n(작성기준일 :\xa0\n2022년 12월 31일\n)\n(단위 : 백만원, %)\n채권명\n발행일\n만기일\n발행액\n사채관리계약체결일\n사채관리회사\n제74-1회 무보증사채\n2019년 07월 31일\n2022년 07월 29일\n70,000\n2019년 07월 19일\nIBK투자증권\n(이행현황기준일 :\xa0\n2022년 12월 31일\n)\n재무비율 유지현황\n계약내용\n부채비율 500% 이하\n이행현황\n이행\n담보권설정 제한현황\n계약내용\n발행이후 직전 회계연도 자기자본의 500%이하\n이행현황\n이행\n자산처분 제한현황\n계약내용\n자산총액의 100% 이내\n이행현황\n이행\n지배구조변경 제한현황\n계약내용\n해당사항없음\n이행현황\n해당사항없음\n이행상황보고서 제출현황\n이행현황\n이행\n* 이행현황기준일은 이행현황 판단 시 적용한 회계감사인의 감사의견(확인 및 의견표시)이 표명된 가장 최근의 재무제표의 작성기준일이며, 지배구조변경 제한현황은 공시서류작성기준일임.\n(작성기준일 :\xa0\n2022년 12월 31일\n)\n(단위 : 백만원, %)\n채권명\n발행일\n만기일\n발행액\n사채관리계약체결일\n사채관리회사\n제76회 무보증사채\n2022년 03월 11일\n2025년 03월 11일\n70,000\n2022년 03월 04일\nNH투자증권\n(이행현황기준일 :\xa0\n2022년 12월 31일\n)\n재무비율 유지현황\n계약내용\n부채비율 300% 이하\n이행현황\n이행\n담보권설정 제한현황\n계약내용\n발행이후 직전 회계연도 자기자본의 300%이하\n이행현황\n이행\n자산처분 제한현황\n계약내용\n자산총액의 50% 이내\n이행현황\n이행\n지배구조변경 제한현황\n계약내용\n해당사항없음\n이행현황\n해당사항없음\n이행상황보고서 제출현황\n이행현황\n이행\n주) 이행현황기준일은 이행현황 판단 시 적용한 회계감사인의 감사의견(확인 및 의견표시)이 표명된 가장 최근의 재무제표의 작성기준일이며, 지배구조변경 제한현황은 공시서류작성기준일입니다.(4) (주)세아창원특수강\n(작성기준일 :\xa0\n2022년 12월 31일\n)\n(단위 : 백만원, %)\n채권명\n발행일\n만기일\n발행액\n사채관리계약체결일\n사채관리회사\n제37회 무보증사채\n2022년 01월 24일\n2025년 01월 24일\n110,000\n2022년 01월 12일\n한국예탁결제원\n(이행현황기준일 :\xa0\n2022년 12월 31일\n)\n재무비율 유지현황\n계약내용\n부채비율 300%이하\n이행현황\n이행(74.3%)\n담보권설정 제한현황\n계약내용\n자기자본의 300%이하\n이행현황\n이행(5.4%)\n자산처분 제한현황\n계약내용\n자산총액의 50%\n이행현황\n이행(3억원)\n지배구조변경 제한현황\n계약내용\n최대주주변경\n이행현황\n100%, 세아베스틸지주\n이행상황보고서 제출현황\n이행현황\n제출 예정\n주) 이행현황기준일은 이행현황 판단 시 적용한 회계감사인의 감사의견(확인 및 의견표시)이 표명된 가장 최근의 재무제표의 작성기준일이며, 지배구조변경 제한현황은 공시서류작성기준일입니다.\n7-2. 증권의 발행을 통해 조달된 자금의 사용실적\n가. 공모자금의 사용내역\n(1) (주)세아홀딩스\n(기준일 :\xa0\n2022년 12월 31일\n)\n(단위 : 백만원)\n구 분\n회차\n납입일\n증권신고서 등의 자금사용 계획\n실제 자금사용 내역\n차이발생 사유 등\n사용용도\n조달금액\n내용\n금액\n회사채\n제20회\n2021.05.26\n차환자금운전자금\n100,000\n차환자금(차입금 상환) 및 운전자금\n100,000\n-\n(2) (주)세아베스틸지주(구.(주)세아베스틸)\n(기준일 :\xa0\n2022년 12월 31일\n)\n(단위 : 백만원)\n구 분\n회차\n납입일\n증권신고서 등의 자금사용 계획\n실제 자금사용 내역\n차이발생 사유 등\n사용용도\n조달금액\n내용\n금액\n회사채\n제73-2회 무보증사채\n2017.07.14\n차환자금운전자금\n40,000\n차환자금(차입금 상환)운전자금\n40,000\n-\n회사채\n제74-2회 무보증사채\n2019.07.31\n차환자금운전자금\n70,000\n차환자금(차입금 상환)운전자금\n70,000\n-\n회사채\n제74-3회 무보증사채\n2019.07.31\n차환자금운전자금\n30,000\n차환자금(차입금 상환)운전자금\n30,000\n-\n(3) (주)세아베스틸\n(기준일 :\xa0\n2022년 12월 31일\n)\n(단위 : 백만원)\n구 분\n회차\n납입일\n증권신고서 등의 자금사용 계획\n실제 자금사용 내역\n차이발생 사유 등\n사용용도\n조달금액\n내용\n금액\n회사채\n제74-1회 무보증사채\n2019.07.31\n차환자금운전자금\n70,000\n차환자금(차입금 상환)운전자금\n70,000\n-\n회사채\n제76회 무보증사채\n2022.03.11\n차환자금운전자금\n70,000\n차환자금(차입금 상환)운전자금\n70,000\n-\n(4) (주)세아창원특수강\n(기준일 :\xa0\n2022년 12월 31일\n)\n(단위 : 백만원)\n구 분\n회차\n납입일\n증권신고서 등의 자금사용 계획\n실제 자금사용 내역\n차이발생 사유 등\n사용용도\n조달금액\n내용\n금액\n\xa0제37회무보증사채\n37\n2022.01.24\n차환자금\n110,000\n차환자금\n110,000\n-\n.\n나. 사모자금의 사용내역(1) (주)세아베스틸지주(구.(주)세아베스틸)\n(기준일 :\xa0\n2022년 12월 31일\n)\n(단위 : 백만원)\n구 분\n회차\n납입일\n주요사항보고서의 자금사용 계획\n실제 자금사용 내역\n차이발생 사유 등\n사용용도\n조달금액\n내용\n금액\n교환사채\n제75회무기명식 이권부무보증 후순위 교환사채\n2020.03.16\n(주)세아창원특수강잔여지분 취득\xa0\n100,000\n(주)세아창원특수강잔여지분 취득\n100,000\n-\n(2) (주)세아베스틸\n(기준일 :\xa0\n2022년 12월 31일\n)\n(단위 : 백만원)\n구 분\n회차\n납입일\n주요사항보고서의 자금사용 계획\n실제 자금사용 내역\n차이발생 사유 등\n사용용도\n조달금액\n내용\n금액\n회사채\n-\n2022.05.13\n차환자금운전자금\n57,888\n차환자금(차입금 상환)운전자금\n57,888\n-\n(3) (주)아이언그레이\n(기준일 :\xa0\n2022년 12월 31일\n)\n(단위 : 백만원)\n구 분\n회차\n납입일\n주요사항보고서의 자금사용 계획\n실제 자금사용 내역\n차이발생 사유 등\n사용용도\n조달금액\n내용\n금액\n회사채\n-\n2021.11.12\n운전자금\n15,000\n운전자금\n15,000\n-\n회사채\n-\n2021.11.12\n운전자금\n18,000\n운전자금\n18,000\n-\n회사채\n-\n2021.11.12\n운전자금\n10,000\n운전자금\n10,000\n-\n8. 기타 재무에 관한 사항\n가. 재무제표 재작성에 관한 사항- 해당사항 없음나. 대손충당금 설정현황(연결기준)\n(1) 최근 3사업연도의 계정과목별 대손충당금 설정내역\xa0\n(단위 : 백만원)\n사업부문\n계정과목\n채권 총액\n대손충당금\n대손충당금설정률(%)\n제22기\n매출채권\n914,349\n7,300\n0.80%\n미수금\n20,656\n682\n3.30%\n미수수익\n1,778\n1,504\n84.59%\n대여금\n11,894\n6,623\n55.68%\n보증금\n3,250\n-\n0.00%\n공사미수금\n10,645\n157\n1.47%\n비유동매출채권\n5,206\n5,106\n98.08%\n비유동대여금\n9,316\n-\n0.00%\n비유동보증금\n4,030\n-\n0.00%\n비유동미수수익\n207\n-\n0.00%\n합계\n981,331\n21,372\n2.18%\n제21기\n매출채권\n777,752\n5,744\n0.74%\n미수금\n27,631\n685\n2.48%\n미수수익\n1,649\n1,504\n91.21%\n대여금\n11,181\n3,116\n27.87%\n보증금\n3,980\n-\n0.00%\n공사미수금\n2,327\n158\n6.79%\n비유동매출채권\n5,695\n5,177\n90.90%\n비유동대여금\n9,388\n-\n0.00%\n비유동보증금\n1,798\n-\n0.00%\n비유동미수수익\n139\n-\n0.00%\n합계\n841,540\n16,384\n1.95%\n제20기\n매출채권\n696,834\n7,401\n1.06%\n미수금\n20,631\n2\n0.01%\n미수수익\n1,912\n64\n3.35%\n대여금\n8,099\n600\n7.41%\n보증금\n2,724\n-\n0.00%\n공사미수금\n4,384\n166\n3.79%\n비유동매출채권\n17,410\n4,590\n26.36%\n비유동대여금\n8,967\n400\n4.46%\n비유동보증금\n3,835\n-\n0.00%\n비유동미수금\n75\n-\n0.00%\n비유동미수수익\n44\n16\n36.36%\n합계\n764,915\n13,239\n1.73%\n(2) 최근 3사업연도의 대손충당금 변동현황\n(단위 : 백만원)\n구분\n제22기\n제21기\n제20기\n1. 기초 대손충당금 잔액합계\n16,384\n13,239\n13,829\n2. 순대손처리액(①+②+③)\n(254)\n(1,447)\n(2,370)\n\xa0① 대손처리액 등\n(254)\n(1,447)\n(2,370)\n\xa0② 상각채권회수액\n-\n-\n-\n\xa0③ 기타증감액\n-\n-\n-\n3. 대손상각비 계상(환입)액\n5,242\n4,592\n1,780\n4. 기말 대손충당금 잔액합계\n21,372\n16,384\n13,239\n(3) 매출채권관련 대손충당금 설정방침\n상기 매출채권 및 기타채권은 대여금 및 수취채권으로 분류되며 상각후원가로 측정됩니다. \n연결기업의 매출채권 및 기타채권에 대한 평균 신용공여기간은 90~180일이며, 연결기업은 매출채권에 대해 전체기간 기대신용손실에 해당하는 금액으로 손실충당금을 측정합니다. 90~180일 경과 매출채권 및 기타채권에 대해서는 거래상대방의 과거 채무불이행 경험 및 현재의 재무상태 분석에 근거하여 결정된 미회수 추정금액을 대손충당금으로 설정하고 있습니다.\n상기 매출채권 및 기타채권에는 보고기간말 현재 회수기일이 경과하였으나 신용등급에 중요한 변동이 없고, 90일 이상 경과분 채권에 대한 미수이자를 포함하여 회수가능하다고 판단되어 대손충당금을 설정하지 않은 채권이 포함되어 있습니다. 연결실체는 이러한 채권에 대하여 담보를 설정하거나 기타 신용보강을 받고 있지 않으며, 거래상대방에 대한 연결실체의 채무와 상계할 법적 권리를 보유하고 있지도 않습니다.\n(4) \xa0기간경과별 매출채권 및 기타채권(연결기준)\n(단위 : 백만원)\n구 \xa0분\n90일 이내\n90일~180일\n180일~360일\n360일초과\n합 \xa0계\n매출채권\n801,220\xa0\n92,221\xa0\n12,656\xa0\n13,458\xa0\n919,555\xa0\n기타채권\n44,912\xa0\n3,588\xa0\n4,463\xa0\n8,813\xa0\n61,776\xa0\n합계\n846,132\xa0\n95,809\xa0\n17,119\xa0\n22,271\xa0\n981,331\xa0\n구성비율\n86.20%\n9.80%\n1.70%\n2.30%\n100.00%\n다. 재고자산 현황(연결기준)\n(1) 최근 3사업연도의 재고자산의 사업부문별보유현황(연결기준)\xa0\n(단위 : 백만원)\n사업부문\n계정과목\n제22기\n제21기\n제20기\n제조부문\n제 \xa0 품\n468,609\n436,447\n302,550\n재공품 및 반제품\n508,097\n475,264\n333,861\n원재료 및 부재료\n373,162\n395,592\n276,150\n기 \xa0 타\n212,059\n215,013\n111,551\n소 \xa0 계\n1,561,927\n1,522,316\n1,024,112\nIT부문\n원재료 및 부재료\n300\n-\n-\n기 \xa0 타\n326\n239\n17\n소 \xa0 계\n626\n239\n17\n합 \xa0 계\n제 \xa0 품\n468,609\n436,447\n302,550\n재공품 및 반제품\n508,097\n475,264\n333,861\n원재료 및 부재료\n373,462\n395,592\n276,150\n기 \xa0 타\n212,385\n215,252\n111,568\n합 \xa0 계\n1,562,553\n1,522,555\n1,024,129\n총자산대비 재고자산 구성비율(%) [재고자산합계/기말자산총계 × 100]\n26.4%\n27.5%\n20.1%\n재고자산회전율(회수) [연환산 매출원가/{(기초재고+기말재고)/2}]\n5.4회\n4.3회\n3.7회\n(2) 재고자산의 실사내용\n1) 실사일자각 연결회사 내부방침에 따라 매년말 1회 또는 6월말 및 12월말 기준으로 매년 2회 재고자산 실사를 실시함.2) 실사방법전수조사를 기본으로 실지 재고조사를 실시하고 있으며, 일부 중요성이 높지 않고 품목수가 많은 품목에 한해서는 샘플링 조사를 실시함.3) 재고자산 평가(연결기준)연결기업은 재고자산을 취득원가와 순실현가능가치 중 낮은 금액으로 평가하고 있습니다.재고자산 평가내역은 다음과 같습니다.\n(2022. 12. 31 현재)\n(단위 : 백만원)\n계정과목\n취득원가\n평가손실충당금\n장부금액\n비고\n상품\n32,276\n(1,513)\n30,763\n-\n제품\n483,291\n(14,637)\n468,654\n-\n부재료\n94,689\n(673)\n94,016\n-\n반제품\n6,595\n-\n6,595\n-\n재공품\n524,540\n(23,038)\n501,502\n-\n원재료\n281,685\n(2,240)\n279,445\n-\n저장품\n23,102\n(511)\n22,591\n-\n부산물\n109\n-\n109\n-\n미착품\n158,922\n-\n158,922\n-\n합 계\n1,605,209\n(42,612)\n1,562,597\n-\n4) 주요종속회사 재고자산 실사내용(별도기준)\n① 세아베스틸- 재고자산 실사\n당사의 재고자산 실사는 2022년 12월말 기준으로 외부감사인인 삼일회계법인 소속 공인회계사의 입회하에 실시하였습니다.- 실사장소군산공장, 창녕공장- 실사방법 전수조사 실시를 기본으로 하며, 재공상태이거나 운송중인 재고에 대해서는 전산의 투입이력 및 문서를 참조하여 표본조사를 실시합니다.- 재고자산 평가 재고자산을 취득원가와 순실현가능가치 중 낮은 금액으로 평가하고 있습니다.재고자산 평가내역은 다음과 같습니다.\n(2022.12. 31 현재)\n(단위 : 백만원)\n계정과목\n취득원가\n평가손실충당금\n장부금액\n비고\n제품\n176,753\n(6,890)\n169,863\n-\n부재료\n28,323\n-\n28,323\n-\n반제품\n6,595\n-\n6,595\n-\n재공품\n186,653\n(9,654)\n176,999\n-\n원재료\n65,925\n-\n65,925\n-\n저장품\n10,749\n(511)\n10,238\n-\n미착품\n10,339\n-\n10,339\n-\n합 계\n485,337\n(17,055)\n468,282\n-\n② 세아창원특수강- 재고자산 실사\n당사의 재고자산 실사는 2022년 12월말 기준으로 외부감사인인 삼일회계법인 소속 공인회계사의 입회하에 실시하였습니다.\n- 실사장소창원공장- 실사방법 전수조사 실시를 기본으로 하며, 재공상태이거나 운송중인 재고에 대해서는 전산의 투입이력 및 문서를 참조하여 표본조사를 실시합니다.- 재고자산 평가재고자산을 취득원가와 순실현가능가치 중 낮은 금액으로 평가하고 있습니다.재고자산 평가내역은 다음과 같습니다.\n(2022. 12. 31 현재)\n(단위 : 백만원)\n계정과목\n취득원가\n평가손실충당금\n장부가액\n비고\n제품\n167,603\n(4,312)\n163,291\n-\n재공품\n249,021\n(12,450)\n236,571\n-\n원재료\n103,454\n-\n103,454\n-\n부재료\n59,876\n(673)\n59,203\n-\n저장품\n11,296\n-\n11,296\n-\n미착품\n2,011\n-\n2,011\n-\n합 \xa0 \xa0계\n593,261\n(17,435)\n575,826\n-\n③ 세아특수강\n- 재고자산 실사당사의 재고자산 실사는 2022년 12월말 기준으로 외부감사인인 삼일회계법인 소속 공인회계사의 입회하에 실시하였습니다. - 실사장소포항공장, 충주1공장, 충주2공장- 실사방법 전수조사 실시를 기본으로 하며, 재공상태이거나 운송중인 재고에 대해서는 전산의 투입이력 및 문서를 참조하여 표본조사를 실시합니다. \n- 재고자산 평가재고자산을 취득원가와 순실현가능가치 중 낮은 금액으로 평가하고 있습니다. 재고자산 평가내역은 다음과 같습니다. \n(2022. 12. 31 현재)\n(단위 : 백만원)\n계정과목\n취득원가\n평가손실충당금\n장부가액\n비고\n제품\n53,356\n(1,521)\n51,835\n-\n재공품\n15,522\n(26)\n15,496\n-\n원재료\n50,129\n(147)\n49,982\n-\n부재료\n4,989\n-\n4,989\n-\n저장품\n75\n-\n75\n미착품\n2,922\n-\n2,922\n-\n합 \xa0 \xa0 계\n126,993\n(1,694)\n125,299\n-\n라. 진행률적용 수주계약 현황(연결기준)계약수익금액이 직전사업연도 연결재무제표 상 매출액의 5% 이상인 계약이 존재하지 않습니다.마. 공정가치평가 내역(연결기준)\n당사는 파생상품과 같은 금융상품을 보고기간말 현재의 공정가치로 평가하고 있습니다. 공정가치는 측정일에 시장참여자 사이의 정상거래에서 자산을 매도하면서 수취하거나 부채를 이전하면서 지급하게 될 가격입니다. 공정가치 측정은 자산을 매도하거나 부채를 이전하는 거래가 다음 중 어느 하나의 시장에서 이루어지는 것으로 가정하고 있습니다.- 자산이나 부채의 주된 시장- 자산이나 부채의 주된 시장이 없는 경우에는 가장 유리한 시장연결기업은 주된 (또는 가장 유리한) 시장에 접근할 수 있어야 합니다. 자산이나 부채의 공정가치는 시장참여자가 경제적으로 최선의 행동을 한다는 가정하에 시장참여자가 자산이나 부채의 가격을 결정할 때 사용하는 가정에 근거하여 측정하고 있습니다.비금융자산의 공정가치를 측정하는 경우에는 시장참여자가 경제적 효익을 창출하기 위하여 그 자산을 최고 최선으로 사용하거나 혹은 최고 최선으로 사용할 다른 시장참여자에게 그 자산을 매도하는 시장참여자의 능력을 고려하고 있습니다.연결기업은 상황에 적합하며 관련된 관측가능한 투입변수의 사용을 최대화하고 관측가능하지 않은 투입변수의 사용을 최소화하면서 공정가치를 측정하는 데 충분한 자료가 이용가능한 가치평가기법을 사용하고 있습니다.\xa0\n연결재무제표에서 공정가치로 측정되거나 공시되는 모든 자산과 부채는 공정가치 측정에 유의적인 가장 낮은 수준의 투입변수에 근거하여 다음과 같은 공정가치 서열체계로 구분됩니다.- 수준 1 : 동일한 자산이나 부채에 대한 접근가능한 활성시장의(조정되지 않은) 공시가격- 수준 2 : 공정가치측정에 유의적인 가장 낮은 수준의 투입변수가 직접적으로 또는 간접적으로 관측가능한 투입변수를 이용한 공정가치- 수준 3 : 공정가치측정에 유의적인 가장 낮은 수준의 투입변수가 관측가능하지 않은 투입변수를 이용한 공정가치연결재무제표에 반복적으로 공정가치로 측정되는 자산과 부채에 대하여 연결기업은 매 보고기간말 공정가치측정에 유의적인 가장 낮은 수준의 투입변수에 기초한 분류에 대한 재평가를 통해 서열체계의 수준 간의 이동이 있는지 판단합니다. 공정가치 공시 목적상 연결기업은 성격과 특성 및 위험에 근거하여 자산과 부채의 분류를 결정하고 공정가치 서열체계의 수준을 결정하고 있습니다.공정가치로 측정되거나 공정가치가 공시되는 금융상품과 비금융자산의 공정가치에 대한 공시는 다음의 감사보고서 주석에 설명되어 있습니다.- 평가기법, 유의적 추정치 및 가정 : 주석 41- 공정가치측정 서열체계의 양적 공시 : 주석 41- 투자부동산 : 주석 15- 금융상품(상각후원가로 계상하는 상품 포함) : 주석 40, 41\n']"
