text
"[""\nII. 사업의 내용\n1. 사업의 개요\nKG스틸㈜와 연결대상 종속회사(이하 '연결회사')는 냉연강판, 각종표면처리강판을 주요제품으로 생산 및 판매하는 KG스틸㈜(지배회사)와 동종업을 영위하는 종속회사로 구성된 철강 전문회사입니다.연결회사는 경영진의 의사결정을 위해 경영진에게 제공되는 보고수준에 따라 영업부문을 철강부문, 기타부문으로 구분하였습니다.\n○ 연결회사의 영업부문은 아래와 같습니다.\xa0\n구 분\n영 업\n철강부문\n\xa0냉연, X-TONE(칼라), 석도, 강관, 형강 및 PEB에 대한 생산 및 판매, 철강제품 포장\xa0\n기타부문\n\xa0항만, 임대용역, 금속산화물 제조 및 판매, 서비스업\n가. 보고부문별 요약 재무현황(1) 매출 및 부문이익 현황 \xa0\r\n\xa0 \xa0 \xa0 \xa0 \xa0 \xa0 \xa0 \xa0 \xa0 \xa0 \xa0 \xa0 \xa0 \xa0 \xa0 \xa0 \xa0 \xa0 \xa0(단위: 백만원)\n구 \xa0 \xa0 \xa0분\n제42기\n제41기\n제40기\n매출\n부문이익\n매출\n부문이익\n매출\n부문이익\n철강부문\n3,461,141\xa0\n285,286\xa0\n3,772,874\xa0\n326,813\xa0\n3,315,701\xa0\n290,346\xa0\n기타부문\n161,804\xa0\n(3,269)\n136,713\xa0\n5,467\xa0\n81,578\xa0\n4,695\xa0\n내부거래로 인한 조정\n(193,097)\n(1,606)\n(89,898)\n8,072\xa0\n(42,491)\n1,871\xa0\n합계\n3,429,848\xa0\n280,411\xa0\n3,819,689\xa0\n340,352\xa0\n3,354,789\xa0\n296,912\xa0\n주1) K-IFRS 기준으로 작성하였습니다.\n(2) 자산 및 부채현황\n(단위: 백만원)\n구 분\n제42기\xa0\n제41기\xa0\n제40기\n자산\n철강부문\n2,941,946\xa0\n2,847,614\xa0\n2,605,707\xa0\n기타부문\n339,700\xa0\n264,262\xa0\n225,272\xa0\n내부거래제거\n(86,132)\n(60,369)\n(59,881)\n자산소계\n3,195,514\xa0\n3,051,507\xa0\n2,771,098\xa0\n부채\n철강부문\n1,445,563\xa0\n1,439,939\xa0\n1,707,290\xa0\n기타부문\n78,684\xa0\n33,409\xa0\n9,234\xa0\n내부거래제거\n(219,309)\n(112,006)\n(95,589)\n부채소계\n1,304,938\xa0\n1,361,342\xa0\n1,620,935\xa0\n주1) K-IFRS 기준으로 작성하였습니다.\n2. 주요 제품 및 서비스\n가. 주요 제품 및 서비스에 관한 사항\n\xa0(단위 : 백만원)\xa0\n사업부문\n매출유형\n품 목\n구체적용도\n제 42기\xa0\n제 41기\xa0\n제 40기\n매출액\n비율(%)\n매출액\n비율(%)\n매출액\n비율(%)\n철강부문\n제품/상품\xa0\n냉연강판아연도강판X-TONE 강판석도강판\n○냉연강판 : 자동차 차체, TV브라운관, 가전제품Body등○아연도강판 : 자동차 Muffler부품, TV브라운관 밴드, \xa0 \xa0 \xa0 \xa0 \xa0 \xa0 \xa0 \xa0 \xa0 \xa0 \xa0일반건축재(지붕,벽체) 등○X-TONE 강판 : 건축내외장재, 가전제품(냉장고, 세탁기, \xa0 \xa0 \xa0 \xa0 \xa0 \xa0 \xa0 \xa0 \xa0 에어컨 등), Showcase 등○석도강판 : 음료캔, 식품캔, 오일캔,전자부품, 산업용기 등\n3,163,450\xa0\n87.3%\n3,489,966\xa0\n89.3%\n3,075,854\n90.5%\nPEB\n○PEB : 공장, 창고, 대규모물류센터 등\n68,022\xa0\n1.9%\n63,751\xa0\n1.6%\n39,339\n1.2%\n해외법인판매\n○냉연,아연도,석도,X-TONE 강판 등\n123,999\xa0\n3.4%\n142,694\xa0\n3.6%\n130,831\n3.9%\n기타\n부산물 등\n○철스크랩 판매, 철강제품 포장용역 등\n105,670\xa0\n2.9%\n76,463\xa0\n2.0%\n69,677\n2.1%\n기타부문\n기타\n항만, 임대 등\n○항만하역, 화물보관관리, 임대, 운송 등\n161,804\xa0\n4.5%\n136,713\xa0\n3.5%\n81,578\n2.4%\n총매출액 합계\n3,622,945\xa0\n\u3000-\n3,909,587\xa0\n\u3000-\n3,397,278\xa0\n\u3000-\n내부매출 제거 *\n(193,097)\n\u3000-\n(89,898)\n\u3000-\n(42,491)\n\u3000-\n순매출액 합계\n3,429,848\xa0\n\u3000-\n3,819,689\xa0\n-\n3,354,789\xa0\n\u3000-\n주1) K-IFRS 기준으로 작성하였습니다.주2) 상기 매출액과 매출액 비율(%)은 내부매출 제거 전, 총매출액 기준입니다.주3) 비율(%)은 총매출액 합계 기준입니다.\n연결회사는 냉연강판을 비롯하여 각종 표면처리강판을 주요제품으로 생산/판매하고있으며, 각 제품별 특성, 종류, 용도는 아래와 같습니다.\n[철강부문]1) 냉연강판○ 제품특성용광로, 전로, 열연공정을 거쳐 생산된 Hot Coil제품에 압하를 가해 얇게 만든 강판으로 자동차, 가전제품 등 다양한 용도로 사용되는 기초철강재입니다.○ 제품종류일반냉연, 브라이트강판, High Carbon, Mill Clean○ 제품용도자동차 차체, TV브라운관 및 컴퓨터 모니터용 부품, 냉장고 및 에어컨 부품, 고급 장식용 Mirror 등2) 아연도금강판○ 제품특성기초소재인 냉연강판에 아연을 도금한 것으로 냉연강판에 비해 부식이 잘 되지 않는다는 특성을 가지고 있습니다.○ 제품종류GI(용융아연도금강판), GA(합금화용융아연도금강판), ALCOT(용융알루미늄도장강판), Super Galum, AFP GI, EGI(전기아연도금강판), MgCOT(고내식용융아연도금강판), 바이오코트(항균 도금강판)○ 제품용도자동차 내/외장재, LCD TV 샤시류, 일반건축재(지붕,벽체), 냉장고 및 세탁기 부품, 자동차/가전제품의 내/외판\n3) X-TONE 강판 (칼라강판)○ 제품특성냉연강판, 아연도금강판, 알루미늄강판 등에 페인트를 입히거나 인쇄필름을 접착시켜 표면에 색깔, 또는 무늬를 입힌 강판입니다.○ 제품종류Polyester, Silicon, Sun Clean, Hi-Poly, Printech, Laminated, P.V.D.F, Sun Dura, Emboss, Green Board, 대전방지, 항균 강판, Al-Color, SuperGalum Color○ 제품용도냉장고, 에어컨 등 가전제품의 Body, 건축용 Panel, Door, Shelter 등\xa0\n4) 석도강판○ 제품특성냉연강판에 주석을 도금한 강판으로 아름다운 금속광택을 가지며, 가공성 및 내식성이 뛰어나고 인체에 무해한 강판입니다.○ 제품종류SR TP, DR TP, TFS○ 제품용도음료캔, 식품캔, 오일캔, 페인트캔, 에어로졸캔, 부탄캔, 병마개, 팬시제품, 광케이블 프로텍터, 전자부품, 산업용기 등5) PEB (Pre-Engineered Building System)○ 제품특성PEB시스템은 공간계획에서 부재설계, 제작까지의 전 공정이 일관 설계 프로그램에 의해 수행 관리되는 첨단철골건축시스템입니다.○ 제품용도공장, 창고, 물류센터, 체육관, 항공기 격납고 등 무주(無柱)공간이 필요한 건물 등나. 주요제품 등의 가격 변동 추이\n(천원/톤)\xa0\n사업부문\n품 목\n구분\n제42기\n제41기\n제40기\n철강부문\n판재제품\n내수\n\xa0 \xa0 \xa0 \xa0 \xa0 \xa0 \xa0 \xa0 1,271\xa0\n\xa0 \xa0 \xa0 \xa0 \xa0 \xa0 \xa0 \xa0 1,374\xa0\n\xa0 \xa0 \xa0 \xa0 \xa0 \xa0 \xa0 \xa0 1,273\xa0\n수출\n\xa0 \xa0 \xa0 \xa0 \xa0 \xa0 \xa0 \xa0 1,460\xa0\n\xa0 \xa0 \xa0 \xa0 \xa0 \xa0 \xa0 \xa0 1,902\xa0\n\xa0 \xa0 \xa0 \xa0 \xa0 \xa0 \xa0 \xa0 1,541\xa0\n주1) K-IFRS 기준으로 작성하였습니다.주2) KG지엔에스㈜ 및 해외연결회사(KG STEEL USA INC., DONGBU SINGAPORE PTE.LTD., KG STEEL (THAILAND) Co., Ltd., DONGBU VIETNAM STEEL)는 매출비중이 상대적으로 작아서, 가격변동계산에 포함하지 않았습니다.○ 산출기준- 판재제품 : 냉연강판, 아연도강판, 석도강판, 컬러강판 外- 건재제품 : PEB 外- 각 제품별 총 매출액을 전체 판매량으로 나눈 단순평균가격을 계산 (C&F기준)○ 주요 가격변동원인- 원료가격 상승 및 철강 수요 증가로 가격 상승\n3. 원재료 및 생산설비\n가. 주요 원재료\n\xa0 \xa0 \xa0(단위: 백만원)\xa0\n매입유형\n사업부문\n품 \xa0 목\n매입액\n비율\n비 \xa0 고\n원재료\n철강부문\nHR COIL\n1,846,732\n80%\nPOSCO, 현대제철, JFE, NSC 외\n기타 COIL\n158,132\n7%\n-\n소 \xa0 \xa0계\n2,004,864\n87%\n-\n부원료\n철강부문\n아 \xa0 연\n119,285\n5%\n-\n기 \xa0 타\n173,976\n8%\n페인트 외\n소 \xa0 \xa0계\n293,261\n13%\n-\n합 \xa0 \xa0계\n2,298,125\n100%\n-\n나. 주요 원재료 등의 가격변동 추이\n\xa0(단위 : 천원/톤)\xa0\n품 목\n제42기\n제41기\n제40기\nHR COIL\n805\n980\n968\n아연\n3,936\n4,873\n3,703\n○ 산출기준\n- 상기가격은 당사의 국내, 수입 각 제품별 총구입금액을 입고량으로 나눈 평균 단가이며, 냉연 원재료, 부재료 각각 구매금액 기준으로 주요 품목을 선정 하였습니다.- 수입원료 부대비용(하역비 등)이 포함된 가격입니다.○ 주요 가격변동원인- HR COIL : 고금리 및 글로벌 수요 회복 부진- 아연 : 아연 LME 24% 하락, 적용환율 1.0% 상승다. 생산 설비1) 생산능력 및 생산능력의 산출근거(1) 생산능력 \xa0 \xa0 \xa0\xa0\r\n\xa0 \xa0(단위 : M/T)\n사업부문\xa0\n구분\n품목\xa0\n사업소\xa0\n제42기\xa0\n제41기\n제40기\n철강부문\n판재부문\n열연강판\n당진공장\n-\n-\n3,000,000\n냉연강판\n1,700,000\n1,700,000\n1,700,000\n아연도강판\n870,000\n870,000\n870,000\nX-TONE 강판\n305,000\n305,000\n305,000\n석도강판\n250,000\n250,000\n250,000\n냉연강판\n인천공장\n700,000\n700,000\n700,000\n아연도강판\n650,000\n650,000\n650,000\nX-TONE 강판\n432,000\n432,000\n432,000\n석도강판\n180,000\n180,000\n180,000\n\u3000 소 계\n5,087,000\n5,087,000\n8,087,000\n(2) 생산능력의 산출근거\n① 산출기준\n\xa0- 각 라인별 ton/hr × 가동시간\n② 산출방법\n\xa0- 가동시간 : 이론 가동율 적용 \xa0\n\xa0- 이론 가동율 : 실제 가동시간 / 배치시간 - 배치시간 : 역시간 - 계획휴지 시간\n2) 가동률 및 생산실적(1) 가동률 \xa0 \xa0 \xa0 \xa0\n\xa0(단위 : hour, %)\n사업부문\n품목\n사업소\n제42기가동가능시간\n제42기실제가동시간\n평균 가동률\n철강부문\n판재\n당진공장(냉연)\n44,609\n39,194\n87.9\n인천공장\n61,783\n54,818\n88.7\n합 \xa0 \xa0계\n106,392\n94,012\n88.4\n주1) 상기 자료는 라인별 총 작업 가능 시간을 기준으로 한 가동률입니다.주2) 계획휴지 시간은 가동가능시간에서 제외하였습니다.(2) 생산실적 \xa0 \xa0 \xa0 \xa0\n\xa0 \xa0 (단위 : 천톤)\xa0\n사업부문\n사업소\n품 목\n제42기\n제41기\n제40기\n철강부문\n당진공장\n\xa0냉연강판아연도강판X-TONE 강판석도강판\n1,681\n1,538\n1,566\n인천공장\n냉연강판아연도강판X-TONE 강판석도강판\n615\n570\n764\n소 계\n2,295\n2,108\n2,330\n음성공장\nPEB\n21\n21\n14\n소 계\n21\n21\n14\n합 \xa0계\n2,316\n2,129\n2,344\n3) 생산설비의 현황\n(단위: 백만원)\n과 \xa0 \xa0 \xa0 \xa0 목\n기초\n취득\n처분\n감가상각비\n기타증감\n기말\n토지\n989,192\n-\n-\n-\n4444\n993,636\n건물\n117,250\n-\n-71\n-9,114\n8,474\n116,539\n구축물\n53,518\n124\n-\n-3,650\n790\n50,782\n기계장치\n259,599\n23\n-1,786\n-26,130\n29,076\n260,782\n차량운반구\n877\n44\n-\n-276\n349\n994\n공구와기구\n566\n43\n-\n-191\n73\n491\n비품\n816\n146\n-\n-479\n1813\n2,296\n건설중인자산\n29,130\n51,753\n-\n-\n-41,715\n39,168\n사용권자산\n10,475\n8,352\n-3\n-2,879\n4\n15,949\n합 \xa0 \xa0 \xa0 \xa0 계\n1,461,423\n60,485\n-1,860\n-42,719\n3,308\n1,480,637\n[설비 투자 현황]\n(단위:억원)\n사업부문\n내용\n투자기간\n대상자산\n투자액\n비고\n철강부문\n신·증설, 보완 등\n2023.01~2023.12\n건물/설비 등\n111\n-\n경상투자 등\n2023.01~2023.12\n설비 등\n364\n-\n향후 투자는 주력 사업의 시장 지배력 확대와 중장기 육성 신사업 중심으로 투자를 계획 중이며, 이는 향후 기업여건 및 시장환경에 따라 변동될 수 있습니다.\n4. 매출 및 수주상황\n가. 매출실적\n\xa0 \xa0(단위 : 백만원)\n사업부문\n매출유형\n품 \xa0 목\n매출액(제42기)\n매출액(제41기)\n매출액(제40기)\n철강부문\n제품/상품/기타\n냉연강판,아연도강판,X-TONE 강판,석도강판 등\n내수\n1,470,823\xa0\n1,477,597\xa0\n1,537,295\xa0\n수출\n1,883,400\xa0\n2,231,527\xa0\n1,739,068\xa0\n합계\n3,354,223\xa0\n3,709,124\xa0\n3,276,363\xa0\nPEB 등\n내수\n68,022\xa0\n63,750\xa0\n39,339\xa0\n수출\n-\xa0\n-\xa0\n-\xa0\n합계\n68,022\xa0\n63,750\xa0\n39,339\xa0\n기타부문\n기타\n-\n내수\n200,700\xa0\n136,713\xa0\n81,578\xa0\n총매출액 합계\n내수\n1,739,545\xa0\n1,678,060\xa0\n1,596,812\xa0\n수출\n1,883,400\xa0\n2,231,527\xa0\n1,739,068\xa0\n합계\n3,622,945\xa0\n3,909,587\xa0\n3,397,280\xa0\n내부매출 제거 *\n(193,097)\n(89,898)\n(42,491)\n순매출액 합계\n3,429,848\xa0\n3,819,689\xa0\n3,354,789\xa0\n주1) K-IFRS 기준으로 작성하였습니다.나. 판매경로 및 판매방법 등\n[판재부문]○ 판매조직당사의 판매조직은 국내사업부, 해외사업부, 석판사업부, 해외법인 및 지사로 이루어져 있습니다.○ 판매경로\xa0\n제품의 판매경로는 크게 국내판매 및 해외판매로 구분할 수 있습니다.국내판매의 경우 실수요업체에 직접판매하는 방식과 대리점(유통업체)을 통해 판매하는 방식이 있으며, 해외판매의 경우 직수출(신용장, T/T 거래, DA거래) 및 Local 판매를 병용하고 있습니다. 해외법인인 KG STEEL USA INC. 는 별도의 생산설비 없이 국내에서 생산한 제품을 현지에서 판매하는 역할을 하고 있으며, KG STEEL (THAILAND) Co., Ltd.는 현지에서 생산하여 제품을 판매하고 있습니다. 또한 해외현지 상사를 통한 판매 및 현지고객에 대한 직접판매를 병용하고 있습니다.○ 판매방법 및 조건\n국내판매의 경우 실수요업체 및 대리점에 현금 또는 외상판매를 시행하고 있으며, 해외판매의 경우 취소불능화환 신용장에 의한 판매, D/A(Document against Acceptance)방식의 판매(본지사간), T/T(Telegraphic Transfer)방식에 의한 판매등을 병용하고 있습니다.○ 판매전략실수요자 및 대리점에 대한 지속적인 제품설명 및 판촉활동 및 고객중심의 철저한 A/S 및 B/S를 실시하고 있습니다. 고객의 편의를 위해 주문요청, 출하요청, Claim 신청을 할 수 있는 e-비즈니스 서비스(KG Steel Biz Plaza)체제를 운영중에 있습니다. 이는 고객에게 보다 빠르고 정확한 정보를 제공하기 위하여 WEB을 통해 고객과 접촉하는 시스템이며 고객은 WEB을 통해 주문요청, 출하요청, Claim 신청을 직접 접수 할 수 있음은 물론 요청사항에 대한 결과 조회,관련 서류 직접 발행이 가능합니다.다. 수주상황\n(단위 : \xa0톤, 백만원)\n품목\n수주일자\n납기\n수주총액\n기납품액\n수주잔고\n수량\n금액\n수량\n금액\n수량\n금액\nPEB 철골공사\n-\n-\n21,256\n79,797\n18,093\n56,443\n3,162\n23,353\n일반철골공사\n-\n-\n5,052\n17,848\n3,712\n14,602\n1,340\n3,247\nPEB 제품판매\n-\n-\n\u3000-\n-\n\u3000-\n\u3000-\n-\n-\n합 계\n26,308\n97,645\n21,805\n71,045\n4,502\n26,600\n5. 위험관리 및 파생거래\n가. 시장 위험과 위험 관리연결회사는 신용위험, 유동성위험 및 시장위험(환위험과 이자율변동 위험으로 구분)에 노출되어 있습니다. 이러한 위험요소들을 관리하기 위하여 연결회사는 각각 위험들에 대해 지속적인 모니터링과 예측을 실시하고 그에 대응하는 위험관리 정책을 실시하고 있습니다. \xa0\r\n(1) 신용위험\n신용위험이란 고객이나 거래상대방이 금융상품에 대한 계약상의 의무를 이행하지 않아 연결회사가 재무손실을 입을 위험을 의미합니다. 주로 거래처에 대한 매출채권과 투자자산에서 발생합니다.\n연결회사는 채무자의 채무불이행으로 인한 위험을 통제하기 위해 상대방의 신용도가일정 수준 이상인 거래처와 거래하고, 충분한 담보를 확보하는 정책을 채택하고 있습니다. 주기적으로 거래상대방의 재무상태와 과거 경험 및 기타 요소들을 고려하여 재무신용도를 평가하고 있으며 거래상대방 각각에 대한 신용한도를 설정하고 있습니 다.연결회사는 매출채권과 투자자산에 대해 발생할 것으로 예상되는 손실에 대해 충당금을 설정하고 있습니다. 이 충당금은 개별적으로 유의적인 항목에 대한 구체적인 손상차손과 유사한 특성을 가진 금융자산 집합의 충당금이 발생하였으나 아직 식별되지 않은 손상으로 구성됩니다. 금융자산 집합의 충당금은 유사한 금융자산의 회수에 대한 과거 자료에 근거하여 결정되고 있습니다.\n(가) 매출채권\n① 연결회사는 매출채권에 대해 전체 기간 기대신용손실을 손실충당금으로 인식하는 간편법을 적용합니다. 당기말과 전기말 현재 매출채권의 연령별 장부금액은 다음과 같습니다.\n(단위: 백만원)\n구 \xa0 \xa0분\n제 42(당) 기\n제 41(전) 기\n매출채권 등\n기대손실률\n손실충당금\n매출채권 등\n기대손실률\n손실충당금\n만기미도래\n316,742\n0.0%\n(140)\n334,568\n0.2%\n(728)\n만기경과 0-30 일\n1,301\n-\n-\n4,749\n1.4%\n(68)\n만기경과 31-120 일\n162\n0.3%\n(1)\n429\n1.9%\n(8)\n만기경과 121-365 일\n-\n-\n-\n-\n\u3000\n-\n만기경과 365 일 초과\n11,039\n25.4%\n(2,805)\n4,979\n96.7%\n(4,815)\n합 \xa0 \xa0계\n329,244\n0.9%\n(2,946)\n344,725\n1.6%\n(5,619)\n② 매출채권에 대한 대손충당금의 기중 변동내역은 다음과 같습니다.\xa0\n(단위: 백만원)\n구 \xa0 \xa0분\n제 42(당) 기\n제 41(전) 기\n기초잔액\n5,619\n7,534\n이관\n-\n-\n손상차손 인식\n2,738\n7,920\n손상차손 환입\n(1,470)\n(8,679)\n제각\n(3,941)\n(1,156)\n기말잔액\n2,946\n5,619\n③ 연체되었으나 손상되지 않은 금융자산당기말 현재 담보 및 기타 신용보강의 신용경감을 반영한 채권을 제외하고는 연체되었으나 손상되지 않은 금융자산은 없습니다.(2) 유동성위험\n유동성위험이란 연결회사가 금융부채에 관련된 의무를 충족하는 데 어려움을 겪게 될 위험을 의미합니다.당기말 및 전기말 현재 금융부채의 기간별 상환계획은 다음과 같습니다. 다음의 표에 표시된 금액은 이자지급액을 포함하고, 현재가치로 할인되지 않은 계약상 명목현금흐름을 의미합니다. 한편, 상환계획에는 사채의 차환발행, 차입금의 신용한도를 근거로 한 대환, 매입채무 지급기일 연장 등을 포함하고 있습니다.\n① 제 42(당) 기\xa0\n(단위: 백만원)\n구 \xa0 \xa0 분\n장부금액\n계약상현금흐름\n6개월 이내\n6 ~ 12개월\n1 ~ 2년\n2 ~ 3년\n3 ~ 5년\n5년 이후\n사채\n118,232\n129,568\n946\n1,246\n127,049\n327\n-\n-\n차입금\n793,257\n851,650\n264,138\n8,982\n557,260\n1,539\n19,731\n-\n매입채무\n277,765\n277,765\n277,765\n-\n-\n-\n-\n-\n미지급금\n38,178\n38,178\n38,178\n-\n-\n-\n-\n-\n미지급비용\n31,139\n31,139\n31,139\n-\n-\n-\n-\n-\n리스부채\n17,640\n20,910\n3,119\n2,957\n4,017\n2,035\n3,911\n4,870\n파생상품부채\n-\n-\n\u3000\n-\n-\n-\n-\n-\n합 계\xa0\n1,276,211\n1,349,210\n615,285\n13,185\n688,326\n3,901\n23,642\n4,870\n② 제 41(전) 기\n(단위: 백만원)\n구 \xa0 \xa0 분\n장부금액\n계약상현금흐름\n6개월 이내\n6 ~ 12개월\n1 ~ 2년\n2 ~ 3년\n3 ~ 5년\n5년 이후\n사채\n115,666\n132,699\n1,225\n1,246\n2,491\n2,597\n125,140\n-\n차입금\n892,938\n980,018\n323,322\n6,494\n13,749\n13,232\n623,221\n-\n매입채무\n242,204\n242,204\n242,204\n-\n-\n-\n-\n-\n미지급금\n30,710\n30,710\n30,710\n-\n-\n-\n-\n-\n미지급비용\n32,718\n32,718\n32,718\n-\n-\n-\n-\n-\n리스부채\n15,264\n17,079\n3,262\n2,705\n5,021\n2,979\n1,971\n1,141\n파생상품부채\n759\n759\n759\n-\n-\n-\n-\n-\n합 계\n1,330,259\n1,436,187\n634,200\n10,445\n21,261\n18,808\n750,332\n1,141\n(3) 시장위험\n시장위험이란 시장가격의 변동으로 인하여 금융상품의 공정가치나 미래현금흐름이 변동할 위험을 의미합니다. 시장가격 관리의 목적은 수익은 최적화하는 반면 수용가능한 한계 이내로 시장위험 노출을 관리 및 통제하는 것입니다.\xa0\n(가) 환위험\n연결회사는 기능통화인 원화 외의 통화로 표시되는 판매, 구매 및 차입에 대해 환위험에 노출되어 있습니다. 이러한 거래들이 표시되는 주된 통화는 USD, EUR, JPY 등 입니다. 환율변동에 따른 재무적인 리스크를 최소화하여 안정적인 영업활동을 영위하고자 제반 환리스크에 대해서 연결회사 자체의 환관리지침 및 거래규정에 따라서 지속적으로 평가 및 관리하고 있고, 필요시 금융기관과의 파생상품 거래를 통해 환위험을 헷지하고 있으며 투기적 거래는 엄격히 제한하고 있습니다.① 당기말과 전기말 현재 연결회사의 환위험에 대한 노출정도는 다음과 같습니다.\n(단위:백만원)\n구 \xa0 \xa0분\n제 42(당) 기\xa0\n제 41(전) 기\n자 \xa0 산\n부 \xa0 채\n자 \xa0 산\n부 \xa0 채\nUSD\n359,024\n226,808\n259,831\n312,397\nJPY\n28,078\n754\n3,498\n1,071\n기타\n22,068\n40,691\n16,762\n43,314\n합계\n409,170\n268,253\n280,091\n356,782\n② 당기말과 전기말 현재 외화에 대한 기능통화 환율의 10% 변동이 당기손익에 미치는 영향은 다음과 같습니다.\n(단위: 백만원)\n구 \xa0 \xa0분\n제 42(당) 기\xa0\n제 41(전) 기\n10% 상승\n10% 하락\n10% 상승\n10% 하락\n세전순이익 증가(감소)\n14,092\n(14,092)\n(7,669)\n7,669\n(나) 이자율위험이자율 변동위험에 노출되어 있는 연결회사의 자산과 부채는 예금과 차입금으로, 연결회사는 순이자비용의 최소화를 위하여 지속적으로 시장 이자율 변동 현황 및 시장 예측자료들을 모니터링하고 이를 통한 적절한 예금상품 가입 및 차입방법을 검토하고 있습니다. 또한, 변동이자율차입금과 고정이자율차입금의 비중을 적절히 조절하여 이자율 변동위험을 관리하고 있습니다.당기말과 전기말 현재 연결실체가 보유하고 있는 이자부 금융부채의 장부금액은 다음과 같습니다.\n(단위: 백만원)\n구 \xa0 \xa0분\n제 42(당) 기\n제 41(전) 기\n고정이자율 금융부채\n\xa0 \xa0 \xa0 \xa0 \xa0 \xa0 \xa0 903,657\xa0\n\xa0 \xa0 \xa0 \xa0 \xa0 \xa0 \xa0 994,522\xa0\n변동이자율 금융부채\n\xa0 \xa0 \xa0 \xa0 \xa0 \xa0 \xa0 \xa0 7,832\xa0\n\xa0 \xa0 \xa0 \xa0 \xa0 \xa0 \xa0 \xa014,081\xa0\n합 \xa0 \xa0계\n\xa0 \xa0 \xa0 \xa0 \xa0 \xa0 \xa0 911,489\xa0\n\xa0 \xa0 \xa0 \xa0 \xa0 \xa0 1,008,603\xa0\n당기말 현재 변동이자율차입금의 이자율이 100베이시스포인트 변동하였을 경우에 법인세비용차감전순이익에 미치는 영향을 연간금액으로 환산한 금액은 다음과 같습니다. \xa0\n(단위: 백만원)\n구 \xa0 \xa0분\n제 42(당) 기\xa0\n제 41(전) 기\n100BP 상승\n100BP 하락\n100BP 상승\n100BP 하락\n세전순이익 증가(감소)\n(78)\n78\n(141)\n141\xa0\n(4) 자본위험관리연결회사의 자본관리는 계속기업으로서의 존속능력을 유지하는 한편, 자본조달비용을 최소화하여 주주이익을 극대화하는 것을 그 목적으로 하고 있습니다. 연결회사의 경영진은 자본구조를 주기적으로 검토하고 있으며, 적정 자본구조 개선을 유지를 위해 장ㆍ단기 자금차입 등을 포함한 자금계획을 통하여 전사적으로 최적의 자본구조를 유지하고자 합니다 \xa0당기말과 전기말의 부채비율은 다음과 같습니다.\n(단위: 백만원)\u3000\n구 \xa0 \xa0 \xa0분\n당기말\n전기말\n부채 총계\n1,304,938\n1,361,342\n자본 총계\n1,890,576\n1,690,165\n예금(주1)\n174,191\n133,707\n차입금 및 사채\n911,489\n1,008,604\n부채비율\n69%\n81%\n순차입금(사채포함)비율(주2)\n39%\n52%\n주1) 예금은 현금및현금성자산 및 장ㆍ단기금융상품이 포함되어 있습니다.주2) (차입금 및 사채-예금)/자본 총계 입니다.나. 파생상품\n(1) 공시서류 작성기준일(2023.12.31) 현재 보유중인 파생상품\xa0 \xa0 \xa0 \xa0 \xa0 \xa0 \xa0 \xa0 \xa0 \xa0 \xa0 \xa0 \xa0 \xa0 \xa0 \xa0 \xa0 \xa0 \xa0 \xa0 \xa0 \xa0 \xa0 \xa0 \xa0 \xa0 \xa0 \xa0 \xa0 \xa0 \xa0 \xa0 \xa0 \xa0 \xa0 \xa0 \xa0 \xa0 \xa0 \xa0 \xa0 \xa0 \xa0 \xa0 \xa0 \xa0 \xa0 \xa0(단위 : 천USD)\r\n거래구분\n금융기관\n만기일\n대상통화\n계약금액\n비고\n통화선도\nKEB하나은행\n\xa02024-02-13\xa0\nUSD\n\xa0 \xa0 \xa0 \xa0 \xa0 \xa0 2,000\xa0\n매도\n\xa02024-01-10\xa0\n\xa0 \xa0 \xa0 \xa0 \xa0 \xa0 2,000\xa0\n\xa02024-02-16\xa0\n\xa0 \xa0 \xa0 \xa0 \xa0 \xa0 2,000\xa0\n\xa02024-01-17\xa0\n\xa0 \xa0 \xa0 \xa0 \xa0 \xa0 2,000\xa0\n\xa02024-02-21\xa0\n\xa0 \xa0 \xa0 \xa0 \xa0 \xa0 2,000\xa0\n\xa02024-02-23\xa0\n\xa0 \xa0 \xa0 \xa0 \xa0 \xa0 2,000\xa0\n\xa02024-01-26\xa0\n\xa0 \xa0 \xa0 \xa0 \xa0 \xa0 2,000\xa0\n\xa02024-01-10\xa0\n\xa0 \xa0 \xa0 \xa0 \xa0 \xa0 1,000\xa0\n\xa02024-02-16\xa0\n\xa0 \xa0 \xa0 \xa0 \xa0 \xa0 1,000\xa0\nSMBC\n2024-01-19\n\xa0 \xa0 \xa0 \xa0 \xa0 \xa0 2,000\xa0\n2024-02-06\n\xa0 \xa0 \xa0 \xa0 \xa0 \xa0 2,000\xa0\n2024-01-24\n\xa0 \xa0 \xa0 \xa0 \xa0 \xa0 2,000\xa0\n2024-01-19\n\xa0 \xa0 \xa0 \xa0 \xa0 \xa0 1,000\xa0\n2024-02-06\n\xa0 \xa0 \xa0 \xa0 \xa0 \xa0 1,000\xa0\n2024-01-17\n\xa0 \xa0 \xa0 \xa0 \xa0 \xa0 1,000\xa0\n2024-02-13\n\xa0 \xa0 \xa0 \xa0 \xa0 \xa0 1,000\xa0\n2024-01-24\n\xa0 \xa0 \xa0 \xa0 \xa0 \xa0 1,000\xa0\n2024-02-21\n\xa0 \xa0 \xa0 \xa0 \xa0 \xa0 1,000\xa0\n\xa0 \xa0 \xa0 \xa0 \xa0 \xa0 \xa0 \xa0 \xa0 \xa0 \xa0 \xa0 \xa0 \xa0 \xa0 \xa0 \xa0 \xa0 \xa0 \xa0 \xa0 \xa0 \xa0 \xa0 \xa0 \xa0 \xa0 \xa0 \xa0 \xa0 \xa0 \xa0 \xa0(2) 파생상품계약으로 발생한 실현이익 및 손실상황기준일 : 2023.12.31 \xa0 \xa0 \xa0 \xa0 \xa0 \xa0 \xa0 \xa0 \xa0 \xa0 \xa0 \xa0 \xa0 \xa0(단위 : 백만원)\n거래구분\n평가이익\n평가손실\n거래이익\n거래손실\n통화선도\n616\n-\n2,992\n5,658\n※ 상기 평가이익은 법인세 효과 차감전 금액입니다\n6. 주요계약 및 연구개발활동\n가. 경영상의 주요 계약\n(1) 출자전환 및 채무조정채권금융기관협의회는 재무구조개선 및 투자유치를 위하여 2019년 6월 4일자에 '채무조정 등의 건'을 통해 추가 출자전환 및 채무조정을 결의하였고, 각각 2019년 8월 31일 및 2019년 9월 6일자로 실행되었습니다. 이와 관련한 주요내용은 다음과 같습니다.\xa0\n구분\n내용\n잔여채무의 만기연장및 금리조정\xa0\n1. 출자전환 후 잔여채무에 대한 만기연장 및 금리조정 채권금융기관협의회에 대한 잔여채무의 만기 및 이자율을 하기와 같이 조정① 채무의 만기- 2025년 12월 31일② 금리조정- 적용금리 : 연 2.0%\n나. 연구개발활동\n(1) 연구개발 담당조직기술연구소는 연구지원팀, 선행연구팀, 제품연구팀으로 구성되어 있습니다.\n(가) 기술연구소 \xa0업무분장[연구지원팀]\n\xa0- 기술기획업무, 시험분석 업무 등\n\xa0\n[선행연구팀]\xa0\n\xa0- 미래수요 창출 제품 발굴 및 수행, Smart Factory 구현 등\n\xa0\n[제품연구팀]\n\xa0- 신제품 개발, 공정 개선, 현장 애로기술 지원 등\n(2) 연구개발비용 \xa0\n\xa0(단위 : 백만원)\xa0\n과목\xa0\n제42기\n제41기\n제40기\n연구개발비\n2,017\n2,143\n2,040\n연구개발비/매출액비율(연구개발비용계/당기매출액*100)\xa0\n0.1%\n0.1%\n0.1%\n※ 연결회사 기준(3) 연구개발실적\n년도\n구분\n내용\n2023년\n신제품\n(1) 국내외 가전사 PCM, VCM 개발\n(2) 유럽향 고강도강 개발\xa0\n(3) 가전향 PCM 품질개선\n(4) 가전향 고내식 2C2B PCM 개발\n(5) 내외장재 불연칼라 개발\n(6) 자동차용 고장력 강종 개발\n(7) 자가 BP 확대 (Phase Ⅱ)\xa0\n(8) 이방성이 우수한 DRD용 석도강판 개발\n생산기술연구\n(1) 지능형 안전 CCTV 모니터링 기술개발\n(2) 칼라라인 지능형 안전 CCTV 구축\n(3) 아연도 스팽글 미세화 기술개발\n(4) 저온 경화형 GI Non-Cr 용액 개발\n(5) CGL 열처리로 자동제어 시스템 개발확대\n2022년\n신제품\n(1) 항균 내지문 EGI 강판 개발\n(2) Upgrade Matt 칼라\n(3) 불연도료 개발\n(4) Non-Cr 불연항균강판 개발\n(5) 6가 크롬 대체 도료 개발\n(6) 고연신 박물 석도강판 개발\n(7) 항바이러스 강판 개발\n(8) 자가 BP 확대\n(9) 초고내식 도금강판 기술개발\n(10) 고성능 알루미늄 도금강판 개발\n(11) 태양광모듈(BIPV)용 강판 개발\n생산기술연구\n(1) HR 외관품질 모니터링 기술 개발\n(2) HR Rust 분류 모델 개발\n(3) CGL 열처리로 자동제어 시스템 개발\n(4) #3 CGL 도금 부착량 예측 모델 개발\n2021년\n신제품\n(1) Black Tinted Stonechip 강판 개발\n(2) 고경도 화이트보드 개발\n(3) 세탁기 측판용 Stainless Silver 개발\n(4) D-TV Rear Cover용 EGI H/L 칼라 개발\n생산기술연구\n(1) Wrinkle 개선 기술 개발\n(2) Furnace Pickup 개선 기술 개발\n(3) 럭셔리실버 2C2B 기술 개발\n(4) BP White Stain 개선 기술 개발\n(5) Oven PMT 연산 프로그램 개발\n2020년\n신제품\n(1) EOE tab용 EGI칼라강판 개발\n(2) EN 규격 고강도강 개발\n(3) Relief Icecrystal Matt 제품 개발\n생산기술연구\n(1) 고연신 DR BP 제조기술 개발\n(2) Non Cr 항균 후처리 강판 개발\n(3) 원가 개선형 V번 용액 개발\n(4) DRD 가공성 개선\n(5) 전처리 프라이머 통합형 도료 개발\n(6) V-Matt 생산성 향상 기술 개발\n(7) 저온 경화형 하도 도료 개발\n(8) ALCOT Ingot 운영기술 개발\n(9) SGL Ingot 운영기술 개발\n2019년\n신제품\n(1) 불연 칼라강판 개발\n(2) 3원계 고내식 용융도금강판 개발\n(3) 고내식 EG 도금강판 개발\n생산기술연구\n(1) TP 표면 락카 젖음성 향상 기술 개발\n(2) 칼라강판 Oil Canning 방지 기술 개발\n(3) MgCOT Dross 재활용 기술 개발\n(4) SGL 도금층 가공성 개선\n(5) MgCOT 외판재 용도 확대 개발\n(6) MgCOT 후처리 개발\n(7) ALCOT 도금층 가공성 개선 개발\n7. 기타 참고사항\n가. 상표 또는 고객관리에 관한 중요한 정책연결회사는 고객 상담을 위한 인력 및 시스템을 구축하여 고객의 문의 \xa0및 불편사항에 신속하게 응대하는 한편, 고객의 소리에 귀를 기울여 제품 및 서비스 개선에 만전을 기하고 있습니다.나. 사업과 관련된 중요한 지적재산권(특허권) 등(1) 주요한 발명특허 현황① 철강분야○ 내식성 및 내흑변성이 우수한 마그네슘 함유 합금 도금 강판용 코팅 조성물 및 \xa0 \xa0 \xa0 \xa0 이를 포함하는 강판○ 도금 조성물, 이를 이용한 도금 강재의 제조방법 및 도금 조성물이 코팅된 도금 \xa0 \xa0 \xa0 \xa0강재○ 고내식 도금강판 및 그 제조방법○ 항균성 무기 조성물, 항균성 무기 조성물이 도포된 도금강판 및 그 제조방법② 신소재분야○ 자력을 이용한 X-TONE 강판의 제조방법 및 이 방법으로 제조된 X-TONE 강판○ 내식성, 가공성 및 표면 외관이 뛰어난 알루미늄-아연계 합금도금 조성물 및 그를 \xa0 \xa0이용한 도금강재의 제조 방법○ 표면처리 조성물 및 이를 이용한 전기주석도금강판의 표면 코팅방법○ 전자기력을 이용한 X-TONE 강판의 제조방법, 제조장치 및 제조된 X-TONE \xa0 강판\n(2) 산업재산권 보유 현황\xa0\n\xa0(단위 : 건)\xa0\n구분\n특허\n디자인\n실용\n서비스표\n상표\n국내\n국외\n국내\n국내\n국내\n국내\n국외\n출원\n4\n-\n-\n-\n-\n-\n1\n등록\n50\n1\n18\n0\n5\n40\n14\n합계\n54\n1\n18\n0\n5\n40\n15\n다. 환경 관련 사항(1) 환경관련 연혁1999. 11 - 아산만공장 준공1999. 12 - 아산만공장 ISO 14001 인증2001. 05 - 아산만공장 바다의날 기념 도지사 유공표창 (충청남도)2001. 12 - 아산만공장 환경친화기업(환경부)2003. 11 - ISO14001 재인증 (전 사업장 통합인증)2004. 09 - 대한민국 녹색영영대상 최우수상 수상 (한국능률협회)2007. 02 - 굴뚝자동측정기(TMS) 2기 설치(아산만공장)2008. 03 \xa0- 환경친화기업 4회 연속 지정(인천공장)2008. 06 \xa0- 국가환경경영대상 대통령 표창 수상2008. 11 \xa0- \xa0전국 화학물질 배출저감 경진대회 대상 수상2008. 12 \xa0- 수도권 대기총량제 우수 저감사례 우수상 수상2009. 10 \xa0- 에너지관리공단과 온실가스 인벤토리 구축 및 검증사업 공동 추진 협약 \xa0 \xa0 \xa0 \xa0 \xa0 \xa0 \xa0 \xa0 (아산만공장)2009. 12 \xa0- 탄소배출권거래제 시범사업 MOU체결2010. 04 \xa0- 녹색기업 지정2010. 07 \xa0- 전국 녹색경영 우수사례 발표대회 은상 수상2010. 09 \xa0- 온실가스·에너지 목표관리제 관리업체 지정2013. 07 \xa0- KG스틸㈜ 인천공장 녹색기업 재지정2015. 01 - 온실가스 배출권거래제 할당대상업체 지정2016. 07 - 녹색기업 재지정(인천공장, 6회 연속)2017. 07 - 환경경영시스템(ISO 14001:2015) 개정 규격 인증2018. 04 \xa0- 미세먼지민간사업장 비상저감조치 자발적참여 체결2019. 07 - 녹색기업 재지정(인천공장, 7회 연속)2020. 10 - 화학안전공동체 반장사 지정(인천공장)2021. 01 - 고농도 계절 미세먼지 저감 자발적 협약서 체결(인천공장-인천광역시)2021. 03 - 굴뚝자동측정기(TMS) 3기 신설(인천공장)2021. 06 - 화물차 미세먼지 자발적협약서 체결(인천공장)2021. 06 - 당진지역 화학안전공동체 협약 (당진공장)2021. 09 - 충남도 대기오염물질 자발적 감축 협약 체결(당진공장-충청남도)2021. 09 - 환경경영시스템(ISO 14001:2015) 개정 규격 재인증2021. 09 - 굴뚝자동측정기(TMS) 4기 추가 설치(당진공장)2021. 11 - 당진시 대기오염물질 자발적 감축 및 수송부문 배출저감 협약 체결 \xa0 \xa0 \xa0 \xa0 \xa0 \xa0 \xa0 (당진공장-당진시청)2022. 12 - 질소산화물 저감시설 선택적 환원 촉매(SCR) 1기 설치(당진공장)2022. 12 - 통합환경관리 허가취득(당진공장)2022. 12 - 굴뚝자동측정기(TMS) 4기 추가 설치(인천공장)2023. 03 - 2045 탄소중립 실천 협약 체결(당진공장-당진시청)2023. 04 - 질소산화물 저감시설 선택적 환원 촉매(SCR) 2기 설치(인천공장)2023. 05 - 2045 탄소중립 실천 협약 체결(인천공장-인천광역시)2023. 05 - 굴뚝자동측정기(TMS) 1기 추가 설치(인천공장)2023. 06 - 대기오염방지시설 축열식연소산화장치(RTO) 1기 교체 설치(인천공장)2023. 06 - 굴뚝자동측정기(TMS) 3기 추가 설치(당진공장)2023. 11 - 비점오염 저감시설 설치(인천공장)(2) 환경시설 관리① 대기관리대기오염물질 배출저감을 위하여 청정연료인 LNG로 변경 및 대기방지시설 보완을 지속 실시하여 배출허용기준 이하 관리하고 있으며, 또한 배출시설 및 방지 시설 부분에 대하여 자율관리 정착을 위하여 배출농도를 상시 감시하고 있습니다.② 수질관리수질오염물질 저감을 위하여 원폐수 농도를 분석관리 및 폐수농도에 따라 성상별로분리하여 폐수처리하고 있으며, 수처리 전문기업 베올리아와 공동폐수처리를 하여 환경사고예방과 방류수 수질 관리에 적극 노력하고 있으며, 폐수 방류수 재활용 설비를도입하여 LINE 냉각수로 현재 재사용 중입니다.③ 폐기물 관리폐기물은 사업장폐기물과 지정폐기물로 분류되는데 사업장폐기물은 최대한 자원재활용을실시하고 있으며 부득이하게 배출되어야 하는것은 위탁처리하여 안정적으로 처리하고 있습니다. 또한 폐기물 감량화를 위하여 폐기물 실명제 활동 강화,아나바다운동 전개로 폐기물 감소 및 자원재활용을 확대해 나가고 있습니다.④ 화학물질 관리유해화학물질 사용공정에 대하여서는 MSDS (Material Safety Data Sheet)를 구비하고 있으며, 유독물관리지침을 배포하여 유독물 안전사고에 만전을 기하고 있습니다.\n라. 산업의 특성 및 시장여건[철강부문](1) 산업의 특성 \xa0\r\n철(Fe)은 지구상에 매장량이 풍부하고, 가공성이 우수하며, 단단한 장점을 가지고 있어 인류 역사와 함께 하면서 가장 널리 사용되고 있는 금속입니다.\n철강산업은 철을 함유하고 있는 철광석, 철스크랩 등을 녹여 쇳물을 만들고 불순물을줄인 후 연주 및 압연과정을 거쳐 열연강판, 냉연강판, 강관 등 최종 철강제품을 만들어내는 산업입니다. 이렇게 생산된 철강재는 자동차, 조선, 전자, 기계, 건설 등 대부분의 2차 산업에서 기초소재로 쓰이기 때문에 소재산업의 특성상 전후방 산업과의 연관효과가 매우 크고, 그 시장규모가 타 제조업종에 비해 상당히 큰 편입니다.\n또한, 자본집약적 장치산업으로 초기에 막대한 설비투자가 요구됩니다. 초기 투자 이후에도 제품 생산성 유지 및 향상을 위한 경상적 투자, 경제성장에 따른 수요증가에 대응하기 위한 생산능력 확대 투자가 지속적으로 수반되어야 합니다. 이러한 자본집약적 장치산업의 특성은 신규기업이 사업에 진입하는데 높은 진입장벽으로 작용하고있으며, 높은 시장 집중도의 요인이 되고 있습니다.\n(2) 경기변동의 특성철강산업은 생산규모가 크고 증설에 장기간이 소요되기 때문에 호황기에 즉각적인 증설이 어려울 뿐만 아니라 불황기에도 설비 폐쇄 및 제거에 큰 비용이 발생하기 때문에 생산감축 역시 쉽지 않습니다. 즉, 철강산업은 경기 변동에 따른 즉각적인 대응이 어려워 불황기에 거액의 손실발생, 호황기 투자계획 확정의 곤란을 겪을 수 있습니다. 장치산업의 특성상 설비투자에 장기간의 시간과 대규모의 자금이 소요되나 일단 증설이 완료될 경우, 공급능력은 계단식 증가현상을 보입니다. 반면, 철강수요는 경제성장에 따라 완만한 증가속도를 보이는 것이 일반적이어서 업계의 설비증설이 있을 경우 공급과잉이 발생해 제품 가격이 급락할 수 있습니다.철강재의 경우 전산업의 기초소재로서 전체 경기변동의 영향을 받고, 개별수요 산업의 부침에 따라 제품별 편차가 있습니다. 계절적인 변동의 영향은 적으나, 석도강판의 경우 하절기 기온에 의한 음료시장의 경기변동에 영향이 있습니다. \xa0\n(3) 성장성한국은 글로벌 6위 철강 생산국입니다. 중국, 인도, 미국 등에 이어 세계적으로 경쟁력 있는 조강 생산능력을 갖추고 있으며 연간 생산액도 약 96조원에 이르는 등 제조업에서도 높은 비중을 차지하는 중요한 장치산업입니다.환경규제의 강화와 전세계 공급과잉이라는 극복해야할 과제는 분명히 존재하지만 \xa0스마트 철강 제조 생태계 구축을 위한 시범 모델을 마련하고, 원료투입에서부터 제조공정과 유통,가격,인증에 이르는 전 생산과정의 '디지털전환'이 정착된다면 철강산업은 제2의 전성기를 맞이하게 될 것입니다.(4) 시장에서 경쟁력을 좌우하는 요인철강 산업의 미래 환경은 4차 산업혁명의 시대에 맞춰 변화하고 있습니다.산업의 질서파괴가 급속히 전개되면서 기존에 보유한 경쟁우위는 무의미해지고 있으며, 4차 산업혁명의 도약에 연계하며 세계 철강산업도 스마트 공장(Smart Factory)을 적극 추진하고 있습니다.인공지능ㆍ빅데이터 접목 등을 통해 생산 최적화와 공장 효율 극대화에 초점을 맞추고 있는 회사만이 경쟁우위를 점할 것이며 그렇지 못한 회사는 점차 도태되어 기업의영속성을 유지하기 힘들 것입니다.\n[기타부문]항만하역 사업(1) 산업의 특성항만하역은 선박을 이용하여 운송된 화물을 화주 또는 선박운항업자의 위탁을 받아 항만에서 선박으로부터 인수하거나 화주에게 인도하는 행위이며, 항만에서 화물을 선박에 싣거나 보관/장치/운반하는 등 항만에서의 화물 유통을 수행하는 작업을 말합니다.\xa0\n항만은 우리나라 수출입 물동량의 대부분을 처리하는 핵심 국가기간시설로, 전세계 교역량의 90% 정도가 항만물류 활동을 통해 처리되고 있기 때문에 항만의 경쟁력은국가경쟁력과 직결된다고 할 수 있습니다.항만하역 기술의 지속적 향상으로 하역서비스는 동질화되고 있어 중장기적으로 차별화 유지가 어렵고, 불규칙한 수요에 즉각 대응이 쉽지 않은 공급의 비탄력성이 강합니다. 또한 공적인 성격이 강해 장소, 노동력, 요금 등의 측면에서 다양한 규제를 받습니다.(2) 경기변동의 특성항만하역은 대외무역과 관련된 물류산업의 일부로 공적인 서비스산업의 성격을 띠며항만별 물류합리화를 위해 인프라, 하역 및 이송 장비 등에 대한 대규모 투자가 필요하여 신규시장진입이 어렵습니다. 또한 경제성장률, 세계 경기, 산업 구조 변화, 인접 국가와의 경쟁강도, 해운업체들의 전략, 환율 등 수많은 변수에 영향을 받기 때문에 계절적인 요인과 국가경제와 경기에 따라 항만물동량의 편차가 큰 편입니다.(3) 성장성국내 항만산업은 과거 수출입 무역확대, 동북아 물류중심국가 건설, 국가 항만정책과맞물려 정부의 재정지원이 집중되었고, 그 결과 항만 시설의 대대적인 확충으로 현재는 과당경쟁의 양상을 보이고 있습니다.또한 제조업 생산기지의 국외이전, 경제성장 둔화에 따라 수출입 물동량은 정체상태이고, 특히 대외적으로 중국, 일본 등 동북아 국가의 항만시설 확충에 따른 환적화물 수주 경쟁이 치열한 상황입니다.[전국 항만물동량 추이]\xa0\n(단위 : 천톤(R/T), %)\n구 분\n2019년\n2020년\n2021년\n2022년\n2023년\n총물동량\n1,643,966\n1,499,254\n\xa01,593,113\n\xa01,551,707\n1,551,031\n증감률\n1.2%\n-8.8%\n6.3%\n-2.6\n-0.1\n주1) 출처 : 해양수산부 (SP-IDC:해운항만물류정보센터)(4) 시장에서 경쟁력을 좌우하는 요인최근 항만하역 분야의 가장 큰 이슈는 4차산업 혁명 기술 발전에 따른 스마트 항만 구축 입니다. 설비자동화로 불필요한 인건비를 절감할 수 있고 선박의 대기시간을 줄이는 등 비용 절감과 효율성 증대 효과를 누릴 수 있습니다. 나아가 4차 산업혁명 기술이 급속하게 발전하고 초대형 선박이 늘어남에 따라 보다 혁신적인 하역 서비스가 요구되고 있으며, 세계 주요 항만들은 스마트항만 실현을 위해 화물정보공유시스템을 개발, 적용하고자 노력하고 있습니다. \xa0\n""]"
