text
"[""\nIII. 재무에 관한 사항\n1. 요약재무정보\n가. \xa0요약연결재무정보\n\xa0(1) 요약연결재무상태표\n(단위 : 백만원)\n구 분\n제38기 3분기\n제37기 기말\n제36기 기말(*1)\n[현금및현금성자산]\n734,580\n1,240,190\n941,899\n[당기손익인식금융자산]\n-\n-\xa0\n11,385,740\n[당기손익-공정가치측정금융자산]\n15,714,811\n15,868,274\n-\n[매도가능금융자산]\n-\n-\xa0\n6,204,582\n[기타포괄손익-공정가치측정금융자산]\n11,814,069\n11,226,454\n-\n[만기보유금융자산]\n-\n-\xa0\n11,347,594\n[대여금및수취채권]\n-\n-\xa0\n4,655,892\n[상각후원가측정대여금및수취채권]\n3,453,285\n4,254,294\n-\n[파생상품자산]\n269,181\n202,095\n166,857\n[관계기업투자주식]\n80,380\n78,659\n68,996\n[투자부동산]\n-\n-\xa0\n42,647\n[무형자산]\n31,381\n39,872\n40,884\n[유형자산]\n97,955\n89,643\n99,053\n[기타자산]\n115,391\n92,542\n87,367\n자산총계\n32,311,033\n33,092,023\n35,041,511\n[보험계약부채]\n26,345,856\n25,783,803\n24,228,609\n[투자계약부채]\n2,827,468\n3,175,249\n4,625,375\n[당기손익인식금융부채]\n-\n-\xa0\n211,570\n[파생상품부채]\n35,566\n28,035\n-\n[기타부채]\n693,144\n1,194,189\n1,889,010\n부채총계\n29,902,034\n30,181,276\n30,954,564\n지배회사지분\n2,408,999\n2,910,747\n4,086,947\n[자본금]\n990,715\n990,715\n990,715\n[자본잉여금]\n181,384\n181,384\n181,384\n[자본조정]\n(371,276)\n(371,276)\n(371,276)\n[기타포괄손익누계액]\n(164,054)\n407,553\n1,599,813\n[이익잉여금]\n1,772,230\n1,702,371\n1,686,311\n비지배지분\n-\n-\n-\n자본총계\n2,408,999\n2,910,747\n4,086,947\n※ 제38기와 제37기는 K-IFRS(한국채택국제회계기준) 연결재무제표, K-IFRS 제1117호 및 제1109호 기준으로 작성하였습니다. (*1) 기업회계기준서 제1117호 및 제1039호 기준으로 작성하였습니다.\n\xa0(2) \xa0요약연결포괄손익계산서 \xa0\n(단위 : 백만원)\n구분\n제38기 3분기\n제37기\n제36기(*1)\n영업수익\n3,296,055\n5,053,419\n6,181,953\n영업비용\n3,212,670\n4,884,298\n6,019,560\n영업이익\n83,385\n169,121\n162,393\n영업외수익\n7,061\n6,263\n7,018\n영업외비용\n7,053\n10,416\n4,876\n법인세비용차감전순이익\n83,393\n164,968\n164,535\n법인세비용\n13,535\n47,763\n39,720\n분기순이익\n69,858\n117,205\n124,815\n지배기업 소유지분\n69,858\n117,205\n124,815\n비지배지분\n기타포괄손익\n(571,606)\n41,072\n1,296,348\n분기총포괄이익\n(501,748)\n158,277\n1,421,163\n기본주당이익(단위 : 원)\n535\n\xa0 \xa0 \xa0 \xa0 \xa0 \xa0 \xa0 \xa0 \xa0 \xa0898\n957\n희석주당이익(단위 : 원)\n535\n\xa0 \xa0 \xa0 \xa0 \xa0 \xa0 \xa0 \xa0 \xa0 \xa0898\n957\n연결에 포함된 회사수\n3\n3\n5\n※ 영업수익은 연결포괄손익계산서의 보험서비스 및 투자서비스 수익의 합계이고, 영업비용은 보험서비스 및 투자서비스 비용의 합계입니다.※ 제38기와 제37기는 K-IFRS(한국채택국제회계기준) 연결재무제표, K-IFRS 제1117호 및 제1109호 기준으로 작성하였습니다. (*1) 기업회계기준서 제1117호 및 제1039호 기준으로 작성하였습니다.나. 요약별도재무정보\n\xa0 (1) 요약별도재무상태표\n(단위 : 백만원)\n구 분\n제38기 3분기\n제37기 기말\n제36기 기말(*1)\n[현금및현금성자산]\n713,310\xa0\n1,227,248\n916,711\n[당기손익인식금융자산]\n-\xa0\n-\n10,970,913\n[당기손익-공정가치측정금융자산]\n15,649,980\xa0\n15,850,238\n-\n[매도가능금융자산]\n-\xa0\n-\n6,627,442\n[기타포괄손익-공정가치측정금융자산]\n11,814,069\xa0\n11,226,454\n-\n[만기보유금융자산]\n-\xa0\n-\n11,347,594\n[대여금및수취채권]\n-\xa0\n-\n4,614,311\n[상각후원가측정-대여금및수취채권]\n3,420,351\xa0\n4,193,467\n-\n[파생상품자산]\n269,181\xa0\n202,095\n163,291\n[관계종속기업투자주식](*2)\n142,043\xa0\n142,043\n142,043\n[투자부동산]\n-\xa0\n-\n-\n[무형자산]\n30,860\xa0\n39,452\n40,581\n[유형자산]\n90,090\xa0\n82,399\n89,841\n[기타자산]\n102,769\xa0\n82,797\n78,368\n자산총계\n32,232,653\xa0\n33,046,193\n34,991,095\n[보험계약부채]\n26,345,856\xa0\n25,783,803\n24,228,609\n[투자계약부채]\n2,827,468\xa0\n3,175,249\n4,625,375\n[파생상품부채]\n18,742\xa0\n20,641\n198,301\n[기타부채]\n635,786\n1,152,236\n1,850,285\n부채총계\n29,827,852\xa0\n30,131,929\n30,902,570\n[자본금]\n990,715\xa0\n990,715\n990,715\n[자본잉여금]\n181,384\xa0\n181,384\n181,384\n[자본조정]\n(371,175)\n(371,175)\n(371,175)\n[기타포괄손익누계액]\n(171,531)\n400,104\n1,684,656\n[이익잉여금]\n1,775,408\xa0\n1,713,236\n1,602,945\n자본총계\n2,404,801\xa0\n2,914,264\n4,088,525\n※ 제38기와 제37기는 K-IFRS(한국채택국제회계기준) 별도재무제표, K-IFRS 제1117호 및 제1109호 기준으로 작성하였습니다.(*1) 기업회계기준서 제1117호 및 제1039호 기준으로 작성하였습니다.(*2) 관계종속기업투자주식의 평가방법은 원가법을 사용하여 평가하였습니다.\n\xa0 (2) \xa0요약별도포괄손익계산서 \xa0\n(단위 : 백만원)\n구 분\n제38기 3분기\n제37기 기말\n제36기 기말(*1)\n영업수익\n3,197,568\xa0\n4,875,019\n6,024,996\n영업비용\n3,122,168\xa0\n4,708,247\n5,874,220\n영업이익\n75,400\xa0\n166,772\n150,776\n영업외수익\n6,860\xa0\n6,078\n6,587\n영업외비용\n6,972\xa0\n10,095\n4,453\n법인세비용차감전순이익\n75,288\xa0\n162,755\n152,910\n법인세비용\n13,117\xa0\n37,755\n29,440\n분기순이익\n62,171\xa0\n125,000\n123,470\n기타포괄손익\n(571,634)\n(1,613)\n1,283,421\n분기총포괄이익\n(509,463)\n123,387\n1,406,891\n기본주당이익(단위 : 원)\n476\n958\n947\n희석주당이익(단위 : 원)\n476\n958\n947\n※ 영업수익은 포괄손익계산서의 보험서비스 및 투자서비스 수익의 합계이고, 영업비용은 보험서비스 및 투자서비스 비용의 합계입니다.※ 제38기와 제37기는 K-IFRS(한국채택국제회계기준) 별도재무제표, K-IFRS 제1117호 및 제1109호 기준으로 작성하였습니다(*1) 기업회계기준서 제1117호 및 제1039호 기준으로 작성하였습니다.\n2. 연결재무제표\n2-1. 연결 재무상태표\n연결 재무상태표\n제 38 기 3분기말 2024.09.30 현재\n제 37 기말 \xa0 \xa0 \xa0 \xa0 \xa02023.12.31 현재\n(단위 : 원)\n\u3000\n제 38 기 3분기말\n제 37 기말\n자산\n\u3000\n\u3000\n\u3000현금및현금성자산 (주6,7)\n734,580,024,864\n1,240,190,271,130\n\u3000당기손익-공정가치측정금융자산 (주6,8,34)\n15,714,810,732,885\n15,868,274,468,285\n\u3000\u3000당기손익-공정가치측정유가증권\n15,669,915,993,450\n15,825,633,669,198\n\u3000\u3000당기손익-공정가치측정기타금융자산\n44,894,739,435\n42,640,799,087\n\u3000기타포괄손익-공정가치측정금융자산 (주6,9)\n11,814,069,090,092\n11,226,454,380,747\n\u3000\u3000기타포괄손익-공정가치측정유가증권\n11,814,069,090,092\n11,226,454,380,747\n\u3000상각후원가측정금융자산 (주6,9,11)\n3,453,285,397,436\n4,254,293,795,956\n\u3000\u3000상각후원가측정대출채권\n2,711,727,414,778\n3,184,091,927,972\n\u3000\u3000상각후원가측정기타금융자산\n741,557,982,658\n1,070,201,867,984\n\u3000관계종속기업투자자산-지분법 (주10)\n80,380,293,529\n78,659,010,817\n\u3000재보험계약자산 (주17)\n28,884,462,926\n24,241,130,941\n\u3000파생상품자산 (주6,8,34)\n269,181,079,571\n202,094,722,137\n\u3000\u3000단기매매 파생금융자산\n49,996,676,341\n31,155,714,449\n\u3000\u3000위험회피목적파생상품자산\n219,184,403,230\n170,939,007,688\n\u3000유형자산 (주12)\n79,228,372,501\n80,370,414,417\n\u3000사용권자산 (주12)\n18,727,036,652\n9,272,420,073\n\u3000무형자산 (주14)\n31,380,678,016\n39,871,623,459\n\u3000당기법인세자산\n65,780,203,593\n53,376,079,207\n\u3000기타자산 (주16)\n20,725,821,002\n14,925,172,223\n\u3000자산총계\n32,311,033,193,067\n33,092,023,489,392\n자본과 부채\n\u3000\n\u3000\n\u3000부채\n\u3000\n\u3000\n\u3000\u3000보험계약부채 (주17)\n26,342,312,823,386\n25,782,954,737,248\n\u3000\u3000계약자지분조정 (주21)\n(2,903,456,311)\n106,019\n\u3000\u3000재보험계약부채 (주17)\n3,543,138,142\n847,926,609\n\u3000\u3000투자계약부채 (주6)\n2,827,468,038,211\n3,175,249,446,237\n\u3000\u3000파생상품부채 (주6,34)\n35,566,112,108\n28,034,775,545\n\u3000\u3000\u3000단기매매 파생금융부채\n16,831,904,424\n7,924,154,134\n\u3000\u3000\u3000위험회피목적파생상품부채\n18,734,207,684\n20,110,621,411\n\u3000\u3000차입부채 (주6,18)\n299,402,579,359\n549,320,998,560\n\u3000\u3000\u3000사채\n299,402,579,359\n299,320,998,560\n\u3000\u3000\u3000기타 차입금(사채 제외)\n\u3000\n250,000,000,000\n\u3000\u3000\u3000금융기관 차입금(사채 제외)\n\u3000\n\u3000\n\u3000\u3000순확정급여부채 (주19)\n11,811,167,490\n11,286,506,685\n\u3000\u3000충당부채 (주20)\n4,987,851,344\n4,032,180,003\n\u3000\u3000이연법인세부채\n202,145,595,939\n352,202,897,538\n\u3000\u3000리스부채 (주21)\n16,894,037,516\n7,751,437,101\n\u3000\u3000기타부채 (주21)\n160,805,759,249\n269,594,841,283\n\u3000\u3000부채총계\n29,902,033,646,433\n30,181,275,852,828\n\u3000자본\n\u3000\n\u3000\n\u3000\u3000지배주주지분\n2,408,999,546,634\n2,910,747,636,564\n\u3000\u3000\u3000자본금 (주22)\n990,714,745,000\n990,714,745,000\n\u3000\u3000\u3000자본잉여금 (주23)\n181,384,483,840\n181,384,483,840\n\u3000\u3000\u3000자본조정 (주24)\n(371,276,252,895)\n(371,276,252,895)\n\u3000\u3000\u3000기타포괄손익누계액 (주25)\n(164,053,705,429)\n407,552,908,661\n\u3000\u3000\u3000이익잉여금(결손금) (주26)\n1,772,230,276,118\n1,702,371,751,958\n\u3000\u3000비지배지분\n\u3000\n\u3000\n\u3000\u3000자본총계\n2,408,999,546,634\n2,910,747,636,564\n\u3000자본과부채총계\n32,311,033,193,067\n33,092,023,489,392\n2-2. 연결 포괄손익계산서\n연결 포괄손익계산서\n제 38 기 3분기 2024.01.01 부터 2024.09.30 까지\n제 37 기 3분기 2023.01.01 부터 2023.09.30 까지\n(단위 : 원)\n\u3000\n제 38 기 3분기\n제 37 기 3분기\n3개월\n누적\n3개월\n누적\n보험서비스손익\n23,329,594,193\n75,690,417,741\n12,291,644,844\n64,167,015,428\n\u3000보험서비스수익\n248,706,670,631\n740,445,587,954\n231,952,407,984\n691,994,989,342\n\u3000\u3000일반보험서비스수익 (주17)\n244,354,928,160\n721,059,827,588\n226,554,619,277\n676,811,954,267\n\u3000\u3000출재보험서비스수익 (주17)\n4,351,742,471\n19,385,760,366\n5,397,788,707\n15,183,035,075\n\u3000보험서비스비용\n225,377,076,438\n664,755,170,213\n219,660,763,140\n627,827,973,914\n\u3000\u3000일반보험서비스비용 (주17)\n197,408,176,396\n578,873,219,358\n184,735,969,499\n515,343,962,849\n\u3000\u3000출재보험서비스비용 (주17)\n3,843,793,444\n16,279,152,707\n4,382,599,217\n16,733,273,483\n\u3000\u3000기타사업비용 (주28)\n24,125,106,598\n69,602,798,148\n30,542,194,424\n95,750,737,582\n투자서비스손익\n(16,440,225,202)\n7,694,235,230\n(3,113,065,048)\n138,340,635,006\n\u3000투자서비스수익\n404,455,643,247\n2,555,609,250,627\n572,681,909,251\n2,880,250,454,719\n\u3000\u3000보험금융수익 (주17)\n220,271,533,475\n330,346,702,202\n297,140,795,436\n349,072,308,372\n\u3000\u3000재보험금융수익 (주17)\n442,386,109\n1,312,280,673\n376,728,748\n1,057,856,909\n\u3000\u3000이자수익 (주27)\n126,646,997,439\n382,809,905,820\n141,321,013,876\n416,343,226,279\n\u3000\u3000\u3000유효이자율법 적용 이자수익\n123,410,400,454\n377,534,306,919\n131,003,454,550\n404,051,784,126\n\u3000\u3000\u3000당기손익-공정가치로 측정하는 금융자산의 이자수익\n3,236,596,985\n5,275,598,901\n10,317,559,326\n12,291,442,153\n\u3000\u3000당기손익-공정가치측정금융상품관련이익 (주27)\n(74,705,317,526)\n1,309,612,055,969\n(41,622,874,333)\n1,506,588,698,989\n\u3000\u3000기타포괄손익-공정가치측정금융상품관련이익 (주27)\n29,818,207,784\n41,161,288,793\n61,616,562\n1,600,298,044\n\u3000\u3000상각후원가측정대출채권및기타수취채권관련이익 (주27)\n2,365,434,793\n3,084,276,821\n551,452,326\n4,964,291,929\n\u3000\u3000파생상품관련수익 (주27)\n77,370,541,206\n87,470,742,811\n17,157,620,733\n80,525,751,124\n\u3000\u3000지분법평가이익 (주10,27)\n846,866,146\n1,777,727,733\n1,972,087,166\n6,374,218,052\n\u3000\u3000외화거래이익 (주27)\n(51,079,917,686)\n173,634,773,783\n92,535,271,258\n287,818,128,716\n\u3000\u3000수수료수익\n20,191,059,095\n68,892,144,703\n20,633,153,628\n72,822,801,015\n\u3000\u3000배당금수익 (주27)\n11,182,492,948\n34,927,940,256\n8,718,542,366\n37,882,847,847\n\u3000\u3000임대료수익 (주29)\n121,585,524\n249,293,526\n(2,013,574,094)\n1,403,893,731\n\u3000\u3000기타수익 (주29)\n40,983,773,940\n120,330,117,537\n35,850,075,579\n113,796,133,712\n\u3000투자서비스비용\n420,895,868,449\n2,547,915,015,397\n575,794,974,299\n2,741,909,819,713\n\u3000\u3000보험금융비용 (주17)\n273,845,256,989\n1,765,020,541,079\n280,529,435,653\n1,801,269,426,530\n\u3000\u3000재보험금융비용 (주17)\n257,591,835\n802,324,912\n241,066,508\n688,920,380\n\u3000\u3000재산관리비 (주28)\n4,665,829,256\n14,269,581,473\n5,536,397,995\n15,916,193,552\n\u3000\u3000이자비용 (주27)\n3,233,624,292\n9,958,574,141\n5,323,682,251\n16,299,247,943\n\u3000\u3000당기손익-공정가치측정금융자산관련비용 (주27)\n162,836,091,595\n370,034,551,730\n92,201,918,676\n273,791,002,381\n\u3000\u3000기타포괄손익-공정가치측정금융자산관련손실 (주27)\n1,318,564,152\n2,153,248,555\n665,342,345\n1,814,363,932\n\u3000\u3000상각후원가측정유가증권관련손실 (주27)\n\u3000\n\u3000\n440,111\n6,058,311\n\u3000\u3000상각후원가측정대출채권및기타수취채권관련손실 (주27)\n1,590,442,695\n6,608,992,251\n(382,231,559)\n6,678,022,860\n\u3000\u3000파생상품평가및처분손실 (주27)\n(84,673,407,604)\n202,025,405,974\n125,233,725,120\n413,283,872,053\n\u3000\u3000외화거래손실 (주27)\n18,387,406,228\n32,196,641,999\n11,631,610,045\n47,522,138,283\n\u3000\u3000기타투자영업비용 (주29)\n39,434,469,011\n144,845,153,283\n54,813,587,154\n164,640,573,488\n영업이익(손실)\n6,889,368,991\n83,384,652,971\n9,178,579,796\n202,507,650,434\n영업외손익\n(2,088,112,439)\n8,540,901\n54,393,600,338\n51,877,942,008\n\u3000영업외수익 (주30)\n1,826,741,028\n7,061,810,216\n57,876,158,629\n60,349,756,289\n\u3000영업외비용 (주30)\n3,914,853,467\n7,053,269,315\n3,482,558,291\n8,471,814,281\n법인세차감전순이익\n4,801,256,552\n83,393,193,872\n63,572,180,134\n254,385,592,442\n법인세비용(수익) (주31)\n525,521,074\n13,535,353,517\n3,180,869,240\n46,079,226,356\n당기순이익(손실)\n4,275,735,478\n69,857,840,355\n60,391,310,894\n208,306,366,086\n대손준비금 반영후 조정이익\n5,991,687,827\n68,965,520,612\n63,391,696,151\n208,795,985,011\n해약환급금준비금 반영후 조정이익\n(44,529,215,124)\n(69,027,739,491)\n12,336,623,612\n(636,703,088,640)\n보증준비금 반영후 조정이익\n(266,964,647)\n58,090,964,437\n56,078,844,389\n44,740,156,156\n기타포괄손익\n(14,395,933,240)\n(571,605,930,285)\n6,107,381,800\n25,980,789,341\n\u3000당기손익으로 재분류되지 않는 세후기타포괄손익의 구성요소\n369,379,238\n808,660,747\n463,027,699\n(2,375,039,012)\n\u3000\u3000자산재평가손익 (주25)\n123\n190,153\n396\n2,102\n\u3000\u3000확정급여제도의재측정요소 (주25)\n369,379,115\n808,470,594\n463,027,303\n(2,375,041,114)\n\u3000당기손익으로 재분류되는 세후기타포괄손익의 구성요소\n(14,765,312,478)\n(572,414,591,032)\n5,644,354,101\n28,355,828,353\n\u3000\u3000기타포괄손익-공정가치측정금융자산관련손익 (주25)\n371,248,376,370\n242,269,707,214\n(315,129,069,387)\n(247,039,390,035)\n\u3000\u3000보험계약자산(부채)순금융손익 (주25)\n(454,326,382,279)\n(870,948,695,700)\n327,746,575,227\n265,601,953,389\n\u3000\u3000재보험계약자산(부채)순금융손익 (주25)\n375,492,980\n370,142,592\n2,016,534,154\n2,909,585,654\n\u3000\u3000현금흐름위험회피파생상품평가손익 (주25)\n68,629,446,417\n55,866,274,856\n(11,931,057,304)\n1,070,618,133\n\u3000\u3000지분법자본변동 (주25)\n(692,245,966)\n27,980,006\n(621,891,661)\n3,488,395,285\n\u3000\u3000해외사업환산손익 (주25)\n\u3000\n\u3000\n3,563,263,072\n2,324,665,927\n총포괄손익\n(10,120,197,762)\n(501,748,089,930)\n66,498,692,694\n234,287,155,427\n당기순이익(손실)의 귀속\n\u3000\n\u3000\n\u3000\n\u3000\n\u3000지배기업의 소유주에게 귀속되는 당기순이익(손실)\n4,275,735,478\n69,857,840,355\n60,391,310,894\n208,306,366,086\n\u3000\u3000지배기업의 소유주에게 귀속될 계속영업손익\n4,275,735,478\n69,857,840,355\n60,391,310,894\n208,306,366,086\n포괄손익의 귀속\n\u3000\n\u3000\n\u3000\n\u3000\n\u3000지배기업의 소유주에게 귀속되는 총포괄손익\n(14,395,933,240)\n(571,605,930,285)\n6,107,381,800\n25,980,789,341\n\u3000\u3000지배기업의 소유주에게 귀속되는 계속영업포괄손익\n(14,395,933,240)\n(571,605,930,285)\n6,107,381,800\n25,980,789,341\n주당이익\n\u3000\n\u3000\n\u3000\n\u3000\n\u3000보통주기본주당이익(손실) (단위 : 원) (주32)\n33.0\n535.0\n463.0\n1,596\n\u3000\u3000계속영업기본주당이익(손실) - 보통주 (단위 : 원)\n33.0\n535.0\n463.0\n1,596\n\u3000보통주희석주당이익(손실) (단위 : 원) (주32)\n33.0\n535.0\n463.0\n1,596\n\u3000\u3000계속영업희석주당이익(손실) - 보통주 (단위 : 원)\n33.0\n535.0\n463.0\n1,596\n2-3. 연결 자본변동표\n연결 자본변동표\n제 38 기 3분기 2024.01.01 부터 2024.09.30 까지\n제 37 기 3분기 2023.01.01 부터 2023.09.30 까지\n(단위 : 원)\n\u3000\n자본\n지배기업의 소유주에게 귀속되는 지분\n비지배지분\n자본 합계\n자본금\n자본잉여금\n자본조정\n기타포괄손익누적액\n이익잉여금\n지배기업의 소유주에게 귀속되는 지분 합계\n주식발행초과금\n기타자본잉여금\n자본잉여금 합계\n2023.01.01 (기초자본)\n990,714,745,000\n181,361,275,262\n23,208,578\n181,384,483,840\n(371,276,252,895)\n1,599,813,199,674\n1,686,310,752,110\n4,086,946,927,729\n\u3000\n4,086,946,927,729\n회계정책변경효과\n\u3000\n\u3000\n\u3000\n\u3000\n\u3000\n(1,233,332,535,324)\n(101,143,874,941)\n(1,334,476,410,265)\n\u3000\n(1,334,476,410,265)\n기초자본_회계정책변경효과반영후\n990,714,745,000\n181,361,275,262\n23,208,578\n181,384,483,840\n(371,276,252,895)\n366,480,664,350\n1,585,166,877,169\n2,752,470,517,464\n\u3000\n2,752,470,517,464\n자본의 변동\n\u3000\n\u3000\n\u3000\n\u3000\n\u3000\n\u3000\n\u3000\n\u3000\n\u3000\n\u3000\n\u3000포괄손익\n\u3000\n\u3000\n\u3000\n\u3000\n\u3000\n\u3000\n\u3000\n\u3000\n\u3000\n\u3000\n\u3000\u3000당기순이익(손실)\n\u3000\n\u3000\n\u3000\n\u3000\n\u3000\n\u3000\n208,306,366,086\n208,306,366,086\n\u3000\n208,306,366,086\n\u3000\u3000기타포괄손익\n\u3000\n\u3000\n\u3000\n\u3000\n\u3000\n\u3000\n\u3000\n\u3000\n\u3000\n\u3000\n\u3000\u3000\u3000기타포괄손익-공정가치측정금융자산관련손익 [개요] (주25)\n\u3000\n\u3000\n\u3000\n\u3000\n\u3000\n\u3000\n\u3000\n\u3000\n\u3000\n\u3000\n\u3000\u3000\u3000\u3000기타포괄손익-공정가치측정금융자산관련손익 합계\n\u3000\n\u3000\n\u3000\n\u3000\n\u3000\n(247,039,390,035)\n\u3000\n(247,039,390,035)\n\u3000\n(247,039,390,035)\n\u3000\u3000\u3000\u3000기타포괄손익-공정가치측정금융자산관련손익 총손익\n\u3000\n\u3000\n\u3000\n\u3000\n\u3000\n(247,039,390,035)\n\u3000\n(247,039,390,035)\n\u3000\n(247,039,390,035)\n\u3000\u3000\u3000보험계약자산(부채)순금융손익 - 후속적으로 재분류 되는 항목 (주17,25)\n\u3000\n\u3000\n\u3000\n\u3000\n\u3000\n265,601,953,389\n\u3000\n265,601,953,389\n\u3000\n265,601,953,389\n\u3000\u3000\u3000재보험계약자산(부채)순금융손익 (주17,25)\n\u3000\n\u3000\n\u3000\n\u3000\n\u3000\n2,909,585,654\n\u3000\n2,909,585,654\n\u3000\n2,909,585,654\n\u3000\u3000\u3000현금흐름위험회피\n\u3000\n\u3000\n\u3000\n\u3000\n\u3000\n1,070,618,133\n\u3000\n1,070,618,133\n\u3000\n1,070,618,133\n\u3000\u3000\u3000유형자산재평가잉여금 (주25)\n\u3000\n\u3000\n\u3000\n\u3000\n\u3000\n2,102\n\u3000\n2,102\n\u3000\n2,102\n\u3000\u3000\u3000확정급여제도의재측정요소 (주25)\n\u3000\n\u3000\n\u3000\n\u3000\n\u3000\n(2,375,041,114)\n\u3000\n(2,375,041,114)\n\u3000\n(2,375,041,114)\n\u3000\u3000\u3000지분법자본변동 - 후속적으로 재분류 되는 항목 (주25)\n\u3000\n\u3000\n\u3000\n\u3000\n\u3000\n3,488,395,285\n\u3000\n3,488,395,285\n\u3000\n3,488,395,285\n\u3000\u3000\u3000해외사업장환산 (주25)\n\u3000\n\u3000\n\u3000\n\u3000\n\u3000\n2,324,665,927\n\u3000\n2,324,665,927\n\u3000\n2,324,665,927\n\u3000\u3000\u3000총기타포괄손익\n\u3000\n\u3000\n\u3000\n\u3000\n\u3000\n25,980,789,341\n\u3000\n25,980,789,341\n\u3000\n25,980,789,341\n\u3000\u3000총포괄손익\n\u3000\n\u3000\n\u3000\n\u3000\n\u3000\n25,980,789,341\n208,306,366,086\n234,287,155,427\n\u3000\n234,287,155,427\n\u3000소유주와의 거래\n\u3000\n\u3000\n\u3000\n\u3000\n\u3000\n\u3000\n\u3000\n\u3000\n\u3000\n\u3000\n\u3000\u3000기타변동\n\u3000\n\u3000\n\u3000\n\u3000\n\u3000\n(65,000)\n65,000\n\u3000\n\u3000\n\u3000\n\u3000\u3000소유주와의 거래 합계\n\u3000\n\u3000\n\u3000\n\u3000\n\u3000\n(65,000)\n65,000\n\u3000\n\u3000\n\u3000\n\u3000자본 증가(감소) 합계\n\u3000\n\u3000\n\u3000\n\u3000\n\u3000\n25,980,724,341\n208,306,431,086\n234,287,155,427\n\u3000\n234,287,155,427\n2023.09.30 (기말자본)\n990,714,745,000\n181,361,275,262\n23,208,578\n181,384,483,840\n(371,276,252,895)\n392,461,388,691\n1,793,473,308,255\n2,986,757,672,891\n\u3000\n2,986,757,672,891\n2024.01.01 (기초자본)\n990,714,745,000\n181,384,483,840\n23,208,578\n181,384,483,840\n(371,276,252,895)\n407,552,908,661\n1,702,371,751,958\n2,910,747,636,564\n\u3000\n2,910,747,636,564\n회계정책변경효과\n\u3000\n\u3000\n\u3000\n\u3000\n\u3000\n\u3000\n\u3000\n\u3000\n\u3000\n\u3000\n기초자본_회계정책변경효과반영후\n990,714,745,000\n181,384,483,840\n23,208,578\n181,384,483,840\n(371,276,252,895)\n407,552,908,661\n1,702,371,751,958\n2,910,747,636,564\n\u3000\n2,910,747,636,564\n자본의 변동\n\u3000\n\u3000\n\u3000\n\u3000\n\u3000\n\u3000\n\u3000\n\u3000\n\u3000\n\u3000\n\u3000포괄손익\n\u3000\n\u3000\n\u3000\n\u3000\n\u3000\n\u3000\n\u3000\n\u3000\n\u3000\n\u3000\n\u3000\u3000당기순이익(손실)\n\u3000\n\u3000\n\u3000\n\u3000\n\u3000\n\u3000\n69,857,840,355\n69,857,840,355\n\u3000\n69,857,840,355\n\u3000\u3000기타포괄손익\n\u3000\n\u3000\n\u3000\n\u3000\n\u3000\n\u3000\n\u3000\n\u3000\n\u3000\n\u3000\n\u3000\u3000\u3000기타포괄손익-공정가치측정금융자산관련손익 [개요] (주25)\n\u3000\n\u3000\n\u3000\n\u3000\n\u3000\n\u3000\n\u3000\n\u3000\n\u3000\n\u3000\n\u3000\u3000\u3000\u3000기타포괄손익-공정가치측정금융자산관련손익 합계\n\u3000\n\u3000\n\u3000\n\u3000\n\u3000\n242,269,707,214\n\u3000\n242,269,707,214\n\u3000\n242,269,707,214\n\u3000\u3000\u3000\u3000기타포괄손익-공정가치측정금융자산관련손익 총손익\n\u3000\n\u3000\n\u3000\n\u3000\n\u3000\n242,269,707,214\n\u3000\n242,269,707,214\n\u3000\n242,269,707,214\n\u3000\u3000\u3000보험계약자산(부채)순금융손익 - 후속적으로 재분류 되는 항목 (주17,25)\n\u3000\n\u3000\n\u3000\n\u3000\n\u3000\n(870,948,695,700)\n\u3000\n(870,948,695,700)\n\u3000\n(870,948,695,700)\n\u3000\u3000\u3000재보험계약자산(부채)순금융손익 (주17,25)\n\u3000\n\u3000\n\u3000\n\u3000\n\u3000\n370,142,592\n\u3000\n370,142,592\n\u3000\n370,142,592\n\u3000\u3000\u3000현금흐름위험회피\n\u3000\n\u3000\n\u3000\n\u3000\n\u3000\n55,866,274,856\n\u3000\n55,866,274,856\n\u3000\n55,866,274,856\n\u3000\u3000\u3000유형자산재평가잉여금 (주25)\n\u3000\n\u3000\n\u3000\n\u3000\n\u3000\n190,153\n\u3000\n190,153\n\u3000\n190,153\n\u3000\u3000\u3000확정급여제도의재측정요소 (주25)\n\u3000\n\u3000\n\u3000\n\u3000\n\u3000\n808,470,594\n\u3000\n808,470,594\n\u3000\n808,470,594\n\u3000\u3000\u3000지분법자본변동 - 후속적으로 재분류 되는 항목 (주25)\n\u3000\n\u3000\n\u3000\n\u3000\n\u3000\n27,980,006\n\u3000\n27,980,006\n\u3000\n27,980,006\n\u3000\u3000\u3000해외사업장환산 (주25)\n\u3000\n\u3000\n\u3000\n\u3000\n\u3000\n\u3000\n\u3000\n\u3000\n\u3000\n\u3000\n\u3000\u3000\u3000총기타포괄손익\n\u3000\n\u3000\n\u3000\n\u3000\n\u3000\n(571,605,930,285)\n\u3000\n(571,605,930,285)\n\u3000\n(571,605,930,285)\n\u3000\u3000총포괄손익\n\u3000\n\u3000\n\u3000\n\u3000\n\u3000\n(571,605,930,285)\n69,857,840,355\n(501,748,089,930)\n\u3000\n(501,748,089,930)\n\u3000소유주와의 거래\n\u3000\n\u3000\n\u3000\n\u3000\n\u3000\n\u3000\n\u3000\n\u3000\n\u3000\n\u3000\n\u3000\u3000기타변동\n\u3000\n\u3000\n\u3000\n\u3000\n\u3000\n(683,805)\n683,805\n\u3000\n\u3000\n\u3000\n\u3000\u3000소유주와의 거래 합계\n\u3000\n\u3000\n\u3000\n\u3000\n\u3000\n(683,805)\n683,805\n\u3000\n\u3000\n\u3000\n\u3000자본 증가(감소) 합계\n\u3000\n\u3000\n\u3000\n\u3000\n\u3000\n(571,606,614,090)\n69,858,524,160\n(501,748,089,930)\n\u3000\n(501,748,089,930)\n2024.09.30 (기말자본)\n990,714,745,000\n181,384,483,840\n23,208,578\n181,384,483,840\n(371,276,252,895)\n(164,053,705,429)\n1,772,230,276,118\n2,408,999,546,634\n\u3000\n2,408,999,546,634\n2-4. 연결 현금흐름표\n연결 현금흐름표\n제 38 기 3분기 2024.01.01 부터 2024.09.30 까지\n제 37 기 3분기 2023.01.01 부터 2023.09.30 까지\n(단위 : 원)\n\u3000\n제 38 기 3분기\n제 37 기 3분기\n영업활동현금흐름\n\u3000\n\u3000\n\u3000영업활동순현금흐름\n(135,180,765,714)\n(895,813,756,608)\n\u3000\u3000영업에서 창출된 현금흐름\n(750,271,878,940)\n(1,441,161,544,125)\n\u3000\u3000\u3000당기순이익(손실) (주26)\n69,857,840,355\n208,306,366,086\n\u3000\u3000\u3000당기순이익조정을 위한 가감 합계 (주33)\n47,953,125,401\n(221,802,297,673)\n\u3000\u3000\u3000\u3000보험서비스손익\n75,690,417,741\n64,167,015,428\n\u3000\u3000\u3000\u3000재보험계약손익\n3,106,607,659\n(1,550,238,408)\n\u3000\u3000\u3000\u3000보험금융손익\n(1,434,673,838,877)\n(1,452,197,118,158)\n\u3000\u3000\u3000\u3000재보험금융손익\n509,955,761\n368,936,529\n\u3000\u3000\u3000\u3000법인세비용 조정\n13,535,353,517\n46,079,226,356\n\u3000\u3000\u3000\u3000배당수익에 대한 조정\n34,927,940,256\n37,882,847,847\n\u3000\u3000\u3000\u3000이자수익에 대한 조정\n382,809,905,820\n416,343,226,279\n\u3000\u3000\u3000\u3000이자비용에 대한 조정\n9,958,574,141\n16,299,247,943\n\u3000\u3000\u3000\u3000비현금항목에 관한 기타조정\n(74,429,976,226)\n(104,819,622,132)\n\u3000\u3000\u3000\u3000당기손익-공정가치측정금융상품평가손익\n712,433,539,034\n1,037,216,688,809\n\u3000\u3000\u3000\u3000\u3000당기손익-공정가치측정금융상품평가이익\n1,008,422,180,018\n1,245,435,660,203\n\u3000\u3000\u3000\u3000\u3000\u3000당기손익-공정가치측정금융자산평가이익\n1,008,422,180,018\n1,245,435,660,203\n\u3000\u3000\u3000\u3000\u3000당기손익-공정가치측정금융상품평가손실\n295,988,640,984\n208,218,971,394\n\u3000\u3000\u3000\u3000\u3000\u3000당기손익-공정가치측정금융자산평가손실\n295,988,640,984\n208,218,971,394\n\u3000\u3000\u3000\u3000당기손익-공정가치측정금융상품처분손익\n(16,737,998,520)\n\u3000\n\u3000\u3000\u3000\u3000\u3000당기손익-공정가치측정금융상품처분이익\n5,373,074,801\n\u3000\n\u3000\u3000\u3000\u3000\u3000\u3000당기손익-공정가치측정금융자산처분이익\n5,373,074,801\n\u3000\n\u3000\u3000\u3000\u3000\u3000당기손익-공정가치측정금융상품처분손실\n22,111,073,321\n\u3000\n\u3000\u3000\u3000\u3000\u3000\u3000당기손익-공정가치측정금융자산처분손실\n22,111,073,321\n\u3000\n\u3000\u3000\u3000\u3000기타포괄손익-공정가치측정금융자산처분손익\n38,853,858,284\n(99,585,322)\n\u3000\u3000\u3000\u3000\u3000기타포괄손익-공정가치측정금융자산처분이익\n40,981,022,709\n1,519,556,948\n\u3000\u3000\u3000\u3000\u3000기타포괄손익-공정가치측정금융자산처분손실\n2,127,164,425\n1,619,142,270\n\u3000\u3000\u3000\u3000유형자산처분손익\n(112,975,375)\n(13,515,854)\n\u3000\u3000\u3000\u3000\u3000유형자산처분이익\n1,014,795,752\n1,441,543,945\n\u3000\u3000\u3000\u3000\u3000유형자산처분손실의 조정\n1,127,771,127\n1,455,059,799\n\u3000\u3000\u3000\u3000투자부동산처분손익\n\u3000\n55,216,908,209\n\u3000\u3000\u3000\u3000\u3000투자부동산처분이익\n\u3000\n55,216,908,209\n\u3000\u3000\u3000\u3000감가상각비와 상각비의 조정\n25,242,942,178\n26,115,009,494\n\u3000\u3000\u3000\u3000\u3000감가상각비에 대한 조정\n14,491,311,735\n14,931,313,991\n\u3000\u3000\u3000\u3000\u3000무형자산상각비에 대한 조정\n10,751,630,443\n10,160,672,015\n\u3000\u3000\u3000\u3000\u3000투자부동산감가상각비 조정\n\u3000\n1,023,023,488\n\u3000\u3000\u3000\u3000파생상품거래손익\n(20,179,774,014)\n(65,558,021,024)\n\u3000\u3000\u3000\u3000\u3000파생상품거래이익\n376,459,846\n6,416,632,291\n\u3000\u3000\u3000\u3000\u3000파생상품거래손실 조정\n20,556,233,860\n71,974,653,315\n\u3000\u3000\u3000\u3000파생상품평가손익\n1,742,679,986\n(131,060,955,822)\n\u3000\u3000\u3000\u3000\u3000파생상품평가이익\n61,996,044,490\n6,912,258,431\n\u3000\u3000\u3000\u3000\u3000파생상품평가손실 조정\n60,253,364,504\n137,973,214,253\n\u3000\u3000\u3000\u3000대손상각비 조정\n6,635,076,381\n6,879,302,833\n\u3000\u3000\u3000\u3000대손충당금환입\n3,264,542,905\n5,045,033,025\n\u3000\u3000\u3000\u3000외화환산손익\n43,655,885,011\n149,590,965,378\n\u3000\u3000\u3000\u3000\u3000외화환산이익\n55,443,735,596\n150,007,036,702\n\u3000\u3000\u3000\u3000\u3000외화환산손실 조정\n11,787,850,585\n416,071,324\n\u3000\u3000\u3000\u3000지분법손익\n1,777,727,733\n6,374,218,052\n\u3000\u3000\u3000\u3000\u3000지분법이익\n1,777,727,733\n6,374,218,052\n\u3000\u3000\u3000\u3000충당부채의 조정\n110,178,213\n40,151,421\n\u3000\u3000\u3000\u3000\u3000충당부채전입액\n273,581,620\n58,569,718\n\u3000\u3000\u3000\u3000\u3000\u3000복구충당부채전입액 조정\n\u3000\n58,569,718\n\u3000\u3000\u3000\u3000\u3000\u3000기타충당부채전입액\n273,581,620\n\u3000\n\u3000\u3000\u3000\u3000\u3000충당부채환입액\n163,403,407\n18,418,297\n\u3000\u3000\u3000\u3000\u3000\u3000복구충당부채환입액\n(163,403,407)\n\u3000\n\u3000\u3000\u3000\u3000\u3000\u3000기타충당부채환입액\n\u3000\n18,418,297\n\u3000\u3000\u3000\u3000퇴직급여 조정\n1,352,405,531\n1,257,100,091\n\u3000\u3000\u3000\u3000기타영업손익\n(69,677,979)\n(10,832,064)\n\u3000\u3000\u3000\u3000\u3000기타영업비용 조정\n69,677,979\n10,832,064\n\u3000\u3000\u3000\u3000기타손익\n107,452,632,909\n91,937,140,775\n\u3000\u3000\u3000\u3000\u3000기타수익\n107,452,632,909\n104,115,579,764\n\u3000\u3000\u3000\u3000\u3000기타비용 조정\n\u3000\n12,178,438,989\n\u3000\u3000\u3000영업활동으로 인한 자산 부채의 변동 (주33)\n(868,082,844,696)\n(1,427,665,612,538)\n\u3000\u3000\u3000\u3000보험계약부채의 증가(감소)\n1,850,122,650,416\n1,126,839,051,286\n\u3000\u3000\u3000\u3000충당부채의 증가(감소)\n(39,160,000)\n(87,890,000)\n\u3000\u3000\u3000\u3000대출채권의 감소(증가)\n471,503,873,872\n459,945,201,883\n\u3000\u3000\u3000\u3000기타수취채권의 감소(증가)\n217,542,644,912\n(109,992,060,051)\n\u3000\u3000\u3000\u3000당기손익-공정가치측정금융자산의 감소(증가) - 영업활동\n722,128,465,334\n73,688,332,830\n\u3000\u3000\u3000\u3000파생상품자산의 감소(증가)\n27,379,186,713\n21,952,387,401\n\u3000\u3000\u3000\u3000기타자산의 감소(증가)\n(3,851,739,099)\n(10,267,895,891)\n\u3000\u3000\u3000\u3000기타부채의 증가(감소)\n(107,206,124,268)\n(9,604,658,266)\n\u3000\u3000\u3000\u3000순확정급여부채 증가(감소)\n218,061,420\n224,699,550\n\u3000\u3000\u3000\u3000\u3000퇴직급여채무의 증가(감소)\n218,061,420\n224,699,550\n\u3000\u3000\u3000\u3000보험, 재보험 및 투자계약부채의 증가(감소)\n(345,635,403,164)\n(726,684,678,708)\n\u3000\u3000이자수취\n593,730,584,271\n514,553,715,844\n\u3000\u3000이자지급\n9,079,279,619\n15,769,298,317\n\u3000\u3000배당금수취\n40,609,896,790\n43,257,329,322\n\u3000\u3000영업활동으로 분류된 법인세납부(환급)\n10,170,088,216\n(3,306,040,668)\n투자활동현금흐름\n\u3000\n\u3000\n\u3000투자활동순현금흐름\n(111,861,318,461)\n1,044,851,365,316\n\u3000\u3000유형자산의 취득 (주12)\n2,783,777,830\n2,296,550,202\n\u3000\u3000유형자산의 처분 (주12)\n135,149,000\n741,636\n\u3000\u3000무형자산의 취득 (주14)\n6,756,537,000\n6,139,731,238\n\u3000\u3000무형자산의 처분\n22,024,000\n9,170,000\n\u3000\u3000투자부동산의 처분\n\u3000\n95,353,844,586\n\u3000\u3000당기손익-공정가치측정금융자산의 취득\n241,110,912,412\n268,552,377,960\n\u3000\u3000당기손익-공정가치측정금융자산의 처분\n373,077,937,027\n2,039,576,351,650\n\u3000\u3000기타포괄손익-공정가치측정금융자산의취득\n1,909,839,510,144\n1,444,515,231,374\n\u3000\u3000기타포괄손익-공정가치측정금융자산의처분\n1,709,057,753,136\n698,477,815,443\n\u3000\u3000선물계약, 선도계약, 옵션계약, 스왑계약에 따른 현금지급\n33,663,444,238\n67,062,667,225\n재무활동현금흐름\n\u3000\n\u3000\n\u3000재무활동순현금흐름\n(258,576,453,912)\n(526,078,119,643)\n\u3000\u3000차입부채의 상환 (주33)\n250,000,000,000\n500,000,000,000\n\u3000\u3000리스부채의 상환 (주33)\n8,642,691,293\n8,416,145,708\n\u3000\u3000임대보증금의 증가\n\u3000\n92,237,000\n\u3000\u3000요구불상환지분의 변동 (주33)\n66,237,381\n(17,754,210,935)\n환율변동효과 반영전 현금및현금성자산의 순증가(감소)\n(505,618,538,087)\n(377,040,510,935)\n현금및현금성자산에 대한 환율변동효과\n8,291,821\n35,652,519\n현금및현금성자산의순증가(감소)\n(505,610,246,266)\n(377,004,858,416)\n기초현금및현금성자산 (주7)\n1,240,190,271,130\n941,898,940,385\n기말현금및현금성자산 (주7)\n734,580,024,864\n564,894,081,969\n3. 연결재무제표 주석\n제 38(당)기 3분기 : 2024년 9월 30일 현재\n제 37(전)기 3분기 : 2023년 9월 30일 현재\n미래에셋생명보험주식회사 및 그 종속기업\n1. 일반사항미래에셋생명보험주식회사(이하 '지배기업')와 그 종속기업(이하 지배기업과 종속 \xa0기업을 '연결실체')의 개요는 다음과 같습니다.\n1.1 지배기업의 개요\n지배기업은 생명보험업을 목적으로 1988년 3월에 설립되었으며, 당분기말 현재 전국에 본점고객프라자 1개 및 대리점 195개(제휴은행 15개, 증권회사 9개 포함)의 조직을 가지고 인보험 및 그와 관련된 재보험 계약 등 인보험사업을 주요 영업으로 하고 있으며, 2015년 7월 8일에 당사의 주식을 한국거래소에 상장하였습니다. 당분기 중 판매중인 보험상품의 내역은 다음과 같습니다.\n(단위 : 종)\n구분\n기초\n판매개시\n판매중지\n분기말\n보장성보험(개인)\n26\n3\n2\n27\n보장성보험(단체)\n1\n-\n-\n1\n저축성보험(개인)\n7\n-\n-\n7\n저축성보험(단체)\n4\n-\n-\n4\n합계\n38\n3\n2\n39\n당분기말 현재 지배기업의 주요 주주현황은 다음과 같습니다.\xa0\n(단위 : 주)\n주주명\n보통주\n전환우선주\n주식수\n지분율\n주식수\n지분율\n\xa0미래에셋증권(주)\xa0\n38,967,950\n22.01%\n-\n-\n\xa0미래에셋캐피탈(주)\xa0\n27,601,633\n15.59%\n-\n-\n\xa0미래에셋자산운용(주)\xa0\n26,815,864\n15.15%\n-\n-\n\xa0미래에셋컨설팅(주)\xa0\n7,557,044\n4.27%\n-\n-\n\xa0미래에셋생명보험우리사주조합\n1,057,486\n0.60%\n-\n-\n\xa0자기주식\n46,536,189\n26.29%\n21,126,760\n100.00%\n\xa0기타\xa0\n28,480,023\n16.09%\n-\n-\n합계\n177,016,189\n100.00%\n21,126,760\n100.00%\n1.2. 종속기업의 개요 1.2.1 종속기업의 현황\n당분기말 현재 연결대상 종속기업은 다음과 같습니다.\n연결대상회사\n지분율\n소재지\n설립일\n업종\n미래에셋금융서비스주식회사\n100.00%\n대한민국\n2014.04.15\n보험대리업\n미래에셋맵스프런티어호주사모부동산자투자신탁1-2호(파생형)\n99.89%\n대한민국\n2013.07.26\n금융투자업\n미래에셋맵스프런티어미국사모부동산투자신탁6-1호(파생형)\n99.92%\n대한민국\n2015.09.21\n금융투자업\n1.2.2 종속기업의 요약 재무정보연결대상 종속기업의 당분기말 및 전기말 현재 요약재무상태표와 각 회계기간의 \xa0 \xa0 요약포괄손익계산서는 다음과 같습니다.(1) 당분기말\n(단위 : 백만원)\n구분\n자산\n부채\n자본\n분기영업수익\n분기순손익\n미래에셋금융서비스주식회사\n136,811\n70,316\n66,495\n195,579\n7,497\n미래에셋맵스 프런티어 호주 사모부동산 자투자신탁1-2호(파생형)\n152,162\n10,633\n141,529\n10,136\n(533)\n미래에셋맵스프런티어미국사모부동산투자신탁6-1호(파생형)\n218,689\n6,207\n212,482\n23,507\n(3,736)\n상기 요약 재무정보는 연결실체내 회사간의 내부거래가 상계되지 않은 금액입니다.\n(2) 전기말\n(단위 : 백만원)\n구분\n자산\n부채\n자본\n분기영업수익(*1)\n분기순손익(*1)\n미래에셋금융서비스주식회사\n125,927\n66,929\n58,998\n157,185\n7,705\n미래에셋맵스프런티어호주사모부동산자투자신탁1-2호(파생형)\n146,232\n4,170\n142,062\n9,095\n105\n미래에셋맵스프런티어미국사모부동산투자신탁6-1호(파생형)\n215,856\n3,241\n212,615\n18,009\n(1,197)\n상기 요약 재무정보는 연결실체내 회사간의 내부거래가 상계되지 않은 금액입니다.(*1) 분기영업수익, 분기순손익 등은 2023년 9월 30일 기준 포괄손익계산서를 사용하였습니다.\n1.2.3 연결실체의 범위 변동\n당분기말 현재 전기말 대비 연결대상범위의 변동은 없습니다.\xa0\n2. 중요한 회계정책\n다음은 재무제표의 작성에 적용된 중요한 회계정책입니다. 이러한 정책은 별도의 언급이 없다면, 표시된 회계기간에 계속적으로 적용됩니다.2.1 재무제표 작성기준 연결실체의 2024년 9월 30일로 종료하는 9개월 보고기간에 대한 요약분기연결재무제표는 기업회계기준서 제1034호 '중간재무보고'에 따라 작성되었습니다. 이 요약분기연결재무제표는 보고기간말인 2024년 9월 30일 현재 유효하거나 조기 도입한 한국채택국제회계기준에 따라 작성되었습니다.\n(1) 연결실체가 채택한 제ㆍ개정 기준서\xa0\n\xa0\n연결실체는 2024년 1월 1일로 개시하는 회계기간부터 다음의 개정 기준서를 신규로 적용하였습니다.\xa0\n1) 기업회계기준서 제1001호 '재무제표 표시' 제ㆍ개정 - 부채의 유동/비유동 분류, 약정사항이 있는 비유동부채\xa0\n보고기간말 현재 존재하는 실질적인 권리에 따라 유동 또는 비유동으로 분류되며, 부채의 결제를 연기할 수 있는 권리의 행사가능성이나 경영진의 기대는 고려하지 않습 니다. 또한, 부채의 결제에 자기지분상품의 이전도 포함되나, 복합금융상품에서 자기 지분상품으로 결제하는 옵션이 지분상품의 정의를 충족하여 부채와 분리하여 인식된 경우는 제외됩니다. 또한, 기업이 보고기간말 후에 준수해야하는 약정은 보고기간말에 해당 부채의 분류에 영향을 미치지 않으며, 보고기간 이후 12개월 이내 약정사항을 준수해야하는 부채가 보고기간말 현재 비유동부채로 분류된 경우 보고기간 이후 12개월 이내 부채가 상환될 수 있는 위험에 관한 정보를 공시해야 합니다. 해당 기준서의 개정이 재무제표에 미치는 중요한 영향은 없습니다.\n2) 기업회계기준서 제1007호 '현금흐름표', 기업회계기준서 제1107호 '금융상품: 공시' 개정 - 공급자금융약정에 대한 정보 공시공급자금융약정을 적용하는 경우, 재무제표이용자가 공급자금융약정이 기업의 부채와 현금흐름 그리고 유동성위험 익스포저에 미치는 영향을 평가할 수 있도록 공급자금융약정에 대한 정보를 공시해야 합니다. 이 개정내용을 최초로 적용하는 회계연도 내 중간보고기간에는 해당 내용을 공시할 필요가 없다는 경과규정에 따라 중간재무제표에 미치는 영향이 없습니다.\n3) 기업회계기준서 제1116호 ‘리스’ 개정 - 판매후리스에서 생기는 리스부채판매후리스에서 생기는 리스부채를 후속적으로 측정할 때 판매자-리스이용자가 보유하는 사용권 관련 손익을 인식하지 않는 방식으로 리스료나 수정리스료를 산정합니다. 해당 기준서의 제정이 재무제표에 미치는 중요한 영향은 없습니다.4) 기업회계기준서 제1001호 ‘재무제표 표시’ 개정 - '가상자산 공시’가상자산을 보유하는 경우, 가상자산을 고객을 대신하여 보유하는 경우, 가상자산을 발행한 경우의 추가 공시사항을 규정하고 있습니다. 해당 기준서의 개정이 재무제표에 미치는 중요한 영향은 없습니다.\n(2) 미적용 제ㆍ개정 기준서\n제정 또는 공표되었으나 시행일이 도래하지 않아 적용하지 아니한 제ㆍ개정 기준서 및 해석서는 다음과 같습니다.1) 기업회계기준서 제1021호 ‘환율변동효과’와 기업회계기준서 제1101호 ‘한국채택국제회계기준의 최초채택’ 개정 - 교환가능성 결여통화의 교환가능성을 평가하고 다른 통화와 교환이 가능하지 않다면 현물환율을 추정하며 관련 정보를 공시하도록 하고 있습니다. 동 개정사항은 2025 년 1 월 1 일 이후 시작하는 회계연도부터 적용되며, 조기적용이 허용됩니다. 해당 기준서의 개정이 재무제표에 미치는 중요한 영향은 없습니다.\n2.2 법인세비용중간기간의 법인세비용은 전체 회계연도에 대해서 예상되는 최선의 가중평균연간법인세율, 즉 추정평균연간유효법인세율을 중간기간의 세전이익에 적용하여 계산합니다.연결실체는 기업회계기준서 제1012호의 이연법인세의 인식 및 공시에 대한 예외규정을 적용하였습니다. 한편, 연결실체는 세무전문가와 함께 필라2(글로벌 최저한세)관련 세법의 시행에 따라 당기법인세에 미치는 영향을 포함하여 재무제표에 미치는 영향을 검토 중에 있습니다. 3. 중요한 회계추정 및 가정 연결실체는 미래에 대하여 추정 및 가정을 하고 있습니다. 추정 및 가정은 지속적으로 평가되며, 과거 경험과 현재의 상황에서 합리적으로 예측가능한 미래의 사건과 같은 다른 요소들을 고려하여 이루어집니다. 이러한 회계추정은 실제 결과와 다를 수도있습니다.중간재무제표 작성시 사용된 중요한 회계추정 및 가정은 전기 연차재무제표의 작성시 적용된 회계추정 및 가정과 동일합니다.\n4. 영업의 계절적 특성연결실체는 인보험사업을 주요 영업으로 하고 있음에 따라서 계절적 특성과는 무관하게 영업수익이 비교적 균등하게 발생하고 있습니다.\n5. 영업부문정보영업부문은 최고영업의사결정자에게 보고되는 내부보고자료와 동일한 방식으로 보고하고 있습니다. 최고영업의사결정자는 영업부문에 배부될 자원과 영업부문의 성과를 평가하는데 책임이 있으며, 전략적 의사결정을 수행하는 경영위원회를 최고의사결정자로 보고 있습니다.또한, 연결실체는 보험업이 주사업목적인 단일 영업부문으로 구성되어 있으며, 한국채택국제회계기준 제1108호 '영업부문'에 따라 영업부문과 관련된 공시사항을 연결재무제표에 공시하고 있습니다.\n6. 금융상품의 공정가치측정\n(1) 계정분류와 공정가치\xa0\n당분기말 및 전기말 현재 연결실체가 보유한 금융상품의 범주별 공정가치는 다음과 같습니다.\n(단위 : 백만원)\n구분\n당분기말\n전기말\n장부금액\n공정가치\n장부금액\n공정가치\n금융자산\n\xa0 현금및현금성자산(*1)\xa0\n734,580\n734,580\n1,240,190\n1,240,190\n\xa0 당기손익-공정가치 측정 금융자산(*2)\n15,983,992\n15,983,992\n16,070,369\n16,070,369\n\xa0 기타포괄손익-공정가치 측정 금융자산\n11,814,069\n11,814,069\n11,226,454\n11,226,454\n\xa0 상각후원가 측정 대출채권 및 수취채권\n\u3000\n\u3000\n\xa0 \xa0 상각후원가 측정 대출채권\n2,711,727\n2,677,313\n3,184,092\n3,074,357\n\xa0 \xa0 상각후원가 측정 기타수취채권(*3)\n741,558\n741,558\n1,070,201\n1,070,201\n합계\n31,985,926\n31,951,512\n32,791,306\n32,681,571\n금융부채\n\xa0 당기손익-공정가치 측정 금융부채(*2)\n35,566\n35,566\n28,035\n28,035\n\xa0 차입부채(*3)\xa0\n299,403\n299,403\n549,321\n549,321\n\xa0 투자계약부채(*3)\n2,827,468\n2,827,468\n3,175,249\n3,175,249\n\xa0 기타금융부채(*3)\xa0\n92,189\n92,189\n72,765\n72,765\n합계\n3,254,626\n3,254,626\n3,825,370\n3,825,370\n(*1) 현금은 장부가액과 공정가치가 동일하며, 예치금은 단기성 예치금이 대부분이므로 공정가치의 대용치로 장부금액을 사용하였습니다.(*2) 파생상품을 포함합니다.(*3) 장부금액이 공정가치의 합리적인 근사치로 판단하여 공정가치의 대용치로 장부금액을 사용하였습니다.\n(2) 공정가치의 수준공시연결실체는 금융상품의 공정가치를 다음의 3가지 공정가치수준으로 분류하여 공시합니다.- 수준 1: 활성시장에서 공시되는 가격을 공정가치로 측정하는 금융상품의 경우, 동 금융상품의 공정가치는 수준1로 분류됩니다. 공정가치가 수준1로 분류되는 금융상품에는 거래소에서 거래되는 상장주식과 국고채권 등이 있습니다.- 수준 2: 평가기법을 사용하여 금융상품의 공정가치를 측정하는 경우, 모든 중요 요 소가 시장에서 관측한 정보에 기초한다면 동 금융상품의 공정가치는 수준2로 분류됩니다. 공정가치가 수준2로 분류되는 금융상품에는 대부분의 원화ㆍ외화채권, 수익증권, 파생상품 등이 있습니다.- 수준 3: 평가기법을 사용하여 금융상품의 공정가치를 측정하는 경우, 하나 이상의 중요 요소가 시장에서 관측불가능한 정보에 기초한다면 동 금융상품의 공정가치는 수준 3으로 분류됩니다. 공정가치가 수준 3으로 분류되는 금융상품에는 비상장주식과 수익증권 등이 있습니다. \n당분기말 및 전기말 현재 재무제표에 공정가치로 측정되는 각 범주별 금융상품의 수준별 공정가치내역은 다음과 같습니다.1) 당분기말\n(단위 : 백만원)\n구분\n장부금액\n공정가치\n수준 분류\n수준 1\n수준 2\n수준 3\n금융자산\n\xa0당기손익-공정가치 측정 금융자산(*1)(*2)\n15,982,414\n15,982,414\n3,854,158\n8,589,399\n3,538,857\n\xa0기타포괄손익-공정가치 측정 금융자산(*1)\n11,814,069\n11,814,069\n7,322,636\n4,491,433\n-\n합계\n27,796,483\n27,796,483\n11,176,794\n13,080,832\n3,538,857\n금융부채\n\xa0당기손익-공정가치 측정 금융부채(*2)\n35,566\n35,566\n-\n35,566\n-\n(*1) 원가로 측정한 지분증권에 대해서는 공정가치 수준 공시를 생략하였습니다.(*2) 파생상품을 포함합니다.\n2) 전기말\n(단위 : 백만원)\n구분\n장부금액\n공정가치\n수준 분류\n수준 1\n수준 2\n수준 3\n금융자산\n\xa0당기손익-공정가치 측정 금융자산(*1)(*2)\n16,068,791\n16,068,791\n4,022,563\n8,308,102\n3,738,126\n\xa0기타포괄손익-공정가치 측정 금융자산(*1)\n11,226,454\n11,226,454\n6,927,778\n4,298,676\n-\n합계\n27,295,245\n27,295,245\n10,950,341\n12,606,778\n3,738,126\n금융부채\n\xa0당기손익-공정가치 측정 금융부채(*2)\n28,035\n28,035\n-\n28,035\n-\n(*1) 원가로 측정한 지분증권에 대해서는 공정가치 수준 공시를 생략하였습니다.\n(*2) 파생상품을 포함합니다.\n(3) 공정가치 수준 3의 변동내역당분기와 전분기 중 공정가치 수준 3에 해당하는 금융상품의 변동내역은 다음과 같습니다.\xa0\n(단위 : 백만원)\n구분\n당분기\n전분기\n당기손익-공정가치 측정 금융자산\n당기손익-공정가치 측정 금융자산\n기초\n3,738,126\n3,240,624\n당기손익인식액\n(48,550)\n52,027\n매입금액\n239,599\n248,510\n매도금액\n(390,318)\n(212,401)\n다른 수준에서 수준3으로 변경된 금액\n-\n397,013\n분기말\n3,538,857\n3,725,773\n(4) 당분기말 및 전기말 현재 공정가치로 측정되는 금융자산 중 원가로 측정된 내역은 다음과 같습니다.\n(단위 : 백만원)\n금융상품의 범주\n당분기말\n전기말\n당기손익-공정가치 측정 금융자산\n1,578\n1,578\n(5) 가치평가기법 및 투입변수1) 당분기말 및 전기말 현재 연결실체는 공정가치 서열체계에서 수준 2로 분류되는 공정가치측정치에 대해 다음의 가치평가기법과 투입변수를 사용하고 있습니다.\n(단위 : 백만원)\n구분\n공정가치\n가치평가기법\n투입변수\xa0\n당분기말\n전기말\n금융자산\n당기손익-공정가치 측정 금융자산\n당기손익-공정가치측정 유가증권\n출자금\n3\n4\n순자산가치법\n순자산평가액\n특수채\n24,988\n24,021\n현금흐름할인법\n할인율\n수익증권\n5,317,669\n4,898,571\n순자산가치법\n순자산평가액\n외화유가증권\n2,932,663\n3,087,689\n현금흐름할인법,순자산가치법\n할인율, 환율,순자산평가액\n기타유가증권\n44,895\n95,722\n순자산가치법\n순자산평가액\n파생상품자산\n269,181\n202,095\n현금흐름할인법\n할인율, 환율\n소계\n8,589,399\n8,308,102\n기타포괄손익-공정가치 측정 금융자산\n기타포괄손익-공정가치측정 유가증권\n특수채\n2,689,859\n2,527,203\n현금흐름할인법\n할인율\n금융채\n91,234\n50,830\n현금흐름할인법\n할인율\n회사채\n417,532\n456,411\n현금흐름할인법\n할인율\n외화유가증권\n1,292,808\n1,264,232\n현금흐름할인법,순자산가치법\n할인율, 환율,순자산평가액\n소계\n4,491,433\n4,298,676\n금융자산 합계\n13,080,832\n12,606,778\n\u3000\n금융부채\n당기손익-공정가치 측정 금융부채\n파생상품부채\n35,566\n28,035\n현금흐름할인법\n할인율, 환율\n금융부채 합계\n35,566\n28,035\n2) 당분기말 및 전기말 현재 연결실체는 공정가치 서열체계에서 수준 3으로 분류되는 공정가치측정치에 대해 다음의 가치평가기법과 투입변수범위를 사용하고 있습니다.\xa0\n(단위 : 백만원)\n구분\n공정가치\n가치평가기법\n투입변수 및 범위\n당분기말\n전기말\n금융자산\n당기손익-공정가치 측정 금융자산\n당기손익-공정가치 측정 유가증권\n주식\n93,805\n91,455\n순자산가치법\n순자산평가액\n출자금\n77,807\n78,387\n순자산가치법\n순자산평가액\n수익증권\n3,364,201\n3,565,631\n순자산가치법, 수익가치접근법(현금흐름할인법,배당할인모형) 등\n순자산평가액,할인율 / 3.33%~20.96%청산가치변동률 / 100%\n외화유가증권\n3,044\n2,653\n현금흐름할인법,순자산가치법\n할인율, 순자산평가액\n금융자산 합계\n3,538,857\n3,738,126\n(6) 수준 3으로 분류된 공정가치 측정치의 가치평가과정지배기업의 자산운용부서는 외부평가기관 의뢰 등을 통하여 공정가치를 측정하고 있으며 이러한 공정가치 측정치는 수준 3으로 분류되는 공정가치 측정치를 포함하고 있습니다.\n(7) 수준 3으로 분류된 반복적인 공정가치 측정치의 민감도 분석금융상품의 민감도 분석은 통계적 기법을 이용한 관측 불가능한 투입변수의 변동에따른 금융상품의 가치 변동에 기초하여 유리한 변동과 불리한 변동으로 구분하여 이루어집니다. 그리고 공정가치가 두 개 이상의 투입변수에 \xa0영향을 받는 경우에는 가장 유리하거나 또는 가장 불리한 금액을 바탕으로 산출됩니다. 민감도 분석대상으로 수준 3으로 분류되는 금융상품은 해당 공정가치 변동이 당기손익으로 인식되는 지분증권 및 수익증권이 있습니다.당분기말 및 전기말 현재 각 금융상품별 투입변수의 변동에 따른 손익효과에 대한 민감도 분석 결과는 아래와 같습니다.\n(단위: 백만원)\n구분\n당분기말\n전기말\n유리한 변동\n불리한 변동\n유리한 변동\n불리한 변동\n금융자산\n\xa0당기손익-공정가치 측정 금융자산(*1)\n41,636\n(35,412)\n44,056\n(39,825)\n(*1) 청산가치변동률(-1%p~1%p), 영구성장률(-1%p~1%p) 및 할인율(-1%p~1%p)을 증가 또는 감소시킴으로써 공정가치 변동을 산출하고 있습니다. 주요 관측 불가능한 투입변수 사이에는 유의한 상호관계는 없습니다. 일부 수익증권은 투입변수의 변동에 따른 민감도 분석이 실무적으로 불가능하여 민감도 분석대상에서 제외하였습니다.\n(8) 재무상태표에서 공정가치로 측정하지는 않으나 공정가치가 공시되는 금융상품당분기말 및 전기말 현재 재무상태표에서 공정가치로 측정하지는 않으나 공정가치가공시되는 금융상품의 수준별 공정가치내역은 다음과 같습니다.1) 당분기말\n(단위: 백만원)\n구분\n수준 1\n수준 2\n수준 3\n합계\n현금및현금성자산\n734,580\n-\n-\n734,580\n상각후원가로 인식된 금융자산\n\xa0 상각후원가 측정 대출채권\n-\n-\n2,677,313\n2,677,313\n\xa0 상각후원가 측정 기타수취채권\n-\n-\n741,558\n741,558\n상각후원가로 인식된 금융부채\n\u3000\n\u3000\n\u3000\n\u3000\n\xa0 차입부채\n-\n299,403\n-\n299,403\n\xa0 기타금융부채\n-\n-\n92,189\n92,189\n합계\n734,580\n299,403\n3,511,060\n4,545,043\n2) 전기말\n(단위: 백만원)\n구분\n수준 1\n수준 2\n수준 3\n합계\n현금및현금성자산\n1,240,190\n-\n-\n1,240,190\n상각후원가로 인식된 금융자산\n\xa0 상각후원가 측정 대출채권\n-\n-\n3,074,357\n3,074,357\n\xa0 상각후원가 측정 기타수취채권\n-\n-\n1,070,201\n1,070,201\n상각후원가로 인식된 금융부채\n\xa0 차입부채\n-\n549,321\n-\n549,321\n\xa0 기타금융부채\n-\n-\n72,765\n72,765\n합계\n1,240,190\n549,321\n4,217,323\n6,006,834\n7. 현금및현금성자산\n당분기말 및 전기말 현재 현금및현금성자산의 내용은 다음과 같습니다.\n(단위 : 백만원)\n구분\n당분기말\n전기말\n현금성자산\n734,580\n1,240,190\n8. 당기손익-공정가치 측정 금융자산\xa0\n(1) 당분기말 및 전기말 현재 당기손익-공정가치 측정 금융자산의 내역은 다음과 같습니다.\n(단위 : 백만원)\n구분\n당분기말\n전기말\n당기손익-공정가치 측정 유가증권(*1)\n15,669,916\n15,825,633\n당기손익-공정가치 측정 수취채권\n44,895\n42,641\n파생상품자산(주석34)\n269,181\n202,095\n합계\n15,983,992\n16,070,369\n(*1) 당분기말 현재 취득원가로 평가한 주식은 \xa01,578백만원입니다.(2) 당분기말 및 전기말 현재 당기손익-공정가치 측정 금융자산의 구성은 다음과 같습니다.\n(단위 : 백만원)\n구분\n당분기말\n전기말\n주식\n218,209\n279,808\n출자금\n77,810\n78,391\n국공채\n48,559\n53,627\n특수채\n24,988\n24,021\n수익증권\n9,672,440\n9,493,132\n외화유가증권\n5,627,910\n5,843,573\n기타유가증권\n-\n53,081\n파생상품자산\n269,181\n202,095\n수취채권\n44,895\n42,641\n합계\n15,983,992\n16,070,369\n9. 기타포괄손익-공정가치 측정 금융자산\n(1) 당분기말 및 전기말 현재 기타포괄손익-공정가치 측정 금융자산의 내역은 다음과 같습니다.\n(단위 : 백만원)\n구분\n당분기말\n전기말\n채무증권\n국공채\n7,322,636\n6,927,778\n특수채\n2,689,859\n2,527,203\n금융채\n91,234\n50,830\n회사채\n417,532\n456,411\n외화유가증권\n1,292,808\n1,264,232\n합계\n11,814,069\n11,226,454\n(2) 당분기 및 전분기 중 기타포괄손익-공정가치 측정 채무증권 장부금액의 변동내역은 다음과 같습니다.\n1) 당분기\n(단위: 백만원)\n구분\n12개월 기대신용손실\n전체기간기대신용손실\xa0\n신용이 손상된금융자산\n합계\n기초\n11,226,454\n-\n-\n11,226,454\n\xa0 \xa012개월 기대신용손실로 대체\n-\n-\n-\n-\n\xa0 \xa0전체기간 기대신용손실로 대체\n-\n-\n-\n-\n\xa0 \xa0신용이 손상된 금융자산으로 대체\n-\n-\n-\n-\n취득\n1,909,840\n-\n-\n1,909,840\n매각 및 상환\n(1,709,649)\n-\n-\n(1,709,649)\n기타(평가 및 환율변동 등)\n387,424\n-\n-\n387,424\n분기말\n11,814,069\n-\n-\n11,814,069\n2) 전분기\n(단위 : 백만원)\n구분\n12개월 기대신용손실\n전체기간 기대신용손실\n신용이 손상된 금융자산\n합계\n기초\n10,483,191\n-\n-\n10,483,191\n\xa0 \xa012개월 기대신용손실로 대체\n-\n-\n-\n-\n\xa0 \xa0전체기간 기대신용손실로 대체\n-\n-\n-\n-\n\xa0 \xa0신용이 손상된 금융자산으로 대체\n-\n-\n-\n-\n취득\n1,444,515\n-\n-\n1,444,515\n매각 및 상환\n(694,305)\n-\n-\n(694,305)\n기타(평가 및 환율변동 등)\n(200,679)\n-\n-\n(200,679)\n분기말\n11,032,722\n-\n-\n11,032,722\n(3) 당분기 및 전분기 중 기타포괄손익-공정가치 측정 채무증권 대손충당금의 변동내역은 다음과 같습니다.1) 당분기\n(단위 : 백만원)\n구분\n12개월\n기대신용손실\n전체기간기대신용손실\n신용이 손상된금융자산\n합계\n기초\n530\n-\n-\n530\n\xa0 12개월 기대신용손실로 대체\xa0\n-\n-\n-\n-\n\xa0 전체기간 기대신용손실로 대체\xa0\n-\n-\n-\n-\n\xa0 신용이 손상된 금융자산으로 대체\n-\n-\n-\n-\n전입(환입)\n(154)\n-\n-\n(154)\n제각 및 기타\n8\n-\n-\n8\n분기말\n384\n-\n-\n384\n2) 전분기\n(단위 : 백만원)\n구 분\n12개월 기대신용손실\n전체기간 기대신용손실\n신용이 손상된 금융자산\n합계\n기초\n589\n-\n-\n589\n\xa0 12개월 기대신용손실로 대체\n-\n-\n-\n-\n\xa0 전체기간 기대신용손실로 대체\n-\n-\n-\n-\n\xa0 신용이 손상된 금융자산으로 대체\n-\n-\n-\n-\n전입(환입)\n114\n-\n-\n114\n제각 및 기타\n173\n-\n-\n173\n분기말\n876\n-\n-\n876\n10. 관계기업투자주식당분기말 및 전기말 현재 관계기업투자주식의 내역은 다음과 같습니다.\n(단위 : 백만원)\n회사명\n당분기말\n전기말\n소재국\n지분율\n장부가액\n지분율\n장부가액\n미래에셋프레보아생명보험\n50.00%\n72,979\n50.00%\n71,067\n베트남\nKGA에셋(주)(*1)\n14.70%\n7,075\n14.70%\n7,266\n대한민국\n지에이엘씨솔루션(주)(*2)\n36.22%\n326\n36.22%\n326\n대한민국\n합 계\n80,380\n\u3000\n78,659\n(*1) 지분은 20% 미만이나, KGA에셋(주)의 주요 경영사항에 대하여 연결실체의 사전동의 및 협의를 요하므로 유의적인 영향력을 보유하는 것으로 판단하였습니다.(*2) 지에이엘씨솔루션주식회사의 주요 경영사항에 대하여 연결실체의 협의를 요하므로 유의적인 영향력을 보유하는 것으로 판단하였습니다.\n11. 상각후원가 측정 대여금 및 수취채권\n(1) 당분기말 및 전기말 현재 상각후원가 측정 대출채권 및 수취채권의 구성내역은 다음과 같습니다.1) 상각후원가 측정 대출채권\n\xa0 \xa0 \xa0 \xa0 \xa0 \xa0 \xa0 \xa0 \xa0(단위 : 백만원)\n구분\n당분기말\n전기말\n부동산담보대출금\n715,822\n871,574\n신용대출금\n441,680\n417,482\n지급보증대출금\n506,555\n715,806\n기타대출금\n1,065,663\n1,197,693\n대출채권 소계\n2,729,720\n3,202,555\n(-)현재가치할인차금\n(2)\n(5)\n(-)이연대출부대손익\n(2,063)\n(2,618)\n(-)대손충당금\n(15,928)\n(15,840)\n대출채권장부가액\n2,711,727\n3,184,092\n2) 상각후원가 측정 수취채권\n\xa0 \xa0 \xa0 \xa0 \xa0 \xa0 \xa0 \xa0 \xa0(단위 : 백만원)\n구분\n당분기말\n전기말\n예치금(*1)\n87,840\n126,015\n미수금\n31,416\n216,677\n보증금\n21,476\n21,131\n미수수익 및 기타\n603,465\n708,633\n소계\n744,197\n1,072,456\n(-)현재가치할인차금\n(1,461)\n(1,028)\n(-)대손충당금\n(1,178)\n(1,227)\n기타수취채권 장부가액\n741,558\n1,070,201\n(*1) 당좌개설보증금 3백만원이 포함되어 있습니다.\n(2) 당분기말 및 전기말 현재 고객에 대한 상각후원가 측정 대출채권의 주요 대출유형 및 고객유형별 구성내역은 다음과 같습니다.\n1) 당분기말\n(단위 : 백만원)\n구분\n개인대출\n기업대출\n합계\n부동산담보대출금\n2,293\n713,528\n715,821\n신용대출금\n441,680\n-\n441,680\n지급보증대출금\n25,618\n480,938\n506,556\n기타대출금\n29\n1,065,634\n1,065,663\n소계\n469,620\n2,260,100\n2,729,720\n(-)현재가치할인차금\n(2)\n-\n(2)\n(-)이연대출부대손익\n-\n(2,063)\n(2,063)\n(-)대손충당금\n(12,479)\n(3,449)\n(15,928)\n대출채권 장부가액\n457,139\n2,254,588\n2,711,727\n대손충당금 설정비율\n2.66%\n0.15%\n0.58%\n2) 전기말\n(단위 : 백만원)\n구분\n개인대출\n기업대출\n합계\n부동산담보대출금\n3,139\n868,435\n871,574\n신용대출금\n417,482\n-\n417,482\n지급보증대출금\n28,536\n687,270\n715,806\n기타대출금\n57\n1,197,636\n1,197,693\n대출채권 소계\n449,214\n2,753,341\n3,202,555\n(-)현재가치할인차금\n(5)\n-\n(5)\n(-)이연대출부대손익\n-\n(2,618)\n(2,618)\n(-)대손충당금\n(10,499)\n(5,341)\n(15,840)\n대출채권 장부가액\n438,710\n2,745,382\n3,184,092\n대손충당금 설정비율\n2.34%\n0.19%\n0.49%\n(3) 당분기 및 전분기 중 상각후원가 측정 대출채권 및 상각후원가 측정 수취채권의 총 장부금액의 변동내역은 다음과 같습니다.\n1) 상각후원가 측정 대출채권i) 당분기\n(단위: 백만원)\n구분\n가계대출\n기업대출\n합계\n12개월기대신용손실\n전체기간기대신용손실\n신용이 손상된금융자산\n12개월기대신용손실\n전체기간기대신용손실\n신용이 손상된금융자산\n기초\n417,798\n22,047\n9,369\n2,695,525\n39,626\n18,190\n3,202,555\n12개월 기대신용손실로 대체\xa0\n25,030\n(22,888)\n(2,142)\n806\n(806)\n-\n-\n전체기간 기대신용손실로 대체\n(28,545)\n32,232\n(3,687)\n-\n-\n-\n-\n신용이 손상된 금융자산으로 대체\xa0\n(1,329)\n(1,672)\n3,001\n-\n-\n-\n-\n신규\n100,391\n-\n-\n23,623,224\n-\n-\n23,723,615\n회수\n(75,575)\n(9,295)\n9,918\n(24,113,688)\n(4,334)\n-\n(24,192,974)\n기타\n-\n-\n(5,033)\n-\n196\n1,361\n(3,476)\n분기말\n437,770\n20,424\n11,426\n2,205,867\n34,682\n19,551\n2,729,720\nii) 전분기\n(단위: 백만원)\n구분\n가계대출\n기업대출\n합계\n12개월기대신용손실\n전체기간기대신용손실\n신용이 손상된금융자산\n12개월기대신용손실\n전체기간기대신용손실\n신용이 손상된금융자산\n기초\n374,562\n18,159\n5,178\n3,366,391\n25,021\n130\n3,789,441\n12개월 기대신용손실로 대체\xa0\n16,178\n(16,160)\n(18)\n-\n-\n-\n-\n전체기간 기대신용손실로 대체\n(31,451)\n32,623\n(1,172)\n(19,220)\n19,220\n-\n-\n신용이 손상된 금융자산으로 대체\xa0\n(3,043)\n(5,410)\n8,453\n-\n(17,980)\n17,980\n-\n신규\n114,666\n-\n-\n25,454,393\n-\n-\n25,569,059\n회수\n(69,646)\n(4,311)\n(1,902)\n(25,950,712)\n-\n-\n(26,026,571)\n기타\n(2)\n(7)\n(1,816)\n-\n1,678\n-\n(147)\n분기말\n401,264\n24,894\n8,723\n2,850,852\n27,939\n18,110\n3,331,782\n2) 상각후원가 측정 수취채권(당분기)\n(단위: 백만원)\n구분\n12개월 기대신용손실\n전체기간기대신용손실\n신용이 손상된금융자산\n합계\n기초\n1,067,069\n1,551\n3,836\n1,072,456\n12개월 기대신용손실로 대체\xa0\n88\n(79)\n(9)\n-\n전체기간 기대신용손실로 대체\n(67)\n118\n(51)\n-\n신용이 손상된 금융자산으로 대체\xa0\n(101)\n(21)\n122\n-\n신규\n304,047\n1,000\n-\n305,047\n회수\n(632,220)\n(1,032)\n62\n(633,190)\n기타\n(2,324)\n568\n1,640\n(116)\n분기말\n736,492\n2,105\n5,600\n744,197\n(전분기)\n(단위: 백만원)\n구분\n12개월 기대신용손실\n전체기간기대신용손실\n신용이 손상된금융자산\n합계\n기초\n893,050\n2,526\n77\n895,653\n12개월 기대신용손실로 대체\xa0\n41\n(41)\n-\n-\n전체기간 기대신용손실로 대체\n(105)\n108\n(3)\n-\n신용이 손상된 금융자산으로 대체\xa0\n(8,567)\n(3,313)\n11,880\n-\n신규\n386,774\n-\n-\n386,774\n회수\n(435,027)\n-\n(49)\n(435,076)\n기타\n(106)\n2,092\n(8,534)\n(6,548)\n분기말\n836,060\n1,372\n3,371\n840,803\n(4) 당분기 및 전분기 중 상각후원가 측정 대출채권 및 상각후원가 측정 수취채권에 대한 대손충당금의 변동내역은 다음과 같습니다.1) 상각후원가 측정 대출채권i) 당분기\n(단위: 백만원)\n구분\n가계대출\n기업대출\n합계\n12개월기대신용손실\n전체기간기대신용손실\n신용이 손상된금융자산\n12개월기대신용손실\n전체기간기대신용손실\n신용이 손상된금융자산\n기초\n2,526\n1,558\n6,415\n2,249\n2,962\n130\n15,840\n12개월 기대신용손실로 대체\xa0\n482\n(391)\n(91)\n43\n(43)\n-\n-\n전체기간 기대신용손실로 대체\n(368)\n985\n(617)\n-\n-\n-\n-\n신용이 손상된 금융자산으로 대체\xa0\n(48)\n(242)\n290\n-\n-\n-\n-\n전입(환입)\n116\n(343)\n5,595\n(183)\n(1,710)\n-\n3,475\n회수\n-\n-\n(3,387)\n-\n-\n-\n(3,387)\n제각 및 기타\n-\n-\n-\n-\n-\n-\n-\n분기말\n2,708\n1,567\n8,205\n2,109\n1,209\n130\n15,928\nii) 전분기\n(단위: 백만원)\n구분\n가계대출\n기업대출\n합계\n12개월기대신용손실\n전체기간기대신용손실\n신용이 손상된금융자산\n12개월기대신용손실\n전체기간기대신용손실\n신용이 손상된금융자산\n기초\n2,299\n1,347\n3,265\n5,726\n2,946\n130\n15,713\n12개월 기대신용손실로 대체\xa0\n314\n(313)\n(1)\n-\n-\n-\n-\n전체기간 기대신용손실로 대체\n(690)\n836\n(146)\n(711)\n711\n-\n-\n신용이 손상된 금융자산으로 대체\xa0\n(789)\n(1,599)\n2,388\n-\n(1,476)\n1,476\n-\n전입(환입)\n1,329\n1,259\n2,044\n(2,295)\n307\n(1,476)\n1,168\n제각 및 기타\n-\n-\n(1,744)\n-\n-\n-\n(1,744)\n분기말\n2,463\n1,530\n5,806\n2,720\n2,488\n130\n15,137\n2) 상각후원가 측정 수취채권i) 당분기\n(단위: 백만원)\n구분\n12개월 기대신용손실\n전체기간기대신용손실\n신용이 손상된금융자산\n합계\n기초\n801\n324\n102\n1,227\n12개월 기대신용손실로 대체\xa0\n2\n(2)\n-\n-\n전체기간 기대신용손실로 대체\n(1)\n11\n(10)\n-\n신용이 손상된 금융자산으로 대체\xa0\n(95)\n(4)\n99\n-\n전입(환입)\n89\n(72)\n29\n46\n제각 및 기타\n-\n-\n(95)\n(95)\n분기말\n796\n257\n125\n1,178\nii) 전분기\n(단위: 백만원)\n구분\n12개월 기대신용손실\n전체기간기대신용손실\n신용이 손상된금융자산\n합계\n기초\n17,705\n365\n48\n18,118\n12개월 기대신용손실로 대체\xa0\n1\n(1)\n-\n-\n전체기간 기대신용손실로 대체\n(4)\n5\n(1)\n-\n신용이 손상된 금융자산으로 대체\xa0\n(8,550)\n(184)\n8,734\n-\n전입(환입)\n589\n108\n(151)\n546\n제각 및 기타\n(3,221)\n-\n(8,534)\n(11,755)\n분기말\n6,520\n293\n96\n6,909\n(5) 당분기 및 전분기 중 이연대출부대손익의 변동내역은 다음과 같습니다.i) 당분기\n(단위 : 백만원)\n구분\n기초\n증가\n상각\n분기말\n기업대출\n(2,618)\n(191)\n746\n(2,063)\nii) 전분기\n(단위 : 백만원)\n구분\n기초\n증가\n상각\n분기말\n기업대출\n(8,090)\n3,189\n1,555\n(3,346)\n12. 유형자산당분기와 전분기 중 유형자산의 변동내역은 다음과 같습니다. (1) 당분기\n(단위 : 백만원)\n과목\n기초\n취득\n처분\n대체(*1)\n감가상각비\n분기말\n토지\n6,925\n-\n(137)\n-\n-\n6,788\n건물\n65,298\n-\n-\n-\n(1,077)\n64,221\n사용권자산(부동산)\n7,819\n20,906\n(1,877)\n-\n(8,853)\n17,995\n사용권자산(차량운반구)\n557\n167\n(37)\n-\n(209)\n478\n사용권자산(기타)\n896\n-\n-\n-\n(642)\n254\n비품\n8,076\n736\n(44)\n3,090\n(3,711)\n8,147\n기타의유형자산\n72\n-\n-\n-\n-\n72\n합계\n89,643\n21,809\n(2,095)\n3,090\n(14,492)\n97,955\n(*1) 선급비용에서 대체된 금액입니다.(2) 전분기\n(단위 : 백만원)\n과목\n기초\n취득\n처분\n대체(*1)\n감가상각비\n분기말\n토지\n6,821\n-\n-\n-\n-\n6,821\n건물\n66,746\n-\n-\n-\n(1,089)\n65,657\n사용권자산(부동산)\n13,320\n6,434\n(1,376)\n-\n(8,943)\n9,435\n사용권자산(차량운반구)\n606\n275\n(26)\n-\n(327)\n528\n사용권자산(기타)\n1,059\n695\n(30)\n-\n(614)\n1,110\n비품\n10,429\n1,355\n(75)\n1,199\n(3,958)\n8,950\n기타의유형자산\n72\n-\n-\n-\n-\n72\n합계\n99,053\n8,759\n(1,507)\n1,199\n(14,931)\n92,573\n(*1) 선급비용에서 대체된 금액입니다.\n13. 투자부동산 \xa0당분기와 전분기 중 투자부동산의 변동내역은 다음과 같습니다. (1) 당분기\n(단위 : 백만원)\n구분\n기초\n취득\n외화환산차이\n감가상각비\n분기말\n토지\n-\n-\n-\n-\n-\n건물\n-\n-\n-\n-\n-\n합계\n-\n-\n-\n-\n-\n(2) 전분기\n(단위 : 백만원)\n구분\n기초\n처분\n외화환산차이\n감가상각비(*1)\n분기말\n토지\n22,308\n(21,530)\n(778)\n-\n-\n건물\n20,339\n(18,607)\n(709)\n(1,023)\n-\n합계\n42,647\n(40,137)\n(1,487)\n(1,023)\n-\n(*1) 투자부동산의 감가상각비는 기타비용 중 부동산감가상각비로 계상되어 있습니다. 투자부동산의 내용연수 및 감가상각방법은 유형자산과 동일합니다.\n14. 무형자산\xa0\n당분기와 전분기 중 무형자산의 변동내역은 다음과 같습니다.(1) 당분기\n(단위 : 백만원)\n구분\n기초\n취득\n처분\n상각액(*1)\n대체(*2)\n분기말\n소프트웨어\n7,190\n182\n-\n(2,295)\n1,238\n6,315\n기타무형자산\n개발비 등\n30,472\n213\n-\n(8,457)\n650\n22,878\n콘도회원권\n2,016\n-\n(22)\n-\n-\n1,994\n골프회원권 등\n194\n-\n-\n-\n-\n194\n합계\n39,872\n395\n(22)\n(10,752)\n1,888\n31,381\n(*1) 무형자산상각비는 기타비용으로 계상되어 있습니다. (주석29참조)(*2) 선급비용에서 대체된 금액입니다.(2) 전분기\n(단위 : 백만원)\n구분\n기초\n취득\n처분\n상각액(*1)\n대체(*2)\n분기말\n소프트웨어\n6,730\n380\n-\n(2,072)\n1,088\n6,126\n기타무형자산\n개발비 등\n31,934\n162\n-\n(8,089)\n7,163\n31,170\n콘도회원권\n2,025\n-\n(9)\n-\n-\n2,016\n골프회원권 등\n194\n-\n-\n-\n-\n194\n합계\n40,883\n542\n(9)\n(10,161)\n8,251\n39,506\n(*1) 무형자산상각비는 기타비용으로 계상되어 있습니다. (주석29참조)(*2) 선급비용에서 대체된 금액입니다.\n15. 담보제공자산 \xa0당분기말 \xa0및 전기말 현재 담보로 제공된 자산의 내용은 다음과 같습니다.(1) 당분기말\n(단위 : 백만원)\n구분\n담보제공자산\n담보권의 종류\n장부금액\n담보제공처\n기타포괄손익-공정가치측정 금융자산\n국고02625-4803(18-2)\n파생상품 거래 증거금\n36,123\nNH투자증권\n6,134\n국민은행\n52,036\n신한은행\n21,959\n아이비케이투자증권\n30,975\nIBK기업은행\n8,527\nKDB산업은행\n68,633\n한국스탠다드차타드은행\n40,971\n한국씨티은행\n13,308\n호주뉴질랜드은행\n(2) 전기말\n(단위 : 백만원)\n구분\n담보제공자산\n담보권의 종류\n장부금액\n담보제공처\n기타포괄손익-공정가치측정 금융자산\xa0\n국고 02625-4803(18-2)\n파생상품 거래 증거금\n6,043\n메리츠증권\n18,451\nNH투자증권\n2,491\n키움증권\n6,550\n아이비케이투자증권\n34,503\n한국씨티은행\n13,100\n한국스탠다드차타드은행\n4,108\n국민은행\n6,352\nIBK기업은행\n4,567\n신한은행\n16. 기타자산 당분기말 및 전기말 현재 기타자산의 구성내역은 다음과 같습니다.\n(단위 : 백만원)\n구분\n당분기말\n전기말\n선급비용\n19,389\n14,636\n선급금 등\n1,337\n289\n합계\n20,726\n14,925\n17. 보험계약과 출재보험계약17.1 보험계약부채의 변동내역\n(1) 손익항목과의 연계\n1) 발행한 보험계약 부채(자산)당분기와 전분기 중 보험계약부채(자산)의 기초잔액에서 기말잔액까지의 차이조정 내역을 손익항목과 연계하여 나타내면 다음과 같습니다. 당사는 현재 보험료배분접근법을 적용하여 측정하는 보험계약이 없습니다.\nⅰ) 사망\n(단위: 백만원)\n구분\n보험료배분접근법 외 보험계약\n합계\n잔여보장부채(자산)\n발생사고부채\n손실요소 외\n손실요소\n당분기\n기초\n보험계약자산\n-\n-\n-\n-\n보험계약부채\n5,190,010\n15,413\n104,570\n5,309,993\n기초 잔액\n5,190,010\n15,413\n104,570\n5,309,993\n보험수익\n(309,867)\n-\n-\n(309,867)\n보험서비스비용\n발생한 보험금 및 기타 보험서비스비용\n-\n(476)\n162,300\n161,823\n보험취득현금흐름 상각\n80,658\n-\n-\n80,658\n발생사고요소의 조정\n-\n-\n5,682\n5,682\n손실부담계약 관련 손실(환입)\n-\n8,666\n-\n8,666\n투자요소 및 보험료 환급\n(397,786)\n-\n397,786\n-\n현금흐름\n수취한 보험료\n947,037\n-\n-\n947,037\n보험취득현금흐름 지급\n(187,709)\n-\n-\n(187,709)\n보험금(투자요소 포함) 및 기타 보험서비스비용의 지급\n-\n-\n(554,745)\n(554,745)\n보험금융손익\n당기손익인식 보험금융손익\n240,422\n143\n1,396\n241,961\n기타포괄손익인식 보험금융손익\n555,195\n-\n216\n555,411\n기타증감\n(18,646)\n-\n-\n(18,646)\n기말\n보험계약자산\n-\n-\n-\n-\n보험계약부채\n6,099,314\n23,746\n117,205\n6,240,265\n기말 잔액\n6,099,314\n23,746\n117,205\n6,240,265\n전분기\n기초\n보험계약자산\n-\n-\n-\n-\n보험계약부채\n4,185,470\n10,997\n99,429\n4,295,896\n기초 잔액\n4,185,470\n10,997\n99,429\n4,295,896\n보험수익\n(295,799)\n-\n-\n(295,799)\n보험서비스비용\n발생한 보험금 및 기타 보험서비스비용\n-\n(423)\n153,163\n152,740\n보험취득현금흐름 상각\n70,206\n-\n-\n70,206\n발생사고요소의 조정\n-\n-\n(3,253)\n(3,253)\n손실부담계약 관련 손실(환입)\n-\n2,219\n-\n2,219\n투자요소 및 보험료 환급\n(379,989)\n-\n379,989\n-\n현금흐름\n수취한 보험료\n961,334\n-\n-\n961,334\n보험취득현금흐름 지급\n(162,222)\n-\n-\n(162,222)\n보험금(투자요소 포함) 및 기타 보험서비스비용의 지급\n-\n-\n(527,166)\n(527,166)\n보험금융손익\n당기손익인식 보험금융손익\n207,690\n17\n1,327\n209,034\n기타포괄손익인식 보험금융손익\n(133,449)\n-\n(8)\n(133,456)\n기타증감\n(13,961)\n-\n-\n(13,961)\n기말\n보험계약자산\n-\n-\n-\n-\n보험계약부채\n4,439,280\n12,810\n103,482\n4,555,572\n기말 잔액\n4,439,280\n12,810\n103,482\n4,555,572\n\xa0\nii) 건강\n(단위: 백만원)\n구분\n보험료배분접근법 외 보험계약\n합계\n잔여보장부채(자산)\n발생사고부채\n손실요소 외\n손실요소\n당분기\n기초\n보험계약자산\n-\n-\n-\n-\n보험계약부채\n3,342,612\n11,183\n98,873\n3,452,668\n기초 잔액\n3,342,612\n11,183\n98,873\n3,452,668\n보험수익\n(273,715)\n-\n-\n(273,715)\n보험서비스 비용\n발생한 보험금 및 기타 보험서비스비용\n-\n(390)\n196,147\n195,757\n보험취득현금흐름 상각\n19,009\n-\n-\n19,009\n발생사고요소의 조정\n-\n-\n18,880\n18,880\n손실부담계약 관련 손실(환입)\n-\n(167)\n-\n(167)\n투자요소 및 보험료 환급\n(93,423)\n-\n93,423\n-\n현금흐름\n수취한 보험료\n349,119\n-\n-\n349,119\n보험취득현금흐름 지급\n(100,188)\n-\n-\n(100,188)\n보험금(투자요소 포함) 및 기타 보험서비스비용의 지급\n-\n-\n(298,061)\n(298,061)\n보험금융손익\n당기손익인식 보험금융손익\n73,555\n1\n1,394\n74,949\n기타포괄손익인식 보험금융손익\n315,283\n-\n650\n315,933\n기타증감\n(934)\n-\n-\n(934)\n기말\n보험계약자산\n-\n-\n-\n-\n보험계약부채\n3,631,318\n10,626\n111,306\n3,753,250\n기말 잔액\n3,631,318\n10,626\n111,306\n3,753,250\n전분기\n기초\n보험계약자산\n-\n-\n-\n-\n보험계약부채\n3,084,110\n33,892\n99,624\n3,217,626\n기초 잔액\n3,084,110\n33,892\n99,624\n3,217,626\n보험수익\n(250,417)\n-\n-\n(250,417)\n보험서비스 비용\n발생한 보험금 및 기타 보험서비스비용\n-\n(1,401)\n187,450\n186,050\n보험취득현금흐름 상각\n13,372\n-\n-\n13,372\n발생사고요소의 조정\n-\n-\n12,121\n12,121\n손실부담계약 관련 손실(환입)\n-\n(20,466)\n-\n(20,466)\n투자요소 및 보험료 환급\n(90,924)\n-\n90,924\n-\n현금흐름\n수취한 보험료\n325,641\n-\n-\n325,641\n보험취득현금흐름 지급\n(66,245)\n-\n-\n(66,245)\n보험금(투자요소 포함) 및 기타 보험서비스비용의 지급\n-\n-\n(291,932)\n(291,932)\n보험금융손익\n당기손익인식 보험금융손익\n73,296\n115\n1,105\n74,516\n기타포괄손익인식 보험금융손익\n(54,932)\n-\n58\n(54,873)\n기타증감\n(995)\n-\n-\n(995)\n기말\n보험계약자산\n-\n-\n-\n-\n보험계약부채\n3,032,906\n12,139\n99,351\n3,144,397\n기말 잔액\n3,032,906\n12,139\n99,351\n3,144,397\n\xa0\niii) 연금\n(단위: 백만원)\n구분\n보험료배분접근법 외 보험계약\n합계\n잔여보장부채(자산)\n발생사고부채\n손실요소 외\n손실요소\n당분기\n기초\n보험계약자산\n-\n-\n-\n-\n보험계약부채\n9,884,938\n15,471\n129,274\n10,029,683\n기초 잔액\n9,884,938\n15,471\n129,274\n10,029,683\n보험수익\n(81,331)\n-\n-\n(81,331)\n보험서비스비용\n발생한 보험금 및 기타 보험서비스비용\n-\n(578)\n28,465\n27,888\n보험취득현금흐름 상각\n21,688\n-\n-\n21,688\n발생사고요소의 조정\n-\n-\n1,539\n1,539\n손실부담계약 관련 손실(환입)\n-\n7,880\n-\n7,880\n투자요소 및 보험료 환급\n(1,312,536)\n-\n1,312,536\n-\n현금흐름\n수취한 보험료\n541,959\n-\n-\n541,959\n보험취득현금흐름 지급\n(40,180)\n-\n-\n(40,180)\n보험금(투자요소 포함) 및 기타 보험서비스비용의 지급\n-\n-\n(1,344,946)\n(1,344,946)\n보험금융손익\n당기손익인식 보험금융손익\n478,256\n472\n3,298\n482,025\n기타포괄손익인식 보험금융손익\n246,102\n-\n176\n246,278\n기타증감\n780\n-\n-\n780\n기말\n보험계약자산\n-\n-\n-\n-\n보험계약부채\n9,739,674\n23,244\n130,342\n9,893,261\n기말 잔액\n9,739,674\n23,244\n130,342\n9,893,261\n전분기\n기초\n보험계약자산\n-\n-\n-\n-\n보험계약부채\n9,592,358\n12,702\n129,172\n9,734,232\n기초 잔액\n9,592,358\n12,702\n129,172\n9,734,232\n보험수익\n(81,496)\n-\n-\n(81,496)\n보험서비스 비용\n발생한 보험금 및 기타 보험서비스비용\n-\n(946)\n24,400\n23,454\n보험취득현금흐름 상각\n24,305\n-\n-\n24,305\n발생사고요소의 조정\n-\n-\n235\n235\n손실부담계약 관련 손실(환입)\n-\n6,507\n-\n6,507\n투자요소 및 보험료 환급\n(941,507)\n-\n941,507\n-\n현금흐름\n수취한 보험료\n437,919\n-\n-\n437,919\n보험취득현금흐름 지급\n(31,140)\n-\n-\n(31,140)\n보험금(투자요소 포함) 및 기타 보험서비스비용의 지급\n-\n-\n(965,999)\n(965,999)\n보험금융손익\n당기손익인식 보험금융손익\n505,703\n639\n1,170\n507,511\n기타포괄손익인식 보험금융손익\n(140,016)\n-\n(33)\n(140,049)\n기타증감\n(510)\n-\n-\n(510)\n기말\n보험계약자산\n-\n-\n-\n-\n보험계약부채\n9,365,615\n18,902\n130,451\n9,514,969\n기말 잔액\n9,365,615\n18,902\n130,451\n9,514,969\n\xa0\niv) 저축\n(단위: 백만원)\n구분\n보험료배분접근법 외 보험계약\n합계\n잔여보장부채(자산)\n발생사고부채\n손실요소 외\n손실요소\n당분기\n기초\n보험계약자산\n-\n-\n-\n-\n보험계약부채\n6,916,920\n1,568\n54,080\n6,972,568\n기초 잔액\n6,916,920\n1,568\n54,080\n6,972,568\n보험수익\n(56,091)\n-\n-\n(56,091)\n보험서비스 비용\n발생한 보험금 및 기타 보험서비스비용\n-\n218\n17,503\n17,721\n보험취득현금흐름 상각\n9,998\n-\n-\n9,998\n발생사고요소의 조정\n-\n-\n(165)\n(165)\n손실부담계약 관련 손실(환입)\n-\n2,015\n-\n2,015\n투자요소 및 보험료 환급\n(1,723,309)\n-\n1,723,309\n-\n현금흐름\n수취한 보험료\n599,184\n-\n-\n599,184\n보험취득현금흐름 지급\n(6,048)\n-\n-\n(6,048)\n보험금(투자요소 포함) 및 기타 보험서비스비용의 지급\n-\n-\n(1,748,424)\n(1,748,424)\n보험금융손익\n당기손익인식 보험금융손익\n635,039\n62\n178\n635,279\n기타포괄손익인식 보험금융손익\n7,178\n-\n(21)\n7,158\n기타증감\n5,005\n-\n-\n5,005\n기말\n보험계약자산\n-\n-\n-\n-\n보험계약부채\n6,387,877\n3,864\n46,459\n6,438,200\n기말 잔액\n6,387,877\n3,864\n46,459\n6,438,200\n전분기\n기초\n보험계약자산\n-\n-\n-\n-\n보험계약부채\n6,885,174\n6,031\n69,523\n6,960,728\n기초 잔액\n6,885,174\n6,031\n69,523\n6,960,728\n보험수익\n(49,059)\n-\n-\n(49,059)\n보험서비스 비용\n발생한 보험금 및 기타 보험서비스비용\n-\n(764)\n18,114\n17,350\n보험취득현금흐름 상각\n11,725\n-\n-\n11,725\n발생사고요소의 조정\n-\n-\n150\n150\n손실부담계약 관련 손실(환입)\n-\n18,632\n-\n18,632\n투자요소 및 보험료 환급\n(1,191,617)\n-\n1,191,617\n-\n현금흐름\n수취한 보험료\n432,733\n-\n-\n432,733\n보험취득현금흐름 지급\n(8,360)\n-\n-\n(8,360)\n보험금(투자요소 포함) 및 기타 보험서비스비용의 지급\n-\n-\n(1,224,922)\n(1,224,922)\n보험금융손익\n당기손익인식 보험금융손익\n659,547\n487\n175\n660,209\n기타포괄손익인식 보험금융손익\n(8,388)\n-\n2\n(8,386)\n기타증감\n2,601\n-\n-\n2,601\n기말\n보험계약자산\n-\n-\n-\n-\n보험계약부채\n6,734,355\n24,385\n54,659\n6,813,400\n기말 잔액\n6,734,355\n24,385\n54,659\n6,813,400\n\xa0\nv) 기타\n(단위: 백만원)\n구분\n보험료배분접근법 외 보험계약\n합계\n잔여보장부채(자산)\n발생사고부채\n손실요소 외\n손실요소\n당분기\n기초\n보험계약자산\n-\n-\n-\n-\n보험계약부채\n17,799\n-\n244\n18,043\n기초 잔액\n17,799\n-\n244\n18,043\n보험수익\n(55)\n-\n-\n(55)\n보험서비스 비용\n발생한 보험금 및 기타 보험서비스비용\n-\n-\n-\n-\n보험취득현금흐름 상각\n-\n-\n-\n-\n발생사고요소의 조정\n-\n-\n-\n-\n손실부담계약 관련 손실(환입)\n-\n-\n-\n-\n투자요소 및 보험료 환급\n(1,259)\n-\n1,259\n-\n현금흐름\n수취한 보험료\n-\n-\n-\n-\n보험취득현금흐름 지급\n-\n-\n-\n-\n보험금(투자요소 포함) 및 기타 보험서비스비용의 지급\n-\n-\n(1,259)\n(1,259)\n보험금융손익\n당기손익인식 보험금융손익\n460\n-\n-\n460\n기타포괄손익인식 보험금융손익\n147\n-\n-\n147\n기타증감\n-\n-\n-\n-\n기말\n보험계약자산\n-\n-\n-\n-\n보험계약부채\n17,093\n-\n244\n17,337\n기말 잔액\n17,093\n-\n244\n17,337\n전분기\n기초\n보험계약자산\n-\n-\n-\n-\n보험계약부채\n18,137\n1\n-\n18,138\n기초 잔액\n18,137\n1\n-\n18,138\n보험수익\n(41)\n-\n-\n(41)\n보험서비스 비용\n발생한 보험금 및 기타 보험서비스비용\n-\n-\n-\n-\n보험취득현금흐름 상각\n-\n-\n-\n-\n발생사고요소의 조정\n-\n-\n-\n-\n손실부담계약 관련 손실(환입)\n-\n(1)\n-\n(1)\n투자요소 및 보험료 환급\n(1,135)\n-\n1,135\n-\n현금흐름\n수취한 보험료\n-\n-\n-\n-\n보험취득현금흐름 지급\n-\n-\n-\n-\n보험금(투자요소 포함) 및 기타 보험서비스비용의 지급\n-\n-\n(1,135)\n(1,135)\n보험금융손익\n당기손익인식 보험금융손익\n927\n-\n-\n927\n기타포괄손익인식 보험금융손익\n(240)\n-\n-\n(240)\n기타증감\n-\n-\n-\n-\n기말\n보험계약자산\n-\n-\n-\n-\n보험계약부채\n17,648\n-\n-\n17,648\n기말 잔액\n17,648\n-\n-\n17,648\n\xa0\n2) 보유한 재보험계약 자산(부채)\n당분기와 전분기 중 재보험계약부채(자산)의 기초잔액에서 기말잔액까지의 차이조정 내역을 손익항목과 연계하여 나타내면 다음과 같습니다. 당사는 현재 보험료배분접근법을 적용하여 측정하는 재보험계약이 없습니다.\ni) 사망\n(단위: 백만원)\n구분\n보험료배분접근법 외 재보험계약\n합계\n잔여보장자산(부채)\n발생사고자산(부채)\n손실회수요소 외\n손실회수요소\n당분기\n기초\n재보험계약자산\n-\n-\n-\n-\n재보험계약부채\n(12,830)\n580\n11,402\n(848)\n기초 잔액\n(12,830)\n580\n11,402\n(848)\n재보험서비스비용\n(2,184)\n-\n-\n(2,184)\n재보험수익\n발생한 재보험금 및 기타 재보험수익\n-\n(32)\n2,570\n2,538\n보험취득현금흐름 상각\n-\n-\n-\n-\n발생사고요소의 조정\n-\n-\n(1,418)\n(1,418)\n손실부담계약 관련 손실(환입)\n-\n460\n-\n460\n투자요소\n(6,962)\n-\n6,962\n-\n현금흐름\n지급한 보험료\n10,823\n-\n-\n10,823\n보험취득현금흐름 지급\n-\n-\n-\n-\n재보험금(투자요소 포함) 및 기타 재보험수익의 수취\n-\n-\n(12,140)\n(12,140)\n재보험금융손익\n당기손익인식 재보험금융손익\n(145)\n8\n57\n(80)\n기타포괄손익인식 재보험금융손익\n(716)\n-\n21\n(696)\n재보험계약 발행자의 불이행위험의 변동 효과\n-\n-\n1\n1\n기타증감\n-\n-\n-\n-\n기말\n재보험계약자산\n-\n-\n-\n-\n재보험계약부채\n(12,013)\n1,015\n7,454\n(3,543)\n기말 잔액\n(12,013)\n1,015\n7,454\n(3,543)\n전분기\n기초\n재보험계약자산\n-\n-\n-\n-\n재보험계약부채\n(13,165)\n751\n10,424\n(1,990)\n기초 잔액\n(13,165)\n751\n10,424\n(1,990)\n재보험서비스비용\n(2,175)\n-\n-\n(2,175)\n재보험수익\n발생한 재보험금 및 기타 재보험수익\n-\n(59)\n1,447\n1,389\n보험취득현금흐름 상각\n-\n-\n-\n-\n발생사고요소의 조정\n-\n-\n(624)\n(624)\n손실부담계약 관련 손실(환입)\n-\n1,985\n-\n1,985\n투자요소\n(8,977)\n-\n8,977\n-\n현금흐름\n지급한 보험료\n11,962\n-\n-\n11,962\n보험취득현금흐름 지급\n-\n-\n-\n-\n재보험금(투자요소 포함) 및 기타 재보험수익의 수취\n-\n-\n(11,314)\n(11,314)\n재보험금융손익\n당기손익인식 재보험금융손익\n(209)\n27\n49\n(133)\n기타포괄손익인식 재보험금융손익\n440\n-\n15\n455\n재보험계약 발행자의 불이행위험의 변동 효과\n-\n-\n(1)\n(1)\n기타증감\n-\n-\n-\n-\n기말\n재보험계약자산\n-\n-\n-\n-\n재보험계약부채\n(12,124)\n2,704\n8,973\n(446)\n기말 잔액\n(12,124)\n2,704\n8,973\n(446)\n\xa0\nii) 사망 외\n(단위: 백만원)\n구분\n보험료배분접근법 외 재보험계약\n합계\n잔여보장자산(부채)\n발생사고자산(부채)\n손실회수요소 외\n손실회수요소\n당분기\n기초\n재보험계약자산\n(18,912)\n1,501\n41,652\n24,241\n재보험계약부채\n-\n-\n-\n-\n기초 잔액\n(18,912)\n1,501\n41,652\n24,241\n재보험서비스비용\n(14,096)\n-\n-\n(14,096)\n재보험수익\n발생한 재보험금 및 기타 재보험수익\n-\n(54)\n15,773\n15,719\n보험취득현금흐름 상각\n-\n-\n-\n-\n발생사고요소의 조정\n-\n-\n2,019\n2,019\n손실부담계약 관련 손실(환입)\n-\n67\n-\n67\n투자요소\n(41,222)\n-\n41,222\n-\n현금흐름\n지급한 보험료\n58,143\n-\n-\n58,143\n보험취득현금흐름 지급\n-\n-\n-\n-\n재보험금(투자요소 포함) 및 기타 재보험수익의 수취\n-\n-\n(58,973)\n(58,973)\n재보험금융손익\n당기손익인식 재보험금융손익\n186\n7\n396\n589\n기타포괄손익인식 재보험금융손익\n1,055\n-\n119\n1,173\n재보험계약 발행자의 불이행위험의 변동 효과\n-\n-\n-\n-\n기타증감\n-\n-\n-\n-\n기말\n재보험계약자산\n(14,846)\n1,522\n42,209\n28,884\n재보험계약부채\n-\n-\n-\n-\n기말 잔액\n(14,846)\n1,522\n42,209\n28,884\n전분기\n기초\n재보험계약자산\n(26,643)\n3,712\n44,003\n21,073\n재보험계약부채\n-\n-\n-\n-\n기초 잔액\n(26,643)\n3,712\n44,003\n21,073\n재보험서비스비용\n(14,558)\n-\n-\n(14,558)\n재보험수익\n발생한 재보험금 및 기타 재보험수익\n-\n(157)\n16,704\n16,547\n보험취득현금흐름 상각\n-\n-\n-\n-\n발생사고요소의 조정\n-\n-\n(1,991)\n(1,991)\n손실부담계약 관련 손실(환입)\n-\n(2,123)\n-\n(2,123)\n투자요소\n(42,244)\n-\n42,244\n-\n현금흐름\n지급한 보험료\n59,968\n-\n-\n59,968\n보험취득현금흐름 지급\n-\n-\n-\n-\n재보험금(투자요소 포함) 및 기타 재보험수익의 수취\n-\n-\n(59,497)\n(59,497)\n재보험금융손익\n당기손익인식 재보험금융손익\n155\n16\n341\n512\n기타포괄손익인식 재보험금융손익\n3,295\n-\n16\n3,310\n재보험계약 발행자의 불이행위험의 변동 효과\n-\n-\n(9)\n(9)\n기타증감\n-\n-\n-\n-\n기말\n재보험계약자산\n(20,027)\n1,448\n41,811\n23,232\n재보험계약부채\n-\n-\n-\n-\n기말 잔액\n(20,027)\n1,448\n41,811\n23,232\n(2) 미래/당기/과거 서비스별 구분\n\xa0\n1) 발행한 보험계약 부채(자산) 당분기와 전분기 중 보험료배분접근법을 적용하지 않은 보험계약부채(자산)의 측정요소별 변동내역은 다음과 같습니다. 보험계약마진의 변동내역은 전환시점 보험부채 평가방법에 따라 구분하였습니다. \ni) 사망\n(단위: 백만원)\n구분\n보험료배분접근법 외 보험계약\n합계\n미래현금흐름의현재가치 추정치\n비금융위험에 대한 위험조정\n보험계약마진\n전환 시점에 존재했던 보험계약 중 수정소급법을 적용한 보험계약\n전환 시점에 존재했던 보험계약 중 공정가치법을 적용한 보험계약\n그 밖의 모든보험계약\n소계\n당분기\n기초\n보험계약자산\n-\n-\n-\n-\n-\n-\n-\n보험계약부채\n4,160,201\n180,659\n466,938\n312,093\n190,102\n969,134\n5,309,994\n기초 잔액\n4,160,201\n180,659\n466,938\n312,093\n190,102\n969,134\n5,309,994\n미래서비스와관련된 변동분\n보험계약마진을 조정하는 변동\n102,961\n(4,753)\n(20,428)\n(68,807)\n(8,972)\n(98,208)\n-\n보험계약마진을 조정하지 않는 변동\n8,700\n(402)\n-\n-\n-\n-\n8,298\n처음 인식한 계약의 효과\n(99,444)\n11,510\n-\n-\n88,302\n88,302\n368\n현행서비스와 관련된 변동분\n보험계약마진의 당기인식분\n-\n-\n(23,394)\n(15,989)\n(18,360)\n(57,743)\n(57,743)\n위험조정 변동분\n-\n(11,663)\n-\n-\n-\n-\n(11,663)\n경험조정\n2,021\n-\n-\n-\n-\n-\n2,021\n과거서비스와 관련된 변동분\n발생사고요소와 관련된 이행현금흐름의변동분\n8,681\n(2,999)\n-\n-\n-\n-\n5,682\n현금흐름\n수취한 보험료\n947,037\n-\n-\n-\n-\n-\n947,037\n보험취득현금흐름 지급\n(187,709)\n-\n-\n-\n-\n-\n(187,709)\n보험금(투자요소 포함) 및 기타 보험서비스비용의 지급\n(554,745)\n-\n-\n-\n-\n-\n(554,745)\n보험금융손익\n당기손익인식 보험금융손익\n219,665\n5,192\n5,578\n4,899\n6,627\n17,105\n241,962\n기타포괄손익인식 보험금융손익\n561,899\n(6,488)\n-\n-\n-\n-\n555,411\n기타증감\n(18,646)\n-\n-\n-\n-\n-\n(18,646)\n기말\n보험계약자산\n-\n-\n-\n-\n-\n-\n-\n보험계약부채\n5,150,619\n171,056\n428,694\n232,195\n257,699\n918,589\n6,240,264\n기말 잔액\n5,150,619\n171,056\n428,694\n232,195\n257,699\n918,589\n6,240,264\n전분기\n기초\n보험계약자산\n-\n-\n-\n-\n-\n-\n-\n보험계약부채\n3,100,558\n195,281\n558,931\n331,219\n109,906\n1,000,057\n4,295,896\n기초 잔액\n3,100,558\n195,281\n558,931\n331,219\n109,906\n1,000,057\n4,295,896\n미래서비스와 관련된 변동분\n보험계약마진을 조정하는 변동\n60,910\n(8,130)\n(56,891)\n28,768\n(24,658)\n(52,780)\n-\n보험계약마진을 조정하지 않는 변동\n2,347\n(131)\n-\n-\n-\n-\n2,216\n처음 인식한 계약의 효과\n(118,421)\n11,019\n-\n-\n107,405\n107,405\n3\n현행서비스와 관련된 변동분\n보험계약마진의 당기인식분\n-\n-\n(32,499)\n(20,232)\n(13,475)\n(66,206)\n(66,206)\n위험조정 변동분\n-\n(12,600)\n-\n-\n-\n-\n(12,600)\n경험조정\n5,954\n-\n-\n-\n-\n-\n5,954\n과거서비스와 관련된 변동분\n발생사고요소와 관련된 이행현금흐름의변동분\n(874)\n(2,380)\n-\n-\n-\n-\n(3,254)\n현금흐름\n수취한 보험료\n961,334\n-\n-\n-\n-\n-\n961,334\n보험취득현금흐름 지급\n(162,222)\n-\n-\n-\n-\n-\n(162,222)\n보험금(투자요소 포함) 및 기타 보험서비스비용의 지급\n(527,166)\n-\n-\n-\n-\n-\n(527,166)\n보험금융손익\n당기손익인식 보험금융손익\n187,085\n6,511\n6,496\n5,186\n3,756\n15,439\n209,035\n기타포괄손익인식 보험금융손익\n(135,218)\n1,762\n-\n-\n-\n-\n(133,456)\n기타증감\n(13,961)\n-\n-\n-\n-\n-\n(13,961)\n기말\n보험계약자산\n-\n-\n-\n-\n-\n-\n-\n보험계약부채\n3,360,325\n191,333\n476,037\n344,942\n182,934\n1,003,914\n4,555,572\n기말 잔액\n3,360,325\n191,333\n476,037\n344,942\n182,934\n1,003,914\n4,555,572\n\xa0\nii) 건강\n(단위: 백만원)\n구분\n보험료배분접근법 외 보험계약\n합계\n미래현금흐름의현재가치 추정치\n비금융위험에 대한 위험조정\n보험계약마진\n전환 시점에 존재했던 보험계약 중 수정소급법을 적용한 보험계약\n전환 시점에 존재했던 보험계약 중 공정가치법을 적용한 보험계약\n그 밖의 모든보험계약\n소계\n당분기\n기초\n보험계약자산\n-\n-\n-\n-\n-\n-\n-\n보험계약부채\n2,758,097\n116,413\n142,528\n242,213\n193,416\n578,158\n3,452,668\n기초 잔액\n2,758,097\n116,413\n142,528\n242,213\n193,416\n578,158\n3,452,668\n미래서비스와 관련된 변동분\n보험계약마진을 조정하는 변동\n(8,745)\n(2,298)\n(3,036)\n7,001\n7,078\n11,043\n-\n보험계약마진을 조정하지 않는 변동\n(2,684)\n(705)\n-\n-\n-\n-\n(3,389)\n처음 인식한 계약의 효과\n(166,684)\n20,600\n-\n-\n149,307\n149,307\n3,223\n현행서비스와 관련된 변동분\n보험계약마진의 당기인식분\n-\n-\n(8,494)\n(15,277)\n(18,178)\n(41,949)\n(41,949)\n위험조정 변동분\n-\n(7,100)\n-\n-\n-\n-\n(7,100)\n경험조정\n(9,900)\n-\n-\n-\n-\n-\n(9,900)\n과거서비스와 관련된 변동분\n발생사고요소와 관련된 이행현금흐름의 변동분\n21,648\n(2,768)\n-\n-\n-\n-\n18,880\n현금흐름\n수취한 보험료\n349,119\n-\n-\n-\n-\n-\n349,119\n보험취득현금흐름 지급\n(100,188)\n-\n-\n-\n-\n-\n(100,188)\n보험금(투자요소 포함) 및 기타 보험서비스비용의 지급\n(298,061)\n-\n-\n-\n-\n-\n(298,061)\n보험금융손익\n당기손익인식 보험금융손익\n55,897\n2,844\n2,548\n4,815\n8,845\n16,208\n74,949\n기타포괄손익인식 보험금융손익\n310,998\n4,935\n-\n-\n-\n-\n315,933\n기타증감\n(934)\n-\n-\n-\n-\n-\n(934)\n기말\n보험계약자산\n-\n-\n-\n-\n-\n-\n-\n보험계약부채\n2,908,563\n131,921\n133,547\n238,752\n340,468\n712,766\n3,753,250\n기말 잔액\n2,908,563\n131,921\n133,547\n238,752\n340,468\n712,766\n3,753,250\n전분기\n기초\n보험계약자산\n-\n-\n-\n-\n-\n-\n-\n보험계약부채\n2,508,728\n113,412\n147,019\n366,365\n82,103\n595,486\n3,217,626\n기초 잔액\n2,508,728\n113,412\n147,019\n366,365\n82,103\n595,486\n3,217,626\n미래서비스와 관련된 변동분\n보험계약마진을 조정하는 변동\n78,894\n(4,661)\n(3,729)\n(65,254)\n(5,250)\n(74,233)\n-\n보험계약마진을 조정하지 않는 변동\n(21,870)\n(982)\n-\n-\n-\n-\n(22,852)\n처음 인식한 계약의 효과\n(105,252)\n12,034\n-\n-\n95,603\n95,603\n2,385\n현행서비스와 관련된 변동분\n보험계약마진의 당기인식분\n-\n-\n(8,923)\n(22,425)\n(9,018)\n(40,365)\n(40,365)\n위험조정 변동분\n-\n(6,644)\n-\n-\n-\n-\n(6,644)\n경험조정\n(3,987)\n-\n-\n-\n-\n-\n(3,987)\n과거서비스와 관련된 변동분\n발생사고요소와 관련된 이행현금흐름의 변동분\n14,054\n(1,932)\n-\n-\n-\n-\n12,122\n현금흐름\n수취한 보험료\n325,641\n-\n-\n-\n-\n-\n325,641\n보험취득현금흐름 지급\n(66,245)\n-\n-\n-\n-\n-\n(66,245)\n보험금(투자요소 포함) 및 기타 보험서비스비용의 지급\n(291,932)\n-\n-\n-\n-\n-\n(291,932)\n보험금융손익\n당기손익인식 보험금융손익\n58,375\n2,553\n2,313\n7,354\n3,922\n13,588\n74,516\n기타포괄손익인식 보험금융손익\n(57,414)\n2,541\n-\n-\n-\n-\n(54,873)\n기타증감\n(995)\n-\n-\n-\n-\n-\n(995)\n기말\n보험계약자산\n-\n-\n-\n-\n-\n-\n-\n보험계약부채\n2,437,997\n116,320\n136,680\n286,039\n167,361\n590,080\n3,144,397\n기말 잔액\n2,437,997\n116,320\n136,680\n286,039\n167,361\n590,080\n3,144,397\niii) 연금\n(단위: 백만원)\n구분\n보험료배분접근법 외 보험계약\n합계\n미래현금흐름의 현재가치 추정치\n비금융위험에 대한 위험조정\n보험계약마진\n전환 시점에 존재했던 보험계약 중 수정소급법을 적용한 보험계약\n전환 시점에 존재했던 보험계약 중 공정가치법을 적용한 보험계약\n그 밖의 모든보험계약\n소계\n당분기\n기초\n보험계약자산\n-\n-\n-\n-\n-\n-\n-\n보험계약부채\n9,695,661\n37,018\n56,545\n225,044\n15,415\n297,004\n10,029,683\n기초 잔액\n9,695,661\n37,018\n56,545\n225,044\n15,415\n297,004\n10,029,683\n미래서비스와 관련된 변동분\n보험계약마진을 조정하는 변동\n45,488\n(2,249)\n(20,316)\n(8,980)\n(13,943)\n(43,239)\n-\n보험계약마진을 조정하지 않는 변동\n8,144\n(383)\n-\n-\n-\n-\n7,761\n처음 인식한 계약의 효과\n(23,929)\n2,148\n-\n-\n21,900\n21,900\n119\n현행서비스와 관련된 변동분\n보험계약마진의 당기인식분\n-\n-\n(4,040)\n(22,203)\n(1,280)\n(27,522)\n(27,522)\n위험조정 변동분\n-\n(4,176)\n-\n-\n-\n-\n(4,176)\n경험조정\n(58)\n-\n-\n-\n-\n-\n(58)\n과거서비스와 관련된 변동분\n발생사고요소와 관련된 이행현금흐름의 변동분\n1,634\n(95)\n-\n-\n-\n-\n1,539\n현금흐름\n수취한 보험료\n541,959\n-\n-\n-\n-\n-\n541,959\n보험취득현금흐름 지급\n(40,180)\n-\n-\n-\n-\n-\n(40,180)\n보험금(투자요소 포함) 및 기타 보험서비스비용의 지급\n(1,344,946)\n-\n-\n-\n-\n-\n(1,344,946)\n보험금융손익\n당기손익인식 보험금융손익\n477,106\n1,038\n30\n3,850\n1\n3,880\n482,024\n기타포괄손익인식 보험금융손익\n245,290\n989\n-\n-\n-\n-\n246,279\n기타증감\n780\n-\n-\n-\n-\n-\n780\n기말\n보험계약자산\n-\n-\n-\n-\n-\n-\n-\n보험계약부채\n9,606,948\n34,290\n32,218\n197,712\n22,093\n252,023\n9,893,261\n기말 잔액\n9,606,948\n34,290\n32,218\n197,712\n22,093\n252,023\n9,893,261\n전분기\n기초\n보험계약자산\n-\n-\n-\n-\n-\n-\n-\n보험계약부채\n9,398,066\n41,932\n40,977\n246,336\n6,921\n294,234\n9,734,232\n기초 잔액\n9,398,066\n41,932\n40,977\n246,336\n6,921\n294,234\n9,734,232\n미래서비스와 관련된 변동분\n보험계약마진을 조정하는 변동\n3,862\n1,161\n1,543\n(1,398)\n(5,168)\n(5,023)\n-\n보험계약마진을 조정하지 않는 변동\n5,917\n293\n-\n-\n-\n-\n6,210\n처음 인식한 계약의 효과\n(5,590)\n633\n-\n-\n5,254\n5,254\n297\n현행서비스와 관련된 변동분\n보험계약마진의 당기인식분\n-\n-\n(4,569)\n(22,794)\n(565)\n(27,928)\n(27,928)\n위험조정 변동분\n-\n(4,998)\n-\n-\n-\n-\n(4,998)\n경험조정\n(811)\n-\n-\n-\n-\n-\n(811)\n과거서비스와 관련된 변동분\n발생사고요소와 관련된 이행현금흐름의 변동분\n315\n(80)\n-\n-\n-\n-\n235\n현금흐름\n수취한 보험료\n437,919\n-\n-\n-\n-\n-\n437,919\n보험취득현금흐름 지급\n(31,140)\n-\n-\n-\n-\n-\n(31,140)\n보험금(투자요소 포함) 및 기타 보험서비스비용의 지급\n(965,999)\n-\n-\n-\n-\n-\n(965,999)\n보험금융손익\n당기손익인식 보험금융손익\n501,988\n994\n29\n4,500\n1\n4,529\n507,511\n기타포괄손익인식 보험금융손익\n(142,420)\n2,371\n-\n-\n-\n-\n(140,049)\n기타증감\n(510)\n-\n-\n-\n-\n-\n(510)\n기말\n보험계약자산\n-\n-\n-\n-\n-\n-\n-\n보험계약부채\n9,201,597\n42,307\n37,979\n226,643\n6,443\n271,066\n9,514,970\n기말 잔액\n9,201,597\n42,307\n37,979\n226,643\n6,443\n271,066\n9,514,970\niv) 저축\n(단위: 백만원)\n구분\n보험료배분접근법 외 보험계약\n합계\n미래현금흐름의 현재가치 추정치\n비금융위험에 대한 위험조정\n보험계약마진\n전환 시점에 존재했던 보험계약 중 수정소급법을 적용한 보험계약\n전환 시점에 존재했던 보험계약 중 공정가치법을 적용한 보험계약\n그 밖의 모든보험계약\n소계\n당분기\n기초\n보험계약자산\n-\n-\n-\n-\n-\n-\n-\n보험계약부채\n6,749,913\n46,409\n81,195\n86,940\n8,111\n176,246\n6,972,568\n기초 잔액\n6,749,913\n46,409\n81,195\n86,940\n8,111\n176,246\n6,972,568\n미래서비스와 관련된 변동분\n보험계약마진을 조정하는 변동\n(9,910)\n(503)\n(27,131)\n41,096\n(3,553)\n10,413\n-\n보험계약마진을 조정하지 않는 변동\n1,729\n89\n-\n-\n-\n-\n1,818\n처음 인식한 계약의 효과\n(16,064)\n1,514\n-\n-\n14,748\n14,748\n198\n현행서비스와 관련된 변동분\n보험계약마진의 당기인식분\n-\n-\n(9,253)\n(10,542)\n(1,566)\n(21,361)\n(21,361)\n위험조정 변동분\n-\n(4,090)\n-\n-\n-\n-\n(4,090)\n경험조정\n(2,921)\n-\n-\n-\n-\n-\n(2,921)\n과거서비스와 관련된 변동분\n발생사고요소와 관련된 이행현금흐름의 변동분\n140\n(305)\n-\n-\n-\n-\n(165)\n현금흐름\n수취한 보험료\n599,184\n-\n-\n-\n-\n-\n599,184\n보험취득현금흐름 지급\n(6,048)\n-\n-\n-\n-\n-\n(6,048)\n보험금(투자요소 포함) 및 기타 보험서비스비용의 지급\n(1,748,424)\n-\n-\n-\n-\n-\n(1,748,424)\n보험금융손익\n당기손익인식 보험금융손익\n634,928\n109\n-\n241\n-\n241\n635,278\n기타포괄손익인식 보험금융손익\n7,342\n(184)\n-\n-\n-\n-\n7,158\n기타증감\n5,005\n-\n-\n-\n-\n-\n5,005\n기말\n보험계약자산\n-\n-\n-\n-\n-\n-\n-\n보험계약부채\n6,214,875\n43,039\n44,811\n117,736\n17,739\n180,287\n6,438,201\n기말 잔액\n6,214,875\n43,039\n44,811\n117,736\n17,739\n180,287\n6,438,201\n전분기\n기초\n보험계약자산\n-\n-\n-\n-\n-\n-\n-\n보험계약부채\n6,824,327\n46,912\n61,006\n22,294\n6,189\n89,488\n6,960,727\n기초 잔액\n6,824,327\n46,912\n61,006\n22,294\n6,189\n89,488\n6,960,727\n미래서비스와 관련된 변동분\n보험계약마진을 조정하는 변동\n(325)\n1,341\n6,598\n(4,731)\n(2,883)\n(1,016)\n-\n보험계약마진을 조정하지 않는 변동\n17,682\n880\n-\n-\n-\n-\n18,562\n처음 인식한 계약의 효과\n(3,690)\n378\n-\n-\n3,382\n3,382\n70\n현행서비스와 관련된 변동분\n보험계약마진의 당기인식분\n-\n-\n(9,937)\n(2,924)\n(965)\n(13,826)\n(13,826)\n위험조정 변동분\n-\n(4,526)\n-\n-\n-\n-\n(4,526)\n경험조정\n(1,632)\n-\n-\n-\n-\n-\n(1,632)\n과거서비스와 관련된 변동분\n발생사고요소와 관련된 이행현금흐름의 변동분\n354\n(204)\n-\n-\n-\n-\n150\n현금흐름\n수취한 보험료\n432,733\n-\n-\n-\n-\n-\n432,733\n보험취득현금흐름 지급\n(8,360)\n-\n-\n-\n-\n-\n(8,360)\n보험금(투자요소 포함) 및 기타 보험서비스비용의 지급\n(1,224,922)\n-\n-\n-\n-\n-\n(1,224,922)\n보험금융손익\n당기손익인식 보험금융손익\n659,788\n133\n-\n287\n-\n287\n660,208\n기타포괄손익인식 보험금융손익\n(8,607)\n221\n-\n-\n-\n-\n(8,386)\n기타증감\n2,601\n-\n-\n-\n-\n-\n2,601\n기말\n보험계약자산\n-\n-\n-\n-\n-\n-\n-\n보험계약부채\n6,689,949\n45,136\n57,667\n14,926\n5,722\n78,315\n6,813,400\n기말 잔액\n6,689,949\n45,136\n57,667\n14,926\n5,722\n78,315\n6,813,400\nv) 기타\n(단위: 백만원)\n구분\n보험료배분접근법 외 보험계약\n합계\n미래현금흐름의현재가치 추정치\n비금융위험에 대한 위험조정\n보험계약마진\n전환 시점에 존재했던 보험계약 중수정소급법을 적용한 보험계약\n전환 시점에 존재했던 보험계약 중 공정가치법을 적용한 보험계약\n그 밖의 모든보험계약\n소계\n당분기\n기초\n보험계약자산\n-\n-\n-\n-\n-\n-\n-\n보험계약부채\n17,133\n-\n-\n910\n-\n910\n18,043\n기초 잔액\n17,133\n-\n-\n910\n-\n910\n18,043\n미래서비스와 관련된 변동분\n보험계약마진을 조정하는 변동\n(24)\n1\n-\n23\n-\n23\n-\n보험계약마진을 조정하지 않는 변동\n-\n-\n-\n-\n-\n-\n-\n처음 인식한 계약의 효과\n-\n-\n-\n-\n-\n-\n-\n현행서비스와 관련된 변동분\n보험계약마진의 당기인식분\n-\n-\n-\n(55)\n-\n(55)\n(55)\n위험조정 변동분\n-\n-\n-\n-\n-\n-\n-\n경험조정\n-\n-\n-\n-\n-\n-\n-\n과거서비스와 관련된 변동분\n발생사고요소와 관련된 이행현금흐름의 변동분\n-\n-\n-\n-\n-\n-\n-\n현금흐름\n수취한 보험료\n-\n-\n-\n-\n-\n-\n-\n보험취득현금흐름 지급\n-\n-\n-\n-\n-\n-\n-\n보험금(투자요소 포함) 및 기타 보험서비스비용의 지급\n(1,259)\n-\n-\n-\n-\n-\n(1,259)\n보험금융손익\n당기손익인식 보험금융손익\n451\n(9)\n-\n17\n-\n17\n459\n기타포괄손익인식 보험금융손익\n139\n9\n-\n-\n-\n-\n148\n기타증감\n-\n-\n-\n-\n-\n-\n-\n기말\n보험계약자산\n-\n-\n-\n-\n-\n-\n-\n보험계약부채\n16,441\n-\n-\n896\n-\n896\n17,337\n기말 잔액\n16,441\n-\n-\n896\n-\n896\n17,337\n전분기\n기초\n보험계약자산\n-\n-\n-\n-\n-\n-\n-\n보험계약부채\n17,905\n4\n-\n230\n-\n230\n18,139\n기초 잔액\n17,905\n4\n-\n230\n-\n230\n18,139\n미래서비스와 관련된 변동분\n보험계약마진을 조정하는 변동\n(140)\n(274)\n-\n414\n-\n414\n-\n보험계약마진을 조정하지 않는 변동\n-\n(2)\n-\n-\n-\n-\n(2)\n처음 인식한 계약의 효과\n-\n-\n-\n-\n-\n-\n-\n현행서비스와 관련된 변동분\n보험계약마진의 당기인식분\n-\n-\n-\n(40)\n-\n(40)\n(40)\n위험조정 변동분\n-\n-\n-\n-\n-\n-\n-\n경험조정\n-\n-\n-\n-\n-\n-\n-\n과거서비스와 관련된 변동분\n발생사고요소와 관련된 이행현금흐름의 변동분\n-\n-\n-\n-\n-\n-\n-\n현금흐름\n수취한 보험료\n-\n-\n-\n-\n-\n-\n-\n보험취득현금흐름 지급\n-\n-\n-\n-\n-\n-\n-\n보험금(투자요소 포함) 및 기타 보험서비스비용의 지급\n(1,135)\n-\n-\n-\n-\n-\n(1,135)\n보험금융손익\n당기손익인식 보험금융손익\n748\n172\n-\n7\n-\n7\n927\n기타포괄손익인식 보험금융손익\n(344)\n104\n-\n-\n-\n-\n(240)\n기타증감\n-\n-\n-\n-\n-\n-\n-\n기말\n보험계약자산\n-\n-\n-\n-\n-\n-\n-\n보험계약부채\n17,033\n4\n-\n610\n-\n610\n17,647\n기말 잔액\n17,033\n4\n-\n610\n-\n610\n17,647\n2) 보유하고 있는 재보험계약 자산(부채)\n당분기와 전분기 중 보험료배분접근법을 적용하지 않은 출재보험계약자산(부채) 의 측정요소별 변동내역은 다음과 같습니다. 보험계약마진의 변동내역은 전환시점 보험부채 평가방법에 따라 구분하였습니다. \ni) 사망\n(단위: 백만원)\n구분\n보험료배분접근법 외 재보험계약\n합계\n미래현금흐름의현재가치 추정치\n비금융위험에 대한 위험조정\n보험계약마진\n전환 시점에 존재했던 보험계약 중 공정가치법을 적용한 재보험계약\n그 밖의 모든재보험계약\n소계\n당분기\n기초\n재보험계약자산\n-\n-\n-\n-\n-\n-\n재보험계약부채\n(6,038)\n1,514\n1,122\n2,553\n3,675\n(848)\n기초 잔액\n(6,038)\n1,514\n1,122\n2,553\n3,675\n(848)\n미래서비스와관련된 변동\n보험계약마진을 조정하는 변동\n677\n(97)\n(142)\n(438)\n(580)\n-\n보험계약마진을 조정하지 않는 변동\n163\n(24)\n-\n-\n-\n139\n처음 인식한 계약의 효과\n(2,104)\n811\n-\n1,614\n1,614\n321\n현행서비스와관련된 변동분\n보험계약마진의 당기인식분\n-\n-\n(129)\n(281)\n(409)\n(409)\n위험조정 변동분\n-\n165\n-\n-\n-\n165\n경험조정\n599\n-\n-\n-\n-\n599\n과거서비스와관련된 변동분\n발생사고요소와 관련된 이행현금흐름의 변동분\n(1,140)\n(278)\n-\n-\n-\n(1,418)\n현금흐름\n지급한 보험료\n10,823\n-\n-\n-\n-\n10,823\n보험취득현금흐름 지급\n-\n-\n-\n-\n-\n-\n재보험금(투자요소 포함) 및 기타 재보험수익의 수취\n(12,140)\n-\n-\n-\n-\n(12,140)\n재보험금융손익\n당기손익인식 재보험금융손익\n(274)\n52\n20\n123\n143\n(80)\n기타포괄손익인식 재보험금융손익\n(851)\n155\n-\n-\n-\n(696)\n재보험계약 발행자의 불이행위험의 변동 효과\n1\n-\n-\n-\n-\n1\n기타증감\n-\n-\n-\n-\n-\n-\n기말\n재보험계약자산\n-\n-\n-\n-\n-\n-\n재보험계약부채\n(10,283)\n2,298\n871\n3,571\n4,443\n(3,543)\n기말 잔액\n(10,283)\n2,298\n871\n3,571\n4,443\n(3,543)\n전분기\n기초\n재보험계약자산\n-\n-\n-\n-\n-\n-\n재보험계약부채\n(5,551)\n1,079\n1,310\n1,173\n2,483\n(1,990)\n기초 잔액\n(5,551)\n1,079\n1,310\n1,173\n2,483\n(1,990)\n미래서비스와관련된 변동\n보험계약마진을 조정하는 변동\n(5,614)\n3,407\n1,776\n431\n2,207\n-\n보험계약마진을 조정하지 않는 변동\n4,978\n(3,021)\n-\n-\n-\n1,957\n처음 인식한 계약의 효과\n(1,299)\n195\n-\n1,132\n1,132\n28\n현행서비스와관련된 변동분\n보험계약마진의 당기인식분\n-\n-\n(138)\n(153)\n(291)\n(291)\n위험조정 변동분\n-\n(106)\n-\n-\n-\n(106)\n경험조정\n(389)\n-\n-\n-\n-\n(389)\n과거서비스와관련된 변동분\n발생사고요소와 관련된 이행현금흐름의 변동분\n(420)\n(204)\n-\n-\n-\n(624)\n현금흐름\n지급한 보험료\n11,962\n-\n-\n-\n-\n11,962\n보험취득현금흐름 지급\n-\n-\n-\n-\n-\n-\n재보험금(투자요소 포함) 및 기타 재보험수익의 수취\n(11,314)\n-\n-\n-\n-\n(11,314)\n재보험금융손익\n당기손익인식 재보험금융손익\n(245)\n31\n24\n58\n81\n(133)\n기타포괄손익인식 재보험금융손익\n465\n(10)\n-\n-\n-\n455\n재보험계약 발행자의 불이행위험의 변동 효과\n(1)\n-\n-\n-\n-\n(1)\n기타증감\n-\n-\n-\n-\n-\n-\n기말\n재보험계약자산\n-\n-\n-\n-\n-\n-\n재보험계약부채\n(7,427)\n1,370\n2,971\n2,640\n5,611\n(446)\n기말 잔액\n(7,427)\n1,370\n2,971\n2,640\n5,611\n(446)\n\xa0\nii) 사망 외\n(단위: 백만원)\n구분\n보험료배분접근법 외 재보험계약\n합계\n미래현금흐름의 현재가치 추정치\n비금융위험에 대한 위험조정\n보험계약마진\n전환 시점에 존재했던 보험계약 중공정가치법을 적용한 재보험계약\n그 밖의 모든재보험계약\n소계\n당분기\n기초\n재보험계약자산\n4,056\n5,616\n10,946\n3,623\n14,569\n24,241\n재보험계약부채\n-\n-\n-\n-\n-\n-\n기초 잔액\n4,056\n5,616\n10,946\n3,623\n14,569\n24,241\n미래서비스와관련된 변동\n보험계약마진을 조정하는 변동\n(2,271)\n(1,375)\n3,612\n33\n3,646\n-\n보험계약마진을 조정하지 않는 변동\n(21)\n(7)\n-\n-\n-\n(28)\n처음 인식한 계약의 효과\n(2,553)\n761\n-\n1,887\n1,887\n96\n현행서비스와관련된 변동분\n보험계약마진의 당기인식분\n-\n-\n(1,421)\n(491)\n(1,912)\n(1,912)\n위험조정 변동분\n-\n588\n-\n-\n-\n588\n경험조정\n2,947\n-\n-\n-\n-\n2,947\n과거서비스와관련된 변동분\n발생사고요소와 관련된 이행현금흐름의 변동분\n2,880\n(861)\n-\n-\n-\n2,019\n현금흐름\n지급한 보험료\n58,143\n-\n-\n-\n-\n58,143\n보험취득현금흐름 지급\n-\n-\n-\n-\n-\n-\n재보험금(투자요소 포함) 및 기타 재보험수익의 수취\n(58,973)\n-\n-\n-\n-\n(58,973)\n재보험금융손익\n당기손익인식 재보험금융손익\n42\n142\n236\n168\n405\n589\n기타포괄손익인식 재보험금융손익\n888\n286\n-\n-\n-\n1,173\n재보험계약 발행자의 불이행위험의 변동 효과\n-\n-\n-\n-\n-\n-\n기타증감\n-\n-\n-\n-\n-\n-\n기말\n재보험계약자산\n5,138\n5,151\n13,374\n5,221\n18,595\n28,884\n재보험계약부채\n-\n-\n-\n-\n-\n-\n기말 잔액\n5,138\n5,151\n13,374\n5,221\n18,595\n28,884\n전분기\n기초\n재보험계약자산\n13,146\n4,824\n1,823\n1,280\n3,103\n21,073\n재보험계약부채\n-\n-\n-\n-\n-\n-\n기초 잔액\n13,146\n4,824\n1,823\n1,280\n3,103\n21,073\n미래서비스와관련된 변동\n보험계약마진을 조정하는 변동\n(15,606)\n(134)\n13,736\n2,004\n15,740\n-\n보험계약마진을 조정하지 않는 변동\n(2,314)\n(20)\n-\n-\n-\n(2,334)\n처음 인식한 계약의 효과\n(882)\n496\n-\n596\n596\n210\n현행서비스와관련된 변동분\n보험계약마진의 당기인식분\n-\n-\n(837)\n(288)\n(1,126)\n(1,126)\n위험조정 변동분\n-\n700\n-\n-\n-\n700\n경험조정\n2,415\n-\n-\n-\n-\n2,415\n과거서비스와관련된 변동분\n발생사고요소와 관련된 이행현금흐름의 변동분\n(1,286)\n(706)\n-\n-\n-\n(1,991)\n현금흐름\n지급한 보험료\n59,968\n-\n-\n-\n-\n59,968\n보험취득현금흐름 지급\n-\n-\n-\n-\n-\n-\n재보험금(투자요소 포함) 및 기타 재보험수익의 수취\n(59,497)\n-\n-\n-\n-\n(59,497)\n재보험금융손익\n당기손익인식 재보험금융손익\n285\n111\n51\n64\n115\n512\n기타포괄손익인식 재보험금융손익\n3,116\n194\n-\n-\n-\n3,310\n재보험계약 발행자의 불이행위험의 변동 효과\n(9)\n-\n-\n-\n-\n(9)\n기타증감\n-\n-\n-\n-\n-\n-\n기말\n재보험계약자산\n(662)\n5,466\n14,773\n3,655\n18,428\n23,232\n재보험계약부채\n-\n-\n-\n-\n-\n-\n기말 잔액\n(662)\n5,466\n14,773\n3,655\n18,428\n23,232\n\xa0\n17.2 최초로 인식한 보험계약이 재무상태표에 미친 영향\n당분기 및 전분기 현재 보험료배분접근법이 적용되지 않은 보험계약에 대하여 해당 기간에 최초로 인식한 발행한 보험계약 및 보유하고 있는 재보험계약 각각이 재무상태표에 미친 영향은 다음과 같습니다.\n\xa0\n(단위: 백만원)\n구분\n미래 현금 유출액의 현재가치 추정치\n미래 현금 유입액의현재가치 추정치\n비금융위험에대한 위험조정\n보험계약마진\n합계\n보험 취득 현금흐름금액 외\n보험취득현금흐름\n당분기\n해당 기간에최초로 인식한계약\n발행한 보험계약\n사망\n손실부담계약집합 외\n740,807\n213,300\n(1,053,838)\n11,429\n88,302\n-\n손실부담계약집합\n5,984\n1,782\n(7,479)\n81\n-\n368\n건강\n손실부담계약집합 외\n461,819\n159,339\n(790,051)\n19,586\n149,307\n-\n손실부담계약집합\n38,290\n12,265\n(48,346)\n1,014\n-\n3,222\n연금\n손실부담계약집합 외\n462,431\n33,423\n(519,891)\n2,138\n21,900\n-\n손실부담계약집합\n4,623\n414\n(4,929)\n10\n-\n119\n저축\n손실부담계약집합 외\n462,079\n11,388\n(489,698)\n1,483\n14,748\n-\n손실부담계약집합\n11,036\n608\n(11,477)\n31\n-\n197\n기타\n손실부담계약집합 외\n-\n-\n-\n-\n-\n-\n손실부담계약집합\n-\n-\n-\n-\n-\n-\n소계\n2,187,068\n432,519\n(2,925,709)\n35,772\n274,256\n3,906\n보유하고 있는재보험계약\n사망\n순이익계약집합 외\n(15,593)\n-\n13,553\n316\n1,747\n22\n순이익계약집합\n(21,196)\n-\n21,133\n495\n(133)\n298\n사망 외\n순이익계약집합 외\n(49,059)\n-\n46,506\n761\n1,887\n96\n순이익계약집합\n-\n-\n-\n-\n-\n-\n소계\n(85,849)\n-\n81,192\n1,572\n3,501\n417\n합계\n2,272,917\n432,519\n(3,006,901)\n34,200\n270,755\n3,490\n전분기\n해당 기간에최초로 인식한계약\n발행한 보험계약\n사망\n손실부담계약집합 외\n610,422\n161,398\n(890,242)\n11,018\n107,405\n-\n손실부담계약집합\n34\n23\n(56)\n1\n-\n3\n건강\n손실부담계약집합 외\n249,034\n94,500\n(450,737)\n11,600\n95,603\n-\n손실부담계약집합\n15,817\n3,552\n(17,418)\n435\n-\n2,386\n연금\n손실부담계약집합 외\n130,235\n9,873\n(145,985)\n623\n5,254\n-\n손실부담계약집합\n3,183\n292\n(3,187)\n10\n-\n297\n저축\n손실부담계약집합 외\n118,533\n2,855\n(125,137)\n367\n3,382\n-\n손실부담계약집합\n3,998\n200\n(4,138)\n11\n-\n70\n기타\n손실부담계약집합 외\n-\n-\n-\n-\n-\n-\n손실부담계약집합\n-\n-\n-\n-\n-\n-\n소계\n1,131,256\n272,693\n(1,636,901)\n24,065\n211,644\n2,756\n보유하고 있는재보험계약\n사망\n순이익계약집합 외\n(9,007)\n-\n7,706\n195\n1,135\n28\n순이익계약집합\n(8)\n-\n11\n-\n(3)\n-\n사망 외\n순이익계약집합 외\n(9,495)\n-\n8,685\n67\n803\n61\n순이익계약집합\n(16,009)\n-\n15,936\n429\n(207)\n149\n소계\n(34,519)\n-\n32,338\n691\n1,728\n238\n합계\n1,165,774\n272,693\n(1,669,239)\n23,374\n209,916\n2,518\n\xa0\n17.3 보험계약마진의 기간별 기대수익인식금액\n당분기 및 전기 현재 보험료배분접근법이 적용되지 않은 보험계약에 대하여 보고기간말 남아있는 보험계약마진에 대해 미래의 기간별로 인식할 것으로 기대되는 손익 추정액은 다음과 같습니다.\xa0\n(단위: 백만원)\n구분\n1년 이내\n1년 초과2년 이내\n2년 초과5년 이내\n5년 초과10년 이내\n10년 초과\n합계\n당분기\n발행한 보험계약\n사망\n67,510\n59,026\n146,792\n190,276\n454,985\n918,589\n건강\n60,809\n55,583\n133,931\n153,352\n309,090\n712,766\n연금\n31,052\n27,018\n63,836\n66,168\n63,949\n252,023\n저축\n23,102\n19,514\n44,001\n43,522\n50,148\n180,287\n기타\n69\n64\n164\n200\n399\n896\n소계\n182,542\n161,205\n388,725\n453,519\n878,571\n2,064,561\n보유하고 있는재보험계약\n사망\n(550)\n(475)\n(1,080)\n(1,021)\n(1,316)\n(4,443)\n사망 외\n(3,004)\n(2,806)\n(6,878)\n(3,749)\n(2,158)\n(18,595)\n소계\n(3,554)\n(3,281)\n(7,959)\n(4,770)\n(3,474)\n(23,038)\n합계\n178,988\n157,923\n380,766\n448,749\n875,097\n2,041,523\n전기\n발행한 보험계약\n사망\n74,324\n64,362\n158,167\n200,974\n471,306\n969,134\n건강\n48,762\n44,674\n108,412\n125,526\n250,783\n578,158\n연금\n36,341\n31,513\n73,979\n77,715\n77,455\n297,004\n저축\n16,387\n12,823\n26,532\n23,919\n96,585\n176,246\n기타\n64\n60\n155\n195\n436\n910\n소계\n175,878\n153,431\n367,246\n428,330\n896,566\n2,021,451\n보유하고 있는재보험계약\n사망\n(379)\n(431)\n(976)\n(901)\n(988)\n(3,675)\n사망 외\n(1,948)\n(2,096)\n(5,222)\n(3,557)\n(1,747)\n(14,569)\n소계\n(2,327)\n(2,528)\n(6,198)\n(4,457)\n(2,735)\n(18,245)\n합계\n173,551\n150,904\n361,048\n423,872\n893,831\n2,003,206\n17.4 회사의 투자서비스수익과 보험금융손익\n당분기와 전분기 중 투자서비스손익과 보험금융손익의 내역은 다음과 같습니다.\n(단위: 백만원)\n구분\n당분기\n전분기\n3개월\n누적\n3개월\n누적\n투자서비스손익(보험및재보험금융손익 제외)\n이자수익\n126,647\n382,810\n141,321\n416,343\n기타투자손익\n25,145\n55,326\n(2,487)\n29,049\n금융상품 거래 및 평가손익\n450,615\n1,386,789\n(581,980)\n834,994\n소계\n602,407\n1,824,925\n(443,146)\n1,280,386\n당기손익으로 인식한 투자서비스 손익\xa0\n36,949\n1,441,858\n(19,860)\n1,590,169\n기타포괄손익으로 인식한 투자서비스 손익\n565,458\n383,067\n(423,286)\n(309,783)\n보험금융손익\n직접참가특성이 있는 계약의 기초자산 공정가치 변동분\n66,093\n(1,073,054)\n148,113\n(989,046)\n기초항목 공정가치에 대한 기업의 몫에 대한 금융위험 효과의 위험경감분\n-\n-\n-\n-\n이자부리액\n(124,578)\n(381,931)\n(137,145)\n(423,923)\n할인율 및 금융가정의 변경 효과\n(581,550)\n(1,108,737)\n428,321\n296,663\n환율변동효과\n-\n-\n-\n-\n기타\n1,140\n4,120\n386\n1,114\n소계\n(638,895)\n(2,559,602)\n439,675\n(1,115,192)\n당기손익으로 인식한 보험금융손익\n(53,574)\n(1,434,675)\n16,612\n(1,452,197)\n기타포괄손익으로 인식한 보험금융손익\n(585,321)\n(1,124,927)\n423,063\n337,005\n재보험금융손익\n이자부리액\n185\n509\n136\n379\n할인율 및 금융가정의 변경 효과\n484\n478\n2,603\n3,765\n재보험자 불이행위험 변동액\n-\n1\n(1)\n(10)\n환율변동효과\n-\n-\n-\n-\n기타\n-\n-\n-\n-\n소계\n669\n988\n2,738\n4,134\n당기손익으로 인식한 재보험금융손익\n185\n510\n135\n369\n기타포괄손익으로 인식한 재보험금융손익\n484\n478\n2,603\n3,765\n순보험금융손익 합계\n(638,226)\n(2,558,614)\n442,413\n(1,111,058)\n17.5 직접 참가 특성이 있는 보험계약의 기초항목1) 기초항목의 구성과 공정가치당분기말 및 전기말 현재 직접 참가 특성이 있는 계약의 기초항목의 구성과 기초항목의 공정가치는 다음과 같습니다.\n(단위: 백만원)\n구분\n당분기말\n전기말\n예치금\n328,054\n393,256\n주식\n43,142\n106,936\n수익증권\n11,062,125\n11,354,079\n대출채권\n130,698\n128,301\n기타\n178,707\n142,823\n합계\n11,742,726\n12,125,394\n2) 금융위험에 대한 파생상품의 상쇄효과직접 참가 특성이 있는 보험계약의 금융위험에 대하여 파생상품 사용하여 금융위험 상쇄요건 충족시 이행현금흐름의 일부 변동분에 대해 보험계약마진을 조정하지 않기로 선택할 수 있으며, 그러한 선택이 당기 및 전기에 보험계약마진의 조정에 미친 효과는 없습니다.\n17.6 보험손익의 변동내역\n\xa0\n(1) 발행한 보험계약\n1) 보험수익\n전환시점의 보험부채 평가방법에 따른 당분기와 전분기 중 보험수익의 내역은 다음과 같습니다.\ni) 사망\n(단위: 백만원)\n구분\n보험수익\n합계\n전환 시점에 존재했던 보험계약 중 수정소급법을 적용한 보험계약\n전환 시점에 존재했던 보험계약 중 공정가치법을 적용한 보험계약\n그 밖의 모든 보험계약\n당분기\n잔여보장부채의변동과 관련된 금액\n해당 기간 동안 발생한 보험서비스비용 관련\n14,429\n136,193\n6,181\n156,803\n비금융위험에 대한 위험조정의 변동분\n4,726\n5,794\n3,886\n14,406\n해당 기간에 서비스의 이전으로 당기손익에 인식한 보험계약마진 금액\n23,394\n15,989\n18,360\n57,743\n손실요소배분액\n(432)\n(40)\n(5)\n(476)\n보험료 및 관련현금흐름의 경험조정\n(10)\n(2)\n745\n733\n기타\n-\n-\n-\n-\n보험 취득 현금흐름의 회수와 관련된 보험료 부분의 배분액\n45,177\n60\n35,422\n80,658\n합계\n87,283\n157,995\n64,589\n309,867\n전분기\n잔여보장부채의변동과 관련된 금액\n해당 기간 동안 발생한 보험서비스비용 관련\n14,312\n137,969\n3,510\n155,792\n비금융위험에 대한 위험조정의 변동분\n6,061\n7,232\n2,533\n15,826\n해당 기간에 서비스의 이전으로 당기손익에 인식한 보험계약마진 금액\n32,499\n20,232\n13,475\n66,206\n손실요소배분액\n(422)\n-\n(1)\n(423)\n보험료 및 관련현금흐름의 경험조정\n-\n(6)\n(11,802)\n(11,808)\n기타\n-\n-\n-\n-\n보험 취득 현금흐름의 회수와 관련된 보험료 부분의 배분액\n52,346\n128\n17,731\n70,206\n합계\n104,797\n165,556\n25,446\n295,799\n\xa0\n\xa0ii)건강\n(단위: 백만원)\n구분\n보험수익\n합계\n전환 시점에 존재했던 보험계약 중 수정소급법을 적용한 보험계약\n전환 시점에 존재했던 보험계약 중 공정가치법을 적용한 보험계약\n그 밖의 모든 보험계약\n당분기\n잔여보장부채의변동과 관련된 금액\n해당 기간 동안 발생한 보험서비스비용 관련\n20,182\n152,463\n29,605\n202,251\n비금융위험에 대한 위험조정의 변동분\n1,400\n5,003\n3,259\n9,662\n해당 기간에 서비스의 이전으로 당기손익에 인식한 보험계약마진 금액\n8,494\n15,277\n18,178\n41,949\n손실요소배분액\n(313)\n-\n(77)\n(390)\n보험료 및 관련현금흐름의 경험조정\n(19)\n(119)\n1,372\n1,234\n기타\n-\n-\n-\n-\n보험 취득 현금흐름의 회수와 관련된 보험료 부분의 배분액\n6,546\n86\n12,378\n19,009\n합계\n36,291\n172,710\n64,715\n273,715\n전분기\n잔여보장부채의변동과 관련된 금액\n해당 기간 동안 발생한 보험서비스비용 관련\n21,085\n158,588\n14,011\n193,684\n비금융위험에 대한 위험조정의 변동분\n1,574\n5,717\n2,093\n9,384\n해당 기간에 서비스의 이전으로 당기손익에 인식한 보험계약마진 금액\n8,923\n22,425\n9,018\n40,365\n손실요소배분액\n(1,195)\n2\n(208)\n(1,401)\n보험료 및 관련현금흐름의 경험조정\n(2)\n(19)\n(4,966)\n(4,987)\n기타\n-\n-\n-\n-\n보험 취득 현금흐름의 회수와 관련된 보험료 부분의 배분액\n7,158\n72\n6,142\n13,372\n합계\n37,543\n186,784\n26,090\n250,417\n\xa0 iii) 연금\n(단위: 백만원)\n구분\n보험수익\n합계\n전환 시점에 존재했던 보험계약 중 수정소급법을 적용한 보험계약\n전환 시점에 존재했던 보험계약 중 공정가치법을 적용한 보험계약\n그 밖의 모든 보험계약\n당분기\n잔여보장부채의변동과 관련된 금액\n해당 기간 동안 발생한 보험서비스비용 관련\n2,430\n24,466\n1,635\n28,531\n비금융위험에 대한 위험조정의 변동분\n1,104\n2,766\n380\n4,250\n해당 기간에 서비스의 이전으로 당기손익에 인식한 보험계약마진 금액\n4,040\n22,203\n1,280\n27,522\n손실요소배분액\n(684)\n247\n(141)\n(578)\n보험료 및 관련현금흐름의 경험조정\n-\n9\n(91)\n(82)\n기타\n-\n-\n-\n-\n보험 취득 현금흐름의 회수와 관련된 보험료 부분의 배분액\n14,536\n4\n7,148\n21,688\n합계\n21,425\n49,695\n10,212\n81,331\n전분기\n잔여보장부채의변동과 관련된 금액\n해당 기간 동안 발생한 보험서비스비용 관련\n3,097\n23,433\n771\n27,301\n비금융위험에 대한 위험조정의 변동분\n1,328\n3,594\n182\n5,105\n해당 기간에 서비스의 이전으로 당기손익에 인식한 보험계약마진 금액\n4,569\n22,794\n565\n27,928\n손실요소배분액\n(1,127)\n190\n(9)\n(946)\n보험료 및 관련현금흐름의 경험조정\n-\n1\n(2,198)\n(2,198)\n기타\n-\n-\n-\n-\n보험 취득 현금흐름의 회수와 관련된 보험료 부분의 배분액\n19,412\n27\n4,866\n24,305\n합계\n27,280\n50,039\n4,177\n81,496\n\xa0 iv)저축\n(단위: 백만원)\n구분\n보험수익\n합계\n전환 시점에 존재했던보험계약 중 수정소급법을 적용한 보험계약\n전환 시점에 존재했던 보험계약 중 공정가치법을 적용한 보험계약\n그 밖의 모든 보험계약\n당분기\n잔여보장부채의 변동과 관련된금액\n해당 기간 동안 발생한 보험서비스비용 관련\n2,446\n16,270\n1,400\n20,116\n비금융위험에 대한 위험조정의 변동분\n1,213\n2,813\n288\n4,314\n해당 기간에 서비스의 이전으로 당기손익에 인식한 보험계약마진 금액\n9,253\n10,542\n1,566\n21,361\n손실요소배분액\n(133)\n414\n(62)\n218\n보험료 및 관련현금흐름의 경험조정\n-\n7\n77\n85\n기타\n-\n-\n-\n-\n보험 취득 현금흐름의 회수와 관련된 보험료 부분의 배분액\n7,803\n43\n2,152\n9,998\n합계\n20,582\n30,089\n5,421\n56,091\n전분기\n잔여보장부채의 변동과 관련된금액\n해당 기간 동안 발생한 보험서비스비용 관련\n2,947\n17,458\n467\n20,871\n비금융위험에 대한 위험조정의 변동분\n1,708\n2,951\n183\n4,842\n해당 기간에 서비스의 이전으로 당기손익에 인식한 보험계약마진 금액\n9,937\n2,924\n965\n13,826\n손실요소배분액\n(870)\n161\n(55)\n(764)\n보험료 및 관련현금흐름의 경험조정\n-\n(1)\n(1,440)\n(1,441)\n기타\n-\n-\n-\n-\n보험 취득 현금흐름의 회수와 관련된 보험료 부분의 배분액\n10,171\n257\n1,297\n11,725\n합계\n23,892\n23,750\n1,417\n49,059\n\xa0 v)기타\n(단위: 백만원)\n구분\n보험수익\n합계\n전환 시점에 존재했던 보험계약 중 수정소급법을 적용한 보험계약\n전환 시점에 존재했던 보험계약 중 공정가치법을 적용한 보험계약\n그 밖의 모든 보험계약\n당분기\n잔여보장부채의변동과 관련된금액\n해당 기간 동안 발생한 보험서비스비용 관련\n-\n-\n-\n-\n비금융위험에 대한 위험조정의 변동분\n-\n-\n-\n-\n해당 기간에 서비스의 이전으로 당기손익에 인식한 보험계약마진 금액\n-\n55\n-\n55\n손실요소배분액\n-\n-\n-\n-\n보험료 및 관련현금흐름의 경험조정\n-\n-\n-\n-\n기타\n-\n-\n-\n-\n보험 취득 현금흐름의 회수와 관련된 보험료 부분의 배분액\n-\n-\n-\n-\n합계\n-\n55\n-\n55\n전분기\n잔여보장부채의변동과 관련된금액\n해당 기간 동안 발생한 보험서비스비용 관련\n-\n-\n-\n-\n비금융위험에 대한 위험조정의 변동분\n-\n-\n-\n-\n해당 기간에 서비스의 이전으로 당기손익에 인식한 보험계약마진 금액\n-\n40\n-\n40\n손실요소배분액\n-\n-\n-\n-\n보험료 및 관련현금흐름의 경험조정\n-\n-\n-\n-\n기타\n-\n-\n-\n-\n보험 취득 현금흐름의 회수와 관련된 보험료 부분의 배분액\n-\n-\n-\n-\n합계\n-\n41\n-\n41\n(2) 보유한 재보험계약\n\xa0\n1) 재보험서비스비용\n전환시점의 보험부채 평가방법에 따른 당분기와 전분기 중 재보험서비스비용의 내역은 다음과 같습니다.\n\xa0 i)사망\n(단위: 백만원)\n구분\n재보험서비스비용\n합계\n전환 시점에 존재했던 보험계약 중 공정가치법을 적용한 재보험계약\n그 밖의 모든 재보험계약\n당분기\n잔여보장자산(부채)의 변동과 관련된 금액\n해당 기간 동안 발생한 재보험수익 관련\n(1,582)\n(799)\n(2,381)\n비금융위험에 대한 위험조정의 변동분\n(59)\n(36)\n(95)\n해당 기간에 서비스의 이전으로 당기손익에 인식한 보험계약마진 금액\n(129)\n(281)\n(409)\n손실회수요소 배분액\n28\n4\n32\n재보험료 및 투자요소의 경험조정\n590\n79\n669\n보험 취득 현금흐름의 회수와 관련된 보험료 부분의 배분액\n-\n-\n-\n합계\n(1,151)\n(1,033)\n(2,184)\n전분기\n잔여보장자산(부채)의 변동과 관련된 금액\n해당 기간 동안 발생한 재보험수익 관련\n(1,850)\n(152)\n(2,002)\n비금융위험에 대한 위험조정의 변동분\n(295)\n(103)\n(398)\n해당 기간에 서비스의 이전으로 당기손익에 인식한 보험계약마진 금액\n(138)\n(153)\n(291)\n손실회수요소 배분액\n57\n1\n59\n재보험료 및 투자요소의 경험조정\n15\n443\n458\n보험 취득 현금흐름의 회수와 관련된 보험료 부분의 배분액\n-\n-\n-\n합계\n(2,211)\n36\n(2,175)\nii)사망 외\n(단위: 백만원)\n구분\n재보험서비스비용\n합계\n전환 시점에 존재했던 보험계약 중 공정가치법을 적용한 재보험계약\n그 밖의 모든 재보험계약\n당분기\n잔여보장자산(부채)의 변동과 관련된 금액\n해당 기간 동안 발생한 재보험수익 관련\n(7,464)\n(1,557)\n(9,021)\n비금융위험에 대한 위험조정의 변동분\n(254)\n57\n(197)\n해당 기간에 서비스의 이전으로 당기손익에 인식한 보험계약마진 금액\n(1,421)\n(491)\n(1,912)\n손실회수요소 배분액\n52\n2\n54\n재보험료 및 투자요소의 경험조정\n(3,000)\n(20)\n(3,020)\n보험 취득 현금흐름의 회수와 관련된 보험료 부분의 배분액\n-\n-\n-\n합계\n(12,086)\n(2,009)\n(14,096)\n전분기\n잔여보장자산(부채)의 변동과 관련된 금액\n해당 기간 동안 발생한 재보험수익 관련\n(6,782)\n(719)\n(7,500)\n비금융위험에 대한 위험조정의 변동분\n(1,612)\n1,366\n(246)\n해당 기간에 서비스의 이전으로 당기손익에 인식한 보험계약마진 금액\n(837)\n(288)\n(1,126)\n손실회수요소 배분액\n141\n16\n157\n재보험료 및 투자요소의 경험조정\n(5,065)\n(777)\n(5,842)\n보험 취득 현금흐름의 회수와 관련된 보험료 부분의 배분액\n-\n-\n-\n합계\n(14,155)\n(403)\n(14,558)\n17.7 가정과 산출근거\n(1) 당분기말 및 전기말 현재 보유계약에 대해 당사가 적용한 미래현금흐름에 대한 현행추정치의 가정과 그 산출근거는 다음과 같습니다.1) 당분기말\n구분\n가정값\n산출근거\n해약률\n보유계약(Exposure) 대비 해지/실효계약(Lapse/Surrender)의 비율. 채널별, 일시납 여부, 납입여부, 상품군별(저해지 상품구분), 고/저금리의 산출단위로 경과기간 별 산출 (2018.7월 ~2023.6월 당사 경험통계 사용)\n보험업감독업무시행세칙 [별표35] 책임준비금 산출기준 제10장 가정의 산출방법 10-3. (해약률)\n지급률\n최신위험보험료 대비 지급보험금 비율. 담보별(사망,장해,입원,수술 등),경과기간 별 산출 (2018.7월 ~2023.6월 당사 경험통계 사용)\n보험업감독업무시행세칙 [별표35] 책임준비금 산출기준 제10장 가정의 산출방법 10-4. (위험률)\n사업비율\n수당수수료 등 : 영업채널별 수당수수료 지급규정(영업제도)에 따른 성적, 지급기간 등을 반영 및 산출(영업성과 연동 판매촉진비 포함)일반사업비 : 보험취득현금흐름(보험료 비례), 보험취득현금흐름(기타), 유지비, 손해조사비, 투자관리비에 대해 채널별 상품군별로 계약건수, 보험료 등의 원가동인별로 산출. K-IFRS1117(보험계약)에 따른 간접비는 대상에서 제외 (2022.7월 ~ 2023.6월 당사 경험통계 사용)\xa0\n보험업감독업무시행세칙 [별표35] 책임준비금 산출기준 제10장 가정의 산출방법 10-2. (사업비율)\n할인율\n금융감독원 'IFRS17 보험부채 할인율 개선방안' 적용한 결정론적 할인율 기준 1,000개 시나리오의 평균 (2024년 9월 기준 결정론적 할인율 \xa02.96% \xa0~ 4.55%)\n보험업감독업무시행세칙 [별표35] 책임준비금 산출기준 제9장 할인율 가정\n비금융위험에 대한 신뢰수준\n아래와 같은 불확실성 요인별로 75 퍼센타일 수준의 충격수준을 적용. 사망 : 지급률 3.27% 증가 장수 : 해약률 4.58% 감소 정액보상 : 정액보상 지급률 3.4% 증가 실손보상 : 실손보상 지급률 2.62% 증가 해지상승 : 해약률 9.16% 증가 해지하락 : 해약률 9.16% 하락 사업비 수준 : 2.62% 증가 인플레이션율 : 0.26%p 증가\n보험업감독업무시행세칙 [별표35] 책임준비금 산출기준 제 5장 위험조정 및 수익 인식기준 5-1. (생명보험 및 장기손해보험 위험조정의 산출)\n2) 전기말\n구분\n가정값\n산출근거\n해약률\n보유계약(Exposure) 대비 해지/실효계약(Lapse/Surrender)의 비율.채널별, 일시납 여부, 납입여부, 상품군별(저해지 상품구분), 고/저금리의 산출단위로 경과기간 별 산출(2018.7월 ~2023.06월 당사 경험통계 사용)\n보험업감독업무시행세칙 [별표35] 책임준비금 산출기준 제10장 가정의 산출방법 10-3. (해약률)\n지급률\n최신위험보험료 대비 지급보험금 비율. 담보별(사망,장해,입원,수술 등),경과기간 별 산출(2018.7월 ~2023.06월 당사 경험통계 사용)실손의료보험은 「보험회사 책임준비금 및 수익인식 가이드라인」\n보험업감독업무시행세칙 [별표35] 책임준비금 산출기준 제10장 가정의 산출방법 10-4. (위험률)\n사업비율\n수당수수료 등 : 영업채널별 수당수수료 지급규정(영업제도)에 따른성적, 지급기간 등을 반영 및 산출(영업성과 연동 판매촉진비 포함)일반사업비 : 보험취득현금흐름(보험료 비례), 보험취득현금흐름(기타), 유지비, 손해조사비, 투자관리비에 대해 채널별 상품군별로계약건수, 보험료 등의 원가동인별로 산출. K-IFRS1117(보험계약)에 따른 간접비는 대상에서 제외(2022.7월 ~ 2023.6월 당사 경험통계 사용\n보험업감독업무시행세칙 [별표35] 책임준비금 산출기준 제10장 가정의 산출방법 10-2. (사업비율)\n할인율\n금융감독원 제시 결정론적 할인율을 기준으로 ESG 프로그램을사용하여 산출한 1,000개 시나리오의 평균 적용 (2023년 12월 기준 결정론적 할인율 \xa0 3.75% ~ 4.80%)\n보험업감독업무시행세칙 [별표35] 책임준비금 산출기준 제9장 할인율 가정\n비금융위험에 대한 신뢰수준\n아래와 같은 불확실성 요인별로 75 퍼센타일 수준의 충격수준을 적용.  사망 : 지급률 3.27% 증가 장수 : 해약률 4.58% 감소 정액보상 : 정액보상 지급률 3.4% 증가 실손보상 : 실손보상 지급률 2.62% 증가 해지상승 : 해약률 9.16% 증가 해지하락 : 해약률 9.16% 하락 사업비 수준 : 2.62% 증가 인플레이션율 : 0.26%p 증가\n보험업감독업무시행세칙 [별표35] 책임준비금 산출기준 제 5장 위험조정 산출기준 5-1. (생명보험 및 장기손해보험 위험조정의 산출)\n18. 차입부채\n(1) 당분기말 및 전기말 현재 차입부채의 구성내역은 다음과 같습니다.\n(단위 : 백만원)\n구분\n이자율(%)\n당분기말\n전기말\n제2회 후순위채권(공모채)\n3.9\n300,000\n300,000\n사채할인발행차금\n(597)\n(679)\nRP매도(키움자산운용)\n4.0\n-\n250,000\n합계\n299,403\n549,321\n연결실체는 2018년 11월 28일 제1회 공모 후순위사채를, 2021년 4월 29일 제2회 공모후순위채를 발행하였습니다.제1회 및 제2회 무보증 후순위 사채 만기는 발행일로부터 10년이며, 사채 발행일로부터 5년째되는 날과 이후 매 이자지급기일에 후순위사채의 전부를 중도 상환할 수 있으며, 전기 중 제1회 공모 후순위사채 200,000백만원을 중도 상환하였습니다.(2) 당분기말 및 전기말 현재 차입부채의 연도별 상환계획은 다음과 같습니다.\n(단위: 백만원)\n구분\n당분기말\n전기말\n1년이내\n-\n250,000\n5년초과\n299,403\n299,321\n합계\n299,403\n549,321\n19. 순확정급여부채(1) 당분기말 및 전기말 현재 순확정급여부채의 내역은 다음과 같습니다.\n(단위 : 백만원)\n구분\n당분기말\n전기말\n확정급여채무\n23,607\n23,473\n사외적립자산\n(11,796)\n(12,186)\n합계\n11,811\n11,287\n(2) 당분기와 전분기 중 확정급여채무의 변동내역은 다음과 같습니다.\n(단위 : 백만원)\n구분\n당분기\n전분기\n기초\n23,473\n17,957\n당기근무원가\n1,055\n988\n이자비용\n610\n666\n급여 지급액\n(552)\n(641)\n재측정요소\n인구통계적\n2\n-\n재무적\n508\n553\n경험조정\n(1,489)\n2,532\n분기말\n23,607\n22,055\n(3) 당분기와 전분기 중 사외적립자산의 변동내역은 다음과 같습니다.\n(단위 : 백만원)\n구분\n당분기\n전분기\n기초\n12,186\n12,622\n이자수익\n313\n397\n퇴직금 지급액\xa0\n(770)\n(866)\n재측정요소\n67\n14\n분기말\n11,796\n12,167\n(4) 당분기 및 전분기 중 확정기여제도와 관련하여 비용으로 인식한 금액은 각각 4,197백만원 및 4,280백만원입니다.\n20. 충당부채당분기와 전분기 중 충당부채의 변동내역은 다음과 같습니다.\xa0\n(1) 당분기\n(단위 : 백만원)\n구분\n기초\n증가\n전입(환입)\n계약변경\n사용\n분기말\n복구충당부채\n4,020\n1,108\n(164)\n643\n(905)\n4,702\n미사용약정충당부채\n12\n-\n274\n-\n-\n286\n합계\n4,032\n1,108\n110\n643\n(905)\n4,988\n(2) 전분기\n(단위 : 백만원)\n구분\n기초\n증가\n전입(환입)\n계약변경\n사용\n분기말\n복구충당부채\n2,805\n1,429\n59\n(182)\n(47)\n4,064\n미사용약정충당부채\n30\n-\n(19)\n-\n-\n11\n합계\n2,835\n1,429\n40\n(182)\n(47)\n4,075\n21. 기타부채 당분기말 및 전기말 현재 기타부채의 구성내역은 다음과 같습니다.\n(단위: 백만원)\n구분\n계정과목\n당분기말\n전기말\n기타금융부채\n미지급금\n20,648\n6,708\n미지급비용\n71,088\n65,577\n임대보증금\n114\n111\n리스부채(*1)\n16,894\n7,751\n요구불상환지분\n339\n369\n소계\n109,083\n80,516\n기타비금융부채\n미지급비용\n25,036\n35,771\n선수수익\n149\n195\n예수금\n11,681\n131,399\n기타\n28,847\n29,465\n소계\n65,713\n196,830\n합계\n174,796\n277,346\n(*1) 리스부채에 대한 이자비용은 795백만원이고, 단기리스료는 35백만원이며, 단기리스가 아닌 소액자산 리스료는 164백만원입니다. 또한, 당분기말 현재 리스부채의 할인전 계약현금흐름의 잔존만기에 따른 만기별 구성내역은 다음과 같습니다.\n(단위: 백만원)\n구 분\n당분기말\n1개월 이하\n1개월 초과 3개월 이하\n3개월 초과 12개월 이하\n1년 초과5년 이하\n5년 초과\n합계\n리스부채\n1,042\n2,030\n6,373\n8,328\n-\n17,773\n22. 자본금\n(1) 당분기말 및 전기말 현재 지배기업의 자본금의 내역은 다음과 같습니다.\n(단위 : 백만원)\n구분\n당분기말\n전기말\n보통주\n885,081\n885,081\n우선주\n105,634\n105,634\n합계\n990,715\n990,715\n(2) 보통주 당분기말 및 전기말 현재 지배기업의 보통주 자본금의 내역은 다음과 같습니다.\n구분\n당분기말\n전기말\n지배기업이 발행할 주식의 총수\n300,000천주\n300,000천주\n1주당 금액 (원)\n5,000\n5,000\n발행한 보통주식수\n177,016천주\n177,016천주\n보통주 자본금 (백만원)\n885,081\n885,081\n(3) 전환우선주지배기업은 21,126,760주의 전환우선주를 주당 14,200원(주당 액면가액 5,000원)에발행하였습니다. 전환우선주는 누적적ㆍ비참가적 기명식 비영구우선주이며, 지배기업은 전환우선주주에게 보통주로의 전환권을 부여하였습니다.지배기업은 전환우선주 3,000억원(21,126,760주)을 전량 자기주식으로 보유하고 있습니다.\n23. 자본잉여금당분기말 및 전기말 현재 자본잉여금의 내역은 다음과 같습니다.\n(단위 : 백만원)\n구분\n당분기말\n전기말\n주식발행초과금\n181,361\n181,361\n기타자본잉여금\n23\n23\n합계\n181,384\n181,384\n24. 자본조정당분기말 및 전기말 현재 자본조정의 내역은 다음과 같습니다.\n(단위 : 백만원)\n구분\n당분기말\n전기말\n자기주식(*1)\n371,164\n371,164\n기타자본조정\n112\n112\n합계\n371,276\n371,276\n(*1) 지배기업은 주가 안정을 통한 주주가치 제고 및 임직원 성과급 등을 목적으로 자기주식을 보유하고 있습니다.\xa0\n25. 기타포괄손익누계액(1) 당분기말 및 전기말 현재 기타포괄손익누계액의 구성내역은 다음과 같습니다.\n(단위 : 백만원)\n구분\n당분기말\n전기말\n기타포괄손익-공정가치 측정 금융자산 평가손익\n(608,861)\n(851,130)\n보험계약자산(부채) 순금융손익\n275,539\n1,146,488\n재보험계약자산(부채) 순금융손익\n91\n(279)\n현금흐름위험회피파생상품평가손익\n162,587\n106,720\n지분법자본변동\n7,477\n7,449\n재평가잉여금\n1\n1\n확정급여부채재측정요소\n(888)\n(1,696)\n합계\n(164,054)\n407,553\n(2) 당분기 및 전분기 중 기타포괄손익누계액의 변동내역은 다음과 같습니다.1) 당분기\n(단위 : 백만원)\n구분\n기타포괄손익-공정가치 측정금융자산평가손익\n보험계약자산(부채)순금융손익\n재보험계약자산(부채)순금융손익\n현금흐름위험회피파생상품평가손익\n지분법자본변동\n재평가잉여금\n확정급여부채재측정요소\n합계\n기초\n(851,130)\n1,146,488\n(279)\n106,720\n7,449\n1\n(1,696)\n407,553\n증감\n311,342\n(1,124,928)\n477\n71,709\n17\n-\n1,045\n(740,338)\n계약자지분조정\n2,904\n-\n-\n-\n-\n-\n-\n2,904\n법인세효과\n(71,977)\n253,979\n(107)\n(15,842)\n11\n-\n(237)\n165,827\n분기말\n(608,861)\n275,539\n91\n162,587\n7,477\n1\n(888)\n(164,054)\n2) 전분기\n(단위 : 백만원)\n구분\n기타포괄손익-공정가치 측정금융자산평가손익\n보험계약자산(부채)순금융손익\n재보험계약자산(부채)순금융손익\n현금흐름위험회피파생상품평가손익\n지분법자본변동\n재평가잉여금\n확정급여부채재측정요소\n해외사업환산손익\n합계\n기초\n(1,504,462)\n1,942,639\n(3,080)\n(34,967)\n5,219\n1\n1,586\n(40,455)\n366,481\n증감\n(315,758)\n337,006\n3,764\n1,486\n4,487\n-\n(3,070)\n3,123\n31,038\n계약자지분조정\n1,141\n-\n-\n-\n-\n-\n-\n-\n1,141\n법인세효과\n67,577\n(71,403)\n(855)\n(416)\n(999)\n-\n695\n(798)\n(6,199)\n분기말\n(1,751,502)\n2,208,242\n(171)\n(33,897)\n8,707\n1\n(789)\n(38,130)\n392,461\n26. 이익잉여금(1) 당분기말 및 전기말 현재 이익잉여금의 내역은 다음과 같습니다.\n(단위 : 백만원)\n구분\n당분기말\n전기말\n이익준비금\n29,424\n29,424\n대손준비금\n14,873\n40,812\n해약환급준비금\n900,203\n-\n보증준비금\n168,174\n-\n미처분이익잉여금\n659,556\n1,632,136\n합계\n1,772,230\n1,702,372\n연결실체는 상법상의 규정에 따라 자본금의 50%에 달할 때까지 매 결산기마다 금전에 의한 배당액의 100분의 10 이상을 이익준비금으로 적립하도록 하고 있으며, 동 이익준비금을 현금으로 배당할 수 없으나, 자본전입 또는 결손보전을 위해서는 사용될 수 있습니다.\n(2) 대손준비금 적립연결실체는 보험업감독규정에 근거하여 기업회계기준에 의한 대손충당금이 감독목적상 요구되는 충당금 적립액 합계금액에 미달하는 경우 동 금액만큼을 대손준비금으로 적립하도록 요구받고 있습니다. 감독목적상 요구되는 충당금 적립액은 보험업감독규정상에서 규정하는 기업대출채권, 가계대출채권, 지급보증 및 미사용약정의 각 호별로 감독규정상의 최저적립률을 적용하여 결정한 금액과 위험가중자산 산출 목적의 내부등급법을 활용하여 산출한 예상손실금액 중 큰 금액으로 결정됩니다. 동 대손준비금은 이익잉여금에 대한 임의적립금 성격으로 기존의 대손준비금이 결산일 현재 적립하여야 하는 대손준비금을 초과하는 경우에는 그 초과금액을 환입 처리할 수 있고, 미처리결손금이 있는 경우에는 미처리결손금이 처리된 때부터 대손준비금을 적립합니다.\n1) 당분기말 및 전기말 현재 대손준비금 잔액은 다음과 같습니다.\n(단위 : 백만원)\n구분\n당분기말\n전기말\n대손준비금 기 적립액\n14,873\n40,812\n대손준비금 전입(환입)예정액\n892\n(25,939)\n대손준비금 잔액\n15,765\n14,873\n2) 당분기 및 전분기의 대손준비금 전입액 및 대손준비금 반영 후 조정이익은 다음과 같습니다.\xa0\n(단위 : 백만원)\n구분\n당분기\n전분기\n대손준비금 전입(환입)예정액\n892\n(490)\n대손준비금 반영후 조정이익(*1)\n68,966\n208,796\n(*1) 상기 대손준비금 반영후 조정이익은 기업회계기준에 의한 수치는 아니며, 법인세효과 고려전의 대손준비금 전입액을 연결실체 소유지분의 당기순이익에 반영하였을 경우를 가정하여 산출한 정보입니다.\n(3) 해약환급금준비금 적립\n1) 당분기말 및 전기말 현재 해약환급금준비금 잔액은 다음과 같습니다.\xa0\n(단위 : 백만원)\n구분\n당분기말\n전기말\n해약환급금준비금 기 적립액\n900,203\n\xa0-\n해약환급금준비금 전입예정액\n138,886\n900,203\n해약환급금준비금 잔액\n1,039,089\n900,203\n2) 당분기 및 전분기의 해약환급금준비금 전입액 및 해약환급금준비금 반영 후 조정이익은 다음과 같습니다.\xa0\n(단위 : 백만원)\n구분\n당분기\n전분기\n해약환급금준비금 전입액\n138,886\n845,009\n해약환급금준비금 반영후 조정이익(*1)\n(69,028)\n(636,703)\n(*1) 상기 해약환급금준비금 반영후 조정이익은 기업회계기준에 의한 수치는 아니며, 법인세효과 고려전의 해약환급금준비금 전입액을 당기순이익에 반영하였을 경우를 가정하여 산출한 정보입니다.\n(4) 보증준비금 적립\n1) 당분기말 및 전기말 현재 보증준비금 잔액은 다음과 같습니다.\xa0\n(단위 : 백만원)\n구분\n당분기말\n전기말\n보증준비금 기 적립액\n168,174\n-\n보증준비금 전입예정액\n11,767\n168,174\n보증준비금 잔액\n179,941\n168,174\n2) 당분기 및 전분기의 보증준비금 전입액 및 보증준비금 반영 후 조정이익은 다음과같습니다.\xa0\n(단위 : 백만원)\n구분\n당분기\n전분기\n보증준비금 전입액\n11,767\n163,566\n보증준비금 반영후 조정이익(*1)\n58,091\n44,740\n(*1) 상기 보증준비금 반영후 조정이익은 기업회계기준에 의한 수치는 아니며, 법인세효과 고려전의 보증준비금 전입액을 당기순이익에 반영하였을 경우를 가정하여 산출한 정보입니다.\n27. 금융수익과 금융비용당분기와 전분기 중 금융수익과 금융비용의 내역은 다음과 같습니다.\n(단위 : 백만원)\n구분\n당분기\n전분기\n3개월\n누적\n3개월\n누적\n이자수익\n예금이자\n4,175\n12,639\n2,732\n11,747\n당기손익-공정가치 측정 금융자산이자\xa0\n984\n5,276\n4,540\n12,291\n기타포괄손익-공정가치 측정 금융자산이자\xa0\n90,133\n267,499\n96,339\n276,712\n상각후원가 측정 채무증권이자\n-\n-\n595\n1,766\n상각후원가 측정 대출채권이자\xa0\n30,655\n95,008\n36,295\n111,225\n예치금이자\xa0\n128\n675\n274\n914\n기타이자수익\n572\n1,713\n546\n1,688\n소계\n126,647\n382,810\n141,321\n416,343\n금융상품투자이익\n당기손익-공정가치 측정 금융자산 처분이익\n135,584\n301,190\n95,255\n261,153\n당기손익-공정가치 측정 금융자산 평가이익(*1)\n(210,290)\n1,008,422\n(136,877)\n1,245,436\n당기손익-공정가치 측정 금융자산 관련이익 소계\n(74,706)\n1,309,612\n(41,622)\n1,506,589\n기타포괄손익-공정가치 측정 금융자산 처분이익\xa0\n29,653\n40,981\n12\n1,520\n기타포괄손익-공정가치 측정 유가증권 신용손실충당금 환입\n165\n180\n50\n81\n기타포괄손익-공정가치 측정 금융자산 관련이익 소계\n29,818\n41,161\n62\n1,601\n상각후원가 측정 대출및수취채권 신용손실충당금환입\n2,365\n3,084\n551\n4,964\n파생상품거래이익\n16,939\n25,475\n25,464\n75,437\n파생상품평가이익\n60,431\n61,996\n(8,307)\n5,088\n파생상품관련이익 소계\n77,370\n87,471\n17,157\n80,525\n당기손익-공정가치 측정 금융자산 배당수익\n11,183\n34,928\n8,719\n37,883\n지분법투자이익\n847\n1,778\n1,972\n6,374\n외환거래이익\n외환차익\n38,456\n118,191\n32,804\n137,811\n외화환산이익\n(89,535)\n55,444\n59,731\n150,007\n소계\n(51,079)\n173,635\n92,535\n287,818\n금융수익 합계\n122,445\n2,034,479\n220,695\n2,342,097\n이자비용\n당좌차월이자\n-\n3\n1\n4\n차입금이자\xa0\n-\n274\n-\n371\n발행채권이자\n2,963\n8,857\n5,170\n15,476\n기타이자비용(*2)\n271\n825\n153\n448\n소계\n3,234\n9,959\n5,324\n16,299\n금융상품투자손실\n당기손익-공정가치 측정 금융자산 처분손실\xa0\n22,894\n74,046\n28,866\n65,572\n당기손익-공정가치 측정 금융상품 평가손실\n139,943\n295,989\n63,336\n208,219\n당기손익-공정가치 측정 금융자산 관련비용 소계\n162,837\n370,035\n92,202\n273,791\n기타포괄손익-공정가치 측정 금융자산처분손실\xa0\n1,316\n2,127\n664\n1,620\n기타포괄손익-공정가치 측정 금융자산대손상각비\n2\n26\n1\n195\n기타포괄손익-공정가치 측정 금융자산 관련비용 소계\n1,318\n2,153\n665\n1,815\n상각후원가 측정 대출및수취채권 대손상각비\n1,590\n6,609\n(382)\n6,684\n파생상품거래손실\n23,225\n141,772\n69,436\n276,884\n파생상품평가손실\n(107,899)\n60,253\n55,798\n136,400\n파생상품관련손실 소계\n(84,674)\n202,025\n125,234\n413,284\n외환거래손실\n외환차손\n6,724\n20,408\n11,476\n47,106\n외화환산손실\n11,664\n11,788\n155\n416\n소계\n18,388\n32,196\n11,631\n47,522\n금융비용 합계\n102,693\n622,977\n234,674\n759,395\n순금융손익\n19,752\n1,411,502\n(13,979)\n1,582,702\n(*1) 2024년 중 주가지수, 금리 등 경제환경의 변화로 당기손익-공정가치 측정 금융자산의 공정가치가 상승하였으며, 연결실체는 채권 및 채권형 수익증권의 \xa0공정가치 변동금액 138,587백만원을 당분기 중 포괄손익계산서상 당기손익으로 인식하였습니다. 연결실체의 투자서비스와 보험서비스에 따른 전반적인 재무성과는 주석 17에서 공시하고 있습니다.(*2) 당분기 및 전분기 기타이자비용 중 리스이자비용은 각각 795백만원, 428백만원입니다.\n28. 사업비 및 재산관리비\n1) 보험서비스비용에 포함된 실제 발생한 사업비당분기와 전분기 중 보험서비스비용에 포함된 실제 발생한 사업비의 내역은 다음과 같습니다.\n(단위: 백만원)\n구분\n당분기\n전분기\n보험취득현금흐름\n계약유지비용\n투자관리비용\n손해조사비용\n합 \xa0 계\n보험취득현금흐름\n계약유지비용\n투자관리비용\n손해조사비용\n합 \xa0 계\n감가상각비\n3,453\n4,270\n106\n9\n7,838\n3,276\n4,015\n112\n18\n7,421\n광고선전비\n-\n29\n-\n-\n29\n-\n44\n-\n-\n44\n급여\n18,972\n15,169\n1,705\n843\n36,689\n18,976\n15,270\n1,802\n755\n36,803\n보험료\n-\n-\n-\n-\n-\n-\n-\n11\n-\n11\n복구공사손실\n28\n35\n-\n-\n63\n39\n49\n-\n-\n88\n복구충당부채전입액\n15\n18\n-\n-\n33\n5\n6\n-\n-\n11\n복리후생비\n604\n489\n53\n21\n1,167\n568\n465\n56\n28\n1,117\n비례수당\n8\n-\n-\n-\n8\n93\n-\n-\n-\n93\n세금과공과\n-\n19,320\n-\n-\n19,320\n-\n11,965\n-\n-\n11,965\n수금사무비\n-\n2,674\n-\n-\n2,674\n-\n2,804\n-\n-\n2,804\n수도광열비\n1,050\n1,008\n150\n9\n2,217\n1,144\n970\n148\n12\n2,274\n수수료\n5,335\n6,821\n7,092\n1,978\n21,226\n3,773\n5,041\n7,185\n1,720\n17,719\n여비교통비\n65\n64\n22\n3\n154\n74\n53\n27\n4\n158\n인쇄비\n741\n10\n-\n-\n751\n714\n33\n5\n-\n752\n전산비\n1,237\n1,148\n251\n3\n2,639\n1,338\n1,160\n261\n3\n2,762\n조사연구비\n-\n-\n-\n21\n21\n-\n-\n-\n22\n22\n지급임차료\n136\n131\n16\n1\n284\n122\n106\n13\n1\n242\n진단비\n130\n-\n-\n-\n130\n178\n-\n-\n-\n178\n차량유지비\n21\n19\n1\n-\n41\n48\n33\n2\n-\n83\n통신비\n96\n112\n26\n7\n241\n94\n108\n23\n6\n231\n퇴직급여\n2,596\n1,947\n179\n75\n4,797\n2,156\n1,934\n180\n65\n4,335\n특별상여금\n2,087\n2,553\n342\n5\n4,987\n5,537\n6,718\n741\n-\n12,996\n판매촉진비\n50,049\n-\n-\n-\n50,049\n22,519\n-\n-\n-\n22,519\n협회비\n-\n1,122\n30\n-\n1,152\n-\n1,106\n29\n-\n1,135\n기타제비\n247,502\n-\n303\n-\n247,805\n207,310\n-\n382\n-\n207,692\n소 \xa0 계\n334,125\n56,939\n10,276\n2,975\n404,315\n267,964\n51,880\n10,977\n2,634\n333,455\n보험취득현금흐름이연액\n(334,125)\n-\n-\n-\n(334,125)\n(267,964)\n-\n-\n-\n(267,964)\n합 \xa0 계\n-\n56,939\n10,276\n2,975\n70,190\n-\n51,880\n10,977\n2,634\n65,491\n2) 기타사업비당분기와 전분기 중 발생한 기타사업비의 내역은 다음과 같습니다.\n(단위 : 백만원)\n구분\n당분기\n전분기\n3개월\n누적\n3개월\n누적\n기타신계약비\n판매촉진비\n2,635\n6,083\n2,170\n4,746\n인쇄비\n24\n81\n20\n76\n광고선전비\n28\n54\n22\n65\n교육훈련비\n138\n442\n125\n374\n기타제비\n2,103\n6,535\n9,502\n32,135\n소계\n4,928\n13,195\n11,839\n37,396\n유지비\n급여\n2,619\n7,859\n2,464\n7,390\n특별상여금\n227\n503\n(176)\n1,340\n복리후생비\n2,618\n7,007\n2,448\n7,201\n퇴직급여\n262\n845\n267\n890\n수도광열비\n64\n181\n57\n166\n지급임차료\n78\n236\n142\n555\n광고선전비\n1,435\n4,079\n1,507\n4,369\n감가상각비\n2,189\n6,517\n2,615\n7,358\n세금과공과\n2,861\n8,006\n2,929\n9,160\n수수료\n2,959\n10,000\n2,783\n9,454\n기타제비용\n3,885\n11,175\n3,667\n10,472\n소계\n19,197\n56,408\n18,703\n58,355\n합계\n24,125\n69,603\n30,542\n95,751\n3) 재산관리비당분기와 전분기 중 발생한 재산관리비의 내역은 다음과 같습니다.\n(단위: 백만원)\n구분\n당분기\n전분기\n3개월\n누적\n3개월\n누적\n급여\n2,162\n6,257\n2,041\n6,184\n특별상여금\xa0\n152\n557\n(119)\n534\n퇴직급여\n199\n606\n179\n875\n복리후생비\xa0\n236\n675\n233\n745\n수도광열비\xa0\n204\n605\n212\n508\n지급임차료\n12\n39\n8\n18\n수선비\xa0\n3\n18\n7\n16\n관리용역비\n354\n1,130\n758\n1,660\n수수료\xa0\n608\n2,119\n1,327\n2,794\n교육훈련비\xa0\n7\n33\n7\n40\n전산비\xa0\n194\n609\n214\n606\n세금과공과\xa0\n233\n677\n280\n826\n감가상각비\xa0\n48\n137\n52\n153\n기타제비용\n254\n808\n337\n957\n합계\n4,666\n14,270\n5,536\n15,916\n29. 기타수익 및 기타비용당분기와 전분기 중 기타수익 및 기타비용의 구성내역은 다음과 같습니다.\n(단위: 백만원)\n구분\n당분기\n전분기\n3개월\n누적\n3개월\n누적\n기타수익\n임대료수익\n121\n249\n(2,013)\n1,404\n신탁보수\n3,294\n11,131\n2,527\n9,037\n기타투자수익\n37,690\n109,199\n33,323\n104,759\n합계\n41,105\n120,579\n33,837\n115,200\n기타비용\n투자부동산감가상각비\n-\n-\n324\n1,023\n기타투자비용\n35,835\n134,093\n51,006\n153,457\n무형자산상각비\n3,599\n10,752\n3,484\n10,161\n합계\n39,434\n144,845\n54,814\n164,641\n30. 영업외수익 및 영업외비용당분기와 전분기 중 영업외수익 및 영업외비용의 구성내역은 다음과 같습니다.\n(단위: 백만원)\n구분\n당분기\n전분기\n3개월\n누적\n3개월\n누적\n영업외수익\n유형자산처분이익\n966\n1,015\n1,231\n1,442\n투자부동산처분이익\n-\n-\n55,217\n55,217\n잡이익 등\n861\n6,047\n1,428\n3,691\n합계\n1,827\n7,062\n57,876\n60,350\n영업외비용\n유형자산처분손실\n992\n1,128\n1,266\n1,455\n기부금\n122\n412\n73\n527\n잡손실 등\n2,801\n5,513\n2,144\n6,490\n합계\n3,915\n7,053\n3,483\n8,472\n31. 법인세비용법인세비용은 당기법인세비용에서 과거기간 당기법인세에 대하여 당기에 인식한 조정사항, 일시적차이의 발생과 소멸로 인한 이연법인세비용(수익) 및 당기손익 이외로인식되는 항목과 관련된 법인세비용(수익)을 조정하여 산출하였습니다. 당분기 법인세비용의 평균유효세율은 16.23% (전분기 : 18.11%)입니다.\n32. 주당이익(1) 기본주당이익당분기와 전분기의 기본주당이익은 보통주에 귀속되는 이익에 대하여 주당이익을 계산한 것입니다.\n(단위: 원, 주)\n구분\n당분기\n전분기\n3개월\n누적\n3개월\n누적\n보통주 분기순이익\n4,275,735,478\n69,857,840,355\n60,391,310,894\n208,306,366,086\n가중평균유통보통주식수(*1)\n130,480,000\n130,480,000\n130,480,000\n130,480,000\n기본주당이익\n33\n535\n463\n1,596\n(*1) 가중평균유통보통주식수 계산내역\n(단위: 주)\n구분\n당분기\n전분기\n3개월\n누적\n3개월\n누적\n가중평균총발행주식수(a)\n177,016,189\n177,016,189\n177,016,189\n177,016,189\n가중평균자기주식수(b)\n46,536,189\n46,536,189\n46,536,189\n46,536,189\n가중평균유통보통주식수(a-b)\n130,480,000\n130,480,000\n130,480,000\n130,480,000\n(2) 희석주당이익당분기 및 전분기 중 희석효과가 발생하지 아니하여 희석주당이익은 기본주당이익과동일합니다.\n33. 현금흐름표에 대한 주석(1) 당분기와 전분기 중 비용 및 수익의 조정내역은 다음과 같습니다.\n(단위: 백만원)\n구분\n당분기\n전분기\n보험수익\n(724,555)\n(680,131)\n재보험수익\n(19,386)\n(15,183)\n보험금융수익\n(330,347)\n(349,072)\n재보험금융수익\n(1,312)\n(1,058)\n보험서비스비용\n574,435\n511,145\n재보험서비스비용\n16,279\n16,733\n보험금융비용\n1,765,021\n1,801,269\n재보험금융비용\n802\n689\n당기손익-공정가치 측정 금융자산 평가 및 처분이익\n(1,013,795)\n(1,245,436)\n당기손익-공정가치 측정 금융자산 평가 및 처분손실\n318,100\n208,219\n파생상품거래및평가순손익\n18,437\n196,619\n기타포괄손익-공정가치 측정 금융자산 처분이익\n(40,981)\n(1,520)\n기타포괄손익-공정가치 측정 금융자산 처분손실\n2,127\n1,620\n지분법이익\n(1,778)\n(6,374)\n이자수익\n(382,810)\n(416,343)\n이자비용\n9,959\n16,299\n배당금수익\n(34,928)\n(37,883)\n대손상각비\n6,635\n6,879\n대손충당금환입\n(3,264)\n(5,045)\n감가상각비\n14,492\n14,931\n부동산감가상각비\n-\n1,023\n유형자산처분이익\n(1,015)\n(1,442)\n투자부동산처분이익\n-\n(55,217)\n유형자산처분손실\n1,128\n1,455\n무형자산상각비\n10,752\n10,161\n퇴직급여\n1,352\n1,257\n복구공사손실\n70\n11\n복구충당부채 전입(환입)액\n(164)\n59\n미사용약정충당부채 전입(환입)액\n274\n(19)\n외화환산이익\n(55,444)\n(150,007)\n외화환산손실\n11,788\n416\n법인세비용\n13,535\n46,079\n기타비용\n-\n12,179\n기타투자수익\n(107,454)\n(104,115)\n합계\n47,953\n(221,802)\n(2) 당분기와 전분기 중 영업활동으로 인한 자산ㆍ부채의 변동내역은 다음과 같습니다.\n(단위: 백만원)\n구분\n당분기\n전분기\n당기손익-공정가치 측정 금융자산의 증감\n722,128\n73,688\n상각후원가 측정 대출채권의 증감\n471,504\n459,946\n상각후원가 측정 수취채권의 증감\n217,543\n(109,992)\n기타자산의 증감\n(3,852)\n(10,268)\n보험계약부채 증감\n(1,850,123)\n(1,126,839)\n재보험계약부채 증감\n2,146\n(1,120)\n투자계약부채 증감\n(347,781)\n(725,565)\n파생상품의 증감\n27,379\n21,952\n복구충당부채의 증감\n(39)\n(88)\n순확정급여부채의 증감\n218\n225\n기타부채의 증감\n(107,206)\n(9,605)\n합계\n(868,083)\n(1,427,666)\n(3) 당분기와 전분기 중 현금의 유입과 유출이 없는 중요한 거래는 다음과 같습니다.\n(단위: 백만원)\n구분\n당분기\n전분기\n기타포괄손익-공정가치 측정 금융자산평가손익의 변동(기타포괄손익)\n242,270\n(247,039)\n보험계약금융가정변동기타포괄손익의 변동(기타포괄손익)\n(870,949)\n265,602\n재보험계약금융가정변동기타포괄손익의 변동(기타포괄손익)\n370\n2,910\n현금흐름위험회피평가손익의 변동(기타포괄손익)\n55,866\n1,071\n(4) 당분기 및 전분기 중 재무활동에서 생기는 부채의 변동은 다음과 같습니다. 1) 당분기\n(단위 : 백만원)\n구분\n기초\n증가(차입 등)\n감소(상환 등)\n기타(상각 등)\n분기말\n차입부채\n549,321\n-\n(250,000)\n82\n299,403\n리스부채\n7,751\n16,990\n(8,643)\n796\n16,894\n임대보증금\n111\n-\n-\n3\n114\n요구불상환지분\n369\n66\n-\n(96)\n339\n합계\n557,552\n17,056\n(258,643)\n785\n316,750\n2) 전분기\n(단위 : 백만원)\n구분\n기초\n증가(차입 등)\n감소(상환 등)\n기타(상각 등)\n분기말\n차입부채\n998,790\n-\n(500,000)\n101\n498,891\n리스부채\n13,226\n4,050\n(8,416)\n427\n9,287\n임대보증금\n26\n92\n(9)\n2\n111\n요구불상환지분\n13,625\n-\n(17,754)\n12,179\n8,050\n합계\n1,025,667\n4,142\n(526,179)\n12,709\n516,339\n(5) 당분기와 전분기 중 리스관련 총 현금유출액은 다음과 같습니다.\xa0\n(단위: 백만원)\n구분\n당분기\n전분기\n리스부채 상환\n8,643\n8,416\n소액리스료 지급\n164\n178\n단기리스료 지급\n35\n30\n리스이자비용\n795\n428\n합계\n9,637\n9,052\n34. 우발부채 및 약정사항 (1) 당분기말 현재 연결실체의 계류중인 소송사건의 내역은 다음과 같습니다.\n(단위 : 백만원)\n구분\n종목\n소송금액\xa0\n내용\n원고\n보험금\n113\n손해배상 등\n보험금이외\n13,794\n기타손해배상 등\n합계\n13,907\n피고\n보험금\n1,297\n손해배상 등\n보험금이외\n1,644\n기타손해배상 등\n합계\n2,941\n상기 피고로 제소된 건과 관련하여 보험업감독규정 및 한국채택국제회계기준 제 1037호 '충당부채와 우발부채ㆍ우발자산'을 준용하여 합리적으로 산출한 금액을 보험계약부채 중 발생사고부채 및 기타부채 중 미지급금으로 적립하고 있습니다. 이러한 소송사건의 최종결과는 현재로서는 예측할 수 없습니다.(2) 보험약정당분기말 및 전기말 현재 연결실체가 고객과의 각종 보험계약에 의거 약정한 보험계약과 관련한 내용은 다음과 같습니다.\n(단위 : 천건, 백만원)\n구분\n당분기말\n전기말\n건수\n보유계약고\n건수\n보유계약고\n보험약정\n2,921\n80,839,311\n2,930\n83,593,964\n(3) 재보험협약당분기말 현재 연결실체는 일반보험, 종신보험, 상해보험, 암ㆍ건강보험, CI보험, 실손보험 및 변액ㆍ고액연금양로보험 등에 대하여 코리안리재보험㈜, Munich ReinsuranceCompany, General Re Corporation 및 Reinsurance Group of America Inc., Swiss Re, Scor Re와 출재협약을 체결하고 있습니다.\n(4) 파생상품1) 당분기말 및 전기말 현재 연결실체의 파생상품의 내역은 다음과 같습니다.i) 당분기말\n(단위 : 백만원)\n구분\n매매목적\n위험회피목적\n합계\n자산\n부채\n자산\n부채\n자산 계\n부채 계\n통화선도(*)\n49,996\n7\n10\n3,120\n50,006\n3,127\n통화스왑(*)\n-\n16,825\n7,486\n14,913\n7,486\n31,738\n채권선도(*)\n-\n-\n211,689\n701\n211,689\n701\n합계\n49,996\n16,832\n219,185\n18,734\n269,181\n35,566\n(*) 연결실체는 채권의 환율 및 이자율 변동 등에 따른 미래공정가치 및 현금흐름의 변동 위험을 회피하기 위하여 통화선도, 통화스왑 및 채권선도 계약을 체결하고 있으며, 위험에 노출되는 예상 최장기간은 2030년 12월 16일까지입니다.\nii) 전기말\n(단위 : 백만원)\n구분\n매매목적\n위험회피목적\n합계\n자산\n부채\n자산\n부채\n자산 계\n부채 계\n통화선도(*)\n31,156\n530\n4,285\n110\n35,441\n640\n통화스왑(*)\n-\n7,394\n35,167\n17,057\n35,167\n24,451\n채권선도(*)\n-\n-\n131,487\n2,944\n131,487\n2,944\n합계\n31,156\n7,924\n170,939\n20,111\n202,095\n28,035\n(*) 연결실체는 채권의 환율 및 이자율 변동 등에 따른 미래공정가치 및 현금흐름의 변동 위험을 회피하기 위하여 통화선도, 통화스왑 및 채권선도 계약을 체결하고 있으며, 위험에 노출되는 예상 최장기간은 2030년 12월 10일까지입니다.\n2) 당분기 및 전분기 중 파생상품 관련 평가손익의 내역은 다음과 같습니다.i) 당분기\n(단위 : 백만원)\n구분\n매매목적\n위험회피목적\n미결제약정금액\n평가이익(PL)\n평가손실(PL)\n미결제약정금액\n평가이익(PL)\n평가손실(PL)\n평가손익잔액(B/S)\n통화선도\n1,661,223\n49,660\n1,701\n191,668\n270\n5,750\n(564)\n통화스왑\n371,378\n9,546\n20,192\n1,533,113\n2,510\n32,567\n(608)\n채권선도\n-\n-\n-\n2,446,625\n10\n43\n163,759\n합계\n2,032,601\n59,206\n21,893\n4,171,406\n2,790\n38,360\n162,587\nii) 전분기\n(단위 : 백만원)\n구분\n매매목적\n위험회피목적\n미결제약정금액\n평가이익(PL)\n평가손실(PL)\n미결제약정금액\n평가이익(PL)\n평가손실(PL)\n평가손익잔액(B/S)\n통화선도\n1,929,934\n3,379\n50,423\n196,619\n354\n4,456\n429\n통화스왑\n781,092\n1,355\n39,017\n1,450,283\n-\n40,094\n10,256\n채권선도\n28,444\n-\n2,282\n1,108,170\n-\n128\n(44,582)\n합계\n2,739,470\n4,734\n91,722\n2,755,072\n354\n44,678\n(33,897)\n3) 당분기말 및 전기말 현재 연결실체가 파생상품거래와 관련하여 담보로 설정한 금액은 다음과 같습니다.\n(단위 : 백만원)\n제공기관\n유가증권명\n당분기말\n전기말\nNH투자증권\n국공채 외\n38,000\n20,000\n국민은행\n국공채 외\n6,453\n4,453\n메리츠증권\n국공채 외\n-\n6,550\n신한은행\n국공채 외\n54,740\n4,950\nIBK기업은행\n국공채 외\n32,585\n6,885\nKDB산업은행\n국공채 외\n8,970\n-\n한국스탠다드차타드은행\n국공채 외\n72,200\n14,200\n호주뉴질랜드은행\n국공채 외\n14,000\n-\n한국씨티은행\n국공채 외\n43,100\n37,400\n아이비케이투자증권\n국공채 외\n23,100\n7,100\n키움증권\n국공채 외\n-\n2,700\n합 계\n293,148\n104,238\n상기 금액은 담보로 설정된 자산의 액면금액입니다.\xa0\n4) 당분기와 전분기 중 기타포괄손익누계액에 계상된 위험회피목적 파생상품평가손익의 증감내역은 다음과 같습니다.i) 당분기\n(단위 : 백만원)\n구분\n기초\n처분\n평가\n분기말\n위험회피목적파생상품평가손익\n137,757\n(26,851)\n98,559\n209,465\n이연법인세 효과\n(31,036)\n\u3000\n\u3000\n(46,878)\n합계\n106,721\n\u3000\n\u3000\n162,587\nii) 전분기\n(단위 : 백만원)\n구분\n기초\n처분\n평가\n분기말\n위험회피목적파생상품평가손익\n(45,242)\n29,065\n(27,578)\n(43,755)\n이연법인세 효과\n10,275\n9,858\n합계\n(34,967)\n(33,897)\n(5) 구조화예금당분기말 및 전기말 현재 연결실체가 보유하고 있는 예금 중 구조화예금의 내역은 다음과 같습니다.1) 당분기말\n(단위 : 백만원)\n구분\n\xa0종류\n예치금액\n만기금액\nZero coupon deposit(HSBC)\nKR9104990001\n10,000\n27,878\nKR9104990003\n10,000\n30,019\nKR9104990005\n10,000\n31,412\n신한은행구조화예금PowerSpread RA(*1)\nC26KR1605001\n20,000\n-\nJPMorgan원화구조화예금(*1)\nC26KR1603001\n30,000\n-\n한국산업은행콜옵션부구조화예금(*2)\nC26KR2009001\n30,000\n-\n(*1) 변동이율로 만기금액 측정이 불가능합니다.(*2) 거래상대방이 조기해지권 행사 가능성이 존재하여 만기금액 측정이 불가능합니다.\n2) 전기말\n(단위 : 백만원)\n구분\n\xa0종류\n예치금액\n만기금액\nZero coupon deposit(HSBC)\nKR9104990001\n10,000\n27,878\nKR9104990003\n10,000\n30,019\nKR9104990005\n10,000\n31,412\n신한은행구조화예금PowerSpread RA(*1)\nC26KR1605001\n20,000\n-\nJPMorgan원화구조화예금(*1)\nC26KR1603001\n30,000\n-\n한국산업은행콜옵션부구조화예금(*2)\nC26KR2009001\n30,000\n-\n(*1) 변동이율로 만기금액 측정이 불가능합니다.(*2) 거래상대방이 조기해지권 행사 가능성이 존재하여 만기금액 측정이 불가능합니다.\n(6) 당분기말 및 전기말 현재 연결실체가 금융기관과 체결하고 있는 약정한도는 다음과 같습니다.\xa0\n(단위 : 백만원)\n약정사항\n금융기관\n당분기말\n전기말\n당좌대출\n신한은행\n40,000\n\xa0 \xa0 40,000\n하나은행\n10,000\n\xa0 \xa0 10,000\n합 계\n50,000\n50,000\n(7) 당분기말 및 전기말 현재 연결실체의 기타 약정사항 내역은 다음과 같습니다.\xa0\n(단위 : 백만원)\n구분\n당분기말\n전기말\n출자약정\n702,782\n839,422\n대출약정\n337,840\n522,215\n합계\n1,040,622\n1,361,637\n(8) 당분기말 현재 연결실체는 서울보증보험㈜로부터 소송사건의 공탁금, 계약입찰보증금, 공과금 지급연체보증, 이행보증보험 등과 관련하여 4,961백만원(전기말: 3,176백만원)의 지급보증을 제공받고 있습니다.\n(9) 금융자산의 양도연결실체는 유가증권 대여약정을 보유하고 있으며, 이러한 거래는 금융자산을 양도하였으나 제거조건을 충족하지 못하여 양도자산 전체를 재무상태표 상 계속하여 인식하고 있습니다. 대여유가증권의 경우 대여기간 만료시 해당 유가증권을 반환받게 되어 소유에 따른 위험과 보상의 대부분을 보유하고 있습니다. 당분기말 및 전기말 현재 양도된 자산의 장부가액과 이와 관련한 부채금액은 다음과 같습니다.\n1) 당분기말\n(단위 : 백만원)\n구분\n양도된 자산의 장부금액\n대여처\n당기손익-공정가치측정금융자산\n기타포괄손익-공정가치 측정 금융자산\n상각후원가측정금융자산\n합계\n채무증권(국공채)\n-\n1,064,539\n-\n1,064,539\n한국증권금융\n-\n149,395\n-\n149,395\n예탁결제원\n합 계\n-\n1,213,934\n-\n1,213,934\n2) 전기말\n(단위 : 백만원)\n구분\n양도된 자산의 장부금액\n대여처\n당기손익-공정가치측정 금융자산\n기타포괄손익-공정가치 측정 금융자산\n상각후원가측정 금융자산\n합계\n채무증권(국공채)\n-\n168,982\n-\n168,982\n한국증권금융\n-\n892,760\n-\n892,760\n예탁결제원\n합 계\n-\n1,061,742\n-\n1,061,742\n\u3000\n(10) 금융자산과 금융부채의 상계연결실체는 파생상품, 환매조건부채권매매, 유가증권 대차거래 등과 관련하여 파생상품 청산약정, 국제표준환매약정, 국제표준증권대여약정 및 금융담보 등의 실행가능한 일괄상계약정 또는 이와 유사한 약정의 적용을 받고 있습니다.\n1) 당분기말 및 전기말 현재 실행가능한 일괄상계약정 또는 이와 유사한 약정의 적용을 받는 인식된 금융자산의 종류별 내역은 다음과 같습니다.i) 당분기말\n(단위: 백만원)\n구분\n자산총액\n상계된부채총액\n재무상태표표시 순액\n상계되지 않은 금액\n순액\n금융상품\n담보\n파생상품자산\n269,181\n-\n269,181\n151,000\n-\n118,181\nii) 전기말\n(단위: 백만원)\n구분\n자산총액\n상계된부채총액\n재무상태표표시 순액\n상계되지 않은 금액\n순액\n금융상품\n담보\n파생상품자산\n202,095\n-\n202,095\n100,378\n-\n101,717\n2) 당분기말 및 전기말 현재 실행가능한 일괄상계약정 또는 이와 유사한 약정의 적용을 받는 인식된 금융부채의 종류별 내역은 다음과 같습니다.\ni) 당분기말\n(단위: 백만원)\n구분\n부채총액\n상계된자산총액\n재무상태표표시 순액\n상계되지 않은 금액\n순액\n금융상품\n담보\n파생상품부채\n35,566\n-\n35,566\n18,742\n-\n16,824\nii) 전기말\n(단위: 백만원)\n구분\n부채총액\n상계된자산총액\n재무상태표표시 순액\n상계되지 않은 금액\n순액\n금융상품\n담보\n파생상품부채\n28,035\n-\n28,035\n20,641\n-\n7,394\n환매조건부채권매도\n250,000\n-\n250,000\n250,000\n-\n-\n(11) 즉시연금 상품과거 보험금을 지급한 즉시연금 상품에 대해 2018년 7월 금융감독원의 일괄규제 적용을 발표함에 따라 연결실체는 보험금을 추가 지급할 가능성이 있습니다. 연결실체는 당분기말 현재 추가지급금액을 합리적으로 추정하여 재무제표에 반영하였습니다.\n35. 특수관계자\n(1) 당분기말 및 전기말 현재 연결실체의 특수관계자는 다음과 같습니다.\xa0\n구분\n당분기말\n전기말\n지배기업\n미래에셋캐피탈㈜\n미래에셋캐피탈㈜\n연결실체에 유의적인 \xa0 영향력을 행사하는 기업\n미래에셋증권㈜, 미래에셋자산운용㈜\n미래에셋증권㈜, 미래에셋자산운용㈜\n관계기업\n미래에셋프레보아생명보험, KGA에셋㈜, 지에이엘씨솔루션주식회사\n미래에셋프레보아생명보험, KGA에셋㈜, 지에이엘씨솔루션주식회사\n대규모 기업집단\n미래에셋컨설팅㈜, 수원학교사랑㈜, 와이케이디벨롭먼트주식회사, 미래에셋벤처투자㈜, 미래에셋파트너스사호사모투자전문회사, 미래에셋파트너스오호사모투자전문회사, 미래에셋파트너스제구호사모투자합자회사, 시니안유한회사, 에너지인프라자산운용주식회사, 오딘제7차유한회사, 오딘제9차유한회사, 미래에셋글로벌유니콘사모투자합자회사, 미래에셋네이버아시아그로쓰사모투자합자회사, 미래에셋증권글로벌제일호사모투자합자회사, 오딘제8차유한회사, 미래에셋증권코리아제이호사모투자합자회사, 에스케이에스미래에셋기업재무안정사모투자합자회사, 에스케이에스미래에셋콘텐츠유한회사, 자스민제일호(유), 미래에셋큐리어스구조혁신기업재무안정사모투자합자회사, 미래에셋매니지먼트(주), 미래에셋이에스지기업재무안정사모투자합자회사, 미래에셋위반도체1호창업벤처전문사모투자합자회사, 미래에셋이노베이션엑스원(유), 미래에셋파트너스제11호사모투자합자회사, 큐리어스에이드(유)\n미래에셋컨설팅㈜, 수원학교사랑㈜, 와이케이디벨롭먼트주식회사, 멀티에셋자산운용㈜, 미래에셋벤처투자㈜, 미래에셋파트너스사호사모투자전문회사, 미래에셋파트너스오호사모투자전문회사, 미래에셋파트너스제구호사모투자합자회사, 시니안유한회사, 에너지인프라자산운용주식회사, 오딘제7차유한회사, 오딘제9차유한회사, 미래에셋글로벌유니콘사모투자합자회사, 오딘제10차유한회사, 미래에셋네이버아시아그로쓰사모투자합자회사, 미래에셋증권글로벌제일호사모투자합자회사, 오딘제8차유한회사, 미래에셋증권코리아제이호사모투자합자회사, 미래에셋증권코리아제삼호사모투자합자회사, 에스케이에스미래에셋기업재무안정사모투자합자회사, 에스케이에스미래에셋콘텐츠유한회사, 자스민제일호(유), 미래에셋큐리어스구조혁신기업재무안정사모투자합자회사, 미래에셋매니지먼트(주), 미래에셋파트너스제10호사모투자합자회사, 미래에셋이에스지기업재무안정사모투자합자회사, 미래에셋위반도체1호창업벤처전문사모투자합자회사, 엠큐그로쓰파트너유한회사, 미래에셋이노베이션엑스원(유), 미래에셋파트너스제11호사모투자합자회사\n기타 특수관계자\n사회복지법인미래에셋박현주재단, 미래에셋맵스프런티어사모부동산투자신탁18호, 미래에셋맵스프런티어사모부동산투자신탁28호, 미래에셋맵스아시아퍼시픽부동산공모일호투자회사, 미래에셋맵스인디아프런티어사모부동산투자신탁1호, 미래에셋맵스프런티어사모부동산투자신탁27호, Global X Management Company Inc., 미래에셋맵스미국전문투자형사모부동산투자신탁15-2호, 미래에셋맵스미국전문투자형사모부동산투자신탁15-4호, MAVI신성장 좋은기업 투자조합 1호, MAVI신성장 좋은기업 투자조합 2호, 미래에셋맵스프런티어사모부동산투자신탁29호, 미래에셋맵스전문투자형사모부동산투자신탁11호, 하나대체미국발전소전문투자형사모특별자산투자신탁5-1호, 멀티에셋칠레태양광전문투자형사모투자신탁제1호, 미래에셋맵스프런티어NPL사모부동산투자신탁1호, 미래에셋맵스프런티어미국사모부동산투자신탁3호, 미래에셋맵스프런티어미국사모부동산투자신탁4호, 미래에셋스마트Q아비트라지파워플러스전문투자형사모투자신탁1호, \xa0미래에셋스마트Q아비트라지플러스전문투자형사모투자신탁3호, 미래에셋 Equitix Fund 3-5호, 미래에셋-현대중공업지주신성장투자조합1호, 미래에셋글로벌뉴그린투자조합1호, 미래에셋맵스프런티어사모차이나부동산투자신탁1호, 다함께코리아 한국투자 민간투자풀 전문투자형 사모 증권 투자신탁 10호\n사회복지법인미래에셋박현주재단, 미래에셋맵스프런티어사모부동산투자신탁18호, 미래에셋맵스프런티어사모부동산투자신탁28호, 미래에셋맵스아시아퍼시픽부동산공모일호투자회사, 미래에셋맵스인디아프런티어사모부동산투자신탁1호, 미래에셋맵스프런티어사모부동산투자신탁27호, Global X Management Company Inc., 미래에셋맵스미국전문투자형사모부동산투자신탁15-2호, 미래에셋맵스미국전문투자형사모부동산투자신탁15-4호, MAVI신성장 좋은기업 투자조합 1호, MAVI신성장 좋은기업 투자조합 2호, 미래에셋맵스프런티어사모부동산투자신탁29호, 미래에셋맵스전문투자형사모부동산투자신탁11호, 하나대체미국발전소전문투자형사모특별자산투자신탁5-1호, 멀티에셋칠레태양광전문투자형사모투자신탁제1호, 미래에셋맵스프런티어NPL사모부동산투자신탁1호, 미래에셋맵스프런티어미국사모부동산투자신탁3호, 미래에셋맵스프런티어미국사모부동산투자신탁4호, 미래에셋스마트Q아비트라지파워플러스전문투자형사모투자신탁1호, \xa0미래에셋스마트Q아비트라지플러스전문투자형사모투자신탁3호, 미래에셋 Equitix Fund 3-5호, 미래에셋-현대중공업지주신성장투자조합1호, 미래에셋글로벌뉴그린투자조합1호, 미래에셋맵스프런티어사모차이나부동산투자신탁1호, 다함께코리아 한국투자 민간투자풀 전문투자형 사모 증권 투자신탁 10호\n(2) 당분기와 전분기 중 특수관계자와의 중요한 거래내역은 다음과 같습니다.1) 당분기\n(단위 : 백만원)\n구분\n회사명\n이자수익\n배당수익\n기타수익\n수수료비용\n기타비용 등\n유형자산처분\n3개월\n누적\n3개월\n누적\n3개월\n누적\n3개월\n누적\n3개월\n누적\n3개월\n누적\n지배기업\n미래에셋캐피탈㈜\n635\n1,901\n-\n-\n2\n10\n-\n-\n-\n-\n-\n-\n연결실체에 유의적인영향력을 행사하는 기업\n미래에셋증권㈜\n507\n1,554\n-\n-\n16\n49\n43\n210\n110\n325\n-\n-\n미래에셋자산운용㈜\n-\n-\n-\n-\n23\n166\n573\n1,682\n-\n14\n-\n-\n관계기업\n케이지에이에셋주식회사\n-\n-\n-\n74\n-\n-\n1,846\n4,310\n-\n-\n-\n-\n대규모기업집단\n미래에셋컨설팅㈜\n-\n-\n-\n-\n-\n7\n3\n7\n104\n212\n-\n-\n미래에셋벤처투자㈜\xa0\n-\n-\n-\n-\n5\n15\n-\n-\n-\n-\n-\n-\n와이케이디벨롭먼트 주식회사\n-\n-\n-\n-\n117\n182\n-\n-\n770\n2,469\n-\n-\n미래에셋파트너스제구호사모투자합자회사\n-\n-\n5,045\n5,045\n-\n-\n-\n-\n1,780\n2,336\n-\n-\n기타특수관계자\n사회복지법인미래에셋박현주재단\n-\n-\n-\n-\n-\n-\n-\n-\n-\n243\n-\n-\n미래에셋맵스프런티어사모부동산투자신탁18호\n-\n-\n-\n3,153\n20\n58\n-\n-\n-\n-\n-\n-\n미래에셋맵스프런티어사모부동산투자신탁27호\n-\n-\n-\n-\n-\n17\n-\n-\n-\n-\n-\n68\n미래에셋맵스프런티어사모부동산투자신탁28호\n-\n-\n-\n3,970\n-\n-\n-\n-\n-\n-\n-\n-\nMAVI신성장 좋은기업 투자조합 1호\n-\n-\n-\n-\n-\n-\n-\n-\n-\n245\n-\n-\nMAVI신성장 좋은기업 투자조합 2호\n-\n-\n-\n-\n-\n-\n-\n-\n-\n219\n-\n-\n미래에셋맵스전문투자형사모부동산투자신탁11호\n601\n1,789\n-\n-\n-\n-\n-\n-\n-\n-\n-\n-\n하나대체미국발전소전문투자형사모특별자산투자신탁5-1호\n-\n-\n1,038\n3,096\n7\n25\n-\n-\n-\n-\n-\n-\n멀티에셋칠레태양광전문투자형사모투자신탁제1호\n-\n-\n-\n185\n-\n-\n-\n-\n-\n176\n-\n-\n미래에셋맵스프런티어NPL사모부동산투자신탁1호\n-\n-\n-\n-\n-\n1,285\n-\n-\n-\n-\n-\n-\n미래에셋 Equitix Fund 3-5호\n-\n-\n1,074\n2,001\n-\n-\n-\n-\n-\n-\n-\n-\n미래에셋맵스프런티어사모차이나부동산투자신탁1호\n-\n-\n-\n-\n17\n52\n-\n-\n-\n-\n-\n-\n합계\n1,743\n5,244\n7,157\n17,524\n207\n1,866\n2,465\n6,209\n2,764\n6,239\n-\n68\n2) 전분기\n(단위 : 백만원)\n구분\n회사명\n이자수익\n배당수익\n기타수익\n수수료비용\n기타비용 등\n3개월\n누적\n3개월\n누적\n3개월\n누적\n3개월\n누적\n3개월\n누적\n연결실체에 유의적인영향력을 행사하는 기업\n미래에셋캐피탈㈜\n519\n1,611\n-\n-\n1\n7\n-\n-\n-\n-\n미래에셋증권㈜\n445\n1,326\n-\n-\n4\n57\n47\n176\n8,423\n9,869\n미래에셋자산운용㈜\n-\n-\n-\n-\n-\n101\n520\n1,593\n2,077\n2,406\n관계기업\n케이지에이에셋주식회사\n-\n-\n-\n-\n-\n-\n1,488\n3,357\n-\n-\n대규모기업집단\n미래에셋컨설팅㈜\n-\n-\n-\n-\n1\n16\n2\n6\n50\n158\n미래에셋벤처투자㈜\xa0\n-\n-\n-\n-\n5\n17\n-\n-\n-\n-\n와이케이디벨롭먼트 주식회사\n-\n-\n-\n-\n117\n353\n-\n-\n817\n2,471\n미래에셋파트너스제구호사모투자합자회사\n-\n-\n2,206\n2,277\n-\n-\n-\n-\n1,619\n1,837\n기타특수관계자\n사회복지법인미래에셋박현주재단\n-\n-\n-\n-\n-\n-\n-\n-\n-\n268\n미래에셋맵스프런티어사모부동산투자신탁18호\n-\n-\n-\n-\n18\n54\n-\n-\n-\n-\n미래에셋맵스프런티어사모부동산투자신탁28호\n-\n-\n-\n3,441\n-\n-\n-\n-\n-\n-\n미래에셋맵스인디아프런티어사모부동산투자신탁1호\n-\n-\n-\n-\n-\n80\n-\n-\n-\n-\n미래에셋맵스전문투자형사모부동산투자신탁11호\n684\n1,867\n-\n-\n-\n-\n-\n-\n-\n-\nMAVI신성장 좋은기업 투자조합 1호\n-\n-\n-\n-\n-\n-\n-\n-\n-\n141\nMAVI신성장 좋은기업 투자조합 2호\n-\n-\n-\n-\n-\n-\n-\n-\n-\n121\n멀티에셋칠레태양광전문투자형사모투자신탁제1호\n-\n-\n-\n169\n-\n53\n-\n-\n-\n-\n하나대체미국발전소전문투자형사모특별자산투자신탁5-1\n-\n-\n977\n2,949\n9\n28\n-\n-\n-\n-\n미래에셋 Equitix Fund 3-5호\n-\n-\n901\n950\n-\n-\n-\n-\n-\n-\n미래에셋맵스프런티어사모차이나부동산투자신탁1호\n-\n-\n-\n-\n18\n52\n-\n-\n-\n-\n합계\n1,648\n4,804\n4,084\n9,786\n173\n818\n2,057\n5,132\n12,986\n17,271\n(3) 당분기말 및 전기말 현재 특수관계자에 대한 중요한 채권ㆍ채무잔액은 다음과 같습니다.1) 당분기말\n(단위 : 백만원)\n구분\n회사명\n채권\n채무\n대출채권\n유가증권\n기타채권\n기타채무\n지배기업\n미래에셋캐피탈㈜\n-\n51,112\n372\n-\n연결실체에 유의적인 영향력을 행사하는 기업\n미래에셋증권㈜\n-\n49,827\n4,044\n9,375\n미래에셋자산운용㈜\n-\n-\n-\n897\n대규모 기업집단\n미래에셋컨설팅㈜\n-\n-\n229\n3\n와이케이디벨롭먼트 주식회사\n-\n-\n213\n311\n기타 특수관계자\n미래에셋맵스전문투자형사모부동산투자신탁11호\n49,000\n-\n6,110\n-\n합계\n49,000\n100,939\n10,968\n10,586\n2) 전기말\n(단위 : 백만원)\n구분\n회사명\n채권\n채무\n대출채권\n유가증권\n기타채권\n기타채무\n지배기업\n미래에셋캐피탈㈜\n-\n50,830\n374\n-\n연결실체에 유의적인 영향력을 행사하는 기업\n미래에셋증권㈜\n-\n49,230\n11,691\n360\n미래에셋자산운용㈜\n-\n-\n-\n1,438\n대규모 기업집단\n미래에셋컨설팅㈜\n-\n-\n274\n219\n와이케이디벨롭먼트 주식회사\n-\n-\n234\n280\n기타 특수관계자\n미래에셋맵스전문투자형사모부동산투자신탁11호\n49,000\n-\n5,412\n-\n합계\n49,000\n100,060\n17,985\n2,297\n(4) 당분기와 전분기 중 특수관계자와의 중요한 자금 거래내역은 다음과 같습니다.1) 당분기\n(단위 : 백만원)\n구분\n회사명\n현금출자\n현금회수\n리스료\n연결실체에 유의적인 영향력을 행사하는 기업\n미래에셋증권㈜\n-\n-\n4,646\n미래에셋자산운용㈜\n3\n-\n-\n대규모 기업집단\n미래에셋파트너스제구호사모투자합자회사\n-\n5,035\n-\n기타 특수관계자\nMAVI신성장 좋은기업 투자조합 1호\n-\n86\n-\nMAVI신성장 좋은기업 투자조합 2호\n-\n90\n-\n하나대체미국발전소전문투자형사모특별자산투자신탁5-1호\n3,491\n434\n-\n멀티에셋칠레태양광전문투자형사모투자신탁제1호\n-\n2,862\n-\n미래에셋맵스프런티어NPL사모부동산투자신탁1호\n-\n1,396\n-\n미래에셋맵스프런티어미국사모부동산투자신탁3호\n398\n-\n-\n미래에셋 Equitix Fund 3-5호\n2,881\n-\n-\n미래에셋-현대중공업지주신성장투자조합1호\n1,000\n-\n-\n합계\n7,773\n9,903\n4,646\n2) 전분기\xa0\n(단위 : 백만원)\n구분\n회사명\n현금출자\n사채취득\n현금회수\n리스료\n지배기업\n미래에셋캐피탈㈜\n-\n30,000\n50,334\n-\n연결실체에 유의적인 영향력을행사하는기업\n미래에셋증권㈜\n-\n-\n14,808\n4,055\n미래에셋자산운용㈜\n11\n-\n3,702\n-\n대규모기업집단\n미래에셋파트너스제구호사모투자합자회사\n-\n-\n9,467\n-\n기타 특수관계자\n미래에셋맵스인디아프런티어사모부동산투자신탁1호\n-\n-\n567\n-\nMAVI신성장 좋은기업 투자조합 1호\n-\n-\n60\n-\nMAVI신성장 좋은기업 투자조합 2호,\n-\n-\n60\n-\n하나대체미국발전소전문투자형사모특별자산투자신탁5-1호\n3,350\n-\n426\n-\n멀티에셋칠레태양광전문투자형사모투자신탁제1호\n253\n-\n853\n-\n미래에셋 Equitix Fund 3-5호\n10,446\n-\n-\n-\n합계\n14,060\n30,000\n80,277\n4,055\n(5) 당분기말과 전기말 현재 특수관계자에게 제공한 출자약정 등의 내역은 다음과 같습니다.\n1) 당분기말\n(단위 : 백만원)\n구분\n회사명\n출자약정액 등\n미집행금액\n기타 특수관계자\n미래에셋 Equitix Fund 3-5호\n52,967\n487\n미래에셋-현대중공업지주신성장투자조합1호\n5,000\n2,000\n다함께코리아 한국투자 민간투자풀 전문투자형 사모 증권 투자신탁 10호\n60,000\n59,400\n합계\n117,967\n61,887\n2) 전기말\n(단위 : 백만원)\n구분\n회사명\n출자약정액 등\n미집행금액\n기타 특수관계자\n미래에셋 Equitix Fund 3-5호\n49,254\n453\n미래에셋-현대중공업지주신성장투자조합1호\n5,000\n3,000\n다함께코리아 한국투자 민간투자풀 전문투자형 사모 증권 투자신탁 10호\n60,000\n59,400\n합계\n114,254\n62,853\n(6) 당분기말 및 전기말 현재 임직원에 대한 대출채권의 내역은 다음과 같습니다.\n(단위: 백만원)\n구분\n당분기말\n전기말\n지급보증대출금\n693\n770\n(7) 당분기 및 전분기 중 연결실체 주요 경영진에 대한 보상 내역은 다음과 같습니다.\n(단위: 백만원)\n구분\n당분기\n전분기\n3개월\n누적\n3개월\n누적\n단기종업원급여\n558\n1,760\n446\n1,554\n퇴직급여\n72\n227\n77\n228\n합계\n630\n1,987\n523\n1,782\n(8) 연결실체는 집합투자기구에 대하여 특수관계자인 미래에셋자산운용(주)와 투자일임계약을 체결하고 있습니다.\n36. 신탁계정연결실체는 신탁업법규정에 따라 신탁재산을 고유재산과 구분하여 회계처리하고 있으며, 신탁보수를 취득하는 경우 영업수익(수수료수익)으로 계상하고 있습니다. \xa0한편, 당분기말 현재 연결실체와 계약이 체결된 신탁금액은 3,498,556백만원(전기말: 3,513,423백만원)입니다.\n4. 재무제표\n4-1. 재무상태표\n재무상태표\n제 38 기 3분기말 2024.09.30 현재\n제 37 기말 \xa0 \xa0 \xa0 \xa0 \xa02023.12.31 현재\n(단위 : 원)\n\u3000\n제 38 기 3분기말\n제 37 기말\n자산\n\u3000\n\u3000\n\u3000현금및현금성자산 (주6,7)\n713,309,680,187\n1,227,248,463,335\n\u3000당기손익-공정가치측정금융자산 (주6,8,33)\n15,649,979,749,228\n15,850,238,187,470\n\u3000\u3000당기손익-공정가치측정유가증권\n15,605,085,009,793\n15,807,597,388,383\n\u3000\u3000당기손익-공정가치측정기타금융자산\n44,894,739,435\n42,640,799,087\n\u3000기타포괄손익-공정가치측정금융자산 (주6,9)\n11,814,069,090,092\n11,226,454,380,747\n\u3000\u3000기타포괄손익-공정가치측정유가증권\n11,814,069,090,092\n11,226,454,380,747\n\u3000상각후원가측정금융자산 (주6,11)\n3,420,351,209,938\n4,193,467,376,169\n\u3000\u3000상각후원가측정대출채권\n2,711,366,577,135\n3,183,909,027,972\n\u3000\u3000상각후원가측정기타금융자산\n708,984,632,803\n1,009,558,348,197\n\u3000관계종속기업투자자산-원가법 (주10)\n142,042,965,503\n142,042,965,503\n\u3000재보험계약자산 (주16)\n28,884,462,926\n24,241,130,941\n\u3000파생상품자산 (주6,8,33)\n269,181,079,571\n202,094,722,137\n\u3000\u3000단기매매 파생금융자산\n49,996,676,341\n31,155,714,449\n\u3000\u3000위험회피목적파생상품자산\n219,184,403,230\n170,939,007,688\n\u3000유형자산 (주12)\n77,900,497,617\n78,749,231,830\n\u3000사용권자산 (주12)\n12,189,175,103\n3,649,433,491\n\u3000무형자산 (주13)\n30,860,278,334\n39,451,616,076\n\u3000당기법인세자산\n65,780,203,593\n54,265,765,360\n\u3000기타자산 (주15)\n8,104,441,693\n4,289,751,938\n\u3000자산총계\n32,232,652,833,785\n33,046,193,024,997\n자본과 부채\n\u3000\n\u3000\n\u3000부채\n\u3000\n\u3000\n\u3000\u3000보험계약부채 (주16)\n26,342,312,823,386\n25,782,954,737,248\n\u3000\u3000계약자지분조정 (주20)\n(2,903,456,311)\n106,019\n\u3000\u3000재보험계약부채 (주16)\n3,543,138,142\n847,926,609\n\u3000\u3000투자계약부채 (주6)\n2,827,468,038,211\n3,175,249,446,237\n\u3000\u3000파생상품부채 (주6,33)\n18,741,528,857\n20,641,072,788\n\u3000\u3000\u3000단기매매 파생금융부채\n7,321,173\n530,451,377\n\u3000\u3000\u3000위험회피목적파생상품부채\n18,734,207,684\n20,110,621,411\n\u3000\u3000차입부채 (주6,17)\n299,402,579,359\n549,320,998,560\n\u3000\u3000\u3000사채\n299,402,579,359\n299,320,998,560\n\u3000\u3000\u3000기타 차입금(사채 제외)\n\u3000\n250,000,000,000\n\u3000\u3000\u3000금융기관 차입금(사채 제외)\n\u3000\n\u3000\n\u3000\u3000순확정급여부채 (주18)\n11,811,167,490\n11,286,506,685\n\u3000\u3000충당부채 (주19)\n2,079,621,929\n1,084,889,080\n\u3000\u3000이연법인세부채\n196,703,880,689\n347,169,254,096\n\u3000\u3000리스부채 (주20)\n11,513,088,157\n3,252,320,961\n\u3000\u3000기타부채 (주20)\n117,179,530,597\n240,122,210,211\n\u3000\u3000부채총계\n29,827,851,940,506\n30,131,929,468,494\n\u3000자본\n\u3000\n\u3000\n\u3000\u3000자본금 (주21)\n990,714,745,000\n990,714,745,000\n\u3000\u3000자본잉여금 (주22)\n181,384,483,840\n181,384,483,840\n\u3000\u3000자본조정 (주23)\n(371,175,448,895)\n(371,175,448,895)\n\u3000\u3000기타포괄손익누계액 (주24)\n(171,531,040,273)\n400,103,553,823\n\u3000\u3000이익잉여금(결손금) (주25)\n1,775,408,153,607\n1,713,236,222,735\n\u3000\u3000자본총계\n2,404,800,893,279\n2,914,263,556,503\n\u3000자본과부채총계\n32,232,652,833,785\n33,046,193,024,997\n4-2. 포괄손익계산서\n포괄손익계산서\n제 38 기 3분기 2024.01.01 부터 2024.09.30 까지\n제 37 기 3분기 2023.01.01 부터 2023.09.30 까지\n(단위 : 원)\n\u3000\n제 38 기 3분기\n제 37 기 3분기\n3개월\n누적\n3개월\n누적\n보험서비스손익\n31,145,604,644\n98,344,442,716\n27,339,907,372\n111,606,107,440\n\u3000보험서비스수익\n248,706,670,631\n740,445,587,954\n231,952,407,984\n691,994,989,342\n\u3000\u3000일반보험서비스수익 (주16)\n244,354,928,160\n721,059,827,588\n226,554,619,277\n676,811,954,267\n\u3000\u3000출재보험서비스수익 (주16)\n4,351,742,471\n19,385,760,366\n5,397,788,707\n15,183,035,075\n\u3000보험서비스비용\n217,561,065,987\n642,101,145,238\n204,612,500,612\n580,388,881,902\n\u3000\u3000일반보험서비스비용 (주16)\n197,408,176,396\n578,873,219,358\n184,735,969,499\n515,343,962,849\n\u3000\u3000출재보험서비스비용 (주16)\n3,843,793,444\n16,279,152,707\n4,382,599,217\n16,733,273,483\n\u3000\u3000기타사업비용 (주27)\n16,309,096,147\n46,948,773,173\n15,493,931,896\n48,311,645,570\n투자서비스손익\n(25,219,223,773)\n(22,944,439,639)\n(744,535,086)\n96,774,421,070\n\u3000투자서비스수익\n376,287,824,666\n2,457,122,516,377\n553,354,208,314\n2,798,235,736,415\n\u3000\u3000보험금융수익 (주16)\n220,271,533,475\n330,346,702,202\n297,140,795,436\n349,072,308,372\n\u3000\u3000재보험금융수익 (주16)\n442,386,109\n1,312,280,673\n376,728,748\n1,057,856,909\n\u3000\u3000이자수익 (주26)\n125,816,711,033\n380,481,784,356\n142,303,612,448\n415,406,335,426\n\u3000\u3000\u3000유효이자율법 적용 이자수익\n124,833,224,494\n375,206,185,455\n137,763,247,067\n403,114,893,273\n\u3000\u3000\u3000당기손익-공정가치로 측정하는 금융자산의 이자수익\n983,486,539\n5,275,598,901\n4,540,365,381\n12,291,442,153\n\u3000\u3000당기손익-공정가치측정금융상품관련이익 (주26)\n(74,845,135,822)\n1,299,645,328,426\n(41,502,529,843)\n1,510,681,438,102\n\u3000\u3000기타포괄손익-공정가치측정금융상품관련이익 (주26)\n29,818,207,784\n41,161,288,793\n61,616,562\n1,600,298,044\n\u3000\u3000상각후원가 측정 대출채권및기타수취채권 관련이익 (주26)\n2,365,074,265\n3,072,699,315\n548,660,221\n4,954,591,128\n\u3000\u3000파생상품관련수익 (주26)\n67,942,545,050\n77,924,637,060\n13,953,346,405\n71,094,412,734\n\u3000\u3000외화거래이익 (주26)\n(51,079,917,686)\n159,066,228,233\n92,336,228,447\n272,288,892,126\n\u3000\u3000수수료수익\n3,268,568,046\n8,530,306,000\n3,448,796,421\n18,913,778,089\n\u3000\u3000배당금수익 (주26)\n11,182,492,948\n35,001,850,256\n8,718,542,366\n37,882,847,847\n\u3000\u3000임대료수익 (주28)\n121,585,524\n249,293,526\n118,335,524\n405,891,885\n\u3000\u3000기타수익 (주28)\n40,983,773,940\n120,330,117,537\n35,850,075,579\n114,877,085,753\n\u3000투자서비스비용\n401,507,048,439\n2,480,066,956,016\n554,098,743,400\n2,701,461,315,345\n\u3000\u3000보험금융비용 (주16)\n273,845,256,989\n1,765,020,541,079\n280,529,435,653\n1,801,269,426,530\n\u3000\u3000재보험금융비용 (주16)\n257,591,835\n802,324,912\n241,066,508\n688,920,380\n\u3000\u3000재산관리비 (주27)\n4,663,305,956\n14,255,373,873\n5,047,845,486\n15,118,310,157\n\u3000\u3000이자비용 (주26)\n3,099,627,358\n9,535,473,121\n5,216,503,625\n15,994,092,935\n\u3000\u3000당기손익-공정가치측정금융상품관련손실 (주26)\n165,038,525,606\n371,162,340,232\n90,792,380,702\n274,768,611,555\n\u3000\u3000기타포괄손익-공정가치측정금융상품관련손실 (주26)\n1,318,564,152\n2,153,248,555\n665,342,345\n1,814,363,932\n\u3000\u3000상각후원가측정유가증권관련손실 (주26)\n\u3000\n\u3000\n440,111\n6,058,311\n\u3000\u3000상각후원가 측정 대출채권및기타수취채권 관련손실 (주26)\n1,590,442,695\n6,608,992,251\n(382,231,559)\n6,678,022,860\n\u3000\u3000파생상품관련손실 (주26)\n(84,673,407,604)\n179,444,684,979\n116,805,572,168\n388,567,538,561\n\u3000\u3000외환거래손실 (주26)\n7,070,913,491\n20,880,149,261\n11,545,274,587\n46,366,546,513\n\u3000\u3000기타비용 (주28)\n29,296,227,961\n110,203,827,753\n43,637,113,774\n150,189,423,611\n영업이익(손실)\n5,926,380,871\n75,400,003,077\n26,595,372,286\n208,380,528,510\n영업외손익\n(2,073,153,806)\n(111,989,328)\n(804,106,594)\n(3,485,659,441)\n\u3000영업외수익 (주29)\n1,796,642,004\n6,860,029,074\n2,656,393,054\n4,956,684,679\n\u3000영업외비용 (주29)\n3,869,795,810\n6,972,018,402\n3,460,499,648\n8,442,344,120\n법인세차감전순이익\n3,853,227,065\n75,288,013,749\n25,791,265,692\n204,894,869,069\n법인세비용(수익) (주30)\n332,097,572\n13,116,766,682\n1,324,738,533\n45,663,529,609\n당기순이익(손실)\n3,521,129,493\n62,171,247,067\n24,466,527,159\n159,231,339,460\n대손준비금 반영후 조정이익\n5,237,081,842\n61,278,927,324\n27,466,912,416\n159,720,958,385\n해약환급금준비금 반영후 조정이익\n(45,283,821,109)\n(76,714,332,779)\n(23,588,160,123)\n(685,778,115,266)\n보증준비금 반영후 조정이익\n(1,021,570,632)\n50,404,371,149\n20,154,060,654\n(4,334,870,470)\n기타포괄손익\n(13,703,687,274)\n(571,633,910,291)\n3,166,010,389\n20,167,728,129\n\u3000당기손익으로 재분류되지 않는 세후기타포괄손익의 구성요소\n369,379,238\n808,660,747\n463,027,699\n(2,375,039,012)\n\u3000\u3000자산재평가손익 (주24)\n123\n190,153\n396\n2,102\n\u3000\u3000확정급여제도의재측정요소 (주24)\n369,379,115\n808,470,594\n463,027,303\n(2,375,041,114)\n\u3000당기손익으로 재분류되는 세후기타포괄손익의 구성요소\n(14,073,066,512)\n(572,442,571,038)\n2,702,982,690\n22,542,767,141\n\u3000\u3000기타포괄손익-공정가치측정금융자산관련손익 (주24)\n371,248,376,370\n242,269,707,214\n(315,129,069,387)\n(247,039,390,035)\n\u3000\u3000보험계약자산(부채)순금융손익 (주24)\n(454,326,382,279)\n(870,948,695,700)\n327,746,575,227\n265,601,953,389\n\u3000\u3000재보험계약자산(부채)순금융손익 (주24)\n375,492,980\n370,142,592\n2,016,534,154\n2,909,585,654\n\u3000\u3000현금흐름위험회피파생상품평가손익 (주24)\n68,629,446,417\n55,866,274,856\n(11,931,057,304)\n1,070,618,133\n총포괄손익\n(10,182,557,781)\n(509,462,663,224)\n27,632,537,548\n179,399,067,589\n주당이익 \xa0(주42)\n\u3000\n\u3000\n\u3000\n\u3000\n\u3000보통주기본주당이익(손실) (단위 : 원) (주31)\n27.0\n476.0\n188.0\n1,220.0\n\u3000\u3000계속영업기본주당이익(손실) - 보통주 (단위 : 원)\n27.0\n476.0\n188.0\n1,220.0\n\u3000보통주희석주당이익(손실) (단위 : 원) (주31)\n27.0\n476.0\n188.0\n1,220.0\n\u3000\u3000계속영업희석주당이익(손실) - 보통주 (단위 : 원)\n27.0\n476.0\n188.0\n1,220.0\n4-3. 자본변동표\n자본변동표\n제 38 기 3분기 2024.01.01 부터 2024.09.30 까지\n제 37 기 3분기 2023.01.01 부터 2023.09.30 까지\n(단위 : 원)\n\u3000\n자본\n자본금\n자본잉여금\n자본조정\n기타포괄손익누적액\n이익잉여금\n자본 합계\n주식발행초과금\n기타자본잉여금\n자본잉여금 합계\n2023.01.01 (기초자본)\n990,714,745,000\n181,361,275,262\n23,208,578\n181,384,483,840\n(371,175,448,895)\n1,684,656,761,128\n1,602,944,804,188\n4,088,525,345,261\n회계정책변경효과\n\u3000\n\u3000\n\u3000\n\u3000\n\u3000\n(1,282,939,853,799)\n(14,708,596,592)\n(1,297,648,450,391)\n기초자본(회계정책변경효과반영후)\n990,714,745,000\n181,361,275,262\n23,208,578\n181,384,483,840\n(371,175,448,895)\n401,716,907,329\n1,588,236,207,596\n2,790,876,894,870\n자본의 변동\n\u3000\n\u3000\n\u3000\n\u3000\n\u3000\n\u3000\n\u3000\n\u3000\n\u3000포괄손익\n\u3000\n\u3000\n\u3000\n\u3000\n\u3000\n\u3000\n\u3000\n\u3000\n\u3000\u3000당기순이익(손실)\n\u3000\n\u3000\n\u3000\n\u3000\n\u3000\n\u3000\n159,231,339,460\n159,231,339,460\n\u3000\u3000기타포괄손익\n\u3000\n\u3000\n\u3000\n\u3000\n\u3000\n\u3000\n\u3000\n\u3000\n\u3000\u3000\u3000기타포괄손익-공정가치측정금융자산관련손익 [개요] (주24)\n\u3000\n\u3000\n\u3000\n\u3000\n\u3000\n\u3000\n\u3000\n\u3000\n\u3000\u3000\u3000\u3000기타포괄손익-공정가치측정금융자산관련손익 합계\n\u3000\n\u3000\n\u3000\n\u3000\n\u3000\n(247,039,390,035)\n\u3000\n(247,039,390,035)\n\u3000\u3000\u3000\u3000기타포괄손익-공정가치측정금융자산관련손익 총손익\n\u3000\n\u3000\n\u3000\n\u3000\n\u3000\n(247,039,390,035)\n\u3000\n(247,039,390,035)\n\u3000\u3000\u3000보험계약자산(부채)순금융손익 - 후속적으로 재분류 되는 항목 (주16,24)\n\u3000\n\u3000\n\u3000\n\u3000\n\u3000\n265,601,953,389\n\u3000\n265,601,953,389\n\u3000\u3000\u3000재보험계약자산(부채)순금융손익 (주16,24)\n\u3000\n\u3000\n\u3000\n\u3000\n\u3000\n2,909,585,654\n\u3000\n2,909,585,654\n\u3000\u3000\u3000현금흐름위험회피 (주24)\n\u3000\n\u3000\n\u3000\n\u3000\n\u3000\n1,070,618,133\n\u3000\n1,070,618,133\n\u3000\u3000\u3000유형자산재평가잉여금 (주24)\n\u3000\n\u3000\n\u3000\n\u3000\n\u3000\n2,102\n\u3000\n2,102\n\u3000\u3000\u3000확정급여제도의재측정요소 (주24)\n\u3000\n\u3000\n\u3000\n\u3000\n\u3000\n(2,375,041,114)\n\u3000\n(2,375,041,114)\n\u3000\u3000\u3000총기타포괄손익\n\u3000\n\u3000\n\u3000\n\u3000\n\u3000\n20,167,728,129\n\u3000\n20,167,728,129\n\u3000\u3000총포괄손익\n\u3000\n\u3000\n\u3000\n\u3000\n\u3000\n20,167,728,129\n159,231,339,460\n179,399,067,589\n\u3000소유주와의 거래\n\u3000\n\u3000\n\u3000\n\u3000\n\u3000\n\u3000\n\u3000\n\u3000\n\u3000\u3000기타변동\n\u3000\n\u3000\n\u3000\n\u3000\n\u3000\n(65,000)\n65,000\n\u3000\n\u3000\u3000소유주와의 거래 합계\n\u3000\n\u3000\n\u3000\n\u3000\n\u3000\n(65,000)\n65,000\n\u3000\n\u3000자본 증가(감소) 합계\n\u3000\n\u3000\n\u3000\n\u3000\n\u3000\n20,167,663,129\n159,231,404,460\n179,399,067,589\n2023.09.30 (기말자본)\n990,714,745,000\n181,361,275,262\n23,208,578\n181,384,483,840\n(371,175,448,895)\n421,884,570,458\n1,747,467,612,056\n2,970,275,962,459\n2024.01.01 (기초자본)\n990,714,745,000\n181,361,275,262\n23,208,578\n181,384,483,840\n(371,175,448,895)\n400,103,553,823\n1,713,236,222,735\n2,914,263,556,503\n회계정책변경효과\n\u3000\n\u3000\n\u3000\n\u3000\n\u3000\n\u3000\n\u3000\n\u3000\n기초자본(회계정책변경효과반영후)\n990,714,745,000\n181,361,275,262\n23,208,578\n181,384,483,840\n(371,175,448,895)\n400,103,553,823\n1,713,236,222,735\n2,914,263,556,503\n자본의 변동\n\u3000\n\u3000\n\u3000\n\u3000\n\u3000\n\u3000\n\u3000\n\u3000\n\u3000포괄손익\n\u3000\n\u3000\n\u3000\n\u3000\n\u3000\n\u3000\n\u3000\n\u3000\n\u3000\u3000당기순이익(손실)\n\u3000\n\u3000\n\u3000\n\u3000\n\u3000\n\u3000\n62,171,247,067\n62,171,247,067\n\u3000\u3000기타포괄손익\n\u3000\n\u3000\n\u3000\n\u3000\n\u3000\n\u3000\n\u3000\n\u3000\n\u3000\u3000\u3000기타포괄손익-공정가치측정금융자산관련손익 [개요] (주24)\n\u3000\n\u3000\n\u3000\n\u3000\n\u3000\n\u3000\n\u3000\n\u3000\n\u3000\u3000\u3000\u3000기타포괄손익-공정가치측정금융자산관련손익 합계\n\u3000\n\u3000\n\u3000\n\u3000\n\u3000\n242,269,707,214\n\u3000\n242,269,707,214\n\u3000\u3000\u3000\u3000기타포괄손익-공정가치측정금융자산관련손익 총손익\n\u3000\n\u3000\n\u3000\n\u3000\n\u3000\n242,269,707,214\n\u3000\n242,269,707,214\n\u3000\u3000\u3000보험계약자산(부채)순금융손익 - 후속적으로 재분류 되는 항목 (주16,24)\n\u3000\n\u3000\n\u3000\n\u3000\n\u3000\n(870,948,695,700)\n\u3000\n(870,948,695,700)\n\u3000\u3000\u3000재보험계약자산(부채)순금융손익 (주16,24)\n\u3000\n\u3000\n\u3000\n\u3000\n\u3000\n370,142,592\n\u3000\n370,142,592\n\u3000\u3000\u3000현금흐름위험회피 (주24)\n\u3000\n\u3000\n\u3000\n\u3000\n\u3000\n55,866,274,856\n\u3000\n55,866,274,856\n\u3000\u3000\u3000유형자산재평가잉여금 (주24)\n\u3000\n\u3000\n\u3000\n\u3000\n\u3000\n190,153\n\u3000\n190,153\n\u3000\u3000\u3000확정급여제도의재측정요소 (주24)\n\u3000\n\u3000\n\u3000\n\u3000\n\u3000\n808,470,594\n\u3000\n808,470,594\n\u3000\u3000\u3000총기타포괄손익\n\u3000\n\u3000\n\u3000\n\u3000\n\u3000\n(571,633,910,291)\n\u3000\n(571,633,910,291)\n\u3000\u3000총포괄손익\n\u3000\n\u3000\n\u3000\n\u3000\n\u3000\n(571,633,910,291)\n62,171,247,067\n(509,462,663,224)\n\u3000소유주와의 거래\n\u3000\n\u3000\n\u3000\n\u3000\n\u3000\n\u3000\n\u3000\n\u3000\n\u3000\u3000기타변동\n\u3000\n\u3000\n\u3000\n\u3000\n\u3000\n(683,805)\n683,805\n0\n\u3000\u3000소유주와의 거래 합계\n\u3000\n\u3000\n\u3000\n\u3000\n\u3000\n(683,805)\n683,805\n0\n\u3000자본 증가(감소) 합계\n\u3000\n\u3000\n\u3000\n\u3000\n\u3000\n(571,634,594,096)\n62,171,930,872\n(509,462,663,224)\n2024.09.30 (기말자본)\n990,714,745,000\n181,361,275,262\n23,208,578\n181,384,483,840\n(371,175,448,895)\n(171,531,040,273)\n1,775,408,153,607\n2,404,800,893,279\n4-4. 현금흐름표\n현금흐름표\n제 38 기 3분기 2024.01.01 부터 2024.09.30 까지\n제 37 기 3분기 2023.01.01 부터 2023.09.30 까지\n(단위 : 원)\n\u3000\n제 38 기 3분기\n제 37 기 3분기\n영업활동현금흐름\n\u3000\n\u3000\n\u3000영업활동순현금흐름\n(144,756,289,875)\n(897,397,393,357)\n\u3000\u3000영업에서 창출된 현금흐름\n(762,336,474,906)\n(1,449,793,875,279)\n\u3000\u3000\u3000당기순이익(손실) (주25)\n62,171,247,067\n159,231,339,460\n\u3000\u3000\u3000당기순이익조정을 위한 가감 합계 (주32)\n48,986,767,937\n(172,924,064,184)\n\u3000\u3000\u3000\u3000보험서비스손익\n98,344,442,716\n111,606,107,440\n\u3000\u3000\u3000\u3000재보험계약손익\n3,106,607,659\n(1,550,238,408)\n\u3000\u3000\u3000\u3000보험금융손익\n(1,434,673,838,877)\n(1,452,197,118,158)\n\u3000\u3000\u3000\u3000재보험금융손익\n509,955,761\n368,936,529\n\u3000\u3000\u3000\u3000법인세비용 조정\n13,116,766,682\n45,663,529,609\n\u3000\u3000\u3000\u3000배당수익에 대한 조정\n35,001,850,256\n37,882,847,847\n\u3000\u3000\u3000\u3000이자수익에 대한 조정\n380,481,784,356\n415,406,335,426\n\u3000\u3000\u3000\u3000이자비용에 대한 조정\n9,535,473,121\n15,994,092,935\n\u3000\u3000\u3000\u3000비현금항목에 관한 기타조정\n(51,775,951,251)\n(57,380,530,120)\n\u3000\u3000\u3000\u3000당기손익-공정가치측정금융상품평가손익\n701,653,532,661\n1,034,893,085,529\n\u3000\u3000\u3000\u3000\u3000당기손익-공정가치측정금융상품평가이익\n998,770,984,731\n1,244,091,306,482\n\u3000\u3000\u3000\u3000\u3000\u3000당기손익-공정가치측정금융자산평가이익\n998,770,984,731\n1,244,091,306,482\n\u3000\u3000\u3000\u3000\u3000당기손익-공정가치측정금융상품평가손실\n297,117,452,070\n209,198,220,953\n\u3000\u3000\u3000\u3000\u3000\u3000당기손익-공정가치측정금융자산평가손실\n297,117,452,070\n209,198,220,953\n\u3000\u3000\u3000\u3000당기손익-공정가치측정금융상품처분손익\n(16,737,998,520)\n\u3000\n\u3000\u3000\u3000\u3000\u3000당기손익-공정가치측정금융상품처분이익\n5,373,074,801\n\u3000\n\u3000\u3000\u3000\u3000\u3000\u3000당기손익-공정가치측정금융자산처분이익\n5,373,074,801\n\u3000\n\u3000\u3000\u3000\u3000\u3000당기손익-공정가치측정금융상품처분손실\n22,111,073,321\n\u3000\n\u3000\u3000\u3000\u3000\u3000\u3000당기손익-공정가치측정금융자산처분손실\n22,111,073,321\n\u3000\n\u3000\u3000\u3000\u3000기타포괄손익-공정가치측정금융자산처분손익\n38,853,858,284\n(99,585,322)\n\u3000\u3000\u3000\u3000\u3000기타포괄손익-공정가치측정금융자산처분이익\n40,981,022,709\n1,519,556,948\n\u3000\u3000\u3000\u3000\u3000기타포괄손익-공정가치측정금융자산처분손실\n2,127,164,425\n1,619,142,270\n\u3000\u3000\u3000\u3000유형자산처분손익\n(58,731,898)\n(123,002,023)\n\u3000\u3000\u3000\u3000\u3000유형자산처분이익\n989,183,316\n1,306,946,780\n\u3000\u3000\u3000\u3000\u3000유형자산처분손실의 조정\n1,047,915,214\n1,429,948,803\n\u3000\u3000\u3000\u3000감가상각비와 상각비의 조정\n19,463,609,394\n18,449,574,580\n\u3000\u3000\u3000\u3000\u3000감가상각비에 대한 조정\n8,823,695,652\n8,368,410,733\n\u3000\u3000\u3000\u3000\u3000무형자산상각비에 대한 조정\n10,639,913,742\n10,081,163,847\n\u3000\u3000\u3000\u3000파생상품거래손익\n(20,179,774,014)\n(65,558,021,024)\n\u3000\u3000\u3000\u3000\u3000파생상품거래이익\n376,459,846\n6,416,632,291\n\u3000\u3000\u3000\u3000\u3000파생상품거래손실 조정\n20,556,233,860\n71,974,653,315\n\u3000\u3000\u3000\u3000파생상품평가손익\n12,388,924,213\n(120,652,888,837)\n\u3000\u3000\u3000\u3000\u3000파생상품평가이익\n52,449,938,739\n5,556,957,298\n\u3000\u3000\u3000\u3000\u3000파생상품평가손실 조정\n40,061,014,526\n126,209,846,135\n\u3000\u3000\u3000\u3000대손상각비 조정\n6,635,076,381\n6,879,302,833\n\u3000\u3000\u3000\u3000대손충당금환입\n3,252,965,399\n5,035,332,224\n\u3000\u3000\u3000\u3000외화환산손익\n40,420,754,323\n134,663,589,770\n\u3000\u3000\u3000\u3000\u3000외화환산이익\n40,892,112,171\n134,767,572,673\n\u3000\u3000\u3000\u3000\u3000외화환산손실 조정\n471,357,848\n103,982,903\n\u3000\u3000\u3000\u3000충당부채의 조정\n310,410,781\n(7,005,419)\n\u3000\u3000\u3000\u3000\u3000충당부채전입액\n310,410,781\n11,412,878\n\u3000\u3000\u3000\u3000\u3000\u3000복구충당부채전입액 조정\n36,829,161\n11,412,878\n\u3000\u3000\u3000\u3000\u3000\u3000기타충당부채전입액\n273,581,620\n\u3000\n\u3000\u3000\u3000\u3000\u3000충당부채환입액\n\u3000\n18,418,297\n\u3000\u3000\u3000\u3000\u3000\u3000기타충당부채환입액\n\u3000\n18,418,297\n\u3000\u3000\u3000\u3000퇴직급여 조정\n1,352,405,531\n1,257,100,091\n\u3000\u3000\u3000\u3000기타영업손익\n(69,677,979)\n(10,832,064)\n\u3000\u3000\u3000\u3000\u3000기타영업비용 조정\n69,677,979\n10,832,064\n\u3000\u3000\u3000\u3000기타손익\n107,356,368,362\n104,115,579,764\n\u3000\u3000\u3000\u3000\u3000기타수익\n107,356,368,362\n104,115,579,764\n\u3000\u3000\u3000영업활동으로 인한 자산 부채의 변동 (주32)\n(873,494,489,910)\n(1,436,101,150,555)\n\u3000\u3000\u3000\u3000보험계약부채의 증가(감소)\n1,850,122,650,416\n1,126,839,051,286\n\u3000\u3000\u3000\u3000충당부채의 증가(감소)\n(39,160,000)\n(87,890,000)\n\u3000\u3000\u3000\u3000대출채권의 감소(증가)\n471,681,811,515\n455,508,752,300\n\u3000\u3000\u3000\u3000기타수취채권의 감소(증가)\n186,546,817,883\n(128,134,507,078)\n\u3000\u3000\u3000\u3000당기손익-공정가치측정금융자산의 감소(증가) - 영업활동\n758,517,011,495\n79,679,935,845\n\u3000\u3000\u3000\u3000파생상품자산의 감소(증가)\n28,594,550,446\n30,642,103,792\n\u3000\u3000\u3000\u3000기타자산의 감소(증가)\n(1,865,780,075)\n(2,046,512,803)\n\u3000\u3000\u3000\u3000기타부채의 증가(감소)\n(121,389,749,014)\n(18,364,002,167)\n\u3000\u3000\u3000\u3000순확정급여부채 증가(감소)\n218,061,420\n224,699,550\n\u3000\u3000\u3000\u3000\u3000퇴직급여채무의 증가(감소)\n218,061,420\n224,699,550\n\u3000\u3000\u3000\u3000보험, 재보험 및 투자계약부채의 증가(감소)\n(345,635,403,164)\n(726,684,678,708)\n\u3000\u3000이자수취\n595,329,969,923\n517,427,409,301\n\u3000\u3000이자지급\n9,079,279,619\n15,769,298,317\n\u3000\u3000배당금수취\n40,609,896,790\n43,257,329,322\n\u3000\u3000영업활동으로 분류된 법인세납부(환급)\n9,280,402,063\n(7,481,041,616)\n투자활동현금흐름\n\u3000\n\u3000\n\u3000투자활동순현금흐름\n(114,926,616,470)\n992,099,702,105\n\u3000\u3000유형자산의 취득 (주12)\n2,459,762,280\n1,831,021,602\n\u3000\u3000유형자산의 처분 (주12)\n134,415,000\n\u3000\n\u3000\u3000무형자산의 취득 (주13)\n6,544,428,000\n5,977,827,238\n\u3000\u3000무형자산의 처분\n22,024,000\n9,170,000\n\u3000\u3000당기손익-공정가치측정금융자산의 취득\n244,711,600,971\n283,719,574,413\n\u3000\u3000당기손익-공정가치측정금융자산의 처분\n373,077,937,027\n2,096,719,038,514\n\u3000\u3000기타포괄손익-공정가치측정금융자산의취득\n1,909,839,510,144\n1,444,515,231,374\n\u3000\u3000기타포괄손익-공정가치측정금융자산의처분\n1,709,057,753,136\n698,477,815,443\n\u3000\u3000선물계약, 선도계약, 옵션계약, 스왑계약에 따른 현금지급\n33,663,444,238\n67,062,667,225\n재무활동현금흐름\n\u3000\n\u3000\n\u3000재무활동순현금흐름\n(254,255,876,803)\n(503,713,534,438)\n\u3000\u3000차입부채의 상환 (주32)\n250,000,000,000\n500,000,000,000\n\u3000\u3000리스부채의 상환 (주32)\n4,255,876,803\n3,805,771,438\n\u3000\u3000임대보증금의 증가\n\u3000\n92,237,000\n환율변동효과 반영전 현금및현금성자산의 순증가(감소)\n(513,938,783,148)\n(409,011,225,690)\n현금및현금성자산의순증가(감소)\n(513,938,783,148)\n(409,011,225,690)\n기초현금및현금성자산 (주7)\n1,227,248,463,335\n916,711,053,837\n기말현금및현금성자산 (주7)\n713,309,680,187\n507,699,828,147\n5. 재무제표 주석\n제 38(당)기 3분기 : 2024년 9월 30일 현재\n제 37(전)기 3분기 : 2023년 9월 30일 현재\n미래에셋생명보험주식회사\xa0\n1. 회사의 개요\n미래에셋생명보험주식회사(이하 '당사')는 생명보험업을 목적으로 1988년 3월에 설립되었으며, 당분기말 현재 전국에 본점고객프라자 1개 및 대리점 195개(제휴은행 15개, 증권회사 9개 포함)의 조직을 가지고 인보험 및 그와 관련된 재보험 계약 등 인보험사업을 주요 영업으로 하고 있으며, 2015년 7월 8일에 당사의 주식을 한국거래소에 상장하였습니다. 당분기 중 판매중인 보험상품의 내역은 다음과 같습니다.\xa0\n(단위 : 종)\n구분\n기초\n판매개시\n판매중지\n분기말\n보장성보험(개인)\n26\n3\n2\n27\n보장성보험(단체)\n1\n-\n-\n1\n저축성보험(개인)\n7\n-\n-\n7\n저축성보험(단체)\n4\n-\n-\n4\n합계\n38\n3\n2\n39\n당분기말 현재 당사의 주요 주주현황은 다음과 같습니다.\n(단위 : 주)\n주주명\n보통주\n전환우선주\n주식수\n지분율\n주식수\n지분율\n\xa0미래에셋증권(주)\xa0\n38,967,950\n22.01%\n-\n-\n\xa0미래에셋캐피탈(주)\xa0\n27,601,633\n15.59%\n-\n-\n\xa0미래에셋자산운용(주)\xa0\n26,815,864\n15.15%\n-\n-\n\xa0미래에셋컨설팅(주)\xa0\n7,557,044\n4.27%\n-\n-\n\xa0미래에셋생명보험우리사주조합\n1,057,486\n0.60%\n-\n-\n\xa0자기주식\n46,536,189\n26.29%\n21,126,760\n100.00%\n\xa0기타\xa0\n28,480,023\n16.09%\n-\n-\n합계\n177,016,189\n100.00%\n21,126,760\n100.00%\n2. 중요한 회계정책\n\xa0\n2.1 재무제표 작성기준\n\xa0\n당사의 2024년 9월 30일로 종료하는 9개월 보고기간에 대한 요약분기재무제표는 기업회계기준서 제1034호 '중간재무보고'에 따라 작성되었습니다. 이 요약분기재무제표는 연차재무제표에 기재되는 사항이 모두 포함되지 않았으므로 전기말 연차재무제표와 함께 이해해야 합니다. 2.1.1 당사가 채택한 제ㆍ개정 기준서 및 해석서\n당사는 2024년 1월 1일로 개시하는 회계기간부터 다음의 제ㆍ개정 기준서 및 해석서를 신규로 적용하였습니다.\n(1) 기업회계기준서 제1001호 '재무제표 표시' 개정 - 부채의 유동/비유동 분류, 약정사항이 있는 비유동부채\n\xa0\n보고기간말 현재 존재하는 실질적인 권리에 따라 유동 또는 비유동으로 분류되며, 부채의 결제를 연기할 수 있는 권리의 행사가능성이나 경영진의 기대는 고려하지 않습 니다. 또한, 부채의 결제에 자기지분상품의 이전도 포함되나, 복합금융상품에서 자기 지분상품으로 결제하는 옵션이 지분상품의 정의를 충족하여 부채와 분리하여 인식된 경우는 제외됩니다. 또한, 기업이 보고기간말 후에 준수해야하는 약정은 보고기간말에 해당 부채의 분류에 영향을 미치지 않으며, 보고기간 이후 12개월 이내 약정사항을 준수해야하는 부채가 보고기간말 현재 비유동부채로 분류된 경우 보고기간 이후 12개월 이내 부채가 상환될 수 있는 위험에 관한 정보를 공시해야 합니다. 해당 기준서의 개정이 재무제표에 미치는 중요한 영향은 없습니다.\n(2) 기업회계기준서 제1007호 '현금흐름표', 기업회계기준서 제1107호 '금융상품: 공시' 개정 - 공급자금융약정에 대한 정보 공시\n\xa0공급자금융약정을 적용하는 경우, 재무제표이용자가 공급자금융약정이 기업의 부채와 현금흐름 그리고 유동성위험 익스포저에 미치는 영향을 평가할 수 있도록 공급자금융약정에 대한 정보를 공시해야 합니다. 이 개정내용을 최초로 적용하는 회계연도 내 중간보고기간에는 해당 내용을 공시할 필요가 없다는 경과규정에 따라 중간재무제표에 미치는 영향이 없습니다.\n(3) 기업회계기준서 제1116호 ‘리스’ 개정 - 판매후리스에서 생기는 리스부채판매후리스에서 생기는 리스부채를 후속적으로 측정할 때 판매자-리스이용자가 보유하는 사용권 관련 손익을 인식하지 않는 방식으로 리스료나 수정리스료를 산정합니다. 해당 기준서의 제정이 재무제표에 미치는 중요한 영향은 없습니다.(4) 기업회계기준서 제1001호 ‘재무제표 표시’ 개정 - '가상자산 공시’가상자산을 보유하는 경우, 가상자산을 고객을 대신하여 보유하는 경우, 가상자산을 발행한 경우의 추가 공시사항을 규정하고 있습니다. 해당 기준서의 개정이 재무제표에 미치는 중요한 영향은 없습니다.\n2.1.2 당사가 적용하지 않은 제ㆍ개정 기준서 및 해석서제정 또는 공표되었으나 시행일이 도래하지 않아 적용하지 아니한 제ㆍ개정 기준서 및 해석서는 다음과 같습니다.(1) 기업회계기준서 제1021호 ‘환율변동효과’와 기업회계기준서 제1101호 ‘한국채택국제회계기준의 최초채택’ 개정 - 교환가능성 결여통화의 교환가능성을 평가하고 다른 통화와 교환이 가능하지 않다면 현물환율을 추정하며 관련 정보를 공시하도록 하고 있습니다. 동 개정사항은 2025 년 1 월 1 일 이후 시작하는 회계연도부터 적용되며, 조기적용이 허용됩니다. 해당 기준서의 개정이 재무제표에 미치는 중요한 영향은 없습니다. \xa02.2 법인세비용중간기간의 법인세비용은 전체 회계연도에 대해서 예상되는 최선의 가중평균연간법인세율, 즉 추정평균연간유효법인세율을 중간기간의 세전이익에 적용하여 계산합니다.당사는 기업회계기준서 제1012호의 이연법인세의 인식 및 공시에 대한 예외규정을 적용하였습니다. 한편, 당사는 세무전문가와 함께 필라2(글로벌 최저한세)관련 세법의 시행에 따라 당기법인세에 미치는 영향을 포함하여 재무제표에 미치는 영향을 검토 중에 있습니다. 3. 중요한 회계추정 및 가정 당사는 미래에 대하여 추정 및 가정을 하고 있습니다. 추정 및 가정은 지속적으로 평가되며, 과거 경험과 현재의 상황에서 합리적으로 예측가능한 미래의 사건과 같은 다른 요소들을 고려하여 이루어집니다. 이러한 회계추정은 실제 결과와 다를 수도 있습니다.중간재무제표 작성시 사용된 중요한 회계추정 및 가정은 전기 연차재무제표의 작성시 적용된 회계추정 및 가정과 동일합니다.\n4. 영업의 계절적 특성당사는 인보험사업을 주요 영업으로 하고 있음에 따라서 계절적 특성과는 무관하게영업수익이 비교적 균등하게 발생하고 있습니다.\n5. 영업부문정보영업부문은 최고영업의사결정자에게 보고되는 내부보고자료와 동일한 방식으로 보고하고 있습니다. 최고영업의사결정자는 영업부문에 배부될 자원과 영업부문의 성과를 평가하는데 책임이 있으며, 전략적 의사결정을 수행하는 경영위원회를 최고의사결정자로 보고 있습니다.또한, 당사는 보험업이 주사업목적인 단일 영업부문으로 구성되어 있으며, 한국채택국제회계기준 제1108호 '영업부문'에 따라 영업부문과 관련된 공시사항을 재무제표에 공시하고 있습니다.\n6. 금융상품의 공정가치측정\n(1) 계정 분류와 공정가치\n당분기말 및 전기말 현재 금융상품별 범주별 공정가치는 다음과 같습니다.\n(단위: 백만원)\n구분\n당분기말\n전기말\n장부금액\n공정가치\n장부금액\n공정가치\n금융자산\n\xa0현금및현금성자산(*1)\n713,310\n713,310\n1,227,249\n1,227,249\n\xa0당기손익-공정가치 측정 금융자산(*2)\n15,919,161\n15,919,161\n16,052,333\n16,052,333\n\xa0기타포괄손익-공정가치 측정 금융자산\n11,814,069\n11,814,069\n11,226,454\n11,226,454\n\xa0상각후원가 측정 대여금 및 수취채권\n\xa0 상각후원가 측정 대출채권\n2,711,367\n2,676,952\n3,183,909\n3,074,174\n\xa0 상각후원가 측정 기타수취채권(*3)\n708,985\n708,985\n1,009,558\n1,009,558\n합계\n31,866,892\n31,832,477\n32,699,503\n32,589,768\n금융부채\n\xa0당기손익-공정가치 측정 금융부채(*2)\n18,742\n18,742\n20,641\n20,641\n\xa0차입부채(*3)\n299,403\n299,403\n549,321\n549,321\n\xa0투자계약부채(*3)\n2,827,468\n2,827,468\n3,175,249\n3,175,249\n\xa0기타금융부채(*3)\n50,911\n50,911\n46,524\n46,524\n합계\n3,196,523\n3,196,523\n3,791,735\n3,791,735\n(*1) 현금은 장부가액과 공정가치가 동일하며, 예치금은 단기성 예치금이 대부분이므로 공정가치의 대용치로 장부금액을 사용하였습니다.(*2) 파생상품을 포함합니다.(*3) 장부금액이 공정가치의 합리적인 근사치로 판단하여 공정가치의 대용치로 장부금액을 사용하였습니다.\n(2) 공정가치의 수준공시당사는 금융상품의 공정가치를 다음의 3가지 공정가치수준으로 분류하여 공시합니다.- 수준 1: 활성시장에서 공시되는 가격을 공정가치로 측정하는 금융상품의 경우, 동 금융상품의 공정가치는 수준1로 분류됩니다. 공정가치가 수준 1로 분류되는 금융 상품에는 거래소에서 거래되는 상장주식과 국고채권 등이 있습니다.- 수준 2: 평가기법을 사용하여 금융상품의 공정가치를 측정하는 경우, 모든 중요 요 소가 시장에서 관측한 정보에 기초한다면 동 금융상품의 공정가치는 수준 2로 분류됩니다. 공정가치가 수준 2로 분류되는 금융상품에는 대부분의 원화ㆍ외화채권, 수익증권, 파생상품 등이 있습니다.- 수준 3: 평가기법을 사용하여 금융상품의 공정가치를 측정하는 경우, 하나 이상의 중요 요소가 시장에서 관측불가능한 정보에 기초한다면 동 금융상품의 공정가치는 수준 3으로 분류됩니다. 공정가치가 수준 3으로 분류되는 금융상품에는 비상장주식과 수익증권 등이 있습니다.\n당분기말 및 전기말 현재 재무제표에 공정가치로 측정되는 각 범주별 금융상품의 수준별 공정가치내역은 다음과 같습니다.1) 당분기말\n(단위: 백만원)\n구분\n장부금액\n공정가치\n수준 분류\n수준 1\n수준 2\n수준 3\n금융자산\n당기손익-공정가치 측정 금융자산(*1)\n15,917,582\n15,917,582\n3,854,158\n8,537,172\n3,526,253\n기타포괄손익-공정가치 측정 금융자산\n11,814,069\n11,814,069\n7,322,636\n4,491,433\n-\n합계\n27,731,651\n27,731,651\n11,176,794\n13,028,605\n3,526,253\n금융부채\n당기손익-공정가치 측정 금융부채\n18,742\n18,742\n-\n18,742\n-\n(*1) 원가로 측정한 지분증권에 대해서는 공정가치 수준 공시를 생략하였습니다.\n2) 전기말\n(단위: 백만원)\n구분\n장부금액\n공정가치\n수준 분류\n수준 1\n수준 2\n수준 3\n금융자산\n당기손익-공정가치 측정 금융자산(*1)\n16,050,755\n16,050,755\n4,022,563\n8,292,875\n3,735,317\n기타포괄손익-공정가치 측정 금융자산\n11,226,454\n11,226,454\n6,927,778\n4,298,676\n-\n합계\n27,277,209\n27,277,209\n10,950,341\n12,591,551\n3,735,317\n금융부채\n당기손익-공정가치 측정 금융부채\n20,641\n20,641\n-\n20,641\n-\n(*1) 원가로 측정한 지분증권에 대해서는 공정가치 수준 공시를 생략하였습니다.\n(3) 공정가치 수준 3의 변동내역당분기와 전분기 중 공정가치 수준 3에 해당하는 금융상품의 변동내역은 다음과 같습니다.\n(단위: 백만원)\n구분\n당분기\n전분기\n당기손익-공정가치 측정 금융자산\n당기손익-공정가치 측정 금융자산\n기초\n3,735,317\n3,663,484\n당기손익인식액\n(61,946)\n47,924\n매입금액\n243,200\n263,677\n매도금액\n\xa0 (390,318)\n\xa0 (261,378)\n분기말\n3,526,253\n3,713,707\n(4) 당분기말 및 전기말 현재 공정가치로 측정되는 금융자산 중 원가로 측정된 내역은 다음과 같습니다.\n(단위: 백만원)\n금융상품의 범주\n당분기말\n전기말\n당기손익-공정가치 측정 금융자산\n1,578\n\xa01,578\n(5) 가치평가기법 및 투입변수1) 당분기말 및 전기말 현재 당사는 공정가치 서열체계에서 수준 2로 분류되는 공정가치측정치에 대해 다음의 가치평가기법과 투입변수를 사용하고 있습니다.\n(단위 : 백만원)\n구분\n공정가치\n가치평가기법\n투입변수\n당분기말\n전기말\n금융자산\n당기손익-공정가치측정 금융자산\n당기손익-공정가치 측정 유가증권\n출자금\n3\n4\n순자산가치법\n순자산평가액\n특수채\n24,988\n24,021\n현금흐름할인법\n할인율\n수익증권\n5,265,442\n4,883,344\n순자산가치법\n순자산평가액\n외화유가증권\n2,932,663\n3,087,689\n현금흐름할인법,순자산가치법\n할인율, 환율, 순자산평가액\n기타유가증권\n44,895\n95,722\n순자산가치법\n순자산평가액\n파생상품자산\n269,181\n202,095\n현금흐름할인법\n할인율, 환율\n소계\n8,537,172\n8,292,875\n기타포괄손익-공정가치 측정 금융자산\n기타포괄손익-공정가치 측정 유가증권\n특수채\n2,689,859\n2,527,203\n현금흐름할인법\n할인율\n금융채\n91,234\n50,830\n현금흐름할인법\n할인율\n회사채\n417,532\n456,411\n현금흐름할인법\n할인율\n외화유가증권\n1,292,807\n1,264,232\n현금흐름할인법,순자산가치법\n할인율, 환율,순자산평가액\n소계\n4,491,432\n4,298,676\n금융자산 합계\n13,028,604\n12,591,551\n금융부채\n당기손익-공정가치 측정금융부채\n파생상품부채\n18,742\n20,641\n현금흐름할인법\n할인율, 환율\n금융부채 합계\n18,742\n20,641\n2) 당분기말 및 전기말 현재 당사는 공정가치 서열체계에서 수준 3으로 분류되는 공정가치측정치에 대해 다음의 가치평가기법과 투입변수범위를 사용하고 있습니다.\n(단위 : 백만원)\n구분\n공정가치\n가치평가기법\n투입변수 및 범위\n당분기말\n전기말\n금융자산\n당기손익-공정가치측정 금융자산\n당기손익-공정가치측정 유가증권\n주식\n93,805\n91,455\n순자산가치법\n순자산평가액\n출자금\n77,807\n78,387\n순자산가치법\n순자산평가액\n수익증권\n3,351,597\n3,562,823\n순자산가치법, 수익가치접근법(현금흐름할인법,배당할인모형) 등\n순자산평가액, 할인율 / 3.33%~20.96% 청산가치변동률 / 100%\n외화유가증권\n3,044\n2,652\n현금흐름할인법,순자산가치법\n할인율, 순자산평가액\n금융자산 합계\n3,526,253\n3,735,317\n(6) 수준 3으로 분류된 공정가치 측정치의 가치평가과정당사의 자산운용부서는 외부평가기관 의뢰 등을 통하여 공정가치를 측정하고 있으며이러한 공정가치 측정치는 수준 3으로 분류되는 공정가치 측정치를 포함하고 있습니다.\n(7) 수준 3으로 분류된 반복적인 공정가치 측정치의 민감도 분석금융상품의 민감도 분석은 통계적 기법을 이용한 관측 불가능한 투입변수의 변동에따른 금융상품의 가치 변동에 기초하여 유리한 변동과 불리한 변동으로 구분하여 이루어집니다. 그리고 공정가치가 두 개 이상의 투입변수에 \xa0영향을 받는 경우에는 가장 유리하거나 또는 가장 불리한 금액을 바탕으로 산출됩니다. 민감도 분석대상으로 수준 3으로 분류되는 금융상품은 해당 공정가치 변동이 당기손익으로 인식되는 지분증권 및 수익증권이 있습니다.\n당분기말 및 전기말 현재 각 금융상품별 투입변수의 변동에 따른 손익효과에 대한 민감도 분석 결과는 아래와 같습니다. \n(단위: 백만원)\n구분\n당분기말\n전기말\n유리한 변동\n불리한 변동\n유리한 변동\n불리한 변동\n금융자산\n\xa0 당기손익-공정가치 측정 \xa0금융자산(*1)\n41,636\xa0\n(35,412)\n44,056\n(39,825)\n(*1) 청산가치변동률(-1%p~1%p), 영구성장률(-1%p~1%p) 및 할인율(-1%p~1%p)을 증가 또는 감소시킴으로써 공정가치 변동을 산출하고 있습니다. 주요 관측 불가능한 투입변수 사이에는 유의한 상호관계는 없습니다. 일부 수익증권은 투입변수의 변동에 따른 민감도 분석이 실무적으로 불가능하여 민감도 분석대상에서 제외하였습니다.\n(8) 재무상태표에서 공정가치로 측정하지는 않으나 공정가치가 공시되는 금융상품당분기말 및 전기말 현재 재무상태표에서 공정가치로 측정하지는 않으나 공정가치가 공시되는 금융상품의 수준별 공정가치내역은 다음과 같습니다.1) 당분기말\n(단위: 백만원)\n구분\n수준 1\n수준 2\n수준 3\n합계\n현금및현금성자산\n713,310\n-\n-\n713,310\n상각후원가로 인식된 금융자산\n\xa0 상각후원가 대출채권\n\xa0-\n\xa0-\n2,676,952\n2,676,952\n\xa0 상각후원가 측정 기타수취채권\n\xa0-\n\xa0-\n708,985\n708,985\n상각후원가로 인식된 금융부채\n\xa0 차입부채\n\xa0-\n299,403\n\xa0-\n299,403\n\xa0 기타금융부채\n\xa0-\n\xa0-\n50,911\n50,911\n합계\n713,310\n299,403\n3,436,847\n4,449,560\n2) 전기말\n(단위: 백만원)\n구분\n수준 1\n수준 2\n수준 3\n합계\n현금및현금성자산\n1,227,249\n\xa0 \xa0 \xa0 \xa0 \xa0 \xa0 \xa0 \xa0 -\n\xa0 \xa0 \xa0 \xa0 \xa0 \xa0 \xa0 \xa0-\n1,227,249\n상각후원가로 인식된 금융자산\n\xa0 상각후원가 대출채권\n\u3000-\n\u3000-\n3,074,174\n3,074,174\n\xa0 상각후원가 측정 기타수취채권\n\xa0-\n\xa0-\n1,009,558\n1,009,558\n상각후원가로 인식된 금융부채\n\xa0 차입부채\n\xa0-\n549,321\n\xa0-\n549,321\n\xa0 기타금융부채\n\xa0-\n\xa0-\n46,524\n46,524\n합계\n1,227,249\n549,321\n4,130,256\n5,906,826\n7. 현금및현금성자산\n당분기말 및 전기말 현재 현금 및 현금성자산의 내용은 다음과 같습니다.\n(단위: 백만원)\n구분\n당분기말\n전기말\n현금성자산\n713,310\n1,227,249\n8. 당기손익-공정가치 측정 금융자산\xa0\n(1) 당분기말 및 전기말 현재 당기손익-공정가치 측정 금융자산의 내역은 다음과 같습니다.\n(단위 : 백만원)\n구분\n당분기말\n전기말\n당기손익-공정가치 측정 유가증권(*1)\n15,605,085\n15,807,597\n당기손익-공정가치 측정 수취채권\n44,895\n42,641\n파생상품자산(주석33)\n269,181\n202,095\n합계\n15,919,161\n16,052,333\n(*1)당분기말 현재 취득원가로 평가한 주식은 \xa01,578백만원입니다.\n(2) 당분기말 및 전기말 현재 당기손익-공정가치 측정 금융자산의 구성은 다음과 같습니다\n(단위 : 백만원)\n구분\n당분기말\n전기말\n주식\n218,209\n279,807\n출자금\n77,810\n78,391\n국공채\n48,559\n53,628\n특수채\n24,988\n24,021\n수익증권\n9,821,859\n9,686,102\n외화유가증권\n5,413,660\n5,632,567\n기타유가증권\n-\n53,081\n파생상품자산\n269,181\n202,095\n수취채권\n44,895\n42,641\n합계\n15,919,161\n16,052,333\n9. 기타포괄손익-공정가치 측정 금융자산\n(1) 당분기말 및 전기말 현재 기타포괄손익-공정가치 측정 금융자산의 내역은 다음과 같습니다.\n(단위 : 백만원)\n구분\n당분기말\n전기말\n채무증권\n국공채\n7,322,636\n6,927,778\n특수채\n2,689,859\n2,527,203\n금융채\n91,234\n50,830\n회사채\n417,532\n456,411\n외화유가증권\n1,292,808\n1,264,232\n합계\n11,814,069\n11,226,454\n(2) 당분기 및 전분기 중 기타포괄손익-공정가치 측정 채무증권 장부금액의 변동내역은 다음과 같습니다.\n1) 당분기\n(단위: 백만원)\n구분\n12개월 기대신용손실\n전체기간기대신용손실\xa0\n신용이 손상된금융자산\n합계\n기초\n11,226,454\n-\n-\n11,226,454\n\xa0 \xa012개월 기대신용손실로 대체\n-\n-\n-\n-\n\xa0 \xa0전체기간 기대신용손실로 대체\n-\n-\n-\n-\n\xa0 \xa0신용이 손상된 금융자산으로 대체\n-\n-\n-\n-\n취득\n1,909,840\n-\n-\n1,909,840\n매각 및 상환\n(1,709,649)\n-\n-\n(1,709,649)\n기타(평가 및 환율변동 등)\n387,424\n-\n-\n387,424\n분기말\n11,814,069\n-\n-\n11,814,069\n2) 전분기\n(단위: 백만원)\n구분\n12개월 기대신용손실\n전체기간기대신용손실\xa0\n신용이 손상된금융자산\n합계\n기초\n10,483,191\n-\n-\n10,483,191\n\xa0 \xa012개월 기대신용손실로 대체\n-\n-\n-\n-\n\xa0 \xa0전체기간 기대신용손실로 대체\n-\n-\n-\n-\n\xa0 \xa0신용이 손상된 금융자산으로 대체\n-\n-\n-\n-\n취득\n1,444,515\n-\n-\n1,444,515\n매각 및 상환\n(694,305)\n-\n-\n(694,305)\n기타(평가 및 환율변동 등)\n(200,679)\n-\n-\n(200,679)\n분기말\n11,032,722\n-\n-\n11,032,722\n(3) 당분기 및 전분기 중 기타포괄손익-공정가치 측정 채무증권 대손충당금의 변동내역은 다음과 같습니다.1) 당분기\n(단위 : 백만원)\n구분\n12개월\n기대신용손실\n전체기간기대신용손실\n신용이 손상된금융자산\n합계\n기초\n530\n-\n-\n530\n\xa0 12개월 기대신용손실로 대체\xa0\n-\n-\n-\n-\n\xa0 전체기간 기대신용손실로 대체\xa0\n-\n-\n-\n-\n\xa0 신용이 손상된 금융자산으로 대체\n-\n-\n-\n-\n전입(환입)\n(154)\n-\n-\n(154)\n제각 및 기타\n8\n-\n-\n8\n분기말\n384\n-\n-\n384\n2) 전분기\n(단위 : 백만원)\n구분\n12개월\n기대신용손실\n전체기간기대신용손실\n신용이 손상된금융자산\n합계\n기초\n589\n-\n-\n589\n\xa0 12개월 기대신용손실로 대체\xa0\n-\n-\n-\n-\n\xa0 전체기간 기대신용손실로 대체\xa0\n-\n-\n-\n-\n\xa0 신용이 손상된 금융자산으로 대체\n-\n-\n-\n-\n전입(환입)\n114\n-\n-\n114\n제각 및 기타\n173\n-\n-\n173\n분기말\n876\n-\n-\n876\n10. 관계종속기업투자주식\n당분기말 및 전기말 현재 관계종속기업투자주식의 내역은 다음과 같습니다.\n(단위 : 백만원)\n구분\n당분기말\n전기말\n소재국\n지분율\n장부가액\n지분율\n장부가액\n종속기업\n미래에셋금융서비스㈜\n100.00%\n82,928\n100.00%\n82,928\n대한민국\n관계기업\nKGA에셋(주)(*1)\n14.70%\n7,002\n14.70%\n7,002\n대한민국\n지에이엘씨솔루션주식회사(*2)\n36.22%\n326\n36.22%\n326\n대한민국\n미래에셋프레보아 생명보험\n50.00%\n51,787\n50.00%\n51,787\n베트남\n합 계\xa0\n142,043\n142,043\n(*1) 지분은 20% 미만이나, KGA에셋(주)의 주요 경영사항에 대하여 당사의 사전동의 및 협의를 요하므로 유의적인 영향력을 보유하는 것으로 판단하였습니다.(*2) 지에이엘씨솔루션주식회사의 주요 경영사항에 대하여 당사의 협의를 요하므로 유의적인 영향력을 보유하는 것으로 판단하였습니다.\n11. 상각후원가 측정 대여금 및 수취채권\n(1) 당분기말 및 전기말 현재 상각후원가 측정 대출채권 및 수취채권의 구성내역은 다음과 같습니다.1) 상각후원가 측정 대출채권\n\xa0 \xa0 \xa0 \xa0 \xa0 \xa0 \xa0 \xa0 \xa0(단위 : 백만원)\n구분\n당분기말\n전기말\n부동산담보대출금\n715,822\n871,574\n신용대출금\n441,680\n417,482\n지급보증대출금\n506,555\n715,806\n기타대출금\n1,065,172\n1,197,380\n대출채권 소계\n2,729,229\n3,202,242\n(-)현재가치할인차금\n(2)\n(5)\n(-)이연대출부대손익\n(2,063)\n(2,618)\n(-)대손충당금\n(15,798)\n(15,710)\n대출채권장부가액\n2,711,366\n3,183,909\n2) 상각후원가 측정 수취채권\n\xa0 \xa0 \xa0 \xa0 \xa0 \xa0 \xa0 \xa0 \xa0(단위 : 백만원)\n구분\n당분기말\n전기말\n예치금(*1)\n87,840\n89,015\n미수금\n26,453\n212,897\n보증금\n6,335\n5,903\n미수수익 및 기타\n589,873\n703,007\n소계\n710,501\n1,010,822\n(-)현재가치할인차금\n(454)\n(164)\n(-)대손충당금\n(1,063)\n(1,100)\n기타수취채권 장부가액\n708,984\n1,009,558\n(*1) 당좌개설보증금 3백만원이 포함되어 있습니다.\n(2) 당분기말 및 전기말 현재 고객에 대한 상각후원가 측정 대출채권의 주요 대출유형 및 고객유형별 구성내역은 다음과 같습니다.\n1) 당분기말\xa0\n(단위 : 백만원)\n구분\n개인대출\n기업대출\n합계\n부동산담보대출금\n2,293\n713,528\n715,821\n신용대출금\n441,680\n\xa0-\n441,680\n지급보증대출금\n25,618\n480,938\n506,556\n기타대출금\n29\n1,065,143\n1,065,172\n대출채권 소계\n469,620\n2,259,609\n2,729,229\n(-)현재가치할인차금\n\xa0 (2)\n\xa0-\n\xa0 (2)\n(-)이연대출부대손익\n\xa0 -\n\xa0 (2,063)\n\xa0 (2,063)\n(-)대손충당금\n\xa0 (12,479)\n\xa0 (3,318)\n\xa0 (15,797)\n대출채권 장부가액\n457,139\n2,254,228\n2,711,367\n대손충당금 설정비율\n2.66%\n0.15%\n0.58%\n2) 전기말\xa0\n(단위 : 백만원)\n구분\n개인대출\n기업대출\n합계\n부동산담보대출금\n3,139\n868,435\n871,574\n신용대출금\n417,482\n\xa0-\n417,482\n지급보증대출금\n28,536\n687,270\n715,806\n기타대출금\n57\n1,197,323\n1,197,380\n대출채권 소계\n449,214\n2,753,028\n3,202,242\n(-)현재가치할인차금\n\xa0 (5)\n\xa0-\n\xa0 (5)\n(-)이연대출부대손익\n\xa0 -\n\xa0 (2,618)\n\xa0 (2,618)\n(-)대손충당금\n\xa0 (10,499)\n\xa0 (5,211)\n\xa0 (15,710)\n대출채권 장부가액\n438,710\n2,745,199\n3,183,909\n대손충당금 설정비율\n2.34%\n0.19%\n0.49%\n(3) 당분기 및 전분기 중 상각후원가 측정 대출채권 및 상각후원가 측정 수취채권의 총 장부금액의 변동내역은 다음과 같습니다.1) 상각후원가 측정 대출채권i) 당분기\n(단위: 백만원)\n구분\n가계대출\n기업대출\n합계\n12개월기대신용손실\n전체기간기대신용손실\n신용이 손상된금융자산\n12개월기대신용손실\n전체기간기대신용손실\xa0\n신용이 손상된금융자산\n기초\n417,798\n22,047\n9,369\n2,695,341\n39,627\n18,060\n3,202,242\n\xa0 12개월 기대신용손실로 대체\xa0\n25,030\n(22,888)\n(2,142)\n806\n(806)\n-\n-\n\xa0 전체기간 기대신용손실로 대체\n(28,545)\n32,232\n(3,687)\n-\n-\n-\n-\n\xa0 신용이 손상된 금융자산으로 대체\xa0\n(1,329)\n(1,672)\n3,001\n-\n-\n-\n-\n신규\n100,391\n-\n-\n23,623,046\xa0\n-\n-\n23,723,437\n회수\n(75,575)\n(9,296)\n9,918\n(24,113,688)\n(4,335)\n-\xa0\n(24,192,976)\n기타\n-\n-\n(5,033)\n-\n196\n1,361\n(3,476)\n분기말\n437,770\n20,423\n11,426\n2,205,505\n34,682\n19,421\n2,729,227\nii) 전분기\n(단위: 백만원)\n구분\n가계대출\n기업대출\n합계\n12개월기대신용손실\n전체기간기대신용손실\n신용이 손상된금융자산\n12개월기대신용손실\n전체기간기대신용손실\xa0\n신용이 손상된금융자산\n기초\n374,562\n18,159\n5,178\n3,366,391\n25,021\n-\n3,789,311\n\xa0 12개월 기대신용손실로 대체\xa0\n16,178\n(16,160)\n(18)\n-\n-\n-\n-\n\xa0 전체기간 기대신용손실로 대체\n(31,451)\n32,623\n(1,172)\n(19,220)\n19,220\n-\n-\n\xa0 신용이 손상된 금융자산으로 대체\xa0\n(3,043)\n(5,410)\n8,454\n-\xa0\n(17,980)\n17,980\n-\n신규\n114,666\n-\n-\n25,454,210\n-\n-\n25,568,876\n회수\n(69,646)\n(4,311)\n(1,902)\n(25,950,712)\n-\n-\n(26,026,571)\n기타\n(2)\n(7)\n(1,816)\n-\xa0\n1,678\n-\n(147)\n분기말\n401,264\n24,894\n8,722\n2,850,669\n27,939\n17,980\n3,331,469\n2) 상각후원가 측정 수취채권i) 당분기\n(단위: 백만원)\n구분\n12개월 기대신용손실\n전체기간기대신용손실\xa0\n신용이 손상된금융자산\n합계\n기초\n1,005,435\n1,551\n3,836\n1,010,822\n\xa0 12개월 기대신용손실로 대체\xa0\n87\n(78)\n(9)\n-\n\xa0 전체기간 기대신용손실로 대체\n(67)\n118\n(51)\n-\n\xa0 신용이 손상된 금융자산으로 대체\xa0\n(101)\n(22)\n123\n-\n신규\n304,047\n1,000\n-\n305,047\n회수\n(604,282)\n(1,032)\n62\n(605,252)\n기타\n(2,324)\n568\n1,640\n(116)\n분기말\n702,795\n2,105\n5,601\n710,501\nii) 전분기\n(단위: 백만원)\n구분\n12개월 기대신용손실\n전체기간기대신용손실\xa0\n신용이 손상된금융자산\n합계\n기초\n850,184\n2,526\n76\n852,786\n\xa0 12개월 기대신용손실로 대체\xa0\n40\n(41)\n-\n-\n\xa0 전체기간 기대신용손실로 대체\n(105)\n108\n(3)\n-\n\xa0 신용이 손상된 금융자산으로 대체\xa0\n(8,567)\n(3,314)\n11,881\n-\n신규\n386,774\n-\n-\n386,774\n회수\n(423,787)\n-\n(49)\n(423,837)\n기타\n304\n2,093\n(8,534)\n(6,138)\n분기말\n804,843\n1,372\n3,370\n809,586\n(4) 당분기 및 전분기 중 상각후원가 측정 대출채권 및 상각후원가 측정 수취채권에 대한 대손충당금의 변동내역은 다음과 같습니다.1) 상각후원가 측정 대출채권 i) 당분기\n(단위: 백만원)\n구분\n가계대출\n기업대출\n합계\n12개월기대신용손실\n전체기간기대신용손실\xa0\n신용이 손상된금융자산\n12개월기대신용손실\n전체기간기대신용손실\xa0\n신용이 손상된금융자산\n기초\n2,526\n1,558\n6,415\n2,250\n2,961\n-\n15,710\n\xa0 12개월 기대신용손실로 대체\xa0\n482\n(391)\n(91)\n43\n(43)\n-\n-\n\xa0 전체기간 기대신용손실로대체\n(368)\n985\n(617)\n-\n-\n-\n-\n\xa0 신용이 손상된 금융자산으로 대체\xa0\n(48)\n(242)\n290\n-\n-\n-\n-\n전입(환입)\n116\n(343)\n5,595\n(183)\n(1,710)\n-\n3,475\n제각 및 기타\n-\n-\n(3,387)\n-\n-\n-\n(3,387)\n분기말\n2,708\n1,567\n8,205\n2,110\n1,208\n-\n15,797\nii) 전분기\n(단위: 백만원)\n구분\n가계대출\n기업대출\n합계\n12개월기대신용손실\n전체기간기대신용손실\xa0\n신용이 손상된금융자산\n12개월기대신용손실\n전체기간기대신용손실\xa0\n신용이 손상된금융자산\n기초\n2,299\n1,347\n3,265\n5,726\n2,946\n-\n15,583\n\xa0 12개월 기대신용손실로 대체\xa0\n314\n(313)\n(1)\n-\n-\n-\n-\n\xa0 전체기간 기대신용손실로대체\n(690)\n836\n(146)\n(711)\n711\n-\n-\n\xa0 신용이 손상된 금융자산으로 대체\xa0\n(789)\n(1,598)\n2,388\n-\n(1,476)\n1,476\n-\n전입(환입)\n1,329\n1,259\n2,044\n(2,295)\n306\n(1,476)\n1,168\n제각 및 기타\n-\n-\n(1,744)\n-\n-\n-\n(1,744)\n분기말\n2,463\n1,530\n5,806\n2,720\n2,487\n-\n15,007\n2) 상각후원가 측정 수취채권i) 당분기\n(단위 : 백만원)\n구분\n12개월\n기대신용손실\n전체기간기대신용손실\n신용이 손상된금융자산\n합계\n기초\n801\n197\n102\n1,100\n\xa0 12개월 기대신용손실로 대체\xa0\n2\n(2)\n-\n-\n\xa0 전체기간 기대신용손실로 대체\xa0\n(1)\n10\n(9)\n-\n\xa0 신용이 손상된 금융자산으로 대체\n(95)\n(4)\n99\n-\n전입(환입)\n89\n(59)\n28\n58\n제각 및 기타\n-\n-\n(95)\n(95)\n분기말\n796\n142\n125\n1,063\nii) 전분기\n(단위 : 백만원)\n구분\n12개월\n기대신용손실\n전체기간기대신용손실\n신용이 손상된금융자산\n합계\n기초\n17,705\n250\n48\n18,003\n\xa0 12개월 기대신용손실로 대체\xa0\n1\n(1)\n-\n-\n\xa0 전체기간 기대신용손실로 대체\xa0\n(5)\n5\xa0\n(1)\n-\n\xa0 신용이 손상된 금융자산으로 대체\n(8,550)\n(184)\n8,734\n-\n전입(환입)\n589\n118\n(152)\n555\n제각 및 기타\n(3,220)\n-\xa0\n(8,534)\n(11,755)\n분기말\n6,520\n188\n96\n6,803\n(5) 당분기 및 전분기 중 이연대출부대손익의 변동내역은 다음과 같습니다.i) 당분기\n(단위: 백만원)\n구분\n기초\n증가\n상각\n분기말\n기업대출\n(2,618)\n\xa0 (191)\n746\n\xa0 (2,063)\nii) 전분기\n(단위: 백만원)\n구분\n기초\n증가\n상각\n분기말\n기업대출\n(8,090)\n3,189\n1,555\n\xa0 (3,346)\n12. 유형자산당분기와 전분기 중 유형자산의 변동내역은 다음과 같습니다. (1) 당분기\n(단위 : 백만원)\n과목\n기초\n취득\n처분\n감가상각비\n대체(*1)\n분기말\n토지\n6,925\n-\n\xa0(137)\n-\n-\n6,788\n건물\n65,298\n-\n-\n\xa0(1,077)\n-\n64,221\n사용권자산(부동산)\n2,196\n14,708\n\xa0(1,679)\n\xa0(3,768)\n-\n11,457\n사용권자산(차량운반구)\n557\n167\n\xa0(37)\n\xa0(209)\n-\n478\n사용권자산(기타)\n896\n-\n-\n\xa0(642)\n-\n254\n비품\n6,455\n412\n\xa0(10)\n\xa0(3,127)\n3,090\n6,820\n기타의유형자산\n72\n-\n-\n-\n-\n72\n합계\n82,398\n15,287\n\xa0(1,863)\n\xa0(8,823)\n3,090\n90,090\n(*1) 선급비용에서 대체된 금액입니다.\n(2) 전분기\n(단위 : 백만원)\n과목\n기초\n취득\n처분\n감가상각비\n대체(*1)\n분기말\n토지\n6,821\n\xa0-\n\xa0-\n\xa0-\n-\n6,821\n건물\n66,746\n\xa0-\n\xa0-\n\xa0 (1,088)\n-\n65,658\n사용권자산(부동산)\n6,124\n1,546\n\xa0 (1,376)\n\xa0 (3,146)\n-\n3,148\n사용권자산(차량운반구)\n606\n276\n\xa0 (26)\n\xa0 (327)\n-\n529\n사용권자산(기타)\n1,059\n\xa0695\n\xa0 (30)\n\xa0 (614)\n-\n1,110\n비품\n8,414\n888\n\xa0 (58)\n\xa0 (3,193)\n1,199\n7,250\n기타의유형자산\n72\n\xa0-\n\xa0-\n\xa0-\n-\n72\n합계\n89,842\n3,405\n\xa0 (1,490)\n\xa0 (8,368)\n1,199\n84,588\n(*1) 선급비용에서 대체된 금액입니다.\n13. 무형자산\n당분기와 전분기 중 무형자산의 변동내역은 다음과 같습니다.(1) 당분기\n(단위 : 백만원)\n구분\n기초\n취득\n처분\n상각액(*1)\n대체(*2)\n분기말\n소프트웨어\n7,018\n150\n\xa0-\n\xa0 (2,259)\n1,238\n6,147\n기타무형자산\n개발비 등\n30,223\n\xa033\n\xa0-\n\xa0 (8,381)\n650\n22,525\n콘도회원권\n2,016\n\xa0-\n\xa0(22)\n\xa0-\n\xa0-\n1,994\n골프회원권 등\n194\n\xa0-\n\xa0-\n\xa0-\n\xa0-\n194\n합계\n39,451\n183\n\xa0(22)\n\xa0 (10,640)\n1,888\n30,860\n(*1) 무형자산상각비는 기타비용으로 계상되어 있습니다. (주석 28 참조)(*2) 선급비용에서 대체된 금액입니다.\xa0\n(2) 전분기\n(단위 : 백만원)\n구분\n기초\n취득\n처분\n상각액(*1)\n대체(*2)\n분기말\n소프트웨어\n6,705\n264\n\xa0-\n\xa0 (2,047)\n1,088\n6,010\n기타무형자산\n개발비 등\n31,656\n116\n\xa0-\n\xa0 (8,034)\n7,162\n30,900\n콘도회원권\n2,025\n\xa0-\n(9)\n\xa0-\n\xa0-\n2,016\n골프회원권 등\n194\n\xa0-\n\xa0-\n\xa0-\n\xa0-\n194\n합계\n40,580\n380\n\xa0(9)\n\xa0 (10,081)\n8,250\n39,120\n(*1) 무형자산상각비는 기타비용으로 계상되어 있습니다. (주석 28 참조)(*2) 선급비용에서 대체된 금액입니다.\n14. 담보제공자산\xa0\n당분기말 및 전기말 현재 담보로 제공된 자산의 내용은 다음과 같습니다.(1) 당분기말\n(단위 : 백만원)\n구분\n담보제공자산\n담보권의 종류\n장부금액\n담보제공처\n기타포괄손익-공정가치측정 금융자산\n국고02625-4803(18-2)\n파생상품 거래 증거금\n36,123\nNH투자증권\n6,134\n국민은행\n52,036\n신한은행\n21,959\n아이비케이투자증권\n30,975\nIBK기업은행\n8,527\nKDB산업은행\n68,633\n한국스탠다드차타드은행\n40,971\n한국씨티은행\n13,308\n호주뉴질랜드은행\n(2) 전기말\n(단위 : 백만원)\n구분\n담보제공자산\n담보권의 종류\n장부금액\n담보제공처\n기타포괄손익-공정가치측정 금융자산\n국고02625-4803(18-2)\n파생상품 거래 증거금\n\xa06,043\n메리츠증권\n18,451\nNH투자증권\n2,491\n키움증권\n6,550\n아이비케이투자증권\n34,503\n한국씨티은행\n13,100\n한국스탠다드차타드은행\n4,108\n국민은행\n6,352\nIBK기업은행\n4,567\n신한은행\n15. 기타자산 당분기말 및 전기말 현재 기타자산의 구성내역은 다음과 같습니다.\n(단위: 백만원)\n구분\n당분기말\n전기말\n선급비용\n8,104\n4,290\n16. 보험계약과 출재보험계약\n16.1 보험계약부채의 변동내역\n(1) 손익항목과의 연계\n1) 발행한 보험계약 부채(자산)당분기와 전분기 중 보험계약부채(자산)의 기초잔액에서 기말잔액까지의 차이조정 내역을 손익항목과 연계하여 나타내면 다음과 같습니다. 당사는 현재 보험료배분접근법을 적용하여 측정하는 보험계약이 없습니다.\nⅰ) 사망\n(단위: 백만원)\n구분\n보험료배분접근법 외 보험계약\n합계\n잔여보장부채(자산)\n발생사고부채\n손실요소 외\n손실요소\n당분기\n기초\n보험계약자산\n-\n-\n-\n-\n보험계약부채\n5,190,010\n15,413\n104,570\n5,309,993\n기초 잔액\n5,190,010\n15,413\n104,570\n5,309,993\n보험수익\n(309,867)\n-\n-\n(309,867)\n보험서비스비용\n발생한 보험금 및 기타 보험서비스비용\n-\n(476)\n162,300\n161,823\n보험취득현금흐름 상각\n80,658\n-\n-\n80,658\n발생사고요소의 조정\n-\n-\n5,682\n5,682\n손실부담계약 관련 손실(환입)\n-\n8,666\n-\n8,666\n투자요소 및 보험료 환급\n(397,786)\n-\n397,786\n-\n현금흐름\n수취한 보험료\n947,037\n-\n-\n947,037\n보험취득현금흐름 지급\n(187,709)\n-\n-\n(187,709)\n보험금(투자요소 포함) 및 기타 보험서비스비용의 지급\n-\n-\n(554,745)\n(554,745)\n보험금융손익\n당기손익인식 보험금융손익\n240,422\n143\n1,396\n241,961\n기타포괄손익인식 보험금융손익\n555,195\n-\n216\n555,411\n기타증감\n(18,646)\n-\n-\n(18,646)\n기말\n보험계약자산\n-\n-\n-\n-\n보험계약부채\n6,099,314\n23,746\n117,205\n6,240,265\n기말 잔액\n6,099,314\n23,746\n117,205\n6,240,265\n전분기\n기초\n보험계약자산\n-\n-\n-\n-\n보험계약부채\n4,185,470\n10,997\n99,429\n4,295,896\n기초 잔액\n4,185,470\n10,997\n99,429\n4,295,896\n보험수익\n(295,799)\n-\n-\n(295,799)\n보험서비스비용\n발생한 보험금 및 기타 보험서비스비용\n-\n(423)\n153,163\n152,740\n보험취득현금흐름 상각\n70,206\n-\n-\n70,206\n발생사고요소의 조정\n-\n-\n(3,253)\n(3,253)\n손실부담계약 관련 손실(환입)\n-\n2,219\n-\n2,219\n투자요소 및 보험료 환급\n(379,989)\n-\n379,989\n-\n현금흐름\n수취한 보험료\n961,334\n-\n-\n961,334\n보험취득현금흐름 지급\n(162,222)\n-\n-\n(162,222)\n보험금(투자요소 포함) 및 기타 보험서비스비용의 지급\n-\n-\n(527,166)\n(527,166)\n보험금융손익\n당기손익인식 보험금융손익\n207,690\n17\n1,327\n209,034\n기타포괄손익인식 보험금융손익\n(133,449)\n-\n(8)\n(133,456)\n기타증감\n(13,961)\n-\n-\n(13,961)\n기말\n보험계약자산\n-\n-\n-\n-\n보험계약부채\n4,439,280\n12,810\n103,482\n4,555,572\n기말 잔액\n4,439,280\n12,810\n103,482\n4,555,572\n\xa0\nii) 건강\n(단위: 백만원)\n구분\n보험료배분접근법 외 보험계약\n합계\n잔여보장부채(자산)\n발생사고부채\n손실요소 외\n손실요소\n당분기\n기초\n보험계약자산\n-\n-\n-\n-\n보험계약부채\n3,342,612\n11,183\n98,873\n3,452,668\n기초 잔액\n3,342,612\n11,183\n98,873\n3,452,668\n보험수익\n(273,715)\n-\n-\n(273,715)\n보험서비스 비용\n발생한 보험금 및 기타 보험서비스비용\n-\n(390)\n196,147\n195,757\n보험취득현금흐름 상각\n19,009\n-\n-\n19,009\n발생사고요소의 조정\n-\n-\n18,880\n18,880\n손실부담계약 관련 손실(환입)\n-\n(167)\n-\n(167)\n투자요소 및 보험료 환급\n(93,423)\n-\n93,423\n-\n현금흐름\n수취한 보험료\n349,119\n-\n-\n349,119\n보험취득현금흐름 지급\n(100,188)\n-\n-\n(100,188)\n보험금(투자요소 포함) 및 기타 보험서비스비용의 지급\n-\n-\n(298,061)\n(298,061)\n보험금융손익\n당기손익인식 보험금융손익\n73,555\n1\n1,394\n74,949\n기타포괄손익인식 보험금융손익\n315,283\n-\n650\n315,933\n기타증감\n(934)\n-\n-\n(934)\n기말\n보험계약자산\n-\n-\n-\n-\n보험계약부채\n3,631,318\n10,626\n111,306\n3,753,250\n기말 잔액\n3,631,318\n10,626\n111,306\n3,753,250\n전분기\n기초\n보험계약자산\n-\n-\n-\n-\n보험계약부채\n3,084,110\n33,892\n99,624\n3,217,626\n기초 잔액\n3,084,110\n33,892\n99,624\n3,217,626\n보험수익\n(250,417)\n-\n-\n(250,417)\n보험서비스 비용\n발생한 보험금 및 기타 보험서비스비용\n-\n(1,401)\n187,450\n186,050\n보험취득현금흐름 상각\n13,372\n-\n-\n13,372\n발생사고요소의 조정\n-\n-\n12,121\n12,121\n손실부담계약 관련 손실(환입)\n-\n(20,466)\n-\n(20,466)\n투자요소 및 보험료 환급\n(90,924)\n-\n90,924\n-\n현금흐름\n수취한 보험료\n325,641\n-\n-\n325,641\n보험취득현금흐름 지급\n(66,245)\n-\n-\n(66,245)\n보험금(투자요소 포함) 및 기타 보험서비스비용의 지급\n-\n-\n(291,932)\n(291,932)\n보험금융손익\n당기손익인식 보험금융손익\n73,296\n115\n1,105\n74,516\n기타포괄손익인식 보험금융손익\n(54,932)\n-\n58\n(54,873)\n기타증감\n(995)\n-\n-\n(995)\n기말\n보험계약자산\n-\n-\n-\n-\n보험계약부채\n3,032,906\n12,139\n99,351\n3,144,397\n기말 잔액\n3,032,906\n12,139\n99,351\n3,144,397\n\xa0\niii) 연금\n(단위: 백만원)\n구분\n보험료배분접근법 외 보험계약\n합계\n잔여보장부채(자산)\n발생사고부채\n손실요소 외\n손실요소\n당분기\n기초\n보험계약자산\n-\n-\n-\n-\n보험계약부채\n9,884,938\n15,471\n129,274\n10,029,683\n기초 잔액\n9,884,938\n15,471\n129,274\n10,029,683\n보험수익\n(81,331)\n-\n-\n(81,331)\n보험서비스비용\n발생한 보험금 및 기타 보험서비스비용\n-\n(578)\n28,465\n27,888\n보험취득현금흐름 상각\n21,688\n-\n-\n21,688\n발생사고요소의 조정\n-\n-\n1,539\n1,539\n손실부담계약 관련 손실(환입)\n-\n7,880\n-\n7,880\n투자요소 및 보험료 환급\n(1,312,536)\n-\n1,312,536\n-\n현금흐름\n수취한 보험료\n541,959\n-\n-\n541,959\n보험취득현금흐름 지급\n(40,180)\n-\n-\n(40,180)\n보험금(투자요소 포함) 및 기타 보험서비스비용의 지급\n-\n-\n(1,344,946)\n(1,344,946)\n보험금융손익\n당기손익인식 보험금융손익\n478,256\n472\n3,298\n482,025\n기타포괄손익인식 보험금융손익\n246,102\n-\n176\n246,278\n기타증감\n780\n-\n-\n780\n기말\n보험계약자산\n-\n-\n-\n-\n보험계약부채\n9,739,674\n23,244\n130,342\n9,893,261\n기말 잔액\n9,739,674\n23,244\n130,342\n9,893,261\n전분기\n기초\n보험계약자산\n-\n-\n-\n-\n보험계약부채\n9,592,358\n12,702\n129,172\n9,734,232\n기초 잔액\n9,592,358\n12,702\n129,172\n9,734,232\n보험수익\n(81,496)\n-\n-\n(81,496)\n보험서비스 비용\n발생한 보험금 및 기타 보험서비스비용\n-\n(946)\n24,400\n23,454\n보험취득현금흐름 상각\n24,305\n-\n-\n24,305\n발생사고요소의 조정\n-\n-\n235\n235\n손실부담계약 관련 손실(환입)\n-\n6,507\n-\n6,507\n투자요소 및 보험료 환급\n(941,507)\n-\n941,507\n-\n현금흐름\n수취한 보험료\n437,919\n-\n-\n437,919\n보험취득현금흐름 지급\n(31,140)\n-\n-\n(31,140)\n보험금(투자요소 포함) 및 기타 보험서비스비용의 지급\n-\n-\n(965,999)\n(965,999)\n보험금융손익\n당기손익인식 보험금융손익\n505,703\n639\n1,170\n507,511\n기타포괄손익인식 보험금융손익\n(140,016)\n-\n(33)\n(140,049)\n기타증감\n(510)\n-\n-\n(510)\n기말\n보험계약자산\n-\n-\n-\n-\n보험계약부채\n9,365,615\n18,902\n130,451\n9,514,969\n기말 잔액\n9,365,615\n18,902\n130,451\n9,514,969\n\xa0\niv) 저축\n(단위: 백만원)\n구분\n보험료배분접근법 외 보험계약\n합계\n잔여보장부채(자산)\n발생사고부채\n손실요소 외\n손실요소\n당분기\n기초\n보험계약자산\n-\n-\n-\n-\n보험계약부채\n6,916,920\n1,568\n54,080\n6,972,568\n기초 잔액\n6,916,920\n1,568\n54,080\n6,972,568\n보험수익\n(56,091)\n-\n-\n(56,091)\n보험서비스 비용\n발생한 보험금 및 기타 보험서비스비용\n-\n218\n17,503\n17,721\n보험취득현금흐름 상각\n9,998\n-\n-\n9,998\n발생사고요소의 조정\n-\n-\n(165)\n(165)\n손실부담계약 관련 손실(환입)\n-\n2,015\n-\n2,015\n투자요소 및 보험료 환급\n(1,723,309)\n-\n1,723,309\n-\n현금흐름\n수취한 보험료\n599,184\n-\n-\n599,184\n보험취득현금흐름 지급\n(6,048)\n-\n-\n(6,048)\n보험금(투자요소 포함) 및 기타 보험서비스비용의 지급\n-\n-\n(1,748,424)\n(1,748,424)\n보험금융손익\n당기손익인식 보험금융손익\n635,039\n62\n178\n635,279\n기타포괄손익인식 보험금융손익\n7,178\n-\n(21)\n7,158\n기타증감\n5,005\n-\n-\n5,005\n기말\n보험계약자산\n-\n-\n-\n-\n보험계약부채\n6,387,877\n3,864\n46,459\n6,438,200\n기말 잔액\n6,387,877\n3,864\n46,459\n6,438,200\n전분기\n기초\n보험계약자산\n-\n-\n-\n-\n보험계약부채\n6,885,174\n6,031\n69,523\n6,960,728\n기초 잔액\n6,885,174\n6,031\n69,523\n6,960,728\n보험수익\n(49,059)\n-\n-\n(49,059)\n보험서비스 비용\n발생한 보험금 및 기타 보험서비스비용\n-\n(764)\n18,114\n17,350\n보험취득현금흐름 상각\n11,725\n-\n-\n11,725\n발생사고요소의 조정\n-\n-\n150\n150\n손실부담계약 관련 손실(환입)\n-\n18,632\n-\n18,632\n투자요소 및 보험료 환급\n(1,191,617)\n-\n1,191,617\n-\n현금흐름\n수취한 보험료\n432,733\n-\n-\n432,733\n보험취득현금흐름 지급\n(8,360)\n-\n-\n(8,360)\n보험금(투자요소 포함) 및 기타 보험서비스비용의 지급\n-\n-\n(1,224,922)\n(1,224,922)\n보험금융손익\n당기손익인식 보험금융손익\n659,547\n487\n175\n660,209\n기타포괄손익인식 보험금융손익\n(8,388)\n-\n2\n(8,386)\n기타증감\n2,601\n-\n-\n2,601\n기말\n보험계약자산\n-\n-\n-\n-\n보험계약부채\n6,734,355\n24,385\n54,659\n6,813,400\n기말 잔액\n6,734,355\n24,385\n54,659\n6,813,400\n\xa0\nv) 기타\n(단위: 백만원)\n구분\n보험료배분접근법 외 보험계약\n합계\n잔여보장부채(자산)\n발생사고부채\n손실요소 외\n손실요소\n당분기\n기초\n보험계약자산\n-\n-\n-\n-\n보험계약부채\n17,799\n-\n244\n18,043\n기초 잔액\n17,799\n-\n244\n18,043\n보험수익\n(55)\n-\n-\n(55)\n보험서비스 비용\n발생한 보험금 및 기타 보험서비스비용\n-\n-\n-\n-\n보험취득현금흐름 상각\n-\n-\n-\n-\n발생사고요소의 조정\n-\n-\n-\n-\n손실부담계약 관련 손실(환입)\n-\n-\n-\n-\n투자요소 및 보험료 환급\n(1,259)\n-\n1,259\n-\n현금흐름\n수취한 보험료\n-\n-\n-\n-\n보험취득현금흐름 지급\n-\n-\n-\n-\n보험금(투자요소 포함) 및 기타 보험서비스비용의 지급\n-\n-\n(1,259)\n(1,259)\n보험금융손익\n당기손익인식 보험금융손익\n460\n-\n-\n460\n기타포괄손익인식 보험금융손익\n147\n-\n-\n147\n기타증감\n-\n-\n-\n-\n기말\n보험계약자산\n-\n-\n-\n-\n보험계약부채\n17,093\n-\n244\n17,337\n기말 잔액\n17,093\n-\n244\n17,337\n전분기\n기초\n보험계약자산\n-\n-\n-\n-\n보험계약부채\n18,137\n1\n-\n18,138\n기초 잔액\n18,137\n1\n-\n18,138\n보험수익\n(41)\n-\n-\n(41)\n보험서비스 비용\n발생한 보험금 및 기타 보험서비스비용\n-\n-\n-\n-\n보험취득현금흐름 상각\n-\n-\n-\n-\n발생사고요소의 조정\n-\n-\n-\n-\n손실부담계약 관련 손실(환입)\n-\n(1)\n-\n(1)\n투자요소 및 보험료 환급\n(1,135)\n-\n1,135\n-\n현금흐름\n수취한 보험료\n-\n-\n-\n-\n보험취득현금흐름 지급\n-\n-\n-\n-\n보험금(투자요소 포함) 및 기타 보험서비스비용의 지급\n-\n-\n(1,135)\n(1,135)\n보험금융손익\n당기손익인식 보험금융손익\n927\n-\n-\n927\n기타포괄손익인식 보험금융손익\n(240)\n-\n-\n(240)\n기타증감\n-\n-\n-\n-\n기말\n보험계약자산\n-\n-\n-\n-\n보험계약부채\n17,648\n-\n-\n17,648\n기말 잔액\n17,648\n-\n-\n17,648\n\xa0\n2) 보유한 재보험계약 자산(부채)\n당분기와 전분기 중 재보험계약부채(자산)의 기초잔액에서 기말잔액까지의 차이조정 내역을 손익항목과 연계하여 나타내면 다음과 같습니다. 당사는 현재 보험료배분접근법을 적용하여 측정하는 재보험계약이 없습니다.\ni) 사망\n(단위: 백만원)\n구분\n보험료배분접근법 외 재보험계약\n합계\n잔여보장자산(부채)\n발생사고자산(부채)\n손실회수요소 외\n손실회수요소\n당분기\n기초\n재보험계약자산\n-\n-\n-\n-\n재보험계약부채\n(12,830)\n580\n11,402\n(848)\n기초 잔액\n(12,830)\n580\n11,402\n(848)\n재보험서비스비용\n(2,184)\n-\n-\n(2,184)\n재보험수익\n발생한 재보험금 및 기타 재보험수익\n-\n(32)\n2,570\n2,538\n보험취득현금흐름 상각\n-\n-\n-\n-\n발생사고요소의 조정\n-\n-\n(1,418)\n(1,418)\n손실부담계약 관련 손실(환입)\n-\n460\n-\n460\n투자요소\n(6,962)\n-\n6,962\n-\n현금흐름\n지급한 보험료\n10,823\n-\n-\n10,823\n보험취득현금흐름 지급\n-\n-\n-\n-\n재보험금(투자요소 포함) 및 기타 재보험수익의 수취\n-\n-\n(12,140)\n(12,140)\n재보험금융손익\n당기손익인식 재보험금융손익\n(145)\n8\n57\n(80)\n기타포괄손익인식 재보험금융손익\n(716)\n-\n21\n(696)\n재보험계약 발행자의 불이행위험의 변동 효과\n-\n-\n1\n1\n기타증감\n-\n-\n-\n-\n기말\n재보험계약자산\n-\n-\n-\n-\n재보험계약부채\n(12,013)\n1,015\n7,454\n(3,543)\n기말 잔액\n(12,013)\n1,015\n7,454\n(3,543)\n전분기\n기초\n재보험계약자산\n-\n-\n-\n-\n재보험계약부채\n(13,165)\n751\n10,424\n(1,990)\n기초 잔액\n(13,165)\n751\n10,424\n(1,990)\n재보험서비스비용\n(2,175)\n-\n-\n(2,175)\n재보험수익\n발생한 재보험금 및 기타 재보험수익\n-\n(59)\n1,447\n1,389\n보험취득현금흐름 상각\n-\n-\n-\n-\n발생사고요소의 조정\n-\n-\n(624)\n(624)\n손실부담계약 관련 손실(환입)\n-\n1,985\n-\n1,985\n투자요소\n(8,977)\n-\n8,977\n-\n현금흐름\n지급한 보험료\n11,962\n-\n-\n11,962\n보험취득현금흐름 지급\n-\n-\n-\n-\n재보험금(투자요소 포함) 및 기타 재보험수익의 수취\n-\n-\n(11,314)\n(11,314)\n재보험금융손익\n당기손익인식 재보험금융손익\n(209)\n27\n49\n(133)\n기타포괄손익인식 재보험금융손익\n440\n-\n15\n455\n재보험계약 발행자의 불이행위험의 변동 효과\n-\n-\n(1)\n(1)\n기타증감\n-\n-\n-\n-\n기말\n재보험계약자산\n-\n-\n-\n-\n재보험계약부채\n(12,124)\n2,704\n8,973\n(446)\n기말 잔액\n(12,124)\n2,704\n8,973\n(446)\n\xa0\nii) 사망 외\n(단위: 백만원)\n구분\n보험료배분접근법 외 재보험계약\n합계\n잔여보장자산(부채)\n발생사고자산(부채)\n손실회수요소 외\n손실회수요소\n당분기\n기초\n재보험계약자산\n(18,912)\n1,501\n41,652\n24,241\n재보험계약부채\n-\n-\n-\n-\n기초 잔액\n(18,912)\n1,501\n41,652\n24,241\n재보험서비스비용\n(14,096)\n-\n-\n(14,096)\n재보험수익\n발생한 재보험금 및 기타 재보험수익\n-\n(54)\n15,773\n15,719\n보험취득현금흐름 상각\n-\n-\n-\n-\n발생사고요소의 조정\n-\n-\n2,019\n2,019\n손실부담계약 관련 손실(환입)\n-\n67\n-\n67\n투자요소\n(41,222)\n-\n41,222\n-\n현금흐름\n지급한 보험료\n58,143\n-\n-\n58,143\n보험취득현금흐름 지급\n-\n-\n-\n-\n재보험금(투자요소 포함) 및 기타 재보험수익의 수취\n-\n-\n(58,973)\n(58,973)\n재보험금융손익\n당기손익인식 재보험금융손익\n186\n7\n396\n589\n기타포괄손익인식 재보험금융손익\n1,055\n-\n119\n1,173\n재보험계약 발행자의 불이행위험의 변동 효과\n-\n-\n-\n-\n기타증감\n-\n-\n-\n-\n기말\n재보험계약자산\n(14,846)\n1,522\n42,209\n28,884\n재보험계약부채\n-\n-\n-\n-\n기말 잔액\n(14,846)\n1,522\n42,209\n28,884\n전분기\n기초\n재보험계약자산\n(26,643)\n3,712\n44,003\n21,073\n재보험계약부채\n-\n-\n-\n-\n기초 잔액\n(26,643)\n3,712\n44,003\n21,073\n재보험서비스비용\n(14,558)\n-\n-\n(14,558)\n재보험수익\n발생한 재보험금 및 기타 재보험수익\n-\n(157)\n16,704\n16,547\n보험취득현금흐름 상각\n-\n-\n-\n-\n발생사고요소의 조정\n-\n-\n(1,991)\n(1,991)\n손실부담계약 관련 손실(환입)\n-\n(2,123)\n-\n(2,123)\n투자요소\n(42,244)\n-\n42,244\n-\n현금흐름\n지급한 보험료\n59,968\n-\n-\n59,968\n보험취득현금흐름 지급\n-\n-\n-\n-\n재보험금(투자요소 포함) 및 기타 재보험수익의 수취\n-\n-\n(59,497)\n(59,497)\n재보험금융손익\n당기손익인식 재보험금융손익\n155\n16\n341\n512\n기타포괄손익인식 재보험금융손익\n3,295\n-\n16\n3,310\n재보험계약 발행자의 불이행위험의 변동 효과\n-\n-\n(9)\n(9)\n기타증감\n-\n-\n-\n-\n기말\n재보험계약자산\n(20,027)\n1,448\n41,811\n23,232\n재보험계약부채\n-\n-\n-\n-\n기말 잔액\n(20,027)\n1,448\n41,811\n23,232\n(2) 미래/당기/과거 서비스별 구분\n\xa0\n1) 발행한 보험계약 부채(자산) 당분기와 전분기 중 보험료배분접근법을 적용하지 않은 보험계약부채(자산)의 측정요소별 변동내역은 다음과 같습니다. 보험계약마진의 변동내역은 전환시점 보험부채 평가방법에 따라 구분하였습니다. \ni) 사망\n(단위: 백만원)\n구분\n보험료배분접근법 외 보험계약\n합계\n미래현금흐름의현재가치 추정치\n비금융위험에 대한 위험조정\n보험계약마진\n전환 시점에 존재했던 보험계약 중 수정소급법을 적용한 보험계약\n전환 시점에 존재했던 보험계약 중 공정가치법을 적용한 보험계약\n그 밖의 모든보험계약\n소계\n당분기\n기초\n보험계약자산\n-\n-\n-\n-\n-\n-\n-\n보험계약부채\n4,160,201\n180,659\n466,938\n312,093\n190,102\n969,134\n5,309,994\n기초 잔액\n4,160,201\n180,659\n466,938\n312,093\n190,102\n969,134\n5,309,994\n미래서비스와관련된 변동분\n보험계약마진을 조정하는 변동\n102,961\n(4,753)\n(20,428)\n(68,807)\n(8,972)\n(98,208)\n-\n보험계약마진을 조정하지 않는 변동\n8,700\n(402)\n-\n-\n-\n-\n8,298\n처음 인식한 계약의 효과\n(99,444)\n11,510\n-\n-\n88,302\n88,302\n368\n현행서비스와 관련된 변동분\n보험계약마진의 당기인식분\n-\n-\n(23,394)\n(15,989)\n(18,360)\n(57,743)\n(57,743)\n위험조정 변동분\n-\n(11,663)\n-\n-\n-\n-\n(11,663)\n경험조정\n2,021\n-\n-\n-\n-\n-\n2,021\n과거서비스와 관련된 변동분\n발생사고요소와 관련된 이행현금흐름의변동분\n8,681\n(2,999)\n-\n-\n-\n-\n5,682\n현금흐름\n수취한 보험료\n947,037\n-\n-\n-\n-\n-\n947,037\n보험취득현금흐름 지급\n(187,709)\n-\n-\n-\n-\n-\n(187,709)\n보험금(투자요소 포함) 및 기타 보험서비스비용의 지급\n(554,745)\n-\n-\n-\n-\n-\n(554,745)\n보험금융손익\n당기손익인식 보험금융손익\n219,665\n5,192\n5,578\n4,899\n6,627\n17,105\n241,962\n기타포괄손익인식 보험금융손익\n561,899\n(6,488)\n-\n-\n-\n-\n555,411\n기타증감\n(18,646)\n-\n-\n-\n-\n-\n(18,646)\n기말\n보험계약자산\n-\n-\n-\n-\n-\n-\n-\n보험계약부채\n5,150,619\n171,056\n428,694\n232,195\n257,699\n918,589\n6,240,264\n기말 잔액\n5,150,619\n171,056\n428,694\n232,195\n257,699\n918,589\n6,240,264\n전분기\n기초\n보험계약자산\n-\n-\n-\n-\n-\n-\n-\n보험계약부채\n3,100,558\n195,281\n558,931\n331,219\n109,906\n1,000,057\n4,295,896\n기초 잔액\n3,100,558\n195,281\n558,931\n331,219\n109,906\n1,000,057\n4,295,896\n미래서비스와 관련된 변동분\n보험계약마진을 조정하는 변동\n60,910\n(8,130)\n(56,891)\n28,768\n(24,658)\n(52,780)\n-\n보험계약마진을 조정하지 않는 변동\n2,347\n(131)\n-\n-\n-\n-\n2,216\n처음 인식한 계약의 효과\n(118,421)\n11,019\n-\n-\n107,405\n107,405\n3\n현행서비스와 관련된 변동분\n보험계약마진의 당기인식분\n-\n-\n(32,499)\n(20,232)\n(13,475)\n(66,206)\n(66,206)\n위험조정 변동분\n-\n(12,600)\n-\n-\n-\n-\n(12,600)\n경험조정\n5,954\n-\n-\n-\n-\n-\n5,954\n과거서비스와 관련된 변동분\n발생사고요소와 관련된 이행현금흐름의변동분\n(874)\n(2,380)\n-\n-\n-\n-\n(3,254)\n현금흐름\n수취한 보험료\n961,334\n-\n-\n-\n-\n-\n961,334\n보험취득현금흐름 지급\n(162,222)\n-\n-\n-\n-\n-\n(162,222)\n보험금(투자요소 포함) 및 기타 보험서비스비용의 지급\n(527,166)\n-\n-\n-\n-\n-\n(527,166)\n보험금융손익\n당기손익인식 보험금융손익\n187,085\n6,511\n6,496\n5,186\n3,756\n15,439\n209,035\n기타포괄손익인식 보험금융손익\n(135,218)\n1,762\n-\n-\n-\n-\n(133,456)\n기타증감\n(13,961)\n-\n-\n-\n-\n-\n(13,961)\n기말\n보험계약자산\n-\n-\n-\n-\n-\n-\n-\n보험계약부채\n3,360,325\n191,333\n476,037\n344,942\n182,934\n1,003,914\n4,555,572\n기말 잔액\n3,360,325\n191,333\n476,037\n344,942\n182,934\n1,003,914\n4,555,572\n\xa0\nii) 건강\n(단위: 백만원)\n구분\n보험료배분접근법 외 보험계약\n합계\n미래현금흐름의현재가치 추정치\n비금융위험에 대한 위험조정\n보험계약마진\n전환 시점에 존재했던 보험계약 중 수정소급법을 적용한 보험계약\n전환 시점에 존재했던 보험계약 중 공정가치법을 적용한 보험계약\n그 밖의 모든보험계약\n소계\n당분기\n기초\n보험계약자산\n-\n-\n-\n-\n-\n-\n-\n보험계약부채\n2,758,097\n116,413\n142,528\n242,213\n193,416\n578,158\n3,452,668\n기초 잔액\n2,758,097\n116,413\n142,528\n242,213\n193,416\n578,158\n3,452,668\n미래서비스와 관련된 변동분\n보험계약마진을 조정하는 변동\n(8,745)\n(2,298)\n(3,036)\n7,001\n7,078\n11,043\n-\n보험계약마진을 조정하지 않는 변동\n(2,684)\n(705)\n-\n-\n-\n-\n(3,389)\n처음 인식한 계약의 효과\n(166,684)\n20,600\n-\n-\n149,307\n149,307\n3,223\n현행서비스와 관련된 변동분\n보험계약마진의 당기인식분\n-\n-\n(8,494)\n(15,277)\n(18,178)\n(41,949)\n(41,949)\n위험조정 변동분\n-\n(7,100)\n-\n-\n-\n-\n(7,100)\n경험조정\n(9,900)\n-\n-\n-\n-\n-\n(9,900)\n과거서비스와 관련된 변동분\n발생사고요소와 관련된 이행현금흐름의 변동분\n21,648\n(2,768)\n-\n-\n-\n-\n18,880\n현금흐름\n수취한 보험료\n349,119\n-\n-\n-\n-\n-\n349,119\n보험취득현금흐름 지급\n(100,188)\n-\n-\n-\n-\n-\n(100,188)\n보험금(투자요소 포함) 및 기타 보험서비스비용의 지급\n(298,061)\n-\n-\n-\n-\n-\n(298,061)\n보험금융손익\n당기손익인식 보험금융손익\n55,897\n2,844\n2,548\n4,815\n8,845\n16,208\n74,949\n기타포괄손익인식 보험금융손익\n310,998\n4,935\n-\n-\n-\n-\n315,933\n기타증감\n(934)\n-\n-\n-\n-\n-\n(934)\n기말\n보험계약자산\n-\n-\n-\n-\n-\n-\n-\n보험계약부채\n2,908,563\n131,921\n133,547\n238,752\n340,468\n712,766\n3,753,250\n기말 잔액\n2,908,563\n131,921\n133,547\n238,752\n340,468\n712,766\n3,753,250\n전분기\n기초\n보험계약자산\n-\n-\n-\n-\n-\n-\n-\n보험계약부채\n2,508,728\n113,412\n147,019\n366,365\n82,103\n595,486\n3,217,626\n기초 잔액\n2,508,728\n113,412\n147,019\n366,365\n82,103\n595,486\n3,217,626\n미래서비스와 관련된 변동분\n보험계약마진을 조정하는 변동\n78,894\n(4,661)\n(3,729)\n(65,254)\n(5,250)\n(74,233)\n-\n보험계약마진을 조정하지 않는 변동\n(21,870)\n(982)\n-\n-\n-\n-\n(22,852)\n처음 인식한 계약의 효과\n(105,252)\n12,034\n-\n-\n95,603\n95,603\n2,385\n현행서비스와 관련된 변동분\n보험계약마진의 당기인식분\n-\n-\n(8,923)\n(22,425)\n(9,018)\n(40,365)\n(40,365)\n위험조정 변동분\n-\n(6,644)\n-\n-\n-\n-\n(6,644)\n경험조정\n(3,987)\n-\n-\n-\n-\n-\n(3,987)\n과거서비스와 관련된 변동분\n발생사고요소와 관련된 이행현금흐름의 변동분\n14,054\n(1,932)\n-\n-\n-\n-\n12,122\n현금흐름\n수취한 보험료\n325,641\n-\n-\n-\n-\n-\n325,641\n보험취득현금흐름 지급\n(66,245)\n-\n-\n-\n-\n-\n(66,245)\n보험금(투자요소 포함) 및 기타 보험서비스비용의 지급\n(291,932)\n-\n-\n-\n-\n-\n(291,932)\n보험금융손익\n당기손익인식 보험금융손익\n58,375\n2,553\n2,313\n7,354\n3,922\n13,588\n74,516\n기타포괄손익인식 보험금융손익\n(57,414)\n2,541\n-\n-\n-\n-\n(54,873)\n기타증감\n(995)\n-\n-\n-\n-\n-\n(995)\n기말\n보험계약자산\n-\n-\n-\n-\n-\n-\n-\n보험계약부채\n2,437,997\n116,320\n136,680\n286,039\n167,361\n590,080\n3,144,397\n기말 잔액\n2,437,997\n116,320\n136,680\n286,039\n167,361\n590,080\n3,144,397\niii) 연금\n(단위: 백만원)\n구분\n보험료배분접근법 외 보험계약\n합계\n미래현금흐름의 현재가치 추정치\n비금융위험에 대한 위험조정\n보험계약마진\n전환 시점에 존재했던 보험계약 중 수정소급법을 적용한 보험계약\n전환 시점에 존재했던 보험계약 중 공정가치법을 적용한 보험계약\n그 밖의 모든보험계약\n소계\n당분기\n기초\n보험계약자산\n-\n-\n-\n-\n-\n-\n-\n보험계약부채\n9,695,661\n37,018\n56,545\n225,044\n15,415\n297,004\n10,029,683\n기초 잔액\n9,695,661\n37,018\n56,545\n225,044\n15,415\n297,004\n10,029,683\n미래서비스와 관련된 변동분\n보험계약마진을 조정하는 변동\n45,488\n(2,249)\n(20,316)\n(8,980)\n(13,943)\n(43,239)\n-\n보험계약마진을 조정하지 않는 변동\n8,144\n(383)\n-\n-\n-\n-\n7,761\n처음 인식한 계약의 효과\n(23,929)\n2,148\n-\n-\n21,900\n21,900\n119\n현행서비스와 관련된 변동분\n보험계약마진의 당기인식분\n-\n-\n(4,040)\n(22,203)\n(1,280)\n(27,522)\n(27,522)\n위험조정 변동분\n-\n(4,176)\n-\n-\n-\n-\n(4,176)\n경험조정\n(58)\n-\n-\n-\n-\n-\n(58)\n과거서비스와 관련된 변동분\n발생사고요소와 관련된 이행현금흐름의 변동분\n1,634\n(95)\n-\n-\n-\n-\n1,539\n현금흐름\n수취한 보험료\n541,959\n-\n-\n-\n-\n-\n541,959\n보험취득현금흐름 지급\n(40,180)\n-\n-\n-\n-\n-\n(40,180)\n보험금(투자요소 포함) 및 기타 보험서비스비용의 지급\n(1,344,946)\n-\n-\n-\n-\n-\n(1,344,946)\n보험금융손익\n당기손익인식 보험금융손익\n477,106\n1,038\n30\n3,850\n1\n3,880\n482,024\n기타포괄손익인식 보험금융손익\n245,290\n989\n-\n-\n-\n-\n246,279\n기타증감\n780\n-\n-\n-\n-\n-\n780\n기말\n보험계약자산\n-\n-\n-\n-\n-\n-\n-\n보험계약부채\n9,606,948\n34,290\n32,218\n197,712\n22,093\n252,023\n9,893,261\n기말 잔액\n9,606,948\n34,290\n32,218\n197,712\n22,093\n252,023\n9,893,261\n전분기\n기초\n보험계약자산\n-\n-\n-\n-\n-\n-\n-\n보험계약부채\n9,398,066\n41,932\n40,977\n246,336\n6,921\n294,234\n9,734,232\n기초 잔액\n9,398,066\n41,932\n40,977\n246,336\n6,921\n294,234\n9,734,232\n미래서비스와 관련된 변동분\n보험계약마진을 조정하는 변동\n3,862\n1,161\n1,543\n(1,398)\n(5,168)\n(5,023)\n-\n보험계약마진을 조정하지 않는 변동\n5,917\n293\n-\n-\n-\n-\n6,210\n처음 인식한 계약의 효과\n(5,590)\n633\n-\n-\n5,254\n5,254\n297\n현행서비스와 관련된 변동분\n보험계약마진의 당기인식분\n-\n-\n(4,569)\n(22,794)\n(565)\n(27,928)\n(27,928)\n위험조정 변동분\n-\n(4,998)\n-\n-\n-\n-\n(4,998)\n경험조정\n(811)\n-\n-\n-\n-\n-\n(811)\n과거서비스와 관련된 변동분\n발생사고요소와 관련된 이행현금흐름의 변동분\n315\n(80)\n-\n-\n-\n-\n235\n현금흐름\n수취한 보험료\n437,919\n-\n-\n-\n-\n-\n437,919\n보험취득현금흐름 지급\n(31,140)\n-\n-\n-\n-\n-\n(31,140)\n보험금(투자요소 포함) 및 기타 보험서비스비용의 지급\n(965,999)\n-\n-\n-\n-\n-\n(965,999)\n보험금융손익\n당기손익인식 보험금융손익\n501,988\n994\n29\n4,500\n1\n4,529\n507,511\n기타포괄손익인식 보험금융손익\n(142,420)\n2,371\n-\n-\n-\n-\n(140,049)\n기타증감\n(510)\n-\n-\n-\n-\n-\n(510)\n기말\n보험계약자산\n-\n-\n-\n-\n-\n-\n-\n보험계약부채\n9,201,597\n42,307\n37,979\n226,643\n6,443\n271,066\n9,514,970\n기말 잔액\n9,201,597\n42,307\n37,979\n226,643\n6,443\n271,066\n9,514,970\niv) 저축\n(단위: 백만원)\n구분\n보험료배분접근법 외 보험계약\n합계\n미래현금흐름의 현재가치 추정치\n비금융위험에 대한 위험조정\n보험계약마진\n전환 시점에 존재했던 보험계약 중 수정소급법을 적용한 보험계약\n전환 시점에 존재했던 보험계약 중 공정가치법을 적용한 보험계약\n그 밖의 모든보험계약\n소계\n당분기\n기초\n보험계약자산\n-\n-\n-\n-\n-\n-\n-\n보험계약부채\n6,749,913\n46,409\n81,195\n86,940\n8,111\n176,246\n6,972,568\n기초 잔액\n6,749,913\n46,409\n81,195\n86,940\n8,111\n176,246\n6,972,568\n미래서비스와 관련된 변동분\n보험계약마진을 조정하는 변동\n(9,910)\n(503)\n(27,131)\n41,096\n(3,553)\n10,413\n-\n보험계약마진을 조정하지 않는 변동\n1,729\n89\n-\n-\n-\n-\n1,818\n처음 인식한 계약의 효과\n(16,064)\n1,514\n-\n-\n14,748\n14,748\n198\n현행서비스와 관련된 변동분\n보험계약마진의 당기인식분\n-\n-\n(9,253)\n(10,542)\n(1,566)\n(21,361)\n(21,361)\n위험조정 변동분\n-\n(4,090)\n-\n-\n-\n-\n(4,090)\n경험조정\n(2,921)\n-\n-\n-\n-\n-\n(2,921)\n과거서비스와 관련된 변동분\n발생사고요소와 관련된 이행현금흐름의 변동분\n140\n(305)\n-\n-\n-\n-\n(165)\n현금흐름\n수취한 보험료\n599,184\n-\n-\n-\n-\n-\n599,184\n보험취득현금흐름 지급\n(6,048)\n-\n-\n-\n-\n-\n(6,048)\n보험금(투자요소 포함) 및 기타 보험서비스비용의 지급\n(1,748,424)\n-\n-\n-\n-\n-\n(1,748,424)\n보험금융손익\n당기손익인식 보험금융손익\n634,928\n109\n-\n241\n-\n241\n635,278\n기타포괄손익인식 보험금융손익\n7,342\n(184)\n-\n-\n-\n-\n7,158\n기타증감\n5,005\n-\n-\n-\n-\n-\n5,005\n기말\n보험계약자산\n-\n-\n-\n-\n-\n-\n-\n보험계약부채\n6,214,875\n43,039\n44,811\n117,736\n17,739\n180,287\n6,438,201\n기말 잔액\n6,214,875\n43,039\n44,811\n117,736\n17,739\n180,287\n6,438,201\n전분기\n기초\n보험계약자산\n-\n-\n-\n-\n-\n-\n-\n보험계약부채\n6,824,327\n46,912\n61,006\n22,294\n6,189\n89,488\n6,960,727\n기초 잔액\n6,824,327\n46,912\n61,006\n22,294\n6,189\n89,488\n6,960,727\n미래서비스와 관련된 변동분\n보험계약마진을 조정하는 변동\n(325)\n1,341\n6,598\n(4,731)\n(2,883)\n(1,016)\n-\n보험계약마진을 조정하지 않는 변동\n17,682\n880\n-\n-\n-\n-\n18,562\n처음 인식한 계약의 효과\n(3,690)\n378\n-\n-\n3,382\n3,382\n70\n현행서비스와 관련된 변동분\n보험계약마진의 당기인식분\n-\n-\n(9,937)\n(2,924)\n(965)\n(13,826)\n(13,826)\n위험조정 변동분\n-\n(4,526)\n-\n-\n-\n-\n(4,526)\n경험조정\n(1,632)\n-\n-\n-\n-\n-\n(1,632)\n과거서비스와 관련된 변동분\n발생사고요소와 관련된 이행현금흐름의 변동분\n354\n(204)\n-\n-\n-\n-\n150\n현금흐름\n수취한 보험료\n432,733\n-\n-\n-\n-\n-\n432,733\n보험취득현금흐름 지급\n(8,360)\n-\n-\n-\n-\n-\n(8,360)\n보험금(투자요소 포함) 및 기타 보험서비스비용의 지급\n(1,224,922)\n-\n-\n-\n-\n-\n(1,224,922)\n보험금융손익\n당기손익인식 보험금융손익\n659,788\n133\n-\n287\n-\n287\n660,208\n기타포괄손익인식 보험금융손익\n(8,607)\n221\n-\n-\n-\n-\n(8,386)\n기타증감\n2,601\n-\n-\n-\n-\n-\n2,601\n기말\n보험계약자산\n-\n-\n-\n-\n-\n-\n-\n보험계약부채\n6,689,949\n45,136\n57,667\n14,926\n5,722\n78,315\n6,813,400\n기말 잔액\n6,689,949\n45,136\n57,667\n14,926\n5,722\n78,315\n6,813,400\nv) 기타\n(단위: 백만원)\n구분\n보험료배분접근법 외 보험계약\n합계\n미래현금흐름의현재가치 추정치\n비금융위험에 대한 위험조정\n보험계약마진\n전환 시점에 존재했던 보험계약 중수정소급법을 적용한 보험계약\n전환 시점에 존재했던 보험계약 중 공정가치법을 적용한 보험계약\n그 밖의 모든보험계약\n소계\n당분기\n기초\n보험계약자산\n-\n-\n-\n-\n-\n-\n-\n보험계약부채\n17,133\n-\n-\n910\n-\n910\n18,043\n기초 잔액\n17,133\n-\n-\n910\n-\n910\n18,043\n미래서비스와 관련된 변동분\n보험계약마진을 조정하는 변동\n(24)\n1\n-\n23\n-\n23\n-\n보험계약마진을 조정하지 않는 변동\n-\n-\n-\n-\n-\n-\n-\n처음 인식한 계약의 효과\n-\n-\n-\n-\n-\n-\n-\n현행서비스와 관련된 변동분\n보험계약마진의 당기인식분\n-\n-\n-\n(55)\n-\n(55)\n(55)\n위험조정 변동분\n-\n-\n-\n-\n-\n-\n-\n경험조정\n-\n-\n-\n-\n-\n-\n-\n과거서비스와 관련된 변동분\n발생사고요소와 관련된 이행현금흐름의 변동분\n-\n-\n-\n-\n-\n-\n-\n현금흐름\n수취한 보험료\n-\n-\n-\n-\n-\n-\n-\n보험취득현금흐름 지급\n-\n-\n-\n-\n-\n-\n-\n보험금(투자요소 포함) 및 기타 보험서비스비용의 지급\n(1,259)\n-\n-\n-\n-\n-\n(1,259)\n보험금융손익\n당기손익인식 보험금융손익\n451\n(9)\n-\n17\n-\n17\n459\n기타포괄손익인식 보험금융손익\n139\n9\n-\n-\n-\n-\n148\n기타증감\n-\n-\n-\n-\n-\n-\n-\n기말\n보험계약자산\n-\n-\n-\n-\n-\n-\n-\n보험계약부채\n16,441\n-\n-\n896\n-\n896\n17,337\n기말 잔액\n16,441\n-\n-\n896\n-\n896\n17,337\n전분기\n기초\n보험계약자산\n-\n-\n-\n-\n-\n-\n-\n보험계약부채\n17,905\n4\n-\n230\n-\n230\n18,139\n기초 잔액\n17,905\n4\n-\n230\n-\n230\n18,139\n미래서비스와 관련된 변동분\n보험계약마진을 조정하는 변동\n(140)\n(274)\n-\n414\n-\n414\n-\n보험계약마진을 조정하지 않는 변동\n-\n(2)\n-\n-\n-\n-\n(2)\n처음 인식한 계약의 효과\n-\n-\n-\n-\n-\n-\n-\n현행서비스와 관련된 변동분\n보험계약마진의 당기인식분\n-\n-\n-\n(40)\n-\n(40)\n(40)\n위험조정 변동분\n-\n-\n-\n-\n-\n-\n-\n경험조정\n-\n-\n-\n-\n-\n-\n-\n과거서비스와 관련된 변동분\n발생사고요소와 관련된 이행현금흐름의 변동분\n-\n-\n-\n-\n-\n-\n-\n현금흐름\n수취한 보험료\n-\n-\n-\n-\n-\n-\n-\n보험취득현금흐름 지급\n-\n-\n-\n-\n-\n-\n-\n보험금(투자요소 포함) 및 기타 보험서비스비용의 지급\n(1,135)\n-\n-\n-\n-\n-\n(1,135)\n보험금융손익\n당기손익인식 보험금융손익\n748\n172\n-\n7\n-\n7\n927\n기타포괄손익인식 보험금융손익\n(344)\n104\n-\n-\n-\n-\n(240)\n기타증감\n-\n-\n-\n-\n-\n-\n-\n기말\n보험계약자산\n-\n-\n-\n-\n-\n-\n-\n보험계약부채\n17,033\n4\n-\n610\n-\n610\n17,647\n기말 잔액\n17,033\n4\n-\n610\n-\n610\n17,647\n2) 보유하고 있는 재보험계약 자산(부채)\n당분기와 전분기 중 보험료배분접근법을 적용하지 않은 출재보험계약자산(부채) 의 측정요소별 변동내역은 다음과 같습니다. 보험계약마진의 변동내역은 전환시점 보험부채 평가방법에 따라 구분하였습니다. \ni) 사망\n(단위: 백만원)\n구분\n보험료배분접근법 외 재보험계약\n합계\n미래현금흐름의현재가치 추정치\n비금융위험에 대한 위험조정\n보험계약마진\n전환 시점에 존재했던 보험계약 중 공정가치법을 적용한 재보험계약\n그 밖의 모든재보험계약\n소계\n당분기\n기초\n재보험계약자산\n-\n-\n-\n-\n-\n-\n재보험계약부채\n(6,038)\n1,514\n1,122\n2,553\n3,675\n(848)\n기초 잔액\n(6,038)\n1,514\n1,122\n2,553\n3,675\n(848)\n미래서비스와관련된 변동\n보험계약마진을 조정하는 변동\n677\n(97)\n(142)\n(438)\n(580)\n-\n보험계약마진을 조정하지 않는 변동\n163\n(24)\n-\n-\n-\n139\n처음 인식한 계약의 효과\n(2,104)\n811\n-\n1,614\n1,614\n321\n현행서비스와관련된 변동분\n보험계약마진의 당기인식분\n-\n-\n(129)\n(281)\n(409)\n(409)\n위험조정 변동분\n-\n165\n-\n-\n-\n165\n경험조정\n599\n-\n-\n-\n-\n599\n과거서비스와관련된 변동분\n발생사고요소와 관련된 이행현금흐름의 변동분\n(1,140)\n(278)\n-\n-\n-\n(1,418)\n현금흐름\n지급한 보험료\n10,823\n-\n-\n-\n-\n10,823\n보험취득현금흐름 지급\n-\n-\n-\n-\n-\n-\n재보험금(투자요소 포함) 및 기타 재보험수익의 수취\n(12,140)\n-\n-\n-\n-\n(12,140)\n재보험금융손익\n당기손익인식 재보험금융손익\n(274)\n52\n20\n123\n143\n(80)\n기타포괄손익인식 재보험금융손익\n(851)\n155\n-\n-\n-\n(696)\n재보험계약 발행자의 불이행위험의 변동 효과\n1\n-\n-\n-\n-\n1\n기타증감\n-\n-\n-\n-\n-\n-\n기말\n재보험계약자산\n-\n-\n-\n-\n-\n-\n재보험계약부채\n(10,283)\n2,298\n871\n3,571\n4,443\n(3,543)\n기말 잔액\n(10,283)\n2,298\n871\n3,571\n4,443\n(3,543)\n전분기\n기초\n재보험계약자산\n-\n-\n-\n-\n-\n-\n재보험계약부채\n(5,551)\n1,079\n1,310\n1,173\n2,483\n(1,990)\n기초 잔액\n(5,551)\n1,079\n1,310\n1,173\n2,483\n(1,990)\n미래서비스와관련된 변동\n보험계약마진을 조정하는 변동\n(5,614)\n3,407\n1,776\n431\n2,207\n-\n보험계약마진을 조정하지 않는 변동\n4,978\n(3,021)\n-\n-\n-\n1,957\n처음 인식한 계약의 효과\n(1,299)\n195\n-\n1,132\n1,132\n28\n현행서비스와관련된 변동분\n보험계약마진의 당기인식분\n-\n-\n(138)\n(153)\n(291)\n(291)\n위험조정 변동분\n-\n(106)\n-\n-\n-\n(106)\n경험조정\n(389)\n-\n-\n-\n-\n(389)\n과거서비스와관련된 변동분\n발생사고요소와 관련된 이행현금흐름의 변동분\n(420)\n(204)\n-\n-\n-\n(624)\n현금흐름\n지급한 보험료\n11,962\n-\n-\n-\n-\n11,962\n보험취득현금흐름 지급\n-\n-\n-\n-\n-\n-\n재보험금(투자요소 포함) 및 기타 재보험수익의 수취\n(11,314)\n-\n-\n-\n-\n(11,314)\n재보험금융손익\n당기손익인식 재보험금융손익\n(245)\n31\n24\n58\n81\n(133)\n기타포괄손익인식 재보험금융손익\n465\n(10)\n-\n-\n-\n455\n재보험계약 발행자의 불이행위험의 변동 효과\n(1)\n-\n-\n-\n-\n(1)\n기타증감\n-\n-\n-\n-\n-\n-\n기말\n재보험계약자산\n-\n-\n-\n-\n-\n-\n재보험계약부채\n(7,427)\n1,370\n2,971\n2,640\n5,611\n(446)\n기말 잔액\n(7,427)\n1,370\n2,971\n2,640\n5,611\n(446)\n\xa0\nii) 사망 외\n(단위: 백만원)\n구분\n보험료배분접근법 외 재보험계약\n합계\n미래현금흐름의 현재가치 추정치\n비금융위험에 대한 위험조정\n보험계약마진\n전환 시점에 존재했던 보험계약 중공정가치법을 적용한 재보험계약\n그 밖의 모든재보험계약\n소계\n당분기\n기초\n재보험계약자산\n4,056\n5,616\n10,946\n3,623\n14,569\n24,241\n재보험계약부채\n-\n-\n-\n-\n-\n-\n기초 잔액\n4,056\n5,616\n10,946\n3,623\n14,569\n24,241\n미래서비스와관련된 변동\n보험계약마진을 조정하는 변동\n(2,271)\n(1,375)\n3,612\n33\n3,646\n-\n보험계약마진을 조정하지 않는 변동\n(21)\n(7)\n-\n-\n-\n(28)\n처음 인식한 계약의 효과\n(2,553)\n761\n-\n1,887\n1,887\n96\n현행서비스와관련된 변동분\n보험계약마진의 당기인식분\n-\n-\n(1,421)\n(491)\n(1,912)\n(1,912)\n위험조정 변동분\n-\n588\n-\n-\n-\n588\n경험조정\n2,947\n-\n-\n-\n-\n2,947\n과거서비스와관련된 변동분\n발생사고요소와 관련된 이행현금흐름의 변동분\n2,880\n(861)\n-\n-\n-\n2,019\n현금흐름\n지급한 보험료\n58,143\n-\n-\n-\n-\n58,143\n보험취득현금흐름 지급\n-\n-\n-\n-\n-\n-\n재보험금(투자요소 포함) 및 기타 재보험수익의 수취\n(58,973)\n-\n-\n-\n-\n(58,973)\n재보험금융손익\n당기손익인식 재보험금융손익\n42\n142\n236\n168\n405\n589\n기타포괄손익인식 재보험금융손익\n888\n286\n-\n-\n-\n1,173\n재보험계약 발행자의 불이행위험의 변동 효과\n-\n-\n-\n-\n-\n-\n기타증감\n-\n-\n-\n-\n-\n-\n기말\n재보험계약자산\n5,138\n5,151\n13,374\n5,221\n18,595\n28,884\n재보험계약부채\n-\n-\n-\n-\n-\n-\n기말 잔액\n5,138\n5,151\n13,374\n5,221\n18,595\n28,884\n전분기\n기초\n재보험계약자산\n13,146\n4,824\n1,823\n1,280\n3,103\n21,073\n재보험계약부채\n-\n-\n-\n-\n-\n-\n기초 잔액\n13,146\n4,824\n1,823\n1,280\n3,103\n21,073\n미래서비스와관련된 변동\n보험계약마진을 조정하는 변동\n(15,606)\n(134)\n13,736\n2,004\n15,740\n-\n보험계약마진을 조정하지 않는 변동\n(2,314)\n(20)\n-\n-\n-\n(2,334)\n처음 인식한 계약의 효과\n(882)\n496\n-\n596\n596\n210\n현행서비스와관련된 변동분\n보험계약마진의 당기인식분\n-\n-\n(837)\n(288)\n(1,126)\n(1,126)\n위험조정 변동분\n-\n700\n-\n-\n-\n700\n경험조정\n2,415\n-\n-\n-\n-\n2,415\n과거서비스와관련된 변동분\n발생사고요소와 관련된 이행현금흐름의 변동분\n(1,286)\n(706)\n-\n-\n-\n(1,991)\n현금흐름\n지급한 보험료\n59,968\n-\n-\n-\n-\n59,968\n보험취득현금흐름 지급\n-\n-\n-\n-\n-\n-\n재보험금(투자요소 포함) 및 기타 재보험수익의 수취\n(59,497)\n-\n-\n-\n-\n(59,497)\n재보험금융손익\n당기손익인식 재보험금융손익\n285\n111\n51\n64\n115\n512\n기타포괄손익인식 재보험금융손익\n3,116\n194\n-\n-\n-\n3,310\n재보험계약 발행자의 불이행위험의 변동 효과\n(9)\n-\n-\n-\n-\n(9)\n기타증감\n-\n-\n-\n-\n-\n-\n기말\n재보험계약자산\n(662)\n5,466\n14,773\n3,655\n18,428\n23,232\n재보험계약부채\n-\n-\n-\n-\n-\n-\n기말 잔액\n(662)\n5,466\n14,773\n3,655\n18,428\n23,232\n\xa0\n16.2 최초로 인식한 보험계약이 재무상태표에 미친 영향\n당분기 및 전분기 현재 보험료배분접근법이 적용되지 않은 보험계약에 대하여 해당 기간에 최초로 인식한 발행한 보험계약 및 보유하고 있는 재보험계약 각각이 재무상태표에 미친 영향은 다음과 같습니다.\n\xa0\n(단위: 백만원)\n구분\n미래 현금 유출액의 현재가치 추정치\n미래 현금 유입액의현재가치 추정치\n비금융위험에대한 위험조정\n보험계약마진\n합계\n보험 취득 현금흐름금액 외\n보험취득현금흐름\n당분기\n해당 기간에최초로 인식한 계약\n발행한 보험계약\n사망\n손실부담계약집합 외\n740,807\n213,300\n(1,053,838)\n11,429\n88,302\n-\n손실부담계약집합\n5,984\n1,782\n(7,479)\n81\n-\n368\n건강\n손실부담계약집합 외\n461,819\n159,339\n(790,051)\n19,586\n149,307\n-\n손실부담계약집합\n38,290\n12,265\n(48,346)\n1,014\n-\n3,222\n연금\n손실부담계약집합 외\n462,431\n33,423\n(519,891)\n2,138\n21,900\n-\n손실부담계약집합\n4,623\n414\n(4,929)\n10\n-\n119\n저축\n손실부담계약집합 외\n462,079\n11,388\n(489,698)\n1,483\n14,748\n-\n손실부담계약집합\n11,036\n608\n(11,477)\n31\n-\n197\n기타\n손실부담계약집합 외\n-\n-\n-\n-\n-\n-\n손실부담계약집합\n-\n-\n-\n-\n-\n-\n소계\n2,187,068\n432,519\n(2,925,709)\n35,772\n274,256\n3,906\n보유하고 있는재보험계약\n사망\n순이익계약집합 외\n(15,593)\n-\n13,553\n316\n1,747\n22\n순이익계약집합\n(21,196)\n-\n21,133\n495\n(133)\n298\n사망 외\n순이익계약집합 외\n(49,059)\n-\n46,506\n761\n1,887\n96\n순이익계약집합\n-\n-\n-\n-\n-\n-\n소계\n(85,849)\n-\n81,192\n1,572\n3,501\n417\n합계\n2,272,917\n432,519\n(3,006,901)\n34,200\n270,755\n3,490\n전분기\n해당 기간에최초로 인식한 계약\n발행한 보험계약\n사망\n손실부담계약집합 외\n610,422\n161,398\n(890,242)\n11,018\n107,405\n-\n손실부담계약집합\n34\n23\n(56)\n1\n-\n3\n건강\n손실부담계약집합 외\n249,034\n94,500\n(450,737)\n11,600\n95,603\n-\n손실부담계약집합\n15,817\n3,552\n(17,418)\n435\n-\n2,386\n연금\n손실부담계약집합 외\n130,235\n9,873\n(145,985)\n623\n5,254\n-\n손실부담계약집합\n3,183\n292\n(3,187)\n10\n-\n297\n저축\n손실부담계약집합 외\n118,533\n2,855\n(125,137)\n367\n3,382\n-\n손실부담계약집합\n3,998\n200\n(4,138)\n11\n-\n70\n기타\n손실부담계약집합 외\n-\n-\n-\n-\n-\n-\n손실부담계약집합\n-\n-\n-\n-\n-\n-\n소계\n1,131,256\n272,693\n(1,636,901)\n24,065\n211,644\n2,756\n보유하고 있는재보험계약\n사망\n순이익계약집합 외\n(9,007)\n-\n7,706\n195\n1,135\n28\n순이익계약집합\n(8)\n-\n11\n-\n(3)\n-\n사망 외\n순이익계약집합 외\n(9,495)\n-\n8,685\n67\n803\n61\n순이익계약집합\n(16,009)\n-\n15,936\n429\n(207)\n149\n소계\n(34,519)\n-\n32,338\n691\n1,728\n238\n합계\n1,165,774\n272,693\n(1,669,239)\n23,374\n209,916\n2,518\n\xa0\n16.3 보험계약마진의 기간별 기대수익인식금액\n당분기 및 전기 현재 보험료배분접근법이 적용되지 않은 보험계약에 대하여 보고기간말 남아있는 보험계약마진에 대해 미래의 기간별로 인식할 것으로 기대되는 손익 추정액은 다음과 같습니다.\n\xa0\n(단위: 백만원)\n구분\n1년 이내\n1년 초과2년 이내\n2년 초과5년 이내\n5년 초과10년 이내\n10년 초과\n합계\n당분기\n발행한 보험계약\n사망\n67,510\n59,026\n146,792\n190,276\n454,985\n918,589\n건강\n60,809\n55,583\n133,931\n153,352\n309,090\n712,766\n연금\n31,052\n27,018\n63,836\n66,168\n63,949\n252,023\n저축\n23,102\n19,514\n44,001\n43,522\n50,148\n180,287\n기타\n69\n64\n164\n200\n399\n896\n소계\n182,542\n161,205\n388,725\n453,519\n878,571\n2,064,561\n보유하고 있는재보험계약\n사망\n(550)\n(475)\n(1,080)\n(1,021)\n(1,316)\n(4,443)\n사망 외\n(3,004)\n(2,806)\n(6,878)\n(3,749)\n(2,158)\n(18,595)\n소계\n(3,554)\n(3,281)\n(7,959)\n(4,770)\n(3,474)\n(23,038)\n합계\n178,988\n157,923\n380,766\n448,749\n875,097\n2,041,523\n전기\n발행한 보험계약\n사망\n74,324\n64,362\n158,167\n200,974\n471,306\n969,134\n건강\n48,762\n44,674\n108,412\n125,526\n250,783\n578,158\n연금\n36,341\n31,513\n73,979\n77,715\n77,455\n297,004\n저축\n16,387\n12,823\n26,532\n23,919\n96,585\n176,246\n기타\n64\n60\n155\n195\n436\n910\n소계\n175,878\n153,431\n367,246\n428,330\n896,566\n2,021,451\n보유하고 있는재보험계약\n사망\n(379)\n(431)\n(976)\n(901)\n(988)\n(3,675)\n사망 외\n(1,948)\n(2,096)\n(5,222)\n(3,557)\n(1,747)\n(14,569)\n소계\n(2,327)\n(2,528)\n(6,198)\n(4,457)\n(2,735)\n(18,245)\n합계\n173,551\n150,904\n361,048\n423,872\n893,831\n2,003,206\n16.4 회사의 투자서비스수익과 보험금융손익\n당분기와 전분기 중 투자서비스손익과 보험금융손익의 내역은 다음과 같습니다.\n(단위: 백만원)\n구분\n당분기\n전분기\n3개월\n누적\n3개월\n누적\n투자서비스손익(보험및재보험금융손익 제외)\n이자수익\n125,817\n380,482\n142,303\n415,406\n기타투자손익\n18,497\n30,117\n(5,765)\n(9,222)\n금융상품 거래 및 평가손익\n450,206\n1,383,670\n(576,511)\n828,149\n소계\n594,521\n1,794,270\n(439,974)\n1,234,333\n당기손익으로 인식한 투자서비스 손익\xa0\n28,169\n1,411,219\n(17,491)\n1,548,603\n기타포괄손익으로 인식한 투자서비스 손익\n566,350\n383,050\n(422,483)\n(314,270)\n보험금융손익\n직접참가특성이 있는 계약의 기초자산 공정가치 변동분\n66,093\n(1,073,054)\n148,113\n(989,046)\n기초항목 공정가치에 대한 기업의 몫에 대한 금융위험 효과의 위험경감분\n-\n-\n-\n-\n이자부리액\n(124,578)\n(381,931)\n(137,145)\n(423,923)\n할인율 및 금융가정의 변경 효과\n(581,550)\n(1,108,737)\n428,321\n296,663\n환율변동효과\n-\n-\n-\n-\n기타\n1,140\n4,120\n386\n1,114\n소계\n(638,895)\n(2,559,601)\n439,674\n(1,115,192)\n당기손익으로 인식한 보험금융손익\n(53,574)\n(1,434,674)\n16,611\n(1,452,197)\n기타포괄손익으로 인식한 보험금융손익\n(585,321)\n(1,124,927)\n423,063\n337,005\n재보험금융손익\n이자부리액\n185\n509\n136\n379\n할인율 및 금융가정의 변경 효과\n484\n478\n2,603\n3,765\n재보험자 불이행위험 변동액\n-\n1\n(1)\n(10)\n환율변동효과\n-\n-\n-\n-\n기타\n-\n-\n-\n-\n소계\n669\n988\n2,739\n4,134\n당기손익으로 인식한 재보험금융손익\n185\n510\n136\n369\n기타포괄손익으로 인식한 재보험금융손익\n484\n478\n2,603\n3,765\n순보험금융손익 합계\n(638,227)\n(2,558,614)\n442,413\n(1,111,058)\n\xa0\n16.5 직접 참가 특성이 있는 보험계약의 기초항목\n1) 기초항목의 구성과 공정가치\n당분기말 및 전기말 현재 직접 참가 특성이 있는 계약의 기초항목의 구성과 기초항목의 공정가치는 다음과 같습니다.\n(단위: 백만원)\n구분\n당분기말\n전기말\n예치금\n328,054\n393,256\n주식\n43,142\n106,936\n수익증권\n11,062,125\n11,354,079\n대출채권\n130,698\n128,301\n기타\n178,707\n142,823\n합계\n11,742,726\n12,125,394\n\xa0\n2) 금융위험에 대한 파생상품의 상쇄효과\n직접 참가 특성이 있는 보험계약의 금융위험에 대하여 파생상품 사용하여 금융위험 상쇄요건 충족시 이행현금흐름의 일부 변동분에 대해 보험계약마진을 조정하지 않기로 선택할 수 있으며, 그러한 선택이 당기 및 전기에 보험계약마진의 조정에 미친 효과는 없습니다.\n16.6 보험손익의 변동내역\n\xa0\n(1) 발행한 보험계약\n1) 보험수익\n전환시점의 보험부채 평가방법에 따른 당분기와 전분기 중 보험수익의 내역은 다음과 같습니다.\ni) 사망\n(단위: 백만원)\n구분\n보험수익\n합계\n전환 시점에 존재했던 보험계약 중 수정소급법을 적용한 보험계약\n전환 시점에 존재했던 보험계약 중 공정가치법을 적용한 보험계약\n그 밖의 모든 보험계약\n당분기\n잔여보장부채의변동과 관련된 금액\n해당 기간 동안 발생한 보험서비스비용 관련\n14,429\n136,193\n6,181\n156,803\n비금융위험에 대한 위험조정의 변동분\n4,726\n5,794\n3,886\n14,406\n해당 기간에 서비스의 이전으로 당기손익에 인식한 보험계약마진 금액\n23,394\n15,989\n18,360\n57,743\n손실요소배분액\n(432)\n(40)\n(5)\n(476)\n보험료 및 관련현금흐름의 경험조정\n(10)\n(2)\n745\n733\n기타\n-\n-\n-\n-\n보험 취득 현금흐름의 회수와 관련된 보험료 부분의 배분액\n45,177\n60\n35,422\n80,658\n합계\n87,283\n157,995\n64,589\n309,867\n전분기\n잔여보장부채의변동과 관련된 금액\n해당 기간 동안 발생한 보험서비스비용 관련\n14,312\n137,969\n3,510\n155,792\n비금융위험에 대한 위험조정의 변동분\n6,061\n7,232\n2,533\n15,826\n해당 기간에 서비스의 이전으로 당기손익에 인식한 보험계약마진 금액\n32,499\n20,232\n13,475\n66,206\n손실요소배분액\n(422)\n-\n(1)\n(423)\n보험료 및 관련현금흐름의 경험조정\n-\n(6)\n(11,802)\n(11,808)\n기타\n-\n-\n-\n-\n보험 취득 현금흐름의 회수와 관련된 보험료 부분의 배분액\n52,346\n128\n17,731\n70,206\n합계\n104,797\n165,556\n25,446\n295,799\n\xa0\n\xa0ii)건강\n(단위: 백만원)\n구분\n보험수익\n합계\n전환 시점에 존재했던 보험계약 중 수정소급법을 적용한 보험계약\n전환 시점에 존재했던 보험계약 중 공정가치법을 적용한 보험계약\n그 밖의 모든 보험계약\n당분기\n잔여보장부채의변동과 관련된 금액\n해당 기간 동안 발생한 보험서비스비용 관련\n20,182\n152,463\n29,605\n202,251\n비금융위험에 대한 위험조정의 변동분\n1,400\n5,003\n3,259\n9,662\n해당 기간에 서비스의 이전으로 당기손익에 인식한 보험계약마진 금액\n8,494\n15,277\n18,178\n41,949\n손실요소배분액\n(313)\n-\n(77)\n(390)\n보험료 및 관련현금흐름의 경험조정\n(19)\n(119)\n1,372\n1,234\n기타\n-\n-\n-\n-\n보험 취득 현금흐름의 회수와 관련된 보험료 부분의 배분액\n6,546\n86\n12,378\n19,009\n합계\n36,291\n172,710\n64,715\n273,715\n전분기\n잔여보장부채의변동과 관련된 금액\n해당 기간 동안 발생한 보험서비스비용 관련\n21,085\n158,588\n14,011\n193,684\n비금융위험에 대한 위험조정의 변동분\n1,574\n5,717\n2,093\n9,384\n해당 기간에 서비스의 이전으로 당기손익에 인식한 보험계약마진 금액\n8,923\n22,425\n9,018\n40,365\n손실요소배분액\n(1,195)\n2\n(208)\n(1,401)\n보험료 및 관련현금흐름의 경험조정\n(2)\n(19)\n(4,966)\n(4,987)\n기타\n-\n-\n-\n-\n보험 취득 현금흐름의 회수와 관련된 보험료 부분의 배분액\n7,158\n72\n6,142\n13,372\n합계\n37,543\n186,784\n26,090\n250,417\n\xa0 iii) 연금\n(단위: 백만원)\n구분\n보험수익\n합계\n전환 시점에 존재했던 보험계약 중 수정소급법을 적용한 보험계약\n전환 시점에 존재했던 보험계약 중 공정가치법을 적용한 보험계약\n그 밖의 모든 보험계약\n당분기\n잔여보장부채의변동과 관련된 금액\n해당 기간 동안 발생한 보험서비스비용 관련\n2,430\n24,466\n1,635\n28,531\n비금융위험에 대한 위험조정의 변동분\n1,104\n2,766\n380\n4,250\n해당 기간에 서비스의 이전으로 당기손익에 인식한 보험계약마진 금액\n4,040\n22,203\n1,280\n27,522\n손실요소배분액\n(684)\n247\n(141)\n(578)\n보험료 및 관련현금흐름의 경험조정\n-\n9\n(91)\n(82)\n기타\n-\n-\n-\n-\n보험 취득 현금흐름의 회수와 관련된 보험료 부분의 배분액\n14,536\n4\n7,148\n21,688\n합계\n21,425\n49,695\n10,212\n81,331\n전분기\n잔여보장부채의변동과 관련된 금액\n해당 기간 동안 발생한 보험서비스비용 관련\n3,097\n23,433\n771\n27,301\n비금융위험에 대한 위험조정의 변동분\n1,328\n3,594\n182\n5,105\n해당 기간에 서비스의 이전으로 당기손익에 인식한 보험계약마진 금액\n4,569\n22,794\n565\n27,928\n손실요소배분액\n(1,127)\n190\n(9)\n(946)\n보험료 및 관련현금흐름의 경험조정\n-\n1\n(2,198)\n(2,198)\n기타\n-\n-\n-\n-\n보험 취득 현금흐름의 회수와 관련된 보험료 부분의 배분액\n19,412\n27\n4,866\n24,305\n합계\n27,280\n50,039\n4,177\n81,496\n\xa0 iv)저축\n(단위: 백만원)\n구분\n보험수익\n합계\n전환 시점에 존재했던보험계약 중 수정소급법을 적용한 보험계약\n전환 시점에 존재했던 보험계약 중 공정가치법을 적용한 보험계약\n그 밖의 모든 보험계약\n당분기\n잔여보장부채의 변동과 관련된금액\n해당 기간 동안 발생한 보험서비스비용 관련\n2,446\n16,270\n1,400\n20,116\n비금융위험에 대한 위험조정의 변동분\n1,213\n2,813\n288\n4,314\n해당 기간에 서비스의 이전으로 당기손익에 인식한 보험계약마진 금액\n9,253\n10,542\n1,566\n21,361\n손실요소배분액\n(133)\n414\n(62)\n218\n보험료 및 관련현금흐름의 경험조정\n-\n7\n77\n85\n기타\n-\n-\n-\n-\n보험 취득 현금흐름의 회수와 관련된 보험료 부분의 배분액\n7,803\n43\n2,152\n9,998\n합계\n20,582\n30,089\n5,421\n56,091\n전분기\n잔여보장부채의 변동과 관련된금액\n해당 기간 동안 발생한 보험서비스비용 관련\n2,947\n17,458\n467\n20,871\n비금융위험에 대한 위험조정의 변동분\n1,708\n2,951\n183\n4,842\n해당 기간에 서비스의 이전으로 당기손익에 인식한 보험계약마진 금액\n9,937\n2,924\n965\n13,826\n손실요소배분액\n(870)\n161\n(55)\n(764)\n보험료 및 관련현금흐름의 경험조정\n-\n(1)\n(1,440)\n(1,441)\n기타\n-\n-\n-\n-\n보험 취득 현금흐름의 회수와 관련된 보험료 부분의 배분액\n10,171\n257\n1,297\n11,725\n합계\n23,892\n23,750\n1,417\n49,059\n\xa0 v)기타\n(단위: 백만원)\n구분\n보험수익\n합계\n전환 시점에 존재했던 보험계약 중 수정소급법을 적용한 보험계약\n전환 시점에 존재했던 보험계약 중 공정가치법을 적용한 보험계약\n그 밖의 모든 보험계약\n당분기\n잔여보장부채의변동과 관련된금액\n해당 기간 동안 발생한 보험서비스비용 관련\n-\n-\n-\n-\n비금융위험에 대한 위험조정의 변동분\n-\n-\n-\n-\n해당 기간에 서비스의 이전으로 당기손익에 인식한 보험계약마진 금액\n-\n55\n-\n55\n손실요소배분액\n-\n-\n-\n-\n보험료 및 관련현금흐름의 경험조정\n-\n-\n-\n-\n기타\n-\n-\n-\n-\n보험 취득 현금흐름의 회수와 관련된 보험료 부분의 배분액\n-\n-\n-\n-\n합계\n-\n55\n-\n55\n전분기\n잔여보장부채의변동과 관련된금액\n해당 기간 동안 발생한 보험서비스비용 관련\n-\n-\n-\n-\n비금융위험에 대한 위험조정의 변동분\n-\n-\n-\n-\n해당 기간에 서비스의 이전으로 당기손익에 인식한 보험계약마진 금액\n-\n40\n-\n40\n손실요소배분액\n-\n-\n-\n-\n보험료 및 관련현금흐름의 경험조정\n-\n-\n-\n-\n기타\n-\n-\n-\n-\n보험 취득 현금흐름의 회수와 관련된 보험료 부분의 배분액\n-\n-\n-\n-\n합계\n-\n41\n-\n41\n(2) 보유한 재보험계약\n\xa0\n1) 재보험서비스비용\n전환시점의 보험부채 평가방법에 따른 당분기와 전분기 중 재보험서비스비용의 내역은 다음과 같습니다.\n\xa0 i)사망\n(단위: 백만원)\n구분\n재보험서비스비용\n합계\n전환 시점에 존재했던 보험계약 중 공정가치법을 적용한 재보험계약\n그 밖의 모든 재보험계약\n당분기\n잔여보장자산(부채)의 변동과 관련된 금액\n해당 기간 동안 발생한 재보험수익 관련\n(1,582)\n(799)\n(2,381)\n비금융위험에 대한 위험조정의 변동분\n(59)\n(36)\n(95)\n해당 기간에 서비스의 이전으로 당기손익에 인식한 보험계약마진 금액\n(129)\n(281)\n(409)\n손실회수요소 배분액\n28\n4\n32\n재보험료 및 투자요소의 경험조정\n590\n79\n669\n보험 취득 현금흐름의 회수와 관련된 보험료 부분의 배분액\n-\n-\n-\n합계\n(1,151)\n(1,033)\n(2,184)\n전분기\n잔여보장자산(부채)의 변동과 관련된 금액\n해당 기간 동안 발생한 재보험수익 관련\n(1,850)\n(152)\n(2,002)\n비금융위험에 대한 위험조정의 변동분\n(295)\n(103)\n(398)\n해당 기간에 서비스의 이전으로 당기손익에 인식한 보험계약마진 금액\n(138)\n(153)\n(291)\n손실회수요소 배분액\n57\n1\n59\n재보험료 및 투자요소의 경험조정\n15\n443\n458\n보험 취득 현금흐름의 회수와 관련된 보험료 부분의 배분액\n-\n-\n-\n합계\n(2,211)\n36\n(2,175)\nii)사망 외\n(단위: 백만원)\n구분\n재보험서비스비용\n합계\n전환 시점에 존재했던 보험계약 중 공정가치법을 적용한 재보험계약\n그 밖의 모든 재보험계약\n당분기\n잔여보장자산(부채)의 변동과 관련된 금액\n해당 기간 동안 발생한 재보험수익 관련\n(7,464)\n(1,557)\n(9,021)\n비금융위험에 대한 위험조정의 변동분\n(254)\n57\n(197)\n해당 기간에 서비스의 이전으로 당기손익에 인식한 보험계약마진 금액\n(1,421)\n(491)\n(1,912)\n손실회수요소 배분액\n52\n2\n54\n재보험료 및 투자요소의 경험조정\n(3,000)\n(20)\n(3,020)\n보험 취득 현금흐름의 회수와 관련된 보험료 부분의 배분액\n-\n-\n-\n합계\n(12,086)\n(2,009)\n(14,096)\n전분기\n잔여보장자산(부채)의 변동과 관련된 금액\n해당 기간 동안 발생한 재보험수익 관련\n(6,782)\n(719)\n(7,500)\n비금융위험에 대한 위험조정의 변동분\n(1,612)\n1,366\n(246)\n해당 기간에 서비스의 이전으로 당기손익에 인식한 보험계약마진 금액\n(837)\n(288)\n(1,126)\n손실회수요소 배분액\n141\n16\n157\n재보험료 및 투자요소의 경험조정\n(5,065)\n(777)\n(5,842)\n보험 취득 현금흐름의 회수와 관련된 보험료 부분의 배분액\n-\n-\n-\n합계\n(14,155)\n(403)\n(14,558)\n16.7 가정과 산출근거\n(1) 당분기말 및 전기말 현재 보유계약에 대해 당사가 적용한 미래현금흐름에 대한 현행추정치의 가정과 그 산출근거는 다음과 같습니다.1) 당분기말\n구분\n가정값\n산출근거\n해약률\n보유계약(Exposure) 대비 해지/실효계약(Lapse/Surrender)의 비율. 채널별, 일시납 여부, 납입여부, 상품군별(저해지 상품구분), 고/저금리의 산출단위로 경과기간 별 산출 (2018.7월 ~2023.6월 당사 경험통계 사용)\n보험업감독업무시행세칙 [별표35] 책임준비금 산출기준 제10장 가정의 산출방법 10-3. (해약률)\n지급률\n최신위험보험료 대비 지급보험금 비율. 담보별(사망,장해,입원,수술 등),경과기간 별 산출 (2018.7월 ~2023.6월 당사 경험통계 사용)\n보험업감독업무시행세칙 [별표35] 책임준비금 산출기준 제10장 가정의 산출방법 10-4. (위험률)\n사업비율\n수당수수료 등 : 영업채널별 수당수수료 지급규정(영업제도)에 따른 성적, 지급기간 등을 반영 및 산출(영업성과 연동 판매촉진비 포함)일반사업비 : 보험취득현금흐름(보험료 비례), 보험취득현금흐름(기타), 유지비, 손해조사비, 투자관리비에 대해 채널별 상품군별로 계약건수, 보험료 등의 원가동인별로 산출. K-IFRS1117(보험계약)에 따른 간접비는 대상에서 제외 (2022.7월 ~ 2023.6월 당사 경험통계 사용)\xa0\n보험업감독업무시행세칙 [별표35] 책임준비금 산출기준 제10장 가정의 산출방법 10-2. (사업비율)\n할인율\n금융감독원 'IFRS17 보험부채 할인율 개선방안' 적용한 결정론적 할인율 기준 1,000개 시나리오의 평균 (2024년 9월 기준 결정론적 할인율 \xa02.96% \xa0~ 4.55%)\n보험업감독업무시행세칙 [별표35] 책임준비금 산출기준 제9장 할인율 가정\n비금융위험에 대한 신뢰수준\n아래와 같은 불확실성 요인별로 75 퍼센타일 수준의 충격수준을 적용. 사망 : 지급률 3.27% 증가 장수 : 해약률 4.58% 감소 정액보상 : 정액보상 지급률 3.4% 증가 실손보상 : 실손보상 지급률 2.62% 증가 해지상승 : 해약률 9.16% 증가 해지하락 : 해약률 9.16% 하락 사업비 수준 : 2.62% 증가 인플레이션율 : 0.26%p 증가\n보험업감독업무시행세칙 [별표35] 책임준비금 산출기준 제 5장 위험조정 및 수익 인식기준 5-1. (생명보험 및 장기손해보험 위험조정의 산출)\n2) 전기말\n구분\n가정값\n산출근거\n해약률\n보유계약(Exposure) 대비 해지/실효계약(Lapse/Surrender)의 비율.채널별, 일시납 여부, 납입여부, 상품군별(저해지 상품구분), 고/저금리의 산출단위로 경과기간 별 산출(2018.7월 ~2023.06월 당사 경험통계 사용)\n보험업감독업무시행세칙 [별표35] 책임준비금 산출기준 제10장 가정의 산출방법 10-3. (해약률)\n지급률\n최신위험보험료 대비 지급보험금 비율. 담보별(사망,장해,입원,수술 등),경과기간 별 산출(2018.7월 ~2023.06월 당사 경험통계 사용)실손의료보험은 「보험회사 책임준비금 및 수익인식 가이드라인」\n보험업감독업무시행세칙 [별표35] 책임준비금 산출기준 제10장 가정의 산출방법 10-4. (위험률)\n사업비율\n수당수수료 등 : 영업채널별 수당수수료 지급규정(영업제도)에 따른성적, 지급기간 등을 반영 및 산출(영업성과 연동 판매촉진비 포함)일반사업비 : 보험취득현금흐름(보험료 비례), 보험취득현금흐름(기타), 유지비, 손해조사비, 투자관리비에 대해 채널별 상품군별로계약건수, 보험료 등의 원가동인별로 산출. K-IFRS1117(보험계약)에 따른 간접비는 대상에서 제외(2022.7월 ~ 2023.6월 당사 경험통계 사용\n보험업감독업무시행세칙 [별표35] 책임준비금 산출기준 제10장 가정의 산출방법 10-2. (사업비율)\n할인율\n금융감독원 제시 결정론적 할인율을 기준으로 ESG 프로그램을사용하여 산출한 1,000개 시나리오의 평균 적용 (2023년 12월 기준 결정론적 할인율 \xa0 3.75% ~ 4.80%)\n보험업감독업무시행세칙 [별표35] 책임준비금 산출기준 제9장 할인율 가정\n비금융위험에 대한 신뢰수준\n아래와 같은 불확실성 요인별로 75 퍼센타일 수준의 충격수준을 적용.  사망 : 지급률 3.27% 증가 장수 : 해약률 4.58% 감소 정액보상 : 정액보상 지급률 3.4% 증가 실손보상 : 실손보상 지급률 2.62% 증가 해지상승 : 해약률 9.16% 증가 해지하락 : 해약률 9.16% 하락 사업비 수준 : 2.62% 증가 인플레이션율 : 0.26%p 증가\n보험업감독업무시행세칙 [별표35] 책임준비금 산출기준 제 5장 위험조정 산출기준 5-1. (생명보험 및 장기손해보험 위험조정의 산출)\n17. 차입부채\n(1) 당분기말 및 전기말 현재 차입부채 구성내역은 다음과 같습니다.\n(단위 : 백만원)\n구분\n이자율(%)\n당분기말\n전기말\n제2회후순위채권(공모채)\n3.9\n300,000\n300,000\n사채할인발행차금\n(597)\n(679)\nRP매도(키움자산운용)\n4.0\n-\n250,000\n합계\n299,403\n549,321\n당사는 2018년 11월 28일 제1회 공모 후순위사채를, 2021년 4월 29일 제2회 공모후순위채를 발행하였습니다.제1회 및 제2회 무보증 후순위 사채 만기는 발행일로부터 10년이며, 사채 발행일로부터 5년째되는 날과 이후 매 이자지급기일에 후순위사채의 전부를 중도 상환할 수 있으며, 전기 중 제1회 공모 후순위사채 200,000백만원을 중도 상환하였습니다.(2) 당분기말 및 전기말 현재 차입부채의 연도별 상환계획은 다음과 같습니다.\n(단위: 백만원)\n구분\n당분기말\n전기말\n1년이내\n-\n250,000\n5년초과\n299,403\n299,321\n합계\n299,403\n549,321\n18. 순확정급여부채\n(1) 당분기말 및 전기말 현재 순확정급여부채의 내역은 다음과 같습니다.\n(단위 : 백만원)\n구분\n당분기말\n전기말\n확정급여채무\n23,607\n23,473\n사외적립자산\n\xa0 (11,796)\n\xa0 (12,186)\n합계\n11,811\n11,287\n(2) 당분기와 전분기 중 확정급여채무의 변동내역은 다음과 같습니다.\n(단위 : 백만원)\n구분\n당분기\n전분기\n기초\n23,473\n17,957\n당기근무원가\n1,055\n988\n이자비용\n610\n666\n급여 지급액\n\xa0 (552)\n\xa0 (641)\n재측정요소\n인구통계적\n2\n\xa0-\n재무적\n508\n553\n경험조정\n\xa0 (1,489)\n2,532\n분기말\n23,607\n22,055\n(3) 당분기와 전분기 중 사외적립자산의 변동내역은 다음과 같습니다.\n(단위: 백만원)\n구분\n당분기\n전분기\n기초\n12,186\n12,622\n이자수익\n313\n396\n퇴직금 지급액\xa0\n\xa0 (770)\n\xa0 (865)\n재측정요소\n67\n14\n분기말\n11,796\n12,168\n(4) 당분기 및 전분기 중 확정기여제도와 관련하여 비용으로 인식한 금액은 각각 3,702백만원 및 3,736백만원입니다.\n19. 충당부채\n당분기와 전분기 중 충당부채의 변동내역은 다음과 같습니다. (1) 당분기\n(단위 : 백만원)\n구분\n기초\n증가\n전입(환입)\n계약변경\n사용\n분기말\n복구충당부채\n1,073\n980\n37\n609\n\xa0(905)\n1,794\n미사용약정충당부채\n12\n-\n274\n-\n-\n286\n합계\n1,085\n980\n311\n609\n\xa0(905)\n2,080\n(2) 전분기\n(단위 : 백만원)\n구분\n기초\n증가\n전입(환입)\n계약변경\n사용\n분기말\n복구충당부채\n979\n207\n11\n\xa0(69)\n\xa0(47)\n1,081\n미사용약정충당부채\n30\n-\n\xa0(18)\n-\n-\n12\n합계\n1,009\n207\n\xa0(7)\n\xa0(69)\n\xa0(47)\n1,093\n20. 기타부채\xa0\n당분기말 및 전기말 현재 기타부채의 구성내역은 다음과 같습니다.\n(단위 : 백만원)\n구분\n계정과목\n당분기말\n전기말\n기타금융부채\n미지급금\n14,759\n2,396\n미지급비용\n36,038\n44,016\n임대보증금\n114\n111\n리스부채(*1)\n11,513\n3,252\n소계\n62,424\n49,775\n기타비금융부채\n미지급비용\n25,036\n35,771\n선수수익\n106\n195\n예수금\n9,376\n128,167\n기타\n28,847\n29,465\n소계\n63,365\n193,598\n합계\n125,789\n243,373\n(*1) 리스부채에 대한 이자비용은 372백만원이고, 단기리스료는 35백만원이며, 단기리스가 아닌 소액자산 리스료는 56백만원입니다.또한 당분기말 현재 리스부채의 할인전 계약현금흐름의 잔존만기에 따른 만기별 구성내역은 다음과 같습니다.\n(단위: 백만원)\n구 분\n당분기말\n1개월 이하\n1개월 초과 3개월 이하\n3개월 초과 12개월 이하\n1년 초과5년 이하\n5년 초과\n합계\n리스부채\n569\n1,083\n3,458\n6,970\n-\n12,080\n21. 자본금\n(1) 당분기말 및 전기말 현재 당사의 자본금의 내역은 다음과 같습니다.\n(단위 : 백만원)\n구분\n당분기말\n전기말\n보통주\n885,081\n885,081\n우선주\n105,634\n105,634\n합계\n990,715\n990,715\n(2) 보통주 당분기말 및 전기말 현재 당사의 보통주 자본금의 내역은 다음과 같습니다.\n구분\n당분기말\n전기말\n당사가 발행할 주식의 총수\n300,000천주\n300,000천주\n1주당 금액(원)\n5,000\n5,000\n발행한 보통주식수\n177,016천주\n177,016천주\n보통주 자본금(백만원)\n885,081\n885,081\n(3) 전환우선주당사는 21,126,760주의 전환우선주를 주당 14,200원(주당 액면가액 5,000원)에 발행하였습니다. 전환우선주는 누적적ㆍ비참가적 기명식 비영구우선주이며, 당사는 전환우선주주에게 보통주로의 전환권을 부여하였습니다.당사는 전환우선주 3,000억원(21,126,760주)을 전량 자기주식으로 보유하고 있습니다.\n22. 자본잉여금\n당분기말 및 전기말 현재 자본잉여금의 내역은 다음과 같습니다.\n(단위 : 백만원)\n구분\n당분기말\n전기말\n주식발행초과금\n181,361\n181,361\n기타자본잉여금\n23\n23\n합계\n181,384\n181,384\n23. 자본조정당분기말 및 전기말 현재 당사의 자본조정의 내역은 다음과 같습니다.\n(단위 : 백만원)\n구분\n당분기말\n전기말\n자기주식(*1)\n371,164\n371,164\n기타자본조정\n11\n11\n합계\n371,175\n371,175\n(*1)당사는 주가 안정을 통한 주주가치 제고 및 임직원 성과급 등을 목적으로 자기주식을 보유하고 있습니다.\n24. 기타포괄손익누계액\n(1) 당분기말과 전기말 현재 기타포괄손익누계액의 구성내역은 다음과 같습니다.\n(단위 : 백만원)\n구 \xa0분\n당분기말\n전기말\n기타포괄손익-공정가치 측정 금융자산 평가손익\n(608,861)\n(851,130)\n보험계약자산(부채) 순금융손익\n275,539\n1,146,488\n재보험계약자산(부채) 순금융손익\n91\n(279)\n현금흐름위험회피파생상품평가손익\n162,587\n106,720\n재평가차익\n1\n1\n확정급여부채재측정요소\n(888)\n(1,696)\n합 \xa0계\n(171,531)\n400,104\n(2) 당분기 및 전분기 중 기타포괄손익누계액의 변동내역은 다음과 같습니다.1) 당분기\n(단위 : 백만원)\n구분\n기타포괄손익-공정가치 측정 금융자산 평가손익\n보험계약자산(부채)순금융손익\n재보험계약자산(부채)순금융손익\n현금흐름위험회피파생상품평가손익\n재평가잉여금\n확정급여부채재측정요소\n합계\n기초\n(851,130)\n1,146,488\n\xa0(279)\n106,720\n1\n\xa0(1,696)\n400,104\n증감\n311,342\n\xa0(1,124,927)\n477\n71,709\n-\n1,045\n(740,354)\n계약자지분조정\n2,904\n-\n-\n-\n-\n-\n2,904\n법인세효과\n(71,977)\n253,978\n\xa0(107)\n\xa0(15,842)\n-\n\xa0(237)\n165,815\n분기말\n(608,861)\n275,539\n91\n162,587\n1\n(888)\n(171,531)\n2) 전분기\n(단위 : 백만원)\n구분\n기타포괄손익-공정가치 측정 금융자산 평가손익\n보험계약자산(부채)순금융손익\n재보험계약자산(부채)순금융손익\n현금흐름위험회피파생상품평가손익\n재평가잉여금\n확정급여부채재측정요소\n합계\n기초\n(1,504,463)\n1,942,640\n\xa0(3,080)\n\xa0(34,967)\n1\n1,586\n401,717\n증감\n(315,757)\n337,005\n3,765\n1,487\n-\n\xa0(3,070)\n23,430\n계약자지분조정\n1,141\n-\n-\n-\n-\n-\n1,141\n법인세효과\n67,577\n\xa0(71,403)\n\xa0(855)\n\xa0(417)\n-\n695\n(4,403)\n분기말\n(1,751,502)\n2,208,242\xa0\n(170)\n(33,897)\n1\n(789)\n421,885\n25. 이익잉여금\n(1) 당분기말 및 전기말 현재 이익잉여금의 내역은 다음과 같습니다.\n(단위 : 백만원)\n구분\n당분기말\n전기말\n이익준비금\n29,424\n29,424\n대손준비금\n14,873\n40,812\n해약환급준비금\n900,203\n-\n보증준비금\n168,174\n-\n미처분이익잉여금\n662,734\n1,643,001\n합계\n1,775,408\n1,713,236\n당사는 상법상의 규정에 따라 자본금의 50%에 달할 때까지 매 결산기마다 금전에 의한 배당액의 100분의 10 이상을 이익준비금으로 적립하도록 하고 있으며, 동 이익준비금을 현금으로 배당할 수 없으나, 자본전입 또는 결손보전을 위해서는 사용될 수 있습니다.\n(2) 대손준비금 적립당사는 보험업감독규정에 근거하여 기업회계기준에 의한 대손충당금이 감독목적상 요구되는 충당금 적립액 합계금액에 미달하는 경우 동 금액만큼을 대손준비금으로 적립하도록 요구받고 있습니다. 감독목적상 요구되는 충당금 적립액은 보험업감독규정상에서 규정하는 기업대출채권, 가계대출채권, 지급보증 및 미사용약정의 각 호별로 감독규정상의 최저적립률을 적용하여 결정한 금액과 위험가중자산 산출 목적의 내부등급법을 활용하여 산출한 예상손실금액 중 큰 금액으로 결정됩니다. 동 대손준비금은 이익잉여금에 대한 임의적립금 성격으로 기존의 대손준비금이 결산일 현재 적립하여야 하는 대손준비금을 초과하는 경우에는 그 초과금액을 환입 처리할 수 있고, 미처리결손금이 있는 경우에는 미처리결손금이 처리된 때부터 대손준비금을 적립합니다.\n1) 당분기말 및 전기말 현재 대손준비금 잔액은 다음과 같습니다.\xa0\n(단위 : 백만원)\n구분\n당분기말\n전기말\n대손준비금 기 적립액\n14,873\n40,812\n대손준비금 전입(환입)예정액\n892\n\xa0 (25,939)\n대손준비금 잔액\n15,765\n14,873\n2) 당분기 및 전분기의 대손준비금 전입액 및 대손준비금 반영 후 조정이익은 다음과 같습니다.\xa0\n(단위 : 백만원)\n구분\n당분기\n전분기\n대손준비금 전입(환입)예정액\n892\n\xa0 (490)\n대손준비금 반영후 조정이익(*1)\n61,279\n159,721\n(*1) 상기 대손준비금 반영후 조정이익은 기업회계기준에 의한 수치는 아니며, 법인세효과 고려전의 대손준비금 전입액을 당기순이익에 반영하였을 경우를 가정하여 산출한 정보입니다.\n(3) 해약환급금준비금 적립\n1) 당분기말 및 전기말 현재 해약환급금준비금 잔액은 다음과 같습니다.\xa0\n(단위 : 백만원)\n구분\n당분기말\n전기말\n해약환급금준비금 기 적립액\n900,203\n\xa0-\n해약환급금준비금 전입예정액\n138,886\n900,203\n해약환급금준비금 잔액\n1,039,089\n900,203\n2) 당분기 및 전분기의 해약환급금준비금 전입액 및 해약환급금준비금 반영 후 조정이익은 다음과 같습니다.\xa0\n(단위 : 백만원)\n구분\n당분기\n전분기\n해약환급금준비금 \xa0전입액\n138,886\n845,009\n해약환급금준비금 \xa0반영후 조정이익(*1)\n\xa0 (76,714)\n\xa0 (685,778)\n(*1) 상기 해약환급금준비금 반영후 조정이익은 기업회계기준에 의한 수치는 아니며, 법인세효과 고려전의 해약환급금준비금 전입액을 당기순이익에 반영하였을 경우를 가정하여 산출한 정보입니다.\n(4) 보증준비금 적립\n1) 당분기말 및 전기말 현재 보증준비금 잔액은 다음과 같습니다.\xa0\n(단위 : 백만원)\n구분\n당분기말\n전기말\n보증준비금 기 적립액\n168,174\n\xa0-\n보증준비금 전입예정액\n11,767\n168,174\n보증준비금 잔액\n179,941\n168,174\n2) 당분기 및 전분기의 보증준비금 전입액 및 보증준비금 반영 후 조정이익은 다음과 같습니다.\xa0\n(단위 : 백만원)\n구분\n당분기\n전분기\n보증준비금 \xa0전입액\n11,767\n163,566\n보증준비금 \xa0반영후 조정이익(*1)\n50,404\n\xa0 (4,335)\n(*1) 상기 보증준비금 반영후 조정이익은 기업회계기준에 의한 수치는 아니며, 법인세효과 고려전의 보증준비금 전입액을 당기순이익에 반영하였을 경우를 가정하여 산출한 정보입니다.\n26. 금융수익과 금융비용\n당분기와 전분기 중 금융수익과 금융비용의 내역은 다음과 같습니다.\n(단위 : 백만원)\n구분\n당분기\n전분기\n3 개월\n누적\n3 개월\n누적\n이자수익\n예금이자\n3,641\n11,181\n4,022\n11,664\n당기손익-공정가치 측정 금융자산이자\xa0\n983\n5,276\n4,540\n12,291\n기타포괄손익-공정가치 측정 금융자산이자\xa0\n90,134\n267,499\n96,339\n276,712\n상각후원가 측정 채무증권이자\n-\n-\n596\n1,766\n상각후원가 측정 대출채권이자\xa0\n30,655\n95,008\n36,295\n111,225\n예치금이자\xa0\n128\n675\n274\n914\n기타이자수익\n276\n843\n238\n834\n소계\n125,817\n380,482\n142,304\n415,406\n금융상품투자이익\n당기손익-공정가치 측정 금융자산 처분이익\n135,377\n300,874\n95,496\n266,590\n당기손익-공정가치 측정 금융자산 평가이익 (*1)\n(210,223)\n998,771\n(136,999)\n1,244,091\n\xa0 \xa0당기손익-공정가치 측정 금융자산 관련이익 소계\n(74,846)\n1,299,645\n(41,503)\n1,510,681\n기타포괄손익-공정가치 측정 금융자산 처분이익\xa0\n29,653\n40,981\n12\n1,520\n기타포괄손익-공정가치 측정 유가증권 대손충당금 환입\n165\n180\n50\n81\n기타포괄손익-공정가치 측정 금융자산 관련이익 소계\n29,818\n41,161\n62\n1,601\n상각후원가 측정 대출 및 수취채권 대손충당금환입\n2,365\n3,073\n548\n4,955\n파생상품거래이익\n16,938\n25,475\n22,359\n67,361\n파생상품평가이익\n51,004\n52,450\n(8,406)\n3,733\n파생상품관련이익 소계\n67,942\n77,925\n13,953\n71,094\n당기손익-공정가치 측정 금융자산 배당수익\n11,182\n34,928\n8,719\n37,883\n관계종속기업투자주식배당수익\xa0\n-\n74\n-\n-\n\xa0배당수익 소계\xa0\n11,182\n35,002\n8,719\n37,883\n외환거래이익\n외환차익\n38,456\n118,174\n41,484\n137,521\n외화환산이익\n(89,536)\n40,892\n50,852\n134,768\n소계\n(51,080)\n159,066\n92,336\n272,289\n금융수익 합계\n111,198\n1,996,353\n216,419\n2,313,910\n이자비용\n당좌차월이자\n-\n3\n1\n4\n차입금이자\xa0\n-\n274\n-\n371\n발행채권이자\n2,963\n8,857\n5,169\n15,476\n기타이자비용(*2)\n137\n402\n46\n143\n소계\n3,100\n9,536\n5,216\n15,994\n금융상품투자손실\n당기손익-공정가치 측정 금융자산 처분손실\xa0\n22,893\n74,045\n28,864\n65,570\n당기손익-공정가치 측정 금융상품 평가손실\n142,145\n297,117\n61,928\n209,198\n\xa0 \xa0당기손익-공정가치 측정 금융자산 관련비용 소계\n165,038\n371,162\n90,792\n274,768\n기타포괄손익-공정가치 측정 금융자산 처분손실\xa0\n1,317\n2,127\n664\n1,619\n기타포괄손익-공정가치 측정 금융자산 대손상각비\n2\n\xa0 \xa0 26\n1\n195\n기타포괄손익-공정가치 측정 금융자산 관련비용 소계\n1,319\n2,153\n\xa0665\n1,814\n상각후원가 측정 유가증권 대손상각비\n-\n-\n-\n-\n상각후원가 측정 대출 및 수취채권 대손상각비\n1,590\n6,609\n(382)\n6,684\n파생상품거래손실\n23,225\n139,384\n66,931\n263,931\n파생상품평가손실\n(107,899)\n40,061\n49,875\n124,637\n파생상품관련손실 소계\n(84,674)\n179,445\n116,805\n388,568\n외환거래손실\n외환차손\n6,724\n20,409\n11,476\n46,263\n외화환산손실\n347\n471\n69\n104\n소계\n7,071\n20,880\n11,545\n46,367\n금융비용 합계\n93,444\n589,786\n224,642\n734,195\n순금융손익\n17,754\n1,406,567\n(8,223)\n1,579,715\n(*1) 2024년 중 주가지수, 금리 등 경제환경의 변화로 당기손익-공정가치 측정 금융자산의 공정가치가 상승하였으며, 당사는 채권 및 채권형 수익증권의 \xa0공정가치 변동금액 138,587백만원을 당분기 중 포괄손익계산서상 당기손익으로 인식하였습니다. 당사의 투자서비스와 보험서비스에 따른 전반적인 재무성과는 주석 16에서 공시하고 있습니다.\n(*2) 당분기 및 전분기 기타이자비용 중 리스이자비용은 각각 372백만원, 123백만원입니다.\xa0\n27. 사업비 및 재산관리비\n1) 보험서비스비용에 포함된 실제 발생한 사업비당분기와 전분기 중 보험서비스비용에 포함된 실제 발생한 사업비의 내역은 다음과 같습니다.\n(단위: 백만원)\n구분\n당분기\n전분기\n보험취득현금흐름\n계약유지비용\n투자관리비용\n손해조사비용\n합 \xa0 계\n보험취득현금흐름\n계약유지비용\n투자관리비용\n손해조사비용\n합 \xa0 계\n감가상각비\n3,453\n4,270\n106\n9\n7,838\n3,276\n4,015\n112\n18\n7,421\n광고선전비\n-\n29\n-\n-\n29\n-\n44\n-\n-\n44\n급여\n18,972\n15,169\n1,705\n843\n36,689\n18,976\n15,270\n1,802\n755\n36,803\n보험료\n-\n-\n-\n-\n-\n-\n-\n11\n-\n11\n복구공사손실\n28\n35\n-\n-\n63\n39\n49\n-\n-\n88\n복구충당부채전입액\n15\n18\n-\n-\n33\n5\n6\n-\n-\n11\n복리후생비\n604\n489\n53\n21\n1,167\n568\n465\n56\n28\n1,117\n비례수당\n8\n-\n-\n-\n8\n93\n-\n-\n-\n93\n세금과공과\n-\n19,320\n-\n-\n19,320\n-\n11,965\n-\n-\n11,965\n수금사무비\n-\n2,674\n-\n-\n2,674\n-\n2,804\n-\n-\n2,804\n수도광열비\n1,050\n1,008\n150\n9\n2,217\n1,144\n970\n148\n12\n2,274\n수수료\n5,335\n6,821\n7,092\n1,978\n21,226\n3,773\n5,041\n7,185\n1,720\n17,719\n여비교통비\n65\n64\n22\n3\n154\n74\n53\n27\n4\n158\n인쇄비\n741\n10\n-\n-\n751\n714\n33\n5\n-\n752\n전산비\n1,237\n1,148\n251\n3\n2,639\n1,338\n1,160\n261\n3\n2,762\n조사연구비\n-\n-\n-\n21\n21\n-\n-\n-\n22\n22\n지급임차료\n136\n131\n16\n1\n284\n122\n106\n13\n1\n242\n진단비\n130\n-\n-\n-\n130\n178\n-\n-\n-\n178\n차량유지비\n21\n19\n1\n-\n41\n48\n33\n2\n-\n83\n통신비\n96\n112\n26\n7\n241\n94\n108\n23\n6\n231\n퇴직급여\n2,596\n1,947\n179\n75\n4,797\n2,156\n1,934\n180\n65\n4,335\n특별상여금\n2,087\n2,553\n342\n5\n4,987\n5,537\n6,718\n741\n-\n12,996\n판매촉진비\n50,049\n-\n-\n-\n50,049\n22,519\n-\n-\n-\n22,519\n협회비\n-\n1,122\n30\n-\n1,152\n-\n1,106\n29\n-\n1,135\n기타제비\n247,502\n-\n303\n-\n247,805\n207,310\n-\n382\n-\n207,692\n소 \xa0 계\n334,125\n56,939\n10,276\n2,975\n404,315\n267,964\n51,880\n10,977\n2,634\n333,455\n보험취득현금흐름이연액\n(334,125)\n-\n-\n-\n(334,125)\n(267,964)\n-\n-\n-\n(267,964)\n합 \xa0 계\n-\n56,939\n10,276\n2,975\n70,190\n-\n51,880\n10,977\n2,634\n65,491\n2) 기타사업비\n당분기와 전분기 중 발생한 기타사업비의 내역은 다음과 같습니다.\n(단위 : 백만원)\n구분\n당분기\n전분기\n3개월\n누적\n3개월\n누적\n기타신계약비\n판매촉진비\n2,634\n6,083\n2,170\n4,747\n인쇄비\n24\n81\n20\n76\n광고선전비\n29\n54\n22\n65\n교육훈련비\n138\n442\n126\n374\n기타제비\n2,220\n6,818\n2,312\n6,949\n소계\n5,045\n13,478\n4,650\n12,211\n유지비\n급여\n890\n2,652\n875\n2,616\n특별상여금\n223\n498\n(176)\n1,339\n복리후생비\n2,352\n6,346\n2,241\n6,643\n퇴직급여\n106\n350\n110\n347\n수도광열비\n64\n181\n57\n166\n지급임차료\n7\n24\n6\n18\n광고선전비\n1,435\n4,079\n1,507\n4,369\n감가상각비\n292\n849\n270\n795\n세금과공과\n2,644\n7,378\n2,733\n8,550\n수수료\n2,273\n7,972\n2,052\n7,331\n기타제비용\n978\n3,142\n1,169\n3,927\n소계\n11,264\n33,471\n10,844\n36,101\n합계\n16,309\n46,949\n15,494\n48,312\n3) 재산관리비\n당분기와 전분기 중 발생한 재산관리비의 내역은 다음과 같습니다.\n(단위 : 백만원)\n구분\n당분기\n전분기\n3개월\n누적\n3개월\n누적\n급여\n2,161\n6,257\n2,041\n6,184\n특별상여금\xa0\n151\n557\n(119)\n534\n퇴직급여\n200\n606\n178\n875\n복리후생비\xa0\n236\n675\n232\n744\n수도광열비\xa0\n203\n604\n213\n508\n지급임차료\n12\n39\n8\n18\n수선비\xa0\n1\n4\n1\n7\n관리용역비\n354\n1,130\n315\n995\n수수료\xa0\n608\n2,119\n1,317\n2,767\n교육훈련비\xa0\n8\n33\n7\n40\n전산비\xa0\n194\n609\n214\n606\n세금과공과\xa0\n233\n677\n251\n729\n감가상각비\xa0\n48\n137\n52\n153\n기타제비용\n254\n808\n338\n958\n합계\n4,663\n14,255\n5,048\n15,118\n28. 기타수익 및 기타비용\n당분기와 전분기 중 기타수익 및 기타비용의 구성내역은 다음과 같습니다.\n(단위 : 백만원)\n구분\n당분기\n전분기\n3개월\n누적\n3개월\n누적\n기타수익\n임대료수익\n121\n249\n118\n406\n신탁보수\n3,295\n11,131\n2,527\n9,037\n기타투자수익 등\n37,689\n109,199\n33,323\n105,840\n합계\n41,105\n120,579\n35,968\n115,283\n기타비용\n기타투자비용 등\n25,739\n99,564\n40,181\n140,108\n무형자산상각비\n3,557\n10,640\n3,456\n10,081\n합계\n29,296\n110,204\n43,637\n150,189\n29. 영업외수익 및 영업외비용\n당분기와 전분기 중 영업외수익 및 영업외비용의 구성내역은 다음과 같습니다.\n(단위 : 백만원)\n구분\n당분기\n전분기\n3개월\n누적\n3개월\n누적\n영업외수익\n유형자산처분이익\n940\n989\n1,230\n1,307\n잡이익\n857\n5,871\n1,426\n3,650\n합계\n1,797\n6,860\n2,656\n4,957\n영업외비용\n유형자산처분손실\n947\n1,048\n1,244\n1,430\n기부금\n122\n411\n73\n524\n잡손실 등\n2,801\n5,513\n2,143\n6,488\n합계\n3,870\n6,972\n3,460\n8,442\n30. 법인세비용법인세비용은 당기법인세비용에서 과거기간 당기법인세에 대하여 당기에 인식한 조정사항, 일시적차이의 발생과 소멸로 인한 이연법인세비용(수익) 및 당기손익 이외로인식되는 항목과 관련된 법인세비용(수익)을 조정하여 산출하였습니다. 당분기 법인세비용의 평균유효세율은 17.42%(전분기 22.29%)입니다.\n31. 주당이익(1) 기본주당이익\n당분기와 전분기의 기본주당이익은 보통주에 귀속되는 이익에 대하여 주당이익을 계산한 것입니다.\n(단위: 원, 주)\n구분\n당분기\n전분기\n3개월\n누적\n3개월\n누적\n보통주 분기순이익\n3,521,129,493\n62,171,247,067\n24,466,527,159\n159,231,339,460\n가중평균유통보통주식수(*1)\n130,480,000\n130,480,000\n130,480,000\n130,480,000\n기본주당이익\n27\n476\n188\n1,220\n(*1) 가중평균유통보통주식수 계산내역\n(단위: 주)\n구분\n당분기\n전분기\n3개월\n누적\n3개월\n누적\n가중평균총발행주식수(a)\n177,016,189\n177,016,189\n177,016,189\n177,016,189\n가중평균자기주식수(b)\n46,536,189\n46,536,189\n46,536,189\n46,536,189\n가중평균유통보통주식수(a-b)\n130,480,000\n130,480,000\n130,480,000\n130,480,000\n(2) 희석주당이익당분기 및 전분기 중 희석효과가 발생하지 아니하여 희석주당이익은 기본주당이익과동일합니다.\xa0\n32. 현금흐름표에 대한 주석(1) 당분기와 전분기 중 비용 및 수익의 조정내역은 다음과 같습니다.\n(단위: 백만원)\n구분\n당분기\n전분기\n보험수익\xa0\n(724,555)\n(680,131)\n재보험수익\xa0\n(19,386)\n(15,183)\n보험금융수익\xa0\n(330,347)\n(349,072)\n재보험금융수익\xa0\n(1,312)\n(1,058)\n보험서비스비용\xa0\n574,435\n511,145\n재보험서비스비용\xa0\n16,279\n16,733\n보험금융비용\xa0\n1,765,021\n1,801,269\n재보험금융비용\xa0\n802\n689\n당기손익-공정가치 측정 금융자산 평가 및 처분이익\n(1,004,144)\n(1,244,091)\n당기손익-공정가치 측정 금융자산 평가 및 처분손실\n319,228\n209,198\n파생상품거래및평가순손익\xa0\n7,791\n186,211\n기타포괄손익-공정가치 측정 금융상품 처분이익\n(40,981)\n(1,520)\n기타포괄손익-공정가치 측정 금융상품 처분손실\n2,127\n1,619\n이자수익\n(380,482)\n(415,406)\n이자비용\n9,535\n15,994\n배당금수익\n(35,002)\n(37,883)\n대손상각비\n6,635\n6,879\n대손충당금환입\n(3,253)\n(5,035)\n감가상각비\n8,824\n8,368\n유형자산처분이익\n(989)\n(1,307)\n유형자산처분손실\n1,048\n1,430\n무형자산상각비\n10,640\n10,081\n퇴직급여\n1,352\n1,257\n복구공사손실(이익)\n70\n11\n복구충당부채전입(환입)\n37\n11\n미사용약정충당부채 전입(환입)\n274\n(18)\n외화환산이익\n(40,892)\n(134,768)\n외화환산손실\n471\n104\n법인세비용\n13,117\n45,664\n기타수익\n(107,356)\n(104,115)\n합계\n48,987\n\xa0 (172,924)\n(2) 당분기와 전분기 중 영업활동으로 인한 자산ㆍ부채의 변동내역은 다음과 같습니다.\n(단위: 백만원)\n구분\n당분기\n전분기\n당기손익-공정가치 측정 금융자산 증감\n758,517\n79,680\n상각후원가 측정 대출채권 증감\xa0\n471,682\n455,509\n상각후원가 측정 수취채권의 증감\n186,547\n(128,135)\n기타자산의 증감\n(1,866)\n(2,047)\n파생상품자산의 증감\n28,595\n30,642\n보험계약부채 증감\xa0\n(1,850,123)\n(1,126,839)\n재보험계약부채 증감\xa0\n2,146\n(1,120)\n투자계약부채 증감\xa0\n(347,781)\n(725,565)\n복구충당부채 증감\xa0\n(39)\n(88)\n기타부채의 증감\n(121,390)\n(18,363)\n퇴직급여채무\n218\n225\n합계\n(873,494)\n(1,436,101)\n(3) 당분기와 전분기 중 현금의 유입과 유출이 없는 중요한 거래는 다음과 같습니다.\n(단위: 백만원)\n구분\n당분기\n전분기\n기타포괄손익-공정가치 측정 금융자산 평가손익의 변동(기타포괄손익)\n242,270\n(247,039)\n보험계약금융가정변동기타포괄손익의 변동(기타포괄손익)\n(870,949)\n265,602\n재보험계약금융가정변동기타포괄손익의 변동(기타포괄손익)\n370\n2,910\n현금흐름위험회피평가손익의 변동(기타포괄손익)\n55,866\n1,071\n(4) 당기와 전기 중 연결대상수익증권의 취득 및 처분으로 인한 현금흐름은 다음과 같습니다.\xa0\n(단위: 백만원)\n구분\n당기\n전기\n연결대상수익증권의 취득\n3,601\n15,167\n연결대상수익증권의 처분\n-\n(57,143)\n(5) 당분기 및 전분기 중 재무활동에서 생기는 부채의 변동은 다음과 같습니다.\xa0\n1) 당분기\n(단위 : 백만원)\n구분\n기초\n증가(차입 등)\n감소(상환 등)\n기타(상각 등)\n분기말\n차입부채\n549,321\n-\n(250,000)\n82\n299,403\n리스부채\n3,252\n13,123\n(4,256)\n(606)\n11,513\n임대보증금\n111\n-\n-\n3\n114\n합계\n552,684\n13,123\n(254,256)\n(521)\n311,030\n2) 전분기\n(단위: 백만원)\n구분\n기초\n증가(차입 등)\n감소(상환 등)\n기타(상각 등)\n분기말\n차입부채\n998,790\n-\n(500,000)\n101\n498,891\n리스부채\n7,276\n2,381\n(3,806)\n(1,190)\n4,661\n임대보증금\n26\n92\n-\n(7)\n111\n합계\n1,006,092\n2,473\n(503,806)\n(1,096)\n503,663\n(6) 당분기와 전분기 중 리스관련 총 현금유출액은 다음과 같습니다.\xa0\n(단위: 백만원)\n구분\n당분기\n전분기\n리스부채 상환\n4,256\n3,806\n소액리스료 지급\n56\n52\n단기리스료 지급\n35\n30\n리스이자비용\n372\n123\n합계\n4,719\n4,011\n33. 우발부채 및 약정사항\n(1) 당분기말 현재 당사의 계류중인 소송사건의 내역은 다음과 같습니다.\n(단위 : 백만원)\n구분\n종목\n소송금액\n내용\n원고\n보험금\n113\n손해배상 등\n보험금이외\n13,713\n기타손해배상 등\n합계\n13,826\n피고\n보험금\n1,297\n손해배상 등\n보험금이외\n1,275\n기타손해배상 등\n합계\n2,572\n상기 피고로 제소된 건과 관련하여 보험업감독규정 및 한국채택국제회계기준 제 1037호 '충당부채와 우발부채ㆍ우발자산'을 준용하여 합리적으로 산출한 금액을 보험계약부채 중 발생사고부채 및 기타부채 중 미지급금으로 적립하고 있습니다. 이러한 소송사건의 최종결과는 현재로서는 예측할 수 없습니다.(2) 보험약정당분기말 및 전기말 현재 당사가 고객과의 각종 보험계약에 의거 약정한 보험계약과 관련한 내용은 다음과 같습니다.\n(단위 : 천건, 백만원)\n구분\n당분기말\n전기말\n건수\n보유계약고\n건수\n보유계약고\n보험약정\n2,921\n80,839,311\n2,930\n83,593,964\n(3) 재보험협약당분기말 현재 당사는 일반보험, 종신보험, 상해보험, 암ㆍ건강보험, CI보험, 실손보험 및 변액ㆍ고액연금양로보험 등에 대하여 코리안리재보험㈜, Munich ReinsuranceCompany, General Re Corporation 및 Reinsurance Group of America Inc., Swiss Re, Scor Re와 출재협약을 체결하고 있습니다.\n(4) 파생상품1) 당분기말 및 전기말 현재 당사의 파생상품의 내역은 다음과 같습니다.i) 당분기말 \xa0\n(단위 : 백만원)\n구분\n매매목적\n위험회피목적\n합계\n자산\n부채\n자산\n부채\n자산 계\n부채 계\n통화선도(*)\n49,997\n7\n9\n3,120\n50,006\n3,127\n통화스왑(*)\n-\n-\n7,486\n14,913\n7,486\n14,913\n채권선도(*)\n-\n-\n211,689\n701\n211,689\n701\n합계\n49,997\n7\n219,184\n18,734\n269,181\n18,741\n(*)당사는 채권의 환율 및 이자율 변동 등에 따른 미래공정가치 및 현금흐름의 변동 위험을 회피하기 위하여 통화선도, 통화스왑 및 채권선도 계약을 체결하고 있으며, 위험에 노출되는 예상 최장기간은 2030년 12월 16일까지 입니다.\nii) 전기말\n(단위 : 백만원)\n구분\n매매목적\n위험회피목적\n합계\n자산\n부채\n자산\n부채\n자산 계\n부채 계\n통화선도(*)\n31,156\n530\n4,285\n110\n35,441\n640\n통화스왑(*)\n-\n-\n35,167\n17,057\n35,167\n17,057\n채권선도(*)\n-\n-\n131,487\n2,944\n131,487\n2,944\n합계\n31,156\n530\n170,939\n20,111\n202,095\n20,641\n(*)당사는 채권의 환율 및 이자율 변동 등에 따른 미래공정가치 및 현금흐름의 변동위험을 회피하기 위하여 통화선도, 통화스왑 및 채권선도 계약을 체결하고 있으며, 위험에 노출되는 예상 최장기간은 2030년 12월 10일까지입니다.\n2) 당분기 및 전분기 중 파생상품 관련 평가손익의 내역은 다음과 같습니다.\ni) 당분기\n(단위 : 백만원)\n구분\n매매목적\n위험회피목적\n미결제약정금액\n평가이익(PL)\n평가손실(PL)\n미결제약정금액\n평가이익(PL)\n평가손실(PL)\n평가손익잔액(B/S)\n통화선도\n1,661,223\n49,660\n1,701\n191,668\n270\n5,750\n(564)\n통화스왑\n-\n-\n-\n1,533,113\n2,510\n32,567\n(608)\n채권선도\n-\n-\n-\n2,446,625\n10\n43\n163,759\n합계\n1,661,223\n49,660\n1,701\n4,171,406\n2,790\n38,360\n162,587\nii) 전분기\n(단위 : 백만원)\n구분\n매매목적\n위험회피목적\n미결제약정금액\n평가이익(PL)\n평가손실(PL)\n미결제약정금액\n평가이익(PL)\n평가손실(PL)\n평가손익잔액(B/S)\n통화선도\n1,929,934\n3,379\n50,423\n196,619\n354\n4,457\n429\n통화스왑\n404,449\n-\n27,254\n1,450,283\n-\n40,094\n10,256\n채권선도\n28,444\n-\n2,282\n1,108,170\n-\n128\n(44,582)\n합계\n2,362,827\n3,379\n79,959\n2,755,072\n354\n44,679\n(33,897)\n3) 당분기말 및 전기말 현재 당사가 파생상품거래와 관련하여 담보로 설정한 금액은 \xa0다음과 같습니다.\n(단위 : 백만원)\n제공기관\n유가증권명\n당분기말\n전기말\nNH투자증권\n국공채 외\n38,000\n20,000\n국민은행\n국공채 외\n6,453\n4,453\n메리츠증권\n국공채 외\n-\n6,550\n신한은행\n국공채 외\n54,740\n4,950\nIBK기업은행\n국공채 외\n32,585\n6,885\nKDB산업은행\n국공채 외\n8,970\n-\n한국스탠다드차타드은행\n국공채 외\n72,200\n14,200\n호주뉴질랜드은행\n국공채 외\n14,000\n-\n한국씨티은행\n국공채 외\n43,100\n37,400\n아이비케이투자증권\n국공채 외\n23,100\n7,100\n키움증권\n국공채 외\n-\n2,700\n합 계\n293,148\n104,238\n상기 금액은 담보로 설정된 자산의 액면금액입니다. 4) 당분기와 전분기 중 기타포괄손익누계액에 계상된 위험회피목적 파생상품평가손익의 증감내역은 다음과 같습니다.1)당분기\n(단위 : 백만원)\n구분\n기초\n처분\n평가\n분기말\n위험회피목적파생상품평가손익\n137,757\n(26,851)\n98,559\n209,465\n이연법인세 효과\n(31,036)\n(46,878)\n합계\n106,721\n162,587\n2)전분기\n(단위 : 백만원)\n구분\n기초\n처분\n평가\n분기말\n위험회피목적파생상품평가손익\n(45,242)\n29,065\n(27,578)\n(43,755)\n이연법인세 효과\n10,274\n9,858\n합계\n(34,967)\n(33,897)\n(5) 구조화예금당분기말 및 전기말 현재 당사가 보유하고 있는 예금 중 구조화예금의 내역은 다음과같습니다.1) 당분기말\n(단위 : 백만원)\n구분\n\xa0종류\n예치금액\n만기금액\nZero coupon deposit(HSBC)\nKR9104990001\n10,000\n27,878\nKR9104990003\n10,000\n30,019\nKR9104990005\n10,000\n31,412\n신한은행구조화예금PowerSpread RA(*1)\nC26KR1605001\n20,000\n-\nJPMorgan원화구조화예금(*1)\nC26KR1603001\n30,000\n-\n한국산업은행콜옵션부구조화예금(*2)\nC26KR2009001\n30,000\n-\n(*1) 변동이율로 만기금액 측정이 불가능합니다.(*2) 거래상대방이 조기해지권 행사 가능성이 존재하여 만기금액 측정이 불가능합니다.\n2) 전기말\n(단위 : 백만원)\n구분\n\xa0종류\n예치금액\n만기금액\nZero coupon deposit(HSBC)\nKR9104990001\n10,000\n27,878\nKR9104990003\n10,000\n30,019\nKR9104990005\n10,000\n31,412\n신한은행구조화예금PowerSpread RA(*1)\nC26KR1605001\n20,000\n-\nJPMorgan원화구조화예금(*1)\nC26KR1603001\n30,000\n-\n한국산업은행콜옵션부구조화예금(*2)\nC26KR2009001\n30,000\n-\n(*1) 변동이율로 만기금액 측정이 불가능합니다.(*2) 거래상대방이 조기해지권 행사 가능성이 존재하여 만기금액 측정이 불가능합니다.\n(6) 당분기말 및 전기말 현재 당사가 금융기관과 체결하고 있는 약정 한도는 다음과 같습니다.\n(단위 : 백만원)\n약정사항\n금융기관\n당분기말\n전기말\n당좌대출\n신한은행㈜\n40,000\n40,000\n하나은행㈜\n10,000\n10,000\n합계\n50,000\n50,000\n(7) 당분기말 및 전기말 현재 당사의 기타 약정사항 내역은 다음과 같습니다.\xa0\n(단위 : 백만원)\n구분\n당분기말\n전기말\n출자약정\n702,782\n839,422\n대출약정\n337,841\n522,215\n합계\n1,040,623\n1,361,637\n(8) 당분기말 현재 당사는 서울보증보험(주)로부터 소송사건의 공탁금, 계약입찰보증금, 공과금 지급연체보증, 이행보증보험 등과 관련하여 1,769백만원(전기말: 461백만원)의 지급보증을 제공받고 있습니다.\n(9) 금융자산의 양도당사는 유가증권 대여약정을 보유하고 있으며, 이러한 거래는 금융자산을 양도하였으나 제거조건을 충족하지 못하여 양도자산 전체를 재무상태표상 계속하여 인식하고있습니다. 대여유가증권의 경우 대여기간 만료시 해당 유가증권을 반환받게 되어 소유에 따른 위험과 보상의 대부분을 보유하고 있습니다. 당분기말 및 전기말 현재 양도된 자산의 장부가액과 이와 관련한 부채금액은 다음과 같습니다.\n1) 당분기말\n(단위 : 백만원)\n구분\n양도된 자산의 장부금액\n대여처\n당기손익-공정가치측정금융자산\n기타포괄손익-공정가치측정금융자산\n상각후원가측정금융자산\n합계\n채무증권(국공채)\n-\n1,064,539\n-\n1,064,539\n한국증권금융\n-\n149,395\n-\n149,395\n예탁결제원\n합 계\n-\n1,213,934\n-\n1,213,934\n2) 전기말\n(단위 : 백만원)\n구분\n양도된 자산의 장부금액\n대여처\n당기손익-공정가치측정금융자산\n기타포괄손익-공정가치측정금융자산\n상각후원가측정금융자산\n합계\n채무증권(국공채)\n-\n168,982\n-\n168,982\n한국증권금융\n-\n892,760\n-\n892,760\n예탁결제원\n합 계\n-\n1,061,742\n-\n1,061,742\n(10) 금융자산과 금융부채의 상계당사는 파생상품, 환매조건부채권매매, 유가증권 대차거래 등과 관련하여 파생상품 청산약정, 국제표준환매약정, 국제표준증권대여약정 및 금융담보 등의 실행가능한 일괄상계약정 또는 이와 유사한 약정의 적용을 받고 있습니다.1) 당분기말 및 전기말 현재 실행가능한 일괄상계약정 또는 이와 유사한 약정의 적용을 받는 인식된 금융자산의 종류별 내역은 다음과 같습니다.i) 당분기말\n(단위: 백만원)\n구분\n자산총액\n상계된부채총액\n재무상태표표시 순액\n상계되지 않은 금액\n순액\n금융상품\n담보\n파생상품자산\n269,181\n-\n269,181\n151,000\n-\n118,181\nii) 전기말\n(단위: 백만원)\n구분\n자산총액\n상계된부채총액\n재무상태표표시 순액\n상계되지 않은 금액\n순액\n금융상품\n담보\n파생상품자산\n202,095\n-\n202,095\n100,378\n-\n101,717\n2) 당분기말 및 전기말 현재 실행가능한 일괄상계약정 또는 이와 유사한 약정의 적용을 받는 인식된 금융부채의 종류별 내역은 다음과 같습니다.\ni) 당분기말\n(단위: 백만원)\n구분\n부채총액\n상계된자산총액\n재무상태표표시 순액\n상계되지 않은 금액\n순액\n금융상품\n담보\n파생상품부채\n18,742\n-\n18,742\n18,742\n-\n-\nii) 전기말\n(단위: 백만원)\n구분\n부채총액\n상계된자산총액\n재무상태표표시 순액\n상계되지 않은 금액\n순액\n금융상품\n담보\n파생상품부채\n20,641\n-\n20,641\n20,641\n-\n-\n환매조건부채권매도\n250,000\n-\n250,000\n250,000\n-\n-\n(11) 즉시연금 상품과거 보험금을 지급한 즉시연금 상품에 대해 2018년 7월 금융감독원의 일괄규제 적용을 발표함에 따라 당사는 보험금을 추가 지급할 가능성이 있습니다. 당사는 당분기말 현재 추가지급금액을 합리적으로 추정하여 재무제표에 반영하였습니다.\n34. 특수관계자\n(1) 당분기말 및 전기말 현재 당사의 특수관계자는 다음과 같습니다.\xa0\n구분\n당분기말\n전기말\n지배기업\n미래에셋캐피탈㈜\n미래에셋캐피탈㈜\n당사에 유의적인 영향력을 행사하는 기업\n미래에셋증권㈜, 미래에셋자산운용㈜\n미래에셋증권㈜, 미래에셋자산운용㈜\n종속기업\n미래에셋금융서비스㈜, 미래에셋맵스프런티어호주사모부동산자투자신탁1-2호(파생형), 미래에셋맵스프런티어미국사모부동산투자신탁6-1호(파생형)\n미래에셋금융서비스㈜, 미래에셋맵스프런티어호주사모부동산자투자신탁1-2호(파생형), 미래에셋맵스프런티어미국사모부동산투자신탁6-1호(파생형)\n관계기업\n미래에셋프레보아생명보험, KGA에셋㈜, 지에이엘씨솔루션주식회사\n미래에셋프레보아생명보험, KGA에셋㈜, 지에이엘씨솔루션주식회사\n대규모 기업집단\n미래에셋컨설팅㈜, 수원학교사랑㈜, 와이케이디벨롭먼트주식회사, 미래에셋벤처투자㈜, 미래에셋파트너스사호사모투자전문회사, 미래에셋파트너스오호사모투자전문회사, 미래에셋파트너스제구호사모투자합자회사, 시니안유한회사, 에너지인프라자산운용주식회사, 오딘제7차유한회사, 오딘제9차유한회사, 미래에셋글로벌유니콘사모투자합자회사, 미래에셋네이버아시아그로쓰사모투자합자회사, 미래에셋증권글로벌제일호사모투자합자회사, 오딘제8차유한회사, 미래에셋증권코리아제이호사모투자합자회사, 에스케이에스미래에셋기업재무안정사모투자합자회사, 에스케이에스미래에셋콘텐츠유한회사, 자스민제일호(유), 미래에셋큐리어스구조혁신기업재무안정사모투자합자회사, 미래에셋매니지먼트(주), 미래에셋이에스지기업재무안정사모투자합자회사, 미래에셋위반도체1호창업벤처전문사모투자합자회사, 미래에셋이노베이션엑스원(유), 미래에셋파트너스제11호사모투자합자회사, 큐리어스에이드(유)\n미래에셋컨설팅㈜, 수원학교사랑㈜, 와이케이디벨롭먼트주식회사, 멀티에셋자산운용㈜, 미래에셋벤처투자㈜, 미래에셋파트너스사호사모투자전문회사, 미래에셋파트너스오호사모투자전문회사, 미래에셋파트너스제구호사모투자합자회사, 시니안유한회사, 에너지인프라자산운용주식회사, 오딘제7차유한회사, 오딘제9차유한회사, 미래에셋글로벌유니콘사모투자합자회사, 오딘제10차유한회사, 미래에셋네이버아시아그로쓰사모투자합자회사, 미래에셋증권글로벌제일호사모투자합자회사, 오딘제8차유한회사, 미래에셋증권코리아제이호사모투자합자회사, 미래에셋증권코리아제삼호사모투자합자회사, 에스케이에스미래에셋기업재무안정사모투자합자회사, 에스케이에스미래에셋콘텐츠유한회사, 자스민제일호(유), 미래에셋큐리어스구조혁신기업재무안정사모투자합자회사, 미래에셋매니지먼트(주), 미래에셋파트너스제10호사모투자합자회사, 미래에셋이에스지기업재무안정사모투자합자회사, 미래에셋위반도체1호창업벤처전문사모투자합자회사, 엠큐그로쓰파트너유한회사, 미래에셋이노베이션엑스원(유), 미래에셋파트너스제11호사모투자합자회사\n기타 특수관계자\n사회복지법인미래에셋박현주재단, 미래에셋맵스프런티어사모부동산투자신탁18호, 미래에셋맵스프런티어사모부동산투자신탁28호, 미래에셋맵스아시아퍼시픽부동산공모일호투자회사, 미래에셋맵스인디아프런티어사모부동산투자신탁1호, 미래에셋맵스프런티어사모부동산투자신탁27호, Global X Management Company Inc., 미래에셋맵스미국전문투자형사모부동산투자신탁15-2호, 미래에셋맵스미국전문투자형사모부동산투자신탁15-4호, MAVI신성장 좋은기업 투자조합 1호, MAVI신성장 좋은기업 투자조합 2호, 미래에셋맵스프런티어사모부동산투자신탁29호, 미래에셋맵스전문투자형사모부동산투자신탁11호, 하나대체미국발전소전문투자형사모특별자산투자신탁5-1호, 멀티에셋칠레태양광전문투자형사모투자신탁제1호, 미래에셋맵스프런티어NPL사모부동산투자신탁1호, 미래에셋맵스프런티어미국사모부동산투자신탁3호, 미래에셋맵스프런티어미국사모부동산투자신탁4호, 미래에셋스마트Q아비트라지파워플러스전문투자형사모투자신탁1호, \xa0미래에셋스마트Q아비트라지플러스전문투자형사모투자신탁3호, 미래에셋 Equitix Fund 3-5호, 미래에셋-현대중공업지주신성장투자조합1호, 미래에셋글로벌뉴그린투자조합1호, 미래에셋맵스프런티어사모차이나부동산투자신탁1호, 다함께코리아 한국투자 민간투자풀 전문투자형 사모 증권 투자신탁 10호\n사회복지법인미래에셋박현주재단, 미래에셋맵스프런티어사모부동산투자신탁18호, 미래에셋맵스프런티어사모부동산투자신탁28호, 미래에셋맵스아시아퍼시픽부동산공모일호투자회사, 미래에셋맵스인디아프런티어사모부동산투자신탁1호, 미래에셋맵스프런티어사모부동산투자신탁27호, Global X Management Company Inc., 미래에셋맵스미국전문투자형사모부동산투자신탁15-2호, 미래에셋맵스미국전문투자형사모부동산투자신탁15-4호, MAVI신성장 좋은기업 투자조합 1호, MAVI신성장 좋은기업 투자조합 2호, 미래에셋맵스프런티어사모부동산투자신탁29호, 미래에셋맵스전문투자형사모부동산투자신탁11호, 하나대체미국발전소전문투자형사모특별자산투자신탁5-1호, 멀티에셋칠레태양광전문투자형사모투자신탁제1호, 미래에셋맵스프런티어NPL사모부동산투자신탁1호, 미래에셋맵스프런티어미국사모부동산투자신탁3호, 미래에셋맵스프런티어미국사모부동산투자신탁4호, 미래에셋스마트Q아비트라지파워플러스전문투자형사모투자신탁1호, \xa0미래에셋스마트Q아비트라지플러스전문투자형사모투자신탁3호, 미래에셋 Equitix Fund 3-5호, 미래에셋-현대중공업지주신성장투자조합1호, 미래에셋글로벌뉴그린투자조합1호, 미래에셋맵스프런티어사모차이나부동산투자신탁1호, 다함께코리아 한국투자 민간투자풀 전문투자형 사모 증권 투자신탁 10호\n(2) 당분기와 전분기 중 특수관계자와의 중요한 거래내역은 다음과 같습니다.1)당분기\n(단위 : 백만원)\n구분\n회사명\n이자수익\n배당수익\n기타수익\n수수료비용\n기타비용 등\n유형자산처분\n3개월\n누적\n3개월\n누적\n3개월\n누적\n3개월\n누적\n3개월\n누적\n3개월\n누적\n지배기업\n미래에셋캐피탈㈜\n635\n1,901\n-\n-\n2\n10\n-\n-\n-\n-\n-\n-\n당사에 유의적인 영향력을 행사하는 기업\n미래에셋증권㈜\n444\n1,326\n-\n-\n16\n49\n43\n210\n103\n294\n-\n-\n미래에셋자산운용㈜\n-\n-\n-\n-\n-\n70\n573\n1,682\n-\n-\n-\n-\n종속기업\n미래에셋금융서비스㈜\n-\n-\n-\n-\n4\n24\n45,051\n127,317\n-\n-\n-\n-\n미래에셋맵스프런티어호주사모부동산자투자신탁1-2호(파생형)\n-\n-\n-\n-\n21\n63\n-\n-\n-\n-\n-\n-\n관계기업\n케이지에이에셋주식회사\n-\n-\n-\n74\n-\n-\n1,846\n4,310\n-\n-\n-\n-\n대규모 기업집단\n미래에셋컨설팅㈜\n-\n-\n-\n-\n-\n7\n3\n7\n90\n192\n-\n-\n미래에셋벤처투자㈜\n-\n-\n-\n-\n5\n15\n-\n-\n-\n-\n-\n-\n와이케이디벨롭먼트 주식회사\n-\n-\n-\n-\n117\n182\n-\n-\n701\n2,188\n-\n-\n미래에셋파트너스제구호사모투자합자회사\n-\n-\n5,045\n5,045\n-\n-\n-\n-\n1,780\n2,336\n-\n-\n기타 특수관계자\n사회복지법인미래에셋박현주재단\n-\n-\n-\n-\n-\n-\n-\n-\n-\n243\n-\n-\n미래에셋맵스프런티어사모부동산투자신탁18호\n-\n-\n-\n3,153\n20\n58\n-\n-\n-\n-\n-\n-\n미래에셋맵스프런티어사모부동산투자신탁27호\n-\n-\n-\n-\n-\n17\n-\n-\n-\n-\n-\n68\n미래에셋맵스프런티어사모부동산투자신탁28호\n-\n-\n-\n3,970\n-\n-\n-\n-\n-\n-\n-\n-\nMAVI신성장 좋은기업 투자조합 1호\n-\n-\n-\n-\n-\n-\n-\n-\n-\n245\n-\n-\nMAVI신성장 좋은기업 투자조합 2호\n-\n-\n-\n-\n-\n-\n-\n-\n-\n219\n-\n-\n미래에셋맵스전문투자형사모부동산투자신탁11호\n601\n1,789\n-\n-\n-\n-\n-\n-\n-\n-\n-\n-\n하나대체미국발전소전문투자형사모특별자산투자신탁5-1호\n-\n-\n1,038\n3,096\n7\n25\n-\n-\n-\n-\n-\n-\n멀티에셋칠레태양광전문투자형사모투자신탁제1호\n-\n-\n-\n185\n-\n-\n-\n-\n-\n176\n-\n-\n미래에셋맵스프런티어NPL사모부동산투자신탁1호\n-\n-\n-\n-\n-\n1,285\n-\n-\n-\n-\n-\n-\n미래에셋 Equitix Fund 3-5호\n-\n-\n1,074\n2,001\n-\n-\n-\n-\n-\n-\n-\n-\n미래에셋맵스프런티어사모차이나부동산투자신탁1호\n-\n-\n-\n-\n17\n52\n-\n-\n-\n-\n-\n-\n합계\n1,680\n5,016\n7,157\n17,524\n209\n1,857\n47,516\n133,526\n2,674\n5,893\n-\n68\n2) 전분기\n(단위 : 백만원)\n구분\n회사명\n이자수익\n배당수익\n기타수익\n수수료비용\n기타비용 등\n3개월\n누적\n3개월\n누적\n3개월\n누적\n3개월\n누적\n3개월\n누적\n지배기업\n미래에셋캐피탈㈜\n519\n1,611\n-\n-\n1\n7\n-\n-\n-\n-\n당사에 유의적인 영향력을 행사하는 기업\n미래에셋증권㈜\n445\n1,326\n-\n-\n4\n57\n47\n176\n12\n49\n미래에셋자산운용㈜\n-\n-\n-\n-\n-\n101\n520\n1,593\n-\n-\n종속기업\n미래에셋금융서비스㈜\n-\n-\n-\n-\n-\n17\n38,543\n100,799\n-\n-\n미래에셋맵스프런티어브라질사모부동산투자신탁1호\n-\n-\n-\n1,081\n-\n5,196\n-\n-\n-\n-\n미래에셋맵스프런티어호주사모부동산자투자신탁1-2호(파생형)\n-\n-\n-\n-\n277\n319\n-\n-\n-\n-\n관계기업\n케이지에이에셋주식회사\n-\n-\n-\n-\n-\n-\n1,488\n3,357\n-\n-\n대규모 기업집단\n미래에셋컨설팅㈜\n-\n-\n-\n-\n1\n16\n2\n6\n33\n134\n미래에셋벤처투자㈜\xa0\n-\n-\n-\n-\n5\n17\n-\n-\n-\n-\n와이케이디벨롭먼트 주식회사\n-\n-\n-\n-\n117\n353\n-\n-\n702\n2,132\n미래에셋파트너스제구호사모투자합자회사\n-\n-\n2,206\n2,277\n-\n-\n-\n-\n1,619\n1,837\n기타 특수관계자\n사회복지법인미래에셋박현주재단\n-\n-\n-\n-\n-\n-\n-\n-\n-\n268\n미래에셋맵스프런티어사모부동산투자신탁18호\n-\n-\n-\n-\n18\n54\n-\n-\n-\n-\n미래에셋맵스프런티어사모부동산투자신탁28호\n-\n-\n-\n3,441\n-\n-\n-\n-\n-\n-\n미래에셋맵스인디아프런티어사모부동산투자신탁1호\n-\n-\n-\n-\n-\n80\n-\n-\n-\n-\nMAVI신성장 좋은기업 투자조합 1호\n-\n-\n-\n-\n-\n-\n-\n-\n-\n141\nMAVI신성장 좋은기업 투자조합 2호\n-\n-\n-\n-\n-\n-\n-\n-\n-\n121\n미래에셋맵스전문투자형사모부동산투자신탁11호\n684\n1,867\n-\n-\n-\n-\n-\n-\n-\n-\n미래에셋맵스프런티어사모차이나부동산투자신탁1호\n-\n-\n-\n-\n18\n52\n-\n-\n-\n-\n멀티에셋칠레태양광전문투자형사모투자신탁제1호\n-\n-\n-\n169\n-\n53\n-\n-\n-\n-\n하나대체미국발전소전문투자형사모특별자산투자신탁5-1\n-\n-\n977\n2,949\n9\n28\n-\n-\n-\n-\n미래에셋 Equitix Fund 3-5호\n-\n-\n901\n950\n-\n-\n-\n-\n-\n-\n합계\n1,648\n4,804\n4,084\n10,867\n450\n6,350\n40,600\n105,931\n2,366\n4,682\n(3) 당분기말 및 전기말 현재 특수관계자에 대한 중요한 채권ㆍ채무잔액은 다음과 같습니다.1) 당분기말\n(단위 : 백만원)\n구분\n회사명\n채권\n채무\n대출채권\n유가증권\n기타채권\n기타채무\n지배기업\n미래에셋캐피탈㈜\n-\n51,112\n372\n-\n당사에 유의적인영향력을 행사하는 기업\n미래에셋증권㈜\n-\n49,827\n4,044\n9,375\n미래에셋자산운용㈜\n-\n-\n-\n559\n종속기업\n미래에셋금융서비스㈜\n-\n-\n-\n\xa0 \xa0 \xa0 \xa0 7,274\n대규모 기업집단\n미래에셋컨설팅㈜\n-\n-\n229\n3\n와이케이디벨롭먼트 주식회사\n-\n-\n213\n311\n기타 특수관계자\n미래에셋맵스전문투자형사모부동산투자신탁11호\n49,000\n-\n6,110\n-\n합계\n49,000\n100,939\n10,968\n17,522\n2) 전기말\n(단위 : 백만원)\n구분\n회사명\n채권\n채무\n대출채권\n유가증권\n기타채권\n기타채무\n지배기업\n미래에셋캐피탈㈜\n-\n50,830\n374\n-\n당사에 유의적인 영향력을 행사하는 기업\n미래에셋증권㈜\n-\n49,230\n3,663\n360\n미래에셋자산운용㈜\n-\n-\n-\n1,070\n종속기업\n미래에셋금융서비스㈜\n-\n-\n-\n12,968\n대규모 기업집단\n미래에셋컨설팅㈜\n-\n-\n274\n219\n와이케이디벨롭먼트 주식회사\n-\n-\n234\n280\n기타 특수관계자\n미래에셋맵스전문투자형사모부동산투자신탁11호\n49,000\n-\n5,412\n-\n합계\n49,000\n100,060\n9,957\n14,897\n(4) 당분기와 전분기 중 특수관계자와의 중요한 자금 거래내역은 다음과 같습니다.\xa0\n1)당분기\n(단위 : 백만원)\n구분\n회사명\n현금출자\n현금회수\n리스료\n당사에 유의적인 영향력을 행사하는 기업\n미래에셋증권㈜\n-\n-\n4,646\n종속기업\n미래에셋맵스프런티어미국사모부동산투자신탁6-1호(파생형)\n3,601\n-\n-\n대규모 기업집단\n미래에셋파트너스제구호사모투자합자회사\n-\n5,035\n-\n기타 특수관계자\nMAVI신성장 좋은기업 투자조합 1호\n-\n86\n-\nMAVI신성장 좋은기업 투자조합 2호\n-\n90\n-\n하나대체미국발전소전문투자형사모특별자산투자신탁5-1호\n3,491\n434\n-\n멀티에셋칠레태양광전문투자형사모투자신탁제1호\n-\n2,862\n-\n미래에셋맵스프런티어NPL사모부동산투자신탁1호\n-\n1,396\n-\n미래에셋맵스프런티어미국사모부동산투자신탁3호\n398\n-\n-\n미래에셋 Equitix Fund 3-5호\n2,881\n-\n-\n미래에셋-현대중공업지주신성장투자조합1호\n1,000\n-\n-\n합계\n11,371\n9,903\n4,646\n2) 전분기\n(단위 : 백만원)\n구분\n회사명\n현금출자\n사채취득\n현금회수\n리스료\n지배기업\n미래에셋캐피탈㈜\n-\n30,000\n50,334\n-\n당사에 유의적인 영향력을 행사하는 기업\n미래에셋증권㈜\n-\n-\n-\n4,055\n종속기업\n미래에셋맵스프런티어브라질사모부동산투자신탁1호\n-\n-\n55,530\n-\n미래에셋맵스프런티어호주사모부동산자투자신탁1-2호(파생형)\n2,229\n-\n1,612\n-\n미래에셋맵스프런티어미국사모부동산투자신탁6-1호(파생형)\n12,939\n-\n-\n-\n대규모 기업집단\n미래에셋파트너스제구호사모투자합자회사\n-\n-\n9,467\n-\n기타 특수관계자\n미래에셋맵스인디아프런티어사모부동산투자신탁1호\n-\n-\n567\n-\nMAVI신성장 좋은기업 투자조합 1호\n-\n-\n60\n-\nMAVI신성장 좋은기업 투자조합 2호\n-\n-\n60\n-\n하나대체미국발전소전문투자형사모특별자산투자신탁5-1호\n3,350\n-\n426\n-\n멀티에셋칠레태양광전문투자형사모투자신탁제1호\n253\n-\n853\n-\n미래에셋 Equitix Fund 3-5호\n10,446\n-\n-\n-\n합계\n29,217\n30,000\n118,909\n4,055\n(5) 당분기말과 전기말 현재 특수관계자에게 제공한 출자약정 등의 내역은 다음과 같습니다.\n1) 당분기말\n(단위 : 백만원)\n구분\n회사명\n출자약정액 등\n미집행금액\n기타 특수관계자\n미래에셋 Equitix Fund 3-5호\n52,967\n487\n미래에셋-현대중공업지주신성장투자조합1호\n5,000\n2,000\n다함께코리아 한국투자 민간투자풀 전문투자형 사모 증권 투자신탁 10호\n60,000\n59,400\n합계\n117,967\n61,887\n2) 전기말\n(단위 : 백만원)\n구분\n회사명\n출자약정액 등\n미집행금액\n기타 특수관계자\n미래에셋 Equitix Fund 3-5호\n49,254\n453\n미래에셋-현대중공업지주신성장투자조합1호\n5,000\n3,000\n다함께코리아 한국투자 민간투자풀 전문투자형 사모 증권 투자신탁 10호\n60,000\n59,400\n합계\n114,254\n62,853\n(6) 당분기말 및 전기말 현재 임직원에 대한 대출채권의 내역은 다음과 같습니다.\n(단위: 백만원)\n구분\n당분기말\n전기말\n지급보증대출금\n693\n770\n(7) 당분기 및 전분기 중 당사 주요 경영진에 대한 보상 내역은 다음과 같습니다.\n(단위: 백만원)\n구분\n당분기\n전분기\n3개월\n누적\n3개월\n누적\n단기종업원급여\n334\n936\n271\n814\n퇴직급여\n44\n129\n42\n125\n합계\n378\n1,065\n313\n939\n(8) 당사는 집합투자기구에 대하여 특수관계자인 미래에셋자산운용(주)와 투자일임계약을 체결하고 있습니다.\n35. 신탁계정(1) 당사는 신탁업법규정에 따라 신탁재산을 고유재산과 구분하여 회계처리하고 있으며, 신탁보수를 취득하는 경우 영업수익(수수료수익)으로 계상하고 있습니다. \xa0한편, 당분기말 현재 회사와 계약이 체결된 신탁금액은 3,498,556백만원(전기말: 3,513,423백만원)입니다.\n6. 배당에 관한 사항\n1. 정관상 배당에 관한 규정 및 배당에 관한 정책\n[정관]제46조(이익배당)\n① 이익의 배당은 금전, 주식 및 기타의 재산으로 할 수 있다.\n② 이익의 배당은 주주총회의 결의로 한다. 다만, 제43조 제4항에 따라 재무제표를 이사회가 승인하는 경우에는 이사회의 결의로 정한다.\n③ 이익의 배당을 주식으로 하는 경우 회사가 수종의 주식을 발행한 때에는 주주총회의 결의로 그와 다른 종류의 주식으로도 할 수 있다.\n④ 회사는 이사회 결의로 제1항의 배당을 받을 주주를 확정하기 위한 기준일을 정할 수 있으며, 기준일을 정한 경우 그 기준일의 2주 전에 이를 공고하여야 한다.\n⑤ 이익배당금은 주주총회에서 달리 결의된 바가 없는 한 , 배당 결의 후 1개월 이내에 지급하기로 한다. 다만, 회사의 귀책사유가 아닌 사유로 인하여 이익배당의 지급을 통지 받은 주주 또는 등록질권자에게 이익배당금을 지급할 수 없는 경우에는 해당 미지급 이익배당금에 대하여는 지급기한이 도과되더라도 그 이자를 지급하지 아니한다.\n\xa0\n제46조의2(중간배당)\n① 회사는 이사회 결의로 상법 제462조의3에 의한 중간배당을 할 수 있다② 회사는 이사회 결의로 제1항의 배당을 받을 주주를 확정하기 위한 기준일을 정할 수 있으며, 기준일을 정한 경우 그 기준일의 2주 전에 이를 공고하여야 한다.\n\xa0\xa0\n제46조의3(배당금지급청구권의 소멸시효)\n① 배당금의 지급청구권은 5년간 이를 행사하지 아니하면 소멸시효가 완성한다.\n② 제1항의 시효의 완성으로 인한 배당금은 본 회사에 귀속한다.[배당에 관한 정책]회사는 상법 및 대내외 환경요인, 재무사항 \xa0등의 요인을 종합적으로 고려하여 배당을 결정하고 있습니다. 향후 배당가능이익이 발생하면 주주가치 제고를 위한 정책을추진하겠습니다.\n2. 주요배당지표\n구 \xa0 분\n주식의 종류\n당기\n전기\n전전기\n제38기 3분기\n제37기\n제36기\n주당액면가액(원)\n5,000\n5,000\n5,000\n(연결)당기순이익(백만원)\n69,858\n102,579\n57,488\n(별도)당기순이익(백만원)\n62,171\n100,734\n56,144\n(연결)주당순이익(원)\n535\n786\n441\n현금배당금총액(백만원)\n-\n-\n-\n주식배당금총액(백만원)\n-\n-\n-\n(연결)현금배당성향(%)\n-\n-\n-\n현금배당수익률(%)\n우선주\n-\n-\n-\n보통주\n-\n-\n-\n주식배당수익률(%)\n우선주\n-\n-\n-\n보통주\n-\n-\n-\n주당 현금배당금(원)\n우선주\n-\n-\n-\n보통주\n-\n-\n-\n주당 주식배당(주)\n우선주\n-\n-\n-\n보통주\n-\n-\n-\n주1) 당기순이익 및 현금배당성향은 연결재무제표 지배기업 소유지분 기준 당기순이익을 기준으로 작성하였습니다.주2) 주당순이익은 연결재무제표 기본주당이익 기준 적용하였습니다. \n3. 과거 배당 이력\n(단위: 회, %)\n연속 배당횟수\n평균 배당수익률\n분기(중간)배당\n결산배당\n최근 3년간\n최근 5년간\n-\n-\n0.82\n1.78\n주1) 평균 배당수익률은 최근 3년간, 5년간 배당수익률의 합을 단순 평균하여 산출하였습니다 - 최근 3년간 평균 배당수익률 : 제35기~제37기 - 최근 5년간 평균 배당수익률 : 제33기~제37기\n7. 증권의 발행을 통한 자금조달에 관한 사항\n7-1. 증권의 발행을 통한 자금조달 실적\n[지분증권의 발행 등과 관련된 사항]\n해당사항 없습니다.\xa0\n1.증자(감자)현황\n(기준일 :\xa0\n2024.09.30\n)\n(단위 : 원, 주)\n주식발행(감소)일자\n발행(감소)형태\n발행(감소)한 주식의 내용\n종류\n수량\n주당액면가액\n주당발행(감소)가액\n비고\n-\n-\n-\n-\n-\n-\n-\n주1) 최근 3사업연도 이내에 주식의 발행(감소) 사항은 없습니다.2. 미상환 전환사채 발행현황- 해당사항 없음3. 미상환 신주인수권부사채 등 발행현황- 해당사항 없음4. 미상환 전환형 조건부자본증권 등 발행현황- 해당사항 없음\n[채무증권의 발행 등과 관련된 사항]\n(1) 채무증권 발행실적\n채무증권 발행실적\n(기준일 :\xa0\n2024.09.30\n)\n(단위 : 백만원, %)\n발행회사\n증권종류\n발행방법\n발행일자\n권면(전자등록)총액\n이자율\n평가등급(평가기관)\n만기일\n상환여부\n주관회사\n-\n-\n-\n-\n-\n-\n-\n-\n-\n-\n합 \xa0계\n-\n-\n-\n-\n-\n-\n-\n-\n-\n(2) 기업어음증권 미상환 잔액\n기업어음증권 미상환 잔액\n(기준일 :\xa0\n2024.09.30\n)\n(단위 : 백만원)\n잔여만기\n10일 이하\n10일초과30일이하\n30일초과90일이하\n90일초과180일이하\n180일초과1년이하\n1년초과2년이하\n2년초과3년이하\n3년 초과\n합 계\n미상환 잔액\n공모\n-\n-\n-\n-\n-\n-\n-\n-\n-\n사모\n-\n-\n-\n-\n-\n-\n-\n-\n-\n합계\n-\n-\n-\n-\n-\n-\n-\n-\n-\n(3) 단기사채 미상환 잔액\n단기사채 미상환 잔액\n(기준일 :\xa0\n2024.09.30\n)\n(단위 : 백만원)\n잔여만기\n10일 이하\n10일초과30일이하\n30일초과90일이하\n90일초과180일이하\n180일초과1년이하\n합 계\n발행 한도\n잔여 한도\n미상환 잔액\n공모\n-\n-\n-\n-\n-\n-\n-\n-\n사모\n-\n-\n-\n-\n-\n-\n-\n-\n합계\n-\n-\n-\n-\n-\n-\n-\n-\n(4) 회사채 미상환 잔액\n회사채 미상환 잔액\n(기준일 :\xa0\n2024.09.30\n)\n(단위 : 백만원)\n잔여만기\n1년 이하\n1년초과2년이하\n2년초과3년이하\n3년초과4년이하\n4년초과5년이하\n5년초과10년이하\n10년초과\n합 계\n미상환 잔액\n공모\n-\n-\n-\n-\n-\n300,000\n-\n300,000\n사모\n-\n-\n-\n-\n-\n-\n-\n-\n합계\n-\n-\n-\n-\n-\n300,000\n-\n300,000\n(5) 신종자본증권 미상환 잔액\n신종자본증권 미상환 잔액\n(기준일 :\xa0\n2024.09.30\n)\n(단위 : 백만원)\n잔여만기\n1년 이하\n1년초과5년이하\n5년초과10년이하\n10년초과15년이하\n15년초과20년이하\n20년초과30년이하\n30년초과\n합 계\n미상환 잔액\n공모\n-\n-\n-\n-\n-\n-\n-\n-\n사모\n-\n-\n-\n-\n-\n-\n-\n-\n합계\n-\n-\n-\n-\n-\n-\n-\n-\n(6) 조건부자본증권 미상환 잔액\n조건부자본증권 미상환 잔액\n(기준일 :\xa0\n2024.09.30\n)\n(단위 : 백만원)\n잔여만기\n1년 이하\n1년초과2년이하\n2년초과3년이하\n3년초과4년이하\n4년초과5년이하\n5년초과10년이하\n10년초과20년이하\n20년초과30년이하\n30년초과\n합 계\n미상환 잔액\n공모\n-\n-\n-\n-\n-\n-\n-\n-\n-\n-\n사모\n-\n-\n-\n-\n-\n-\n-\n-\n-\n-\n합계\n-\n-\n-\n-\n-\n-\n-\n-\n-\n-\n(7) 사채관리계약 주요내용 및 충족여부 등\n(작성기준일 :\xa0\n2024.09.30\n)\n(단위 : 백만원, %)\n채권명\n발행일\n만기일\n발행액\n사채관리계약체결일\n사채관리회사\n미래에셋생명보험(주)제2회 무보증후순위 사채\n2021.04.29\n2031.04.29\n300,000\n2021.04.19\n한국예탁결제원\n(이행현황기준일 :\xa0\n2024.06.30\n)\n재무비율 유지현황\n계약내용\n해당사항 없음\n이행현황\n해당사항 없음\n담보권설정 제한현황\n계약내용\n해당사항 없음\n이행현황\n해당사항 없음\n자산처분 제한현황\n계약내용\n해당사항 없음\n이행현황\n해당사항 없음\n지배구조변경 제한현황\n계약내용\n해당사항 없음\n이행현황\n해당사항 없음\n이행상황보고서 제출현황\n이행현황\n사업보고서 및 반기보고서 제출일로부터30일 이내에 사채관리계약이행상황보고서 제출(2024.08.26)\n* 이행현황기준일은 이행현황 판단 시 적용한 회계감사인의 감사의견(확인 및 의견표시)이 표명된 가장 최근의 재무제표의 작성기준일이며, 지배구조변경 제한현황은 공시서류작성기준일 입니다.\n7-2. 증권의 발행을 통해 조달된 자금의 사용실적\n1. 공모자금의 사용내역\n(기준일 :\xa0\n2024.09.30\n)\n(단위 : 백만원)\n구 분\n회차\n납입일\n증권신고서 등의 자금사용 계획\n실제 자금사용 내역\n차이발생 사유 등\n사용용도\n조달금액\n내용\n금액\n회사채\xa0주1)(지속가능채권)\r\n2\n2021.04.29\n운영자금(유가증권 투자 및 대체투자)\n300,000\n운영자금(유가증권,대체투자 및 ESG관련 투자)\n\xa0300,000\n-\n주1) 2021.04.29 발행된 제2회 무보증 후순위사채는 ESG채권(지속가능채권)으로, 환경 및 사회적으로 긍정적 효과가 예상되는 적격 프로젝트에 투자하기 위하여 발행되었으며, 당초 계획대로 사용되었습니다. ※ 본 ESG채권의 구체적인 자금사용내역은 당사의 홈페이지 및 한국거래소의 사회책임투자(SRI)채권 전용 세그먼트에 게시된 ESG채권 사후보고서를 참고하시기 바랍니다.\n2. 미사용자금의 운용내역- 해당사항 없습니다.\n8. 기타 재무에 관한 사항\n1. 대손충당금 설정현황\n\xa0\xa0\n가. 최근 3사업연도의 계정과목별 대손충당금 설정내용 \xa0 \xa0 \xa0 \xa0 \xa0 \xa0 \xa0 \xa0 \xa0 \xa0 \xa0 \xa0 \xa0 \xa0 \xa0 \xa0 \xa0 \xa0 \xa0 \xa0 \xa0 \xa0 \xa0 \xa0 \xa0 \xa0 \xa0 \xa0 \xa0 \xa0 \xa0 \xa0 \xa0 \xa0 \xa0 \xa0 \xa0 \xa0 \xa0 \xa0 \xa0 \xa0 \xa0 \xa0 \xa0 \xa0 \xa0 \xa0 \xa0 (단위 : 백만원)\n구 분\n계정과목\n채권 금액\n대손충당금\n대손충당금\n설정률\n제38기\n콜론\n-\n-\n-\n부동산담보대출금\n715,822\xa0\n962\xa0\n0.13%\n신용대출금\n441,680\xa0\n12,473\xa0\n2.82%\n지급보증대출금\n506,555\xa0\n528\xa0\n0.10%\n기타대출금\n1,065,663\xa0\n1,966\xa0\n0.18%\n예치금\n87,840\xa0\n-\n0.00%\n미수금\n31,416\xa0\n872\xa0\n2.78%\n보증금\n21,476\xa0\n-\n0.00%\n미수수익 및 기타\n603,466\xa0\n306\xa0\n0.05%\n합 \xa0 계\n3,473,918\xa0\n17,107\xa0\n0.49%\n제37기\n콜론\n-\n-\n-\n부동산담보대출금\n871,574\xa0\n978\xa0\n0.11%\n신용대출금\n417,482\xa0\n10,490\xa0\n2.51%\n지급보증대출금\n715,806\xa0\n124\xa0\n0.02%\n기타대출금\n1,197,693\xa0\n4,249\xa0\n0.35%\n예치금\n126,015\xa0\n-\n0.00%\n미수금\n216,677\xa0\n879\xa0\n0.41%\n보증금\n21,131\xa0\n-\n0.00%\n미수수익 및 기타\n708,633\xa0\n348\xa0\n0.05%\n합 \xa0 계\n4,275,011\xa0\n17,068\xa0\n0.40%\n제36기\n콜론\n-\n-\n-\n부동산담보대출금\n1,003,444\xa0\n-\n0.00%\n신용대출금\n370,471\xa0\n6,085\xa0\n1.64%\n지급보증대출금\n907,171\xa0\n-\n0.00%\n기타대출금\n1,508,356\xa0\n130\xa0\n0.01%\n예치금\n130,540\xa0\n-\n0.00%\n미수금\n67,351\xa0\n9,240\n13.72%\n보증금\n22,976\xa0\n-\n0.00%\n미수수익 및 기타\n679,220\xa0\n8,607\xa0\n1.27%\n합 \xa0 계\n4,689,529\xa0\n24,062\xa0\n0.51%\n주) K-IFRS(한국채택국제회계기준) 연결재무제표기준으로 작성\n2. 최근 3사업연도의 대손충당금 변동현황\xa0 \xa0 \xa0 \xa0 \xa0 \xa0 \xa0 \xa0 \xa0 \xa0 \xa0 \xa0 \xa0 \xa0 \xa0 \xa0 \xa0 \xa0 \xa0 \xa0 \xa0 \xa0 \xa0 \xa0 \xa0 \xa0 \xa0 \xa0 \xa0 \xa0 \xa0 \xa0 \xa0 \xa0 \xa0 \xa0 \xa0 \xa0 \xa0 \xa0 \xa0 \xa0 \xa0 \xa0 \xa0 \xa0 \xa0 \xa0 \xa0 \xa0(단위 : 백만원)\r\n구 분\n제38기\n제37기\n제36기\n1-1. 전기말 대손충당금 잔액합계\n17,068\n24,062\n40,132\n\xa0 회계정책에 의한 변경 효과\n-\n8,924\n-\n1-2. 기초 대손충당금 잔액합계\n17,068\n33,831\n40,132\n2. 순대손처리액(①－②+③)\n3,483\n10,493\n15,506\n\xa0① 대손처리액(상각채권액)\n5,120\n21,807\n19,626\n\xa0② 상각채권회수액\n1,637\n1,545\n2,417\n\xa0③ 기타증감액\n\xa0 \xa0 \xa0 \xa0 \xa0 \xa0 \xa0 \xa0 \xa0 \xa0-\xa0\n\xa0 \xa0 \xa0 \xa0 \xa0 \xa0(9,769)\n\xa0 \xa0 \xa0 \xa0 \xa0 \xa0(1,703)\n3. 대손상각비 계상(환입)액\n3,522\n3,499\n(564)\n4. 기말 대손충당금 잔액합계 (1-2+3)\n17,107\n17,068\n24,062\n주) K-IFRS(한국채택국제회계기준) 연결재무제표기준으로 작성\n3. 금융상품의 공정가치측정\n(1) 계정분류와 공정가치\xa0\n당분기말 및 전기말 현재 연결실체가 보유한 금융상품의 범주별 공정가치는 다음과 같습니다.\n(단위 : 백만원)\n구분\n당분기말\n전기말\n장부금액\n공정가치\n장부금액\n공정가치\n금융자산\n\xa0 현금및현금성자산(*1)\xa0\n734,580\n734,580\n1,240,190\n1,240,190\n\xa0 당기손익-공정가치 측정 금융자산(*2)\n15,983,992\n15,983,992\n16,070,369\n16,070,369\n\xa0 기타포괄손익-공정가치 측정 금융자산\n11,814,069\n11,814,069\n11,226,454\n11,226,454\n\xa0 상각후원가 측정 대출채권 및 수취채권\n\u3000\n\u3000\n\xa0 \xa0 상각후원가 측정 대출채권\n2,711,727\n2,677,313\n3,184,092\n3,074,357\n\xa0 \xa0 상각후원가 측정 기타수취채권(*3)\n741,558\n741,558\n1,070,201\n1,070,201\n합계\n31,985,926\n31,951,512\n32,791,306\n32,681,571\n금융부채\n\xa0 당기손익-공정가치 측정 금융부채(*2)\n35,566\n35,566\n28,035\n28,035\n\xa0 차입부채(*3)\xa0\n299,403\n299,403\n549,321\n549,321\n\xa0 투자계약부채(*3)\n2,827,468\n2,827,468\n3,175,249\n3,175,249\n\xa0 기타금융부채(*3)\xa0\n92,189\n92,189\n72,765\n72,765\n합계\n3,254,626\n3,254,626\n3,825,370\n3,825,370\n주) K-IFRS(한국채택국제회계기준) 연결재무제표기준으로 작성(*1) 현금은 장부가액과 공정가치가 동일하며, 예치금은 단기성 예치금이 대부분이므로 공정가치의 대용치로 장부금액을 사용하였습니다.(*2) 파생상품을 포함합니다.(*3) 장부금액이 공정가치의 합리적인 근사치로 판단하여 공정가치의 대용치로 장부금액을 사용하였습니다.\n(2) 공정가치의 수준공시연결실체는 금융상품의 공정가치를 다음의 3가지 공정가치수준으로 분류하여 공시합니다.- 수준 1: 활성시장에서 공시되는 가격을 공정가치로 측정하는 금융상품의 경우, 동 금융상품의 공정가치는 수준1로 분류됩니다. 공정가치가 수준1로 분류되는 금융상품에는 거래소에서 거래되는 상장주식과 국고채권 등이 있습니다.- 수준 2: 평가기법을 사용하여 금융상품의 공정가치를 측정하는 경우, 모든 중요 요 소가 시장에서 관측한 정보에 기초한다면 동 금융상품의 공정가치는 수준2로 분류됩니다. 공정가치가 수준2로 분류되는 금융상품에는 대부분의 원화ㆍ외화채권, 수익증권, 파생상품 등이 있습니다.- 수준 3: 평가기법을 사용하여 금융상품의 공정가치를 측정하는 경우, 하나 이상의 중요 요소가 시장에서 관측불가능한 정보에 기초한다면 동 금융상품의 공정가치는 수준 3으로 분류됩니다. 공정가치가 수준 3으로 분류되는 금융상품에는 비상장주식과 수익증권 등이 있습니다. \n당분기말 및 전기말 현재 재무제표에 공정가치로 측정되는 각 범주별 금융상품의 수준별 공정가치내역은 다음과 같습니다.1) 당분기말\n(단위 : 백만원)\n구분\n장부금액\n공정가치\n수준 분류\n수준 1\n수준 2\n수준 3\n금융자산\n\xa0당기손익-공정가치 측정 금융자산(*1)(*2)\n15,982,414\n15,982,414\n3,854,158\n8,589,399\n3,538,857\n\xa0기타포괄손익-공정가치 측정 금융자산(*1)\n11,814,069\n11,814,069\n7,322,636\n4,491,433\n-\n합계\n27,796,483\n27,796,483\n11,176,794\n13,080,832\n3,538,857\n금융부채\n\xa0당기손익-공정가치 측정 금융부채(*2)\n35,566\n35,566\n-\n35,566\n-\n주) K-IFRS(한국채택국제회계기준) 연결재무제표기준으로 작성(*1) 원가로 측정한 지분증권에 대해서는 공정가치 수준 공시를 생략하였습니다.(*2) 파생상품을 포함합니다.\n2) 전기말\n(단위 : 백만원)\n구분\n장부금액\n공정가치\n수준 분류\n수준 1\n수준 2\n수준 3\n금융자산\n\xa0당기손익-공정가치 측정 금융자산(*1)(*2)\n16,068,791\n16,068,791\n4,022,563\n8,308,102\n3,738,126\n\xa0기타포괄손익-공정가치 측정 금융자산(*1)\n11,226,454\n11,226,454\n6,927,778\n4,298,676\n-\n합계\n27,295,245\n27,295,245\n10,950,341\n12,606,778\n3,738,126\n금융부채\n\xa0당기손익-공정가치 측정 금융부채(*2)\n28,035\n28,035\n-\n28,035\n-\n주) K-IFRS(한국채택국제회계기준) 연결재무제표기준으로 작성(*1) 원가로 측정한 지분증권에 대해서는 공정가치 수준 공시를 생략하였습니다.\n(*2) 파생상품을 포함합니다.\n(3) 공정가치 수준 3의 변동내역당분기와 전분기 중 공정가치 수준 3에 해당하는 금융상품의 변동내역은 다음과 같습니다.\xa0\n(단위 : 백만원)\n구분\n당분기\n전분기\n당기손익-공정가치 측정 금융자산\n당기손익-공정가치 측정 금융자산\n기초\n3,738,126\n3,240,624\n당기손익인식액\n(48,550)\n52,027\n매입금액\n239,599\n248,510\n매도금액\n(390,318)\n(212,401)\n다른 수준에서 수준3으로 변경된 금액\n-\n397,013\n분기말\n3,538,857\n3,725,773\n주) K-IFRS(한국채택국제회계기준) 연결재무제표기준으로 작성(4) 당분기말 및 전기말 현재 공정가치로 측정되는 금융자산 중 원가로 측정된 내역은 다음과 같습니다.\n(단위 : 백만원)\n금융상품의 범주\n당분기말\n전기말\n당기손익-공정가치 측정 금융자산\n1,578\n1,578\n주) K-IFRS(한국채택국제회계기준) 연결재무제표기준으로 작성\n(5) 가치평가기법 및 투입변수1) 당분기말 및 전기말 현재 연결실체는 공정가치 서열체계에서 수준 2로 분류되는 공정가치측정치에 대해 다음의 가치평가기법과 투입변수를 사용하고 있습니다.\n(단위 : 백만원)\n구분\n공정가치\n가치평가기법\n투입변수\xa0\n당분기말\n전기말\n금융자산\n당기손익-공정가치 측정 금융자산\n당기손익-공정가치측정 유가증권\n출자금\n3\n4\n순자산가치법\n순자산평가액\n특수채\n24,988\n24,021\n현금흐름할인법\n할인율\n수익증권\n5,317,669\n4,898,571\n순자산가치법\n순자산평가액\n외화유가증권\n2,932,663\n3,087,689\n현금흐름할인법,순자산가치법\n할인율, 환율,순자산평가액\n기타유가증권\n44,895\n95,722\n순자산가치법\n순자산평가액\n파생상품자산\n269,181\n202,095\n현금흐름할인법\n할인율, 환율\n소계\n8,589,399\n8,308,102\n기타포괄손익-공정가치 측정 금융자산\n기타포괄손익-공정가치측정 유가증권\n특수채\n2,689,859\n2,527,203\n현금흐름할인법\n할인율\n금융채\n91,234\n50,830\n현금흐름할인법\n할인율\n회사채\n417,532\n456,411\n현금흐름할인법\n할인율\n외화유가증권\n1,292,808\n1,264,232\n현금흐름할인법,순자산가치법\n할인율, 환율,순자산평가액\n소계\n4,491,433\n4,298,676\n금융자산 합계\n13,080,832\n12,606,778\n\u3000\n금융부채\n당기손익-공정가치 측정 금융부채\n파생상품부채\n35,566\n28,035\n현금흐름할인법\n할인율, 환율\n금융부채 합계\n35,566\n28,035\n주) K-IFRS(한국채택국제회계기준) 연결재무제표기준으로 작성\n2) 당분기말 및 전기말 현재 연결실체는 공정가치 서열체계에서 수준 3으로 분류되는 공정가치측정치에 대해 다음의 가치평가기법과 투입변수범위를 사용하고 있습니다.\xa0\n(단위 : 백만원)\n구분\n공정가치\n가치평가기법\n투입변수 및 범위\n당분기말\n전기말\n금융자산\n당기손익-공정가치 측정 금융자산\n당기손익-공정가치 측정 유가증권\n주식\n93,805\n91,455\n순자산가치법\n순자산평가액\n출자금\n77,807\n78,387\n순자산가치법\n순자산평가액\n수익증권\n3,364,201\n3,565,631\n순자산가치법, 수익가치접근법(현금흐름할인법,배당할인모형) 등\n순자산평가액,할인율 / 3.33%~20.96%청산가치변동률 / 100%\n외화유가증권\n3,044\n2,653\n현금흐름할인법,순자산가치법\n할인율, 순자산평가액\n금융자산 합계\n3,538,857\n3,738,126\n주) K-IFRS(한국채택국제회계기준) 연결재무제표기준으로 작성\n(6) 수준 3으로 분류된 공정가치 측정치의 가치평가과정지배기업의 자산운용부서는 외부평가기관 의뢰 등을 통하여 공정가치를 측정하고 있으며 이러한 공정가치 측정치는 수준 3으로 분류되는 공정가치 측정치를 포함하고 있습니다.\n(7) 수준 3으로 분류된 반복적인 공정가치 측정치의 민감도 분석금융상품의 민감도 분석은 통계적 기법을 이용한 관측 불가능한 투입변수의 변동에따른 금융상품의 가치 변동에 기초하여 유리한 변동과 불리한 변동으로 구분하여 이루어집니다. 그리고 공정가치가 두 개 이상의 투입변수에 \xa0영향을 받는 경우에는 가장 유리하거나 또는 가장 불리한 금액을 바탕으로 산출됩니다. 민감도 분석대상으로 수준 3으로 분류되는 금융상품은 해당 공정가치 변동이 당기손익으로 인식되는 지분증권 및 수익증권이 있습니다.당분기말 및 전기말 현재 각 금융상품별 투입변수의 변동에 따른 손익효과에 대한 민감도 분석 결과는 아래와 같습니다.\n(단위: 백만원)\n구분\n당분기말\n전기말\n유리한 변동\n불리한 변동\n유리한 변동\n불리한 변동\n금융자산\n\xa0당기손익-공정가치 측정 금융자산(*1)\n41,636\n(35,412)\n44,056\n(39,825)\n주) K-IFRS(한국채택국제회계기준) 연결재무제표기준으로 작성(*1) 청산가치변동률(-1%p~1%p), 영구성장률(-1%p~1%p) 및 할인율(-1%p~1%p)을 증가 또는 감소시킴으로써 공정가치 변동을 산출하고 있습니다. 주요 관측 불가능한 투입변수 사이에는 유의한 상호관계는 없습니다. 일부 수익증권은 투입변수의 변동에 따른 민감도 분석이 실무적으로 불가능하여 민감도 분석대상에서 제외하였습니다.\n(8) 재무상태표에서 공정가치로 측정하지는 않으나 공정가치가 공시되는 금융상품당분기말 및 전기말 현재 재무상태표에서 공정가치로 측정하지는 않으나 공정가치가공시되는 금융상품의 수준별 공정가치내역은 다음과 같습니다.1) 당분기말\n(단위: 백만원)\n구분\n수준 1\n수준 2\n수준 3\n합계\n현금및현금성자산\n734,580\n-\n-\n734,580\n상각후원가로 인식된 금융자산\n\xa0 상각후원가 측정 대출채권\n-\n-\n2,677,313\n2,677,313\n\xa0 상각후원가 측정 기타수취채권\n-\n-\n741,558\n741,558\n상각후원가로 인식된 금융부채\n\u3000\n\u3000\n\u3000\n\u3000\n\xa0 차입부채\n-\n299,403\n-\n299,403\n\xa0 기타금융부채\n-\n-\n92,189\n92,189\n합계\n734,580\n299,403\n3,511,060\n4,545,043\n주) K-IFRS(한국채택국제회계기준) 연결재무제표기준으로 작성2) 전기말\n(단위: 백만원)\n구분\n수준 1\n수준 2\n수준 3\n합계\n현금및현금성자산\n1,240,190\n-\n-\n1,240,190\n상각후원가로 인식된 금융자산\n\xa0 상각후원가 측정 대출채권\n-\n-\n3,074,357\n3,074,357\n\xa0 상각후원가 측정 기타수취채권\n-\n-\n1,070,201\n1,070,201\n상각후원가로 인식된 금융부채\n\xa0 차입부채\n-\n549,321\n-\n549,321\n\xa0 기타금융부채\n-\n-\n72,765\n72,765\n합계\n1,240,190\n549,321\n4,217,323\n6,006,834\n주) K-IFRS(한국채택국제회계기준) 연결재무제표기준으로 작성\n""]"
