text
"['\n3. 연결재무제표 주석\n제 36 (당)기말 : 2021년 12월 31일 현재\n제 35 (전)기말 : 2020년 12월 31일 현재\n주식회사 황금에스티와 그 종속기업\n1. 일반사항지배회사인 주식회사 황금에스티(이하 ""지배기업"")와 종속기업(이하 지배기업과 그 종속기업을 일괄하여 ""연결회사"")의 일반적인 사항은 다음과 같습니다.가. 지배회사의 개요지배기업은 스테인레스 및 철강의 제조 및 판매를 주요 사업으로 영위하고 있으며, 경기도 안산시 단원구 엠티브이 1로25에 위치하고 있습니다. 지배기업은 1982년 2월에 황금스테인레스절단판매공사로 설립되어 1986년 9월에 주식회사 황금스테인레스로 법인전환되었고 1997년 3월에 주식회사 황금에스티로 상호를 변경하였습니다. 지배기업은 1997년 4월에 한국증권업 협회에 상장한 후 2009년 10월에 유가증권시장으로 이전상장하였습니다.지배기업의 본사는 경기도 안산시 단원구 엠티브이 1로 25에 위치하고 있으며, 보고기간 종료일 현재 자본금은 8,000백만원이며,\xa0주요 주주는 김종현(31.5%)이며, 김종현과 그 특수관계자의 지분 합계는 54.1%입니다.\n나. 종속기업의 개요(1) 보고기간 종료일 현재 연결대상 종속기업의 현황은 다음과 같습니다.\n(당기말)\n(단위 : 천원, 주)\n종속기업\n소재지\n주요 영업활동\n결산월\n총발행주식수\n보유주식수\n지분율(%)\n취득원가\n㈜유에스티\n한국\n스테인레스 제조 및 판매\n12월\n23,700,172\n15,644,494\n66.01\n15,805,861\n㈜주은테크\n한국\n철강소재 가공 및 제조\n12월\n1,000,000\n500,000\n50\n1,019,425\n㈜인터컨스텍\n한국\n교량설계 및 시공 등\n12월\n700,000\n514,302\n73.47\n7,191,383\n㈜이상건설(*1)\n한국\n교량설계 및 시공 등\n12월\n80,000\n80,000\n100\n-\n㈜이상인베스트먼트(*2)\n한국\n투자회사\n12월\n-\n-\n-\n-\n㈜길교이앤씨(*3)\n한국\n교량설계 및 시공 등\n12월\n60,000\n33,000\n100\n10,493,534\n㈜아이오컨스텍\n한국\n교량설계 및 시공 등\n12월\n200,000\n140,000\n70\n925,000\n㈜자이언트\n한국\nALC블록 제조 및 시공\n12월\n500,000\n500,000\n100\n25,000,000\n(*1) 해당 회사는 ㈜인터컨스텍의 100% 자회사입니다.\n(*2) 해당 회사는 당기 중 청산이 완료되었습니다.\n(*3) 해당 회사는 잔여 주식 27,000주가 자기주식이므로 지분율을 100%로 표기하였습니다.\n(전기말)\n(단위 : 천원, 주)\n종속기업\n소재지\n주요 영업활동\n결산월\n총발행주식수\n보유주식수(*1)\n지분율(%)\n취득원가\n㈜유에스티\n한국\n스테인레스 제조 및 판매\n12월\n23,700,172\n15,644,494\n66.01\n15,805,861\n㈜주은테크\n한국\n철강소재 가공 및 제조\n12월\n2,000,000\n1,000,000\n50.00\n2,019,425\n㈜인터컨스텍\n한국\n교량설계 및 시공 등\n12월\n700,000\n514,302\n73.47\n7,191,383\n㈜이상건설(*1)\n한국\n교량설계 및 시공 등\n12월\n80,000\n80,000\n100.00\n-\n㈜이상인베스트먼트\n한국\n투자회사\n12월\n87,500\n54,972\n62.83\n29,337\n㈜길교이앤씨\n한국\n교량설계 및 시공 등\n12월\n60,000\n33,000\n100.00\n10,493,534\n㈜아이오컨스텍\n한국\n교량설계 및 시공 등\n12월\n200,000\n140,000\n70.00\n925,000\n㈜자이언트\n한국\nALC블록 제조 및 시공\n12월\n400,000\n400,000\n100.00\n20,000,000\n(*1) 해당 회사는 ㈜인터컨스텍의 100% 자회사입니다.\n(2) 종속기업의 요약 재무정보 등은 다음과 같습니다.\n(당기)\n(단위 : 천원)\n종속기업\n자산총액\n부채총액\n매출액\n당기순이익\n포괄이익\n㈜유에스티\n72,536,060\n15,717,097\n66,070,308\n5,604,556\n5,604,556\n㈜주은테크\n3,083,430\n178,126\n2,537,471\n250,873\n250,873\n㈜인터컨스텍\n76,627,854\n23,261,407\n60,681,352\n3,321,859\n3,321,859\n㈜이상건설\n829,826\n288,120\n1,404,279\n310,029\n310,029\n㈜이상인베스트먼트\n-\n-\n-\n(29,450)\n(29,450)\n㈜길교이앤씨\n15,156,967\n3,450,227\n12,574,391\n311,871\n311,871\n㈜아이오컨스텍\n2,190,921\n553,222\n3,643,623\n544,171\n544,171\n㈜자이언트\n33,370,510\n10,611,258\n-\n(2,136,634)\n(2,136,634)\n(전기)\n(단위 : 천원)\n종속기업\n자산총액\n부채총액\n매출액\n당기순이익\n포괄이익\n㈜유에스티\n68,505,597\n17,291,190\n50,733,873\n4,827,773\n4,827,773\n㈜주은테크\n5,314,542\n260,112\n2,556,729\n439,040\n439,040\n㈜인터컨스텍\n96,117,689\n45,170,227\n63,628,256\n5,539,407\n5,539,407\n㈜이상건설\n235,853\n4,597\n121,984\n(86,832)\n(86,832)\n㈜이상인베스트먼트\n769,442\n-\n-\n4,597\n4,597\n㈜길교이앤씨\n15,316,026\n3,921,157\n18,006,152\n3,022,583\n3,022,583\n㈜아이오컨스텍\n1,841,488\n747,960\n2,334,246\n222,579\n222,579\n㈜자이언트\n33,448,419\n13,548,680\n-\n(90,541)\n(90,541)\n상기 당기와 전기 요약 재무정보는 일반기업기준에서 한국채택국제회계기준으로 변환된 재무정보이고, 내부거래 제거 전 기준으로 작성되었습니다.\n2. 중요한 회계정책\n\xa0다음은 재무제표 작성에 적용된 중요한 회계정책입니다. 이러한 정책은 별도의 언급이 없다면, 표시된 회계기간에 계속적으로 적용됩니다.\n2.1 재무제표 작성 기준\n\xa0\n연결회사의 연결재무제표는 한국채택국제회계기준(이하 기업회계기준)에 따라 작성됐습니다. 한국채택국제회계기준은 국제회계기준위원회(""IASB"")가 발표한 기준서와해석서 중 대한민국이 채택한 내용을 의미합니다.\n한국채택국제회계기준은 재무제표 작성 시 중요한 회계추정의 사용을 허용하고 있으며, 회계정책을 적용함에 있어 경영진의 판단을 요구하고 있습니다. 보다 복잡하고 높은 수준의 판단이 필요한 부분이나 중요한 가정 및 추정이 필요한 부분은 주석3에서 설명하고 있습니다.\n2.2 회계정책과 공시의 변경\n\xa0\n2.2.1 연결회사가 채택한 제·개정 기준서\xa0\n연결회사는 2021년 1월 1일로 개시하는 회계기간부터 다음의 제ㆍ개정 기준서를 신규로 적용하였습니다.\xa0\n(1) 기업회계기준서 제1001호 \'재무제표 표시\', 제1008호 \'회계정책, 회계추정의 변경 및 오류\' 개정 - 중요성의 정의\'중요성의 정의\'를 명확히 하고 기준서 제1001호와 제1008호를 명확해진 정의에 따라 개정하였습니다. 중요성 판단 시 중요한 정보의 누락이나 왜곡표시뿐만 아니라 중요하지 않은 정보로 인한 영향과 연결회사가 공시할 정보를 결정할 때 정보이용자의 특성을 고려하도록 하였습니다. 해당 기준서의 개정이 재무제표에 미치는 중요한 영향은 없습니다.\n(2) 기업회계기준서 제1103호 \'사업결합\' 개정 - 사업의 정의개정된 사업의 정의에서는, 취득한 활동과 자산의 집합을 사업으로 판단하기 위해서는 산출물의 창출에 함께 유의적으로 기여할 수 있는 능력을 가진 투입물과 실질적인과정을 반드시 포함하도록 하였고 원가 감소에 따른 경제적 효익은 제외하였습니다. 이와 함께 취득한 총자산의 대부분의 공정가치가 식별가능한 단일 자산 또는 자산집합에 집중되어 있는 경우, 취득한 활동과 자산의 집합은 사업이 아닌, 자산 또는 자산의 집합으로 결정할 수 있는 선택적 집중테스트가 추가되었습니다. 해당 기준서의 개정이 재무제표에 미치는 중요한 영향은 없습니다.\n(3) 기업회계기준서 제1109호 \'금융상품\', 제1039호 \'금융상품: 인식과 측정\', 제1107호 \'금융상품: 공시\' 개정 - 이자율지표 개혁\n개정 기준서에서는 이자율지표 개혁 움직임으로 인한 불확실성이 존재하는 동안 위험회피회계 적용과 관련하여 미래 전망 분석 시 예외규정을 적용토록 하고 있습니다.예외규정에서는 기존 이자율지표를 준거로 하는 예상현금흐름의 발생가능성이 매우 높은지, 위험회피대상항목과 위험회피수단 사이의 경제적 관계가 있는지, 양자간에 높은 위험회피효과가 있는지를 평가할 때, 위험회피대상항목과 위험회피수단이 준거로 하고 있는 이자율지표는 이자율지표 개혁의 영향으로 바뀌지 않는다고 가정합니다. 해당 기준서의 개정이 재무제표에 미치는 중요한 영향은 없습니다.\n2.2.2 연결회사가 적용하지 않은 제ㆍ개정 기준서\n제정 또는 공표되었으나 시행일이 도래하지 않아 적용하지 아니한 제ㆍ개정 기준서 및 해석서는 다음과 같습니다.\n(1) 기업회계기준서 제 1116호 \'리스\' 개정 - 코로나19 (COVID-19) 관련 임차료 면제ㆍ할인ㆍ유예에 대한 실무적 간편법\n\xa0\n실무적 간편법으로, 리스이용자는 코로나19의 직접적인 결과로 발생한 임차료 할인 등(rent concession)이 리스변경에 해당하는지 평가하지 않을 수 있으며, 이로 인해 당기손익으로 인식된 금액을 공시해야 합니다. 동 개정사항은 2020년 6월 1일 이후 시작하는 회계연도부터 적용되며, 조기적용이 허용됩니다.\xa0회사는 동 개정으로 인해 재무제표에 중요한 영향은 없을 것으로 예상하고 있습니다.\n(2) 기업회계기준서 제1109호 \'금융상품\', 제1039호 \'금융상품: 인식과 측정\', 제1107호 \'금융상품: 공시\', 제 1104호 ‘보험계약’ 및 제 1116호 ‘리스’ 개정 - 이자율지표 개혁\n\xa0\n이자율지표 개혁과 관련하여 상각후원가로 측정되는 금융상품의 이자율지표 대체시 장부금액이 아닌 유효이자율을 조정하고, 위험회피관계에서 이자율지표 대체가 발생한 경우에도 중단 없이 위험회피회계를 계속할 수 있도록 하는 등의 예외규정을 포함하고 있습니다. 동 개정사항은 2021년 1월 1일 이후에 시작하는 회계연도부터 적용되며, 조기적용이 허용됩니다.\xa0회사는 동 개정으로 인해 재무제표에 중요한 영향은 없을 것으로 예상하고 있습니다.(3) 기업회계기준서 제1103호 ‘사업결합’ 개정 - 개념체계의 인용\n인식할 자산과 부채의 정의를 개정된 재무보고를 위한 개념체계를 참조하도록 개정되었으나, 기업회계기준서 제1037호 ‘충당부채, 우발부채 및 우발자산’ 및 해석서제2121호 ‘부담금’의 적용범위에 포함되는 부채 및 우발부채에 대해서는 해당 기준서를 적용하도록 예외를 추가하고, 우발자산이 취득일에 인식되지 않는다는 점을 명확히 하였습니다. 동 개정사항은 2022년 1월 1일 이후 시작하는 회계연도부터 적용되며, 조기적용이 허용됩니다.\xa0회사는 동 개정으로 인해 재무제표에 중요한 영향은 없을 것으로 예상하고 있습니다.\n(4) 기업회계기준서 제1016호 ‘유형자산’ 개정 - 의도한 사용 전의 매각금액\n기업이 자산을 의도한 방식으로 사용하기 전에 생산된 품목의 판매에서 발생하는 수익을 생산원가와 함께 당기손익으로 인식하도록 요구하며, 유형자산의 취득원가에서차감하는 것을 금지하고 있습니다. 동 개정사항은 2022년 1월 1일 이후 시작하는 회계연도부터 적용되며, 조기적용이 허용됩니다.\xa0회사는 동 개정으로 인한 재무제표의 영향을 검토 중에 있습니다.\n(5) 기업회계기준서 제1037호 ‘충당부채, 우발부채 및 우발자산’ 개정 - 손실부담계약: 계약이행원가\n손실부담계약을 식별할 때 계약이행원가의 범위를 계약 이행을 위한 증분원가와 계약 이행에 직접 관련되는 다른 원가의 배분이라는 점을 명확히 하였습니다. 동 개정사항은 2022년 1월 1일 이후 시작하는 회계연도부터 적용되며, 조기적용이 허용됩니다.\xa0회사는 동 개정으로 인해 재무제표에 중요한 영향은 없을 것으로 예상하고 있습니다. \n(6) 한국채택국제회계기준 연차개선 2018-2020\n\xa0\n한국채택국제회계기준 연차개선 2018-2020은 2022년 1월 1일 이후 시작하는 회계연도부터 적용되며, 조기적용이 허용됩니다.\xa0회사는 동 개정으로 인해 재무제표에 중요한 영향은 없을 것으로 예상하고 있습니다.\n·기업회계기준서 제1101호 ‘한국채택국제회계기준의 최초 채택’: 최초채택기업인 종속기업\n·기업회계기준서 제1109호 ‘금융상품’: 금융부채 제거 목적의 10% 테스트 관련 수수료\n·기업회계기준서 제1116호 ‘리스’: 리스 인센티브\n·기업회계기준서 제1041호 ‘농립어업’: 공정가치 측정\n(7) 기업회계기준서 제1001호 ‘재무제표 표시’ 개정 - 부채의 유동/비유동 분류\n보고기간말 현재 존재하는 실질적인 권리에 따라 유동 또는 비유동으로 분류되며, 부채의 결제를 연기할 수 있는 권리의 행사가능성이나 경영진의 기대는 고려하지 않습니다. 또한, 부채의 결제에 자기지분상품의 이전도 포함되나, 복합금융상품에서 자기지분상품으로 결제하는 옵션이 지분상품의 정의를 충족하여 부채와 분리하여 인식된경우는 제외됩니다. 동 개정사항은 2023년 1월 1일 이후 시작하는 회계연도부터 적용하며, 조기적용이 허용됩니다.\xa0회사는 동 개정으로 인한 재무제표의 영향을 검토 중에 있습니다.\n2.3 연결\n\xa0\n연결회사는 기업회계기준서 제1110호 \'연결재무제표\'에 따라 연결재무제표를 작성하고 있습니다.\n(1) 종속기업\n\xa0\n종속기업은 지배기업이 지배하고 있는 모든 기업입니다. 회사가 투자한 기업에 관여해서 변동이익에 노출되거나 변동이익에 대한 권리가 있고, 투자한 기업에 대해 자신의 힘으로 그러한 이익에 영향을 미칠 능력이 있는 경우, 해당 기업을 지배한다고 판단합니다. 종속기업은 회사가 지배하게 되는 시점부터 연결재무제표에 포함되며, 지배력을 상실하는 시점부터 연결재무제표에서 제외됩니다.연결회사의 사업결합은 취득법으로 회계처리 됩니다. 이전대가는 취득일의 공정가치로 측정하고, 사업결합으로 취득한 식별가능한 자산ㆍ부채 및 우발부채는 취득일의 공정가치로 최초 측정하고 있습니다. 연결회사는 청산 시 순자산의 비례적 몫을 제공하는 비지배지분을 사업결합 건별로 판단하여 피취득자의 순자산 중 비례적 지분 또는 공정가치로 측정합니다. 그밖의 비지배지분은 다른 기준서의 요구사항이 없다면 공정가치로 측정합니다. 취득관련 원가는 발생 시 당기비용으로 인식됩니다. \n영업권은 이전대가, 피취득자에 대한 비지배지분의 금액과 취득자가 이전에 보유하고 있던 피취득자에 대한 지분의 취득일의 공정가치 합계액이 취득한 식별가능한 순자산을 초과하는 금액으로 인식됩니다. 이전대가 등이 취득한 종속기업 순자산의 공정가액보다 작다면, 그 차액은 당기손익으로 인식됩니다. \xa0연결회사 내의 기업간에 발생하는 거래로 인한 채권, 채무의 잔액, 수익과 비용 및 미실현이익 등은 제거됩니다. 또한 종속기업의 회계정책은 연결회사에서 채택한 회계정책을 일관성 있게 적용하기 위해 차이가 나는 경우 수정됩니다.지배력의 상실을 발생시키지 않는 비지배지분과의 거래는 비지배지분의 조정금액과 지급 또는 수취한 대가의 공정가치의 차이를 지배기업의 소유주에게 귀속되는 자본으로 직접 인식합니다.연결회사가 종속기업에 대해 지배력을 상실하는 경우, 보유하고 있는 해당 기업의 잔여 지분은 동 시점에 공정가치로 재측정되며, 관련 차액은 당기손익으로 인식됩니다.\xa0\n(2) 관계기업\n\xa0\n관계기업은 연결회사가 유의적 영향력을 보유하는 기업이며, 관계기업 투자는 최초에 취득원가로 인식하며 지분법을 적용합니다. 연결회사와 관계기업 간의 거래에서 발생한 미실현이익은 연결회사의 관계기업에 대한 지분에 해당하는 부분만큼 제거됩니다. 또한 관계기업 투자에 대한 객관적인 손상의 징후가 있는 경우 관계기업 투자의 회수가능액과 장부금액과의 차이는 손상차손으로 인식됩니다.\xa0\n(3) 공동약정\n\xa0\n둘 이상의 당사자들이 공동지배력을 보유하는 공동약정은 공동영업 또는 공동기업으로 분류됩니다. 공동영업자는 공동영업의 자산과 부채에 대한 권리와 의무를 보유하며, 공동영업의 자산과 부채, 수익과 비용 중 자신의 몫을 인식합니다. 공동기업참여자는 공동기업의 순자산에 대한 권리를 가지며, 지분법을 적용합니다.\n2.4 외화환산\n\xa0\n(1) 기능통화와 표시통화\n\xa0\n연결회사는 연결회사 내 개별기업의 재무제표에 포함되는 항목들을 각각의 영업활동이 이뤄지는 주된 경제 환경에서의 통화(""기능통화"")를 적용하여 측정하고 있습니다. 지배기업의 기능통화는 대한민국 원화이며, 연결재무제표는 대한민국 원화로 표시돼있습니다.\n(2) 외화거래와 보고기간말의 환산\n\xa0\n외화거래는 거래일의 환율 또는 재측정되는 항목인 경우 평가일의 환율을 적용한 기능통화로 인식됩니다. \xa0외화거래의 결제나 화폐성 외화 자산ㆍ부채의 환산에서 발생하는 외환차이는 당기손익으로 인식됩니다. 다만, 조건을 충족하는 현금흐름위험회피나 순투자의 위험회피의 효과적인 부분과 관련되거나 보고기업의 해외사업장에 대한 순투자의 일부인 화폐성항목에서 생기는 손익은 기타포괄손익으로 인식합니다.\n\xa0\n차입금과 관련된 외환차이는 손익계산서에 금융원가로 표시되며, 다른 외환차이는 기타수익 또는 기타비용에 표시됩니다.\n\xa0\n비화폐성 금융자산ㆍ부채로부터 발생하는 외환차이는 공정가치 변동손익의 일부로 보아 당기손익-공정가치 측정 지분상품으로부터 발생하는 외환차이는 당기손익으로, 기타포괄손익-공정가치 측정 지분상품의 외환차이는 기타포괄손익에 포함하여 인식됩니다.\n2.5 금융자산\n(1) 분류\n연결회사는 다음의 측정 범주로 금융자산을 분류합니다.\n- 당기손익-공정가치 측정 금융자산\n- 기타포괄손익-공정가치 측정 금융자산\n- 상각후원가 측정 금융자산\n\xa0\n금융자산은 금융자산의 관리를 위한 사업모형과 금융자산의 계약상 현금흐름 특성에근거하여 분류합니다.\n\xa0\n공정가치로 측정하는 금융자산의 손익은 당기손익 또는 기타포괄손익으로 인식합니다. 채무상품에 대한 투자는 해당 자산을 보유하는 사업모형에 따라 그 평가손익을 당기손익 또는 기타포괄손익으로 인식합니다. 회사는 금융자산을 관리하는 사업모형을 변경하는 경우에만 채무상품을 재분류합니다.\xa0\n\xa0\n단기매매항목이 아닌 지분상품에 대한 투자는 최초 인식시점에 후속적인 공정가치 변동을 기타포괄손익으로 표시할 것을 지정하는 취소불가능한 선택을 할 수 있습니다. 지정되지 않은 지분상품에 대한 투자의 공정가치 변동은 당기손익으로 인식합니다.\n(2) 측정\n\xa0\n당사는 최초 인식시점에 금융자산을 공정가치로 측정하며, 당기손익-공정가치 측정 금융자산이 아닌 경우에 해당 금융자산의 취득과 직접 관련되는 거래원가는 공정가치에 가산합니다. 당기손익-공정가치 측정 금융자산의 거래원가는 당기손익으로 비용처리합니다. \n내재파생상품을 포함하는 복합계약은 계약상 현금흐름이 원금과 이자로만 구성되어 있는지를 결정할 때 해당 복합계약 전체를 고려합니다.\n① 채무상품\n금융자산의 후속적인 측정은 금융자산의 계약상 현금흐름 특성과 그 금융자산을 관리하는 사업모형에 근거합니다. 회사는 채무상품을 다음의 세 범주로 분류합니다. (가) 상각후원가계약상 현금흐름을 수취하기 위해 보유하는 것이 목적인 사업모형하에서 금융자산을보유하고, 계약상 현금흐름이 원리금만으로 구성되어 있는 자산은 상각후원가로 측정합니다. 상각후원가로 측정하는 금융자산으로서 위험회피관계의 적용 대상이 아닌금융자산의 손익은 해당 금융자산을 제거하거나 손상할 때 당기손익으로 인식합니다. 유효이자율법에 따라 인식하는 금융자산의 이자수익은\xa0\'금융수익\'에\xa0포함됩니다. (나) 기타포괄손익-공정가치 측정 금융자산계약상 현금흐름의 수취와 금융자산의 매도 둘 다를 통해 목적을 이루는 사업모형 하에서 금융자산을 보유하고, 계약상 현금흐름이 원리금만으로 구성되어 있는 금융자산은 기타포괄손익-공정가치로 측정합니다. 손상차손(환입)과 이자수익 및 외환손익을 제외하고는, 공정가치로 측정하는 금융자산의 평가손익은 기타포괄손익으로 인식합니다. 금융자산을 제거할 때에는 인식한 기타포괄손익누계액을 자본에서 당기손익으로 재분류합니다. 유효이자율법에 따라\xa0인식하는 금융자산의 이자수익은 \xa0\'금융수익\'에\xa0포함됩니다. 외환손익은\xa0\'기타수익 또는 기타비용\'으로 표시하고 손상차손은 \'기타 비용\'으로 표시합니다.  (다) 당기손익-공정가치측정 금융자산상각후원가 측정이나 기타포괄손익-공정가치 측정 금융자산이 아닌 채무상품은 당기손익-공정가치로 측정됩니다. 위험회피관계가 적용되지 않는 당기손익-공정가치 측정 채무상품의 손익은 당기손익으로 인식하고 발생한 기간에 손익계산서에\xa0\'기타수익 또는 기타비용\'으로 표시합니다.\n② 지분상품\n\xa0\n연결회사는 모든 지분상품에 대한 투자를 후속적으로 공정가치로 측정합니다. 공정가치 변동을 기타포괄손익으로 표시할 것을 선택한 장기적 투자목적 또는 전략적 투자목적의 지분상품에 대해 기타포괄손익으로 인식한 금액은 해당 지분상품을 제거할때에도 당기손익으로 재분류하지 않습니다. 이러한 지분상품에 대한 배당수익은 당사가 배당을 받을 권리가 확정된 때\xa0\'금융수익\'으로 당기손익으로 인식합니다.\n\xa0\n당기손익-공정가치로 측정하는 금융자산의 공정가치 변동은 손익계산서에 \'기타수익 또는 기타비용\'으로 표시합니다. 기타포괄손익-공정가치로 측정하는 지분상품에대한 손상차손(환입)은 별도로 구분하여 인식하지 않습니다.\n(3) 손상\xa0\n\xa0\n연결회사는는 미래전망정보에 근거하여 상각후원가로 측정하거나 기타포괄손익-공정가치로 측정하는 채무상품에 대한 기대신용손실을 평가합니다. 손상 방식은 신용위험의 유의적인 증가 여부에 따라 결정됩니다. 단, 매출채권\xa0및 리스채권에 대해 회사는 채권의 최초 인식시점부터 전체기간 기대신용손실을 인식하는 간편법을 적용합니다. \n(4) 인식과 제거\n\xa0\n금융자산의 정형화된 매입 또는 매도는 매매일에 인식하거나 제거합니다. 금융자산은 현금흐름에 대한 계약상 권리가 소멸하거나 금융자산을 양도하고 소유에 따른 위험과 보상의 대부분을 이전한 경우에 제거됩니다.\n연결회사가 금융자산을 양도한 경우라도 채무자의 채무불이행시의 소구권 등으로 양도한금융자산의 소유에 따른 위험과 보상의 대부분을 당사가 보유하는 경우에는 이를 제거하지 않고 그 양도자산 전체를 계속하여 인식하되, 수취한 대가를 금융부채로인식합니다. 해당 금융부채는 재무상태표에\xa0""차입금""으로 분류하고 있습니다.\n(5) 금융상품의 상계\n금융자산과 부채는 인식한 자산과 부채에 대해 법적으로 집행가능한 상계권리를 현재 보유하고 있고, 순액으로 결제하거나 자산을 실현하는 동시에 부채를 결제할 의도를 가지고 있을 때 상계하여 재무상태표에 순액으로 표시합니다. 법적으로 집행가능한 상계권리는 미래사건에 좌우되지 않으며, 정상적인 사업과정의 경우와 채무불이행의 경우 및 지급불능이나 파산의 경우에도 집행가능한 것을 의미합니다.\n2.6 파생상품파생상품은 파생상품 계약 체결 시점에 공정가치로 최초 인식되며 이후 공정가치로 재측정됩니다. 위험회피회계의 적용 요건을 충족하지 않는 파생상품의 공정가치변동은 거래의 성격에 따라 \'기타영업외수익(비용)\' 또는 \'금융수익(비용)\'으로 손익계산서에 인식됩니다.\n2.7 재고자산\xa0재고자산은 원가와 순실현가능가치 중 작은 금액으로 표시되고, 재고자산의 원가는 총평균법에 따라 결정됩니다. 2.8\xa0매각예정비유동자산(또는 처분자산집단) \xa0비유동자산(또는 처분자산집단)은 장부금액이 매각거래를 통하여 주로 회수되고, 매각될 가능성이 매우 높은 경우에 매각예정으로 분류되며, 그러한 자산은 장부금액과 순공정가치 중 작은 금액으로 측정됩니다. \xa02.9 유형자산 유형자산은 원가에서 감가상각누계액과 손상차손누계액을 차감하여 표시됩니다. 역사적 원가는 자산의 취득에 직접적으로 관련된 지출을 포함합니다.\n\xa0\n토지를 제외한 자산은 취득원가에서 잔존가치를 제외하고, 다음의 추정 경제적 내용연수에 걸쳐 정액법으로 상각됩니다.\n과 \xa0 \xa0 목\xa0\n추정 내용연수\xa0\n건물 및 구축물\n40년\xa0\n기계장치\xa0\n10년\xa0\n차량운반구, 공구와기구, 집기비품, 시설장치 및 가설재\n5년\xa0\n사용권자산\n계약기간\n유형자산의 감가상각방법과 잔존가치 및 경제적 내용연수는 매 회계연도 말에 재검토되고 필요한 경우 추정의 변경으로 조정됩니다.\xa0\n2.10 차입원가 적격자산을 취득 또는 건설하는데 발생한 차입원가는 해당 자산을 의도된 용도로 사용할 수 있도록 준비하는 기간 동안 자본화되고, 적격자산을 취득하기 위한 특정목적차입금의 일시적 운용에서 발생한 투자수익은 당 회계기간 동안 자본화 가능한 차입원가에서 차감됩니다. 기타 차입원가는 발생기간에 비용으로 인식됩니다.\xa0 2.11 정부보조금정부보조금은 보조금의 수취와 정부보조금에 부가된 조건의 준수에 대한 합리적인 확신이 있을 때 공정가치로 인식됩니다. 자산관련보조금은 자산의 장부금액을 계산할 때 차감하여 표시되며, 수익관련보조금은 이연하여 정부보조금의 교부 목적과 관련된 비용에서 차감하여 표시됩니다. \n2.12 무형자산영업권을 제외한 무형자산은 역사적 원가로 최초 인식되고, 원가에서 상각누계액과 손상차손누계액을 차감한 금액으로 표시됩니다. 회원권은 이용 가능 기간에 대하여 예측가능한 제한이 없으므로 내용연수가 한정되지 않아 상각되지 않습니다. 한정된 내용연수를 가지는 다음의 무형자산은 추정내용연수동안 정액법으로 상각됩니다. \n과 \xa0 \xa0 목\xa0\n추정 내용연수\xa0\n소프트웨어\n5년\xa0\n산업재산권\n5년\xa0\n잔여계약\n5년\n2.13 투자부동산임대수익이나 투자차익을 목적으로 보유하고 있는 부동산은 투자부동산으로 분류됩니다. 투자부동산은 최초 인식시점에 원가로 측정되며, 최초 인식 후에는 원가에서 감가상각누계액과 손상차손누계액을 차감한 금액으로 표시됩니다. 투자부동산 중 토지를 제외한 투자부동산은 추정 경제적 내용연수 40년동안 정액법으로 상각됩니다.2.14 비금융자산의 손상영업권이나 내용연수가 비한정인 무형자산에 대하여는 매년, 상각대상 자산에 대하여는 자산손상을 시사하는 징후가 있을 때 손상검사를 수행하고 있습니다. 손상차손은 회수가능액(사용가치 또는 처분부대원가를 차감한 공정가치 중 높은 금액)을 초과하는 장부금액만큼 인식되고 영업권 이외의 비금융자산에 대한 손상차손은 매 보고기간말에 환입가능성이 검토됩니다.\n2.15 금융부채 \xa0(1) 분류 및 측정\n\xa0\n연결회사의 당기손익-공정가치 측정 금융부채는 단기매매목적의 금융상품입니다. 주로 단기간 내에 재매입할 목적으로 부담하는 금융부채는 단기매매금융부채로 분류됩니다. 또한, 위험회피회계의 수단으로 지정되지 않은 파생상품이나 금융상품으로부터 분리된 내재파생상품도 단기매매금융부채로 분류됩니다.\n\xa0\n당기손익-공정가치 측정 금융부채, 금융보증계약, 금융자산의 양도가 제거조건을 충족하지 못하는 경우에 발생하는 금융부채를 제외한 모든 비파생금융부채는 상각후원가로 측정하는 금융부채로 분류되고 있으며, 재무상태표 상 ""매입채무"", ""차입금"" 및 ""기타금융부채""\xa0등으로 표시됩니다.\xa0\n\xa0\xa0\n(2) 제거\n\xa0\n금융부채는 계약상 의무가 이행, 취소 또는 만료되어 소멸되거나 기존 금융부채의 조건이 실질적으로 변경된 경우에 재무상태표에서 제거됩니다. 소멸하거나 제3자에게 양도한 금융부채의 장부금액과 지급한 대가(양도한 비현금자산이나 부담한 부채를 포함)의 차액은 당기손익으로 인식합니다.\n2.16 금융보증계약\xa0 \xa0연결회사가 제공한 금융보증계약은 최초 인식시 공정가치로 측정되며, 후속적으로는다음 중 큰 금액으로 측정하여\xa0""기타금융부채""로 인식됩니다.\n(1) 금융상품의 손상규정에 따라 산정한 손실충당금\n(2) 최초인식금액에서 기업회계기준서 제1115호에 따라 인식한 이익누계액을 차감한 금액\n2.17 충당부채 과거사건의 결과로 현재의 법적의무나 의제의무가 존재하고, 그 의무를 이행하기 위한 자원의 유출가능성이 높으며, 당해 금액의 신뢰성 있는 추정이 가능한 경우 공사손실충당부채, 하자보수충당부채 등을 인식하고 있습니다. 충당부채는 의무를 이행하기 위하여 예상되는 지출액의 현재가치로 측정되며, 시간경과로 인한 충당부채의 증가는 이자비용으로 인식됩니다.2.18 당기법인세 및 이연법인세 \xa0법인세비용은 당기법인세와 이연법인세로 구성됩니다. 법인세는 기타포괄손익이나 자본에 직접 인식된 항목과 관련된 금액은 해당 항목에서 직접 인식하며, 이를 제외하고는 당기손익으로 인식됩니다. 법인세비용은 보고기간말 현재 제정됐거나 실질적으로 제정된 세법을 기준으로 측정됩니다. 경영진은 적용 가능한 세법 규정이 해석에 따라 달라질 수 있는 상황에 대하여 연결회사가 세무신고 시 적용한 세무정책에 대하여 주기적으로 평가하고 있습니다. 연결회사는 세무당국에 납부할 것으로 예상되는 금액에 기초하여 당기법인세비용을 인식합니다.이연법인세는 자산과 부채의 장부금액과 세무기준액의 차이로 발생하는 일시적 차이에 대하여 장부금액을 회수하거나 결제할 때의 예상 법인세효과로 인식됩니다. 다만,사업결합 이외의 거래에서 자산·부채를 최초로 인식할 때 발생하는 이연법인세자산과 부채는 그 거래가 회계이익이나 과세소득에 영향을 미치지 않는다면 인식되지 않습니다. 이연법인세자산은 차감할 일시적 차이가 사용될 수 있는 미래 과세소득의 발생가능성이 높은 경우에 인식됩니다.종속기업, 관계기업 및 공동기업 투자지분과 관련된 가산할 일시적 차이에 대해 소멸시점을 통제할 수 있는 경우, 그리고 예측가능한 미래에 일시적 차이가 소멸하지 않을 가능성이 높은 경우를 제외하고 이연법인세부채를 인식하고 있습니다. 또한 이러한 자산으로부터 발생하는 차감할 일시적 차이에 대하여 일시적 차이가 예측가능한 미래에 소멸할 가능성이 높고 일시적 차이가 사용될 수 있는 과세소득이 발생할 가능성이 높은 경우에만 이연법인세자산을 인식하고 있습니다.이연법인세자산과 부채는 법적으로 당기법인세자산과 당기법인세부채를 상계할 수 있는 권리를 회사가 보유하고 있으며, 동시에 이연법인세자산과 부채가 동일한 과세당국에 의해서 부과되는 법인세와 관련이 있으면서 순액으로 결제할 의도가 있는 경우에 상계됩니다.2.19 종업원급여\xa0(1) 단기종업원급여종업원이 관련 근무용역을 제공한 회계기간의 말부터 12개월 이내에 결제될 단기종업원급여는 근무용역과 교환하여 지급이 예상되는 금액을 근무용역이 제공된 때에 당기손익으로 인식하고 있습니다. 단기종업원급여는 할인하지 않은 금액으로 측정하고 있습니다. 종업원이 과거 근무용역의 결과 회사가 지급해야 할 법적의무 또는 의제의무가 있고, 그 채무금액을 신뢰성있게 추정할 수 있다면 이익분배금 및 상여금으로 지급이 예상되는 금액을 부채로 인식하고 있습니다.\n(2) 퇴직급여채무연결회사는 확정기여제도와 확정급여제도를 운영하고 있습니다. 확정기여제도는 고정된 금액의 기여금을 별도 기금에 지급하는 퇴직연금제도입니다. 해당 기금이 현재나 과거 기간의 종업원 용역과 관련하여 지급하여야 할 급여 전액을 지급하기에 충분한 자산을 보유하지 못하는 경우에도 회사는 추가적인 기여금을 납부할 법적의무나 의제의무를 부담하지 않습니다.  확정기여제도와 관련하여 일정기간 종업원이 근무용역을 제공하였을 때에는 그 근무용역과 교환하여 확정기여제도에 납부해야 할 기여금에 대하여 자산의 원가에 포함하는 경우를 제외하고는 당기손익으로 인식하고 있습니다. 납부해야 할 기여금은 이미 납부한 기여금을 차감한 후 부채(미지급비용)로 인식하고 있습니다. 기여금은 그 지급기일에 ""종업원급여""로 인식됩니다.  확정급여제도는 확정기여제도를 제외한 모든 퇴직연금제도입니다. 일반적으로 확정급여제도는 연령, 근속연수나 급여수준 등의 요소에 의하여 종업원이 퇴직할 때 지급받을 퇴직연금급여의 금액이 확정됩니다. 확정급여제도와 관련하여 재무상태표에 계상된 부채는 보고기간말 현재 확정급여채무의 현재가치에서 사외적립자산의 공정가치를 차감한 금액입니다. 확정급여채무는 매년 독립된 보험계리인에 의해 예측단위적립방식에 따라 산정되며, 확정급여채무의 현재가치는 그 지급시점과 만기가 유사한 우량회사채의 이자율로 기대미래현금유출액을 할인하여 산정됩니다. 한편, 순확정급여부채와 관련한 재측정요소는 기타포괄손익으로 인식됩니다제도개정, 축소 또는 정산이 발생하는 경우, 과거근무원가 또는 정산으로 인한 손익은 당기손익으로 인식됩니다. 2.20 수익인식\xa0\xa0\n(1) 수행의무의 식별연결회사의 철강사업, 건설사업 및 기타사업부문은 제품의 제조, 판매, 건설용역 및 부동산임대등 사업을 영위하고 있습니다. 고객과의 계약을 통하여 재화의 판매 또는 시공용역 등으로 각각 구별되는 수행의무를 식별합니다.\n(2) 기간에 걸쳐 이행하는 수행의무\n연결회사의 건설사업부문은 고객이 주문한 교량용 거더(girder)에 대한 제작 및 설치 부문과 일반 도급공사 부문 등으로 구성되며, 완공시까지 2년 이상의 기간이 소요됩니다. 기업이 의무를 수행하여 만든 자산이 기업 자체에는 대체용도가 없고, 지금까지 의무수행을 완료한 부분에 대해 집행 가능한 지급청구권이 기업에 있어야 진행기준을 적용하여 수익을 인식합니다. 연결회사는 계약 조건을 분석한 결과, 지금까지 수행을 완료한 부분에 대해 집행 가능한 지급청구권이 있다고 판단되어 기간에 걸쳐 이행하는 수행의무로 보아 수익을 인식합니다.\n2.21 리스\n\xa0연결회사는 다양한 사무실, 창고, 자동차, 사무기기 등을 리스하고 있습니다. 리스계약은 일반적으로 1~3년의 고정기간으로 체결되지만 아래 ②에서 설명하는 연장선택권이 있을 수 있습니다.계약에는 리스요소와 비리스요소가 모두 포함될 수 있습니다. 연결회사는 상대적 개별 가격에 기초하여 계약 대가를 리스요소와 비리스요소에 배분하였습니다. 그러나 연결회사가 리스이용자인 부동산 리스의 경우 리스요소와 비리스요소를 분리하지 않고 하나의 리스요소로 회계처리하는 실무적 간편법을 적용하였습니다.리스조건은 개별적으로 협상되며 다양한 계약조건을 포함합니다. 리스계약에 따라부과되는 다른 제약은 없지만 리스자산을 차입금의 담보로 제공할 수는 없습니다.\n리스에서 생기는 자산과 부채는 최초에 현재가치기준으로 측정합니다. 리스부채는 다음 리스료의 순현재가치를 포함합니다.\n-\n받을 리스 인센티브를 차감한 고정리스료(실질적인 고정리스료 포함)\n-\n개시일 현재 지수나 요율을 사용하여 최초 측정한, 지수나 요율(이율)에 따라 달라지는 변동리스료\n-\n잔존가치보증에 따라 회사(리스이용자)가 지급할 것으로 예상되는 금액\n-\n회사(리스이용자)가 매수선택권을 행사할 것이 상당히 확실한 경우에 그 매수선택권의 행사가격\n-\n리스기간이 회사(리스이용자)의 종료선택권 행사를 반영하는 경우에 그 리스를 종료하기 위하여 부담하는 금액\n또한 리스부채의 측정에는 상당히 확실한(reasonably certain) 연장선택권에 따라 지급될 리스료를 포함합니다.리스의 내재이자율을 쉽게 산정할 수 있는 경우 그 이자율로 리스료를 할인합니다. 내재이자율을 쉽게 산정할 수 없는 경우에는 리스이용자가 비슷한 경제적 환경에서 비슷한 기간에 걸쳐 비슷한 담보로 사용권자산과 가치가 비슷한 자산을 획득하는 데 필요한 자금을 차입한다면 지급해야할 이자율인 리스이용자의 증분차입이자율을 사용합니다.\n연결회사의 증분차입이자율을 다음과 같이 산정합니다.\n-\n가능하다면 개별 리스이용자가 받은 최근 제3자 금융 이자율에 제3자 금융을 받은 이후 재무상태의 변경을 반영\n-\n최근 제3자 금융을 받지 않은 종속기업이 보유한 리스의 경우 무위험이자율에 신용위험을 조정하는 상향 접근법을 사용\n-\n국가, 통화, 담보, 보증과 같은 리스에 특정한 조정을 반영\n연결회사는 지수나 요율에 따라 달라지는 변동리스료의 경우 지수나 요율이 유효할 때까지 리스부채에 포함하지 않는 변동리스료의 잠재적 미래 증가 위험에 노출되어 있습니다. 지수나 요율에 따라 달라지는 리스료의 조정액이 유효한 시점에서 리스부채를 재평가하고 사용권자산을 조정합니다.\n\xa0\n각 리스료는 리스부채의 상환과 금융원가로 배분합니다. 금융원가는 각 기간의 리스부채 잔액에 대하여 일정한 기간 이자율이 산출되도록 계산된 금액을 리스기간에 걸쳐 당기손익으로 인식합니다.\xa0\n사용권자산은 다음 항목들로 구성된 원가로 측정합니다.\n-\n리스부채의 최초 측정금액\n-\n받은 리스 인센티브를 차감한 리스개시일이나 그 전에 지급한 리스료\n-\n리스이용자가 부담하는 리스개설직접원가\n-\n복구원가의 추정치\n사용권자산은 리스개시일부터 사용권자산의 내용연수 종료일과 리스기간 종료일 중 이른 날까지의 기간동안 감가상각합니다. 연결회사가 매수선택권을 행사할 것이 상당히 확실한(reasonably certain) 경우 사용권자산은 기초자산의 내용연수에 걸쳐 감가상각합니다.차량운반구 중 단기리스와 모든 소액자산 리스와 관련된 리스료는 정액 기준에 따라 당기손익으로 인식합니다. 단기리스는 리스기간이 12개월 이하인 리스이며, 소액리스자산은 소액의 사무용 기기로 구성되어 있습니다.\n(1) 연장선택권 및 종료선택권\n일부 리스계약은 연장선택권 및 종료선택권을 포함하고 있습니다. 이러한 조건들은 계약 관리 측면에서 운영상의 유연성을 극대화하기 위해 사용됩니다. 보유하고 있는 대부분의 연장선택권 및 종료선택권은 해당 리스제공자가 아니라 연결회사가 행사할수 있습니다.\n(2) 잔존가치보증\n계약기간 동안 리스원가를 최적화하기 위해 회사는 시설장치 리스와 관련하여 종종 잔존가치보증을 제공합니다.\n2.22 영업부문 \xa0영업부문별 정보는 최고영업의사결정자에게 내부적으로 보고되는 방식에 기초하여 공시됩니다(주석 6참조). 최고영업의사결정자는 영업부문에 배부될 자원과 영업부문의 성과를 평가하는데 책임이 있습니다.2.23 재무제표 승인연결회사의 연결재무제표는\xa02022년 3월 11일자로\xa0이사회에서 승인됐으며, 정기주주총회에서 수정승인 될 수 있습니다. \n3. 중요한 회계추정 및 가정연결재무제표 작성에는 미래에 대한 가정 및 추정이 요구되며 경영진은 연결회사의 회계정책을 적용하기 위해 판단이 요구됩니다. 추정 및 가정은 지속적으로 평가되며,과거 경험과 현재의 상황에 비추어 합리적으로 예측가능한 미래의 사건을 고려하여 이루어집니다. 회계추정의 결과가 실제 결과와 동일한 경우는 드물 것이므로 중요한 조정을 유발할 수 있는 유의적인 위험을 내포하고 있습니다.\n\xa0\n다음 회계연도에 자산 및 부채 장부금액의 조정에 영향을 미칠 수 있는 경영진 판단과 유의적 위험에 대한 추정 및 가정은 다음과 같습니다. 일부 항목에 대한 유의적인 판단 및 추정에 대한 추가적인 정보는 개별 주석에 포함되어 있습니다.\n(1) 영업권의 손상차손\n\xa0\n영업권의 손상 여부를 검토하기 위한 현금창출단위의 회수가능액은 사용가치의 계산에 기초하여 결정됩니다(주석 18참조).\xa0\n\xa0\n(2) 법인세\n\xa0\n연결회사의 과세소득에 대한 법인세는\xa0세법 및 과세당국의 결정을 적용하여 산정되므로 최종 세효과를 산정하는 데에는 불확실성이 존재합니다(주석 35참조).\xa0\n\xa0\n연결회사는 특정 기간동안 과세소득의 일정 금액을 투자, 임금증가 등에 사용하지 않았을 때 세법에서 정하는 방법에 따라 산정된 법인세를 추가로 부담합니다. 따라서, 해당 기간의 당기법인세와 이연법인세를 측정할 때 이에 따른 세효과를 반영하여야 하고, 이로 인해 연결회사가 부담할 법인세는 각 연도의 투자, 임금증가 등의 수준에 따라 달라지므로 최종 세효과를 산정하는데에는 불확실성이 존재합니다.\n(3) 금융상품의 공정가치\n\xa0\n활성시장에서 거래되지 않는 금융상품의 공정가치는 원칙적으로 평가기법을 사용하여 결정됩니다. 연결회사는 보고기간말 현재 중요한 시장상황에 기초하여 다양한 평가기법의 선택 및 가정에 대한 판단을 하고 있습니다(주석 5참조).\xa0\n\xa0 (4) 금융자산의 손상\n\xa0\n금융자산의 손실충당금은 부도위험 및 기대손실률 등에 대한 가정에 기초하여 측정됩니다. 회사는 이러한 가정의 설정 및 손상모델에 사용되는 투입변수의 선정에 있어서 회사의 과거 경험, 현재 시장 상황, 재무보고일 기준의 미래전망정보 등을 고려하여 판단합니다.\xa0\n(5) 수익인식 (가) 공사수익\n\xa0- 총계약수익 추정치의 불확실성\xa0\n\xa0\n총계약수익은 최초에 합의한 계약금액을 기준으로 측정하지만, 계약을 수행하는 과정에서 공사변경, 보상금, 장려금에 따라 증가하거나 회사의 귀책사유로 완공시기가 지연됨에 따라 위약금을 부담할 때 감소될 수 있으므로 계약수익의 측정은 미래사건의 결과와 관련된 다양한 불확실성에 영향을 받습니다. 회사는 고객이 공사변경 등으로 인한 수익금액의 변동을 승인할 가능성이 높거나 회사가 성과기준을 충족할 가능성이 높고, 금액을 신뢰성 있게 측정할 수 있는 경우에 계약수익에 포함합니다.\xa0\n\xa0\n\xa0- 추정총계약원가\n\xa0\n공사수익금액은 누적발생계약원가를 기준으로 측정하는 진행률의 영향을 받으며, 총계약원가는 재료비, 노무비, 공사기간 등의 미래 예상치에 근거하여 추정합니다.\xa0\n4.\xa0재무위험 관리4.1 재무위험 관리 요소\n회사가 노출되어 있는 재무위험 및 이러한 위험이 회사의 미래 성과에 미칠 수 있는 영향은 다음과 같습니다. \xa0\n위험\n노출 위험\n관리\n시장위험-환율\n미래 상거래 기능통화 이외의 표시통화를 갖는 금융자산 및 금융부채\n통화선도 및 통화옵션\n시장위험 - 이자율\n변동금리 차입금\n이자율 및 통화스왑\n신용위험\n현금성자산, 매출채권, 파생상품, 채무상품, 계약자산 등\n은행예치금 다원화, 신용한도, L/C채무상품 투자지침 등\n유동성위험\n차입금 및 기타 부채 등\n차입한도 유지\n\xa0\n위험관리는 이사회에서 승인한 정책에 따라 재무부서의 주관으로 이루어지고 있습니다. 재무부서는 영업부서들과의 긴밀한 협조하에 재무위험을 식별하고 평가하고 관리합니다. 이사회는 전반적인 위험관리에 대한 원칙과 외환위험, 이자율 위험, 신용 위험, 파생금융상품과 비파생금융상품의 이용 및 유동성을 초과하는 투자와 같은 특정 분야에 관한 정책을 문서화하여 제공하고 있습니다.\n(1)\xa0신용위험\n신용위험은 연결회사의 통상적인 거래 및 투자활동에서 발생하며 고객 또는 거래상대방이 계약 조건상 의무사항을 지키지 못하였을 때 발생합니다. 이러한 신용위험을 관리하기 위하여 연결회사는 주기적으로 고객과 거래상대방의 재무상태와 과거 경험및 기타 요소들을 고려하여 재무신용도를 평가하고 있으며 고객과 거래상대방 각각에 대한 신용한도를 설정하고 있습니다.\xa0당기 중 중요한 손상의 징후나 회수기일이 초과된 매출채권 및 기타금융자산에 포함된 대여금이나 미수금 등은 발생하지 않았으며 연결회사는 당기말 현재 채무불이행 등이 발생할 징후는 낮은 것으로 판단하고 있습니다.\xa0신용위험은 현금및현금성자산, 각종 예금 등과 같은 금융기관과의 거래에서도 발생할 수 있습니다. 이러한 위험을 줄이기 위해 연결회사는 신용도가 높은 금융기관들과 거래를 하고 있습니다.\n가.\xa0보고기간 종료일 현재 연결회사의 신용위험에 대한 최대노출정도는 다음과 같습니다.\n(단위 : 천원)\n구 \xa0분\n당기말\n전기말\n현금및현금성자산\n57,715,141\n51,619,942\n단기금융상품\n8,222,546\n44,001,323\n매출채권(*)\n52,743,153\n36,862,422\n당기손익-공정가치측정긍융자산\n4,663,495\n4,551,227\n기타유동금융자산\n1,352,189\n2,828,867\n기타비유동금융자산\n1,567,170\n2,077,664\n합 \xa0 \xa0계\n126,263,694\n141,941,445\n(*) 대손충당금이 차감되기 전의 금액입니다.\n나. 보고기간 종료일 현재 매출채권의 연령 및 각 연령별로 손상된 채권의 금액은 다음과 같습니다.\n(단위 : 천원)\n구 \xa0분\n당기말\n전기말\n채권잔액\n손상된금액\n장부금액\n채권잔액\n손상된금액\n장부금액\n6개월 이내\n49,369,404\n(115,111)\n49,254,293\n33,896,987\n(120,516)\n33,776,471\n6개월~1년\n1,866,404\n-\n1,866,404\n1,715,398\n(59,514)\n1,655,884\n1년~3년\n953,766\n(27,414)\n926,352\n760,801\n(98,447)\n662,354\n3년 초과\n553,579\n(553,579)\n-\n489,236\n(489,236)\n-\n합 \xa0계\n52,743,153\n(696,104)\n52,047,049\n36,862,422\n(767,713)\n36,094,709\n(2)\xa0유동성위험연결회사는 적정 유동성의 유지를 위하여 주기적인 자금수지 예측, 조정을 통해 유동성위험을 관리하고 있습니다. 연결회사는 원활한 자금운영을 할 수 있도록 금융기관들과 차입한도 약정을 맺고 있습니다. 여유있는 유동성이 확보될 수 있도록 적절한 만기나 충분한 유동성을 제공해 주는 이자부 당좌예금, 정기예금, 수시입출금식 예금등의 금융상품을 선택하여 잉여자금을 투자하고 있습니다.연결회사는 유동성위험을 관리하기 위하여 단기 및 중장기 자금관리계획을 수립하고현금유출예산과 실제 현금유출액을 지속적으로 분석, 검토하여 금융부채와 금융자산의 만기구조를 대응시키고 있습니다. 연결회사의 경영진은 영업활동현금흐름과 금융자산의 현금유입으로 금융부채를 상환가능하다고 판단하고 있습니다.\xa0보고기간 종료일\xa0현재 금융부채의 잔존계약 만기에 따른 만기분석은 다음과 같습니다.\xa0\n<당기말>\n(단위 : 천원)\n구 \xa0분\n3개월 이내\n3개월~6개월\n6개월~12개월\n1년 이상\n합 \xa0계\n매입채무\n28,617,878\n-\n-\n52,404\n28,670,282\n단기차입금\n10,698,038\n7,193,950\n101,924\n-\n17,993,912\n기타유동금융부채\n\xa0 미지급금\n4,228,689\n24\n38,545\n105,015\n4,372,273\n\xa0 미지급비용\n934,980\n70,682\n152,731\n233,223\n1,391,616\n\xa0유동성임대보증금\n-\n50,000\n-\n-\n50,000\n단기리스부채\n890,497\n295,765\n226,764\n-\n1,413,026\n장기차입금\n-\n-\n-\n10,000,005\n10,000,005\n기타비유동금융부채\n\xa0 임대보증금\n-\n-\n-\n103,000\n103,000\n장기리스부채\n-\n-\n-\n1,173,495\n1,173,495\n합 계\n45,370,082\n7,610,421\n519,964\n11,667,142\n65,167,609\n<전기말>\n(단위 : 천원)\n구 \xa0분\n3개월 이내\n3개월~6개월\n6개월~12개월\n1년 이상\n합 \xa0계\n매입채무\n17,963,231\n129,584\n135\n227,400\n18,320,350\n단기차입금\n16,137,786\n70,229,647\n-\n-\n86,367,433\n기타유동금융부채\n\xa0 미지급금\n7,634,617\n-\n9,086\n-\n7,643,703\n\xa0 미지급비용\n498,552\n213,305\n500,193\n-\n1,212,050\n당기법인세부채\n3,240,353\n303,230\n-\n-\n3,543,583\n단기리스부채\n1,292,264\n102,606\n184,264\n-\n1,579,134\n장기차입금\n7\n-\n-\n10,000,000\n10,000,007\n기타비유동금융부채\n\xa0 임대보증금\n-\n-\n-\n104,000\n104,000\n파생상품부채\n624,962\n37,120\n-\n-\n662,082\n장기리스부채\n-\n-\n-\n1,483,189\n1,483,189\n합 계\n47,391,772\n71,015,492\n693,678\n11,814,589\n130,915,531\n(3)\xa0시장위험가.\xa0환율변동위험연결회사는\xa0원화\xa0외의 통화로 표시되는 판매, 구매 및 차입에 대해\xa0환율변동위험에 노출되어 있습니다. 이러한 거래들이 표시되는 주된 통화는 USD와 EUR 입니다.연결회사는 별도의 금융상품을 통한 외화표시 화폐성자산과 부채의 경제적인 위험회피를 위한 활동 및 지급기일 조정 등을 통하여\xa0환율변동위험을 관리하고 있습니다.\n1) 보고기간 종료일 현재 연결회사의 환위험에 대한 노출정도는 다음과 같습니다.\n(단위 : 천원, USD 1천불, EUR 1천유로)\n구 분\n당기말\n전기말\n통화\n외화\n환율\n원화환산액\n통화\n외화\n환율\n원화환산액\n현금및현금성자산\nUSD\n3,661\n1,185.5\n4,340,348\nUSD\n7,587\n1,088\n8,257,596\nEUR\n90\n1,342.34\n120,686\nEUR\n73\n1338.24\n98,097\nMMK\n20\n0.67\n14\nMMK\n2\n0.82\n2\nCNY\n70\n186\n13,119\nCNY\n70\n166.96\n11,619\n기타단기금융상품\nUSD\n-\n-\n-\nUSD\n200\n1,088\n219,600\n매입채무\nUSD\n-\n-\n-\nUSD\n1,223\n1,088\n1,331,798\n단기차입금\nUSD\n15,179\n1,185.5\n17,993,912\nUSD\n42,297\n1,088\n53,367,433\n미지급비용\nUSD\n13\n1,185.5\n15,101\nUSD\n97\n1,088\n105,821\n2) 보고기간 종료일 현재 연결회사의 금융자산과 금융부채를 구성하는 주요 외화 통화에 대한 원화의 환율이 상승하였더라면, 연결회사의 자본과 손익은 증가 또는 감소하였을 것입니다. 이와 같은 분석은 보고기간 종료일 현재에 합리적으로 가능하다고 판단되는 정도의 변동을 가정한 것입니다. 또한 민감도분석 시에는 이자율 등 다른 변수는 변동되지 않는다고 가정하였습니다. 구체적인 손익의 법인세 반영 전 변동 금액은 다음과 같습니다.\n(단위 : 천원)\n구 \xa0분\n당기말\n전기말\n5%상승시\n5%하락시\n5%상승시\n5%하락시\n(1)외화금융자산\n223,708\n(223,708)\n429,346\n(429,346)\n(2)외화금융부채\n(900,451)\n900,451\n(2,740,252)\n2,740,252\n순효과=(1)+(2)\n(676,743)\n676,743\n(2,310,906)\n2,310,906\n나.\xa0이자율위험연결회사의 이자율위험은 주로 차입금 등의 계약으로부터 발생하며 이자율 변동이 연결회사의 경영활동 및 재무현황에 미치는 영향을 지속적으로 모니터링 하고 있습니다.\n1) 보고기간 종료일 현재 연결회사가 보유하고 있는 이자부 금융상품의 장부금액은 다음과 같습니다.\n(단위 : 천원)\n구 \xa0분\n당기말\n전기말\n\xa0고정이자율 :\n\xa0 \xa0단기금융상품\n8,222,546\n44,001,323\n고정이자율 금융자산 계\n8,222,546\n44,001,323\n\xa0 \xa0단기차입금\n17,993,912\n86,367,433\n\xa0 \xa0장기차입금\n5\n7\n고정이자율 금융부채 계\n17,993,917\n86,367,440\n\xa0변동이자율 :\n\xa0 \xa0현금및현금성자산\n57,715,141\n40,440,545\n\xa0 \xa0장기금융상품\n8,000\n28,000\n변동이자율 금융자산 계\n57,723,141\n40,468,545\n\xa0 \xa0장기차입금\n10,000,000\n-\n변동이자율 금융부채 계\n10,000,000\n-\n2) 고정이자율 금융상품의 공정가치 민감도 분석\n연결회사는 고정이자율 금융상품을 당기손익인식금융상품으로 처리하고 있지 않습니다. 따라서 이자율의 변동은 손익에 영향을 주지 않습니다.\n3) 변동이자율 금융상품의 현금흐름 민감도 분석\n보고기간 종료일 현재 다른 모든 변수가 일정하다고 가정하면 변동이자율 금융상품이 이자율 변동에 의해 향후 1년간 법인세차감전손익 및 자본에 미치는 영향은 다음과 같습니다.\n(단위 : 천원)\n구 \xa0분\n법인세차감전순손익\n자 본\n1%상승\n1%하락\n1%상승\n1%하락\n\xa0당 기\n\xa0 \xa0변동이자율금융상품\n477,231\n(477,231)\n372,240\n(372,240)\n\xa0전 기\n\xa0 \xa0변동이자율금융상품\n404,685\n(404,685)\n315,654\n(315,654)\n다.\xa0자본위험관리연결회사의 자본관리 목적은 계속기업으로서 주주 및 이해당사자들에게 이익을 지속적으로 제공할 수 있는 능력을 보호하고 자본비용을 절감하기 위해 최적 자본구조를 유지하는 것입니다. 자본구조를 유지 또는 조정하기 위하여 연결회사는 주주에게 지급되는 배당을 조정하고, 주주들에게 자본을 반환하며, 부채감소를 위한 신주 발행 및 자산 매각 등을 실시하고 있습니다.연결회사는 산업내의 타사와 동일하게 자본조달비율에 기초하여 자본을 관리하고 있습니다. 자본조달비율은 순부채를 총자본으로 나누어 산출하고 있습니다. 순부채는 총차입금(재무상태표의 장단기차입금 포함)에서 현금및현금성자산을 차감한 금액이며 총자본은 재무상태표의 자본에 순부채를 가산한 금액입니다.보고기간 종료일 현재의 자본조달비율은 다음과 같습니다.\n(단위 : 천원)\n구 \xa0분\n당기말\n전기말\n총차입금(a)\n27,993,917\n96,367,440\n현금및현금성자산(b)\n57,715,141\n51,619,942\n순부채(c=a-b)\n(29,721,224)\n44,747,498\n자본총계(d)\n332,512,815\n302,066,798\n총자본(e=c+d)\n302,791,591\n346,814,296\n자본조달비율(f=c/e)\n-\n12.90%\n당기말에는 순부채가 (-)임에 따라 기재하지 아니하였습니다.\n5. 범주별 금융상품 및 공정가치\n5.1 범주별 금융상품\n(단위 : 천원)\n금융자산\n당기말\n전기말\n상각후원가측정금융자산\n공정가치측정금융자산\n상각후원가측정금융자산\n공정가치측정금융자산\n현금및현금성자산\n57,715,141\n-\n51,619,942\n-\n단기금융상품\n8,222,546\n-\n44,001,323\n-\n매출채권\n52,047,049\n-\n36,094,709\n-\n기타유동금융자산\n1,352,189\n-\n2,828,867\n-\n당기손익-공정가치금융자산\n-\n4,663,495\n-\n4,551,228\n기타포괄손익-공정가치금융자산\n-\n3,999,999\n-\n3,510,571\n기타비유동금융자산\n1,567,170\n-\n2,077,664\n-\n합 계\n120,904,095\n8,663,494\n136,622,505\n8,061,799\n(단위 : 천원)\n금융부채\n당기말\n전기말\n상각후원가측정금융부채\n상각후원가측정금융부채\n매입채무\n28,670,282\n18,320,350\n단기차입금\n17,993,912\n86,367,433\n기타유동금융부채\n5,813,889\n8,855,754\n파생상품부채\n-\n662,082\n장기차입금\n10,000,005\n10,000,007\n리스부채\n2,586,521\n3,062,323\n기타비유동금융부채\n-\n104,000\n합 계\n65,064,609\n127,371,949\n5.2 금융상품 범주별 금융손익(1) 당기\n(단위 : 천원)\n구 분\n상각후원가측정금융자산\n공정가치측정금융자산\n상각후원가측정금융부채\n합 계\n이자수익\n665,036\n-\n-\n665,036\n배당금수익\n-\n47,750\n-\n47,750\n외환차익\n238,030\n-\n5,131,096\n5,369,126\n외화환산이익\n32,034\n-\n-\n32,034\n파생상품거래이익\n824,708\n-\n-\n824,708\n공정가치금융자산평가이익\n-\n235,821\n-\n235,821\n합 \xa0계\n1,759,808\n283,571\n5,131,096\n7,174,475\n이자비용\n-\n-\n813,454\n813,454\n외환차손\n4,990,569\n-\n720,870\n5,711,439\n외화환산손실\n232,576\n-\n221,384\n453,960\n파생상품거래손실\n2,000\n-\n-\n2,000\n합 \xa0계\n5,225,145\n-\n942,254\n6,167,399\n(2) 전기\n(단위 : 천원)\n구 분\n상각후원가측정금융자산\n공정가치측정금융자산\n상각후원가측정금융부채\n합 계\n이자수익\n1,334,829\n-\n-\n1,334,829\n배당금수익\n260,701\n59,550\n-\n320,251\n외환차익\n4,050,198\n-\n1,471,194\n5,521,392\n외화환산이익\n1,952,222\n-\n1,085,452\n3,037,674\n파생상품거래이익\n-\n775,058\n-\n775,058\n공정가치금융자산평가이익\n-\n3,474\n-\n3,474\n합 \xa0계\n7,597,950\n838,082\n2,556,646\n10,992,678\n이자비용\n60,923\n-\n1,417,220\n1,478,143\n외환차손\n4,867,785\n-\n338,301\n5,206,086\n외화환산손실\n74,554\n-\n20,408\n94,962\n파생상품거래손실\n-\n2,084,397\n344,535\n2,428,932\n공정가치금융자산처분손실\n-\n662,082\n-\n662,082\n합 \xa0계\n5,003,262\n2,746,479\n2,120,464\n9,870,205\n5.3 금융상품 종류별 공정가치당기말과 전기말 현재 금융상품의 종류별 장부금액 및 공정가치는 다음과 같습니다.\n(단위 : 천원)\n구 \xa0분\n당기말\n전기말\n장부금액\n공정가치\n장부금액\n공정가치\n금융자산\n현금및현금성자산\n57,715,141\n57,715,141\n51,619,942\n51,619,942\n단기금융상품\n8,222,546\n8,222,546\n44,001,323\n44,001,323\n매출채권\n52,047,049\n52,047,049\n36,094,709\n36,094,709\n기타유동금융자산\n1,352,189\n1,352,189\n2,828,867\n2,828,867\n당기손익-공정가치금융자산\n4,663,495\n4,663,495\n4,551,228\n4,551,228\n기타포괄손익-공정가치금융자산\n3,999,999\n3,999,999\n3,510,571\n3,510,571\n기타비유동금융자산\n1,567,170\n1,567,170\n2,077,664\n2,077,664\n소 계\n129,567,589\n129,567,589\n144,684,304\n144,684,304\n금융부채\n매입채무\n28,670,282\n28,670,282\n18,320,350\n18,320,350\n단기차입금\n17,993,912\n17,993,912\n86,367,433\n86,367,433\n기타유동금융부채\n5,813,889\n5,813,889\n8,855,754\n8,855,754\n파생상품부채\n-\n-\n662,082\n662,082\n장기차입금\n10,000,005\n10,000,005\n10,000,007\n10,000,007\n리스부채\n2,586,521\n2,586,521\n3,062,323\n3,062,323\n기타비유동금융부채\n103,000\n103,000\n104,000\n104,000\n소 계\n65,167,609\n65,167,609\n127,371,949\n127,371,949\n5.4 공정가치 서열체계\n공정가치로 측정되는 금융상품은 공정가치 서열체계에 따라 구분되며 정의된 수준들은 다음과 같습니다.\n-\n측정일에 동일한 자산이나 부채에 대해 접근할 수 있는 활성시장의 (조정하지 않은) 공시가격 (수준 1)\n-\n수준 1의 공시가격 외에 자산이나 부채에 대해 직접적으로나 간접적으로 관측할 수 있는 투입변수 (수준 2)\n-\n자산이나 부채에 대한 관측할 수 없는 투입변수 (수준 3)\n공정가치로 측정되는 금융상품의 공정가치 서열체계 구분은 다음과 같습니다.\n(단위: 천원)\n구 분\n당기말\n전기말\n수준 1\n수준 2\n수준 3\n합계\n수준 1\n수준 2\n수준 3\n합계\n당기손익-공정가치측정금융자산\n-\n-\n4,663,495\n4,663,495\n-\n-\n4,551,227\n4,551,227\n기타포괄손익-공정가치측정금융자산\n-\n-\n3,999,999\n3,999,999\n-\n-\n3,510,571\n3,510,571\n파생상품부채\n-\n-\n-\n-\n-\n662,082\n-\n662,082\n6. 영업부문 정보(1) 연결회사는 영업부문을 다음과 같이 구분하고 있습니다.\n영업부문\n주요사업\n당기\n전기\n철강사업\n철강 상품 매입 및 제조\n㈜황금에스티, ㈜주은테크, ㈜유에스티\n㈜황금에스티, ㈜주은테크, ㈜유에스티\n건설사업\n교량 설계, 판넬 제작 및 시공\n㈜인터컨스텍(*1), ㈜아이오컨스텍㈜길교이앤씨, ㈜자이언트\n㈜인터컨스텍, ㈜아이오컨스텍㈜길교이앤씨, ㈜자이언트\n기타사업\n부동산임대 및 금융서비스업 등\n㈜이상인베스트먼트(*2)\n㈜인터컨스텍, ㈜이상인베스트먼트(*2)\n(*1) ㈜이상건설은 ㈜인터컨스텍의 종속회사입니다.(*2) ㈜이상인베스트먼트는 당기에 청산하였습니다.(2) 영업부문별 재무상태와 경영성과는 다음과 같습니다.\n(당기)\n(단위 : 천원)\n구 분\n철강사업\n건설사업\n기타사업\n합 계\n매출액\n193,622,262\n77,360,031\n-\n270,982,293\n영업이익\n30,641,591\n10,518,357\n(4,170)\n41,155,778\n법인세비용차감전순이익\n33,008,827\n11,289,678\n(2,195)\n44,296,310\n총자산\n299,904,910\n131,663,460\n-\n431,568,370\n총부채\n54,127,298\n44,928,257\n-\n99,055,555\n(전기)\n(단위 : 천원)\n구 분\n철강사업\n건설사업\n기타사업\n합 계\n매출액\n151,678,437\n83,539,804\n4,236,254\n239,454,495\n영업이익\n13,284,225\n10,699,701\n(234,208)\n23,749,718\n법인세비용차감전순이익\n13,435,100\n14,264,194\n(216,020)\n27,483,274\n총자산\n320,316,927\n89,457,205\n42,521,096\n452,295,228\n총부채\n76,282,876\n53,620,897\n20,324,657\n150,228,430\n(3) 당기 및 전기 중 회사 매출에서 차지하는 비중이 10% 이상인 거래처는 없으며, 대부분의 사업을 국내에서 영위하였으므로 지역부문별 정보는 공시하지 아니합니다.\n7. 현금및현금성자산보고기간 종료일 현재 연결회사의 현금및현금성자산 세부내역은 다음과 같습니다.\n(단위 : 천원)\n구 \xa0분\n당기말\n전기말\n보유현금\n6,483\n1,138\n요구불예금 등\n53,234,491\n43,251,490\n외화요구불예금\n4,474,167\n8,367,314\n합 \xa0계\n57,715,141\n51,619,942\n8. 단기금융상품보고기간 종료일 현재 연결회사의\xa0단기금융상품의 세부내역은 다음과 같습니다.\n(단위 : 천원)\n구 \xa0분\n당기말\n전기말\n정기예금 및 환매채(RP등)\n7,821,916\n44,001,323\n선물거래예치금\n400,630\n-\n합 \xa0계\n8,222,546\n44,001,323\n9. 매출채권(1) 보고기간 종료일 현재 연결회사의\xa0매출채권\xa0세부내역은 다음과 같습니다.\n(단위 : 천원)\n구 \xa0분\n당기말\n전기말\n\xa0매출채권\n47,271,298\n33,462,739\n\xa0미청구공사\n5,471,855\n3,399,683\n\xa0대손충당금\n(696,104)\n(767,713)\n합 \xa0계\n52,047,049\n36,094,709\n(2) 연결회사는 매출채권에 대해 전체 기간 기대신용손실을 손실충당금으로 인식하는 간편법을 적용합니다. 기대신용손실을 측정하기 위해 매출채권은 신용위험 특성과 연체일을 기준으로 구분하였습니다. 기대신용손실에는 미래전망정보가 포함되며,당기 및 전기 중 손실충당금은 다음과 같습니다.\xa0\n(단위 : 천원)\n구 \xa0분\n당 기\n전 기\n기초 대손충당금\n767,713\n1,062,352\n대손상각비(환입)\n(71,609)\n(294,639)\n기말 대손충당금\n696,104\n767,713\n연결회사는 매출채권의 손상차손(환입)을 포괄손익계산서상 판매비와관리비로 계상하였습니다.당기말 현재 손상채권과 관련하여 설정된 충당금은\xa0696백만원(전기: 767백만원)입니다. 개별적으로 손상된 채권은 주로 예측하지 못한 경제적인 어려움을 겪고 있는거래처와 관련된 채권입니다.\n(3) 보고기간 종료일 현재 매출채권의 연령분석내역은 다음과 같습니다.\n<당기말>\n(단위 : 천원)\n구 \xa0분\n6월 이하\n6월 초과1년 이하\n1년 초과3년 이하\n3년 초과\n합 \xa0계\n금 액\n일 \xa0 \xa0반\n48,784,647\n1,866,404\n953,766\n553,579\n52,158,396\n특수관계자\n584,757\n-\n-\n-\n584,757\n합 \xa0계\n49,369,404\n1,866,404\n953,766\n553,579\n52,743,153\n구성비율\n93.60%\n3.54%\n1.81%\n1.04%\n100.00%\n<전기말>\n(단위 : 천원)\n구 \xa0분\n6월 이하\n6월 초과1년 이하\n1년 초과3년 이하\n3년 초과\n합 \xa0계\n금 액\n일 \xa0 \xa0반\n33,439,259\n2,267,444\n662,354\n-\n36,369,057\n특수관계자\n493,365\n-\n-\n-\n493,365\n합 \xa0계\n33,932,624\n2,267,444\n662,354\n-\n36,862,422\n구성비율\n92.05%\n6.15%\n1.80%\n0.00%\n100%\n연결회사 매출채권은 소수의 거래처에 집중되어 있지 않고 다수의 거래처에 분산되어 있습니다. 한편, 연결회사는 상기 매출채권의 일부에 대해서 담보 혹은 지급보증을 제공받고 있습니다.\n10. 기타유동금융자산(1) 보고기간 종료일 현재 연결회사의 기타유동금융자산 세부내역은 다음과 같습니다.\n(단위 : 천원)\n구 \xa0분\n당기말\n전기말\n미수금\n598,045\n2,113,018\n대손충당금\n(29,033)\n(29,032)\n미수수익\n24,820\n723,545\n단기대여금\n1,365,000\n686,336\n대손충당금\n(665,000)\n(665,000)\n기타단기금융상품\n58,357\n-\n합 \xa0계\n1,352,189\n2,828,867\n(2) 단기대여금 중 665백만원은 연결회사의 퇴사한 종업원에 대한 대여금으로 전기 이전에 손상이 예상되어 충당금을 설정하였습니다.\n11.\xa0기타유동자산보고기간 종료일 현재 연결회사의 기타유동비금융자산 세부내역은 다음과 같습니다.\n(단위 : 천원)\n구 \xa0분\n당기말\n전기말\n선급금\n1,241,617\n701,905\n선급비용\n237,462\n405,273\n부가세대급금\n101,590\n-\n합 \xa0계\n1,580,669\n1,107,178\n12. 재고자산(1) 보고기간 종료일 현재 연결회사의 재고자산 세부내역은 다음과 같습니다.\n(단위 : 천원)\n구 \xa0분\n당기말\n전기말\n상품\n10,220,711\n13,966,124\n평가손실충당금\n(5,725)\n(17,495)\n제품\n25,286,127\n24,836,995\n평가손실충당금\n(387,407)\n(598,063)\n재공품\n4,727,129\n6,730,737\n원재료\n42,959,256\n51,693,540\n평가손실충당금\n(10,270)\n(54,114)\n미착품\n1,342,216\n7,115,460\n저장품\n135,856\n133,032\n합계\n84,267,893\n103,806,216\n(2)\xa0당기 중 ""매출원가""에 포함된 재고자산평가손실(환입)은 (-)266백만원(전기: 155백만원)입니다.(3) 상기의 재고자산 중 일부는 무역금융과 관련하여 금융기관에 양도담보로 제공되어 있습니다(주석 19참조).\n13. 관계기업투자지분(1) 보고기간 종료일 현재 연결회사의 관계기업투자지분 세부내역은 다음과 같습니다.\n(단위 : 천원)\n회 사 명\n소재지\n주요 영업활동\n보유주식수\n지분율(%)\n취득원가\n장부금액\n당기말\n전기말\n당기말\n전기말\n㈜이상네트웍스\n한국\n전자상거래 등\n3,321,300\n36.84\n19,921,541\n19,921,541\n38,970,485\n36,828,360\n이에스서비스(*1)\n한국\n부동산업\n500,000\n50\n500,000\n500,000\n439,641\n460,899\n합 \xa0계\n20,421,541\n20,421,541\n39,410,125\n37,289,259\n(*1) 해당 피투자회사에 대한 지분율은 50% 이나, 회사는 피투자회사의 의사결정과정에 실질지배력이 없다고 판단하여 해당 지분을 관계기업투자지분으로 분류하였습니다.\n(2) 관계회사투자지분의 평가내역은 다음과 같습니다.\n<당기>\n(단위 : 천원)\n회 사 명\n기 초\n관계기업투자손익\n지분법자본변동(*1)\n지분법이익잉여금변동\n기타증감(*2)\n기 말\n㈜이상네트웍스\n36,828,360\n1,995,694\n478,897\n(336)\n(332,130)\n38,970,485\n㈜이에스서비스\n460,899\n(21,258)\n-\n-\n-\n439,641\n합 \xa0계\n37,289,259\n1,974,436\n478,897\n(336)\n(332,130)\n39,410,126\n(*1) 지분법자본변동금액에는 실질지분율을 적용함에 따른 누적금액의 차이조정액이 포함되어 있습니다.(*2) 피투자회사로부터 수취한 배당금으로 인한 조정액입니다.\n<전기>\n(단위 : 천원)\n회 사 명\n기 초\n취득\n관계기업투자손익\n지분법자본변동\n지분법이익잉여금변동\n기타증감(*2)\n기 말\n㈜이상네트웍스(*1)\n27,776,645\n5,000,002\n1,746,640\n2,841,414\n(178,698)\n(357,643)\n36,828,360\n㈜이에스서비스\n459,658\n-\n1,241\n-\n-\n-\n460,899\n합 \xa0계\n28,236,303\n5,000,002\n1,747,881\n2,841,414\n(178,698)\n(357,643)\n37,289,259\n(*1) 전기 중 지분 추가 매입에 따라 ㈜이상네트웍스의 지분율이 28.92%에서 36.84%로 변동되었습니다. (*2) 피투자회사로부터 수취한 배당금으로 인한 조정액입니다.\n(3) 시장성 있는 관계기업투자지분의 공정가치는 다음과 같습니다.\n(단위 : 천원)\n회 사 명\n당기말\n전기말\n시 가\n장부금액\n시 가\n장부금액\n㈜이상네트웍스\n23,182,674\n38,970,485\n23,747,295\n36,828,360\n(4) 보고기간 종료일 현재 관계기업의 요약재무현황은 다음과 같습니다.\n<당기>\n(단위 : 천원)\n회 사 명\n자산총액\n부채총액\n자본총계(*)\n매출액\n당기순이익(*)\n포괄이익\n㈜이상네트웍스\n153,985,512\n36,411,547\n105,737,023\n57,155,970\n6,472,117\n7,833,858\n㈜이에스서비스\n955,361\n76,079\n879,282\n1,543,031\n(42,515)\n(42,515)\n<전기>\n(단위 : 천원)\n회 사 명\n자산총액\n부채총액\n자본총계(*)\n매출액\n당기순이익(*)\n포괄이익\n㈜이상네트웍스\n153,923,571\n43,291,806\n99,963,166\n44,219,746\n6,215,842\n6,052,062\n㈜이에스서비스\n1,019,938\n98,141\n921,797\n1,603,089\n2,481\n2,481\n(*) 당기와 전기 ㈜이상네트웍스의 요약재무현황은 연결재무제표상의 재무정보를 이용하였고, 재무정보상 자본총계와 당기순이익은 ㈜이상네트웍스의 연결재무제표상 지배기업인 ㈜이상네트웍스가 보유한 지분상당액입니다.\n14. 공정가치측정금융자산(1) 보고기간 종료일 현재 연결회사의 공정가치측정금융자산의 세부내역은 다음과 같습니다.\n(단위 : 천원)\n종 목 명\n취득원가\n장부금액\n당기말\n전기말\n당기손익-공정가치측정금융자산\n\xa0 건설공제조합(*1)\n1,896,089\n1,988,609\n1,973,270\n\xa0 전문건설공제조합(*1)\n1,296,342\n1,358,339\n1,348,241\n\xa0 엔지니어링공제조합(*1)\n1,052,094\n1,305,436\n1,229,178\n\xa0 풍림산업㈜\n539\n539\n539\n\xa0 ㈜동양건설산업(*3)\n33,562\n146\n-\n\xa0 남광건설㈜(*3)\n10,390\n10,390\n-\n\xa0 경남기업㈜(*3)\n965\n36\n-\n소 계\n4,289,981\n4,663,495\n4,551,228\n기타포괄손익-공정가치측정금융자산\n\xa0 굿스틸(*2)\n2,999,999\n2,999,999\n2,999,999\n\xa0 ATU사모조합(*2)\n1,000,000\n1,000,000\n500,000\n\xa0 ㈜동양건설산업(*3)\n33,562\n-\n146\n\xa0 남광건설㈜(*3)\n10,390\n-\n10,390\n\xa0 경남기업㈜(*3)\n965\n-\n36\n소 계\n4,044,916\n3,999,999\n3,510,571\n(*1) 해당 조합에 대한\xa0출자금으로서, 보고기간 종료일 현재 각 조합에 대한 근저당권이 전액 설정되어 있습니다(주석 28참조).(*2)\xa0위 지분상품을 처분하는 경우 관련 기타포괄손익누계액은 이익잉여금으로 재분류되며 당기손익으로 재분류되지 않습니다. (*3) 연결회사는 당기 중 해당 지분증권을 재분류하였습니다.(2) 당기손익으로 인식된 금액\n(단위: 천원)\n구 분\n당기말\n전기말\n당기손익-공정가치 채무상품 관련 손익\n235,821\n3,474\n파생상품 관련 손익\n822,708\n(2,315,957)\n합 \xa0 \xa0 계\n1,058,529\n(2,312,483)\n15. 기타비유동금융자산(1) 보고기간 종료일 현재 연결회사의 기타비유동금융자산 세부내역은 다음과 같습니다.\n(단위 : 천원)\n구 \xa0분\n당기말\n전기말\n장기금융상품\n8,000\n28,000\n장기대여금\n123,131\n69,150\n보증금\n1,478,765\n2,048,026\n현재가치할인차금\n(42,727)\n(67,512)\n합 \xa0계\n1,567,169\n2,077,664\n(2)\xa0보고기간 종료일 현재 장기금융상품 중 당좌개설보증금은 8백만원(전기말: 8백만원)으로 제한되어 있습니다.\n16. 유형자산(1) 당기와 전기 중 연결회사의 유형자산 변동내역은 다음과 같습니다.\n<당 기>\n(단위: 천원)\n구 분\n토 지\n건 물\n구 축 물\n기계장치\n차량운반구\n공구와기구\n시설장치\n가설재\n비 품\n건설중인자산\n합 계\n기초 장부금액\n82,234,313\n42,919,446\n1,845,204\n14,956,655\n631,030\n278,080\n3\n3,357,974\n288,278\n8,913,321\n155,424,304\n취득\n3,616,234\n3,668,718\n70,100\n4,532,867\n277,625\n306,260\n107,000\n1,637,330\n28,560\n12,430,415\n26,675,109\n연결범위의 변동\n(260,693)\n(6,352)\n-\n-\n-\n5,252\n-\n-\n(5,252)\n-\n(267,045)\n처분\n(2,231)\n-\n-\n(99,523)\n(9,152)\n-\n-\n(263)\n-\n(4,476,877)\n(4,588,046)\n감가상각비\n-\n(1,349,417)\n(109,708)\n(4,348,224)\n(278,127)\n(163,130)\n(8,117)\n(1,777,742)\n(140,119)\n-\n(8,174,584)\n대체\n-\n253,783\n744,201\n8,694,752\n-\n310,952\n-\n-\n-\n(10,077,222)\n(73,534)\n기말 장부금액\n85,587,623\n45,486,178\n2,549,797\n23,736,527\n621,376\n737,414\n98,886\n3,217,299\n171,467\n6,789,637\n168,996,204\n취득원가\n85,587,623\n54,717,203\n3,139,945\n71,036,436\n2,364,156\n4,593,534\n685,169\n8,174,890\n3,185,287\n6,789,637\n240,273,880\n감가상각누계액\n-\n(8,744,150)\n(590,148)\n(47,299,909)\n(1,706,117)\n(3,856,120)\n(586,283)\n(4,957,591)\n(3,013,820)\n-\n(70,754,138)\n정부보조금\n-\n(486,875)\n-\n-\n(36,663)\n-\n-\n-\n-\n-\n(523,538)\n<전 기>\n(단위: 천원)\n구 분\n토 지\n건 물\n구 축 물\n기계장치\n차량운반구\n공구와기구\n시설장치\n가설재\n비 품\n건설중인자산\n합 계\n기초 장부금액\n75,368,074\n32,018,834\n1,790,019\n17,346,254\n628,986\n398,422\n3\n3,673,004\n397,230\n3,609,934\n135,230,760\n취득\n500,309\n3,164,035\n149,479\n1,433,842\n262,958\n49,850\n-\n1,284,497\n95,504\n20,825,842\n27,766,316\n처분\n-\n-\n-\n(5,553)\n(17,818)\n(52,900)\n-\n-\n-\n-\n(76,271)\n감가상각비\n-\n(1,207,467)\n(94,294)\n(4,030,369)\n(243,096)\n(892,091)\n-\n(1,599,527)\n570,343\n-\n(7,496,501)\n대체\n6,365,930\n8,944,044\n-\n212,481\n-\n774,799\n-\n-\n(774,799)\n(15,522,455)\n-\n기말 장부금액\n82,234,313\n42,919,446\n1,845,204\n14,956,655\n631,030\n278,080\n3\n3,357,974\n288,278\n8,913,321\n155,424,304\n취득원가\n82,234,313\n50,754,701\n2,325,645\n57,969,417\n2,264,474\n3,971,068\n578,169\n17,284,993\n3,346,786\n8,913,321\n229,642,887\n감가상각누계액\n-\n(7,375,255)\n(480,441)\n(43,012,762)\n(1,581,511)\n(3,692,988)\n(578,166)\n(13,927,019)\n(3,058,508)\n-\n(73,706,650)\n정부보조금\n-\n(460,000)\n-\n-\n(51,933)\n-\n-\n-\n-\n-\n(511,933)\n합 \xa0 \xa0 계\n82,234,313\n42,919,446\n1,845,204\n14,956,655\n631,030\n278,080\n3\n3,357,974\n288,278\n8,913,321\n155,424,304\n(2)\xa0보고기간 종료일 현재 연결회사는 유형자산 중 일부를 수입신용장대출 등과 관련하여 담보로 제공하였고 그 내역은 다음과 같습니다.\n(단위: USD1, 천원)\n담보제공처\n채권최고액\n담보제공자산\n산업은행\n12,000,000\n토지와 건물\n하나은행\nUSD 6,000,000\n포스코\n15,000,000\n포스코\n18,000,000\n원화 합계\n45,000,000\n외화 합계\nUSD 6,000,000\n(3) 차입원가자본화당기와 전기 중에 자본화된 차입원가는 다음과 같습니다.\n(단위: 천원)\n계정과목\n당기\n전기\n건설중인자산\n-\n28,881\xa0\n차입원가를 자본화함에 따라 기간비용으로 회계처리했을 때와 비교하여 손익계산서 항목 중 이자비용이 전기에 28,881천원 감소하였으며 재무상태표 항목 중 건설중인자산이 전기 28,881천원 증가하였습니다.\n17. 사용권자산(1) 당기와 전기 중 연결회사의 사용권자산 세부내역은 다음과 같습니다.\n(단위: 천원)\n구 분\n당기말\n전기말\n취득원가\n상각누계액\n장부금액\n취득원가\n상각누계액\n장부금액\n부동산\n2,335,611\n(1,167,595)\n1,168,016\n2,255,041\n(443,273)\n1,811,768\n차량운반구\n2,745,940\n(1,385,764)\n1,360,176\n2,202,883\n(961,681)\n1,241,201\n합 계\n5,081,551\n(2,553,359)\n2,528,192\n4,457,924\n(1,404,955)\n3,052,969\n(2) 당기와 전기 중 연결회사의 사용권자산 증감내역은 다음과 같습니다.\n(단위: 천원)\n구 분\n당 기\n전 기\n기초\n증감\n감가상각비\n기말\n기초\n증감\n감가상각비\n기말\n부동산\n1,811,769\n681,395\n(1,325,149)\n1,168,015\n1,173,003\n1,993,388\n(1,354,622)\n1,811,769\n차량운반구\n1,241,200\n675,461\n(556,484)\n1,360,177\n1,078,220\n623,937\n(460,957)\n1,241,200\n합 계\n3,052,969\n1,356,856\n(1,881,633)\n2,528,192\n2,251,223\n2,617,325\n(1,815,579)\n3,052,969\n18. 무형자산(1) 당기와 전기 중 연결회사의 무형자산 변동내역은 다음과 같습니다.\n<당기>\n(단위: 천원)\n구분\n소프트웨어\n산업재산권\n회원권\n잔여계약\n영업권\n합계\n기초장부가액\n192,192\n102,789\n519,852\n253,113\n3,861,131\n4,929,077\n취득\n161,349\n5,108\n306,600\n-\n-\n473,057\n기타\n-\n-\n320,621\n-\n-\n320,621\n무형자산상각비\n(95,656)\n(27,429)\n-\n(101,245)\n-\n(224,330)\n처분\n-\n-\n(561,000)\n-\n-\n(561,000)\n기말장부가액\n257,885\n80,468\n586,073\n151,868\n3,861,131\n4,937,425\n취득원가\n1,324,665\n422,833\n586,073\n5,056,077\n3,861,131\n11,250,779\n상각누계액\n(1,066,780)\n(342,365)\n-\n(4,904,209)\n-\n(6,313,354)\n<전기>\n(단위: 천원)\n구분\n소프트웨어\n산업재산권\n회원권\n잔여계약\n영업권\n합계\n기초장부가액\n190,800\n99,159\n519,852\n1,333,458\n3,861,131\n6,004,400\n취득\n101,600\n21,300\n-\n-\n-\n122,900\n연결범위의 변동\n-\n26,261\n-\n(297,176)\n-\n(270,915)\n무형자산상각비\n(100,207)\n(43,931)\n-\n(783,169)\n-\n(927,307)\n기말장부가액\n192,193\n102,789\n519,852\n253,113\n3,861,131\n4,929,078\n취득원가\n1,163,317\n417,725\n854,473\n5,056,077\n3,861,131\n11,352,723\n상각누계액\n(971,124)\n(314,936)\n(334,621)\n(4,802,964)\n-\n(6,423,645)\n(2) 영업권이 포함된 현금창출단위의 손상차손현금창출단위별로 배부된 영업권의 상세 내역\n(단위: 천원)\n구 \xa0분\n당기말\n전기말\n㈜인터컨스텍\n1,828,634\n1,828,634\n㈜길교이앤씨\n1,704,303\n1,704,303\n㈜아이오컨스텍\n328,194\n328,194\n합 계\n3,861,131\n3,861,131\n연결회사는 매년 영업권에 대한 손상검사를 수행하고 있습니다. 손상평가 수행결과 현금흐름창출단위의 장부가액이 회수가능액을 초과할 것으로 판단되는 부분은 없습니다.현금흐름창출단위의 회수가능가액은 사용가치 계산에 근거하여 결정되었습니다. 사용가치의 계산은 경영진이 승인한 향후 5년치의 재무예산에 근거하여 세전현금흐름추정치를 사용하였으며, 5년 이후에는 영구성장률을 \'0\'으로 가정하여 사용가치를 산출하였습니다. 사용가치 계산에 사용된 주요 가정치는 다음과 같습니다.\n구 \xa0분\n평균영업이익률\n평균매출성장률\n세전할인율\n㈜인터컨스텍\n8.90%\n2.10%\n12.86%\n㈜길교이앤씨\n18.70%\n2.40%\n14.28%\n㈜아이오컨스텍\n18.10%\n44%\n14.64%\n연결회사는 매출액성장율을 과거의 실적과 시장개발에 대한 기대수준에 근거하여 결정하고 있습니다.\n19. 차입금(1) 단기차입금\n(단위: 천원)\n구 분\n은 행 명\n이자율(%)\n당기말\n전기말\n\xa0무역금융\nKEB하나은행\nLibor + 0.35%\n4,311,885\n5,238,083\n국민은행\nLibor + 0.25%\n10,597,443\n12,588,315\n신한은행\nLibor + 0.35%\n807,080\n15,789,536\n농협은행\nLibor + 0.35%\n2,277,504\n10,638,509\n우리은행\n-\n-\n9,112,990\n운영자금\n국민은행\n-\n-\n33,000,000\n합 계\n17,993,912\n86,367,433\n\xa0(2) 장기차입금\n(단위: 천원)\n구 분\n은 행 명\n이자율(%)\n당기말\n전기말\n운영자금\n산업은행\n1.5\n10,000,000\n-\n운영자금\n신한은행\n-\n-\n10,000,000\n장기할부\n현대캐피탈\n-\n5\n7\n합 \xa0계\n10,000,005\n10,000,007\n(3) 보고기간 종료일 현재 연결회사의 유형자산이 차입금에 대한 담보로 제공되어 있으며(주석 16참조), 무역금융과 관련하여 재고자산 중 일부가 양도담보로 제공되어 있습니다(주석 12참조).20. 리스부채(1) 당기와 전기 중 연결회사의 리스부채 세부내역은 다음과 같습니다.\n(단위: 천원)\n구 분\n당기말\n전기말\n유동\n비유동\n소계\n유동\n비유동\n소계\n부동산\n1,037,742\n137,551\n1,175,293\n1,122,906\n657,701\n1,780,607\n차량운반구\n375,284\n1,035,944\n1,411,228\n456,228\n825,488\n1,281,716\n합 계\n1,413,026\n1,173,495\n2,586,521\n1,579,134\n1,483,189\n3,062,323\n(2) 당기 중 리스와 관련하여 손익계산서에 인식된 금액은 다음과 같습니다.\n(단위: 천원)\n구 \xa0 \xa0분\n당기\n전기\n사용권자산의 감가상각비\n1,881,633\n1,815,579\n리스부채의 이자비용\n52,805\n39,943\n리스료(단기리스)\n34,925\n23,507\n리스료(소액리스)\n17,462\n10,698\n합 \xa0계\n1,986,825\n1,889,727\n21. 기타유동금융부채와 기타비유동금융부채(1) 기타유동금융부채\n(단위 : 천원)\n구 \xa0분\n당기말\n전기말\n미지급금\n4,372,273\n7,643,703\n미지급비용\n1,391,616\n1,212,051\n유동성임대보증금\n50,000\n-\n합 \xa0계\n5,813,889\n8,855,754\n(2) 기타비유동금융부채\n(단위 : 천원)\n구 \xa0분\n당기말\n전기말\n임대보증금\n103,000\n104,000\n22.\xa0기타유동부채\n(단위 : 천원)\n구 \xa0분\n당기말\n전기말\n선수금\n7,502,268\n1,363,569\n예수금\n1,721,451\n708,874\n합 \xa0계\n9,223,719\n2,072,443\n23. 퇴직급여충당부채(1) 당기와 전기 중 퇴직급여제도와 관련하여 인식된 손익은 다음과 같습니다.\n(단위 : 천원)\n구 \xa0분\n당 기\n전 기\n<확정기여제도>\n당기손익\n당기비용인식 기여금\n1,805,896\n1,559,891\n<확정급여제도>\n당기손익\n당기근무원가\n24,704\n-\n확정급여채무의 이자원가\n-\n-\n사외적립자산의 기대수익\n-\n-\n계\n24,704\n-\n기타포괄손익\n보험수리적손익\n-\n-\n\xa0합 계\n1,830,600\n1,559,891\n연결회사는 퇴직금중간정산제도가 제한되는 \'근로자퇴직급여보장법\'에 따라 2012년부터 확정기여제도와 확정급여제도에 가입하고 있습니다.\n(2) 당기와 전기 중 연결회사의 퇴직급여채무 및 사외적립자산의 변동내역은 다음과 같습니다.\n(단위 : 천원)\n구 \xa0분\n당 기\n전 기\n<퇴직급여채무>\n\xa0기 초\n43,982\n1,949,137\n\xa0퇴직급여지급액\n-\n(1,913,894)\n\xa0퇴직급여설정액\n24,704\n8,739\n\xa0기 말\n68,686\n43,982\n<사외적립자산>\n\xa0 기 초\n(40,050)\n(1,595,194)\n\xa0 예치금지급액\n-\n1,565,118\n\xa0 예치금납입액\n(25,278)\n(9,974)\n\xa0 기 말\n(65,328)\n(40,050)\n<퇴직급여부채>\n3,358\n3,932\n(3) 연결회사는 외국인 근로자가 3년 만기 후 출국시 수취되는 출국보험에 가입되어 있으며\xa0당기말과 전기말의 사외적립자산 중 각각 65백만원과 40백만원입니다.\n24. 기타충당부채보고기간 종료일 현재 기타충당부채는 하자보수충당부채 및 공사손실충당부채로 당기중 변동액은 다음과 같습니다.\n(단위 : 천원)\n구 \xa0분\n당 기\n전 기\n\xa0기초\n1,440,019\n1,324,681\n\xa0전입액\n122,367\n154,739\n\xa0지급액\n(71,456)\n(39,401\n\xa0환입액\n(23,775)\n-\n\xa0기말\n1,467,155\n1,440,019\n25. 자본금과 자본잉여금(1) 보고기간 종료일 현재 연결회사가 발행할 주식의 총수 및 1주당 금액, 발행된 보통주식수와 자본금은 다음과 같습니다.\n(단위 : 원, 주)\n구 \xa0분\n당기말\n전기말\n\xa0발행할 주식총수\n30,000,000\n30,000,000\n\xa01주당 금액\n500\n500\n\xa0발행된 보통주식수\n16,000,000\n14,000,000\n\xa0자 본 금\n8,000,000,000\n7,000,000,000\n(2) 당기 중 연결회사의 자본금 및 주식발행초과금의 변동내역은 다음과 같습니다.\n<당기>\n(단위 : 천원, 주)\n구 분\n주식수(주)\n자본금\n주식발행초과금\n당기초\n14,000,000\n7,000,000\n4,548,030\n무상증자\n2,000,000\n1,000,000\n(1,000,000)\n당기말\n16,000,000\n8,000,000\n3,548,030\n한편, 전기의 자본금 및 주식발행초과금의 변동은 없습니다.\n(3) 보고기간 종료일 현재 연결회사의 자본잉여금 세부내역은 다음과 같습니다.\n(단위 : 천원)\n구 \xa0분\n당기말\n전기말\n\xa0주식발행초과금\n3,548,030\n4,548,030\n\xa0기타자본잉여금\n227,393\n227,393\n합 \xa0계\n3,775,423\n4,775,423\n26. 기타자본항목(1) 기타자본항목의 세부내역은 다음과 같습니다.\n(단위 : 천원)\n구 \xa0분\n당기말\n전기말\n자기주식\n(57,812)\n(21,761)\n지분법자본변동\n2,768,970\n2,216,303\n기타포괄손익-공정가치측정금융자산 평가이익\n(2,531)\n55,926\n비지배주주지분취득\n10,253,852\n10,076,315\n합계\n12,962,479\n12,326,783\n(2) 보고기간 종료일 현재 연결회사는 단주처리목적으로 취득한\xa0자기주식 6,122주를보유하고 있으며, 향후 주가변동추이를 고려해 가능한 처분손실이 발생하지 않거나 최소화하는 범위 내에서 빠른 시일 내에 매각할 예정입니다.\n27. 이익잉여금(1) 보고기간 종료일 현재 연결회사의 이익잉여금 세부내역은 다음과 같습니다.\n(단위 : 천원)\n구 \xa0분\n당기말\n전기말\n이익준비금\n4,958,907\n4,808,926\n임의적립금\n5,043,186\n5,043,186\n미처분이익잉여금\n261,841,300\n234,089,182\n합계\n271,843,393\n243,941,294\n(2) 이익준비금은 상법의 규정에 의거 자본금의 50%에 달할 때까지 매결산기의 금전에 의한 이익배당액의 10% 이상을 이익준비금으로 적립하였으며, 동 준비금은 결손보전과 자본전입 이외에는 그 사용이 제한되어 있습니다.(3) 임의적립금은 조세특례제한법에 따라 투자세액공제를 받고, 이에 상응하는 법인세상당액을 기업합리화적립금으로 적립한 것입니다. 2002년도부터는 개정된 조세특례제한법(2002.12.11)에 따라 동 적립금의 적립의무 및 사용제한이 없습니다.\n28. 우발부채와 약정사항(1) 보고기간 종료일 현재 연결회사가 금융기관과 체결한 약정사항은 다음과 같습니다.\n<당기말>\n(단위: 천원, USD:1$)\n구분\n금융기관\n통화\n약정한도\n미실행잔액\n\xa0Usance(*)\n국민은행\nUSD\n34,289,445\n25,260,782\n신한은행\nUSD\n24,000,000\n23,319,207\n농협\nUSD\n14,000,000\n12,078,866\n우리은행\nUSD\n1,000,000\n1,000,000\nKEB하나은행\nUSD\n5,300,000\n1,662,813\n한국수출입은행\nUSD\n10,000,000\n10,000,000\n합계\nUSD\n88,589,445\n73,321,668\n운전자금\n신한은행\nKRW\n1,000,000\n1,000,000\n하나은행\nKRW\n1,118,000\n1,118,000\n합계\nKRW\n2,118,000\n2,118,000\n(*) 당기말 현재 연결회사는 신한은행 및 국민은행의 약정과 관련 주요 경영진으로부터 USD 9,420,000의 지급보증을 제공받고 있습니다.(1)\xa0당기말 현재 연결회사는 이행보증등으로 건설공제조합으로부터 57,504백만원, 엔지니어링공제조합 26,416백만원, 전문건설공제조합 16,544백만원의 보증을 제공받고 있으며, 관련한 출자금의 장부금액 전액이 담보로 제공되어 있습니다. 한편, 해당 공제조합에 대하여 주요 경영진이 연대보증을 제공하고 있습니다.\n(2)\xa0당기말 현재 연결회사는 서울보증보험등으로부터 공사이행보증 및 공탁보증 등\xa04,136백만원의 보증을 제공받고 있습니다.(3) 연결회사는 진행중인 공사계약과 관련하여 건설공제조합에 하도급대금지급보증 등으로 공동도급사와 함께 1,705백만원의 연대보증을 제공하고 있습니다.(4) 당기말 현재 연결회사는 발주처에 공사대금 3,643백만원을 청구하는 소송을 진행 중에있으며, 동시에 하도급업체로부터 공사대금 2,587백만원을 지급하라는 소송에 피소되어 있습니다. 당기말 현재 결과는 예측할 수 없습니다.\xa0\n(5) 당기말 현재 연결회사는 원재료의 매입과 관련하여 (주)포스코에 대하여 회사의 토지 및 건물 중 일부를 담보로 제공하고 있습니다(주석 16참조).\n29. 매출당기와 전기 중 연결회사의 매출 세부내역은 다음과 같습니다.\n(단위 : 천원)\n구 \xa0분\n당 기\n전 기\n제품매출\n149,652,324\n107,074,442\n상품매출\n43,913,851\n44,008,532\n공사수익\n73,652,859\n83,539,804\n임가공매출\n2,945,888\n2,914,809\n임대료 및 관리비 수익\n200,028\n206,100\n기타매출\n617,343\n1,710,808\n합 \xa0 계\n270,982,293\n239,454,495\n30. 매출원가당기와 전기 중 연결회사의 매출원가 세부내역은 다음과 같습니다.\n(단위 : 천원)\n구 \xa0분\n당 기\n전 기\n제품매출원가\n115,017,115\n93,626,476\n상품매출원가\n31,440,669\n37,365,761\n공사원가\n55,618,486\n60,138,861\n임가공매출원가\n1,884,938\n1,728,966\n기타매출원가\n(105,621)\n101,376\n합 \xa0 계\n203,855,587\n192,961,440\n31. 판매비와관리비(1) 당기 및 전기 중 연결회사의 판매비와관리비 세부내역은 다음과 같습니다.\n(단위 : 천원)\n구 \xa0분\n당 기\n전 기\n급여\n12,329,427\n11,287,927\n퇴직급여\n1,009,291\n692,428\n복리후생비\n1,565,557\n1,333,359\n여비교통비\n261,707\n274,808\n세금과공과\n419,082\n300,608\n통신비\n72,741\n71,616\n수도광열비\n109,467\n36,153\n교육훈련비\n14,825\n11,951\n감가상각비\n2,991,226\n2,124,857\n보험료\n138,113\n208,665\n수선비\n64,672\n32,604\n광고선전비\n411,631\n266,002\n지급수수료\n1,257,692\n1,388,646\n도서인쇄비\n41,676\n35,918\n접대비\n376,517\n370,996\n소모품비\n369,946\n137,647\n차량유지비\n416,885\n365,304\n운반비\n1,130,286\n1,238,406\n경상연구개발비\n2,838,319\n1,958,455\n대손상각비(환입)\n(71,609)\n(294,639)\n전력비\n8,508\n-\n지급임차료\n(172,642)\n(182,451)\n사무용품비\n7,022\n5,183\n수출제비용\n2,352\n2,769\n무형자산상각비\n224,330\n927,307\n기타\n153,907\n148,818\n합 계\n25,970,928\n22,743,337\n(2) 당기와 전기 중 종업원급여의 내역은 다음과 같습니다.\n(단위 : 천원)\n구 \xa0분\n당 기\n전 기\n급여\n26,596,744\n26,159,112\n퇴직급여\n1,778,765\n1,587,554\n복리후생비\n4,186,138\n3,819,005\n합 계\n32,561,647\n31,565,671\n32. 비용의 성격별 분류당기와 전기 중 비용의 성격별 분류는 다음과 같습니다.\n(단위 : 천원)\n구 \xa0분\n당 기\n전 기\n재고자산의 변동(미착품 제외)\n13,765,079\n(38,324,415)\n원재료매입액\n98,518,272\n135,132,103\n상품매입액\n35,509,824\n37,709,552\n종업원급여(퇴직급여 및 복리후생비 포함)\n32,561,647\n28,971,672\n소모품비\n4,300,102\n2,997,676\n감가상각비 및 무형자산상각비\n10,280,547\n10,024,485\n운반비\n2,630,373\n3,114,011\n기타비용\n32,260,671\n36,079,693\n합 \xa0계(*)\n229,826,515\n215,704,777\n(*)\xa0포괄손익계산서상의 매출원가 및 판매비와관리비를 합한 금액입니다.\n33. 금융수익과 금융원가(1) 당기와 전기 중 연결회사의 금융수익 세부내역은 다음과 같습니다.\n(단위 : 천원)\n구 \xa0분\n당 기\n전 기\n이자수익\n665,036\n1,334,829\n배당금수익\n47,750\n320,251\n외환차익\n5,369,126\n5,521,392\n외화환산이익\n32,034\n3,037,674\n파생상품거래이익\n824,708\n775,058\n공정가치측정금융자산평가이익\n235,821\n3,474\n합 계\n7,174,475\n10,992,678\n(2) 당기와 전기 중 연결회사의 금융원가 세부내역은 다음과 같습니다.\n(단위 : 천원)\n구 \xa0분\n당 기\n전 기\n이자비용\n813,454\n1,478,143\n외환차손\n5,711,439\n5,206,086\n외화환산손실\n453,960\n94,962\n파생상품거래손실\n2,000\n2,428,932\n파생상품평가손실\n-\n662,082\n합 계\n6,980,853\n9,870,205\n34. 기타수익과 기타비용(1) 당기와 전기 중 연결회사의 기타수익 세부내역은 다음과 같습니다.\n(단위 : 천원)\n구 \xa0분\n당 기\n전 기\n유형자산처분이익\n257,502\n43,166\n투자자산처분이익\n-\n12,293\n잡이익\n731,870\n871,549\n사업처분이익\n430,303\n-\n기타이익\n29,184\n-\n합 계\n1,448,859\n927,008\n(2) 당기와 전기 중 연결회사의 기타비용 세부내역은 다음과 같습니다.\n(단위 : 천원)\n구 \xa0분\n당 기\n전 기\n기부금\n317,899\n8,400\n유형자산처분손실\n58,223\n8,168\n기타의대손상각비\n-\n3,388\n투자자산처분손실\n18,931\n23,986\n잡손실\n31,332\n19,864\n무형자산손상차손\n50,000\n-\n합 계\n476,385\n63,806\n35. 법인세비용과 이연법인세(1) 당기와 전기의 법인세비용 구성요소는 다음과 같습니다.\n(단위 : 천원)\n구 \xa0 \xa0 \xa0 \xa0 \xa0 \xa0 \xa0 분\n당 기\n전 기\n당기손익에 대한 법인세\n12,177,267\n6,028,551\n전기법인세의 조정사항\n(52,694)\n194,233\n총당기법인세\n12,124,573\n6,222,784\n일시적차이 등으로 인한 이연법인세 변동액\n(675,167)\n1,309,922\n기타포괄손익으로 반영된 이연법인세(*1)\n(105,357)\n(22,124)\n법인세비용\n11,344,049\n7,510,582\n(*1) 기타포괄손익으로 반영된 법인세\n(단위 : 천원)\n구 \xa0 \xa0 \xa0분\n당 기\n전 기\n지분법자본변동 등\n(105,357)\n-\n보험수리적손익\n\xa0 \xa0 \xa0 \xa0 \xa0 \xa0 \xa0 \xa0 \xa0 \xa0 \xa0 \xa0-\xa0\n(22,124)\n계\n(105,357)\n(22,124)\n(2) 당기와 전기의 세전이익과 법인세비용의 관계는 다음과 같습니다.\n(단위 : 천원)\n구 \xa0 \xa0 \xa0 \xa0 \xa0 \xa0 \xa0 분\n당 기\n전 기\n\xa0법인세비용차감전순이익(가)\n44,296,310\n27,483,274\n\xa0법인세율로 계산된 법인세비용(나)\n9,745,188\n7,654,203\n\xa0조정사항(다)\n\xa0 \xa0 세무상 과세되지 않는 수익의 법인세효과\n(111,038)\n(1,131,235)\n\xa0 \xa0 세무상 공제되지 않는 비용의 법인세효과\n57,307\n954\n\xa0 \xa0 세액감면 및 공제 등\xa0\n(385,247)\n(226,764)\n\xa0 \xa0 기타차이\n2,037,839\n1,213,424\n\xa0법인세비용(라)= (나)+(다)\n11,344,049\n7,510,582\n\xa0평균유효세율((라) ÷ (가))\n25.61%\n27.33%\n(3) 당기와 전기의 상계전 이연법인세총변동액은 다음과 같습니다.\n(단위 : 천원)\n구 분\n당 기\n전 기\n당기말\n손익반영\n기타포괄손익반영\n당기초\n전기말\n손익반영\n기타포괄손익반영\n전기초\n<이연법인세자산>\n퇴직급여충당부채\n71,359\n34,609\n-\n36,750\n36,750\n(186,759)\n-\n223,509\n대손충당금\n225,937\n68,789\n-\n157,148\n157,148\n(161,799)\n-\n318,947\n감가상각비\n231,945\n(11,519)\n-\n243,464\n243,464\n80,614\n-\n162,850\n매도가능금융자산\n(102,493)\n(102,493)\n-\n-\n-\n(198,283)\n-\n198,283\n미지급비용\n129,464\n(50,217)\n-\n179,681\n179,681\n19,833\n-\n159,848\n파생상품평가손실\n-\n(145,658)\n-\n145,658\n145,658\n145,658\n-\n-\n건설자금이자\n-\n-\n-\n-\n-\n(15,759)\n-\n15,759\n재고자산평가손실\n71,145\n(60,838)\n-\n131,983\n131,983\n44,692\n-\n87,291\n건물\n-\n-\n-\n-\n-\n(41,180)\n-\n41,180\n토지\n-\n-\n-\n-\n-\n(6,292)\n-\n6,292\n차량운반구\n2,970\n-\n-\n2,970\n2,970\n-\n-\n2,970\n하자보수충당부채\n266,797\n13,359\n-\n253,438\n253,438\n19,424\n-\n234,014\n무형자산상각비\n3,395\n(1,926)\n-\n5,321\n5,321\n(2,507)\n-\n7,828\n국고보조금\n-\n(2,475)\n-\n2,475\n2,475\n(660)\n-\n3,135\n과점주주취득세\n-\n-\n-\n-\n-\n(8,715)\n-\n8,715\n종속기업투자주식\n-\n-\n-\n-\n-\n(18,279)\n-\n18,279\n무형자산손상차손\n54,879\n11,000\n-\n43,879\n43,879\n-\n-\n43,879\n공사손실충당부채\n-\n(5,231)\n-\n5,231\n5,231\n-\n-\n5,231\n보증금\n89,285\n89,285\n-\n-\n-\n(90,557)\n-\n90,557\n기타\n(1,210,549)\n(1,329,052)\n-\n118,503\n118,503\n670,423\n-\n(551,920)\n이월결손금\n-\n-\n-\n-\n-\n(14,534)\n-\n14,534\n매도가능증권손상차손\n-\n(1,066)\n-\n1,066\n1,066\n-\n-\n1,066\n현재가치할인차금\n6,737\n(4,332)\n-\n11,069\n11,069\n5,743\n-\n5,326\n감가상각누계(사용권자산)\n149,271\n28,059\n-\n121,212\n121,212\n(26,611)\n-\n147,823\n유동성리스부채\n156,414\n(108,806)\n-\n265,220\n265,220\n61,438\n-\n203,782\n장기성리스미지급\n124,705\n(87,150)\n-\n211,855\n211,855\n41,123\n-\n170,732\n상각부인액\n-\n(28,788)\n-\n28,788\n28,788\n(1,260)\n-\n30,048\n소 계\n271,261\n(1,694,450)\n-\n1,965,711\n1,965,711\n315,753\n-\n1,649,958\n<이연법인세부채>\n토지재평가차액\n(3,627,021)\n57,353\n-\n(3,684,374)\n(3,684,374)\n-\n-\n(3,684,374)\n건물\n(284)\n11,944\n-\n(12,228)\n(12,228)\n-\n-\n(12,228)\n미수수익\n(4,067)\n155,113\n-\n(159,180)\n(159,180)\n(122,411)\n-\n(36,769)\n관계기업투자주식\n(1,764,670)\n114,622\n(105,357)\n(1,773,935)\n(1,773,935)\n3,513,361\n(585,798)\n(4,701,498)\n무형자산\n-\n3,080\n-\n(3,080)\n(3,080)\n215,402\n-\n(218,482)\n퇴직보험예치금\n-\n-\n-\n-\n-\n215,756\n-\n(215,756)\n감가상각비\n-\n743\n-\n(743)\n(743)\n(724)\n-\n(19)\n매도가능증권평가이익\n(13,090)\n81,458\n-\n(94,548)\n(94,548)\n(22,889)\n-\n(71,659)\n사용권자산\n(526,976)\n217,297\n-\n(744,273)\n(744,273)\n(147,238)\n-\n(597,035)\n미환류소득\n-\n45,177\n-\n(45,177)\n(45,177)\n(45,177)\n-\n-\n기타\n(3,140,934)\n1,136,283\n-\n(4,277,217)\n(4,277,217)\n(4,277,217)\n-\n-\n미배당이익\n(5,805,473)\n(803,787)\n-\n(5,001,686)\n(5,001,686)\n(745,851)\n-\n(4,255,835)\n소 계\n(14,882,515)\n1,019,283\n(105,357)\n(15,796,441)\n(15,796,441)\n(1,416,988)\n(585,798)\n(13,793,655)\n합 \xa0 \xa0계\n(14,611,254)\n(675,167)\n(105,357)\n(13,830,730)\n(13,830,730)\n(1,101,235)\n(585,798)\n(12,143,697)\n(4) 보고기간말 현재 이연법인세자산(부채)로 인식하지 않은 차감(가산)할 일시적차이의 내역은 다음과 같습니다.\n(단위 : 천원)\n구분\n금액\n사유\n매도가능증권\n28,702\n일시적차이 해소가능성이 낮음\n유형자산손상등\n142,303\n기타\n906,892\n합 \xa0계\n1,077,897\n\u3000\n(5) 보고기간 종료일 현재 이연법인세자산 및 부채 내역은 다음과 같습니다.\n(단위 : 천원)\n구 \xa0 분\n당기말\n전기말\n\xa0이연법인세자산\n\xa0 \xa0 12개월 이내에 결제될 이연법인세자산\n3,288\n492,940\n\xa0 \xa0 12개월 후에 결제될 이연법인세자산\n267,973\n1,472,771\n소 계\n271,261\n1,965,711\n\xa0이연법인세부채\n\xa0 \xa0 12개월 이내에 결제될 이연법인세부채\n-\n(204,173)\n\xa0 \xa0 12개월 후에 결제될 이연법인세부채\n(14,882,515)\n(15,592,268)\n소 계\n(14,882,515)\n(15,796,441)\n합 계\n(14,611,254)\n(13,830,730)\n(6) 당기와 전기의 이연법인세총변동액은 다음과 같습니다.\n(단위 : 천원)\n구 \xa0 \xa0 분\n당 기\n전 기\n기초금액\n(13,830,730)\n(12,143,697)\n당기손익에 반영된 이연법인세\n(675,167)\n(1,101,235)\n자본에 반영된 이연법인세\n(105,357)\n(585,798)\n기말금액\n(14,611,254)\n(13,830,730)\n\xa0(7) 연결회사는 차기이후 발생할 예상 과세소득과 가산할 일시적차이의 합계가 각 회계연도에 소멸되는 차감할 일시적차이를 초과하고 있으므로 당해 법인세효과가 실현될 수 있는 것으로 판단하여 이연법인세자산을 전액 인식하였으며, 당기와 전기의 일시적차이로 인한 법인세효과 산정시 자산이 회수되거나 부채가 상환될 기간에 적용될 것으로 예상되는 평균세율인 22%를 적용하였습니다.\n36. 주당손익(1) 주당순손익은 지배기업 소유주지분에 귀속되는 보통주 1주에 대한 순손익을 계산한 것으로, 연결회사의 1주당 순손익의 산출내역은 다음과 같습니다.\n내 역\n당 기\n전 기\n\xa0지배기업 소유주지분에 귀속되는 당기순이익\n29,834,488,216원\n16,759,150,975원\n\xa0가중평균유통보통주식수\n15,995,185주\n15,998,139주\n\xa0기 본 주 당 순 이 익\n1,865원/주\n1,048원/주\n(2) 당기의 가중평균유통보통주식수는 발행보통주식수 16,000,000주에서 자기주식 6,122주의 보유기간을 고려하여 산출하였으며, 전기의 경우 당기에 발생한 무상증자 효과를 소급적용하여 재계산하였습니다.(3) 보고기간 종료일 현재 보통주청구가능증권으로 전환가능한 증권이 없으므로 희석화 효과가 발생하지 아니하는 바, 당기 및 전기 희석주당순이익은 기본주당순이익과 일치합니다.37. 매입채무\n보고기간 종료일 현재 연결회사의\xa0매입채무 세부내역은 다음과 같습니다.\n(단위 : 천원)\n구 \xa0분\n당기말\n전기말\n매입채무\n22,549,037\n14,282,104\n초과청구공사\n6,121,245\n4,038,246\n합 \xa0계\n28,670,282\n18,320,350\n38. 현금흐름표\n(1) 영업으로부터 창출된 현금은 다음과 같습니다.\n(단위 : 천원)\n구 \xa0 \xa0 분\xa0\n당 기\n전 기\n법인세비용차감전순이익\n44,296,310\n27,483,274\n조정항목 :\n\u3000\n\u3000\n\xa0 \xa0퇴직급여\n125,129\n(64,478)\n\xa0 \xa0감가상각비\n10,056,217\n9,097,378\n\xa0 \xa0대손상각비(환입)\n(71,609)\n(294,638)\n\xa0 \xa0하자보수충당부채전입액\n132,180\n5,618\n\xa0 \xa0공사손실충당부채환입\n(23,775)\n-\n\xa0 \xa0무형자산상각비\n224,330\n927,307\n\xa0 \xa0기타의대손상각비(환입)\n-\n3,388\n\xa0 \xa0재고자산평가손실(환입)\n(266,271)\n177,156\n\xa0 \xa0이자비용\n813,453\n1,478,143\n\xa0 \xa0외화환산손실\n453,960\n74,951\n\xa0 \xa0유형자산처분손실\n58,223\n5,158\n\xa0 \xa0공정가치금융자산처분손실\n18,745\n3,010\n\xa0 \xa0이자수익\n(665,036)\n(1,293,924)\n\xa0 \xa0배당금수익\n(47,750)\n(320,251)\n\xa0 \xa0외화환산이익\n(32,034)\n(3,037,657)\n\xa0 \xa0파생상품평가손실\n-\n662,082\n\xa0 \xa0유형자산처분이익\n(256,653)\n(42,434)\n\xa0 \xa0공정가치금융자산평가이익\n(235,821)\n(3,475)\n\xa0 \xa0지분법이익\n(1,974,437)\n(1,747,880)\n\xa0 \xa0재고자산손상차손\n-\n69,747\n\xa0 \xa0무형자산손상차손\n50,000\n-\n\xa0 \xa0리스해지이익\n(849)\n(732)\n\xa0 \xa0잡이익\n(176)\n(212)\n\xa0 \xa0사업처분이익\n(430,303)\n-\n운전자본의 변동 :\n\u3000\n\u3000\n\xa0 \xa0매출채권의 증감\n(13,124,528)\n3,356,670\n\xa0 \xa0미청구공사의 증감\n(2,072,172)\n3,073,101\n\xa0 \xa0기타유동금융자산\n1,208,917\n(1,950,982)\n\xa0 \xa0기타유동자산\n282,258\n(83,023)\n\xa0 \xa0기타비유동자산\n(4,699)\n(133,000)\n\xa0 \xa0재고자산\n19,784,952\n(44,898,241)\n\xa0 \xa0매입채무\n7,837,103\n5,497,225\n\xa0 \xa0초과청구공사의 증감\n2,082,999\n(1,585,856)\n\xa0 \xa0기타유동금융부채\n(8,374)\n3,682,932\n\xa0 \xa0기타유동부채\n7,194,882\n(1,007,363)\n\xa0 \xa0파생상품부채\n(662,082)\n-\n\xa0 \xa0퇴직금 순지급\n(72,477)\n(246,673)\n\xa0 \xa0기타충당부채\n(81,268)\n109,720\n영업으로부터 창출된 현금\n74,589,344\n(1,003,959)\n(2) 연결회사의 현금흐름표는 간접법에 의하여 작성되었으며, 당기와 전기 중 현금의유입과 유출이 없는 주요 거래의 내역은 다음과 같습니다.\n(단위 : 천원)\n구 \xa0 분\n당 기\n전 기\n건설중인자산의 유형자산 대체\n(10,077)\n16,078,513\n장기금융상품의 단기금융상품 대체\n20,000\n33,000,000\n(3) 재무활동에서 생기는 부채의 조정내용\n(단위 : 천원)\n구 \xa0 \xa0 분\n유동성리스부채\n비유동성리스부채\n단기차입금\n장기차입금\n합 계\n당기초 금액\n1,579,134\n1,483,189\n86,367,433\n10,000,007\n96,367,440\n현금흐름\n(202,789)\n-\n(68,636,405)\n(150,000)\n(68,786,405)\n기타비금융변동(*)\n36,681\n(309,694)\n626,775\n149,998\n776,773\n환율변동\n-\n-\n(363,891)\n-\n(363,891)\n당기말 금액\n1,413,026\n1,173,495\n17,993,912\n10,000,005\n27,993,917\n(*) 기타 비금융변동에는 비현금변동과 지급 시점에 영업활동으로 표시된 이자 지급액이 포함되어 있습니다.\n39. 특수관계자(1) 지배ㆍ종속기업 등 현황가. 보고기간 종료일 현재 지배기업은 최상위 지배자입니다.나. 당기와 전기에 회사와 매출 등 거래 또는 채권ㆍ채무 잔액이 있는 관계기업 및 기타 특수관계자는 다음과 같습니다.\n구분\n당기말\n전기말\n비고\n관계기업\n㈜이상네트웍스\n㈜이상네트웍스\n㈜이에스서비스\n㈜이에스서비스\n㈜이상네트웍스의 종속기업\n㈜메쎄이상\n㈜메쎄이상\n㈜이상네트웍스의 종속기업\n기타의 특수관계자\n㈜굿스틸\n㈜굿스틸\n㈜이노그린팜\n㈜이노그린팜\n(2) 연결회사는 기업 활동의 계획ㆍ운영ㆍ통제에 대하여 중요한 권한과 책임을 가진 등기임원, 비등기임원, 내부감사 책임자 및 각 사업부문장 등등을 주요 경영진으로 판단하였으며, 당기와 전기 중 주요 경영진에 대한 보상을 위해 지급한 금액은 다음과 같습니다.\n(단위 : 천원)\n구 분\n당 기\n전 기\n단기급여\n4,666,951\n3,823,425\n퇴직급여\n298,552\n245,645\n합 계\n4,965,503\n4,069,070\n(3) 당기와 전기 중 특수관계자와의 매출ㆍ매입 등 거래 내역은 다음과 같습니다.\n<당기>\n(단위 : 천원)\n구 분\n회사명\n수익 등\n비용 등\n제품매출\n배당금수익\n기타\n합 계\n원재료 매입\n기타\n합 계\n\xa0관계기업\n㈜이상네트웍스\xa0\n5,954,408\n332,130\n19,240\n6,305,778\n3,410,649\n1,373,029\n4,783,678\n㈜이에스서비스\n-\n-\n-\n\u3000\n-\n1,045,885\n1,045,885\n\xa0기타\n㈜굿스틸\n104,006\n-\n19,875\n123,881\n1,391,477\n28,449\n1,419,926\n㈜이노그린팜\n-\n-\n-\n\u3000\n-\n47,000\n47,000\n합 \xa0계\n6,058,414\n332,130\n39,115\n6,429,659\n4,802,126\n2,494,363\n7,296,489\n<전기>\n(단위 : 천원)\n구 분\n회사명\n수익 등\n비용 등\n제품매출\n배당금수익\n합 계\n원재료 매입\n기타\n합 계\n\xa0관계기업\n㈜이상네트웍스\xa0\n4,346,106\n260,701\n4,606,807\n1,850,075\n305,564\n2,155,639\n㈜이에스서비스\n-\n-\n-\n-\n247,029\n247,029\n\xa0기타\n㈜굿스틸\n235,393\n-\n235,393\n1,826,683\n9,796\n1,836,479\n㈜탱그램팩토리\n-\n-\n-\n-\n1,357\n1,357\n합 \xa0계\n4,581,499\n260,701\n4,842,200\n3,676,758\n563,746\n4,240,504\n(4) 보고기간 종료일 현재 특수관계자에 대한 채권ㆍ채무 내역은 다음과 같습니다.\n<당기말>\n(단위 : 천원)\n구 분\n회사명\n채권\n채무\n매출채권\n미수금\n임차보증금\n합 계\n매입채무\n미지급금\n임대보증금\n합 계\n관계기업\n㈜이상네트웍스\n526,099\n6,545\n756,000\n1,288,644\n157,003\n91,863\n100,000\n348,866\n㈜이에스서비스\n-\n-\n45,000\n45,000\n-\n88,103\n-\n88,103\n기타의특수관계자\n㈜굿스틸\n7,209\n7,568\n-\n14,777\n202,049\n279\n-\n202,328\n합 \xa0계\n533,308\n14,113\n801,000\n1,348,421\n359,052\n180,245\n100,000\n639,297\n보고기간 종료일 현재 관계기업, 기타의 특수관계자에 대한 채권 등에 대하여 대손충당금을 설정하지 않습니다.\n<전기말>\n(단위 : 천원)\n구 분\n회사명\n채권\n채무\n매출채권\n임차보증금\n합 계\n매입채무\n미지급금\n임대보증금\n합 계\n\xa0관계기업\n㈜이상네트웍스\n476,344\n205,000\n681,344\n45,959\n25,626\n100,000\n171,585\n㈜이에스서비스\n-\n-\n-\n-\n22,374\n-\n22,374\n\xa0기타의특수관계자\n㈜굿스틸\n17,021\n-\n17,021\n49,148\n1,858\n-\n51,006\n㈜탱그램팩토리\n-\n-\n-\n-\n99\n-\n99\n합 \xa0계\n493,365\n205,000\n698,365\n95,107\n49,957\n100,000\n245,064\n40. 건설계약(1) 공사계약잔액의 변동내역\n(단위 : 천원)\n당 기\n기초계약잔액\n당기신규/변경계약액\n당기공사수익\n기말계약잔액\n국내공사\n82,732,856\n77,715,181\n73,652,858\n86,795,179\n(단위 : 천원)\n전 기\n기초계약잔액\n당기신규/변경계약액\n당기공사수익\n기말계약잔액\n국내공사\n68,347,040\n97,925,620\n(83,539,804)\n82,732,856\n(2) 진행중인 공사와 관련된 초과청구공사 및 미청구공사의 내역\n(단위 : 천원)\n당 기\n누적발생원가\n누적공사수익\n누적공사손익\n초과청구채권\n공사대금 매출채권\n청구분\n미청구채권\n계\n회수보류액\n국내공사\n143,656,860\n191,074,199\n47,417,339\n6,121,245\n12,536,444\n5,471,855\n18,008,299\n-\n(단위 : 천원)\n전 기\n누적발생원가\n누적공사수익\n누적공사손익\n초과청구채권\n공사대금 매출채권\n청구분\n미청구채권\n계\n회수보류액\n국내공사\n161,854,625\n217,776,829\n55,922,204\n4,018,246\n8,973,555\n3,924,956\n12,898,510\n-\n한편, 공사대금 미청구분은 미청구공사의 계정과목으로 매출채권에 포함되어 있으며, 초과청구채권의 경우 매입채무에 포함되어 있습니다.\n(3) 계약수익 금액이 전기 매출액의 5% 이상인 계약별 정보의 공시\n(단위 : 천원)\n계약명\n계약일\n기한\n진행률(%)\n채권잔액\n대손충당금\n청구\n미청구\n청구\n미청구\n서해선(홍성~송산)복선전철 제4공구 건설공사\n2017-06-08\n2022-03-31\n99.2%\n319,769\n-\n3,198\n-\n서해선(홍성~송산)복선전철 제8공구 건설공사\n2017-06-30\n2022-02-28\n92.2%\n213,233\n-\n2,132\n-\n서울~세종고속도로 안성~구리 건설공사 제10공구(직동1교외)\n2018-10-30\n2022-06-30\n69.3%\n272,135\n-\n2,721\n-\n서해선 복선전철 제9공구(발안고가외)\n2017-05-31\n2022-06-30\n99.5%\n434,573\n-\n4,346\n-\n수도권 제2순환(파주-포천간) 제3공구(덕도2교)\n2017-12-19\n2024-02-29\n100.0%\n90,630\n-\n906\n-\n새만금 남북도로 건설공사 1단계(3공구)\n2018-12-28\n2022-12-22\n100.0%\n462,000\n-\n4,620\n-\n함양-창녕간 고속도로 건설공사 제7공구\n2020-09-10\n2024-12-31\n25.0%\n444,100\n-\n4,441\n-\n포항-안동1-1 국도건설공사(1공구)\n2020-12-30\n2022-03-12\n15.6%\n358,176\n-\n3,582\n-\n광명-서울고속도로 민간투자사업 건설공사_장절2교, SegArch 1개소 추가분\n2021-10-15\n2024-04-26\n23.6%\n1,047,004\n-\n10,470\n-\n국립생태원~동서천IC\n2018-04-09\n2022-01-31\n97.2%\n-\n30,925\n-\n309\n수통-방우간 연결도로 개설공사\n2021-06-30\n2022-03-30\n90.9%\n-\n220,400\n-\n2,204\n부산 에코델타시티\n2019-07-08\n2022-12-31\n97.9%\n-\n141,694\n-\n1,417\n동향-안성 국가지원 지방도\n2021-06-21\n2023-06-28\n100.0%\n-\n149,500\n-\n1,495\n청라지구~북항간 도로개설공사\n2021-08-04\n2023-08-31\n66.6%\n-\n661,905\n-\n6,619\n오남 시가지 통과도로(대3-102호) 개설공사(토목)-합성형라멘교\n2021-12-28\n2022-12-28\n62.2%\n-\n746,760\n-\n7,468\n원당천 수해상습지 개선사업\n2020-09-01\n2023-10-15\n90.9%\n-\n23,475\n-\n235\n각계 자연재해위험개선지구\n2021-03-12\n2021-12-31\n81.5%\n-\n59,872\n-\n599\n수원곡선 지구단위계획구역\n2021-06-08\n2021-11-30\n89.1%\n2,970\n564,241\n30\n5,642\n상왕도로(시도23호)확포장공사\n2021-07-27\n2022-03-30\n46.7%\n-\n116,700\n-\n1,167\n합 계\n3,644,590\n2,715,472\n36,446\n27,155\n(4) 당기말 현재 공사손실충당부채 및 하자보수충당부채의 변동내역\n(단위 : 천원)\n구분\n공사손실충당부채\n하자보수충당부채\n합계\n기 초\n23,775\n1,416,244\n1,440,019\n증 가\n-\n122,367\n122,367\n감 소\n(23,775)\n(71,456)\n(95,231)\n기 말\n-\n1,467,155\n1,467,155\n(5) 전기말 현재 진행 중이었던 원가기준 투입법을 적용하여 진행기준수익을 인식하는 계약으로서 계약의 총계약금액 및 총계약원가에 대한 당기 중 추정의 변경과 그러한 추정의 변경이 당기와 미래기간의 손익(법인세차감전)에 미치는 영향은 다음과 같습니다.\n(단위 : 천원)\n부문명\n추정총계약금액의 변동\n추정총계약원가의 변동\n당기손익에 미치는 영향\n미래손익에 미치는 영향\n공사손실충당부채\n국내공사\n5,772,556\n4,070,564\n1,285,691\n416,302\n-\n당기와 미래 손익에 미치는 영향은 계약 개시후 당기말까지 발생한 상황에 근거하여 추정한 총계약원가와 당기말 현재 계약수익의 추정치에 근거하여 산정한 것이며, 계약원가와 계약수익은 미래 기간에 변동될 수 있습니다.\n41. 보고기간 후 사건\n연결회사는 보고기간말 이후인 2022년 2월 11일 이사회를 통해 자본잉여금 3,775백만원중 500백만원의 자본전입을 결의하였으며 내역은 다음과 같습니다.\n(단위 : 원, 주)\n구 분\n내 \xa0역\n자본전입액\n500,000,000\n발행주식수(*)\n1,000,000\n주당 발행금액\n500\n(*) 2022년 2월 28일 주주명부상 주주에게 배정하며, 단주는 신주의 상장일 종가로 매각하여 현금으로 지급할 예정입니다.\n']"
