text
"[""\n8. 기타 재무에 관한 사항\n가. 재무제표 등의 재작성 등 유의사항\xa0\n1. (연결)재무제표를 재작성한 경우 재작성사유, 내용 및 재무제표에 미치는 영향\xa0\n\xa0 ㆍ해당사항 없음\n2. 합병, 분할, 자산양수도, 영업양수도\n1)\xa0물적분할에 관한 사항\n(1) 일자 : 2020년\xa0 5월\xa0 1일 (분할기일)(2) 분할 개요\n구 분\n분할되는 회사 (존속회사)\n물적분할 회사\n회사명\n현대중공업지주㈜\n현대로보틱스㈜\n사업부문\n투자\n로봇\n소재지\n서울특별시 종로구 율곡로75\n대구광역시 달성군 유가읍 테크노순환로3길50\n대표이사\n권오갑\n서유성\n※ 보고서 제출일 현재 현대로보틱스㈜의 대표이사는 강철호 이사 입니다.\xa0 \n(3) 분할내용① 분할의 배경\xa0당사는 2020년 5월 1일자로 로봇 사업을 분리하여 현대로보틱스㈜를 설립하였습니다. 이는 현대중공업지주㈜의 경우 순수지주회사로서 투자 및 계열사 관리에 전문성을 강화하기 위함이고, 현대로보틱스㈜의 경우 독립적으로 로봇사업 경쟁력을 강화하기 위함입니다.②\xa0법적형태당해 분할은 상법 제530조의2 내지 제530조의12에서 규정하는 물적분할방식에 해당합니다.※\xa0종속기업의 주요한 사업결합 및 영업양수도 등의 내용은 연결재무제표의 사업결합 주석 등을 참조하시기 바랍니다.2) 사업부문의 취득 당사의 종속기업 현대제뉴인㈜는 당분기 중 두산중공업㈜로부터 현대두산인프라코어㈜지분 29.48%를 취득하여 종속회사로 편입하였습니다. 관련 사항은 제5기 분기 연결검토보고서 주석 32. 종속기업과 사업의 취득 및 처분 을 참조하시기 바랍니다. 3) 사업부문의 처분 당사의 종속기업 현대오일뱅크㈜는 당분기 중 종속기업인 현대오일터미널㈜의 지분 100% 중 90%를 처분하여 지배력을 상실하였으며, 처분으로 인식한 이익은 64,703백만원입니다. 관련 사항은 제5기 분기 연결검토보고서 주석 32. 종속기업과 사업의 취득 및 처분 을 참조하시기 바랍니다. \n3. 자산유동화와 관련한 자산매각의 회계처리 및 우발채무 등에 관한 사항\xa0 \xa0\xa0 1) 자산유동화는 해당사항 없으며\xa0\xa0 2) 우발채무관련 사항은\xa0 'XI. 그 밖에 투자자 보호를 위하여 필요한 사항 \xa0 \xa0 \xa0\xa0 2. 우발채무 등' 참조\n4. 기타 재무제표 이용에 유의하여야 할 사항\xa0\n\xa0 ㆍ해당사항 없음\n나. 대손충당금의 설정현황(연결기준)\n1) 계정과목별 대손충당금 설정내용\n(기준일 :\n2021년 9월 30일)\n(단위 : 백만원)\n구\xa0\xa0 분\n계\xa0 정\xa0 과\xa0 목\n채권금액\n대손충당금\n대손충당금설정률\n제 5 기3분기\n매출채권\n4,071,968\n(465,026)\n11.4%\n계약자산\n241,670\n(28,243)\n11.7%\n미수금\n768,924\n(125,148)\n16.3%\n미수수익\n7,807\n(51)\n0.7%\n대여금\n72,661\n(8,470)\n11.7%\n보증금\n241,948\n(158)\n0.1%\n금융리스 채권\n582,509\n(3,134)\n0.5%\n제 4 기\n매출채권\n1,932,043\n(229,759)\n11.9%\n계약자산\n253,527\n(26,442)\n10.4%\n미수금\n362,734\n(65,525)\n18.1%\n미수수익\n2,968\n(51)\n1.7%\n대여금\n72,200\n(8,497)\n11.8%\n보증금\n198,691\n-\n0.0%\n금융리스 채권\n381,013\n(2,236)\n0.6%\n제 3 기\n매출채권\n2,393,896\n(243,986)\n10.2%\n계약자산\n315,126\n(26,410)\n8.4%\n미수금\n503,078\n(68,846)\n13.7%\n미수수익\n3,501\n(51)\n1.5%\n대여금\n93,694\n(12,225)\n13.0%\n보증금\n90,077\n-\n0.0%\n금융리스 채권\n320,998\n(342)\n0.1%\n2) 대손충당금 변동현황\n(기준일 :\xa02021년 9월 30일)\n(단위 : 백만원)\n구\xa0 \xa0 \xa0 \xa0 \xa0 분\n제 5 기 분기\n제 4 기\n제 3 기\n1. 기초 대손충당금 잔액합계\n332,510\n351,860\n342,299\n2. 순대손처리액\n8,076\n(16,736)\n(32,545)\n3. 대손상각비 계상(환입)액\n4,488\n(2,614)\n42,106\n4. 연결범위 변동\n285,157\n-\n-\n5. 기말 대손충당금 잔액합계\n630,231\n332,510\n351,860\n3) 매출채권관련 대손충당금 설정방침\n① 금융자산의 손상2018년 기업회계기준서 제1109호는 기업회계기준서 제1039호의 '발생손실’모형을 '기대신용손실' 모형으로 대체하였습니다. 새로운 손상모형은 상각후원가로 측정되는금융자산, 계약자산 및 기타포괄손익-공정가치로 측정되는 채무상품에 적용되지만, 지분상품 투자에는 적용되지 않습니다. 기업회계기준서 제1109호에서 신용손실은 기업회계기준서 제1039호보다 일찍 인식될 수 있습니다.\n연결실체는 12개월 기대신용손실로 측정되는 다음의 금융자산을 제외하고는 전체기간 기대신용손실에 해당하는 금액으로 손실충당금을 측정합니다.- 보고기간말에 신용위험이 낮다고 결정된 채무증권- 최초 인식 이후 신용위험(즉, 금융자산의 기대존속기간동안에 걸쳐 발생할 채무불이행 위험)이 유의적으로 증가하지 않은 기타 채무증권과 은행예금\n매출채권과 계약자산에 대한 손실충당금은 항상 전체기간 기대신용손실에 해당하는 금액으로 측정됩니다.금융자산의 신용위험이 최초 인식 이후 유의적으로 증가했는지를 판단할 때와 기대신용손실을 추정할 때, 연결실체는 과도한 원가나 노력 없이 이용할 수 있고 합리적이고 뒷받침될 수 있는 정보를 고려합니다. 여기에는 미래지향적인 정보를 포함하여 연결실체의 과거 경험과 알려진 신용평가에 근거한 질적, 양적인 정보 및 분석이 포함됩니다.연결실체는 다음과 같은 경우 금융자산에 채무불이행이 발생했다고 고려합니다.- 연결실체가 소구활동을 하지 않으면, 연결실체에게 신용의무를 완전하게 \xa0\xa0 이행하지 않을 것 같은 경우- 금융자산의 연체일수가 유의적으로 증가하는 경우전체기간 기대신용손실은 금융상품의 기대존속기간에 발생할 수 있는 모든 채무불이행 사건에 따른 기대신용손실입니다.\n12개월 기대신용손실은 보고기간 말 이후 12개월 이내(또는 금융상품의 기대존속기간이 12개월 보다 적은 경우 더 짧은 기간)에 발생 가능한 금융상품의 채무불이행 사건으로 인한 기대신용손실을 나타내는 전체기간 기대신용손실의 일부입니다.\n② 기대신용손실의 측정기대신용손실은 신용손실의 확률가중추정치입니다. 신용손실은 모든 현금부족액(즉, 계약에 따라 지급받기로 한 모든 계약상 현금흐름과 수취할 것으로 예상하는 모든 계약상 현금흐름의 차이)의 현재가치로 측정됩니다. 기대신용손실은 해당 금융자산의 유효이자율로 할인됩니다.기대신용손실을 측정할 때 고려하는 가장 긴 기간은 연결실체가 신용위험에 노출되는 최장 계약기간입니다.\n③ 신용이 손상된 금융자산매 보고기간말에, 연결실체는 상각후원가로 측정되는 금융자산과 기타포괄손익-공정가치로 측정되는 채무증권의 신용이 손상되었는지 평가합니다. 금융자산의 추정미래현금흐름에 악영향을 미치는 하나 이상의 사건이 발생한 경우에 해당 금융자산은 신용이 손상된 것입니다.금융자산의 신용이 손상된 증거는 다음과 같은 관측 가능한 정보를 포함합니다.- 발행자나 차입자의 유의적인 재무적 어려움- 채무불이행이나 연체와 같은 계약 위반- 차입자의 재무적 어려움에 관련된 경제적이나 계약상 이유로 당초 차입조건의\xa0\xa0 불가피한 완화- 차입자의 파산가능성이 높아지거나 그 밖의 재무구조조정 가능성이 높아짐- 재무적 어려움으로 인해 해당 금융자산에 대한 활성시장 소멸④ 재무상태표상 신용손실충당금의 표시상각후원가로 측정하는 금융자산 및 계약자산에 대한 손실충당금은 해당 자산의 장부금액에서 직접 차감하지 아니하고 별도 표시합니다. 계약자산을 포함한 매출채권및기타채권과관련된 손상손실은 중요성을 고려하여 포괄손익계산서에서 별도로 표시하지 않고 기업회계기준서 제1039호하에서의 표시와 유사하게 '판매비와관리비' 또는 '기타영업외비용'에 표시하였습니다. 기타 금융자산에 대한 손상손실은 중요성을 고려하여 포괄손익계산서에 별도로 표시하지 않고 기업회계기준서 제1039호하에서의 표시와 유사하게 '금융비용'에 표시하였습니다. 상각후원가로 측정하는 금융자산에 대한 손실충당금은 해당 자산의 장부금액에서 차감합니다. 기타포괄손익-공정가치로 측정하는 채무상품에 대해서는 손실충당금은 당기손익에포함하고 기타포괄손익에 인식합니다.\n⑤ 제각금융자산의 계약상 현금흐름 전체 또는 일부의 회수에 대한 합리적인 기대가 있는지에 대해 개별적으로 평가하고, 합리적인 기대가 없는 경우 해당 자산을 제거합니다. 연결실체는제각한 금액이 유의적으로 회수할 것이라는 기대를 갖고 있지 않습니다. 그러나 제각된 금융자산은 만기가 된 금액에 대한 연결실체의 회수 절차에 따라 회수활동의 대상이 될 수 있습니다.\n4)\xa0현재 경과기간별 매출채권 잔액 현황\n(기준일 :\n2021년 9월 30일\n)\n(단위 : 백만원)\n구\xa0 \xa0 분\n6월 이하\n6월초과1년 이하\n1년 초과3년 이하\n3년 초과\n계\n매출채권 및 미수금\n4,383,604\n41,628\n128,570\n287,090\n4,840,892\n구성비율\n90,5%\n0.9%\n2.7%\n5.9%\n100.0%\n※ 6월 이하 매출채권 및 미수금에는 회수기일 미도래 채권이 포함됩니다.\n다. 재고자산 현황 등(연결기준)\n1) 재고자산의 사업부문별 보유현황\n(기준일 :\n2021년 9월 30일\n)\n(단위 : 백만원)\n사 업 부 문\n계 정 과 목\n제 5기 분기\n제 4 기\n제 3 기\n비고\n정유 부문\n상\xa0 \xa0 \xa0 \xa0\xa0 품\n57,178\n\xa0 \xa0 \xa0 \xa0 73,072\n37,131\n-\n제\xa0 \xa0 \xa0 \xa0\xa0 품\n546,821\n\xa0 \xa0 \xa0\xa0 299,352\n373,889\n재\xa0\xa0 공\xa0\xa0 품\n245,431\n\xa0 \xa0 \xa0\xa0 124,515\n180,131\n원\xa0\xa0 재\xa0\xa0 료\n707,634\n\xa0 \xa0 \xa0\xa0 413,128\n622,964\n저\xa0\xa0 장\xa0\xa0 품\n71,061\n\xa0 \xa0 \xa0 \xa0 76,508\n43,419\n미\xa0\xa0 착\xa0\xa0 품\n1,601,895\n\xa0 \xa0 \xa0\xa0 787,370\n1,236,974\n반\xa0\xa0 제\xa0\xa0 품\n-\n-\n-\n소\xa0 \xa0 \xa0 \xa0\xa0 계\n3,230,020\n\xa01,773,945\n2,494,508\n건설기계 부문\n상\xa0 \xa0 \xa0 \xa0\xa0 품\n414,009\n213,264\n233,622\n제\xa0 \xa0 \xa0 \xa0\xa0 품\n499,960\n\xa0 \xa0 \xa0\xa0 176,830\n204,568\n재\xa0\xa0 공\xa0\xa0 품\n166,624\n\xa0 \xa0 \xa0 \xa0 78,484\n82,029\n원\xa0\xa0 재\xa0\xa0 료\n464,363\n\xa0 \xa0 \xa0\xa0 172,296\n263,120\n저\xa0\xa0 장\xa0\xa0 품\n2,256\n\xa0 \xa0 \xa0 \xa0 \xa0 \xa0\xa0 371\n976\n미\xa0\xa0 착\xa0\xa0 품\n299,763\n\xa0 \xa0 \xa0 \xa0 79,483\n72,396\n반\xa0\xa0 제\xa0\xa0 품\n-\n-\n-\n소\xa0 \xa0 \xa0 \xa0\xa0 계\n1,846,975\n\xa0720,728\n856,711\n전기전자 부문\n상\xa0 \xa0 \xa0 \xa0\xa0 품\n-\n-\n-\n제\xa0 \xa0 \xa0 \xa0\xa0 품\n13,870\n\xa0 \xa0 \xa0 \xa0 14,120\n23,168\n재\xa0\xa0 공\xa0\xa0 품\n270,731\n\xa0 \xa0 \xa0\xa0 244,295\n250,012\n원\xa0\xa0 재\xa0\xa0 료\n118,313\n\xa0 \xa0 \xa0 \xa0 86,312\n98,387\n저\xa0\xa0 장\xa0\xa0 품\n24\n\xa0 \xa0 \xa0 \xa0 \xa0 \xa0 \xa0 23\n50\n미\xa0\xa0 착\xa0\xa0 품\n26,375\n\xa0 \xa0 \xa0 \xa0 13,844\n19,154\n반\xa0\xa0 제\xa0\xa0 품\n-\n-\n-\n소\xa0 \xa0 \xa0 \xa0\xa0 계\n429,313\n358,594\n390,771\n선박서비스 부문\n상\xa0 \xa0 \xa0 \xa0\xa0 품\n109,332\n92,478\n82,568\n제\xa0 \xa0 \xa0 \xa0\xa0 품\n-\n-\n-\n재\xa0\xa0 공\xa0\xa0 품\n9,402\n10,410\n-\n원\xa0\xa0 재\xa0\xa0 료\n4,380\n3,231\n-\n저\xa0\xa0 장\xa0\xa0 품\n-\n-\n-\n미\xa0\xa0 착\xa0\xa0 품\n2,010\n1,418\n2,278\n반\xa0\xa0 제\xa0\xa0 품\n-\n-\n-\n합\xa0 \xa0 \xa0 \xa0\xa0 계\n125,124\n107,537\n84,846\n기\xa0 \xa0\xa0 타\n상\xa0 \xa0 \xa0 \xa0\xa0 품\n7,247\n8,937\n6,448\n제\xa0 \xa0 \xa0 \xa0\xa0 품\n(371)\n-\n3,129\n재\xa0\xa0 공\xa0\xa0 품\n29,665\n24,972\n18,596\n원\xa0\xa0 재\xa0\xa0 료\n20,880\n26,728\n20,995\n저\xa0\xa0 장\xa0\xa0 품\n-\n-\n-\n미\xa0\xa0 착\xa0\xa0 품\n185\n458\n741\n반\xa0\xa0 제\xa0\xa0 품\n-\n-\n-\n소\xa0 \xa0 \xa0 \xa0\xa0 계\n57,606\n61,095\n49,909\n합\xa0 \xa0\xa0 계\n상\xa0 \xa0 \xa0 \xa0\xa0 품\n587,766\n\xa0 \xa0 \xa0\xa0 387,751\n359,769\n제\xa0 \xa0 \xa0 \xa0\xa0 품\n1,060,280\n\xa0 \xa0 \xa0\xa0 490,302\n604,754\n재\xa0\xa0 공\xa0\xa0 품\n721,853\n\xa0 \xa0 \xa0\xa0 482,676\n530,768\n원\xa0\xa0 재\xa0\xa0 료\n1,315,570\n\xa0 \xa0 \xa0\xa0 701,695\n1,005,466\n저\xa0\xa0 장\xa0\xa0 품\n73,341\n\xa0 \xa0 \xa0 \xa0 76,902\n44,445\n미\xa0\xa0 착\xa0\xa0 품\n1,930,228\n\xa0 \xa0 \xa0\xa0 882,573\n1,331,543\n반\xa0\xa0 제\xa0\xa0 품\n\u3000-\n-\n-\n합\xa0 \xa0 \xa0 \xa0\xa0 계\n5,689,038\n3,021,899\n3,876,745\n총자산대비 재고자산 구성비율(%) [재고자산합계÷기말자산총계×100]\n15.9\n11.4\n16.0\n재고자산회전율(회수) [연환산 매출원가÷{(기초재고＋기말재고)÷2}]\n\xa0 \xa0 \xa0 \xa0 \xa0 \xa0\xa0 8.1\n5.3\n6.0\n2) 재고자산의 실사내용① 실사일자\xa0- 매사업연도 12월~1월에 정기재고조사 실시\xa0- 정기재고조사 기준일인 11월말 또는 12월말과 대차대조표일 사이의 변동분에 대하여는\xa0\xa0 외부 감사인이 해당기간의 입출고 내역을 확인하여 실재성을 점검.② 실사방법  - 회사는 12월~1월에 외부감사인의 입회 하에 재고조사를 실시하고, 일부 품목에 \xa0 \xa0 대하여는 표본 추출하여 실재성 및 완전성을 확인함.③ 장기체화재고 등의 현황재고자산의 시가가 취득원가보다 하락한 경우에는 순실현가치를 재무상태표가액으로 하고 있으며, 당분기말 현재 재고자산에 대한 평가내역은 다음과 같음\n(기준일 :\n2021년 9월 30일\n)\n(단위 : 백만원)\n계정과목\n취득원가\n평가충당금\xa0\n기말잔액\n비 고\n재고자산\n5,803,439\n(114,401)\n5,689,038\n라. 공정가치평가 내역(연결기준)\n(1) 금융자산과 금융부채의 분류\n연결실체의 회계정책과 공시사항은 다수의 금융 및 비금융자산과 부채에 대해 공정가치 측정이 요구되고 있습니다. 연결실체는 공정가치평가 정책과 절차를 수립하고 있습니다. 동 정책과 절차에는 공정가치 서열체계에서 수준 3으로 분류되는 공정가치를 포함한 모든유의적인 공정가치 측정의 검토를 책임지는 평가부서의 운영을 포함하고 있으며, 그 결과는 재무담당임원에게 직접 보고되고 있습니다.\n평가부서는 정기적으로 관측가능하지 않은 유의적인 투입변수와 평가 조정을 검토하고 있습니다. 공정가치 측정에서 중개인 가격이나 평가기관과 같은 제3자 정보를 사용하는 경우, 평가부서에서 제3자로부터 입수한 정보에 근거한 평가가 공정가치 서열체계 내 수준별 분류를 포함하고 있으며 해당 기준서의 요구사항을 충족한다고 결론을 내릴 수 있는지 여부를 판단하고 있습니다.\n연결실체는 유의적인 평가 문제를 감사위원회에 보고하고 있습니다.\n자산이나\xa0부채의 공정가치를 측정하는 경우, 연결실체는 최대한 시장에서 관측가능한 투입변수를 사용하고 있습니다. 공정가치는 다음과 같이 가치평가기법에 사용된 투입변수에기초하여 공정가치 서열체계 내에서 분류됩니다.\n구 분\n투입변수의 유의성\n수준 1\n측정일에 동일한 자산이나 부채에 대한 접근 가능한 활성시장의 조정되지 않은 공시가격\n수준 2\n수준 1의 공시가격 이외에 자산이나 부채에 대해 직접적으로 또는 간접적으로 관측가능한 투입변수\n수준 3\n자산이나 부채에 대한 관측가능하지 않은 투입변수\n자산이나 부채의 공정가치를 측정하기 위해 사용되는 여러 투입변수가 공정가치 서열체계내에서 다른 수준으로 분류되는 경우, 연결실체는 측정치 전체에 유의적인 공정가치 서열체계에서 가장 낮은 수준의 투입변수와 동일한 수준으로 공정가치 측정치 전체를 분류하고 있으며, 변동이 발생한 보고기간 말에 공정가치 서열체계의 수준간 이동을 인식하고 있습니다.\n(2) 파생상품연결실체는 장래에 대금 등의 입금시 예상되는 환율변동, 이자율위험 및 원유 등에 대한 가격변동 위험 등을 회피할 목적으로\xa0금융기관과 파생상품계약을 체결하고 있으며, 모든 파생상품의 공정가치는 거래은행이 제공한 선도환율 등을 이용하여 평가하였습니다.\xa0\n구\xa0 분\n종\xa0 류\n파생상품계약 및 위험회피회계처리 내용\n현금흐름위험회피\n통화선도\n외화수금 예상분과 외자재 도입 관련 외화지출 예상분의 환율변동에 따른 현금흐름위험을 회피\n통화스왑\n외화차입금의 환율변동에 따른 현금흐름위험을 회피\n이자율스왑\n이자율변동에 따른 현금흐름위험을 회피\n제품선도\n정제마진 변동에 따른 현금흐름위험을 회피\n상품선물\n원자재 가격 변동에 따른 현금흐름위험을 회피\n(3) 범주별 금융상품\n① 당분기말과 전기말 현재 범주별 금융상품의 장부금액과 공정가치는 다음과 같습니다.\n가. 당분기말\n(단위:백만원)\n구\xa0 분\n장부금액\n합\xa0 계\n공정가치\n공정가치-위험회피수단\n당기손익-공정가치측정\n기타포괄손익-공정가치측정\n상각후원가\n공정가치로 인식된 자산:\n\xa0 금융자산(*)\n-\n114,763\n58,156\n-\n172,919\n172,919\n\xa0 파생상품자산\n117,379\n-\n-\n-\n117,379\n117,379\n소\xa0 계\n117,379\n114,763\n58,156\n-\n290,298\n290,298\n공정가치로 측정되지 않는 금융자산:\n\xa0 현금및현금성자산\n-\n-\n-\n2,487,604\n2,487,604\n-\n\xa0 금융자산\n-\n-\n-\n292,677\n292,677\n-\n\xa0 매출채권및기타채권\n-\n-\n-\n5,143,830\n5,143,830\n-\n소\xa0 계\n-\n-\n-\n7,924,111\n7,924,111\n-\n금융자산 합계\n117,379\n114,763\n58,156\n7,924,111\n8,214,409\n290,298\n공정가치로 인식된 부채:\n\xa0 금융부채\n-\n3,360\n-\n-\n3,360\n3,360\n\xa0 파생상품부채\n172,128\n-\n-\n-\n172,128\n172,128\n소\xa0 계\n172,128\n3,360\n-\n-\n175,488\n175,488\n공정가치로 측정되지 않는 금융부채:\n\xa0 차입금\n-\n-\n-\n7,396,247\n7,396,247\n-\n\xa0 사채\n-\n-\n-\n6,588,732\n6,588,732\n-\n\xa0 매입채무및기타채무\n-\n-\n-\n5,874,147\n5,874,147\n-\n\xa0 리스부채\xa0\xa0\n-\n-\n-\n1,480,636\n1,480,636\n-\n\xa0 금융보증부채\n-\n-\n-\n4,320\n4,320\n-\n소\xa0 계\n-\n-\n-\n21,344,082\n21,344,082\n-\n금융부채 합계\n172,128\n3,360\n-\n21,344,082\n21,519,570\n175,488\n(*) 공정가치를 신뢰성 있게 측정할 수 없어 취득원가 등으로 평가한 금액은 70,000백만원입니다.\n나. 전기말\n(단위:백만원)\n구\xa0 분\n장부금액\n합\xa0 계\n공정가치\n공정가치-위험회피수단\n당기손익-공정가치측정\n기타포괄손익-공정가치측정\n상각후원가\n공정가치로 인식된 금융자산:\n\xa0 금융자산(*)\n-\n72,310\n32,215\n-\n104,525\n104,525\n\xa0 파생상품자산\n62,446\n-\n-\n-\n62,446\n62,446\n소\xa0 계\n62,446\n72,310\n32,215\n-\n166,971\n166,971\n공정가치로 측정되지 않는 금융자산:\n\xa0 현금및현금성자산\n-\n-\n-\n2,038,501\n2,038,501\n-\n\xa0 금융자산\n-\n-\n-\n208,653\n208,653\n-\n\xa0 매출채권및기타채권\n-\n-\n-\n2,643,581\n2,643,581\n-\n소\xa0 계\n-\n-\n-\n4,890,735\n4,890,735\n-\n금융자산 합계\n62,446\n72,310\n32,215\n4,890,735\n5,057,706\n166,971\n공정가치로 인식된 금융부채:\n\xa0 금융부채\n-\n406\n-\n-\n406\n406\n\xa0 파생상품부채\n78,019\n-\n-\n-\n78,019\n78,019\n소\xa0 계\n78,019\n406\n-\n-\n78,425\n78,425\n공정가치로 측정되지 않는 금융부채:\n\xa0 차입금\n-\n-\n-\n5,048,428\n5,048,428\n-\n\xa0 사채\n-\n-\n-\n4,483,558\n4,483,558\n-\n\xa0 매입채무및기타채무\n-\n-\n-\n3,236,962\n3,236,962\n-\n\xa0 리스부채\n-\n-\n-\n1,342,449\n1,342,449\n-\n소\xa0 계\n-\n-\n-\n14,111,397\n14,111,397\n-\n금융부채 합계\n78,019\n406\n-\n14,111,397\n14,189,822\n78,425\n(*) 공정가치를 신뢰성 있게 측정할 수 없어 취득원가 등으로 평가한 금융자산은 8,551백만원 입니다.\n② 공정가치 서열체계연결실체는 공정가치측정에 사용된 투입변수의 유의성을 반영하는 공정가치 서열체계에 따라 공정가치측정치를 분류하고 있으며, 공정가치 서열체계의 수준은 다음과 같습니다.\n구 분\n투입변수의 유의성\n수준 1\n측정일에 동일한 자산이나 부채에 대한 접근 가능한 활성시장의 조정되지 않은 공시가격\n수준 2\n수준 1의 공시가격 이외에 자산이나 부채에 대해 직접적으로 또는 간접적으로 관측가능한 투입변수\n수준 3\n자산이나 부채에 대한 관측가능하지 않은 투입변수\n당분기말과 전기말 현재 공정가치로 측정되는 금융상품의 각\xa0종류별로 공정가치 수준별 측정치는 다음과 같습니다.\xa0\n(단위:백만원)\n구\xa0 분\n수준 1\n수준 2\n수준 3\n합\xa0 계\n당분기말:\n\xa0 기타포괄손익-공정가치측정금융자산\n22\n-\n58,134\n58,156\n\xa0 당기손익-공정가치측정금융자산\n8\n1,047\n113,708\n114,763\n\xa0 파생상품자산\n-\n117,379\n-\n117,379\n\xa0 당기손익-공정가치측정금융부채\n-\n3,360\n-\n3,360\n\xa0 파생상품부채\n-\n172,128\n-\n172,128\n전기말:\n\xa0 기타포괄손익-공정가치측정금융자산\n16\n-\n32,199\n32,215\n\xa0 당기손익-공정가치측정금융자산\n-\n7,561\n64,749\n72,310\n\xa0 당기손익-공정가치측정금융부채\n-\n406\n-\n406\n\xa0 파생상품자산\n-\n62,446\n-\n62,446\n\xa0 파생상품부채\n-\n78,019\n-\n78,019\n활성시장에서 거래되는 금융상품의 공정가치는 보고기간 말 현재 고시되는 시장가격에 기초하여 산정됩니다. 거래소, 판매자, 중개인, 산업집단, 평가기관 또는 감독기관을 통해 공시가격이 용이하게 그리고 정기적으로 이용가능하고, 그러한 가격이 독립된 당사자 사이에서 정기적으로 발생한 실제 시장거래를 나타낸다면, 이를 활성시장으로 간주하며, 이러한 상품들은 수준 1에 포함됩니다. 수준 1에 포함된 상품들은 대부분 상장된 지분상품으로 구성됩니다.\n활성시장에서 거래되지 아니하는 금융상품의 공정가치는 평가기법을 사용하여 결정하고 있습니다. 이러한 평가기법은 가능한 한 관측가능한 시장정보를 최대한 사용하고 기업특유정보를 최소한으로 사용합니다. 이때, 해당 상품의 공정가치 측정에 요구되는 모든 유의적인 투입변수가 관측가능하다면 해당 상품은 수준 2에 포함됩니다. 만약 하나 이상의 유의적인 투입변수가 관측가능한 시장정보에 기초한 것이 아니라면 해당 상품은 수준 3에 포함됩니다.\n금융상품의 공정가치를 측정하는 데에 사용되는 평가기법에는 다음이 포함됩니다.- 유사한 상품의 공시시장가격 또는 딜러가격- 파생상품의 공정가치는 보고기간 말 현재의 선도환율 등을 사용하여 해당 금액을 현재가치로 할인하여 측정- 나머지 금융상품에 대해서는 현금흐름의 할인기법 등의 기타 기법 사용한편, 연결실체는 신규설립이나 비교기업이 없는 경우 등 공정가치를 신뢰성 있게 측정할 수 없는 시장성 없는 지분증권 및 출자금 등에 대해서는 공정가치평가에서 제외하였습니다.③ 공정가치\xa0서열체계 수준 2의 가치평가기법 및 투입변수 설명당분기말과 전기말 현재 공정가치로 측정되는 자산ㆍ부채 중 공정가치 서열체계 수준 2로분류된 자산ㆍ부채의 가치평가기법과 투입변수는 다음과 같습니다.\n(단위:백만원)\n구\xa0 분\n당분기말\n전기말\n가치평가기법\n투입변수\n파생상품자산:\n\xa0 파생상품\n117,379\n62,446\n현금흐름할인모형 등\n통화선도가격, 할인율 등\n당기손익-공정가치측정금융자산:\n\xa0 파생상품\n1,047\n7,561\n현금흐름할인모형 등\n통화선도가격,\xa0할인율 등\n파생상품부채:\n\xa0 파생상품\n172,128\n78,019\n현금흐름할인모형 등\n통화선도가격, 할인율 등\n당기손익-공정가치측정금융부채:\n\xa0 파생상품\n3,360\n406\n현금흐름할인모형 등\n통화선도가격, 할인율 등\n④ 공정가치 서열체계 수준 3의 가치평가기법 및 투입변수 설명1) 당분기와 전기 중 공정가치로 측정되는 자산ㆍ부채 중 공정가치 서열체계 수준 3으로 분류된 자산의\xa0변동내역은 다음과 같습니다.\n(단위:백만원)\n구\xa0 분\n당분기\n전기\n당기손익-공정가치측정금융자산:\xa0\n\xa0 기초\n64,749\n54,041\n\xa0 취득\n45,027\n10,744\n\xa0 평가\n(37)\n-\n\xa0 처분\n-\n(19)\n\xa0 연결범위변동\n3,959\n-\n\xa0 당기손익에 포함된 손익\n10\n(17)\n\xa0 기말\n113,708\n64,749\n기타포괄손익-공정가치측정금융자산:\n\xa0 기초\n32,199\n-\n\xa0 취득\n949\n14,495\n\xa0 평가\n6,113\n24,098\n\xa0 연결범위변동\n935\n-\n\xa0 타계정대체\n17,938\n-\n\xa0 처분\n-\n(6,394)\n\xa0 기말\n58,134\n32,199\n2) 당분기 중 공정가치로 측정되는 자산ㆍ부채 중 공정가치 서열체계에 수준 3으로 분류된 자산의 가치평가기법과 투입변수 등은 다음과 같습니다.\n(단위:백만원)\n구\xa0 분\n금액\n가치평가기법\n투입변수\n유의적이지만관측가능하지 않은투입변수\n유의적이지만관측가능하지 않은투입변수의 범위\n당기손익-공정가치측정금융자산:\n\xa0 건설공제조합\n275\n유사상장회사비교모형\nPBR\nPBR\n0.38\n\xa0 자본재공제조합\n3,105\n순자산가치법\n-\n-\n-\n\xa0 단기금융상품\n38,456\n현금흐름할인모형\n할인율\n-\n-\n\xa0 기타(*1)\n71,872\n-\n-\n-\n-\n소\xa0 계\n113,708\n기타포괄손익-공정가치측정금융자산:\n\xa0 지분상품\n57,090\n기업잉여현금할인모형\n할인율 및 성장율\n-\n\xa0 기타(*2)\n1,044\n-\n-\n-\n소\xa0 계\n58,134\n합\xa0 계\n171,842\n(*1) 장부금액과 공정가치가 유의적인 차이가 없을 것으로 판단하여 장부금액을 공정가치로 산정한 금융자산은 68,956백만원 입니다.(*2) 장부금액과 공정가치가 유의적인 차이가 없을 것으로 판단하여 장부금액을 공정가치로 산정한 금융자산은 1,044백만원 입니다.\n(4) 유형자산\n연결실체는 당기말 현재 토지에 대하여 재평가모형을 적용하고 있으며, 연결실체와 독립적이고 전문적자격이 있는 평가기관이 산출한 감정가액을 이용하여 토지를 재평가\xa0하였습니다.\xa0평가는 표준지 공시지가를 기준으로 대상 토지의 현황에 맞게 조정하여 가격을 산정하는 공시지가기준법을 적용하고 독립적인 제3자와의 거래조건에 따른 최근\xa0시장거래에\xa0근거하여\xa0평가한\xa0가격으로\xa0합리성을 검토하였습니다.당기말 현재 연결실체의 재평가에 따른 토지의 장부금액과 원가모형으로 평가되었을 경우의 장부금액은 다음과 같습니다.\n(단위:백만원)\n구\xa0 분\n\xa0재평가모형\n원가모형\n토지\n2,052,951\n1,278,515\n토지의 공정가치 측정치는 가치평가기법에 의해 사용된 투입변수에 기초하여 공정가치로 분류되었습니다. 토지의 공정가치 측정에\xa0사용된 가치평가기법과 투입변수는 다음과 같습니다.\n가치평가기법\n유의적이지만 관측가능하지 않은 투입변수\n주요 관측불가능한 변수와 공정가치의 상관관계\n공시지가기준평가법\n시점수정(지가변동률)\n지가변동률이 상승(하락)하면 공정가치는 증가(감소)\n지역요인\n지역요인이 증가(감소)하면 공정가치가 증가(감소)\n개별요인\n획지 조건 등의 보정치가 증가(감소)하면 공정가치는 증가(감소)\n그 밖의 요인\n지가수준 등에 대한 보정치가 증가(감소)하면 공정가치는 증가(감소)\n""]"
