text
['\n【 대표이사 등의 확인 】\n대표이사등확인서_20220317\n']
