text
"['\nIII. 재무에 관한 사항\n1. 요약재무정보\n1. 요약 연결재무정보\n(1) 본 보고서 작성기준일에 해당하는 제30기, 제29기, 제28기 연결재무제표는 한국채택국제회계기준(K-IFRS) 작성기준에 따라 작성된 것입니다.(2) 제30기, 제29기, 제28기 연결재무정보는 외부감사인의 감사(검토)를 받은 재무제표입니다.\xa0 \xa0 \xa0 \xa0 \xa0 \xa0 \xa0 \xa0 \xa0 \xa0 \xa0 \xa0 \xa0 \xa0 \xa0 \xa0 \xa0 \xa0 \xa0 \xa0 \xa0 \xa0 \xa0 \xa0 \xa0 \xa0 \xa0 \xa0 \xa0 \xa0 \xa0 \xa0 \xa0 \xa0 \xa0 \xa0 \xa0 \xa0 \xa0 \xa0 \xa0 \xa0 \xa0 \xa0 \xa0 \xa0 \xa0 \xa0 \xa0 \xa0 \xa0 \xa0\xa0 (단위 : 원)\n구 분\n제 30기\n제 29기\n제 28기\n(2018년 12월말)\n(2017년 12월말)\n(2016년 12월말)\n[유동자산]\n843,718,066,082\n791,471,166,861\n733,134,075,994\nㆍ현금및현금성자산\n69,353,967,482\xa0\n110,298,033,482\n66,306,978,853\nㆍ매출채권\n301,799,501,321\xa0\n314,571,050,598\n292,776,988,529\nㆍ금융리스채권\n106,740,631,742\xa0\n60,030,919,073\n33,338,985,763\nㆍ기타단기금융자산\n14,305,186,712\xa0\n16,840,899,860\n62,705,776,963\nㆍ기타유동자산\n240,341,971,050\xa0\n213,338,468,835\n206,331,822,032\nㆍ재고자산\n102,919,052,058\xa0\n74,861,005,631\n70,194,665,124\nㆍ당기법인세자산\n35,658,460\xa0\n1,530,789,382\n1,478,858,730\nㆍ매각예정자산\n8,222,097,257\n[비유동자산]\n1,367,401,907,951\n1,234,573,817,352\nㆍ장기매출채권\n28,401,949,423\xa0\n36,497,327,105\n23,612,266,326\nㆍ장기금융리스채권\n293,507,930,785\xa0\n169,862,438,005\n104,994,759,658\nㆍ기타장기금융자산\n56,214,221,629\xa0\n53,770,238,000\n52,840,420,301\nㆍ기타비유동자산\xa0\xa0\n184,470,022,877\xa0\n167,521,885,149\n157,297,276,528\nㆍ매도가능금융자산\n-\n2,465,025,047\n2,464,020,122\nㆍ당기손익-공정가치측정금융자산\n1,218,198,390\xa0\nㆍ기타포괄손익-공정가치측정금융자산\n365,431,064\xa0\nㆍ순확정급여자산\n-\n7,353,053,942\n5,851,871,708\nㆍ유형자산\n781,012,733,072\xa0\n712,397,814,104\n669,403,179,590\nㆍ무형자산\n160,292,435,000\xa0\n183,920,093,694\n182,993,861,968\nㆍ투자부동산\n24,456,283,276\xa0\n33,136,139,974\n33,593,899,415\nㆍ이연법인세자산\n5,245,805,461\n477,892,931\n1,522,261,736\n자산총계\n2,378,903,077,059\n2,158,873,074,812\n1,967,707,893,346\n[유동부채]\n1,234,310,147,963\n1,124,750,166,848\n735,390,765,837\n[비유동부채]\n56,894,696,679\n51,866,378,423\n48,973,368,952\n부채총계\n1,291,204,844,642\n1,176,616,545,271\n784,364,134,789\n[지배기업 소유주지분]\n1,088,075,741,812\n982,204,321,431\n1,182,815,030,247\nㆍ납입자본\n40,662,398,000\xa0\n40,662,398,000\n40,662,398,000\nㆍ주식발행초과금\n97,773,449,148\xa0\n97,773,449,148\n97,773,449,148\nㆍ이익잉여금\n966,816,786,565\xa0\n963,027,305,560\n1,179,735,672,647\nㆍ기타자본\n(17,176,891,901)\n(119,258,831,277)\n(135,356,489,548)\n[비지배지분]\n(377,509,395)\n52,208,110\n528,728,310\n자본총계\n1,087,698,232,417\n982,256,529,541\n1,183,343,758,557\n2018.01.01~2018.12.31\n2017.01.01~2017.12.31\n2016.01.01~2016.12.31\n매출액\n2,707,315,204,077\xa0\n2,516,772,498,930\n2,376,328,167,259\n영업이익\n519,827,214,801\n472,748,950,692\n338,797,453,029\n당기순이익\n349,811,489,109\n325,607,409,036\n243,311,232,107\n지배기업의 소유주순이익\n350,241,206,614\n326,083,929,236\n243,647,116,218\n비지배지분순손익\n(429,717,505)\n(476,520,200)\n(335,884,111)\n기본주당순이익\n4,854\xa0\n4,484\n3,280\n연결에 포함된 회사수\n7개\n7개\n7개\n2. 요약 재무정보\n(1) 본 보고서 작성기준일에 해당하는 제30기, 제29기, 제28기 재무제표는 한국채택국제회계기준(K-IFRS) 작성기준에 따라 작성된 것입니다.(2) 제30기, 제29기, 제28기 재무정보는 외부감사인의 감사(검토)를 받은 재무제표입니다.\xa0 \xa0 \xa0 \xa0 \xa0 \xa0 \xa0 \xa0 \xa0 \xa0 \xa0 \xa0 \xa0 \xa0 \xa0 \xa0 \xa0 \xa0 \xa0 \xa0 \xa0 \xa0 \xa0 \xa0 \xa0 \xa0 \xa0 \xa0 \xa0 \xa0 \xa0 \xa0 \xa0 \xa0 \xa0 \xa0 \xa0 \xa0 \xa0 \xa0 \xa0 \xa0 \xa0 \xa0 \xa0 \xa0 \xa0 \xa0 \xa0 \xa0 \xa0 \xa0\xa0 (단위 : 원)\n구 분\n제 30기\n제 29기\n제 28기\n(2018년 12월말)\n(2017년 12월말)\n(2016년 12월말)\n[유동자산]\n897,525,210,730\n774,275,232,408\n777,532,092,161\nㆍ현금및현금성자산\n40,120,551,699\xa0\n76,964,752,778\n41,122,380,818\nㆍ매출채권\n508,456,451,973\xa0\n413,060,944,522\n444,779,024,989\nㆍ금융리스채권\n98,532,099,073\xa0\n60,030,919,073\n33,338,985,763\nㆍ기타단기금융자산\n14,632,143,183\xa0\n16,721,947,783\n60,668,010,104\nㆍ기타유동자산\n173,349,029,005\xa0\n162,914,912,075\n151,169,015,090\nㆍ재고자산\n54,212,838,540\xa0\n44,581,756,177\n46,454,675,397\nㆍ매각예정자산\n8,222,097,257\n[비유동자산]\n1,434,355,333,003\xa0\n1,376,110,259,237\n1,195,117,524,564\nㆍ장기매출채권\n28,401,949,423\xa0\n36,497,327,105\n23,612,266,326\nㆍ장기금융리스채권\n243,142,574,195\xa0\n169,862,438,005\n104,994,759,658\nㆍ기타장기금융자산\n53,364,964,164\xa0\n52,262,937,624\n50,419,041,224\nㆍ기타비유동자산\n141,477,425,573\xa0\n142,722,778,510\n150,847,809,765\nㆍ매도가능금융자산\n-\xa0\n1,238,208,489\n1,238,201,489\nㆍ당기손익-공정가치측정금융자산\n5,300,000\xa0\nㆍ기타포괄손익-공정가치측정금융자산\n337,541,734\xa0\nㆍ순확정급여자산\n-\xa0\n7,422,424,350\n7,299,751,301\nㆍ종속기업투자\n165,076,519,606\xa0\n180,763,519,606\n84,458,480,018\nㆍ유형자산\n635,191,266,827\xa0\n603,007,123,884\n590,903,564,847\nㆍ무형자산\n142,901,508,205\xa0\n149,197,361,690\n147,749,750,521\nㆍ투자부동산\n24,456,283,276\xa0\n33,136,139,974\n33,593,899,415\n자산총계\n2,331,880,543,733\xa0\n2,150,385,491,645\n1,972,649,616,725\n[유동부채]\n1,150,693,666,202\n1,063,053,207,141\n682,260,522,505\n[비유동부채]\n52,154,010,352\n44,204,594,268\n42,262,970,584\n부채총계\n1,202,847,676,554\n1,107,257,801,409\n724,523,493,089\n[납입자본]\n40,662,398,000\xa0\n40,662,398,000\n40,662,398,000\n[주식발행초과금]\n97,773,449,148\xa0\n97,773,449,148\n97,773,449,148\n[이익잉여금]\n998,995,251,032\xa0\n1,013,406,333,531\n1,233,995,233,337\n[기타자본]\n(8,398,231,001)\n(108,714,490,443)\n(124,304,956,849)\n자본총계\n1,129,032,867,179\xa0\n1,043,127,690,236\n1,248,126,123,636\n종속ㆍ관계ㆍ공동기업투자주식의 평가방법\n원가법\n원가법\n원가법\n2018.01.01~2018.12.31\n2017.01.01~2017.12.31\n2016.01.01~2016.12.31\n매출액\n2,395,498,525,541\n2,320,503,713,876\n2,204,534,229,177\n영업이익\n477,215,964,201\n478,410,722,869\n368,691,257,196\n당기순이익\n332,277,588,726\n322,405,382,018\n275,454,109,550\n주당손익\n\u3000기본주당순이익\n4,605\xa0\n4,433\n3,708\n\u3000희석주당순이익\n4,593\xa0\n4,349\n3,686\n2. 연결재무제표\n연결 재무상태표\n제 30 기\xa0 \xa0 \xa0 \xa0 \xa0 2018.12.31 현재\n제 29 기\xa0 \xa0 \xa0 \xa0 \xa0 2017.12.31 현재\n제 28 기\xa0 \xa0 \xa0 \xa0 \xa0 2016.12.31 현재\n(단위 : 원)\n\u3000\n제 30 기\n제 29 기\n제 28 기\n자산\n\u3000\n\u3000\n\u3000\n\u3000유동자산\n843,718,066,082\n791,471,166,861\n733,134,075,994\n\u3000\u3000현금및현금성자산\n69,353,967,482\n110,298,033,482\n66,306,978,853\n\u3000\u3000매출채권\n301,799,501,321\n314,571,050,598\n292,776,988,529\n\u3000\u3000금융리스채권\n106,740,631,742\n60,030,919,073\n33,338,985,763\n\u3000\u3000기타단기금융자산\n14,305,186,712\n16,840,899,860\n62,705,776,963\n\u3000\u3000기타유동자산\n240,341,971,050\n213,338,468,835\n206,331,822,032\n\u3000\u3000재고자산\n102,919,052,058\n74,861,005,631\n70,194,665,124\n\u3000\u3000당기법인세자산\n35,658,460\n1,530,789,382\n1,478,858,730\n\u3000\u3000매각예정자산\n8,222,097,257\n\u3000\n\u3000\n\u3000비유동자산\n1,535,185,010,977\n1,367,401,907,951\n1,234,573,817,352\n\u3000\u3000장기매출채권\n28,401,949,423\n36,497,327,105\n23,612,266,326\n\u3000\u3000장기금융리스채권\n293,507,930,785\n169,862,438,005\n104,994,759,658\n\u3000\u3000기타장기금융자산\n56,214,221,629\n53,770,238,000\n52,840,420,301\n\u3000\u3000기타비유동자산\n184,470,022,877\n167,521,885,149\n157,297,276,528\n\u3000\u3000매도가능금융자산\n\u3000\n2,465,025,047\n2,464,020,122\n\u3000\u3000당기손익-공정가치측정금융자산\n1,218,198,390\n0\n\u3000\n\u3000\u3000기타포괄손익-공정가치측정금융자산\n365,431,064\n0\n\u3000\n\u3000\u3000유형자산\n781,012,733,072\n712,397,814,104\n669,403,179,590\n\u3000\u3000무형자산\n160,292,435,000\n183,920,093,694\n182,993,861,968\n\u3000\u3000투자부동산\n24,456,283,276\n33,136,139,974\n33,593,899,415\n\u3000\u3000순확정급여자산\n\u3000\n7,353,053,942\n5,851,871,708\n\u3000\u3000이연법인세자산\n5,245,805,461\n477,892,931\n1,522,261,736\n\u3000자산총계\n2,378,903,077,059\n2,158,873,074,812\n1,967,707,893,346\n부채\n\u3000\n\u3000\n\u3000\n\u3000유동부채\n1,234,310,147,963\n1,124,750,166,848\n735,390,765,837\n\u3000\u3000매입채무\n62,483,455,345\n54,187,945,950\n58,724,468,626\n\u3000\u3000기타단기금융부채\n189,043,248,063\n196,387,097,171\n181,218,578,877\n\u3000\u3000기타유동부채\n118,877,087,416\n102,109,904,700\n87,817,269,128\n\u3000\u3000단기차입금\n731,112,000,000\n670,000,000,000\n340,000,000,000\n\u3000\u3000유동성장기차입금\n536,000,000\n0\n\u3000\n\u3000\u3000당기법인세부채\n73,247,259,989\n62,311,427,327\n47,867,955,165\n\u3000\u3000충당부채 및 환불부채\n59,011,097,150\n39,753,791,700\n19,762,494,041\n\u3000비유동부채\n56,894,696,679\n51,866,378,423\n48,973,368,952\n\u3000\u3000기타장기금융부채\n1,609,547,985\n2,068,602,932\n2,664,966,182\n\u3000\u3000기타비유동부채\n34,567,000,308\n24,433,326,210\n24,561,839,617\n\u3000\u3000장기차입금\n9,985,000,000\n12,303,000,000\n11,812,000,000\n\u3000\u3000순확정급여부채\n8,404,847,680\n1,334,678,191\n0\n\u3000\u3000충당부채\n2,328,300,706\n1,731,867,941\n1,968,932,684\n\u3000\u3000이연법인세부채\n\u3000\n9,994,903,149\n7,965,630,469\n\u3000부채총계\n1,291,204,844,642\n1,176,616,545,271\n784,364,134,789\n자본\n\u3000\n\u3000\n\u3000\n\u3000지배기업의 소유주 지분\n1,088,075,741,812\n982,204,321,431\n1,182,815,030,247\n\u3000\u3000납입자본\n40,662,398,000\n40,662,398,000\n40,662,398,000\n\u3000\u3000주식발행초과금\n97,773,449,148\n97,773,449,148\n97,773,449,148\n\u3000\u3000이익잉여금\n966,816,786,565\n963,027,305,560\n1,179,735,672,647\n\u3000\u3000기타자본항목\n(17,176,891,901)\n(119,258,831,277)\n(135,356,489,548)\n\u3000비지배지분\n(377,509,395)\n52,208,110\n528,728,310\n\u3000자본총계\n1,087,698,232,417\n982,256,529,541\n1,183,343,758,557\n부채와 자본 총계\n2,378,903,077,059\n2,158,873,074,812\n1,967,707,893,346\n연결 포괄손익계산서\n제 30 기 2018.01.01 부터 2018.12.31 까지\n제 29 기 2017.01.01 부터 2017.12.31 까지\n제 28 기 2016.01.01 부터 2016.12.31 까지\n(단위 : 원)\n\u3000\n제 30 기\n제 29 기\n제 28 기\n매출액\n2,707,315,204,077\n2,516,772,498,930\n2,376,328,167,259\n매출원가\n878,256,396,789\n798,486,300,322\n812,176,526,166\n매출총이익\n1,829,058,807,288\n1,718,286,198,608\n1,564,151,641,093\n판매비와관리비\n1,309,231,592,487\n1,245,537,247,916\n1,225,354,188,064\n영업이익(손실)\n519,827,214,801\n472,748,950,692\n338,797,453,029\n기타수익\n23,461,552,800\n27,760,922,985\n28,737,581,966\n기타비용\n58,173,262,609\n49,282,233,491\n38,890,265,528\n금융수익\n1,232,780,295\n984,897,197\n1,212,324,916\n금융비용\n17,781,224,022\n12,336,806,182\n6,103,169,863\n법인세비용차감전순이익(손실)\n468,567,061,265\n439,875,731,201\n323,753,924,520\n법인세비용\n118,755,572,156\n114,268,322,165\n80,442,692,413\n당기순이익(손실)\n349,811,489,109\n325,607,409,036\n243,311,232,107\n당기순이익(손실)의 귀속\n\u3000\n\u3000\n\u3000\n\u3000지배기업의 소유주순이익(손실)\n350,241,206,614\n326,083,929,236\n243,647,116,218\n\u3000비지배지분순손실\n(429,717,505)\n(476,520,200)\n(335,884,111)\n기타포괄손익\n(5,881,245,884)\n6,898,792,742\n(804,069,601)\n\u3000당기손익으로 재분류될 수 있는 항목(세후기타포괄손익)\n1,797,075,491\n507,191,865\n(564,571,588)\n\u3000\u3000해외사업환산손익\n\u3000\n10,528,381\n20,867,176\n\u3000\u3000매도가능금융자산평가이익\n1,797,075,491\n496,663,484\n(585,438,764)\n\u3000후속적으로 당기손익으로 재분류되지 않는 항목\n(7,678,321,375)\n6,391,600,877\n(239,498,013)\n\u3000\u3000순확정급여부채의 재측정요소\n(7,678,321,375)\n6,391,600,877\n(239,498,013)\n당기총포괄손익(손실)\n343,930,243,225\n332,506,201,778\n242,507,162,506\n당기총포괄손익의 귀속\n\u3000\n\u3000\n\u3000\n\u3000지배기업의 소유주포괄이익(손실)\n344,359,960,730\n332,982,721,978\n242,843,046,617\n\u3000비지배지분 포괄손실\n(429,717,505)\n(476,520,200)\n(335,884,111)\n주당이익\n\u3000\n\u3000\n\u3000\n\u3000기본주당이익(손실) (단위 : 원)\n4,854\n4,484\n3,280\n\u3000희석주당이익(손실) (단위 : 원)\n4,841\n4,398\n3,261\n연결 자본변동표\n제 30 기 2018.01.01 부터 2018.12.31 까지\n제 29 기 2017.01.01 부터 2017.12.31 까지\n제 28 기 2016.01.01 부터 2016.12.31 까지\n(단위 : 원)\n\u3000\n자본\n지배기업 소유주 지분\n비지배지분\n자본\xa0 합계\n납입자본\n주식발행초과금\n이익잉여금\n기타자본\n지배기업 소유주 지분 합계\n2016.01.01 (기초자본(이전보고금액))\n40,662,398,000\n97,773,449,148\n1,177,049,753,285\n(78,122,382,059)\n1,237,363,218,374\n864,612,421\n1,238,227,830,795\n회계정책의 변경\n\u3000\n\u3000\n\u3000\n\u3000\n\u3000\n\u3000\n\u3000\n기초자본(재작성금액)\n40,662,398,000\n97,773,449,148\n1,177,049,753,285\n(78,122,382,059)\n1,237,363,218,374\n864,612,421\n1,238,227,830,795\n당기순이익(손실)\n\u3000\n\u3000\n243,647,116,218\n\u3000\n243,647,116,218\n(335,884,111)\n243,311,232,107\n매도가능금융자산평가이익\n\u3000\n\u3000\n\u3000\n20,867,176\n20,867,176\n\u3000\n20,867,176\n순확정급여부채의 재측정요소\n\u3000\n\u3000\n(239,498,013)\n\u3000\n(239,498,013)\n\u3000\n(239,498,013)\n해외사업환손손익\n\u3000\n\u3000\n\u3000\n(585,438,764)\n(585,438,764)\n\u3000\n(585,438,764)\n총포괄손익\n\u3000\n\u3000\n243,407,618,205\n(564,571,588)\n242,843,046,617\n(335,884,111)\n242,507,162,506\n연차배당 및 중간배당\n\u3000\n\u3000\n(208,032,045,200)\n\u3000\n(208,032,045,200)\n\u3000\n(208,032,045,200)\n주식선택권\n\u3000\n\u3000\n\u3000\n3,126,475,699\n3,126,475,699\n\u3000\n3,126,475,699\n자기주식\n\u3000\n\u3000\n(32,689,653,643)\n(59,109,878,660)\n(91,799,532,303)\n\u3000\n(91,799,532,303)\n기타자본거래\n\u3000\n\u3000\n\u3000\n(686,132,940)\n(686,132,940)\n\u3000\n(686,132,940)\n소유주와의 거래 총액\n\u3000\n\u3000\n(240,721,698,843)\n(56,669,535,901)\n(297,391,234,744)\n\u3000\n(297,391,234,744)\n2016.12.31 (기말자본)\n40,662,398,000\n97,773,449,148\n1,179,735,672,647\n(135,356,489,548)\n1,182,815,030,247\n528,728,310\n1,183,343,758,557\n2017.01.01 (기초자본(이전보고금액))\n40,662,398,000\n97,773,449,148\n1,179,735,672,647\n(135,356,489,548)\n1,182,815,030,247\n528,728,310\n1,183,343,758,557\n회계정책의 변경\n\u3000\n\u3000\n\u3000\n\u3000\n\u3000\n\u3000\n\u3000\n기초자본(재작성금액)\n40,662,398,000\n97,773,449,148\n1,179,735,672,647\n(135,356,489,548)\n1,182,815,030,247\n528,728,310\n1,183,343,758,557\n당기순이익(손실)\n\u3000\n\u3000\n326,083,929,236\n\u3000\n326,083,929,236\n(476,520,200)\n325,607,409,036\n매도가능금융자산평가이익\n\u3000\n\u3000\n\u3000\n10,528,381\n10,528,381\n\u3000\n10,528,381\n순확정급여부채의 재측정요소\n\u3000\n\u3000\n6,391,600,877\n\u3000\n6,391,600,877\n\u3000\n6,391,600,877\n해외사업환손손익\n\u3000\n\u3000\n\u3000\n496,663,484\n496,663,484\n\u3000\n496,663,484\n총포괄손익\n\u3000\n\u3000\n332,475,530,113\n507,191,865\n332,982,721,978\n(476,520,200)\n332,506,201,778\n연차배당 및 중간배당\n\u3000\n\u3000\n(409,214,507,200)\n\u3000\n(409,214,507,200)\n\u3000\n(409,214,507,200)\n주식선택권\n\u3000\n\u3000\n\u3000\n(547,485,229)\n(547,485,229)\n\u3000\n(547,485,229)\n자기주식\n\u3000\n\u3000\n(139,969,390,000)\n16,137,951,635\n(123,831,438,365)\n\u3000\n(123,831,438,365)\n기타자본거래\n\u3000\n\u3000\n\u3000\n\u3000\n\u3000\n\u3000\n\u3000\n소유주와의 거래 총액\n\u3000\n\u3000\n(549,183,897,200)\n15,590,466,406\n(533,593,430,794)\n\u3000\n(533,593,430,794)\n2017.12.31 (기말자본)\n40,662,398,000\n97,773,449,148\n963,027,305,560\n(119,258,831,277)\n982,204,321,431\n52,208,110\n982,256,529,541\n2018.01.01 (기초자본(이전보고금액))\n40,662,398,000\n97,773,449,148\n963,027,305,560\n(119,258,831,277)\n982,204,321,431\n52,208,110\n982,256,529,541\n회계정책의 변경\n\u3000\n\u3000\n(7,802,284,034)\n(702,652,014)\n(8,504,936,048)\n\u3000\n(8,504,936,048)\n기초자본(재작성금액)\n40,662,398,000\n97,773,449,148\n955,225,021,526\n(119,961,483,291)\n973,699,385,383\n52,208,110\n973,751,593,493\n당기순이익(손실)\n\u3000\n\u3000\n350,241,206,614\n\u3000\n350,241,206,614\n(429,717,505)\n349,811,489,109\n매도가능금융자산평가이익\n\u3000\n\u3000\n(7,678,321,375)\n\u3000\n(7,678,321,375)\n\u3000\n(7,678,321,375)\n순확정급여부채의 재측정요소\n\u3000\n\u3000\n\u3000\n\u3000\n\u3000\n\u3000\n\u3000\n해외사업환손손익\n\u3000\n\u3000\n\u3000\n1,797,075,491\n1,797,075,491\n\u3000\n1,797,075,491\n총포괄손익\n\u3000\n\u3000\n342,562,885,239\n1,797,075,491\n344,359,960,730\n(429,717,505)\n343,930,243,225\n연차배당 및 중간배당\n\u3000\n\u3000\n(230,886,664,000)\n\u3000\n(230,886,664,000)\n\u3000\n(230,886,664,000)\n주식선택권\n\u3000\n\u3000\n\u3000\n(2,355,083,923)\n(2,355,083,923)\n\u3000\n(2,355,083,923)\n자기주식\n\u3000\n\u3000\n(100,084,456,200)\n103,342,599,822\n3,258,143,622\n\u3000\n3,258,143,622\n기타자본거래\n\u3000\n\u3000\n\u3000\n\u3000\n\u3000\n\u3000\n\u3000\n소유주와의 거래 총액\n\u3000\n\u3000\n(330,971,120,200)\n100,987,515,899\n(229,983,604,301)\n\u3000\n(229,983,604,301)\n2018.12.31 (기말자본)\n40,662,398,000\n97,773,449,148\n966,816,786,565\n(17,176,891,901)\n1,088,075,741,812\n(377,509,395)\n1,087,698,232,417\n연결 현금흐름표\n제 30 기 2018.01.01 부터 2018.12.31 까지\n제 29 기 2017.01.01 부터 2017.12.31 까지\n제 28 기 2016.01.01 부터 2016.12.31 까지\n(단위 : 원)\n\u3000\n제 30 기\n제 29 기\n제 28 기\n영업활동현금흐름\n539,129,777,646\n553,585,083,431\n357,544,315,166\n\u3000당기순이익(손실)\n349,811,489,109\n325,607,409,036\n243,311,232,107\n\u3000조정\n541,446,990,584\n476,065,988,945\n466,500,506,539\n\u3000영업활동으로인한자산ㆍ부채의변동\n(236,542,697,749)\n(148,493,956,875)\n(232,344,178,749)\n\u3000배당금 수취\n8,740,000\n7,390,000\n1,990,000\n\u3000법인세 납부\n(115,594,744,298)\n(99,601,747,675)\n(119,925,234,731)\n투자활동현금흐름\n(393,514,165,282)\n(289,677,467,354)\n(367,497,963,106)\n\u3000기타단기금융자산의 증가\n\u3000\n(100,046,425,484)\n(42,001,384,300)\n\u3000기타단기금융자산의 감소\n2,816,410\n142,020,905,280\n152,445,207\n\u3000기타장기금융자산의 증가\n(8,438,881,050)\n(8,696,259,407)\n(15,468,331,673)\n\u3000기타장기금융자산의 감소\n7,307,466,177\n7,632,536,280\n14,573,047,970\n\u3000매도가능금융자산의 감소\n\u3000\n12,500,000\n0\n\u3000유형자산의 취득\n(400,268,039,164)\n(336,799,127,271)\n(328,200,851,195)\n\u3000유형자산의 처분\n12,735,055,229\n13,595,055,523\n15,258,005,425\n\u3000무형자산의 취득\n(6,353,993,714)\n(8,779,308,953)\n(13,501,228,980)\n\u3000무형자산의 처분\n\u3000\n405,149,481\n480,000,000\n\u3000이자수취\n1,501,410,830\n977,507,197\n1,210,334,440\n재무활동현금흐름\n(186,778,624,295)\n(218,284,527,064)\n(39,978,987,059)\n\u3000단기차입금의 순증가\n60,000,000,000\n330,000,000,000\n259,959,281,133\n\u3000장기차입금의 순증가\n(670,000,000)\n491,000,000\n3,861,000,000\n\u3000배당금의 지급\n(230,886,664,000)\n(409,214,507,200)\n(208,032,045,200)\n\u3000자기주식의 취득\n\u3000\n(142,055,230,500)\n(97,998,615,700)\n\u3000주식선택권행사\n2,727,420,000\n14,829,108,000\n4,718,014,400\n\u3000정부보조금의 수취\n\u3000\n\u3000\n4,706,184,000\n\u3000이자 지급\n(17,949,380,295)\n(12,334,897,364)\n(7,192,805,692)\n현금및현금성자산의 증가(감소)\n(41,163,011,931)\n45,623,089,013\n(49,932,634,999)\n기초현금및현금성자산\n110,298,033,482\n66,306,978,853\n116,307,900,077\n현금및현금성자산에 대한 환율변동효과\n218,945,931\n(1,632,034,384)\n(68,286,225)\n기말현금및현금성자산\n69,353,967,482\n110,298,033,482\n66,306,978,853\n3. 연결재무제표 주석\n제 30 기\xa0 2018년 1월 1일부터 2018년 12월 31일까지\n제 29 기\xa0 2017년 1월 1일부터 2017년 12월 31일까지\n코웨이주식회사와 그 종속기업\n1.\xa0회사의 개요\n\xa0코웨이주식회사(이하 ""지배기업"")와 Coway (M) Sdn Bhd.등 6개 종속기업(이하 ""종속기업"")의 일반사항은 다음과 같습니다.1.1 지배기업의 개요\n지배기업은 1989년 대한민국에서 설립되어 2001년 대한민국의 한국거래소에 상장하였으며, 정수기 및 가정용기기, 정수 및 폐기물처리설비 등의 제조, 판매를 주된 영업으로 하고 있습니다. 2012년 12월 14일자로 상호를 웅진코웨이주식회사에서 코웨이주식회사로 변경하였습니다.지배기업의 본점 소재지는 충청남도 공주시이며, 당기 보고기간종료일 현재 지배기업의 최대주주는 코웨이홀딩스㈜(지분율 : 22.17%)입니다.\n1.2 종속기업의 현황\n보고기간종료일 현재 연결대상 종속기업의 현황은 다음과 같습니다.\n회사명\n소유지분율\n소재지\n결산월\n업\xa0 종\n당기말\n전기말\nCoway China Co., Ltd.\n100%\n100%\n중\xa0 국\n12월\n공기청정기 등 판매\nCoway (Thailand) Company Limited.\n〃\n〃\n태\xa0 국\n〃\n정수기 등 판매 및 렌탈\nCoway (M) Sdn Bhd.\n〃\n〃\n말레이시아\n〃\n〃\nCoway USA Inc.\n〃\n〃\n미\xa0 국\n〃\n〃\n코웨이엔텍㈜\n〃\n〃\n한\xa0 국\n〃\n수처리기기 등 산업설비 제조\n포천맑은물㈜\n70%\n70%\n〃\n〃\n포천시 장자산단 공업용수공급 건설 및 운용\n1.3 종속기업 관련 재무정보 요약\n당기 및 전기 연결대상 종속기업의 요약재무정보는 다음과 같습니다.<당기>\xa0 \xa0 \xa0 \xa0 \xa0 \xa0 \xa0 \xa0 \xa0 \xa0 \xa0 \xa0 \xa0 \xa0 \xa0 \xa0 \xa0 \xa0 \xa0 \xa0 \xa0 \xa0 \xa0 \xa0 \xa0 \xa0 \xa0 \xa0 \xa0 \xa0 \xa0 \xa0 \xa0 \xa0 \xa0 \xa0 \xa0 \xa0 \xa0 \xa0 \xa0 \xa0 \xa0 \xa0 \xa0 \xa0 \xa0 \xa0 \xa0 \xa0 \xa0 (단위 : 천원)\n회사명\n자\xa0 산\n부\xa0 채\n자\xa0 본\n매출액\n당기손익\n총포괄손익\nCoway USA Inc.\n60,056,582\xa0\n58,170,897\xa0\n1,885,685\xa0\n80,521,385\xa0\n2,917,413\xa0\n2,917,322\xa0\nCoway (Thailand) Company Limited.\n21,049,828\xa0\n35,151,015\xa0\n(14,101,187)\n13,096,625\xa0\n(1,493,556)\n(2,086,395)\nCoway (M) Sdn Bhd.\n420,259,711\xa0\n252,593,425\xa0\n167,666,286\xa0\n353,417,968\xa0\n37,651,197\xa0\n39,974,812\xa0\nCoway China Co., Ltd.\n4,821,122\xa0\n10,295,629\xa0\n(5,474,507)\n4,321,328\xa0\n(2,276,816)\n(2,210,426)\n코웨이엔텍㈜\n39,063,435\xa0\n11,681,636\xa0\n27,381,799\xa0\n70,481,961\xa0\n(5,009,466)\n(4,842,582)\n포천맑은물㈜\n12,835,740\xa0\n14,093,428\xa0\n(1,257,688)\n1,055,717\xa0\n(1,431,621)\n(1,431,621)\n<전기>\xa0 \xa0 \xa0 \xa0 \xa0 \xa0 \xa0 \xa0 \xa0 \xa0 \xa0 \xa0 \xa0 \xa0 \xa0 \xa0 \xa0 \xa0 \xa0 \xa0 \xa0 \xa0 \xa0 \xa0 \xa0 \xa0 \xa0 \xa0 \xa0 \xa0 \xa0 \xa0 \xa0 \xa0 \xa0 \xa0 \xa0 \xa0 \xa0 \xa0 \xa0 \xa0 \xa0 \xa0 \xa0 \xa0 \xa0 \xa0 \xa0 \xa0 \xa0 (단위 : 천원)\n회사명\n자\xa0 산\n부\xa0 채\n자\xa0 본\n매출액\n당기손익\n총포괄손익\nCoway USA Inc.\n46,996,314\xa0\n48,036,682\xa0\n(1,040,368)\n65,047,603\xa0\n306,347\xa0\n460,514\xa0\nCoway (Thailand) Company Limited.\n16,203,165\xa0\n28,217,957\xa0\n(12,014,792)\n12,363,159\xa0\n1,717,563\xa0\n2,048,250\xa0\nCoway (M) Sdn Bhd.\n250,559,664\xa0\n122,868,190\xa0\n127,691,474\xa0\n207,477,523\xa0\n19,445,569\xa0\n19,349,108\xa0\nCoway China Co., Ltd.\n10,418,161\xa0\n13,682,242\xa0\n(3,264,081)\n6,367,653\xa0\n(2,407,878)\n(2,299,606)\n코웨이엔텍㈜\n47,420,112\xa0\n15,227,127\xa0\n32,192,985\xa0\n45,752,516\xa0\n(1,530,112)\n(1,317,598)\n포천맑은물㈜\n14,145,126\xa0\n13,971,192\xa0\n173,934\xa0\n667,706\xa0\n(1,587,499)\n(1,587,499)\n2.\xa0재무제표 작성기준 및 중요한 회계정책2.1 재무제표 작성기준 지배기업 및 종속기업(이하 ""연결기업"")의 연결재무제표는 \'주식회사 등의 외부감사에 관한 법률\'에 따라 제정된 한국채택국제회계기준에 따라 작성되었습니다.연결재무제표는 금융상품 등 아래 회계정책에서 별도로 언급하고 있는 사항을 제외하고는 역사적원가를 기준으로 작성되었습니다.\xa0\n2.2 연결기준\n연결재무제표는 매 회계연도 12월 31일 현재 지배기업 및 종속기업의 재무제표로 구성되어 있습니다. 지배력은 피투자자에 대한 관여로 변동이익에 노출되거나 변동이익에 대한 권리가 있고 피투자자에 대하여 자신의 힘으로 그러한 이익에 영향을 미치는 능력이 있을 때 획득됩니다. 구체적으로 연결기업이 다음을 모두 갖는 경우에만 피투자자를 지배합니다.\n\xa0- 피투자자에 대한 힘(즉 피투자자의 관련활동을 지시하는 현재의 능력을 갖게 하\xa0 \xa0 \xa0\xa0 는 현존 권리)\n\xa0- 피투자자에 대한 관여로 인한 변동이익에 대한 노출 또는 권리\n\xa0- 투자자의 이익금액에 영향을 미치기 위하여 피투자자에 대하여 자신의 힘을 사용\xa0 \xa0\xa0 하는 능력\n\xa0\n피투자자의 의결권의 과반수 미만을 보유하고 있는 경우 연결기업은 피투자자에 대한 힘을 갖고 있는지를 평가할 때 다음을 포함한 모든 사실과 상황을 고려하고 있습니다. \n\xa0- 투자자와 다른 의결권 보유자간의 계약상 약정\n\xa0- 그 밖의 계약상 약정에서 발생하는 권리\xa0\n\xa0- 연결기업의 의결권 및 잠재적 의결권\n\xa0\n연결기업은 지배력의 세 가지 요소 중 하나 이상에 변화가 있음을 나타내는 사실과 상황이 있는 경우 피투자자를 지배하는지 재평가합니다. 종속기업에 대한 연결은 연결기업이 종속기업에 대한 지배력을 획득하는 시점부터 지배력을 상실하기 전까지 이루어집니다. 기중 취득하거나 처분한 종속기업의 자산, 부채, 수익 및 비용은 연결기업이 지배력을 획득한 날부터 연결기업이 종속기업을 더 이상 지배하지 않게 된 날까지 연결포괄손익계산서에 포함하고 있습니다.\xa0\n\xa0\n당기순손익과 기타포괄손익의 각 구성요소는 비지배지분이 부(-)의 잔액이 되더라도지배기업의 소유주와 비지배지분에 귀속시키고 있습니다. 필요한 경우 종속기업의 회계정책을 연결기업과 일치시키기 위하여 종속기업의 재무제표를 수정하여 사용하고 있습니다. 연결기업간의 거래로 인해 발생한 모든 연결기업의 자산, 부채, 자본, 수익, 비용 및 현금흐름은 전액 제거하고 있습니다.\n\xa0\n지배력을 상실하지 않는 종속기업에 대한 지배기업의 소유지분 변동은 자본거래로 회계처리하고 있습니다.지배기업이 종속기업에 대한 지배력을 상실한 경우 지배력을 상실한 날에 종속기업의 자산(영업권 포함), 부채, 비지배지분 및 자본의 기타 항목을 제거하고 그에 따른 손익을 당기손익으로 인식하고 있습니다. 이전의 종속기업에 대한 잔여 투자는 공정가치로 인식하고 있습니다.\n2.3 중요한 회계정책2.3.1 현금 및 현금성자산연결재무상태표상의 현금 및 현금성자산은 보통예금과 소액현금 및 취득당시 만기가3개월 이내인 단기성 예금으로 구성되어 있습니다.\xa0\n2.3.2 금융상품: 최초인식과 후속측정금융상품은 거래당사자 어느 한쪽에게는 금융자산이 생기게 하고 거래상대방에게 금융부채나 지분상품이 생기게 하는 모든 계약입니다.\n\xa0\n(1) 금융자산\n\xa0\n1) 최초 인식과 측정\n금융자산은 최초 인식 시점에 후속적으로 상각후원가로 측정되는 금융자산, 기타포괄손익-공정가치 측정 금융자산, 그리고 당기손익-공정가치 측정 금융자산으로 분류됩니다.\n\xa0\n최초 인식 시점에 금융자산의 분류는 금융자산의 계약상 현금흐름 특성과 금융자산을 관리하기 위한 연결기업의 사업모형에 따라 달라집니다. 유의적인 금융요소가 포함되지 않거나 실무적 간편법을 적용하는 매출채권을 제외하고는, 연결기업은 금융자산을 최초에 공정가치로 측정하며, 당기손익-공정가치로 측정하는 금융자산의 경우가 아니라면 거래원가를 가감합니다. 유의적인 금융요소가 포함되지 않거나 실무적 간편법을 적용하는 매출채권은 기업회계기준서 제1115호에 따라 결정된 거래가격으로 측정합니다. 주석 2.4의 회계정책을 참조합니다.\n\xa0\n금융자산을 상각후원가 또는 기타포괄손익-공정가치로 측정하기 위해서는 현금흐름이 원리금만으로 구성(SPPI)되어야 합니다. 이 평가는 SPPI 테스트라고 하며, 개별 상품 수준에서 수행됩니다.\n\xa0\n금융자산의 관리를 위한 연결기업의 사업모형은 현금흐름을 발생시키기 위해 금융자산을 관리하는 방법과 관련됩니다. 사업모형은 현금흐름의 원천이 금융자산의 계약상 현금흐름의 수취인지, 매도인지 또는 둘 다 인지를 결정합니다.\n\xa0\n시장의 합의나 규제에 의해 설정된 기간 프레임 내에서 금융자산을 이전하는 것이 요구되는 금융자산의 매입 또는 매도(정형화된 거래)는 거래일에 인식됩니다. 즉, 연결기업이 금융자산을 매입하거나 매도하기로 약정한 날을 의미합니다.\n\xa0\n2) 후속 측정\n후속 측정을 위해 금융자산은 아래 네 가지의 범주로 분류됩니다.\nㆍ상각후원가 측정 금융자산 (채무상품)\nㆍ누적 손익을 당기손익으로 재순환하는 기타포괄손익-공정가치 측정 금융자산 (채무상품)\nㆍ제거시 누적 손익을 당기손익으로 재순환하지 않는 기타포괄손익-공정가치 측정 금융자산 (지분상품)\nㆍ당기손익-공정가치 측정 금융자산\n상각후원가 측정 금융자산 (채무상품)\n이 범주는 연결기업과 가장 관련이 높습니다. 연결기업은 아래 조건을 모두 만족하는 경우에 금융자산을 상각후원가로 측정합니다.\nㆍ계약상 현금흐름을 수취하기 위해 보유하는 것이 목적인 사업모형 하에서 금융자산을 보유하고,\nㆍ금융자산의 계약 조건에 따라 특정일에 원금과 원금잔액에 대한 이자 지급만으로 구성되어 있는 현금흐름이 발생합니다.\n상각후원가 측정 금융자산은 후속적으로 유효이자율(EIR)법을 사용하여 측정되며, 손상을 인식합니다. 자산의 제거, 변경 또는 손상에서 발생하는 이익과 손실은 당기손익으로 인식됩니다.\n\xa0\n기타포괄손익-공정가치 측정 금융자산 (채무상품)\n연결기업은 아래의 조건을 모두 충족하는 채무상품을 기타포괄손익-공정가치 금융자산으로 측정합니다.\nㆍ계약상 현금흐름의 수취와 금융자산의 매도 둘 다를 통해 목적을 이루는 사업모형 하에서 금융자산을 보유하고,\nㆍ금융자산의 계약 조건에 따라 특정일에 원리금 지급만으로 구성되어 있는 현금흐름이 발생한다.\n기타포괄손익-공정가치 측정 채무상품에서, 이자수익, 외화환산손익, 그리고 손상 또는 환입은 상각후원가 측정 금융자산과 동일한 방법으로 계산되어 당기손익으로 인식됩니다. 나머지 공정가치 변동부분은 기타포괄손익으로 인식됩니다. 금융자산의 제거 시, 기타포괄손익으로 인식한 공정가치 누적 변동분은 당기손익으로 재순환됩니다.\n\xa0\n연결기업의 기타포괄손익-공정가치 측정 채무상품은 비유동자산으로 분류되는 채무상품에 포함됩니다.\n\xa0\n기타포괄손익-공정가치 측정 금융자산 (지분상품)\n최초 인식 시점에, 연결기업은 기업회계기준서 제1032호 ‘금융상품 표시’에서의 지분의 정의를 충족하고 투자 목적으로 보유하고 있지 않은 지분상품을 기타포괄손익-공정가치로 측정하도록 하는 취소 불가능한 선택을 할 수 있습니다.\n\xa0\n이러한 금융자산에서 발생하는 손익은 당기손익으로 재순환되지 않습니다. 배당이 금융자산의 원가 중 일부를 회수하는 경우를 나타내지 않는다면 그러한 배당은 받을 권리가 확정되었을 때 손익계산서에 기타수익으로 인식됩니다. 배당이 금융자산의 원가 중 일부를 회수하는 경우에 해당한다면 그러한 배당은 기타포괄손익으로 처리됩니다. 기타포괄손익-공정가치 측정 지분상품은 손상을 인식하지 않습니다.\n\xa0\n연결기업은 비상장지분상품에 대해서도 취소불가능한 선택을 할 수 있습니다.\n\xa0\n당기손익-공정가치 측정 금융자산\n당기손익-공정가치 측정 금융자산은 단기매매항목, 최초 인식 시에 당기손익-공정가치로 측정하도록 지정된 금융자산 또는 공정가치로 측정하도록 요구되는 금융자산을 포함합니다. 단기간 내에 매도하거나 재구매할 목적으로 취득한 금융자산은 단기매매항목으로 분류됩니다. 분리된 내재파생상품을 포함한 파생상품은 효과적인 위험회피수단으로 지정되지 않았다면 단기매매항목으로 분류됩니다. 현금흐름이 원리금 지급만으로 구성되지 않은 금융자산은 사업모형에 관계없이 당기손익-공정가치 측정 금융자산으로 분류 및 측정됩니다. 상기 문단에서 서술된 것과 같이 채무상품이 상각후원가 또는 기타포괄손익-공정가치 측정 금융자산으로 분류됨에도 불구하고 회계 불일치를 제거하거나 유의적으로 감소시킬 수 있습니다면 채무상품을 당기손익-공정가치로 측정하도록 지정할 수 있습니다.\n\xa0\n당기손익-공정가치 측정 금융자산은 연결재무상태표에 공정가치로 표시되며, 공정가치의 순변동은 손익계산서에서 당기손익으로 인식됩니다.\n\xa0\n이 범주는 파생상품과 공정가치의 변동을 기타포괄손익으로 처리하는 취소불가능한 선택을 하지않은 상장 지분 상품을 포함합니다. 상장 지분 상품에 대한 배당은 권리가 확정된 시점에 당기손익으로 인식합니다.\n\xa0\n복합계약에 내재된 파생상품은 경제적인 특성과 위험이 주계약에 밀접하게 관련되지 않고, 내재파생상품과 동일한 조건인 별도의 상품이 파생상품의 정의를 충족하며, 복합계약이 당기손익-공정가치로 측정되지 않는다면 주계약으로부터 분리하여 별도의 파생상품으로 회계처리합니다. 내재파생상품은 공정가치로 측정하고 공정가치의 변동을 당기손익으로 인식합니다. 현금흐름을 유의적으로 변경시키는 계약 조건의 변경이 있거나 당기손익-공정가치 측정 범주에 해당하지 않게 되는 경우에만 재평가가 발생합니다.\n\xa0\n주계약이 금융자산인 복합계약에서 내재파생상품은 분리하여 회계처리하지 않습니다. 주계약인 금융자산과 내재파생상품은 상품 전체를 당기손익-공정가치 측정 금융자산으로 분류합니다.\n\xa0\n3) 금융상품의\xa0제거\n금융자산 (또는, 금융자산의 일부 또는 비슷한 금융자산의 집합의 일부)는 다음과 같은 상황에서 우선적으로 제거됩니다.\nㆍ금융자산의 현금흐름을 수취할 권리가 소멸되거나\nㆍ연결기업이 금융자산의 현금흐름을 수취할 권리를 양도하거나 양도(pass-through) 계약에 따라 수취한 현금흐름 전체를 중요한 지체 없이 제3자에게 지급할 의무가 있다. 이 경우에 연결기업은 금융자산의 보유에 따른 위험과 보상의 대부분을 이전하거나 금융자산의 보유에 따른 위험과 보상의 대부분을 이전하지도 보유하지도 않으나 자산에 대한 통제를 이전한다.\n연결기업이 금융자산의 현금흐름을 수취할 권리를 이전하거나 양도(pass-through) 계약을 체결할 때, 자산을 소유함에 따른 위험과 보상을 유지하는지를 평가합니다. 연결기업이 금융자산의 위험과 보상의 대부분을 보유하지도 이전하지도 않았다면, 해당 금융자산에 지속적으로 관여하는 정도까지 그 금융자산을 계속 인식합니다. 이 경우에, 연결기업이 관련된 부채를 인식합니다. 양도된 자산과 관련된 부채는 연결기업이 보유한 권리와 의무를 반영하여 측정합니다.\n\xa0\n보증을 제공하는 형태인 지속적 관여는, 양도된 자산의 장부금액과 수취한 대가 중 상환을 요구받을 수 있는 최대 금액 중 낮은 금액으로 측정됩니다.\n\xa0\n4)\xa0금융자산의 손상\n금융자산의 손상과 관련된 자세한 공시 사항은 아래 주석에 제공됩니다.\nㆍ유의적인 가정에 대한 공시\nㆍ기타포괄손익-공정가치로 측정되는 채무상품\nㆍ계약 자산을 포함한 매출채권\n연결기업은 당기손익-공정가치 항목을 제외한 모든 채무상품에 대하여 기대신용손실(ECL)에 대한 충당금을 인식합니다. 기대신용손실은 계약상 수취하기로 한 현금흐름과 연결기업이 수취할 것으로 예상하는 모든 현금흐름의 차이를 최초의 유효이자율로 할인하여 추정합니다. 예상되는 현금흐름은 보유한 담보를 처분하거나 계약의 필수 조건인 그 밖의 신용 보강으로부터 발생하는 현금흐름을 포함합니다.\n\xa0\n기대신용손실은 두 개의 stage로 인식합니다. 최초 인식 이후 신용위험의 유의적인 증가가 없는 신용 익스포저에 대하여, 기대신용손실은 향후 12개월 내에 발생할 가능성이 있는 채무불이행 사건으로부터 발생하는 신용손실(12개월 기대신용손실)을 반영합니다. 최초 인식 이후 신용위험의 유의적인 증가가 있는 신용 익스포저에 대하여, 손실충당금은 채무불이행 사건이 발생하는 시기와 무관하게 익스포저의 남은 존속기간에 대한 기대신용손실(전체기간 기대신용손실)을 측정하도록 요구됩니다.\n\xa0\n매출채권과 계약자산에 대하여, 연결기업은 기대신용손실 계산에 간편법을 적용할 수 있습니다. 따라서, 연결기업은 신용위험의 변동을 추적하지 않는 대신에, 각 결산일에 전체기간 기대신용손실에 해당하는 금액으로 손실충당금을 인식합니다. 연결기업은 특정 채무자에 대한 미래전망정보와 경제적 환경을 반영하여 조정된 과거 신용손실 경험에 근거하여 충당금 설정률표를 설정합니다.\n\xa0\n기타포괄손익-공정가치 측정 채무상품에 대하여, 연결기업은 낮은 신용위험 간편법을 적용합니다. 매 결산일에, 연결기업은 과도한 원가나 노력 없이 이용할 수 있는 합리적이고 뒷받침될 수 있는 모든 정보를 사용하여 채무상품이 낮은 신용위험을 가지고 있다고 고려되는지를 평가합니다. 이러한 평가를 위해서, 연결기업은 채무상품의 내부 신용 등급을 재평가합니다. 또한, 연결기업은 계약상의 지급이 30일을 초과하였을 때 신용위험의 유의적인 증가가 있는지를 고려합니다.\n\xa0\n연결기업의 기타포괄손익-공정가치 측정 채무상품이 최상위 투자등급에 해당하는 상장 채권만으로 구성되어 있다면 낮은 신용 위험 투자자산으로 평가됩니다. 연결기업의 정책은 이러한 상품을 12개월 기대신용손실로 측정하는 것입니다. 그러나, 최초 인식 이후에 신용위험의 유의적인 증가가 있다면 손실충당금은 전체기간 기대신용손실에 근거하여 산출됩니다. 연결기업은 채무상품의 신용위험이 유의적으로 증가했는지를 결정하고 기대신용손실을 측정하기 위해 신용평가기관의 등급을 사용합니다.\n\xa0\n연결기업은 계약상 지급이 90일을 초과하여 연체되는 경우에 채무불이행이 발생한 것으로 봅니다. 그러나, 특정 상황에서, 연결기업은 내부 또는 외부 정보가 연결기업에 의한 모든 신용보강을 고려하기 전에는 연결기업이 계약상의 원금 전체를 수취하지 못할 것을 나타내는 경우에 금융자산에 채무불이행 사건이 발생했다고 볼 수 있습니다. 금융자산은 계약상 현금흐름을 회수하는 데에 합리적인 기대가 없을 때 제거됩니다.\n\xa0\n(2) 금융부채\n\xa0\n최초 인식과 측정\n금융부채는 최초 인식 시점에 당기손익-공정가치 측정 금융부채, 대출과 차입, 미지급금 또는 효과적인 위험회피 수단으로 지정된 파생상품으로 적절하게 분류됩니다.\n\xa0\n모든 금융부채는 최초에 공정가치로 인식되고, 대여금, 차입금 및 미지급금의 경우에는 직접 관련된 거래원가를 차감합니다.\n\xa0\n연결기업의 금융부채는 매입부채와 기타 미지급금, 당좌차월을 포함한 대여 및 차입과 파생상품부채를 포함합니다.\n\xa0\n후속 측정\n금융부채의 측정은 아래에서 언급된 분류에 따릅니다.\n\xa0\n당기손익-공정가치 측정 금융부채\n당기손익-공정가치 측정 금융부채는 단기매매금융부채와 최초 인식 시점에 당기손익-공정가치로 측정하도록 지정된 금융부채를 포함합니다.\n\xa0\n금융부채가 단기간 내에 재매입되는 경우에는 단기매매항목으로 분류됩니다. 이 범주는 또한 기업회계기준서 제1109호에서 정의된 위험회피관계에 있는 위험회피수단으로 지정되지 않은 파생상품을 포함합니다. 또한 분리된 내재파생상품은 위험회피에 효과적인 수단으로 지정되지 않았다면 단기매매항목으로 분류됩니다.\n\xa0\n단기매매항목인 금융부채에서 발생하는 손익은 당기손익으로 인식됩니다.\n\xa0\n당기손익-공정가치 항목으로 지정된 금융부채는 기업회계기준서 제1109호의 기준을 충족하는 경우에 최초 인식 시점에만 지정됩니다. 연결기업은 어떤 금융부채도 당기손익-공정가치 항목으로 지정하지 않았습니다.\n\xa0\n대여금 및 차입금\n이 범주는 연결기업과 관련이 높습니다. 최초 인식 이후에, 이자부 대여금과 차입금은 후속적으로 유효이자율법을 사용하여 상각후원가로 측정됩니다. 부채가 제거되거나 유효이자율 상각 절차에 따라 발생하는 손익은 당기손익으로 인식됩니다.\n\xa0\n상각후원가는 유효이자율의 필수적인 부분인 수수료나 원가에 대한 할인이나 할증액을 고려하여 계산됩니다.\n\xa0\n이 범주는 일반적으로 이자부 대여나 차입에 적용합니다. 더 자세한 정보는 주석 15, 16에 언급되어 있습니다.\n\xa0\n제거\n금융부채는 지급 의무의 이행, 취소, 또는 만료된 경우에 제거됩니다. 기존 금융부채가 대여자는 동일하지만 조건이 실질적으로 다른 금융부채에 의해 교환되거나, 기존 부채의 조건이 실질적으로 변경된 경우에, 이러한 교환이나 변경은 최초의 부채를 제거하고 새로운 부채를 인식하게 합니다. 각 장부금액의 차이는 당기손익으로 인식합니다.\n\xa0\n(3) 금융상품의 상계\n금융자산과 금융부채는 인식한 자산과 부채에 대해 법적으로 집행 가능한 상계 권리를 현재 가지고 있거나, 차액으로 결제하거나 자산을 실현하는 동시에 부채를 결제할의도가 있는 경우에 재무상태표에서 상계하여 순액으로 표시됩니다.\n\xa0\n\xa0\n2.3.3 파생금융상품과 위험회피회계\n\xa0\n최초 인식 및 후속 측정\n연결기업은 외화위험, 이자율위험, 상품 가격 위험을 회피하기 위하여 통화선도계약,이자율스왑, 상품선도계약과 같은 파생금융상품을 이용합니다. 이러한 파생금융상품은 파생계약이 체결된 시점인 최초 인식일에 공정가치로 인식되고 후속적으로 공정가치로 재측정됩니다. 파생상품은 공정가치가 0보다 클 때 금융자산으로 인식되며, 공정가치가 0보다 작을 때는 금융부채로 인식됩니다.\n\xa0\n위험회피회계의 목적에 따라 위험회피는 다음과 같이 분류됩니다.\nㆍ인식한 자산이나 부채 또는 미인식된 확정계약의 공정가치 변동에 대한 위험을 회피하는 공정가치위험회피\nㆍ인식된 자산이나 부채에 대한 특정위험에 기인하는 현금흐름의 변동, 발생가능성이 매우 높은 예상거래의 현금흐름 변동 또는 미인식된 확정계약의 외화위험에 대한 위험을 회피하는 현금흐름위험회피\nㆍ해외사업장순투자의 위험회피\n위험회피관계의 개시 시점에 연결기업은 위험회피회계를 적용하고자 하는 위험회피관계와 위험관리목적 및 위험회피전략을 공식적으로 지정하고 문서화합니다.\n\xa0\n2018년 1월 1일 이전에, 문서화는 위험회피수단, 위험회피대상항목, 회피대상위험의성격 및 회피대상위험으로 인한 위험회피대상항목의 공정가치나 현금흐름의 변동위험을 위험회피수단이 상쇄하는 효과를 평가하는 방법 등을 포함하였습니다. 이 위험회피는 회피대상위험으로 인한 공정가치나 현금흐름의 변동을 상쇄하는 데 있어 높은 위험회피효과가 있을 것으로 기대되며, 위험회피효과를 위험회피기간에 계속적으로 평가하며 위험회피로 지정된 재무보고기간 전체에 걸쳐 실제로 높은 위험회피효과가 있었는지 결정하였습니다.\n\xa0\n2018년 1월 1일부터 문서화는 위험회피수단, 위험회피대상항목, 회피대상위험의 특성 및 위험회피관계가 위험회피효과에 대한 규정을 충족하는지를 평가하는 방법(위험회피에 비효과적인 부분의 원인 분석과 위험회피비율을 결정하는 방법을 포함)을 포함합니다. 위험회피관계는 다음의 위험회피효과에 대한 규정을 모두 충족합니다.\nㆍ위험회피대상항목과 위험회피수단 사이에 \'경제적 관계\'가 있다.\nㆍ신용위험의 효과가 위험회피대상항목과 위험회피수단의 경제적 관계에서 생긴 ‘가치 변동의 대부분’을 차지하지 않는다.\nㆍ위험회피관계의 위험회피비율은 기업이 실제로 위험을 회피하는 위험회피대상항목의 수량과 위험회피대상항목의 수량의 위험을 회피하기 위해 연결기업이 실제 사용하는 위험회피수단의 수량의 비율과 같다.\n위험회피회계의 기준을 모두 충족하는 위험회피는 다음과 같이 회계처리됩니다.\n\xa0\n\xa0\n공정가치위험회피\n위험회피수단의 공정가치 변동은 당기손익으로 인식합니다. 회피대상위험에 기인한 위험회피대상항목의 공정가치변동은 위험회피대상항목의 장부금액에 포함되며 당기손익으로 인식합니다.\n\xa0\n상각후원가로 측정하는 항목에 대한 공정가치위험회피에서 장부금액 조정액은 위험회피가 존속하는 기간에 걸쳐 유효이자율법을 적용하여 상각됩니다. 유효이자율 상각은 조정액이 생긴 직후에 시작할 수 있으며, 늦어도 위험회피 손익에 대한 위험회피대상항목의 조정을 중단하기 전에는 시작해야 합니다.\n\xa0\n위험회피대상항목이 제거된 경우에 상각되지 않은 공정가치는 즉시 제거하고 당기손익으로 인식합니다.\n\xa0\n미인식된 확정계약이 위험회피대상항목으로 지정되었다면, 회피대상 위험에 기인한 확정계약의 공정가치 누적 변동분을 자산이나 부채로 인식하고, 이에 상응하는 손익은 당기손익으로 인식합니다.\n\xa0\n현금흐름위험회피\n위험회피수단에서 발생한 손익의 효과적인 부분은 현금흐름위험회피적립금 범위 내에서 기타포괄손익으로 인식하며, 비효과적인 부분은 즉시 당기손익으로 인식합니다. 현금흐름위험회피적립금은 위험회피수단의 손익 누계액과 위험회피대상항목의 공정가치 변동 누계액 중 적은 금액으로 조정됩니다.\n\xa0\n연결기업은 미래의 예상거래나 확정계약의 외화위험 익스포저에 대한 통화선도계약과 상품 가격의 변동성에 대한 상품선도계약을 통해 위험회피할 수 있습니다. 통화선도계약과 관련된 비효과적인 부분은 기타비용으로 인식되며, 상품선도계약과 관련된 비효과적인 부분은 기타영업수익 또는 기타영업비용으로 인식됩니다.\xa0\n\xa0\n2018년 1월 1일 이전에, 연결기업은 모든 선도계약을 위험회피수단으로 지정했습니다. 파생상품의 공정가치변동에서 발생하는 모든 손익은 현금흐름위험회피에 효과적인 부분을 제외하고는 즉시 당기손익으로 처리되었으며, 현금흐름위험회피에 효과적인 부분은 기타포괄손익으로 인식되고 위험회피대상항목이 당기손익에 영향을 미치는 때에 당기손익으로 재분류되었습니다.\n\xa0\n2018년 1월 1일부터 연결기업은 선도계약의 특정 요소를 위험회피수단으로 지정하였습니다. 선도요소는 기타포괄손익으로 인식되며 현금흐름위험회피적립금으로서 별도 자본 항목으로 인식됩니다.\n\xa0\n기타포괄손익에 누적된 금액(현금흐름위험회피적립금)은 위험회피거래의 특성에 따라 회계처리됩니다. 위험회피대상 거래가 후속적으로 비금융항목을 인식하게 된다면, 현금흐름위험회피적립금은 제거되고 관련된 자산이나 부채의 최초 인식 금액에 포함합니다. 이것은 재분류조정이 아니며, 기타포괄손익에 영향을 미치지 않습니다. 이것은 비금융자산 또는 비금융부채에 대한 위험회피대상 거래가 후속적으로 공정가치위험회피 회계를 적용하는 확정계약이 되는 경우에도 적용됩니다.\n\xa0\n현금흐름위험회피에서 현금흐름위험회피적립금은 위험회피대상 현금흐름이 당기손익에 영향을 미치는 기간에 당기손익으로 재분류조정됩니다.\n\xa0\n만약 현금흐름위험회피회계가 중단된 경우에, 위험회피대상 예상현금흐름이 여전히 발생할 것으로 예상된다면 현금흐름위험회피적립금은 기타포괄손익에 남겨 둡니다. 그렇지 않다면, 현금흐름위험회피적립금은 재분류조정으로 즉시 당기손익 처리됩니다. 중단 이후에 위험회피대상 예상현금흐름이 발생한다면 현금흐름위험회피적립금은 위에서 설명된 것과 같이 기초 거래의 특성에 따라 회계처리되어야 합니다.\n\xa0\n해외사업장순투자의위험회피\n해외사업장순투자의 위험회피는 순투자의 일부분으로 회계처리되는 화폐성항목에 대한 위험회피를 포함하며, 현금흐름위험회피와 유사한 방법으로 회계처리됩니다. 위험회피수단에서 발생하는 손익 중 위험회피에 효과적인 부분은 기타포괄손익으로 인식되며, 비효과적인 부분은 당기손익으로 인식됩니다. 해외사업장의 제거 시, 자본으로 인식된 누적 손익은 당기손익으로 이전됩니다.\n2.3.4 재고자산연결기업은 재고자산을 취득원가와 순실현가능가치 중 낮은 금액으로 평가하고 있습니다. 한편 재고자산별 취득원가는 매입원가, 전환원가 및 재고자산을 현재의 장소에현재의 상태로 이르게 하는 데 발생한 기타원가를 포함하고 있습니다. 재고자산의 단위원가는 가중평균법으로 결정하고 있습니다. 한편, 순실현가능가치는 정상적인 영업과정의 예상 판매가격에서 예상되는 추가 완성원가와 판매비용을 차감한 금액으로산정하고 있습니다.2.3.5 유형자산\n건설중인자산은 취득원가에서 손상차손누계액을 차감한 잔액으로, 유형자산은 취득원가에서 감가상각누계액과 손상차손누계액을 차감한 잔액으로 표시하고 있으며 이러한 원가에는 자산의 인식요건을 충족한 대체원가 및 장기건설 프로젝트의 차입원가를 포함하고 있습니다. 유형자산의 주요 부분이 주기적으로 교체될 필요가 있는 경우 연결기업은 그 부분을 개별자산으로 인식하고 해당 내용연수 동안 감가상각하고 있습니다. 또한 종합검사원가와 같이 자산의 인식요건을 충족하는 경우에는 유형자산의 장부금액에 포함되어 있으며, 모든 수선 및 유지비용은 발생시점에 당기손익에 반영하고 있습니다. 유형자산의 경제적 사용이 종료된 후에 원상회복을 위하여 자산을 제거, 해체하거나, 부지를 복원하는데 소요될 것으로 추정되는 비용이 충당부채의 인식요건을 충족하는 경우 그 지출의 현재가치를 유형자산의 취득원가에 포함하고 있습니다. 고객으로부터 이전받은 유형자산은 최초측정시 통제를 획득한 날의 공정가치로 측정하고 있습니다.\n연결기업은 유형자산에 대하여 아래의 추정내용연수에 따라 정액법으로 감가상각하고 있습니다.\n과\xa0 \xa0 \xa0 \xa0\xa0 목\n추정 내용연수\xa0\n과\xa0 \xa0 \xa0 \xa0\xa0 목\n추정 내용연수\xa0\n건\xa0 \xa0 \xa0 \xa0\xa0 물\n14 ~ 40 년\n공 구 기 구\n5 년\n구\xa0\xa0 축\xa0\xa0 물\n7 ~ 19 년\n비\xa0 \xa0 \xa0 \xa0\xa0 품\n5 ~ 19 년\n기 계 장 치\n5 ~ 10 년\n기타유형자산\n3, 5 년\n차량운반구\n5 ~ 8 년\n렌 탈 자 산\n3, 5 년\n유형자산은 처분하는 때(즉, 취득자가 해당 자산을 통제하게 되는 날)\xa0 또는 사용이나처분을 통하여 미래경제적효익이 기대되지 않을 때 제거합니다. 유형자산의 제거로 인하여 발생하는 손익은 순매각금액과 장부금액의 차이로 결정되며, 자산을 제거할 때 당기손익으로 인식합니다. 연결기업은 매 회계연도말에 유형자산의 잔존가치, 내용연수 및 감가상각방법의 적정성을 검토하고 변경이 필요한 경우 전진적으로 적용하고 있습니다. \n2.3.6 무형자산연결기업은 개별적으로 취득한 무형자산은 취득원가로 계상하고 사업결합으로 취득하는 무형자산은 매수시점의 공정가치로 계상하며 최초취득 이후 상각누계액과 손상차손누계액을 직접 차감하여 표시하고 있습니다. 한편, 개발비를 제외한 내부적으로 창출된 무형자산은 발생시점에 비용항목으로 하여 당기손익에 반영하고 있습니다. 무형자산은 유한한 내용연수를 가진 무형자산과 비한정 내용연수를 가진 무형자산으로 구분되는 바, 유한한 내용연수를 가진 무형자산은 해당 내용연수에 걸쳐 상각하고손상징후가 파악되는 경우 손상여부를 검토하고 있습니다. 또한, 내용연수와 상각방법은 매 회계연도말에 그 적정성을 검토하고 있으며, 예상 사용기간의 변경이나 경제적효익의 소비형태 변화 등으로 인하여 변경이 필요한 경우에는 추정의 변경으로 회계처리하고 있습니다. 무형자산상각비는 해당 무형자산의 기능과 일관된 비용항목으로 하여 당기손익에 반영하고 있습니다.\xa0\n한편, 비한정 내용연수를 가진 무형자산은 상각하지 아니하되, 매년 개별적으로 또는현금창출단위에 포함하여 손상검사를 수행하고 있습니다. 또한 매년 해당 무형자산에 대하여 비한정 내용연수를 적용하는 것이 적절한지를 검토하고 적절하지 않은 경우 전진적인 방법으로 유한한 내용연수로 변경하고 있습니다. 무형자산은 처분하는 때(즉, 취득자가 해당 자산을 통제하게 되는 날) 또는 사용이나 처분으로부터 미래경제적효익이 기대되지 않을 때 제거합니다.연결기업은 무형자산 제거시 순매각금액과 장부금액의 차이로 인한 손익은 제거시점의 당기손익에 반영하고 있습니다.\n연결기업의 무형자산 관련 회계정책을 요약하면 다음과 같습니다.\xa0\n과\xa0 \xa0\xa0 목\xa0\n추정 내용연수\xa0\n과\xa0 \xa0\xa0 목\xa0\n추정 내용연수\xa0\n산업재산권\n5, 10 년\n소프트웨어\n5 년\n기타무형자산\n5, 20 년\n2.3.7 투자부동산\n투자부동산은 관련 거래원가를 가산한 취득원가로 측정하고 있으며 발생시점에 자산의 인식요건을 충족한 대체원가를 포함하고 있습니다. 다만 일상적인 관리활동에서 발생하는 원가는 발생시점에 비용으로 인식하고 있습니다. 최초인식 이후 투자부동산은 원가에서 감가상각누계액과 손상차손누계액을 차감한 금액을 장부금액으로 표시하고 있습니다.\n\xa0감가상각비는 투자부동산의 취득원가에서 잔존가치를 차감한 잔액에 대하여 추정한 내용연수를 적용하며, 건물은 40년 동안 정액법으로 상각하고 있습니다.\n연결기업은 투자부동산을 처분(즉, 취득자가 해당 자산을 통제하게 되는 날)하거나 사용을 통하여 더 이상 미래경제적효익을 얻을수 없을 것으로 예상되는 경우 연결재무제표에서 제거하고 있으며 이로 인하여 발생되는 순처분금액과 장부금액의 차이는제거시점의 당기손익에 반영하고 있습니다.\xa0투자부동산의 제거로 인해 발생하는 손익에 포함될 대가(금액)는 기업회계기준서 제1115호의 거래가격 산정에 관한 요구사항에 따라 산정됩니다.또한 해당 자산의 사용목적이 변경된 경우에 한하여 투자부동산에서 다른 계정으로 대체하거나 다른 계정에서 투자부동산으로 대체하고 있으며 투자부동산에서 자가사용부동산(유형자산)으로 대체되는 경우에는 사용목적이 변경된 시점의 장부금액을 간주원가로 적용하고 있습니다. 또한 자가사용부동산(유형자산)이 투자부동산으로 대체되는 경우에는 사용목적이 변경된 시점까지 해당 부동산을 유형자산과 동일하게회계처리하고 있습니다.\n2.3.8 사업결합 및 영업권사업결합은 취득법을 적용하여 회계처리하고 있습니다. 취득원가는 취득일의 공정가치로 측정된 이전대가와 피취득자에 대한 비지배지분 금액의 합계로 측정하고 있습니다. 각 사업결합에 대해 취득자는 피취득자에 대한 비지배지분을 공정가치 또는 피취득자의 식별가능한 순자산 중의 비지배지분의 비례적 지분으로 측정하고 있으며 취득관련원가는 발생시 비용으로 처리하고 있습니다.\n연결기업은 취득일에 식별가능한 취득 자산과 인수 부채를 취득일에 존재하는 계약조건, 경제상황, 취득자의 영업정책이나 회계정책 그리고 그 밖의 관련조건에 기초하여 분류하거나 지정하고 있습니다. 이러한 분류는 피취득자의 주계약에서 내재파생상품을 분리하는 것을 포함합니다.\xa0\n\xa0\n취득자가 피취득자에게 조건부 대가를 제공한 경우 동 대가는 취득일의 공정가치로 측정하여 이전대가에 포함하고 있으며 자산이나 부채로 분류된 조건부 대가의 후속적인 공정가치 변동은 기업회계기준서 제1109호에 따라 당기손익이나 기타포괄손익으로 인식하고 있습니다. 또한 자본으로 분류된 조건부 대가는 재측정하지 않고 정산시 자본내에서 회계처리하고 있습니다. 조건부 대가가 기업회계기준서 제1109호의 적용범위에 해당되지 않는 경우 적절한 기업회계기준서에 따라 측정하고 있습니다.\n\xa0\n영업권은 이전대가와 비지배지분 금액 및 이전에 보유하고 있던 지분의 합계액이 식별가능한 취득 자산과 인수 부채의 순액을 초과하는 금액으로 측정하고 있습니다. 취득한 순자산의 공정가치가 이전대가 등의 합계액을 초과하는 경우 연결기업은 모든 취득 자산과 인수 부채를 정확하게 식별하였는지에 대해 재검토하고 취득일에 인식한 금액을 측정하는 데 사용한 절차를 재검토하고 있습니다. 만약 이러한 재검토 후에도 여전히 이전대가 등의 합계액이 취득한 순자산의 공정가치보다 낮다면 그 차익을 당기손익으로 인식하고 있습니다.\n\xa0\n최초 인식 후 영업권은 취득원가에서 손상차손누계액을 차감한 가액으로 계상하고 있습니다. 손상검사 목적상 사업결합으로 취득한 영업권은 사업결합으로 인한 시너지효과의 혜택을 받게 될 것으로 기대되는 각 현금창출단위나 현금창출단위집단에 취득일로부터 배분되며 이는 배분대상 현금창출단위나 현금창출단위집단에 피취득자의 다른 자산이나 부채가 할당되어 있는지와 관계없이 이루어집니다.\n영업권이 배분된 현금창출단위 내의 영업을 처분하는 경우 처분되는 영업과 관련된 영업권은 처분손익을 결정할 때 그 영업의 장부금액에 포함하며 현금창출단위 내에 존속하는 부분과 처분되는 부분의 상대적인 가치를 기준으로 측정하고 있습니다.\n2.3.9 공정가치 측정연결기업은 파생상품과 같은 금융상품을 보고기간말 현재의 공정가치로 평가하고 있습니다. 공정가치는 측정일에 시장참여자 사이의 정상거래에서 자산을 매도하면서 수취하거나 부채를 이전하면서 지급하게 될 가격입니다. 공정가치측정은 자산을 매도하거나 부채를 이전하는 거래가 다음 중 어느 하나의 시장에서 이루어지는 것으로 가정하고 있습니다. - 자산이나 부채의 주된 시장\n\xa0- 자산이나 부채의 주된 시장이 없는 경우에는 가장 유리한 시장\n연결기업은 주된 (또는 가장 유리한) 시장에 접근할 수 있어야 합니다.\xa0\n\xa0\n자산이나 부채의 공정가치는 시장참여자가 경제적으로 최선의 행동을 한다는 가정하에 시장참여자가 자산이나 부채의 가격을 결정할 때 사용하는 가정에 근거하여 측정하고 있습니다.\n비금융자산의 공정가치를 측정하는 경우에는 시장참여자가 경제적 효익을 창출하기 위하여 그 자산을 최고 최선으로 사용하거나 혹은 최고 최선으로 사용할 다른 시장참여자에게 그 자산을 매도하는 시장참여자의 능력을 고려하고 있습니다.\n연결기업은 상황에 적합하며 관련된 관측가능한 투입변수의 사용을 최대화하고 관측가능하지 않은 투입변수의 사용을 최소화하면서 공정가치를 측정하는 데 충분한 자료가 이용가능한 가치평가기법을 사용하고 있습니다.\xa0\n연결재무제표에서 공정가치로 측정되거나 공시되는 모든 자산과 부채는 공정가치 측정에 유의적인 가장 낮은 수준의 투입변수에 근거하여 다음과 같은 공정가치 서열체계로 구분됩니다.\n\xa0수준1: 동일한 자산이나 부채에 대한 접근가능한 활성시장의 (조정되지 않은) 공시\xa0 \xa0 \xa0 \xa0 \xa0 \xa0 \xa0 가격\n수준2: 공정가치측정에 유의적인 가장 낮은 수준의 투입변수가 직접적으로 또는 간\xa0 \xa0 \xa0 \xa0 \xa0 \xa0\xa0 접적으로 관측가능한 투입변수를 이용한 공정가치\n수준3: 공정가치측정에 유의적인 가장 낮은 수준의 투입변수가 관측가능하지 않은\xa0 \xa0 \xa0 \xa0 \xa0 \xa0 \xa0 투입변수를 이용한 공정가치\n연결재무제표에 반복적으로 공정가치로 측정되는 자산과 부채에 대하여 연결기업은 매 보고기간 말 공정가치측정에 유의적인 가장 낮은 수준의 투입변수에 기초한 분류에 대한 재평가를 통해 서열체계의 수준 간의 이동이 있는지 판단합니다.\xa0\n\xa0\n연결기업은 비시장성 매도가능금융자산과 같은 반복적인 공정가치측정치와 중단영업의 매각예정자산과 같은 비반복적인 공정가치측정치에 대한 정책과 절차를 결정하고 있습니다.\xa0\n매도가능금융자산과 같은 유의적인 자산과 조건부대가와 같은 유의적인 부채에 대하여는 외부 평가자가 참여합니다. 외부 평가자의 선정 기준은 시장 지식, 명성, 독립성및 윤리기준의 유지를 포함하고 있습니다. 연결기업은 외부 평가자와의 논의를 통해 각각의 상황에서 어떠한 가치평가기법과 투입변수를 사용할지 결정하고 있습니다.\xa0\n\xa0\n매 보고일에 연결기업은 회계정책에 따라 재측정 또는 재검토가 요구되는 자산과 부채의 가치 변동에 대하여 분석하고 있습니다. 이러한 분석시 가치평가 계산 정보를 계약서나 기타 관련 문서와 대사함으로써 최근의 가치평가에서 사용된 주요 투입변수를 검증하고 있습니다.\xa0\n연결기업은 외부 평가자들과 함께 각각의 자산과 부채의 공정가치 변동과 관련된 외부 원천을 비교하여 변동이 합리적인지 판단하고 있습니다.\n\xa0\n연결기업의 외부 평가자들은 가치평가 결과를 연결기업의 외부감사인에게 제시하고 있습니다. 여기에는 가치평가에 사용된 주요 가정에 대한 기술을 포함하고 있습니다.\n\xa0\n공정가치 공시 목적상 연결기업의 성격과 특성 및 위험에 근거하여 자산과 부채의 분류를 결정하고 공정가치 서열체계의 수준을 결정하고 있습니다.\n공정가치로 측정되거나 공정가치가 공시되는 금융상품과 비금융자산의 공정가치에 대한 공시는 다음의 주석에 설명되어 있습니다.\n\xa0- 평가기법, 유의적 추정치 및 가정(주석 2, 37)\n\xa0- 공정가치측정 서열체계의 양적공시(주석 2, 37) - 비상장지분투자(주석 37) - 투자부동산(주석 13) - 금융상품(상각후원가로 계상하는 상품 포함)(주석 4, 37)\n2.3.10 비금융자산의 손상\n연결기업은 매 보고기간말에 자산의 손상을 시사하는 징후가 존재하는지 검토하고 있습니다. 그러한 징후가 존재하는 경우 또는 매년 자산에 대한 손상검사가 요구되는경우 연결기업은 자산의 회수가능액을 추정하고 있습니다. 자산의 회수가능액은 자산 또는 현금창출단위의 순공정가치와 사용가치 중 큰 금액이며 개별자산별로 결정하나 해당 개별자산의 현금유입이 다른 자산이나 자산집단의 현금유입과 거의 독립적으로 창출되지 않는 경우 해당 개별자산이 속한 현금창출단위별로 결정됩니다. 자산의 장부금액이 회수가능액을 초과하는 경우 자산은 손상된 것으로 보며 자산의 장부금액을 회수가능액으로 감소시키게 됩니다.\n\xa0\n사용가치는 해당 자산의 기대 미래현금흐름의 추정치를 화폐의 시간가치와 해당 자산의 위험에 대한 시장의 평가를 반영한 세전할인율로 할인한 현재가치로 평가하고 있습니다. 순공정가치는 최근거래가격을 고려하고 있습니다. 그러한 거래가 식별되지 않는 경우 적절한 평가모델을 사용하여 결정하고 있습니다. 이러한 계산에는 평가배수, 상장주식의 시가 또는 기타 공정가치 지표를 이용하고 있습니다.\xa0\n연결기업은 개별자산이 배부된 각각의 현금흐름창출단위에 대하여 작성된 구체적인 재무예산/예측을 기초로 손상금액을 계산하고 있습니다. 재무예산/예측은 일반적으로 5년간의 기간을 다루며 더 긴 기간에 대해서는 장기성장률을 계산하여 5년 이후의 기간에 적용하고 있습니다.\xa0\n손상차손은 손상된 자산의 기능과 일관된 비용항목으로 하여 당기손익에 반영하고 있습니다. 다만 재평가모형을 적용하는 자산으로서 이전에 인식한 재평가잉여금이 있는 경우에는 이전 재평가금액을 한도로 재평가잉여금과 상계하고 있습니다.\n\xa0\n영업권을 제외한 자산에 대하여 매 보고기간말에 과거에 인식한 자산의 손상차손이 더 이상 존재하지 않거나 또는 감소하였다는 것을 시사하는 징후가 있는지 여부를 평가하며 그러한 징후가 있는 경우 회수가능액을 추정하고 있습니다. 과거에 인식한 영업권을 제외한 자산의 손상차손은 직전 손상차손의 인식시점 이후 해당 자산의 회수가능액을 결정하는데 사용된 추정치에 변화가 있는 경우에 한하여 손상차손을 인식하지 않았을 경우의 자산의 장부금액의 상각 후 잔액을 한도로 장부금액을 회수가능액으로 증가시키고 이러한 손상차손환입은 당기손익에 반영하고 있습니다. 다만 재평가모형을 적용하고 있는 자산의 경우에는 동 환입액을 재평가잉여금의 증가로 처리하고 있습니다.\n다음의 자산에 대하여는 자산손상검사에 있어 각각의 기준이 추가적으로 적용되고 있습니다.(1) 영업권연결기업은 매년 12월 31일과 손상징후가 발생하였을 때, 영업권의 손상검사를 수행하고 있습니다.영업권에 대한 손상검사는 해당 영업권과 관련된 각각의 현금창출단위 또는 현금창출단위집단의 회수가능액을 추정하는 방식으로 수행되고 있으며, 현금창출단위의 회수가능액이 장부금액에 미달하는 경우 손상차손을 인식하고 영업권에 대하여 인식한손상차손은 이후에 환입하지 않습니다.\n(2) 무형자산연결기업은 비한정 내용연수를 가진 무형자산에 대하여 매년 12월 31일과 손상징후가 발생하였을 때 개별 자산별 또는 현금창출단위별로 손상검사를 수행하고 있습니다.\n2.3.11 연금 및 퇴직급여연결기업은 확정급여제도를 운영하고 있습니다. 확정급여제도의 급여원가는 예측단위적립방식을 이용하여 각각의 제도에 대해 결정됩니다. 보험수리적손익, 순이자에 포함된 금액을 제외한 사외적립자산의 수익 및 순이자에 포함된 금액을 제외한 자산인식상한효과의 변동으로 구성된 재측정요소는 발생 즉시 기타포괄손익으로 인식하고 있으며 후속적으로 당기손익으로 재분류하지 아니하고 있습니다.\n과거근무원가는 다음 중 이른 날에 비용으로 인식하고 있습니다.\n - 제도의 개정이나 축소가 발생할 때\n\xa0- 관련되는 구조조정원가나 해고급여를 인식할 때\n순이자는 순확정급여부채(자산)에 할인율을 곱하여 결정하고 있습니다. 연결기업은 근무원가와 순확정급여부채의 순이자를 매출원가 및 판매비와관리비의 항목으로 당기손익으로 인식하고 있습니다.\xa0\n2.3.12 주식기준보상거래\n연결기업은 임직원의 근로용역에 대해 주식기준에 따른 보상을 제공하고 있는데 임직원에게 주식선택권을 부여하는 제도(주식결제형 주식기준보상거래)를 운영하고 있습니다.\n주식결제형 주식기준보상원가는 적절한 가치평가모델을 사용하여 부여일의 공정가치로 측정됩니다(주석 25참조).\xa0\n주식기준보상원가는 용역제공조건(또는 성과조건)이 충족되는 기간(이하 ""가득기간"")에 걸쳐 종업원급여로 인식하고, 그에 상응한 자본의 증가를 인식합니다. 매 보고기간말에 누적 보상원가의 측정에는 가득기간의 완료 여부와 최종적으로 부여될 지분상품의 수량에 대한 추정이 반영됩니다. 보고기간 초와 보고기간 말의 누적 보상원가의 변동분은 당기 연결포괄손익계산서에 가감됩니다.\n\xa0\n용역제공조건 및 비시장조건은 부여일 현재 주식선택권의 공정가치를 추정할 때 고려하지 아니하나 궁극적으로 가득되는 지분상품의 수량에 대한 추정 시 반영되고, 시장조건은 부여일 현재 공정가치 측정 시 반영됩니다. 주식기준보상에 부여된 다른 조건(관련 용역조건이 없는 경우)은 비가득조건으로 간주됩니다. 비가득조건은 주식기준보상원가 공정가치 측정 시 반영되며 용역제공조건 (또는 성과조건)이 없는 경우에는 즉시 비용으로 인식합니다.\xa0\n궁극적으로 가득되지 않는 주식기준보상에 대해서는 비용을 인식하지 않고 있습니 다. 다만 시장조건이나 비가득조건이 있는 주식결제형 거래로서 다른 모든 성과조건이나 서비스조건을 충족한다면 시장조건이나 비가득조건의 충족여부와 관계없이 가득된 것으로 회계처리하고 있습니다.\n\xa0\n주식결제형주식기준보상의 조건이 변경될 경우 지정된 가득조건이 충족되지 않아 지분상품이 가득되지 못하는 경우를 제외하고는 조건이 변경되지 않았을 경우에 인식하였어야 할 원가를 최소한으로 하여 인식하고 있습니다. 주식기준보상약정의 총공정가치를 증가시키거나 종업원에게 유리하게 조건을 변경하는 경우에는 추가로 조건변경의 효과를 인식하고 있습니다.\n주식결제형보상이 취소될 경우 취소일에 가득된 것으로 보고 인식되지 않은 보상원가는 즉시 인식하고 있습니다. 이 경우 기업이나 종업원의 통제하에 있는 비가득조건이 충족되지 않은 주식기준보상을 포함하고 있습니다. 그러나, 만약 새로운 보상을 부여하고 그 새 지분상품을 부여한 날에 새로운 지분상품이 취소한 지분상품을 대체하는 것으로 식별하는 경우 취소된 보상과 새로운 보상은 상기 문단에서 설명하고 있는 것처럼 기존 보상의 변경으로 보아 회계처리하고 있습니다.\xa0\n발행된 옵션의 희석효과는 희석주당이익을 계산할 때 희석주식으로 반영하고 있습니다.2.3.13 외화환산\n연결기업의 연결재무제표는 지배기업의 기능통화인 원화로 표시하고 있습니다. 다만연결기업내 개별기업은 각각의 기능통화를 결정하고 이를 통해 연결재무제표 항목을측정하고 있습니다.\n연결재무제표 작성에 있어서 기능통화 외의 통화로 이루어진 거래는 거래일의 환율을 적용하여 기록하고 있으며, 화폐성 외화자산 및 부채는 보고기간말 현재의 기능통화 환율로 환산하고 있습니다. 이에 따라 발생하는 환산차이는 당기손익에 반영하고 있습니다. 다만 해외사업장순투자위험회피를 위한 항목에서 발생하는 환산차이는 해당 순투자의 처분시점까지 자본에 직접 반영하고 처분시점에 당기손익에 반영하고 있습니다. 관련 법인세효과 역시 동일하게 자본항목으로 처리하고 있습니다.\n한편, 역사적원가로 측정하는 외화표시 비화폐성 항목은 최초 거래 발생일의 환율을,공정가치로 측정하는 외화표시 비화폐성 항목은 공정가치 측정일의 환율을 적용하여인식하고 있습니다. 비화폐성 항목의 환산에서 발생하는 손익은 해당 항목의 공정가치 변동으로 인한 손익의 인식항목과 동일하게 기타포괄손익 또는 당기손익으로 인식하고 있습니다.\n\xa0관련 자산, 비용, 수익(또는 그 일부)의 최초 인식에 적용할 환율을 결정하기 위한 거래일은 연결기업이 대가를 선지급하거나 선수취하여 비화폐성자산이나 비화폐성부채를 최초로 인식한 날입니다. 선지급이나 선수취가 여러 차례에 걸쳐 이루어지는 경우, 연결기업은 대가의 선지급이나 선수취로 인한 거래일을 각각 결정합니다.\n해외사업장의 자산ㆍ부채는 보고기간말 현재 환율을, 연결포괄손익계산서 항목은 당해연도 평균환율을 적용하여 원화로 환산하며 이러한 환산에서 발생하는 외환차이는자본의 별도 항목으로 인식하고 있습니다. 한편 이러한 자본에 인식된 외환차이의 누계액은 해외사업장의 처분시점에 당기손익에 반영하고 있습니다.\n\xa0\xa0\n해외사업장의 취득으로 발생하는 영업권과 자산ㆍ부채의 장부금액에 대한 공정가치조정액은 해외사업장의 자산ㆍ부채로 보아 마감환율로 환산하고 있습니다.\n2.3.14 유동성ㆍ비유동성 분류\xa0\n연결기업은 자산과 부채를 유동ㆍ비유동으로 연결재무상태표에 구분하여 표시하고 있습니다.\n\xa0\n자산은 다음의 경우에 유동자산으로 분류하고 있습니다.\xa0\n - 정상영업주기 내에 실현될 것으로 예상되거나, 정상영업주기 내에 판매하거나 소\xa0 \xa0\xa0 비할 의도가 있다.\xa0\n\xa0- 주로 단기매매 목적으로 보유하고 있다.\xa0\n\xa0- 보고기간 후 12개월 이내에 실현될 것으로 예상한다.\xa0\n\xa0- 현금이나 현금성자산으로서, 교환이나 부채 상환 목적으로의 사용에 대한 제한\xa0 \xa0 \xa0 \xa0 기간이 보고기간 후 12개월 이상이 아니다.\xa0\n그 밖의 모든 자산은 비유동자산으로 분류하고 있습니다.\xa0\xa0\n부채는 다음의 경우에 유동부채로 분류하고 있습니다.\xa0\n - 정상영업주기 내에 결제될 것으로 예상하고 있다.\xa0\n\xa0- 주로 단기매매 목적으로 보유하고 있다.\xa0\n\xa0- 보고기간 후 12개월 이내에 결제하기로 되어 있다.\xa0\n\xa0- 보고기간 후 12개월 이상 부채의 결제를 연기할 수 있는 무조건의 권리를 가지고\xa0 \xa0 \xa0 있지 않다.\xa0\n그 밖의 모든 부채는 비유동부채로 분류하고 있습니다.\n이연법인세자산(부채)은 비유동자산(부채)으로 분류하고 있습니다.\n2.3.15 법인세\n(1) 당기법인세당기 및 과거기간의 당기법인세부채(자산)는 보고기간말까지 제정되었거나 실질적으로 제정된 세율(및 세법)을 사용하여 과세당국에 납부할(과세당국으로부터 환급받을)것으로 예상되는 금액으로 측정하고 있습니다.\n자본에 직접 반영되는 항목과 관련된 당기 법인세는 자본에 반영되며 당기손익에 반영되지 않고 있습니다. 경영진은 주기적으로 관련 세법 규정의 해석과 관련해서 법인세 환급액에 대한 회수가능성을 평가하여 필요한 경우 충당금을 설정하고 있습니다.\n(2) 이연법인세연결기업은 자산 및 부채의 재무보고 목적상 장부금액과 세무기준액의 차이인 일시적차이에 대하여 이연법인세자산과 이연법인세부채를 인식하고 있습니다.\n연결기업은 다음의 경우를 제외하고 모든 가산할 일시적차이에 대하여 이연법인세부채를 인식하고 있습니다.\n- 영업권을 최초로 인식할 때 이연법인세부채가 발생하는 경우- 자산 또는 부채를 최초로 인식하는 거래로서 사업결합거래가 아니고, 거래 당시 회\xa0\xa0 계이익이나 과세소득에 영향을 미치지 아니하는 거래에서 이연법인세부채가 발생\xa0 \xa0 하는 경우- 종속기업, 관계기업, 조인트벤처에 대한 투자지분과 관련한 가산할 일시적차이로\xa0 \xa0\xa0 서 동 일시적차이의 소멸시점을 통제할 수 있고, 예측가능한 미래에 일시적 차이\xa0 \xa0 \xa0 가 소멸하지 않을 가능성이 높은 경우\xa0\n또한 다음의 경우를 제외하고는 차감할 일시적차이, 미사용 세액공제와 세무상결손금이 사용될 수 있는 과세소득의 발생가능성이 높은 경우 이연법인세자산을 인식하고 있습니다.- 자산 또는 부채를 최초로 인식하는 거래로서 사업결합거래가 아니고 거래 당시 회\xa0 \xa0 계이익이나 과세소득에 영향을 미치지 아니하는 거래에서 이연법인세자산이 발생\xa0 \xa0 하는 경우- 종속기업, 관계기업, 조인트벤처에 대한 투자지분과 관련한 차감할 일시적차이로\xa0 \xa0\xa0 서 동 일시적차이가 예측가능한 미래에 소멸할 가능성이 높지 않거나 동 일시적차\xa0 \xa0 이가 사용될 수 있는 과세소득이 발생할 가능성이 높지 않은 경우\n이연법인세자산의 장부금액은 매 보고기간말에 검토하며, 이연법인세자산의 일부 또는 전부에 대한 혜택이 사용되기에 충분한 과세소득이 발생할 가능성이 더 이상 높지않다면 이연법인세자산의 장부금액을 감액시키고 있습니다. 또한, 매 보고기간말마다 인식되지 않은 이연법인세자산에 대하여 재검토하여, 미래과세소득에 의해 이연법인세자산이 회수될 가능성이 높아진 범위까지 과거 인식되지 않은 이연법인세자산을 인식하고 있습니다.\n이연법인세자산 및 부채는 보고기간말까지 제정되었거나 실질적으로 제정된 세율(및세법)에 근거하여 당해 자산이 실현되거나 부채가 결제될 회계기간에 적용될 것으로 기대되는 세율을 사용하여 측정합니다.\n당기손익 이외로 인식되는 항목과 관련된 당기법인세와 이연법인세는 당기손익 이외의 항목으로 인식하고 있습니다. 이연법인세 항목은 해당 거래에 따라서 기타포괄손익으로 인식하거나 자본에 직접 반영하고 있습니다.\n사업결합의 일부로 취득한 세무상 효익이 그 시점에 별도의 인식기준을 충족하지 못하였으나 취득일에 존재하는 사실과 상황에 대한 새로운 정보의 결과 측정기간 동안 인식된 경우에는 해당 이연법인세효익을 인식하고 있습니다. 인식된 취득 이연법인세효익은 취득과 관련된 영업권의 장부금액을 감소시키는 데 적용되며 영업권의 장부금액이 영(0)인 경우에는 남아 있는 이연법인세효익을 당기손익으로 인식하고 있습니다.연결기업은 당기법인세자산과 당기법인세부채를 상계할 수 있는 법적으로 집행가능한 권리를 가지고 있고 과세대상기업이 동일한 경우 혹은 과세대상기업은 다르지만 당기법인세부채와 자산을 순액으로 결제할 의도가 있거나, 유의적인 금액의 이연법인세부채가 결제되거나 이연법인세자산이 회수될 미래의 각 회계기간마다 자산을 실현하는 동시에 부채를 결제할 의도가 있는 경우에 이연법인세자산과 이연법인세부채가 동일한 과세당국과 관련이 있는 경우에만 이연법인세자산과 이연법인세부채를 상계하여 표시하고 있습니다.2.3.16\xa0고객과의 계약에서 생기는\xa0수익\n연결기업은 정수기 및 가정용기기 등의 제조, 판매를 주된 영업으로 하고 있습니다. 고객과의 계약에서 연결기업은 재화나 용역의 통제가 고객에 이전되었을 때, 해당 재화나 용역의 대가로 받을 권리를 갖게 될 것으로 예상하는 대가를 반영하는 금액으로 수익을 인식합니다. 연결기업은 고객과의 계약에서 재화나 용역을 고객에게 제공하되기 전에 정해진 각 재화나 용역을 통제하므로 아래의 대행 서비스를 제외하고는 본인으로 결론 내렸습니다.\xa0\n\xa0\n고객과의 계약에서 생기는 수익과 관련된 유의적인 판단, 추정, 가정에 대한 공시는 주석 2.4을 참조바랍니다.\n재화의 판매\n재화의 판매 수익은\xa0자산에 대한 통제가\xa0고객에게 이전되는 시점인\xa0일반적으로 설비의 인도 시점에\xa0인식됩니다.\xa0일반적인 채권 회수기간은 인도 후 30일에서 90일입니다.\xa0연결기업은 계약 내의 다른 약속이 거래대가의 일부분이 배부되어야 하는 별도의수행의무인지 고려합니다(예, 보증, 고객충성포인트). 재화 판매의 거래 가격을 산정할 때, 연결기업은 변동 대가, 유의적 금융요소, 비현금대가, 고객에게 지급할 대가를고려합니다.\n\xa0\n(1) 변동대가\n계약이 변동대가를 포함한 경우에 연결기업은 고객에 약속한 재화를 이전하고 그 대가로 받을 금액을 추정합니다. 변동대가와 관련된 불확실성이 나중에 해소될 때, 이미 인식한 누적 수익 금액 중 유의적인 부분을 되돌리지(환원하지) 않을 가능성이 매우 높은 정도까지만 변동대가를 계약의 개시 시점에 추정하고 거래가격에 포함합니다. 일부 전자설비 계약은 고객에 반품권과 수량 리베이트를 제공합니다. 반품권과 수량 리베이트는 변동대가에 해당합니다.\n(2) 유의적인 금융요소\n일반적으로 연결기업은 고객으로부터 단기선수금을 수령합니다. 기준서 제1115호의실무적 간편법을 적용하여, 연결기업은 계약을 개시할 때 고객에게 약속한 재화나 용역을 이전하는 시점과 고객이 그에 대한 대가를 지급하는 시점 간의 기간이 1년 이내일 것이라고 예상된다면 약속한 대가(금액)에 유의적인 금융요소의 영향을 반영하지 않습니다.\n계약 잔액\n\xa0\n(1) 계약자산\n계약자산은 고객에게 이전한 재화나 용역에 대하여 그 대가를 받을 권리입니다. 고객이 대가를 지급하기 전이나 지급기일 전에 연결기업이 고객에게 재화나 용역을 이전하는 경우 그 대가를 받을 기업의 권리로 그 권리에 시간의 경과 외의 조건이 있는 자산은 계약자산입니다.\xa0\n\xa0\n(2) 매출채권\n수취채권은 무조건적인 연결기업의 권리를 나타냅니다. 왜냐하면 시간만 경과하면 대가를 지급받을 수 있기 때문입니다. 금융자산 관련 회계정책은 주석 2.3.2 부분을 참조합니다.\n\xa0\n(3) 계약부채\n계약부채는 연결기업이 고객에게서 이미 받은 대가(또는 지급기일이 된 대가)에 상응하여 고객에게 재화나 용역을 이전하여야 하는 기업의 의무입니다. 만약 연결기업이 재화나 용역을 고객에 이전하기 전에 고객이 대가를 지불한다면, 지급이 되었거나 지급기일 중 이른 시점에 계약부채를 인식합니다. 계약부채는 연결기업이 계약에 따라 수행의무를 이행할 때 수익으로 인식합니다.\n반품권에서 생기는 자산과 부채\n\xa0\n(1) 반환제품회수권\n반환제품회수권은 고객이 제품을 반품할 것으로 예상되는 제품을 회수할 연결기업의권리입니다. 자산은 재고자산의 기존 장부금액에서 제품의 회수에 예상되는 원가와 반품된 제품의 가치의 잠재적인 감소를 차감하여 측정합니다. 연결기업은 반품 예상량의 변동과 반품될 제품에 대한 추가적인 가치 감소 예상을 반영하여 자산의 측정치를 갱신합니다.\n\xa0\n(2) 환불부채\n환불부채는 고객으로부터 수령하였거나 수령할 대가의 일부 또는 전부를 반환할 의무입니다. 연결기업이 최종적으로 고객에 환불해야할 것으로 기대하는 금액으로 측정합니다. 연결기업은 환불부채의 추정과 그에 따른 거래가격의 변동을 매 회계기간말에 갱신합니다. 변동대가에 대해 위 회계정책을 참조합니다.\n\xa02.3.17 리스계약리스는 리스제공자가 자산의 사용권을 일정기간 리스이용자에게 이전하고 리스이용자는 그 대가로 사용료를 리스제공자에게 지급하는 계약입니다. 리스약정일에 리스자산의 소유에 따른 위험과 보상의 대부분을 이전하는 리스는 금융리스로 분류하고, 금융리스 이외의 모든 리스는 운용리스로 분류하고 있습니다. 운용리스에서 리스료수익은 리스기간에 걸쳐 정액기준으로 인식하고 있습니다. 리스료수익의 획득과정에서 발생하는 감가상각비를 포함한 원가는 비용으로 인식하고 있습니다. 운용리스의 협상 및 계약단계에서 발생한 리스개설직접원가는 운용리스자산의 장부금액에 추가하고 리스료수익에 대응하여 리스기간 동안 비용으로 인식하고 있습니다. 운용리스자산의 감가상각정책은 리스제공자가 소유한 다른 유사자산의 일반 감가상각정책과 일관됩니다.2.3.18 정부보조금\n정부보조금은 보조금의 수취와 정부보조금에 부가된 조건의 준수에 대한 합리적인 확신이 있을 때 공정가치로 인식됩니다. 자산관련보조금은 자산의 장부금액을 계산할 때 차감하여 표시되며, 수익관련보조금은 이연하여 정부보조금의 교부 목적과 관련된 비용에서 차감하여 표시됩니다.\n2.3.19 차입원가의도된 용도로 사용하거나 판매가능한 상태에 이르게 하는 데 상당한 기간을 필요로 하는 자산의 취득, 건설 또는 생산과 직접 관련된 차입원가는 당해 자산 원가의 일부로 자본화하고 있습니다. 기타 차입원가는 발생시 비용으로 계상하고 있습니다. 차입원가는 이자금의 차입과 관련되어 발생된 이자와 기타 원가로 구성되어 있습니다.\n2.3.20 자기주식연결기업은 자기주식을 자본에서 차감하여 회계처리하고 있습니다. 자기주식의 취 득, 매각, 발행 또는 취소에 따른 손익은 연결포괄손익계산서에 반영하지 않으며 장부금액과 처분대가의 차이는 기타자본항목으로 회계처리하고 있습니다.\n2.3.21 충당부채연결기업은 과거사건의 결과로 현재의무(법적의무 또는 의제의무)가 존재하고 당해 의무를 이행하기 위하여 경제적효익을 갖는 자원이 유출될 가능성이 높으며 당해 의무의 이행에 소요되는 금액을 신뢰성 있게 추정할 수 있는 경우에 충당부채를 인식하고 있습니다. 충당부채를 결제하기 위하여 필요한 지출액의 일부 또는 전부를 제3자가 변제할 것이 예상되는 경우 연결기업이 의무를 이행한다면 변제를 받을 것이 거의확실하게 되는 때에 한하여 변제금액을 인식하고 별도의 자산으로 회계처리하고 있습니다. 충당부채와 관련하여 연결포괄손익계산서에 인식되는 비용은 제3자의 변제와 관련하여 인식한 금액과 상계하여 표시하고 있습니다.\n(1) 판매보증충당부채연결기업은 판매한 제품과 상품에 대한 품질보증, 교환환불, 하자보수 및 그에 따른 사후서비스 등으로 인하여 향후 부담할 것으로 예상되는 비용을 보증기간(12개월) 및 과거 경험률 등을 기초로 추정하여 충당부채로 설정하고 있습니다. (2) 하자보수충당부채공사종료 후에 하자보수 의무가 있는 경우 과거 경험률 등을 바탕으로 추정된 금액을하자보수비로 하여 공사가 종료되는 회계연도의 공사원가에 포함하고 동액을 하자보수충당부채로 계상하고 있습니다.\n2.3.22 현금배당연결기업은 배당을 지급하기 위해 분배가 승인되고 더 이상 기업에게 재량이 없는 시점에부채를 인식하고 있습니다. 주주에 대한 분배는 주주에 의한 승인을 필요로 합니다. 대응되는 금액은 자본에 직접 반영하고 있습니다\n2.4 제ㆍ개정된 기준서의 적용연결기업은 당기부터 시행되는 다음 기업회계기준서의 제ㆍ개정내용을 최초로 적용하였습니다. 제ㆍ개정된 기준서의 내용 및 영향은 다음과 같습니다.\n(1) 기업회계기준서 제1115호 \'고객과의 계약에서 생기는 수익\' (제정)기업회계기준서 제1115호는 기업회계기준서 제1011호 \'건설계약\', 기업회계기준서 제1018호 \'수익\' 및 관련 해석서를 대체하며, 해당 계약들이 다른 기준서의 적용범위에 해당하지 않는다면 고객과의 계약에서 발생하는 모든 수익에 대하여 적용됩니다. 새로운 기준서는 고객과의 계약에서 생기는 수익을 회계처리하기 위해 5단계법을 확립하였습니다. 기업회계기준서 제1115호에서는 재화나 용역을 고객에게 이전하는 것과 교환하여 기업이 권리를 갖게 될 것으로 예상되는 대가를 반영한 금액을 수익으로 인식합니다.이 기준서는 연결기업이 고객과의 계약에 5단계법을 적용함에 있어 관련된 모든 사실과 정황을 고려하여 판단할 것을 요구합니다. 또한 이 기준서는 계약을 체결하기 위해 들인 원가와 계약을 이행할 때 드는 원가에 대한 회계처리를 구체적으로 명시하였습니다.연결기업은 2018년 1월 1일을 최초적용일로 하여 기업회계기준서 제1115호 \'고객과의 계약에서 생기는 수익\'을 적용하였습니다. 연결기업은 누적효과 일괄조정법을 사용하여 기준서 제1115호를 적용하였으며, 기준서 제1115호의 최초 적용 누적효과를 2018년 1월 1일 기초 자본에서 조정하였습니다. 그러므로 비교표시 기간의 정보는 재작성되지 않았으며, 기준서 제1011호 \'건설계약\'과 기준서 제1018호 \'수익\' 및 관련 해석서에 따라 작성되었습니다. 유의적인 변경과 이에 따른 금액적 영향은 아래와같습니다.\n2018년 1월 1일 연결자본변동표에 미치는 영향\n\xa0 \xa0 \xa0 \xa0 \xa0 \xa0 \xa0 \xa0 \xa0 \xa0 \xa0 \xa0 \xa0 \xa0 \xa0 \xa0 \xa0 \xa0 \xa0 \xa0 \xa0 \xa0 \xa0 \xa0 \xa0 \xa0 \xa0 \xa0 \xa0 \xa0 \xa0 \xa0 \xa0 \xa0 \xa0 \xa0 \xa0 \xa0 \xa0 \xa0 \xa0 \xa0 \xa0 \xa0 \xa0 \xa0 \xa0 \xa0 \xa0 \xa0 (단위 : 천원)\n구\xa0 분\n조정사항\n기준서 제1115호 채택 전 금액\n조\xa0 정\n보고금액\n자본\n이익잉여금\n(a,b)\n963,027,306\n(4,770,712)\n958,256,594\n총자본\n982,256,530\n(4,770,712)\n977,485,818\n2018년 12월 31일 연결재무상태표에 미치는 영향:\n\xa0 \xa0 \xa0 \xa0 \xa0 \xa0 \xa0 \xa0 \xa0 \xa0 \xa0 \xa0 \xa0 \xa0 \xa0 \xa0 \xa0 \xa0 \xa0 \xa0 \xa0 \xa0 \xa0 \xa0 \xa0 \xa0 \xa0 \xa0 \xa0 \xa0 \xa0 \xa0 \xa0 \xa0 \xa0 \xa0 \xa0 \xa0 \xa0 \xa0 \xa0 \xa0 \xa0 \xa0 \xa0 \xa0 \xa0 \xa0 \xa0 \xa0 \xa0 (단위 : 천원)\n구\xa0 분\n조정사항\n기준서 제1115호채택 전 금액\n조\xa0 정\n보고금액\n자산\n\u3000\n\u3000\n\u3000\n\u3000\n기타유동자산\n240,341,971\n-\xa0 \xa0\xa0\n240,341,971\n기타비유동자산\n184,470,023\n-\xa0 \xa0\xa0\n184,470,023\n총자산\n2,378,903,077\n-\xa0 \xa0\xa0\n2,378,903,077\n\u3000\n\u3000\n\u3000\n부채\n\u3000\n\u3000\n\u3000\n기타유동부채\n(a,b)\n115,475,709\n3,401,378\n118,877,087\n충당부채(유동)\n(a,b)\n61,396,013\n(2,384,916)\n59,011,097\n기타비유동부채\n(a,b)\n23,976,121\n10,590,879\n34,567,000\n이연법인세부채\n(e)\n2,907,337\n(2,907,337)\n-\xa0 \xa0\xa0\n총부채\n\xa0\n1,282,504,841\n8,700,004\n1,291,204,845\n\u3000\n\u3000\n\u3000\n자본\n\xa0\n\u3000\n\u3000\n\u3000\n이익잉여금\n\xa0\n975,512,941\n(8,696,154)\n966,816,787\n기타자본항목\n(17,173,042)\n(3,850)\n(17,176,892)\n총자본\n(a,b,d)\n1,096,398,236\n(8,700,004)\n1,087,698,232\n2018년 12월 31일 연결포괄손익계산서(12개월)에 미치는 영향:\n\xa0 \xa0 \xa0 \xa0 \xa0 \xa0 \xa0 \xa0 \xa0 \xa0 \xa0 \xa0 \xa0 \xa0 \xa0 \xa0 \xa0 \xa0 \xa0 \xa0 \xa0 \xa0 \xa0 \xa0 \xa0 \xa0 \xa0 \xa0 \xa0 \xa0 \xa0 \xa0 \xa0 \xa0 \xa0 \xa0 \xa0 \xa0 \xa0 \xa0 \xa0 \xa0 \xa0 \xa0 \xa0 \xa0 \xa0 \xa0 \xa0 \xa0 (단위 : 천원)\n구\xa0 분\n조정사항\n기준서 제1115호 채택 전 금액\n조\xa0 정\n보고금액\n매출액\n(a,b)\n2,712,827,325\n(5,512,121)\n2,707,315,204\n판매비와관리비\n(a)\n(1,309,506,145)\n274,553\n(1,309,231,592)\n금융비용\n(17,781,224)\n-\xa0\n(17,781,224)\n법인세비용\n(e)\n(120,067,699)\n1,312,127\n(118,755,572)\n당기순이익\n\xa0\n353,736,931\n(3,925,442)\n349,811,489\n기타포괄손익\n\xa0\n(5,877,396)\n(3,850)\n(5,881,246)\n총포괄손익\n\xa0\n347,859,535\xa0\n(3,929,292)\n343,930,243\xa0\n상기 기준서 도입으로 인하여 연결현금흐름표에 미치는 영향은 없으나, 기본주당손익 및 희석주당손익에 미치는 영향은 다음과 같습니다.\xa0\n\xa0 \xa0 \xa0 \xa0 \xa0 \xa0 \xa0 \xa0 \xa0 \xa0 \xa0 \xa0 \xa0 \xa0 \xa0 \xa0 \xa0 \xa0 \xa0 \xa0 \xa0 \xa0 \xa0 \xa0 \xa0 \xa0 \xa0 \xa0 \xa0 \xa0 \xa0 \xa0 \xa0 \xa0 \xa0 \xa0 \xa0 \xa0 \xa0 \xa0 \xa0 \xa0 \xa0 \xa0 \xa0 \xa0 \xa0 \xa0 \xa0 \xa0 \xa0 \xa0\xa0 (단위 : 원)\n구\xa0 분\n기준서 제1115호 채택 전 금액\n조\xa0 정\n보고금액\n기본주당순이익\n4,908\n(54)\n4,854\n희석주당순이익\n4,895\n(54)\n4,841\n연결기업은 정수기 및 가정용기기 등의 제조, 판매를 주된 영업으로 하고 있습니다. 연결기업이 제공하는 다양한 재화와 용역과 관련된 새로운 회계정책은 다음과 같습니다.(a) 수행의무 식별(i) 일시불 판매 무상제공서비스연결기업은 일시불 판매시 일부 판매계약에 대해서 무상제공서비스를 제공하고 있으며 이 무상제공서비스는 기업회계기준서 제1115호 도입 이전에는 관련의무를 판매보증충당부채로 표시하고 관련비용을 판매비와관리비로 회계처리 하였습니다. 기업회계기준서 제1115호에서는 무상제공서비스가 별도의 수행의무로 식별되므로 관련 거래가격을 재화의 공급과 무상제공서비스의 수행의무별로 대가를 배분하고 무상제공서비스는 이연하여 고객에게 효익을 제공하는 시점에 수익으로 인식하도록 요구하고 있습니다.2018년 1월 1일 현재 수행의무가 완료되지 않은 계약과 관련한 최초 적용 누적 효과는\xa02,081백만원의 충당부채 감소,\xa04,031백만원의 기타유동부채의 증가 및 5,684백만원의 기타비유동부채의 증가이며 그 결과\xa07,634백만원(법인세효과 제외)의 이익잉여금이 기초자본에서 조정되었습니다.\xa0\n2018년 12월 31일의 재무상태표는 종전의 회계처리기준과 비교해서\xa02,356백만원의 충당부채의 감소,\xa03,401백만원의 기타유동부채의 증가 및\xa010,591백만원의 기타비유동부채의 증가이며, 그 결과\xa011,633백만원의 이익잉여금\xa0감소\xa0및 기타자본항목 3백만원 감소\xa0효과가\xa0반영되었습니다. 2018년 12월 31일의 12개월의 손익계산서 또한 고객과의 계약에서 생기는 수익\xa04,273백만원이 종전의 회계처리기준과 비교해서 감소하였으며, 판매비와관리비가\xa0275백만원\xa0감소하였습니다.(b) 변동대가고객과 체결한 일부 계약들은 고객에게 반품권을 제공합니다. 기업회계기준서 제1115호 도입 전에 연결기업은 제공된 반품, 대금 선지급할인 등을 고려하여 받았거나 받을 대가의 공정가치로 수익을 인식하였습니다. 만약 수익이 신뢰성 있게 측정될 수 없다면, 불확실성이 해소될 때가지 수익 인식을 이연하였습니다.기업회계기준서 제1115호에서는 반품권은 변동대가에 해당합니다. 변동대가는 계약의 개시시점에 추정되고 불확실성이 해소될 때까지 추정치가 제약됩니다. 변동대가에 대한 추정치의 적용으로 이연되는 수익의 금액이 증가합니다.(i) 반품권기업회계기준서 제1115호 도입 이전에 고객과의 계약에서 특정기간 동안 반품할 수 있는 권리가 제공될 경우, 연결기업은 반품권을 기업회계기준서 제1115호의 기댓값 방법과 유사한 확률가중평균금액으로 회계처리 하였습니다. 예상되는 반품과 관련된 수익은 관련 매출원가를 조정한 후의 금액으로 연결재무상태표의 충당부채 및 환불부채에 표시되어 수익의 인식이 이연되었습니다. 기업회계기준서 제1115호에서는 계약에서 고객이 제품을 반품하는 것을 허용하기 때문에, 고객으로부터 수령하는 대가가 변동됩니다. 연결기업은 기댓값 방법이 연결기업이 권리를 갖게 될 변동대가 금액을 더 잘 예측하는 방법이기 때문에 반품될 재화를 추정하기 위해 기댓값 방법을 사용합니다. 연결기업은 거래가격에 포함될 수 있는 변동대가 금액을 결정하기 위해 변동대가 추정치의 제약에 대한 기업회계기준서 제1115호의 요구사항들을 적용하였습니다. 연결기업은 환불부채를 연결재무상태표의 충당부채에 포함하여 표시하였으며, 반환된 재고자산을 전부 폐기하고 있으므로 반환권자산을 인식하지 아니하였습니다. 기업회계기준서 제1115호의 도입에 따른 환불부채 추정방법에 따른 차이의 순효과는 2018년 기초 이익잉여금에서 조정되었습니다.2018년 1월 1일 현재 완료되지 않은 계약과 관련한 최초 적용 누적 효과는\xa01,249백만원의 충당부채의 감소이며, 그 결과\xa01,249백만원(법인세효과 제외)의 이익잉여금이 기초 자본에서 조정되었습니다.2018년 12월 31일의 연결재무상태표는 종전의 회계처리기준과 비교해서\xa029백만원의 충당부채의 감소이며, 그 결과\xa029백만원의 이익잉여금 증가 효과가 반영되었습니다. 2018년\xa012월 31일\xa012개월의 손익계산서 또한 고객과의 계약에서 생기는 수익\xa01,239백만원이 종전의 회계처리기준과 비교해서 감소하였습니다.\n(c) 보증의무연결기업은 일반적으로 법률에서 요구하는 바에 따라 보증을 제공합니다.\xa0 이 보증은 기업회계기준서 제1115호 도입 이전에 기업회계기준서 제1037호에 따라 회계처리 되었습니다. 이런 보증은 대부분 기업회계기준서 제1115호에서 확신 유형의 보증에 해당하며 연결기업은 기업회계기준서 제1037호 \'충당부채, 우발부채 및 우발자산\'에 따라 회계처리하므로 이 기준서의 도입 이전과 동일하게 처리됩니다.(d) 표시와 공시 요구사항중간재무제표에 요구되는 바와 같이, 연결기업은 경제적 요소가\xa0수익\xa0및\xa0현금흐름의\xa0특성,금액, 시기, 불확실성에 어떻게 영향을 주는지를 나타내도록, 고객과의 계약에서 인식한 수익을 범주별로 구분하였습니다.(주석\xa026참조)(e) 기타 조정사항위에서 기술한 주요 조정사항 뿐만 아니라 기업회계기준서 제1115호를 적용함에 있어 이연법인세, 법인세 및 이익잉여금과 같은 연결재무제표의 다른 항목들이 영향을 받을것이며, 필요하다면 조정되었습니다. (2) 기업회계기준서 제1109호 \'금융상품\' (제정)기업회계기준서 제1109호 \'금융상품\'은 2018년 1월 1일 이후부터 개시하는 연차기간에 대해 기업회계기준서 제1039호 \'금융상품: 인식과 측정\'을 대체하며, 금융상품 회계처리의 세 가지 측면인 분류 및 측정, 손상, 위험회피회계를 모두 포함합니다. 연결기업은 기업회계기준서 제1109호를 2018년 1월 1일을 최초적용일로 하고, 2018년 1월 1일의 기초 이익잉여금(또는 기타자본)에 대하여 조정하였습니다.기업회계기준서 제1109호 도입의 영향은 다음과 같습니다.\n2018년 1월 1일 연결자본변동표에 미치는 영향:\n\xa0 \xa0 \xa0 \xa0 \xa0 \xa0 \xa0 \xa0 \xa0 \xa0 \xa0 \xa0 \xa0 \xa0 \xa0 \xa0 \xa0 \xa0 \xa0 \xa0 \xa0 \xa0 \xa0 \xa0 \xa0 \xa0 \xa0 \xa0 \xa0 \xa0 \xa0 \xa0 \xa0 \xa0 \xa0 \xa0 \xa0 \xa0 \xa0 \xa0 \xa0 \xa0 \xa0 \xa0 \xa0 \xa0 \xa0 \xa0 \xa0 \xa0 (단위 : 천원)\n구\xa0 분\n조정사항\n기준서 제1109호채택 전 금액\n조\xa0 정\n보고금액\n자본\n이익잉여금\n(a,b)\n963,027,305\n(3,031,571)\n959,995,734\n기타자본항목\n(a)\n(119,258,831)\n(702,652)\n(119,961,483)\n총자본\n982,256,530\n(3,734,224)\n978,522,306\n2018년 12월 31일 연결재무상태표에 미치는 영향:\n\xa0 \xa0 \xa0 \xa0 \xa0 \xa0 \xa0 \xa0 \xa0 \xa0 \xa0 \xa0 \xa0 \xa0 \xa0 \xa0 \xa0 \xa0 \xa0 \xa0 \xa0 \xa0 \xa0 \xa0 \xa0 \xa0 \xa0 \xa0 \xa0 \xa0 \xa0 \xa0 \xa0 \xa0 \xa0 \xa0 \xa0 \xa0 \xa0 \xa0 \xa0 \xa0 \xa0 \xa0 \xa0 \xa0 \xa0 \xa0 \xa0 \xa0 \xa0 (단위 : 천원)\n구\xa0 분\n조정사항\n기준서 제1109호채택 전 금액\n조\xa0 정\n보고금액\n자산\n\u3000\n\u3000\n\u3000\n\u3000\n매출채권(유동)\n(b)\n305,295,862\xa0\n(3,496,361)\n301,799,501\xa0\n기타단기금융자산\n(b)\n14,457,981\xa0\n(152,794)\n14,305,187\xa0\n매도가능금융자산\n(a)\n2,478,996\xa0\n(2,478,996)\n-\xa0\n당기손익  - 공정가치 측정 금융자산\n(a)\n-\xa0\n1,218,198\xa0\n1,218,198\xa0\n기타포괄손익  - 공정가치 측정 금융자산\n(a)\n-\xa0\n365,431\xa0\n365,431\xa0\n총자산\n2,383,447,599\xa0\n(4,544,522)\n2,378,903,077\xa0\n\u3000\n\u3000\n\u3000\n\u3000\n부채\n\u3000\n\u3000\n\u3000\n이연법인세부채\n(d)\n1,137,188\xa0\n(1,137,188)\n-\xa0\n총부채\n\xa0\n1,292,342,033\xa0\n(1,137,188)\n1,291,204,845\xa0\n\u3000\n\xa0\n\u3000\n\u3000\n\u3000\n자본\n\xa0\n\u3000\n\u3000\n\u3000\n이익잉여금\n(a,d)\n969,521,469\xa0\n(2,704,682)\n966,816,787\xa0\n기타자본항목\n(a)\n(16,474,240)\n(702,652)\n(17,176,892)\n총자본\n(b)\n1,091,105,566\xa0\n(3,407,334)\n1,087,698,232\xa0\n2018년 12월 31일 연결포괄손익계산서(12개월)에 미치는 영향:\n\xa0 \xa0 \xa0 \xa0 \xa0 \xa0 \xa0 \xa0 \xa0 \xa0 \xa0 \xa0 \xa0 \xa0 \xa0 \xa0 \xa0 \xa0 \xa0 \xa0 \xa0 \xa0 \xa0 \xa0 \xa0 \xa0 \xa0 \xa0 \xa0 \xa0 \xa0 \xa0 \xa0 \xa0 \xa0 \xa0 \xa0 \xa0 \xa0 \xa0 \xa0 \xa0 \xa0 \xa0 \xa0 \xa0 \xa0 \xa0 \xa0 \xa0 (단위 : 천원)\n구\xa0 분\n조정사항\n기준서 제1109호채택 전 금액\n조\xa0 정\n보고금액\n판매비와관리비\n(b)\n(1,309,688,115)\n456,523\xa0\n(1,309,231,592)\n기타비용\n(b)\n(58,153,175)\n(20,088)\n(58,173,263)\n법인세비용\n(d)\n(118,646,027)\n(109,545)\n(118,755,572)\n당기순이익\n349,484,599\xa0\n326,890\xa0\n349,811,489\xa0\n기타포괄손익\n(5,881,246)\n-\xa0\n(5,881,246)\n총포괄손익\n343,603,353\xa0\n326,890\xa0\n343,930,243\xa0\n상기 기준서 도입으로 인하여 연결현금흐름표에 미치는 영향은 없으나, 기본주당손익 및 희석주당손익에 미치는 영향은 다음과 같습니다.\xa0\n\xa0 \xa0 \xa0 \xa0 \xa0 \xa0 \xa0 \xa0 \xa0 \xa0 \xa0 \xa0 \xa0 \xa0 \xa0 \xa0 \xa0 \xa0 \xa0 \xa0 \xa0 \xa0 \xa0 \xa0 \xa0 \xa0 \xa0 \xa0 \xa0 \xa0 \xa0 \xa0 \xa0 \xa0 \xa0 \xa0 \xa0 \xa0 \xa0 \xa0 \xa0 \xa0 \xa0 \xa0 \xa0 \xa0 \xa0 \xa0 \xa0 \xa0 \xa0 \xa0\xa0 (단위 : 원)\n구\xa0 분\n기준서 제1109호채택 전 금액\n조\xa0 정\n보고금액\n기본주당순이익\n4,849\xa0\n5\xa0\n4,854\xa0\n희석주당순이익\n4,836\xa0\n5\xa0\n4,841\xa0\n (a) 분류 및 측정특정 매출채권을 제외하고, 기업회계기준서 제1109호 하에서 연결기업은 당기손익-공정가치로 측정하지 아니하는 금융자산의 거래원가는 최초 인식시점의 공정가치에 포함합니다.기업회계기준서 제1109호 하에서 채무상품은 후속적으로 당기손익-공정가치(FV\xa0 \xa0 PL), 상각후원가, 또는 기타포괄손익-공정가치(FVOCI)로 측정됩니다. 분류는 연결기업의 금융자산 관리방식에 대한 사업모형과 금융상품이 \'원금과 원금에 대한 이자\'만으로 구성되어 있는지 여부를 나타내는 계약상 현금흐름 특성(SPPI 기준)의 두 가지 기준에 근거합니다.연결기업의 채무상품에 대한 새로운 분류 및 측정 결과는 다음과 같습니다.- SPPI 기준을 충족하며 계약상 현금흐름을 수취하기 위해 보유하는 것이 목적인 사업모형에서 보유하고 있는 상각후원가로 측정하는 채무상품: 이 범주는 연결기업의 매출채권 및 기타채권, 기타 비유동 금융자산에 포함되는 대여금을 포함합니다.- 제거손익이 당기손익으로 재분류되는 기타포괄손익-공정가치 측정 채무상품: 이 범주 내의 금융자산은 계약상 현금흐름의 수취 및 매도를 목적으로 하는 사업모형 하에서 SPPI 기준을 충족하는 연결기업의 채무상품이 포함됩니다.\n기타금융자산은 다음과 같이 분류되고 후속적으로 측정됩니다.- 제거손익이\xa0당기손익으로\xa0재순환되지 않는 기타포괄손익-공정가치 측정 지분상품:이 범주는 연결기업이 예상되는 미래기간까지 보유할 의도를 가지고 있고 최초 인식 또는 거래 시 취소할 수 없는 선택을 한 지분상품만 포함합니다. 연결기업은 비상장지분상품을기타포괄손익-공정가치 측정 지분상품으로 분류합니다. 기타포괄손익-공정가치 측정 지분상품은 기업회계기준서 제1109호 하에서 손상 평가를 수행하지 않습니다. 기업회계기준서 제1039호 하에서, 연결기업의 해당 비상장지분상품은 매도가능금융자산으로 분류되었습니다.- 파생상품과 최초 인식 시점에 FVOCI로 분류하는 취소할 수 없는 선택을 하지 않은 상장지분상품으로 구성된 당기손익-공정가치 측정 금융자산: 이 범주는 현금흐름특성이 SPPI 기준을 충족하지 못하거나 계약상 현금흐름을 수취하기 위해 보유하는 것이 목적인 사업모형 또는 계약상 현금흐름의 수취 및 매도를 목적으로 하는 사업모형에서 보유하는 것이 아닌 채무상품을 포함합니다. 연결기업의 사업모형은 개시일인 2018년 1월 1일에 평가되어야 하며, 개시일 이전에제거되지 않은 금융자산에 적용되어야 합니다. 채무상품의 계약상 현금흐름이 원금과 원금에 대한 이자 지급으로 구성되어 있는지에 대한 평가는 자산의 최초 인식시점의 사실과 상황에 기초하여야 합니다.2018년 1월 1일 현재 기업회계기준서 1039호 하에서 원가로 평가되었던 비상장지 분상품에 대하여 공정가치로\xa0평가함에\xa0따라\xa0기타포괄손익-공정가치\xa0측정\xa0지분상품이895백만원 감소하였으며, 그 결과 895백만원(법인세효과 제외)의 기타자본항목이 기초자본에서 조정되었습니다.연결기업의 금융부채에 대한 회계처리는 기업회계기준서 제1039호 하의 회계처리와대부분 일치합니다. 기업회계기준서 제1039호의 요구사항과 유사하게, 기업회계기준서 제1109호는 조건부 대가를 공정가치의 변동이 연결포괄손익계산서에서 인식되는 공정가치로 측정되는 금융상품으로 회계처리하도록 요구합니다.\n기업회계기준서 제1109호 하에서, 내재파생상품은 더이상 주계약에서 분리되지 않습니다. 그 대신에, 금융자산은 계약상 정의와 연결기업의 사업모형에 근거하여 분류됩니다.금융부채와 비금융주계약에 내재된 파생상품에 대한 회계처리는 기업회계기준서 제1039호의 요구사항에서 변경되지 않았습니다.\n(b) 손상기업회계기준서 제1109호의 적용은 금융자산에 대한 기업회계기준서 제1039호의 발생손실접근법을 미래의 기대신용손실(ECL) 접근법으로 대체함으로써 연결기업의 손상에 대한 회계처리를 근본적으로 변경시켰습니다.기업회계기준서 제1109호는 연결기업이 대여금과 당기손익-공정가치로 측정되지 않는 기타채무상품의 기대신용손실에 대한 충당금을 인식할 것을 요구합니다.기대신용손실은 계약상 수취하기로 한 현금흐름과 연결기업이 수취할 것으로 예상되는 모든 현금흐름의 차이를 기초로 합니다. 현금부족액은 자산의 최초 유효이자율로 할인하여 측정합니다.계약자산과 매출채권 및 기타 수취채권의 경우, 연결기업은 간편법을 적용하고 신용손실이 예상되는 기대존속기간에 근거하여 기대신용손실을 산출합니다. 연결기업은 차입자 특유의 미래 예상 요인과 경제적 환경을 반영하여 조정한 과거 신용손실 경험을 근거로 충당금설정률표를 설계합니다.기타 채무상품(예. 대여금과 기타포괄손익-공정가치 측정 채무증권)에 대하여, 기대신용손실은 12개월 기대신용손실에 근거합니다. 12개월 기대신용손실은 보고기간말이후 12개월 이내에 발생 가능한 금융상품의 채무불이행 사건으로 인한 기대신용손실을 나타내는, 전체기간 기대신용손실의 일부입니다.연결기업은 계약상 지급이 만기일 이후 180일이 경과된 경우에 금융자산을 채무불이행으로 간주합니다. 그러나, 특정한 경우에, 연결기업은 신용보강을 고려하기 전에 내부 또는 외부 정보가 연결기업이 계약상의 원금 전액을 수취하지 못할 것으로 나타내는 경우 금융자산을 채무불이행으로 간주할 수 있습니다.기대신용손실의 적용에 대한 기업회계기준서 제1109호의 요구사항은 연결기업의 채무상품에 대한 손실충당금을 증가시켰습니다. 충당금의 증가로 인해 이익잉여금이 조정되었습니다.2018년 1월 1일 현재의 추가 손실충당금으로 인하여\xa04,085백만원(법인세효과 제외)이 동 일자의 이익잉여금의 감소로 반영되었습니다. 2018년 12월 31일 현재의 연결재무상태표는 종전의 회계처리 기준과 비교해서 매출채권과 기타단기금융자산의 손실충당금이 각각\xa03,496백만원\xa0및 153백만원 증가합니다. 2018년 12월 31일 12개월의 연결포괄손익계산서 종전의 회계처리 기준과 비교하여 판매관리비가\xa0457백만원\xa0감소하였으며, 기타비용이 20백만원 증가하였습니다. (c) 위험회피회계연결기업은 위험회피회계를 전진적으로 적용합니다. 최초 적용시점에 연결기업이 보유한 모든 위험회피관계는 계속적인 위험회피관계로 인식될 수 있습니다. 기업회계기준서 제1109호의 위험회피회계 요구사항의 적용은 연결기업의 재무제표에 유의적인 영향을 미치지 않습니다.기업회계기준서 제1039호 하에서, 연결기업의 현금흐름위험회피관계에서 발생한 모든 손익은 후속적으로 당기손익으로 재분류되었습니다. 그러나 기업회계기준서 1109호하에서, 비금융자산의 예상거래에 대한 현금흐름위험회피에서 발생하는 손익은 비금융자산의 최초 취득금액에 반영되어야 합니다. 따라서, 기업회계기준서 제1109호를 적용하는 경우, 현금흐름위험회피의 순손익은 \'후속적으로 당기손익으로 재분류되지않는 기타포괄손익\'으로 나타납니다. 이러한 변경은 기업회계기준서 제1109호의 최초 적용일부터 적용되며, 비교 정보의 표시에는 영향을 미치지 않습니다.\n(d) 기타 조정사항위에서 기술한 조정사항 뿐만 아니라, 기업회계기준서 제1109호를 적용함에 있어 이연법인세부채, 법인세, 이익잉여금과 같은 연결재무제표의 다른 항목들이 영향을 받을 것이며, 필요한 경우 조정되었습니다.\xa0\n(3) 기업회계기준해석서 제2122호 \'외화 거래와 선지급ㆍ선수취 대가\'해석서는 대가를 외화로 선지급하거나 선수취하여 발생한 비화폐성자산이나 비화폐성부채를 제거하면서 관련 자산, 비용, 수익(또는 그 일부)를 최초 인식할 때 적용할 환율을 결정하기 위한 거래일은 대가를 선지급하거나 선수취하여 비화폐성자산이나 비화폐성부채를 최초로 인식하는 날이라는 점을 명확히 하였습니다. 선지급이나 선수취가 여러 차례에 걸쳐 이루어지는 경우 대가의 선지급이나 선수취로 인한 거래일을 각각 결정하여야 합니다. 동 제정사항이 연결기업의 연결재무제표에 미치는 영향은 없습니다.(4) 투자부동산 계정대체 - 기업회계기준서 제1040호 개정이 개정사항은 투자부동산의 개발 또는 건설에 대해 계정대체 시점을 명확히 합니다.이 개정사항은 투자부동산으로(에서) 용도 변경과 투자부동산 정의를 충족하게 되거나 중지되는 시점에 용도 변경에 대해 기술합니다. 부동산에 대한 경영진의 의도 변경만으로는 용도 변경의 증거가 되지 않습니다. 동 개정사항이 연결기업의 연결재무제표에 미치는 영향은 없습니다.(5) 기업회계기준서 제1102호 \'주식기준보상\' (개정) - 주식기준보상거래의 분류와 측정기업회계기준서 제1102호 \'주식기준보상\'의 개정은 가득조건이 현금결제형 주식기준보상의 측정에 미치는 영향, 세금 원천징수의무로 인한 순결제특성이 있는 주식기준보상거래, 현금결제형에서 주식결제형 주식기준보상거래로 분류를 바꾸는 조건변경에 대해 다루고 있습니다. 동 개정사항은 전진적으로 적용되며, 모든 개정사항을 적용하는 때에는 소급 적용할 수 있습니다. 연결기업은 세금 원천징수의무로 인한 순결제특성이 있는 주식기준보상거래 및 주식기준보상거래로 분류를 바꾸는 조건변경이 없으므로 개정 기준서가 연결기업의 연결재무제표에 미치는 영향은 없습니다. (6) 기업회계기준서 제1028호 \'관계기업과 공동기업에 대한 투자\' (개정) - 개별기준에 따라 당기손익-공정가치측정항목으로 선택할 수 있음을 명확히 함개정 기준서는 벤처캐피탈 투자기구나 이와 유사한 기업은 관계기업이나 공동기업에대한 투자를 최초인식할 때 각각의 관계기업이나 공동기업에 대하여 개별적으로 선택하여 그 투자를 당기손익-공정가치측정항목으로 선택할 수 있음을 명확히 하였습니다. 만약, 그 자체가 투자기업이 아닌 기업이 투자기업인 관계기업 또는 공동기업에 대한 지분을 보유하고 있다면, 그 기업이 지분법을 적용하는 경우에 투자기업인 관계기업 또는 공동기업이 보유한 종속기업의 지분에 대하여 투자기업인 관계기업이나 공동기업이 적용한 공정가치 측정을 그대로 적용하는 것을 선택할 수 있습니다. 이 선택은 (1) 투자기업인 관계기업이나 공동기업을 최초로 인식하는 시점, (2) 관계기업이나 공동기업이 투자기업이 되는 시점, (3) 투자기업인 관계기업이나 공동기업이 최초로 지배기업이 되는 시점 중 가장 나중의 시점에 각각의 투자기업인 관계기업이나 공동기업에 대해 개별적으로 합니다. 동 개정사항이 연결기업의 연결재무제표에 미치는 영향은 없습니다.(7) 기업회계기준서 제1101호 한국채택국제회계기준의 최초채택 - 최초채택 기업의 단기 면제 규정 삭제문단 E3~E7의 최초채택기업의 단기 면제 규정은 의도된 목적이 달성되었기 때문에 삭제되었으며 해당 규정은 더 이상 유효하지 않습니다. 동 개정사항이 연결기업의 연결재무제표에 미치는 영향은 없습니다.\n2.5 중요한 회계적판단, 추정 및 가정\n2.5.1 회계적 판단연결기업은 회계정책을 적용하는 과정에서 연결재무제표에 인식된 금액에 중요한 영향을 미친 추정과 관련 없는 판단사항은 다음과 같습니다.\n(1) 리스약정 - 리스제공자연결기업은 렌탈자산에 대하여 리스계약을 체결하고 있습니다. 연결기업은 계약의 기간과 조건 등의 평가에 기초하여 해당 렌탈자산의 소유에 따른 중요한 위험과 보상이 연결기업에 있다고 판단한 경우에는 운용리스로 분류하였습니다. 그러나 리스약정일에 렌탈자산의 소유에 따른 중요한 위험과 보상이 리스이용자에게 있다고 판단한 경우에는 금융리스로 분류하였습니다.\n2.5.2 회계추정 및 변경\n다음 회계연도내에 자산과 부채의 장부금액에 중요한 조정을 유발할 수 있는 중요한 위험을 내포한 보고기간말 현재의 미래에 대한 중요한 가정 및 추정의 불확실성에 대한 기타 주요 원천은 다음과 같습니다. 가정 및 추정은 연결재무제표를 작성하는 시점에 입수가능한 변수에 근거하고 있습니다. 현재의 상황과 미래에 대한 가정은 시장의 변화나 연결기업의 통제에서 벗어난 상황으로 인해 변화할 수 있습니다. 그러한 변화가 발생시 이를 가정에 반영하고 있습니다.\n(1) 비금융자산의 손상연결기업은 매 보고일에 모든 비금융자산에 대하여 손상징후의 존재 여부를 평가합니다. 영업권과 비한정 내용연수의 무형자산에 대해서는 매년 또는 손상징후가 있는 경우에 손상검사를 수행합니다. 기타 비금융자산에 대해서는 장부금액이 회수가능하지 않을 것이라는 징후가 있을 때 손상검사를 수행합니다. 사용가치를 계산하기 위하여 경영자는 해당 자산이나 현금창출단위로부터 발생하는 미래기대현금흐름을 추정하고 동 미래기대현금흐름의 현재가치를 계산하기 위한 적절한 할인율을 선택하여야합니다. \n(2) 주식기준보상연결기업은 주식결제형 주식기준보상거래의 보상원가를 지분상품 부여일의 공정가치를 기준으로 측정하고 있으며 공정가치는 지분상품 부여조건을 고려하여 적절한 평가모델을 적용하여 추정합니다. 또한, 주식선택권의 기대존속연수, 변동성, 배당률등을 포함한 평가모델에 가장 적절한 가격결정요소를 결정하여야 하며 이러한 요소에 대한 가정을 수립합니다. 적용된 가정 및 평가모델은 주석 25에 기술하였습니다.(3) 퇴직급여제도확정급여퇴직연금제도의 원가와 퇴직연금채무의 현재가치는 보험수리적 평가방법을 통해 결정됩니다. 보험수리적 평가방법의 적용을 위해서는 다양한 가정을 세우는 것이 필요합니다. 이러한 가정의 설정은 할인율, 미래임금상승률, 사망률 및 미래연금상승률의 결정 등을 포함합니다. 평가방법의 복잡성과 기본 가정 및 장기적인 성격으로 인해 확정급여채무는 이러한 가정들에 따라 민감하게 변동됩니다. 모든 가정은 매 보고기간말마다 검토됩니다.\n적절한 할인율을 결정하기 위하여 경영진은 AA등급 이상의 회사채의 이자율을 참조하고 있습니다. 사망률은 공개적으로 활용가능한 표에 기초하고 있으며 미래임금상승률 및 미래연금상승률은 해당 국가의 기대인플레이션율에 기초하고 있습니다.\n자세한 내역은 주석 17에서 기술하고 있습니다. \n(4) 금융상품의 공정가치\n활성시장이 없는 금융상품의 공정가치는 현금흐름할인법을 포함한 평가기법을 적용하여 산정하였습니다. 이러한 평가기법에 사용된 입력요소에 관측가능한 시장의 정보를 이용할 수 없는 경우, 공정가치의 산정에 상당한 추정이 요구됩니다. 이러한 판단에는 유동성 위험, 신용위험, 변동성 등에 대한 입력변수의 고려가 포함됩니다. 이러한 요소들에 대한 변화는 금융상품의 공정가치에 영향을 미칠 수 있습니다.\n(5) 매출채권과 계약자산의 기대손실충당금\n연결기업은 매출채권과 계약자산에 대한 기대신용손실(ECL)을 계산하는 데 충당금 설정률표를 사용합니다. 충당금 설정률은 비슷한 손실 양상을 가지고 있는 다양한 고객 부문(예를 들어, 지역적 위치, 상품 형태, 고객 형태 및 신용등급, 담보나 거래신용보험)별 묶음의 연체일수에 근거합니다.\n\xa0\n충당금 설정률표는 연결기업의 과거에 관찰된 채무불이행율에 근거합니다. 연결기업은 설정률표를 과거 신용손실경험에 미래전망정보를 반영하여 조정합니다. 예를 들어, 미래 경제적 상황(국내총생산)이 향후에 악화되어 생산 분야의 채무불이행 규모가 증가할 것으로 기대된다면, 과거 채무불이행율은 조정됩니다. 매 결산일에 과거 채무불이행율을 조정하고 미래전망치의 변동을 분석합니다.\n과거 채무불이행율과 미래 경제상황 및 기대신용손실(ECL) 사이의 상관관계에 대한 평가는 유의적인 추정입니다. 기대신용손실의 규모는 상황과 미래 경제 환경의 변화에 민감합니다. 연결기업의 과거 신용손실경험과 경제적 환경에 대한 예상은 고객의 미래 실제 채무불이행을 나타내지 않습니다. 연결기업의 매출채권과 계약자산의 기대신용손실에 대한 정보는 주석 7에 공시됩니다.\n(6) 반품과 수량 리베이트에 대한 변동대가 추정\n연결기업은 반품권이 있는 제품 판매의 거래가격에 변동대가를 추정합니다.\xa0\n\xa0\n연결기업은 반품 예상에 대해 통계적 방법을 개발하였습니다. 이 방법은 각 제품의 과거 반품 데이터에서 예상 반품율을 산출합니다. 이 비율은 변동대가의 예상 금액을 산정하는데 적용됩니다. 과거 반품 패턴과 같은 유의적인 경험의 변동은 연결기업의 예상 반품율 추정에 영향을 미칠 것입니다.\n\xa0\n연결기업은 예상 반품 평가를 매분기 업데이트 하며, 환불부채도 조정됩니다. 예상되는 반품은 연결기업의 과거 반품과 환경의 변화에 민감합니다. 미래에 고객의 실제 반품을 반영하지 못할 수도 있습니다. 당기말 현재 예상되는 반품에 대한 환불부채는59,011백만원입니다.\n2.6 공표되었으나 아직 시행되지 않은 회계기준\n연결기업은 연결재무제표 발행승인일 현재 공표되었으나 아직 시행되지 않아 연결기업이채택하지 않은 한국채택국제회계기준의 기준서 및 해석서의 제ㆍ개정내역은 다음과 같습니다.\n(1) 기업회계기준서 제1116호 \'리스\' 기업회계기준서 제1116호 \'리스\'는 기업회계기준서 제1017호 \'리스\', 기업회계기준해석서 제2104호 \'약정에 리스가 포함되어 있는지의 결정\', 기업회계기준해석서 제2015호 \'운용리스: 인센티브\', 기업회계기준해석서 제2027호 \'법적 형식상의 리스를 포함하는 거래의 실질에 대한 평가\'를 대체합니다. 기업회계기준서 제1116호는 리스의 인식, 측정, 표시, 공시 원칙을 제시하였으며, 리스이용자로 하여금 모든 리스를 기업회계기준서 제1017호에서의 금융리스 회계처리와 유사한 단일 모델로 회계처리할 것을 요구합니다. 동 기준서는 리스이용자에 대해 소액자산 리스(예: 개인 컴퓨터), 단기리스(리스기간이 12개월 이하인 리스)의 두 가지 인식 면제 규정을 포함합니다. 리스개시일에 리스이용자는 리스료 지급에 대한 부채(리스부채)를 인식하여야 하며, 기초자산에 대한 리스기간동안의 사용권을 나타내는 자산(사용권 자산)을 인식할 것입니다. 리스이용자는 리스부채의 이자비용과 사용권 자산의 감가상각비를 개별적으로 인식하여야 합니다.\n또한, 리스이용자는 특정 사건(즉, 리스기간의 변동, 리스료를 산정할 때 사용한 지수나 요율의 변동으로 생기는 미래 리스료의 변동)이 발생하면 리스부채를 재측정해야 합니다. 리스이용자는 일반적으로 사용권 자산을 조정함으로써 리스부채의 재측정 금액을 인식할 것입니다. 기업회계기준서 제1116호에서의 리스제공자 회계처리는 기업회계기준서 제1017호의 현행 회계처리와 비교하여 실질적으로 변동되지 않았습니다. 리스제공자는 모든 리스를 기업회계기준서 제1017호와 동일한 분류 원칙을 사용하여 운용리스와 금융리스를 구분할 것입니다. 또한, 기업회계기준서 제1116호는 리스이용자와 리스제공자에게 기업회계기준서 제1017호보다 광범위한 공시를 요구합니다.\n동 기준서는 2019년 1월 1일 이후 개시하는 회계연도부터 적용됩니다. 조기 적용이 허용되나 기업은 먼저 기업회계기준서 제1115호를 적용하여야 합니다. 리스이용자는 완전 소급법과 누적효과 일괄조정 경과조치 중 하나를 사용하여 동 기준서를 적용할 수 있으며, 동 기준서 상 경과 규정은 몇가지 실무적 간편법을 허용합니다.\n(연결기업이 현재 운용리스로 이용하고 있는 자산의 현재가치 할인 전 최소리스료의 총합계는 28,948백만원이며,\xa0 리스이용자의 증분차입이자율로 할인하면 28,275백만원입니다. 연결기업은 연결재무제표에 미치는 영향을 분석 중에 있으나,\xa0연결기업이 이러한 분석을 완료하기 전까지는 재무적 영향에 대한 합리적 추정치를 제공하는 것이 실무상 어렵습니다.\n(2)\xa0기업회계기준서 제1109호 \'금융상품\' (개정) 부의 보상을 수반하는 중도상환특성\n기업회계기준서 제1109호에서, 계약상 현금흐름이 원리금 지급만으로 구성되어 있고(SPPI 요건) 분류에 적절한 사업모형에서 보유되는 채무상품은 상각후원가 또는 기타포괄손익-공정가치로 측정될 수 있습니다. 기업회계기준서 제1109호의 개정은 계약의 조기 청산을 발생시키는 사건이나 상황과 무관하고, 당사자가 계약의 조기 청산에 대한 합리적인 보상을 하거나 받는 지와 관계없이 SPPI 조건을 충족하는 금융자산을 명확히 하고 있습니다.\n동 개정사항은 소급하여 적용되고 2019년 1월 1일부터 유효하며, 조기 적용이 허용됩니다. 이 개정사항이 연결기업의 연결재무상태표에 미치는 영향은 없습니다.\n\xa0\n(3) 기업회계기준서 제1110호 \'연결재무제표\' 및 제1028호 \'관계기업과 공동기업에 대한 투자\' (개정) - 투자자와 관계기업이나 공동기업 간의 자산 매각 또는 출자\xa0\n이 개정은 관계기업이나 공동기업에 매각되거나 출자된 종속기업에 대한 지배력 상실에 대한 기업회계기준서 제1110호와 기업회계기준서 1028호 간의 상충을 해결하기 위해 개정되었습니다. 동 기준서에서는 투자자와 관계기업이나 공동기업 간의 기업회계기준서 제1103호에서 정의된 사업에 해당하는 자산의 매각이나 출자에서 발생하는 손익은 전액 인식됨을 명확히 하였습니다. 그러나, 사업에 해당하지 않는 자산의 매각이나 출자에서 발생하는 손익은 투자자의 지분과 무관한 손익까지만 인식하도록 하고 있습니다. 동 기준서의 적용은 무기한 연기되었으나 조기적용하고자 하는 경우 전진적으로 적용되어야 합니다. 연결기업은\xa0 동 개정사항의 효력이 발생 시 적용할 계획입니다.\n\xa0\n(4) 기업회계기준서 제1028호 개정: 관계기업과 공동기업에 대한 장기투자지분\n개정사항은 기업이 관계기업이나 공동기업에 대해 지분법을 적용하지 않는 금융상품에 기업회계기준서 제1109호를 적용하여야 하며 이러한 금융상품에는 실질적으로 기업의 관계기업이나 공동기업에 대한 순투자의 일부를 구성하는 장기투자지분이 포함된다는 점을 명확히 하고 있습니다. 이는 기업회계기준서 제1109호에서의 기대신용손실모델이 그러한 장기투자지분에 적용되는 것을 의미합니다. 동 개정사항은 또한 기업회계기준서 제1109호를 적용하면서 기업은 기업회계기준서 제1028호 관계기업과 공동기업에 대한 투자의 적용으로 인해 발생하는 장기투자지분의 장부금액 조정사항인 관계기업 또는 공동기업의 손실이나 순투자에 대한 손상차손을 고려하지 않는다는 점을 명확히 하였습니다. 동 개정사항은 2019년 1월 1일 이후 최초로 시작되는 회계연도부터 소급하여 적용하되 조기 적용할 수 있습니다. 연결기업은 관계기업과 공동기업에 대한 장기투자지분이 없으므로 동 개정사항이 연결재무제표에 미치는 영향은 없습니다.\n\xa0\n(5) 기업회계기준해석서 제2123호 \'법인세처리의 불확실성\'\n이 해석서는 법인세 처리에 불확실성이 있을 때 기준서 제1012호의 인식 및 측정 요구사항을 어떻게 적용할지를 다룹니다. 그러나 이 해석서는 기준서 제1012호의 적용범위가 아닌 세금 또는 부담금에 적용되지 않으며 불확실한 법인세 처리와 관련되는 이자와 벌과금에 관련된 요구사항을 다루지 않습니다. 이 해석서는 다음을 구체적으로 다루고 있습니다.\n\xa0- 기업이 불확실한 법인세 처리를 개별적으로 고려할지\n\xa0- 법인세 처리에 대한 과세당국의 조사에 관한 기업의 가정\n\xa0- 기업이 과세소득(세무상결손금), 세무기준액, 미사용 세무상결손금, 미사용 세액공제, 세율을 어떻게 산정할지\n\xa0- 기업이 사실 및 상황의 변화를 어떻게 고려할지\n\xa0\n기업은 불확실한 법인세 처리 각각을 개별적으로 고려할지 아니면 하나 이상의 다른 불확실한 법인세 처리와 함께 고려할지를 판단합니다. 접근법 중 불확실성의 해소를 더 잘 예측하는 접근법을 사용합니다. 이 해석서는 2019년 1월 1일 이후 최초로 시작되는 회계연도부터 유효하며 특정 경과 규정을 적용할 수도 있습니다. 기업은 시행일에 이 해석서를 적용할 것입니다. 기업은 여러 국가의 복잡한 세무 환경에서 운영되므로, 해석서는 재무제표에 영향을 미칠 것입니다. 또한, 기업은 해석서를 적시에 적용하기 위한 정보를 얻기 위한 절차의 구축이 필요할 수 있습니다.\n\xa0\n(6) 2015 - 2017 연차개선\n\xa0\n기업회계기준서 제1103호 \'사업결합\' 개정\n이 개정은 공동약정의 한 당사자가 공동영업과 관련된 자산에 대한 권리와 부채에 대한 의무를 보유하다가 해당 공동영업(사업의 정의 충족)에 대한 지배력을 획득할 경우 해당 거래는 단계으로 이루어지는 사업결합에 대한 요구사항을 적용하여야 하며, 이 때 취득자는 공동영업에 대하여 이전에 보유하고 있던 지분 전부를 재측정하여야 함을 명확히 하고 있습니다.\xa0\xa0\n동 개정사항은 2019년 1월 1일 이후 최초로 시작되는 회계연도 이후에 취득일이 속하는 사업결합부터 적용하되 조기 적용할 수도 있으며, 조기적용 하는 경우에는 그 사실을 공시하여야 합니다. 동 개정사항은 연결기업의 향후 사업결합거래에 적용될 것입니다.\xa0\xa0\n기업회계기준서 제1111호 \'공동약정\' 개정\n공동영업에 참여는 하지만 공동지배력을 보유하지 않은 공동영업 당사자가 그 공동영업(활동이 기업회계기준서 제1103호에서 정의하는 사업에 해당)에 대한 공동지배력을 획득할 수 있습니다. 이 개정은 이러한 경우 그 공동영업에 대해 이전에 보유하고 있던 지분은 재측정하지 않는다는 점을 명확히 하고 있습니다.\xa0\n동 개정사항은 2019년 1월 1일 이후 최초로 시작되는 회계연도 이후에 공동지배력을 획득하는 거래부터 적용하되 조기 적용할 수도 있으며, 조기적용 하는 경우에는 그 사실을 공시하여야 합니다. 동 개정사항이 연결기업에 미치는 영향은 없으나 향후 거래에 적용될 것입니다.\xa0\n기업회계기준서 제1012호 \'법인세\' 개정\n이 개정은 배당의 법인세효과는 소유주에 대한 분배보다는 분배가능한 이익을 창출하는 과거의 거래나 사건에 보다 직접적으로 연관된다는 것을 명확히 합니다. 따라서 기업은 과거의 거래나 사건과 관련하여 원래 인식하였던 항목에 따라 배당의 법인세효과를 당기손익, 기타포괄손익 또는 자본으로 인식합니다. 동 개정사항은 2019년 1월 1일 이후 처음 시작되는 회계연도부터 적용하되 조기 적용할 수 있습니다. 이 개정 내용을 처음 적용하는 경우, 가장 이른 비교기간 이후에 인식된 배당의 법인세효과에 이 개정 내용을 적용합니다. 기업의 현행 회계처리는 개정 내용과 차이가 없으므로, 연결재무제표에 미치는 영향은 없을 것으로 예상하고 있습니다.\n\xa0\n기업회계기준서 제1023호 \'차입원가\' 개정\n이 개정은 기업이 적격자산을 후속적으로 의도된 용도로 사용하거나 판매할 준비가 되었을 때, 그 적격자산을 취득하기 위한 모든 차입금이 일반적인 목적으로 차입한 자금에 포함되는 것을 명확히 합니다.\n기업은 처음 이 개정 내용을 적용하는 회계연도 이후에 생기는 차입원가에 적용합니다. 이 개정 내용은 2019년 1월 1일 이후 처음 시작되는 회계연도부터 적용하되 조기 적용할 수 있습니다. 기업의 현행 회계처리는 개정 내용과 차이가 없으므로, 연결재무제표에 미치는 영향은 없을 것으로 예상하고 있습니다.\n3. 영업부문 정보\n(1) 연결기업의 보고부문은 다음과 같이 구분되며 주요 내용은 다음과 같습니다.\n전략적 의사결정을 수립하는 경영진이 연결기업의 영업부문을 결정하고 있습니다. 경영진은 부문에 배부될 자원에 대한 의사결정을 하고 부문의 성과를 평가하기 위하여 부문의 영업이익을 기준으로 검토하고 있습니다. 연결기업의 경영진은 영업부문에 배부될 자원과 영업부문의 성과를 평가하는데 책임이 있습니다. 제품 측면에서의 구분은 수익창출 단위로 하고 있으며, 해당 구분은 렌탈사업부문, 일시불판매부문과 기타부문으로 구분하였습니다. \n영업부문\n재화 및 용역의 내용\n렌탈사업부문\n정수기, 비데 등을 고객에게 렌탈하거나 멤버쉽 회원에게 용역 제공\n일시불판매부문\n정수기, 비데, 화장품 등 제품ㆍ상품을 고객에게 판매\n기타부문\n수처리 설비 건설계약 등\n지역적으로 연결기업은 대부분의 영업을 국내에서 수행하고 있으며, 렌탈사업부문과관련하여 미국, 중국, 말레이시아 등에서 렌탈 관련 자산과 일부 제품과 상품을 판매하고 있습니다.\xa0\n(2) 당기와 전기 중 영업부문의 재무현황은 다음과 같습니다.<당기>\xa0 \xa0 \xa0 \xa0 \xa0 \xa0 \xa0 \xa0 \xa0 \xa0 \xa0 \xa0 \xa0 \xa0 \xa0 \xa0 \xa0 \xa0 \xa0 \xa0 \xa0 \xa0 \xa0 \xa0 \xa0 \xa0 \xa0 \xa0 \xa0 \xa0 \xa0 \xa0 \xa0 \xa0 \xa0 \xa0 \xa0 \xa0 \xa0 \xa0 \xa0 \xa0 \xa0 \xa0 \xa0 \xa0 \xa0 \xa0 \xa0 \xa0 \xa0 (단위 : 천원)\n구\xa0 분\n렌탈사업\n일시불판매\n기\xa0 타\n합\xa0 계\n총부문수익\n2,207,744,182\xa0\n611,656,917\xa0\n98,992,411\xa0\n2,918,393,510\xa0\n부문간수익\n(142)\n(209,527,703)\n(1,550,461)\n(211,078,306)\n외부고객으로부터의 수익\n2,207,744,040\xa0\n402,129,214\xa0\n97,441,950\xa0\n2,707,315,204\xa0\n매출총이익\n1,697,680,172\xa0\n109,541,324\xa0\n21,837,311\xa0\n1,829,058,807\xa0\n<전기>\xa0 \xa0 \xa0 \xa0 \xa0 \xa0 \xa0 \xa0 \xa0 \xa0 \xa0 \xa0 \xa0 \xa0 \xa0 \xa0 \xa0 \xa0 \xa0 \xa0 \xa0 \xa0 \xa0 \xa0 \xa0 \xa0 \xa0 \xa0 \xa0 \xa0 \xa0 \xa0 \xa0 \xa0 \xa0 \xa0 \xa0 \xa0 \xa0 \xa0 \xa0 \xa0 \xa0 \xa0 \xa0 \xa0 \xa0 \xa0 \xa0 \xa0 \xa0 (단위 : 천원)\n구\xa0 분\n렌탈사업\n일시불판매\n기\xa0 타\n합\xa0 계\n총부문수익\n2,001,084,505\xa0\n585,195,798\xa0\n71,899,571\xa0\n2,658,179,874\xa0\n부문간수익\n-\xa0\n(140,570,375)\n(837,000)\n(141,407,375)\n외부고객으로부터의 수익\n2,001,084,505\xa0\n444,625,423\xa0\n71,062,571\xa0\n2,516,772,499\xa0\n매출총이익\n1,525,167,416\xa0\n168,422,348\xa0\n24,696,435\xa0\n1,718,286,199\xa0\n(3) 당기와 전기 중 지역별 영업현황(소재지 기준)은 다음과 같습니다.<당기>\xa0 \xa0 \xa0 \xa0 \xa0 \xa0 \xa0 \xa0 \xa0 \xa0 \xa0 \xa0 \xa0 \xa0 \xa0 \xa0 \xa0 \xa0 \xa0 \xa0 \xa0 \xa0 \xa0 \xa0 \xa0 \xa0 \xa0 \xa0 \xa0 \xa0 \xa0 \xa0 \xa0 \xa0 \xa0 \xa0 \xa0 \xa0 \xa0 \xa0 \xa0 \xa0 \xa0 \xa0 \xa0 \xa0 \xa0 \xa0 \xa0 \xa0\xa0 (단위 : 천원)\n구\xa0 분\n국\xa0 내\n미\xa0 국\n아시아\n합\xa0 계\n총매출\n2,467,036,204\xa0\n80,521,385\xa0\n370,835,921\xa0\n2,918,393,510\xa0\n내부매출\n(211,078,306)\n-\xa0\n-\xa0\n(211,078,306)\n순매출\n2,255,957,898\xa0\n80,521,385\xa0\n370,835,921\xa0\n2,707,315,204\xa0\n유ㆍ무형자산과 투자부동산\n824,912,149\xa0\n9,454,753\xa0\n131,394,549\xa0\n965,761,451\xa0\n<전기>\xa0 \xa0 \xa0 \xa0 \xa0 \xa0 \xa0 \xa0 \xa0 \xa0 \xa0 \xa0 \xa0 \xa0 \xa0 \xa0 \xa0 \xa0 \xa0 \xa0 \xa0 \xa0 \xa0 \xa0 \xa0 \xa0 \xa0 \xa0 \xa0 \xa0 \xa0 \xa0 \xa0 \xa0 \xa0 \xa0 \xa0 \xa0 \xa0 \xa0 \xa0 \xa0 \xa0 \xa0 \xa0 \xa0 \xa0 \xa0 \xa0 \xa0\xa0 (단위 : 천원)\n구\xa0 분\n국\xa0 내\n미\xa0 국\n아시아\n합\xa0 계\n총매출\n2,366,923,935\xa0\n65,047,603\xa0\n226,208,336\xa0\n2,658,179,874\xa0\n내부매출\n(141,407,375)\n-\xa0\n-\xa0\n(141,407,375)\n순매출\n2,225,516,560\xa0\n65,047,603\xa0\n226,208,336\xa0\n2,516,772,499\xa0\n유ㆍ무형자산과 투자부동산\n826,287,389\xa0\n8,791,902\xa0\n94,374,757\xa0\n929,454,048\xa0\n(4)\xa0당기와 전기 중 연결기업 매출액의 10%이상을 차지하는 외부고객은 없습니다.\n4. 금융상품\n(1) 보고기간종료일 현재 연결기업의 금융상품 범주별 분류내역은 다음과 같습니다.<당기말>\xa0 \xa0 \xa0 \xa0 \xa0 \xa0 \xa0 \xa0 \xa0 \xa0 \xa0 \xa0 \xa0 \xa0 \xa0 \xa0 \xa0 \xa0 \xa0 \xa0 \xa0 \xa0 \xa0 \xa0 \xa0 \xa0 \xa0 \xa0 \xa0 \xa0 \xa0 \xa0 \xa0 \xa0 \xa0 \xa0 \xa0 \xa0 \xa0 \xa0 \xa0 \xa0 \xa0 \xa0 \xa0 \xa0 \xa0 \xa0 \xa0 \xa0 \xa0 (단위 : 천원)\n구\xa0 분\n상각후원가로 측정하는 금융자산\n당기손익-공정가치 측정 금융자산\n기타포괄손익-공정가치 측정금융자산\n상각후원가로측정하는 금융부채\n합\xa0 계\n자산\n<유동>\n현금및현금성자산\n69,353,967\xa0\n-\xa0\n-\xa0\n-\xa0\n69,353,967\xa0\n매출채권\n301,799,501\xa0\n-\xa0\n-\xa0\n-\xa0\n301,799,501\xa0\n금융리스채권\n106,740,632\xa0\n-\xa0\n-\xa0\n-\xa0\n106,740,632\xa0\n기타단기금융자산\n14,305,187\xa0\n-\xa0\n-\xa0\n-\xa0\n14,305,187\xa0\n<비유동>\n\u3000\n장기매출채권\n28,401,949\xa0\n-\xa0\n-\xa0\n-\xa0\n28,401,949\xa0\n장기금융리스채권\n293,507,931\xa0\n-\xa0\n-\xa0\n-\xa0\n293,507,931\xa0\n기타장기금융자산\n56,214,222\xa0\n-\xa0\n-\xa0\n-\xa0\n56,214,222\xa0\n당기손익-공정가치 측정금융자산\n-\xa0\n1,218,198\xa0\n-\xa0\n-\xa0\n1,218,198\xa0\n기타포괄손익-공정가치 측정금융자산\n-\xa0\n-\xa0\n365,431\xa0\n-\xa0\n365,431\xa0\n합\xa0 계\n870,323,389\xa0\n1,218,198\xa0\n365,431\xa0\n-\xa0\n871,907,018\xa0\n부채\n<유동>\n매입채무\n-\xa0\n-\xa0\n-\xa0\n62,483,455\xa0\n62,483,455\xa0\n기타단기금융부채\n-\xa0\n-\xa0\n-\xa0\n189,043,248\xa0\n189,043,248\xa0\n단기차입금\n-\xa0\n-\xa0\n-\xa0\n731,112,000\xa0\n731,112,000\xa0\n유동성장기차입금\n-\xa0\n-\xa0\n-\xa0\n536,000\xa0\n536,000\xa0\n<비유동>\n\u3000\n\u3000\n\u3000\n\u3000\n\u3000\n기타장기금융부채\n-\xa0\n-\xa0\n-\xa0\n1,609,548\xa0\n1,609,548\xa0\n장기차입금\n-\xa0\n-\xa0\n-\xa0\n9,985,000\xa0\n9,985,000\xa0\n합\xa0 계\n-\xa0\n-\xa0\n-\xa0\n994,769,251\xa0\n994,769,251\xa0\n<전기말>\xa0 \xa0 \xa0 \xa0 \xa0 \xa0 \xa0 \xa0 \xa0 \xa0 \xa0 \xa0 \xa0 \xa0 \xa0 \xa0 \xa0 \xa0 \xa0 \xa0 \xa0 \xa0 \xa0 \xa0 \xa0 \xa0 \xa0 \xa0 \xa0 \xa0 \xa0 \xa0 \xa0 \xa0 \xa0 \xa0 \xa0 \xa0 \xa0 \xa0 \xa0 \xa0 \xa0 \xa0 \xa0 \xa0 \xa0 \xa0 \xa0 \xa0 \xa0 (단위 : 천원)\n구\xa0 분\n대여금 및수취채권\n매도가능금융자산\n상각후원가로측정하는 금융부채\n합\xa0 계\n자산\n<유동>\n현금및현금성자산\n110,298,033\xa0\n-\xa0\n-\xa0\n110,298,033\xa0\n매출채권\n314,571,051\xa0\n-\xa0\n-\xa0\n314,571,051\xa0\n금융리스채권\n60,030,919\xa0\n-\xa0\n-\xa0\n60,030,919\xa0\n기타단기금융자산\n16,840,900\xa0\n-\xa0\n-\xa0\n16,840,900\xa0\n<비유동>\n\u3000\n\u3000\n\u3000\n\u3000\n장기매출채권\n36,497,327\xa0\n-\xa0\n-\xa0\n36,497,327\xa0\n장기금융리스채권\n169,862,438\xa0\n-\xa0\n-\xa0\n169,862,438\xa0\n기타장기금융자산\n53,770,238\xa0\n-\xa0\n-\xa0\n53,770,238\xa0\n매도가능금융자산\n-\xa0\n2,465,025\xa0\n-\xa0\n2,465,025\xa0\n합\xa0 계\n761,870,906\xa0\n2,465,025\xa0\n-\xa0\n764,335,931\xa0\n부채\n<유동>\n매입채무\n-\xa0\n-\xa0\n54,187,946\xa0\n54,187,946\xa0\n기타단기금융부채\n-\xa0\n-\xa0\n196,387,097\xa0\n196,387,097\xa0\n단기차입금\n-\xa0\n-\xa0\n670,000,000\xa0\n670,000,000\xa0\n<비유동>\n\u3000\n\u3000\n\u3000\n\u3000\n기타장기금융부채\n-\xa0\n-\xa0\n2,068,603\xa0\n2,068,603\xa0\n장기차입금\n-\xa0\n-\xa0\n12,303,000\xa0\n12,303,000\xa0\n합\xa0 계\n-\xa0\n-\xa0\n934,946,646\xa0\n934,946,646\xa0\n(2) 당기와 전기의 금융상품 범주별 순손익의 구분 내역은 다음과 같습니다.\r\n\xa0 \xa0 \xa0 \xa0 \xa0 \xa0 \xa0 \xa0 \xa0 \xa0 \xa0 \xa0 \xa0 \xa0 \xa0 \xa0 \xa0 \xa0 \xa0 \xa0 \xa0 \xa0 \xa0 \xa0 \xa0 \xa0 \xa0 \xa0 \xa0 \xa0 \xa0 \xa0 \xa0 \xa0 \xa0 \xa0 \xa0 \xa0 \xa0 \xa0 \xa0 \xa0 \xa0 \xa0 \xa0 \xa0 \xa0 \xa0 \xa0 \xa0 \xa0 (단위 : 천원)\n구\xa0 분\n당\xa0 기\n전\xa0 기\n상각후원가로 측정하는 금융자산\xa0 (전기: 대여금 및 수취채권)\n\xa0 \xa0\xa0 이자수익\n1,210,069\xa0\n977,507\xa0\n\xa0 \xa0\xa0 외화환산이익\n5,064,764\xa0\n39,474\xa0\n\xa0 \xa0\xa0 외화환산손실\n195,193\xa0\n(19,940,510)\n\xa0 \xa0\xa0 매출채권손상차손\n(19,342,755)\n(16,088,928)\n\xa0 \xa0\xa0 기타채권손상차손\n(3,981,759)\n(4,600,550)\n\xa0기타포괄손익-공정가치측정금융자산\n\xa0 \xa0\xa0 배당금수익\n8,740\xa0\n-\xa0\n\xa0매도가능금융자산\n\xa0 \xa0\xa0 평가손익(기타포괄손익)(주1)\n-\xa0\n10,528\xa0\n\xa0 \xa0\xa0 배당금수익\n-\xa0\n7,390\xa0\n상각후원가로 측정하는 금융부채\xa0\n\xa0 \xa0 \xa0 이자비용\n(17,781,224)\n(12,336,806)\n\xa0 \xa0 \xa0 외화환산이익\n157,299\xa0\n16,494,970\xa0\n\xa0 \xa0 \xa0 외화환산손실\n7,881,159\xa0\n-\xa0\n(주1) 관련 이연법인세 효과를 차감한 후의 금액입니다.상기 이외에 외화로 표시된 매출채권, 기타단기금융자산, 기타장기금융자산 및 매입채무 등 결제시 외환차익 11,531백만원(전기: 3,984백만원)과 외환차손 5,099백만원(전기: 15,037백만원)이 발생하였습니다.\n5. 현금및현금성자산 보고기간종료일 현재 연결기업의 현금및현금성자산 내역은 다음과 같습니다.\xa0 \xa0 \xa0 \xa0 \xa0 \xa0 \xa0 \xa0 \xa0 \xa0 \xa0 \xa0 \xa0 \xa0 \xa0 \xa0 \xa0 \xa0 \xa0 \xa0 \xa0 \xa0 \xa0 \xa0 \xa0 \xa0 \xa0 \xa0 \xa0 \xa0 \xa0 \xa0 \xa0 \xa0 \xa0 \xa0 \xa0 \xa0 \xa0 \xa0 \xa0 \xa0 \xa0 \xa0 \xa0 \xa0 \xa0 \xa0 \xa0 \xa0\xa0 (단위 : 천원)\n구\xa0 분\n당기말\n전기말\n현금\n223,869\xa0\n463,662\xa0\n당좌예금\n38,591,736\xa0\n75,033,991\xa0\n보통예금\n30,480,468\xa0\n34,748,085\xa0\n기타현금성자산\n57,895\xa0\n52,295\xa0\n합\xa0 계\n69,353,968\xa0\n110,298,033\xa0\n6. 매출채권 및 금융리스채권\n(1) 보고기간종료일 현재 연결기업의 매출채권 및 금융리스채권 내역은 다음과 같습니다.\xa0 \xa0 \xa0 \xa0 \xa0 \xa0 \xa0 \xa0 \xa0 \xa0 \xa0 \xa0 \xa0 \xa0 \xa0 \xa0 \xa0 \xa0 \xa0 \xa0 \xa0 \xa0 \xa0 \xa0 \xa0 \xa0 \xa0 \xa0 \xa0 \xa0 \xa0 \xa0 \xa0 \xa0 \xa0 \xa0 \xa0 \xa0 \xa0 \xa0 \xa0 \xa0 \xa0 \xa0 \xa0 \xa0 \xa0 \xa0 \xa0 \xa0 \xa0 (단위 : 천원)\n구\xa0 분\n당기말\n전기말\n유동 :\xa0\n매출채권\xa0\n364,114,805\xa0\n366,441,936\xa0\n\xa0 현재가치할인차금\n(883,601)\n(809,535)\n\xa0 대손충당금\xa0\n(61,431,703)\n(51,061,350)\n금융리스채권\n115,640,491\xa0\n62,022,017\xa0\n\xa0 현재가치할인차금\n(5,998,666)\n(1,207,889)\n\xa0 대손충당금\xa0\n(2,901,193)\n(783,209)\n합\xa0 계\n408,540,133\xa0\n374,601,970\xa0\n비유동 :\xa0\n\u3000\n\u3000\n매출채권\n38,761,535\xa0\n47,518,206\xa0\n\xa0현재가치할인차금\n(2,290,534)\n(2,951,826)\n\xa0대손충당금\n(8,069,052)\n(8,069,052)\n금융리스채권\n338,347,403\xa0\n195,967,625\xa0\n\xa0 현재가치할인차금\n(42,789,742)\n(24,055,457)\n\xa0 대손충당금\n(2,049,730)\n(2,049,730)\n합\xa0 계\n321,909,880\xa0\n206,359,766\xa0\n(2) 보고기간종료일 현재 연체되었으나 손상되지 아니한 매출채권 및 금융리스채권의 연령분석은 다음과 같습니다.\n\xa0 \xa0 \xa0 \xa0 \xa0 \xa0 \xa0 \xa0 \xa0 \xa0 \xa0 \xa0 \xa0 \xa0 \xa0 \xa0 \xa0 \xa0 \xa0 \xa0 \xa0 \xa0 \xa0 \xa0 \xa0 \xa0 \xa0 \xa0 \xa0 \xa0 \xa0 \xa0 \xa0 \xa0 \xa0 \xa0 \xa0 \xa0 \xa0 \xa0 \xa0 \xa0 \xa0 \xa0 \xa0 \xa0 \xa0 \xa0 \xa0 \xa0 \xa0 (단위 : 천원)\n구\xa0 분\n합\xa0 계\n정상채권\n만기경과 미손상금액\n손상차손금액\n6개월 이하\n6개월초과 ~12개월이하\n12개월초과분\n당기말\n856,864,235\xa0\n740,728,378\xa0\n37,076,682\xa0\n3,859,256\xa0\n748,241\xa0\n74,451,678\xa0\n전기말\n671,949,784\xa0\n568,541,374\xa0\n39,863,395\xa0\n1,404,807\xa0\n176,869\xa0\n61,963,341\xa0\n(3) 당기와 전기 중 매출채권 및 금융리스채권에 대한 대손충당금의 변동내역은 다음과 같습니다.\xa0 \xa0 \xa0 \xa0 \xa0 \xa0 \xa0 \xa0 \xa0 \xa0 \xa0 \xa0 \xa0 \xa0 \xa0 \xa0 \xa0 \xa0 \xa0 \xa0 \xa0 \xa0 \xa0 \xa0 \xa0 \xa0 \xa0 \xa0 \xa0 \xa0 \xa0 \xa0 \xa0 \xa0 \xa0 \xa0 \xa0 \xa0 \xa0 \xa0 \xa0 \xa0 \xa0 \xa0 \xa0 \xa0 \xa0 \xa0 \xa0 \xa0 \xa0 (단위 : 천원)\n구\xa0 분\n당\xa0 기\n전\xa0 기\n기초(기준서 제1039호)\n61,963,341\xa0\n56,311,363\xa0\n기초이익잉여금의 조정\n3,952,885\xa0\n-\xa0\n최초적용일 대손충당금(기준서 제1109호)\n65,916,226\xa0\n56,311,363\xa0\n손상된 채권에 대한 손상차손\n19,324,755\xa0\n16,088,928\xa0\n부실채권 제각 및 매각\n(11,179,275)\n(10,628,466)\n상각채권 회수\n35,966\xa0\n39,573\xa0\n외환차이 등\n354,006\xa0\n151,943\xa0\n보고기간 말 금액\xa0\n74,451,678\xa0\n61,963,341\xa0\n7. 기타금융자산\n(1) 보고기간종료일 현재 연결기업의 기타금융자산 내역은 다음과 같습니다.\xa0 \xa0 \xa0 \xa0 \xa0 \xa0 \xa0 \xa0 \xa0 \xa0 \xa0 \xa0 \xa0 \xa0 \xa0 \xa0 \xa0 \xa0 \xa0 \xa0 \xa0 \xa0 \xa0 \xa0 \xa0 \xa0 \xa0 \xa0 \xa0 \xa0 \xa0 \xa0 \xa0 \xa0 \xa0 \xa0 \xa0 \xa0 \xa0 \xa0 \xa0 \xa0 \xa0 \xa0 \xa0 \xa0 \xa0 \xa0 \xa0 \xa0 \xa0 (단위 : 천원)\n\xa0 구\xa0 분\n당기말\n전기말\n기타단기금융자산 :\n\u3000\n\xa0 단기금융상품\n-\xa0\n-\xa0\n\xa0 단기대여금\n56,371\xa0\n58,062\xa0\n\xa0 미수금\n44,765,199\xa0\n43,398,948\xa0\n\xa0 차감: 대손충당금(단기성 항목)\n(30,516,383)\n(26,616,110)\n합\xa0 계\n14,305,187\xa0\n16,840,900\xa0\n기타장기금융자산 :\n\u3000\n\xa0 장기금융기관예치금\n8,324,536\xa0\n8,323,309\xa0\n\xa0 장기보증금\n46,678,085\xa0\n45,451,929\xa0\n\xa0 기타장기매출채권및기타채권\n3,179,073\xa0\n3,179,073\xa0\n\xa0 기타\n1,216,600\xa0\n-\xa0\n\xa0 차감: 대손충당금(장기성 항목)\n(3,184,073)\n(3,184,073)\n합\xa0 계\n56,214,221\xa0\n53,770,238\xa0\n보고기간종료일 현재 기타금융자산 중 영업수당 미환수채권, 임차보증금 등은 손상이 발생하였으며, 이러한 손상채권에 대해서는 개별적인 분석에 의하여 손상차손을 인식하고 있습니다. (2) 보고기간종료일 현재 기타단기금융자산의 연령은 대부분 1년 이내이며, 기타장기금융자산의 연령은 대부분 1~2년 이내입니다. 기타금융자산은 다수의 거래처에 분산되어 있어, 중요한 신용위험의 집중은 없습니다. \n(3) 당기와 전기 중 기타금융자산에 대한 대손충당금의 변동내역은 다음과 같습니다.\xa0 \xa0 \xa0 \xa0 \xa0 \xa0 \xa0 \xa0 \xa0 \xa0 \xa0 \xa0 \xa0 \xa0 \xa0 \xa0 \xa0 \xa0 \xa0 \xa0 \xa0 \xa0 \xa0 \xa0 \xa0 \xa0 \xa0 \xa0 \xa0 \xa0 \xa0 \xa0 \xa0 \xa0 \xa0 \xa0 \xa0 \xa0 \xa0 \xa0 \xa0 \xa0 \xa0 \xa0 \xa0 \xa0 \xa0 \xa0 \xa0 \xa0 \xa0 (단위 : 천원)\n구\xa0 분\n당\xa0 기\n전\xa0 기\n기타단기금융자산 :\n\u3000\n\xa0\xa0 기초(기준서 제1039호)\n26,616,110\xa0\n22,480,206\xa0\n\xa0\xa0 기초이익잉여금의 조정\n132,706\xa0\n-\xa0\n\xa0\xa0 최초적용일 대손충당금(기준서 제1109호)\n26,748,816\xa0\n22,480,206\xa0\n\xa0\xa0 손상된 채권에 대한 손상차손\n3,981,759\xa0\n4,600,550\xa0\n\xa0\xa0 부실채권매각\n(148,717)\n(409,780)\n\xa0\xa0 외화환산 등\xa0\n(65,475)\n(54,866)\n\xa0\xa0 보고기간 말 금액\xa0\n30,516,383\xa0\n26,616,110\xa0\n기타장기금융자산 :\n\u3000\n\xa0\xa0 기초금액\n3,184,073\xa0\n3,184,073\xa0\n\xa0\xa0 손상된 채권에 대한 손상차손\n-\xa0\n-\xa0\n\xa0\xa0 부실채권 제각\n-\xa0\n-\xa0\n\xa0\xa0 보고기간 말 금액\n3,184,073\xa0\n3,184,073\xa0\n8. 기타자산 \n보고기간종료일 현재 연결기업의 기타자산 내역은 다음과 같습니다.\xa0 \xa0 \xa0 \xa0 \xa0 \xa0 \xa0 \xa0 \xa0 \xa0 \xa0 \xa0 \xa0 \xa0 \xa0 \xa0 \xa0 \xa0 \xa0 \xa0 \xa0 \xa0 \xa0 \xa0 \xa0 \xa0 \xa0 \xa0 \xa0 \xa0 \xa0 \xa0 \xa0 \xa0 \xa0 \xa0 \xa0 \xa0 \xa0 \xa0 \xa0 \xa0 \xa0 \xa0 \xa0 \xa0 \xa0 \xa0 \xa0 \xa0 \xa0 (단위 : 천원)\n구\xa0 분\n당기말\n전기말\n기타유동자산 :\n\xa0\xa0 선급금\n8,869,714\xa0\n8,192,229\xa0\n\xa0\xa0 선급비용\n221,792,358\xa0\n196,191,185\xa0\n\xa0\xa0 미청구공사\n9,517,594\xa0\n8,788,417\xa0\n\xa0\xa0 기타\n162,305\xa0\n166,639\xa0\n합\xa0 계\n240,341,971\n213,338,470\xa0\n기타비유동자산 :\n\xa0\xa0 장기선급비용\n184,345,693\xa0\n167,397,555\xa0\n\xa0\xa0 기타\n124,330\xa0\n124,330\xa0\n합\xa0 계\n184,470,023\n167,521,885\xa0\n9. 재고자산\n보고기간종료일 현재 연결기업의 재고자산 내역은 다음과 같습니다.\xa0 \xa0 \xa0 \xa0 \xa0 \xa0 \xa0 \xa0 \xa0 \xa0 \xa0 \xa0 \xa0 \xa0 \xa0 \xa0 \xa0 \xa0 \xa0 \xa0 \xa0 \xa0 \xa0 \xa0 \xa0 \xa0 \xa0 \xa0 \xa0 \xa0 \xa0 \xa0 \xa0 \xa0 \xa0 \xa0 \xa0 \xa0 \xa0 \xa0 \xa0 \xa0 \xa0 \xa0 \xa0 \xa0 \xa0 \xa0 \xa0 \xa0 \xa0 (단위 : 천원)\n구\xa0 분\n당기말\n전기말\n평가전금액\n평가충당금\n재무상태표가액\n평가전금액\n평가충당금\n재무상태표가액\n상\xa0 품\n73,704,574\xa0\n(10,007,400)\n63,697,174\xa0\n55,514,682\xa0\n(7,298,418)\n48,216,264\xa0\n제\xa0 품\n28,614,135\xa0\n(5,147,050)\n23,467,085\xa0\n26,777,515\xa0\n(10,323,741)\n16,453,774\xa0\n반제품\n470,753\xa0\n(2,177)\n468,576\xa0\n391,591\xa0\n(56)\n391,535\xa0\n원재료\n6,638,710\xa0\n(303,102)\n6,335,608\xa0\n7,227,963\xa0\n(771,827)\n6,456,136\xa0\n미착품\n8,950,609\xa0\n-\xa0\n8,950,609\xa0\n3,343,297\xa0\n-\xa0\n3,343,297\xa0\n합\xa0 계\n118,378,781\xa0\n(15,459,729)\n102,919,052\xa0\n93,255,048\xa0\n(18,394,042)\n74,861,006\xa0\n10.\xa0공정가치측정금융자산(매도가능금융자산)\n(1) 보고기간 종료일 현재 기타포괄손익-공정가치 측정 금융자산은 다음과 같습니 다.\xa0 \xa0 \xa0 \xa0 \xa0 \xa0 \xa0 \xa0 \xa0 \xa0 \xa0 \xa0 \xa0 \xa0 \xa0 \xa0 \xa0 \xa0 \xa0 \xa0 \xa0 \xa0 \xa0 \xa0 \xa0 \xa0 \xa0 \xa0 \xa0 \xa0 \xa0 \xa0 \xa0 \xa0 \xa0 \xa0 \xa0 \xa0 \xa0 \xa0 \xa0 \xa0 \xa0 \xa0 \xa0 \xa0 \xa0 \xa0 \xa0 \xa0\xa0 (단위 : 천원)\n구\xa0 분\n당기말\n전기말(주1)\n비유동항목\n\u3000\n비상장주식\n\u3000\n\xa0 맥사이언스\n327,406\xa0\n1,133,760\xa0\n\xa0 NEX텔레콤\n9,504\xa0\n98,516\xa0\n\xa0 (주)나비스토리\n27,889\xa0\n27,889\xa0\n\xa0 기타\n632\xa0\n632\xa0\n합\xa0 계\n365,431\n1,260,797\xa0\n(주1) 연결기업은 전기말 동 금융상품을 매도가능금융자산으로 분류하였습니다.\n(2) 보고기간 종료일 현재 당기손익-공정가치 측정 금융자산은 다음과 같습니다.\xa0 \xa0 \xa0 \xa0 \xa0 \xa0 \xa0 \xa0 \xa0 \xa0 \xa0 \xa0 \xa0 \xa0 \xa0 \xa0 \xa0 \xa0 \xa0 \xa0 \xa0 \xa0 \xa0 \xa0 \xa0 \xa0 \xa0 \xa0 \xa0 \xa0 \xa0 \xa0 \xa0 \xa0 \xa0 \xa0 \xa0 \xa0 \xa0 \xa0 \xa0 \xa0 \xa0 \xa0 \xa0 \xa0 \xa0 \xa0 \xa0 \xa0\xa0 (단위 : 천원)\r\n구\xa0 분\n당기말\n전기말(주1)\n비유동항목\n\u3000\n조합출자금\n\u3000\n\xa0 한국정수기협동조합\n5,300\xa0\n5,300\n\xa0 공제조합 등\n1,212,898\xa0\n1,198,927\n\xa0 \xa0 \xa0 \xa0 \xa0 \xa0 \xa0 \xa0\xa0 합\xa0\xa0 계\n1,218,198\xa0\n1,204,227\n(주1) 연결기업은 전기말 동 금융상품을 매도가능금융자산으로 분류하였습니다.\n11. 유형자산\n(1) 보고기간종료일 현재 연결기업의 유형자산 내역은 다음과 같습니다.<당기말>\xa0 \xa0 \xa0 \xa0 \xa0 \xa0 \xa0 \xa0 \xa0 \xa0 \xa0 \xa0 \xa0 \xa0 \xa0 \xa0 \xa0 \xa0 \xa0 \xa0 \xa0 \xa0 \xa0 \xa0 \xa0 \xa0 \xa0 \xa0 \xa0 \xa0 \xa0 \xa0 \xa0 \xa0 \xa0 \xa0 \xa0 \xa0 \xa0 \xa0 \xa0 \xa0 \xa0 \xa0 \xa0 \xa0 \xa0 \xa0 \xa0 \xa0 \xa0 (단위 : 천원)\n구\xa0 분\n취득원가\n상각누계액 및손상누계액\n정부보조금\n장부금액\n토\xa0 지\n34,716,727\xa0\n-\xa0\n-\xa0\n34,716,727\xa0\n건\xa0 물\n38,236,374\xa0\n(10,138,608)\n(214,671)\n27,883,095\xa0\n구축물\n3,486,368\xa0\n(2,571,603)\n-\xa0\n914,765\xa0\n기계장치\n37,024,493\xa0\n(22,023,745)\n-\xa0\n15,000,748\xa0\n차량운반구\n964,376\xa0\n(859,500)\n-\xa0\n104,876\xa0\n공구기구\n201,200,749\xa0\n(157,237,202)\n-\xa0\n43,963,547\xa0\n비\xa0 품\n104,057,592\xa0\n(85,405,514)\n-\xa0\n18,652,078\xa0\n렌탈자산\n1,180,409,499\xa0\n(549,367,757)\n-\xa0\n631,041,742\xa0\n기타유형자산\n27,413,368\xa0\n(19,188,586)\n(79,200)\n8,145,582\xa0\n건설중인자산\n589,573\xa0\n-\xa0\n-\xa0\n589,573\xa0\n합\xa0 계\n1,628,099,119\n(846,792,515)\n(293,871)\n781,012,733\n<전기말>\xa0 \xa0 \xa0 \xa0 \xa0 \xa0 \xa0 \xa0 \xa0 \xa0 \xa0 \xa0 \xa0 \xa0 \xa0 \xa0 \xa0 \xa0 \xa0 \xa0 \xa0 \xa0 \xa0 \xa0 \xa0 \xa0 \xa0 \xa0 \xa0 \xa0 \xa0 \xa0 \xa0 \xa0 \xa0 \xa0 \xa0 \xa0 \xa0 \xa0 \xa0 \xa0 \xa0 \xa0 \xa0 \xa0 \xa0 \xa0 \xa0 \xa0 \xa0 (단위 : 천원)\n구\xa0 분\n취득원가\n상각누계액 및손상누계액\n정부보조금\n장부금액\n토\xa0 지\n34,716,727\xa0\n-\xa0\n-\xa0\n34,716,727\xa0\n건\xa0 물\n38,234,394\xa0\n(9,109,895)\n(220,447)\n28,904,052\xa0\n구축물\n3,289,168\xa0\n(2,225,718)\n-\xa0\n1,063,450\xa0\n기계장치\n34,592,629\xa0\n(19,903,386)\n-\xa0\n14,689,243\xa0\n차량운반구\n942,302\xa0\n(892,379)\n-\xa0\n49,923\xa0\n공구기구\n181,200,160\xa0\n(137,868,437)\n-\xa0\n43,331,723\xa0\n비\xa0 품\n99,418,724\xa0\n(82,969,025)\n-\xa0\n16,449,699\xa0\n렌탈자산\n1,055,242,295\xa0\n(491,961,023)\n-\xa0\n563,281,272\xa0\n기타유형자산\n26,502,288\xa0\n(19,097,848)\n(1)\n7,404,439\xa0\n건설중인자산\n2,507,286\xa0\n-\xa0\n-\xa0\n2,507,286\xa0\n합\xa0 계\n1,476,645,973\xa0\n(764,027,711)\n(220,448)\n712,397,814\xa0\n(2) 당기와 전기 중 유형자산의 장부금액 변동내역은 다음과 같습니다.<당기>\xa0 \xa0 \xa0 \xa0 \xa0 \xa0 \xa0 \xa0 \xa0 \xa0 \xa0 \xa0 \xa0 \xa0 \xa0 \xa0 \xa0 \xa0 \xa0 \xa0 \xa0 \xa0 \xa0 \xa0 \xa0 \xa0 \xa0 \xa0 \xa0 \xa0 \xa0 \xa0 \xa0 \xa0 \xa0 \xa0 \xa0 \xa0 \xa0 \xa0 \xa0 \xa0 \xa0 \xa0 \xa0 \xa0 \xa0 \xa0 \xa0 \xa0 \xa0 (단위 : 천원)\n구\xa0 분\n당기초\n취득/자본적지출\n처분/폐기/손상\n감가상각\n대체(주1)\n외환차이\n당기말\n토지\n34,716,727\xa0\n-\xa0\n-\xa0\n-\xa0\n-\xa0\n-\xa0\n34,716,727\xa0\n건물\n28,904,052\xa0\n1,980\xa0\n-\xa0\n(1,022,937)\n-\xa0\n-\xa0\n27,883,095\xa0\n구축물\n1,063,450\xa0\n197,200\xa0\n-\xa0\n(345,885)\n-\xa0\n-\xa0\n914,765\xa0\n기계장치\n14,689,243\xa0\n1,871,677\xa0\n(136,429)\n(2,977,703)\n1,533,500\xa0\n20,460\xa0\n15,000,748\xa0\n차량운반구\n49,923\xa0\n76,608\xa0\n(1)\n(20,914)\n-\xa0\n(740)\n104,876\xa0\n공구기구\n43,331,722\xa0\n16,284,833\xa0\n(3,907,910)\n(15,693,413)\n3,947,888\xa0\n427\xa0\n43,963,547\xa0\n비품\n16,449,698\xa0\n7,948,777\xa0\n(273,364)\n(6,116,911)\n566,400\xa0\n77,478\xa0\n18,652,078\xa0\n렌탈자산\n563,281,273\xa0\n363,967,047\xa0\n(80,039,664)\n(217,906,266)\n(1,169,578)\n2,908,930\xa0\n631,041,742\xa0\n기타유형자산\n7,404,440\xa0\n2,391,397\xa0\n(105,270)\n(2,265,786)\n718,700\xa0\n2,101\xa0\n8,145,582\xa0\n건설중인자산\n2,507,286\xa0\n5,100,285\xa0\n-\xa0\n-\xa0\n(7,017,998)\n-\xa0\n589,573\xa0\n합\xa0 계\n712,397,814\xa0\n397,839,804\xa0\n(84,462,638)\n(246,349,815)\n(1,421,088)\n3,008,656\xa0\n781,012,733\xa0\n(주1) 해당 차이내역은 당기 중 재고자산으로 대체되었습니다.\n<전기>\xa0 \xa0 \xa0 \xa0 \xa0 \xa0 \xa0 \xa0 \xa0 \xa0 \xa0 \xa0 \xa0 \xa0 \xa0 \xa0 \xa0 \xa0 \xa0 \xa0 \xa0 \xa0 \xa0 \xa0 \xa0 \xa0 \xa0 \xa0 \xa0 \xa0 \xa0 \xa0 \xa0 \xa0 \xa0 \xa0 \xa0 \xa0 \xa0 \xa0 \xa0 \xa0 \xa0 \xa0 \xa0 \xa0 \xa0 \xa0 \xa0 \xa0 \xa0 (단위 : 천원)\n구\xa0 분\n전기초\n취득/자본적지출\n처분/폐기/손상\n감가상각\n대체(주1)\n외환차이\n전기말\n토지\n34,716,727\xa0\n-\xa0\n-\xa0\n-\xa0\n-\xa0\n-\xa0\n34,716,727\xa0\n건물\n29,676,558\xa0\n165,627\xa0\n-\xa0\n(1,017,777)\n79,644\xa0\n-\xa0\n28,904,052\xa0\n구축물\n1,419,423\xa0\n-\xa0\n(1)\n(355,972)\n-\xa0\n-\xa0\n1,063,450\xa0\n기계장치\n15,475,852\xa0\n807,282\xa0\n(27,552)\n(2,931,113)\n1,389,890\xa0\n(25,116)\n14,689,243\xa0\n차량운반구\n97,205\xa0\n-\xa0\n(4,996)\n(38,119)\n-\xa0\n(4,167)\n49,923\xa0\n공구기구\n39,050,956\xa0\n13,833,893\xa0\n(28,031)\n(14,498,314)\n4,975,236\xa0\n(2,017)\n43,331,722\xa0\n비품\n14,104,692\xa0\n8,180,219\xa0\n(1,281)\n(5,750,035)\n26,840\xa0\n(110,736)\n16,449,698\xa0\n렌탈자산\n526,722,393\xa0\n307,662,485\xa0\n(62,727,031)\n(200,565,606)\n(4,456,969)\n(3,354,000)\n563,281,273\xa0\n기타유형자산\n6,060,510\xa0\n2,299,967\xa0\n(2)\n(1,719,277)\n764,372\xa0\n(1,131)\n7,404,440\xa0\n건설중인자산(주2)\n2,078,864\xa0\n7,664,404\xa0\n-\xa0\n-\xa0\n(7,235,982)\n-\xa0\n2,507,286\xa0\n합\xa0 계\n669,403,180\xa0\n340,613,877\xa0\n(62,788,894)\n(226,876,213)\n(4,456,969)\n(3,497,167)\n712,397,814\xa0\n(주1) 해당 차이내역은 당기 중 재고자산으로 대체되었습니다.\n(3)\xa0운용리스 제공내역\n연결기업은 보유중인 렌탈자산에 대하여 다수의 고객과 운용리스를 제공하는 계약을체결하고 있으며,\xa0보고기간종료일 현재 동 운용자산의 장부금액은 아래와 같습니다.\xa0 \xa0 \xa0 \xa0 \xa0 \xa0 \xa0 \xa0 \xa0 \xa0 \xa0 \xa0 \xa0 \xa0 \xa0 \xa0 \xa0 \xa0 \xa0 \xa0 \xa0 \xa0 \xa0 \xa0 \xa0 \xa0 \xa0 \xa0 \xa0 \xa0 \xa0 \xa0 \xa0 \xa0 \xa0 \xa0 \xa0 \xa0 \xa0 \xa0 \xa0 \xa0 \xa0 \xa0 \xa0 \xa0 \xa0 \xa0 \xa0 \xa0 \xa0 (단위 : 천원)\r\n구\xa0 분\n당기말\n전기말\n렌탈자산\n631,041,742\xa0\n563,281,272\xa0\n12. 무형자산(1) 보고기간종료일 현재 연결기업의 무형자산 내역은 다음과 같습니다.<당기말>\xa0 \xa0 \xa0 \xa0 \xa0 \xa0 \xa0 \xa0 \xa0 \xa0 \xa0 \xa0 \xa0 \xa0 \xa0 \xa0 \xa0 \xa0 \xa0 \xa0 \xa0 \xa0 \xa0 \xa0 \xa0 \xa0 \xa0 \xa0 \xa0 \xa0 \xa0 \xa0 \xa0 \xa0 \xa0 \xa0 \xa0 \xa0 \xa0 \xa0 \xa0 \xa0 \xa0 \xa0 \xa0 \xa0 \xa0 \xa0 \xa0 \xa0 \xa0 (단위 : 천원)\n구\xa0 분\n취득원가\xa0\n상각누계액,손상누계액,정부보조금\n장부금액\n영업권\n129,500,695\xa0\n(19,688,578)\n109,812,117\xa0\n산업재산권\n3,592,091\xa0\n(2,120,461)\n1,471,630\xa0\n소프트웨어\n80,928,272\xa0\n(62,900,070)\n18,028,202\xa0\n개발비\n340,453\xa0\n(340,453)\n-\xa0\n시설이용권\n6,207,302\xa0\n-\xa0\n6,207,302\xa0\n기타무형자산\n63,609,972\xa0\n(39,287,664)\n24,322,308\xa0\n개발중인무형자산\n450,877\xa0\n-\xa0\n450,877\xa0\n합\xa0 계\n284,629,662\n(124,337,226)\n160,292,436\n<전기말>\xa0 \xa0 \xa0 \xa0 \xa0 \xa0 \xa0 \xa0 \xa0 \xa0 \xa0 \xa0 \xa0 \xa0 \xa0 \xa0 \xa0 \xa0 \xa0 \xa0 \xa0 \xa0 \xa0 \xa0 \xa0 \xa0 \xa0 \xa0 \xa0 \xa0 \xa0 \xa0 \xa0 \xa0 \xa0 \xa0 \xa0 \xa0 \xa0 \xa0 \xa0 \xa0 \xa0 \xa0 \xa0 \xa0 \xa0 \xa0 \xa0 \xa0 \xa0 (단위 : 천원)\n구\xa0 분\n취득원가\xa0\n상각누계액,손상누계액,정부보조금\n장부금액\n영업권\n129,000,695\xa0\n-\xa0\n129,000,695\xa0\n산업재산권\n3,565,233\xa0\n(1,707,073)\n1,858,160\xa0\n소프트웨어\n71,936,369\xa0\n(56,734,668)\n15,201,701\xa0\n개발비\n340,453\xa0\n(340,453)\n-\xa0\n시설이용권\n6,207,302\xa0\n-\xa0\n6,207,302\xa0\n기타무형자산\n63,153,038\xa0\n(36,898,848)\n26,254,190\xa0\n개발중인무형자산\n5,398,046\xa0\n-\xa0\n5,398,046\xa0\n합\xa0 계\n279,601,136\xa0\n(95,681,042)\n183,920,094\xa0\n(2) 당기와 전기 중 무형자산의 장부금액 변동내역은 다음과 같습니다.<당기>\xa0 \xa0 \xa0 \xa0 \xa0 \xa0 \xa0 \xa0 \xa0 \xa0 \xa0 \xa0 \xa0 \xa0 \xa0 \xa0 \xa0 \xa0 \xa0 \xa0 \xa0 \xa0 \xa0 \xa0 \xa0 \xa0 \xa0 \xa0 \xa0 \xa0 \xa0 \xa0 \xa0 \xa0 \xa0 \xa0 \xa0 \xa0 \xa0 \xa0 \xa0 \xa0 \xa0 \xa0 \xa0 \xa0 \xa0 \xa0 \xa0 \xa0 \xa0 (단위 : 천원)\n구\xa0 분\n당기초\n취득/자본적지출\n처분/폐기/손상\n상\xa0 각\n대\xa0 체\n외환차이 등\n당기말\n영업권\n129,000,695\xa0\n-\xa0\n(19,188,578)\n-\xa0\n-\xa0\n-\xa0\n109,812,117\xa0\n산업재산권\n1,858,160\xa0\n-\xa0\n-\xa0\n(413,388)\n26,858\xa0\n-\xa0\n1,471,630\xa0\n소프트웨어\n15,201,701\xa0\n1,833,491\xa0\n-\xa0\n(6,128,742)\n7,106,861\xa0\n14,891\xa0\n18,028,202\xa0\n시설이용권\n6,207,302\xa0\n-\xa0\n-\xa0\n-\xa0\n-\xa0\n-\xa0\n6,207,302\xa0\n기타무형자산\n26,254,190\xa0\n-\xa0\n-\xa0\n(2,183,070)\n251,510\xa0\n(322)\n24,322,308\xa0\n개발중인자산\n5,398,046\xa0\n2,686,550\xa0\n(500,000)\n-\xa0\n(7,133,719)\n-\xa0\n450,877\xa0\n합\xa0 계\n183,920,094\xa0\n4,520,041\xa0\n(19,688,578)\n(8,725,200)\n251,510\xa0\n14,569\xa0\n160,292,436\xa0\n<전기>\xa0 \xa0 \xa0 \xa0 \xa0 \xa0 \xa0 \xa0 \xa0 \xa0 \xa0 \xa0 \xa0 \xa0 \xa0 \xa0 \xa0 \xa0 \xa0 \xa0 \xa0 \xa0 \xa0 \xa0 \xa0 \xa0 \xa0 \xa0 \xa0 \xa0 \xa0 \xa0 \xa0 \xa0 \xa0 \xa0 \xa0 \xa0 \xa0 \xa0 \xa0 \xa0 \xa0 \xa0 \xa0 \xa0 \xa0 \xa0 \xa0 \xa0 \xa0 (단위 : 천원)\n구\xa0 분\n전기초\n취득/자본적지출\n처분/폐기/손상\n상\xa0 각\n대\xa0 체\n외환차이 등\n전기말\n영업권\n129,000,695\xa0\n-\xa0\n-\xa0\n-\xa0\n-\xa0\n-\xa0\n129,000,695\xa0\n산업재산권\n53,630\xa0\n-\xa0\n-\xa0\n(216,950)\n2,021,480\xa0\n-\xa0\n1,858,160\xa0\n소프트웨어\n18,347,518\xa0\n1,214,092\xa0\n(211,997)\n(5,864,667)\n1,785,665\xa0\n(68,910)\n15,201,701\xa0\n시설이용권\n6,207,302\xa0\n-\xa0\n-\xa0\n-\xa0\n-\xa0\n-\xa0\n6,207,302\xa0\n기타무형자산\n28,351,432\xa0\n-\xa0\n-\xa0\n(2,093,762)\n-\xa0\n(3,480)\n26,254,190\xa0\n개발중인자산\n1,033,285\xa0\n8,171,906\xa0\n-\xa0\n-\xa0\n(3,807,145)\n-\xa0\n5,398,046\xa0\n합\xa0 계\n182,993,862\xa0\n9,385,998\xa0\n(211,997)\n(8,175,379)\n-\xa0\n(72,390)\n183,920,094\xa0\n(3) 영업권의 손상평가\xa0\n보고기간종료일 현재 영업권은 연결기업의 경영진이 영업권을 관리하는 단위인 현금창출단위별로 다음과 같이 배분되었습니다.\xa0 \xa0 \xa0 \xa0 \xa0 \xa0 \xa0 \xa0 \xa0 \xa0 \xa0 \xa0 \xa0 \xa0 \xa0 \xa0 \xa0 \xa0 \xa0 \xa0 \xa0 \xa0 \xa0 \xa0 \xa0 \xa0 \xa0 \xa0 \xa0 \xa0 \xa0 \xa0 \xa0 \xa0 \xa0 \xa0 \xa0 \xa0 \xa0 \xa0 \xa0 \xa0 \xa0 \xa0 \xa0 \xa0 \xa0 \xa0 \xa0 \xa0 \xa0 (단위 : 천원)\n구\xa0 분\n당기말\n전기말\n환경가전 부문\n99,262,568\xa0\n99,262,568\xa0\n화장품 부문\n5,488,348\xa0\n8,128,348\xa0\n코웨이엔텍 부문\n3,987,779\xa0\n21,609,779\xa0\n합\xa0 계\n108,738,695\xa0\n129,000,695\xa0\n연결기업은 매년 영업권에 대한 손상검사를 수행하고 있습니다.\xa0손상검사 수행결과, 화장품 부문 및 코웨이엔텍 부문의 영업권 장부금액이 회수가능금액을 초과할 것으로 판단하여 무형자산손상차손을 각각 2,640백만원 및 16,549백만원 인식하였습니다. 현금흐름창출단위(집단)의 회수가능가액은 사용가치 계산에 근거하여 결정되었습니다. 사용가치의 계산은 경영진이 승인한 향후 5년치의 재무예산에 근거하여 현금흐름추정치를 사용하였습니다. 동 기간에 대하여 사용된 매출액이익률과 이를 초과하는 기간에 대한 영구성장률은 아래와 같습니다. 영구현금흐름의 산출에는 일정 성장률 가정이 사용되었습니다.\xa0손상평가 수행결과,\xa0당기 및 전기 중에 인식한 무형자산손상차손은 없습니다. 당기 보고기간종료일 현재 사용가치 계산에 사용된 주요 가정치는 다음과 같습니다.\n보고부문\n매출성장률(주1)\n영구성장률(주2)\n할인율(주3)\n환경가전 부문\n3.44%\n0.00%\n5.8%\n화장품부문\n5.9%\n0.0%\n16.0%\n코웨이엔텍부문\n6.7%\n0.0%\n11.6%\n(주1) 2019년부터 2023년까지 연평균 매출액 증가율을 의미합니다. 연결기업은 현금흐름을 과거경험, 실제 영업결과 그리고 사업계획에 근거하여 추정하였습니다. 추정기간동안 현금흐름의 추정에 포함된 수익은 각 보고부문별 사업 특성이 반영되어 있습니다.\r\n(주2) 2023년부터 추가적인 기간의 미래현금흐름은 고정된 성장률을 사용하여 추정하였습니다.\n(주3) 각 보고부문의 회수가능액을 결정할 때 사용한 할인율은 가중평균자본비용에 근거하여 예측하였습니다. 무위험할인율, 시장위험프리미엄과 베타계수는 Bloomberg에서 조회되는 외부정보에 기초하여 각 보고부문의 자기자본비율 등을 조정하여 사용하였습니다.\n13. 투자부동산\n(1) 보고기간종료일 현재 연결기업의 투자부동산 내역은 다음과 같습니다.\xa0 \xa0 \xa0 \xa0 \xa0 \xa0 \xa0 \xa0 \xa0 \xa0 \xa0 \xa0 \xa0 \xa0 \xa0 \xa0 \xa0 \xa0 \xa0 \xa0 \xa0 \xa0 \xa0 \xa0 \xa0 \xa0 \xa0 \xa0 \xa0 \xa0 \xa0 \xa0 \xa0 \xa0 \xa0 \xa0 \xa0 \xa0 \xa0 \xa0 \xa0 \xa0 \xa0 \xa0 \xa0 \xa0 \xa0 \xa0 \xa0 \xa0 \xa0 (단위 : 천원)\n구\xa0 분\n당기말\n전기말\n취득원가\xa0\n상각누계액 및 손상누계액\n장부금액\n취득원가\xa0\n상각누계액 및 손상누계액\n장부금액\n토\xa0 지\n9,755,271\xa0\n-\xa0\n9,755,271\xa0\n17,634,059\xa0\n-\xa0\n17,634,059\xa0\n건\xa0 물\n17,864,712\xa0\n(3,163,700)\n14,701,012\xa0\n18,353,516\xa0\n(2,851,435)\n15,502,081\xa0\n합\xa0 계\n27,619,983\xa0\n(3,163,700)\n24,456,283\xa0\n35,987,575\xa0\n(2,851,435)\n33,136,140\xa0\n(2) 당기 및 전기 중 연결기업의 투자부동산 장부금액 변동내역은 다음과 같습니다.<당기>\xa0 \xa0 \xa0 \xa0 \xa0 \xa0 \xa0 \xa0 \xa0 \xa0 \xa0 \xa0 \xa0 \xa0 \xa0 \xa0 \xa0 \xa0 \xa0 \xa0 \xa0 \xa0 \xa0 \xa0 \xa0 \xa0 \xa0 \xa0 \xa0 \xa0 \xa0 \xa0 \xa0 \xa0 \xa0 \xa0 \xa0 \xa0 \xa0 \xa0 \xa0 \xa0 \xa0 \xa0 \xa0 \xa0 \xa0 \xa0 \xa0 \xa0 \xa0 (단위 : 천원)\n구\xa0 분\n당기초\n감가상각\n대체(주1)\n당기말\n토\xa0 지\n17,634,059\xa0\n-\xa0\n(7,878,788)\n9,755,271\xa0\n건\xa0 물\n15,502,081\xa0\n(457,760)\n(343,309)\n14,701,012\xa0\n합\xa0 계\n33,136,140\xa0\n(457,760)\n(8,222,097)\n24,456,283\xa0\n(주1) 당기 중 매각예정자산으로 대체되었습니다.<전기>\xa0 \xa0 \xa0 \xa0 \xa0 \xa0 \xa0 \xa0 \xa0 \xa0 \xa0 \xa0 \xa0 \xa0 \xa0 \xa0 \xa0 \xa0 \xa0 \xa0 \xa0 \xa0 \xa0 \xa0 \xa0 \xa0 \xa0 \xa0 \xa0 \xa0 \xa0 \xa0 \xa0 \xa0 \xa0 \xa0 \xa0 \xa0 \xa0 \xa0 \xa0 \xa0 \xa0 \xa0 \xa0 \xa0 \xa0 \xa0 \xa0 \xa0 \xa0 (단위 : 천원)\n구\xa0 분\n전기초\n감가상각\n전기말\n토\xa0 지\n17,634,059\xa0\n-\xa0\n17,634,059\xa0\n건\xa0 물\n15,959,841\xa0\n(457,760)\n15,502,081\xa0\n합\xa0 계\n33,593,900\xa0\n(457,760)\n33,136,140\xa0\n당기 보고기간종료일 현재 투자부동산의 공정가치는\xa020,826백만원(전기말: 32,170백만원)입니다. 당기 중 투자부동산에서 발생한 임대수익은\xa01,586백만원(전기:\xa0 \xa0 \xa0 \xa0 1,761백만원)입니다.\n14. 기타금융부채 및 기타부채 보고기간종료일 현재 연결기업의 기타금융부채 및 기타부채 내역은 다음과 같습니 다.\xa0 \xa0 \xa0 \xa0 \xa0 \xa0 \xa0 \xa0 \xa0 \xa0 \xa0 \xa0 \xa0 \xa0 \xa0 \xa0 \xa0 \xa0 \xa0 \xa0 \xa0 \xa0 \xa0 \xa0 \xa0 \xa0 \xa0 \xa0 \xa0 \xa0 \xa0 \xa0 \xa0 \xa0 \xa0 \xa0 \xa0 \xa0 \xa0 \xa0 \xa0 \xa0 \xa0 \xa0 \xa0 \xa0 \xa0 \xa0 \xa0 \xa0 \xa0 (단위 : 천원)\n구\xa0 \xa0\xa0 분\n당기말\n전기말\n기타단기금융부채 :\n\xa0\xa0 미지급금\n160,606,987\xa0\n166,024,984\xa0\n\xa0\xa0 미지급비용\n28,415,970\xa0\n30,319,814\xa0\n\xa0\xa0 기타\n20,291\xa0\n42,299\xa0\n합\xa0 계\n189,043,248\xa0\n196,387,097\xa0\n기타장기금융부채 :\n\u3000\n\xa0\xa0 장기미지급금\n379,447\xa0\n819,185\xa0\n\xa0\xa0 예수보증금\n15,778\xa0\n69,726\xa0\n\xa0\xa0 렌탈보증금\n1,212,241\xa0\n1,173,027\xa0\n\xa0\xa0 금융리스부채\n2,081\xa0\n6,665\xa0\n합\xa0 계\n1,609,547\xa0\n2,068,603\xa0\n기타유동부채 :\n\u3000\n\xa0 선수금\n93,584,232\xa0\n79,042,074\xa0\n\xa0 예수금\n17,425,131\xa0\n14,191,584\xa0\n\xa0 선수수익\n941,234\xa0\n1,525,026\xa0\n\xa0 정부보조금관련부채\n387,097\xa0\n367,801\xa0\n\xa0 초과청구공사\n4,315,829\xa0\n2,910,998\xa0\n\xa0 기타\n2,223,565\xa0\n4,072,422\xa0\n합\xa0 계\n118,877,088\xa0\n102,109,905\xa0\n기타비유동부채 :\n\u3000\n\xa0 장기선수금\n19,642,390\xa0\n9,890,051\xa0\n\xa0 책임이행적립금(주석19)\n10,113,330\xa0\n9,876,629\xa0\n\xa0 기타장기종업원급여부채\n4,718,039\xa0\n4,616,646\xa0\n\xa0 기타\n93,241\xa0\n50,000\xa0\n합\xa0 계\n34,567,000\xa0\n24,433,326\xa0\n15. 단기차입금\n\xa0보고기간종료일 현재 연결기업의 단기차입금 내역은 다음과 같습니다.\xa0 \xa0 \xa0 \xa0 \xa0 \xa0 \xa0 \xa0 \xa0 \xa0 \xa0 \xa0 \xa0 \xa0 \xa0 \xa0 \xa0 \xa0 \xa0 \xa0 \xa0 \xa0 \xa0 \xa0 \xa0 \xa0 \xa0 \xa0 \xa0 \xa0 \xa0 \xa0 \xa0 \xa0 \xa0 \xa0 \xa0 \xa0 \xa0 \xa0 \xa0 \xa0 \xa0 \xa0 \xa0 \xa0 \xa0 \xa0 \xa0 \xa0 \xa0 (단위 : 천원)\n구\xa0 분\n차입처\n당기이자율(%)\n당기말\n전기말\n운영자금대출\n한국산업은행\n2.76\xa0\n70,000,000\xa0\n70,000,000\xa0\n기업어음증권\n신한은행\n2.45 ~ 2.46\n100,000,000\xa0\n110,000,000\xa0\n〃\n미래에셋증권\n-\xa0\n-\xa0\n50,000,000\xa0\n〃\n삼성증권\n2.45\xa0\n30,000,000\xa0\n30,000,000\xa0\n〃\n한국투자증권\n2.32 ~ 2.59\n350,000,000\xa0\n230,000,000\xa0\n〃\n부국증권\n\u3000\n-\xa0\n50,000,000\xa0\n〃\n우리종합금융\n2.46\xa0\n10,000,000\xa0\n20,000,000\xa0\n〃\nKB증권\n2.32 ~ 2.53\n170,000,000\xa0\n110,000,000\xa0\n신용공여차입금\n한국산업은행\n기준금리(*1)+ 2.0%\n1,112,000\xa0\n-\xa0\n합\xa0 계\n731,112,000\xa0\n670,000,000\xa0\n16. 장기차입금 보고기간종료일 현재 연결기업의 장기차입금 내역은 다음과 같습니다.\xa0 \xa0 \xa0 \xa0 \xa0 \xa0 \xa0 \xa0 \xa0 \xa0 \xa0 \xa0 \xa0 \xa0 \xa0 \xa0 \xa0 \xa0 \xa0 \xa0 \xa0 \xa0 \xa0 \xa0 \xa0 \xa0 \xa0 \xa0 \xa0 \xa0 \xa0 \xa0 \xa0 \xa0 \xa0 \xa0 \xa0 \xa0 \xa0 \xa0 \xa0 \xa0 \xa0 \xa0 \xa0 \xa0 \xa0 \xa0 \xa0 \xa0 \xa0 (단위 : 천원)\r\n구\xa0 분\n차입처\n당기이자율(%)\n금\xa0 액\n당기말\n전기말\n프로젝트파이낸싱(고정)\nNH농협은행\n6.00\n3,372,500\xa0\n3,707,500\xa0\n프로젝트파이낸싱(변동)\n〃\n기준금리(*1)+ 2.50\n3,372,500\xa0\n3,707,500\xa0\n프로젝트파이낸싱(고정)\n〃\n9.00\n3,776,000\xa0\n3,776,000\xa0\n신용공여대출금\n한국산업은행\n기준금리(*2)+ 2.00\n-\xa0\n1,112,000\xa0\n소\xa0 계\n10,521,000\n12,303,000\xa0\n1년이내 만기도래분\n(536,000)\n-\xa0\n잔\xa0 액\n9,985,000\n12,303,000\xa0\n(*1) 해당 이자율 결정일로부터 4영업일전까지의 기간동안 한국금융투자협회가 고시하는 신용등급 AA- 인 회사가 발행한 잔존만기 3년인 원화표시 무보증공모회사채의최종호가수익률 중 잔존만기별 수익률을 단순산술평균한 이자율(*2) 신용공여대출금의 인출일 당시 프로젝트파이낸싱(변동)에 적용되는 이자율\n17.\xa0순확정급여부채(자산)\n\xa0\n(1)\xa0보고기간종료일 현재\xa0연결기업의 순확정급여자산 내역은 다음과 같습니다.\xa0 \xa0 \xa0 \xa0 \xa0 \xa0 \xa0 \xa0 \xa0 \xa0 \xa0 \xa0 \xa0 \xa0 \xa0 \xa0 \xa0 \xa0 \xa0 \xa0 \xa0 \xa0 \xa0 \xa0 \xa0 \xa0 \xa0 \xa0 \xa0 \xa0 \xa0 \xa0 \xa0 \xa0 \xa0 \xa0 \xa0 \xa0 \xa0 \xa0 \xa0 \xa0 \xa0 \xa0 \xa0 \xa0 \xa0 \xa0 \xa0 \xa0 \xa0 (단위 : 천원)\r\n구\xa0 분\n당기말\n전기말\n확정급여채무\n187,219,438\xa0\n160,168,318\xa0\n사외적립자산\n(178,814,590)\n(166,186,694)\n합\xa0 계\n8,404,848\xa0\n(6,018,376)\n(2) 당기와 전기 중 확정급여제도와 관련하여 인식된 손익은 다음과 같습니다.\xa0 \xa0 \xa0 \xa0 \xa0 \xa0 \xa0 \xa0 \xa0 \xa0 \xa0 \xa0 \xa0 \xa0 \xa0 \xa0 \xa0 \xa0 \xa0 \xa0 \xa0 \xa0 \xa0 \xa0 \xa0 \xa0 \xa0 \xa0 \xa0 \xa0 \xa0 \xa0 \xa0 \xa0 \xa0 \xa0 \xa0 \xa0 \xa0 \xa0 \xa0 \xa0 \xa0 \xa0 \xa0 \xa0 \xa0 \xa0 \xa0 \xa0 \xa0 (단위 : 천원)\n구\xa0 분\n당\xa0 기\n전\xa0 기\n당기근무원가\n24,178,200\xa0\n24,170,166\xa0\n순확정급여부채의 순이자\n364,853\xa0\n207,760\xa0\n퇴직위로금 등\n754,275\xa0\n191,720\xa0\n합\xa0 계\n25,297,328\xa0\n24,569,646\xa0\n(3) 당기와 전기 중 확정급여채무의 현재가치 변동은 다음과 같습니다.\xa0 \xa0 \xa0 \xa0 \xa0 \xa0 \xa0 \xa0 \xa0 \xa0 \xa0 \xa0 \xa0 \xa0 \xa0 \xa0 \xa0 \xa0 \xa0 \xa0 \xa0 \xa0 \xa0 \xa0 \xa0 \xa0 \xa0 \xa0 \xa0 \xa0 \xa0 \xa0 \xa0 \xa0 \xa0 \xa0 \xa0 \xa0 \xa0 \xa0 \xa0 \xa0 \xa0 \xa0 \xa0 \xa0 \xa0 \xa0 \xa0 \xa0 \xa0 (단위 : 천원)\n구\xa0 분\n당\xa0 기\n전\xa0 기\n기초금액\n160,168,318\xa0\n149,375,465\xa0\n급여비용(당기손익)\n\u3000\n\u3000\n\xa0 - 당기근무원가\n24,178,200\xa0\n24,170,166\xa0\n\xa0 - 이자원가\n5,996,668\xa0\n4,233,792\xa0\n소\xa0 계\n30,174,868\xa0\n28,403,958\xa0\n퇴직급여지급액\n(10,256,798)\n(8,367,014)\n순확정급여부채의 재측정요소\n\u3000\n\xa0 - 인구통계학적가정의 변동에서\xa0 \xa0 발생하는 보험수리적손익\n-\xa0\n(1,111,162)\n\xa0 - 재무적가정의 변동에서 \xa0 \xa0 발생하는 보험수리적손익\n7,296,895\xa0\n(9,472,111)\n\xa0 - 경험조정\n(176,887)\n1,340,756\xa0\n소\xa0 계\n7,120,008\xa0\n(9,242,517)\n기\xa0 타\n13,042\xa0\n(1,574)\n기말금액\n187,219,438\xa0\n160,168,318\xa0\n(4) 연결기업의 사외적립자산의 변동내역은 다음과 같습니다.\xa0 \xa0 \xa0 \xa0 \xa0 \xa0 \xa0 \xa0 \xa0 \xa0 \xa0 \xa0 \xa0 \xa0 \xa0 \xa0 \xa0 \xa0 \xa0 \xa0 \xa0 \xa0 \xa0 \xa0 \xa0 \xa0 \xa0 \xa0 \xa0 \xa0 \xa0 \xa0 \xa0 \xa0 \xa0 \xa0 \xa0 \xa0 \xa0 \xa0 \xa0 \xa0 \xa0 \xa0 \xa0 \xa0 \xa0 \xa0 \xa0 \xa0 \xa0 (단위 : 천원)\n구\xa0 분\n당\xa0 기\n전\xa0 기\n기초금액\n166,186,694\xa0\n155,227,337\xa0\n이자수익\n5,631,815\xa0\n4,026,032\xa0\n기여금 납입액\n20,532,000\xa0\n15,601,273\xa0\n퇴직급여지급액\n(10,351,686)\n(7,850,106)\n재측정요소\n(3,184,233)\n(817,842)\n기말금액\n178,814,590\xa0\n166,186,694\xa0\n(5) 연결기업의 확정급여제도에 따른 퇴직급여채무를 산출함에 있어 사용한 가정은 다음과 같습니다.\xa0\n구\xa0 분\n당\xa0 기\n전\xa0 기\n비\xa0 고\n할인율\n3.075%~3.165%\n3.60%~3.65%\n우량회사채 수익률\n임금인상률\n연령별률\n연령별률\n연결기업의 경험률\n(6) 사외적립자산의 운용내역은 다음과 같습니다.\xa0\xa0\n구\xa0 분\n당기말\n전기말\n현금및예치금\n51.60%\n50.13%\n유가증권\n48.40%\n49.87%\n합\xa0 계\n100.00%\n100.00%\n(7) 주요 가정의 변동에 따른 당기 확정급여채무의 민감도 분석은 다음과 같습니다.\n구\xa0 분\n가정의 변동\n확정급여채무에 대한 영향\n가정의 증가\n가정의 감소\n할인율\xa0\xa0\n0.50%\n3.95% 감소\n4.35% 증가\n임금상승률\xa0\xa0\n0.50%\n4.35% 증가\n3.98% 감소\n18. 충당부채 및 환불부채\n당기와 전기 중 주요 충당부채 변동내역은 다음과 같습니다.\n<당기>\xa0 \xa0 \xa0 \xa0 \xa0 \xa0 \xa0 \xa0 \xa0 \xa0 \xa0 \xa0 \xa0 \xa0 \xa0 \xa0 \xa0 \xa0 \xa0 \xa0 \xa0 \xa0 \xa0 \xa0 \xa0 \xa0 \xa0 \xa0 \xa0 \xa0 \xa0 \xa0 \xa0 \xa0 \xa0 \xa0 \xa0 \xa0 \xa0 \xa0 \xa0 \xa0 \xa0 \xa0 \xa0 \xa0 \xa0 \xa0 \xa0 \xa0 \xa0 (단위 : 천원)\n구\xa0 분\n당기초\n회계정책의 변경(주석2)\n증감액\n당기말\n판매보증충당부채\n2,088,706\xa0\n(2,088,706)\n-\xa0\n-\xa0\n반품충당부채\n37,665,086\xa0\n(37,665,086)\n-\xa0\n-\xa0\n하자보수충당부채\n289,849\xa0\n-\xa0\n(69,568)\n220,281\xa0\n기타손실충당부채(주석20)\n1,442,019\xa0\n-\xa0\n666,000\xa0\n2,108,019\xa0\n소계\n41,485,660\xa0\n(39,753,792)\n596,432\xa0\n2,328,300\xa0\n환불부채\n-\xa0\n36,422,770\xa0\n22,588,327\xa0\n59,011,097\xa0\n합\xa0 계\n41,485,660\xa0\n(3,331,022)\n23,184,759\xa0\n61,339,397\xa0\n<전기>\xa0 \xa0 \xa0 \xa0 \xa0 \xa0 \xa0 \xa0 \xa0 \xa0 \xa0 \xa0 \xa0 \xa0 \xa0 \xa0 \xa0 \xa0 \xa0 \xa0 \xa0 \xa0 \xa0 \xa0 \xa0 \xa0 \xa0 \xa0 \xa0 \xa0 \xa0 \xa0 \xa0 \xa0 \xa0 \xa0 \xa0 \xa0 \xa0 \xa0 \xa0 \xa0 \xa0 \xa0 \xa0 \xa0 \xa0 \xa0 \xa0 \xa0 \xa0 (단위 : 천원)\n구\xa0 분\n전기초\n증감액\n전기말\n판매보증충당부채\n1,287,906\xa0\n800,800\xa0\n2,088,706\xa0\n반품충당부채\n18,474,588\xa0\n19,190,498\xa0\n37,665,086\xa0\n하자보수충당부채\n526,913\xa0\n(237,064)\n289,849\xa0\n기타손실충당부채(주석20)\n1,442,019\xa0\n-\xa0\n1,442,019\xa0\n합\xa0 계\n21,731,426\xa0\n19,754,234\xa0\n41,485,660\xa0\n19. 책임이행적립금 보고기간종료일 현재 연결기업의 책임이행적립금은 판매대리인으로부터 연결기업의 채권손실을 방지하기 위하여 판매수당 지급시 일정률을 적립하는 계정으로서 사고 발생시 동 적립금에서 공제하고 있습니다.\n20. 우발채무와 약정사항(1) 당기 보고기간종료일 현재 연결기업이 국내외에서 계류중인 소송사건중 피고로 계류 중인 소송사건은 31건(소송가액: 95,121백만원)이며, 원고로 계류 중인 소송사건은 3건(소송가액 : 285백만원)입니다. 상기 소송사건 중 청호나이스㈜가 연결기업에 제기한 냉온정수 시스템 관련 특허권침해금지 등에 대하여 1심에서 패소하였으 며, 현재 2심이 진행중에 있습니다. 연결기업은 동 소송과 관련한 최선의 추정금액을기타손실충당부채로 인식하고 있습니다.\n(2) 약정사항보고기간종료일 현재 연결기업이 금융기관 등과 체결하고 있는 주요 약정사항은 다음과 같습니다.\xa0 \xa0 \xa0 \xa0 \xa0 \xa0 \xa0 \xa0 \xa0 \xa0 \xa0 \xa0 \xa0 \xa0 \xa0 \xa0 \xa0 \xa0 \xa0 \xa0 \xa0 \xa0 \xa0 \xa0 \xa0 \xa0 \xa0 \xa0 \xa0 \xa0 \xa0 \xa0 \xa0 \xa0 \xa0 \xa0 \xa0 \xa0 \xa0 \xa0 \xa0 \xa0 \xa0 \xa0 \xa0 \xa0 \xa0 \xa0 \xa0 \xa0 \xa0 (단위 : 천원)\n금융기관\n한 도\n약정내용\n신한은행 외1개 은행\n60,100,000\xa0\n구매자금대출약정\nKDB산업은행 외 3개 은행\n209,900,000\xa0\n일반차입금약정\n신한은행외 4개 금융기관\n660,000,000\xa0\n기업어음약정증권\nKEB하나은행 외 2개 은행\n3,005,000\xa0\n전자방식외상매출채권담보대출\n기업은행 외 1개 은행\n6,000,000\xa0\n운전자금대출(한도성여신)\n서울보증보험\n30,000,000\xa0\n이행보증\n자본재공제조합\n38,808,784\xa0\n입찰 등\n전문건설공제조합\n4,862,441\xa0\n입찰,일반,지급\n전문건설공제조합\n143,678\xa0\n신용운영자금\n전문건설공제조합\n199,000\xa0\n담보운영자금\n전문건설공제조합\n208,950\xa0\n어음할인\nKDB산업은행 외 1개 은행\n15,876,000\xa0\n프로젝트금융 대출약정\n(3) 보증 및 담보1) 당기 보고기간종료일 현재 연결기업이 타인으로부터 제공받은 지급보증의 내역은 다음과 같습니다.\xa0 \xa0 \xa0 \xa0 \xa0 \xa0 \xa0 \xa0 \xa0 \xa0 \xa0 \xa0 \xa0 \xa0 \xa0 \xa0 \xa0 \xa0 \xa0 \xa0 \xa0 \xa0 \xa0 \xa0 \xa0 \xa0 \xa0 \xa0 \xa0 \xa0 \xa0 \xa0 \xa0 \xa0 \xa0 \xa0 \xa0 \xa0 \xa0 \xa0 \xa0 \xa0 \xa0 \xa0 \xa0 \xa0 \xa0\xa0 (원화단위 : 천원)\n제공자\n물건 또는 내용\n보증금액\n서울보증보험\n이행보증\n\xa0 \xa0 \xa0 \xa0 \xa0 \xa0\xa0 25,624,802\xa0\n자본재공제조합\n계약ㆍ하자 등\n27,260,182\xa0\n전문건설공제조합\n계약ㆍ하자 등\n1,749,376\xa0\n건설공제조합\n계약ㆍ하자 등\n434,500\xa0\n우리은행\n지급보증\nUSD 1,269,002\xa0\n기업은행\n지급보증\nUSD 29,618\xa0\n한화손해보험\n완성토목공사물보험\n27,445,070\xa0\n현대해상화재보험\n국문조립보험\n2,250,000\xa0\n동부화재\n완성토목공사물보험\n27,745,070\xa0\n2) 당기 보고기간종료일 연결기업이 담보로 제공한 내역은 다음과 같습니다.\xa0 \xa0 \xa0 \xa0 \xa0 \xa0 \xa0 \xa0 \xa0 \xa0 \xa0 \xa0 \xa0 \xa0 \xa0 \xa0 \xa0 \xa0 \xa0 \xa0 \xa0 \xa0 \xa0 \xa0 \xa0 \xa0 \xa0 \xa0 \xa0 \xa0 \xa0 \xa0 \xa0 \xa0 \xa0 \xa0 \xa0 \xa0 \xa0 \xa0 \xa0 \xa0 \xa0 \xa0 \xa0 \xa0 \xa0 \xa0 \xa0 \xa0 \xa0 (단위 : 천원)\n담보제공처\n담보제공자산\n채권최고액\n비\xa0 고\nNH농헙은행, 한국산업은행\n백지어음 2매\n20,638,800\xa0\n이행보증\n기업은행\n유형자산\n(토지 및 건물)\n4,260,000\xa0\n지급보증목적 담보\n전문건설공제조합\n출자금\n182,330\xa0\n계약/하자보증 목적 담보\n기계설비건설공제조합\n출자금\n174,585\xa0\n계약/하자보증 목적 담보\n건설공제조합\n출자금\n333,374\xa0\n계약/하자보증 목적 담보\n자본공제조합\n출자금\n485,110\xa0\n계약/하자보증 목적 담보\n합\xa0 계\n26,074,199\xa0\n\u3000\n(4) 보고기간종료일 현재 사용이 제한된 예금의 내용은 다음과 같습니다.\xa0 \xa0 \xa0 \xa0 \xa0 \xa0 \xa0 \xa0 \xa0 \xa0 \xa0 \xa0 \xa0 \xa0 \xa0 \xa0 \xa0 \xa0 \xa0 \xa0 \xa0 \xa0 \xa0 \xa0 \xa0 \xa0 \xa0 \xa0 \xa0 \xa0 \xa0 \xa0 \xa0 \xa0 \xa0 \xa0 \xa0 \xa0 \xa0 \xa0 \xa0 \xa0 \xa0 \xa0 \xa0 \xa0 \xa0 \xa0 \xa0 \xa0 \xa0 (단위 : 천원)\n계정과목\n거래처\n금 액\n사용제한내용\n당기말\n전기말\n현금및현금성자산\nKDB산업은행\n165,563\xa0\n821,028\xa0\n차입금 질권설정\n장기금융상품\n농협중앙회\n-\xa0\n4,300,000\xa0\n중소기업 상생협력 자금지원 예치금\n〃\n기업은행\n8,300,000\xa0\n4,000,000\xa0\n〃\n장기보증금\n우리은행 외\n7,000\xa0\n7,000\xa0\n당좌거래보증금\n합\xa0 계\n8,472,563\xa0\n9,128,028\xa0\n\u3000\n21. 납입자본 (1) 지배기업의 정관에 의한 발행할 주식의 총수는 200,000,000주(1주의 금액 : 500원)이며, 보고기간종료일 현재 연결기업이 발행한 보통주식의 수는 73,799,619주입니다.이익소각(7,525,177주)으로 인하여 발행주식의 액면 총액은 36,900백만원으로 납입자본금(40,662백만원)과 상이합니다.(2) 지배기업의 정관에 의하면, 지배기업은 임직원(상법 시행령 제 9조에서 정하\xa0 \xa0\xa0 는 관계회사의임직원을 포함)에게 상법 등 관계법규가 허용하는 한도내에서 상법 제 340조의 2 규정에 의한 주식선택권을 주주총회 특별결의에 의하여 부여할 수 있습니다(주석 25참조).\xa0\r\n(3) 지배기업의 정관에 의하면, 지배기업은 사채의 액면총액이 1,000억원을 초과하지 않는 범위내에서 이사회 결의로 주주외의 자에게 전환사채와 신주인수권부사채를발행할 수 있도록 하고 있으나, 보고기간종료일 현재 발행된 전환사채와 신주인수권부사채는 없습니다.\n22. 이익잉여금 \n(1) 보고기간종료일 현재 연결기업의 이익잉여금의 내역은 다음과 같습니다.\xa0 \xa0 \xa0 \xa0 \xa0 \xa0 \xa0 \xa0 \xa0 \xa0 \xa0 \xa0 \xa0 \xa0 \xa0 \xa0 \xa0 \xa0 \xa0 \xa0 \xa0 \xa0 \xa0 \xa0 \xa0 \xa0 \xa0 \xa0 \xa0 \xa0 \xa0 \xa0 \xa0 \xa0 \xa0 \xa0 \xa0 \xa0 \xa0 \xa0 \xa0 \xa0 \xa0 \xa0 \xa0 \xa0 \xa0 \xa0 \xa0 \xa0 \xa0 (단위 : 천원)\n구\xa0 분\n당기말\n전기말\n법정적립금(주1)\n45,455,427\xa0\n20,331,199\xa0\n임의적립금\n910,255,135\xa0\n978,964,263\xa0\n미처분이익잉여금\n11,106,225\xa0\n(36,268,156)\n합\xa0 계\n966,816,787\xa0\n963,027,306\xa0\n(주1) 지배기업은 상법상의 규정에 따라 자본금의 50%에 달할 때까지 매 결산기마다금전에 의한 이익배당액의 10%이상을 이익준비금으로 적립하고 있습니다. 동 이익준비금은 현금으로 배당할 수 없으나 자본전입 또는 결손보전을 위해서는 사용될 수 있습니다.\n(2)\xa0당기 및 전기에 지급한 배당금은 다음과 같습니다.\xa0 \xa0 \xa0 \xa0 \xa0 \xa0 \xa0 \xa0 \xa0 \xa0 \xa0 \xa0 \xa0 \xa0 \xa0 \xa0 \xa0 \xa0 \xa0 \xa0 \xa0 \xa0 \xa0 \xa0 \xa0 \xa0 \xa0 \xa0 \xa0 \xa0 \xa0 \xa0 \xa0 \xa0 \xa0 \xa0 \xa0 \xa0 \xa0 \xa0 \xa0 \xa0 \xa0 \xa0 \xa0 \xa0 \xa0 \xa0 \xa0 \xa0 \xa0 \xa0\xa0 (단위 : 원)\n구\xa0 분\n당\xa0 기\n전\xa0 기\n중간배당(*)\n연차배당\n중간배당(*)\n연차배당\n1주당배당액\n800\xa0\n1,200\xa0\n800\xa0\n3,200\xa0\n배당금지급액\n173,190,980,000\xa0\n86,616,834,000\xa0\n174,514,904,000\n234,699,603,200\xa0\n(*) 당기 및 전기 중 1주당 800원씩 3회 중간배당금을 지급하였습니다.\n23. 기타자본항목 보고기간종료일 현재 연결기업의 기타자본항목 내역은 다음과 같습니다.\xa0 \xa0 \xa0 \xa0 \xa0 \xa0 \xa0 \xa0 \xa0 \xa0 \xa0 \xa0 \xa0 \xa0 \xa0 \xa0 \xa0 \xa0 \xa0 \xa0 \xa0 \xa0 \xa0 \xa0 \xa0 \xa0 \xa0 \xa0 \xa0 \xa0 \xa0 \xa0 \xa0 \xa0 \xa0 \xa0 \xa0 \xa0 \xa0 \xa0 \xa0 \xa0 \xa0 \xa0 \xa0 \xa0 \xa0 \xa0 \xa0 \xa0 \xa0 (단위 : 천원)\n구\xa0 분\n당기말\n전기말\n자기주식처분이익\n37,434,968\xa0\n36,834,136\xa0\n자기주식\n(66,999,277)\n(169,741,045)\n주식선택권\n21,816,256\xa0\n24,171,340\xa0\n매도가능금융자산평가이익\n-\xa0\n71,672\xa0\n기타포괄손익인식금융자산평가손익\n(630,980)\n-\xa0\n해외사업환산손익\n(3,539,299)\n(5,336,374)\n기타자본잉여금\n(5,258,560)\n(5,258,560)\n합\xa0 계\n(17,176,892)\n(119,258,831)\n24. 자기주식 (1)\xa0당기와 전기\xa0중 자기주식의 변동내역은 다음과 같습니다<당기>\xa0 \xa0 \xa0 \xa0 \xa0 \xa0 \xa0 \xa0 \xa0 \xa0 \xa0 \xa0 \xa0 \xa0 \xa0 \xa0 \xa0 \xa0 \xa0 \xa0 \xa0 \xa0 \xa0 \xa0 \xa0 \xa0 \xa0 \xa0 \xa0 \xa0 \xa0 \xa0 \xa0 \xa0 \xa0 \xa0 \xa0 \xa0 \xa0 \xa0 \xa0 \xa0 \xa0 \xa0 \xa0 \xa0 \xa0 \xa0 \xa0 \xa0 \xa0 (단위 : 천원)\n기\xa0 초\n증\xa0 가\n\xa0감\xa0 소\n당기말\n주식수(주)\n장부금액\n주식수(주)\n장부금액\n주식수(주)\n장부금액\n주식수(주)\n장부금액\n2,698,516\xa0\n169,741,045\xa0\n-\xa0\n-\xa0\n1,079,592\xa0\n102,741,768\xa0\n1,618,924\xa0\n66,999,277\xa0\n<전기>\xa0 \xa0 \xa0 \xa0 \xa0 \xa0 \xa0 \xa0 \xa0 \xa0 \xa0 \xa0 \xa0 \xa0 \xa0 \xa0 \xa0 \xa0 \xa0 \xa0 \xa0 \xa0 \xa0 \xa0 \xa0 \xa0 \xa0 \xa0 \xa0 \xa0 \xa0 \xa0 \xa0 \xa0 \xa0 \xa0 \xa0 \xa0 \xa0 \xa0 \xa0 \xa0 \xa0 \xa0 \xa0 \xa0 \xa0 \xa0 \xa0 \xa0 \xa0 (단위 : 천원)\n전기초\n증\xa0 가\n감\xa0 소(주1)\n전기말\n주식수(주)\n장부금액\n주식수(주)\n장부금액\n주식수(주)\n장부금액\n주식수(주)\n장부금액\n3,036,887\xa0\n183,739,753\xa0\n1,496,181\xa0\n142,055,230\xa0\n1,834,552\xa0\n156,053,938\xa0\n2,698,516\xa0\n169,741,045\xa0\n(주1) 주식선택권의 행사 시 교부된 자기주식과 자기주식 소각으로 구성되어 있습니다.\r\n(2) 연결기업은 자사주식의 가격안정을 위하여 연결기업의 보통주식을 취득하여 기타자본항목으로 계상하고 있으며, 향후 자기주식소각 및 주식선택권의 행사시 교부 등에 사용할 예정입니다.\xa0\n25. 주식기준보상 \n(1) 연결기업이 부여한 주식선택권의 주요 내용은 다음과 같습니다.\nㆍ 주식선택권으로 발행한 주식의 종류: 기명식 보통주식ㆍ 부여방법: 이사회 결의에 따라 신주발행교부, 자기주식교부 또는 시가와 행사가격\xa0 \xa0 \xa0 \xa0 \xa0 \xa0 \xa0 \xa0 \xa0\xa0 의 차액에 대하여\xa0 현금 또는 자기주식 결제 가능\nㆍ 가득조건 및 행사가능시점:\xa0\n7차~8차: 부여일 이후 3년 이상 지배기업의 임직원으로 재임 또는 재직한 자에 한하\xa0 \xa0 \xa0 \xa0 \xa0 \xa0 여 행사가능하며, 가득시점부터 행사가능함.9차~14차, 16차: 부여일 이후 2년 이상 지배기업의 임직원으로 재임 또는 재직한 자\xa0 \xa0 \xa0 \xa0 \xa0 \xa0 에 한하여 행사가능하며, 가득시점 부터 3년간 매년 부여주식수의 20%를\xa0 \xa0 \xa0 \xa0 \xa0 \xa0 \xa0 \xa0 추가적으로 행사가능할 권리를 얻음. 부여일 이후 매년 20%의 주식에 대\xa0 \xa0 \xa0 \xa0 \xa0 \xa0 \xa0 \xa0\xa0 하여 행사가능 수량을 연결기업에서 조정가능함(5년간).15차: 부여일 이후 2년 이상 지배기업의 임직원으로 재임 또는 재직한 자에 한해\xa0 \xa0 \xa0 \xa0 \xa0 \xa0 \xa0 \xa0 행사가능하며, 가득시점 부터 1년간 부여주식수의 1/3인 100,000주를\xa0 \xa0 \xa0 \xa0 \xa0 \xa0 \xa0 \xa0 \xa0 \xa0 추가적으로 행사가능할 권리를 얻음. 부여일 이후 매년 100,000주의 주\xa0 \xa0 \xa0 \xa0 \xa0 \xa0 \xa0 \xa0 \xa0\xa0 식에 대하여\xa0 행사가능 수량을 연결기업에서 조정가능함(3년간).\n17차: 2017년 사업목표 달성도 평가에 기초하여 이사회 결정에 따라 행사가능주식\xa0 \xa0 \xa0 \xa0 \xa0 \xa0 수 결정되며, 부여일로부터 2년이후부터 7년간 행사가능함.\n18차: 2019년부터 2021년까지 매년 4월 30일까지 부여주식의 1/3 한도 내에서 사업\xa0 \xa0 \xa0 \xa0\xa0 목표 달성도 평가에 기초하여 이사회 결정에 따라 행사주식수 결정되며, 부여\xa0 \xa0 \xa0 \xa0\xa0 일로부터 2년 이후부터 7년간 행사 가능함.\n구\xa0 분\n8차 부여분\n9차 부여분\n11차 부여분\n12차 부여분\n13차 부여분\n14차 부여분\n15차 부여분\n16차 부여분\n17차 부여분\n18차 부여분\n권리부여일\n2012-03-23\n2013-02-26\n2013-11-12\n2014-03-21\n2015-03-31\n2016-03-29\n2016-10-31\n2017-03-28\n2017-04-28\n2018-03-23\n발행할 주식의 총수\n228,000\xa0\n1,191,000\xa0\n261,800\xa0\n467,500\xa0\n571,500\xa0\n155,000\xa0\n300,000\xa0\n87,000\xa0\n216,972\xa0\n104,400\xa0\n잔여주식수\n-\xa0\n271,690\xa0\n175,124\xa0\n73,385\xa0\n289,420\xa0\n92,460\xa0\n275,000\xa0\n78,880\xa0\n10,850\xa0\n104,400\xa0\n행사가격(원)\n37,420\xa0\n50,000\xa0\n60,160\xa0\n71,470\xa0\n88,670\xa0\n95,810\xa0\n92,640\xa0\n90,460\xa0\n98,590\xa0\n88,330\xa0\n(2) 당기와 전기 중 주식선택권의 변동내역은 다음과 같습니다.<당기>\n구\xa0 분\n8차 부여분\n9차 부여분\n11차 부여분\n12차 부여분\n13차 부여분\n14차 부여분\n15차 부여분\n16차 부여분\n17차 부여분\n18차 부여분\n합\xa0 계\n당기초\xa0\n26,000\xa0\n369,500\xa0\n197,808\xa0\n83,845\xa0\n419,620\xa0\n108,360\xa0\n300,000\xa0\n87,000\xa0\n208,852\xa0\n-\xa0\n1,800,985\xa0\n기중 부여\n-\xa0\n-\xa0\n-\xa0\n-\xa0\n-\xa0\n-\xa0\n-\xa0\n-\xa0\n-\xa0\n104,400\xa0\n104,400\xa0\n가득조건 미충족으로인한 감소\n-\xa0\n62,720\xa0\n22,684\xa0\n10,460\xa0\n130,200\xa0\n15,900\xa0\n25,000\xa0\n8,120\xa0\n198,002\xa0\n-\xa0\n473,086\xa0\n행사\n26,000\xa0\n35,090\xa0\n-\xa0\n-\xa0\n-\xa0\n-\xa0\n-\xa0\n-\xa0\n-\xa0\n-\xa0\n61,090\xa0\n당기말\xa0\n-\xa0\n271,690\xa0\n175,124\xa0\n73,385\xa0\n289,420\xa0\n92,460\xa0\n275,000\xa0\n78,880\xa0\n10,850\xa0\n104,400\xa0\n1,371,209\xa0\n<전기>\n구\xa0 분\n7차 부여분\n8차 부여분\n9차 부여분\n11차 부여분\n12차 부여분\n13차 부여분\n14차 부여분\n15차 부여분\n16차 부여분\n17차 부여분\n합\xa0 계\n전기초\xa0\n14,000\xa0\n85,000\xa0\n542,020\xa0\n234,460\xa0\n217,515\xa0\n520,510\xa0\n155,000\xa0\n300,000\xa0\n-\xa0\n-\xa0\n2,068,505\xa0\n기중 부여\n-\xa0\n-\xa0\n-\xa0\n-\xa0\n-\xa0\n-\xa0\n-\xa0\n-\xa0\n87,000\xa0\n216,972\xa0\n303,972\xa0\n가득조건 미충족으로인한 감소\n-\xa0\n-\xa0\n67,760\xa0\n36,652\xa0\n47,970\xa0\n92,190\xa0\n46,640\xa0\n-\xa0\n-\xa0\n8,120\xa0\n299,332\xa0\n행사\n14,000\xa0\n59,000\xa0\n104,760\xa0\n-\xa0\n85,700\xa0\n8,700\xa0\n-\xa0\n-\xa0\n-\xa0\n-\xa0\n272,160\xa0\n전기말\xa0\n-\xa0\n26,000\xa0\n369,500\xa0\n197,808\xa0\n83,845\xa0\n419,620\xa0\n108,360\xa0\n300,000\xa0\n87,000\xa0\n208,852\xa0\n1,800,985\xa0\n(3) 연결기업은 부여된 주식선택권에 대하여 공정가액접근법으로 보상원가를 산정하였고 약정용역제공기간에 안분하여 비용과 기타자본으로 계상하고 있는 바, 그 세부내역은 다음과 같습니다.\r\n\xa0 \xa0 \xa0 \xa0 \xa0 \xa0 \xa0 \xa0 \xa0 \xa0 \xa0 \xa0 \xa0 \xa0 \xa0 \xa0 \xa0 \xa0 \xa0 \xa0 \xa0 \xa0 \xa0 \xa0 \xa0 \xa0 \xa0 \xa0 \xa0 \xa0 \xa0 \xa0 \xa0 \xa0 \xa0 \xa0 \xa0 \xa0 \xa0 \xa0 \xa0 \xa0 \xa0 \xa0 \xa0 \xa0 \xa0 \xa0 \xa0 \xa0 \xa0 (단위 : 천원)\n구\xa0 분\n8차 부여분\n9차 부여분\n11차 부여분\n12차 부여분\n13차 부여분\n14차 부여분\n15차 부여분\n16차 부여분\n17차 부여분\n18차 부여분\n합\xa0 계\n지배기업이 산정한총 보상원가\n최초부여시\n2,473,572\xa0\n15,382,956\xa0\n4,631,242\xa0\n9,461,733\xa0\n13,299,377\xa0\n2,741,640\xa0\n5,080,500\xa0\n1,565,217\xa0\n4,205,351\xa0\n1,750,266\xa0\n60,591,854\xa0\n취\xa0 소\n(1,008,957)\n(9,139,362)\n(1,533,298)\n(5,927,902)\n(6,361,826)\n(1,106,208)\n(423,375)\n(146,087)\n(3,995,056)\n-\xa0\n(29,642,071)\n소\xa0 계\n1,464,615\xa0\n6,243,594\xa0\n3,097,944\xa0\n3,533,831\xa0\n6,937,551\xa0\n1,635,432\xa0\n4,657,125\xa0\n1,419,130\xa0\n210,295\xa0\n1,750,266\xa0\n30,949,783\xa0\n인식한 보상비용\n전기이전\n1,464,615\xa0\n7,053,686\xa0\n3,339,808\xa0\n3,656,339\xa0\n8,355,037\xa0\n1,250,129\xa0\n2,533,013\xa0\n498,682\xa0\n1,734,844\xa0\n-\xa0\n29,886,153\xa0\n당기\n-\xa0\n(810,092)\n(241,864)\n(122,508)\n(1,762,699)\n84,581\xa0\n1,603,035\xa0\n452,332\xa0\n(1,524,549)\n701,978\xa0\n(1,619,786)\n소\xa0 계\n1,464,615\xa0\n6,243,594\xa0\n3,097,944\xa0\n3,533,831\xa0\n6,592,338\xa0\n1,334,710\xa0\n4,136,048\xa0\n951,014\xa0\n210,295\xa0\n701,978\xa0\n28,266,367\xa0\n행\xa0 사\n전기이전\n1,182,541\xa0\n2,281,224\xa0\n-\xa0\n2,048,592\xa0\n202,458\xa0\n-\xa0\n-\xa0\n-\xa0\n-\xa0\n-\xa0\n5,714,815\xa0\n당기\n282,074\xa0\n453,222\xa0\n-\xa0\n-\xa0\n-\xa0\n-\xa0\n-\xa0\n-\xa0\n-\xa0\n-\xa0\n735,296\xa0\n소\xa0 계\n1,464,615\xa0\n2,734,446\xa0\n-\xa0\n2,048,592\xa0\n202,458\xa0\n-\xa0\n-\xa0\n-\xa0\n-\xa0\n-\xa0\n6,450,111\xa0\n소\xa0 멸\n전기이전\n-\xa0\n-\xa0\n-\xa0\n-\xa0\n-\xa0\n-\xa0\n-\xa0\n-\xa0\n-\xa0\n-\xa0\n-\xa0\n당기\n-\xa0\n-\xa0\n-\xa0\n-\xa0\n-\xa0\n-\xa0\n-\xa0\n-\xa0\n-\xa0\n-\xa0\n-\xa0\n소\xa0 계\n-\xa0\n-\xa0\n-\xa0\n-\xa0\n-\xa0\n-\xa0\n-\xa0\n-\xa0\n-\xa0\n-\xa0\n-\xa0\n주식선택권잔액\n-\xa0\n3,509,148\xa0\n3,097,944\xa0\n1,485,239\xa0\n6,389,880\xa0\n1,334,710\xa0\n4,136,048\xa0\n951,014\xa0\n210,295\xa0\n701,978\xa0\n21,816,256\xa0\n당기 이후에 인식될 보상비용\n-\xa0\n-\xa0\n-\xa0\n-\xa0\n345,213\xa0\n300,722\xa0\n521,077\xa0\n468,116\xa0\n-\xa0\n1,048,288\xa0\n2,683,416\xa0\n(4) 연결기업이 공정가액접근법을 적용하여 보상원가를 산정하기 위하여 사용한 주요 가정 및 보상원가의 내역은 다음과 같습니다.\n\xa0 \xa0 \xa0 \xa0 \xa0 \xa0 \xa0 \xa0 \xa0 \xa0 \xa0 \xa0 \xa0 \xa0 \xa0 \xa0 \xa0 \xa0 \xa0 \xa0 \xa0 \xa0 \xa0 \xa0 \xa0 \xa0 \xa0 \xa0 \xa0 \xa0 \xa0 \xa0 \xa0 \xa0 \xa0 \xa0 \xa0 \xa0 \xa0 \xa0 \xa0 \xa0 \xa0 \xa0 \xa0 \xa0 \xa0 \xa0 \xa0 (단위 : 천원)\n구\xa0 분\n8차 부여분\n9차 부여분\n11차 부여분\n12차 부여분\n13차 부여분\n14차 부여분\n15차 부여분\n16차 부여분\n17차 부여분\n18차 부여분\n무위험이자율\n3.82%\n2.80%\n3.24%\n3.16%\n1.82%\n1.59%\n1.53%\n1.85%\n1.86%\n2.48%\n기대행사기간\n5년\n5년\n5년\n5년\n5년\n5년\n5년\n5년\n5년\n5년\n예상주가변동성\n35.89%\n32.16%\n30.52%\n29.72%\n30.24%\n27.91%\n27.95%\n28.08%\n28.03%\n24.94%\n기대배당수익률\n2.10\xa0\n2.10\xa0\n2.10\xa0\n3.32\xa0\n4\xa0\n5.60\xa0\n5.60\xa0\n6.40\xa0\n6.40\xa0\n6.40\xa0\n기대권리소멸률\n-\xa0\n-\xa0\n-\xa0\n-\xa0\n-\xa0\n-\xa0\n-\xa0\n-\xa0\n-\xa0\n-\xa0\n산정된 총보상원가\n2,473,572\xa0\n15,382,956\xa0\n4,631,242\xa0\n9,461,733\xa0\n13,299,377\xa0\n2,741,640\xa0\n5,080,500\xa0\n1,565,217\xa0\n4,205,351\xa0\n1,750,266\xa0\n26. 매출과 매출원가(1) 당기 및 전기 중 발생한 매출의 내역은 다음과 같습니다.\r\n\xa0\xa0 \xa0 \xa0 \xa0 \xa0 \xa0 \xa0 \xa0 \xa0 \xa0 \xa0 \xa0 \xa0 \xa0 \xa0 \xa0 \xa0 \xa0 \xa0 \xa0 \xa0 \xa0 \xa0 \xa0 \xa0 \xa0 \xa0 \xa0 \xa0 \xa0 \xa0 \xa0 \xa0 \xa0 \xa0 \xa0 \xa0 \xa0 \xa0 \xa0 \xa0 \xa0 \xa0 \xa0 \xa0 \xa0 \xa0 \xa0 \xa0 \xa0 \xa0 (단위 : 천원)\n구\xa0 분\n당\xa0 기\n전\xa0 기\n렌탈사업부문\n\xa0 2,207,744,040\xa0\n2,001,084,505\xa0\n일시불판매부문\n402,129,213\xa0\n444,625,423\xa0\n기타부문\n97,441,951\xa0\n71,062,571\xa0\n합\xa0 계\n2,707,315,204\xa0\n2,516,772,499\xa0\n(2) 당기 및 전기 중 발생한 매출원가의 내역은 다음과 같습니다.\xa0 \xa0 \xa0 \xa0 \xa0 \xa0 \xa0 \xa0 \xa0 \xa0 \xa0 \xa0 \xa0 \xa0 \xa0 \xa0 \xa0 \xa0 \xa0 \xa0 \xa0 \xa0 \xa0 \xa0 \xa0 \xa0 \xa0 \xa0 \xa0 \xa0 \xa0 \xa0 \xa0 \xa0 \xa0 \xa0 \xa0 \xa0 \xa0 \xa0 \xa0 \xa0 \xa0 \xa0 \xa0 \xa0 \xa0 \xa0 \xa0 \xa0 \xa0 (단위 : 천원)\n구\xa0 분\n당\xa0 기\n전\xa0 기\n렌탈사업부문\n510,063,868\xa0\n475,917,089\xa0\n일시불판매부문\n358,255,855\xa0\n276,203,075\xa0\n기타부문\n9,936,674\xa0\n46,366,136\xa0\n합\xa0 계\n878,256,397\xa0\n798,486,300\xa0\n(3) 연결기업의 고객과의 계약에서 생기는 수익은 다음과 같이 구분됩니다.\xa0 \xa0 \xa0 \xa0 \xa0 \xa0 \xa0 \xa0 \xa0 \xa0 \xa0 \xa0 \xa0 \xa0 \xa0 \xa0 \xa0 \xa0 \xa0 \xa0 \xa0 \xa0 \xa0 \xa0 \xa0 \xa0 \xa0 \xa0 \xa0 \xa0 \xa0 \xa0 \xa0 \xa0\xa0 (단위 : 천원)\xa0\n구\xa0 분\n당\xa0 기\n총매출액\n2,707,315,204\xa0\n1. 고객과의 계약에서 생기는 수익\n\u3000\n주요 제품/용역\n\u3000\n\xa0 일시불매출\n402,129,213\xa0\n\xa0 기타매출\n97,441,951\xa0\n합\xa0 계\n499,571,164\xa0\n지리적 시장\n\u3000\n\xa0 국내\n337,940,435\xa0\n\xa0 국외\n161,630,729\xa0\n합\xa0 계\n499,571,164\xa0\n수익인식시기\n\u3000\n\xa0 한 시점에 인식\n416,598,219\xa0\n\xa0 기간에 걸쳐 인식\n82,972,945\xa0\n합\xa0 계\n499,571,164\xa0\n2. 기타 원천으로부터의 수익\n2,207,744,040\xa0\n연결기업은 고객과의 계약 및 기타 원천에서 생기는 수취채권에 대해 당기에 19,324,755천원의 손상차손을 인식하고 연결포괄손익계산서의 판매비와관리비에 표시하였습니다.\n(4) 당기말 및 당기초 현재 고객과의 계약에서 생기는 수취채권ㆍ계약자산ㆍ계약부채의 내역은 다음과 같습니다.\xa0 \xa0 \xa0 \xa0 \xa0 \xa0 \xa0 \xa0 \xa0 \xa0 \xa0 \xa0 \xa0 \xa0 \xa0 \xa0 \xa0 \xa0 \xa0 \xa0 \xa0 \xa0 \xa0 \xa0 \xa0 \xa0 \xa0 \xa0 \xa0 \xa0 \xa0 \xa0 \xa0 \xa0 \xa0 \xa0 \xa0 \xa0 \xa0 \xa0 \xa0\xa0 \xa0(단위 : 천원)\n구\xa0 분\n2018.12.31\n2018.1.1\n수취채권\n\xa0 \xa0 \xa0 \xa0 \xa0 \xa0\xa0 170,802,528\xa0\n\xa0 \xa0 \xa0 \xa0 \xa0 \xa0\xa0 192,425,962\xa0\n계약자산\n\xa0 \xa0 \xa0 \xa0 \xa0 \xa0 \xa0 \xa0 9,517,594\xa0\n\xa0 \xa0 \xa0 \xa0 \xa0 \xa0 \xa0 \xa0 8,788,417\xa0\n계약부채(*)\n\xa0 \xa0 \xa0 \xa0 \xa0 \xa0 \xa0 \xa0 5,257,063\xa0\n\xa0 \xa0 \xa0 \xa0 \xa0 \xa0 \xa0 \xa0 4,436,023\xa0\n(*) 초과청구공사, 선수금, 선수수익 등이 포함되어 있습니다.당기초 계약부채 잔액 중 당기에 수익으로 인식한 금액은\xa07,832,739천원 입니다.\r\n27. 금융리스\n(1) 보고기간종료일 현재 금융리스의 리스총투자 및 최소리스료의 현재가치는 다음과 같습니다.\xa0 \xa0 \xa0 \xa0 \xa0 \xa0 \xa0 \xa0 \xa0 \xa0 \xa0 \xa0 \xa0 \xa0 \xa0 \xa0 \xa0 \xa0 \xa0 \xa0 \xa0 \xa0 \xa0 \xa0 \xa0 \xa0 \xa0 \xa0 \xa0 \xa0 \xa0 \xa0 \xa0 \xa0 \xa0 \xa0 \xa0 \xa0 \xa0 \xa0 \xa0 \xa0\xa0(단위 : 천원)\n구\xa0 분\n당기말\n전기말\n리스총투자\n최소리스료의현재가치\n리스총투자\n최소리스료의현재가치\n1년 이내\n115,640,491\xa0\n109,641,825\xa0\n62,022,017\xa0\n60,814,128\xa0\n1년 초과 5년 이내\n327,196,706\xa0\n287,481,759\xa0\n182,190,792\xa0\n161,035,359\xa0\n5년 초과\n11,150,697\xa0\n8,075,901\xa0\n13,776,834\xa0\n10,876,809\xa0\n합\xa0 계\n453,987,894\xa0\n405,199,485\xa0\n257,989,643\xa0\n232,726,296\xa0\n(2) 보고기간종료일 현재 금융리스의 미실현이자수익 내역은 다음과 같습니다.\xa0 \xa0 \xa0 \xa0 \xa0 \xa0 \xa0 \xa0 \xa0 \xa0 \xa0 \xa0 \xa0 \xa0 \xa0 \xa0 \xa0 \xa0 \xa0 \xa0 \xa0 \xa0 \xa0 \xa0 \xa0 \xa0 \xa0 \xa0 \xa0 \xa0 \xa0 \xa0 \xa0 \xa0 \xa0 \xa0 \xa0 \xa0 \xa0 \xa0 \xa0\xa0 \xa0(단위 : 천원)\n구\xa0 분\n당기말\n전기말\n리스총투자\n453,987,894\xa0\n257,989,643\xa0\n리스순투자\n405,199,485\xa0\n232,726,296\xa0\n미실현 이자수익\n48,788,409\xa0\n25,263,347\xa0\n28. 판매비와관리비 \n당기와 전기의 판매비와관리비의 내역은 다음과 같습니다.\xa0 \xa0 \xa0 \xa0 \xa0 \xa0 \xa0 \xa0 \xa0 \xa0 \xa0 \xa0 \xa0 \xa0 \xa0 \xa0 \xa0 \xa0 \xa0 \xa0 \xa0 \xa0 \xa0 \xa0 \xa0 \xa0 \xa0 \xa0 \xa0 \xa0 \xa0 \xa0 \xa0 \xa0 \xa0 \xa0 \xa0 \xa0 \xa0 \xa0 \xa0 \xa0 \xa0 \xa0 \xa0 \xa0 \xa0 \xa0 \xa0 \xa0 \xa0 (단위 : 천원)\n구\xa0 분\n당\xa0 기\n전\xa0 기\n급여 및 상여\n287,012,289\xa0\n278,434,195\xa0\n퇴직급여\n21,995,408\xa0\n22,020,829\xa0\n복리후생비\n45,427,688\xa0\n42,412,544\xa0\n여비교통비\n9,243,984\xa0\n9,088,592\xa0\n통신비\n8,143,213\xa0\n8,187,198\xa0\n임차료\n64,996,291\xa0\n61,942,526\xa0\n감가상각비\n10,009,463\xa0\n9,162,840\xa0\n무형자산상각비\n8,033,046\xa0\n7,629,940\xa0\n수선비\n4,827,108\xa0\n3,906,637\xa0\n소모품비\n21,805,513\xa0\n22,987,275\xa0\n도서인쇄비\n1,891,968\xa0\n1,528,743\xa0\n광고선전비\n44,717,524\xa0\n42,360,429\xa0\n판촉비\n71,018,145\xa0\n63,455,947\xa0\n운반비\n7,860,674\xa0\n5,750,115\xa0\n보험료\n4,467,292\xa0\n4,288,627\xa0\n지급수수료\n175,669,454\xa0\n174,442,500\xa0\n교육훈련비\n11,693,419\xa0\n11,740,007\xa0\n연구비 및 경상개발비\n8,359,791\xa0\n8,930,474\xa0\n판매수수료\n418,201,861\xa0\n386,444,909\xa0\n주식보상비용\n(1,288,511)\n3,339,975\xa0\n소비자보상비\n3,865,180\xa0\n7,319,446\xa0\n매출채권손상차손\n19,324,755\xa0\n16,088,928\xa0\n렌탈자산폐기손실\n48,795,117\xa0\n43,460,993\xa0\n기타의판매비와관리비\n13,160,921\xa0\n10,613,579\xa0\n합\xa0 계\n1,309,231,593\xa0\n1,245,537,248\xa0\n29. 기타수익 및 기타비용 \n당기와 전기의 기타수익 및 기타비용의 내역은 다음과 같습니다.\xa0 \xa0 \xa0 \xa0 \xa0 \xa0 \xa0 \xa0 \xa0 \xa0 \xa0 \xa0 \xa0 \xa0 \xa0 \xa0 \xa0 \xa0 \xa0 \xa0 \xa0 \xa0 \xa0 \xa0 \xa0 \xa0 \xa0 \xa0 \xa0 \xa0 \xa0 \xa0 \xa0 \xa0 \xa0 \xa0 \xa0 \xa0 \xa0 \xa0 \xa0 \xa0 \xa0 \xa0 \xa0 \xa0 \xa0 \xa0 \xa0 \xa0 \xa0 (단위 : 천원)\n구\xa0 분\n당\xa0 기\n전\xa0 기\n기타수익 :\n\xa0 \xa0 임대료수익\n1,076,588\xa0\n1,252,060\xa0\n\xa0 \xa0 외환차익\n11,531,242\xa0\n3,984,366\xa0\n\xa0 \xa0 외화환산이익\n5,222,063\xa0\n16,534,444\xa0\n\xa0 \xa0 잡이익\n5,492,982\xa0\n5,974,100\xa0\n\xa0 \xa0 기타\n138,678\xa0\n15,953\xa0\n합\xa0 계\n23,461,553\xa0\n27,760,923\xa0\n기타비용 :\n\u3000\n\xa0 \xa0 유형자산손상차손\n17,855,420\xa0\n8,469,194\xa0\n\xa0 \xa0 무형자산손상차손\n19,688,578\xa0\n-\xa0\n\xa0 \xa0 유형자산처분손실\n449,623\xa0\n33,393\xa0\n\xa0 \xa0 기타채권손상차손\n3,981,759\xa0\n4,600,550\xa0\n\xa0 \xa0 외환차손\n5,099,282\xa0\n15,036,680\xa0\n\xa0 \xa0 외화환산손실\n8,076,352\xa0\n19,940,510\xa0\n\xa0 \xa0 잡손실\n2,407,266\xa0\n873,598\xa0\n\xa0 \xa0 기타\n614,983\xa0\n328,309\xa0\n합\xa0 계\n58,173,263\xa0\n49,282,234\xa0\n30. 금융수익 및 금융비용 당기와 전기의 금융수익 및 금융비용의 내역은 다음과 같습니다.\xa0 \xa0 \xa0 \xa0 \xa0 \xa0 \xa0 \xa0 \xa0 \xa0 \xa0 \xa0 \xa0 \xa0 \xa0 \xa0 \xa0 \xa0 \xa0 \xa0 \xa0 \xa0 \xa0 \xa0 \xa0 \xa0 \xa0 \xa0 \xa0 \xa0 \xa0 \xa0 \xa0 \xa0 \xa0 \xa0 \xa0 \xa0 \xa0 \xa0 \xa0 \xa0 \xa0 \xa0 \xa0 \xa0 \xa0 \xa0 \xa0 \xa0 \xa0 (단위 : 천원)\r\n구\xa0 분\n당\xa0 기\n전\xa0 기\n금융수익:\n\xa0\xa0 이자수익\n1,210,069\xa0\n977,507\xa0\n\xa0\xa0 배당금수익\n8,740\xa0\n7,390\xa0\n\xa0\xa0 기타금융수익\n13,971\xa0\n-\xa0\n합\xa0 계\n1,232,780\xa0\n984,897\xa0\n금융비용:\n\u3000\n\xa0\xa0 이자비용\n17,781,224\xa0\n12,336,806\xa0\n합\xa0 계\n17,781,224\xa0\n12,336,806\xa0\n31. 비용의 성격별 분류\n당기와 전기의 비용의 성격별 분류 내역은 다음과 같습니다.\xa0 \xa0 \xa0 \xa0 \xa0 \xa0 \xa0 \xa0 \xa0 \xa0 \xa0 \xa0 \xa0 \xa0 \xa0 \xa0 \xa0 \xa0 \xa0 \xa0 \xa0 \xa0 \xa0 \xa0 \xa0 \xa0 \xa0 \xa0 \xa0 \xa0 \xa0 \xa0 \xa0 \xa0 \xa0 \xa0 \xa0 \xa0 \xa0 \xa0 \xa0 \xa0 \xa0 \xa0 \xa0 \xa0 \xa0 \xa0 \xa0 \xa0\xa0 (단위 : 천원)\n구\xa0 분\n당\xa0 기\n전\xa0 기\n제품 및 반제품의 변동\n(7,090,352)\n4,959,188\xa0\n상품의 변동\n(15,480,910)\n(9,641,880)\n상품 및 원재료의 사용(재료비)\n595,753,686\xa0\n536,580,555\xa0\n급여 및 상여\n320,520,077\xa0\n308,317,290\xa0\n퇴직급여\n25,297,328\xa0\n24,569,646\xa0\n복리후생비\n49,698,507\xa0\n46,301,491\xa0\n소모품비\n24,886,305\xa0\n25,431,682\xa0\n외주용역비\n72,613,183\xa0\n41,363,581\xa0\n지급수수료\n179,418,061\xa0\n176,088,636\xa0\n감가상각비\n246,807,576\xa0\n227,333,973\xa0\n임차료\n65,391,934\xa0\n62,240,051\xa0\n광고선전비\n44,717,524\xa0\n42,360,429\xa0\n판촉비\n71,018,145\xa0\n63,455,946\xa0\n판매수수료\n418,201,861\xa0\n386,444,909\xa0\n매출채권손상차손\n19,324,755\xa0\n16,088,928\xa0\n렌탈자산폐기손실\n48,795,117\xa0\n43,460,993\xa0\n소비자보상비\n3,865,180\xa0\n7,319,446\xa0\n기타 비용\n23,750,012\xa0\n41,348,684\xa0\n매출원가 및 판매비와관리비 합계\n2,187,487,989\xa0\n2,044,023,548\xa0\n32. 건설계약 \n(1) 당기와 전기 중 공사계약 잔액의 변동내역은 다음과 같습니다.<당기>\xa0 \xa0 \xa0 \xa0 \xa0 \xa0 \xa0 \xa0 \xa0 \xa0 \xa0 \xa0 \xa0 \xa0 \xa0 \xa0 \xa0 \xa0 \xa0 \xa0 \xa0 \xa0 \xa0 \xa0 \xa0 \xa0 \xa0 \xa0 \xa0 \xa0 \xa0 \xa0 \xa0 \xa0 \xa0 \xa0 \xa0 \xa0 \xa0 \xa0 \xa0 \xa0 \xa0 \xa0 \xa0 \xa0 \xa0 \xa0 \xa0 \xa0 \xa0 (단위 : 천원)\n당기초\n증감액\n공사수익인식\n당기말\n80,143,403\xa0\n45,836,993\xa0\n66,354,084\xa0\n59,626,312\xa0\n<전기>\xa0 \xa0 \xa0 \xa0 \xa0 \xa0 \xa0 \xa0 \xa0 \xa0 \xa0 \xa0 \xa0 \xa0 \xa0 \xa0 \xa0 \xa0 \xa0 \xa0 \xa0 \xa0 \xa0 \xa0 \xa0 \xa0 \xa0 \xa0 \xa0 \xa0 \xa0 \xa0 \xa0 \xa0 \xa0 \xa0 \xa0 \xa0 \xa0 \xa0 \xa0 \xa0 \xa0 \xa0 \xa0 \xa0 \xa0 \xa0 \xa0 \xa0 \xa0 (단위 : 천원)\n전기초\n증감액\n공사수익인식\n전기말\n47,459,176\xa0\n74,846,051\xa0\n42,161,824\xa0\n80,143,403\xa0\n(2) 보고기간종료일 현재 진행중인 건설계약과 관련하여 인식한 공사손익 등의 내역은 다음과 같습니다.\xa0 \xa0 \xa0 \xa0 \xa0 \xa0 \xa0 \xa0 \xa0 \xa0 \xa0 \xa0 \xa0 \xa0 \xa0 \xa0 \xa0 \xa0 \xa0 \xa0 \xa0 \xa0 \xa0 \xa0 \xa0 \xa0 \xa0 \xa0 \xa0 \xa0 \xa0 \xa0 \xa0 \xa0 \xa0 \xa0 \xa0 \xa0 \xa0 \xa0 \xa0 \xa0 \xa0 \xa0 \xa0 \xa0 \xa0 \xa0 \xa0 \xa0 \xa0 (단위 : 천원)\r\n당기말\n전기말\n누적계약수익\n누적계약원가\n누적손익\n누적계약수익\n누적계약원가\n누적손익\n137,975,524\xa0\n125,437,932\xa0\n12,537,592\xa0\n251,161,926\xa0\n61,215,646\xa0\n189,946,280\xa0\n(3) 보고기간종료일 현재 미청구공사 및 초과청구공사의 내역은 다음과 같습니다.\xa0 \xa0 \xa0 \xa0 \xa0 \xa0 \xa0 \xa0 \xa0 \xa0 \xa0 \xa0 \xa0 \xa0 \xa0 \xa0 \xa0 \xa0 \xa0 \xa0 \xa0 \xa0 \xa0 \xa0 \xa0 \xa0 \xa0 \xa0 \xa0 \xa0 \xa0 \xa0 \xa0 \xa0 \xa0 \xa0 \xa0 \xa0 \xa0 \xa0 \xa0 \xa0 \xa0 \xa0 \xa0 \xa0 \xa0 \xa0 \xa0 \xa0 \xa0 (단위 : 천원)\n당기말\n전기말\n미청구공사(주1)\n초과청구공사(주2)\n미청구공사(주1)\n초과청구공사(주2)\n9,517,594\xa0\n4,315,829\xa0\n8,788,417\xa0\n2,910,998\xa0\n(주1) 연결재무제표상 기타유동자산에 계상되어 있습니다.(주2) 연결재무제표상 기타유동부채에 계상되어 있습니다.\n(4) 연결기업은 공사종료 후에 하자보수 의무가 있는 경우 과거 경험률 등을 바탕으로 추정된 금액을 하자보수비로 하여 공사가 종료되는 회계연도의 공사원가에 포함하고 동액을 하자보수충당부채로 계상하고 있습니다.\n(5) 당기 보고기간종료일 현재 연결기업의 수처리 설비 건설계약 중 직전 사업연도 매출액의 5%이상을 차지하는 건설계약은 없습니다. 또한, 회계추정의 변경ㆍ오류 수정에 따른 공사손익 변동금액 및 추정총계약원가의 변동금액은 없습니다.33. 법인세비용\n(1) 당기와 전기의 법인세비용의 주요 구성내역은 다음과 같습니다.\xa0 \xa0 \xa0 \xa0 \xa0 \xa0 \xa0 \xa0 \xa0 \xa0 \xa0 \xa0 \xa0 \xa0 \xa0 \xa0 \xa0 \xa0 \xa0 \xa0 \xa0 \xa0 \xa0 \xa0 \xa0 \xa0 \xa0 \xa0 \xa0 \xa0 \xa0 \xa0 \xa0 \xa0 \xa0 \xa0 \xa0 \xa0 \xa0 \xa0 \xa0 \xa0 \xa0 \xa0 \xa0 \xa0 \xa0 \xa0 \xa0 \xa0 \xa0 (단위 : 천원)\n구\xa0 분\n당\xa0 기\n전\xa0 기\n법인세부담액\n128,407,381\xa0\n113,913,703\xa0\n일시적차이로 인한 이연법인세 변동액\n(12,073,155)\n3,073,641\xa0\n자본에 직접 반영된 법인세비용(주1)\n2,421,347\xa0\n(2,719,022)\n법인세비용\n118,755,573\xa0\n114,268,322\xa0\n(주1) 자본에 직접 반영된 법인세효과는 다음과 같습니다.\xa0 \xa0 \xa0 \xa0 \xa0 \xa0 \xa0 \xa0 \xa0 \xa0 \xa0 \xa0 \xa0 \xa0 \xa0 \xa0 \xa0 \xa0 \xa0 \xa0 \xa0 \xa0 \xa0 \xa0 \xa0 \xa0 \xa0 \xa0 \xa0 \xa0 \xa0 \xa0 \xa0 \xa0 \xa0 \xa0 \xa0 \xa0 \xa0 \xa0 \xa0 \xa0 \xa0 \xa0 \xa0 \xa0 \xa0 \xa0 \xa0 \xa0\xa0 (단위 : 천원)\n구\xa0 분\n당기말\n전기말\n반영 전\n법인세효과\n반영 후\n반영 전\n법인세효과\n반영 후\n매도가능금융자산평가손익\n-\xa0\n-\xa0\n-\xa0\n13,498\xa0\n(2,970)\n10,528\xa0\n재측정요소\n(10,304,242)\n2,625,920\xa0\n(7,678,321)\n8,424,675\xa0\n(2,033,074)\n6,391,601\xa0\n자기주식처분이익\n805,405\xa0\n(204,573)\n600,832\xa0\n2,822,221\xa0\n(682,978)\n2,139,243\xa0\n합\xa0 계\n(9,498,837)\n2,421,347\xa0\n(7,077,489)\n11,260,394\xa0\n(2,719,022)\n8,541,372\xa0\n(2) 연결기업 법인세비용차감전순이익과 법인세비용간의 관계는 다음과 같습니다.\xa0 \xa0 \xa0 \xa0 \xa0 \xa0 \xa0 \xa0 \xa0 \xa0 \xa0 \xa0 \xa0 \xa0 \xa0 \xa0 \xa0 \xa0 \xa0 \xa0 \xa0 \xa0 \xa0 \xa0 \xa0 \xa0 \xa0 \xa0 \xa0 \xa0 \xa0 \xa0 \xa0 \xa0 \xa0 \xa0 \xa0 \xa0 \xa0 \xa0 \xa0 \xa0 \xa0 \xa0 \xa0 \xa0 \xa0 \xa0 \xa0 \xa0\xa0 (단위 : 천원)\n구\xa0 분\n당\xa0 기\n전\xa0 기\n법인세비용차감전순이익\n468,567,061\xa0\n439,875,731\xa0\n적용세율에 따른 부담세액\n118,493,942\xa0\n105,987,927\xa0\n\xa0 - 세액공제\n(142,015)\n(59,278)\n\xa0 - 영구적차이 등\n(432,685)\n(629,429)\n\xa0 - 일시적 차이 중 이연법인세 미인식\n5,910,785\xa0\n2,681,602\xa0\n\xa0 - 실현가능성 판단의 변경효과\n1,087,653\xa0\n-\xa0\n\xa0 - 법인세추납액\n(4,770,130)\n6,467,057\xa0\n\xa0 - 기타\n(1,391,977)\n(179,557)\n법인세비용\n118,755,573\xa0\n114,268,322\xa0\n유효세율(법인세비용/법인세비용차감전순이익)\n25.34%\n25.98%\n(3) 이연법인세자산과 부채의 내역은 다음과 같습니다.\xa0 \xa0 \xa0 \xa0 \xa0 \xa0 \xa0 \xa0 \xa0 \xa0 \xa0 \xa0 \xa0 \xa0 \xa0 \xa0 \xa0 \xa0 \xa0 \xa0 \xa0 \xa0 \xa0 \xa0 \xa0 \xa0 \xa0 \xa0 \xa0 \xa0 \xa0 \xa0 \xa0 \xa0 \xa0 \xa0 \xa0 \xa0 \xa0 \xa0 \xa0 \xa0 \xa0 \xa0 \xa0 \xa0 \xa0 \xa0 \xa0 \xa0 \xa0 (단위 : 천원)\n구\xa0 분\n당기말\n전기말\n이연법인세자산\xa0\n\xa0 \xa0 12개월 후에 결제될 이연법인세자산\xa0\n65,822,071\xa0\n58,367,920\xa0\n\xa0 \xa0 12개월 이내에 결제될 이연법인세자산\xa0\n73,840,267\xa0\n56,132,493\xa0\n이연법인세부채\xa0\n\u3000\n\u3000\n\xa0 \xa0 12개월 후에 결제될 이연법인세부채\xa0\n50,499,979\xa0\n48,006,139\xa0\n\xa0 \xa0 12개월 이내에 결제될 이연법인세부채\xa0\n83,916,554\xa0\n76,011,284\xa0\n이연법인세자산(부채) 순액\xa0\xa0\n5,245,805\xa0\n(9,517,010)\n(4) 당기 및 전기의 주요 누적일시적차이 및 이연법인세자산(부채)의 증감내역은 다음과 같습니다.<당기>\xa0 \xa0 \xa0 \xa0 \xa0 \xa0 \xa0 \xa0 \xa0 \xa0 \xa0 \xa0 \xa0 \xa0 \xa0 \xa0 \xa0 \xa0 \xa0 \xa0 \xa0 \xa0 \xa0 \xa0 \xa0 \xa0 \xa0 \xa0 \xa0 \xa0 \xa0 \xa0 \xa0 \xa0 \xa0 \xa0 \xa0 \xa0 \xa0 \xa0 \xa0 \xa0 \xa0 \xa0 \xa0 \xa0 \xa0 \xa0 \xa0 \xa0 \xa0 (단위 : 천원)\n계\xa0 정\xa0 과\xa0 목\n누적일시적차이\n이연법인세자산(부채)\n기초잔액\n증감액\n기말잔액\n당기초\n증감액(*)\n당기말\nⅠ. 미래차감할 일시적차이\n선수금\n10,228,513\xa0\n9,520,055\xa0\n19,748,568\xa0\n2,560,197\xa0\n2,394,719\xa0\n4,954,916\xa0\n재고자산평가충당금\n32,589,772\xa0\n3,889,206\xa0\n36,478,978\xa0\n8,095,446\xa0\n883,976\xa0\n8,979,422\xa0\n미지급비용\n37,504,245\xa0\n(7,467,652)\n30,036,593\xa0\n9,371,999\xa0\n(1,922,087)\n7,449,912\xa0\n선수수익\n17,276,272\xa0\n(1,120,401)\n16,155,871\xa0\n4,160,706\xa0\n(274,481)\n3,886,225\xa0\n반품충당부채\n37,644,458\xa0\n11,879,599\xa0\n49,524,057\xa0\n9,422,408\xa0\n3,003,178\xa0\n12,425,586\xa0\n판매보증충당부채\n19,595,442\xa0\n22,901,160\xa0\n42,496,602\xa0\n4,723,709\xa0\n5,475,476\xa0\n10,199,185\xa0\n대손충당금\n77,766,030\xa0\n5,966,573\xa0\n83,732,603\xa0\n19,621,302\xa0\n1,639,649\xa0\n21,260,951\xa0\n렌탈자산\n67,143,978\xa0\n(10,968,804)\n56,175,174\xa0\n16,152,035\xa0\n(2,719,403)\n13,432,632\xa0\n유형자산손상차손\n4,932,416\xa0\n3,769,109\xa0\n8,701,525\xa0\n1,234,584\xa0\n948,629\xa0\n2,183,213\xa0\n퇴직급여충당부채\n127,690,470\xa0\n16,738,914\xa0\n144,429,384\xa0\n31,960,763\xa0\n4,229,540\xa0\n36,190,303\xa0\n종속기업투자주식\n23,106,535\xa0\n17,471,232\xa0\n40,577,767\xa0\n-\xa0\n-\xa0\n-\xa0\n장기투자증권\n2,388,092\xa0\n-\xa0\n2,388,092\xa0\n-\xa0\n-\xa0\n-\xa0\n해외주재원인건비\n2,973,670\xa0\n398,843\xa0\n3,372,513\xa0\n-\xa0\n-\xa0\n-\xa0\n기타\n30,608,349\xa0\n43,329,074\xa0\n73,937,423\xa0\n880,959\xa0\n8,615,908\xa0\n9,496,867\xa0\n소\xa0 계\n491,448,242\xa0\n116,306,908\xa0\n607,755,150\xa0\n108,184,108\xa0\n22,275,104\xa0\n130,459,212\xa0\nⅡ. 미래가산할 일시적차이\n선급비용\n298,749,803\xa0\n31,662,408\xa0\n330,412,211\xa0\n74,413,932\xa0\n7,826,355\xa0\n82,240,287\xa0\n종속기업투자주식\n(1,784,232)\n1,784,232\xa0\n-\xa0\n-\xa0\n-\xa0\n-\xa0\n압축기장충당금(합병)\n7,872,697\xa0\n-\xa0\n7,872,697\xa0\n1,970,536\xa0\n4,724\xa0\n1,975,260\xa0\n일시상각충당금(합병)\n544,541\xa0\n(33,435)\n511,106\xa0\n136,299\xa0\n(8,062)\n128,237\xa0\n사외적립자산\n166,172,417\xa0\n12,629,370\xa0\n178,801,787\xa0\n41,475,797\xa0\n3,251,414\xa0\n44,727,211\xa0\n영업권(웅진쿠첸)\n84,754,782\xa0\n-\xa0\n84,754,782\xa0\n-\xa0\n-\xa0\n-\xa0\n영업권(웅진코웨이개발)\n1,564,733\xa0\n-\xa0\n1,564,733\xa0\n-\xa0\n-\xa0\n-\xa0\n영업권상각\n21,071,402\xa0\n(2,640,001)\n18,431,401\xa0\n5,274,171\xa0\n(649,733)\n4,624,438\xa0\n기타\n3,352,759\xa0\n(959,405)\n2,393,354\xa0\n737,833\xa0\n(209,153)\n528,680\xa0\n소\xa0 계\n582,298,902\xa0\n42,443,169\xa0\n624,742,071\xa0\n124,008,568\xa0\n10,215,545\xa0\n134,224,113\xa0\nⅢ. 자본에 부가된 이연법인세\n\u3000\n\u3000\n\u3000\n\u3000\n\u3000\n\u3000\n매도가능금융자산평가이익\n(40,251)\n40,251\xa0\n-\xa0\n(8,855)\n8,855\xa0\n-\xa0\n순확정급여부채의 재측정요소\n19,396,872\xa0\n10,304,242\xa0\n29,701,114\xa0\n4,700,630\xa0\n2,625,920\xa0\n7,326,550\xa0\n소\xa0 계\n19,356,621\xa0\n10,344,493\xa0\n29,701,114\xa0\n4,691,775\xa0\n2,634,775\xa0\n7,326,550\xa0\nⅣ. 이월결손금등으로 인한 이연법인세\n\u3000\n\u3000\n\u3000\n1,615,675\xa0\n220,765\xa0\n1,684,156\xa0\n합\xa0 계\n(71,494,039)\n84,208,232\xa0\n12,714,193\xa0\n(9,517,010)\n14,915,099\xa0\n5,245,805\xa0\n<전기>\xa0 \xa0 \xa0 \xa0 \xa0 \xa0 \xa0 \xa0 \xa0 \xa0 \xa0 \xa0 \xa0 \xa0 \xa0 \xa0 \xa0 \xa0 \xa0 \xa0 \xa0 \xa0 \xa0 \xa0 \xa0 \xa0 \xa0 \xa0 \xa0 \xa0 \xa0 \xa0 \xa0 \xa0 \xa0 \xa0 \xa0 \xa0 \xa0 \xa0 \xa0 \xa0 \xa0 \xa0 \xa0 \xa0 \xa0 \xa0\xa0 (단위 : 천원)\n계\xa0 정\xa0 과\xa0 목\n누적일시적차이\n이연법인세자산(부채)\n기초잔액\n증감액\n기말잔액\n전기초\n증감액\n전기말\nⅠ. 미래차감할 일시적차이\n선수금\n17,692,762\xa0\n(7,464,249)\n10,228,513\xa0\n4,281,648\xa0\n(1,721,451)\n2,560,197\xa0\n재고자산평가충당금\n41,077,774\xa0\n(8,488,002)\n32,589,772\xa0\n9,769,595\xa0\n(1,674,149)\n8,095,446\xa0\n미지급비용\n26,218,092\xa0\n11,286,153\xa0\n37,504,245\xa0\n6,327,121\xa0\n3,044,878\xa0\n9,371,999\xa0\n선수수익\n14,920,024\xa0\n2,356,248\xa0\n17,276,272\xa0\n3,582,173\xa0\n578,533\xa0\n4,160,706\xa0\n반품충당부채\n18,451,320\xa0\n19,193,138\xa0\n37,644,458\xa0\n4,465,220\xa0\n4,957,188\xa0\n9,422,408\xa0\n판매보증충당부채\n10,301,599\xa0\n9,293,843\xa0\n19,595,442\xa0\n2,474,806\xa0\n2,248,903\xa0\n4,723,709\xa0\n대손충당금\n70,673,578\xa0\n7,092,452\xa0\n77,766,030\xa0\n17,569,569\xa0\n2,051,733\xa0\n19,621,302\xa0\n렌탈자산\n63,800,255\xa0\n3,343,723\xa0\n67,143,978\xa0\n13,591,205\xa0\n2,560,830\xa0\n16,152,035\xa0\n유형자산손상차손\n4,904,386\xa0\n28,030\xa0\n4,932,416\xa0\n1,186,861\xa0\n47,723\xa0\n1,234,584\xa0\n퇴직급여충당부채\n108,123,075\xa0\n19,567,395\xa0\n127,690,470\xa0\n26,062,554\xa0\n5,898,209\xa0\n31,960,763\xa0\n종속기업투자주식\n23,106,535\xa0\n-\xa0\n23,106,535\xa0\n-\xa0\n-\xa0\n-\xa0\n장기투자증권\n2,388,092\xa0\n-\xa0\n2,388,092\xa0\n-\xa0\n-\xa0\n-\xa0\n해외주재원인건비\n2,473,038\xa0\n500,632\xa0\n2,973,670\xa0\n-\xa0\n-\xa0\n-\xa0\n기타\n26,994,202\xa0\n3,614,147\xa0\n30,608,349\xa0\n5,426,542\xa0\n(4,545,583)\n880,959\xa0\n소\xa0 계\n431,124,732\xa0\n60,323,510\xa0\n491,448,242\xa0\n94,737,294\xa0\n13,446,814\xa0\n108,184,108\xa0\nⅡ. 미래가산할 일시적차이\n선급비용\n285,254,597\xa0\n13,495,206\xa0\n298,749,803\xa0\n68,979,101\xa0\n5,434,831\xa0\n74,413,932\xa0\n종속기업투자주식\n18,341\xa0\n(1,802,573)\n(1,784,232)\n-\xa0\n-\xa0\n-\xa0\n압축기장충당금(합병)\n7,872,697\xa0\n-\xa0\n7,872,697\xa0\n1,905,193\xa0\n65,343\xa0\n1,970,536\xa0\n일시상각충당금(합병)\n577,976\xa0\n(33,435)\n544,541\xa0\n139,870\xa0\n(3,571)\n136,299\xa0\n사외적립자산\n134,664,146\xa0\n31,508,271\xa0\n166,172,417\xa0\n32,514,554\xa0\n8,961,243\xa0\n41,475,797\xa0\n영업권(웅진쿠첸)\n84,754,782\xa0\n-\xa0\n84,754,782\xa0\n-\xa0\n-\xa0\n-\xa0\n영업권(웅진코웨이개발)\n1,564,733\xa0\n-\xa0\n1,564,733\xa0\n-\xa0\n-\xa0\n-\xa0\n영업권상각\n21,071,402\xa0\n-\xa0\n21,071,402\xa0\n5,099,278\xa0\n174,893\xa0\n5,274,171\xa0\n기타\n4,790,999\xa0\n(1,438,240)\n3,352,759\xa0\n1,053,466\xa0\n(315,633)\n737,833\xa0\n소\xa0 계\n540,569,673\xa0\n41,729,229\xa0\n582,298,902\xa0\n109,691,462\xa0\n14,317,106\xa0\n124,008,568\xa0\nⅢ. 자본에 부가된 이연법인세\n매도가능금융자산평가이익\n(26,753)\n(13,498)\n(40,251)\n(5,886)\n(2,969)\n(8,855)\n순확정급여부채의 재측정요소\n27,821,546\xa0\n(8,424,674)\n19,396,872\xa0\n6,733,704\xa0\n(2,033,074)\n4,700,630\xa0\n소\xa0 계\n27,794,793\xa0\n(8,438,172)\n19,356,621\xa0\n6,727,818\xa0\n(2,036,043)\n4,691,775\xa0\nⅣ. 이월결손금등으로 인한 이연법인세\n\u3000\n\u3000\n\u3000\n1,782,981\xa0\n(167,306)\n1,615,675\xa0\n합\xa0 계\n(81,650,148)\n10,156,109\xa0\n(71,494,039)\n(6,443,369)\n(3,073,641)\n(9,517,010)\n(5) 보고기간종료일 현재 연결재무상태표에 이연법인세자산 및 이연법인세부채로 인식되지 아니한 일시적차이의 내역은 다음과 같습니다.\xa0 \xa0 \xa0 \xa0 \xa0 \xa0 \xa0 \xa0 \xa0 \xa0 \xa0 \xa0 \xa0 \xa0 \xa0 \xa0 \xa0 \xa0 \xa0 \xa0 \xa0 \xa0 \xa0 \xa0 \xa0 \xa0 \xa0 \xa0 \xa0 \xa0 \xa0 \xa0 \xa0 \xa0 \xa0 \xa0 \xa0 \xa0 \xa0 \xa0 \xa0 \xa0 \xa0 \xa0 \xa0 \xa0 \xa0 \xa0 \xa0 \xa0 \xa0 (단위 : 천원)\n구\xa0 분\n당기말\n전기말\n종속기업투자\n40,577,767\xa0\n24,890,767\xa0\n장기투자증권\n2,388,092\xa0\n2,388,092\xa0\n해외자회사 지급보증\n24,648\xa0\n24,648\xa0\n해외주재원인건비\n3,372,513\xa0\n2,973,670\xa0\n종속기업의 이월결손금\n11,676,751\xa0\n6,564,917\xa0\n상표권\n7,110,378\xa0\n5,023,021\xa0\n기타\n23,958,873\xa0\n23,338,135\xa0\n차감할 일시적차이 합계\xa0\n89,109,022\xa0\n65,203,250\xa0\n\u3000\n\u3000\n영업권(웅진쿠첸)\n84,754,782\xa0\n84,754,782\xa0\n영업권(웅진코웨이개발)\n1,564,733\xa0\n1,564,733\xa0\n가산할 일시적차이 합계\n86,319,515\xa0\n86,319,515\xa0\n34. 주당순이익 \n(1) 기본주당순이익 \n당기 및 전기의 기본주당순이익 산정내역은 다음과 같습니다.\xa0 \xa0 \xa0 \xa0 \xa0 \xa0 \xa0 \xa0 \xa0 \xa0 \xa0 \xa0 \xa0 \xa0 \xa0 \xa0 \xa0 \xa0 \xa0 \xa0 \xa0 \xa0 \xa0 \xa0 \xa0 \xa0 \xa0 \xa0 \xa0 \xa0 \xa0 \xa0 \xa0 \xa0 \xa0 \xa0 \xa0 \xa0 \xa0 \xa0 \xa0 \xa0 \xa0 \xa0 \xa0 \xa0 \xa0 \xa0 \xa0 \xa0 \xa0 \xa0\xa0 (단위 : 원)\n구\xa0 분\n당\xa0 기\n전\xa0 기\n지배기업 소유주지분 당기순이익\n\xa0 350,241,206,614\xa0\n326,083,929,236\xa0\n\xa0 ÷가중평균유통보통주식수(주1)\n\xa072,158,152주\xa0\n72,724,343주\n기본주당순이익\n\xa0 \xa0 \xa0 \xa0 \xa0 \xa0 \xa0 \xa0 4,854\xa0\n\xa0 \xa0 \xa0 \xa0 \xa0 \xa0 \xa0 \xa0 \xa0 \xa0 \xa0 4,484\xa0\n(주1) 가중평균유통보통주식수는 발행주식수를 유통기간으로 가중평균하여 산정하였으며, 취득시점 이후부터 매각시점까지의 기간동안 보유한 자기주식은 유통보통주식수에 포함하지 않았습니다.\n(2) 희석주당순이익 희석주당순이익은 모든 희석성 잠재적보통주가 보통주로 전환된다고 가정하여 조정한 가중평균 유통보통주식수를 적용하여 산정하고 있습니다. 연결기업이 보유하고 있는 희석성 잠재적보통주로는 주식선택권이 있습니다. 당기 및 전기의 희석주당순이익 산정내역은 다음과 같습니다.\xa0 \xa0 \xa0 \xa0 \xa0 \xa0 \xa0 \xa0 \xa0 \xa0 \xa0 \xa0 \xa0 \xa0 \xa0 \xa0 \xa0 \xa0 \xa0 \xa0 \xa0 \xa0 \xa0 \xa0 \xa0 \xa0 \xa0 \xa0 \xa0 \xa0 \xa0 \xa0 \xa0 \xa0 \xa0 \xa0 \xa0 \xa0 \xa0 \xa0 \xa0 \xa0 \xa0 \xa0 \xa0 \xa0 \xa0 \xa0 \xa0 \xa0 \xa0 \xa0\xa0 (단위 : 원)\n구\xa0 분\n당\xa0 기\n전\xa0 기\n지배기업 소유주지분 당기순이익\n350,241,206,614\xa0\n326,083,929,236\xa0\n가산 : 희석증권비용효과\n-\xa0\n-\xa0\n희석순이익\n350,241,206,614\xa0\n326,083,929,236\xa0\n가중평균유통주식수\n\xa072,158,152주\xa0\n72,724,343주\n희석증권 주식수(주1)\n\xa0193,303주\xa0\n1,413,169주\n주식수 계\n\xa072,351,455주\xa0\n74,137,512주\n희석주당순이익(단위:원)\n4,841\xa0\n4,398\xa0\n(주1) 연결기업의 임직원에게 부여한 주식선택권의 희석화 효과로 인한 것입니다.보고기간종료일 이전에 발생하였다면 보통주식수나 잠재적 보통주식수를 중요하게변화시켰을 보고기간종료일 후에 발생한 사건은 없습니다.\n35. 현금흐름표\n(1) 당기 및 전기 중 영업에서 창출된 현금흐름 중 비현금항목의 조정 내역은 다음과 같습니다.\xa0 \xa0 \xa0 \xa0 \xa0 \xa0 \xa0 \xa0 \xa0 \xa0 \xa0 \xa0 \xa0 \xa0 \xa0 \xa0 \xa0 \xa0 \xa0 \xa0 \xa0 \xa0 \xa0 \xa0 \xa0 \xa0 \xa0 \xa0 \xa0 \xa0 \xa0 \xa0 \xa0 \xa0 \xa0 \xa0 \xa0 \xa0 \xa0 \xa0 \xa0 \xa0 \xa0 \xa0 \xa0 \xa0 \xa0 \xa0 \xa0 \xa0\xa0\xa0(단위 : 천원)\n구\xa0 분\n당\xa0 기\n전\xa0 기\n퇴직급여\n25,297,328\xa0\n24,569,646\xa0\n주식보상비용\n(1,619,787)\n3,530,176\xa0\n감가상각비(유형자산 및 투자부동산)\n246,807,576\xa0\n227,333,973\xa0\n무형자산상각비\n8,725,200\xa0\n8,175,379\xa0\n매출채권손상차손\n19,324,755\xa0\n16,088,928\xa0\n기타채권손상차손\n3,981,759\xa0\n4,600,550\xa0\n재고자산평가손실\n209,069\xa0\n900,779\xa0\n렌탈자산폐기손실\n48,795,117\xa0\n43,460,993\xa0\n외화환산손실\n8,076,352\xa0\n19,940,510\xa0\n유형자산손상차손\n17,855,420\xa0\n8,469,194\xa0\n무형자산손상차손\n19,688,578\xa0\n-\xa0\n외화환산이익\n(5,222,063)\n(16,534,444)\n이자수익(금융수익)\n(1,210,069)\n(977,507)\n이자수익(렌탈매출)\n(14,399,160)\n(9,889,205)\n이자비용\n17,781,224\xa0\n12,336,806\xa0\n법인세비용\n118,755,572\xa0\n114,268,322\xa0\n기타\n28,600,119\xa0\n19,791,889\xa0\n합\xa0 계\n541,446,990\xa0\n476,065,989\xa0\n(2) 당기 및 전기 중 영업에서 창출된 현금흐름 중 운전자본의 조정 내역은 다음과 같습니다.\xa0 \xa0 \xa0 \xa0 \xa0 \xa0 \xa0 \xa0 \xa0 \xa0 \xa0 \xa0 \xa0 \xa0 \xa0 \xa0 \xa0 \xa0 \xa0 \xa0 \xa0 \xa0 \xa0 \xa0 \xa0 \xa0 \xa0 \xa0 \xa0 \xa0 \xa0 \xa0 \xa0 \xa0 \xa0 \xa0 \xa0 \xa0 \xa0 \xa0 \xa0 \xa0 \xa0 \xa0 \xa0 \xa0 \xa0 \xa0 \xa0\xa0\xa0\xa0\xa0(단위 : 천원)\n구\xa0 분\n당\xa0 기\n전\xa0 기\n매출채권의 증가\n20,472,806\xa0\n(59,306,928)\n금융리스채권의 증가\n(173,233,596)\n(91,830,849)\n기타단기금융자산의 증가\n(7,089,123)\n(2,075,575)\n기타유동자산의 증가\n(21,108,644)\n(27,842,392)\n재고자산의 증가\n(26,382,451)\n(5,799,081)\n기타장기금융자산의 증가\n(1,216,600)\n-\xa0\n기타비유동자산의 감소(증가)\n(16,487,263)\n7,972,905\xa0\n매입채무의 증가(감소)\n(2,705,445)\n20,971,377\xa0\n기타단기금융부채의 증가(감소)\n(3,475,491)\n10,839,058\xa0\n기타유동부채의 증가\n11,971,445\xa0\n15,390,440\xa0\n기타장기금융부채의 감소\n(459,929)\n(507,901)\n기타비유동부채의 증가\n4,336,376\xa0\n4,890\xa0\n퇴직금의 지급\n(10,899,983)\n(8,558,734)\n사외적립자산의 순증가\n(10,264,799)\n(7,751,167)\n합\xa0 계\n(236,542,697)\n(148,493,957)\n(3)\xa0당기와 전기 중의 현금의 유입과 유출이 없는 거래 중 중요한 사항은 다음과 같습니다.\xa0 \xa0 \xa0 \xa0 \xa0 \xa0 \xa0 \xa0 \xa0 \xa0 \xa0 \xa0 \xa0 \xa0 \xa0 \xa0 \xa0 \xa0 \xa0 \xa0 \xa0 \xa0 \xa0 \xa0 \xa0 \xa0 \xa0 \xa0 \xa0 \xa0 \xa0 \xa0 \xa0 \xa0 \xa0 \xa0 \xa0 \xa0 \xa0 \xa0 \xa0 \xa0 \xa0 \xa0 \xa0 \xa0 \xa0 \xa0 \xa0 \xa0 \xa0 (단위 : 천원)\n구\xa0 분\n당\xa0 기\n전\xa0 기\n건설중인자산 본계정 대체\n\xa0 \xa0 \xa0 7,017,998\xa0\n7,235,982\xa0\n건설중인무형자산 본계정 대체\n\xa0 \xa0 \xa0 \xa0 \xa0 \xa0 \xa0\xa0 7,133,719\xa0\n3,807,145\xa0\n투자부동산의 매각예정자산대체\n8,222,097\xa0\n-\xa0\n36. 특수관계자 거래\n\xa0\n(1)\xa0연결기업의 특수관계자 현황은 다음과 같습니다.\r\n구 분\n특수관계자의 명칭\n연결기업에 유의적인 영향력을 행사하는 기업\n코웨이홀딩스㈜\n(2) 당기 및 전기 중 연결기업은 코웨이홀딩스㈜에 배당금을 각각 61,204백만원 및\xa0 127,395백만원 지급하였습니다.\n(3) 주요 경영진에 대한 보상  주요 경영진은 이사(등기 및 비등기), 이사회의 구성원, 재무책임자 및 내부감사책임자를 포함하고 있습니다. 종업원 용역의 대가로서 주요 경영진에게 지급되었거나 지급될 보상금액은 다음과 같습니다.\xa0 \xa0 \xa0 \xa0 \xa0 \xa0 \xa0 \xa0 \xa0 \xa0 \xa0 \xa0 \xa0 \xa0 \xa0 \xa0 \xa0 \xa0 \xa0 \xa0 \xa0 \xa0 \xa0 \xa0 \xa0 \xa0 \xa0 \xa0 \xa0 \xa0 \xa0 \xa0 \xa0 \xa0 \xa0 \xa0 \xa0 \xa0 \xa0 \xa0 \xa0 \xa0 \xa0 \xa0 \xa0 \xa0 \xa0 \xa0 \xa0 \xa0 \xa0 (단위 : 천원)\n구\xa0 분\n당\xa0 기\xa0\n전\xa0 기\xa0\n단기종업원 급여\xa0\xa0\n6,529,443\xa0\n6,205,822\xa0\n퇴직급여\xa0\xa0\n652,555\xa0\n603,992\xa0\n주식기준보상\xa0\xa0\n(1,619,787)\n3,530,176\xa0\n합\xa0 계\n5,562,211\xa0\n10,339,990\xa0\n37.\xa0공정가치(1) 보고기간종료일 현재 금융자산과 부채의 장부금액과 공정가치는 다음과 같습니다.\xa0 \xa0 \xa0 \xa0 \xa0 \xa0 \xa0 \xa0 \xa0 \xa0 \xa0 \xa0 \xa0 \xa0 \xa0 \xa0 \xa0 \xa0 \xa0 \xa0 \xa0 \xa0 \xa0 \xa0 \xa0 \xa0 \xa0 \xa0 \xa0 \xa0 \xa0 \xa0 \xa0 \xa0 \xa0 \xa0 \xa0 \xa0 \xa0 \xa0 \xa0 \xa0 \xa0 \xa0 \xa0 \xa0 \xa0 \xa0 \xa0 \xa0 \xa0 (단위 : 천원)\n구\xa0 분\n당기말\n전기말\n장부금액\n공정가치(주1)\n장부금액\n공정가치(주1)\n금융자산\n현금및현금성자산\n69,353,968\xa0\n69,353,968\xa0\n110,298,033\xa0\n110,298,033\xa0\n매출채권\n330,201,451\xa0\n330,201,451\xa0\n351,078,378\xa0\n351,078,378\xa0\n금융리스채권\n400,248,563\xa0\n400,248,563\xa0\n229,893,357\xa0\n229,893,357\xa0\n기타금융자산\n70,519,408\xa0\n70,519,408\xa0\n70,611,138\xa0\n70,611,138\xa0\n매도가능금융자산\n-\xa0\n-\xa0\n2,465,025\xa0\n2,465,025\xa0\n당기손익 - 공정가치 측정 금융자산\n1,218,198\xa0\n1,218,198\xa0\n-\xa0\n-\xa0\n기타포괄손익 - 공정가치 측정 금융자산\n365,431\xa0\n365,431\xa0\n-\xa0\n-\xa0\n합\xa0 계\n871,907,019\xa0\n871,907,019\xa0\n764,345,931\xa0\n764,345,931\xa0\n금융부채\n매입채무\n60,649,430\xa0\n60,649,430\xa0\n54,187,946\xa0\n54,187,946\xa0\n차입금\n741,633,000\xa0\n741,633,000\xa0\n682,303,000\xa0\n682,303,000\xa0\n기타금융부채\n190,652,796\xa0\n190,652,796\xa0\n198,255,700\xa0\n198,255,700\xa0\n합\xa0 계\n992,935,226\xa0\n992,935,226\xa0\n934,746,646\xa0\n934,746,646\xa0\n(주1) 연결기업은 연결재무제표에 상각후원가로 인식되는 금융자산 및 금융부채의 장부금액은 공정가치와 유사하다고 판단하고 있습니다. \n(2) 공정가치 서열체계연결기업은 공정가치측정에 사용된 투입변수의 유의성을 반영하는 공정가치 서열체계에 따라 공정가치측정치를 분류하고 있으며, 공정가치 서열체계의 수준은 다음과 같습니다.\xa0\n구\xa0 분\n투입변수의 유의성\n수준 1\n동일한 자산이나 부채에 대한 활성시장의 공시가격\n수준 2\xa0\n직접적으로 또는 간접적으로 관측가능한, 자산이나 부채에 대한 투입변수\n수준 3\n관측가능한 시장자료에 기초하지 않은, 자산이나 부채에 대한 투입변수\n보고기간종료일 현재 금융상품의 수준별 공정가치 측정치는 다음과 같습니다.<당기말>\n\xa0 \xa0 \xa0 \xa0 \xa0 \xa0 \xa0 \xa0 \xa0 \xa0 \xa0 \xa0 \xa0 \xa0 \xa0 \xa0 \xa0 \xa0 \xa0 \xa0 \xa0 \xa0 \xa0 \xa0 \xa0 \xa0 \xa0 \xa0 \xa0 \xa0 \xa0 \xa0 \xa0 \xa0 \xa0 \xa0 \xa0 \xa0 \xa0 \xa0 \xa0 \xa0 \xa0 \xa0 \xa0 \xa0 \xa0 \xa0 \xa0 \xa0 \xa0 (단위 : 천원)\n구\xa0 분\n수준 1\n수준 2\n수준 3\n합 계\n금융자산\n\xa0현금및현금성자산\n223,869\xa0\n69,130,099\xa0\n-\xa0\n69,353,968\xa0\n\xa0매출채권\n-\xa0\n-\xa0\n330,201,450\xa0\n330,201,450\xa0\n\xa0금융리스채권\n-\xa0\n-\xa0\n400,248,563\xa0\n400,248,563\xa0\n\xa0단기대여금\n-\xa0\n-\xa0\n46,371\xa0\n46,371\xa0\n\xa0미수금\n-\xa0\n-\xa0\n14,258,816\xa0\n14,258,816\xa0\n\xa0장기금융상품\n-\xa0\n8,324,536\xa0\n-\xa0\n8,324,536\xa0\n\xa0장기미수금\n\u3000\n\u3000\n1,216,600\xa0\n1,216,600\xa0\n\xa0장기보증금\n\xa0-\n-\xa0\n46,673,085\xa0\n46,673,085\xa0\n당기손익 - 공정가치 측정 금융자산\n-\xa0\n-\xa0\n1,218,198\xa0\n1,218,198\xa0\n기타포괄손익 - 공정가치 측정 금융자산\n-\xa0\n-\xa0\n365,431\xa0\n365,431\xa0\n금융부채\n\xa0매입채무\n-\xa0\n-\xa0\n62,483,455\xa0\n62,483,455\xa0\n\xa0미지급금\n-\xa0\n-\xa0\n160,606,987\xa0\n160,606,987\xa0\n\xa0미지급비용\n-\xa0\n-\xa0\n28,415,970\xa0\n28,415,970\xa0\n\xa0단기차입금\n-\xa0\n731,112,000\xa0\n-\xa0\n731,112,000\xa0\n\xa0장기미지급금\n-\xa0\n-\xa0\n379,447\xa0\n379,447\xa0\n\xa0장기차입금\n-\xa0\n10,521,000\xa0\n-\xa0\n10,521,000\xa0\n\xa0예수보증금\n-\xa0\n-\xa0\n15,778\xa0\n15,778\xa0\n\xa0렌탈보증금\n-\xa0\n-\xa0\n1,227,802\xa0\n1,227,802\xa0\n\xa0기타\n-\xa0\n-\xa0\n6,812\xa0\n6,812\xa0\n<전기말>\n\xa0 \xa0 \xa0 \xa0 \xa0 \xa0 \xa0 \xa0 \xa0 \xa0 \xa0 \xa0 \xa0 \xa0 \xa0 \xa0 \xa0 \xa0 \xa0 \xa0 \xa0 \xa0 \xa0 \xa0 \xa0 \xa0 \xa0 \xa0 \xa0 \xa0 \xa0 \xa0 \xa0 \xa0 \xa0 \xa0 \xa0 \xa0 \xa0 \xa0 \xa0 \xa0 \xa0 \xa0 \xa0 \xa0 \xa0 \xa0 \xa0 \xa0 \xa0 (단위 : 천원)\n구\xa0 분\n수준 1\n수준 2\n수준 3\n합 계\n금융자산\n\xa0현금및현금성자산\n463,662\xa0\n109,834,371\xa0\n-\xa0\n110,298,033\xa0\n\xa0매출채권\n-\xa0\n-\xa0\n351,068,378\xa0\n351,068,378\xa0\n\xa0금융리스채권\n-\xa0\n-\xa0\n229,893,357\xa0\n229,893,357\xa0\n\xa0단기대여금\n-\xa0\n-\xa0\n58,062\xa0\n58,062\xa0\n\xa0미수금\n-\xa0\n-\xa0\n16,782,838\xa0\n16,782,838\xa0\n\xa0장기금융상품\n-\xa0\n8,323,309\xa0\n-\xa0\n8,323,309\xa0\n\xa0장기보증금\n\xa0-\xa0\n-\xa0\n45,446,929\xa0\n45,446,929\xa0\n\xa0매도가능금융자산\n-\xa0\n-\xa0\n2,465,025\xa0\n2,465,025\xa0\n금융부채\n\xa0매입채무\n-\xa0\n-\xa0\n54,187,946\xa0\n54,187,946\xa0\n\xa0미지급금\n-\xa0\n-\xa0\n166,024,984\xa0\n166,024,984\xa0\n\xa0미지급비용\n-\xa0\n-\xa0\n30,319,814\xa0\n30,319,814\xa0\n\xa0단기차입금\n-\xa0\n670,000,000\xa0\n-\xa0\n670,000,000\xa0\n\xa0장기미지급금\n-\xa0\n-\xa0\n819,185\xa0\n819,185\xa0\n\xa0장기차입금\n-\xa0\n12,303,000\xa0\n-\xa0\n12,303,000\xa0\n\xa0예수보증금\n-\xa0\n-\xa0\n69,726\xa0\n69,726\xa0\n\xa0렌탈보증금\n-\xa0\n-\xa0\n1,173,027\xa0\n1,173,027\xa0\n\xa0기타\n-\xa0\n-\xa0\n48,964\xa0\n48,964\xa0\n활성시장에서 거래되는 금융상품의 공정가치는 보고기간 종료일 현재 고시되는 시장가격에 기초하여 산정됩니다. 거래소, 판매자, 중개인, 산업집단, 평가기관 또는 감독기관을 통해 공시가격이 용이하게 그리고 정기적으로 이용가능하고, 그러한 가격이 독립된 당사자 사이에서 정기적으로 발생한 실제 시장거래를 나타낸다면, 이를 활성시장으로 간주합니다. 연결기업이 보유하고 있는 금융자산의 공시되는 시장가격은 매입호가입니다. 이러한 상품들은 수준 1에 포함됩니다. 수준 1에 포함된 상품들은 대부분 단기매매 또는 매도가능으로 분류된 KOSPI 주가지수, KOSDAQ 주가지수에속한 상장된 지분상품으로 구성됩니다.\r\n활성시장에서 거래되지 아니하는 금융상품(예: 장외파생상품)의 공정가치는 평가기법을 사용하여 결정하고 있습니다. 이러한 평가기법은 가능한 한 관측가능한 시장정보를 최대한 사용하고 기업특유정보를 최소한으로 사용합니다. 이때, 해당 상품의 공정가치 측정에 요구되는 모든 유의적인 투입변수가 관측가능하다면 해당 상품은 수준 2에 포함됩니다.\n만약 하나 이상의 유의적인 투입변수가 관측가능한 시장정보에 기초한 것이 아니라면 해당 상품은 수준 3에 포함됩니다.\n금융상품의 공정가치를 측정하는 데에 사용되는 평가기법에는 다음이 포함됩니다.\n- 유사한 상품의 공시시장가격 또는 딜러가격\n- 이자율스왑의 공정가치는 관측가능한 수익률곡선에 따른 미래 추정 현금흐름의 현재가치로 계산\n- 선물환의 공정가치는 보고기간 말 현재의 선도환율을 사용하여 해당 금액을 현재가치로 할인하여 측정\n- 나머지 금융상품에 대해서는 현금흐름의 할인기법 등의 기타 기법 사용\n(3) 공정가치로 측정되는 금융상품 중 공정가치 수준 3에 해당하는 금융상품의 공정가치 변동내역은 다음과 같습니다.<당기>\xa0 \xa0 \xa0 \xa0 \xa0 \xa0 \xa0 \xa0 \xa0 \xa0 \xa0 \xa0 \xa0 \xa0 \xa0 \xa0 \xa0 \xa0 \xa0 \xa0 \xa0 \xa0 \xa0 \xa0 \xa0 \xa0 \xa0 \xa0 \xa0 \xa0 \xa0 \xa0 \xa0 \xa0 \xa0 \xa0 \xa0 \xa0 \xa0 \xa0 \xa0 \xa0 \xa0 \xa0 \xa0 \xa0 \xa0 \xa0 \xa0 \xa0 \xa0 (단위 : 천원)\n구분\n기초\n회계정책 변경\n평가\n기말\n기타포괄손익 - 공정가치 측정 금융자산\n-\xa0\n365,431\xa0\n-\xa0\n365,431\xa0\n당기손익 - 공정가치 측정 금융자산\n-\xa0\n1,204,227\xa0\n13,971\xa0\n1,218,198\xa0\n합계\n-\xa0\n1,569,658\xa0\n13,971\xa0\n1,583,629\xa0\n<전기>\xa0 \xa0 \xa0 \xa0 \xa0 \xa0 \xa0 \xa0 \xa0 \xa0 \xa0 \xa0 \xa0 \xa0 \xa0 \xa0 \xa0 \xa0 \xa0 \xa0 \xa0 \xa0 \xa0 \xa0 \xa0 \xa0 \xa0 \xa0 \xa0 \xa0 \xa0 \xa0 \xa0 \xa0 \xa0 \xa0 \xa0 \xa0 \xa0 \xa0 \xa0 \xa0 \xa0 \xa0 \xa0 \xa0 \xa0 \xa0 \xa0 \xa0 \xa0 (단위 : 천원)\n구분\n기초\n평가\n기말\n매도가능금융자산\n1,147,929\xa0\n13,498\xa0\n1,161,427\xa0\n금융상품의 공정가치 중 활성시장에서 거래되는 금융상품을 제외한 금융상품의 공정가치는 다음과 같은 평가기법을 적용하여 산출하였습니다.\n구 분\n평가기법\n현금및현금성자산\n현금은 장부금액과 공정가치가 동일하며, 현금성자산은 수시 입출금이 가능한 보통예금 또는 만기가 3개월 이내에 도래하는 정기예금 등으로 장부금액을 공정가치의 대용치로 사용하였습니다.\n매출채권 및 기타금융자산\n단기성채권에 해당되는 매출채권, 미수금 등의 경우 장부금액을 공정가치의 대용치로 사용하였습니다.\n매입채무 및 기타금융부채\n단기성채무에 해당되는 매입채무, 미지급금 등의 경우 장부금액을 공정가치의 대용치로 사용하였습니다.\n차입금\n만기가 발행일로부터 1년이내인 차입금의 경우 장부금액을 공정가치의 대용치로 사용하였으며, 만기가 발행일로부터 1년이상인 차입금의 경우 예상되는 기대미래현금흐름을 시장이자율과 거래상대방의 신용위험 등을 고려한 할인율로 할인하여 산출하였습니다.\n당기\xa0중 연결기업의 금융자산과\xa0금융부채의 공정가치에 영향을 미치는 사업환경 및 경제적인 환경의 유의적인 변동은 없습니다.\r\n38. 재무위험관리의 목적 및 정책\n연결기업은 여러 활동으로 인한 시장위험(환위험, 공정가치 이자율 위험, 현금흐름 이자율 위험 및 가격위험), 신용위험 및 유동성위험과 같은 다양한 금융 위험에 노출되어있습니다. 연결기업의 전반적인 위험관리정책은 금융시장의 예측불가능성에 초점을 맞추고 있으며 재무성과에 잠재적으로 불리할 수 있는 효과를 최소화하는데 중점을 두고 있습니다.\xa0\r\n위험관리는 이사회에서 승인한 정책에 따라 자금부서에 의해 이루어지고 있습니다. 자금부서는 연결기업의\xa0현업부서들과 긴밀히 협력하여 재무위험을 식별, 평가 및 회피하고 있습니다. 이사회는 외환위험, 이자율위험, 신용위험, 파생금융상품과 비파생금융상품의 이용 및 유동성을 초과하는 투자와 같은 특정 분야에 관한 문서화된 정책뿐 아니라, 전반적인 위험관리에 대한 문서화된 정책을 제공합니다.\r\n(1) 시장위험 \n시장위험은 시장가격의 변동으로 인하여 미래현금흐름에 대한 금융상품의 공정가치가 변동될 위험입니다. 시장위험은 이자율위험, 환위험 및 기타 가격위험의 세가지 유형으로 구성됩니다. \n1) 이자율위험이자율위험은 시장이자율의 변동으로 인하여 금융상품의 공정가치나 미래현금흐름이 변동할 위험입니다. 연결기업은 변동이자부 장기차입금과 관련된 시장이자율의 변동위험에 노출되어 있습니다. 이에 따라, 연결기업의 경영진은 이자율 현황을 주기적으로 검토하여 고정이자율차입금과 변동이자율차입금의 적절한 균형을 유지하고 있습니다. 당기 및 전기에 변동이자율이 적용되는 차입금은 각각 4,484,500천원 및\xa0 4,819,500천원입니다. 참고로, 변동이자율 차입의 기준금리가 1%변동 되었을 경우당기 및 전기 중 법인세차감전 순손익에 미치는 영향은 다음과 같습니다.\n\xa0 \xa0 \xa0 \xa0 \xa0 \xa0 \xa0 \xa0 \xa0 \xa0 \xa0 \xa0 \xa0 \xa0 \xa0 \xa0 \xa0 \xa0 \xa0 \xa0 \xa0 \xa0 \xa0 \xa0 \xa0 \xa0 \xa0 \xa0 \xa0 \xa0 \xa0 \xa0 \xa0 \xa0 \xa0 \xa0 \xa0 \xa0 \xa0 \xa0 \xa0 \xa0 \xa0 \xa0 \xa0 \xa0 \xa0 \xa0 \xa0 \xa0 \xa0 (단위 : 천원)\n구\xa0 분\n당\xa0 기\n전\xa0 기\n기준금리\n1% 상승시\n(44,845)\n(48,195)\n2) 환위험 연결기업은 국제적으로 영업활동을 영위하고 있어 환율변동위험에 노출되어 있습니다. 외환위험은 재화와 용역의 수출 및 원재료 수입거래와 관련하여 인식된 자산과 부채와 관련하여 발생하고 있습니다. 연결기업은 내부적으로 환율변동에 대한 위험을 정기적으로 평가, 관리 및 보고하고 있습니다.\xa0\n보고기간종료일 현재 다른 변수가 일정하고 외화에 대한 기능통화의 환율이 연결기업 보유 외화자산ㆍ부채의 기말 환율에 비하여\xa05% 약세 또는 강세일 경우, 당기 세전 이익은 외화자산ㆍ부채에 대한 외화환산 손익의 결과로 인하여\xa01,166백만원 만큼 상승 또는 하락(전기:\xa01,930백만원\xa0만큼 상승 또는 하락)하였을 것입니다.\n외화금융상품의 주요 통화별 구성내역은 다음과 같습니다.<당기말>\xa0 \xa0 \xa0 \xa0 \xa0 \xa0 \xa0 \xa0 \xa0 \xa0 \xa0 \xa0 \xa0 \xa0 \xa0 \xa0 \xa0 \xa0 \xa0 \xa0 \xa0 \xa0 \xa0 \xa0 \xa0 \xa0 \xa0 \xa0 \xa0 \xa0 \xa0 \xa0 \xa0 \xa0 \xa0 \xa0 \xa0 \xa0 \xa0 \xa0 \xa0 \xa0 \xa0 \xa0 \xa0 \xa0 \xa0 \xa0 \xa0 \xa0 \xa0 (단위 : 천원)\r\n구\xa0 분\nUSD\nJPY\nEUR\nCNY\n합 계\n현금및현금성자산\n1,873,392\xa0\n87,899\xa0\n-\xa0\n-\xa0\n1,961,291\xa0\n매출채권(주1)\n24,419,093\xa0\n580,052\xa0\n1,675,998\xa0\n2,747\xa0\n26,677,890\xa0\n매입채무\n4,482,373\xa0\n835,860\xa0\n-\xa0\n-\xa0\n5,318,233\xa0\n<전기말>\xa0 \xa0 \xa0 \xa0 \xa0 \xa0 \xa0 \xa0 \xa0 \xa0 \xa0 \xa0 \xa0 \xa0 \xa0 \xa0 \xa0 \xa0 \xa0 \xa0 \xa0 \xa0 \xa0 \xa0 \xa0 \xa0 \xa0 \xa0 \xa0 \xa0 \xa0 \xa0 \xa0 \xa0 \xa0 \xa0 \xa0 \xa0 \xa0 \xa0 \xa0 \xa0 \xa0 \xa0 \xa0 \xa0 \xa0 \xa0 \xa0 \xa0 \xa0 (단위 : 천원)\n구\xa0 분\nUSD\nJPY\nEUR\nCNY\n합 계\n현금및현금성자산\n5,615,723\xa0\n562,364\xa0\n70,760\xa0\n-\xa0\n6,248,847\xa0\n매출채권(주1)\n35,684,398\xa0\n799,960\xa0\n1,704,885\xa0\n9,477\xa0\n38,198,720\xa0\n매입채무\n4,819,370\xa0\n1,032,257\xa0\n-\xa0\n-\xa0\n5,851,627\xa0\n (주1) 관련 손상차손 차감 전 금액입니다.\n3) 기타 가격위험\xa0\xa0\n기타 가격위험은 이자율위험이나 환위험 이외의 시장가격의 변동으로 인하여 금융상품의 공정가치나 미래현금흐름이 변동될 위험입니다.\xa0그러나 연결기업의 경영진은 당기 보고기간종료일 현재 해당 지분상품의 가격변동이 기타포괄손익에 미치는 영향은 중요하지 않다고 판단하고 있습니다.\n(2) 신용위험\xa0\xa0\n신용위험은 연결기업 차원에서 관리되고 있습니다. 신용위험은 보유하고 있는 수취채권 및 확정계약을 포함한 거래처에 대한 신용위험 뿐 아니라 현금및현금성자산, 파생금융상품 및 은행 및 금융기관 예치금으로부터 발생하고 있습니다. 은행 및 금융기관의 경우, 독립적인 신용평가기관으로부터의 신용등급이 최소 A이상인 경우에 한하여 거래를 하고 있습니다. 거래처의 경우 독립적으로 신용평가를 받는다면 평가된 신용등급이 사용되며, 독립적인 신용 등급이 없는 경우에는 고객의 재무상태, 과거경험 등 기타 요소들을 고려하여 신용을 평가하게 됩니다. 개별적인 위험 한도는 이사회가정한 한도에 따라 내부 또는 외부적으로 결정된 신용등급을 바탕으로 결정됩니다. 신용한도의 사용여부는 정기적으로 검토되고 있습니다. 소매거래처에 대한 매출은 현금 또는 주요 신용카드로 처리됩니다.\xa0\n금융자산의 장부금액은 신용위험에 대한 최대노출정도를 나타냅니다. 보고기간종료일 현재 연결기업의 신용위험에 대한 최대 노출정도는 다음과 같습니다.\xa0 \xa0 \xa0 \xa0 \xa0 \xa0 \xa0 \xa0 \xa0 \xa0 \xa0 \xa0 \xa0 \xa0 \xa0 \xa0 \xa0 \xa0 \xa0 \xa0 \xa0 \xa0 \xa0 \xa0 \xa0 \xa0 \xa0 \xa0 \xa0 \xa0 \xa0 \xa0 \xa0 \xa0 \xa0 \xa0 \xa0 \xa0 \xa0 \xa0 \xa0 \xa0 \xa0 \xa0 \xa0 \xa0 \xa0 \xa0 \xa0 \xa0 \xa0 (단위 : 천원)\n구\xa0 분\n당기말\n전기말\n현금및현금성자산(주1)\n69,130,099\xa0\n109,834,372\xa0\n매출채권\n330,201,451\xa0\n351,068,378\xa0\n금융리스채권\n400,248,563\xa0\n229,893,357\xa0\n기타단기금융자산\n14,305,187\xa0\n16,840,900\xa0\n기타장기금융자산\n56,214,222\xa0\n53,770,238\xa0\n합\xa0 계\n870,099,522\xa0\n761,407,245\xa0\n(주1) 재무상태표상의 \'현금및현금성자산\'의 나머지는 직접 보유하고 있는 현금입니다.\n(3) 유동성위험 연결기업은 미사용 차입금한도를 적정수준으로 유지하고 영업자금 수요를 충족시킬 수 있도록 유동성에 대한 예측을 항시 모니터링하여 차입금 한도나 약정을 위반하는 일이 없도록 하고 있습니다. 유동성에 대한 예측시에는 연결기업의 자금조달계획, 약정 준수, 연결기업 내부의 목표재무비율 및 통화에 대한 제한과 같은 외부 법규나 법률 요구사항이 있는 경우 그러한 요구사항을 고려하고 있습니다.\xa0\r\n연결기업은 상기에서 언급한 예측을 통해 결정된 대로 여유있는 유동성이 확보될 수 있도록 적절한 만기나 충분한 유동성을 제공해주는 이자부 당좌예금, 정기예금, 수시입출금식 예금, 시장성 유가증권 등의 금융상품을 선택하여 잉여자금을 투자하고 있습니다.\xa0\xa0\n연결기업의 유동성 위험 분석내역은 다음과 같습니다.<당기말>\xa0 \xa0 \xa0 \xa0 \xa0 \xa0 \xa0 \xa0 \xa0 \xa0 \xa0 \xa0 \xa0 \xa0 \xa0 \xa0 \xa0 \xa0 \xa0 \xa0 \xa0 \xa0 \xa0 \xa0 \xa0 \xa0 \xa0 \xa0 \xa0 \xa0 \xa0 \xa0 \xa0 \xa0 \xa0 \xa0 \xa0 \xa0 \xa0 \xa0 \xa0 \xa0 \xa0 \xa0 \xa0 \xa0 \xa0 \xa0 \xa0 \xa0 \xa0 (단위 : 천원)\n구\xa0 분\n1년 미만\n1년 이상~2년 이하\n2년초과\n합\xa0 계\n매입채무\n62,483,455\xa0\n-\xa0\n-\xa0\n62,483,455\xa0\n기타금융부채\n189,043,248\xa0\n1,609,547\xa0\n-\xa0\n190,652,795\xa0\n단기차입금\n731,112,000\xa0\n-\xa0\n-\xa0\n731,112,000\xa0\n장기차입금\n536,000\xa0\n-\xa0\n9,985,000\xa0\n10,521,000\xa0\n합\xa0 계\n983,174,703\xa0\n1,609,547\xa0\n9,985,000\xa0\n994,769,250\xa0\n<전기말>\xa0 \xa0 \xa0 \xa0 \xa0 \xa0 \xa0 \xa0 \xa0 \xa0 \xa0 \xa0 \xa0 \xa0 \xa0 \xa0 \xa0 \xa0 \xa0 \xa0 \xa0 \xa0 \xa0 \xa0 \xa0 \xa0 \xa0 \xa0 \xa0 \xa0 \xa0 \xa0 \xa0 \xa0 \xa0 \xa0 \xa0 \xa0 \xa0 \xa0 \xa0 \xa0 \xa0 \xa0 \xa0 \xa0 \xa0 \xa0 \xa0 \xa0 \xa0 (단위 : 천원)\n구\xa0 분\n1년 미만\n1년 이상~2년 이하\n2년초과\n합\xa0 계\n매입채무\n54,187,946\xa0\n-\xa0\n-\xa0\n54,187,946\xa0\n기타금융부채\n196,387,097\xa0\n2,068,603\xa0\n-\xa0\n198,455,700\xa0\n단기차입금\n670,000,000\xa0\n-\xa0\n-\xa0\n670,000,000\xa0\n장기차입금\n-\xa0\n-\xa0\n12,303,000\xa0\n12,303,000\xa0\n합\xa0 계\n920,575,043\xa0\n2,068,603\xa0\n12,303,000\xa0\n934,946,646\xa0\n(4) 자본위험관리\n연결기업의 자본관리 목적은 계속기업으로서 주주 및 이해당사자들에게 이익을 지속적으로 제공할 수 있는 능력을 보호하고 자본비용을 절감하기 위해 최적 자본구조를 유지하는 것입니다. 자본구조를 유지 또는 조정하기 위하여 연결기업은 주주에게 지급되는 배당을 조정하고, 주주들에게 자본을 반환하며, 부채감소를 위한 신주 발행 및 자산 매각 등을 실시하고 있습니다.\n산업내의 타사와 마찬가지로 연결기업은 자본조달비율에 기초하여 자본을 관리하고 있습니다. 자본조달비율은 순부채를 총자본으로 나누어 산출하고 있습니다. 순부채는 총차입금에서 현금및현금성자산을 차감한 금액이며 총자본은 재무상태표의 ""자본총계""에 순부채를 가산한 금액입니다.\n보고기간종료일 현재 자본조달비율은 다음과 같습니다. \xa0 \xa0 \xa0 \xa0 \xa0 \xa0 \xa0 \xa0 \xa0 \xa0 \xa0 \xa0 \xa0 \xa0 \xa0 \xa0 \xa0 \xa0 \xa0 \xa0 \xa0 \xa0 \xa0 \xa0 \xa0 \xa0 \xa0 \xa0 \xa0 \xa0 \xa0 \xa0 \xa0 \xa0 \xa0 \xa0 \xa0 \xa0 \xa0 \xa0 \xa0 \xa0 \xa0 \xa0 \xa0 \xa0 \xa0 \xa0 \xa0 \xa0 \xa0 (단위 : 천원)\n구\xa0 분\n당기말\n전기말\n차입금\xa0\n741,097,000\xa0\n682,303,000\xa0\n차감: 현금및현금성자산\xa0\n(69,353,968)\n(110,298,033)\n순부채\xa0\n671,743,032\xa0\n572,004,967\xa0\n자본총계\xa0\xa0\n1,087,698,232\xa0\n982,256,530\xa0\n총자본\xa0\n1,759,441,264\xa0\n1,554,261,497\xa0\n자본조달비율\xa0\n38.18%\n36.80%\n(5) 재무활동에서 생기는 부채의 변동 당기 및 전기 중 재무활동에서 생기는 부채의 변동은 다음과 같습니다.<당기>\xa0 \xa0 \xa0 \xa0 \xa0 \xa0 \xa0 \xa0 \xa0 \xa0 \xa0 \xa0 \xa0 \xa0 \xa0 \xa0 \xa0 \xa0 \xa0 \xa0 \xa0 \xa0 \xa0 \xa0 \xa0 \xa0 \xa0 \xa0 \xa0 \xa0 \xa0 \xa0 \xa0 \xa0 \xa0 \xa0 \xa0 \xa0 \xa0 \xa0 \xa0 \xa0 \xa0 \xa0 \xa0 \xa0 \xa0 \xa0 \xa0 \xa0 \xa0 (단위 : 천원)\n구\xa0\xa0 분\n기\xa0\xa0 초\n재무활동현금흐름\n기\xa0\xa0 말\n단기차입금\n670,000,000\xa0\n61,112,000\xa0\n731,112,000\xa0\n장기차입금\n12,303,000\xa0\n(2,318,000)\n9,985,000\xa0\n<전기>\xa0 \xa0 \xa0 \xa0 \xa0 \xa0 \xa0 \xa0 \xa0 \xa0 \xa0 \xa0 \xa0 \xa0 \xa0 \xa0 \xa0 \xa0 \xa0 \xa0 \xa0 \xa0 \xa0 \xa0 \xa0 \xa0 \xa0 \xa0 \xa0 \xa0 \xa0 \xa0 \xa0 \xa0 \xa0 \xa0 \xa0 \xa0 \xa0 \xa0 \xa0 \xa0 \xa0 \xa0 \xa0 \xa0 \xa0 \xa0 \xa0 \xa0 \xa0 (단위 : 천원)\n구\xa0\xa0 분\n기\xa0\xa0 초\n재무활동현금흐름\n기\xa0\xa0 말\n단기차입금\n340,000,000\xa0\n330,000,000\xa0\n670,000,000\xa0\n장기차입금\n11,812,000\xa0\n491,000\xa0\n12,303,000\xa0\n한편, 연결기업은 이자의 지급을 재무활동현금흐름으로 분류하고 있습니다.\n39. 연결재무제표의 발행승인일과 승인기관 연결기업의 연결재무제표는 정기주주총회 제출을 위하여 2019년 2월 13일에 지배기업의 이사회에서 승인되었습니다.\n40. 보고기간 후 사건지배기업의 최대주주인 코웨이홀딩스㈜는 당사 보유지분 22.17%를 (주)웅진씽크빅 에 매각하는 주식매매계약을 2018년 10월 26일에 체결하였고, 동 계약은 2019년 3월 22일에 종결될 예정입니다.\n4. 재무제표\n재무상태표\n제 30 기\xa0 \xa0 \xa0 \xa0 \xa0 2018.12.31 현재\n제 29 기\xa0 \xa0 \xa0 \xa0 \xa0 2017.12.31 현재\n제 28 기\xa0 \xa0 \xa0 \xa0 \xa0 2016.12.31 현재\n(단위 : 원)\n\u3000\n제 30 기\n제 29 기\n제 28 기\n자산\n\u3000\n\u3000\n\u3000\n\u3000유동자산\n897,525,210,730\n774,275,232,408\n777,532,092,161\n\u3000\u3000현금및현금성자산\n40,120,551,699\n76,964,752,778\n41,122,380,818\n\u3000\u3000매출채권\n508,456,451,973\n413,060,944,522\n444,779,024,989\n\u3000\u3000금융리스채권\n98,532,099,073\n60,030,919,073\n33,338,985,763\n\u3000\u3000기타단기금융자산\n14,632,143,183\n16,721,947,783\n60,668,010,104\n\u3000\u3000기타유동자산\n173,349,029,005\n162,914,912,075\n151,169,015,090\n\u3000\u3000재고자산\n54,212,838,540\n44,581,756,177\n46,454,675,397\n\u3000\u3000매각예정자산\n8,222,097,257\n\u3000\n\u3000\n\u3000비유동자산\n1,434,355,333,003\n1,376,110,259,237\n1,195,117,524,564\n\u3000\u3000장기매출채권\n28,401,949,423\n36,497,327,105\n23,612,266,326\n\u3000\u3000장기금융리스채권\n243,142,574,195\n169,862,438,005\n104,994,759,658\n\u3000\u3000기타장기금융자산\n53,364,964,164\n52,262,937,624\n50,419,041,224\n\u3000\u3000기타비유동자산\n141,477,425,573\n142,722,778,510\n150,847,809,765\n\u3000\u3000매도가능금융자산\n\u3000\n1,238,208,489\n1,238,201,489\n\u3000\u3000당기손익-공정가치측정금융자산\n5,300,000\n\u3000\n\u3000\n\u3000\u3000기타포괄손익-공정가치측정금융자산\n337,541,734\n\u3000\n\u3000\n\u3000\u3000순확정급여자산\n\u3000\n7,422,424,350\n7,299,751,301\n\u3000\u3000종속기업투자\n165,076,519,606\n180,763,519,606\n84,458,480,018\n\u3000\u3000유형자산\n635,191,266,827\n603,007,123,884\n590,903,564,847\n\u3000\u3000무형자산\n142,901,508,205\n149,197,361,690\n147,749,750,521\n\u3000\u3000투자부동산\n24,456,283,276\n33,136,139,974\n33,593,899,415\n\u3000자산총계\n2,331,880,543,733\n2,150,385,491,645\n1,972,649,616,725\n부채\n\u3000\n\u3000\n\u3000\n\u3000유동부채\n1,150,693,666,202\n1,063,053,207,141\n682,260,522,505\n\u3000\u3000매입채무\n58,054,169,092\n46,379,801,297\n51,356,239,669\n\u3000\u3000기타단기금융부채\n162,367,748,346\n180,385,530,667\n163,592,649,018\n\u3000\u3000기타유동부채\n77,500,431,447\n64,312,296,677\n60,777,048,326\n\u3000\u3000단기차입금\n730,000,000,000\n670,000,000,000\n340,000,000,000\n\u3000\u3000당기법인세부채\n73,247,259,989\n62,311,427,327\n46,872,481,719\n\u3000\u3000충당부채 및 환불부채\n49,524,057,328\n39,664,151,173\n19,662,103,773\n\u3000비유동부채\n52,154,010,352\n44,204,594,268\n42,262,970,584\n\u3000\u3000기타장기금융부채\n1,915,934,961\n1,846,034,961\n1,824,034,961\n\u3000\u3000기타비유동부채\n33,668,255,222\n23,117,378,681\n22,809,707,088\n\u3000\u3000순확정급여부채\n6,986,960,555\n\u3000\n0\n\u3000\u3000충당부채\n2,108,019,369\n1,442,019,369\n1,442,019,369\n\u3000\u3000이연법인세부채\n7,474,840,245\n17,799,161,257\n16,187,209,166\n\u3000부채총계\n1,202,847,676,554\n1,107,257,801,409\n724,523,493,089\n자본\n\u3000\n\u3000\n\u3000\n\u3000납입자본\n40,662,398,000\n40,662,398,000\n40,662,398,000\n\u3000주식발행초과금\n97,773,449,148\n97,773,449,148\n97,773,449,148\n\u3000이익잉여금\n998,995,251,032\n1,013,406,333,531\n1,233,995,233,337\n\u3000기타자본항목\n(8,398,231,001)\n(108,714,490,443)\n(124,304,956,849)\n\u3000자본총계\n1,129,032,867,179\n1,043,127,690,236\n1,248,126,123,636\n부채와 자본 총계\n2,331,880,543,733\n2,150,385,491,645\n1,972,649,616,725\n포괄손익계산서\n제 30 기 2018.01.01 부터 2018.12.31 까지\n제 29 기 2017.01.01 부터 2017.12.31 까지\n제 28 기 2016.01.01 부터 2016.12.31 까지\n(단위 : 원)\n\u3000\n제 30 기\n제 29 기\n제 28 기\n매출액\n2,395,498,525,541\n2,320,503,713,876\n2,204,534,229,177\n매출원가\n831,664,055,827\n774,759,697,855\n752,622,447,149\n매출총이익\n1,563,834,469,714\n1,545,744,016,021\n1,451,911,782,028\n판매비와관리비\n1,086,618,505,513\n1,067,333,293,152\n1,083,220,524,832\n영업이익(손실)\n477,215,964,201\n478,410,722,869\n368,691,257,196\n기타수익\n18,854,075,665\n10,404,717,173\n20,000,223,593\n기타비용\n19,340,403,038\n40,958,906,787\n18,609,043,331\n금융수익\n815,573,600\n649,347,360\n990,230,879\n금융비용\n16,804,186,060\n11,448,267,308\n5,610,471,580\n종속.관계기업투자손익\n(15,687,000,000)\n(1,802,573,400)\n0\n법인세비용차감전순이익(손실)\n445,054,024,368\n435,255,039,907\n365,462,196,757\n법인세비용\n112,776,435,642\n112,849,657,889\n90,008,087,207\n당기순이익(손실)\n332,277,588,726\n322,405,382,018\n275,454,109,550\n기타포괄손익\n(7,876,600,613)\n6,189,615,376\n(50,683,800)\n\u3000후속적으로 당기손익으로 재분류되지 않는 항목\n(7,876,600,613)\n6,189,615,376\n(50,683,800)\n\u3000\u3000순확정급여부채의 재측정요소\n(7,876,600,613)\n6,189,615,376\n(50,683,800)\n당기총포괄손익(손실)\n324,400,988,113\n328,594,997,394\n275,403,425,750\n주당이익\n\u3000\n\u3000\n\u3000\n\u3000기본주당이익(손실) (단위 : 원)\n4,605\n4,433\n3,708\n\u3000희석주당이익(손실) (단위 : 원)\n4,593\n4,349\n3,686\n자본변동표\n제 30 기 2018.01.01 부터 2018.12.31 까지\n제 29 기 2017.01.01 부터 2017.12.31 까지\n제 28 기 2016.01.01 부터 2016.12.31 까지\n(단위 : 원)\n\u3000\n자본\n납입자본\n주식발행초과금\n이익잉여금\n기타자본\n자본\xa0 합계\n2016.01.01 (기초자본(이전보고금액))\n40,662,398,000\n97,773,449,148\n1,199,313,506,430\n(68,321,553,888)\n1,269,427,799,690\n회계정책의 변경\n\u3000\n\u3000\n\u3000\n\u3000\n\u3000\n기초자본(재작성금액)\n40,662,398,000\n97,773,449,148\n1,199,313,506,430\n(68,321,553,888)\n1,269,427,799,690\n총포괄이익\n\u3000\n\u3000\n\u3000\n\u3000\n\u3000\n당기순이익(손실)\n\u3000\n\u3000\n275,454,109,550\n\u3000\n275,454,109,550\n순확정급여부채의 재측정요소\n\u3000\n\u3000\n(50,683,800)\n\u3000\n(50,683,800)\n소유주와의 거래\n\u3000\n\u3000\n\u3000\n\u3000\n\u3000\n연차배당 및 중간배당\n\u3000\n\u3000\n(208,032,045,200)\n\u3000\n(208,032,045,200)\n주식선택권\n\u3000\n\u3000\n\u3000\n3,126,475,699\n3,126,475,699\n자기주식\n\u3000\n\u3000\n(32,689,653,643)\n(59,109,878,660)\n(91,799,532,303)\n2016.12.31 (기말자본)\n40,662,398,000\n97,773,449,148\n1,233,995,233,337\n(124,304,956,849)\n1,248,126,123,636\n2017.01.01 (기초자본(이전보고금액))\n40,662,398,000\n97,773,449,148\n1,233,995,233,337\n(124,304,956,849)\n1,248,126,123,636\n회계정책의 변경\n\u3000\n\u3000\n\u3000\n\u3000\n\u3000\n기초자본(재작성금액)\n\u3000\n\u3000\n\u3000\n\u3000\n\u3000\n총포괄이익\n\u3000\n\u3000\n\u3000\n\u3000\n\u3000\n당기순이익(손실)\n\u3000\n\u3000\n322,405,382,018\n\u3000\n322,405,382,018\n순확정급여부채의 재측정요소\n\u3000\n\u3000\n6,189,615,376\n\u3000\n6,189,615,376\n소유주와의 거래\n\u3000\n\u3000\n\u3000\n\u3000\n\u3000\n연차배당 및 중간배당\n\u3000\n\u3000\n(409,214,507,200)\n\u3000\n(409,214,507,200)\n주식선택권\n\u3000\n\u3000\n\u3000\n(547,485,229)\n(547,485,229)\n자기주식\n\u3000\n\u3000\n(139,969,390,000)\n16,137,951,635\n(123,831,438,365)\n2017.12.31 (기말자본)\n40,662,398,000\n97,773,449,148\n1,013,406,333,531\n(108,714,490,443)\n1,043,127,690,236\n2018.01.01 (기초자본(이전보고금액))\n40,662,398,000\n97,773,449,148\n1,013,406,333,531\n(108,714,490,443)\n1,043,127,690,236\n회계정책의 변경\n\u3000\n\u3000\n(7,840,950,412)\n(671,256,457)\n(8,512,206,869)\n기초자본(재작성금액)\n40,662,398,000\n97,773,449,148\n1,005,565,383,119\n(109,385,746,900)\n1,034,615,483,367\n총포괄이익\n\u3000\n\u3000\n\u3000\n\u3000\n\u3000\n당기순이익(손실)\n\u3000\n\u3000\n332,277,588,726\n\u3000\n332,277,588,726\n순확정급여부채의 재측정요소\n\u3000\n\u3000\n(7,876,600,613)\n\u3000\n(7,876,600,613)\n소유주와의 거래\n\u3000\n\u3000\n\u3000\n\u3000\n\u3000\n연차배당 및 중간배당\n\u3000\n\u3000\n(230,886,664,000)\n\u3000\n(230,886,664,000)\n주식선택권\n\u3000\n\u3000\n\u3000\n(2,355,083,923)\n(2,355,083,923)\n자기주식\n\u3000\n\u3000\n(100,084,456,200)\n103,342,599,822\n3,258,143,622\n2018.12.31 (기말자본)\n40,662,398,000\n97,773,449,148\n998,995,251,032\n(8,398,231,001)\n1,129,032,867,179\n현금흐름표\n제 30 기 2018.01.01 부터 2018.12.31 까지\n제 29 기 2017.01.01 부터 2017.12.31 까지\n제 28 기 2016.01.01 부터 2016.12.31 까지\n(단위 : 원)\n\u3000\n제 30 기\n제 29 기\n제 28 기\n영업활동현금흐름\n435,698,842,995\n467,078,621,663\n327,239,512,132\n\u3000당기순이익(손실)\n332,277,588,726\n322,405,382,018\n275,454,109,550\n\u3000조정\n441,212,766,125\n442,971,429,459\n439,941,797,486\n\u3000영업활동으로인한자산ㆍ부채의변동\n(230,945,804,246)\n(199,840,347,925)\n(268,970,172,925)\n\u3000법인세 납부\n(106,845,707,610)\n(98,457,841,889)\n(119,186,221,979)\n투자활동현금흐름\n(287,573,875,555)\n(213,358,302,060)\n(324,766,008,780)\n\u3000기타단기금융자산의 증가\n\u3000\n(101,688,700,000)\n(42,001,384,300)\n\u3000기타단기금융자산의 감소\n1,607,100,000\n142,028,884,300\n146,000,000\n\u3000기타장기금융자산의 증가\n(7,089,660,600)\n(8,566,570,100)\n(14,695,588,870)\n\u3000기타장기금융자산의 감소\n7,204,234,060\n6,722,673,700\n14,442,007,970\n\u3000유형자산의 취득\n(296,741,089,690)\n(257,009,719,580)\n(286,004,879,264)\n\u3000유형자산의 처분\n11,892,336,734\n12,485,214,423\n14,842,848,505\n\u3000무형자산의 취득\n(5,262,369,659)\n(8,211,781,644)\n(12,965,243,700)\n\u3000무형자산의 처분\n\u3000\n232,349,481\n480,000,000\n\u3000이자수취\n815,573,600\n649,347,360\n990,230,879\n재무활동현금흐름\n(184,963,430,060)\n(217,888,897,008)\n(48,049,096,228)\n\u3000단기차입금의 순증가\n60,000,000,000\n330,000,000,000\n259,959,281,133\n\u3000배당금의 지급\n(230,886,664,000)\n(409,214,507,200)\n(208,032,045,200)\n\u3000자기주식의 취득\n\u3000\n(142,055,230,500)\n(97,998,615,700)\n\u3000주식선택권행사\n2,727,420,000\n14,829,108,000\n4,718,014,400\n\u3000이자 지급\n(16,804,186,060)\n(11,448,267,308)\n(6,695,730,861)\n현금및현금성자산의 증가(감소)\n(36,838,462,620)\n35,831,422,595\n(45,575,592,876)\n기초현금및현금성자산\n76,964,752,778\n41,122,380,818\n86,605,593,229\n현금및현금성자산에 대한 환율변동효과\n(5,738,459)\n10,949,365\n92,380,465\n기말현금및현금성자산\n40,120,551,699\n76,964,752,778\n41,122,380,818\n이익잉여금처분계산서\n제 30 기 2018.01.01 부터 2018.12.31 까지\n제 29 기 2017.01.01 부터 2017.12.31 까지\n제 28 기 2016.01.01 부터 2016.12.31 까지\n(단위 : 원)\n과\xa0 목\n제 30 기\xa0\n제 29 기\xa0\n제 28 기\xa0\n미처분이익잉여금\n\xa043,284,689,412\n14,110,871,911\n242,714,771,717\n\xa0전기이월이익잉여금\n87,911\n168,517\n999,610\n\xa0회계정책 변경 효과\n\xa0 -7,840,950,412\n\xa0순확정급여부채의 재측정요소\n-7,876,600,613\n6,189,615,376\n(50,683,800)\n\xa0당기순이익\n\xa0 \xa0 332,277,588,726\n322,405,382,018\n275,454,109,550\n\xa0중간배당\n-173,190,980,000\n(174,514,904,000)\n\xa0 \xa0 \xa0 \xa0 \xa0 \xa0 \xa0 \xa0 \xa0 \xa0\xa0 -\xa0\n\xa0자기주식소각\n-100,084,456,200\n(139,969,390,000)\n(32,689,653,643)\n임의적립금등의 이입액\n\xa043,332,200,000\n43,584,900,000\n-\n임의적립금등의 이입액\n43,332,200,000\n43,584,900,000\n-\n이익잉여금처분액\n\xa086,616,834,000\n57,695,684,000\n242,714,603,200\n임의적립금\n-\n-\n8,015,000,000\n배당금\xa0 \xa0 \xa0 가. 현금배당\xa0 \xa0\xa0 보통주배당금(율):\xa0 \xa0 \xa0 제30기4분기:1,200(240%) \xa0 \xa0 \xa0 제29기: 3,200(720%)\xa0 \xa0 \xa0 제28기: 3,200(640%)\n86,616,834,000\n57,695,684,000\n234,699,603,200\n차기이월미처분이익잉여금\n55,412\n87,911\n168,517\n상기 미처분이익잉여금의 당기 처분 확정일은 2019년 3월 29일이며, 제 29기 처분 확정일은 2018년 3월 23일, 제 28기 처분 확정일은 2017년 3월 28일이었습니다.\n5. 재무제표 주석\n제 30 기\xa0 2018년 1월 1일부터 2018년 12월 31일까지\n제 29 기\xa0 2017년 1월 1일부터 2017년 12월 31일까지\n코웨이주식회사\n1. 회사의 개요코웨이주식회사(이하 ""당사"")는 1989년 대한민국에서 설립되어 2001년 대한민국의 한국거래소에 상장하였으며, 정수기 및 가정용기기, 정수 및 폐기물처리설비 등의 제조, 판매를 주된 영업으로 하고 있습니다. 2012년 12월 14일자로 상호를 웅진코웨이주식회사에서 코웨이주식회사로 변경하였습니다.당사의 본점 소재지는 충청남도 공주시이며, 당기 보고기간종료일 현재 당사의 최대주주는 코웨이홀딩스㈜(지분율 :\xa022.17%)입니다.\n2.\xa0재무제표 작성기준 및 중요한 회계정책\n2.1 재무제표 작성기준 당사의 재무제표는 \'주식회사 등의 외부감사에 관한 법률\'에 따라 제정된 한국채택국제회계기준에 따라 작성되었습니다.별도재무제표는 금융상품 등 아래 회계정책에서 별도로 언급하고 있는 사항을 제외하고는 역사적원가를 기준으로 작성되었습니다.\xa0\n2.2 중요한 회계정책2.2.1 현금 및 현금성자산재무상태표상의 현금 및 현금성자산은 보통예금과 소액현금 및 취득당시 만기가 3개월 이내인 단기성 예금으로 구성되어 있습니다.\xa0\n2.2.2 금융상품: 최초인식과 후속측정\n금융상품은 거래당사자 어느 한쪽에게는 금융자산이 생기게 하고 거래상대방에게 금융부채나 지분상품이 생기게 하는 모든 계약입니다.\n\xa0\n(1) 금융자산\n\xa0\n최초 인식과 측정\n금융자산은 최초 인식 시점에 후속적으로 상각후원가로 측정되는 금융자산, 기타포괄손익-공정가치 측정 금융자산, 그리고 당기손익-공정가치 측정 금융자산으로 분류됩니다.\n\xa0\n최초 인식 시점에 금융자산의 분류는 금융자산의 계약상 현금흐름 특성과 금융자산을 관리하기 위한 당사의 사업모형에 따라 달라집니다. 유의적인 금융요소가 포함되지 않거나 실무적 간편법을 적용하는 매출채권을 제외하고는, 당사는 금융자산을 최초에 공정가치로 측정하며, 당기손익-공정가치로 측정하는 금융자산의 경우가 아니라면 거래원가를 가감합니다. 유의적인 금융요소가 포함되지 않거나 실무적 간편법을 적용하는 매출채권은 기업회계기준서 제1115호에 따라 결정된 거래가격으로 측정합니다. 주석 2.2.15의 회계정책을 참조합니다.\n\xa0\n금융자산을 상각후원가 또는 기타포괄손익-공정가치로 측정하기 위해서는 현금흐름이 원리금만으로 구성(SPPI)되어야 합니다. 이 평가는 SPPI 테스트라고 하며, 개별 상품 수준에서 수행됩니다.\n\xa0\n금융자산의 관리를 위한 당사의 사업모형은 현금흐름을 발생시키기 위해 금융자산을관리하는 방법과 관련됩니다. 사업모형은 현금흐름의 원천이 금융자산의 계약상 현금흐름의 수취인지, 매도인지 또는 둘 다 인지를 결정합니다.\n\xa0\n시장의 합의나 규제에 의해 설정된 기간 프레임 내에서 금융자산을 이전하는 것이 요구되는 금융자산의 매입 또는 매도(정형화된 거래)는 거래일에 인식됩니다. 즉, 당사가 금융자산을 매입하거나 매도하기로 약정한 날을 의미합니다.\n\xa0\n후속 측정\n후속 측정을 위해 금융자산은 아래 네 가지의 범주로 분류됩니다.\nㆍ상각후원가 측정 금융자산 (채무상품)\nㆍ누적 손익을 당기손익으로 재순환하는 기타포괄손익-공정가치 측정 금융자산 (채무상품)\nㆍ제거시 누적 손익을 당기손익으로 재순환하지 않는 기타포괄손익-공정가치 측정 금융자산 (지분상품)\nㆍ당기손익-공정가치 측정 금융자산\n상각후원가 측정 금융자산 (채무상품)\n이 범주는 당사와 가장 관련이 높습니다. 당사는 아래 조건을 모두 만족하는 경우에 금융자산을 상각후원가로 측정합니다.\nㆍ계약상 현금흐름을 수취하기 위해 보유하는 것이 목적인 사업모형 하에서 금융자산을 보유하고,\nㆍ금융자산의 계약 조건에 따라 특정일에 원금과 원금잔액에 대한 이자 지급만으로 구성되어 있는 현금흐름이 발생한다.\n상각후원가 측정 금융자산은 후속적으로 유효이자율(EIR)법을 사용하여 측정되며, 손상을 인식합니다. 자산의 제거, 변경 또는 손상에서 발생하는 이익과 손실은 당기손익으로 인식됩니다.\n\xa0\n기타포괄손익-공정가치 측정 금융자산 (채무상품)\n당사는 아래의 조건을 모두 충족하는 채무상품을 기타포괄손익-공정가치 금융자산으로 측정합니다.\nㆍ계약상 현금흐름의 수취와 금융자산의 매도 둘 다를 통해 목적을 이루는 사업모형 하에서 금융자산을 보유하고,\nㆍ금융자산의 계약 조건에 따라 특정일에 원리금 지급만으로 구성되어 있는 현금흐름이 발생한다.\n기타포괄손익-공정가치 측정 채무상품에서, 이자수익, 외화환산손익, 그리고 손상 또는 환입은 상각후원가 측정 금융자산과 동일한 방법으로 계산되어 당기손익으로 인식됩니다. 나머지 공정가치 변동부분은 기타포괄손익으로 인식됩니다. 금융자산의제거 시, 기타포괄손익으로 인식한 공정가치 누적 변동분은 당기손익으로 재순환됩니다.\n\xa0\n당사의 기타포괄손익-공정가치 측정 채무상품은 비유동자산으로 분류되는 채무상품에 포함됩니다.\n\xa0\n기타포괄손익-공정가치 측정 금융자산 (지분상품)\n최초 인식 시점에, 당사는 기업회계기준서 제1032호 ‘금융상품 표시’에서의 지분의 정의를 충족하고 투자 목적으로 보유하고 있지 않은 지분상품을 기타포괄손익-공정가치로 측정하도록 하는 취소 불가능한 선택을 할 수 있습니다.\n\xa0\n이러한 금융자산에서 발생하는 손익은 당기손익으로 재순환되지 않습니다. 배당이 금융자산의 원가 중 일부를 회수하는 경우를 나타내지 않는다면 그러한 배당은 받을 권리가 확정되었을 때 손익계산서에 기타수익으로 인식됩니다. 배당이 금융자산의 원가 중 일부를 회수하는 경우에 해당한다면 그러한 배당은 기타포괄손익으로 처리됩니다. 기타포괄손익-공정가치 측정 지분상품은 손상을 인식하지 않습니다.\n\xa0\n당사는 비상장지분상품에 대해서도 취소불가능한 선택을 할 수 있습니다.\n\xa0\n당기손익-공정가치 측정 금융자산\n당기손익-공정가치 측정 금융자산은 단기매매항목, 최초 인식 시에 당기손익-공정가치로 측정하도록 지정된 금융자산 또는 공정가치로 측정하도록 요구되는 금융자산을 포함합니다. 단기간 내에 매도하거나 재구매할 목적으로 취득한 금융자산은 단기매매항목으로 분류됩니다. 분리된 내재파생상품을 포함한 파생상품은 효과적인 위험회피수단으로 지정되지 않았다면 단기매매항목으로 분류됩니다. 현금흐름이 원리금 지급만으로 구성되지 않은 금융자산은 사업모형에 관계없이 당기손익-공정가치 측정 금융자산으로 분류 및 측정됩니다. 상기 문단에서 서술된 것과 같이 채무상품이 상각후원가 또는 기타포괄손익-공정가치 측정 금융자산으로 분류됨에도 불구하고 회계 불일치를 제거하거나 유의적으로 감소시킬 수 있다면 채무상품을 당기손익-공정가치로 측정하도록 지정할 수 있습니다.\n\xa0\n당기손익-공정가치 측정 금융자산은 재무상태표에 공정가치로 표시되며, 공정가치의 순변동은 손익계산서에서 당기손익으로 인식됩니다.\n\xa0\n이 범주는 파생상품과 공정가치의 변동을 기타포괄손익으로 처리하는 취소불가능한 선택을 하지않은 상장 지분 상품을 포함합니다. 상장 지분 상품에 대한 배당은 권리가 확정된 시점에 당기손익으로 인식합니다.\n\xa0\n복합계약에 내재된 파생상품은 경제적인 특성과 위험이 주계약에 밀접하게 관련되지않고, 내재파생상품과 동일한 조건인 별도의 상품이 파생상품의 정의를 충족하며, 복합계약이 당기손익-공정가치로 측정되지 않는다면 주계약으로부터 분리하여 별도의 파생상품으로 회계처리합니다. 내재파생상품은 공정가치로 측정하고 공정가치의 변동을 당기손익으로 인식합니다. 현금흐름을 유의적으로 변경시키는 계약 조건의 변경이 있거나 당기손익-공정가치 측정 범주에 해당하지 않게 되는 경우에만 재평가가발생합니다.\n\xa0\n주계약이 금융자산인 복합계약에서 내재파생상품은 분리하여 회계처리하지 않습니다. 주계약인 금융자산과 내재파생상품은 상품 전체를 당기손익-공정가치 측정 금융자산으로 분류합니다.\n\xa0\n제거\n금융자산 (또는, 금융자산의 일부 또는 비슷한 금융자산의 집합의 일부)는 다음과 같은 상황에서 우선적으로 제거됩니다.\nㆍ금융자산의 현금흐름을 수취할 권리가 소멸되거나\nㆍ당사가 금융자산의 현금흐름을 수취할 권리를 양도하거나 양도(pass-through) 계약에 따라 수취한 현금흐름 전체를 중요한 지체 없이 제3자에게 지급할 의무가 있다. 이 경우에 당사는 금융자산의 보유에 따른 위험과 보상의 대부분을 이전하거나 금융자산의 보유에 따른 위험과 보상의 대부분을 이전하지도 보유하지도 않으나 자산에 대한 통제를 이전한다.\n당사가 금융자산의 현금흐름을 수취할 권리를 이전하거나 양도(pass-through) 계약을 체결할 때, 자산을 소유함에 따른 위험과 보상을 유지하는지를 평가합니다. 당사가 금융자산의 위험과 보상의 대부분을 보유하지도 이전하지도 않았다면, 해당 금융자산에 지속적으로 관여하는 정도까지 그 금융자산을 계속 인식합니다. 이 경우에, 당사가 관련된 부채를 인식합니다. 양도된 자산과 관련된 부채는 당사가 보유한 권리와 의무를 반영하여 측정합니다.\n\xa0\n보증을 제공하는 형태인 지속적 관여는, 양도된 자산의 장부금액과 수취한 대가 중 상환을 요구받을 수 있는 최대 금액 중 낮은 금액으로 측정됩니다.\n\xa0\n금융자산의 손상\n금융자산의 손상과 관련된 자세한 공시 사항은 아래 주석에 제공됩니다.\nㆍ유의적인 가정에 대한 공시\nㆍ기타포괄손익-공정가치로 측정되는 채무상품\nㆍ계약 자산을 포함한 매출채권\n당사가 당기손익-공정가치 항목을 제외한 모든 채무상품에 대하여 기대신용손실(ECL)에 대한 충당금을 인식합니다. 기대신용손실은 계약상 수취하기로 한 현금흐름과 당사가 수취할 것으로 예상하는 모든 현금흐름의 차이를 최초의 유효이자율로 할인하여 추정합니다. 예상되는 현금흐름은 보유한 담보를 처분하거나 계약의 필수 조건인 그 밖의 신용 보강으로부터 발생하는 현금흐름을 포함합니다.\n\xa0\n기대신용손실은 두 개의 stage로 인식합니다. 최초 인식 이후 신용위험의 유의적인 증가가 없는 신용 익스포저에 대하여, 기대신용손실은 향후 12개월 내에 발생할 가능성이 있는 채무불이행 사건으로부터 발생하는 신용손실(12개월 기대신용손실)을 반영합니다. 최초 인식 이후 신용위험의 유의적인 증가가 있는 신용 익스포저에 대하여, 손실충당금은 채무불이행 사건이 발생하는 시기와 무관하게 익스포저의 남은 존속기간에 대한 기대신용손실(전체기간 기대신용손실)을 측정하도록 요구됩니다.\n\xa0\n매출채권과 계약자산에 대하여, 당사는 기대신용손실 계산에 간편법을 적용할 수 있습니다. 따라서, 당사는 신용위험의 변동을 추적하지 않는 대신에, 각 결산일에 전체기간 기대신용손실에 해당하는 금액으로 손실충당금을 인식합니다. 당사는 특정 채무자에 대한 미래전망정보와 경제적 환경을 반영하여 조정된 과거 신용손실 경험에 근거하여 충당금 설정률표를 설정합니다.\n\xa0\n기타포괄손익-공정가치 측정 채무상품에 대하여, 당사는 낮은 신용위험 간편법을 적용합니다. 매 결산일에, 당사는 과도한 원가나 노력 없이 이용할 수 있는 합리적이고 뒷받침될 수 있는 모든 정보를 사용하여 채무상품이 낮은 신용위험을 가지고 있다고 고려되는지를 평가합니다. 이러한 평가를 위해서, 당사는 채무상품의 내부 신용 등급을 재평가합니다. 또한, 당사는 계약상의 지급이 30일을 초과하였을 때 신용위험의 유의적인 증가가 있는지를 고려합니다.\n\xa0\n당사의 기타포괄손익-공정가치 측정 채무상품이 최상위 투자등급에 해당하는 상장 채권만으로 구성되어 있다면 낮은 신용 위험 투자자산으로 평가됩니다. 당사의 정책은 이러한 상품을 12개월 기대신용손실로 측정하는 것입니다. 그러나, 최초 인식 이후에 신용위험의 유의적인 증가가 있다면 손실충당금은 전체기간 기대신용손실에 근거하여 산출됩니다. 당사는 채무상품의 신용위험이 유의적으로 증가했는지를 결정하고 기대신용손실을 측정하기 위해 신용평가기관의 등급을 사용합니다.\n\xa0\n당사는 계약상 지급이 90일을 초과하여 연체되는 경우에 채무불이행이 발생한 것으로 봅니다. 그러나, 특정 상황에서, 당사는 내부 또는 외부 정보가 당사에 의한 모든 신용보강을 고려하기 전에는 당사가 계약상의 원금 전체를 수취하지 못할 것을 나타내는 경우에 금융자산에 채무불이행 사건이 발생했다고 볼 수 있습니다. 금융자산은 계약상 현금흐름을 회수하는 데에 합리적인 기대가 없을 때 제거됩니다.\n\xa0\n(2) 금융부채\n\xa0\n최초 인식과 측정\n금융부채는 최초 인식 시점에 당기손익-공정가치 측정 금융부채, 대출과 차입, 미지급금 또는 효과적인 위험회피 수단으로 지정된 파생상품으로 적절하게 분류됩니다.\n\xa0\n모든 금융부채는 최초에 공정가치로 인식되고, 대여금, 차입금 및 미지급금의 경우에는 직접 관련된 거래원가를 차감합니다.\n\xa0\n당사의 금융부채는 매입부채와 기타 미지급금, 당좌차월을 포함한 대여 및 차입과 파생상품부채를 포함합니다.\n\xa0\n후속 측정\n금융부채의 측정은 아래에서 언급된 분류에 따릅니다.\n\xa0\n당기손익-공정가치 측정 금융부채\n당기손익-공정가치 측정 금융부채는 단기매매금융부채와 최초 인식 시점에 당기손익-공정가치로 측정하도록 지정된 금융부채를 포함합니다.\n\xa0\n금융부채가 단기간 내에 재매입되는 경우에는 단기매매항목으로 분류됩니다. 이 범주는 또한 기업회계기준서 제1109호에서 정의된 위험회피관계에 있는 위험회피수단으로 지정되지 않은 파생상품을 포함합니다. 또한 분리된 내재파생상품은 위험회피에 효과적인 수단으로 지정되지 않았다면 단기매매항목으로 분류됩니다.\n\xa0\n단기매매항목인 금융부채에서 발생하는 손익은 당기손익으로 인식됩니다.\n\xa0\n당기손익-공정가치 항목으로 지정된 금융부채는 기업회계기준서 제1109호의 기준을 충족하는 경우에 최초 인식 시점에만 지정됩니다. 당사는 어떤 금융부채도 당기손익-공정가치 항목으로 지정하지 않았습니다.\n\xa0\n대여금 및 차입금\n이 범주는 당사와 관련이 높습니다. 최초 인식 이후에, 이자부 대여금과 차입금은 후속적으로 유효이자율법을 사용하여 상각후원가로 측정됩니다. 부채가 제거되거나 유효이자율 상각 절차에 따라 발생하는 손익은 당기손익으로 인식됩니다.\n\xa0\n상각후원가는 유효이자율의 필수적인 부분인 수수료나 원가에 대한 할인이나 할증액을 고려하여 계산됩니다.\n\xa0\n이 범주는 일반적으로 이자부 대여나 차입에 적용합니다. 더 자세한 정보는 주석 15에 언급되어 있습니다.\n\xa0\n제거\n금융부채는 지급 의무의 이행, 취소, 또는 만료된 경우에 제거됩니다. 기존 금융부채가 대여자는 동일하지만 조건이 실질적으로 다른 금융부채에 의해 교환되거나, 기존 부채의 조건이 실질적으로 변경된 경우에, 이러한 교환이나 변경은 최초의 부채를 제거하고 새로운 부채를 인식하게 합니다. 각 장부금액의 차이는 당기손익으로 인식합니다.\n\xa0\n(3) 금융상품의 상계\n금융자산과 금융부채는 인식한 자산과 부채에 대해 법적으로 집행 가능한 상계 권리를 현재 가지고 있거나, 차액으로 결제하거나 자산을 실현하는 동시에 부채를 결제할 의도가 있는 경우에 재무상태표에서 상계하여 순액으로 표시됩니다.\n\xa0\n(4) 파생금융상품과 위험회피회계\n\xa0\n최초 인식 및 후속 측정\n당사는 외화위험, 이자율위험, 상품 가격 위험을 회피하기 위하여 통화선도계약, 이자율스왑, 상품선도계약과 같은 파생금융상품을 이용합니다. 이러한 파생금융상품은 파생계약이 체결된 시점인 최초 인식일에 공정가치로 인식되고 후속적으로 공정가치로 재측정됩니다. 파생상품은 공정가치가 0보다 클 때 금융자산으로 인식되며, 공정가치가 0보다 작을 때는 금융부채로 인식됩니다.\n\xa0\n위험회피회계의 목적에 따라 위험회피는 다음과 같이 분류됩니다.\nㆍ인식한 자산이나 부채 또는 미인식된 확정계약의 공정가치 변동에 대한 위험을 회피하는 공정가치위험회피\nㆍ인식된 자산이나 부채에 대한 특정위험에 기인하는 현금흐름의 변동, 발생가능성이 매우 높은 예상거래의 현금흐름 변동 또는 미인식된 확정계약의 외화위험에 대한 위험을 회피하는 현금흐름위험회피\nㆍ해외사업장순투자의 위험회피\n위험회피관계의 개시 시점에 당사는 위험회피회계를 적용하고자 하는 위험회피관계와 위험관리목적 및 위험회피전략을 공식적으로 지정하고 문서화합니다.\n\xa0\n2018년 1월 1일 이전에, 문서화는 위험회피수단, 위험회피대상항목, 회피대상위험의 성격 및 회피대상위험으로 인한 위험회피대상항목의 공정가치나 현금흐름의 변동위험을 위험회피수단이 상쇄하는 효과를 평가하는 방법 등을 포함하였습니다. 이 위험회피는 회피대상위험으로 인한 공정가치나 현금흐름의 변동을 상쇄하는 데 있어 높은 위험회피효과가 있을 것으로 기대되며, 위험회피효과를 위험회피기간에 계속적으로 평가하며 위험회피로 지정된 재무보고기간 전체에 걸쳐 실제로 높은 위험회피효과가 있었는지 결정하였습니다.\n\xa0\n2018년 1월 1일부터 문서화는 위험회피수단, 위험회피대상항목, 회피대상위험의 특성 및 위험회피관계가 위험회피효과에 대한 규정을 충족하는지를 평가하는 방법(위험회피에 비효과적인 부분의 원인 분석과 위험회피비율을 결정하는 방법을 포함)을 포함합니다. 위험회피관계는 다음의 위험회피효과에 대한 규정을 모두 충족합니다.\nㆍ위험회피대상항목과 위험회피수단 사이에 \'경제적 관계\'가 있다.\nㆍ신용위험의 효과가 위험회피대상항목과 위험회피수단의 경제적 관계에서 생긴 \'가치 변동의 대부분\'을 차지하지 않는다.\nㆍ위험회피관계의 위험회피비율은 기업이 실제로 위험을 회피하는 위험회피대상항목의 수량과 위험회피대상항목의 수량의 위험을 회피하기 위해 당사가 실제 사용하는 위험회피수단의 수량의 비율과 같다.\n위험회피회계의 기준을 모두 충족하는 위험회피는 다음과 같이 회계처리됩니다.\n\xa0\n공정가치위험회피\n위험회피수단의 공정가치 변동은 당기손익으로 인식합니다. 회피대상위험에 기인한 위험회피대상항목의 공정가치변동은 위험회피대상항목의 장부금액에 포함되며 당기손익으로 인식합니다.\n\xa0\n상각후원가로 측정하는 항목에 대한 공정가치위험회피에서 장부금액 조정액은 위험회피가 존속하는 기간에 걸쳐 유효이자율법을 적용하여 상각됩니다. 유효이자율 상각은 조정액이 생긴 직후에 시작할 수 있으며, 늦어도 위험회피 손익에 대한 위험회피대상항목의 조정을 중단하기 전에는 시작해야 합니다.\n\xa0\n위험회피대상항목이 제거된 경우에 상각되지 않은 공정가치는 즉시 제거하고 당기손익으로 인식합니다.\n\xa0\n미인식된 확정계약이 위험회피대상항목으로 지정되었다면, 회피대상 위험에 기인한 확정계약의 공정가치 누적 변동분을 자산이나 부채로 인식하고, 이에 상응하는 손익은 당기손익으로 인식합니다.\n\xa0\n현금흐름위험회피\n위험회피수단에서 발생한 손익의 효과적인 부분은 현금흐름위험회피적립금 범위 내에서 기타포괄손익으로 인식하며, 비효과적인 부분은 즉시 당기손익으로 인식합니 다. 현금흐름위험회피적립금은 위험회피수단의 손익 누계액과 위험회피대상항목의 공정가치 변동 누계액 중 적은 금액으로 조정됩니다.\n\xa0\n당사는 미래의 예상거래나 확정계약의 외화위험 익스포저에 대한 통화선도계약과 상품 가격의 변동성에 대한 상품선도계약을 통해 위험회피할 수 있습니다. 통화선도계약과 관련된 비효과적인 부분은 기타비용으로 인식되며, 상품선도계약과 관련된 비효과적인 부분은 기타영업수익 또는 기타영업비용으로 인식됩니다.\xa0\n\xa0\n2018년 1월 1일 이전에, 당사는 모든 선도계약을 위험회피수단으로 지정했습니다. 파생상품의 공정가치변동에서 발생하는 모든 손익은 현금흐름위험회피에 효과적인 부분을 제외하고는 즉시 당기손익으로 처리되었으며, 현금흐름위험회피에 효과적인 부분은 기타포괄손익으로 인식되고 위험회피대상항목이 당기손익에 영향을 미치는 때에 당기손익으로 재분류되었습니다.\n\xa0\n2018년 1월 1일부터 당사는 선도계약의 특정 요소를 위험회피수단으로 지정하였습니다. 선도요소는 기타포괄손익으로 인식되며 현금흐름위험회피적립금으로서 별도 자본 항목으로 인식됩니다.\n\xa0\n기타포괄손익에 누적된 금액(현금흐름위험회피적립금)은 위험회피거래의 특성에 따라 회계처리됩니다. 위험회피대상 거래가 후속적으로 비금융항목을 인식하게 된다면, 현금흐름위험회피적립금은 제거되고 관련된 자산이나 부채의 최초 인식 금액에 포함합니다. 이것은 재분류조정이 아니며, 기타포괄손익에 영향을 미치지 않습니다. 이것은 비금융자산 또는 비금융부채에 대한 위험회피대상 거래가 후속적으로 공정가치위험회피 회계를 적용하는 확정계약이 되는 경우에도 적용됩니다.\n\xa0\n현금흐름위험회피에서 현금흐름위험회피적립금은 위험회피대상 현금흐름이 당기손익에 영향을 미치는 기간에 당기손익으로 재분류조정됩니다.\n\xa0\n만약 현금흐름위험회피회계가 중단된 경우에, 위험회피대상 예상현금흐름이 여전히 발생할 것으로 예상된다면 현금흐름위험회피적립금은 기타포괄손익에 남겨 둡니다. 그렇지 않다면, 현금흐름위험회피적립금은 재분류조정으로 즉시 당기손익 처리됩니다. 중단 이후에 위험회피대상 예상현금흐름이 발생한다면 현금흐름위험회피적립금은 위에서 설명된 것과 같이 기초 거래의 특성에 따라 회계처리되어야 합니다.\n\xa0\n해외사업장순투자의위험회피\n해외사업장순투자의 위험회피는 순투자의 일부분으로 회계처리되는 화폐성항목에 대한 위험회피를 포함하며, 현금흐름위험회피와 유사한 방법으로 회계처리됩니다. 위험회피수단에서 발생하는 손익 중 위험회피에 효과적인 부분은 기타포괄손익으로 인식되며, 비효과적인 부분은 당기손익으로 인식됩니다. 해외사업장의 제거 시, 자본으로 인식된 누적 손익은 당기손익으로 이전됩니다.\n\xa0\n2.2.3 재고자산당사는 재고자산을 취득원가와 순실현가능가치 중 낮은 금액으로 평가하고 있습니 다. 한편 재고자산별 취득원가는 매입원가, 전환원가 및 재고자산을 현재의 장소에 현재의 상태로 이르게 하는 데 발생한 기타원가를 포함하고 있습니다. 재고자산의 단위원가는 가중평균법으로 결정하고 있습니다. 한편, 순실현가능가치는 정상적인 영업과정의 예상 판매가격에서 예상되는 추가 완성원가와 판매비용을 차감한 금액으로산정하고 있습니다.2.2.4 유형자산\n건설중인자산은 취득원가에서 손상차손누계액을 차감한 잔액으로, 유형자산은 취득원가에서 감가상각누계액과 손상차손누계액을 차감한 잔액으로 표시하고 있으며 이러한 원가에는 자산의 인식요건을 충족한 대체원가 및 장기건설 프로젝트의 차입원가를 포함하고 있습니다. 유형자산의 주요 부분이 주기적으로 교체될 필요가 있는 경우 당사는 그 부분을 개별자산으로 인식하고 해당 내용연수동안 감가상각하고 있습니다. 또한 종합검사원가와 같이 자산의 인식요건을 충족하는 경우에는 유형자산의 장부금액에 포함되어 있으며, 모든 수선 및 유지비용은 발생시점에 당기손익에 반영하고 있습니다. 유형자산의 경제적 사용이 종료된 후에 원상회복을 위하여 자산을 제거, 해체하거나, 부지를 복원하는데 소요될 것으로 추정되는 비용이 충당부채의 인식요건을 충족하는 경우 그 지출의 현재가치를 유형자산의 취득원가에 포함하고 있습니다. 고객으로부터 이전받은 유형자산은 최초측정시 통제를 획득한 날의 공정가치로 측정하고 있습니다.\n당사는 유형자산에 대하여 아래의 추정내용연수에 따라 정액법으로 감가상각하고 있습니다.\n과\xa0 \xa0 \xa0 \xa0\xa0 목\n추정 내용연수\xa0\n과\xa0 \xa0 \xa0 \xa0\xa0 목\n추정 내용연수\xa0\n건\xa0 \xa0 \xa0 \xa0\xa0 물\n14 ~ 40 년\n공 구 기 구\n5 년\n구\xa0\xa0 축\xa0\xa0 물\n7 ~ 19 년\n비\xa0 \xa0 \xa0 \xa0\xa0 품\n5 ~ 19 년\n기 계 장 치\n5 ~ 10 년\n기타유형자산\n3, 5 년\n차량운반구\n5 ~ 8 년\n렌 탈 자 산\n3, 5 년\n유형자산은 처분하는 때(즉, 취득자가 해당 자산을 통제하게 되는 날) 또는 사용이나 처분을 통하여 미래경제적효익이 기대되지 않을 때 제거합니다. 유형자산의 제거로 인하여 발생하는 손익은 순매각금액과 장부금액의 차이로 결정되며, 자산을 제거할 때 당기손익으로 인식합니다. 당사는 매 회계연도말에 유형자산의 잔존가치, 내용연수 및 감가상각방법의 적정성을 검토하고 변경이 필요한 경우 전진적으로 적용하고 있습니다. \n2.2.5 무형자산당사는 개별적으로 취득한 무형자산은 취득원가로 계상하고 사업결합으로 취득하는 무형자산은 매수시점의 공정가치로 계상하며 최초취득 이후 상각누계액과 손상차손누계액을 직접 차감하여 표시하고 있습니다. 한편, 개발비를 제외한 내부적으로 창출된 무형자산은 발생시점에 비용항목으로 하여 당기손익에 반영하고 있습니다. 무형자산은 유한한 내용연수를 가진 무형자산과 비한정 내용연수를 가진 무형자산으로 구분되는 바, 유한한 내용연수를 가진 무형자산은 해당 내용연수에 걸쳐 상각하고손상징후가 파악되는 경우 손상여부를 검토하고 있습니다. 또한, 내용연수와 상각방법은 매 회계연도말에 그 적정성을 검토하고 있으며, 예상 사용기간의 변경이나 경제적효익의 소비형태 변화 등으로 인하여 변경이 필요한 경우에는 추정의 변경으로 회계처리하고 있습니다. 무형자산상각비는 해당 무형자산의 기능과 일관된 비용항목으로 하여 당기손익에 반영하고 있습니다.\xa0\n한편, 비한정 내용연수를 가진 무형자산은 상각하지 아니하되, 매년 개별적으로 또는현금창출단위에 포함하여 손상검사를 수행하고 있습니다. 또한 매년 해당 무형자산에 대하여 비한정 내용연수를 적용하는 것이 적절한지를 검토하고 적절하지 않은 경우 전진적인 방법으로 유한한 내용연수로 변경하고 있습니다.\xa0\n무형자산은 처분하는 때(즉, 취득자가 해당 자산을 통제하게 되는 날) 또는 사용이나 처분으로부터 미래경제적효익이 기대되지 않을 때 제거합니다. 당사는 무형자산 제거 시 순매각금액과 장부금액의 차이로 인한 손익은 제거시점의 당기손익에 반영하고 있습니다.\n당사의 무형자산 관련 회계정책을 요약하면 다음과 같습니다.\xa0\n과\xa0 \xa0\xa0 목\xa0\n추정 내용연수\xa0\n과\xa0 \xa0\xa0 목\xa0\n추정 내용연수\xa0\n산업재산권\n5, 10 년\n소프트웨어\n5 년\n기타무형자산\n5, 20 년\n2.2.6 투자부동산\n투자부동산은 관련 거래원가를 가산한 취득원가로 측정하고 있으며 발생시점에 자산의 인식요건을 충족한 대체원가를 포함하고 있습니다. 다만 일상적인 관리활동에서 발생하는 원가는 발생시점에 비용으로 인식하고 있습니다. 최초인식 이후 투자부동산은 원가에서 감가상각누계액과 손상차손누계액을 차감한 금액을 장부금액으로 표시하고 있습니다.\n\xa0감가상각비는 투자부동산의 취득원가에서 잔존가치를 차감한 잔액에 대하여 추정한 내용연수를 적용하며, 건물은 40년 동안 정액법으로 상각하고 있습니다.\n당사는 투자부동산을 처분(즉, 취득자가 해당 자산을 통제하게 되는 날)하거나 사용을 통하여 더 이상 미래경제적효익을 얻을 수 없을 것으로 예상되는 경우 재무제표에서 제거하고 있으며 이로 인하여 발생되는 순처분금액과 장부금액의 차이는 제거시점의 당기손익에 반영하고 있습니다. 투자부동산의 제거로 인해 발생하는 손익에 포함될 대가(금액)는 기업회계기준서 제1115호의 거래가격 산정에 관한 요구사항에 따라 산정됩니다.\n또한 해당 자산의 사용목적이 변경된 경우에 한하여 투자부동산에서 다른 계정으로 대체하거나 다른 계정에서 투자부동산으로 대체하고 있으며 투자부동산에서 자가사용부동산(유형자산)으로 대체되는 경우에는 사용목적이 변경된 시점의 장부금액을 간주원가로 적용하고 있습니다. 또한 자가사용부동산(유형자산)이 투자부동산으로 대체되는 경우에는 사용목적이 변경된 시점까지 해당 부동산을 유형자산과 동일하게회계처리하고 있습니다.\n2.2.7 종속기업, 관계기업 및 공동지배기업투자당사의 재무제표는 기업회계기준서 제1027호에 따른 별도재무제표로서 지배기업, 관계기업의 투자자 및 공동지배기업의 참여자가 투자자산을 피투자자의 보고된 성과와 순자산에 근거하지 않고 직접적인 지분 투자에 근거한 회계처리로 표시한 재무제표입니다. 당사는 종속기업과 관계기업 및 공동지배기업에 대한 투자자산을 기업회계기준서 제1027호에 따른 원가법에 따라 회계처리하고 있습니다. 종속기업, 관계기업 및 공동지배기업으로부터의 배당금은 배당을 받을 권리가 확정되는 시점에 당기손익으로 인식하고 있습니다.2.2.8 공정가치 측정당사는 금융상품을 보고기간말 현재의 공정가치로 평가하고 있습니다. 공정가치는 측정일에 시장참여자 사이의 정상거래에서 자산을 매도하면서 수취하거나 부채를 이전하면서 지급하게 될 가격입니다. 공정가치측정은 자산을 매도하거나 부채를 이전하는 거래가 다음 중 어느 하나의 시장에서 이루어지는 것으로 가정하고 있습니다.\n\xa0- 자산이나 부채의 주된 시장\n\xa0- 자산이나 부채의 주된 시장이 없는 경우에는 가장 유리한 시장\n당사는 주된(또는 가장 유리한) 시장에 접근할 수 있어야 합니다.\xa0\n\xa0\n자산이나 부채의 공정가치는 시장참여자가 경제적으로 최선의 행동을 한다는 가정하에 시장참여자가 자산이나 부채의 가격을 결정할 때 사용하는 가정에 근거하여 측정하고 있습니다.\n비금융자산의 공정가치를 측정하는 경우에는 시장참여자가 경제적 효익을 창출하기 위하여 그 자산을 최고 최선으로 사용하거나 혹은 최고 최선으로 사용할 다른 시장참여자에게 그 자산을 매도하는 시장참여자의 능력을 고려하고 있습니다.\xa0\n당사는 상황에 적합하며 관련된 관측가능한 투입변수의 사용을 최대화하고 관측가능하지 않은 투입변수의 사용을 최소화하면서 공정가치를 측정하는 데 충분한 자료가 이용가능한 가치평가기법을 사용하고 있습니다.\xa0\n재무제표에서 공정가치로 측정되거나 공시되는 모든 자산과 부채는 공정가치 측정에유의적인 가장 낮은 수준의 투입변수에 근거하여 다음과 같은 공정가치 서열체계로 구분됩니다.\n\xa0수준1: 동일한 자산이나 부채에 대한 접근가능한 활성시장의(조정되지 않은) 공시\xa0 \xa0 \xa0 \xa0 \xa0 \xa0 \xa0\xa0 가격\n수준2: 공정가치측정에 유의적인 가장 낮은 수준의 투입변수가 직접적으로 또는 간\xa0 \xa0 \xa0 \xa0 \xa0 \xa0\xa0 접적으로 관측가능한 투입변수를 이용한 공정가치\n수준3: 공정가치측정에 유의적인 가장 낮은 수준의 투입변수가 관측가능하지 않은\xa0 \xa0 \xa0 \xa0 \xa0 \xa0 \xa0 투입변수를 이용한 공정가치\n\xa0\n재무제표에 반복적으로 공정가치로 측정되는 자산과 부채에 대하여 당사는 매 보고기간말 공정가치측정에 유의적인 가장 낮은 수준의 투입변수에 기초한 분류에 대한 재평가를 통해 서열체계의 수준 간의 이동이 있는지 판단합니다.\xa0\n\xa0\n당사는 비시장성 매도가능금융자산과 같은 반복적인 공정가치측정치와 중단영업의 매각예정자산과 같은 비반복적인 공정가치측정치에 대한 정책과 절차를 결정하고 있습니다.\xa0\n투자부동산 및 금융자산과 같은 유의적인 자산과 조건부대가와 같은 유의적인 부채에 대하여는 외부 평가자가 참여합니다. 외부 평가자의 선정 기준은 시장 지식, 명 성, 독립성 및 윤리기준의 유지를 포함하고 있습니다. 당사는 외부 평가자와의 논의를 통해 각각의 상황에서 어떠한 가치평가기법과 투입변수를 사용할지 결정하고 있습니다.\xa0\n매 보고일에 당사는 회계정책에 따라 재측정 또는 재검토가 요구되는 자산과 부채의 가치 변동에 대하여 분석하고 있습니다. 이러한 분석시 가치평가 계산 정보를 계약서나 기타 관련 문서와 대사함으로써 최근의 가치평가에서 사용된 주요 투입변수를 검증하고 있습니다.\xa0\n\xa0\n당사는 외부 평가자들과 함께 각각의 자산과 부채의 공정가치 변동과 관련된 외부 원천을 비교하여 변동이 합리적인지 판단하고 있습니다.\n\xa0\n당사의 외부 평가자들은 가치평가 결과를 당사의 외부감사인에게 제시하고 있습니 다. 여기에는 가치평가에 사용된 주요 가정에 대한 기술을 포함하고 있습니다.\n\xa0\n공정가치 공시 목적상 당사의 성격과 특성 및 위험에 근거하여 자산과 부채의 분류결정하고 공정가치 서열체계의 수준을 결정하고 있습니다.\n공정가치로 측정되거나 공정가치가 공시되는 금융상품과 비금융자산의 공정가치에 대한 공시는 다음의 주석에 설명되어 있습니다.\n\xa0- 평가기법, 유의적 추정치 및 가정(주석 2, 36)\n\xa0- 공정가치측정 서열체계의 양적공시(주석 2, 36) - 비상장지분투자(주석 9, 36) - 투자부동산(주석 13) - 금융상품(상각후원가로 계상하는 상품 포함)(주석 3, 37)\n2.2.9 비금융자산의 손상\n당사는 매 보고기간말에 자산의 손상을 시사하는 징후가 존재하는지 검토하고 있습니다. 그러한 징후가 존재하는 경우 또는 매년 자산에 대한 손상검사가 요구되는 경우 당사는 자산의 회수가능액을 추정하고 있습니다. 자산의 회수가능액은 자산 또는 현금창출단위의 순공정가치와 사용가치 중 큰 금액이며 개별자산별로 결정하나 해당개별자산의 현금유입이 다른 자산이나 자산집단의 현금유입과 거의 독립적으로 창출되지 않는 경우 해당 개별자산이 속한 현금창출단위별로 결정됩니다. 자산의 장부금액이 회수가능액을 초과하는 경우 자산은 손상된 것으로 보며 자산의 장부금액을 회수가능액으로 감소시키게 됩니다.\n\xa0\n사용가치는 해당 자산의 기대 미래현금흐름의 추정치를 화폐의 시간가치와 해당 자산의 위험에 대한 시장의 평가를 반영한 세전할인율로 할인한 현재가치로 평가하고 있습니다. 순공정가치는 최근거래가격을 고려하고 있습니다. 그러한 거래가 식별되지 않는 경우 적절한 평가모델을 사용하여 결정하고 있습니다. 이러한 계산에는 평가배수, 상장주식의 시가 또는 기타 공정가치 지표를 이용하고 있습니다.\n\xa0\n당사는 개별자산이 배부된 각각의 현금흐름창출단위에 대하여 작성된 구체적인 재무예산/예측을 기초로 손상금액을 계산하고 있습니다. 재무예산/예측은 일반적으로 5년간의 기간을 다루며 더 긴 기간에 대해서는 장기성장률을 계산하여 5년 이후의 기간에 적용하고 있습니다.\xa0\n\xa0\n손상차손은 손상된 자산의 기능과 일관된 비용항목으로 하여 당기손익에 반영하고 있습니다. 다만 재평가모형을 적용하는 자산으로서 이전에 인식한 재평가잉여금이 있는 경우에는 이전 재평가금액을 한도로 재평가잉여금과 상계하고 있습니다.\n\xa0\n영업권을 제외한 자산에 대하여 매 보고기간말에 과거에 인식한 자산의 손상차손이 더 이상 존재하지 않거나 또는 감소하였다는 것을 시사하는 징후가 있는지 여부를 평가하며 그러한 징후가 있는 경우 회수가능액을 추정하고 있습니다. 과거에 인식한 영업권을 제외한 자산의 손상차손은 직전 손상차손의 인식시점 이후 해당 자산의 회수가능액을 결정하는데 사용된 추정치에 변화가 있는 경우에 한하여 손상차손을 인식하지 않았을 경우의 자산의 장부금액의 상각 후 잔액을 한도로 장부금액을 회수가능액으로 증가시키고 이러한 손상차손환입은 당기손익에 반영하고 있습니다. 다만 재평가모형을 적용하고 있는 자산의 경우에는 동 환입액을 재평가잉여금의 증가로 처리하고 있습니다.\n다음의 자산에 대하여는 자산손상검사에 있어 각각의 기준이 추가적으로 적용되고 있습니다.\n(1) 영업권당사는 매년 12월 31일과 손상징후가 발생하였을 때, 영업권의 손상검사를 수행하고있습니다.영업권에 대한 손상검사는 해당 영업권과 관련된 각각의 현금창출단위 또는 현금창출단위집단의 회수가능액을 추정하는 방식으로 수행되고 있으며, 현금창출단위의 회수가능액이 장부금액에 미달하는 경우 손상차손을 인식하고 영업권에 대하여 인식한손상차손은 이후에 환입하지 않습니다.\n(2) 무형자산당사는 비한정 내용연수를 가진 무형자산에 대하여 매년 12월 31일과 손상징후가 발생하였을 때 개별 자산별 또는 현금창출단위별로 손상검사를 수행하고 있습니다.\n2.2.10 연금 및 퇴직급여당사는 확정급여제도를 운영하고 있습니다. 확정급여제도의 급여원가는 예측단위적립방식을 이용하여 각각의 제도에 대해 결정됩니다. 보험수리적손익, 순이자에 포함된 금액을 제외한 사외적립자산의 수익 및 순이자에 포함된 금액을 제외한 자산인식상한효과의 변동으로 구성된 재측정요소는 발생 즉시 기타포괄손익으로 인식하고 있으며 후속적으로 당기손익으로 재분류하지 아니하고 있습니다.\n과거근무원가는 다음 중 이른 날에 비용으로 인식하고 있습니다.\n - 제도의 개정이나 축소가 발생할 때\n\xa0- 관련되는 구조조정원가나 해고급여를 인식할 때\n순이자는 순확정급여부채(자산)에 할인율을 곱하여 결정하고 있습니다. 당사는 근무원가와 순확정급여부채의 순이자를 매출원가 및 판매비와관리비의 항목으로 당기손익으로 인식하고 있습니다.\xa0\n2.2.11 주식기준보상거래당사는 임직원의 근로용역에 대해 주식기준에 따른 보상을 제공하고 있는데 임직원에게 주식선택권을 부여하는 제도(주식결제형 주식기준보상거래)를 운영하고 있습니다.\n주식결제형 주식기준보상원가는 적절한 가치평가모델을 사용하여 부여일의 공정가치로 측정됩니다(주석 24참조).\xa0\n\xa0\n주식기준보상원가는 용역제공조건(또는 성과조건)이 충족되는 기간(이하 ""가득기간"")에 걸쳐 종업원급여로 인식하고, 그에 상응한 자본의 증가를 인식합니다. 매 보고기간말에 누적 보상원가의 측정에는 가득기간의 완료 여부와 최종적으로 부여될 지분상품의 수량에 대한 추정이 반영됩니다. 보고기간 초와 보고기간 말의 누적 보상원가의 변동분은 당기 포괄손익계산서에 가감됩니다.\n\xa0\n용역제공조건 및 비시장조건은 부여일 현재 주식선택권의 공정가치를 추정할 때 고려하지 아니하나 궁극적으로 가득되는 지분상품의 수량에 대한 추정 시 반영되고, 시장조건은 부여일 현재 공정가치 측정 시 반영됩니다. 주식기준보상에 부여된 다른 조건(관련 용역조건이 없는 경우)은 비가득조건으로 간주됩니다. 비가득조건은 주식기준보상원가 공정가치 측정 시 반영되며 용역제공조건 (또는 성과조건)이 없는 경우에는 즉시 비용으로 인식합니다.\xa0\n궁극적으로 가득되지 않는 주식기준보상에 대해서는 비용을 인식하지 않고 있습니 다. 다만 시장조건이나 비가득조건이 있는 주식결제형 거래로서 다른 모든 성과조건이나 서비스조건을 충족한다면 시장조건이나 비가득조건의 충족여부와 관계없이 가득된 것으로 회계처리하고 있습니다.\n\xa0\n주식결제형주식기준보상의 조건이 변경될 경우 지정된 가득조건이 충족되지 않아 지분상품이 가득되지 못하는 경우를 제외하고는 조건이 변경되지 않았을 경우에 인식하였어야 할 원가를 최소한으로 하여 인식하고 있습니다. 주식기준보상약정의 총공정가치를 증가시키거나 종업원에게 유리하게 조건을 변경하는 경우에는 추가로 조건변경의 효과를 인식하고 있습니다.\n주식결제형보상이 취소될 경우 취소일에 가득된 것으로 보고 인식되지 않은 보상원가는 즉시 인식하고 있습니다. 이 경우 기업이나 종업원의 통제하에 있는 비가득조건이 충족되지 않은 주식기준보상을 포함하고 있습니다. 그러나, 만약 새로운 보상을 부여하고 그 새 지분상품을 부여한 날에 새로운 지분상품이 취소한 지분상품을 대체하는 것으로 식별하는 경우 취소된 보상과 새로운 보상은 상기 문단에서 설명하고 있는 것처럼 기존 보상의 변경으로 보아 회계처리하고 있습니다.\xa0\n발행된 옵션의 희석효과는 희석주당이익을 계산할 때 희석주식으로 반영하고 있습니다.\n2.2.12 외화환산\n당사의 재무제표는 기능통화인 원화로 표시하고 있습니다.\xa0\n재무제표 작성에 있어서 기능통화 외의 통화로 이루어진 거래는 거래일의 환율을 적용하여 기록하고 있으며, 화폐성 외화자산 및 부채는 보고기간말 현재의 기능통화 환율로 환산하고 있습니다. 이에 따라 발생하는 환산차이는 당기손익에 반영하고 있습니다. 다만 해외사업장순투자위험회피를 위한 항목에서 발생하는 환산차이는 해당 순투자의 처분시점까지 자본에 직접 반영하고 처분시점에 당기손익에 반영하고 있습니다. 관련 법인세효과 역시 동일하게 자본항목으로 처리하고 있습니다.\n한편, 역사적원가로 측정하는 외화표시 비화폐성 항목은 최초 거래 발생일의 환율을,공정가치로 측정하는 외화표시 비화폐성 항목은 공정가치 측정일의 환율을 적용하여인식하고 있습니다. 비화폐성 항목의 환산에서 발생하는 손익은 해당 항목의 공정가치 변동으로 인한 손익의 인식항목과 동일하게 기타포괄손익 또는 당기손익으로 인식하고 있습니다.\n관련 자산, 비용, 수익(또는 그 일부)의 최초 인식에 적용할 환율을 결정하기 위한 거래일은 당사가 대가를 선지급하거나 선수취하여 비화폐성자산이나 비화폐성부채를 최초로 인식한 날입니다. 선지급이나 선수취가 여러 차례에 걸쳐 이루어지는 경우, 당사는 대가의 선지급이나 선수취로 인한 거래일을 각각 결정합니다.2.2.13 유동성ㆍ비유동성 분류\xa0\n당사는 자산과 부채를 유동ㆍ비유동으로 재무상태표에 구분하여 표시하고 있습니다.\n\xa0\n자산은 다음의 경우에 유동자산으로 분류하고 있습니다. \n\xa0- 정상영업주기 내에 실현될 것으로 예상되거나, 정상영업주기 내에 판매하거나 소\xa0 \xa0\xa0 비할 의도가 있다.\xa0\n\xa0- 주로 단기매매 목적으로 보유하고 있다.\xa0\n\xa0- 보고기간 후 12개월 이내에 실현될 것으로 예상한다.\xa0\n\xa0- 현금이나 현금성자산으로서, 교환이나 부채 상환 목적으로의 사용에 대한 제한\xa0 \xa0 \xa0 \xa0 기간이 보고기간 후 12개월 이상이 아니다. 그 밖의 모든 자산은 비유동자산으로 분류하고 있습니다.\xa0\n부채는 다음의 경우에 유동부채로 분류하고 있습니다.\xa0\n - 정상영업주기 내에 결제될 것으로 예상하고 있다.\xa0\n\xa0- 주로 단기매매 목적으로 보유하고 있다.\xa0\n\xa0- 보고기간 후 12개월 이내에 결제하기로 되어 있다.\xa0\n\xa0- 보고기간 후 12개월 이상 부채의 결제를 연기할 수 있는 무조건의 권리를 가지고\xa0 \xa0 \xa0 있지 않다.\xa0\n그 밖의 모든 부채는 비유동부채로 분류하고 있습니다.\n이연법인세자산(부채)은 비유동자산(부채)으로 분류하고 있습니다.\n2.2.14 법인세\n(1) 당기법인세당기 및 과거기간의 당기법인세부채(자산)는 보고기간말까지 제정되었거나 실질적으로 제정된 세율(및 세법)을 사용하여 과세당국에 납부할(과세당국으로부터 환급받을)것으로 예상되는 금액으로 측정하고 있습니다.\n자본에 직접 반영되는 항목과 관련된 당기 법인세는 자본에 반영되며 당기손익에 반영되지 않고 있습니다. 경영진은 주기적으로 관련 세법 규정의 해석과 관련해서 법인세 환급액에 대한 회수가능성을 평가하여 필요한 경우 충당금을 설정하고 있습니다.(2) 이연법인세당사는 자산 및 부채의 재무보고 목적상 장부금액과 세무기준액의 차이인 일시적차이에 대하여 이연법인세자산과 이연법인세부채를 인식하고 있습니다.\n당사는 다음의 경우를 제외하고 모든 가산할 일시적차이에 대하여 이연법인세부채를인식하고 있습니다.\n- 영업권을 최초로 인식할 때 이연법인세부채가 발생하는 경우- 자산 또는 부채를 최초로 인식하는 거래로서 사업결합거래가 아니고, 거래 당시 회\xa0\xa0 계이익이나 과세소득에 영향을 미치지 아니하는 거래에서 이연법인세부채가 발생\xa0 \xa0 하는 경우\n- 종속기업, 관계기업, 조인트벤처에 대한 투자지분과 관련한 가산할 일시적차이로\xa0 \xa0\xa0 서 동 일시적차이의 소멸시점을 통제할 수 있고, 예측가능한 미래에 일시적 차이가\xa0\xa0 소멸하지 않을 가능성이 높은 경우\xa0\n또한 다음의 경우를 제외하고는 차감할 일시적차이, 미사용 세액공제와 세무상결손금이 사용될 수 있는 과세소득의 발생가능성이 높은 경우 이연법인세자산을 인식하고 있습니다.\n- 자산 또는 부채를 최초로 인식하는 거래로서 사업결합거래가 아니고 거래 당시 회\xa0 \xa0 계이익이나 과세소득에 영향을 미치지 아니하는 거래에서 이연법인세자산이 발생\xa0 \xa0 하는 경우- 종속기업, 관계기업, 조인트벤처에 대한 투자지분과 관련한 차감할 일시적차이로\xa0 \xa0\xa0 서 동 일시적차이가 예측가능한 미래에 소멸할 가능성이 높지 않거나 동 일시적차\xa0 \xa0 이가 사용될 수 있는 과세소득이 발생할 가능성이 높지 않은 경우\n이연법인세자산의 장부금액은 매 보고기간말에 검토하며, 이연법인세자산의 일부 또는 전부에 대한 혜택이 사용되기에 충분한 과세소득이 발생할 가능성이 더 이상 높지않다면 이연법인세자산의 장부금액을 감액시키고 있습니다. 또한, 매 보고기간말마다 인식되지 않은 이연법인세자산에 대하여 재검토하여, 미래과세소득에 의해 이연법인세자산이 회수될 가능성이 높아진 범위까지 과거 인식되지 않은 이연법인세자산을 인식하고 있습니다.\n이연법인세자산 및 부채는 보고기간말까지 제정되었거나 실질적으로 제정된 세율(및세법)에 근거하여 당해 자산이 실현되거나 부채가 결제될 회계기간에 적용될 것으로 기대되는 세율을 사용하여 측정하고 있습니다.\n당기손익 이외로 인식되는 항목과 관련된 당기법인세와 이연법인세는 당기손익 이외의 항목으로 인식하고 있습니다. 이연법인세 항목은 해당 거래에 따라서 기타포괄손익으로 인식하거나 자본에 직접 반영하고 있습니다.\n사업결합의 일부로 취득한 세무상 효익이 그 시점에 별도의 인식기준을 충족하지 못하였으나 취득일에 존재하는 사실과 상황에 대한 새로운 정보의 결과 측정기간 동안 인식된 경우에는 해당 이연법인세효익을 인식하고 있습니다. 인식된 취득 이연법인세효익은 취득과 관련된 영업권의 장부금액을 감소시키는 데 적용되며 영업권의 장부금액이 영(0)인 경우에는 남아 있는 이연법인세효익을 당기손익으로 인식하고 있습니다.당사는 당기법인세자산과 당기법인세부채를 상계할 수 있는 법적으로 집행가능한 권리를 가지고 있고 과세대상기업이 동일한 경우 혹은 과세대상기업은 다르지만 당기법인세부채와 자산을 순액으로 결제할 의도가 있거나, 유의적인 금액의 이연법인세부채가 결제되거나 이연법인세자산이 회수될 미래의 각 회계기간마다 자산을 실현하는 동시에 부채를 결제할 의도가 있는 경우에 이연법인세자산과 이연법인세부채가 동일한 과세당국과 관련이 있는 경우에만 이연법인세자산과 이연법인세부채를 상계하여 표시하고 있습니다.\n2.2.15 고객과의 계약에서 생기는 수익\xa0\n당사는 정수기 및 가정용기기 등의 제조, 판매를 주된 영업으로 하고 있습니다. 고객과의 계약에서 당사는 재화나 용역의 통제가 고객에 이전되었을 때, 해당 재화나 용역의 대가로 받을 권리를 갖게 될 것으로 예상하는 대가를 반영하는 금액으로 수익을 인식합니다. 당사는 고객과의 계약에서 재화나 용역을 고객에게 제공하되기 전에 정해진 각 재화나 용역을 통제하므로 아래의 대행 서비스를 제외하고는 본인으로 결론 내렸습니다.\xa0\n\xa0\n고객과의 계약에서 생기는 수익과 관련된 유의적인 판단, 추정, 가정에 대한 공시는 주석 2.3을 참조바랍니다.\n재화의 판매\n재화의 판매 수익은 자산에 대한 통제가 고객에게 이전되는 시점인 일반적으로 설비의 인도 시점에 인식됩니다.\xa0일반적인 채권 회수기간은 인도 후 30일에서 90일입니다.\xa0당사는 계약 내의 다른 약속이 거래대가의 일부분이 배부되어야 하는 별도의 수행의무인지 고려합니다(예, 보증, 고객충성포인트). 재화 판매의 거래 가격을 산정할 때, 당사는 변동 대가, 유의적 금융요소, 비현금대가, 고객에게 지급할 대가를 고려합니다.\n\xa0\n(1) 변동대가\n계약이 변동대가를 포함한 경우에 당사는 고객에 약속한 재화를 이전하고 그 대가로 받을 금액을 추정합니다. 변동대가와 관련된 불확실성이 나중에 해소될 때, 이미 인식한 누적 수익 금액 중 유의적인 부분을 되돌리지(환원하지) 않을 가능성이 매우 높은 정도까지만 변동대가를 계약의 개시 시점에 추정하고 거래가격에 포함합니다. 일부 전자설비 계약은 고객에 반품권과 수량 리베이트를 제공합니다. 반품권과 수량 리베이트는 변동대가에 해당합니다.\n(2) 유의적인 금융요소\n일반적으로 당사는 고객으로부터 단기선수금을 수령합니다. 기준서 제1115호의 실무적 간편법을 적용하여, 당사는 계약을 개시할 때 고객에게 약속한 재화나 용역을 이전하는 시점과 고객이 그에 대한 대가를 지급하는 시점 간의 기간이1년 이내일 것이라고 예상된다면 약속한 대가(금액)에 유의적인 금융요소의 영향을 반영하지 않습니다.\n계약 잔액\n\xa0\n(1) 계약자산\n계약자산은 고객에게 이전한 재화나 용역에 대하여 그 대가를 받을 권리입니다. 고객이 대가를 지급하기 전이나 지급기일 전에 당사가 고객에게 재화나 용역을 이전하는 경우 그 대가를 받을 기업의 권리로 그 권리에 시간의 경과 외의 조건이 있는 자산은 계약자산입니다.\xa0\n\xa0\n(2) 매출채권\n수취채권은 무조건적인 당사의 권리를 나타냅니다. 왜냐하면 시간만 경과하면 대가를 지급받을 수 있기 때문입니다. 금융자산 관련 회계정책은 주석 2.3 부분을 참조합니다.\n\xa0\n(3) 계약부채\n계약부채는 당사가 고객에게서 이미 받은 대가(또는 지급기일이 된 대가)에 상응하여 고객에게 재화나 용역을 이전하여야 하는 기업의 의무입니다. 만약 당사가 재화나 용역을 고객에 이전하기 전에 고객이 대가를 지불한다면, 지급이 되었거나 지급기일 중 이른 시점에 계약부채를 인식합니다. 계약부채는 당사가 계약에 따라 수행의무를 이행할 때 수익으로 인식합니다.\n\xa0\n반품권에서 생기는 자산과 부채\n\xa0\n(1) 반환제품회수권\n반환제품회수권은 고객이 제품을 반품할 것으로 예상되는 제품을 회수할 당사의 권리입니다. 자산은 재고자산의 기존 장부금액에서 제품의 회수에 예상되는 원가와 반품된 제품의 가치의 잠재적인 감소를 차감하여 측정합니다. 당사는 반품 예상량의 변동과 반품될 제품에 대한 추가적인 가치 감소 예상을 반영하여 자산의 측정치를 갱신합니다.\n\xa0\n(2) 환불부채\n환불부채는 고객으로부터 수령하였거나 수령할 대가의 일부 또는 전부를 반환할 의무입니다. 당사가 최종적으로 고객에 환불해야할 것으로 기대하는 금액으로 측정합니다. 당사는 환불부채의 추정과 그에 따른 거래가격의 변동을 매 회계기간말에 갱신합니다. 변동대가에 대해 위 회계정책을 참조합니다.\n\xa02.2.16 리스계약리스는 리스제공자가 자산의 사용권을 일정기간 리스이용자에게 이전하고 리스이용자는 그 대가로 사용료를 리스제공자에게 지급하는 계약입니다. 리스약정일에 리스자산의 소유에 따른 위험과 보상의 대부분을 이전하는 리스는 금융리스로 분류하고, 금융리스 이외의 모든 리스는 운용리스로 분류하고 있습니다. 운용리스에서 리스료수익은 리스기간에 걸쳐 정액기준으로 인식하고 있습니다. 리스료수익의 획득과정에서 발생하는 감가상각비를 포함한 원가는 비용으로 인식하고 있습니다. 운용리스의 협상 및 계약단계에서 발생한 리스개설직접원가는 운용리스자산의 장부금액에 추가하고 리스료수익에 대응하여 리스기간 동안 비용으로 인식하고 있습니다. 운용리스자산의 감가상각정책은 리스제공자가 소유한 다른 유사자산의 일반 감가상각정책과 일관됩니다.\n2.2.17 정부보조금\n정부보조금은 보조금의 수취와 정부보조금에 부가된 조건의 준수에 대한 합리적인 확신이 있을 때 공정가치로 인식됩니다. 자산관련보조금은 자산의 장부금액을 계산할 때 차감하여 표시되며, 수익관련보조금은 이연하여 정부보조금의 교부 목적과 관련된 비용에서 차감하여 표시됩니다.\n2.2.18 차입원가의도된 용도로 사용하거나 판매가능한 상태에 이르게 하는 데 상당한 기간을 필요로 하는 자산의 취득, 건설 또는 생산과 직접 관련된 차입원가는 당해 자산 원가의 일부로 자본화하고 있습니다. 기타 차입원가는 발생시 비용으로 계상하고 있습니다. 차입원가는 이자금의 차입과 관련되어 발생된 이자와 기타 원가로 구성되어 있습니다.\n2.2.19 자기주식당사는 자기주식을 자본에서 차감하여 회계처리하고 있습니다. 자기주식의 취득, 매각, 발행 또는 취소에 따른 손익은 포괄손익계산서에 반영하지 않으며 장부금액과 처분대가의 차이는 기타자본항목으로 회계처리하고 있습니다.\n2.2.20 충당부채당사는 과거사건의 결과로 현재의무(법적의무 또는 의제의무)가 존재하고 당해 의무를 이행하기 위하여 경제적효익을 갖는 자원이 유출될 가능성이 높으며 당해 의무의 이행에 소요되는 금액을 신뢰성 있게 추정할 수 있는 경우에 충당부채를 인식하고 있습니다. 충당부채를 결제하기 위하여 필요한 지출액의 일부 또는 전부를 제3자가 변제할 것이 예상되는 경우 당사가 의무를 이행한다면 변제를 받을 것이 거의 확실하게되는 때에 한하여 변제금액을 인식하고 별도의 자산으로 회계처리하고 있습니다. 충당부채와 관련하여 포괄손익계산서에 인식되는 비용은 제3자의 변제와 관련하여 인식한 금액과 상계하여 표시하고 있습니다.\n(1) 판매보증충당부채당사는 판매한 제품과 상품에 대한 품질보증, 교환환불, 하자보수 및 그에 따른 사후서비스 등으로 인하여 향후 부담할 것으로 예상되는 비용을 보증기간(12개월) 및 과거 경험률 등을 기초로 추정하여 충당부채로 설정하고 있습니다.\xa0\n(2) 하자보수충당부채공사종료 후에 하자보수 의무가 있는 경우 과거 경험률 등을 바탕으로 추정된 금액을하자보수비로 하여 공사가 종료되는 회계연도의 공사원가에 포함하고 동액을 하자보수충당부채로 계상하고 있습니다.\n2.2.21 현금배당당사는 배당을 지급하기 위해 분배가 승인되고 더 이상 기업에게 재량이 없는 시점에부채를 인식하고 있습니다. 주주에 대한 분배는 주주에 의한 승인을 필요로 합니다. 대응되는 금액은 자본에 직접 반영하고 있습니다2.3 제ㆍ개정된 기준서의 적용당사는 당기부터 시행되는 다음 기업회계기준서의 제ㆍ개정내용을 최초로 적용하였습니다. 제ㆍ개정된 기준서의 내용 및 영향은 다음과 같습니다.\n(1) 기업회계기준서 제1115호 \'고객과의 계약에서 생기는 수익\' (제정)기업회계기준서 제1115호는 기업회계기준서 제1011호 \'건설계약\', 기업회계기준서 제1018호 \'수익\' 및 관련 해석서를 대체하며, 해당 계약들이 다른 기준서의 적용범위에 해당하지 않는다면 고객과의 계약에서 발생하는 모든 수익에 대하여 적용됩니다. 새로운 기준서는 고객과의 계약에서 생기는 수익을 회계처리하기 위해 5단계법을 확립하였습니다. 기업회계기준서 제1115호에서는 재화나 용역을 고객에게 이전하는 것과 교환하여 기업이 권리를 갖게 될 것으로 예상되는 대가를 반영한 금액을 수익으로 인식합니다.이 기준서는 당사가 고객과의 계약에 5단계법을 적용함에 있어 관련된 모든 사실과 정황을 고려하여 판단할 것을 요구합니다. 또한 이 기준서는 계약을 체결하기 위해 들인 원가와 계약을 이행할 때 드는 원가에 대한 회계처리를 구체적으로 명시하였습니다.당사는 2018년 1월 1일을 최초적용일로 하여 기업회계기준서 제1115호 \'고객과의 계약에서 생기는 수익\'을 적용하였습니다. 당사는 누적효과 일괄조정법을 사용하여 기준서 제1115호를 적용하였으며, 기준서 제1115호의 최초 적용 누적효과를 2018년 1월 1일 기초 자본에서 조정하였습니다. 그러므로 비교표시 기간의 정보는 재작성되지 않았으며, 기준서 제1011호 \'건설계약\'과 기준서 제1018호 \'수익\' 및 관련 해석서에 따라 작성되었습니다. 유의적인 변경과 이에 따른 금액적 영향은 아래와 같습니다.\n2018년 1월 1일 자본변동표에 미치는 영향\n\xa0 \xa0 \xa0 \xa0 \xa0 \xa0 \xa0 \xa0 \xa0 \xa0 \xa0 \xa0 \xa0 \xa0 \xa0 \xa0 \xa0 \xa0 \xa0 \xa0 \xa0 \xa0 \xa0 \xa0 \xa0 \xa0 \xa0 \xa0 \xa0 \xa0 \xa0 \xa0 \xa0 \xa0 \xa0 \xa0 \xa0 \xa0 \xa0 \xa0 \xa0 \xa0 \xa0 \xa0 \xa0 \xa0 \xa0 \xa0 \xa0 \xa0 (단위 : 천원)\n구\xa0 분\n조정사항\n기준서 제1115호 채택 전 금액\n조\xa0 정\n보고금액\n자본\n이익잉여금\n(a,b)\n1,013,406,334\n(4,777,983)\n1,008,628,351\n총자본\n1,043,127,690\n(4,777,983)\n1,038,349,707\n2018년 12월 31일 재무상태표에 미치는 영향:\n\xa0 \xa0 \xa0 \xa0 \xa0 \xa0 \xa0 \xa0 \xa0 \xa0 \xa0 \xa0 \xa0 \xa0 \xa0 \xa0 \xa0 \xa0 \xa0 \xa0 \xa0 \xa0 \xa0 \xa0 \xa0 \xa0 \xa0 \xa0 \xa0 \xa0 \xa0 \xa0 \xa0 \xa0 \xa0 \xa0 \xa0 \xa0 \xa0 \xa0 \xa0 \xa0 \xa0 \xa0 \xa0 \xa0 \xa0 \xa0 \xa0 \xa0 \xa0 (단위 : 천원)\n구\xa0 분\n조정사항\n기준서 제1115호채택 전 금액\n조\xa0 정\n보고금액\n자산\n\u3000\n기타유동자산\n(b)\n173,349,029\n-\n173,349,029\n기타비유동자산\n(b)\n141,477,426\n-\n141,477,426\n총자산\n2,331,880,544\n-\n2,331,880,544\n부채\n(b)\n기타유동부채\n(b)\n74,173,176\n3,327,255\n77,500,431\n충당부채(유동)\n(b)\n51,841,401\n(2,317,344)\n49,524,057\n기타비유동부채\n(b)\n23,077,377\n10,590,878\n33,668,255\n이연법인세부채\n(e)\n10,382,177\n(2,907,337)\n7,474,840\n총부채\n\xa0\n1,194,154,225\n8,693,452\n1,202,847,677\n자본\n\xa0\n이익잉여금\n\xa0\n1,007,688,703\n(8,693,452)\n998,995,251\n총자본\n(a,b,d)\n1,137,726,319\n(8,693,452)\n1,129,032,867\n2018년 12월 31일 포괄손익계산서(12개월)에 미치는 영향:\n\xa0 \xa0 \xa0 \xa0 \xa0 \xa0 \xa0 \xa0 \xa0 \xa0 \xa0 \xa0 \xa0 \xa0 \xa0 \xa0 \xa0 \xa0 \xa0 \xa0 \xa0 \xa0 \xa0 \xa0 \xa0 \xa0 \xa0 \xa0 \xa0 \xa0 \xa0 \xa0 \xa0 \xa0 \xa0 \xa0 \xa0 \xa0 \xa0 \xa0 \xa0 \xa0 \xa0 \xa0 \xa0 \xa0 \xa0 \xa0 \xa0 \xa0 (단위 : 천원)\n구\xa0 분\n조정사항\n기준서 제1115호 채택 전 금액\n조\xa0 정\n보고금액\n매출액\n(a,b)\n2,401,000,675\n(5,502,149)\n2,395,498,526\n판매비와관리비\n(a)\n(1,086,893,059)\n274,553\n(1,086,618,506)\n금융비용\n(b)\n(16,804,186)\n-\n(16,804,186)\n법인세비용\n(e)\n(114,088,563)\n1,312,127\n(112,776,436)\n당기순이익\n\xa0\n336,193,058\n(3,915,469)\n332,277,589\n기타포괄손익\n\xa0\n(7,876,601)\n-\n(7,876,601)\n총포괄손익\n\xa0\n328,316,457\n(3,915,469)\n324,400,988\n상기 기준서 도입으로 인하여 현금흐름표에 미치는 영향은 없으나, 기본주당손익 및 희석주당손익에 미치는 영향은 다음과 같습니다.\xa0\n\xa0 \xa0 \xa0 \xa0 \xa0 \xa0 \xa0 \xa0 \xa0 \xa0 \xa0 \xa0 \xa0 \xa0 \xa0 \xa0 \xa0 \xa0 \xa0 \xa0 \xa0 \xa0 \xa0 \xa0 \xa0 \xa0 \xa0 \xa0 \xa0 \xa0 \xa0 \xa0 \xa0 \xa0 \xa0 \xa0 \xa0 \xa0 \xa0 \xa0 \xa0 \xa0 \xa0 \xa0 \xa0 \xa0 \xa0 \xa0 \xa0 \xa0 \xa0 \xa0\xa0 (단위 : 원)\n구\xa0 분\n기준서 제1115호 채택 전 금액\n조\xa0 정\n보고금액\n기본주당순이익\n4,659\n(54)\n4,605\n희석주당순이익\n4,647\n(54)\n4,593\n당사는 정수기 및 가정용기기 등의 제조, 판매를 주된 영업으로 하고 있습니다. 당사가 제공하는 다양한 재화와 용역과 관련된 새로운 회계정책은 다음과 같습니다.(a) 수행의무 식별(i) 일시불 판매 무상제공서비스당사는 일시불 판매시 일부 판매계약에 대해서 무상제공서비스를 제공하고 있으며 이 무상제공서비스는 기업회계기준서 제1115호 도입 이전에는 관련의무를 판매보증충당부채로 표시하고 관련비용을 판매비와관리비로 회계처리 하였습니다. 기업회계기준서 제1115호에서는 무상제공서비스가 별도의 수행의무로 식별되므로 관련 거래가격을 재화의 공급과 무상제공서비스의 수행의무별로 대가를 배분하고 무상제공서비스는 이연하여 고객에게 효익을 제공하는 시점에 수익으로 인식하도록 요구하고 있습니다.2018년 1월 1일 현재 수행의무가 완료되지 않은 계약과 관련한 최초 적용 누적 효과는 2,019백만원의 충당부채 감소, 3,958백만원의 기타유동부채의 증가 및 5,684백만원의 기타비유동부채의 증가이며 그 결과 7,623백만원(법인세효과 제외)의 이익잉여금이 기초자본에서 조정되었습니다.\n2018년 12월 31일의 재무상태표는 종전의 회계처리기준과 비교해서 2,294백만원의 충당부채의 감소, 3,327백만원의 기타유동부채의 증가 및 10,591백만원의 기타비유동부채의 증가이며, 그 결과 11,624백만원의 이익잉여금\xa0감소\xa0효과가\xa0반영되었습니다. 2018년 12월 31일의 12개월의 손익계산서 또한 고객과의 계약에서 생기는 수익 4,276백만원이 종전의 회계처리기준과 비교해서 감소하였으며, 판매비와관리비가 275백만원 감소하였습니다.(b) 변동대가고객과 체결한 일부 계약들은 고객에게 반품권을 제공합니다. 기업회계기준서 제1115호 도입 전에 당사는 제공된 반품, 대금 선지급할인 등을 고려하여 받았거나 받을 대가의 공정가치로 수익을 인식하였습니다. 만약 수익이 신뢰성 있게 측정될 수 없다면, 불확실성이 해소될 때가지 수익 인식을 이연하였습니다.기업회계기준서 제1115호에서는 반품권은 변동대가에 해당합니다. 변동대가는 계약의 개시시점에 추정되고 불확실성이 해소될 때까지 추정치가 제약됩니다. 변동대가에 대한 추정치의 적용으로 이연되는 수익의 금액이 증가합니다.(i) 반품권기업회계기준서 제1115호 도입 이전에 고객과의 계약에서 특정기간 동안 반품할 수 있는 권리가 제공될 경우, 당사는 반품권을 기업회계기준서 제1115호의 기댓값 방법과 유사한 확률가중평균금액으로 회계처리 하였습니다. 예상되는 반품과 관련된 수익은 관련 매출원가를 조정한 후의 금액으로 재무상태표의 충당부채에 표시되어 수익의 인식이 이연되었습니다. 기업회계기준서 제1115호에서는 계약에서 고객이 제품을 반품하는 것을 허용하기 때문에, 고객으로부터 수령하는 대가가 변동됩니다. 당사는 기댓값 방법이 당사가 권리를 갖게 될 변동대가 금액을 더 잘 예측하는 방법이기 때문에 반품될 재화를 추정하기 위해 기댓값 방법을 사용합니다. 당사는 거래가격에 포함될 수 있는 변동대가 금액을 결정하기 위해 변동대가 추정치의 제약에 대한 기업회계기준서 제1115호의 요구사항들을 적용하였습니다. 당사는 환불부채를 재무상태표의 충당부채 및 환불부채에 포함하여 표시하였으며, 반환된 재고자산을 전부 폐기하고 있으므로 반환권자산을 인식하지 아니하였습니다. 기업회계기준서 제1115호의 도입에 따른 환불부채 추정방법에 따른 차이의 순효과는 2018년 기초 이익잉여금에서 조정되었습니다.2018년 1월 1일 현재 완료되지 않은 계약과 관련한 최초 적용 누적 효과는 1,249백만원의 충당부채의 감소이며, 그 결과 1,249백만원(법인세효과 제외)의 이익잉여금이 기초 자본에서 조정되었습니다.2018년 12월 31일의 재무상태표는 종전의 회계처리기준과 비교해서 23백만원의 충당부채의 감소이며, 그 결과 23백만원의 이익잉여금 증가 효과가 반영되었습니다. 2018년 12월 31일 12개월의 손익계산서 또한 고객과의 계약에서 생기는 수익 1,226백만원이 종전의 회계처리기준과 비교해서 감소하였습니다.\n(c) 보증의무당사는 일반적으로 법률에서 요구하는 바에 따라 보증을 제공합니다.\xa0 이 보증은 기업회계기준서 제1115호 도입 이전에 기업회계기준서 제1037호에 따라 회계처리 되었습니다. 이런 보증은 대부분 기업회계기준서 제1115호에서 확신 유형의 보증에 해당하며 당사는 기업회계기준서 제1037호 \'충당부채, 우발부채 및 우발자산\'에 따라 회계처리하므로 이 기준서의 도입 이전과 동일하게 처리됩니다.(d) 표시와 공시 요구사항중간재무제표에 요구되는 바와 같이, 당사는 경제적 요소가\xa0수익\xa0및\xa0현금흐름의\xa0특성,금액, 시기, 불확실성에 어떻게 영향을 주는지를 나타내도록, 고객과의 계약에서 인식한 수익을 범주별로 구분하였습니다.(주석 25참조)(e) 기타 조정사항위에서 기술한 주요 조정사항 뿐만 아니라 기업회계기준서 제1115호를 적용함에 있어 이연법인세, 법인세 및 이익잉여금과 같은 재무제표의 다른 항목들이 영향을 받을것이며, 필요하다면 조정되었습니다. (2) 기업회계기준서 제1109호 \'금융상품\' (제정)기업회계기준서 제1109호 \'금융상품\'은 2018년 1월 1일 이후부터 개시하는 연차기간에 대해 기업회계기준서 제1039호 \'금융상품: 인식과 측정\'을 대체하며, 금융상품 회계처리의 세 가지 측면인 분류 및 측정, 손상, 위험회피회계를 모두 포함합니다. 당사는 기업회계기준서 제1109호를 2018년 1월 1일을 최초적용일로 하고, 2018년 1월 1일의 기초 이익잉여금(또는 기타자본)에 대하여 조정하였습니다.기업회계기준서 제1109호 도입의 영향은 다음과 같습니다.\n2018년 1월 1일 자본변동표에 미치는 영향:\n\xa0 \xa0 \xa0 \xa0 \xa0 \xa0 \xa0 \xa0 \xa0 \xa0 \xa0 \xa0 \xa0 \xa0 \xa0 \xa0 \xa0 \xa0 \xa0 \xa0 \xa0 \xa0 \xa0 \xa0 \xa0 \xa0 \xa0 \xa0 \xa0 \xa0 \xa0 \xa0 \xa0 \xa0 \xa0 \xa0 \xa0 \xa0 \xa0 \xa0 \xa0 \xa0 \xa0 \xa0 \xa0 \xa0 \xa0 \xa0 \xa0 \xa0 (단위 : 천원)\n구\xa0 분\n조정사항\n기준서 제1109호채택 전 금액\n조\xa0 정\n보고금액\n자본\n이익잉여금\n(a,b)\n1,013,406,334\n(3,062,968)\n1,010,343,366\n기타자본항목\n(a)\n(108,714,490)\n(671,257)\n(109,385,747)\n총자본\n1,043,127,691\n(3,734,225)\n1,039,393,466\n2018년 12월 31일 재무상태표에 미치는 영향:\n\xa0 \xa0 \xa0 \xa0 \xa0 \xa0 \xa0 \xa0 \xa0 \xa0 \xa0 \xa0 \xa0 \xa0 \xa0 \xa0 \xa0 \xa0 \xa0 \xa0 \xa0 \xa0 \xa0 \xa0 \xa0 \xa0 \xa0 \xa0 \xa0 \xa0 \xa0 \xa0 \xa0 \xa0 \xa0 \xa0 \xa0 \xa0 \xa0 \xa0 \xa0 \xa0 \xa0 \xa0 \xa0 \xa0 \xa0 \xa0 \xa0 \xa0 \xa0 (단위 : 천원)\n구\xa0 분\n조정사항\n기준서 제1109호채택 전 금액\n조\xa0 정\n보고금액\n자산\n\u3000\n매출채권(유동)\n(b)\n511,952,814\n(3,496,362)\n508,456,452\n기타단기금융자산\n(b)\n14,784,937\n(152,794)\n14,632,143\n매도가능금융자산\n(a)\n1,238,208\n(1,238,208)\n-\n당기손익  - 공정가치 측정 금융자산\n(a)\n-\n5,300\n5,300\n기타포괄손익  - 공정가치 측정 금융자산\n(a)\n-\n337,542\n337,542\n총자산\n2,336,425,066\n(4,544,522)\n2,331,880,544\n\u3000\n부채\n이연법인세부채\n(d)\n8,612,028\n(1,137,188)\n7,474,840\n총부채\n\xa0\n1,203,984,865\n(1,137,188)\n1,202,847,677\n\u3000\n\xa0\n자본\n\xa0\n이익잉여금\n(a,d)\n1,001,731,328\n(2,736,077)\n998,995,251\n기타자본항목\n(a)\n(7,726,975)\n(671,256)\n(8,398,231)\n총자본\n(b)\n1,132,440,200\n(3,407,333)\n1,129,032,867\n2018년 12월 31일 포괄손익계산서(12개월)에 미치는 영향:\n\xa0 \xa0 \xa0 \xa0 \xa0 \xa0 \xa0 \xa0 \xa0 \xa0 \xa0 \xa0 \xa0 \xa0 \xa0 \xa0 \xa0 \xa0 \xa0 \xa0 \xa0 \xa0 \xa0 \xa0 \xa0 \xa0 \xa0 \xa0 \xa0 \xa0 \xa0 \xa0 \xa0 \xa0 \xa0 \xa0 \xa0 \xa0 \xa0 \xa0 \xa0 \xa0 \xa0 \xa0 \xa0 \xa0 \xa0 \xa0 \xa0 \xa0 (단위 : 천원)\n구\xa0 분\n조정사항\n기준서 제1109호채택 전 금액\n조\xa0 정\n보고금액\n판매비와관리비\n(b)\n(1,087,075,029)\n456,523\n(1,086,618,506)\n기타비용\n(b)\n(19,320,315)\n(20,088)\n(19,340,403)\n법인세비용\n(d)\n(112,666,891)\n(109,545)\n(112,776,436)\n당기순이익\n331,950,699\n326,890\n332,277,589\n기타포괄손익\n(7,876,601)\n-\n(7,876,601)\n총포괄손익\n324,074,098\n326,890\n324,400,988\xa0\n상기 기준서 도입으로 인하여 현금흐름표에 미치는 영향은 없으나, 기본주당손익 및 희석주당손익에 미치는 영향은 다음과 같습니다.\xa0\n\xa0 \xa0 \xa0 \xa0 \xa0 \xa0 \xa0 \xa0 \xa0 \xa0 \xa0 \xa0 \xa0 \xa0 \xa0 \xa0 \xa0 \xa0 \xa0 \xa0 \xa0 \xa0 \xa0 \xa0 \xa0 \xa0 \xa0 \xa0 \xa0 \xa0 \xa0 \xa0 \xa0 \xa0 \xa0 \xa0 \xa0 \xa0 \xa0 \xa0 \xa0 \xa0 \xa0 \xa0 \xa0 \xa0 \xa0 \xa0 \xa0 \xa0 \xa0 \xa0\xa0 (단위 : 원)\n구\xa0 분\n기준서 제1109호채택 전 금액\n조\xa0 정\n보고금액\n기본주당순이익\n4,600\n5\n4,605\n희석주당순이익\n4,588\n5\n4,593\n (a) 분류 및 측정특정 매출채권을 제외하고, 기업회계기준서 제1109호 하에서 당사는 당기손익-공정가치로 측정하지 아니하는 금융자산의 거래원가는 최초 인식시점의 공정가치에 포함합니다.기업회계기준서 제1109호 하에서 채무상품은 후속적으로 당기손익-공정가치(FV\xa0 \xa0 PL), 상각후원가, 또는 기타포괄손익-공정가치(FVOCI)로 측정됩니다. 분류는 당사의 금융자산 관리방식에 대한 사업모형과 금융상품이 \'원금과 원금에 대한 이자\'만으로 구성되어 있는지 여부를 나타내는 계약상 현금흐름 특성(SPPI 기준)의 두 가지 기준에 근거합니다.당사의 채무상품에 대한 새로운 분류 및 측정 결과는 다음과 같습니다.- SPPI 기준을 충족하며 계약상 현금흐름을 수취하기 위해 보유하는 것이 목적인 사업모형에서 보유하고 있는 상각후원가로 측정하는 채무상품: 이 범주는 당사의 매출채권 및 기타채권, 기타 비유동 금융자산에 포함되는 대여금을 포함합니다.- 제거손익이 당기손익으로 재분류되는 기타포괄손익-공정가치 측정 채무상품: 이 범주 내의 금융자산은 계약상 현금흐름의 수취 및 매도를 목적으로 하는 사업모형 하에서 SPPI 기준을 충족하는 당사의 채무상품이 포함됩니다.\n기타금융자산은 다음과 같이 분류되고 후속적으로 측정됩니다.- 제거손익이\xa0당기손익으로\xa0재순환되지 않는 기타포괄손익-공정가치 측정 지분상품:이 범주는 당사가 예상되는 미래기간까지 보유할 의도를 가지고 있고 최초 인식 또는거래 시 취소할 수 없는 선택을 한 지분상품만 포함합니다. 당사는 비상장지분상품을기타포괄손익-공정가치 측정 지분상품으로 분류합니다. 기타포괄손익-공정가치 측정 지분상품은 기업회계기준서 제1109호 하에서 손상 평가를 수행하지 않습니다. 기업회계기준서 제1039호 하에서, 당사의 해당 비상장지분상품은 매도가능금융자산으로 분류되었습니다.- 파생상품과 최초 인식 시점에 FVOCI로 분류하는 취소할 수 없는 선택을 하지 않은 상장지분상품으로 구성된 당기손익-공정가치 측정 금융자산: 이 범주는 현금흐름특성이 SPPI 기준을 충족하지 못하거나 계약상 현금흐름을 수취하기 위해 보유하는 것이 목적인 사업모형 또는 계약상 현금흐름의 수취 및 매도를 목적으로 하는 사업모형에서 보유하는 것이 아닌 채무상품을 포함합니다. 당사의 사업모형은 개시일인 2018년 1월 1일에 평가되어야 하며, 개시일 이전에 제거되지 않은 금융자산에 적용되어야 합니다. 채무상품의 계약상 현금흐름이 원금과 원금에 대한 이자 지급으로 구성되어 있는지에 대한 평가는 자산의 최초 인식시점의사실과 상황에 기초하여야 합니다.2018년 1월 1일 현재 기업회계기준서 1039호 하에서 원가로 평가되었던 비상장지 분상품에 대하여 공정가치로\xa0평가함에\xa0따라\xa0기타포괄손익-공정가치\xa0측정\xa0지분상품이895백만원 감소하였으며, 그 결과 895백만원(법인세효과 제외)의 기타자본항목이 기초자본에서 조정되었습니다.당사의 금융부채에 대한 회계처리는 기업회계기준서 제1039호 하의 회계처리와 대부분 일치합니다. 기업회계기준서 제1039호의 요구사항과 유사하게, 기업회계기준서 제1109호는 조건부 대가를 공정가치의 변동이 포괄손익계산서에서 인식되는 공정가치로 측정되는 금융상품으로 회계처리하도록 요구합니다.\n기업회계기준서 제1109호 하에서, 내재파생상품은 더이상 주계약에서 분리되지 않습니다. 그 대신에, 금융자산은 계약상 정의와 당사의 사업모형에 근거하여 분류됩니다.금융부채와 비금융주계약에 내재된 파생상품에 대한 회계처리는 기업회계기준서 제1039호의 요구사항에서 변경되지 않았습니다.\n(b) 손상기업회계기준서 제1109호의 적용은 금융자산에 대한 기업회계기준서 제1039호의 발생손실접근법을 미래의 기대신용손실(ECL) 접근법으로 대체함으로써 당사의 손상에 대한 회계처리를 근본적으로 변경시켰습니다.기업회계기준서 제1109호는 당사가 대여금과 당기손익-공정가치로 측정되지 않는 기타채무상품의 기대신용손실에 대한 충당금을 인식할 것을 요구합니다.기대신용손실은 계약상 수취하기로 한 현금흐름과 당사가 수취할 것으로 예상되는 모든 현금흐름의 차이를 기초로 합니다. 현금부족액은 자산의 최초 유효이자율로 할인하여 측정합니다.계약자산과 매출채권 및 기타 수취채권의 경우, 당사는 간편법을 적용하고 신용손실이 예상되는 기대존속기간에 근거하여 기대신용손실을 산출합니다. 당사는 차입자 특유의 미래 예상 요인과 경제적 환경을 반영하여 조정한 과거 신용손실 경험을 근거로 충당금설정률표를 설계합니다.기타 채무상품(예. 대여금과 기타포괄손익-공정가치 측정 채무증권)에 대하여, 기대신용손실은 12개월 기대신용손실에 근거합니다. 12개월 기대신용손실은 보고기간말이후 12개월 이내에 발생 가능한 금융상품의 채무불이행 사건으로 인한 기대신용손실을 나타내는, 전체기간 기대신용손실의 일부입니다.당사는 계약상 지급이 만기일 이후 180일이 경과된 경우에 금융자산을 채무불이행으로 간주합니다. 그러나, 특정한 경우에, 당사는 신용보강을 고려하기 전에 내부 또는 외부 정보가 당사가 계약상의 원금 전액을 수취하지 못할 것으로 나타내는 경우 금융자산을 채무불이행으로 간주할 수 있습니다.기대신용손실의 적용에 대한 기업회계기준서 제1109호의 요구사항은 당사의 채무상품에 대한 손실충당금을 증가시켰습니다. 충당금의 증가로 인해 이익잉여금이 조정되었습니다.2018년 1월 1일 현재의 추가 손실충당금으로 인하여 4,085백만원(법인세효과 제외)이 동 일자의 이익잉여금의 감소로 반영되었습니다.2018년 12월 31일 현재의 재무상태표는 종전의 회계처리 기준과 비교해서 매출채권과 기타단기금융자산의 손실충당금이 각각 3,496백만원 및 153백만원 증가합니다. 2018년 12월 31일 12개월의 손익계산서 종전의 회계처리 기준과 비교하여 판매관리비가 457백만원 감소하였으며, 기타비용이 20백만원 증가하였습니다.(c) 위험회피회계당사는 위험회피회계를 전진적으로 적용합니다. 최초 적용시점에 당사가 보유한 모든 위험회피관계는 계속적인 위험회피관계로 인식될 수 있습니다. 기업회계기준서 제1109호의 위험회피회계 요구사항의 적용은 당사의 재무제표에 유의적인 영향을 미치지 않습니다.기업회계기준서 제1039호 하에서, 당사의 현금흐름위험회피관계에서 발생한 모든 손익은 후속적으로 당기손익으로 재분류되었습니다. 그러나 기업회계기준서 1109호하에서, 비금융자산의\xa0 예상거래에 대한 현금흐름위험회피에서 발생하는 손익은 비금융자산의 최초 취득금액에 반영되어야 합니다. 따라서, 기업회계기준서 제1109호를 적용하는 경우, 현금흐름위험회피의 순손익은 \'후속적으로 당기손익으로 재분류되지않는 기타포괄손익\'으로 나타납니다. 이러한 변경은 기업회계기준서 제1109호의 최초 적용일부터 적용되며, 비교 정보의 표시에는 영향을 미치지 않습니다.\n(d) 기타 조정사항위에서 기술한 조정사항 뿐만 아니라, 기업회계기준서 제1109호를 적용함에 있어 이연법인세부채, 법인세, 이익잉여금과 같은 재무제표의 다른 항목들이 영향을 받을 것이며, 필요한 경우 조정되었습니다.\xa0\n(3) 기업회계기준해석서 제2122호 \'외화 거래와 선지급ㆍ선수취 대가\'해석서는 대가를 외화로 선지급하거나 선수취하여 발생한 비화폐성자산이나 비화폐성부채를 제거하면서 관련 자산, 비용, 수익(또는 그 일부)를 최초 인식할 때 적용할 환율을 결정하기 위한 거래일은 대가를 선지급하거나 선수취하여 비화폐성자산이나 비화폐성부채를 최초로 인식하는 날이라는 점을 명확히 하였습니다. 선지급이나 선수취가 여러 차례에 걸쳐 이루어지는 경우 대가의 선지급이나 선수취로 인한 거래일을 각각 결정하여야 합니다. 동 제정사항이 당사의 재무제표에 미치는 영향은 없습니다.(4) 투자부동산 계정대체 - 기업회계기준서 제1040호 개정이 개정사항은 투자부동산의 개발 또는 건설에 대해 계정대체 시점을 명확히 합니다.이 개정사항은 투자부동산으로(에서) 용도 변경과 투자부동산 정의를 충족하게 되거나 중지되는 시점에 용도 변경에 대해 기술합니다. 부동산에 대한 경영진의 의도 변경만으로는 용도 변경의 증거가 되지 않습니다. 동 개정사항이 당사의 재무제표에 미치는 영향은 없습니다.(5) 기업회계기준서 제1102호 \'주식기준보상\' (개정) - 주식기준보상거래의 분류와 측정기업회계기준서 제1102호 \'주식기준보상\'의 개정은 가득조건이 현금결제형 주식기준보상의 측정에 미치는 영향, 세금 원천징수의무로 인한 순결제특성이 있는 주식기준보상거래, 현금결제형에서 주식결제형 주식기준보상거래로 분류를 바꾸는 조건변경에 대해 다루고 있습니다. 동 개정사항은 전진적으로 적용되며, 모든 개정사항을 적용하는 때에는 소급 적용할 수 있습니다. 당사는 세금 원천징수의무로 인한 순결제특성이 있는 주식기준보상거래 및 주식기준보상거래로 분류를 바꾸는 조건변경이 없으므로 개정 기준서가 당사의 재무제표에 미치는 영향은 없습니다. (6) 기업회계기준서 제1028호 \'관계기업과 공동기업에 대한 투자\' (개정) - 개별기준에 따라 당기손익-공정가치측정항목으로 선택할 수 있음을 명확히 함개정 기준서는 벤처캐피탈 투자기구나 이와 유사한 기업은 관계기업이나 공동기업에대한 투자를 최초인식할 때 각각의 관계기업이나 공동기업에 대하여 개별적으로 선택하여 그 투자를 당기손익-공정가치측정항목으로 선택할 수 있음을 명확히 하였습니다. 만약, 그 자체가 투자기업이 아닌 기업이 투자기업인 관계기업 또는 공동기업에 대한 지분을 보유하고 있다면, 그 기업이 지분법을 적용하는 경우에 투자기업인 관계기업 또는 공동기업이 보유한 종속기업의 지분에 대하여 투자기업인 관계기업이나 공동기업이 적용한 공정가치 측정을 그대로 적용하는 것을 선택할 수 있습니다. 이 선택은 (1) 투자기업인 관계기업이나 공동기업을 최초로 인식하는 시점, (2) 관계기업이나 공동기업이 투자기업이 되는 시점, (3) 투자기업인 관계기업이나 공동기업이 최초로 지배기업이 되는 시점 중 가장 나중의 시점에 각각의 투자기업인 관계기업이나 공동기업에 대해 개별적으로 합니다. 동 개정사항이 당사의 재무제표에 미치는 영향은 없습니다.(7) 기업회계기준서 제1101호 한국채택국제회계기준의 최초채택 - 최초채택 기업의 단기 면제 규정 삭제문단 E3~E7의 최초채택기업의 단기 면제 규정은 의도된 목적이 달성되었기 때문에 삭제되었으며 해당 규정은 더 이상 유효하지 않습니다. 동 개정사항이 당사의 재무제표에 미치는 영향은 없습니다.\n2.4 중요한 회계적판단, 추정 및 가정당사의 경영자는 재무제표 작성시 보고기간말 현재 수익, 비용, 자산 및 부채에 대한 보고금액과 우발부채에 대한 주석공시사항에 영향을 미칠 수 있는 판단, 추정 및 가정을 하여야 합니다. 그러나 이러한 추정 및 가정의 불확실성은 향후 영향을 받을 자산 및 부채의 장부금액에 중요한 조정을 유발할 수 있습니다.\n당사는 노출된 위험 및 불확실성에 대한 기타 공시사항으로 재무위험관리의 목적 및 정책(주석 37), 민감도 분석(주석 16, 37)이 있습니다.\n2.4.1 회계적 판단당사는 회계정책을 적용하는 과정에서 재무제표에 인식된 금액에 중요한 영향을 미친 추정과 관련 없는 판단사항은 다음과 같습니다.\n(1) 리스약정 - 리스제공자당사는 렌탈자산에 대하여 리스계약을 체결하고 있습니다. 당사는 계약의 기간과 조건 등의 평가에 기초하여 해당 렌탈자산의 소유에 따른 중요한 위험과 보상이 당사에있다고 판단한 경우에는 운용리스로 분류하였습니다. 그러나 리스약정일에 렌탈자산의 소유에 따른 중요한 위험과 보상이 리스이용자에게 있다고 판단한 경우에는 금융리스로 분류하였습니다.\n2.4.2 회계추정 및 변경\n다음 회계연도내에 자산과 부채의 장부금액에 중요한 조정을 유발할 수 있는 중요한 위험을 내포한 보고기간말 현재의 미래에 대한 중요한 가정 및 추정의 불확실성에 대한 기타 주요 원천은 다음과 같습니다. 가정 및 추정은 재무제표를 작성하는 시점에 입수가능한 변수에 근거하고 있습니다. 현재의 상황과 미래에 대한 가정은 시장의 변화나 당사의 통제에서 벗어난 상황으로 인해 변화할 수 있습니다. 그러한 변화가 발생시 이를 가정에 반영하고 있습니다.\n(1) 비금융자산의 손상당사는 매 보고일에 모든 비금융자산에 대하여 손상징후의 존재 여부를 평가합니다. 영업권과 비한정 내용연수의 무형자산에 대해서는 매년 또는 손상징후가 있는 경우에 손상검사를 수행합니다. 기타 비금융자산에 대해서는 장부금액이 회수가능하지 않을 것이라는 징후가 있을 때 손상검사를 수행합니다. 사용가치를 계산하기 위하여 경영자는 해당 자산이나 현금창출단위로부터 발생하는 미래기대현금흐름을 추정하고 동 미래기대현금흐름의 현재가치를 계산하기 위한 적절한 할인율을 선택하여야 합니다.\xa0\n(2) 주식기준보상당사는 주식결제형 주식기준보상거래의 보상원가를 지분상품 부여일의 공정가치를 기준으로 측정하고 있으며 공정가치는 지분상품 부여조건을 고려하여 적절한 평가모델을 적용하여 추정합니다. 또한, 주식선택권의 기대존속연수, 변동성, 배당률 등을 포함한 평가모델에 가장 적절한 가격결정요소를 결정하여야 하며 이러한 요소에 대한 가정을 수립합니다. 적용된 가정 및 평가모델은 주석 24에 기술하였습니다.\n(3) 퇴직급여제도확정급여퇴직연금제도의 원가와 퇴직연금채무의 현재가치는 보험수리적 평가방법을 통해 결정됩니다. 보험수리적 평가방법의 적용을 위해서는 다양한 가정을 세우는 것이 필요합니다. 이러한 가정의 설정은 할인율, 미래임금상승률, 사망률 및 미래연금상승률의 결정 등을 포함합니다. 평가방법의 복잡성과 기본 가정 및 장기적인 성격으로 인해 확정급여채무는 이러한 가정들에 따라 민감하게 변동됩니다. 모든 가정은 매 보고기간말마다 검토됩니다.\n\xa0\n적절한 할인율을 결정하기 위하여 경영진은 AA등급 이상의 회사채의 이자율을 참조하고 있습니다. 사망률은 공개적으로 활용가능한 표에 기초하고 있으며 미래임금상승률 및 미래연금상승률은 해당 국가의 기대인플레이션율에 기초하고 있습니다.자세한 내역은 주석 16에서 기술하고 있습니다.\xa0\n(4) 금융상품의 공정가치활성시장이 없는 금융상품의 공정가치는 현금흐름할인법을 포함한 평가기법을 적용하여 산정하였습니다. 이러한 평가기법에 사용된 입력요소에 관측가능한 시장의 정보를 이용할 수 없는 경우, 공정가치의 산정에 상당한 추정이 요구됩니다. 이러한 판단에는 유동성 위험, 신용위험, 변동성 등에 대한 입력변수의 고려가 포함됩니다. 이러한 요소들에 대한 변화는 금융상품의 공정가치에 영향을 미칠 수 있습니다.(5) 매출채권과 계약자산의 기대손실충당금\n당사는 매출채권과 계약자산에 대한 기대신용손실(ECL)을 계산하는 데 충당금 설정률표를 사용합니다. 충당금 설정률은 비슷한 손실 양상을 가지고 있는 다양한 고객 부문(예를 들어, 지역적 위치, 상품 형태, 고객 형태 및 신용등급, 담보나 거래신용보험)별 묶음의 연체일수에 근거합니다.\n\xa0\n충당금 설정률표는 당사의 과거에 관찰된 채무불이행율에 근거합니다. 당사는 설정률표를 과거 신용손실경험에 미래전망정보를 반영하여 조정합니다. 예를 들어, 미래 경제적 상황(국내총생산)이 향후에 악화되어 생산 분야의 채무불이행 규모가 증가할 것으로 기대된다면, 과거 채무불이행율은 조정됩니다. 매 결산일에 과거 채무불이행율을 조정하고 미래전망치의 변동을 분석합니다.\n과거 채무불이행율과 미래 경제상황 및 기대신용손실(ECL) 사이의 상관관계에 대한 평가는 유의적인 추정입니다. 기대신용손실의 규모는 상황과 미래 경제 환경의 변화에 민감합니다. 당사의 과거 신용손실경험과 경제적 환경에 대한 예상은 고객의 미래실제 채무불이행을 나타내지 않습니다. 당사의 매출채권과 계약자산의 기대신용손실에 대한 정보는 주석 5, 6에 공시됩니다.\n(6) 반품과 수량 리베이트에 대한 변동대가 추정\n당사는 반품권이 있는 제품 판매의 거래가격에 변동대가를 추정합니다.\xa0\n\xa0\n당사는 반품 예상에 대해 통계적 방법을 개발하였습니다. 이 방법은 각 제품의 과거 반품 데이터에서 예상 반품율을 산출합니다. 이 비율은 변동대가의 예상 금액을 산정하는데 적용됩니다. 과거 반품 패턴과 같은 유의적인 경험의 변동은 당사의 예상 반품율 추정에 영향을 미칠 것입니다.\n\xa0\n당사는 예상 반품 평가를 매분기 업데이트 하며, 환불부채도 조정됩니다. 예상되는 반품은 당사의 과거 반품과 환경의 변화에 민감합니다. 미래에 고객의 실제 반품을 반영하지 못할 수도 있습니다. 당기말 현재 예상되는 반품에 대한 환불부채는 49,524백만원입니다.\n2.5 공표되었으나 아직 시행되지 않은 회계기준당사는 재무제표 발행승인일 현재 공표되었으나 아직 시행되지 않아 당사가 채택하지 않은 한국채택국제회계기준의 기준서 및 해석서의 제ㆍ개정내역은 다음과 같습니다.\n(1) 기업회계기준서 제1116호 \'리스\' 기업회계기준서 제1116호 \'리스\'는 기업회계기준서 제1017호 \'리스\', 기업회계기준해석서 제2104호 \'약정에 리스가 포함되어 있는지의 결정\', 기업회계기준해석서 제2015호 \'운용리스: 인센티브\', 기업회계기준해석서 제2027호 \'법적 형식상의 리스를 포함하는 거래의 실질에 대한 평가\'를 대체합니다. 기업회계기준서 제1116호는 리스의 인식, 측정, 표시, 공시 원칙을 제시하였으며, 리스이용자로 하여금 모든 리스를 기업회계기준서 제1017호에서의 금융리스 회계처리와 유사한 단일 모델로 회계처리할 것을 요구합니다. 동 기준서는 리스이용자에 대해 소액자산 리스(예: 개인 컴퓨터), 단기리스(리스기간이 12개월 이하인 리스)의 두 가지 인식 면제 규정을 포함합니다. 리스개시일에 리스이용자는 리스료 지급에 대한 부채(리스부채)를 인식하여야 하며, 기초자산에 대한 리스기간동안의 사용권을 나타내는 자산(사용권 자산)을 인식할 것입니다. 리스이용자는 리스부채의 이자비용과 사용권 자산의 감가상각비를 개별적으로 인식하여야 합니다.\n또한, 리스이용자는 특정 사건(즉, 리스기간의 변동, 리스료를 산정할 때 사용한 지수나 요율의 변동으로 생기는 미래 리스료의 변동)이 발생하면 리스부채를 재측정해야 합니다. 리스이용자는 일반적으로 사용권 자산을 조정함으로써 리스부채의 재측정 금액을 인식할 것입니다. 기업회계기준서 제1116호에서의 리스제공자 회계처리는 기업회계기준서 제1017호의 현행 회계처리와 비교하여 실질적으로 변동되지 않았습니다. 리스제공자는 모든 리스를 기업회계기준서 제1017호와 동일한 분류 원칙을 사용하여 운용리스와 금융리스를 구분할 것입니다. 또한, 기업회계기준서 제1116호는 리스이용자와 리스제공자에게 기업회계기준서 제1017호보다 광범위한 공시를 요구합니다.\n동 기준서는 2019년 1월 1일 이후 개시하는 회계연도부터 적용됩니다. 조기 적용이 허용되나 기업은 먼저 기업회계기준서 제1115호를 적용하여야 합니다. 리스이용자는 완전 소급법과 누적효과 일괄조정 경과조치 중 하나를 사용하여 동 기준서를 적용할 수 있으며, 동 기준서 상 경과 규정은 몇가지 실무적 간편법을 허용합니다.\n당사가 이러한 분석을 완료하기 전까지는 재무적 영향에 대한 합리적 추정치를 제공하는 것이 실무상 어렵습니다.\n(2) 기업회계기준서 제1109호 ‘금융상품’ (개정) 부의 보상을 수반하는 중도상환특성\n기업회계기준서 제1109호에서, 계약상 현금흐름이 원리금 지급만으로 구성되어 있고(SPPI 요건)분류에 적절한 사업모형에서 보유되는 채무상품은 상각후원가 또는 기타포괄손익-공정가치로 측정될 수 있습니다. 기업회계기준서 제1109호의 개정은 계약의 조기 청산을 발생시키는 사건이나 상황과 무관하고, 당사자가 계약의 조기 청산에 대한 합리적인 보상을 하거나 받는 지와 관계없이 SPPI 조건을 충족하는 금융자산을 명확히 하고 있습니다.\n동 개정사항은 소급하여 적용되고 2019년 1월 1일부터 유효하며, 조기 적용이 허용됩니다. 이 개정사항이 당사의 재무상태표에 미치는 영향은 없습니다.\n\xa0\n(3) 기업회계기준서 제1110호 ‘연결재무제표’ 및 제1028호 ‘관계기업과 공동기업에 대한 투자’ (개정) - 투자자와 관계기업이나 공동기업 간의 자산 매각 또는 출자\xa0\n이 개정은 관계기업이나 공동기업에 매각되거나 출자된 종속기업에 대한 지배력 상실에 대한 기업회계기준서 제1110호와 기업회계기준서 1028호 간의 상충을 해결하기 위해 개정되었습니다. 동 기준서에서는 투자자와 관계기업이나 공동기업 간의 기업회계기준서 제1103호에서 정의된 사업에 해당하는 자산의 매각이나 출자에서 발생하는 손익은 전액 인식됨을 명확히 하였습니다. 그러나, 사업에 해당하지 않는 자산의 매각이나 출자에서 발생하는 손익은 투자자의 지분과 무관한 손익까지만 인식하도록 하고 있습니다. 동 기준서의 적용은 무기한 연기되었으나 조기적용하고자 하는 경우 전진적으로 적용되어야 합니다. 당사는 동 개정사항의 효력이 발생 시 적용할 계획입니다.\n\xa0\n(4) 기업회계기준서 제1028호 개정: 관계기업과 공동기업에 대한 장기투자지분\n개정사항은 기업이 관계기업이나 공동기업에 대해 지분법을 적용하지 않는 금융상품에 기업회계기준서 제1109호를 적용하여야 하며 이러한 금융상품에는 실질적으로 기업의 관계기업이나 공동기업에 대한 순투자의 일부를 구성하는 장기투자지분이 포함된다는 점을 명확히 하고 있습니다. 이는 기업회계기준서 제1109호에서의 기대신용손실모델이 그러한 장기투자지분에 적용되는 것을 의미합니다. 동 개정사항은 또한 기업회계기준서 제1109호를 적용하면서 기업은 기업회계기준서 제1028호 관계기업과 공동기업에 대한 투자의 적용으로 인해 발생하는 장기투자지분의 장부금액 조정사항인 관계기업 또는 공동기업의 손실이나 순투자에 대한 손상차손을 고려하지 않는다는 점을 명확히 하였습니다. 동 개정사항은 2019년 1월 1일 이후 최초로 시작되는 회계연도부터 소급하여 적용하되 조기 적용할 수 있습니다. 당사는 관계기업과 공동기업에 대한 장기투자지분이 없으므로 동 개정사항이 재무제표에 미치는 영향은 없습니다.\n\xa0\n(5) 기업회계기준해석서 제2123호 \'법인세처리의 불확실성이 해석서는 법인세 처리에 불확실성이 있을 때 기준서 제1012호의 인식 및 측정 요구사항을 어떻게 적용할지를 다룹니다. 그러나 이 해석서는 기준서 제1012호의 적용범위가 아닌 세금 또는 부담금에 적용되지 않으며 불확실한 법인세 처리와 관련되는 이자와 벌과금에 관련된 요구사항을 다루지 않습니다. 이 해석서는 다음을 구체적으로 다루고 있습니다. - 기업이 불확실한 법인세 처리를 개별적으로 고려할지\n\xa0- 법인세 처리에 대한 과세당국의 조사에 관한 기업의 가정\n\xa0- 기업이 과세소득(세무상결손금), 세무기준액, 미사용 세무상결손금, 미사용 세액공제, 세율을 어떻게 산정할지\n\xa0- 기업이 사실 및 상황의 변화를 어떻게 고려할지\n\xa0\n기업은 불확실한 법인세 처리 각각을 개별적으로 고려할지 아니면 하나 이상의 다른 불확실한 법인세 처리와 함께 고려할지를 판단합니다. 접근법 중 불확실성의 해소를 더 잘 예측하는 접근법을 사용합니다. 이 해석서는 2019년 1월 1일 이후 최초로 시작되는 회계연도부터 유효하며 특정 경과 규정을 적용할 수도 있습니다. 기업은 시행일에 이 해석서를 적용할 것입니다. 기업은 여러 국가의 복잡한 세무 환경에서 운영되므로, 해석서는 재무제표에 영향을 미칠 것입니다. 또한, 기업은 해석서를 적시에 적용하기 위한 정보를 얻기 위한 절차의 구축이 필요할 수 있습니다.\n\xa0\n(6) 2015 - 2017 연차개선\n\xa0\n기업회계기준서 제1103호 \'사업결합\' 개정\n이 개정은 공동약정의 한 당사자가 공동영업과 관련된 자산에 대한 권리와 부채에 대한 의무를 보유하다가 해당 공동영업(사업의 정의 충족)에 대한 지배력을 획득할 경우 해당 거래는 단계으로 이루어지는 사업결합에 대한 요구사항을 적용하여야 하며, 이 때 취득자는 공동영업에 대하여 이전에 보유하고 있던 지분 전부를 재측정하여야 함을 명확히 하고 있습니다.\xa0\xa0\n동 개정사항은 2019년 1월 1일 이후 최초로 시작되는 회계연도 이후에 취득일이 속하는 사업결합부터 적용하되 조기 적용할 수도 있으며, 조기적용 하는 경우에는 그 사실을 공시하여야 합니다. 동 개정사항은 당사의 향후 사업결합거래에 적용될 것입니다.\xa0\xa0\n\xa0\n기업회계기준서 제1111호 \'공동약정\' 개정\n공동영업에 참여는 하지만 공동지배력을 보유하지 않은 공동영업 당사자가 그 공동영업(활동이 기업회계기준서 제1103호에서 정의하는 사업에 해당)에 대한 공동지배력을 획득할 수 있습니다. 이 개정은 이러한 경우 그 공동영업에 대해 이전에 보유하고 있던 지분은 재측정하지 않는다는 점을 명확히 하고 있습니다.\xa0\n동 개정사항은 2019년 1월 1일 이후 최초로 시작되는 회계연도 이후에 공동지배력을 획득하는 거래부터 적용하되 조기 적용할 수도 있으며, 조기적용 하는 경우에는 그 사실을 공시하여야 합니다. 동 개정사항이 당사에 미치는 영향은 없으나 향후 거래에 적용될 것입니다.\xa0\n\xa0\n기업회계기준서 제1012호 \'법인세\' 개정\n이 개정은 배당의 법인세효과는 소유주에 대한 분배보다는 분배가능한 이익을 창출하는 과거의 거래나 사건에 보다 직접적으로 연관된다는 것을 명확히 합니다. 따라서 기업은 과거의 거래나 사건과 관련하여 원래 인식하였던 항목에 따라 배당의 법인세효과를 당기손익, 기타포괄손익 또는 자본으로 인식합니다. 동 개정사항은 2019년 1월 1일 이후 처음 시작되는 회계연도부터 적용하되 조기 적용할 수 있습니다. 이 개정 내용을 처음 적용하는 경우, 가장 이른 비교기간 이후에 인식된 배당의 법인세효과에 이 개정 내용을 적용합니다. 기업의 현행 회계처리는 개정 내용과 차이가 없으므로, 재무제표에 미치는 영향은 없을 것으로 예상하고 있습니다.\n\xa0\n기업회계기준서 제1023호 \'차입원가\' 개정\n이 개정은 기업이 적격자산을 후속적으로 의도된 용도로 사용하거나 판매할 준비가 되었을 때, 그 적격자산을 취득하기 위한 모든 차입금이 일반적인 목적으로 차입한 자금에 포함되는 것을 명확히 합니다.\n기업은 처음 이 개정 내용을 적용하는 회계연도 이후에 생기는 차입원가에 적용합니다. 이 개정 내용은 2019년 1월 1일 이후 처음 시작되는 회계연도부터 적용하되 조기 적용할 수 있습니다. 기업의 현행 회계처리는 개정 내용과 차이가 없으므로, 재무제표에 미치는 영향은 없을 것으로 예상하고 있습니다\n당사는 동 기준서가 당사의 재무제표에 미치는 영향을 검토하고 있으며, 정해진 시행일에 개정기준서를 적용할 계획입니다.\n3. 금융상품\n(1) 금융상품 범주별 분류보고기간종료일 현재 당사의 금융상품 범주별 분류내역은 다음과 같습니다.\n<당기말>\xa0 \xa0 \xa0 \xa0 \xa0 \xa0 \xa0 \xa0 \xa0 \xa0 \xa0 \xa0 \xa0 \xa0 \xa0 \xa0 \xa0 \xa0 \xa0 \xa0 \xa0 \xa0 \xa0 \xa0 \xa0 \xa0 \xa0 \xa0 \xa0 \xa0 \xa0 \xa0 \xa0 \xa0 \xa0 \xa0 \xa0 \xa0 \xa0 \xa0 \xa0 \xa0 \xa0 \xa0 \xa0 \xa0 \xa0 \xa0 \xa0 \xa0 \xa0 (단위 : 천원)\n구\xa0 분\n상각후원가로 측정하는 금융자산\n당기손익-공정가치 측정 금융자산\n기타포괄손익-공정가치 측정 금융자산\n상각후원가로측정하는 금융부채\n합\xa0 계\n자산\n<유동>\n현금및현금성자산\n40,120,552\xa0\n-\xa0\n-\xa0\n-\xa0\n40,120,552\xa0\n매출채권\n508,456,452\xa0\n-\xa0\n-\xa0\n-\xa0\n508,456,452\xa0\n금융리스채권\n98,532,099\xa0\n-\xa0\n-\xa0\n-\xa0\n98,532,099\xa0\n기타단기금융자산\n14,632,143\xa0\n-\xa0\n-\xa0\n-\xa0\n14,632,143\xa0\n<비유동>\n\u3000\n\u3000\n\u3000\n\u3000\n\u3000\n장기매출채권\n28,401,949\xa0\n-\xa0\n-\xa0\n-\xa0\n28,401,949\xa0\n장기금융리스채권\n243,142,574\xa0\n-\xa0\n-\xa0\n-\xa0\n243,142,574\xa0\n기타장기금융자산\n53,364,964\xa0\n-\xa0\n-\xa0\n-\xa0\n53,364,964\xa0\n당기손익-공정가치 측정금융자산\n-\xa0\n5,300\xa0\n-\xa0\n-\xa0\n5,300\xa0\n기타포괄손익-공정가치 측정금융자산\n-\xa0\n-\xa0\n337,542\xa0\n-\xa0\n337,542\xa0\n합\xa0 계\n986,650,733\xa0\n5,300\xa0\n337,542\xa0\n-\xa0\n986,993,575\xa0\n부채\n\u3000\n\u3000\n\u3000\n\u3000\n\u3000\n<유동>\n\u3000\n\u3000\n\u3000\n\u3000\n\u3000\n매입채무\n-\xa0\n-\xa0\n-\xa0\n58,054,169\xa0\n58,054,169\xa0\n기타단기금융부채\n-\xa0\n-\xa0\n-\xa0\n162,367,748\xa0\n162,367,748\xa0\n단기차입금\n-\xa0\n-\xa0\n-\xa0\n730,000,000\xa0\n730,000,000\xa0\n<비유동>\n\u3000\n\u3000\n\u3000\n\u3000\n\u3000\n기타장기금융부채\n-\xa0\n-\xa0\n-\xa0\n1,915,935\xa0\n1,915,935\xa0\n합\xa0 계\n-\xa0\n-\xa0\n-\xa0\n952,337,852\xa0\n952,337,852\xa0\n<전기말>\xa0 \xa0 \xa0 \xa0 \xa0 \xa0 \xa0 \xa0 \xa0 \xa0 \xa0 \xa0 \xa0 \xa0 \xa0 \xa0 \xa0 \xa0 \xa0 \xa0 \xa0 \xa0 \xa0 \xa0 \xa0 \xa0 \xa0 \xa0 \xa0 \xa0 \xa0 \xa0 \xa0 \xa0 \xa0 \xa0 \xa0 \xa0 \xa0 \xa0 \xa0 \xa0 \xa0 \xa0 \xa0 \xa0 \xa0 \xa0 \xa0 \xa0 \xa0 (단위 : 천원)\n구\xa0 분\n대여금 및 수취채권\n매도가능금융자산\n상각후원가로측정하는 금융부채\n합\xa0 계\n자산\n<유동>\n\u3000\n\u3000\n\u3000\n\u3000\n현금및현금성자산\n76,964,753\xa0\n-\xa0\n-\xa0\n76,964,753\xa0\n매출채권\n413,060,945\xa0\n-\xa0\n-\xa0\n413,060,945\xa0\n금융리스채권\n60,030,919\xa0\n-\xa0\n-\xa0\n60,030,919\xa0\n기타단기금융자산\n16,721,948\xa0\n-\xa0\n-\xa0\n16,721,948\xa0\n<비유동>\n\u3000\n\u3000\n\u3000\n\u3000\n장기매출채권\n36,497,327\xa0\n-\xa0\n-\xa0\n36,497,327\xa0\n장기금융리스채권\n169,862,438\xa0\n-\xa0\n-\xa0\n169,862,438\xa0\n기타장기금융자산\n52,262,938\xa0\n-\xa0\n-\xa0\n52,262,938\xa0\n매도가능금융자산\n-\xa0\n1,238,208\xa0\n-\xa0\n1,238,208\xa0\n합\xa0 계\n825,401,268\xa0\n1,238,208\xa0\n-\xa0\n826,639,476\xa0\n부채\n<유동>\n매입채무\n-\xa0\n-\xa0\n46,379,801\xa0\n46,379,801\xa0\n기타단기금융부채\n-\xa0\n-\xa0\n180,385,531\xa0\n180,385,531\xa0\n단기차입금\n-\xa0\n-\xa0\n670,000,000\xa0\n670,000,000\xa0\n<비유동>\n기타장기금융부채\n-\xa0\n-\xa0\n1,846,035\xa0\n1,846,035\xa0\n합\xa0 계\n-\xa0\n-\xa0\n898,611,367\xa0\n898,611,367\xa0\n(2) 당기 및 전기 중 당사의 금융상품 범주별 손익내역은 다음과 같습니다.\xa0 \xa0 \xa0 \xa0 \xa0 \xa0 \xa0 \xa0 \xa0 \xa0 \xa0 \xa0 \xa0 \xa0 \xa0 \xa0 \xa0 \xa0 \xa0 \xa0 \xa0 \xa0 \xa0 \xa0 \xa0 \xa0 \xa0 \xa0 \xa0 \xa0 \xa0 \xa0 \xa0 \xa0 \xa0 \xa0 \xa0 \xa0 \xa0 \xa0 \xa0 \xa0 \xa0 \xa0 \xa0 \xa0 \xa0 \xa0 \xa0 \xa0 \xa0 (단위 : 천원)\n구\xa0 분\n당\xa0 기\n전\xa0 기\n상각후원가로 측정하는 금융자산\xa0 (전기: 대여금 및 수취채권)\n\xa0 \xa0\xa0 이자수익\n815,574\xa0\n649,347\xa0\n\xa0 \xa0\xa0 외화환산이익\n5,064,764\xa0\n10,949\xa0\n\xa0 \xa0\xa0 외화환산손실\n(204,861)\n(19,469,802)\n\xa0 \xa0\xa0 매출채권손상차손\n(17,449,477)\n(11,285,944)\n\xa0 \xa0\xa0 기타채권손상차손\n(2,309,184)\n(6,163,414)\n상각후원가로 측정하는 금융부채\xa0\n\xa0 \xa0\xa0 이자비용\n(16,804,186)\n(11,448,267)\n\xa0 \xa0\xa0 외화환산이익\n5,713\xa0\n43,631\xa0\n상기 이외에 외화로 표시된 매출채권, 기타단기금융자산, 기타장기금융자산 및 매입채무 등 결제시\xa0외환차익\xa07,120백만원(전기:\xa02,892백만원)과 외환차손\xa05,026백만원(전기:\xa010,225백만원)이\xa0발생하였습니다.\n4. 현금및현금성자산보고기간종료일 현재 당사의 현금및현금성자산 내역은 다음과 같습니다.\xa0 \xa0 \xa0 \xa0 \xa0 \xa0 \xa0 \xa0 \xa0 \xa0 \xa0 \xa0 \xa0 \xa0 \xa0 \xa0 \xa0 \xa0 \xa0 \xa0 \xa0 \xa0 \xa0 \xa0 \xa0 \xa0 \xa0 \xa0 \xa0 \xa0 \xa0 \xa0 \xa0 \xa0 \xa0 \xa0 \xa0 \xa0 \xa0 \xa0 \xa0 \xa0 \xa0 \xa0 \xa0 \xa0 \xa0 \xa0 \xa0 \xa0 \xa0 (단위 : 천원)\n구\xa0 분\n당기말\n전기말\n현금\n24,003\xa0\n22,329\xa0\n당좌예금\n38,300,000\xa0\n74,900,000\xa0\n보통예금\n1,738,654\xa0\n1,990,129\xa0\n기타현금성자산\n57,895\xa0\n52,295\xa0\n합\xa0 계\n40,120,552\xa0\n76,964,753\xa0\n5. 매출채권 및 금융리스채권\n(1) 보고기간종료일 현재 당사의 매출채권 및 금융리스채권 내역은 다음과 같습니다.\xa0 \xa0 \xa0 \xa0 \xa0 \xa0 \xa0 \xa0 \xa0 \xa0 \xa0 \xa0 \xa0 \xa0 \xa0 \xa0 \xa0 \xa0 \xa0 \xa0 \xa0 \xa0 \xa0 \xa0 \xa0 \xa0 \xa0 \xa0 \xa0 \xa0 \xa0 \xa0 \xa0 \xa0 \xa0 \xa0 \xa0 \xa0 \xa0 \xa0 \xa0 \xa0 \xa0 \xa0 \xa0 \xa0 \xa0 \xa0 \xa0 \xa0 \xa0 (단위 : 천원)\n구\xa0 분\n당기말\n전기말\n유동 :\xa0\n매출채권\xa0\n574,253,226\xa0\n469,103,673\xa0\n\xa0 현재가치할인차금\n(883,601)\n(809,535)\n\xa0 대손충당금\xa0\n(64,913,173)\n(55,233,193)\n금융리스채권\n103,487,628\xa0\n62,022,017\xa0\n\xa0 현재가치할인차금\n(2,054,336)\n(1,207,889)\n\xa0 대손충당금\xa0\n(2,901,193)\n(783,209)\n합\xa0 계\n606,988,551\xa0\n473,091,864\xa0\n비유동 :\xa0\n매출채권\n38,761,536\xa0\n47,518,206\xa0\n\xa0 현재가치할인차금\n(2,290,534)\n(2,951,827)\n\xa0 대손충당금\n(8,069,052)\n(8,069,052)\n금융리스채권\n278,945,540\xa0\n195,967,625\xa0\n\xa0 현재가치할인차금\n(33,753,236)\n(24,055,457)\n\xa0 대손충당금\n(2,049,730)\n(2,049,730)\n합\xa0 계\n271,544,524\xa0\n206,359,765\xa0\n(2) 보고기간종료일 현재 연체되었으나 손상되지 아니한 매출채권 및 금융리스채권의 연령분석은 다음과 같습니다.\xa0 \xa0 \xa0 \xa0 \xa0 \xa0 \xa0 \xa0 \xa0 \xa0 \xa0 \xa0 \xa0 \xa0 \xa0 \xa0 \xa0 \xa0 \xa0 \xa0 \xa0 \xa0 \xa0 \xa0 \xa0 \xa0 \xa0 \xa0 \xa0 \xa0 \xa0 \xa0 \xa0 \xa0 \xa0 \xa0 \xa0 \xa0 \xa0 \xa0 \xa0 \xa0 \xa0 \xa0 \xa0 \xa0 \xa0 \xa0 \xa0 \xa0 \xa0 (단위 : 천원)\n구\xa0 분\n합\xa0 계\n정상채권\n만기경과 미손상금액\n손상차손금액\n6개월 이하\n6개월초과 ~12개월이하\n12개월초과분\n당기말\n995,447,930\xa0\n\xa0\xa0 726,862,488\xa0\n59,441,890\xa0\n\xa0 85,248,431\xa0\n\xa0\xa0 45,961,973\xa0\n77,933,148\xa0\n전기말\n774,611,521\xa0\n542,146,972\xa0\n111,467,385\xa0\n407,818\xa0\n54,454,162\xa0\n66,135,184\xa0\n(3) 당기와 전기 중 매출채권 및 금융리스채권에 대한 대손충당금의 변동내역은 다음과 같습니다.\xa0 \xa0 \xa0 \xa0 \xa0 \xa0 \xa0 \xa0 \xa0 \xa0 \xa0 \xa0 \xa0 \xa0 \xa0 \xa0 \xa0 \xa0 \xa0 \xa0 \xa0 \xa0 \xa0 \xa0 \xa0 \xa0 \xa0 \xa0 \xa0 \xa0 \xa0 \xa0 \xa0 \xa0 \xa0 \xa0 \xa0 \xa0 \xa0 \xa0 \xa0 \xa0 \xa0 \xa0 \xa0 \xa0 \xa0 \xa0 \xa0 \xa0\xa0 (단위 : 천원)\n구\xa0 분\n당기\n전기\n기초(기준서 제1039호)\n66,135,184\xa0\n63,752,715\xa0\n기초이익잉여금의 조정\n3,952,885\xa0\n-\xa0\n최초적용일 대손충당금(기준서 제1109호)\n70,088,069\xa0\n63,752,715\xa0\n손상된 채권에 대한 손상차손\n17,449,477\xa0\n11,285,944\xa0\n부실채권 제각 및 매각\n(9,640,364)\n(8,943,048)\n기타\n35,966\xa0\n39,573\xa0\n기말\n77,933,148\xa0\n66,135,184\xa0\n6. 기타금융자산\n(1) 보고기간종료일 현재 당사의 기타금융자산 내역은 다음과 같습니다.\xa0 \xa0 \xa0 \xa0 \xa0 \xa0 \xa0 \xa0 \xa0 \xa0 \xa0 \xa0 \xa0 \xa0 \xa0 \xa0 \xa0 \xa0 \xa0 \xa0 \xa0 \xa0 \xa0 \xa0 \xa0 \xa0 \xa0 \xa0 \xa0 \xa0 \xa0 \xa0 \xa0 \xa0 \xa0 \xa0 \xa0 \xa0 \xa0 \xa0 \xa0 \xa0 \xa0 \xa0 \xa0 \xa0 \xa0 \xa0 \xa0 \xa0 \xa0 (단위 : 천원)\n구\xa0 분\n당기말\n전기말\n기타단기금융자산 :\n\xa0\xa0 단기대여금\n31,250\xa0\n1,638,350\xa0\n\xa0\xa0 미수금\n45,117,276\xa0\n43,306,808\xa0\n\xa0\xa0 차감: 대손충당금(단기성 항목)\n(30,516,383)\n(28,223,210)\n합\xa0 계\n14,632,143\xa0\n16,721,948\xa0\n기타장기금융자산 :\n\xa0\xa0 장기금융상품\n8,300,000\xa0\n8,300,000\xa0\n\xa0\xa0 장기보증금\n43,853,364\xa0\n43,967,938\xa0\n\xa0\xa0 장기미수금\n1,216,600\xa0\n-\xa0\n\xa0\xa0 기타장기매출채권및기타채권\n3,179,073\xa0\n3,179,073\xa0\n\xa0\xa0 차감: 대손충당금(장기성 항목)\n(3,184,073)\n(3,184,073)\n합\xa0 계\n53,364,964\xa0\n52,262,938\xa0\n보고기간종료일 현재 기타금융자산 중 일부 관계회사 등에 대한 대여금, 영업수당 미환수채권, 임차보증금 등은 손상이 발생하였으며, 이러한 손상채권에 대해서는 개별적인 분석에 의하여 손상차손을 인식하고 있습니다. (2) 보고기간종료일 현재 기타단기금융자산의 연령은 대부분 1년 이내이며, 기타장기금융자산의 연령은 대부분 1~2년 이내입니다. 기타금융자산은 다수의 거래처에 분산되어 있어, 중요한 신용위험의 집중은 없습니다.\xa0\n(3) 당기와 전기 중 기타금융자산에 대한 대손충당금의 변동내역은 다음과 같습니다.\xa0 \xa0 \xa0 \xa0 \xa0 \xa0 \xa0 \xa0 \xa0 \xa0 \xa0 \xa0 \xa0 \xa0 \xa0 \xa0 \xa0 \xa0 \xa0 \xa0 \xa0 \xa0 \xa0 \xa0 \xa0 \xa0 \xa0 \xa0 \xa0 \xa0 \xa0 \xa0 \xa0 \xa0 \xa0 \xa0 \xa0 \xa0 \xa0 \xa0 \xa0 \xa0 \xa0 \xa0 \xa0 \xa0 \xa0 \xa0 \xa0 \xa0 \xa0 (단위 : 천원)\n구\xa0 분\n당기말\n전기말\n기타단기금융자산 :\n\xa0 기초(기준서 제1039호)\n28,223,210\xa0\n22,469,576\xa0\n\xa0 기초이익잉여금의 조정\n132,706\xa0\n-\xa0\n\xa0 최초적용일 대손충당금(기준서 제1109호)\n28,355,916\xa0\n22,469,576\xa0\n\xa0 손상된 채권에 대한 손상차손\n2,309,184\xa0\n6,163,414\xa0\n\xa0 부실채권 매각\n(148,717)\n(409,780)\n\xa0 기말\n30,516,383\xa0\n28,223,210\xa0\n기타장기금융자산 :\n\xa0 기초(기준서 제1039호)\n3,184,073\xa0\n3,184,073\xa0\n\xa0 기초이익잉여금의 조정\n-\xa0\n-\xa0\n\xa0 최초적용일 대손충당금(기준서 제1109호)\n3,184,073\xa0\n3,184,073\xa0\n\xa0 손상된 채권에 대한 손상차손\n-\xa0\n-\xa0\n\xa0 기말\n3,184,073\xa0\n3,184,073\xa0\n7. 기타자산 보고기간종료일 현재 당사의 기타자산 내역은 다음과 같습니다.\xa0 \xa0 \xa0 \xa0 \xa0 \xa0 \xa0 \xa0 \xa0 \xa0 \xa0 \xa0 \xa0 \xa0 \xa0 \xa0 \xa0 \xa0 \xa0 \xa0 \xa0 \xa0 \xa0 \xa0 \xa0 \xa0 \xa0 \xa0 \xa0 \xa0 \xa0 \xa0 \xa0 \xa0 \xa0 \xa0 \xa0 \xa0 \xa0 \xa0 \xa0 \xa0 \xa0 \xa0 \xa0 \xa0 \xa0 \xa0 \xa0 \xa0 \xa0 (단위 : 천원)\n구\xa0 분\n당기말\n전기말\n기타유동자산 :\n\xa0\xa0 선급금\n8,300,458\xa0\n8,155,790\xa0\n\xa0\xa0 선급비용\n165,048,571\xa0\n154,759,122\xa0\n합\xa0 계\n173,349,029\xa0\n162,914,912\xa0\n기타비유동자산 :\n\xa0\xa0 장기선급비용\n141,353,096\xa0\n142,598,449\xa0\n\xa0\xa0 기타\n124,330\xa0\n124,330\xa0\n합\xa0 계\n141,477,426\xa0\n142,722,779\xa0\n8. 재고자산 \n(1) 보고기간종료일 현재 당사의 재고자산 내역은 다음과 같습니다.\xa0 \xa0 \xa0 \xa0 \xa0 \xa0 \xa0 \xa0 \xa0 \xa0 \xa0 \xa0 \xa0 \xa0 \xa0 \xa0 \xa0 \xa0 \xa0 \xa0 \xa0 \xa0 \xa0 \xa0 \xa0 \xa0 \xa0 \xa0 \xa0 \xa0 \xa0 \xa0 \xa0 \xa0 \xa0 \xa0 \xa0 \xa0 \xa0 \xa0 \xa0 \xa0 \xa0 \xa0 \xa0 \xa0 \xa0 \xa0 \xa0 \xa0 \xa0 (단위 : 천원)\n구\xa0 분\n당기말\n전기말\n평가전금액\n평가충당금\n재무상태표가액\n평가전금액\n평가충당금\n재무상태표가액\n상\xa0 품\n26,706,679\n(3,615,981)\n23,090,698\xa0\n22,176,580\xa0\n(1,374,557)\n20,802,023\xa0\n제\xa0 품\n28,614,135\n(5,147,050)\n23,467,085\xa0\n26,777,515\xa0\n(10,323,741)\n16,453,774\xa0\n반제품\n470,753\n(2,177)\n468,576\xa0\n391,591\xa0\n(56)\n391,535\xa0\n원재료\n6,638,710\n(303,102)\n6,335,608\xa0\n7,227,963\xa0\n(771,827)\n6,456,136\xa0\n미착품\n850,871\n-\xa0\n850,871\xa0\n478,288\xa0\n-\xa0\n478,288\xa0\n합\xa0 계\n63,281,148\xa0\n(9,068,310)\n54,212,838\xa0\n57,051,937\xa0\n(12,470,181)\n44,581,756\xa0\n(2) 당기와 전기 중 매출원가로 비용인식한 재고자산의 원가는 각각\xa0544,416 백만원과\xa0512,657백만원입니다.\xa0이\xa0중 당기 재고자산평가손실환입은\xa0125백만원이며, 전기 재고자산평가손실은\xa0938백만원입니다.\n9.\xa0공정가치측정금융자산(매도가능금융자산)\n(1) 보고기간 종료일 현재 기타포괄손익-공정가치 측정 금융자산은 다음과 같습니다.\xa0 \xa0 \xa0 \xa0 \xa0 \xa0 \xa0 \xa0 \xa0 \xa0 \xa0 \xa0 \xa0 \xa0 \xa0 \xa0 \xa0 \xa0 \xa0 \xa0 \xa0 \xa0 \xa0 \xa0 \xa0 \xa0 \xa0 \xa0 \xa0 \xa0 \xa0 \xa0 \xa0 \xa0 \xa0 \xa0 \xa0 \xa0 \xa0 \xa0 \xa0 \xa0 \xa0 \xa0 \xa0 \xa0 \xa0 \xa0 \xa0 \xa0\xa0 (단위 : 천원)\n구\xa0 분\n당기말\n전기말(주1)\n비유동항목\n비상장주식\n\xa0 맥사이언스\n327,406\n1,133,760\n\xa0 NEX텔레콤\n9,504\n98,516\n\xa0 기타\n632\n632\n합\xa0 계\n337,542\n1,232,908\n(주1) 당사는 전기말 동 금융상품을 매도가능금융자산으로 분류하였습니다.(2) 보고기간 종료일 현재 당기손익-공정가치 측정 금융자산은 다음과 같습니다.\xa0 \xa0 \xa0 \xa0 \xa0 \xa0 \xa0 \xa0 \xa0 \xa0 \xa0 \xa0 \xa0 \xa0 \xa0 \xa0 \xa0 \xa0 \xa0 \xa0 \xa0 \xa0 \xa0 \xa0 \xa0 \xa0 \xa0 \xa0 \xa0 \xa0 \xa0 \xa0 \xa0 \xa0 \xa0 \xa0 \xa0 \xa0 \xa0 \xa0 \xa0 \xa0 \xa0 \xa0 \xa0 \xa0 \xa0 \xa0 \xa0 \xa0 \xa0 (단위 : 천원)\n구\xa0 분\n당기말\n전기말(주1)\n비유동항목\n\xa0 조합출자금\n5,300\n5,300\n합\xa0 계\n5,300\n5,300\n(주1) 당사는 전기말 동 금융상품을 매도가능금융자산으로 분류하였습니다.\n10. 종속기업투자\n(1) 보고기간종료일 현재 당사의 종속기업 투자 내역은 다음과 같습니다.\xa0 \xa0 \xa0 \xa0 \xa0 \xa0 \xa0 \xa0 \xa0 \xa0 \xa0 \xa0 \xa0 \xa0 \xa0 \xa0 \xa0 \xa0 \xa0 \xa0 \xa0 \xa0 \xa0 \xa0 \xa0 \xa0 \xa0 \xa0 \xa0 \xa0 \xa0 \xa0 \xa0 \xa0 \xa0 \xa0 \xa0 \xa0 \xa0 \xa0 \xa0 \xa0 \xa0 \xa0 \xa0 \xa0 \xa0 \xa0 \xa0 \xa0 \xa0 (단위 : 천원)\n회사명\n소재지\n주요 영업활동\n당기말\n전기말\n지분율\n장부금액\n지분율\n장부금액\nCoway China Co., Ltd.\n중\xa0 국\n공기청정기 등 판매\n100%\n1\xa0\n100%\n1\xa0\nCoway(Thailand) Company Limited.\n태\xa0 국\n정수기 등 판매 및 렌탈\n100%\n1\xa0\n100%\n1\xa0\nCoway (M) Sdn Bhd.(주1)\n말레이시아\n정수기 등 판매 및 렌탈\n100%\n122,462,293\xa0\n100%\n122,462,293\xa0\nCoway USA, Inc.\n미\xa0 국\n정수기 등 판매 및 렌탈\n100%\n10,170,939\xa0\n100%\n10,170,939\xa0\n코웨이엔텍㈜\n한\xa0 국\n수처리기기 등 산업설비 제조\n100%\n32,443,286\xa0\n100%\n48,130,286\xa0\n합\xa0 계\n165,076,520\n180,763,520\n(주1)\xa0전기 중 종속기업인 Coway (M) Sdn Bhd.의 보통주를 동 종속기업의 매출채권과 상계하여 취득함에\xa0따라, 98,107백만원이 증가 하였습니다.(2) 손상차손당사는 종속기업투자에 대하여 매년 자산손상을 시사하는 징후가 있는지를 검토하며, 만약 그러한 징후가 있다면 당해 자산의 회수가능액을 추정하고 있습니다.당사는 코웨이엔텍㈜ 대하여 자산손상을 시사하는 징후가 있다고 판단하였으며, 회수가능액을 초과하는 장부금액 15,687,000천원을 손상차손으로인식하였습니다.회수가능액의 계산에 사용된 주요한 가정은 각 보고부문의 미래 경향에 대한 경영진의 평가를 반영하고 있으며, 이는 외부정보와 내부정보(과거 역사적 정보)를 고려하여 결정하였습니다. 종속기업투자의 손상검사 시 사용된 주요 가정치는 다음과 같이 요약됩니다.\n매출성장률(*1)\n영구성장률(*2)\n할인율(*3)\n5.30%\n0.00%\n11.60%\n(*1) 2019년부터 2023년까지 연평균 매출액 증가율을 의미합니다. 당사는 현금흐름을 과거경험, 실제 영업결과 그리고 사업계획에 근거하여 추정하였습니다. 추정기간동안 현금흐름의 추정에 포함된 수익은 보고부문의 사업 특성이 반영되어 있습니다.(*2) 2024년부터 추가적인 기간의 미래현금흐름은 고정된 성장율을 사용하여 추정하였습니다.(*3) 각 보고부문의 회수가능액을 결정할 때 사용한 할인율은 가중평균자본비용에 근거하여 예측하였습니다. 무위험할인율, 시장위험프리미엄과 베타계수는 Bloomberg에서 조회되는 외부정보에 기초하여 각 보고부문의 자기자본비율 등을 조정하여 사용하였습니다.한편, 당사는 전기 중 Coway China Co., Ltd.에 대하여 자산손상을 시사하는 징후가 있다고 판단하였으며, 손상검사 결과 회수가능액을\xa0 초과하는 장부금액 1,802,573천원을 손상차손으로 인식하였습니다.\n11. 유형자산\n(1) 보고기간종료일 현재 당사의 유형자산 내역은 다음과 같습니다.<당기말>\xa0 \xa0 \xa0 \xa0 \xa0 \xa0 \xa0 \xa0 \xa0 \xa0 \xa0 \xa0 \xa0 \xa0 \xa0 \xa0 \xa0 \xa0 \xa0 \xa0 \xa0 \xa0 \xa0 \xa0 \xa0 \xa0 \xa0 \xa0 \xa0 \xa0 \xa0 \xa0 \xa0 \xa0 \xa0 \xa0 \xa0 \xa0 \xa0 \xa0 \xa0 \xa0 \xa0 \xa0 \xa0 \xa0 \xa0 \xa0 \xa0 \xa0 \xa0 (단위 : 천원)\n구\xa0 분\n취득원가\n상각누계액 및손상누계액\n정부보조금\n장부금액\n토\xa0 지\n32,242,816\xa0\n-\xa0\n-\xa0\n32,242,816\xa0\n건\xa0 물\n37,289,911\xa0\n(9,687,267)\n-\xa0\n27,602,644\xa0\n구축물\n3,467,868\xa0\n(2,553,463)\n-\xa0\n914,405\xa0\n기계장치\n27,051,331\xa0\n(16,652,267)\n-\xa0\n10,399,064\xa0\n차량운반구\n428,468\xa0\n(428,466)\n-\xa0\n2\xa0\n공구기구\n200,046,447\xa0\n(156,369,962)\n-\xa0\n43,676,485\xa0\n비\xa0 품\n89,648,832\xa0\n(79,120,721)\n-\xa0\n10,528,111\xa0\n렌탈자산\n928,883,239\xa0\n(427,453,606)\n-\xa0\n501,429,633\xa0\n기타유형자산\n25,334,032\xa0\n(17,446,298)\n(79,200)\n7,808,534\xa0\n건설중인자산\n589,573\xa0\n-\xa0\n-\xa0\n589,573\xa0\n합\xa0 계\n1,344,982,517\xa0\n(709,712,050)\n(79,200)\n635,191,267\xa0\n<전기말>\n\xa0 \xa0 \xa0 \xa0 \xa0 \xa0 \xa0 \xa0 \xa0 \xa0 \xa0 \xa0 \xa0 \xa0 \xa0 \xa0 \xa0 \xa0 \xa0 \xa0 \xa0 \xa0 \xa0 \xa0 \xa0 \xa0 \xa0 \xa0 \xa0 \xa0 \xa0 \xa0 \xa0 \xa0 \xa0 \xa0 \xa0 \xa0 \xa0 \xa0 \xa0 \xa0 \xa0 \xa0 \xa0 \xa0 \xa0 \xa0 \xa0 \xa0 \xa0 (단위 : 천원)\n구\xa0 분\n취득원가\n상각누계액 및손상누계액\n정부보조금\n장부금액\n토\xa0 지\n32,242,816\xa0\n-\xa0\n-\xa0\n32,242,816\xa0\n건\xa0 물\n37,287,931\xa0\n(8,700,911)\n-\xa0\n28,587,020\xa0\n구축물\n3,270,668\xa0\n(2,209,007)\n-\xa0\n1,061,661\xa0\n기계장치\n25,554,934\xa0\n(15,476,641)\n-\xa0\n10,078,293\xa0\n차량운반구\n428,468\xa0\n(428,466)\n-\xa0\n2\xa0\n공구기구\n180,209,563\xa0\n(137,185,203)\n-\xa0\n43,024,360\xa0\n비\xa0 품\n89,211,940\xa0\n(77,704,883)\n-\xa0\n11,507,057\xa0\n렌탈자산\n884,056,047\xa0\n(416,933,934)\n-\xa0\n467,122,113\xa0\n기타유형자산\n24,603,691\xa0\n(17,475,664)\n(1)\n7,128,026\xa0\n건설중인자산\n2,255,776\xa0\n-\xa0\n-\xa0\n2,255,776\xa0\n합\xa0 계\n1,279,121,834\xa0\n(676,114,709)\n(1)\n603,007,124\xa0\n(2) 당기 및 전기 중 유형자산의 장부금액 변동내역은 다음과 같습니다.<당기>\xa0 \xa0 \xa0 \xa0 \xa0 \xa0 \xa0 \xa0 \xa0 \xa0 \xa0 \xa0 \xa0 \xa0 \xa0 \xa0 \xa0 \xa0 \xa0 \xa0 \xa0 \xa0 \xa0 \xa0 \xa0 \xa0 \xa0 \xa0 \xa0 \xa0 \xa0 \xa0 \xa0 \xa0 \xa0 \xa0 \xa0 \xa0 \xa0 \xa0 \xa0 \xa0 \xa0 \xa0 \xa0 \xa0 \xa0 \xa0 \xa0 \xa0 \xa0 (단위 : 천원)\n구\xa0 분\n당기초\n취득/자본적지출\n처분/폐기/손상\n감가상각\n대체(주1)\n당기말\n토지\n32,242,816\xa0\n-\xa0\n-\xa0\n-\xa0\n-\xa0\n32,242,816\xa0\n건물\n28,587,020\xa0\n1,980\xa0\n-\xa0\n(986,356)\n-\xa0\n27,602,644\xa0\n구축물\n1,061,661\xa0\n197,200\xa0\n-\xa0\n(344,456)\n-\xa0\n914,405\xa0\n기계장치\n10,078,293\xa0\n964,900\xa0\n(136,430)\n(2,041,199)\n1,533,500\xa0\n10,399,064\xa0\n차량운반구\n2\xa0\n-\xa0\n-\xa0\n-\xa0\n-\xa0\n2\xa0\n공구기구\n43,024,360\xa0\n16,122,127\xa0\n(3,907,910)\n(15,509,980)\n3,947,888\xa0\n43,676,485\xa0\n비품\n11,507,057\xa0\n3,437,025\xa0\n(53,014)\n(4,929,357)\n566,400\xa0\n10,528,111\xa0\n렌탈자산\n467,122,113\xa0\n266,265,101\xa0\n(63,733,440)\n(167,054,564)\n(1,169,577)\n501,429,633\xa0\n기타유형자산\n7,128,026\xa0\n2,224,237\xa0\n(105,269)\n(2,157,160)\n718,700\xa0\n7,808,534\xa0\n건설중인자산\n2,255,776\xa0\n5,100,285\xa0\n-\xa0\n-\xa0\n(6,766,488)\n589,573\xa0\n합\xa0 계\n603,007,124\xa0\n294,312,855\xa0\n(67,936,063)\n(193,023,072)\n(1,169,577)\n635,191,267\xa0\n(주1) 해당 차이내역은 당기 중 재고자산으로 대체되었습니다.<전기>\n\xa0 \xa0 \xa0 \xa0 \xa0 \xa0 \xa0 \xa0 \xa0 \xa0 \xa0 \xa0 \xa0 \xa0 \xa0 \xa0 \xa0 \xa0 \xa0 \xa0 \xa0 \xa0 \xa0 \xa0 \xa0 \xa0 \xa0 \xa0 \xa0 \xa0 \xa0 \xa0 \xa0 \xa0 \xa0 \xa0 \xa0 \xa0 \xa0 \xa0 \xa0 \xa0 \xa0 \xa0 \xa0 \xa0 \xa0 \xa0 \xa0 \xa0 \xa0 (단위 : 천원)\n구\xa0 분\n전기초\n취득/자본적지출\n처분/폐기/손상\n감가상각\n대체(주1)\n전기말\n토지\n32,242,816\xa0\n-\xa0\n-\xa0\n-\xa0\n-\xa0\n32,242,816\xa0\n건물\n29,322,945\xa0\n165,628\xa0\n-\xa0\n(981,197)\n79,644\xa0\n28,587,020\xa0\n구축물\n1,416,205\xa0\n-\xa0\n-\xa0\n(354,544)\n-\xa0\n1,061,661\xa0\n기계장치\n10,327,309\xa0\n435,370\xa0\n(25,812)\n(2,048,464)\n1,389,890\xa0\n10,078,293\xa0\n차량운반구\n2\xa0\n-\xa0\n-\xa0\n-\xa0\n-\xa0\n2\xa0\n공구기구\n38,592,272\xa0\n13,808,700\xa0\n(28,031)\n(14,323,817)\n4,975,236\xa0\n43,024,360\xa0\n비품\n10,079,934\xa0\n6,238,599\xa0\n(2)\n(4,838,314)\n26,840\xa0\n11,507,057\xa0\n렌탈자산\n461,121,495\xa0\n230,498,626\xa0\n(57,168,909)\n(165,665,307)\n(1,663,792)\n467,122,113\xa0\n기타유형자산\n5,721,723\xa0\n2,264,655\xa0\n-\xa0\n(1,622,724)\n764,372\xa0\n7,128,026\xa0\n건설중인자산\n2,078,864\xa0\n7,412,894\xa0\n-\xa0\n-\xa0\n(7,235,982)\n2,255,776\xa0\n합\xa0 계\n590,903,565\xa0\n260,824,472\xa0\n(57,222,754)\n(189,834,367)\n(1,663,792)\n603,007,124\xa0\n(주1) 해당 차이내역은 전기 중 재고자산으로 대체되었습니다.\n(3)\xa0운용리스 제공내역\n당사는 보유중인 렌탈자산에 대하여 다수의 고객과 운용리스를 제공하는 계약을 체결하고 있으며,\xa0보고기간종료일 현재 동 운용자산의 장부금액은 아래와 같습니다.\xa0 \xa0 \xa0 \xa0 \xa0 \xa0 \xa0 \xa0 \xa0 \xa0 \xa0 \xa0 \xa0 \xa0 \xa0 \xa0 \xa0 \xa0 \xa0 \xa0 \xa0 \xa0 \xa0 \xa0 \xa0 \xa0 \xa0 \xa0 \xa0 \xa0 \xa0 \xa0 \xa0 \xa0 \xa0 \xa0 \xa0 \xa0 \xa0 \xa0 \xa0 \xa0 \xa0 \xa0 \xa0 \xa0 \xa0 \xa0 \xa0 \xa0 \xa0 (단위 : 천원)\n구\xa0 분\n당기말\n전기말\n렌탈자산\n501,429,633\xa0\n467,122,113\xa0\n한편, 보고기간종료일 현재 상기 렌탈자산에 대한 운용리스계약을 통하여, 당사가 받게 될 것으로 기대되는 미래 최소리스료 내역은 다음과 같습니다.\xa0 \xa0 \xa0 \xa0 \xa0 \xa0 \xa0 \xa0 \xa0 \xa0 \xa0 \xa0 \xa0 \xa0 \xa0 \xa0 \xa0 \xa0 \xa0 \xa0 \xa0 \xa0 \xa0 \xa0 \xa0 \xa0 \xa0 \xa0 \xa0 \xa0 \xa0 \xa0 \xa0 \xa0 \xa0 \xa0 \xa0 \xa0 \xa0 \xa0 \xa0 \xa0 \xa0 \xa0 \xa0 \xa0 \xa0 \xa0 \xa0 \xa0 \xa0 (단위 : 천원)\n구\xa0 분\n당\xa0 기\n전\xa0 기\n1년 이내\n1,732,922,662\xa0\n1,655,307,022\xa0\n1년 초과 3년 이내\n2,701,364,189\xa0\n2,616,190,925\xa0\n합\xa0 계\n4,434,286,851\xa0\n4,271,497,947\xa0\n(4) 운용리스 이용내역당사는 사무실 등에 대하여 복수의 운용리스계약을 체결하고 있습니다. 동 계약의 평균 리스기간은 1년미만이고 갱신조항은 없습니다. 한편 기말 현재 취소불능리스계약의 최소리스료 지급계획은 다음과 같습니다.\xa0 \xa0 \xa0 \xa0 \xa0 \xa0 \xa0 \xa0 \xa0 \xa0 \xa0 \xa0 \xa0 \xa0 \xa0 \xa0 \xa0 \xa0 \xa0 \xa0 \xa0 \xa0 \xa0 \xa0 \xa0 \xa0 \xa0 \xa0 \xa0 \xa0 \xa0 \xa0 \xa0 \xa0 \xa0 \xa0 \xa0 \xa0 \xa0 \xa0 \xa0 \xa0 \xa0 \xa0 \xa0 \xa0 \xa0 \xa0 \xa0 \xa0 \xa0 (단위 : 천원)\n구\xa0 분\n당\xa0 기\n전\xa0 기\n1년 이내\n\xa0 \xa0 \xa0 \xa0 \xa0\xa0 21,073,390\xa0\n10,419,503\xa0\n1년 초과 5년 이내\n\xa0 \xa0 \xa0 \xa0 \xa0 \xa0 6,012,718\xa0\n23,190,186\xa0\n5년 이상\n\xa0 \xa0 \xa0 \xa0 \xa0 \xa0 \xa0 \xa0 \xa0 \xa0 \xa0 \xa0 -\xa0\n406,500\xa0\n합\xa0 계\n\xa0 \xa0 \xa0 \xa0 \xa0\xa0 27,086,108\xa0\n34,016,189\xa0\n12. 무형자산 \n(1) 보고기간종료일 현재 당사의 무형자산 내역은 다음과 같습니다.<당기말>\xa0 \xa0 \xa0 \xa0 \xa0 \xa0 \xa0 \xa0 \xa0 \xa0 \xa0 \xa0 \xa0 \xa0 \xa0 \xa0 \xa0 \xa0 \xa0 \xa0 \xa0 \xa0 \xa0 \xa0 \xa0 \xa0 \xa0 \xa0 \xa0 \xa0 \xa0 \xa0 \xa0 \xa0 \xa0 \xa0 \xa0 \xa0 \xa0 \xa0 \xa0 \xa0 \xa0 \xa0 \xa0 \xa0 \xa0 \xa0 \xa0 \xa0 \xa0 (단위 : 천원)\n구\xa0 분\n취득원가\n상각누계액 및 손상누계액\n정부보조금\n장부금액\n영업권\n107,390,916\xa0\n(2,640,000)\n-\xa0\n104,750,916\xa0\n산업재산권\n3,416,465\xa0\n(1,976,294)\n-\xa0\n1,440,171\xa0\n소프트웨어\n77,803,295\xa0\n(60,677,125)\n-\xa0\n17,126,170\xa0\n시설이용권\n5,555,835\xa0\n-\xa0\n-\xa0\n5,555,835\xa0\n기타무형자산\n32,051,656\xa0\n(18,474,117)\n-\xa0\n13,577,539\xa0\n개발중인무형자산\n450,877\xa0\n-\xa0\n-\xa0\n450,877\xa0\n합\xa0 계\n226,669,044\xa0\n(83,767,536)\n-\xa0\n142,901,508\xa0\n<전기말>\xa0 \xa0 \xa0 \xa0 \xa0 \xa0 \xa0 \xa0 \xa0 \xa0 \xa0 \xa0 \xa0 \xa0 \xa0 \xa0 \xa0 \xa0 \xa0 \xa0 \xa0 \xa0 \xa0 \xa0 \xa0 \xa0 \xa0 \xa0 \xa0 \xa0 \xa0 \xa0 \xa0 \xa0 \xa0 \xa0 \xa0 \xa0 \xa0 \xa0 \xa0 \xa0 \xa0 \xa0 \xa0 \xa0 \xa0 \xa0 \xa0 \xa0 \xa0 (단위 : 천원)\n구\xa0 분\n취득원가\n상각누계액 및 손상누계액\n정부보조금\n장부금액\n영업권\n107,390,916\xa0\n-\xa0\n-\xa0\n107,390,916\xa0\n산업재산권\n3,389,608\xa0\n(1,570,114)\n-\xa0\n1,819,494\xa0\n소프트웨어\n69,448,249\xa0\n(55,015,432)\n-\xa0\n14,432,817\xa0\n시설이용권\n5,555,835\xa0\n-\xa0\n-\xa0\n5,555,835\xa0\n기타무형자산\n32,051,656\xa0\n(16,951,402)\n-\xa0\n15,100,254\xa0\n개발중인무형자산\n4,898,046\xa0\n-\xa0\n-\xa0\n4,898,046\xa0\n합\xa0 계\n222,734,310\xa0\n(73,536,948)\n-\xa0\n149,197,362\xa0\n(2) 당기 및 전기 중 무형자산의 장부금액 변동내역은 다음과 같습니다.<당기>\xa0 \xa0 \xa0 \xa0 \xa0 \xa0 \xa0 \xa0 \xa0 \xa0 \xa0 \xa0 \xa0 \xa0 \xa0 \xa0 \xa0 \xa0 \xa0 \xa0 \xa0 \xa0 \xa0 \xa0 \xa0 \xa0 \xa0 \xa0 \xa0 \xa0 \xa0 \xa0 \xa0 \xa0 \xa0 \xa0 \xa0 \xa0 \xa0 \xa0 \xa0 \xa0 \xa0 \xa0 \xa0 \xa0 \xa0 \xa0 \xa0 \xa0 \xa0 (단위 : 천원)\n구\xa0 분\n당기초\n취득/자본적지출\n처분/폐기/손상\n상\xa0 각\n대 체\n당기말\n영업권\n107,390,916\xa0\n-\xa0\n(2,640,000)\n-\xa0\n-\xa0\n104,750,916\xa0\n산업재산권\n1,819,494\xa0\n-\xa0\n-\xa0\n(406,180)\n26,857\xa0\n1,440,171\xa0\n소프트웨어\n14,432,817\xa0\n1,248,184\xa0\n-\xa0\n(5,661,693)\n7,106,862\xa0\n17,126,170\xa0\n시설이용권\n5,555,835\xa0\n-\xa0\n-\xa0\n-\xa0\n-\xa0\n5,555,835\xa0\n기타무형자산\n15,100,254\xa0\n-\xa0\n-\xa0\n(1,522,715)\n-\xa0\n13,577,539\xa0\n개발중인무형자산\n4,898,046\xa0\n2,686,550\xa0\n-\xa0\n-\xa0\n(7,133,719)\n450,877\xa0\n합\xa0 계\n149,197,362\xa0\n3,934,734\xa0\n(2,640,000)\n(7,590,588)\n-\xa0\n142,901,508\xa0\n<전기>\xa0 \xa0 \xa0 \xa0 \xa0 \xa0 \xa0 \xa0 \xa0 \xa0 \xa0 \xa0 \xa0 \xa0 \xa0 \xa0 \xa0 \xa0 \xa0 \xa0 \xa0 \xa0 \xa0 \xa0 \xa0 \xa0 \xa0 \xa0 \xa0 \xa0 \xa0 \xa0 \xa0 \xa0 \xa0 \xa0 \xa0 \xa0 \xa0 \xa0 \xa0 \xa0 \xa0 \xa0 \xa0 \xa0 \xa0 \xa0 \xa0 \xa0 \xa0 (단위 : 천원)\n구\xa0 분\n전기초\n취득/자본적지출\n처분/폐기/손상\n상\xa0 각\n대 체\n전기말\n영업권\n107,390,916\xa0\n-\xa0\n-\xa0\n-\xa0\n-\xa0\n107,390,916\xa0\n산업재산권\n255\xa0\n-\xa0\n-\xa0\n(202,241)\n2,021,480\xa0\n1,819,494\xa0\n소프트웨어\n17,767,160\xa0\n840,365\xa0\n(211,997)\n(5,575,576)\n1,612,865\xa0\n14,432,817\xa0\n시설이용권\n5,555,835\xa0\n-\xa0\n-\xa0\n-\xa0\n-\xa0\n5,555,835\xa0\n기타무형자산\n16,654,099\xa0\n-\xa0\n-\xa0\n(1,553,845)\n-\xa0\n15,100,254\xa0\n개발중인무형자산\n381,485\xa0\n8,150,906\xa0\n-\xa0\n-\xa0\n(3,634,345)\n4,898,046\xa0\n합\xa0 계\n147,749,750\xa0\n8,991,271\xa0\n(211,997)\n(7,331,662)\n-\xa0\n149,197,362\xa0\n(3) 영업권의 손상평가\xa0보고기간종료일 현재 영업권은 당사의 경영진이 영업권을 관리하는 단위인 현금창출단위별로 다음과 같이 배분되었습니다.\xa0 \xa0 \xa0 \xa0 \xa0 \xa0 \xa0 \xa0 \xa0 \xa0 \xa0 \xa0 \xa0 \xa0 \xa0 \xa0 \xa0 \xa0 \xa0 \xa0 \xa0 \xa0 \xa0 \xa0 \xa0 \xa0 \xa0 \xa0 \xa0 \xa0 \xa0 \xa0 \xa0 \xa0 \xa0 \xa0 \xa0 \xa0 \xa0 \xa0 \xa0 \xa0 \xa0 \xa0 \xa0 \xa0 \xa0 \xa0 \xa0 \xa0 \xa0 (단위 : 천원)\n구\xa0 분\n당기말\n전기말\n환경가전 부문\n99,262,568\xa0\n99,262,568\xa0\n화장품 부문\n5,488,348\xa0\n8,128,348\xa0\n합\xa0 계\n104,750,916\n107,390,916\n당사는 매년 영업권에 대한 손상검사를 수행하고 있습니다. 손상평가 수행결과, 당년도 화장품부문에서 손상차손 2,640백만원이 발생하였습니다. 현금흐름창출단위(집단)의 회수가능가액은 사용가치 계산에 근거하여 결정되었습니다. 사용가치의 계산은 경영진이 승인한 향후 5년간 재무예산에 근거하여 현금흐름추정치를 사용하였습니다. 동 기간에 대하여 사용된 매출액이익률과 이를 초과하는 기간에 대한 영구성장률은 아래와 같습니다. 영구현금흐름의 산출에는 일정 성장률가정이 사용되었습니다.\xa0당기말 사용가치 계산에 사용된 주요 가정치는 다음과 같습니다.\n구\xa0 분\n매출성장율(주1)\n영구성장율(주2)\n할인율(주3)\n환경가전 부문\xa0\n3.44%\n0.00%\n5.80%\n화장품 부문\n10.22%\n0.00%\n16.00%\n(주1) 2019년부터 2023년까지 연평균 매출액 증가율을 의미합니다. 당사는 현금흐름을 과거경험, 실제 영업결과 그리고 사업계획에 근거하여 추정하였습니다. 추정기간동안 현금흐름의 추정에 포함된 수익은 각 보고부문별 사업 특성이 반영되어 있습니다.(주2) 2024년부터 추가적인 기간의 미래현금흐름은 고정된 성장율을 사용하여 추정하였습니다.(주3) 각 보고부문의 회수가능액을 결정할 때 사용한 할인율은 가중평균자본비용에 근거하여 예측하였습니다. 무위험할인율, 시장위험프리미엄과 베타계수는 Bloomberg에서 조회되는 외부정보에 기초하여 각 보고부문의 자기자본비율 등을 조정하여 사용하였습니다.\n13. 투자부동산 \n(1) 보고기간종료일 현재 당사의 투자부동산 내역은 다음과 같습니다.\xa0 \xa0 \xa0 \xa0 \xa0 \xa0 \xa0 \xa0 \xa0 \xa0 \xa0 \xa0 \xa0 \xa0 \xa0 \xa0 \xa0 \xa0 \xa0 \xa0 \xa0 \xa0 \xa0 \xa0 \xa0 \xa0 \xa0 \xa0 \xa0 \xa0 \xa0 \xa0 \xa0 \xa0 \xa0 \xa0 \xa0 \xa0 \xa0 \xa0 \xa0 \xa0 \xa0 \xa0 \xa0 \xa0 \xa0 \xa0 \xa0 \xa0 \xa0 (단위 : 천원)\n구\xa0 분\n당기말\n전기말\n취득원가\xa0\n상각누계액 및 손상누계액\n장부금액\n취득원가\xa0\n상각누계액 및 손상누계액\n장부금액\n토\xa0 지\n9,755,271\xa0\n-\xa0\n9,755,271\xa0\n17,634,059\xa0\n-\xa0\n17,634,059\xa0\n건\xa0 물\n17,864,712\xa0\n(3,163,700)\n14,701,012\xa0\n18,353,516\xa0\n(2,851,435)\n15,502,081\xa0\n합\xa0 계\n27,619,983\xa0\n(3,163,700)\n24,456,283\xa0\n35,987,575\xa0\n(2,851,435)\n33,136,140\xa0\n(2) 당기 및 전기 중 당사의 투자부동산 장부금액 변동내역은 다음과 같습니다.<당기>\xa0 \xa0 \xa0 \xa0 \xa0 \xa0 \xa0 \xa0 \xa0 \xa0 \xa0 \xa0 \xa0 \xa0 \xa0 \xa0 \xa0 \xa0 \xa0 \xa0 \xa0 \xa0 \xa0 \xa0 \xa0 \xa0 \xa0 \xa0 \xa0 \xa0 \xa0 \xa0 \xa0 \xa0 \xa0 \xa0 \xa0 \xa0 \xa0 \xa0 \xa0 \xa0 \xa0 \xa0 \xa0 \xa0 \xa0 \xa0 \xa0 \xa0 \xa0 (단위 : 천원)\n구\xa0 분\n당기초\n감가상각\n대체(주1)\n당기말\n토\xa0 지\n17,634,059\xa0\n-\xa0\n(7,878,788)\n9,755,271\xa0\n건\xa0 물\n15,502,081\xa0\n(457,760)\n(343,309)\n14,701,012\xa0\n합\xa0 계\n33,136,140\xa0\n(457,760)\n(8,222,097)\n24,456,283\xa0\n(주1) 당기 중 매각예정자산으로 대체 되었습니다.<전기>\xa0 \xa0 \xa0 \xa0 \xa0 \xa0 \xa0 \xa0 \xa0 \xa0 \xa0 \xa0 \xa0 \xa0 \xa0 \xa0 \xa0 \xa0 \xa0 \xa0 \xa0 \xa0 \xa0 \xa0 \xa0 \xa0 \xa0 \xa0 \xa0 \xa0 \xa0 \xa0 \xa0 \xa0 \xa0 \xa0 \xa0 \xa0 \xa0 \xa0 \xa0 \xa0 \xa0 \xa0 \xa0 \xa0 \xa0 \xa0 \xa0 \xa0 \xa0 (단위 : 천원)\n구\xa0 분\n전기초\n감가상각\n전기말\n토\xa0 지\n17,634,059\xa0\n-\xa0\n17,634,059\xa0\n건\xa0 물\n15,959,841\xa0\n(457,760)\n15,502,081\xa0\n합\xa0 계\n33,593,900\xa0\n(457,760)\n33,136,140\xa0\n당기\xa0 보고기간종료일\xa0 현재 투자부동산의 공정가치는\xa0\xa020,826백만원(전기말:32,160백만원)입니다. 당기 중 투자부동산에서 발생한 임대수익은\xa01,586백만원(전기:1,761백만원)입니다.\n14. 기타금융부채 및 기타부채 보고기간종료일 현재 당사의 기타금융부채 및 기타부채 내역은 다음과 같습니다.\xa0 \xa0 \xa0 \xa0 \xa0 \xa0 \xa0 \xa0 \xa0 \xa0 \xa0 \xa0 \xa0 \xa0 \xa0 \xa0 \xa0 \xa0 \xa0 \xa0 \xa0 \xa0 \xa0 \xa0 \xa0 \xa0 \xa0 \xa0 \xa0 \xa0 \xa0 \xa0 \xa0 \xa0 \xa0 \xa0 \xa0 \xa0 \xa0 \xa0 \xa0 \xa0 \xa0 \xa0 \xa0 \xa0 \xa0 \xa0 \xa0 \xa0 \xa0 (단위 : 천원)\n구\xa0 분\n당기말\n전기말\n기타단기금융부채 :\n\xa0\xa0 미지급금\n136,670,585\xa0\n151,839,555\xa0\n\xa0\xa0 미지급비용\n25,697,163\xa0\n28,545,976\xa0\n합\xa0 계\n162,367,748\xa0\n180,385,531\xa0\n기타장기금융부채 :\n\u3000\n\xa0\xa0 장기미지급금\n310,000\xa0\n240,000\xa0\n\xa0\xa0 예수보증금\n490,000\xa0\n490,000\xa0\n\xa0\xa0 렌탈보증금\n1,115,935\xa0\n1,116,035\xa0\n합\xa0 계\n1,915,935\xa0\n1,846,035\xa0\n기타유동부채 :\n\u3000\n\xa0\xa0 선수금\n61,984,052\xa0\n50,872,823\n\xa0\xa0 예수금\n14,320,532\xa0\n11,673,596\xa0\n\xa0\xa0 선수수익\n808,752\xa0\n1,398,077\xa0\n\xa0\xa0 정부보조금관련부채\n387,095\xa0\n367,801\xa0\n합\xa0 계\n77,500,431\xa0\n64,312,297\xa0\n기타비유동부채 :\n\u3000\n\xa0\xa0 장기선수금\n19,230,926\xa0\n9,027,263\xa0\n\xa0\xa0 책임이행적립금(주석18)\n9,719,290\xa0\n9,473,470\xa0\n\xa0\xa0 기타장기종업원급여부채\n4,718,039\xa0\n4,616,646\xa0\n합\xa0 계\n33,668,255\xa0\n23,117,379\xa0\n15. 단기차입금\xa0\n보고기간종료일 현재 당사의 단기차입금 내역은 다음과 같습니다.\xa0 \xa0 \xa0 \xa0 \xa0 \xa0 \xa0 \xa0 \xa0 \xa0 \xa0 \xa0 \xa0 \xa0 \xa0 \xa0 \xa0 \xa0 \xa0 \xa0 \xa0 \xa0 \xa0 \xa0 \xa0 \xa0 \xa0 \xa0 \xa0 \xa0 \xa0 \xa0 \xa0 \xa0 \xa0 \xa0 \xa0 \xa0 \xa0 \xa0 \xa0 \xa0 \xa0 \xa0 \xa0 \xa0 \xa0 \xa0 \xa0 \xa0 \xa0 (단위 : 천원)\n구\xa0 분\n차입처\n당기이자율(%)\n당기말\n전기말\n운영자금대출\n한국산업은행\n2.76\xa0\n70,000,000\xa0\n70,000,000\xa0\n기업어음증권\n신한은행\n2.45 ~ 2.46\n100,000,000\xa0\n110,000,000\xa0\n〃\n미래에셋증권\n-\xa0\n-\xa0\n50,000,000\xa0\n〃\n삼성증권\n2.45\xa0\n30,000,000\xa0\n30,000,000\xa0\n〃\n한국투자증권\n2.32 ~ 2.59\n350,000,000\xa0\n230,000,000\xa0\n〃\n부국증권\n\u3000-\xa0\n-\xa0\xa0\n50,000,000\xa0\n〃\n우리종합금융\n2.46\xa0\n10,000,000\xa0\n20,000,000\xa0\n〃\nKB증권\n2.32 ~ 2.53\n170,000,000\xa0\n110,000,000\xa0\n합\xa0 계\n730,000,000\xa0\n670,000,000\xa0\n16.\xa0순확정급여자산(부채)\n(1) 보고기간종료일 현재\xa0당사의 순확정급여자산 내역은 다음과 같습니다.\xa0 \xa0 \xa0 \xa0 \xa0 \xa0 \xa0 \xa0 \xa0 \xa0 \xa0 \xa0 \xa0 \xa0 \xa0 \xa0 \xa0 \xa0 \xa0 \xa0 \xa0 \xa0 \xa0 \xa0 \xa0 \xa0 \xa0 \xa0 \xa0 \xa0 \xa0 \xa0 \xa0 \xa0 \xa0 \xa0 \xa0 \xa0 \xa0 \xa0 \xa0 \xa0 \xa0 \xa0 \xa0 \xa0 \xa0 \xa0 \xa0 \xa0 \xa0 (단위 : 천원)\n구\xa0 분\n당기말\n전기말\n확정급여채무\n181,459,882\xa0\n154,897,617\xa0\n사외적립자산\n(174,472,922)\n(162,320,041)\n합\xa0 계\n6,986,960\xa0\n(7,422,424)\n(2) 당기와 전기 중 확정급여제도와 관련하여 인식된 손익은 다음과 같습니다.\xa0 \xa0 \xa0 \xa0 \xa0 \xa0 \xa0 \xa0 \xa0 \xa0 \xa0 \xa0 \xa0 \xa0 \xa0 \xa0 \xa0 \xa0 \xa0 \xa0 \xa0 \xa0 \xa0 \xa0 \xa0 \xa0 \xa0 \xa0 \xa0 \xa0 \xa0 \xa0 \xa0 \xa0 \xa0 \xa0 \xa0 \xa0 \xa0 \xa0 \xa0 \xa0 \xa0 \xa0 \xa0 \xa0 \xa0 \xa0 \xa0 \xa0 \xa0 (단위 : 천원)\n구\xa0 분\n당\xa0 기\n전\xa0 기\n당기근무원가\n23,412,128\xa0\n23,378,906\xa0\n순확정급여부채의 순이자\n308,002\xa0\n157,068\xa0\n퇴직위로금 등\n754,275\xa0\n191,720\xa0\n합\xa0 계\n24,474,405\xa0\n23,727,694\n(3) 당기와 전기 중 확정급여채무의 현재가치 변동은 다음과 같습니다.\xa0 \xa0 \xa0 \xa0 \xa0 \xa0 \xa0 \xa0 \xa0 \xa0 \xa0 \xa0 \xa0 \xa0 \xa0 \xa0 \xa0 \xa0 \xa0 \xa0 \xa0 \xa0 \xa0 \xa0 \xa0 \xa0 \xa0 \xa0 \xa0 \xa0 \xa0 \xa0 \xa0 \xa0 \xa0 \xa0 \xa0 \xa0 \xa0 \xa0 \xa0 \xa0 \xa0 \xa0 \xa0 \xa0 \xa0 \xa0 \xa0 \xa0 \xa0 (단위 : 천원)\n구\xa0 분\n당\xa0 기\n전\xa0 기\n기초금액\n154,897,617\xa0\n144,556,219\xa0\n급여비용(당기손익)\n\u3000\n\u3000\n\xa0 - 당기근무원가\n23,412,128\xa0\n23,378,906\xa0\n\xa0 - 이자원가\n5,807,466\xa0\n4,089,472\xa0\n소\xa0 계\n29,219,594\xa0\n27,468,378\xa0\n퇴직급여지급액\n(10,136,392)\n(8,201,670)\n순확정급여부채의 재측정요소\n\u3000\n\xa0 - 인구통계학적가정의 변동에서\xa0 \xa0 발생하는 보험수리적손익\n-\xa0\xa0\n(801,687)\n\xa0 - 재무적가정의 변동에서 \xa0 \xa0 발생하는 보험수리적손익\n7,500,489\xa0\n(9,472,111)\n\xa0 - 경험조정\n(21,426)\n1,348,488\xa0\n소\xa0 계\n7,479,063\xa0\n(8,925,310)\n관계사 전출입효과\n-\xa0\n-\xa0\n기타\n-\xa0\n-\xa0\n기말확정급여부채\n181,459,882\xa0\n154,897,617\xa0\n(4) 당사의 사외적립자산의 공정가치 변동내역은 다음과 같습니다.\xa0 \xa0 \xa0 \xa0 \xa0 \xa0 \xa0 \xa0 \xa0 \xa0 \xa0 \xa0 \xa0 \xa0 \xa0 \xa0 \xa0 \xa0 \xa0 \xa0 \xa0 \xa0 \xa0 \xa0 \xa0 \xa0 \xa0 \xa0 \xa0 \xa0 \xa0 \xa0 \xa0 \xa0 \xa0 \xa0 \xa0 \xa0 \xa0 \xa0 \xa0 \xa0 \xa0 \xa0 \xa0 \xa0 \xa0 \xa0 \xa0 \xa0 \xa0 (단위 : 천원)\n\u3000구\xa0 분\n당\xa0 기\n전\xa0 기\n기초금액\n162,320,041\xa0\n151,855,971\xa0\n이자수익\n5,499,464\xa0\n3,932,404\xa0\n기여금 납입액\n20,000,000\xa0\n15,000,000\xa0\n퇴직급여지급액\n(10,267,201)\n(7,708,742)\n재측정요소\n(3,079,382)\n(759,592)\n관계사전출입효과\n\u3000\n\u3000-\xa0\n기타\n\u3000\n\u3000-\xa0\n기말금액\n174,472,922\xa0\n162,320,041\xa0\n(5) 당사의 확정급여제도에 따른 퇴직급여부채를 산출함에 있어 사용한 가정은 다음과 같습니다.\n구\xa0 분\n당\xa0 기\n전\xa0 기\n비\xa0 고\n할인율\n3.17%\n3.65%\n우량회사채 수익률\n임금인상률\n연령별률\n연령별률\n당사의 경험률\n(6) 사외적립자산의 운용내역은 다음과 같습니다.\xa0\n구\xa0 분\n당기말\n전기말\n현금및예치금\n50.40%\n48.95%\n유가증권\n49.60%\n51.05%\n합\xa0 계\n100.00%\n100.00%\n(7) 주요 가정의 변동에 따른 당기 확정급여채무의 민감도 분석은 다음과 같습니다.\n구\xa0 분\n가정의 변동\n확정급여채무에 대한 영향\n가정의 증가\n가정의 감소\n할인율\xa0\xa0\n0.50%\n4.30% 감소\n4.60% 증가\n임금상승률\xa0\xa0\n0.50%\n4.60% 증가\n4.30% 감소\n17. 충당부채 및 환불부채 당기 및 전기 중 주요 충당부채 및 환불부채 변동내역은 다음과 같습니다.\n<당기>\xa0 \xa0 \xa0 \xa0 \xa0 \xa0 \xa0 \xa0 \xa0 \xa0 \xa0 \xa0 \xa0 \xa0 \xa0 \xa0 \xa0 \xa0 \xa0 \xa0 \xa0 \xa0 \xa0 \xa0 \xa0 \xa0 \xa0 \xa0 \xa0 \xa0 \xa0 \xa0 \xa0 \xa0 \xa0 \xa0 \xa0 \xa0 \xa0 \xa0 \xa0 \xa0 \xa0 \xa0 \xa0 \xa0 \xa0 \xa0 \xa0 \xa0 \xa0 (단위 : 천원)\n구\xa0 분\n당기초\n회계정책변경(주석2)\n증감액\n당기말\n판매보증충당부채\n2,019,694\xa0\n(2,019,694)\n-\xa0\n-\xa0\n반품충당부채\n37,644,458\xa0\n(37,644,458)\n-\xa0\n-\xa0\n기타손실충당부채(주석19)\n1,442,019\xa0\n-\xa0\n666,000\xa0\n2,108,019\xa0\n소\xa0 계\n41,106,171\xa0\n(39,664,152)\n666,000\xa0\n2,108,019\xa0\n환불부채\n-\xa0\n36,395,054\xa0\n13,129,003\xa0\n49,524,057\xa0\n합\xa0 계\n41,106,171\xa0\n(3,269,098)\n13,795,003\xa0\n51,632,076\xa0\n<전기>\xa0 \xa0 \xa0 \xa0 \xa0 \xa0 \xa0 \xa0 \xa0 \xa0 \xa0 \xa0 \xa0 \xa0 \xa0 \xa0 \xa0 \xa0 \xa0 \xa0 \xa0 \xa0 \xa0 \xa0 \xa0 \xa0 \xa0 \xa0 \xa0 \xa0 \xa0 \xa0 \xa0 \xa0 \xa0 \xa0 \xa0 \xa0 \xa0 \xa0 \xa0 \xa0 \xa0 \xa0 \xa0 \xa0 \xa0 \xa0 \xa0 \xa0 \xa0 (단위 : 천원)\n구\xa0 분\n전기초\n증감액\n전기말\n판매보증충당부채\n1,210,783\xa0\n808,911\xa0\n2,019,694\xa0\n반품충당부채\n18,451,320\xa0\n19,193,138\xa0\n37,644,458\xa0\n기타손실충당부채(주석19)\n1,442,019\xa0\n-\xa0\n1,442,019\xa0\n합\xa0 계\n21,104,122\xa0\n20,002,049\xa0\n41,106,171\xa0\n18. 책임이행적립금 보고기간종료일 현재 당사의 책임이행적립금은 판매대리인으로부터 당사의 채권손실을 방지하기 위하여 판매수당 지급시 일정률을 적립하는 계정으로서 사고발생시 동 적립금에서 공제하고 있습니다.\n19. 우발채무와 약정사항\n(1) 당기 보고기간종료일 현재 당사가 국내외에서 계류중인 소송사건중 피고로 계류 중인 소송사건은 31건(소송가액: 95,121백만원)이며, 원고로 계류 중인 소송사건은 3건(소송가액 : 285백만원)입니다. 상기 소송사건 중 청호나이스㈜가 당사에 제기한 냉온정수 시스템 관련 특허권침해금지 등에 대하여 1심에서 패소하였으며, 현재 2심이 진행중에 있습니다. 당사는 동 소송과 관련한 최선의 추정금액을 기타손실충당부채로 인식하고 있습니다.\n(2) 약정사항\n당기 보고기간종료일 현재 당사가 금융기관 등과 체결하고 있는 주요 약정사항은 다음과 같습니다.\xa0 \xa0 \xa0 \xa0 \xa0 \xa0 \xa0 \xa0 \xa0 \xa0 \xa0 \xa0 \xa0 \xa0 \xa0 \xa0 \xa0 \xa0 \xa0 \xa0 \xa0 \xa0 \xa0 \xa0 \xa0 \xa0 \xa0 \xa0 \xa0 \xa0 \xa0 \xa0 \xa0 \xa0 \xa0 \xa0 \xa0 \xa0 \xa0 \xa0 \xa0 \xa0 \xa0 \xa0 \xa0 \xa0 \xa0 \xa0 \xa0 \xa0 \xa0 (단위 : 천원)\n금융기관\n한 도\n약정내용\n신한은행 외 1개 은행\n60,100,000\xa0\n구매자금대출약정\n한국산업은행 외 3개 은행\n209,900,000\xa0\n일반차입금약정\n신한은행외 4개 금융기관\n660,000,000\xa0\n기업어음증권약정\nKEB하나은행\n5,000\xa0\n전자방식외상매출채권담보대출\n(3) 보증 및 담보1) 보고기간종료일 현재 당사가 타인으로부터 제공받은 지급보증의 내역은 다음과 같습니다.\xa0 \xa0 \xa0 \xa0 \xa0 \xa0 \xa0 \xa0 \xa0 \xa0 \xa0 \xa0 \xa0 \xa0 \xa0 \xa0 \xa0 \xa0 \xa0 \xa0 \xa0 \xa0 \xa0 \xa0 \xa0 \xa0 \xa0 \xa0 \xa0 \xa0 \xa0 \xa0 \xa0 \xa0 \xa0 \xa0 \xa0 \xa0 \xa0 \xa0 \xa0 \xa0 \xa0 \xa0 \xa0 \xa0 \xa0 \xa0 \xa0 \xa0 \xa0 (단위 : 천원)\n제공자\n물건 또는 내용\n보증금액\n서울보증보험\n계약이행보증\n3,949,198\xa0\n2)\xa0 당기 보고기간종료일 현재 당사가 타인을 위하여 제공한 지급보증의 내용은 다음과 같습니다.\xa0 \xa0 \xa0 \xa0 \xa0 \xa0 \xa0 \xa0 \xa0 \xa0 \xa0 \xa0 \xa0 \xa0 \xa0 \xa0 \xa0 \xa0 \xa0 \xa0 \xa0 \xa0 \xa0 \xa0 \xa0 \xa0 \xa0 \xa0 \xa0 \xa0 \xa0 \xa0 \xa0 \xa0 \xa0 \xa0 \xa0 \xa0 \xa0 \xa0 \xa0 \xa0 \xa0 \xa0 \xa0 \xa0 \xa0 \xa0 \xa0 \xa0\xa0 (단위 : 천원)\n구분\n제공받은자\n지급보증액\n지급보증처\n내용\n종속기업\n코웨이엔텍(주)\n16,364,583\xa0\n서울보증보험\n계약 및 하자이행보증\n5,400,000\xa0\n우리은행\n일괄여신한도거래\n\xa0연대보증\n종속기업\n포천맑은물(주)\n11,633,000\xa0\nNH농협은행,\n한국산업은행\n자금보충 및 자금제공약정(주1)\n(주1) 동 약정은 피보증기업의 차입금 상환부족액 등에 대해서 당사가 자금을 보충해야 하는 의무입니다.(4) 사용제한예금보고기간종료일 현재 당사의 사용이 제한된 예금 등의 내역은 다음과 같습니다.\xa0 \xa0 \xa0 \xa0 \xa0 \xa0 \xa0 \xa0 \xa0 \xa0 \xa0 \xa0 \xa0 \xa0 \xa0 \xa0 \xa0 \xa0 \xa0 \xa0 \xa0 \xa0 \xa0 \xa0 \xa0 \xa0 \xa0 \xa0 \xa0 \xa0 \xa0 \xa0 \xa0 \xa0 \xa0 \xa0 \xa0 \xa0 \xa0 \xa0 \xa0 \xa0 \xa0 \xa0 \xa0 \xa0 \xa0 \xa0 \xa0 \xa0 \xa0 (단위 : 천원)\n계정과목\n거래처\n금\xa0 액\n사용제한내용\n당기말\n전기말\n장기금융상품\nNH농협은행\n-\xa0\n4,300,000\xa0\n중소기업 상생협력 자금지원 예치금\n〃\n기업은행\n8,300,000\xa0\n4,000,000\xa0\n〃\n장기보증금\n신한은행\n2,500\xa0\n2,500\xa0\n당좌거래보증금\n〃\n우리은행\n2,500\xa0\n2,500\xa0\n〃\n합\xa0 계\n8,305,000\xa0\n8,305,000\xa0\n\u3000\n20. 납입자본 \n(1) 당사의 정관에 의한 발행할 주식의 총수는\xa0200,000,000주(1주의 금액 : 500원)이며, 보고기간종료일 현재 당사가 발행한 보통주식의 수는\xa073,799,619주입니다. 이익소각(7,525,177주)으로 인하여\xa0발행주식의 액면 총액은 36,900백만원으로 납입자본금(40,662백만원)과 상이합니다.\n(2) 당사의 정관에 의하면, 당사는 임직원(상법 시행령 제9조에서 정하는 관계회사의 임직원을 포함)에게 상법 등 관계법규가 허용하는 한도내에서 상법 제340조의 2\xa0 \xa0 규정에 의한 주식선택권을 주주총회 특별결의에 의하여 부여할 수\xa0있습니다(주석 24참조). \n(3) 당사의 정관에 의하면, 당사는 사채의 액면총액이 1,000억원을 초과하지 않는 범위내에서 이사회 결의로 주주외의 자에게 전환사채와 신주인수권부사채를 발행할 수있도록 하고 있으나,\xa0보고기간종료일 현재 발행된 전환사채와 신주인수권부사채는 없습니다.\n21. 이익잉여금과 이익잉여금처분계산서(1) 보고기간종료일 현재 당사의 이익잉여금 내역은 다음과 같습니다.\xa0 \xa0 \xa0 \xa0 \xa0 \xa0 \xa0 \xa0 \xa0 \xa0 \xa0 \xa0 \xa0 \xa0 \xa0 \xa0 \xa0 \xa0 \xa0 \xa0 \xa0 \xa0 \xa0 \xa0 \xa0 \xa0 \xa0 \xa0 \xa0 \xa0 \xa0 \xa0 \xa0 \xa0 \xa0 \xa0 \xa0 \xa0 \xa0 \xa0 \xa0 \xa0 \xa0 \xa0 \xa0 \xa0 \xa0 \xa0 \xa0 \xa0 \xa0 (단위 : 천원)\n구\xa0 분\n당기말\n전기말\n법정적립금(주1)\n20,331,199\xa0\n\xa020,331,199\xa0\n임의적립금\n935,379,363\xa0\n\xa0 \xa0 \xa0 978,964,263\xa0\n미처분이익잉여금\n43,284,689\xa0\n\xa0 \xa0 \xa0\xa0 14,110,872\xa0\n합\xa0 계\n998,995,251\xa0\n1,013,406,334\xa0\n(주1) 당사는 상법상의 규정에 따라 자본금의 50%에 달할 때까지 매 결산기마다 금전에 의한 이익배당액의 10%이상을 이익준비금으로 적립하고 있습니다. 동 이익준비금은 현금으로 배당할 수 없으나 자본전입 또는 결손보전을 위해서는 사용될 수 있습니다.\n(2) 이익잉여금처분계산서\xa0 \xa0 \xa0 \xa0 \xa0 \xa0 \xa0 \xa0 \xa0 \xa0 \xa0 \xa0 \xa0 \xa0 \xa0 \xa0 \xa0 \xa0 \xa0 \xa0 \xa0 \xa0 \xa0 \xa0 \xa0 \xa0 \xa0 \xa0 \xa0 \xa0 \xa0 \xa0 \xa0 \xa0 \xa0 \xa0 \xa0 \xa0 \xa0 \xa0 \xa0 \xa0 \xa0 \xa0 \xa0 \xa0 \xa0 \xa0 \xa0 \xa0 \xa0 (단위 : 천원)\n과\xa0\xa0 목\n제 30 기\n제 29 기\n미처분이익잉여금\n\u3000\n43,284,689\xa0\n\u3000\n14,110,872\xa0\n\xa0 전기이월이익잉여금\n88\xa0\n\u3000\n\xa0169\xa0\n\u3000\n\xa0 회계정책 변경효과\n(7,840,950)\n\u3000\n-\xa0\n\xa0 순확정급여부채의 재측정요소\n(7,876,601)\n\u3000\n6,189,615\xa0\n\u3000\n\xa0 당기순이익\n332,277,589\xa0\n\u3000\n322,405,382\xa0\n\u3000\n\xa0 중간배당\n(173,190,980)\n\u3000\n(174,514,904)\n\u3000\n\xa0 이익소각\n(100,084,457)\n\u3000\n(139,969,390)\n\u3000\n임의적립금등의 이입액\n\u3000\n43,332,200\xa0\n\u3000\n43,584,900\xa0\n\xa0임의적립금등의 이입액\n43,332,200\xa0\n\u3000\n43,584,900\xa0\n\u3000\n이익잉여금 처분액\n\u3000\n(86,616,834)\n\u3000\n(57,695,684)\n\xa0 배당금\xa0 (현금배당보통주당배당금(률):\xa0 보통주: 당기1,200원(240%) \xa0 \xa0 \xa0 \xa0 \xa0 \xa0\xa0 전기\xa0\xa0 800원(160%)\n(86,616,834)\n\u3000\n(57,695,684)\n\u3000\n차기이월 미처분이익잉여금\n\u3000\n55\xa0\n\u3000\n88\xa0\n상기 미처분이익잉여금의 당기 처분예정일은\xa02019년 3월 29일 예정이며, 전기 처분 확정일은\xa02018년 3월 23일이었습니다.\xa0\n(3) 배당금당기 및 전기에 지급한 배당금은 다음과 같습니다.\xa0 \xa0 \xa0 \xa0 \xa0 \xa0 \xa0 \xa0 \xa0 \xa0 \xa0 \xa0 \xa0 \xa0 \xa0 \xa0 \xa0 \xa0 \xa0 \xa0 \xa0 \xa0 \xa0 \xa0 \xa0 \xa0 \xa0 \xa0 \xa0 \xa0 \xa0 \xa0 \xa0 \xa0 \xa0 \xa0 \xa0 \xa0 \xa0 \xa0 \xa0 \xa0 \xa0 \xa0 \xa0 \xa0 \xa0 \xa0 \xa0 \xa0 \xa0 \xa0\xa0 (단위 : 원)\n구\xa0 분\n당\xa0 기\n전\xa0 기\n중간배당(*)\n연차배당\n중간배당(*)\n연차배당\n1주당배당액\n800\n1,200\xa0\n800\n3,200\xa0\n배당금지급액\n173,190,980,000\xa0\n86,616,834,000\xa0\n174,514,904,000\n234,699,603,200\xa0\n(*) 당기 및 전기 중 1주당 800원씩 3회 배당금을 지급하였습니다.22. 기타자본항목 보고기간종료일 현재 당사의 기타자본항목 내역은 다음과 같습니다.\xa0 \xa0 \xa0 \xa0 \xa0 \xa0 \xa0 \xa0 \xa0 \xa0 \xa0 \xa0 \xa0 \xa0 \xa0 \xa0 \xa0 \xa0 \xa0 \xa0 \xa0 \xa0 \xa0 \xa0 \xa0 \xa0 \xa0 \xa0 \xa0 \xa0 \xa0 \xa0 \xa0 \xa0 \xa0 \xa0 \xa0 \xa0 \xa0 \xa0 \xa0 \xa0 \xa0 \xa0 \xa0 \xa0 \xa0 \xa0 \xa0 \xa0 \xa0 (단위 : 천원)\n구\xa0 분\n당기말\n전기말\n자기주식처분이익\n37,434,968\xa0\n36,834,136\xa0\n자기주식\n(66,999,277)\n(169,741,045)\n주식선택권\n21,816,256\xa0\n24,171,340\xa0\n공정가치측정금융자산평가손실\n(671,256)\n-\xa0\n기타\n21,079\xa0\n21,079\xa0\n합\xa0 계\n(8,398,230)\n(108,714,490)\n23. 자기주식 \n(1)\xa0당기\xa0및 전기\xa0중 당사의 자기주식 변동내역은 다음과 같습니다.<당기>\n\xa0 \xa0 \xa0 \xa0 \xa0 \xa0 \xa0 \xa0 \xa0 \xa0 \xa0 \xa0 \xa0 \xa0 \xa0 \xa0 \xa0 \xa0 \xa0 \xa0 \xa0 \xa0 \xa0 \xa0 \xa0 \xa0 \xa0 \xa0 \xa0 \xa0 \xa0 \xa0 \xa0 \xa0 \xa0 \xa0 \xa0 \xa0 \xa0 \xa0 \xa0 \xa0 \xa0 \xa0 \xa0 \xa0 \xa0 \xa0 \xa0 \xa0 \xa0 (단위 : 천원)\n기\xa0 초\n증\xa0 가\n\xa0감\xa0 소(주 1)\n당기말\n주식수(주)\n장부금액\n주식수(주)\n장부금액\n주식수(주)\n장부금액\n주식수(주)\n장부금액\n2,698,516\xa0\n169,741,045\xa0\n-\xa0\n-\xa0\n1,079,592\xa0\n102,741,768\xa0\n1,618,924\xa0\n66,999,277\xa0\n<전기>\n\xa0 \xa0 \xa0 \xa0 \xa0 \xa0 \xa0 \xa0 \xa0 \xa0 \xa0 \xa0 \xa0 \xa0 \xa0 \xa0 \xa0 \xa0 \xa0 \xa0 \xa0 \xa0 \xa0 \xa0 \xa0 \xa0 \xa0 \xa0 \xa0 \xa0 \xa0 \xa0 \xa0 \xa0 \xa0 \xa0 \xa0 \xa0 \xa0 \xa0 \xa0 \xa0 \xa0 \xa0 \xa0 \xa0 \xa0 \xa0 \xa0 \xa0 \xa0 (단위 : 천원)\n기\xa0 초\n증\xa0 가\n\xa0감\xa0 소(주1)\n당기말\n주식수(주)\n장부금액\n주식수(주)\n장부금액\n주식수(주)\n장부금액\n주식수(주)\n장부금액\n3,036,887\xa0\n183,739,753\xa0\n1,496,181\xa0\n142,055,230\xa0\n1,834,552\xa0\n156,053,938\xa0\n2,698,516\xa0\n169,741,045\xa0\n(주1) 주식선택권의 행사 시 교부된 자기주식과 자기주식 소각으로 구성되어 있습니다.\n(2) 당사는 자사주식의 가격안정을 위하여 당사의 보통주식을 취득하여 기타자본항목으로 계상하고 있으며, 향후 자기주식소각 및 주식선택권의 행사시 교부 등에 사용할 예정입니다.\xa0\n24. 주식기준보상 \n(1) 당사가 부여한 주식선택권의 주요 내용은 다음과 같습니다.\nㆍ 주식선택권으로 발행한 주식의 종류: 기명식 보통주식ㆍ 부여방법: 이사회 결의에 따라 신주발행교부, 자기주식교부 또는 시가와 행사가격\xa0 \xa0 \xa0 \xa0 \xa0 \xa0 \xa0 \xa0 \xa0\xa0 의 차액에 대하여\xa0 현금 또는 자기주식 결제 가능\nㆍ 가득조건 및 행사가능시점: 7차~8차: 부여일 이후 3년 이상 당사의 임직원으로 재임 또는 재직한 자에 한하\xa0 \xa0 \xa0 \xa0 \xa0 \xa0 \xa0 \xa0\xa0 여 행사가능하며, 가득시점부터 행사가능함.9차~14차, 16차: 부여일 이후 2년 이상 당사의 임직원으로 재임 또는 재직한 자에\xa0 \xa0 \xa0 \xa0 \xa0 \xa0 \xa0 한하여 행사가능하며, 가득시점 부터 3년간 매년 부여주식수의 20%를 추가\xa0 \xa0 \xa0 \xa0 \xa0 \xa0\xa0 적으로 행사가능할 권리를 얻음. 부여일 이후 매년 20%의 주식에 대하여 행\xa0 \xa0 \xa0 \xa0 \xa0 \xa0 사가능 수량을 당사에서 조정가능함(5년간).15차: 부여일 이후 2년 이상 당사의 임직원으로 재임 또는 재직한 자에 한해\xa0 \xa0 \xa0 \xa0 \xa0 \xa0 \xa0 \xa0 \xa0 \xa0 \xa0\xa0 행사가능하며, 가득시점 부터 1년간 부여주식수의 1/3인 100,000주를\xa0 \xa0 \xa0 \xa0 \xa0 \xa0 \xa0 \xa0 \xa0 \xa0 추가적으로 행사가능할 권리를 얻음. 부여일 이후 매년 100,000주의 주\xa0 \xa0 \xa0 \xa0 \xa0 \xa0 \xa0 \xa0 \xa0\xa0 식에 대하여\xa0 행사가능 수량을 당사에서 조정가능함(3년간).\n17차: 2017년 사업목표 달성도 평가에 기초하여 이사회 결정에 따라 행사가능주식\xa0 \xa0 \xa0 \xa0 \xa0 \xa0 수 결정되며, 부여일로부터 2년이후부터 7년간 행사가능함.18차: 2019년부터 2021년까지 매년 4월 30일까지 부여주식의 1/3 한도 내에서 사업\xa0 \xa0 \xa0 \xa0\xa0 목표 달성도 평가에 기초하여 이사회 결정에 따라 행사주식수 결정되며, 부여\xa0 \xa0 \xa0 \xa0\xa0 일로부터 2년 이후부터 7년간 행사 가능함.\n구\xa0 분\n8차 부여분\n9차 부여분\n11차 부여분\n12차 부여분\n13차 부여분\n14차 부여분\n15차 부여분\n16차 부여분\n17차 부여분\n18차 부여분\n권리부여일\n2012-03-23\n2013-02-26\n2013-11-12\n2014-03-21\n2015-03-31\n2016-03-29\n2016-10-31\n2017-03-28\n2017-04-28\n2018-03-23\n발행할 주식의 총수\n228,000\xa0\n1,191,000\xa0\n261,800\xa0\n467,500\xa0\n571,500\xa0\n155,000\xa0\n300,000\xa0\n87,000\xa0\n216,972\xa0\n104,400\xa0\n잔여주식수\n-\xa0\n271,690\xa0\n175,124\xa0\n73,385\xa0\n289,420\xa0\n92,460\xa0\n275,000\xa0\n78,880\xa0\n10,850\xa0\n104,400\xa0\n행사가격(원)\n37,420\xa0\n50,000\xa0\n60,160\xa0\n71,470\xa0\n88,670\xa0\n95,810\xa0\n92,640\xa0\n90,460\xa0\n98,590\xa0\n88,330\xa0\n(2) 당기와 전기 중 주식선택권의 변동내역은 다음과 같습니다.<당기>\n구\xa0 분\n8차 부여분\n9차 부여분\n11차 부여분\n12차 부여분\n13차 부여분\n14차 부여분\n15차 부여분\n16차 부여분\n17차 부여분\n18차 부여분\n합\xa0 계\n당기초\xa0\n26,000\xa0\n369,500\xa0\n197,808\xa0\n83,845\xa0\n419,620\xa0\n108,360\xa0\n300,000\xa0\n87,000\xa0\n208,852\xa0\n-\xa0\n1,800,985\xa0\n기중 부여\n-\xa0\n-\xa0\n-\xa0\n-\xa0\n-\xa0\n-\xa0\n-\xa0\n-\xa0\n-\xa0\n104,400\xa0\n104,400\xa0\n가득조건 미충족으로인한 감소\n-\xa0\n62,720\xa0\n22,684\xa0\n10,460\xa0\n130,200\xa0\n15,900\xa0\n25,000\xa0\n8,120\xa0\n198,002\xa0\n-\xa0\n473,086\xa0\n행사\n26,000\xa0\n35,090\xa0\n-\xa0\n-\xa0\n-\xa0\n-\xa0\n-\xa0\n-\xa0\n-\xa0\n-\xa0\n61,090\xa0\n당기말\xa0\n-\xa0\n271,690\xa0\n175,124\xa0\n73,385\xa0\n289,420\xa0\n92,460\xa0\n275,000\xa0\n78,880\xa0\n10,850\xa0\n104,400\xa0\n1,371,209\xa0\n<전기>\n구\xa0 분\n7차 부여분\n8차 부여분\n9차 부여분\n11차 부여분\n12차 부여분\n13차 부여분\n14차 부여분\n15차 부여분\n16차 부여분\n17차 부여분\n합\xa0 계\n당기초\xa0\n14,000\xa0\n85,000\xa0\n542,020\xa0\n234,460\xa0\n217,515\xa0\n520,510\xa0\n155,000\xa0\n300,000\xa0\n-\xa0\n-\xa0\n2,068,505\xa0\n기중 부여\n-\xa0\n-\xa0\n-\xa0\n-\xa0\n-\xa0\n-\xa0\n-\xa0\n-\xa0\n87,000\xa0\n216,972\xa0\n303,972\xa0\n가득조건 미충족으로인한 감소\n-\xa0\n-\xa0\n67,760\xa0\n36,652\xa0\n47,970\xa0\n92,190\xa0\n46,640\xa0\n-\xa0\n-\xa0\n8,120\xa0\n299,332\xa0\n행사\n14,000\xa0\n59,000\xa0\n104,760\xa0\n-\xa0\n85,700\xa0\n8,700\xa0\n-\xa0\n-\xa0\n-\xa0\n-\xa0\n272,160\xa0\n당기말\xa0\n-\xa0\n26,000\xa0\n369,500\xa0\n197,808\xa0\n83,845\xa0\n419,620\xa0\n108,360\xa0\n300,000\xa0\n87,000\xa0\n208,852\xa0\n1,800,985\xa0\n(3) 당사는 부여된 주식선택권에 대하여 공정가액접근법으로 보상원가를 산정하였고약정용역제공기간에 안분하여 비용과 기타자본으로 계상하고 있는 바, 그 세부내역은 다음과 같습니다.\xa0 \xa0 \xa0 \xa0 \xa0 \xa0 \xa0 \xa0 \xa0 \xa0 \xa0 \xa0 \xa0 \xa0 \xa0 \xa0 \xa0 \xa0 \xa0 \xa0 \xa0 \xa0 \xa0 \xa0 \xa0 \xa0 \xa0 \xa0 \xa0 \xa0 \xa0 \xa0 \xa0 \xa0 \xa0 \xa0 \xa0 \xa0 \xa0 \xa0 \xa0 \xa0 \xa0 \xa0 \xa0 \xa0 \xa0 \xa0 \xa0 \xa0 \xa0 (단위 : 천원)\n구\xa0 분\n8차 부여분\n9차 부여분\n11차 부여분\n12차 부여분\n13차 부여분\n14차 부여분\n15차 부여분\n16차 부여분\n17차 부여분\n18차 부여분\n합\xa0 계\n당사가 산정한총 보상원가\n최초부여시\n2,473,572\xa0\n15,382,956\xa0\n4,631,242\xa0\n9,461,733\xa0\n13,299,377\xa0\n2,741,640\xa0\n5,080,500\xa0\n1,565,217\xa0\n4,205,351\xa0\n1,750,266\xa0\n60,591,854\xa0\n취\xa0 소\n(1,008,957)\n(9,139,362)\n(1,533,298)\n(5,927,902)\n(6,361,826)\n(1,106,208)\n(423,375)\n(146,087)\n(3,995,056)\n-\xa0\n(29,642,071)\n소\xa0 계\n1,464,615\xa0\n6,243,594\xa0\n3,097,944\xa0\n3,533,831\xa0\n6,937,551\xa0\n1,635,432\xa0\n4,657,125\xa0\n1,419,130\xa0\n210,295\xa0\n1,750,266\xa0\n30,949,783\xa0\n인식한 보상비용\n전기이전\n1,464,615\xa0\n7,053,686\xa0\n3,339,808\xa0\n3,656,339\xa0\n8,355,037\xa0\n1,250,129\xa0\n2,533,013\xa0\n498,682\xa0\n1,734,844\xa0\n-\xa0\n29,886,153\xa0\n당기\n-\xa0\n(810,092)\n(241,864)\n(122,508)\n(1,762,699)\n84,581\xa0\n1,603,035\xa0\n452,332\xa0\n(1,524,549)\n701,978\xa0\n(1,619,786)\n소\xa0 계\n1,464,615\xa0\n6,243,594\xa0\n3,097,944\xa0\n3,533,831\xa0\n6,592,338\xa0\n1,334,710\xa0\n4,136,048\xa0\n951,014\xa0\n210,295\xa0\n701,978\xa0\n28,266,367\xa0\n행\xa0 사\n전기이전\n1,182,541\xa0\n2,281,224\xa0\n-\xa0\n2,048,592\xa0\n202,458\xa0\n-\n-\xa0\n-\xa0\n-\n-\xa0\n5,714,815\xa0\n당기\n282,074\xa0\n453,222\xa0\n-\xa0\n-\xa0\n-\xa0\n-\xa0\n-\xa0\n-\xa0\n-\xa0\n-\xa0\n735,296\xa0\n소\xa0 계\n1,464,615\xa0\n2,734,446\xa0\n-\xa0\n2,048,592\xa0\n202,458\xa0\n-\xa0\n-\xa0\n-\xa0\n-\xa0\n-\xa0\n6,450,111\xa0\n소\xa0 멸\n전기이전\n-\xa0\n-\xa0\n-\xa0\n-\xa0\n-\xa0\n-\xa0\n-\xa0\n-\xa0\n-\xa0\n-\xa0\n-\xa0\n당기\n-\xa0\n-\xa0\n-\xa0\n-\xa0\n-\xa0\n-\xa0\n-\xa0\n-\xa0\n-\xa0\n-\xa0\n-\xa0\n소\xa0 계\n-\xa0\n-\xa0\n-\xa0\n-\xa0\n-\xa0\n-\xa0\n-\xa0\n-\xa0\n-\xa0\n-\xa0\n-\xa0\n주식선택권잔액\n-\xa0\n3,509,148\xa0\n3,097,944\xa0\n1,485,239\xa0\n6,389,880\xa0\n1,334,710\xa0\n4,136,048\xa0\n951,014\xa0\n210,295\xa0\n701,978\xa0\n21,816,256\xa0\n당기 이후에 인식될 보상비용\n-\xa0\n-\xa0\n-\xa0\n-\xa0\n345,213\xa0\n300,722\xa0\n521,077\xa0\n468,116\xa0\n-\xa0\n1,048,288\xa0\n2,683,416\xa0\n(4) 당사가 공정가액접근법을 적용하여 보상원가를 산정하기 위하여 사용한 주요 가정 및 보상원가의 내역은 다음과 같습니다.\n\xa0 \xa0 \xa0 \xa0 \xa0 \xa0 \xa0 \xa0 \xa0 \xa0 \xa0 \xa0 \xa0 \xa0 \xa0 \xa0 \xa0 \xa0 \xa0 \xa0 \xa0 \xa0 \xa0 \xa0 \xa0 \xa0 \xa0 \xa0 \xa0 \xa0 \xa0 \xa0 \xa0 \xa0 \xa0 \xa0 \xa0 \xa0 \xa0 \xa0 \xa0 \xa0 \xa0 \xa0 \xa0 \xa0 \xa0 \xa0 \xa0 (단위 : 천원)\n구\xa0 분\n8차 부여분\n9차 부여분\n11차 부여분\n12차 부여분\n13차 부여분\n14차 부여분\n15차 부여분\n16차 부여분\n17차 부여분\n18차 부여분\n무위험이자율\n3.82%\n2.80%\n3.24%\n3.16%\n1.82%\n1.59%\n1.53%\n1.85%\n1.86%\n2.48%\n기대행사기간\n5년\n5년\n5년\n5년\n5년\n5년\n5년\n5년\n5년\n5년\n예상주가변동성\n35.89%\n32.16%\n30.52%\n29.72%\n30.24%\n27.91%\n27.95%\n28.08%\n28.03%\n24.94%\n기대배당수익률\n210.00%\n210.00%\n210.00%\n332.00%\n400.00%\n560.00%\n560.00%\n640.00%\n640.00%\n640.00%\n기대권리소멸률\n-\xa0\n-\xa0\n-\xa0\n-\xa0\n-\xa0\n-\xa0\n-\xa0\n-\xa0\n-\xa0\n-\xa0\n산정된 총보상원가\n2,473,572\xa0\n15,382,956\xa0\n4,631,242\xa0\n9,461,733\xa0\n13,299,377\xa0\n2,741,640\xa0\n5,080,500\xa0\n1,565,217\xa0\n4,205,351\xa0\n1,750,266\xa0\n25. 매출과 매출원가 \n(1) 당기 및 전기 중 발생한 매출의 내역은 다음과 같습니다.\xa0\xa0 \xa0 \xa0 \xa0 \xa0 \xa0 \xa0 \xa0 \xa0 \xa0 \xa0 \xa0 \xa0 \xa0 \xa0 \xa0 \xa0 \xa0 \xa0 \xa0 \xa0 \xa0 \xa0 \xa0 \xa0 \xa0 \xa0 \xa0 \xa0 \xa0 \xa0 \xa0 \xa0 \xa0 \xa0 \xa0 \xa0 \xa0 \xa0 \xa0 \xa0 \xa0 \xa0 \xa0 \xa0 \xa0 \xa0 \xa0 \xa0 \xa0 \xa0 (단위 : 천원)\n구\xa0 분\n당\xa0 기\n전\xa0 기\n렌탈사업부문\n1,823,982,257\xa0\n1,766,424,116\xa0\n일시불판매부문\n548,123,414\xa0\n531,700,181\xa0\n기타부문\n23,392,855\xa0\n22,379,417\xa0\n합\xa0 계\n2,395,498,526\xa0\n2,320,503,714\xa0\n(2) 당기 및 전기 중 발생한 매출원가의 내역은 다음과 같습니다.\xa0 \xa0 \xa0 \xa0 \xa0 \xa0 \xa0 \xa0 \xa0 \xa0 \xa0 \xa0 \xa0 \xa0 \xa0 \xa0 \xa0 \xa0 \xa0 \xa0 \xa0 \xa0 \xa0 \xa0 \xa0 \xa0 \xa0 \xa0 \xa0 \xa0 \xa0 \xa0 \xa0 \xa0 \xa0 \xa0 \xa0 \xa0 \xa0 \xa0 \xa0 \xa0 \xa0 \xa0 \xa0 \xa0 \xa0 \xa0 \xa0 \xa0 \xa0 (단위 : 천원)\n구\xa0 분\n당\xa0 기\n전\xa0 기\n렌탈사업부문\n536,542,542\xa0\n500,616,641\xa0\n일시불판매부문\n286,142,864\xa0\n265,495,828\xa0\n기타부문\n8,978,650\xa0\n8,647,229\xa0\n합\xa0 계\n831,664,056\xa0\n774,759,698\xa0\n(3) 당사의 고객과의 계약에서 생기는 수익은 다음과 같이 구분됩니다.\xa0 \xa0 \xa0 \xa0 \xa0 \xa0 \xa0 \xa0 \xa0 \xa0 \xa0 \xa0 \xa0 \xa0 \xa0 \xa0 \xa0 \xa0 \xa0 \xa0 \xa0 \xa0 \xa0 \xa0 \xa0 \xa0 \xa0 \xa0 \xa0 \xa0 \xa0 \xa0 \xa0 \xa0 \xa0 \xa0 \xa0 \xa0 \xa0 \xa0 \xa0 \xa0 \xa0 \xa0 \xa0 \xa0 \xa0 \xa0 \xa0 \xa0\xa0 (단위 : 천원)\xa0\n구\xa0 분\n당\xa0 기\n총매출액\n2,395,498,526\xa0\n1. 고객과의 계약에서 생기는 수익\n주요 제품/용역\n\xa0 일시불매출\n548,123,414\xa0\n\xa0 기타매출\n23,392,855\xa0\n합\xa0 계\n571,516,269\xa0\n지리적 시장\n\u3000\n\xa0 국내\n267,953,217\xa0\n\xa0 국외\n303,563,052\xa0\n합\xa0 계\n571,516,269\xa0\n수익인식시기\n\u3000\n\xa0 한 시점에 인식\n558,530,542\xa0\n\xa0 기간에 걸쳐 인식\n12,985,727\xa0\n합\xa0 계\n571,516,269\xa0\n2. 기타 원천으로부터의 수익\n1,823,982,257\xa0\n당사는 고객과의 계약 및 기타 원천에서 생기는 수취채권에 대해 당기에 17,449,477천원의 손상차손을 인식하고 포괄손익계산서의 판매비와관리비에 표시하였습니다.(4) 당기말 및 당기초 현재 고객과의 계약에서 생기는 수취채권ㆍ계약자산ㆍ계약부채의 내역은 다음과 같습니다.\xa0 \xa0 \xa0 \xa0 \xa0 \xa0 \xa0 \xa0 \xa0 \xa0 \xa0 \xa0 \xa0 \xa0 \xa0 \xa0 \xa0 \xa0 \xa0 \xa0 \xa0 \xa0 \xa0 \xa0 \xa0 \xa0 \xa0 \xa0 \xa0 \xa0 \xa0 \xa0 \xa0 \xa0 \xa0 \xa0 \xa0 \xa0 \xa0 \xa0 \xa0\xa0 \xa0(단위 : 천원)\n구\xa0 분\n2018.12.31\n2018.1.1\n수취채권\n\xa0 \xa0 \xa0 \xa0 \xa0 \xa0\xa0 390,514,737\xa0\n\xa0 \xa0 \xa0 \xa0 \xa0 \xa0\xa0 300,729,390\xa0\n계약부채(*)\n\xa0 \xa0 \xa0 \xa0 \xa0 \xa0 \xa0 14,726,885\xa0\n\xa0 \xa0 \xa0 \xa0 \xa0 \xa0 \xa0 11,040,367\xa0\n(*) 선수금, 선수수익 등이 포함되어 있습니다.당기초 계약부채 잔액 중 당기에 수익으로 인식한 금액은 5,355,907천원 입니다.\n26. 금융리스(1) 보고기간종료일 현재 금융리스의 리스총투자 및 최소리스료의 현재가치는 다음과 같습니다.\xa0 \xa0 \xa0 \xa0 \xa0 \xa0 \xa0 \xa0 \xa0 \xa0 \xa0 \xa0 \xa0 \xa0 \xa0 \xa0 \xa0 \xa0 \xa0 \xa0 \xa0 \xa0 \xa0 \xa0 \xa0 \xa0 \xa0 \xa0 \xa0 \xa0 \xa0 \xa0 \xa0 \xa0 \xa0 \xa0 \xa0 \xa0 \xa0 \xa0 \xa0 \xa0\xa0(단위 : 천원)\n구\xa0 분\n당기말\n전기말\n리스총투자\n최소리스료의현재가치\n리스총투자\n최소리스료의현재가치\n1년 이내\n103,487,628\xa0\n101,433,292\xa0\n62,022,017\xa0\n60,814,128\xa0\n1년 초과 5년 이내\n271,808,011\xa0\n241,050,157\xa0\n182,190,791\xa0\n161,035,359\xa0\n5년 초과\n7,137,529\xa0\n4,142,147\xa0\n13,776,834\xa0\n10,876,809\xa0\n합\xa0 계\n382,433,168\xa0\n346,625,596\xa0\n257,989,642\xa0\n232,726,296\xa0\n(2) 보고기간종료일 현재 금융리스의 미실현이자수익 내역은 다음과 같습니다.\xa0 \xa0 \xa0 \xa0 \xa0 \xa0 \xa0 \xa0 \xa0 \xa0 \xa0 \xa0 \xa0 \xa0 \xa0 \xa0 \xa0 \xa0 \xa0 \xa0 \xa0 \xa0 \xa0 \xa0 \xa0 \xa0 \xa0 \xa0 \xa0 \xa0 \xa0 \xa0 \xa0 \xa0 \xa0 \xa0 \xa0 \xa0 \xa0 \xa0 \xa0\xa0 \xa0(단위 : 천원)\n구\xa0 분\n당기말\n전기말\n리스총투자\n382,433,168\xa0\n257,989,642\xa0\n리스순투자\n346,625,596\xa0\n232,726,296\xa0\n미실현 이자수익\n35,807,572\xa0\n25,263,346\xa0\n27. 판매비와관리비 당기와 전기의 판매비와관리비 내역은 다음과 같습니다.\xa0 \xa0 \xa0 \xa0 \xa0 \xa0 \xa0 \xa0 \xa0 \xa0 \xa0 \xa0 \xa0 \xa0 \xa0 \xa0 \xa0 \xa0 \xa0 \xa0 \xa0 \xa0 \xa0 \xa0 \xa0 \xa0 \xa0 \xa0 \xa0 \xa0 \xa0 \xa0 \xa0 \xa0 \xa0 \xa0 \xa0 \xa0 \xa0 \xa0 \xa0 \xa0 \xa0 \xa0 \xa0 \xa0 \xa0 \xa0 \xa0 \xa0 \xa0 (단위 : 천원)\n구\xa0 분\n당\xa0 기\n전\xa0 기\n급여 및 상여\n255,138,401\xa0\n251,311,846\xa0\n퇴직급여\n21,397,424\xa0\n21,347,074\xa0\n복리후생비\n35,469,097\xa0\n34,629,758\xa0\n여비교통비\n5,988,451\xa0\n6,398,407\xa0\n통신비\n6,246,299\xa0\n6,599,105\xa0\n세금과공과\n3,415,763\xa0\n2,960,741\xa0\n임차료\n57,632,029\xa0\n56,075,537\xa0\n감가상각비\n8,205,970\xa0\n7,703,632\xa0\n무형자산상각비\n7,559,664\xa0\n7,291,242\xa0\n수선비\n4,148,769\xa0\n3,501,344\xa0\n소모품비\n19,364,163\xa0\n21,248,971\xa0\n광고선전비\n36,224,809\xa0\n35,147,004\xa0\n판촉비\n53,346,774\xa0\n51,341,139\xa0\n운반비\n4,352,392\xa0\n3,713,761\xa0\n보험료\n4,258,982\xa0\n4,133,031\xa0\n지급수수료\n159,732,062\xa0\n162,084,458\xa0\n교육훈련비\n10,254,360\xa0\n10,308,200\xa0\n경상개발비\n8,207,946\xa0\n8,793,880\xa0\n판매수수료\n312,091,871\xa0\n302,625,596\xa0\n주식보상비용\n(1,288,511)\n3,339,975\xa0\n소비자보상비\n7,270,775\n8,907,243\xa0\n매출채권손상차손\n17,449,477\n11,285,944\xa0\n렌탈자산폐기손실\n43,469,572\xa0\n40,659,711\xa0\n기타\n6,681,967\n5,925,694\xa0\n합\xa0 계\n1,086,618,506\n1,067,333,293\xa0\n28. 기타수익 및 기타비용 \n당기와 전기의 기타수익 및 기타비용 내역은 다음과 같습니다.\xa0 \xa0 \xa0 \xa0 \xa0 \xa0 \xa0 \xa0 \xa0 \xa0 \xa0 \xa0 \xa0 \xa0 \xa0 \xa0 \xa0 \xa0 \xa0 \xa0 \xa0 \xa0 \xa0 \xa0 \xa0 \xa0 \xa0 \xa0 \xa0 \xa0 \xa0 \xa0 \xa0 \xa0 \xa0 \xa0 \xa0 \xa0 \xa0 \xa0 \xa0 \xa0 \xa0 \xa0 \xa0 \xa0 \xa0 \xa0 \xa0 \xa0 \xa0 (단위 : 천원)\n구\xa0 분\n당\xa0 기\n전\xa0 기\n기타수익:\n\xa0 \xa0 임대료수익\n1,585,656\xa0\n1,761,102\xa0\n\xa0 \xa0 외환차익\n7,120,038\xa0\n2,892,074\xa0\n\xa0 \xa0 외화환산이익\n5,070,477\xa0\n54,580\xa0\n\xa0 \xa0 잡이익\n4,956,050\xa0\n5,681,952\xa0\n\xa0 \xa0 기타\n121,855\xa0\n15,009\xa0\n합\xa0 계\n18,854,076\xa0\n10,404,717\xa0\n기타비용:\n\xa0 \xa0 유형자산손상차손\n7,487,386\xa0\n4,052,314\xa0\n\xa0 \xa0 유형자산처분손실\n233,170\xa0\n25,771\xa0\n\xa0 \xa0 무형자산손상차손\n2,640,000\xa0\n-\xa0\n\xa0 \xa0 기타채권손상차손\n2,309,184\xa0\n6,163,414\xa0\n\xa0 \xa0 외환차손\n5,026,302\xa0\n10,225,174\xa0\n\xa0 \xa0 외화환산손실\n204,861\xa0\n19,469,802\xa0\n\xa0 \xa0 잡손실\n871,621\xa0\n705,480\xa0\n\xa0 \xa0 기타\n567,879\xa0\n316,952\xa0\n합\xa0 계\n19,340,403\xa0\n40,958,907\xa0\n29. 금융수익 및 금융비용 당기와 전기의 당사의 금융수익 및 금융비용 내역은 다음과 같습니다.\xa0 \xa0 \xa0 \xa0 \xa0 \xa0 \xa0 \xa0 \xa0 \xa0 \xa0 \xa0 \xa0 \xa0 \xa0 \xa0 \xa0 \xa0 \xa0 \xa0 \xa0 \xa0 \xa0 \xa0 \xa0 \xa0 \xa0 \xa0 \xa0 \xa0 \xa0 \xa0 \xa0 \xa0 \xa0 \xa0 \xa0 \xa0 \xa0 \xa0 \xa0 \xa0 \xa0 \xa0 \xa0 \xa0 \xa0 \xa0 \xa0 \xa0 \xa0 (단위 : 천원)\n구\xa0 분\n당\xa0 기\n전\xa0 기\n금융수익:\n\xa0\xa0 이자수익\n815,574\xa0\n649,347\xa0\n합\xa0 계\n815,574\xa0\n649,347\xa0\n금융비용:\n\u3000\n\xa0\xa0 이자비용\n16,804,186\xa0\n11,448,267\xa0\n합\xa0 계\n16,804,186\xa0\n11,448,267\xa0\n30. 종속ㆍ관계기업투자손익 \n당기와 전기의 종속ㆍ관계기업투자손익의 내역은 다음과 같습니다.\xa0 \xa0 \xa0 \xa0 \xa0 \xa0 \xa0 \xa0 \xa0 \xa0 \xa0 \xa0 \xa0 \xa0 \xa0 \xa0 \xa0 \xa0 \xa0 \xa0 \xa0 \xa0 \xa0 \xa0 \xa0 \xa0 \xa0 \xa0 \xa0 \xa0 \xa0 \xa0 \xa0 \xa0 \xa0 \xa0 \xa0 \xa0 \xa0 \xa0 \xa0 \xa0 \xa0 \xa0 \xa0 \xa0 \xa0 \xa0 \xa0 \xa0 \xa0 (단위 : 천원)\n구\xa0 분\n당\xa0 기\n전\xa0 기\n종속기업주식손상차손\n15,687,000\n1,802,573\xa0\n31. 비용의 성격별 분류 당기와 전기 중 발생한 비용의 성격별 분류는 다음과 같습니다.\xa0\xa0 \xa0 \xa0 \xa0 \xa0 \xa0 \xa0 \xa0 \xa0 \xa0 \xa0 \xa0 \xa0 \xa0 \xa0 \xa0 \xa0 \xa0 \xa0 \xa0 \xa0 \xa0 \xa0 \xa0 \xa0 \xa0 \xa0 \xa0 \xa0 \xa0 \xa0 \xa0 \xa0 \xa0 \xa0 \xa0 \xa0 \xa0 \xa0 \xa0 \xa0 \xa0 \xa0 \xa0 \xa0 \xa0 \xa0 \xa0 \xa0 \xa0 (단위 : 천원)\n구\xa0 분\n당\xa0 기\n전\xa0 기\n제품 및 반제품의 변동\n(7,090,352)\n4,959,188\xa0\n상품의 변동\n(2,288,675)\n(1,841,855)\n상품 및 원재료의 사용(재료비)\n553,794,684\xa0\n509,540,003\xa0\n급여 및 상여\n280,432,287\xa0\n274,222,295\xa0\n퇴직급여\n24,474,405\xa0\n23,727,694\xa0\n복리후생비\n39,478,210\xa0\n38,518,705\xa0\n소모품비\n22,364,665\xa0\n23,693,378\xa0\n외주용역비\n53,086,959\xa0\n40,843,544\xa0\n지급수수료\n161,665,195\xa0\n163,730,594\xa0\n감가상각비\n193,478,429\xa0\n190,292,126\xa0\n임차료\n57,885,724\xa0\n56,373,063\xa0\n광고선전비\n36,224,809\xa0\n35,147,004\xa0\n판촉비\n53,346,774\xa0\n51,341,139\xa0\n판매수수료\n312,091,871\xa0\n302,625,596\xa0\n매출채권손상차손\n17,449,477\xa0\n11,285,944\xa0\n렌탈자산폐기손실\n43,469,572\xa0\n40,659,711\xa0\n소비자보상비\n6,604,775\xa0\n8,907,243\xa0\n기타 비용\n71,813,752\xa0\n68,067,619\xa0\n매출원가 및 판매비와관리비 합계\n1,918,282,561\xa0\n1,842,092,991\xa0\n32. 법인세비용\n(1) 당기와 전기의 법인세비용의 주요 구성내역은 다음과 같습니다.\xa0 \xa0 \xa0 \xa0 \xa0 \xa0 \xa0 \xa0 \xa0 \xa0 \xa0 \xa0 \xa0 \xa0 \xa0 \xa0 \xa0 \xa0 \xa0 \xa0 \xa0 \xa0 \xa0 \xa0 \xa0 \xa0 \xa0 \xa0 \xa0 \xa0 \xa0 \xa0 \xa0 \xa0 \xa0 \xa0 \xa0 \xa0 \xa0 \xa0 \xa0 \xa0 \xa0 \xa0 \xa0 \xa0 \xa0 \xa0 \xa0 \xa0 \xa0 (단위 : 천원)\n구\xa0 분\n당\xa0 기\n전\xa0 기\n법인세부담액(법인세추납액 및 환급액 포함)\n117,781,541\xa0\n113,896,788\xa0\n일시적차이로 인한 이연법인세 변동액\n(7,482,377)\n1,611,952\xa0\n자본에 직접 반영된 법인세비용(주1)\n2,477,272\xa0\n(2,659,082)\n법인세비용\n112,776,436\xa0\n112,849,658\xa0\n(주1) 자본에 직접 반영된 법인세효과는 다음과 같습니다.\xa0 \xa0 \xa0 \xa0 \xa0 \xa0 \xa0 \xa0 \xa0 \xa0 \xa0 \xa0 \xa0 \xa0 \xa0 \xa0 \xa0 \xa0 \xa0 \xa0 \xa0 \xa0 \xa0 \xa0 \xa0 \xa0 \xa0 \xa0 \xa0 \xa0 \xa0 \xa0 \xa0 \xa0 \xa0 \xa0 \xa0 \xa0 \xa0 \xa0 \xa0 \xa0 \xa0 \xa0 \xa0 \xa0 \xa0 \xa0 \xa0 \xa0 \xa0 (단위 : 천원)\n구\xa0 분\n당기말\n전기말\n반영 전\n법인세효과\n반영 후\n반영 전\n법인세효과\n반영 후\n순확정급여부채의 재측정요소\n(10,558,446)\n2,681,845\xa0\n(7,876,601)\n8,165,719\xa0\n(1,976,104)\n6,189,615\xa0\n자기주식처분이익\n805,405\xa0\n(204,573)\n600,832\xa0\n2,822,221\xa0\n(682,978)\n2,139,243\xa0\n합\xa0 계\n(9,753,041)\n2,477,272\xa0\n(7,275,769)\n10,987,940\xa0\n(2,659,082)\n8,328,858\xa0\n(2) 당사의 법인세비용차감전순이익과 법인세비용간의 관계는 다음과 같습니다.\xa0 \xa0 \xa0 \xa0 \xa0 \xa0 \xa0 \xa0 \xa0 \xa0 \xa0 \xa0 \xa0 \xa0 \xa0 \xa0 \xa0 \xa0 \xa0 \xa0 \xa0 \xa0 \xa0 \xa0 \xa0 \xa0 \xa0 \xa0 \xa0 \xa0 \xa0 \xa0 \xa0 \xa0 \xa0 \xa0 \xa0 \xa0 \xa0 \xa0 \xa0 \xa0 \xa0 \xa0 \xa0 \xa0 \xa0 \xa0 \xa0 \xa0\xa0 (단위 : 천원)\n구\xa0 분\n당\xa0 기\n전\xa0 기\n법인세비용차감전순이익\n445,054,024\xa0\n435,255,040\xa0\n적용세율에 따른 부담세액\n112,027,857\xa0\n104,869,720\xa0\n\xa0 - 세액공제\n(142,015)\n(33,888)\n\xa0 - 영구적차이 등\n(900,600)\n(846,465)\n\xa0 - 일시적차이 중 이연법인세 미인식\n5,910,785\xa0\n2,681,602\xa0\n\xa0 - 법인세추납액 등\n(4,890,717)\n6,421,676\xa0\n\xa0 - 기타\n771,126\xa0\n(242,987)\n법인세비용\n112,776,436\xa0\n112,849,658\xa0\n유효세율(법인세비용/법인세비용차감전순이익)\n25.34%\n25.93%\n(3) 보고기간종료일 현재 이연법인세자산과 부채의 내역은 다음과 같습니다.\xa0 \xa0 \xa0 \xa0 \xa0 \xa0 \xa0 \xa0 \xa0 \xa0 \xa0 \xa0 \xa0 \xa0 \xa0 \xa0 \xa0 \xa0 \xa0 \xa0 \xa0 \xa0 \xa0 \xa0 \xa0 \xa0 \xa0 \xa0 \xa0 \xa0 \xa0 \xa0 \xa0 \xa0 \xa0 \xa0 \xa0 \xa0 \xa0 \xa0 \xa0 \xa0 \xa0 \xa0 \xa0 \xa0 \xa0 \xa0 \xa0 \xa0 \xa0 (단위 : 천원)\n구\xa0\xa0 분\n당기말\n전기말\n이연법인세자산\xa0\n\xa0\xa0 12개월 후에 결제될 이연법인세자산\xa0\n57,730,050\xa0\n48,257,694\xa0\n\xa0\xa0 12개월 이내에 결제될 이연법인세자산\xa0\n53,000,253\xa0\n47,901,613\xa0\n이연법인세부채\xa0\n\u3000\n\u3000\n\xa0 \xa0 12개월 후에 결제될 이연법인세부채\xa0\n50,499,979\xa0\n48,006,139\xa0\n\xa0 \xa0 12개월 이내에 결제될 이연법인세부채\xa0\n67,705,164\xa0\n65,952,329\xa0\n이연법인세자산(부채) 순액\xa0\xa0\n(7,474,840)\n(17,799,161)\n(4) 당기 및 전기의 주요 누적일시적차이 및 이연법인세자산(부채)의 증감내역은 다음과 같습니다.<당기>\n\xa0 \xa0 \xa0 \xa0 \xa0 \xa0 \xa0 \xa0 \xa0 \xa0 \xa0 \xa0 \xa0 \xa0 \xa0 \xa0 \xa0 \xa0 \xa0 \xa0 \xa0 \xa0 \xa0 \xa0 \xa0 \xa0 \xa0 \xa0 \xa0 \xa0 \xa0 \xa0 \xa0 \xa0 \xa0 \xa0 \xa0 \xa0 \xa0 \xa0 \xa0 \xa0 \xa0 \xa0 \xa0 \xa0 \xa0 \xa0 \xa0 \xa0 \xa0 (단위 : 천원)\n계정과목\n누적일시적차이\n이연법인세자산(부채)\n기초잔액\n증감액\n기말잔액\n당기초\n증감액\n당기말\nⅠ. 미래차감할 일시적차이\n선수금\n10,228,513\xa0\n9,520,055\xa0\n19,748,568\xa0\n2,560,197\xa0\n2,394,719\xa0\n4,954,916\xa0\n재고자산평가충당금\n12,470,181\xa0\n(3,401,871)\n9,068,310\xa0\n3,121,286\xa0\n(846,047)\n2,275,239\xa0\n미지급비용\n36,998,851\xa0\n(7,475,647)\n29,523,204\xa0\n9,260,812\xa0\n(1,853,440)\n7,407,372\xa0\n선수수익\n1,398,076\xa0\n(589,324)\n808,752\xa0\n349,939\xa0\n(147,023)\n202,916\xa0\n환불부채\n37,644,458\xa0\n11,879,599\xa0\n49,524,057\xa0\n9,422,408\xa0\n3,003,178\xa0\n12,425,586\xa0\n판매보증충당부채\n2,019,694\xa0\n(2,019,694)\n-\xa0\n505,529\xa0\n(505,529)\n-\xa0\n대손충당금\n90,617,027\xa0\n11,950,626\xa0\n102,567,653\xa0\n22,681,442\xa0\n3,052,782\xa0\n25,734,224\xa0\n렌탈자산\n34,152,474\xa0\n(1,618,202)\n32,534,272\xa0\n8,548,364\xa0\n(385,515)\n8,162,849\xa0\n유형자산손상차손\n4,932,416\xa0\n3,769,109\xa0\n8,701,525\xa0\n1,234,584\xa0\n948,629\xa0\n2,183,213\xa0\n퇴직급여충당부채\n122,289,814\xa0\n16,003,820\xa0\n138,293,634\xa0\n30,772,619\xa0\n4,067,819\xa0\n34,840,438\xa0\n종속기업투자주식\n23,106,535\xa0\n17,471,232\xa0\n40,577,767\xa0\n-\xa0\n-\xa0\n-\xa0\n장기투자증권\n2,388,092\xa0\n-\xa0\n2,388,092\xa0\n-\xa0\n-\xa0\n-\xa0\n해외주재원인건비\n2,973,670\xa0\n398,843\xa0\n3,372,513\xa0\n-\xa0\n-\xa0\n-\xa0\n기타\n39,091,377\xa0\n15,994,791\xa0\n55,086,168\xa0\n2,935,631\xa0\n2,159,578\xa0\n5,095,209\xa0\n소\xa0 계\n420,311,178\xa0\n71,883,337\xa0\n492,194,515\xa0\n91,392,811\xa0\n11,889,151\xa0\n103,281,962\xa0\nⅡ. 미래가산할 일시적차이\n\u3000\n\u3000\n\u3000\n\u3000\n\u3000\n\u3000\n선급비용\n263,493,124\xa0\n6,356,073\xa0\n269,849,197\xa0\n65,952,329\xa0\n1,752,835\xa0\n67,705,164\xa0\n종속기업투자주식\n(1,784,232)\n1,784,232\xa0\n-\xa0\n-\xa0\n-\xa0\n-\xa0\n압축기장충당금(합병)\n7,872,697\xa0\n-\xa0\n7,872,697\xa0\n1,970,536\xa0\n4,724\xa0\n1,975,260\xa0\n일시상각충당금(합병)\n544,541\xa0\n(33,435)\n511,106\xa0\n136,299\xa0\n(8,062)\n128,237\xa0\n사외적립자산\n162,305,764\xa0\n12,154,355\xa0\n174,460,119\xa0\n40,625,133\xa0\n3,146,911\xa0\n43,772,044\xa0\n영업권(웅진쿠첸)\n84,754,782\xa0\n-\xa0\n84,754,782\xa0\n-\xa0\n-\xa0\n-\xa0\n영업권(웅진코웨이개발)\n1,564,733\xa0\n-\xa0\n1,564,733\xa0\n-\xa0\n-\xa0\n-\xa0\n영업권상각\n21,071,402\xa0\n(2,640,001)\n18,431,401\xa0\n5,274,171\xa0\n(649,733)\n4,624,438\xa0\n소\xa0 계\n539,822,811\xa0\n17,621,224\xa0\n557,444,035\xa0\n113,958,468\xa0\n4,246,675\xa0\n118,205,143\xa0\nⅢ. 자본에 부가된 이연법인세\n\u3000\n\u3000\n\u3000\n\u3000\n\u3000\n\u3000\n순확정급여부채의 재측정요소\n19,696,263\xa0\n10,558,446\xa0\n30,254,709\xa0\n4,766,496\xa0\n2,681,845\xa0\n7,448,341\xa0\n소\xa0 계\n19,696,263\xa0\n10,558,446\xa0\n30,254,709\xa0\n4,766,496\xa0\n2,681,845\xa0\n7,448,341\xa0\n합\xa0 계\n(99,815,370)\n64,820,559\xa0\n(34,994,811)\n(17,799,161)\n10,324,321\xa0\n(7,474,840)\n<전기>\n\xa0 \xa0 \xa0 \xa0 \xa0 \xa0 \xa0 \xa0 \xa0 \xa0 \xa0 \xa0 \xa0 \xa0 \xa0 \xa0 \xa0 \xa0 \xa0 \xa0 \xa0 \xa0 \xa0 \xa0 \xa0 \xa0 \xa0 \xa0 \xa0 \xa0 \xa0 \xa0 \xa0 \xa0 \xa0 \xa0 \xa0 \xa0 \xa0 \xa0 \xa0 \xa0 \xa0 \xa0 \xa0 \xa0 \xa0 \xa0 \xa0 (단위 : 천원)\n계정과목\n누적일시적차이\n이연법인세자산(부채)\n기초잔액\n증감액\n기말잔액\n전기초\n증감액\n전기말\nⅠ. 미래차감할 일시적차이\n선수금\n17,692,762\xa0\n(7,464,249)\n10,228,513\xa0\n4,281,648\xa0\n(1,721,451)\n2,560,197\xa0\n재고자산평가충당금\n24,925,530\xa0\n(12,455,349)\n12,470,181\xa0\n6,031,978\xa0\n(2,910,692)\n3,121,286\xa0\n미지급비용\n25,415,457\xa0\n11,583,394\xa0\n36,998,851\xa0\n6,150,541\xa0\n3,110,271\xa0\n9,260,812\xa0\n선수수익\n683,750\xa0\n714,326\xa0\n1,398,076\xa0\n165,467\xa0\n184,472\xa0\n349,939\xa0\n반품충당부채\n18,451,320\xa0\n19,193,138\xa0\n37,644,458\xa0\n4,465,220\xa0\n4,957,188\xa0\n9,422,408\xa0\n판매보증충당부채\n1,210,783\xa0\n808,911\xa0\n2,019,694\xa0\n293,010\xa0\n212,519\xa0\n505,529\xa0\n대손충당금\n83,242,961\xa0\n7,374,066\xa0\n90,617,027\xa0\n20,144,796\xa0\n2,536,646\xa0\n22,681,442\xa0\n렌탈자산\n38,837,169\xa0\n(4,684,695)\n34,152,474\xa0\n9,398,595\xa0\n(850,231)\n8,548,364\xa0\n유형자산손상차손\n4,904,386\xa0\n28,030\xa0\n4,932,416\xa0\n1,186,861\xa0\n47,723\xa0\n1,234,584\xa0\n퇴직급여충당부채\n103,430,798\xa0\n18,859,016\xa0\n122,289,814\xa0\n25,030,253\xa0\n5,742,366\xa0\n30,772,619\xa0\n종속기업투자주식\n23,106,535\xa0\n-\n23,106,535\xa0\n-\xa0\n-\xa0\n-\xa0\n장기투자증권\n2,388,092\xa0\n-\n2,388,092\xa0\n-\xa0\n-\xa0\n-\xa0\n해외주재원인건비\n2,473,038\xa0\n500,632\xa0\n2,973,670\xa0\n-\xa0\n-\xa0\n-\xa0\n기타\n10,814,651\xa0\n28,276,726\xa0\n39,091,377\xa0\n1,516,760\xa0\n1,418,871\xa0\n2,935,631\xa0\n소\xa0 계\n357,577,232\xa0\n62,733,946\xa0\n420,311,178\xa0\n78,665,129\xa0\n12,727,682\xa0\n91,392,811\xa0\nⅡ. 미래가산할 일시적차이\n\u3000\n\u3000\n\u3000\n\u3000\n\u3000\n\u3000\n선급비용\n258,998,944\xa0\n4,494,180\xa0\n263,493,124\xa0\n62,677,744\xa0\n3,274,585\xa0\n65,952,329\xa0\n종속기업투자주식\n18,341\xa0\n(1,802,573)\n(1,784,232)\n-\xa0\n-\xa0\n-\xa0\n압축기장충당금(합병)\n7,872,697\xa0\n-\n7,872,697\xa0\n1,905,193\xa0\n65,343\xa0\n1,970,536\xa0\n일시상각충당금(합병)\n577,976\xa0\n(33,435)\n544,541\xa0\n139,870\xa0\n(3,571)\n136,299\xa0\n사외적립자산\n131,292,780\xa0\n31,012,984\xa0\n162,305,764\xa0\n31,772,853\xa0\n8,852,280\xa0\n40,625,133\xa0\n영업권(웅진쿠첸)\n84,754,782\xa0\n-\n84,754,782\xa0\n-\xa0\n-\xa0\n-\xa0\n영업권(웅진코웨이개발)\n1,564,733\xa0\n-\n1,564,733\xa0\n-\xa0\n-\xa0\n-\xa0\n영업권상각\n21,071,402\xa0\n-\n21,071,402\xa0\n5,099,278\xa0\n174,893\xa0\n5,274,171\xa0\n소\xa0 계\n506,151,655\xa0\n33,671,156\xa0\n539,822,811\xa0\n101,594,938\xa0\n12,363,530\xa0\n113,958,468\xa0\nⅢ. 자본에 부가된 이연법인세\n\u3000\n\u3000\n\u3000\n\u3000\n\u3000\n\u3000\n순확정급여부채의 재측정요소\n27,861,982\xa0\n(8,165,719)\n19,696,263\xa0\n6,742,600\xa0\n(1,976,104)\n4,766,496\xa0\n소\xa0 계\n27,861,982\xa0\n(8,165,719)\n19,696,263\xa0\n6,742,600\xa0\n(1,976,104)\n4,766,496\xa0\n합\xa0 계\n(120,712,441)\n20,897,071\xa0\n(99,815,370)\n(16,187,209)\n(1,611,952)\n(17,799,161)\n(5) 보고기간종료일 현재 재무상태표에 이연법인세자산 및 이연법인세부채로 인식되지 아니한 일시적차이의 내역은 다음과 같습니다.\xa0 \xa0 \xa0 \xa0 \xa0 \xa0 \xa0 \xa0 \xa0 \xa0 \xa0 \xa0 \xa0 \xa0 \xa0 \xa0 \xa0 \xa0 \xa0 \xa0 \xa0 \xa0 \xa0 \xa0 \xa0 \xa0 \xa0 \xa0 \xa0 \xa0 \xa0 \xa0 \xa0 \xa0 \xa0 \xa0 \xa0 \xa0 \xa0 \xa0 \xa0 \xa0 \xa0 \xa0 \xa0 \xa0 \xa0 \xa0 \xa0 \xa0\xa0 (단위 : 천원)\n구\xa0 분\n당기말\n전기말\n종속기업투자\n40,577,767\xa0\n24,890,767\xa0\n장기투자증권\n2,388,092\xa0\n2,388,092\xa0\n해외자회사 지급보증\n24,648\xa0\n24,648\xa0\n해외주재원인건비\n3,372,513\xa0\n2,973,670\xa0\n상표권\n7,110,378\xa0\n5,023,021\xa0\n기타\n22,313,479\xa0\n22,315,260\xa0\n차감할 일시적차이 합계\xa0\n75,786,877\xa0\n57,615,458\xa0\n영업권(웅진쿠첸)\n84,754,782\xa0\n84,754,782\xa0\n영업권(웅진코웨이개발)\n1,564,733\xa0\n1,564,733\xa0\n가산할 일시적차이 합계\n86,319,515\xa0\n86,319,515\xa0\n33. 주당순이익\n(1) 기본주당순이익 당기 및 전기의 기본주당순이익 산정내역은 다음과 같습니다.\xa0 \xa0 \xa0 \xa0 \xa0 \xa0 \xa0 \xa0 \xa0 \xa0 \xa0 \xa0 \xa0 \xa0 \xa0 \xa0 \xa0 \xa0 \xa0 \xa0 \xa0 \xa0 \xa0 \xa0 \xa0 \xa0 \xa0 \xa0 \xa0 \xa0 \xa0 \xa0 \xa0 \xa0 \xa0 \xa0 \xa0 \xa0 \xa0 \xa0 \xa0 \xa0 \xa0 \xa0 \xa0 \xa0 \xa0 \xa0 \xa0 \xa0 \xa0 \xa0\xa0 (단위 : 원)\n구\xa0 분\n당\xa0 기\n전\xa0 기\n당기순이익\n\xa0332,277,588,726\xa0\n322,405,382,018\xa0\n\xa0\xa0 ÷가중평균유통보통주식수(주1)\n72,158,152주\n72,724,343주\xa0\n기본주당순이익\n4,605\xa0\n4,433\xa0\n(주1) 가중평균유통보통주식수는 발행주식수를 유통기간으로 가중평균하여 산정하였으며, 취득시점 이후부터 매각시점까지의 기간동안 보유한 자기주식은 유통보통주식수에 포함하지 않았습니다.\n(2) 희석주당순이익 희석주당순이익은 모든 희석성 잠재적보통주가 보통주로 전환된다고 가정하여 조정한 가중평균 유통보통주식수를 적용하여 산정하고 있습니다. 당사가 보유하고 있는 희석성 잠재적보통주로는 주식선택권이 있습니다.\xa0 \xa0 \xa0 \xa0 \xa0 \xa0 \xa0 \xa0 \xa0 \xa0 \xa0 \xa0 \xa0 \xa0 \xa0 \xa0 \xa0 \xa0 \xa0 \xa0 \xa0 \xa0 \xa0 \xa0 \xa0 \xa0 \xa0 \xa0 \xa0 \xa0 \xa0 \xa0 \xa0 \xa0 \xa0 \xa0 \xa0 \xa0 \xa0 \xa0 \xa0 \xa0 \xa0 \xa0 \xa0 \xa0 \xa0 \xa0 \xa0 \xa0 \xa0 \xa0\xa0 (단위 : 원)\n구\xa0 분\n당\xa0 기\n전\xa0 기\n당기순이익\n\xa0332,277,588,726\xa0\n\xa0322,405,382,018\xa0\n가산 : 희석증권비용효과\n-\xa0\n-\xa0\n희석순이익\n\xa0332,277,588,726\xa0\n\xa0322,405,382,018\xa0\n가중평균유통주식수\n72,158,152주\n72,724,343주\xa0\n희석증권 주식수(주1)\n193,303주\n1,413,169주\xa0\n주식수 계\n72,351,455주\n74,137,512주\xa0\n희석주당순이익(단위 : 원)\n4,593\xa0\n4,349\xa0\n(주1) 당사의 임직원에게 부여한 주식선택권의 희석화 효과로 인한 것입니다.\n보고기간종료일 이전에 발생하였다면 보통주식수나 잠재적 보통주식수를 중요하게 변화시켰을 보고기간종료일 후에 발생한 사건은 없습니다.\n34. 현금흐름표\xa0\n(1) 당기 및 전기 중 영업에서 창출된 현금흐름 중 비현금항목의 조정 내역은 다음과 같습니다.\xa0 \xa0 \xa0 \xa0 \xa0 \xa0 \xa0 \xa0 \xa0 \xa0 \xa0 \xa0 \xa0 \xa0 \xa0 \xa0 \xa0 \xa0 \xa0 \xa0 \xa0 \xa0 \xa0 \xa0 \xa0 \xa0 \xa0 \xa0 \xa0 \xa0 \xa0 \xa0 \xa0 \xa0 \xa0 \xa0 \xa0 \xa0 \xa0 \xa0 \xa0 \xa0 \xa0 \xa0 \xa0 \xa0 \xa0 \xa0 \xa0 \xa0\xa0 (단위 : 천원)\n구\xa0 분\n당\xa0 기\n전\xa0 기\n\xa0 퇴직급여\n24,474,405\xa0\n23,727,694\xa0\n\xa0 주식보상비용\n(1,619,787)\n3,530,176\xa0\n\xa0 감가상각비(유형자산 및 투자부동산)\n193,480,832\xa0\n190,292,126\xa0\n\xa0 무형자산상각비\n7,590,588\xa0\n7,331,662\xa0\n\xa0 매출채권손상차손\n17,449,477\xa0\n11,285,944\xa0\n\xa0 기타채권손상차손\n2,309,184\xa0\n6,163,414\xa0\n\xa0 렌탈자산폐기손실\n43,469,572\xa0\n40,659,711\xa0\n\xa0 외화환산손실\n204,861\xa0\n19,469,802\xa0\n\xa0 종속기업투자손상차손\n15,687,000\xa0\n1,802,573\xa0\n\xa0 유형자산손상차손\n7,487,386\xa0\n4,052,314\xa0\n\xa0 무형자산손상차손\n2,640,000\xa0\n\xa0 -\n\xa0 외화환산이익\n(5,070,477)\n(54,580)\n\xa0 이자수익(렌탈매출)\n(14,399,160)\n(9,889,205)\n\xa0 이자수익(금융수익)\n(815,574)\n(649,347)\n\xa0 이자비용\n16,804,186\xa0\n11,448,267\xa0\n\xa0 법인세비용\n112,776,436\xa0\n112,849,658\xa0\n\xa0 기타\n18,743,837\xa0\n20,951,220\xa0\n합\xa0 계\n441,212,766\xa0\n442,971,429\xa0\n(2) 당기 및 전기 중 영업에서 창출된 현금흐름 중 운전자본의 조정 내역은 다음과 같습니다.\xa0 \xa0 \xa0 \xa0 \xa0 \xa0 \xa0 \xa0 \xa0 \xa0 \xa0 \xa0 \xa0 \xa0 \xa0 \xa0 \xa0 \xa0 \xa0 \xa0 \xa0 \xa0 \xa0 \xa0 \xa0 \xa0 \xa0 \xa0 \xa0 \xa0 \xa0 \xa0 \xa0 \xa0 \xa0 \xa0 \xa0 \xa0 \xa0 \xa0 \xa0 \xa0 \xa0 \xa0 \xa0 \xa0 \xa0 \xa0 \xa0 \xa0\xa0 (단위 : 천원)\n구\xa0 분\n당\xa0 기\n전\xa0 기\n\xa0 매출채권의 증가\n(87,297,059)\n(99,788,303)\n\xa0 기타단기금융자산의 증가\n(1,959,185)\n(2,639,136)\n\xa0 기타유동자산의 증가\n(10,434,117)\n(11,745,897)\n\xa0 재고자산의 감소(증가)\n(8,336,551)\n2,598,300\xa0\n\xa0 금융리스채권의 증가\n(113,899,300)\n(91,830,849)\n\xa0 기타장기금융자산의 감소(증가)\n(1,216,600)\n8,125,031\xa0\n\xa0 기타비유동자산의 감소\n1,245,353\xa0\n-\xa0\n\xa0 매입채무의 증가(감소)\n11,670,412\xa0\n(4,932,807)\n\xa0 기타단기금융부채의 증가(감소)\n(14,261,911)\n12,193,041\xa0\n\xa0 기타유동부채의 증가\n9,230,304\xa0\n3,535,248\xa0\n\xa0 기타장기금융부채의 증가\n69,900\xa0\n22,000\xa0\n\xa0 기타비유동부채의 증가\n4,866,416\xa0\n307,672\xa0\n\xa0 퇴직금의 지급\n(10,890,667)\n(8,393,390)\n\xa0 사외적립자산의 순증가\n(9,732,799)\n(7,291,258)\n합\xa0 계\n(230,945,804)\n(199,840,348)\n(3)\xa0당기 및 전기 중의 현금의 유입과 유출이 없는 거래 중 중요한 사항은 다음과 같습니다.\xa0 \xa0 \xa0 \xa0 \xa0 \xa0 \xa0 \xa0 \xa0 \xa0 \xa0 \xa0 \xa0 \xa0 \xa0 \xa0 \xa0 \xa0 \xa0 \xa0 \xa0 \xa0 \xa0 \xa0 \xa0 \xa0 \xa0 \xa0 \xa0 \xa0 \xa0 \xa0 \xa0 \xa0 \xa0 \xa0 \xa0 \xa0 \xa0 \xa0 \xa0 \xa0 \xa0 \xa0 \xa0 \xa0 \xa0 \xa0 \xa0 \xa0 \xa0 (단위 : 천원)\n구\xa0 분\n당\xa0 기\n전\xa0 기\n건설중인자산 본계정 대체\n\xa0 \xa0 \xa0 \xa0 \xa0 \xa0 6,766,488\xa0\n7,235,982\xa0\n건설중인무형자산 본계정 대체\n\xa0 \xa0 \xa0 \xa0 \xa0 \xa0 \xa0\xa0 7,133,719\xa0\n3,634,345\xa0\n투자부동산의 매각예정자산대체\n8,222,097\xa0\n-\xa0\n매출채권 출자전환\n-\xa0\n98,107,613\xa0\n35. 특수관계자 거래 \n(1)\xa0당사의 특수관계자 현황은 다음과 같습니다.\n구\xa0 분\n회사명\n당사에 유의적인 영향력을 행사하는 기업\n코웨이홀딩스㈜\n종속기업(주1)\nCoway (Thailand) Company Limited.Coway (M) Sdn Bhd.Coway USA, Inc.Coway China Co., Ltd.코웨이엔텍㈜포천맑은물㈜\n(주1) 종속기업의 종속기업이 포함되어 있습니다.\n(2) 매출 및 매입 등 거래\xa0 \xa0 \xa0 \xa0 \xa0 \xa0 \xa0 \xa0 \xa0 \xa0 \xa0 \xa0 \xa0 \xa0 \xa0 \xa0 \xa0 \xa0 \xa0 \xa0 \xa0 \xa0 \xa0 \xa0 \xa0 \xa0 \xa0 \xa0 \xa0 \xa0 \xa0 \xa0 \xa0 \xa0 \xa0 \xa0 \xa0 \xa0 \xa0 \xa0 \xa0 \xa0 \xa0 \xa0 \xa0 \xa0 \xa0 \xa0 \xa0\xa0 \xa0 (단위 : 천원)\n구\xa0\xa0 분\n회사명\n거래내용\n당\xa0 기\n전\xa0 기\n종속기업\n코웨이엔텍㈜\n매\xa0 출\n2,907\xa0\n-\xa0\n기타수익\n593,400\xa0\n593,400\xa0\n영업비용차감\n10,689\xa0\n-\xa0\n매입 등\n13,000\xa0\n25,000\xa0\nCoway China Co., Ltd.\n매\xa0 출\n476,334\xa0\n2,246,368\xa0\n영업비용차감\n277,725\xa0\n403,254\xa0\n매입 및 소비자보상비 등\n2,439,516\xa0\n5,075,836\xa0\nCoway (M) Sdn Bhd.\n매\xa0 출\n176,982,187\xa0\n118,304,730\xa0\n영업비용차감\n706,964\xa0\n568,853\xa0\n매입 등\n532,044\xa0\n335,474\xa0\nCoway USA, Inc.\n매\xa0 출\n28,996,056\xa0\n15,252,865\xa0\n기타수익\n-\xa0\n232,349\xa0\n영업비용차감\n343,062\xa0\n241,346\xa0\n매입 등\n287,882\xa0\n809,269\xa0\nCoway(Thailand) Company Limited\n매\xa0 출\n3,678,822\xa0\n4,766,412\xa0\n영업비용차감\n294,898\xa0\n295,228\xa0\n매입 등\n20,460\xa0\n1,407\xa0\n합\xa0 계\n매출거래 등\n212,363,044\xa0\n142,904,805\xa0\n매입거래 등\n3,292,902\xa0\n6,246,986\xa0\n(3) 당기 및 전기 중 당사는 상기거래 이외에 코웨이홀딩스㈜에 배당금을 각각\xa0 \xa0 \xa0 \xa0\xa0 61,204백만원 및\xa0127,395백만원 지급하였습니다.\n(4) 채권ㆍ채무 잔액\xa0 \xa0 \xa0 \xa0 \xa0 \xa0 \xa0 \xa0 \xa0 \xa0 \xa0 \xa0 \xa0 \xa0 \xa0 \xa0 \xa0 \xa0 \xa0 \xa0 \xa0 \xa0 \xa0 \xa0 \xa0 \xa0 \xa0 \xa0 \xa0 \xa0 \xa0 \xa0 \xa0 \xa0 \xa0 \xa0 \xa0 \xa0 \xa0 \xa0 \xa0 \xa0 \xa0 \xa0 \xa0 \xa0 \xa0 \xa0 \xa0 \xa0 \xa0 (단위 : 천원)\n구\xa0 분\n회사명\n거래내용\n당기말\n전기말\n종속기업\n코웨이엔텍㈜\n미수금\n54,395\xa0\n54,395\xa0\n임대보증금\n490,000\xa0\n490,000\xa0\nCoway China Co., Ltd.\n매출채권\n9,670,163\xa0\n9,241,423\xa0\n기타채무\n530,389\xa0\n5,026,408\xa0\nCoway (M) Sdn Bhd.\n매출채권(*)\n193,812,393\xa0\n82,182,449\xa0\n미수금\n68,943\xa0\n-\xa0\n기타채무\n10,002\xa0\n310,921\xa0\nCoway USA, Inc.\n매출채권\n50,820,928\xa0\n40,402,137\xa0\n미수금\n192,056\xa0\n154,899\xa0\n기타채무\n109,786\xa0\n463,196\xa0\nCoway(Thailand) Company Limited.\n매출채권\n23,358,485\xa0\n18,827,390\xa0\n기타채무\n5,553\xa0\n1,407\xa0\n합\xa0 계\n채권 등\n277,977,363\xa0\n150,862,693\xa0\n채무 등\n1,145,730\xa0\n6,291,932\xa0\n당기 보고기간종료일 현재 상기 채권 중 Coway (Thailand) Company Limited.의 채권에 대하여 대손충당금 14,101백만원을 계상하고 있으며, Coway China Co., Ltd. 채권에 대하여 대손충당금 5,475백만원을 계상하고 있습니다.\n(5) 당기 및 전기 중 특수관계자와의 자금거래내역은 다음과 같습니다.<당기>\n\xa0 \xa0 \xa0 \xa0 \xa0 \xa0 \xa0 \xa0 \xa0 \xa0 \xa0 \xa0 \xa0 \xa0 \xa0 \xa0 \xa0 \xa0 \xa0 \xa0 \xa0 \xa0 \xa0 \xa0 \xa0 \xa0 \xa0 \xa0 \xa0 \xa0 \xa0 \xa0 \xa0 \xa0 \xa0 \xa0 \xa0 \xa0 \xa0 \xa0 \xa0 \xa0 \xa0 \xa0 \xa0 \xa0 \xa0 \xa0 \xa0 \xa0\xa0 (단위 : 천원)\n구\xa0 분\n회사명\n자금대여 거래\n대\xa0 여\n회\xa0 수\n종속기업\nCoway(Thailand) Company Limited.\n-\xa0\n1,736,416\xa0\n<전기>\n\xa0 \xa0 \xa0 \xa0 \xa0 \xa0 \xa0 \xa0 \xa0 \xa0 \xa0 \xa0 \xa0 \xa0 \xa0 \xa0 \xa0 \xa0 \xa0 \xa0 \xa0 \xa0 \xa0 \xa0 \xa0 \xa0 \xa0 \xa0 \xa0 \xa0 \xa0 \xa0 \xa0 \xa0 \xa0 \xa0 \xa0 \xa0 \xa0 \xa0 \xa0 \xa0 \xa0 \xa0 \xa0 \xa0 \xa0 \xa0 \xa0 \xa0\xa0 (단위 : 천원)\n구\xa0 분\n회사명\n자금대여 거래\n대\xa0 여\n회\xa0 수\n종속기업\nCoway(Thailand) Company Limited.\n1,688,700\xa0\n-\xa0\n(6) 당기 보고기간종료일 현재 당사가 특수관계자를 위하여 제공한 지급보증의 내용은 다음과 같습니다.\xa0 \xa0 \xa0 \xa0 \xa0 \xa0 \xa0 \xa0 \xa0 \xa0 \xa0 \xa0 \xa0 \xa0 \xa0 \xa0 \xa0 \xa0 \xa0 \xa0 \xa0 \xa0 \xa0 \xa0 \xa0 \xa0 \xa0 \xa0 \xa0 \xa0 \xa0 \xa0 \xa0 \xa0 \xa0 \xa0 \xa0 \xa0 \xa0 \xa0 \xa0 \xa0 \xa0 \xa0 \xa0 \xa0 \xa0 \xa0 \xa0 \xa0\xa0 (단위 : 천원)\n구\xa0 분\n제공받은자\n지급보증액\n지급보증처\n내용\n종속기업\n코웨이엔텍\n16,364,583\xa0\n서울보증보험\n계약 및 하자이행보증\n5,400,000\xa0\n우리은행\n일괄여신한도거래 연대보증\n종속기업\n포천맑은물\n11,633,000\xa0\nNH농협은행,한국산업은행\n자금보충 및 자금제공약정(주1)\n(주1) 동 약정은 피보증기업의 차입금 상환부족액 등에 대해서 당사가 자금을 보충해야 하는 의무입니다.\n(7) 주요 경영진에 대한 보상 \xa0 주요 경영진은 이사(등기 및 비등기), 이사회의 구성원, 재무책임자 및 내부감사책임자를 포함하고 있습니다. 종업원 용역의 대가로서 주요 경영진에게 지급되었거나 지급될 보상금액은 다음과 같습니다.\xa0 \xa0 \xa0 \xa0 \xa0 \xa0 \xa0 \xa0 \xa0 \xa0 \xa0 \xa0 \xa0 \xa0 \xa0 \xa0 \xa0 \xa0 \xa0 \xa0 \xa0 \xa0 \xa0 \xa0 \xa0 \xa0 \xa0 \xa0 \xa0 \xa0 \xa0 \xa0 \xa0 \xa0 \xa0 \xa0 \xa0 \xa0 \xa0 \xa0 \xa0 \xa0 \xa0 \xa0 \xa0 \xa0 \xa0 \xa0 \xa0 \xa0 \xa0 (단위 : 천원)\n구\xa0 분\n당\xa0 기\n전\xa0 기\n단기종업원 급여\n6,207,326\xa0\n5,880,719\xa0\n퇴직급여\n614,230\xa0\n565,329\xa0\n주식보상비용\n(1,619,787)\n3,530,176\xa0\n합\xa0 계\xa0\n5,201,769\xa0\n9,976,224\xa0\n36.\xa0공정가치 측정\n(1) 금융상품 종류별 공정가치 보고기간종료일 현재 공정가치의 합리적인 근사치인 장부금액을 제외한 당사의 금융상품의 장부금액 및 공정가치는 다음과 같습니다.\xa0 \xa0 \xa0 \xa0 \xa0 \xa0 \xa0 \xa0 \xa0 \xa0 \xa0 \xa0 \xa0 \xa0 \xa0 \xa0 \xa0 \xa0 \xa0 \xa0 \xa0 \xa0 \xa0 \xa0 \xa0 \xa0 \xa0 \xa0 \xa0 \xa0 \xa0 \xa0 \xa0 \xa0 \xa0 \xa0 \xa0 \xa0 \xa0 \xa0 \xa0 \xa0 \xa0 \xa0 \xa0 \xa0 \xa0 \xa0 \xa0 \xa0 \xa0 \xa0 \xa0 \xa0 \xa0 \xa0 \xa0 \xa0 \xa0 \xa0 \xa0 \xa0 \xa0 \xa0 \xa0 \xa0 \xa0 \xa0 \xa0 \xa0 \xa0 \xa0 \xa0 \xa0 \xa0 \xa0 (단위 : 천원)\n구\xa0 분\n당기말\n전기말\n장부금액\n공정가치(주1)\n장부금액\n공정가치(주1)\n금융자산\n\xa0현금및현금성자산\n40,120,552\xa0\n40,120,552\xa0\n76,964,753\xa0\n76,964,753\xa0\n\xa0매출채권\n536,858,401\xa0\n536,858,401\xa0\n449,558,272\xa0\n449,558,272\xa0\n\xa0금융리스채권\n341,674,673\xa0\n341,674,673\xa0\n229,893,357\xa0\n229,893,357\xa0\n\xa0기타금융자산\n67,997,107\xa0\n67,997,107\xa0\n68,984,886\xa0\n68,984,886\xa0\n\xa0매도가능금융자산\n-\xa0\n-\xa0\n1,238,208\xa0\n1,238,208\xa0\n\xa0당기손익 - 공정가치 측정 금 융자산\n5,300\xa0\n5,300\xa0\n-\xa0\n-\xa0\n\xa0기타포괄손익 - 공정가치 측\xa0 정 금융자산\n337,542\xa0\n337,542\xa0\n-\xa0\n-\xa0\n합\xa0 계\n986,993,575\xa0\n986,993,575\xa0\n826,639,476\xa0\n826,639,476\xa0\n금융부채\n\xa0매입채무\n58,054,169\xa0\n58,054,169\xa0\n46,379,801\xa0\n46,379,801\xa0\n\xa0차입금\n730,000,000\xa0\n730,000,000\xa0\n670,000,000\xa0\n670,000,000\xa0\n\xa0기타금융부채\n164,283,683\xa0\n164,283,683\xa0\n182,231,566\xa0\n182,231,566\xa0\n합\xa0 계\n952,337,852\xa0\n952,337,852\xa0\n898,611,367\xa0\n898,611,367\xa0\n(주1) 당사는 재무제표에 상각후원가로 인식되는 금융자산 및 금융부채의 장부금액은 공정가치와 유사하다고 판단하고 있습니다.\xa0\n(2) 공정가치 서열체계당사는 공정가치측정에 사용된 투입변수의 유의성을 반영하는 공정가치 서열체계에 따라 공정가치측정치를 분류하고 있으며, 공정가치 서열체계의 수준은 다음과 같습니다. \n구\xa0 분\n투입변수의 유의성\n수준 1\n동일한 자산이나 부채에 대한 활성시장의 공시가격\n수준 2\xa0\n직접적으로 또는 간접적으로 관측가능한, 자산이나 부채에 대한 투입변수\n수준 3\n관측가능한 시장자료에 기초하지 않은, 자산이나 부채에 대한 투입변수\n보고기간종료일 현재 금융상품의 수준별 공정가치 측정치는 다음과 같습니다.<당기말>\n\xa0 \xa0 \xa0 \xa0 \xa0 \xa0 \xa0 \xa0 \xa0 \xa0 \xa0 \xa0 \xa0 \xa0 \xa0 \xa0 \xa0 \xa0 \xa0 \xa0 \xa0 \xa0 \xa0 \xa0 \xa0 \xa0 \xa0 \xa0 \xa0 \xa0 \xa0 \xa0 \xa0 \xa0 \xa0 \xa0 \xa0 \xa0 \xa0 \xa0 \xa0 \xa0 \xa0 \xa0 \xa0 \xa0 \xa0 \xa0 \xa0 \xa0 \xa0 (단위 : 천원)\n구\xa0 분\n수준 1\n수준 2\n수준 3\n합 계\n금융자산\n\xa0현금및현금성자산\n24,003\xa0\n40,096,549\xa0\n-\xa0\n40,120,552\xa0\n\xa0매출채권\n-\xa0\n-\xa0\n536,858,401\xa0\n536,858,401\xa0\n\xa0금융리스채권\n-\xa0\n-\xa0\n341,674,673\xa0\n341,674,673\xa0\n\xa0단기대여금\n-\xa0\n-\xa0\n31,250\xa0\n31,250\xa0\n\xa0미수금\n-\xa0\n-\xa0\n14,610,893\xa0\n14,610,893\xa0\n\xa0장기미수금\n-\xa0\n-\xa0\n1,216,600\xa0\n1,216,600\xa0\n\xa0장기금융상품\n-\xa0\n8,300,000\xa0\n-\xa0\n8,300,000\xa0\n\xa0장기보증금\n-\xa0\n-\xa0\n43,848,364\xa0\n43,848,364\xa0\n\xa0당기손익 - 공정가치 측정 금융자산\n-\xa0\n-\xa0\n5,300\xa0\n5,300\xa0\n\xa0기타포괄손익 - 공정가치\xa0 측정 금융자산\n-\xa0\n-\xa0\n337,542\xa0\n337,542\xa0\n금융부채\n\xa0매입채무\n-\xa0\n-\xa0\n58,054,169\xa0\n58,054,169\xa0\n\xa0미지급금\n-\xa0\n-\xa0\n136,670,585\xa0\n136,670,585\xa0\n\xa0미지급비용\n-\xa0\n-\xa0\n25,697,163\xa0\n25,697,163\xa0\n\xa0단기차입금\n-\xa0\n730,000,000\xa0\n-\xa0\n730,000,000\xa0\n\xa0장기미지급금\n-\xa0\n-\xa0\n310,000\xa0\n310,000\xa0\n\xa0예수보증금\n-\xa0\n-\xa0\n490,000\xa0\n490,000\xa0\n\xa0렌탈보증금\n-\xa0\n-\xa0\n1,115,935\xa0\n1,115,935\xa0\n<전기말>\n\xa0 \xa0 \xa0 \xa0 \xa0 \xa0 \xa0 \xa0 \xa0 \xa0 \xa0 \xa0 \xa0 \xa0 \xa0 \xa0 \xa0 \xa0 \xa0 \xa0 \xa0 \xa0 \xa0 \xa0 \xa0 \xa0 \xa0 \xa0 \xa0 \xa0 \xa0 \xa0 \xa0 \xa0 \xa0 \xa0 \xa0 \xa0 \xa0 \xa0 \xa0 \xa0 \xa0 \xa0 \xa0 \xa0 \xa0 \xa0 \xa0 \xa0 \xa0 (단위 : 천원)\n구\xa0 분\n수준 1\n수준 2\n수준 3\n합 계\n금융자산\n\xa0현금및현금성자산\n22,329\xa0\n76,942,424\xa0\n-\xa0\n76,964,753\xa0\n\xa0매출채권\n-\xa0\n-\xa0\n449,558,272\xa0\n449,558,272\xa0\n\xa0금융리스채권\n-\xa0\n-\xa0\n229,893,357\xa0\n229,893,357\xa0\n\xa0단기대여금\n-\xa0\n-\xa0\n31,250\xa0\n31,250\xa0\n\xa0미수금\n-\xa0\n-\xa0\n16,690,698\xa0\n16,690,698\xa0\n\xa0장기금융상품\n-\xa0\n8,300,000\xa0\n-\xa0\n8,300,000\xa0\n\xa0장기보증금\n-\xa0\n-\xa0\n43,962,938\xa0\n43,962,938\xa0\n\xa0매도가능금융자산\n-\xa0\n-\xa0\n1,238,208\xa0\n1,238,208\xa0\n금융부채\n\xa0매입채무\n-\xa0\n-\xa0\n46,379,801\xa0\n46,379,801\xa0\n\xa0미지급금\n-\xa0\n-\xa0\n151,839,555\xa0\n151,839,555\xa0\n\xa0미지급비용\n-\xa0\n-\xa0\n28,545,976\xa0\n28,545,976\xa0\n\xa0단기차입금\n-\xa0\n670,000,000\xa0\n-\xa0\n670,000,000\xa0\n\xa0장기미지급금\n-\xa0\n-\xa0\n240,000\xa0\n240,000\xa0\n\xa0예수보증금\n-\xa0\n-\xa0\n490,000\xa0\n490,000\xa0\n\xa0렌탈보증금\n-\xa0\n-\xa0\n1,116,035\xa0\n1,116,035\xa0\n활성시장에서 거래되는 금융상품의 공정가치는 보고기간 종료일 현재 고시되는 시장가격에 기초하여 산정됩니다. 거래소, 판매자, 중개인, 산업집단, 평가기관 또는 감독기관을 통해 공시가격이 용이하게 그리고 정기적으로 이용가능하고, 그러한 가격이 독립된 당사자 사이에서 정기적으로 발생한 실제 시장거래를 나타낸다면, 이를 활성시장으로 간주합니다. 당사가 보유하고 있는 금융자산의 공시되는 시장가격은 매입호가입니다. 이러한 상품들은 수준 1에 포함됩니다. 수준 1에 포함된 상품들은 대부분 단기매매 또는 매도가능으로 분류된 KOSPI 주가지수, KOSDAQ 주가지수에 속한 상장된 지분상품으로 구성됩니다.\n활성시장에서 거래되지 아니하는 금융상품(예: 장외파생상품)의 공정가치는 평가기법을 사용하여 결정하고 있습니다. 이러한 평가기법은 가능한 한 관측가능한 시장정보를 최대한 사용하고 기업특유정보를 최소한으로 사용합니다. 이때, 해당 상품의 공정가치 측정에 요구되는 모든 유의적인 투입변수가 관측가능하다면 해당 상품은 수준 2에 포함됩니다.\n만약 하나 이상의 유의적인 투입변수가 관측가능한 시장정보에 기초한 것이 아니라면 해당 상품은 수준 3에 포함됩니다.\n금융상품의 공정가치를 측정하는 데에 사용되는 평가기법에는 다음이 포함됩니다.\n- 유사한 상품의 공시시장가격 또는 딜러가격\n- 이자율스왑의 공정가치는 관측가능한 수익률곡선에 따른 미래 추정 현금흐름의 현재가치로 계산\n- 선물환의 공정가치는 보고기간말 현재의 선도환율을 사용하여 해당 금액을 현재가치로 할인하여 측정\n- 나머지 금융상품에 대해서는 현금흐름의 할인기법 등의 기타 기법 사용\n공정가치로 측정되는 금융상품 중 공정가치 수준 3에 해당하는 금융상품의 공정가치변동내역은 없습니다.\xa0 \xa0\n(3) 금융상품의 공정가치 중 활성시장에서 거래되는 금융상품을 제외한 금융상품의 공정가치는 다음과 같은 평가기법을 적용하여 산출하였습니다.\n구 분\n평가기법\n현금및현금성자산\n현금은 장부금액과 공정가치가 동일하며, 현금성자산은 수시 입출금이 가능한 보통예금 또는 만기가 3개월 이내에 도래하는 정기예금 등으로 장부금액을 공정가치의 대용치로 사용하였습니다.\n매출채권 및 기타금융자산\n단기성채권에 해당되는 매출채권, 미수금 등의 경우 장부금액을 공정가치의 대용치로 사용하였습니다.\n매입채무 및 기타금융부채\n단기성채무에 해당되는 매입채무, 미지급금 등의 경우 장부금액을 공정가치의 대용치로 사용하였습니다.\n차입금\n만기가 발행일로부터 1년이내인 차입금의 경우 장부금액을 공정가치의 대용치로 사용하였으며, 만기가 발행일로부터 1년이상인 차입금의 경우 예상되는 기대미래현금흐름을 시장이자율과 거래상대방의 신용위험 등을 고려한 할인율로 할인하여 산출하였습니다.\n당기\xa0중 당사의 금융자산과\xa0금융부채의 공정가치에 영향을 미치는 사업환경 및 경제적인 환경의 유의적인 변동은 없습니다.\n37. 재무위험관리의 목적 및 정책\n당사는 여러 활동으로 인한 시장위험(환위험, 공정가치 이자율 위험, 현금흐름 이자율 위험 및 가격위험), 신용위험 및 유동성위험과 같은 다양한 금융 위험에 노출되어있습니다. 당사의 전반적인 위험관리정책은 금융시장의 예측불가능성에 초점을 맞추고 있으며 재무성과에 잠재적으로 불리할 수 있는 효과를 최소화하는데 중점을 두고 있습니다.\xa0\xa0\n위험관리는 이사회에서 승인한 정책에 따라 자금부서에 의해 이루어지고 있습니다. 자금부서는 당사의\xa0현업부서들과 긴밀히 협력하여 재무위험을 식별, 평가 및 회피하고 있습니다. 이사회는 외환위험, 이자율위험, 신용위험, 파생금융상품과 비파생금융상품의 이용 및 유동성을 초과하는 투자와 같은 특정 분야에 관한 문서화된 정책 뿐 아니라, 전반적인 위험관리에 대한 문서화된 정책을 제공합니다.\n(1) 시장위험 \n시장위험은 시장가격의 변동으로 인하여 미래현금흐름에 대한 금융상품의 공정가치가 변동될 위험입니다. 시장위험은 이자율위험, 환위험 및 기타 가격위험의 세가지 유형으로 구성됩니다. \n1) 이자율위험이자율위험은 시장이자율의 변동으로 인하여 금융상품의 공정가치나 미래현금흐름이 변동할 위험입니다. 당사는 변동이자부 장기차입금과 관련된 시장이자율의 변동위험에 노출되어 있습니다. 이에 따라, 당사의 경영진은 이자율 현황을 주기적으로 검토하여 고정이자율차입금과 변동이자율차입금의 적절한 균형을 유지하고 있습\xa0\xa0 니다. 당기 및 전기에 변동이자율이 적용되는 차입금은 없습니다.\n2) 환위험 당사는 국제적으로 영업활동을 영위하고 있어 환율변동위험에 노출되어 있습니다. 외환위험은 재화와 용역의 수출 및 원재료 수입거래와 관련하여 인식된 자산과 부채와 관련하여 발생하고 있습니다. 당사는 내부적으로 환율변동에 대한 위험을 정기적으로 평가, 관리 및 보고하고 있습니다.\xa0\n보고기간종료일 현재 다른 변수가 일정하고 외화에 대한 기능통화의 환율이 당사 보유 외화자산ㆍ부채의 기말 환율에 비하여 5% 상승 또는 하락할 경우, 당기 세전 이익은 외화자산ㆍ부채에 대한 외화환산 손익의 결과로 인하여\xa014,885백만원 만큼 상승또는 하락(전기:\xa09,245백만원\xa0만큼 상승 또는 하락)하였을 것입니다.외화금융상품의 주요 통화별 구성내역은 다음과 같습니다.<당기말>\xa0 \xa0 \xa0 \xa0 \xa0 \xa0 \xa0 \xa0 \xa0 \xa0 \xa0 \xa0 \xa0 \xa0 \xa0 \xa0 \xa0 \xa0 \xa0 \xa0 \xa0 \xa0 \xa0 \xa0 \xa0 \xa0 \xa0 \xa0 \xa0 \xa0 \xa0 \xa0 \xa0 \xa0 \xa0 \xa0 \xa0 \xa0 \xa0 \xa0 \xa0 \xa0 \xa0 \xa0 \xa0 \xa0 \xa0 \xa0 \xa0 \xa0 \xa0 (단위 : 천원)\n구\xa0 분\nUSD\nJPY\nEUR\nCNY\n합 계\n현금및현금성자산\n-\xa0\n87,899\xa0\n\u3000-\xa0\n\u3000-\xa0\n87,899\xa0\n매출채권(주1)\n300,718,083\xa0\n580,052\xa0\n1,627,934\xa0\n2,747\xa0\n302,928,816\xa0\n매입채무\n4,482,373\xa0\n835,860\xa0\n\u3000-\xa0\n\u3000-\xa0\n5,318,233\xa0\n(주1) 관련 손상차손 차감 전 금액입니다.<전기말>\xa0 \xa0 \xa0 \xa0 \xa0 \xa0 \xa0 \xa0 \xa0 \xa0 \xa0 \xa0 \xa0 \xa0 \xa0 \xa0 \xa0 \xa0 \xa0 \xa0 \xa0 \xa0 \xa0 \xa0 \xa0 \xa0 \xa0 \xa0 \xa0 \xa0 \xa0 \xa0 \xa0 \xa0 \xa0 \xa0 \xa0 \xa0 \xa0 \xa0 \xa0 \xa0 \xa0 \xa0 \xa0 \xa0 \xa0 \xa0 \xa0 \xa0 \xa0 (단위 : 천원)\n구\xa0 분\nUSD\nJPY\nEUR\nCNY\n합 계\n현금및현금성자산\n-\xa0\n562,364\xa0\n\u3000-\xa0\n\u3000-\xa0\n562,364\xa0\n매출채권(주1)\n186,191,429\xa0\n799,960\xa0\n1,704,885\xa0\n9,477\xa0\n188,705,751\xa0\n매입채무\n3,328,643\xa0\n1,032,257\xa0\n\u3000-\xa0\n\u3000-\xa0\n4,360,900\xa0\n\xa0(주1) 관련 손상차손 차감 전 금액입니다.\n3) 기타 가격위험\xa0\xa0\n기타 가격위험은 이자율위험이나 환위험 이외의 시장가격의 변동으로 인하여 금융상품의 공정가치나 미래현금흐름이 변동될 위험입니다.\xa0그러나 당사의 경영진은 당기보고기간종료일 현재 해당 지분상품의 가격변동이 기타포괄손익에 미치는 영향은 중요하지 않다고 판단하고 있습니다.\n(2) 신용위험\xa0\xa0\n신용위험은 당사 차원에서 관리되고 있습니다. 신용위험은 보유하고 있는 수취채권 및 확정계약을 포함한 거래처에 대한 신용위험 뿐 아니라 현금및현금성자산, 파생금융상품 및 은행 및 금융기관 예치금으로부터 발생하고 있습니다. 은행 및 금융기관의경우, 독립적인 신용평가기관으로부터의 신용등급이 최소 A이상인 경우에 한하여 거래를 하고 있습니다. 거래처의 경우 독립적으로 신용평가를 받는다면 평가된 신용등급이 사용되며, 독립적인 신용 등급이 없는 경우에는 고객의 재무상태, 과거경험 등 기타 요소들을 고려하여 신용을 평가하게 됩니다. 개별적인 위험 한도는 이사회가정한 한도에 따라 내부 또는 외부적으로 결정된 신용등급을 바탕으로 결정됩니다. 신용한도의 사용여부는 정기적으로 검토되고 있습니다. 소매거래처에 대한 매출은 현금 또는 주요 신용카드로 처리됩니다.\xa0\n금융자산의 장부금액은 신용위험에 대한 최대노출정도를 나타냅니다. 보고기간종료일 현재 당사의 신용위험에 대한 최대 노출정도는 다음과 같습니다.\xa0 \xa0 \xa0 \xa0 \xa0 \xa0 \xa0 \xa0 \xa0 \xa0 \xa0 \xa0 \xa0 \xa0 \xa0 \xa0 \xa0 \xa0 \xa0 \xa0 \xa0 \xa0 \xa0 \xa0 \xa0 \xa0 \xa0 \xa0 \xa0 \xa0 \xa0 \xa0 \xa0 \xa0 \xa0 \xa0 \xa0 \xa0 \xa0 \xa0 \xa0 \xa0 \xa0 \xa0 \xa0 \xa0 \xa0 \xa0 \xa0 \xa0 \xa0 (단위 : 천원)\n구\xa0 분\n당기말\n전기말\n현금및현금성자산(주1)\n40,096,549\xa0\n76,942,424\xa0\n매출채권\n536,858,401\xa0\n449,558,272\xa0\n금융리스채권\n341,674,673\xa0\n229,893,357\xa0\n기타단기금융자산\n14,632,143\xa0\n16,721,948\xa0\n기타장기금융자산\n53,364,964\xa0\n52,262,938\xa0\n합\xa0 계\n986,626,730\xa0\n825,378,939\xa0\n(주1) 재무상태표상의 \'현금및현금성자산\'의 나머지는 직접 보유하고 있는 현금입니다.\n(3) 유동성위험 당사는 미사용 차입금한도를 적정수준으로 유지하고 영업자금 수요를 충족시킬 수 있도록 유동성에 대한 예측을 항시 모니터링하여 차입금 한도나 약정을 위반하는 일이 없도록 하고 있습니다. 유동성에 대한 예측시에는 당사의 자금조달계획, 약정 준수, 당사 내부의 목표재무비율 및 통화에 대한 제한과 같은 외부 법규나 법률 요구사항이 있는 경우 그러한 요구사항을 고려하고 있습니다.\xa0\n당사는 상기에서 언급한 예측을 통해 결정된 대로 여유있는 유동성이 확보될 수 있도록 적절한 만기나 충분한 유동성을 제공해주는 이자부 당좌예금, 정기예금, 수시입출금식 예금, 시장성 유가증권 등의 금융상품을 선택하여 잉여자금을 투자하고 있습니다.\xa0\xa0\n당사의 유동성 위험 분석내역은 다음과 같습니다.<당기말>\xa0 \xa0 \xa0 \xa0 \xa0 \xa0 \xa0 \xa0 \xa0 \xa0 \xa0 \xa0 \xa0 \xa0 \xa0 \xa0 \xa0 \xa0 \xa0 \xa0 \xa0 \xa0 \xa0 \xa0 \xa0 \xa0 \xa0 \xa0 \xa0 \xa0 \xa0 \xa0 \xa0 \xa0 \xa0 \xa0 \xa0 \xa0 \xa0 \xa0 \xa0 \xa0 \xa0 \xa0 \xa0 \xa0 \xa0 \xa0 \xa0 \xa0 \xa0 (단위 : 천원)\n구\xa0 분\n1년 미만\n1년 이상 ~ 2년 이하\n합\xa0 계\n매입채무\n58,054,169\xa0\n-\xa0\n58,054,169\xa0\n기타금융부채\n162,367,748\n1,915,935\xa0\n164,283,683\n단기차입금\n730,000,000\xa0\n-\xa0\n730,000,000\xa0\n합\xa0 계\n950,421,917\xa0\n1,915,935\xa0\n952,337,852\xa0\n<전기말>\xa0 \xa0 \xa0 \xa0 \xa0 \xa0 \xa0 \xa0 \xa0 \xa0 \xa0 \xa0 \xa0 \xa0 \xa0 \xa0 \xa0 \xa0 \xa0 \xa0 \xa0 \xa0 \xa0 \xa0 \xa0 \xa0 \xa0 \xa0 \xa0 \xa0 \xa0 \xa0 \xa0 \xa0 \xa0 \xa0 \xa0 \xa0 \xa0 \xa0 \xa0 \xa0 \xa0 \xa0 \xa0 \xa0 \xa0 \xa0 \xa0 \xa0 \xa0 (단위 : 천원)\n구\xa0 분\n1년 미만\n1년 이상 ~ 2년 이하\n합\xa0 계\n매입채무\n46,379,801\xa0\n-\xa0\n46,379,801\xa0\n기타금융부채\n180,385,531\xa0\n1,846,035\xa0\n182,231,566\xa0\n단기차입금\n670,000,000\xa0\n-\xa0\n670,000,000\xa0\n합\xa0 계\n896,765,332\xa0\n1,846,035\xa0\n898,611,367\xa0\n(4) 자본위험관리\n당사의 자본관리 목적은 계속기업으로서 주주 및 이해당사자들에게 이익을 지속적으로 제공할 수 있는 능력을 보호하고 자본비용을 절감하기 위해 최적 자본구조를 유지하는 것입니다. 자본구조를 유지 또는 조정하기 위하여 당사는 주주에게 지급되는 배당을 조정하고, 주주들에게 자본을 반환하며, 부채감소를 위한 신주 발행 및 자산 매각 등을 실시하고 있습니다.\n산업내의 타사와 마찬가지로 당사는 자본조달비율에 기초하여 자본을 관리하고 있습니다. 자본조달비율은 순부채를 총자본으로 나누어 산출하고 있습니다. 순부채는 총차입금에서 현금및현금성자산을 차감한 금액이며 총자본은 재무상태표의 ""자본총계""에 순부채를 가산한 금액입니다.\n보고기간종료일 현재 자본조달비율은 다음과 같습니다. \xa0 \xa0 \xa0 \xa0 \xa0 \xa0 \xa0 \xa0 \xa0 \xa0 \xa0 \xa0 \xa0 \xa0 \xa0 \xa0 \xa0 \xa0 \xa0 \xa0 \xa0 \xa0 \xa0 \xa0 \xa0 \xa0 \xa0 \xa0 \xa0 \xa0 \xa0 \xa0 \xa0 \xa0 \xa0 \xa0 \xa0 \xa0 \xa0 \xa0 \xa0 \xa0 \xa0 \xa0 \xa0 \xa0 \xa0 \xa0 \xa0 \xa0 \xa0 (단위 : 천원)\n구\xa0 분\n당기말\n전기말\n차입금\xa0\n730,000,000\xa0\n670,000,000\xa0\n차감: 현금및현금성자산\xa0\n(40,120,552)\n(76,964,753)\n순부채\xa0\n689,879,448\xa0\n593,035,247\xa0\n자본총계\xa0\xa0\n1,129,032,867\n1,043,127,690\xa0\n총자본\xa0\n1,818,912,315\xa0\n1,636,162,937\xa0\n자본조달비율\xa0\n\xa0 \xa0 \xa0 \xa0 \xa0 \xa0 \xa0 \xa0 \xa0 \xa0 \xa0 \xa0 \xa0 \xa0 \xa0 \xa0 \xa0 \xa0 38%\n\xa0 \xa0 \xa0 \xa0 \xa0 \xa0 \xa0 \xa0 \xa0 \xa0 \xa0 \xa0 \xa0 \xa0 \xa0 \xa0 \xa0 \xa0 36%\n(5) 재무활동에서 생기는 부채의 변동\n당기 및 전기 중 재무활동에서 생기는 부채의 변동은 다음과 같습니다.<당기>\xa0 \xa0 \xa0 \xa0 \xa0 \xa0 \xa0 \xa0 \xa0 \xa0 \xa0 \xa0 \xa0 \xa0 \xa0 \xa0 \xa0 \xa0 \xa0 \xa0 \xa0 \xa0 \xa0 \xa0 \xa0 \xa0 \xa0 \xa0 \xa0 \xa0 \xa0 \xa0 \xa0 \xa0 \xa0 \xa0 \xa0 \xa0 \xa0 \xa0 \xa0 \xa0 \xa0 \xa0 \xa0 \xa0 \xa0 \xa0 \xa0 \xa0 \xa0 (단위 : 천원)\n구\xa0\xa0 분\n기\xa0\xa0 초\n재무활동현금흐름\n기\xa0\xa0 말\n단기차입금\n670,000,000\n60,000,000\n730,00,000\n<전기>\xa0 \xa0 \xa0 \xa0 \xa0 \xa0 \xa0 \xa0 \xa0 \xa0 \xa0 \xa0 \xa0 \xa0 \xa0 \xa0 \xa0 \xa0 \xa0 \xa0 \xa0 \xa0 \xa0 \xa0 \xa0 \xa0 \xa0 \xa0 \xa0 \xa0 \xa0 \xa0 \xa0 \xa0 \xa0 \xa0 \xa0 \xa0 \xa0 \xa0 \xa0 \xa0 \xa0 \xa0 \xa0 \xa0 \xa0 \xa0 \xa0 \xa0 \xa0 (단위 : 천원)\n구\xa0\xa0 분\n기\xa0\xa0 초\n재무활동현금흐름\n기\xa0\xa0 말\n단기차입금\n340,000,000\xa0\n330,000,000\xa0\n670,000,000\xa0\n한편, 당사는 이자의 지급을 재무활동현금흐름으로 분류하고 있습니다.\n38. 재무제표의 사실상 확정된 날과 승인기관 당사의 재무제표는 정기주주총회 제출을 위하여 2019년 2월\xa013일에 당사의 이사회에서 승인되었습니다.\n39. 보고기간 후 사건당사의 최대주주인 코웨이홀딩스㈜는 당사 보유지분 22.17%를 (주)웅진씽크빅에 매각하는 주식매매계약을 2018년 10월 26일에 체결하였고, 동 계약은 2019년 3월 22일에 종결될 예정입니다.\n6. 기타 재무에 관한 사항\n1.합병,분할,자산양수도, 영업양수도[분할]2016년 1월 22일 임시주주총회 결의에 따라, 2016년 2월 29일에 지배기업의 물환경사업부문을 물적 분할하여 코웨이엔텍 주식회사를 설립하였습니다. 주요 내용 및 재무관련 사항은 \'XI. 그 밖에 투자자 보호를 위하여 필요한 사항- 11. 합병등의 사후 정보\'를 참조하시기 바랍니다.[타법인 주식 및 출자증권 처분결정]- 당사는 2015년 2월 25일 경영위원회 결의를 통하여 지분구조를 개선하기 위하여 중국법인[WoongJin Coway (China) Living Goods Co., Ltd.]의 주식 양도계약을 YCH HOLDINGS LIMITED와 체결하였습니다. 본 주식의 계약 체결일은 2015년 2월 26일이며, 지배력 상실에 따른 처분이익 3,334,059천원은 기타수익으로 계상하였습니다.2. 대손충당금 설정 현황\n(1) 최근 3사업연도의 계정과목별 대손충당금 설정내역\xa0 \xa0 \xa0 \xa0 \xa0 \xa0 \xa0 \xa0 \xa0 \xa0 \xa0 \xa0 \xa0 \xa0 \xa0 \xa0 \xa0 \xa0 \xa0 \xa0 \xa0 \xa0 \xa0 \xa0 \xa0 \xa0 \xa0 \xa0 \xa0 \xa0 \xa0 \xa0 \xa0 \xa0 \xa0 \xa0 \xa0 \xa0 \xa0 \xa0 \xa0 \xa0 \xa0 \xa0 \xa0 \xa0 \xa0 \xa0 \xa0 \xa0 \xa0 \xa0 \xa0(단위 : 원)\n구 분\n계정과목\n채권 총액\n대손충당금\n대손충당금설정률\n제30기\n\xa0매출채권\n\xa0 \xa0 \xa0\xa0 363,231,204,159\n\xa0 \xa0 \xa0\xa0 61,431,702,838\xa0\n16.91%\n금융리스채권\n\xa0 \xa0 \xa0\xa0 109,641,824,726\n\xa0 \xa0 \xa0 \xa0\xa0 2,901,192,984\xa0\n2.65%\n단기대여금\n\xa0 \xa0 \xa0 \xa0 \xa0 \xa0 \xa0\xa0 56,370,867\n\xa0 \xa0 \xa0 \xa0 \xa0 \xa0\xa0 10,000,000\xa0\n17.74%\n미수금\n\xa0 \xa0 \xa0 \xa0\xa0 44,765,199,012\n\xa0 \xa0 \xa0\xa0 30,506,383,167\xa0\n68.15%\n미수수익\n-\n-\n0.00%\n선급금\n\xa0 \xa0 \xa0 \xa0 \xa0 8,869,714,339\n-\n0.00%\n장기매출채권\n\xa0 \xa0 \xa0 \xa0\xa0 36,471,001,665\n\xa0 \xa0 \xa0 \xa0\xa0 8,069,052,242\xa0\n22.12%\n장기금융리스채권\n\xa0 \xa0 \xa0\xa0 295,557,660,513\n\xa0 \xa0 \xa0 \xa0\xa0 2,049,729,728\xa0\n0.69%\n장기대여금\n\u3000-\n\u3000-\n0.00%\n장기보증금\n\xa0 \xa0 \xa0 \xa0\xa0 46,678,085,473\n\xa0 \xa0 \xa0 \xa0 \xa0 \xa0 \xa0\xa0 5,000,000\xa0\n0.01%\n기타장기매출채권및 기타채권\n\xa0 \xa0 \xa0 \xa0 \xa0 3,179,073,116\n\xa0 \xa0 \xa0 \xa0\xa0 3,179,073,116\xa0\n100.00%\n\xa0합\xa0\xa0 계\xa0\n\xa0 \xa0 \xa0\xa0 908,450,133,870\n\xa0 \xa0\xa0 108,152,134,075\xa0\n11.91%\n제29기\n매출채권\n365,632,400,750\xa0\n51,061,350,152\xa0\n13.97%\n금융리스채권\n60,814,128,005\xa0\n783,208,932\xa0\n1.29%\n단기대여금\n58,062,021\xa0\n-\xa0\n0.00%\n미수금\n43,398,947,555\xa0\n26,616,109,716\xa0\n61.33%\n미수수익\n-\xa0\n-\xa0\n0.00%\n선급금\n8,192,229,189\xa0\n-\xa0\n0.00%\n장기매출채권\n44,566,379,347\xa0\n8,069,052,242\xa0\n18.11%\n장기금융리스채권\n171,912,167,733\xa0\n2,049,729,728\xa0\n1.19%\n장기대여금\n-\xa0\n-\xa0\n0.00%\n장기보증금\n45,451,928,730\xa0\n5,000,000\xa0\n0.01%\n기타장기매출채권및 기타채권\n3,179,073,116\xa0\n\xa0 \xa0 \xa0 \xa0 3,179,073,116\xa0\n100.00%\n합\xa0\xa0 계\xa0\n743,205,316,446\xa0\n\xa0 \xa0 \xa0 91,763,523,886\xa0\n12.35%\n제28기\n매출채권\n\xa0\xa0 338,457,598,564\xa0\n\xa0\xa0 45,680,610,035\xa0\n13.50%\n금융리스채권\n\xa0 \xa0\xa0 33,850,957,019\xa0\n\xa0 \xa0 \xa0\xa0 511,971,256\xa0\n1.51%\n단기대여금\n\xa0 \xa0 \xa0 \xa0\xa0 112,728,220\xa0\n\xa0 \xa0 \xa0 \xa0\xa0 32,262,201\xa0\n28.62%\n미수금\n\xa0 \xa0\xa0 43,071,870,605\xa0\n\xa0\xa0 22,447,943,961\xa0\n52.12%\n미수수익\n-\xa0\n-\xa0\n0.00%\n선급금\n\xa0 \xa0 \xa0\xa0 9,547,192,565\xa0\n-\xa0\n0.00%\n장기매출채권\n\xa0 \xa0\xa0 31,681,318,568\xa0\n\xa0 \xa0\xa0 8,069,052,242\xa0\n25.47%\n장기금융리스채권\n\xa0\xa0 107,044,489,386\xa0\n\xa0 \xa0\xa0 2,049,729,728\xa0\n1.91%\n장기대여금\n-\xa0\n-\xa0\n0.00%\n장기보증금\n\xa0 \xa0\xa0 43,508,194,427\xa0\n\xa0 \xa0 \xa0 \xa0 \xa0\xa0 5,000,000\xa0\n0.01%\n기타장기매출채권및 기타채권\n\xa0 \xa0 \xa0\xa0 3,179,073,116\xa0\n\xa0 \xa0\xa0 3,179,073,116\xa0\n100.00%\n합\xa0\xa0 계\xa0\n\xa0\xa0 610,453,422,470\xa0\n\xa0\xa0 81,975,642,539\xa0\n13.43%\n주1) 연결기준으로 작성하였음.주2) 금융리스채권·장기금융리스채권 금액은 현재가치할인차금 차감전 금액임.\n(2) 최근 3사업연도의 대손충당금 변동현황\xa0 \xa0 \xa0 \xa0 \xa0 \xa0 \xa0 \xa0 \xa0 \xa0 \xa0 \xa0 \xa0 \xa0 \xa0 \xa0 \xa0 \xa0 \xa0 \xa0 \xa0 \xa0 \xa0 \xa0 \xa0 \xa0 \xa0 \xa0 \xa0 \xa0 \xa0 \xa0 \xa0 \xa0 \xa0 \xa0 \xa0 \xa0 \xa0 \xa0 \xa0 \xa0 \xa0 \xa0 \xa0 \xa0 \xa0 \xa0 \xa0 \xa0 \xa0 (단위 : 원)\n구\xa0 \xa0\xa0 분\n제30기\xa0\n제29기\n제28기\n1. 기초 대손충당금 잔액합계\n95,849,114,691\xa0\n81,975,642,539\n78,428,944,598\n\xa0① 제1039호에 따른 충당금\n91,763,523,886\xa0\n-\xa0\n-\xa0\n\xa0② 제1109호 적용에 따른 조정\n4,085,590,805\xa0\n-\xa0\n-\xa0\n2. 순대손처리액(①－②±③)\n11,003,495,072\xa0\n10,901,596,228\n11,258,839,874\n\xa0① 대손처리액(상각채권액)\n11,337,374,480\xa0\n10,712,952,521\n11,542,144,078\n\xa0② 상각채권회수액\n35,967,248\xa0\n39,573,291\n57,706,267\n\xa0③ 기타증감액\n(297,912,160)\xa0\n228,216,998\n(225,597,937)\n3. 대손상각비 계상(환입)액\n23,306,514,456\xa0\n20,689,477,575\n14,805,537,815\n4. 기말 대손충당금 잔액합계\n108,152,134,075\xa0\n91,763,523,886\n81,975,642,539\n(3) 매출채권관련 대손충당금 설정방침재무상태표일 현재의 매출채권 잔액에 대하여 개별분석 및 과거의 대손경험률에 대한 대손예상액을 기초로 대손충당금을 설정하고 있습니다.[대손충당금 설정기준]ㆍ외상매출금, 일반정상채권:\xa0 연령분석에 의한 회수율 기준ㆍ받을어음, 카드미수금 :\xa0 업체부도시 100%ㆍ렌탈, 멤버쉽미수금: 연령분석에 의한 회수율기준\n(4) 보고기간종료일 현재 연결기업의 매출채권 및 금융리스채권 내역은 다음과 같습니다.\xa0 \xa0 \xa0 \xa0 \xa0 \xa0 \xa0 \xa0 \xa0 \xa0 \xa0 \xa0 \xa0 \xa0 \xa0 \xa0 \xa0 \xa0 \xa0 \xa0 \xa0 \xa0 \xa0 \xa0 \xa0 \xa0 \xa0 \xa0 \xa0 \xa0 \xa0 \xa0 \xa0 \xa0 \xa0 \xa0 \xa0 \xa0 \xa0 \xa0 \xa0 \xa0 \xa0 \xa0 \xa0 \xa0 \xa0 \xa0 \xa0 \xa0 \xa0 (단위 : 천원)\n구\xa0 분\n당기말\n전기말\n유동 :\xa0\n매출채권\xa0\n364,114,805\xa0\n366,441,936\xa0\n\xa0 현재가치할인차금\n(883,601)\n(809,535)\n\xa0 대손충당금\xa0\n(61,431,703)\n(51,061,350)\n금융리스채권\n115,640,491\xa0\n62,022,017\xa0\n\xa0 현재가치할인차금\n(5,998,666)\n(1,207,889)\n\xa0 대손충당금\xa0\n(2,901,193)\n(783,209)\n합\xa0 계\n408,540,133\xa0\n374,601,970\xa0\n비유동 :\xa0\n\u3000\n\u3000\n매출채권\n38,761,535\xa0\n47,518,206\xa0\n\xa0현재가치할인차금\n(2,290,534)\n(2,951,826)\n\xa0대손충당금\n(8,069,052)\n(8,069,052)\n금융리스채권\n338,347,403\xa0\n195,967,625\xa0\n\xa0 현재가치할인차금\n(42,789,742)\n(24,055,457)\n\xa0 대손충당금\n(2,049,730)\n(2,049,730)\n합\xa0 계\n321,909,880\xa0\n206,359,766\xa0\n(5) 보고기간종료일 현재 연체되었으나 손상되지 아니한 매출채권 및 금융리스채권의 연령분석은 다음과 같습니다.\n\xa0 \xa0 \xa0 \xa0 \xa0 \xa0 \xa0 \xa0 \xa0 \xa0 \xa0 \xa0 \xa0 \xa0 \xa0 \xa0 \xa0 \xa0 \xa0 \xa0 \xa0 \xa0 \xa0 \xa0 \xa0 \xa0 \xa0 \xa0 \xa0 \xa0 \xa0 \xa0 \xa0 \xa0 \xa0 \xa0 \xa0 \xa0 \xa0 \xa0 \xa0 \xa0 \xa0 \xa0 \xa0 \xa0 \xa0 \xa0 \xa0 \xa0 \xa0 (단위 : 천원)\n구\xa0 분\n합\xa0 계\n정상채권\n만기경과 미손상금액\n손상차손금액\n6개월 이하\n6개월초과 ~12개월이하\n12개월초과분\n당기말\n856,864,235\xa0\n740,728,378\xa0\n37,076,682\xa0\n3,859,256\xa0\n748,241\xa0\n74,451,678\xa0\n전기말\n671,949,784\xa0\n568,541,374\xa0\n39,863,395\xa0\n1,404,807\xa0\n176,869\xa0\n61,963,341\xa0\n(6) 당기와 전기 중 매출채권 및 금융리스채권에 대한 대손충당금의 변동내역은 다음과 같습니다.\xa0 \xa0 \xa0 \xa0 \xa0 \xa0 \xa0 \xa0 \xa0 \xa0 \xa0 \xa0 \xa0 \xa0 \xa0 \xa0 \xa0 \xa0 \xa0 \xa0 \xa0 \xa0 \xa0 \xa0 \xa0 \xa0 \xa0 \xa0 \xa0 \xa0 \xa0 \xa0 \xa0 \xa0 \xa0 \xa0 \xa0 \xa0 \xa0 \xa0 \xa0 \xa0 \xa0 \xa0 \xa0 \xa0 \xa0 \xa0 \xa0 \xa0 \xa0 (단위 : 천원)\n구\xa0 분\n당\xa0 기\n전\xa0 기\n기초(기준서 제1039호)\n61,963,341\xa0\n56,311,363\xa0\n기초이익잉여금의 조정\n3,952,885\xa0\n-\xa0\n최초적용일 대손충당금(기준서 제1109호)\n65,916,226\xa0\n56,311,363\xa0\n손상된 채권에 대한 손상차손\n19,324,755\xa0\n16,088,928\xa0\n부실채권 제각 및 매각\n(11,179,275)\n(10,628,466)\n상각채권 회수\n35,966\xa0\n39,573\xa0\n외환차이 등\n354,006\xa0\n151,943\xa0\n보고기간 말 금액\xa0\n74,451,678\xa0\n61,963,341\xa0\n3. 재고자산 현황 등\n(1) 최근 3사업연도의 재고자산의 사업부문별 보유현황\xa0 \xa0 \xa0 \xa0 \xa0 \xa0 \xa0 \xa0 \xa0 \xa0 \xa0 \xa0 \xa0 \xa0 \xa0 \xa0 \xa0 \xa0 \xa0 \xa0 \xa0 \xa0 \xa0 \xa0 \xa0 \xa0 \xa0 \xa0 \xa0 \xa0 \xa0 \xa0 \xa0 \xa0 \xa0 \xa0 \xa0 \xa0 \xa0 \xa0 \xa0 \xa0 \xa0 \xa0 \xa0 \xa0 \xa0 \xa0 \xa0\xa0 (단위 : 백만원)\n사업부문\n계정과목\n제30기\n제29기\n제28기\n비고\n렌탈사업 등\n상품\n63,697\n48,216\xa0\n38,574\xa0\n-\n제품\n23,467\n\xa0\xa0 16,454\xa0\n21,562\xa0\n-\n원재료\n6,336\n6,456\xa0\n5,083\xa0\n-\n반제품\n\xa0 469\n\xa0 \xa0 392\xa0\n243\xa0\n-\n기타의재고자산\n\xa08,950\n3,343\xa0\n4,733\xa0\n-\n소\xa0\xa0 계\n102,919\n74,861\xa0\n70,195\xa0\n-\n총자산대비 재고자산 구성비율(%)[재고자산÷기말자산총계×100]\n4.3%\n3.5%\n3.6%\n-\n재고자산회전율(회수)[연환산 매출원가÷{(기초재고＋기말재고)÷2}]\n9.9회\xa0\n11.0회\xa0\n11.6회\n-\n주1) 재고자산회전율은 렌탈영업 특성상 큰 의미가 없음.주2) 연결기준으로 작성하였음.(2) 재고자산의 실사내역 등\n- 최근 재고자산의 실사내역은 다음과 같습니다.1) 재고자산은 계속기록법에 의해서 작성되었음.2) 실사일자 : 2018년 12월 28일, 2018년 12월 29일, 2019년 1월 2일- 계속기록법에 의한 수불부 및 실사기간 중 입,출고 거래 중 샘플링하여 관련 증빙 확인.3) 전문기관 : 한영회계법인4) 실사결과 : 수량 및 품질 이상 없으며, 장기체화재고 등 이상 재고 파악된 바 없음.4. 공정가치 평가 내역 공정가치평가 절차요약- 금융상품연결기업은 여러 활동으로 인한 시장위험(환위험, 공정가치 이자율 위험, 현금흐름 이자율 위험 및 가격위험), 신용위험 및 유동성 위험과 같은 다양한 금융 위험에 노출되어 있습니다. 연결기업의 전반적인 위험관리정책은 금융시장의 예측불가능성에 초점을 맞추고 있으며 재무성과에 잠재적으로 불리할 수 있는 효과를 최소화하는데 중점을 두고 있습니다. \n(1) 보고기간종료일 현재 금융자산과 부채의 장부금액과 공정가치는 다음과 같습니다.\xa0 \xa0 \xa0 \xa0 \xa0 \xa0 \xa0 \xa0 \xa0 \xa0 \xa0 \xa0 \xa0 \xa0 \xa0 \xa0 \xa0 \xa0 \xa0 \xa0 \xa0 \xa0 \xa0 \xa0 \xa0 \xa0 \xa0 \xa0 \xa0 \xa0 \xa0 \xa0 \xa0 \xa0 \xa0 \xa0 \xa0 \xa0 \xa0 \xa0 \xa0 \xa0 \xa0 \xa0 \xa0 \xa0 \xa0 \xa0 \xa0 \xa0 \xa0 (단위 : 천원)\n구\xa0 분\n당기말\n전기말\n장부금액\n공정가치(주1)\n장부금액\n공정가치(주1)\n금융자산\n현금및현금성자산\n69,353,968\xa0\n69,353,968\xa0\n110,298,033\xa0\n110,298,033\xa0\n매출채권\n330,201,451\xa0\n330,201,451\xa0\n351,078,378\xa0\n351,078,378\xa0\n금융리스채권\n400,248,563\xa0\n400,248,563\xa0\n229,893,357\xa0\n229,893,357\xa0\n기타금융자산\n70,519,408\xa0\n70,519,408\xa0\n70,611,138\xa0\n70,611,138\xa0\n매도가능금융자산\n-\xa0\n-\xa0\n2,465,025\xa0\n2,465,025\xa0\n당기손익 - 공정가치 측정 금융자산\n1,218,198\xa0\n1,218,198\xa0\n-\xa0\n-\xa0\n기타포괄손익 - 공정가치 측정 금융자산\n365,431\xa0\n365,431\xa0\n-\xa0\n-\xa0\n합\xa0 계\n871,907,019\xa0\n871,907,019\xa0\n764,345,931\xa0\n764,345,931\xa0\n금융부채\n매입채무\n60,649,430\xa0\n60,649,430\xa0\n54,187,946\xa0\n54,187,946\xa0\n차입금\n741,633,000\xa0\n741,633,000\xa0\n682,303,000\xa0\n682,303,000\xa0\n기타금융부채\n190,652,796\xa0\n190,652,796\xa0\n198,255,700\xa0\n198,255,700\xa0\n합\xa0 계\n992,935,226\xa0\n992,935,226\xa0\n934,746,646\xa0\n934,746,646\xa0\n(주1) 연결기업은 연결재무제표에 상각후원가로 인식되는 금융자산 및 금융부채의 장부금액은 공정가치와 유사하다고 판단하고 있습니다. \n(2) 공정가치 서열체계연결기업은 공정가치측정에 사용된 투입변수의 유의성을 반영하는 공정가치 서열체계에 따라 공정가치측정치를 분류하고 있으며, 공정가치 서열체계의 수준은 다음과 같습니다.\xa0\n구\xa0 분\n투입변수의 유의성\n수준 1\n동일한 자산이나 부채에 대한 활성시장의 공시가격\n수준 2\xa0\n직접적으로 또는 간접적으로 관측가능한, 자산이나 부채에 대한 투입변수\n수준 3\n관측가능한 시장자료에 기초하지 않은, 자산이나 부채에 대한 투입변수\n보고기간종료일 현재 금융상품의 수준별 공정가치 측정치는 다음과 같습니다.<당기말>\n\xa0 \xa0 \xa0 \xa0 \xa0 \xa0 \xa0 \xa0 \xa0 \xa0 \xa0 \xa0 \xa0 \xa0 \xa0 \xa0 \xa0 \xa0 \xa0 \xa0 \xa0 \xa0 \xa0 \xa0 \xa0 \xa0 \xa0 \xa0 \xa0 \xa0 \xa0 \xa0 \xa0 \xa0 \xa0 \xa0 \xa0 \xa0 \xa0 \xa0 \xa0 \xa0 \xa0 \xa0 \xa0 \xa0 \xa0 \xa0 \xa0 \xa0 \xa0 (단위 : 천원)\n구\xa0 분\n수준 1\n수준 2\n수준 3\n합 계\n금융자산\n\xa0현금및현금성자산\n223,869\xa0\n69,130,099\xa0\n-\xa0\n69,353,968\xa0\n\xa0매출채권\n-\xa0\n-\xa0\n330,201,450\xa0\n330,201,450\xa0\n\xa0금융리스채권\n-\xa0\n-\xa0\n400,248,563\xa0\n400,248,563\xa0\n\xa0단기대여금\n-\xa0\n-\xa0\n46,371\xa0\n46,371\xa0\n\xa0미수금\n-\xa0\n-\xa0\n14,258,816\xa0\n14,258,816\xa0\n\xa0장기금융상품\n-\xa0\n8,324,536\xa0\n-\xa0\n8,324,536\xa0\n\xa0장기미수금\n\u3000\n\u3000\n1,216,600\xa0\n1,216,600\xa0\n\xa0장기보증금\n\xa0-\n-\xa0\n46,673,085\xa0\n46,673,085\xa0\n당기손익 - 공정가치 측정 금융자산\n\u3000\n\u3000\n1,218,198\xa0\n1,218,198\xa0\n기타포괄손익 - 공정가치 측정 금융자산\n-\xa0\n-\xa0\n365,431\xa0\n365,431\xa0\n금융부채\n\xa0매입채무\n-\xa0\n-\xa0\n62,483,455\xa0\n62,483,455\xa0\n\xa0미지급금\n-\xa0\n-\xa0\n160,606,987\xa0\n160,606,987\xa0\n\xa0미지급비용\n-\xa0\n-\xa0\n28,415,970\xa0\n28,415,970\xa0\n\xa0단기차입금\n-\xa0\n731,112,000\xa0\n-\xa0\n731,112,000\xa0\n\xa0장기미지급금\n-\xa0\n-\xa0\n379,447\xa0\n379,447\xa0\n\xa0장기차입금\n-\xa0\n10,521,000\xa0\n-\xa0\n10,521,000\xa0\n\xa0예수보증금\n-\xa0\n-\xa0\n15,778\xa0\n15,778\xa0\n\xa0렌탈보증금\n-\xa0\n-\xa0\n1,227,802\xa0\n1,227,802\xa0\n\xa0기타\n-\xa0\n-\xa0\n6,812\xa0\n6,812\xa0\n<전기말>\n\xa0 \xa0 \xa0 \xa0 \xa0 \xa0 \xa0 \xa0 \xa0 \xa0 \xa0 \xa0 \xa0 \xa0 \xa0 \xa0 \xa0 \xa0 \xa0 \xa0 \xa0 \xa0 \xa0 \xa0 \xa0 \xa0 \xa0 \xa0 \xa0 \xa0 \xa0 \xa0 \xa0 \xa0 \xa0 \xa0 \xa0 \xa0 \xa0 \xa0 \xa0 \xa0 \xa0 \xa0 \xa0 \xa0 \xa0 \xa0 \xa0 \xa0 \xa0 (단위 : 천원)\n구\xa0 분\n수준 1\n수준 2\n수준 3\n합 계\n금융자산\n\xa0현금및현금성자산\n463,662\xa0\n109,834,371\xa0\n-\xa0\n110,298,033\xa0\n\xa0매출채권\n-\xa0\n-\xa0\n351,068,378\xa0\n351,068,378\xa0\n\xa0금융리스채권\n-\xa0\n-\xa0\n229,893,357\xa0\n229,893,357\xa0\n\xa0단기대여금\n-\xa0\n-\xa0\n58,062\xa0\n58,062\xa0\n\xa0미수금\n-\xa0\n-\xa0\n16,782,838\xa0\n16,782,838\xa0\n\xa0장기금융상품\n-\xa0\n8,323,309\xa0\n-\xa0\n8,323,309\xa0\n\xa0장기보증금\n\xa0-\xa0\n-\xa0\n45,446,929\xa0\n45,446,929\xa0\n\xa0매도가능금융자산\n-\xa0\n-\xa0\n2,465,025\xa0\n2,465,025\xa0\n금융부채\n\xa0매입채무\n-\xa0\n-\xa0\n54,187,946\xa0\n54,187,946\xa0\n\xa0미지급금\n-\xa0\n-\xa0\n166,024,984\xa0\n166,024,984\xa0\n\xa0미지급비용\n-\xa0\n-\xa0\n30,319,814\xa0\n30,319,814\xa0\n\xa0단기차입금\n-\xa0\n670,000,000\xa0\n-\xa0\n670,000,000\xa0\n\xa0장기미지급금\n-\xa0\n-\xa0\n819,185\xa0\n819,185\xa0\n\xa0장기차입금\n-\xa0\n12,303,000\xa0\n-\xa0\n12,303,000\xa0\n\xa0예수보증금\n-\xa0\n-\xa0\n69,726\xa0\n69,726\xa0\n\xa0렌탈보증금\n-\xa0\n-\xa0\n1,173,027\xa0\n1,173,027\xa0\n\xa0기타\n-\xa0\n-\xa0\n48,964\xa0\n48,964\xa0\n활성시장에서 거래되는 금융상품의 공정가치는 보고기간 종료일 현재 고시되는 시장가격에 기초하여 산정됩니다. 거래소, 판매자, 중개인, 산업집단, 평가기관 또는 감독기관을 통해 공시가격이 용이하게 그리고 정기적으로 이용가능하고, 그러한 가격이 독립된 당사자 사이에서 정기적으로 발생한 실제 시장거래를 나타낸다면, 이를 활성시장으로 간주합니다. 연결기업이 보유하고 있는 금융자산의 공시되는 시장가격은 매입호가입니다. 이러한 상품들은 수준 1에 포함됩니다. 수준 1에 포함된 상품들은 대부분 단기매매 또는 매도가능으로 분류된 KOSPI 주가지수, KOSDAQ 주가지수에속한 상장된 지분상품으로 구성됩니다.\r\n활성시장에서 거래되지 아니하는 금융상품(예: 장외파생상품)의 공정가치는 평가기법을 사용하여 결정하고 있습니다. 이러한 평가기법은 가능한 한 관측가능한 시장정보를 최대한 사용하고 기업특유정보를 최소한으로 사용합니다. 이때, 해당 상품의 공정가치 측정에 요구되는 모든 유의적인 투입변수가 관측가능하다면 해당 상품은 수준 2에 포함됩니다.\n만약 하나 이상의 유의적인 투입변수가 관측가능한 시장정보에 기초한 것이 아니라면 해당 상품은 수준 3에 포함됩니다.\n금융상품의 공정가치를 측정하는 데에 사용되는 평가기법에는 다음이 포함됩니다.\n- 유사한 상품의 공시시장가격 또는 딜러가격\n- 이자율스왑의 공정가치는 관측가능한 수익률곡선에 따른 미래 추정 현금흐름의 현재가치로 계산\n- 선물환의 공정가치는 보고기간 말 현재의 선도환율을 사용하여 해당 금액을 현재가치로 할인하여 측정\n- 나머지 금융상품에 대해서는 현금흐름의 할인기법 등의 기타 기법 사용\n(3) 공정가치로 측정되는 금융상품 중 공정가치 수준 3에 해당하는 금융상품의 공정가치 변동내역은 다음과 같습니다.\xa0 \xa0 \xa0 \xa0 \xa0 \xa0 \xa0 \xa0 \xa0 \xa0 \xa0 \xa0 \xa0 \xa0 \xa0 \xa0 \xa0 \xa0 \xa0 \xa0 \xa0 \xa0 \xa0 \xa0 \xa0 \xa0 \xa0 \xa0 \xa0 \xa0 \xa0 \xa0 \xa0 \xa0 \xa0 \xa0 \xa0 \xa0 \xa0 \xa0 \xa0 \xa0 \xa0 \xa0 \xa0 \xa0 \xa0 \xa0 \xa0 \xa0 \xa0 (단위 : 천원)\n구\xa0 분\n매도가능금융자산\n당\xa0 기\n전\xa0 기\xa0\n기초 잔액\xa0\n1,161,427\n1,147,929\xa0\n기타포괄손익으로 인식된 손익\n-\n13,498\xa0\n기타\n13,971\n-\xa0\n기말 잔액\xa0\n1,175,398\n1,161,427\xa0\n(4) 매도가능금융자산 중 원가로 측정된 내역은 다음과 같습니다.\xa0 \xa0 \xa0 \xa0 \xa0 \xa0 \xa0 \xa0 \xa0 \xa0 \xa0 \xa0 \xa0 \xa0 \xa0 \xa0 \xa0 \xa0 \xa0 \xa0 \xa0 \xa0 \xa0 \xa0 \xa0 \xa0 \xa0 \xa0 \xa0 \xa0 \xa0 \xa0 \xa0 \xa0 \xa0 \xa0 \xa0 \xa0 \xa0 \xa0 \xa0 \xa0 \xa0 \xa0 \xa0 \xa0 \xa0 \xa0 \xa0 \xa0 \xa0 (단위 : 천원)\n금융상품 범주\n회사명\n당기말\n전기말\n매도가능금융자산\n맥사이언스\n327,405\n1,133,760\xa0\nNEX텔레콤\n9,504\n98,516\xa0\n나비스토리\n27,889\n27,889\xa0\n전기공사공제조합\n37,500\n37,500\xa0\n기타\n5,932\n5,932\xa0\n합 계\n408,229\n1,303,597\xa0\n금융상품의 공정가치 중 활성시장에서 거래되는 금융상품을 제외한 금융상품의 공정가치는 다음과 같은 평가기법을 적용하여 산출하였습니다.\n구 분\n평가기법\n현금및현금성자산\n현금은 장부금액과 공정가치가 동일하며, 현금성자산은 수시 입출금이 가능한 보통예금 또는 만기가 3개월 이내에 도래하는 정기예금 등으로 장부금액을 공정가치의 대용치로 사용하였습니다.\n매출채권 및 기타금융자산\n단기성채권에 해당되는 매출채권, 미수금 등의 경우 장부금액을 공정가치의 대용치로 사용하였습니다.\n매입채무 및 기타금융부채\n단기성채무에 해당되는 매입채무, 미지급금 등의 경우 장부금액을 공정가치의 대용치로 사용하였습니다.\n차입금\n만기가 발행일로부터 1년이내인 차입금의 경우 장부금액을 공정가치의 대용치로 사용하였으며, 만기가 발행일로부터 1년이상인 차입금의 경우 예상되는 기대미래현금흐름을 시장이자율과 거래상대방의 신용위험 등을 고려한 할인율로 할인하여 산출하였습니다.\n당기\xa0중 연결기업의 금융자산과\xa0금융부채의 공정가치에 영향을 미치는 사업환경 및 경제적인 환경의 유의적인 변동은 없습니다.\n5. 채무증권 발행실적\n(기준일 :\xa0\n2018년 12월 31일\n)\n(단위 : 백만원, %)\n발행회사\n증권종류\n발행방법\n발행일자\n권면총액\n이자율\n평가등급(평가기관)\n만기일\n상환여부\n주관회사\n코웨이(주)\n기업어음증권\n사모\n2018년 02월 27일\n10,000\n2.28\nA2+(NICE신용평가)A2+(한국기업평가)\n2018년 11월 27일\n상환\n한국투자증권\n코웨이(주)\n기업어음증권\n사모\n2018년 02월 27일\n10,000\n2.28\nA2+(NICE신용평가)A2+(한국기업평가)\n2018년 11월 27일\n상환\n한국투자증권\n코웨이(주)\n기업어음증권\n사모\n2018년 02월 27일\n10,000\n2.28\nA2+(NICE신용평가)A2+(한국기업평가)\n2018년 11월 27일\n상환\n한국투자증권\n코웨이(주)\n기업어음증권\n사모\n2018년 02월 27일\n10,000\n2.28\nA2+(NICE신용평가)A2+(한국기업평가)\n2018년 11월 27일\n상환\n한국투자증권\n코웨이(주)\n기업어음증권\n사모\n2018년 02월 27일\n10,000\n2.28\nA2+(NICE신용평가)A2+(한국기업평가)\n2018년 11월 27일\n상환\n한국투자증권\n코웨이(주)\n기업어음증권\n사모\n2018년 02월 27일\n10,000\n2.28\nA2+(NICE신용평가)A2+(한국기업평가)\n2018년 11월 13일\n상환\n신한은행\n코웨이(주)\n기업어음증권\n사모\n2018년 02월 27일\n10,000\n2.28\nA2+(NICE신용평가)A2+(한국기업평가)\n2018년 11월 13일\n상환\n신한은행\n코웨이(주)\n기업어음증권\n사모\n2018년 02월 27일\n10,000\n2.28\nA2+(NICE신용평가)A2+(한국기업평가)\n2018년 11월 13일\n상환\n신한은행\n코웨이(주)\n기업어음증권\n사모\n2018년 02월 27일\n10,000\n2.28\nA2+(NICE신용평가)A2+(한국기업평가)\n2018년 11월 13일\n상환\n신한은행\n코웨이(주)\n기업어음증권\n사모\n2018년 02월 27일\n10,000\n2.28\nA2+(NICE신용평가)A2+(한국기업평가)\n2018년 11월 13일\n상환\n신한은행\n코웨이(주)\n기업어음증권\n사모\n2018년 02월 27일\n10,000\n2.28\nA2+(NICE신용평가)A2+(한국기업평가)\n2018년 11월 13일\n상환\n신한은행\n코웨이(주)\n기업어음증권\n사모\n2018년 04월 06일\n10,000\n2.46\nA2+(NICE신용평가)A2+(한국기업평가)\n2019년 04월 05일\n미상환\n신한은행\n코웨이(주)\n기업어음증권\n사모\n2018년 04월 06일\n10,000\n2.46\nA2+(NICE신용평가)A2+(한국기업평가)\n2019년 04월 05일\n미상환\n신한은행\n코웨이(주)\n기업어음증권\n사모\n2018년 04월 06일\n10,000\n2.46\nA2+(NICE신용평가)A2+(한국기업평가)\n2019년 04월 05일\n미상환\n신한은행\n코웨이(주)\n기업어음증권\n사모\n2018년 04월 06일\n10,000\n2.46\nA2+(NICE신용평가)A2+(한국기업평가)\n2019년 04월 05일\n미상환\n신한은행\n코웨이(주)\n기업어음증권\n사모\n2018년 04월 06일\n10,000\n2.46\nA2+(NICE신용평가)A2+(한국기업평가)\n2019년 04월 05일\n미상환\n신한은행\n코웨이(주)\n기업어음증권\n사모\n2018년 04월 06일\n10,000\n2.17\nA2+(NICE신용평가)A2+(한국기업평가)\n2018년 11월 09일\n상환\nKB증권㈜\n코웨이(주)\n기업어음증권\n사모\n2018년 04월 06일\n10,000\n2.17\nA2+(NICE신용평가)A2+(한국기업평가)\n2018년 11월 09일\n상환\nKB증권㈜\n코웨이(주)\n기업어음증권\n사모\n2018년 04월 06일\n10,000\n2.17\nA2+(NICE신용평가)A2+(한국기업평가)\n2018년 11월 09일\n상환\nKB증권㈜\n코웨이(주)\n기업어음증권\n사모\n2018년 04월 06일\n5,000\n2.45\nA2+(NICE신용평가)A2+(한국기업평가)\n2019년 04월 05일\n미상환\nKB증권㈜\n코웨이(주)\n기업어음증권\n사모\n2018년 04월 06일\n5,000\n2.45\nA2+(NICE신용평가)A2+(한국기업평가)\n2019년 04월 05일\n미상환\nKB증권㈜\n코웨이(주)\n기업어음증권\n사모\n2018년 04월 06일\n5,000\n2.45\nA2+(NICE신용평가)A2+(한국기업평가)\n2019년 04월 05일\n미상환\nKB증권㈜\n코웨이(주)\n기업어음증권\n사모\n2018년 04월 06일\n5,000\n2.45\nA2+(NICE신용평가)A2+(한국기업평가)\n2019년 04월 05일\n미상환\nKB증권㈜\n코웨이(주)\n기업어음증권\n사모\n2018년 04월 09일\n10,000\n2.17\nA2+(NICE신용평가)A2+(한국기업평가)\n2018년 11월 13일\n상환\n우리종합금융\n코웨이(주)\n기업어음증권\n사모\n2018년 04월 09일\n10,000\n2.46\nA2+(NICE신용평가)A2+(한국기업평가)\n2019년 04월 08일\n미상환\n우리종합금융\n코웨이(주)\n기업어음증권\n사모\n2018년 04월 11일\n10,000\n2.48\nA2+(NICE신용평가)A2+(한국기업평가)\n2019년 04월 10일\n미상환\n한국투자증권\n코웨이(주)\n기업어음증권\n사모\n2018년 04월 11일\n10,000\n2.48\nA2+(NICE신용평가)A2+(한국기업평가)\n2019년 04월 10일\n미상환\n한국투자증권\n코웨이(주)\n기업어음증권\n사모\n2018년 04월 11일\n10,000\n2.48\nA2+(NICE신용평가)A2+(한국기업평가)\n2019년 04월 10일\n미상환\n한국투자증권\n코웨이(주)\n기업어음증권\n사모\n2018년 04월 11일\n10,000\n2.48\nA2+(NICE신용평가)A2+(한국기업평가)\n2019년 04월 10일\n미상환\n한국투자증권\n코웨이(주)\n기업어음증권\n사모\n2018년 04월 11일\n10,000\n2.48\nA2+(NICE신용평가)A2+(한국기업평가)\n2019년 04월 10일\n미상환\n한국투자증권\n코웨이(주)\n기업어음증권\n사모\n2018년 04월 11일\n10,000\n2.48\nA2+(NICE신용평가)A2+(한국기업평가)\n2019년 04월 10일\n미상환\n한국투자증권\n코웨이(주)\n기업어음증권\n사모\n2018년 04월 11일\n5,000\n2.48\nA2+(NICE신용평가)A2+(한국기업평가)\n2019년 04월 10일\n미상환\n한국투자증권\n코웨이(주)\n기업어음증권\n사모\n2018년 04월 11일\n5,000\n2.48\nA2+(NICE신용평가)A2+(한국기업평가)\n2019년 04월 10일\n미상환\n한국투자증권\n코웨이(주)\n기업어음증권\n사모\n2018년 04월 11일\n5,000\n2.48\nA2+(NICE신용평가)A2+(한국기업평가)\n2019년 04월 10일\n미상환\n한국투자증권\n코웨이(주)\n기업어음증권\n사모\n2018년 04월 11일\n5,000\n2.48\nA2+(NICE신용평가)A2+(한국기업평가)\n2019년 04월 10일\n미상환\n한국투자증권\n코웨이(주)\n기업어음증권\n사모\n2018년 04월 11일\n5,000\n2.48\nA2+(NICE신용평가)A2+(한국기업평가)\n2019년 04월 10일\n미상환\n한국투자증권\n코웨이(주)\n기업어음증권\n사모\n2018년 04월 11일\n5,000\n2.48\nA2+(NICE신용평가)A2+(한국기업평가)\n2019년 04월 10일\n미상환\n한국투자증권\n코웨이(주)\n기업어음증권\n사모\n2018년 04월 11일\n7,000\n2.48\nA2+(NICE신용평가)A2+(한국기업평가)\n2019년 04월 10일\n미상환\n한국투자증권\n코웨이(주)\n기업어음증권\n사모\n2018년 04월 11일\n3,000\n2.48\nA2+(NICE신용평가)A2+(한국기업평가)\n2019년 04월 10일\n미상환\n한국투자증권\n코웨이(주)\n기업어음증권\n사모\n2018년 04월 11일\n10,000\n2.17\nA2+(NICE신용평가)A2+(한국기업평가)\n2018년 11월 13일\n상환\n부국증권\n코웨이(주)\n기업어음증권\n사모\n2018년 04월 11일\n10,000\n2.17\nA2+(NICE신용평가)A2+(한국기업평가)\n2018년 11월 13일\n상환\n부국증권\n코웨이(주)\n기업어음증권\n사모\n2018년 04월 11일\n10,000\n2.17\nA2+(NICE신용평가)A2+(한국기업평가)\n2018년 11월 13일\n상환\n부국증권\n코웨이(주)\n기업어음증권\n사모\n2018년 04월 11일\n10,000\n2.17\nA2+(NICE신용평가)A2+(한국기업평가)\n2018년 11월 13일\n상환\n부국증권\n코웨이(주)\n기업어음증권\n사모\n2018년 04월 11일\n10,000\n2.17\nA2+(NICE신용평가)A2+(한국기업평가)\n2018년 11월 13일\n상환\n부국증권\n코웨이(주)\n기업어음증권\n사모\n2018년 04월 27일\n10,000\n2.45\nA2+(NICE신용평가)A2+(한국기업평가)\n2019년 04월 26일\n미상환\n신한은행\n코웨이(주)\n기업어음증권\n사모\n2018년 04월 27일\n10,000\n2.45\nA2+(NICE신용평가)A2+(한국기업평가)\n2019년 04월 26일\n미상환\n신한은행\n코웨이(주)\n기업어음증권\n사모\n2018년 04월 27일\n10,000\n2.45\nA2+(NICE신용평가)A2+(한국기업평가)\n2019년 04월 26일\n미상환\n신한은행\n코웨이(주)\n기업어음증권\n사모\n2018년 04월 27일\n10,000\n2.45\nA2+(NICE신용평가)A2+(한국기업평가)\n2019년 04월 26일\n미상환\n신한은행\n코웨이(주)\n기업어음증권\n사모\n2018년 04월 27일\n10,000\n2.45\nA2+(NICE신용평가)A2+(한국기업평가)\n2019년 04월 26일\n미상환\n신한은행\n코웨이(주)\n기업어음증권\n사모\n2018년 04월 27일\n10,000\n2.45\nA2+(NICE신용평가)A2+(한국기업평가)\n2019년 04월 26일\n미상환\n삼성증권\n코웨이(주)\n기업어음증권\n사모\n2018년 04월 27일\n10,000\n2.45\nA2+(NICE신용평가)A2+(한국기업평가)\n2019년 04월 26일\n미상환\n삼성증권\n코웨이(주)\n기업어음증권\n사모\n2018년 04월 27일\n5,000\n2.45\nA2+(NICE신용평가)A2+(한국기업평가)\n2019년 04월 26일\n미상환\n삼성증권\n코웨이(주)\n기업어음증권\n사모\n2018년 04월 27일\n5,000\n2.45\nA2+(NICE신용평가)A2+(한국기업평가)\n2019년 04월 26일\n미상환\n삼성증권\n코웨이(주)\n기업어음증권\n사모\n2018년 08월 09일\n10,000\n2.32\nA2+(한국신용평가)\nA2+(한국기업평가)\n2019년 08월 08일\n미상환\n한국투자증권\n코웨이(주)\n기업어음증권\n사모\n2018년 08월 09일\n10,000\n2.32\nA2+(한국신용평가)\nA2+(한국기업평가)\n2019년 08월 08일\n미상환\n한국투자증권\n코웨이(주)\n기업어음증권\n사모\n2018년 08월 09일\n10,000\n2.32\nA2+(한국신용평가)\nA2+(한국기업평가)\n2019년 08월 08일\n미상환\n한국투자증권\n코웨이(주)\n기업어음증권\n사모\n2018년 08월 09일\n10,000\n2.32\nA2+(한국신용평가)\nA2+(한국기업평가)\n2019년 08월 08일\n미상환\n한국투자증권\n코웨이(주)\n기업어음증권\n사모\n2018년 08월 09일\n10,000\n2.32\nA2+(한국신용평가)\nA2+(한국기업평가)\n2019년 08월 08일\n미상환\n한국투자증권\n코웨이(주)\n기업어음증권\n사모\n2018년 08월 09일\n10,000\n2.32\nA2+(한국신용평가)\nA2+(한국기업평가)\n2019년 08월 08일\n미상환\n한국투자증권\n코웨이(주)\n기업어음증권\n사모\n2018년 08월 16일\n10,000\n2.32\nA2+(한국신용평가)\nA2+(한국기업평가)\n2019년 08월 14일\n미상환\n한국투자증권\n코웨이(주)\n기업어음증권\n사모\n2018년 08월 16일\n10,000\n2.32\nA2+(한국신용평가)\nA2+(한국기업평가)\n2019년 08월 14일\n미상환\n한국투자증권\n코웨이(주)\n기업어음증권\n사모\n2018년 08월 16일\n10,000\n2.32\nA2+(한국신용평가)\nA2+(한국기업평가)\n2019년 08월 14일\n미상환\n한국투자증권\n코웨이(주)\n기업어음증권\n사모\n2018년 08월 16일\n10,000\n2.32\nA2+(한국신용평가)\nA2+(한국기업평가)\n2019년 08월 14일\n미상환\n한국투자증권\n코웨이(주)\n기업어음증권\n사모\n2018년 08월 16일\n10,000\n2.32\nA2+(한국신용평가)\nA2+(한국기업평가)\n2019년 08월 14일\n미상환\n한국투자증권\n코웨이(주)\n기업어음증권\n사모\n2018년 08월 16일\n10,000\n2.32\nA2+(한국신용평가)\nA2+(한국기업평가)\n2019년 08월 14일\n미상환\n한국투자증권\n코웨이(주)\n기업어음증권\n사모\n2018년 08월 16일\n10,000\n2.32\nA2+(한국신용평가)\nA2+(한국기업평가)\n2019년 08월 14일\n미상환\n한국투자증권\n코웨이(주)\n기업어음증권\n사모\n2018년 08월 16일\n10,000\n2.32\nA2+(한국신용평가)\nA2+(한국기업평가)\n2019년 08월 14일\n미상환\n한국투자증권\n코웨이(주)\n기업어음증권\n사모\n2018년 08월 28일\n10,000\n2.32\nA2+(한국신용평가)\nA2+(한국기업평가)\n2019년 08월 27일\n미상환\nKB증권㈜\n코웨이(주)\n기업어음증권\n사모\n2018년 08월 28일\n10,000\n2.32\nA2+(한국신용평가)\nA2+(한국기업평가)\n2019년 08월 27일\n미상환\nKB증권㈜\n코웨이(주)\n기업어음증권\n사모\n2018년 08월 28일\n10,000\n2.32\nA2+(한국신용평가)\nA2+(한국기업평가)\n2019년 08월 27일\n미상환\nKB증권㈜\n코웨이(주)\n기업어음증권\n사모\n2018년 08월 28일\n10,000\n2.32\nA2+(한국신용평가)\nA2+(한국기업평가)\n2019년 08월 27일\n미상환\nKB증권㈜\n코웨이(주)\n기업어음증권\n사모\n2018년 08월 28일\n5,000\n2.32\nA2+(한국신용평가)\nA2+(한국기업평가)\n2019년 08월 27일\n미상환\nKB증권㈜\n코웨이(주)\n기업어음증권\n사모\n2018년 08월 28일\n5,000\n2.32\nA2+(한국신용평가)\nA2+(한국기업평가)\n2019년 08월 27일\n미상환\nKB증권㈜\n코웨이(주)\n기업어음증권\n사모\n2018년 08월 28일\n5,000\n2.32\nA2+(한국신용평가)\nA2+(한국기업평가)\n2019년 08월 27일\n미상환\nKB증권㈜\n코웨이(주)\n기업어음증권\n사모\n2018년 08월 28일\n5,000\n2.32\nA2+(한국신용평가)\nA2+(한국기업평가)\n2019년 08월 27일\n미상환\nKB증권㈜\n코웨이(주)\n기업어음증권\n사모\n2018년 11월 09일\n10,000\n2.49\nA2+(한국신용평가)\nA2+(한국기업평가)\n2019년 11월 08일\n미상환\nKB증권㈜\n코웨이(주)\n기업어음증권\n사모\n2018년 11월 09일\n10,000\n2.49\nA2+(한국신용평가)\nA2+(한국기업평가)\n2019년 11월 08일\n미상환\nKB증권㈜\n코웨이(주)\n기업어음증권\n사모\n2018년 11월 09일\n5,000\n2.49\nA2+(한국신용평가)\nA2+(한국기업평가)\n2019년 11월 08일\n미상환\nKB증권㈜\n코웨이(주)\n기업어음증권\n사모\n2018년 11월 09일\n5,000\n2.49\nA2+(한국신용평가)\nA2+(한국기업평가)\n2019년 11월 08일\n미상환\nKB증권㈜\n코웨이(주)\n기업어음증권\n사모\n2018년 11월 13일\n5,000\n2.53\nA2+(한국신용평가)\nA2+(한국기업평가)\n2019년 11월 12일\n미상환\n한국투자증권\n코웨이(주)\n기업어음증권\n사모\n2018년 11월 13일\n5,000\n2.53\nA2+(한국신용평가)\nA2+(한국기업평가)\n2019년 11월 12일\n미상환\n한국투자증권\n코웨이(주)\n기업어음증권\n사모\n2018년 11월 13일\n5,000\n2.53\nA2+(한국신용평가)\nA2+(한국기업평가)\n2019년 11월 12일\n미상환\n한국투자증권\n코웨이(주)\n기업어음증권\n사모\n2018년 11월 13일\n5,000\n2.53\nA2+(한국신용평가)\nA2+(한국기업평가)\n2019년 11월 12일\n미상환\n한국투자증권\n코웨이(주)\n기업어음증권\n사모\n2018년 11월 13일\n5,000\n2.53\nA2+(한국신용평가)\nA2+(한국기업평가)\n2019년 11월 12일\n미상환\n한국투자증권\n코웨이(주)\n기업어음증권\n사모\n2018년 11월 13일\n5,000\n2.53\nA2+(한국신용평가)\nA2+(한국기업평가)\n2019년 11월 12일\n미상환\n한국투자증권\n코웨이(주)\n기업어음증권\n사모\n2018년 11월 13일\n5,000\n2.53\nA2+(한국신용평가)\nA2+(한국기업평가)\n2019년 11월 12일\n미상환\n한국투자증권\n코웨이(주)\n기업어음증권\n사모\n2018년 11월 13일\n5,000\n2.53\nA2+(한국신용평가)\nA2+(한국기업평가)\n2019년 11월 12일\n미상환\n한국투자증권\n코웨이(주)\n기업어음증권\n사모\n2018년 11월 13일\n5,000\n2.53\nA2+(한국신용평가)\nA2+(한국기업평가)\n2019년 11월 12일\n미상환\n한국투자증권\n코웨이(주)\n기업어음증권\n사모\n2018년 11월 13일\n5,000\n2.53\nA2+(한국신용평가)\nA2+(한국기업평가)\n2019년 11월 12일\n미상환\n한국투자증권\n코웨이(주)\n기업어음증권\n사모\n2018년 11월 13일\n5,000\n2.53\nA2+(한국신용평가)\nA2+(한국기업평가)\n2019년 11월 12일\n미상환\n한국투자증권\n코웨이(주)\n기업어음증권\n사모\n2018년 11월 13일\n5,000\n2.53\nA2+(한국신용평가)\nA2+(한국기업평가)\n2019년 11월 12일\n미상환\n한국투자증권\n코웨이(주)\n기업어음증권\n사모\n2018년 11월 13일\n5,000\n2.53\nA2+(한국신용평가)\nA2+(한국기업평가)\n2019년 11월 12일\n미상환\nKB증권㈜\n코웨이(주)\n기업어음증권\n사모\n2018년 11월 13일\n5,000\n2.53\nA2+(한국신용평가)\nA2+(한국기업평가)\n2019년 11월 12일\n미상환\nKB증권㈜\n코웨이(주)\n기업어음증권\n사모\n2018년 11월 13일\n5,000\n2.53\nA2+(한국신용평가)\nA2+(한국기업평가)\n2019년 11월 12일\n미상환\nKB증권㈜\n코웨이(주)\n기업어음증권\n사모\n2018년 11월 13일\n5,000\n2.53\nA2+(한국신용평가)\nA2+(한국기업평가)\n2019년 11월 12일\n미상환\nKB증권㈜\n코웨이(주)\n기업어음증권\n사모\n2018년 11월 13일\n5,000\n2.53\nA2+(한국신용평가)\nA2+(한국기업평가)\n2019년 11월 12일\n미상환\nKB증권㈜\n코웨이(주)\n기업어음증권\n사모\n2018년 11월 13일\n5,000\n2.53\nA2+(한국신용평가)\nA2+(한국기업평가)\n2019년 11월 12일\n미상환\nKB증권㈜\n코웨이(주)\n기업어음증권\n사모\n2018년 11월 13일\n5,000\n2.53\nA2+(한국신용평가)\nA2+(한국기업평가)\n2019년 11월 12일\n미상환\nKB증권㈜\n코웨이(주)\n기업어음증권\n사모\n2018년 11월 13일\n5,000\n2.53\nA2+(한국신용평가)\nA2+(한국기업평가)\n2019년 11월 12일\n미상환\nKB증권㈜\n코웨이(주)\n기업어음증권\n사모\n2018년 11월 13일\n5,000\n2.53\nA2+(한국신용평가)\nA2+(한국기업평가)\n2019년 11월 12일\n미상환\nKB증권㈜\n코웨이(주)\n기업어음증권\n사모\n2018년 11월 13일\n5,000\n2.53\nA2+(한국신용평가)\nA2+(한국기업평가)\n2019년 11월 12일\n미상환\nKB증권㈜\n코웨이(주)\n기업어음증권\n사모\n2018년 11월 13일\n5,000\n2.53\nA2+(한국신용평가)\nA2+(한국기업평가)\n2019년 11월 12일\n미상환\nKB증권㈜\n코웨이(주)\n기업어음증권\n사모\n2018년 11월 13일\n5,000\n2.53\nA2+(한국신용평가)\nA2+(한국기업평가)\n2019년 11월 12일\n미상환\nKB증권㈜\n코웨이(주)\n기업어음증권\n사모\n2018년 11월 27일\n5,000\n2.59\nA2+(한국신용평가)\nA2+(한국기업평가)\n2018년 12월 27일\n상환\n한국투자증권\n코웨이(주)\n기업어음증권\n사모\n2018년 11월 27일\n5,000\n2.59\nA2+(한국신용평가)\nA2+(한국기업평가)\n2018년 12월 27일\n상환\n한국투자증권\n코웨이(주)\n기업어음증권\n사모\n2018년 11월 27일\n5,000\n2.59\nA2+(한국신용평가)\nA2+(한국기업평가)\n2018년 12월 27일\n상환\n한국투자증권\n코웨이(주)\n기업어음증권\n사모\n2018년 11월 27일\n5,000\n2.59\nA2+(한국신용평가)\nA2+(한국기업평가)\n2018년 12월 27일\n상환\n한국투자증권\n코웨이(주)\n기업어음증권\n사모\n2018년 11월 27일\n5,000\n2.59\nA2+(한국신용평가)\nA2+(한국기업평가)\n2019년 11월 26일\n미상환\n한국투자증권\n코웨이(주)\n기업어음증권\n사모\n2018년 11월 27일\n5,000\n2.59\nA2+(한국신용평가)\nA2+(한국기업평가)\n2019년 11월 26일\n미상환\n한국투자증권\n코웨이(주)\n기업어음증권\n사모\n2018년 11월 27일\n5,000\n2.59\nA2+(한국신용평가)\nA2+(한국기업평가)\n2019년 11월 26일\n미상환\n한국투자증권\n코웨이(주)\n기업어음증권\n사모\n2018년 11월 27일\n5,000\n2.59\nA2+(한국신용평가)\nA2+(한국기업평가)\n2019년 11월 26일\n미상환\n한국투자증권\n코웨이(주)\n기업어음증권\n사모\n2018년 11월 27일\n5,000\n2.59\nA2+(한국신용평가)\nA2+(한국기업평가)\n2019년 11월 26일\n미상환\n한국투자증권\n코웨이(주)\n기업어음증권\n사모\n2018년 11월 27일\n5,000\n2.59\nA2+(한국신용평가)\nA2+(한국기업평가)\n2019년 11월 26일\n미상환\n한국투자증권\n코웨이(주)\n기업어음증권\n사모\n2018년 12월 27일\n10,000\n2.57\nA2+(한국신용평가)\nA2+(한국기업평가)\n2019년 11월 26일\n미상환\n한국투자증권\n코웨이(주)\n기업어음증권\n사모\n2018년 12월 27일\n10,000\n2.57\nA2+(한국신용평가)\nA2+(한국기업평가)\n2019년 11월 26일\n미상환\n한국투자증권\n합\xa0 계\n-\n-\n-\n880,000\n-\n-\n-\n-\n-\n6. 기업어음증권 미상환 잔액\n(기준일 :\xa0\n2018년 12월 31일\n)\n(단위 : 백만원)\n잔여만기\n10일 이하\n10일초과30일이하\n30일초과90일이하\n90일초과180일이하\n180일초과1년이하\n1년초과2년이하\n2년초과3년이하\n3년 초과\n합 계\n미상환 잔액\n공모\n-\n-\n-\n-\n-\n-\n-\n-\n-\n사모\n-\n-\n-\n260,000\n400,000\n-\n-\n-\n660,000\n합계\n-\n-\n-\n260,000\n400,000\n-\n-\n-\n660,000\n7. 전자단기사채 미상환 잔액\n(기준일 :\xa0\n2018년 12월 31일\n)\n(단위 : 백만원)\n잔여만기\n10일 이하\n10일초과30일이하\n30일초과90일이하\n90일초과180일이하\n180일초과1년이하\n합 계\n발행 한도\n잔여 한도\n미상환 잔액\n공모\n-\n-\n-\n-\n-\n-\n-\n-\n사모\n-\n-\n-\n-\n-\n-\n-\n-\n합계\n-\n-\n-\n-\n-\n-\n-\n-\n8. 회사채 미상환 잔액\n(기준일 :\xa0\n2018년 12월 31일\n)\n(단위 : 백만원)\n잔여만기\n1년 이하\n1년초과2년이하\n2년초과3년이하\n3년초과4년이하\n4년초과5년이하\n5년초과10년이하\n10년초과\n합 계\n미상환 잔액\n공모\n-\n-\n-\n-\n-\n-\n-\n-\n사모\n-\n-\n-\n-\n-\n-\n-\n-\n합계\n-\n-\n-\n-\n-\n-\n-\n-\n9. 신종자본증권 미상환 잔액\n(기준일 :\xa0\n2018년 12월 31일\n)\n(단위 : 백만원)\n잔여만기\n1년 이하\n1년초과5년이하\n5년초과10년이하\n10년초과15년이하\n15년초과20년이하\n20년초과30년이하\n30년초과\n합 계\n미상환 잔액\n공모\n-\n-\n-\n-\n-\n-\n-\n-\n사모\n-\n-\n-\n-\n-\n-\n-\n-\n합계\n-\n-\n-\n-\n-\n-\n-\n-\n10. 조건부자본증권 미상환 잔액\n(기준일 :\xa0\n2018년 12월 31일\n)\n(단위 : 백만원)\n잔여만기\n1년 이하\n1년초과2년이하\n2년초과3년이하\n3년초과4년이하\n4년초과5년이하\n5년초과10년이하\n10년초과20년이하\n20년초과30년이하\n30년초과\n합 계\n미상환 잔액\n공모\n-\n-\n-\n-\n-\n-\n-\n-\n-\n-\n사모\n-\n-\n-\n-\n-\n-\n-\n-\n-\n-\n합계\n-\n-\n-\n-\n-\n-\n-\n-\n-\n-\n']"
