text
"['\n5. 재무제표 주석\n제 14 기 \xa01분기 : 2022년 3월 31일 현재\n제 13 기 \xa01분기 : 2021년 3월 31일 현재\n한세실업주식회사\n1. 일반사항한세실업주식회사(이하 ""회사"")는 2009년 1월 1일자로 한세예스24홀딩스주식회사의의류사업부문이 인적분할되어 신설회사로 설립되었으며, 2009년 3월 20일자로 주식을 한국거래소가 개설한 유가증권시장에 재상장하였습니다. 회사는 원사를 외주가공하여 원단을 생산하고, 생산 또는 수입한 원단을 베트남, 니카라과, 인도네시아 등에 소재하고 있는 해외 현지법인에 보내 의류를 생산하여 외국으로 수출하고 있습니다. 본사는 서울시 영등포구 은행로에 소재하고 있습니다.회사의 보고기간말 현재 납입자본금은 20,000백만원이며, 보고기간말 현재 회사의 최대주주인 한세예스24홀딩스주식회사 및 특수관계자의 지분율은\xa056.66%입니다.\n2. 중요한 회계정책2.1 재무제표 작성기준\n\xa0\n회사의 2022년 3월 31일로 종료하는 3개월 보고기간에 대한 요약분기재무제표는 \xa0연차재무제표가 속하는 기간의 일부에 대하여 기업회계기준서 제1034호 \'중간재무보고\'를 적용하여 작성하는 요약중간재무제표이며, 기업회계기준서 제1027호 \'별도재무제표\'에 따른 별도재무제표입니다. 이 요약분기재무제표는 보고기간말인\xa02022년 3월 31일 현재 유효한 한국채택국제회계기준에 따라 작성되었습니다.\n(1) 회사가 채택한 제ㆍ개정 기준서 및 해석서\n회사는 2022년 1월 1일로 개시하는 회계기간부터 다음의 제ㆍ개정 기준서 및 해석서를 신규로 적용하였습니다.\n- 기업회계기준서 제 1116호 \'리스\' 개정 - 2021년 6월 30일 후에도 제공되는 코로나19 관련 임차료 할인 등코로나19의 직접적인 결과로 발생한 임차료 할인 등(rent concession)이 리스변경에 해당하는지 평가하지 않을 수 있도록 하는 실무적 간편법의 적용대상이 2022년 6월 30일 이전에 지급하여야 할 리스료에 영향을 미치는 리스료 감면으로 확대되었습니다.\xa0리스이용자는 비슷한 상황에서 특성이 비슷한 계약에 실무적 간편법을 일관되게 적용해야 합니다.\xa0회사는 동 개정으로 인해 재무제표에 미치는 중요한 영향은 없을 것으로 예상하고 있습니다.\n- 기업회계기준서 제1103호 \'사업결합\' 개정 - 개념체계의 인용\n인식할 자산과 부채의 정의를 개정된 재무보고를 위한 개념체계를 참조하도록 개정되었으나, 기업회계기준서 제1037호 \'충당부채, 우발부채 및 우발자산\' 및 해석서 제2121호 \'부담금\'의 적용범위에 포함되는 부채 및 우발부채에 대해서는 해당 기준서를 적용하도록 예외를 추가하고, 우발자산이 취득일에 인식되지 않는다는 점을 명확히 하였습니다. 동 개정사항은 2022년 1월 1일 이후 시작하는 회계연도부터 적용되며,\xa0회사는 동 개정으로 인해 재무제표에 미치는 중요한 영향은 없을 것으로 예상하고 있습니다.\n- 기업회계기준서 제1016호 \'유형자산\' 개정 - 의도한 사용 전의 매각금액\n기업이 자산을 의도한 방식으로 사용하기 전에 생산된 품목의 판매에서 발생하는 수익을 생산원가와 함께 당기손익으로 인식하도록 요구하며, 유형자산의 취득원가에서차감하는 것을 금지하고 있습니다. 동 개정사항은 2022년 1월 1일 이후 시작하는 회계연도부터 적용되며,\xa0회사는 동 개정으로 인해 재무제표에 미치는 중요한 영향은 없을 것으로 예상하고 있습니다.\n- 기업회계기준서 제1037호 \'충당부채, 우발부채 및 우발자산\' 개정 - 손실부담계약: 계약이행원가\n손실부담계약을 식별할 때 계약이행원가의 범위를 계약 이행을 위한 증분원가와 계약 이행에 직접 관련되는 다른 원가의 배분이라는 점을 명확히 하였습니다. 동 개정사항은 2022년 1월 1일 이후 시작하는 회계연도부터 적용되며,\xa0회사는 동 개정으로 인해 재무제표에 미치는 중요한 영향은 없을 것으로 예상하고 있습니다. \n- 한국채택국제회계기준 연차개선 2018-2020 \n한국채택국제회계기준 연차개선 2018-2020은 2022년 1월 1일 이후 시작하는 회계연도부터 적용되며,\xa0회사는 동 개정으로 인해 재무제표에 중요한 영향은 없을 것으로예상하고 있습니다.\n- 기업회계기준서 제1101호 \'한국채택국제회계기준의 최초 채택\': 최초채택기업인 종속기업\n- 기업회계기준서 제1109호 \'금융상품\': 금융부채 제거 목적의 10% 테스트 관련 수수료\n- 기업회계기준서 제1116호 \'리스\': 리스 인센티브\n- 기업회계기준서 제1041호 \'농림어업\': 공정가치 측정\n(2) 회사가 적용하지 않은 제ㆍ개정 기준서 및 해석서제정 또는 공표되었으나 시행일이 도래하지 않아 적용하지 아니한 제ㆍ개정 기준서 및 해석서는 다음과 같습니다.\n- 기업회계기준서 제1001호 \'재무제표 표시\' 개정 - 부채의 유동/비유동 분류\n보고기간말 현재 존재하는 실질적인 권리에 따라 유동 또는 비유동으로 분류되며, 부채의 결제를 연기할 수 있는 권리의 행사가능성이나 경영진의 기대는 고려하지 않습니다. 또한, 부채의 결제에 자기지분상품의 이전도 포함되나, 복합금융상품에서 자기지분상품으로 결제하는 옵션이 지분상품의 정의를 충족하여 부채와 분리하여 인식된경우는 제외됩니다. 동 개정사항은 2023년 1월 1일 이후 시작하는 회계연도부터 적용하며, 조기적용이 허용됩니다. 회사는 동 개정으로 인해 재무제표에 미치는 중요한 영향은 없을 것으로 예상하고 있습니다.- \xa0기업회계기준서 제1117호 \'보험계약\' 제정기업회계기준서 제1117호 \'보험계약\'은 기업회계기준서 제1104호 \'보험계약\'을 대체할 예정입니다. 이 기준서는 보험계약에 따른 모든 현금흐름을 추정하고 보고시점의 가정과 위험을 반영한 할인율을 사용하여 보험부채를 측정하고, 매 회계연도별로 계약자에게 제공한 서비스(보험보장)를 반영하여 수익을 발생주의로 인식하도록 합니다. 또한, 보험사건과 관계없이 보험계약자에게 지급하는 투자요소(해약/만기환급금)는 보험수익에서 제외하며, 보험손익과 투자손익을 구분 표시하여 정보이용자가 손익의 원천을 확인할 수 있도록 하였습니다. 동 기준서는 2023년 1월 1일 이후 최초로 시작하는 회계연도부터 적용되며, 기업회계기준서 제1109호 \'금융상품\'을 적용한 기업은 조기적용이 허용됩니다. 회사는 동 개정으로 인해 재무제표에 미치는 중요한 영향은 없을 것으로 예상하고 있습니다.\n- 기업회계기준서 제1001호 \'재무제표 표시\' 개정 - \'회계정책\'의 공시\n중요한 회계정책을 정의하고 공시하도록 하며, 중요성 개념을 적용하는 방법에 대한 지침을 제공하기 위하여 국제회계기준 실무서 2 \'회계정책 공시\'를 개정하였습니다.\n동 개정 사항은 2023년 1월 1일 이후 최초로 시작하는 회계연도부터 적용되며 조기적용이 허용됩니다. 회사는 동 개정으로 인해 재무제표에 중요한 영향은 없을 것으로 예상하고 있습니다.\n- 기업회계기준서 제1008호 \'회계정책, 회계추정의 변경 및 오류\' 개정 - \'회계추정\'의 정의\n회계추정을 정의하고, 회계정책의 변경과 구별하는 방법을 명확히 하였습니다. 동 개정 사항은 2023년 1월 1일 이후 최초로 시작하는 회계연도부터 적용되며 조기적용이 허용됩니다. 회사는 동 개정으로 인해 재무제표에 중요한 영향은 없을 것으로 예상하고 있습니다.\n- 기업회계기준서 제1012호 \'법인세\' 개정 - 단일거래에서 생기는 자산과 부채에 대한 이연법인세\n자산 또는 부채가 최초로 인식되는 거래의 최초 인식 예외 요건에 거래시점 동일한 가산할 일시적차이와 차감할 일시적차이를 발생시키지 않는 거래라는 요건을 추가하였습니다. 동 개정사항은 2023년 1월 1일 이후 시작하는 회계연도부터 적용하며, 조기적용이 허용됩니다. 회사는 동 개정으로 인해 재무제표에 중요한 영향은 없을 것으로 예상하고 있습니다.\n2.2 회계정책 요약분기재무제표의 작성에 적용된 유의적 회계정책과 계산방법은 주석 2.1(1)에서 설명하는 제ㆍ개정 기준서의 적용으로 인한 변경 및 아래 문단에서 설명하는 사항을 제외하고는 전기 연차재무제표 작성에 적용된 회계정책이나 계산방법과 동일합니다.\xa02.2.1 법인세비용중간기간의 법인세비용은 전체 회계연도에 대해서 예상되는 최선의 가중평균연간법인세율, 즉 추정평균연간유효법인세율을 중간기간의 세전이익에 적용하여 계산합니다.\n3. 중요한 회계추정 및 가정\n\xa0회사는 미래에 대하여 추정 및 가정을 하고 있습니다.\xa0추정 및 가정은 지속적으로 평가되며, 과거 경험과 현재의 상황에서\xa0합리적으로 예측가능한 미래의 사건과 같은 다른 요소들을 고려하여 이루어집니다. 이러한 회계추정은 실제 결과와 다를 수도 있습니다.요약분기재무제표 작성시 사용된 중요한 회계추정 및 가정은 법인세비용을 결정하는데 사용된 추정의 방법을\xa0제외하고는 전기 재무제표 작성시 적용된 회계추정 및 가정과 동일합니다.\nCOVID-19의 확산은 국내외 경제에 중대한 영향을 미치고 있습니다. 이는 생산성 저하와 매출의 감소나 지연, 기존 채권의 회수 등에 부정적인 영향을 미칠 수 있습니다. 이로 인해 회사의 재무상태와 재무성과에도 부정적인 영향이 발생할 수 있으며 이러한 영향은 2022년 연차재무제표에도 지속될 것으로 예상됩니다.\n중간기간의 재무제표 작성시 사용된 중요한 회계추정 및 가정은 COVID-19에 따른 불확실성의 변동에 따라 조정될 수 있으며, COVID-19로 인하여 회사의 사업, 재무상태 및 경영성과 등에 미칠 궁극적인 영향은 현재 예측할 수 없습니다.\n4. 재무위험관리(1) 재무위험관리요소회사는 여러 활동으로 인하여 시장위험(환위험, 공정가치 이자율 위험, 현금흐름 이자율 위험 및 가격위험), 신용위험 및 유동성 위험과 같은 다양한 금융 위험에 노출되어 있습니다.요약분기재무제표는 연차 재무제표에서 요구되는 모든 재무위험관리와 공시사항을 포함하지 않으므로\xa02021년 12월 31일의 연차재무제표를 참고하시기 바랍니다.\xa0\n회사의 위험관리부서 및 기타 위험관리정책에는 전기말 이후 중요한 변동사항은 없습니다.\n(2) 유동성 위험전기말과 비교하여 금융부채에 대한 계약상 할인되지 않은 현금흐름에 대한 중요한 변동은 없습니다.\n5. 공정가치당분기 중 회사의 금융자산과 금융부채의 공정가치에 영향을 미치는 사업환경 및 경제적인 환경의 유의적인 변동은 없습니다.\n5.1\xa0금융상품 종류별 공정가치 금융상품의 종류별 장부금액 및 공정가치는 다음과 같습니다.\n(단위: 천원)\n구분\n당분기말\n전기말\n장부금액\n공정가치\n장부금액\n공정가치\n금융자산\n현금및현금성자산\n90,677,741\xa0\n(*1)\n9,745,114\xa0\n(*1)\n단기금융자산\n-\xa0\n(*1)\n10,000,000\xa0\n(*1)\n매출채권및기타채권\n240,951,769\xa0\n(*1)\n261,958,622\xa0\n(*1)\n당기손익-공정가치측정금융자산\n102,423,854\xa0\n102,423,854\xa0\n111,968,217\xa0\n111,968,217\xa0\n기타포괄손익-공정가치측정금융자산\n128,776,102\xa0\n128,776,102\xa0\n131,344,338\xa0\n131,344,338\xa0\n장기성기타채권\n5,429,969\xa0\n(*1)\n5,879,749\xa0\n(*1)\n소계\n568,259,435\xa0\n\u3000\n530,896,040\xa0\n\u3000\n금융부채\n매입채무및기타채무\n110,427,143\xa0\n(*1)\n84,870,282\xa0\n(*1)\n차입금\n404,696,454\xa0\n(*1)\n382,176,265\xa0\n(*1)\n기타금융부채\n595,259\xa0\n(*1)\n724,851\xa0\n(*1)\n장기성기타채무\n9,143\xa0\n(*1)\n9,143\xa0\n(*1)\n장기차입금\n50,000,000\xa0\n46,611,406\xa0\n50,000,000\xa0\n47,190,313\xa0\n소계\n565,727,999\xa0\n\u3000\n517,780,541\xa0\n\u3000\n(*1) 장부금액이 공정가치의 합리적인 근사치인 금액은 공정가치 공시에서 제외하였습니다.\n5.2 공정가치 서열체계\n공정가치로 측정되는 금융상품은 공정가치 서열체계에 따라 구분되며 정의된 수준들은 다음과 같습니다.\n- 동일한 자산이나 부채에 대한 활성시장의 (조정되지 않은) 공시가격(수준 1)- 직접적으로(예: 가격) 또는 간접적으로(예: 가격에서 도출되어) 관측가능한, 자산이나 부채에 대한 투입변수를 통하여 산정한 공정가치. 단, 수준 1에 포함된 공시가격은 제외함(수준 2)- 관측가능한 시장자료에 기초하지 않은 자산이나 부채에 대한 투입변수(관측가능하지 않은 투입변수)를 이용하여 산정한 공정가치(수준 3)\n공정가치로 측정되는 금융상품의 공정가치 서열체계 구분은 다음과 같습니다.\n(단위: 천원)\n당분기말\n수준 1\n수준 2\n수준 3\n합 계\n반복적인 공정가치 측정치\n\xa0 당기손익-공정가치측정금융자산:\n\xa0 \xa0- 펀드 및 수익증권\n-\xa0\n-\xa0\n44,149,433\xa0\n44,149,433\xa0\n\xa0 \xa0- 출자금\n-\xa0\n-\xa0\n17,476,058\xa0\n17,476,058\xa0\n\xa0 \xa0- 전환상환우선주\n-\xa0\n-\xa0\n2,235,263\xa0\n2,235,263\xa0\n\xa0 \xa0- 조건부자본증권\n-\xa0\n-\xa0\n38,563,100\xa0\n38,563,100\xa0\n\xa0 기타포괄손익-공정가치측정금융자산:\n\xa0 \xa0- 국고채권\n126,621,402\xa0\n-\xa0\n-\xa0\n126,621,402\xa0\n\xa0 \xa0- 비상장주식\n-\xa0\n-\xa0\n2,154,700\xa0\n2,154,700\xa0\n\xa0 공시되는 공정가치 측정치\n\xa0 \xa0- 비유동성 차입금\n-\xa0\n46,611,406\xa0\n-\xa0\n46,611,406\xa0\n(단위: 천원)\n전기말\n수준 1\n수준 2\n수준 3\n합 계\n반복적인 공정가치 측정치\n\xa0 당기손익-공정가치측정금융자산:\n\xa0 \xa0- 펀드 및 수익증권\n-\xa0\n10,114,000\xa0\n43,729,231\xa0\n53,843,231\xa0\n\xa0 \xa0- 출자금\n-\xa0\n-\xa0\n16,178,463\xa0\n16,178,463\xa0\n\xa0 \xa0- 전환상환우선주\n-\xa0\n-\xa0\n2,209,453\xa0\n2,209,453\xa0\n\xa0 \xa0- 조건부자본증권\n-\xa0\n-\xa0\n39,737,070\xa0\n39,737,070\xa0\n\xa0 기타포괄손익-공정가치측정금융자산:\n\xa0 \xa0- 국고채권\n129,189,638\xa0\n-\xa0\n-\xa0\n129,189,638\xa0\n\xa0 \xa0- 비상장주식\n-\xa0\n-\xa0\n2,154,700\xa0\n2,154,700\xa0\n\xa0 공시되는 공정가치 측정치\n\xa0 \xa0- 비유동성 차입금\n-\xa0\n47,190,313\xa0\n-\xa0\n47,190,313\xa0\n5.3 가치평가기법 및 투입변수 회사는 공정가치 서열체계에서 수준 2와 수준 3으로 분류되는 반복적인 공정가치측정치, 비반복적인 공정가치측정치에 대해 다음의 가치평가기법과 투입변수를 사용하고 있습니다.\n(단위: 천원)\n구분\n공정가치\n수준\n가치평가기법\n당분기말\n전기말\n반복적인 공정가치 측정치\n\xa0당기손익-공정가치측정금융자산:\n\xa0 - 펀드 및 수익증권\n-\xa0\n10,114,000\xa0\n2\xa0\n시장접근법\n\xa0 - 펀드 및 수익증권\n44,149,433\xa0\n43,729,231\xa0\n3\xa0\n현재가치기법 등\n\xa0 - 출자금\n14,890,488\xa0\n13,592,893\xa0\n3\xa0\n거래원가\n\xa0 - 출자금\n2,585,570\xa0\n2,585,570\xa0\n3\xa0\n순자산가치법\n\xa0 - 전환상환우선주\n2,235,263\xa0\n2,209,453\xa0\n3\xa0\n거래원가\n\xa0 - 조건부자본증권\n38,563,100\xa0\n39,737,070\xa0\n3\xa0\n옵션모델\n\xa0기타포괄손익-공정가치측정금융자산:\n\xa0 - 비상장주식\n2,154,700\xa0\n2,154,700\xa0\n3\n현재가치기법\n\xa0 공시되는 공정가치 측정치\n\xa0 \xa0- 비유동성 차입금\n46,611,406\xa0\n47,190,313\xa0\n2\n현재가치기법\n6. 범주별 금융상품\n(1) 금융자산의 범주별 분류현황\n(단위: 천원)\n당분기말\n상각후원가측정\n기타포괄손익-공정가치 측정\n당기손익-공정가치 측정\n합계\n현금및현금성자산\n90,677,741\xa0\n-\xa0\n-\xa0\n90,677,741\xa0\n매출채권및기타채권\n191,547,904\xa0\n49,403,865\xa0\n-\xa0\n240,951,769\xa0\n유동성 당기손익-공정가치측정금융자산\n-\xa0\n-\xa0\n33,050,757\xa0\n33,050,757\xa0\n장기성기타채권\n5,429,969\xa0\n-\xa0\n-\xa0\n5,429,969\xa0\n당기손익-공정가치측정금융자산\n-\xa0\n-\xa0\n69,373,096\xa0\n69,373,096\xa0\n기타포괄손익-공정가치측정금융자산\n-\xa0\n128,776,102\xa0\n-\xa0\n128,776,102\xa0\n합계\n287,655,614\xa0\n178,179,967\xa0\n102,423,853\xa0\n568,259,434\xa0\n(단위: 천원)\n전기말\n상각후원가측정\n기타포괄손익-공정가치 측정\n당기손익-공정가치 측정\n합계\n현금및현금성자산\n9,745,114\xa0\n-\xa0\n-\xa0\n9,745,114\xa0\n단기금융자산\n10,000,000\xa0\n-\xa0\n-\xa0\n10,000,000\xa0\n매출채권및기타채권\n176,645,703\xa0\n85,312,919\xa0\n-\xa0\n261,958,622\xa0\n유동성 당기손익-공정가치측정금융자산\n-\xa0\n-\xa0\n42,906,117\xa0\n42,906,117\xa0\n장기성기타채권\n5,879,749\xa0\n-\xa0\n-\xa0\n5,879,749\xa0\n당기손익-공정가치측정금융자산\n-\xa0\n-\xa0\n69,062,100\xa0\n69,062,100\xa0\n기타포괄손익-공정가치측정금융자산\n-\xa0\n131,344,338\xa0\n-\xa0\n131,344,338\xa0\n합계\n202,270,566\xa0\n216,657,257\xa0\n111,968,217\xa0\n530,896,040\xa0\n(2) 금융부채의 범주별 분류현황\n(단위: 천원)\n당분기말\n상각후원가로측정하는금융부채\n기타금융부채\n합계\n매입채무및기타채무\n110,427,143\xa0\n-\xa0\n110,427,143\xa0\n차입금(유동)\n300,606,074\xa0\n104,090,380\xa0\n404,696,454\xa0\n리스부채\n-\xa0\n4,254,169\xa0\n4,254,169\xa0\n기타금융부채\n-\xa0\n595,259\xa0\n595,259\xa0\n장기성기타채무\n9,143\xa0\n-\xa0\n9,143\xa0\n장기차입금\n50,000,000\xa0\n-\xa0\n50,000,000\xa0\n합 계\n461,042,360\xa0\n108,939,808\xa0\n569,982,168\xa0\n(단위: 천원)\n전기말\n상각후원가로측정하는금융부채\n기타금융부채\n합계\n매입채무및기타채무\n84,870,282\xa0\n-\xa0\n84,870,282\xa0\n차입금(유동)\n253,188,332\xa0\n128,987,933\xa0\n382,176,265\xa0\n리스부채\n-\xa0\n4,924,342\xa0\n4,924,342\xa0\n기타금융부채\n-\xa0\n724,851\xa0\n724,851\xa0\n장기성기타채무\n9,143\xa0\n-\xa0\n9,143\xa0\n장기차입금\n50,000,000\xa0\n-\xa0\n50,000,000\xa0\n합 계\n388,067,757\xa0\n134,637,126\xa0\n522,704,883\xa0\n7. 금융자산\n(1) 금융자산 현황\xa0\n(단위: 천원)\n구분\n종목\n당분기말\n전기말\n유동자산\n당기손익-공정가치측정금융자산\n펀드 및 수익증권\n33,050,757\xa0\n42,906,117\xa0\n소계\n33,050,757\xa0\n42,906,117\xa0\n비유동자산\n당기손익-공정가치측정금융자산\n출자금 등\xa0\n19,711,321\xa0\n18,387,916\xa0\n펀드 및 수익증권\n49,661,776\xa0\n50,674,184\xa0\n기타포괄손익-공정가치측정금융자산\n국고채권\n126,621,402\xa0\n129,189,638\xa0\n시장성 없는지분증권\n2,154,700\xa0\n2,154,700\xa0\n소계\n198,149,199\xa0\n200,406,438\xa0\n합계\n231,199,956\xa0\n243,312,555\xa0\n(2) 금융자산의 변동내역\n(단위: 천원)\n구분\n당분기\n전분기\n당기손익-공정가치측정금융자산\n기타포괄손익-공정가치측정 금융자산\n당기손익-공정가치측정금융자산\n기타포괄손익-공정가치측정 금융자산\n기초\n111,968,217\xa0\n131,344,338\xa0\n121,358,843\xa0\n153,914,674\xa0\n취득\n1,422,908\xa0\n-\xa0\n10,900,000\xa0\n-\xa0\n당기손익으로 계상한 평가손익\n(643,271)\n-\xa0\n4,200,483\xa0\n-\xa0\n자본으로 계상한 평가손익\n-\xa0\n(2,568,236)\n-\xa0\n(640,089)\n처분\n(10,324,000)\n-\xa0\n-\xa0\n-\xa0\n분기말\n102,423,854\xa0\n128,776,102\xa0\n136,459,326\xa0\n153,274,585\xa0\n차감:유동항목\n(33,050,757)\n-\xa0\n(77,654,569)\n(80,396,018)\n비유동항목\n69,373,097\xa0\n128,776,102\xa0\n58,804,757\xa0\n72,878,567\xa0\n(3) 보고기간말 현재 금융자산 중 채무증권의 신용위험의 최대노출금액은 장부금액입니다.\n(4) 금융자산의 양도회사는 금융기관과의 유가증권 대차계약을 통해 국고채를 대여하였으며, \xa0관련된 위험과 보상의 대부분을 이전하지 않았기 때문에 동 국고채의 장부금액 전액을 계속하여 인식하고 있습니다. 해당 거래에서 금융기관으로부터 수취한 대가를 금융수익으로 인식하고 있으며, 수령한 담보는 없습니다.\n(단위: 천원)\n구분\n기타포괄손익-공정가치측정 금융자산\n당분기말\n전기말\n자산의 장부금액\n126,621,402\xa0\n\xa0129,189,638\xa0\n관련 부채의 장부금액\n-\xa0\n-\xa0\n양도자산에 한하여 소구권이 있는 부채\n-\xa0\n\xa0-\xa0\n자산의 공정가치\n126,621,402\xa0\n\xa0 \xa0 \xa0 \xa0 \xa0 129,189,638\xa0\n관련 부채의 공정가치\n-\xa0\n-\xa0\n순포지션\n126,621,402\xa0\n\xa0 \xa0 \xa0 \xa0 \xa0129,189,638\xa0\n8. 재고자산\xa0\n(단위: 천원)\n구분\n당분기말\n전기말\n제품\n23,453,655\xa0\n39,727,321\xa0\n재공품\n134,118,462\xa0\n122,461,129\xa0\n원재료\n159,733,537\xa0\n154,775,098\xa0\n재고평가충당금\n(5,744,529)\n(6,559,900)\n미착품\n17,117,221\xa0\n13,186,871\xa0\n합 \xa0계\n328,678,346\xa0\n323,590,519\xa0\n비용으로 인식되어 \'매출원가\'에 포함된\xa0원가는\xa0480,625백만원(전분기:\xa0314,599백만원)\xa0입니다.\xa0\n9. 종속기업 및 관계기업투자(1) 종속기업투자 현황\xa0\n(단위: 천원)\n회사명\n소재국가\n당분기말\n전기말\n지분율\n장부금액\n지분율\n장부금액\nHANSAE VIETNAM CO.,LTD.\n베트남\n100%\n25,913,206\xa0\n100%\n25,913,206\xa0\nHANSAE TN CO.,LTD.(*1)\n베트남\n40%\n491,184\xa0\n40%\n491,184\xa0\nPT. HANSAE KARAWANG INDONESIA(*2)\n인도네시아\n100%\n-\xa0\n100%\n-\xa0\nPT. HANSAE INDONESIA UTAMA(*2)\n인도네시아\n100%\n-\xa0\n100%\n-\xa0\nPT. BOMIN PERMATA ABADI(*1)(*2)\n인도네시아\n99.95%\n-\xa0\n99.95%\n-\xa0\nPT. HANSAE INDONESIA SUKSES(*1)\n인도네시아\n99%\n220,097\xa0\n99%\n220,097\xa0\nHANSAE INTERNATIONAL,S.A.\n니카라과\n100%\n4,575,261\xa0\n100%\n4,575,261\xa0\nMYANMAR AYEYARWADDY MANUFACTURING CO.,LTD.(*2)\n미얀마\n100%\n-\xa0\n100%\n-\xa0\nHANSAE MYANMAR CO.,LTD.\n미얀마\n100%\n4,385,851\xa0\n100%\n4,385,850\xa0\nHANSAE BAGO CO.,LTD\n미얀마\n100%\n16,342,950\xa0\n100%\n12,652,710\xa0\nAPPAREL MANUFACTURING PARTNERS INC.\n미국\n100%\n116,760\xa0\n100%\n116,760\xa0\n칼라앤터치(주)\n한국\n100%\n28,000,000\xa0\n100%\n25,000,000\xa0\n합계\n80,045,309\xa0\n73,355,068\xa0\n(*1) 종속기업이 보유한 주식을 포함하여 지분 100%를 보유하고 있습니다. (*2) 전액 손상인식하였습니다.\xa0\n(2) 종속기업투자의 변동내용\n(단위: 천원)\n구분\n당분기\n전분기\n기초 장부금액\n73,355,069\xa0\n79,272,224\xa0\n취득 등\n6,690,240\xa0\n1,088,000\xa0\n분기말 장부금액\n80,045,309\xa0\n80,360,224\xa0\n(3) 관계기업투자 현황\n(단위: 천원)\n회사명\n당분기말\n전기말\n지분율\n장부금액\n지분율\n장부금액\n우리 글로벌 블록체인 투자조합 15호\n28.57%\n2,000,000\xa0\n28.57%\n2,000,000\xa0\n멀티에셋 IPO 타겟 전문사모 증권투자신탁 제1호\n33.33%\n10,000,000\xa0\n33.33%\n10,000,000\xa0\n한세예스24 라이징스타 투자조합\n34.62%\n3,500,000\xa0\n34.62%\n3,500,000\xa0\n리딩-디 신기술조합 제1호\n28.57%\n1,000,000\xa0\n28.57%\n1,000,000\xa0\nVTI파트너스 헬스케어 투자조합\n23.81%\n5,000,000\xa0\n23.81%\n5,000,000\xa0\n(4) 관계기업투자의 변동 내역\n(단위: 천원)\n구분\n당기\n전기\n기초 장부금액\n21,500,000\xa0\n12,000,000\xa0\n취득 등\n-\xa0\n9,500,000\xa0\n기말 장부금액\n21,500,000\xa0\n21,500,000\xa0\n10. 유형자산 등\n(단위: 천원)\n당분기\n유형자산\n사용권자산\n투자부동산\n무형자산\n기초금액\n9,772,730\xa0\n4,736,215\xa0\n1,201,627\xa0\n448,379\xa0\n취득/증가\n70,338\xa0\n128\xa0\n-\xa0\n-\xa0\n처분 등\n-\xa0\n(15,651)\n-\xa0\n-\xa0\n감가상각비/상각\n(124,263)\n(662,528)\n(1,377)\n(49,824)\n분기말금액\n9,718,805\xa0\n4,058,164\xa0\n1,200,250\xa0\n398,555\xa0\n(단위: 천원)\n전분기\n유형자산\n사용권자산\n투자부동산\n무형자산\n기초금액\n9,986,483\xa0\n5,909,916\xa0\n1,208,287\xa0\n669,423\xa0\n취득/증가\n243,713\xa0\n-\xa0\n-\xa0\n-\xa0\n처분\n(1,609)\n(206,357)\n-\xa0\n-\xa0\n감가상각비/상각\n(148,807)\n(694,585)\n(1,665)\n(68,431)\n분기말금액\n10,079,780\xa0\n5,008,973\xa0\n1,206,622\xa0\n600,993\xa0\n11. 리스(1)\xa0재무상태표에\xa0인식된 금액\n리스와 관련해 재무상태표에 인식된 금액은 다음과 같습니다.\n(단위: 천원)\n구 분\n주석\n당분기말\n전기말\n사용권자산\n부동산\n\xa010\n\xa0 \xa0 \xa0 \xa0 3,983,689\xa0\n\xa0 \xa0 \xa0 \xa0 4,643,121\xa0\n차량운반구\n10\n\xa0 \xa0 \xa0 \xa0 \xa0 \xa074,475\xa0\n\xa0 \xa0 \xa0 \xa0 \xa0 \xa093,094\xa0\n합계\n\xa0 \xa0 \xa0 \xa0 4,058,164\xa0\n\xa0 \xa0 \xa0 \xa0 4,736,215\xa0\n(단위: 천원)\n구 분\n주석\n당분기말\n전기말\n리스부채\n유동\n\xa0\n2,704,179\xa0\n2,725,395\xa0\n비유동\n\xa0\n1,549,990\xa0\n2,198,947\xa0\n합계\n\xa0\n4,254,169\xa0\n4,924,342\xa0\n당분기 중 사용권자산은\xa016백만원 감소(전분기: 206백만원\xa0감소)\xa0했습니다.\n(2) 포괄손익계산서에 인식된 금액\n\xa0\n리스와 관련해서 포괄손익계산서에 인식된 금액은 다음과 같습니다.\n(단위: 천원)\n구 분\n주석\n당분기\n전분기\n사용권자산의 감가상각비\n\xa0\n\xa0\n\xa0\n\xa0 부동산\n10\n643,958\xa0\n694,585\xa0\n\xa0 차량운반구\n10\n18,619\xa0\n-\xa0\n리스부채에 대한 이자비용(금융원가에 포함)\n32,707\xa0\n36,961\xa0\n단기 및 소액자산 리스료(판매관리비에 포함)\n105,254\xa0\n56,395\xa0\n당분기 중 리스의 총 현금유출은\xa0797백만원\xa0(전분기:\xa0851백만원)\xa0입니다.\n12. 차입금(1) 차입금 현황\r\n(단위: 천원)\n구 \xa0분\n당분기말\n전기말\nUSANCE차입금\n300,606,074\xa0\n247,260,832\xa0\n수출채권할인(*)\n104,090,380\xa0\n128,987,933\xa0\n단기차입금\n-\xa0\n5,927,500\xa0\n장기차입금\n50,000,000\xa0\n50,000,000\xa0\n합계\n454,696,454\xa0\n432,176,265\xa0\n(*) 제거의 요건을 충족하지 못하는 외화매출채권의 양도와 관련하여 인식한 금융부채로 회사의 매출채권이 담보로 제공되어 있습니다.(2) 당분기말 현재 장기차입금으로 계상된 사채의 내역은 다음과 같습니다.\n(단위: 천원)\n구 \xa0분\n발행일\n만기일\n이자율\n장부금액\n한세실업(주) 제1회 무보증 사모사채\n2020-06-25\n2023-06-25\n2.18%\n30,000,000\n한세실업(주) 제2회 무보증 사모사채\n2020-07-23\n2023-07-23\n2.03%\n20,000,000\n합 계\n50,000,000\n13. 순확정급여부채(1) 순확정급여부채 산정내역\r\n(단위: 천원)\n구 \xa0분\n당분기말\n전기말\n기금이 적립된 확정급여채무의 현재가치\n30,439,192\xa0\n30,824,010\xa0\n차감: 사외적립자산의 공정가치\n(16,014,560)\n(16,623,545)\n차감: 국민연금전환금\n(4,036)\n(4,036)\n재무상태표상 순확정급여부채\xa0\n14,420,596\xa0\n14,196,429\xa0\n(2) 포괄손익계산서에 반영된 금액\n(단위: 천원)\n구분\n당분기\n전분기\n당분기근무원가 등\n813,821\xa0\n906,832\xa0\n이자비용\n87,212\xa0\n97,065\xa0\n종업원급여에 포함된 총비용\n901,033\xa0\n1,003,897\xa0\n14. 비용의 성격별 분류\n(단위: 천원)\n구분\n당분기\n전분기\n재고자산의 변동\n8,166,322\xa0\n1,403,201\xa0\n원재료 사용액과 상품 매입액\n298,169,533\xa0\n176,768,229\xa0\n외주가공비\n165,405,664\xa0\n131,284,316\xa0\n종업원급여\n13,113,031\xa0\n13,285,718\xa0\n운반비\n11,446,574\xa0\n5,052,267\xa0\n수수료\n14,520,208\xa0\n11,196,540\xa0\n포장 및 견본비\n1,022,219\xa0\n1,968,342\xa0\n지급임차료 및 건물관리비\n196,305\xa0\n276,289\xa0\n감가상각비와 기타상각비\n838,041\xa0\n913,488\xa0\n기타\n4,900,426\xa0\n3,281,156\xa0\n매출원가 및 판매관리비의 합계\n517,778,323\xa0\n345,429,546\xa0\n15. 판매관리비\r\n(단위: 천원)\n구분\n당분기\n전분기\n급여\n11,331,267\xa0\n11,388,773\xa0\n퇴직급여\n901,033\xa0\n1,003,897\xa0\n복리후생비\n1,871,581\xa0\n1,714,250\xa0\n여비교통비\n32,253\xa0\n68,422\xa0\n해외출장비\n170,056\xa0\n147,339\xa0\n접대비\n84,993\xa0\n70,461\xa0\n통신비\n79,547\xa0\n87,663\xa0\n감가상각비\n124,263\xa0\n148,807\xa0\n사용권자산상각비\n662,577\xa0\n694,585\xa0\n투자부동산상각비\n1,377\xa0\n1,665\xa0\n무형자산상각비\n49,824\xa0\n68,431\xa0\n지급임차료\n7,715\xa0\n99,787\xa0\n운반비\n5,512,512\xa0\n1,430,612\xa0\n수수료\n14,520,208\xa0\n11,196,540\xa0\n수출제비용\n53,761\xa0\n36,516\xa0\n견본비\n967,609\xa0\n1,875,895\xa0\n기타\n782,969\xa0\n796,727\xa0\n합계\n37,153,545\xa0\n30,830,370\xa0\n16. 기타수익\xa0\n(단위: 천원)\n구분\n당분기\n전분기\n외환차익\n4,686,347\xa0\n4,253,479\xa0\n외화환산이익\n1,927,813\xa0\n3,031,825\xa0\n당기손익-공정가치금융자산평가이익\n1,142,059\xa0\n4,758,416\xa0\n당기손익-공정가치금융자산처분이익\n6,000\xa0\n-\xa0\n유형자산처분이익\n11,600\xa0\n9,891\xa0\n배당금수익\n351,967\xa0\n353,923\xa0\n기타\n1,895,483\xa0\n1,049,345\xa0\n합계\xa0\n10,021,269\xa0\n13,456,879\xa0\n17. 기타비용\n(단위: 천원)\n구분\n당분기\n전분기\n외환차손\n5,998,798\xa0\n\xa0 \xa04,800,688\xa0\n외화환산손실\n7,204,342\xa0\n\xa0 \xa08,008,738\xa0\n매출채권처분손실\n1,275,417\xa0\n753,117\xa0\n당기손익-공정가치금융자산평가손실\n1,785,329\xa0\n557,933\xa0\n리스해지손실\n4,517\xa0\n\xa0 \xa0 \xa0 \xa0 \xa0 \xa0 \xa0 -\xa0\n기타\n\xa0 \xa0 981,848\xa0\n\xa0 1,046,950\xa0\n합계\n17,250,251\xa0\n\xa0 15,167,425\xa0\n18. 법인세비용법인세비용은 전체 회계연도에 대해서 예상되는 최선의 가중평균 연간법인세율의 추정에 기초하여 인식하였습니다.\n19. 주당이익\n(1) 기본주당이익\n(단위: 원, 주)\n구분\n당분기\n전분기\n보통주분기순손익(A)\n32,643,537,395\xa0\n17,396,455,125\xa0\n가중평균 유통보통주식수(B)\n39,239,470\xa0\n39,239,470\xa0\n기본주당이익(A/B)\n832\xa0\n\xa0 \xa0 \xa0 \xa0 \xa0 \xa0 \xa0 \xa0 \xa0443\xa0\n(2) 희석주당이익회사가 보유하고 있는 희석성 잠재적보통주가 없어 희석주당이익은 기본주당이익과 동일합니다.\n20. 현금흐름(1) 영업으로부터 창출된 현금\n(단위: 천원)\n구분\n당분기\n전분기\n분기순이익\n32,643,537\xa0\n17,396,455\xa0\n조정:\n\u3000\n\u3000\n\xa0 \xa0법인세비용(수익)\n10,309,868\xa0\n4,410,309\xa0\n\xa0 \xa0금융수익\n(1,276,388)\n(1,368,002)\n\xa0 \xa0금융원가\n1,351,626\xa0\n995,806\xa0\n\xa0 \xa0감가상각비\n124,263\xa0\n148,807\xa0\n\xa0 \xa0사용권자산상각비\n662,577\xa0\n694,585\xa0\n\xa0 \xa0무형자산상각비\n49,824\xa0\n68,431\xa0\n\xa0 \xa0재고자산평가손실(환입)\n(815,371)\n-\xa0\n\xa0 \xa0퇴직급여\n901,033\xa0\n1,003,897\xa0\n\xa0 \xa0당기손익-공정가치측정금융자산평가손실\n1,785,329\xa0\n557,933\xa0\n\xa0 \xa0당기손익-공정가치측정금융자산평가이익\n(1,142,059)\n(4,758,416)\n\xa0 \xa0당기손익-공정가치측정금융자산처분이익\n(6,000)\n-\xa0\n\xa0 \xa0배당금수익\n(351,967)\n(353,923)\n\xa0 \xa0외화환산손실\n7,204,342\xa0\n8,008,738\xa0\n\xa0 \xa0외화환산이익\n(1,927,813)\n(3,031,825)\n\xa0 \xa0매출채권의 변동\n20,718,801\xa0\n(15,687,639)\n\xa0 \xa0재고자산의 변동\n(4,272,456)\n7,349,935\xa0\n\xa0 \xa0기타유동자산의 변동\n(13,721,395)\n698,670\xa0\n\xa0 \xa0매입채무의 변동\n4,434,653\xa0\n(10,869,238)\n\xa0 \xa0기타채무의 변동\n294,681\xa0\n384,255\xa0\n\xa0 \xa0기타유동부채의 변동\n(156,295)\n(1,488,742)\n\xa0 \xa0퇴직급여지급액\n(579,219)\n(514,871)\n\xa0 \xa0기타\n63,282\xa0\n590,104\xa0\n영업으로부터 창출된 현금\n56,294,853\xa0\n4,235,269\xa0\n(2) 재무활동에서 생기는 부채의 변동\n(단위: 천원)\n당분기\n당기초\n재무현금흐름\n비현금거래\n당분기말\n환산손익\n사용권자산의 증감 등\n차입금\n432,176,265\xa0\n18,298,226\xa0\n4,221,964\xa0\n-\xa0\n454,696,455\xa0\n리스부채\n4,924,342\xa0\n(659,222)\n-\xa0\n(10,951)\n4,254,169\xa0\n(단위: 천원)\n전분기\n전기초\n재무현금흐름\n비현금거래\n전분기말\n환산손익\n사용권자산의 증감 등\n차입금\n327,915,507\xa0\n14,686,097\xa0\n7,053,881\xa0\n-\xa0\n349,655,484\xa0\n리스부채\n6,022,493\xa0\n(757,794)\n-\xa0\n(121,796)\n5,142,903\xa0\n(3) 현금의 유입ㆍ유출이 없는 거래 중 중요한 사항\n(단위: 천원)\n구분\n당분기\n전분기\n관계사전출입 퇴직급여충당부채\n(151,189)\n237,966\xa0\n미지급배당금\n19,619,735\xa0\n19,619,735\xa0\n단기대여금 출자전환\n-\xa0\n1,088,000\xa0\n21. 배당금\n2021년\xa012월 31일로 종료하는 회계기간에 대한 배당금\xa019,620백만원은\xa02022년 4월중 지급되었습니다(전기 지급액:\xa019,620백만원).\n22. 우발채무 및 약정사항\xa0\n(1) 보고기간말 및 전기말 수출채권할인 등의 외화매출채권 양도와 관련하여 외화매출채권이 담보로 제공되어 있고, 이외에 현재 회사의 채무 등을 위하여 담보로 제공되어 있는 자산의 내역은 없습니다.\n(2)\xa0보고기간말 현재 회사가 타인으로부터 제공받은 담보 및 보증의 내역은 다음과 같습니다.\n(원화단위: 천원 , 외화단위: 1단위)\n구분\n제공자\n내용\n지급보증액\n당분기말\n전기말\n연대보증\n대표이사\n연대보증개인\nUSD\n48,000,000\xa0\nUSD\n48,000,000\xa0\n합계\nUSD\n48,000,000\xa0\nUSD\n48,000,000\xa0\n(3) 보고기간말 현재 회사가 타인에게 제공한 지급보증제공 내역은 특수관계자 주석23에 기재되어 있습니다. (4) 보고기간말 현재 회사는 원재료 수입 등에 따른 USANCE를\xa0포함한 무역금융과 \xa0신용장 개설 및 수출채권의 할인과 관련하여\xa0(주)KEB하나은행 등과\xa0522,621백만원(USD 423,374천 포함)(전기말:\xa0516,421백만원(USD 427,179천 포함))의 한도약정을 체결하고 있습니다.\n(5)\xa0보고기간말 현재 회사는 일반대출약정이 없습니다(전기말: 23,710백만원(USD 20,000천 포함)).(6) 회사는 한세예스24홀딩스(주)와 경영자문 용역 및 상표사용계약을 체결하고 있습니다.(7) 회사는 HANSAE HCM CO.,LTD, HANSAE HANOI CO.,LTD, PT. HANSAE INDONESIA SUKSES, HANSAE GSN S.A.와 생산자문 용역계약을 체결하고 있습니다.\n23. 특수관계자 거래\xa0\n(1) 지배ㆍ종속기업 등 현황\n1)\xa0보고기간말 현재\xa0회사의 지배기업은 한세예스24홀딩스(주)(지분율:\xa042.45%)입니다.\n2) 종속기업 현황\n회사명\n지분율\n비고\xa0\n당분기말\xa0\n전기말\xa0\nHANSAE VIETNAM CO.,LTD.\n100%\n100%\nHANSAE TN CO.,LTD.\n40%\n40%\n(*1)\nHANSAE TG CO.,LTD.\n-\n-\n(*1)\nHANSAE HANOI CO.,LTD\xa0\n-\n-\n(*1)\nHANSAE HCM CO.,LTD\xa0\n-\n-\n(*1)\nPT. HANSAE INDONESIA UTAMA\n100%\n100%\nPT. HANSAE KARAWANG INDONESIA\n100%\n100%\nPT. BOMIN PERMATA ABADI\n99.95%\n99.95%\n(*1)\nPT. HANSAE INDONESIA SUKSES\n99%\n99%\n(*1)\nHANSAE INTERNATIONAL,S.A.\n100%\n100%\nHANSAE GUATEMALA,S.A.\n-\n-\n(*1)\nHANSAE GLOBAL,S.A.\xa0\n-\n-\n(*1)\nHANSAE PINULA,S.A.\n-\n-\n(*1)\nMODAS B.I. APPAREL, S.A.\n-\n-\n(*1)\nHS APPAREL S.A.\n-\n-\n(*1), (*2)\nHANSAE GSN S.A.\n-\n-\n(*1), (*2)\nHANSAE HAITI, S.A.\n-\n-\n(*1)\nMYANMAR AYEYARWADDY MANUFACTURING CO.,LTD.\n100%\n100%\nHANSAE MYANMAR CO.,LTD\n100%\n100%\nHANSAE BAGO CO., LTD\n100%\n100%\nAPPAREL MANUFACTURING PARTNERS INC.\n100%\n100%\n칼라앤터치(주)\n100%\n100%\nC&T VINA CO.,LTD.\n-\n-\n(*1)\nC&T G-TECH CO.,LTD\n-\n-\n(*1)\n(*1) 종속기업이 보유한 주식을 포함하여 지분\xa0100%를\xa0보유하고 있습니다. (*2) 전기 중 종속기업으로 편입되었습니다.\n3) 당사와 매출ㆍ매입 등의 거래 또는 채권ㆍ채무가 있는 관계기업 및 기타 특수관계자\n구분\xa0\n당분기말\xa0\n전기말\n비고\xa0\n기타특수관계자\xa0\n한세드림(주)\n한세드림(주)\n지배기업의 종속기업\n예스이십사(주)\n예스이십사(주)\n지배기업의 종속기업\n동아출판(주)\n동아출판(주)\n지배기업의 종속기업\n한세엠케이(주)\n한세엠케이(주)\n지배기업의 종속기업\n아이스타일24㈜\n아이스타일24㈜\n\xa0주요경영진이 지배하는 회사\n관계기업\n멀티에셋 IPO 타겟 전문사모 증권투자신탁 제1호\n멀티에셋 IPO 타겟 전문사모 증권투자신탁 제1호\n-\n한세예스24라이징스타 투자조합\n한세예스24라이징스타 투자조합\n-\n우리 글로벌 블록체인 투자조합 15호\n우리 글로벌 블록체인 투자조합 15호\n-\n리딩-디 신기술조합 제1호\n리딩-디 신기술조합 제1호\n-\nVTI파트너스 헬스케어 투자조합\nVTI파트너스 헬스케어 투자조합\n-\n(2) 특수관계자와의 매출ㆍ매입 등 거래내역\xa01)\xa0당분기\n(단위: 천원)\n구 \xa0분\n회사명\n매출 등\n외주가공비\n매입\n기타비용\n지배기업\n한세예스24홀딩스(주)\n1,412\xa0\n-\xa0\n-\xa0\n1,562,300\xa0\n종속기업\nHANSAE VIETNAM CO.,LTD.\n24,708\xa0\n14,914,331\xa0\n-\xa0\n95,167\xa0\nHANSAE TN CO.,LTD.\n-\xa0\n10,347,993\xa0\n-\xa0\n-\xa0\nHANSAE TG CO.,LTD.\n118,658\xa0\n11,519,482\xa0\n-\xa0\n24,148\xa0\nHANSAE HANOI CO,. LTD.\n-\xa0\n-\xa0\n-\xa0\n2,514,041\xa0\nHANSAE HCM CO,. LTD.\n-\xa0\n-\xa0\n-\xa0\n3,994,310\xa0\nPT. HANSAE INDONESIA UTAMA\n24,216\xa0\n3,114,335\xa0\n-\xa0\n33,272\xa0\nPT. BOMIN PERMATA ABADI\n9,686\xa0\n3,722,968\xa0\n-\xa0\n-\xa0\nPT. HANSAE INDONESIA SUKSES\n-\xa0\n-\xa0\n-\xa0\n1,174,525\xa0\nHANSAE INTERNATIONAL, S.A.\n-\xa0\n14,142,372\xa0\n-\xa0\n-\xa0\nHANSAE PINULA, S.A.\n-\xa0\n10,555,660\xa0\n-\xa0\n86,948\xa0\nHANSAE GSN S.A.\n-\xa0\n-\xa0\n-\xa0\n999,739\xa0\nHANSAE HAITI, S.A.\n263\xa0\n8,903,475\xa0\n-\xa0\n-\xa0\nC&T VINA CO.,LTD.\n144,115\xa0\n-\xa0\n-\xa0\n-\xa0\nHANSAE MYANMAR CO.,LTD\n37,825\xa0\n817,123\xa0\n-\xa0\n-\xa0\n칼라앤터치(주)\n235,077\xa0\n-\xa0\n30,208,644\xa0\n14,536\xa0\n기타특수관계자\n한세드림(주)(*1)\n-\xa0\n-\xa0\n-\xa0\n1,076\xa0\n예스이십사(주)\n-\xa0\n-\xa0\n-\xa0\n89,680\xa0\n동아출판(주)\n-\xa0\n-\xa0\n-\xa0\n61,200\xa0\n합계\n595,960\xa0\n78,037,739\xa0\n30,208,644\xa0\n10,650,942\xa0\n2)\xa0전분기\n(단위: 천원)\n구 \xa0분\n회사명\n매출 등\n외주가공비\n매입\n기타비용\n지배기업\n한세예스24홀딩스(주)\n16,564\xa0\n-\xa0\n-\xa0\n1,428,900\xa0\n종속기업\nHANSAE VIETNAM CO.,LTD.\n23,421\xa0\n15,712,407\xa0\n-\xa0\n710,001\xa0\nHANSAE TN CO.,LTD.\n-\xa0\n15,026,334\xa0\n-\xa0\n-\xa0\nHANSAE TG CO.,LTD.\n113,917\xa0\n16,889,418\xa0\n-\xa0\n58,301\xa0\nHANSAE HANOI CO,. LTD.\n-\xa0\n-\xa0\n-\xa0\n1,962,402\xa0\nHANSAE HCM CO,. LTD.\n-\xa0\n-\xa0\n-\xa0\n3,127,662\xa0\nPT. HANSAE INDONESIA UTAMA\n-\xa0\n4,311,938\xa0\n-\xa0\n24,894\xa0\nPT. BOMIN PERMATA ABADI\n9,824\xa0\n3,098,605\xa0\n-\xa0\n-\xa0\nPT. HANSAE INDONESIA SUKSES\n-\xa0\n-\xa0\n-\xa0\n968,623\xa0\nHANSAE INTERNATIONAL, S.A.\n-\xa0\n12,962,094\xa0\n-\xa0\n-\xa0\nHANSAE PINULA, S.A.\n-\xa0\n9,518,303\xa0\n-\xa0\n51,573\xa0\nHANSAE HAITI, S.A.\n3,023\xa0\n4,474,807\xa0\n-\xa0\n-\xa0\nC&T VINA CO.,LTD.\n183,797\xa0\n-\xa0\n-\xa0\n-\xa0\nMYANMAR AYEYARWADDYMANUFACTURING CO.,LTD.\n-\xa0\n42,227\xa0\n-\xa0\n-\xa0\nHANSAE MYANMAR CO.,LTD\n32,735\xa0\n5,460\xa0\n-\xa0\n-\xa0\n칼라앤터치㈜\n191,855\xa0\n-\xa0\n20,768,759\xa0\n23,904\xa0\n기타특수관계자\n한세엠케이㈜\n288,490\xa0\n-\xa0\n-\xa0\n-\xa0\n예스이십사(주)\n-\xa0\n-\xa0\n-\xa0\n96,579\xa0\n한세드림(주)(*1)\n-\xa0\n-\xa0\n-\xa0\n881\xa0\n동아출판(주)\n-\xa0\n-\xa0\n-\xa0\n8,000\xa0\n합계\n863,626\xa0\n82,041,593\xa0\n20,768,759\xa0\n8,461,720\xa0\n(*1)\xa0한세드림 창고임차계약과 관련한 리스부채에서 발생한\xa0당기 이자비용은\xa0525천원(전분기: 525천원) 입니다.\n(3) 특수관계자에 대한 채권ㆍ채무의 주요 잔액 \xa01) 당분기말\n(단위: 천원)\n구분\n회사명\n채 권\n채 무\n매출채권\n미수금\n선급금\n기타\n매입채무\n미지급금\n리스부채\n미지급배당금\n지배기업\xa0\n한세예스24홀딩스(주)\n-\xa0\n-\xa0\n-\xa0\n-\xa0\n-\xa0\n857,900\xa0\n-\xa0\n8,489,079\xa0\n종속기업\xa0\nHANSAE VIETNAM CO.,LTD.\n-\xa0\n848,314\xa0\n16,551,609\xa0\n-\xa0\n-\xa0\n39,741\xa0\n-\xa0\n-\xa0\nHANSAE TN CO.,LTD.\n387\xa0\n-\xa0\n-\xa0\n-\xa0\n13,857,166\xa0\n102,565\xa0\n-\xa0\n-\xa0\nHANSAE TG CO.,LTD.\n6,955\xa0\n479,952\xa0\n20,128,327\xa0\n-\xa0\n-\xa0\n11,310\xa0\n-\xa0\n-\xa0\nHANSAE HANOI CO,. LTD.\n-\xa0\n163,590\xa0\n-\xa0\n-\xa0\n-\xa0\n2,078,139\xa0\n-\xa0\n-\xa0\nHANSAE HCM CO,. LTD.\n-\xa0\n1,130,087\xa0\n-\xa0\n-\xa0\n-\xa0\n3,632,984\xa0\n-\xa0\n-\xa0\nPT. HANSAE INDONESIA UTAMA.(*)\n-\xa0\n258,168\xa0\n15,805,304\xa0\n-\xa0\n-\xa0\n12,067\xa0\n-\xa0\n-\xa0\nPT. HANSAE KARAWANG INDONESIA.(*)\n-\xa0\n218,292\xa0\n2,534,534\xa0\n-\xa0\n-\xa0\n-\xa0\n-\xa0\n-\xa0\nPT. BOMIN PERMATA ABADI.(*)\n-\xa0\n362,043\xa0\n7,958,994\xa0\n-\xa0\n-\xa0\n-\xa0\n-\xa0\n-\xa0\nPT. HANSAE INDONESIA SUKSES\n-\xa0\n297,469\xa0\n-\xa0\n-\xa0\n-\xa0\n299,459\xa0\n-\xa0\n-\xa0\nHANSAE INTERNATIONAL, S.A.\n-\xa0\n-\xa0\n14,141,536\xa0\n-\xa0\n-\xa0\n55,440\xa0\n-\xa0\n-\xa0\nHANSAE PINULA, S.A.\n-\xa0\n250,883\xa0\n4,407,861\xa0\n-\xa0\n-\xa0\n33,356\xa0\n-\xa0\n-\xa0\nHANSAE GSN S.A.\n-\xa0\n-\xa0\n-\xa0\n-\xa0\n-\xa0\n999,739\xa0\n-\xa0\n-\xa0\nHANSAE HAITI, S.A.\n-\xa0\n63,362\xa0\n-\xa0\n-\xa0\n4,265,731\xa0\n-\xa0\n-\xa0\n-\xa0\nC&T VINA CO.,LTD.\n-\xa0\n46,464\xa0\n-\xa0\n-\xa0\n-\xa0\n-\xa0\n-\xa0\n-\xa0\nMYANMAR AYEYARWADDY MANUFACTURING CO.,LTD.(*)\n190,659\xa0\n57,627\xa0\n4,778,400\xa0\n-\xa0\n-\xa0\n-\xa0\n-\xa0\n-\xa0\nHANSAE MYANMAR CO.,LTD.\n-\xa0\n-\xa0\n2,651,661\xa0\n-\xa0\n-\xa0\n-\xa0\n-\xa0\n-\xa0\n칼라앤터치(주)\n-\xa0\n-\xa0\n14,104\xa0\n-\xa0\n1,312,274\xa0\n263,668\xa0\n\xa0-\xa0\n-\xa0\n기타특수관계자\n한세드림(주)\n-\xa0\n-\xa0\n-\xa0\n40,000\xa0\n-\xa0\n4,721\xa0\n65,867\xa0\n-\xa0\n예스이십사(주)\n-\xa0\n-\xa0\n-\xa0\n-\xa0\n-\xa0\n2,602\xa0\n-\xa0\n-\xa0\n합 계\xa0\n198,001\xa0\n4,176,251\xa0\n88,972,330\xa0\n40,000\xa0\n19,435,171\xa0\n8,393,691\xa0\n65,867\xa0\n8,489,079\xa0\n2) 전기말\n(단위: 천원)\n구분\n회사명\n채 권\n채 무\n매출채권\n미수금\n선급금\n기타\n매입채무\n미지급금\n리스부채\n지배기업\xa0\n한세예스24홀딩스(주)\n-\xa0\n-\xa0\n-\xa0\n-\xa0\n-\xa0\n625,600\xa0\n-\xa0\n종속기업\xa0\nHANSAE VIETNAM CO.,LTD.\n-\xa0\n830,588\xa0\n11,777,634\xa0\n-\xa0\n-\xa0\n36,452\xa0\n-\xa0\nHANSAE TN CO.,LTD.\n387\xa0\n-\xa0\n-\xa0\n-\xa0\n14,528,101\xa0\n108,027\xa0\n-\xa0\nHANSAE TG CO.,LTD.\n6,955\xa0\n425,394\xa0\n16,613,030\xa0\n-\xa0\n-\xa0\n6,077\xa0\n-\xa0\nHANSAE HANOI CO,. LTD.\n-\xa0\n160,172\xa0\n-\xa0\n-\xa0\n-\xa0\n2,039,006\xa0\n-\xa0\nHANSAE HCM CO,. LTD.\n-\xa0\n987,072\xa0\n-\xa0\n-\xa0\n-\xa0\n3,421,434\xa0\n-\xa0\nPT. HANSAE INDONESIA UTAMA.(*)\n-\xa0\n252,774\xa0\n12,032,996\xa0\n-\xa0\n-\xa0\n10,987\xa0\n-\xa0\nPT. HANSAE KARAWANG INDONESIA.(*)\n-\xa0\n213,731\xa0\n2,534,534\xa0\n-\xa0\n-\xa0\n-\xa0\n-\xa0\nPT. BOMIN PERMATA ABADI.(*)\n-\xa0\n354,478\xa0\n7,542,172\xa0\n-\xa0\n-\xa0\n-\xa0\n-\xa0\nPT. HANSAE INDONESIA SUKSES\n-\xa0\n227,090\xa0\n-\xa0\n-\xa0\n-\xa0\n561,068\xa0\n-\xa0\nHANSAE INTERNATIONAL, S.A.\n-\xa0\n-\xa0\n12,464,322\xa0\n-\xa0\n-\xa0\n62,447\xa0\n-\xa0\nHANSAE GLOBAL, S.A\xa0\n-\xa0\n20,250\xa0\n-\xa0\n-\xa0\n-\xa0\n-\xa0\n-\xa0\nHANSAE PINULA, S.A.\n-\xa0\n245,640\xa0\n3,913,611\xa0\n-\xa0\n-\xa0\n21,644\xa0\n-\xa0\nHANSAE HAITI, S.A.\n-\xa0\n62,038\xa0\n-\xa0\n-\xa0\n467,210\xa0\n-\xa0\n-\xa0\nC&T VINA CO.,LTD.\n-\xa0\n45,493\xa0\n-\xa0\n-\xa0\n-\xa0\n-\xa0\n-\xa0\nMYANMAR AYEYARWADDY MANUFACTURING CO.,LTD.(*)\n186,675\xa0\n56,423\xa0\n4,705,116 \xa0\n-\xa0\n-\xa0\n-\xa0\n-\xa0\nHANSAE MYANMAR CO.,LTD.\n-\xa0\n-\xa0\n1,965,583\xa0\n-\xa0\n-\xa0\n-\xa0\n-\xa0\nAPPAREL MANUFACTURING PARTNERS INC.\n-\xa0\n3,329\xa0\n-\xa0\n-\xa0\n-\xa0\n-\xa0\n-\xa0\n칼라앤터치(주)\n-\xa0\n-\xa0\n1,083,119\xa0\n-\xa0\n-\xa0\n-\xa0\n-\xa0\n기타특수관계자\n한세드림(주)\n-\xa0\n-\xa0\n-\xa0\n40,000\xa0\n-\xa0\n4,727\xa0\n77,942\xa0\n예스이십사(주)\n-\xa0\n-\xa0\n-\xa0\n-\xa0\n-\xa0\n2,016\xa0\n-\xa0\n합 계\xa0\n194,017\xa0\n3,881,143\xa0\n74,632,117\xa0\n40,000\xa0\n14,995,311\xa0\n6,899,485\xa0\n77,942\xa0\n(*) 상기 채권은 대손충당금 설정 전의 금액이며, 보고기간말 현재 상기 채권과 관련하여\xa0대손충당금\xa016,452백만원(전기말 : 16,452백만원)이 설정되어 있습니다.\n(4) 특수관계자와의 자금거래1) 당분기\n(단위: 천원)\n구분\xa0\n회사명\xa0\n출자\n리스거래상환\n\xa0종속기업\n칼라앤터치㈜\n3,000,000\xa0\n\u3000-\xa0\nHANSAE BAGO CO., LTD\n3,690,240\xa0\n\u3000-\xa0\n\xa0기타특수관계자\n한세드림(주)\n\u3000-\xa0\n12,075\xa0\n\xa0합계\n6,690,240\xa0\n12,075\xa0\n2) 전분기\n(단위: 천원)\n구분\xa0\n회사명\xa0\n출자\n리스거래상환\n\xa0관계기업\n한세예스24라이징스타 투자조합(*)\n1,750,000\xa0\n-\xa0\n\xa0기타특수관계자\n한세드림(주)\n-\xa0\n12,075\xa0\n\xa0합계\n1,750,000\xa0\n12,075\xa0\n(*)\xa0전분기 중 신규 출자를 통해 종속기업 및 관계기업에 편입되었습니다.(5) 지급보증 및 담보제공\n1) 제공받은 지급보증\n(외화단위: 1단위)\n구분\n제공자\n지급보증처\n\xa0최장보증기한\n지급보증액\n보증내용\n당분기말\n전기말\n연대보증\n대표이사\n대구은행\n2022-11-01\nUSD\n24,000,000\xa0\nUSD\n24,000,000\xa0\n차입금지급보증\n연대보증\n대표이사\n수출입은행\n2022-12-06\nUSD\n24,000,000\xa0\nUSD\n24,000,000\xa0\n합계\nUSD\n48,000,000\xa0\nUSD\n48,000,000\xa0\n2) 제공한 지급보증보고기간말 현재 회사가 특수관계자의 자금조달 등을 위하여 제공하고 있는 지급보증 및 담보의 내역은 다음과 같습니다.\xa0\n(원화단위: 천원, 외화단위: 1단위)\n구분\n회사명\n지급보증처\n\xa0최장보증기한\n지급보증액\n보증내용\n당기말\n전기말\n지배기업\n한세예스24홀딩스(주)\nKEB하나은행\n2022-04-16\nKRW\n6,000,000\xa0\nKRW\n6,000,000\xa0\n차입금지급보증\n종속기업\nHANSAE VIETNAM CO.,LTD.\n한국수출입은행\n2022-06-29\nUSD\n4,000,000\xa0\nUSD\n4,000,000\xa0\nKEB하나은행\n2023-03-08\nUSD\n5,400,000\xa0\nUSD\n5,400,000\xa0\nHANSAE TG CO.,LTD.\n국민은행\n2022-10-27\nUSD\n4,950,000\xa0\nUSD\n4,950,000\xa0\n한국수출입은행\n2022-06-11\nUSD\n10,000,000\xa0\nUSD\n10,000,000\xa0\n신한은행\n2022-12-28\nUSD\n12,000,000\xa0\nUSD\n12,000,000\xa0\nC&T VINA CO.,LTD.\nCITI BANK\n2023-03-21\nUSD\n7,200,000\xa0\nUSD\n7,200,000\xa0\n국민은행\n2022-04-29\nUSD\n2,860,000\xa0\nUSD\n2,860,000\xa0\n한국수출입은행\n2024-03-29\nUSD\n11,000,000\xa0\nUSD\n13,500,000\xa0\n산업은행\n2023-06-01\nUSD\n4,687,500\xa0\nUSD\n5,625,000\xa0\nKEB하나은행\n2022-11-11\nUSD\n7,200,000\xa0\nUSD\n7,200,000\xa0\n신한은행\n2022-12-21\nUSD\n4,800,000\xa0\nUSD\n4,800,000\xa0\nHANSAE HAITI, S.A.\nIFC BANK\n2022-02-15\n-\n-\xa0\nUSD\n333,333\xa0\nAPPAREL MANUFACTURING PARTNERS INC.\nKEB하나은행\n2022-01-13\n-\n-\xa0\nUSD\n6,000,000\xa0\nPT.HANSAE INDONESIA UTAMA\nKEB하나은행\n2026-12-30\nUSD\n5,000,000\xa0\nUSD\n5,000,000\xa0\nPT.BOMIN PERMATA ABADI\n수출입은행\n2022-08-02\nUSD\n2,000,000\xa0\nUSD\n2,000,000\xa0\nHANSAE MYANMAR CO.,LTD\n수출입은행\n2024-12-30\nUSD\n7,810,000\xa0\nUSD\n7,620,000\xa0\n칼라앤터치(주)\nKEB하나은행\n2022-05-16\nKRW\n600,000\xa0\nKRW\n600,000\xa0\n2022-05-16\nUSD\n13,200,000\xa0\nUSD\n13,200,000\xa0\n신한은행\n2022-12-02\nKRW\n600,000\xa0\nKRW\n600,000\xa0\n2022-12-02\nUSD\n16,200,000\xa0\nUSD\n16,200,000\xa0\n우리은행\n2022-06-05\nUSD\n12,000,000\xa0\nUSD\n12,000,000\xa0\n산업은행\n2023-11-26\nUSD\n16,800,000\xa0\nUSD\n16,800,000\xa0\n농협은행\n2022-11-15\nUSD\n6,000,000\xa0\nUSD\n6,000,000\xa0\n합계\nKRW\n7,200,000\xa0\nKRW\n7,200,000\xa0\nUSD\n153,107,500\xa0\nUSD\n162,688,333\xa0\n(6) 주요 경영진에 대한 보상회사는 기업활동의 계획ㆍ운영ㆍ통제에 대한 중요한 권한과 책임을 가진 등기임원, 비등기임원(사외이사 포함)을 경영진으로 판단하였으며,\xa0당분기 및 전분기\xa0중 회사의주요 경영진에 대한 보상의 내용은 다음과 같습니다.\n(단위: 천원)\n구분\n당분기\n전분기\n단기급여\n1,524,169\xa0\n1,720,481\xa0\n퇴직급여\n134,705\xa0\n123,479\xa0\n합계\n1,658,874\xa0\n1,843,960\xa0\n']"
