text
"['\nII. 사업의 내용\n1. 사업의 개요\n가. 사업부문별 현황삼성화재해상보험(주)와 그 종속회사가 영위하는 사업은 국내외 손해보험업(국내보험업은 손해보험사가 영위할 수 있는 모든 사업, 해외 손해보험은 해당 국가 보험업 규제에 따른 허용사업)과 관련 규정에 의해 허용된 기타 국내 보험 관련 사업입니다. 국내 보험사업은 지배회사가 영위하고 있으며, 해외 보험사업은 각 국가별로 규제가 상이하여 이에 부합하는 형태의 종속회사를 설립하여 운영하고 있습니다.\xa0기타 국내보험 관련 사업은\xa0손해사정서비스,\xa0고객상담\xa0및\xa0출동서비스,\xa0보험대리점\xa0등으로 고객서비스 차별화, 업무 전문성 확보 및 비용절감 등을 목적으로 설립된 전략적 사업단위입니다.각 단위별 주요 사업내용은 다음과 같습니다.\n구 분\n회사명\n주요 제공상품/서비스\n주요 고객\n국내사업\n삼성화재해상보험\n손해보험상품, 제3보험상품, 개인연금,퇴직연금, 각종 대출상품\n국내 개인 및 기업고객\n해외사업\n삼성화재 인도네시아법인삼성화재 베트남법인삼성화재 중국법인삼성화재 유럽법인삼성화재 미국관리법인삼성화재 싱가포르법인삼성화재\xa0중아Agency\n화재, 해상, 종합, 자동차보험, 재보험 등 손해보험 및 보험서비스\n해외에서 사업을 영위하는 한국계 기업,해외 현지 거주하는 한국 국적 개인,해외 현지인 및 현지 기업\n기타사업\n삼성화재애니카손해사정삼성화재서비스손해사정\n손해사정,\xa0고객상담\xa0및 출동서비스\n삼성화재해상보험 보험가입자 중 대상고객,지배회사\n삼성화재금융서비스보험대리점\n손해보험상품, 제3보험상품,생명보험상품(연금, 종신, 변액 등)\n국내 개인 및 법인고객\n부동산집합투자기구\nKB와이즈스타사모부동산투자신탁제1호하나전문투자형사모부동산투자신탁 53-1호이지스전문투자형사모부동산투자신탁121호하나대체투자전문투자형사모부동산투자신탁68호하나대체투자전문투자형사모부동산투자신탁67-1호퍼시픽미국호텔전문투자형사모부동산투자신탁제10호한강US전문투자형사모부동산투자신탁2-1호코람코전문투자형사모부동산투자신탁제81호\xa0현대고양북삼송주택리츠전문투자형사모부동산투자신탁12호이지스영국전문투자형사모부동산투자신탁58-1호(재간접형)켄달스퀘어전문투자형사모부동산투자신탁10호삼성SRA전문투자형사모부동산자투자신탁제50호코람코전문투자형사모부동산투자신탁제110호\n교보악사유럽코어부동산전문투자형사모투자신탁1호(재간접)\n투자신탁재산의 운용 및 관리\n국내 개인 및 기업고객(수익자 총수가 49인 이하)\n주식형집합투자기구\n삼성유럽가치배당증권자투자신탁H삼성유럽가치배당증권모투자신탁\n투자신탁재산의 운용 및 관리\n국내 개인 및 기업고객\n특별자산집합투자기구\nKIAMCO캘리포니아태양광사모특별자산투자신탁삼천리신재생에너지전문투자형사모투자신탁제1호KIAMCOESS태양광사모특별자산투자신탁제1호KTB영국PPP전문투자형사모투자신탁제26-1호다비하나청산풍력전문투자형사모투자신탁삼성UK가스인프라전문투자형사모투자신탁제3호JB미드스트림전문투자형사모특별자산투자신탁2호삼성Axium전문투자형사모투자신탁제3호맥쿼리글로벌인프라대출전문투자형사모특별자산투자신탁3호KIAMCO캘리포니아태양광사모특별자산투자신탁삼천리신재생에너지전문투자형사모투자신탁제1호KIAMCOESS태양광사모특별자산투자신탁제1호KTB영국PPP전문투자형사모투자신탁제26-1호다비하나청산풍력전문투자형사모투자신탁삼성UK가스인프라전문투자형사모투자신탁제3호JB미드스트림전문투자형사모특별자산투자신탁2호삼성Axium전문투자형사모투자신탁제3호맥쿼리글로벌인프라대출전문투자형사모특별자산투자신탁3호흥국플라이트전문투자형사모투자신탁14호IBK태양광발전전문투자형사모특별자산투자신탁제3호\n투자신탁재산의 운용 및 관리\n국내 개인 및 기업고객(수익자 총수가 49인 이하)\n신기술사업투자조합\nSVIC44호금융R&D신기술사업투자조합\n투자조합재산의 운용 및 관리\n국내기업고객\n나. 사업부문별 요약재무현황\xa0\n(1)\xa0부문별 자산/부채 요약1) 제71기 반기\n(단위 : 백만원)\n구 분\n국내사업\n해외사업\n기타사업\n소계\n내부거래제거 등\n합계\n자산총계\n86,159,890\n1,027,532\n125,918\n87,313,340\n(234,292)\n87,079,048\n부채총계\n71,693,388\n642,014\n66,711\n72,402,113\n64,821\n72,466,934\n자본총계\n14,466,502\n385,518\n59,207\n14,911,227\n(299,113)\n14,612,114\n2) 제70기\n(단위 : 백만원)\n구 분\n국내사업\n해외사업\n기타사업\n소계\n내부거래제거 등\n합계\n자산총계\n84,436,853\n1,013,236\n119,937\n85,570,026\n(397,854)\n85,172,172\n부채총계\n70,229,499\n661,295\n70,193\n70,960,987\n(110,250)\n70,850,737\n자본총계\n14,207,354\n351,941\n49,744\n14,609,039\n(287,604)\n14,321,435\n註)\xa02019년 1월 1일에 기업회계기준서 제1116호를 적용하였습니다. 자세한 사항은 \xa0 \xa0\xa0 III. 재무에\xa0관한 사항 중 3. 연결재무제표 주석 참조.\n3) 제69기\n(단위 : 백만원)\n구 분\n국내사업\n해외사업\n기타사업\n소계\n내부거래제거 등\n합계\n자산총계\n78,962,461\n891,778\n106,270\n79,960,509\n(569,855)\n79,390,654\n부채총계\n66,675,378\n576,933\n54,338\n67,306,649\n(281,525)\n67,025,124\n자본총계\n12,287,083\n314,845\n51,932\n12,653,860\n(288,330)\n12,365,530\n註) 2018년 1월 1일을 최초적용일로 하여\xa0기업회계기준서\xa0제1115호를 적용하였으며, \xa0 \xa0\xa0 해당 회계정책의 변경이 연결재무제표에 미치는 영향은 없음.(2) 부문별 매출/손익 요약\n1)\xa0제71기\xa0반기\n(단위 : 백만원)\n구 분\n국내사업\n해외사업\n기타사업\n소계\n내부거래제거 등\n합계\n매출액\n9,932,299\n182,553\n-\n10,114,852\n(55,512)\n10,059,340\n반기순이익\n433,366\n32,319\n10,054\n475,739\n(20,267)\n455,472\n註) 매출액은 보험료수익 기준임\n2)\xa0제70기\xa0반기\n(단위 : 백만원)\n구 분\n국내사업\n해외사업\n기타사업\n소계\n내부거래제거 등\n합계\n매출액\n9,531,347\n188,136\n-\n9,719,483\n(64,463)\n9,655,020\n반기순이익\n426,084\n11,525\n39\n437,648\n(1,921)\n435,727\n註1) 매출액은 보험료수익 기준임註2)\xa02019년 1월 1일에 기업회계기준서 제1116호를 적용하였습니다.\xa0자세한 사항은 \xa0 \xa0\xa0 III. 재무에\xa0관한 사항 중 3. 연결재무제표 주석 참조.\n3)\xa0제69기\xa0반기\n\xa0(단위 : 백만원)\n구 분\n국내사업\n해외사업\n기타사업\n소계\n내부거래제거 등\n합계\n매출액\n9,264,652\n196,275\n-\n9,460,927\n(94,556)\n9,366,371\n반기순이익\n665,632\n18,425\n(1,785)\n682,272\n(8,163)\n674,109\n註1) 매출액은 보험료수익 기준임註2)\xa02018년 1월 1일을 최초적용일로 하여\xa0기업회계기준서\xa0제1115호를 적용하였으며, \xa0 \xa0 \xa0\xa0 해당 회계정책의 변경이 연결재무제표에 미치는 영향은 없음.\n[국내사업]\n가. 산업의 특성\xa0손해보험은 우연한 사고로 인하여 발생한 재산, 신체 손해를 실제 손해액만큼 보상하는 산업입니다. 손해보험사는 각종 산업 및 개인에게 발생할 수 있는 모든 리스크를 보장하는 것을 목표로 다양한 상품을 개발하여 판매하고 있으며, 판매하는 보험상품은 크게 일반보험, 자동차보험, 장기손해보험, 개인연금, 퇴직연금으로 구분할 수 있습니다. 일반보험은 화재, 해상, 기술, 배상책임, 상해, 질병 등 기업 경영, 개인 재산 및 신체에 관련된 리스크를 보장하는 상품이며, 자동차보험은 자동차로 인하여 발생하는 타인의 신체 및 차량, 자신의 신체 및 차량에 대한 손해 등을 보장하는 상품입니다. 장기손해보험은 통상 3년 이상을 계약기간으로 하는 상품이며, 상해, 질병 등 신체 건강을 담보로 하는 건강보험과 운행 중 과실을 담보하는 운전자보험, 개인재산 및 신체, 배상책임 등 가입자가 원하는 다양한 리스크를 하나의 보험증권으로 보장하는 통합형 장기보험, 목돈마련을 위한 저축성보험이 있습니다. 개인연금과 퇴직연금은 개인의 노후생활에 대비한 상품으로 개인 또는 기업을 대상으로 판매하고 있는 상품입니다. 손해보험은 일반적으로 타업종 대비 경기민감도는 낮으나 계절에 따른 영향은 큰 편이며, 특히 그 중 자동차보험은 계절 변동에 의해 영향을 크게 받습니다. 여름 장마철과 겨울에는 타계절 대비 손해율이 상승하는 경향을 보이고, 일정한 주기로손해율의 상승과 하락이 반복되는 계절적 특성이 나타납니다. 일반보험은 계절에 의한 영향이 상대적으로 작으며, 업종 및 지리적 특성이 큰 영향을 주는 보험종목입니다. 장기손해보험 중 건강보험은 개인의 연령, 성별, 직업 등에 의해 영향을 받는 특성을 가지고 있습니다. 손해보험은 미래의 위험 발생 가능성을 현재가치로 환산하여 보험료에 반영하는 사업으로 핵심 성공요소는 사회전반에 나타나는 각종 리스크를 선제적으로 관리하는 능력과 리스크를 정확하게 예측하고 분석하여 보험료에 반영할수 있는 전문역량이라고 할 수 있습니다. 최근 미국, 영국과 같은 선진국에서는 보험사의 안정성, 영속성, 소비자보호 등을 제고하기 위한 보험업 관련 규제가 지속 강화되고 있는 추세이며, 국내에서도 IFRS17 도입, Do-Not-Call 시행 등 재무건전성 및 소비자보호 관련 규제가 지속 강화되고 있습니다.\n나. 시장여건\n2020년 6월말 기준 손해보험 시장은 원수손해보험사 22개(국내손보사 13개/외국손보사 9개)와 재보험사 9개(국내재보험사 1개/외국재보험사 8개), 총 31개 보험사가 손해보험업을 영위하고 있습니다. 원수손해보험 시장은 국내손보사가 원수보험료의 약 98%를 점유하고 있으며, 이 중 삼성화재, 현대해상, DB손보, KB손보와 같은 매출 상위 4개 보험사가 전체 시장의 65% 수준을 점유하고 있습니다. 외국계 보험사는원수보험 시장규모가 상대적으로 작은 일반보험 및 재보험과 직판 자동차보험 영업에 집중하여, 점유율은 약 2% 수준입니다.최근 손해보험업계에서는 신규경쟁자 진입 및 경쟁사간 M&A 등 경쟁구도 변화가 지속되고 있습니다. 최근 5년간 손해보험업계 주요 변화는 다음과 같습니다.\xa0 \xa0·KB손해보험 : 2015년 6월 KB금융그룹이 LIG손해보험을 인수,\xa0 \xa0 \xa0 \xa0 \xa0 \xa0 \xa0 \xa0 \xa0 \xa0 \xa0 \xa0\xa0\xa0\xa0 KB손해보험으로 사명 변경\xa0\xa0\xa0·한국해양보증보험 : 2015년 6월 신규 출범\xa0\xa0 ·현대해상 : 2015년 7월 1일 자회사 하이카다이렉트 흡수 합병 완료\xa0\xa0 ·아시아캐피탈리 / 퍼시픽라이프리 : 2016년 국내 재보험시장 진출\xa0\xa0 ·에이스손해보험 : 2017년 1월\xa0 Federal\xa0 Insurance 흡수 합병\xa0\xa0 ·알리안츠 글로벌 코퍼레이트 & 스페셜티(AGCS) : 2017년 6월 지점 설립\xa0\xa0 ·한국해양보증보험 : 2018년 한국해양진흥공사에 흡수통합, 해산\xa0\xa0 ·캐롯손해보험 : 2020년 1월 국내 최초 디지털 전문 손해보험사 출범국내 손해보험업은 FY\'20 상반기 기준 원수보험료 약 44.7조원 규모의 시장을 형성하고 있습니다. 보험 종목별로 보면 일반보험은 6.0조원, 자동차보험은 9.6조원, 장기보험(개인연금 포함)은 29.1조원을 거수하였습니다.\n[보험종목별 손해보험 시장규모]\n(단위 : 조원)\nFY\'20 상반기\nFY\'19\nFY\'18\n일반보험\n6.0\n9,8\n9.4\n자동차보험\n9.6\n17.6\n16.7\n장기보험\n29.1\n56.4\n54.1\n합계\n44.7\n83.8\n80.2\n註)\xa022개\xa0원수보험사[주요 회사별 원수보험 시장점유율]\n(단위 : %)\nFY\'20 상반기\nFY\'19\nFY\'18\n삼성화재\n21.8\n22.5\n22.7\n현대해상\n15.9\n16.0\n16.2\nDB손보\n15.4\n15.6\n15.5\nKB손보\n12.2\n12.3\n12.3\n메리츠화재\n10.0\n9.6\n8.8\n한화손보\n6.6\n7.1\n7.0\n흥국화재\n3.5\n3.6\n3.8\n농협손보\n5.1\n3.9\n4.1\n롯데손보\n2.5\n2.9\n3.0\nMG손보\n1.3\n1.3\n1.3\nAXA손보\n1.0\n0.9\n0.9\n더케이손보\n0.6\n0.6\n0.6\nBNP파리바\n0.0\n0.0\n0.0\n기타\n4.1\n3.7\n3.8\n합계\n100.0\n100.0\n100.0\n註1) 22개 원수보험사 註2)\xa0기타 : 서울보증, 캐롯손보, AIG, Chubb, FirstAM, Mitsui, Das, Genworth, Allianz AGCS다. 시장에서 경쟁력을 좌우하는 요인\r\n고객군이 다양하고, 리스크가 세분화되어 있는 손해보험시장에서 손해보험사의 경쟁력을 좌우하는 역량은 다음과 같습니다.(1) 광범위한 데이터(고객정보, 계약정보, 사고정보)의 축적, 분류, 가공, 분석으로 \xa0 \xa0\xa0 고객특성·위험유형別로 경쟁력 있는 보험료를 산출하는 역량(2) Risk별 손해사정 전문역량을 보유한 인력과 외부 네트워크를 기반으로 \xa0 \xa0\xa0 적정 보험금을 지급하고 처리 비용을 절감하는 역량(3) 고객에게 종합 컨설팅 제공을 통해 고객 가치의 향상이 가능한 판매조직으로\xa0 \xa0\xa0 육성할 수 있는 판매관리자의 코칭 및 육성 역량(4) 다양한 고객 니즈에 대응할 수 있는 멀티채널의 확보와 운영 역량(5) 차별화된 성과를 시현할 수 있는 전문인력을 확보, 육성하기 위한 인사체계(6) 안정적인 利差 마진 확보가 가능한 포트폴리오를 구축하고, 선제적인 리스크 \xa0 \xa0\xa0 관리를 통해 안정적인 수익을 창출하는 역량라. 회사가 경쟁에서 우위를 점하기 위한 주요 수단(1) 강력한 대면 전속채널을 중심으로 멀티채널 운용 전략회사는\xa0550여개\xa0지점과\xa02만여명의\xa0전속 설계사 판매조직을 보유한\xa0전국적인 판매망을 확보하고 있으며,\xa0판매조직의 리스크 컨설팅 및 개인자산 관리 역량을 극대화하여고객의 종합 리스크 컨설턴트로서 역량을 강화하고 있습니다. 또한, 2009년 온라인 자동차보험 브랜드인 \'애니카다이렉트\'를 출시 후 온라인 직판채널에서 빠른 속도로성장하여 채널 내 매출 규모 1위로 성장하였으며, 방카슈랑스 및 통신판매 채널도 전략적으로 활용하고 있습니다.(2) 보상원가 관리능력각 리스크별 적정한 손해사정 능력을 보유한 인력과 전국적인 외부 네트워크를 활용하여 적정보험금을 지급하기 위해 노력하고 있습니다. (3) 안정적인 자산 운용회사는 장기적인 안목에서 꾸준한 자산운용이익을 창출하는 것을 목표로 하여 경기변동에도 안정적인 자산운용이익률을 유지하고 있습니다.(4) 선제적인 리스크 관리 정책회사의 안정적인 성장과 고객의 이익제고를 위해 경영상 발생할 수 있는 제반리스크(보험, 금리, 시장, 신용, 유동성 리스크)를 전사적 차원에서 통합 관리하고 있습니다. 리스크관리위원회를 통해 보험위험 관리를 위한 보유 및 재보험 전략, 금리리스크 관리를 위한 자산부채관리 전략(ALM), 예정이율 운용 전략 등 주요 리스크관리 전략을수립하여 운용하고 있습니다.마. 신규사업의 추진회사는 국내 포털업체 카카오와 합작하여 디지털 손해보험사를 설립하기 위한 준비 단계에 있었으나, 양사의 입장 차이로 인해 설립 중단을 결정하였습니다.\r\n[해외사업]\n가. 산업의 특성통상적으로 손해보험 시장은 산업의 발달과 개인 소득의 증가에 따라 시장 규모가 동반 성장하는 것으로 알려져 있습니다. 특히 개발도상국의 손해보험시장이 타 국가들에 비해 높은 성장을 하고 있으며, 이에 따라 글로벌 보험사들이 개발도상국 시장으로의 진출이 매우 활발하게 이루어지고 있습니다. 또한 일본과 같이 국내 손해보험시장이 포화된 국가의 주요 보험사들은 해외 보험시장에 진출하여 매출 성장과 이익 창출을 추구하고 있습니다. 해외에서 손해보험 사업을 영위하는 방법은 현지 법인을 직접설립하여 자체 성장하는 전략과 기존 현지 보험사를 인수 합병하여 운영하는 전략으로 구분할 수 있습니다. 보험회사는 두 가지 방법 중 국가별로 시장 환경, 규제, 수익성 등을 종합적으로 고려하여 최적의 사업 모델을 수립하여 선택하게 됩니다.나. 시장여건2019년 세계 손해보험 시장은 약 3.4조 달러 규모로 전년동기 대비 약 3% 성장을 하였습니다. 북미시장은 전년동기 대비 약 4.2% 성장을 하였고, 중남미 라틴아메리카 시장은 약 2.4% 역성장을 하였습니다. 독일/영국/프랑스 중심의 선진 EMEA(Europe, the Middle East and Africa)시장은 전년동기 대비 약 0.8% 역성장을 하였으며, 신흥 EMEA시장은 약 1.8% 성장을 하였습니다. 일본/한국/호주 중심의 선진 아태시장은 전년동기 대비 약 2.3% 성장을 하였고, 중국/인도 중심의 신흥 아태시장은 약 9.8% 성장을 하였습니다. 2020년 상반기는 COVID-19 영향으로 경제 활동이 위축되어 세계 손해보험 시장의 성장도 부진할 것으로 예측됩니다.(출처 : World Insurance in 2020, Swiss Re Sigma)<주요 종속회사의 시장 여건>\n회사\n내용\n삼성화재 유럽법인\xa0\n- 2019년 유럽 손해보험시장은 세계 3위 시장인 독일이 약 1,423억 \xa0\xa0 달러 규모로 전년동기 대비 약 2.5% 역성장하였고, 세계 5위 시장인 \xa0\xa0 영국이 약 1,020억 달러 규모로 전년동기 대비 약 3.9% 역성장, 세계\xa0\xa0 6위 시장인 프랑스가 약 947억 달러 규모로 전년동기 대비 약 0.8%\xa0\xa0 역성장을 하는 등 주춤한 성장세를 보이고 있습니다.- 런던마켓은 세계 재보험시장의 중심지 중 하나로 각국에서 인수하기\xa0\xa0 어려운 다양한 위험에 대한 담보를 제공하고 있습니다. 영국의 EU \xa0\xa0 탈퇴로 인한 불확실성이 당분간 지속될 것으로 예상되고 있습니다.\xa0\n삼성화재 베트남법인\n- 2019년 베트남 손해보험시장은 약 26억 달러 규모이며, 전년동기\xa0\xa0 대비 약 13.9% 성장을 하였습니다.\xa0- 최근 베트남 경제 성장에 따른 관련 투자 증가 및 GDP 성장, \xa0\xa0 그리고 이에 따른 중산층의 증가로 베트남의 보험시장은 빠르게\xa0\xa0 성장하고 있습니다.\n삼성화재 중국법인\n- 2019년 세계 2위인 중국 손해보험시장은 약 2,880억 달러 규모이며,\xa0\xa0 전년동기 대비 약 10.1% 성장을 하였습니다.- 중국 손해보험 시장은 건강/상해, 책임/보증상품을 중심으로 강한 \xa0\xa0 성장이 지속되고 있으며, 이를 기반으로 손해보험 성장을 견인할 \xa0\xa0 것으로 보입니다.\n삼성화재싱가포르법인\n- 2019년 기준 싱가포르는 아시아 재보험 시장의 최대 허브로 최근 \xa0\xa0 아시아 경제성장에 따라 싱가포르 재보험 시장은 최근 5년 평균 \xa0\xa0 약 10% 성장을 보이고 있습니다.\xa0 - 재물보험, 기술보험 등 전통형 상품이 싱가포르 재보험 시장의 주요 \xa0 비중을 차지하며, 자연재해 사고발생과 경쟁심화에 따라 재보험업계\xa0\n\xa0 합산비율이 다소 증가하는 추세이나, 향후 수익성이 개선될 것으로\xa0 전망하고 있습니다.\n삼성화재인도네시아법인\n- 2019년 인도네시아 손해보험시장은 약 65억 달러 규모이며, 전년\xa0 \xa0 \xa0 \xa0 동기대비 약 12.2% 성장을 하였습니다.\xa0- 인도네시아 손해보험시장은 주로 자동차보험 및 재물보험에 집중\xa0\xa0 되어 있으며, 최근 행정수도 이전 및 경제개발 등으로 인도네시아\xa0\xa0 손해보험시장은 지속 성장할 것으로 보입니다.\n(출처 :\xa0World Insurance in 2020, Swiss Re Sigma,\xa0\xa0 \xa0 \xa0 \xa0 \xa0\xa0싱가포르 MAS(Monetary Authority of Singapore) 통계 자료)\xa0\n다. 시장에서 경쟁력을 좌우하는 요인국가별 특성이 다양하고, 리스크가 세분화되어 있는 해외 손해보험 시장에서 손해보험사의 경쟁력을 좌우하는 역량은 다음과 같습니다. (1) 국가별 특성에 적합한 로컬사업 운영에 필요한 Governance/Talent/시스템 역량(2) 브랜드/고객/채널/Local Talent를 일시에 획득하는 M&A 역량(3) 국가별 상이한 法제도 및 시장 여건에 맞도록 다양한 사업 추진 방식과 전략을 \xa0 \xa0\xa0 수립할 수 있는 역량(4) 원수 손해보험 서비스 제공과 더불어 다변화된 사업 영역을 개발, 추진할 수 \xa0 \xa0\xa0 있는 역량라. 회사가 경쟁에서 우위를 점하기 위한 주요 수단(1) 관계사 및 한국계 시장을 기반으로 하는 해외시장 확대 전략\xa0 \xa0\xa0 당사는 9개국에서 해외사업을 추진 중입니다. 전 세계 한국계 시장의 글로벌 \xa0 \xa0\xa0 영업을 지원하는 전담 조직을 운영하고 있으며 기업의 리스크컨설팅 및 자산관리\xa0 \xa0\xa0 역량을 극대화하여 고객의 종합 리스크 컨설턴트로서 역량을 강화하고 있습니다.(2) 해외거점 원격관리체계 구축\xa0 \xa0\xa0\xa0당사는 중앙집중화된 IT 시스템 기반을 통해 해외거점의 운영현황 파악이\xa0 \xa0\xa0 가능한 글로벌 통합시스템을 구축하고 있습니다.(3) 해외사업 전문인력 양성 및 운영 제도\xa0 \xa0\xa0 당사는 해외사업 확대에 필요한 내부 인력을 양성하고 있으며, 지속적인\xa0 \xa0\xa0 해외사업 전문가 확보로 인적자원의 글로벌화를 추진하고 있습니다.(4) 제휴/인수를 포함한 해외투자 프로세스 확립\xa0 \xa0\xa0 당사는 해외시장의 성공적인 M&A 추진에 필요한 신속한 내부 의사결정을 위한\xa0 \xa0\xa0 위원회 및 해외투자 프로세스를 갖추고 있습니다.마. 신규사업의 추진회사는 2019년 4월 30일 이사회 결의로 영국 로이즈 손보사 지분투자의 건을 결정 하였고, 2019년 5월 2일자로 캐노피우스(Canopius Group Limited)사의 100% 주주인 포튜나 탑코 유한회사(Fortuna Topco Limited) 지분을 인수하는 계약을 체결하였습니다. 투자금액은 1.5억 USD로 회사는 2019년 11월 국내외 감독당국의 승인을 받아 로이즈 캐노피우스사의 전략주주로 포튜나 탑코 유한회사 등의 이사회에 참여하게 되었습니다. 회사는 국내사업을 기반으로 안정적인 사업을 영위하고 있으나, 국내시장의 점진적 성장 둔화에 따라 해외 신성장 동력 창출을 위한 선진국시장 진입 기회를 꾸준히 모색해 왔습니다.\xa0 영국 로이즈시장은 3백여년 축적된 데이터와 언더라이팅 역량을 바탕으로 견고한 글로벌 보험사업장으로 평가받고 있습니다.\xa0\n캐노피우스사는 영국 런던을 기반으로 원수/재보험을 인수하는 글로벌 특종 보험사로 미국, 버뮤다, 스위스, 싱가포르, 네덜란드, 아일랜드, 중국 및 호주 거점을 운영 중이며, 2019년 미국 암트러스트(AmTrust Financial Services, Inc.)사의 로이즈 사업(AmTrust at Lloyd\'s)을 인수하여 로이즈시장의 5위권사로 도약하였습니다 .\n[기타사업]가. 산업의 특성\xa0(1) 손해사정서비스 손해사정은 손해발생사실의 확인, 보험약관 및 관련 법규적용의 적정성 판단,\xa0정확한손해액 산정, 보험금 지급 등의\xa0제반 업무를 말합니다.\xa0 주요 업무는 현장활동 등을 통한 사고원인 조사로\xa0보상가능 여부 및 책임범위를 확정하고, 피보험이익의 귀속, 적용 요율의 적정성, 보험료\xa0입금의 유무 등 보험계약내용에 관한 사실관계를 조사함은 물론, 사고에 따른 손해액 평가를 통해 정확한 보험금을 산정, 지급하는 것입니다.\xa0손해사정 업무는 보험종목, 사고유형 등에 따라 크게 재물, 신체, 차량\xa0 3가지로 구분할 수 있습니다. 재물손해사정은 화재, 해상, 기술보험 등의 손해사정 업무가 해당 되며,\xa0신체손해사정은\xa0상해, 질병, 간병보험과\xa0자동차 사고로 인한 사람의 신체와 관련되고, 차량손해사정은 자동차 사고로 인한 차량 및 그 밖의 재산상의\xa0손해사정\xa0업무가 해당됩니다.\xa0\xa0 (2) 고객상담서비스\xa0고객상담서비스는 대표전화 \'1588-5114\'와 고객창구를 통해\xa0고객들의\xa0문의에 대한 응대 서비스로서\xa0판매된 보험상품에 대한 계약변경 및 해지 등 상품 내용에 대한 설명을 제공하는 서비스 입니다.(3) 출동서비스출동서비스는 고객의 차량에 문제가 생겼을 경우 현장으로 신속하게 출동하여 해결해 주는 서비스로서 발생사유에 따라 사고출동과 고장출동으로 구분할 수 있습니다. 사고출동은 자동차 사고 발생시 전국에 분포한 출동 네트워크 인력이 신속히 현장에출동하여 응급조치 및 초기\xa0사고조사를\xa0실시함으로써\xa0고객에게 안심을 제공하고 피해확대를 사전에 방지할 수 있도록 지원하는 서비스입니다.\xa0 고장출동은 고객 차량이 고장 등으로 운행이 불가능 할 경우, 현장에 출동하여 차량 응급조치 및 긴급 견인 등을 실시하는 서비스입니다.\xa0고장출동의 주요 서비스로는\xa0비상구난, 긴급견인, 비상급유, 배터리 충전, 타이어 교체 및 펑크수리, 잠금장치해제\xa0등\xa06가지 분야가 있습니다.(4) 보험대리점 영업고객의 니즈가 다양화 되고, 채널간 경쟁 심화에 따른 시장변화에 대응하기 위하여 차별화된 마케팅 및 채널운영 확보가 시급한 상황입니다.(주)삼성화재금융서비스보험대리점은 이러한 시장의 기회와 RC 경쟁력 제고를 통한차별화·전문화된 금융판매전문회사로 성장하여, 고객들에게 다양한 서비스를 제공하고, 건전한 판매문화 조성을 통한 국내 보험시장의 건전한 발전에 기여할 것입니다.나. 시장 여건(1) 손해사정서비스 손해사정 업무는 보험회사가 손해사정사를 고용하여 직접 처리하거나, 손해사정업을등록한 회사에 위탁하여 처리할 수 있으며, 위탁업체는 주로 보험회사가 자회사로\xa0 \xa0 운영하거나 외부 손해사정업체(법인 포함)를 활용하게 됩니다. (2) 고객상담서비스 국내 全 보험사가 관련 서비스를 제공하고 있으며,\xa0당사는 자회사인 삼성화재서비스손해사정(주)를 통해서 시행 중입니다.\xa0 경쟁사는 당사와 같이 자회사를 설립하거나 콜 전문회사에 위탁하여 서비스를 제공하고 있습니다.(3) 출동서비스국내 손해보험업계 자동차보험 출동서비스는 全 보험사가 실시하고 있으며, 당사는 자회사인 삼성화재애니카손해사정(주)를 통해서 서비스를 시행중입니다.\xa0\xa0 경쟁사는 당사와 같이 자회사를 설립하거나 전문 출동서비스 회사를 통해 서비스를 제공하고 있습니다.(4) 보험대리점 영업국내보험시장은 많은 보험사들이 상품과 판매조직의 경쟁우위 확보를 위해 무한 경쟁을 하고 있습니다.다. 시장에서 경쟁력을 좌우하는 요인(1) 손해사정서비스손해사정업의 핵심 성공요소는 신속하게 손해발생사실을 확인하여 보험약관 및 관계법규 적용의 적정여부를 판단하고, 손해액 및 보험금을 공정하고 정확하게 산정하는 역량입니다. \n(2) 고객상담서비스\xa0\n상담서비스의 핵심 경쟁력은 전문 상담 인력을 통하여 사고상담 및 접수, 각종 보험 상품과 관련된 내용을 고객에게 신속하고 정확하게 안내하는 역량입니다.\n(3) 출동서비스\n출동서비스의 핵심 경쟁력은 고장 또는 사고 등으로 고객차량에 문제가 발생한 경우 전국단위 규모의 출동 네트워크를 활용하여 신속하게 현장에 출동, 초기대응을 지원하고 고객에게 안심서비스를 제공하는 역량입니다.(4) 보험대리점 영업보험대리점 영업의 핵심 경쟁력은\xa0판매상품의 다양성을 강점으로 고객에게 차별화, 전문화된 금융상품 판매 및 서비스 기회를 제공하는 역량입니다.라. 회사가 경쟁에서 우위를 점하기 위한 주요 수단(1) 손해사정서비스 신속하고\xa0정확한\xa0보상처리를 위해 전문인력의\xa0보유와\xa0전국적인 보상처리망 보유가\xa0 \xa0중요합니다. 차량손해사정업을 담당하고\xa0있는\xa0삼성화재애니카손해사정(주)는 국가가공인한\xa0손해사정사를\xa0업계\xa0최대인 421명을\xa0보유하고 있으며,\xa0전국 21개 대물보상부,120개의\xa0센터와\xa0980여개의\xa0삼성화재 우수정비업체\xa0네트워크를\xa0통해\xa0고객들이 전국 어디서든 가장 신속하고 정확한 서비스를\xa0제공 받으실 수 있도록 노력하고 있습니다.장기 및 일반보험의 재물 및 신체손해사정업을\xa0담당하고\xa0있는\xa0삼성화재서비스손해사정(주)은\xa0손해사정사\xa097명을 보유하고\xa0있으며,\xa0전국 70개팀\xa0697명의\xa0직원들이\xa0손해사정서비스 업무를 수행하고 있습니다.(2) 고객상담서비스 상담서비스를 담당하고 있는\xa0삼성화재서비스손해사정(주)는\xa01,183명의 전문상담인력을\xa0통하여 각종 상담서비스를 제공하고 있으며,\xa0신속한 응대를 위하여\xa020초내 응답률(통화연결)을\xa085.0%\xa0수준으로 유지하고 있습니다.(3) 출동서비스출동서비스를\xa0담당하고 있는\xa0삼성화재애니카손해사정(주)는 신속, 정확한 서비스를 제공하기 위하여\xa0전국에\xa0870여개의 사고출동 네트워크와\xa0680여개의 고장출동\xa0네트워크를 보유하고 있습니다.\xa0\xa0또한\xa0전국에\xa0\xa038명의\xa0네트워크 컨설턴트를\xa0배치하여\xa0서비스 품질 향상에 노력하고 있으며, 출동자의 차량, 복장, 명함, 인사말 등 고객 응대서비스 표준화를 통해\xa0전국 어디에서든 동일한 서비스를 제공하고 있습니다.(4) 보험대리점 영업보험대리점 영업을 담당하고 있는 (주)삼성화재금융서비스보험대리점은 설계사 역량별 차별화된 조직관리, 판매상품의 다양성과 차별화된 마케팅 및 채널운영의 유연성을 바탕으로 차별화, 전문화된 금융판매 서비스를 제공하고 있습니다. 마. 신규사업의 추진- 해당사항 없음\n2. 영업의 현황[국내사업]\n가. 영업의 개황\n회사는 FY\'20 상반기 전년동기 대비 4.6% 성장한 9조 7,657억원의 원수보험료를 거수하였습니다.\xa0당기순이익은 장기보험 및 자동차보험 손해율 개선 등의 영향으로 전년동기 대비 73억원 증가한 4,334억원을 달성하였습니다.\xa0일반보험 원수보험료는 7,517억원으로 전년동기 대비 7.63% 성장하였으며, 자동차보험은 업계 요율인상 등의 영향으로 전년동기 대비 12.7% 증가한 2조 8,660억원의 원수보험료를 거수하였습니다. 장기보험은 전년동기 대비 0.94% 증가한 6조 1,480억원의 원수보험료를 거수하였습니다.FY\'20 상반기 기준 회사의 총자산 규모는 전년동기 대비 3조 4,096억원 증가한 86조 1,599억원이며, 지급여력비율(RBC기준)은 2020년 6월말 기준 318.55%(연결기준)로 업계 최고수준을 유지하고 있습니다.전사적 재무건전성에 대한 신용등급은 2019년 9월 S&P로부터 국내 민간기업 중 최고등급인 \'AA-\' 등급을 5년 연속 받았습니다. 또한 2019년 9월 세계적인 보험사 전문 신용등급 평가기관인 A.M.Best로부터 최고 신용등급인 \'A++\'를 9년 연속 받았습니다. 이는 A.M.Best의 신용등급 16단계 중 최고등급으로서 전 세계 174개 보험사만 보유하고 있습니다. 회사의 높은 신용등급은 특히, 세계적인 경제 불안 속에서 이루어 낸 성과라는 측면에서 회사의 견실한 자본력, 월등한 시장지배력, 안정적 이익구조, 탁월한 위험 관리 능력, 그리고 우수한 경영진의 능력을 세계적으로 공인받는 계기가 되었습니다.2012년 9월 회사는 효율적이고 혁신적인 기업경영의 결과로 \'제36회 국가생산성대회\'에서 종합대상 대통령 표창을 수상하였습니다. 이 상은 체계적인 경영혁신 활동을통하여 모범적인 생산성 향상을 이룩한 기업 및 기관에게 수여하는 지식경제부 주최의 정부포상제도로, 삼성화재가 보험업계 최초로 최고 권위인 대통령 표창을 수상했다는데 그 의의가 있습니다. 또한 고객중심 혁신을 경영의 화두로 지속적으로 추진해 온 결과, 서비스 부문에서도업계 최고 권위의 상을 다수 수상하는 업적을 이루었습니다. 2011년 한국표준협회가주관하는 \'한국서비스대상\'과 한국능률협회컨설팅이 주관하는\xa0 \'고객만족경영대상\'에서 보험사 최초로 동시에 \'명예의 전당\'에 헌액되었습니다. 명예의 전당은 5년 이상 연속 대상을 수상한 기업 중 각종 심사를 거쳐 서비스 품질이 탁월한 기업을 선정하는 최고권위의 상입니다. 뿐만 아니라 2019년 한국능률협회컨설팅에서 실시하는 \'한국 산업의 고객만족도(KCSI)\' 자동차보험부문에서 22년 연속 1위, 장기보험부문 9년 연속 1위에 선정되었고, 2020년 한국표준협회가 실시한 \'한국서비스품질지수(KS-SQI)\'에서 장기보험부문 7년 연속 1위 및 자동차보험부문 19년 연속 1위로 국내금융사 중 최장기간 1위 기록을 보유하고 있습니다. 또한 전세계 시가총액 상위 약 2,500개 기업을 대상으로 재무적 성과, 사회공헌, 환경, 지배구조 등을 평가하는 세계 최고 권위의 지속가능성 지수인 \'다우존스지속가능경영지수(DJSI)\' 평가에서 세계 최고등급인 \'DJSI 월드지수\' 기업으로 6년 연속 선정되었습니다. 삼성화재는 2006년부터 2014년까지 실시된 민원발생평가 부문에서도 총 10회 중 7회에 걸쳐 ""1등급(우수)"" 을 획득하였고 2015년부터 시행된 금융소비자보호 실태평가에서도 2018년 평가결과 10개 부문 중 전부문에서 양호 이상의 평가를 받는 등 명실공히 보험업계는 물론 금융업계 리딩 컴퍼니로서의 위치를 확고히 하고 있습니다.나. 영업의 종류회사는 손해보험회사로서 다양한 보험상품을 개발 및 판매하는 보험영업과 기관투자자로서 자본시장에 참여하는 투자영업을 영위하고 있습니다.(1) 보험영업 : 화재, 해상, 특종, 자동차보험 등 손해보험 상품과 상해, 질병 보험 등 \xa0 \xa0 \xa0 \xa0 \xa0 \xa0 \xa0 \xa0 \xa0 \xa0\xa0 제3보험 상품, 개인연금, 퇴직연금 등 다양한 보험상품 판매(2) 투자영업\xa0:\xa0약\xa072.7조원의 운용자산을 활용하여\xa0자본시장에 기관투자자로 \xa0 \xa0 \xa0 \xa0 \xa0 \xa0 \xa0 \xa0 \xa0 \xa0\xa0 참여하고 있으며, 기업 및 개인 고객 등을 대상으로 대출영업 영위\n다. 영업부문별 자금조달, 운용 내용\xa0\n(1) 자금조달- 보험종목별 보험료수익\n(단위 : 백만원, %)\n구 분\n제71기 반기\n제70기 반기\n제70기\n제69기\n금액\n비율\n금액\n비율\n금액\n비율\n금액\n비율\n화재\n16,058\n0.17\n15,628\n0.17\n32,823\n0.17\n34,055\n0.18\n해상\n57,985\n0.58\n45,096\n0.47\n83,521\n0.43\n99,851\n0.54\n자동차\n2,745,587\n27.64\n2,437,727\n25.57\n4,920,629\n25.59\n4,530,241\n24.47\n보증\n1\n0.00\n2\n0.00\n3\n0.00\n1\n0.00\n특종\n692,414\n6.97\n681,565\n7.15\n1,428,917\n7.43\n1,314,230\n7.10\n해외원ㆍ수재보험\n216,038\n2.17\n213,500\n2.24\n424,991\n2.21\n381,418\n2.06\n장기\n5,314,585\n53.50\n5,180,677\n54.35\n10,439,723\n54.31\n10,223,969\n55.22\n개인연금\n833,459\n8.39\n910,159\n9.55\n1,799,011\n9.36\n1,872,722\n10.12\n부수사업\n57,169\n0.58\n47,910\n0.50\n95,834\n0.50\n58,244\n0.31\n합계\n9,933,296\n100.00\n9,532,264\n100.00\n19,225,452\n100.00\n18,514,731\n100.00\n註) 보험업감독업무시행세칙에 따른 업무보고서상 사업실적표 작성 기준 및\xa0 \xa0\xa0 손해보험경영통일공시 기준으로 작성됨\n(2) 자산운용현황 1) 자산운용률\n(단위 : 백만원, %)\n구 분\n제71기 반기\n제70기 반기\n제70기\n제69기\n총 자 산(A)\n86,159,890\n82,750,364\n84,436,853\n78,962,461\n운용자산(B)\n72,659,996\n69,426,602\n71,391,477\n66,733,121\n자산운용률(B/A)\n84.33\n83.90\n84.55\n84.51\n註) 운용자산은 총자산에서 보험업감독업무시행세칙에서 정의한 비운용자산을 제외한 \xa0 \xa0\xa0 금액 기준임\n2) 운용내역별 수익현황\n(단위 : 백만원, %)\n구 분\n제71기 반기\n제70기 반기\n제70기\n제69기\n금 액\n비 율\n금 액\n비 율\n금 액\n비 율\n금 액\n비 율\n수익률\n수익률\n수익률\n수익률\n운용자산\n대출\n기말잔액\n23,911,743\n32.91\n22,602,391\n32.56\n23,457,221\n32.86\n22,531,499\n33.76\n운용수익\n345,210\n2.94\n359,781\n3.21\n718,425\n3.17\n695,931\n3.22\n유가증권\n기말잔액\n46,906,124\n64.56\n44,737,387\n64.44\n45,874,206\n64.26\n41,755,363\n62.57\n운용수익\n682,123\n2.96\n651,281\n3.03\n1,248,711\n2.89\n1,426,695\n3.51\n현ㆍ예금 및 신탁\n기말잔액\n1,112,233\n1.53\n1,316,878\n1.90\n1,299,106\n1.82\n1,647,738\n2.47\n운용수익\n7,411\n1.23\n8,373\n1.13\n17,977\n1.23\n11,025\n0.74\n기 타\n기말잔액\n729,896\n1.00\n769,946\n1.10\n760,944\n1.07\n798,521\n1.2\n운용수익\n1,049\n0.28\n2,214\n0.57\n5,824\n0.75\n3,051\n0.38\n합 계\n기말잔액\n72,659,996\n100.00\n69,426,602\n100.00\n71,391,477\n100.00\n66,733,121\n100\n운용수익\n1,035,793\n2.90\n1,021,649\n3.02\n1,990,937\n2.92\n2,136,702\n3.31\n註1) 운용수익은 보험업감독업무시행세칙상의 운용자산에 대한 투자영업수익에서\xa0 \xa0 \xa0 투자영업비용을 차감한 투자영업이익 기준임註2) 대출금 기말잔액은 대손충당금누계액, 이연부대수익 차감후 금액임註3) 유가증권 운용수익은 외환 및 파생상품 관련 손익을 포함하였음\n[해외사업]\n가. 영업의 개황\xa0당사 해외법인은\xa0FY\'20 상반기 수입보험료로 약 1,826억원을\xa0거수하였습니다.나. 영업의 종류\xa0해외 각 법인은 현지의 손해보험사로서 다양한 보험상품을 개발 및 판매하는 보험영업과 기관 투자자로서 자본시장에 참여하는 투자영업을 영위하고 있습니다.(1) 보험영업\xa0: 재물, 적하, 배상책임 등 일반보험과 자동차보험 등 보험상품 판매(2)\xa0투자영업\xa0:\xa0약\xa05,213억원의\xa0운용자산을 활용하여\xa0정기예금 등 안정적인 자산 \xa0 \xa0 \xa0 \xa0 \xa0 \xa0 \xa0 \xa0 \xa0 \xa0\xa0 위주로 투자\n다. 영업부문별 자금조달, 운용 내용\n(1)\xa0보험료수익\n\xa0(단위 : 백만원)\n구 분\n제71기 반기\n제70기 반기\n제70기\n제69기\n삼성화재 유럽법인\n29,122\n\xa024,284\n38,265\n29,821\n삼성화재 베트남법인\n21,632\n\xa023,388\n56,361\n61,572\n삼성화재 중국법인\n59,461\n\xa064,345\n165,617\n165,150\n삼성화재 싱가포르법인\n62,090\n\xa066,628\n111,018\n117,877\n삼성화재 인도네시아법인\n10,248\n9,490\n30,344\n29,269\n합계\n182,553\n188,135\n401,605\n403,689\n註1) 각 국가별 회계기준에 따름註2) 회계연도 구분은 지배회사 기준임\n(2) 자산운용현황\n1) 자산운용률\n(단위 : 백만원, %)\n구 분\n제71기 반기\n제70기 반기\n제70기\n제69기\n총 자 산(A)\n1,029,381\n954,084\n1,013,123\n892,111\n운용자산(B)\n521,310\n468,672\n517,847\n453,566\n자산운용률(B/A)\n50.64\n49.12\n51.11\n50.84\n註1) 각 국가별 회계기준에 따름註2) 회계연도 구분은 지배회사 기준임註3)\xa0제71기 반기 주요 종속회사의 자산운용현황(각 국가별 회계기준에 따름)\xa0\xa0\xa0 \xa0\xa0- 유럽법인 총자산 147,975백만원,\xa0운용자산 50,010백만원,\xa0자산운용률 33.80%\xa0\xa0 \xa0 \xa0 - 베트남법인\xa0총자산\xa0101,474백만원, 운용자산\xa065,394백만원, 자산운용률 64.44%\xa0\xa0 \xa0 \xa0\xa0- 중국법인\xa0총자산\xa0414,335백만원, 운용자산\xa0223,863백만원, 자산운용률 54.03%\xa0\xa0 \xa0 \xa0 - 싱가포르법인\xa0총자산\xa0279,609백만원, 운용자산\xa0145,440백만원, 자산운용률 52.02%\xa0\xa0 \xa0\xa0 - 인도네시아법인\xa0총자산 81,121백만원, 운용자산\xa032,531백만원, 자산운용률 40.10%\n2) 운용내역별 수익현황\n(단위 : 백만원, %)\n구 분\n제71기 반기\n제70기 반기\n제70기\n제69기\n금액\n비\xa0\xa0 율\n금액\n비\xa0\xa0 율\n금액\n비\xa0\xa0 율\n금액\n비\xa0\xa0 율\n수익률\n수익률\n수익률\n수익률\n운용자산\n유가증권\n기말잔액\n51,572\n9.89\n53,550\n11.43\n74,419\n14.37\n57,723\n12.73\n운용수익\n1,128\n3.61\n709\n2.57\n1,616\n2.48\n2,361\n5.19\n현ㆍ예금 및 신탁\n기말잔액\n469,738\n90.11\n415,122\n88.57\n443,428\n85.63\n395,843\n87.27\n운용수익\n7,181\n3.17\n6,592\n3.28\n13,781\n3.34\n13,217\n4.71\n합 계\n기말잔액\n521,310\n100.00\n468,672\n100.00\n517,847\n100.00\n453,566\n100.00\n운용수익\n8,309\n3.22\n7,301\n3.19\n15,397\n3.22\n15,578\n4.77\n註1) 각 국가별 회계기준에 따름註2) 회계연도 구분은 지배회사 기준임註3)\xa0제71기\xa0반기 주요 종속회사의 운용내역별 수익현황(각 국가별 회계기준에 따름)\xa0 \xa0 \xa0 \xa0 - 유럽법인\xa0현·예금 및 신탁 기말잔액\xa050,010백만원, 운용수익\xa0333백만원(수익률 1.30%)\xa0\xa0\xa0 \xa0 \xa0 - 베트남법인\xa0현·예금 및 신탁\xa0기말잔액\xa065,394백만원, 운용수익\xa01,699백만원(수익률 5.34%)\xa0 \xa0\xa0 \xa0\xa0\xa0- 중국법인\xa0유가증권\xa0기말잔액\xa07,927백만원, 운용수익\xa0214백만원(수익률 2.89%)\xa0 \xa0 \xa0 \xa0 \xa0 \xa0 \xa0 \xa0 \xa0 \xa0 \xa0 \xa0 \xa0현·예금 및 신탁\xa0기말잔액\xa0215,936백만원, 운용수익\xa04,030백만원(수익률 3.87%)\xa0 \xa0 \xa0 \xa0 - 싱가포르법인\xa0유가증권\xa0기말잔액\xa031,814백만원, 운용수익\xa0501백만원(수익률 2.75%)\xa0 \xa0 \xa0 \xa0 \xa0\xa0 \xa0 \xa0 \xa0 \xa0 \xa0 \xa0 \xa0 \xa0 \xa0 \xa0\xa0현·예금 및 신탁\xa0기말잔액\xa0113,626백만원, 운용수익\xa0713백만원(수익률 1.35%)\xa0 \xa0 \xa0 \xa0 - 인도네시아법인\xa0유가증권\xa0기말잔액\xa011,831백만원, 운용수익\xa0413백만원(수익률 7.41%)\xa0 \xa0 \xa0 \xa0 \xa0\xa0 \xa0 \xa0 \xa0 \xa0 \xa0 \xa0 \xa0 \xa0 \xa0 \xa0\xa0현·예금 및 신탁\xa0기말잔액\xa020,700백만원, 운용수익\xa0373백만원(수익률 3.63%)[기타사업]가. 영업의 개황(1) 손해사정서비스손해사정\xa0업무는\xa0종속회사인\xa0삼성화재애니카손해사정(주)와 삼성화재서비스손해사정(주)에서\xa0시행하고 있으며,\xa0\xa0\'20.1~6월\xa0손해사정 업무 관련\xa0매출은\xa01,103억원으로전년동기 대비\xa02.0%\xa0증가한 실적을 거두었습니다. 삼성화재애니카손해사정(주)는\xa0당기말 현재 전국에\xa0본사를\xa0포함하여\xa0수도권대물보상1,2팀, 지방대물보상 1, 2팀으로\xa0구분되어\xa0120개 센터\xa01,460여명의\xa0직원이\xa0삼성화재해상보험(주) 자동차보험 가입자들의 자동차사고로 인한\xa0차량 및 그 밖의 재산상의 손해액 사정에 대한 업무를 수행하고 있으며,\xa0\xa0차량 손해사정 관련\xa0\'20.1~6월\xa0매출은\xa0860억원으로 전년동기 대비 3.4%\xa0증가하였습니다.삼성화재서비스손해사정(주)는\xa0전국에\xa070개팀\xa0697명의\xa0직원이\xa0장기 및 일반보험의 재물 및 신체사고 청구건에 대해 사고조사, 의료심사, 손해액 산정 등의 제반 손해사정업무를 수행하고 있으며,\xa0장기 및 일반 손해사정 관련\xa0\'20.1~6월\xa0매출은\xa0243억원으로 전년동기\xa0대비 2.5%\xa0감소하였습니다.(2) 고객상담서비스\xa0회사는\xa0삼성화재서비스손해사정(주)를 통하여\xa0사고접수, 상품안내 등의 각종 상담업무를 수행하고 있으며,\xa0\xa0\'20.1~6월\xa0매출은\xa0448억원으로\xa0\xa0전년동기 대비 20.3%\xa0증가하였습니다.\xa0당기말 현재\xa01,183명의 상담 인력을\xa0통해 서비스를 제공하고 있습니다.(3) 출동서비스회사는\xa0삼성화재애니카손해사정(주)를\xa0통하여\xa0고객에게 사고 및 고장출동서비스를\xa0 공하고 있으며.\xa0\'20.1~6월\xa0출동서비스 관련\xa0매출은\xa038억원으로\xa0전년동기 대비 6.4%\xa0감소하였습니다.\xa0\xa0당기말 현재\xa0전국\xa0480여개의\xa0자동차정비소(애니카랜드)\xa0및\xa0150여명의\xa0출동 Agent\xa0등\xa01,550여개의 출동 네트워크를\xa0구축하여 서비스를 제공하고 있습니다.(4) 보험대리점 영업(주)삼성화재금융서비스보험대리점은\xa02016년\xa03월\xa016일\xa0삼성화재해상보험(주)가 100% 출자하여 설립한 판매자회사로서 손해보험(삼성화재 전속) 및 생명보험(삼성생명) 제휴상품 판매 등 다양한 금융서비스를\xa0제공하고 있습니다.\xa0\'20.1~6월 금융서비스 매출은 272억원으로 전년동기 대비 53.3% 증가하였습니다.나. 영업의 종류보험사고 발생시 보상여부 판단, 사고원인 조사, 손해액 평가 등의 업무를 수행하는\xa0 손해사정서비스, 사고접수 및 상품 상담 등을 지원하는 고객상담서비스 및 전국 네트웍망을 통해 신속한 현장조치를 지원하는 출동서비스\xa0,\xa0금융판매전문서비스를 제공하는 보험대리점업\xa0등이 있습니다.\n다. 영업부문별 자금조달, 운용 내용(1)\xa0 자금조달(영업수익)\n(단위 : 백만원, %)\n구 분\n제71기 반기\n제70기 반기\n제70기\n제69기\n금액\n비율\n금액\n비율\n금액\n비율\n금액\n비율\n1. 손해사정서비스\xa0\xa0 (애니카손사)\xa0\xa0 (화재서비스)\n110,25185,95824,293\n55.10\n108,06483,14124,923\n59.27\n210,895160,15550,740\n58.50\n\xa0202,645150,83451,811\n59.97\n2. 고객상담서비스\xa0\xa0\xa0(화재서비스)\n44,79044,790\n22.38\n37,23737,237\n20.42\n74,34974,349\n20.62\n63,85063,850\n18.90\n3. 출동서비스\xa0\xa0 (애니카손사)\n3,8373,837\n1.92\n4,1014,101\n2.25\n8,3118,311\n2.30\n8,4688,468\n2.50\n4. 자동차관리용역매출\xa0\xa0\xa0(화재서비스)\xa0\n8,9758,975\n4.49\n10,15910,159\n5.57\n20,10420,104\n5.58\n21,24921,249\n6.29\n5. 기타용역매출\xa0\xa0 (화재서비스)\n1,0061,006\n0.50\n872872\n0.48\n1,7441,744\n0.48\n1,4791,479\n0.44\n6. 전산OA서비스매출\xa0\xa0\xa0(화재서비스)\n4,0564,056\n2.03\n4,1594,159\n2.28\n8,3158,315\n2.31\n8,4728,472\n2.51\n7. 보험대리점영업\xa0\xa0 (금융서비스)\n27,17227,172\n13.58\n17,72917,729\n9.73\n36,80136,801\n10.21\n31,73031,730\n9.39\n합 계\xa0\xa0 (애니카손사)\xa0\xa0 (화재서비스)\xa0\xa0 (금융서비스)\n200,08789,79583,12027,172\n100.00\n182,32187,24277,35017,729\n100.00\n360,519168,466155,25236,801\n100.00\n337,893159,302146,86131,730\n100.00\n註) 회계연도 구분은 지배회사 기준임\n(2)\xa0 자산운용현황1) 자산운용률\n(단위 : 백만원, %)\n구 분\n제71기 반기\n제70기 반기\n제70기\n제69기\n총 자 산(A)\n\xa0125,901\n116,441\n119,912\n106,195\n운용자산(B)\n\xa062,486\n53,123\n\xa0\xa0 42,318\n39,662\n자산운용률(B/A)\n\xa049.63\n45.62\n35.29\n37.35\n註) 회계연도 구분은 지배회사 기준임\n2) 운용내역별 수익현황\n(단위 : 백만원, %)\n구 분\n제71기 반기\n제70기 반기\n제70기\n제69기\n금액\n비\xa0\xa0 율\n금액\n비\xa0\xa0 율\n금액\n비\xa0\xa0 율\n금액\n비\xa0\xa0 율\n수익률\n수익률\n수익률\n수익률\n운용자산\n현ㆍ예금\xa0\n기말잔액\n62,486\n100.00\n53,123\n100.00\n42,318\n100.00\n39,662\n100.00\n운용수익\n265\n1.01\n304\n1.31\n659\n1.61\n687\n1.59\n註) 회계연도 구분은 지배회사 기준임\n3. 영업종류별 현황\xa0[국내사업]\n가. 영업규모, 영업실적\xa0\n(1) 보험종목별 원수보험료당사는 제71기 반기 9조 7,657억원의 원수보험료를 거수하여 전년동기 대비 4.64%의 매출 증가가 있었습니다. 보험종목별로는 일반보험 원수보험료는 7,517억원으로 전년동기 대비 7.63%, 장기보험은 6조 1,480억원으로 전년동기 대비 0.94%, 자동차보험은 2조 8,660억원으로 전년동기 대비 12.70%증가하였습니다.\n(단위 : 백만원)\n구 분\n제71기 반기\n제70기 반기\n제70기\n제69기\n화\xa0 재\n15,858\n15,152\n32,134\n32,784\n해\xa0 상\n57,141\n43,522\n81,441\n97,451\n자동차\n2,865,980\n2,543,094\n5,137,089\n4,732,649\n보\xa0 증\n-\n-\n-\n-\n특\xa0 종\n656,921\n615,160\n1,307,095\n1,235,572\n해외원보험\n21,803\n24,575\n42,809\n38,897\n장\xa0 기\n5,314,584\n5,180,677\n10,439,723\n10,223,969\n개인연금\n833,459\n910,159\n1,799,011\n1,872,722\n부수사업\n-\n-\n-\n-\n합\xa0 계\n9,765,746\n9,332,339\n18,839,302\n18,234,044\n註) 보험업감독업무시행세칙에 따른 업무보고서상 사업실적표 작성 기준 및\xa0 \xa0\xa0 손해보험경영통일공시 기준으로\xa0작성됨\n(2) 보험종목별 경과보험료, 발생손해액, 손해율손해율은 전년동기 대비 0.89%p 감소한 82.22%입니다. 이는 보험종목별로 일반보험(전년동기 대비 +5.62%p) 손해율은 상승하였으나, 자동차보험(전년동기 대비 -2.81%p) 및 장기보험 손해율(개인연금 포함, 전년동기 대비 -1.02%p)은 감소함에 기인합니다.\n(단위 : 백만원, %, %p)\n구 분\n제71기 반기\n제70기 반기\n제70기\n제69기\n경과보험료\n발생손해액\n손해율\n전년동기비\n경과보험료\n발생손해액\n손해율\n경과보험료\n발생손해액\n손해율\n경과보험료\n발생손해액\n손해율\n화\xa0 재\n15,699\n5,749\n36.62\n(50.87)\n12,925\n11,309\n87.49\n27,614\n18,003\n65.19\n25,830\n11,854\n45.89\n해\xa0 상\n29,561\n15,240\n51.55\n22.30\n26,866\n7,858\n29.25\n51,038\n25,963\n50.87\n60,715\n29,477\n48.55\n자동차\n2,478,229\n2,087,590\n84.24\n(2.81)\n2,268,037\n1,974,217\n87.05\n4,642,282\n4,243,105\n91.40\n4,507,009\n3,842,353\n85.25\n보\xa0 증\n1\n(62)\n(7,986.65)\n1,547.06\n1\n(103)\n(9,533.71)\n2\n(154)\n(7,781.19)\n2\n(159)\n(9,017.87)\n특\xa0 종\n523,346\n466,639\n89.16\n16.55\n508,632\n369,322\n72.61\n1,062,263\n817,219\n76.93\n1,003,833\n797,823\n79.48\n해외원ㆍ수재보험\n167,536\n117,944\n70.40\n(28.25)\n153,860\n151,789\n98.65\n319,790\n234,927\n73.46\n281,091\n156,795\n55.78\n장\xa0 기\n5,072,823\n3,784,738\n74.61\n(1.10)\n4,982,297\n3,772,173\n75.71\n10,025,157\n7,621,885\n76.03\n9,909,361\n7,563,060\n76.32\n개인연금\n832,973\n1,028,064\n123.42\n3.62\n909,458\n1,089,561\n119.80\n1,798,023\n2,225,779\n123.79\n1,871,911\n2,253,655\n120.39\n부수사업\n45,869\n30,036\n65.48\n17.08\n32,551\n15,755\n48.40\n77,044\n44,479\n57.73\n42,088\n20,677\n49.13\n합\xa0 계\n9,166,037\n7,535,938\n82.22\n(0.89)\n8,894,627\n7,391,881\n83.11\n18,003,213\n15,231,206\n84.60\n17,701,840\n14,675,535\n82.90\n註1) 보험업감독업무시행세칙에 따른 업무보고서상 사업실적표 작성 기준 및\xa0 \xa0 \xa0\xa0 손해보험경영통일공시 기준으로 작성됨註2) 손해율의 경우 원단위 경과보험료 및 발생손해액을 기준으로 작성함\n(3) 보험종목별 보유보험료, 순사업비, 사업비율사업비율은 전년동기 대비 0.54%p 증가한 20.92%입니다.\n(단위 : 백만원, %)\n구 분\n제71기 반기\n제70기 반기\n제70기\n제69기\n보유보험료\n순사업비\n사업비율\n보유보험료\n순사업비\n사업비율\n보유보험료\n순사업비\n사업비율\n보유보험료\n순사업비\n사업비율\n화\xa0 재\n15,535\n8,357\n53.79\n15,283\n8,131\n53.20\n32,019\n16,708\n52.18\n23,760\n17,708\n74.53\n해\xa0 상\n27,447\n9,535\n34.74\n24,398\n11,580\n47.46\n49,348\n22,230\n45.05\n61,814\n27,922\n45.17\n자동차\n2,743,897\n393,372\n14.34\n2,436,476\n384,991\n15.80\n4,917,469\n757,569\n15.41\n4,526,560\n796,314\n17.59\n보\xa0 증\n1\n0\n20.68\n2\n0\n19.07\n3\n0\n12.05\n1\n0\n14.17\n특\xa0 종\n550,113\n62,240\n11.31\n542,319\n66,187\n12.20\n1,096,453\n131,313\n11.98\n1,015,364\n133,252\n13.12\n해외원ㆍ수재보험\n152,111\n53,014\n34.85\n160,560\n55,188\n34.37\n334,503\n114,535\n34.24\n291,248\n104,891\n36.01\n장\xa0 기\n5,096,175\n1,412,745\n27.72\n5,008,416\n1,288,413\n25.72\n10,071,458\n2,681,590\n26.63\n9,913,867\n2,430,267\n24.51\n개인연금\n833,281\n27,939\n3.35\n909,976\n36,182\n3.98\n1,798,648\n67,384\n3.75\n1,872,350\n83,044\n4.44\n부수사업\n50,533\n13,347\n26.41\n41,650\n11,895\n28.56\n83,896\n22,772\n27.14\n43,355\n15,404\n35.53\n합\xa0 계\n9,469,093\n1,980,549\n20.92\n9,139,080\n1,862,567\n20.38\n18,383,797\n3,814,101\n20.75\n17,748,319\n3,608,802\n20.33\n註1)\xa0보험업감독업무시행세칙에 따른 업무보고서상 사업실적표 작성 기준 및 \xa0 \xa0 \xa0\xa0 손해보험경영통일공시 기준으로 작성됨註2) 사업비율의 경우 원단위 보유보험료 및 순사업비를 기준으로 작성함\n나. 자산운용 현황\xa0\n(1) 대출 운용내역\n(단위 : 백만원, %)\n종 류\n제71기 반기\n제70기 반기\n제70기\n제69기\n금 액\n수익률\n금 액\n수익률\n금 액\n수익률\n금 액\n수익률\n개 인\n13,465,097\n3.00\n13,101,935\n3.28\n13,454,178\n3.27\n12,925,627\n3.38\n기 업\n대기업\n3,325,067\n\xa02.30\n2,650,104\n2.98\n3,230,660\n2.53\n2,979,335\n2.30\n중소기업\n7,121,579\n3.11\n6,850,352\n3.18\n6,772,383\n3.28\n6,626,537\n3.38\n합 계\n23,911,743\n\xa02.94\n22,602,391\n3.21\n23,457,221\n3.17\n22,531,499\n3.22\n註1) 대출금은 대손충당금누계액, 이연부대수익 차감후 금액임註2) 수익률은 보험업감독업무시행세칙상의 투자영업수익에서 투자영업비용을 차감한 \xa0 \xa0 \xa0\xa0 투자영업이익 기준임\n(2) 유가증권 운용내역\n(단위 : 백만원, %)\n구 분\n제71기 반기\n제70기 반기\n제70기\n제69기\n기말잔액\n수익률\n기말잔액\n수익률\n기말잔액\n수익률\n기말잔액\n수익률\n주\xa0 \xa0 \xa0 \xa0 \xa0\xa0 식\n4,932,761\n1.70\n4,500,886\n3.67\n5,255,217\n2.64\n3,721,248\n7.98\n출\xa0 \xa0 자\xa0 \xa0 금\n409,915\n0.95\n208,701\n(0.19)\n404,706\n(4.66)\n178,689\n(0.32)\n국\xa0 \xa0 공\xa0 \xa0 채\n10,805,901\n2.74\n10,856,425\n2.99\n10,966,501\n2.73\n10,866,290\n2.68\n특\xa0 \xa0 수\xa0 \xa0 채\n11,446,900\n2.96\n12,020,198\n3.10\n11,833,967\n2.98\n12,422,098\n3.06\n금\xa0 \xa0 융\xa0 \xa0 채\n772,004\n2.48\n782,778\n2.45\n779,801\n2.35\n973,719\n2.27\n회\xa0 \xa0 사\xa0 \xa0 채\n7,430,919\n2.45\n6,813,012\n2.78\n7,141,715\n2.65\n6,504,540\n2.56\n수\xa0 익\xa0 증\xa0 권\n5,821,940\n4.30\n4,221,954\n3.80\n4,317,836\n4.43\n2,926,819\n4.44\n외화유가증권\n4,810,244\n4.38\n4,472,122\n2.34\n4,468,864\n2.90\n3,352,636\n3.74\n기타유가증권\n475,540\n3.99\n861,311\n2.93\n705,599\n3.80\n809,324\n2.52\n합\xa0 \xa0 \xa0 \xa0 \xa0 계\n46,906,124\n2.96\n44,737,387\n3.03\n45,874,206\n2.89\n41,755,363\n3.51\n註1) 수익률은 보험업감독업무시행세칙상의 투자영업수익에서 투자영업비용을\xa0차감한 \xa0 \xa0 \xa0\xa0 투자영업이익 기준임\n註2) 외화유가증권 수익률은 외환 및 파생상품 관련 손익을 포함함\n(3) 현ㆍ예금 운용내역\n(단위 : 백만원, %)\n구 분\n제71기 반기\n제70기 반기\n제70기\n제69기\n기말잔액\n수익률\n기말잔액\n수익률\n기말잔액\n수익률\n기말잔액\n수익률\n현ㆍ예금\n1,112,233\n1.23\n1,316,878\n1.13\n1,299,106\n1.23\n1,647,738\n0.74\n註) 수익률은 재산관리비 등 비용 차감 후 수익기준임\n다. 주요상품, 서비스 내용\xa0\n(1) 주요 보험 상품\n대분류\n중분류\n대표상품\n주요보장\n일반보험\n화재\n주택, 일반, 공장화재보험\n- 화재, 폭발 등으로 인하여 발생하는 재산 손해를 보상\n해상,항공\n선박, 항공, 적하보험\n- 해상 및 항공/우주 사업으로 인해 발생하는 손해 보상\n특종\n기술, 상해, 배상책임보험 등\n- 건설, 유통, 생산물 제조 등 산업의 각종 공정에서 발생할 수 있는 다양한 손해를 보상\n장기보험\n상해/질병\n마이헬스 파트너태평삼대 플러스, 유병장수 플러스, 실손의료비보험 등\n- 상해/질병 의료비, 일상생활 배상책임, 상해흉터 복원수술비, 암진단 등 100세까지 보장\n운전자\n안전운전 파트너 플러스\n- 교통사고 처리지원금, 비용손해 지원, 교통사고 피해보장, 상해의료비 등 보장\n재물\n성공기원,\xa0성공예감\xa0등\n- 다중이용업소 화재 배상책임, 주택화재, 도난손해, 가족의 일상생활 중 발생하는 배상책임 등 보장\n저축\n수퍼세이브\n- 목돈마련, 생활연금 플랜 등으로 구성되어 수령방식 및 보험기간, 납입기간 선택 가능- 상해의료비, 입원일당, 배상책임 등 보장 가능. 10년 이상 납입 후 만기시 비과세\n개인연금\n아름다운 생활Ⅱ\n- 연 납입보험료(400만원 한도)의 세액공제 및 유배당 혜택, 상해/질병 사망, 최저보증이율 등을 \xa0\xa0 보장하는 세제적격연금\n자동차보험\n-\n애니카, 애니카 다이렉트\n- 대인, 대물, 자차, 자기신체, 무보험차상해 보장 간병비, 성형 및 치아보철 등 신체손해특약과 \xa0\xa0 렌트비용지원, 신가보상, 차량신규등록비용 등 차량손해 특약 추가 가능\n(2) 주요 대출상품\n구분\n상품\n대출대상\n내용\n아파트\xa0\n담보대출\n고정형\xa0\n모기지론\n아파트 및 대단지 연립주택\n- 대출금리 : 5년 고정, 만기 고정금리, 최저 5년 고정\xa02.30%,\xa0만기고정\xa03.67%(\'20.6.30 기준)- 3년내 대출금 10%, 30% 또는 50% 상환까지 중도상환수수료미부과옵션선택가능\n변동형\xa0\n모기지론\n- 대출금리 : 6개월단위변동, 1년단위변동 선택가능, 최저6개월변동\xa02.29%,\xa01년변동\xa02.43%(\'20.6.30 기준)\n- 3년내 대출금 10%, 30% 또는 50% 상환까지 중도상환수수료 미부과 옵션 선택가능\n보험계약\n대출\n-\n장기보험 가입 후 보험계약대출 가능 금액이 5만원 이상인 고객\n- 대출금리 :\xa0연 3.15%~9.0%(\'20.6.30 기준)- 취급수수료 : 없음- 대출기간 : 대출금 지급되는 장기보험 계약 만료일까지 \xa0 (단, 순수보장성 상품 등 일부는 대출만기가 보험의 만기보다 짧을 수 있음)\n신용대출\n-\n보험료 납입기간 3년이상 & 기납입보험료 3백만원이상 또는 보험료 납입기간 2년이상 & 월보험료 5만원이상 (유지계약 기준)\n* 운영기준에 따라 제한가능\n- 대출금리 : 연 5.33% ~ 11.87%(고정금리)- 대출한도 : 100만원 ~ 2,500만원- 수수료 : 취급수수료 / 상환수수료 없음\n공무원 및 공사, 30대 대기업 중 선정된 정규직근무자\n* 운영기준에 따라 제한가능\n- 대출금리 : 연 5.68% ~ 13.73%(고정금리)- 대출한도 : 300만원 ~ 5,000만원- 수수료 : 취급수수료 / 상환수수료 없음\n(3) 주요 서비스\n구 분\n서비스명\n제공 대상\n내용\n통합포인트적립\n삼성화재포인트\n삼성화재 고객(계약자 및 피보험자 限)\n- 신규 보험가입, 건강증진활동, 이벤트 참여 등을 통해 포인트 적립 - 적립 포인트로 보험료 결제 가능, 삼성화재 포인트몰에서 상품/서비스 구매 가능\n자동차보험\n애니카서비스\n삼성화재 자동차보험 고객\n- 고장출동서비스(자동차보험 애니카서비스 특약, 중형화물승합 특약 또는 전기차 특약 가입고객 대상)\xa0 ·배터리충전, 타이어 교체 및 펑크수리, 비상급유, 잠금장치 해제, 긴급견인, 비상구난 서비스- 사고출동서비스(자동차보험 가입 고객 대상)- 차량 무상점검 서비스(자동차보험 가입 고객 대상)\xa0 ·애니카랜드 방문시 20가지 항목에 대해 차량 무상점검 서비스 제공\xa0 \xa0\xa0 (엔진오일, 미션오일, 브레이크오일, 공기압, 배터리, 에어컨, 부동액/냉각수 등)\n건강보험\n스마트케어서비스\n삼성화재 건강보험 고객 중서비스 제공 기준을 충족한 고객\xa0\n- 애니핏서비스(운동미션 및 걷기 목표 달성 시 카페, 편의점 등에서 사용할 수 있는 헬스 리워드 제공)- 마이헬스노트(당뇨병 보유고객 대상, 맞춤형 건강관리 상담 메시지 및 당뇨 특화 건강정보 제공)\xa0\n우수고객서비스\n삼성화재우수고객서비스\n직전 5년간 거래 실적을 기준으로보험료, 거래기간 및 최근거래를고려하여 매년 4월 선정된 고객\n- 우수고객전용 콜센터 이용- 장례지원서비스 제공 - 생월 애니포인트 10,000포인트 지급- VIP 안내장 등\n[해외사업]\n가.\xa0영업규모, 영업실적\n(1) 보험종목별\xa0수입보험료\n(단위 : 백만원, %)\n구 분\n제71기 반기\n제70기 반기\n제70기\n제69기\n금 액\n비 율\n금 액\n비 율\n금 액\n비 율\n금 액\n비 율\n화재\n82,145\n44.99\n68,417\n36.37\n207,569\n51.68\n190,955\n47.30\n해상\n40,944\n22.43\n54,563\n29.00\n67,620\n16.84\n77,167\n19.12\n자동차\n23,014\n12.61\n24,256\n12.89\n55,103\n13.72\n63,743\n15.79\n보증\n-\n-\n-\n-\n-\n-\n-\n-\n특종\n29,603\n16.22\n38,937\n20.70\n54,142\n13.48\n60,541\n15.00\n기타\n6,847\n3.75\n1,962\n1.04\n17,171\n4.28\n11,283\n2.79\n합계\n182,553\n100.00\n188,135\n100.00\n401,605\n100.00\n403,689\n100.00\n註1) 각 국가별 회계기준에 따름註2) 회계연도 구분은 지배회사 기준임註3)\xa0제71기 반기 주요 종속회사의 보험종목별 수입보험료(각 국가별 회계기준에 따름)\xa0 \xa0 \xa0\xa0 -\xa0유럽법인 화재 14,446백만원, 해상 14,404백만원 外 합계\xa029,122백만원\xa0 \xa0 \xa0\xa0 -\xa0베트남법인\xa0화재 11,878백만원, 해상 5,860백만원 外 합계\xa021,632백만원\xa0 \xa0 \xa0 \xa0- 중국법인 자동차 22,544백만원,\xa0특종 15,869백만원\xa0外 합계\xa059,461백만원\xa0 \xa0 \xa0\xa0 - 싱가포르법인\xa0화재 38,316백만원, 해상 15,396백만원 外 합계\xa062,090백만원\xa0 \xa0 \xa0\xa0 - 인도네시아법인\xa0화재 6,852백만원, 특종 1,492백만원 外 합계\xa010,248백만원\n(2) 보험종목별 경과보험료, 발생손해액, 손해율\n(단위 : 백만원, %)\n구 분\n제71기 반기\n제70기 반기\n제70기\n제69기\n경과보험료\n발생손해액\n손해율\n경과보험료\n발생손해액\n손해율\n경과보험료\n발생손해액\n손해율\n경과보험료\n발생손해액\n손해율\n화재\n25,285\n5,185\n20.51\n\xa0 \xa0 18,512\n\xa0 \xa0 7,652\n\xa0 \xa0 \xa0 41.34\n\xa0 \xa0 \xa0\xa0 31,395\n\xa0 \xa0 \xa0\xa0 12,575\n\xa0 \xa0 \xa0 \xa0 40.05\n17,922\n13,834\n77.19\n해상\n17,451\n3,781\n21.67\n\xa0 \xa0 \xa0 20,188\n\xa0 \xa0 \xa0\xa0 8,508\n\xa0 \xa0 \xa0\xa0 42.14\n\xa0 \xa0 \xa0\xa0 35,459\n\xa0 \xa0 \xa0\xa0 15,589\n\xa0 \xa0 \xa0 43.96\n38,472\n11,650\n30.28\n자동차\n27,171\n13,334\n49.07\n\xa0 \xa0\xa0 30,849\n\xa0 \xa0 \xa0 19,778\n\xa0 \xa0 \xa0 64.11\n\xa0 \xa0 \xa0\xa0 59,323\n\xa0 \xa0 \xa0\xa0 37,076\n\xa0 \xa0 \xa0\xa0 62.50\n67,387\n41,398\n61.43\n보증\n-\n-\n-\n-\n-\n-\n\xa0 \xa0 \xa0 \xa0 \xa0 \xa0 \xa0 -\n\xa0 \xa0 \xa0 \xa0 \xa0 \xa0 \xa0 -\n-\n-\n-\n-\n특종\n6,627\n5,662\n85.44\n\xa0 \xa0 \xa0 8,214\n\xa0 \xa0\xa0 9,344\n\xa0 \xa0 \xa0 113.76\n\xa0 \xa0 \xa0\xa0 10,246\n\xa0 \xa0 \xa0\xa0 11,377\n\xa0 \xa0 \xa0 111.04\n10,464\n9,585\n91.60\n기타\n3,857\n1,774\n45.99\n\xa0217\n(28)\n\xa0(12.90)\n\xa0 \xa0 \xa0 \xa0 7,852\n\xa0 \xa0 \xa0\xa0 5,021\n\xa0 \xa0 \xa0 63.95\n6,685\n4,307\n64.43\n합계\n80,391\n29,736\n36.99\n\xa0 \xa0 \xa0 77,980\n\xa0 \xa0\xa0 45,254\n\xa0 \xa0 \xa0\xa0 58.03\n\xa0 \xa0\xa0 144,275\n\xa0 \xa0 \xa0\xa0 81,638\n\xa0 \xa0 \xa0\xa0 56.58\n140,930\n80,774\n57.31\n註1) 각 국가별 회계기준에 따름註2) 회계연도 구분은 지배회사 기준임註3) 제71기 반기 주요 종속회사의 경과보험료, 발생손해액, 손해율\xa0 \xa0 \xa0\xa0 (각 국가별 회계기준에 따름)\xa0 \xa0 \xa0 - 유럽법인 경과보험료 6,354백만원, 발생손해액 1,891백만원, 손해율 29.76%\xa0 \xa0 \xa0 - 베트남법인 경과보험료 2,163백만원, 발생손해액 998백만원, 손해율 46.14%\xa0 \xa0 \xa0 - 중국법인 경과보험료 40,913백만원, 발생손해액 17,563백만원, 손해율 42.93%\xa0 \xa0 \xa0 - 싱가포르법인 경과보험료 27,940백만원, 발생손해액 8,576백만원, 손해율 30.69%\xa0 \xa0 \xa0 - 인도네시아법인 경과보험료 3,021백만원, 발생손해액 708백만원, 손해율 23.44%나.\xa0자산운용 현황(1)\xa0대출 운용내역- 해당사항 없음(2) 유가증권 운용내역\n(단위 : 백만원, %)\n구 분\n제71기 반기\n제70기 반기\n제70기\n제69기\n기말잔액\n수익률\n기말잔액\n수익률\n기말잔액\n수익률\n기말잔액\n수익률\n주\xa0 \xa0 \xa0 \xa0 \xa0\xa0 식\n-\n-\n-\n-\n-\n-\n-\n-\n국\xa0 \xa0 공\xa0 \xa0 채\n11,821\n7.42\n\xa09,054\n0.98\n10,866\n2.06\n7,647\n13.14\n회\xa0 \xa0 사\xa0 \xa0 채\n31,814\n2.75\n\xa030,818\n2.69\n41,654\n2.36\n33,774\n3.16\n수\xa0 익\xa0 증\xa0 권\n7,927\n2.89\n\xa013,668\n3.16\n21,889\n2.91\n16,293\n5.36\n기타유가증권\n10\n-\n\xa010\n22.22\n10\n11.11\n9\n53.33\n합\xa0 \xa0 \xa0 \xa0 \xa0 계\n51,572\n3.61\n53,550\n2.57\n74,419\n2.48\n57,723\n5.19\n註1) 각 국가별 회계기준에 따름註2) 회계연도 구분은 지배회사 기준임註3) 현지통화를 원화로 환산하면서 발생하는 환율변동 효과 포함\n註4)\xa0제71기 반기 주요 종속회사의 유가증권 운용내역(각 국가별 회계기준에 따름)\n\xa0 \xa0\xa0\xa0\xa0-\xa0중국법인 기말잔액 7,927백만원(수익률 2.89%)\xa0 \xa0\xa0\xa0 - 싱가포르법인 기말잔액 31,814백만원(수익률 2.75%) \xa0 \xa0 \xa0 - 인도네시아법인 기말잔액 11,831백만원(수익률 7.41%)\xa0\n(3) 현ㆍ예금 운용내역\n(단위 : 백만원, %)\n구 분\n제71기 반기\n제70기 반기\n제70기\n제69기\n기말잔액\n수익률\n기말잔액\n수익률\n기말잔액\n수익률\n기말잔액\n수익률\n현ㆍ예금\n469,738\n3.17\n415,122\n\xa0 \xa0 \xa0 3.28\n443,428\n3.34\n395,843\n4.71\n註1) 각 국가별 회계기준에 따름註2) 회계연도 구분은 지배회사 기준임註3) 제71기 반기 주요 종속회사 5개 법인의 현ㆍ예금 기말잔액 465,666백만원,\xa0 \xa0 \xa0\xa0 수익률 3.18%다.\xa0주요상품, 서비스 내용\xa0\xa0-\xa0현지규정에 따른 영업허가를 받은 손해보험업을 영위하며, 재물, 적하, 배상 등 \xa0 \xa0 일반보험과 자동차보험을 주력상품으로 판매하고 있습니다.\n[기타사업]가. 영업규모, 영업실적\n(단위 : 백만원, %)\n구 분\n제71기 반기\n제70기 반기\n제70기\n제69기\n금액\n비율\n금액\n비율\n금액\n비율\n금액\n비율\n1. 손해사정서비스\xa0\xa0 (애니카손사)\xa0\xa0 (화재서비스)\n110,25185,95824,293\n55.10\n108,06483,14124,923\n59.27\n210,895160,15550,740\n58.50\n\xa0202,645150,83451,811\n59.97\n2. 고객상담서비스\xa0\xa0\xa0(화재서비스)\n44,79044,790\n22.38\n37,23737,237\n20.42\n74,34974,349\n20.62\n63,85063,850\n18.90\n3. 출동서비스\xa0\xa0 (애니카손사)\n3,8373,837\n1.92\n4,1014,101\n2.25\n8,3118,311\n2.30\n8,4688,468\n2.50\n4. 자동차관리용역매출\xa0\xa0\xa0(화재서비스)\xa0\n8,9758,975\n4.49\n10,15910,159\n5.57\n20,10420,104\n5.58\n21,24921,249\n6.29\n5. 기타용역매출\xa0\xa0 (화재서비스)\n1,0061,006\n0.50\n872872\n0.48\n1,7441,744\n0.48\n1,4791,479\n0.44\n6. 전산OA서비스매출\xa0\xa0\xa0(화재서비스)\n4,0564,056\n2.03\n4,1594,159\n2.28\n8,3158,315\n2.31\n8,4728,472\n2.51\n7. 보험대리점영업\xa0\xa0 (금융서비스)\n27,17227,172\n13.58\n17,72917,729\n9.73\n36,80136,801\n10.21\n31,73031,730\n9.39\n합 계\xa0\xa0 (애니카손사)\xa0\xa0 (화재서비스)\xa0\xa0 (금융서비스)\n200,08789,79583,12027,172\n100.00\n182,32187,24277,35017,729\n100.00\n360,519168,466155,25236,801\n100.00\n337,893159,302146,86131,730\n100.00\n註) 회계연도 구분은 지배회사 기준임\n나. 자산운용 현황\xa0(1) 대출 운용내역- 해당사항 없음\n(2) 유가증권 운용내역- 해당사항 없음\n(3) 현ㆍ예금 운용내역\n(단위 : 백만원, %)\n구 분\n제71기 반기\n제70기 반기\n제70기\n제69기\n기말잔액\n수익률\n기말잔액\n수익률\n기말잔액\n수익률\n기말잔액\n수익률\n현ㆍ예금\n62,486\n1.01\n53,123\n1.31\n42,318\n1.61\n39,662\n1.59\n다. 주요상품, 서비스 내용\n구 분\n서비스명\n제공 대상\n내 용\n자동차 관련서비스\n긴급출동(고장출동)\n애니카서비스 특약 가입고객\n고장차량 견인, 타이어교체, 배터리 충전, 잠금장치 해제, 비상급유, 비상구난 등 상황 발생시견인/정비 서비스 제공(연간 6회, 일부 유료)\n차량진단\n차량진단 서비스\xa0특약 가입고객\n차량 내/외부, 엔진룸, 차량 하체 등 20가지 항목에 대해 점검 서비스 제공(연 2회)\n검사대행\n자동차보험 고객\n승용차, 15인승이하 승합차, 1.4톤 이하 화물차에 대해 신규, 정기, 구조변경, 임시 검사 등에대해 서비스 제공(검사비용 별도)\n손해사정서비스\n자동차보험 차량손해사정\n지배회사 및 금융고객\n삼성화재해상보험(주) 자동차보험 가입 고객의 대물사고에 대하여 사고처리 전반에 대한진행 및 손해사정서비스를 제공\n장기 및 일반보험 손해사정\n지배회사 및 금융고객\n삼성화재해상보험(주)의 장기 및 일반보험 가입 고객의 화재 및 상해사고 등에 대해 사고사실확인, 현장조사 및 손해액 산정 등 손해사정서비스 제공\n고객상담서비스\n고객상담\n지배회사 및 금융고객\n대표전화 \'1588-5114\'와 고객창구를 통해\xa0고객들의\xa0문의에 대한 응대 서비스로\xa0보험상품에 대한 계약변경 및 해지 등 상품 내용에 대한 설명을 제공\n보험대리점 영업\n보험상품 판매\n국내 개인 및 법인고객\n삼성화재해상보험(주)가 100% 출자한 판매子회사를 통해 손해보험(삼성화재 전속) 및 생명보험(삼성생명) 제휴상품 판매 등 금융서비스 제공\n라. 기타-\xa0해당사항 없음\n4. 파생상품 거래현황\xa0\n가. 파생상품\xa0계약\xa0현황\n(기준일 :\xa02020년 06월 30일)\n\xa0(단위 : 백만원)\n구\xa0 \xa0 분\n이자율파생\n통화파생\n주식파생\n계\n거래목적\n위험회피\n-\n4,231,196\n-\n4,231,196\n매매목적\n-\n26,879\n-\n26,879\n거래장소\n장내거래\n-\n-\n-\n-\n장외거래\n-\n4,258,075\n-\n4,258,075\n거래형태\n선\xa0 \xa0 \xa0 도\n-\n402,452\n-\n402,452\n스\xa0 \xa0 \xa0 왑\n-\n3,855,623\n-\n3,855,623\n선\xa0 \xa0 \xa0 물\n-\n-\n-\n-\n註)\xa0파생상품 계약의 명목금액 기준임(본점 기준)나. 신용파생상품 거래현황 및 상세명세\n(1) 신용파생상품 거래현황\n(기준일 :\xa02020년 06월 30일)\n\xa0(단위 : 백만원)\n구\xa0 \xa0 분\n신용매도(국내물)\n합성CDO\n40,000\n(2) 신용파생상품 상세명세\n(기준일 :\xa02020년 06월 30일)\n(단위 : 백만원)\n상품종류\n보장매도자\n보장매수자\n취득일\n만기일\n액면금액\n기초자산(준거자산)\n합성CDO\n하이디펜더제일차註1)\n유안타증권\n2018.09.17\n2023.12.20\n20,000\n농업협동조합중앙회 발행 무보증사채 및\nCDS계약(준거자산 대한민국)\n합성CDO\n하이디펜더제십이차註2)\n아이비케이투자증권\n2019.03.28\n2024.03.25\n20,000\n한국전력공사 발행 무보증사채 및\nCDS계약(준거자산 대한민국)\n註1) 하이디펜더제일차가 발행한 구조화상품(사모사채)으로 본 사채 인수증권사는 \xa0 \xa0 \xa0\xa0 하이투자증권임.註2)\xa0하이디펜더제십이차가 발행한 구조화상품(사모사채)으로 본 사채 인수증권사는 \xa0 \xa0 \xa0\xa0 하이투자증권임.\n註3) 상기 사모사채의 외부신용등급은 AAA임.(한국신용평가)\n5. 영업설비\n가. 지점 현황\xa0[국내 및 기타사업]\n(2020.06.30 현재)\xa0 \xa0 \xa0 \xa0 \xa0 \xa0 \xa0 \xa0 \xa0 \xa0 \xa0 \xa0 \xa0 \xa0 \xa0 \xa0 \xa0 \xa0 \xa0 \xa0 \xa0 \xa0 \xa0 \xa0 \xa0 \xa0 \xa0 \xa0 \xa0 \xa0 \xa0 \xa0 \xa0 \xa0 \xa0 \xa0 \xa0 \xa0 \xa0 \xa0 \xa0 \xa0 (단위 : 개)\n구 분\n지역단\n지\xa0 점\n보상사무소\n기타사업\n합\xa0 계\n서울본사\n1\n0\n0\n3\n4\n서\xa0 \xa0 울\n12\n145\n5\n19\n181\n부\xa0 \xa0 산\n3\n24\n2\n2\n31\n대\xa0 \xa0 구\n3\n22\n2\n5\n32\n인\xa0 \xa0 천\n0\n20\n1\n2\n23\n광\xa0 \xa0 주\n2\n16\n2\n5\n25\n대\xa0 \xa0 전\n2\n18\n1\n5\n26\n울\xa0 \xa0 산\n0\n13\n0\n0\n13\n세\xa0 \xa0 종\n1\n3\n0\n0\n4\n경\xa0 \xa0 기\n10\n115\n8\n6\n139\n강\xa0 \xa0 원\n3\n26\n1\n1\n31\n충\xa0 \xa0 북\n2\n17\n1\n0\n20\n충\xa0 \xa0 남\n1\n29\n1\n1\n32\n전\xa0 \xa0 북\n2\n18\n1\n1\n22\n전\xa0 \xa0 남\n0\n20\n0\n0\n20\n경\xa0 \xa0 북\n2\n24\n0\n0\n26\n경\xa0 \xa0 남\n2\n39\n1\n1\n43\n제\xa0 \xa0 주\n1\n6\n0\n0\n7\n합\xa0 \xa0 계\n47\n555\n26\n51\n679\n註1) 지배회사의 본사는 1개 지역단으로 포함되어 있으며,\xa0보상사무소는\xa0자동차보상부서임註2) 지역단 :\xa0課단위 영업부서(단, 프론티어는 포함), 사업단 제외註3) 지점 : 일반합동, 영업팀, 스피드, 파트너프라자 등은 제외, \xa0 \xa0 \xa0 \xa0 \xa0 \xa0 \xa0 \xa0 \xa0지점(표준), 지점(육성), SRA, CS, HRC, 일반(법인,교차) 포함註4)\xa0기타사업 : 삼성화재애니카손해사정(주), 삼성화재서비스손해사정(주), \xa0 \xa0 \xa0 \xa0 \xa0 \xa0 \xa0 \xa0 \xa0 \xa0 \xa0 (주)삼성화재금융서비스보험대리점 부서단위 현황임\xa0\n[해외사업]\n(2020.06.30 현재)\xa0\xa0\xa0\xa0\xa0 \xa0\xa0 \xa0 \xa0 \xa0 \xa0 \xa0 \xa0 \xa0 \xa0 \xa0 \xa0 \xa0 \xa0 \xa0 \xa0 \xa0 \xa0 \xa0 \xa0 \xa0 \xa0 \xa0 \xa0 \xa0 \xa0 \xa0 \xa0 \xa0 \xa0 \xa0 \xa0 \xa0 \xa0 \xa0 \xa0 \xa0 \xa0 \xa0\xa0 (단위 : 개)\n국\xa0 가\n법\xa0 인\n지\xa0 점\n사무소\n합\xa0 계\n인도네시아\n1\n0\n0\n1\n베트남\n1\n1\n0\n2\n중\xa0\xa0 국\n1\n6\n1\n8\n영\xa0\xa0 국\n1\n0\n0\n1\n미\xa0\xa0 국\n1\n1\n1\n3\n싱가포르\n1\n0\n0\n1\n아랍에미리트\n1\n0\n0\n1\n인\xa0\xa0 도\n0\n0\n1\n1\n러시아\n0\n0\n1\n1\n합\xa0\xa0 계\n7\n8\n4\n19\n註) 미국지점은 본사의 지점이며, 기타 지점은 해외법인의 지점임\n나. 부동산 현황\n(2020.06.30 현재)\xa0 \xa0 \xa0 \xa0 \xa0 \xa0 \xa0 \xa0 \xa0 \xa0 \xa0 \xa0 \xa0 \xa0 \xa0 \xa0 \xa0 \xa0 \xa0 \xa0 \xa0 \xa0 \xa0 \xa0 \xa0 \xa0 \xa0 \xa0 \xa0 \xa0 \xa0 \xa0 \xa0 \xa0 \xa0 \xa0 \xa0 \xa0\xa0 (단위 : 백만원)\n구\xa0\xa0 분\n토지\n건물\n구축물\n건설중인자산\n합계\n본\xa0\xa0 사\n-\n-\n-\n-\n-\n본사 外\n226,221\n500,293\n3,381\n1\n729,896\n합\xa0\xa0 계\n226,221\n500,293\n3,381\n1\n729,896\n註1) 상기 금액은 장부가 기준註2) 부동산 현황은 K-IFRS 연결 기준이며 연결대상 수익증권의 투자부동산 제외\n다. 지점의 신설 및 중요시설의 확충 계획- 해당사항 없음\n6.\xa0기타\xa0투자의사결정에 필요한 사항\n가. 준비금 적립내역\n(단위 : 억원)\n구 분\n\xa0제71기 반기\n제70기\xa0\n\xa0제69기\xa0\n일반계정\n책임준비금\n588,446\n578,664\n\xa0 \xa0 \xa0 \xa0 \xa0 \xa0\xa0 554,608\n\xa0 지급준비금\n49,215\n45,338\n\xa0 \xa0 \xa0 \xa0 \xa0 \xa0 \xa0\xa0 41,982\n\xa0 보험료적립금\n493,142\n490,779\n\xa0474,402\n\xa0 미경과보험료적립금\n38,603\n35,453\n\xa0 \xa0 \xa0 \xa0 \xa0 \xa0 \xa0\xa0 31,929\n\xa0 계약자배당준비금\n5,290\n5,350\n\xa0 \xa0 \xa0 \xa0 \xa0 \xa0 \xa0 \xa0 4,896\n\xa0 계약자이익배당준비금\n1,448\n1,008\n\xa0 \xa0 \xa0 \xa0 \xa0 \xa0 \xa0 \xa0 \xa0\xa0 885\n\xa0 배당보험손실보험준비금\n748\n736\n\xa0 \xa0 \xa0 \xa0 \xa0 \xa0 \xa0 \xa0 \xa0\xa0 514\n\xa0 보증준비금\n-\n-\n\xa0 \xa0 \xa0 \xa0 \xa0 \xa0 \xa0 \xa0 \xa0 \xa0 \xa0 -\n특별계정\n계약자적립금\n85,306\n82,731\n\xa0 \xa0 \xa0 \xa0 \xa0 \xa0 \xa0\xa0 78,884\n\xa0 보험료적립금\n85,302\n82,731\n\xa0 \xa0 \xa0 \xa0 \xa0 \xa0 \xa0\xa0 78,884\n\xa0 계약자배당준비금\n-\n-\n\xa0 \xa0 \xa0 \xa0 \xa0 \xa0 \xa0 \xa0 \xa0 \xa0 \xa0 -\n\xa0 계약자이익배당준비금\n4\n-\n\xa0 \xa0 \xa0 \xa0 \xa0 \xa0 \xa0 \xa0 \xa0 \xa0 \xa0 -\n\xa0 무배당잉여금\n-\n-\n\xa0 \xa0 \xa0 \xa0 \xa0 \xa0 \xa0 \xa0 \xa0 \xa0 \xa0 -\n합계\n673,752\n661,395\n\xa0 \xa0 \xa0 \xa0 \xa0 \xa0\xa0 633,492\n註1) 책임준비금이란 보험금 및 환급금 지급 등 장래에 발생할 보험계약상의 책임을 \xa0 \xa0 \xa0\xa0 충실히 이행하기 위하여 보험회사가 적립해야 할 보험계약자에 대한 부채임註2)\xa0손해보험경영통일공시기준에 따른 지표임註3) 특별계정은 퇴직보험 및 퇴직연금의 특별계정임\n나. 지급여력비율(RBC)\n(단위 : 억원, %)\n구 분\n제71기 반기\n제70기\n제69기\n지급여력금액(A)\n149,900\n144,468\n121,927\n지급여력기준금액(B)\n47,057\n46,639\n36,560\n지급여력비율(A/B)\n318.55\n309.76\n333.50\n註1) RBC비율은 보험회사에 내재된 각종 리스크량을 산출하여 이에 상응하는 자본을\xa0 \xa0 \xa0 보유하도록 하는 제도로 지급여력금액과 지급여력기준금액의 비율로 산출註2) 지급여력비율은 RBC연결재무제표를 기준으로 산출\n다. 주요 경영지표\n(1) 수익성 지표\xa0\n1) 손해율\n(단위 : 억원, %)\n구\xa0\xa0 분\xa0\xa0\n제71기 반기\n제70기\n제69기\n발생손해액(A)\n75,359\n152,312\n146,755\n경과보험료(B)\n91,660\n180,032\n177,018\n손 해 율(A/B)\n82.22\n84.60\n82.90\n註) 보험업감독업무시행세칙에 따른 업무보고서상 사업실적표 작성 기준 및\xa0 \xa0 \xa0손해보험경영통일공시 기준으로 작성됨\n2) 사업비율\n(단위 : 억원, %)\n구\xa0\xa0 분\xa0\xa0\n제71기 반기\n제70기\n제69기\n순사업비(A)\n19,805\n38,141\n36,088\n보유보험료(B)\n94,691\n183,838\n177,483\n사업비율(A/B)\n20.92\n20.75\n20.33\n註) 사업비율은 손해보험경영통일공시 기준\n3) 운용자산이익률\n(단위 : 억원, %)\n구\xa0\xa0 분\xa0\xa0\n제71기 반기\n제70기\n제69기\n투자영업손익(A)\n20,397\n20,072\n21,361\n경과운용자산(B)\n699,923\n680,083\n644,388\n운용자산이익률(A/B)\n2.91\n2.95\n3.31\n註1) 경과운용자산= (당기말운용자산+전년동기말운용자산-직전 1년간 투자영업손익)÷2\xa0 \xa0 \xa0\xa0 운용자산이익률 =\xa0투자영업손익÷경과운용자산\xa0註2) 보험업감독업무시행세칙에 따른 업무보고서상 운용자산이익률 기준\xa0註3) 투자영업손익은 보험업감독업무시행세칙상의 투자영업수익에서 투자영업비용을 \xa0 \xa0 \xa0\xa0 차감한 금액\n4) ROA(Return on Assets)\n(단위 : %)\n구\xa0\xa0 분\n제71기 반기\n제70기\n제69기\nROA\n1.16\n0.85\n1.54\n註) ROA = 당기순이익÷{(전기말 총자산+당기말 총자산)/2}×(4/경과분기수)\xa0 \xa0\xa0 총자산 = 재무상태표 총자산-영업권-미상각신계약비-특별계정자산5) ROE(Return on Equity)\xa0\n(단위 : %)\n구\xa0\xa0 분\n제71기 반기\n제70기\n제69기\nROE\n6.05\n4.60\n8.73\n註) ROE = 당기순이익÷{(전기말 자기자본+당기말 자기자본)/2}×(4/경과분기수)\n(2) 자산건전성 지표\n1) 부실자산비율\n(단위 : 억원, %)\n구\xa0\xa0 분\n제71기 반기\n제70기\n제69기\n가중부실자산(A)\n356\n362\n242\n자산건전성 분류대상자산(B)\n722,786\n708,119\n659,533\n부실자산비율(A/B)\n0.05\n0.05\n0.04\n註) 부실자산비율은 보험업감독업무시행세칙에 따른 업무보고서상 부실자산비율 기준\n(3) 유동성 지표\n\xa01) 유동성비율\n(단위 : 억원, %)\n구\xa0\xa0 분\n제71기 반기\n제70기\n제69기\n유동성자산(A)\n44,312\n33,079\n35,222\n평균지급보험금(B)\n27,131\n25,464\n23,208\n유동성비율(A/B)\n163.33\n129.90\n151.77\n註1) 평균지급보험금은 최근 1년간 월평균 지급보험금(자동차 지급보험금의 80% 차감)의\xa0 \xa0 \xa0\xa0 3개월분임(\'14.12월 보험업감독업무시행세칙 개정)註2) 유동성비율은 천원단위 기준 산출시 제70기 129.91%\n2) 현금수지차비율\n(단위 : 억원, %)\n구\xa0\xa0 분\n제71기 반기\n제70기\n제69기\n현금수지차(A)\n48,653\n52,200\n59,143\n보유보험료(B)\n187,138\n183,838\n177,483\n현금수지차비율(A/B)\n26.00\n28.39\n33.32\n註1)\xa0현금수지차비율이란 현금수지의 동태에 따라 계산된 손익의 보유보험료에 대한\xa0 \xa0 \xa0\xa0 비율을 말하며, 회사의 유동성을 평가하는 지표 중의 하나임註2) 현금수지차 및 보유보험료는 직전 1년 실적임\n(4) 기타 경영지표\n1) 효력상실해약율\xa0및\xa0계약유지율\n(단위 : %)\n구 분\n제71기 반기\n제70기\n제69기\n효력상실해약율\n7.34\n13.17\n12.63\n계약유지율(13회차/25회차)\n83.58 / 58.20\n81.35 / 61.87\n82.43 / 66.82\n註) 손해보험경영통일공시기준에 따른 지표임\n2) 금융소비자보호 실태평가 결과\xa0\n구 분\n항목별 평가 결과\n2016년\n2017년\n2018년\n계량\n항목\n1. 민원건수\n보통\n양호\n양호\n2. 민원처리노력\n양호\n양호\n양호\n3. 소송건수\n양호\n보통\n양호\n4. 영업지속가능성\n양호\n양호\n우수\n5. 금융사고\n양호\n양호\n양호\n비계량\n항목\n6. 소비자보호 조직 및 제도\n양호\n양호\n양호\n7. 상품개발과정의 소비자보호 체계 구축 및 운영\n양호\n양호\n양호\n8. 상품판매과정의 소비자보호 체계 구축 및 운영\n양호\n양호\n양호\n9. 민원관리시스템 구축 및 운영\n양호\n양호\n양호\n10. 소비자정보 공시\n양호\n양호\n양호\n註1) 금융소비자보호 모범규준에 따라 금융회사는 금융감독원이 주관하는\xa0 \xa0 \xa0\xa0 금융소비자보호 실태평가제도를 통해 소비자 보호 수준을 종합적으로 평가 받음\n註2) 평가대상사는 영업규모 및 민원건수가 업권 전체의 1% 이상인 회사로 민원건수가 \xa0 \xa0 \xa0\xa0 적거나 영업규모가 작은 회사는 해당년도 평가에서 제외될 수 있음\n\xa0\xa0\n※\xa0 금융소비자보호 실태평가 평가기준\n구 분\n평가부문\n세부 평가기준\n계량항목\n1\n민원건수\n- 금감원에 접수된 민원건수 및 증감률\n\xa0 (중·반복, 악성민원 및 자율조정 민원 등은 제외)\n2\n민원처리노력\n- 금감원에 접수된 민원 평균처리기간\n- 자율조정대상건 中 자율조정이 성립된 비율\n3\n소송건수\n- 소송건수(패소율)와 금감원 분쟁조정 중 금융회사의 소송제기 건수\n4\n영업지속가능성\n- 금융회사의 재무건전성 지표(BIS비율, RBC비율 등)\n5\n금융사고\n- 금융회사의 금융사고 건수와 금액\n비계량항목\n6\n소비자보호 조직 및 제도\n- 금융소비자보호 총괄책임자(CCO) 직무의 적정성\n- 금융소비자보호 총괄부서 업무 및 권한의 적정성\n- 금융소비자보호협의회 운영의 적정성\n- 금융소비자보호 관련 규정화 여부\n- 금융소비자보호 업무전담자 인력 구성의 적정성\n- 금융소비자보호 업무전담자 인사 및 보상의 적정성\n- 고객 응대직원을 위한 보호 제도 운영의 적정성\n7\n상품개발과정의 소비자보호 체계 구축 및 운영\n- 상품개발 관련 사전협의 프로세스의 적정성\n- 상품개발 관련 내부준칙 운영의 적정성\n- 금융소비자 의견 반영 프로세스 운영의 적정성- 민원발생 원인분석 및 신상품에 대한 소비자 만족도 조사 등의 적정성\n8\n상품판매과정의 소비자보호 체계 구축 및 운영\n- 상품판매 과정에서 준수해야 할 기준 마련 여부\n- 상품판매 프로세스 구축 여부\n- 상품판매 프로세스 운영의 적정성\n- 고객정보 보호를 위한 제도 및 시스템의 적정성- 판매조직에 대한 평가·보상 시스템의 적정성- 금융취약계층의 금융접근성 제고를 위한 인프라 구축의 적정성\n9\n민원관리시스템 구축 및 운영\n- 효율적인 민원관리시스템 구축 여부\n- 민원업무 관련 규정 및 매뉴얼 마련 여부\n- 민원관리시스템 운영의 적정성\n- 민원을 통한 제도개선 시스템 구축 여부\n10\n소비자정보 공시\n- 소비자정보 접근이 용이한지 여부\n- 소비자정보 제공이 적정한지 여부- 금융소비자보호 관련 교육의 적정성- 금융사기 예방 관련 조직 운영 및 예방안내 적정성- 휴면 금융재산 발생 예방 안내 프로세스 구축의 적정성\xa0\n']"
