text
"[""\n1. 회사의 개요\n\xa0 가. 연결대상 종속회사 개황\xa0\xa0 \xa0(1) 연결대상 종속회사 개황(요약)\n(단위 : 사)\n구분\n연결대상회사수\n주요종속회사수\n기초\n증가\n감소\n기말\n상장\n-\n-\n-\n-\n-\n비상장\n35\n37\n18\n54\n-\n합계\n35\n37\n18\n54\n-\n※상세 현황은 '상세표-1. 연결대상 종속회사 현황(상세)' 참조\n\xa0 \xa0 (1-1). 연결대상회사의 변동내용\n구 분\n자회사\n사 유\n신규연결\n거북섬리치제일차㈜\n부동산 관련 대출채권 등에 투자를 목적으로 하는 구조화기업으로 피투자자의 관련활동에 대한 힘, 변동이익 노출,연결회사의 변동이익에 영향을 미치기 위해 힘을 사용하는 능력을 종합적으로 고려하여 연결회사가 지배하고 있다고 판단\n에스제이그레이트제삼차㈜\n부동산 관련 대출채권 등에 투자를 목적으로 하는 구조화기업으로 피투자자의 관련활동에 대한 힘, 변동이익 노출,연결회사의 변동이익에 영향을 미치기 위해 힘을 사용하는 능력을 종합적으로 고려하여 연결회사가 지배하고 있다고 판단\n수화비아이티제일차㈜\n부동산 관련 대출채권 등에 투자를 목적으로 하는 구조화기업으로 피투자자의 관련활동에 대한 힘, 변동이익 노출,연결회사의 변동이익에 영향을 미치기 위해 힘을 사용하는 능력을 종합적으로 고려하여 연결회사가 지배하고 있다고 판단\n엑스매드제칠차㈜\n부동산 관련 대출채권 등에 투자를 목적으로 하는 구조화기업으로 피투자자의 관련활동에 대한 힘, 변동이익 노출,연결회사의 변동이익에 영향을 미치기 위해 힘을 사용하는 능력을 종합적으로 고려하여 연결회사가 지배하고 있다고 판단\n케이물류제일차㈜\n부동산 관련 대출채권 등에 투자를 목적으로 하는 구조화기업으로 피투자자의 관련활동에 대한 힘, 변동이익 노출,연결회사의 변동이익에 영향을 미치기 위해 힘을 사용하는 능력을 종합적으로 고려하여 연결회사가 지배하고 있다고 판단\n에스제이그레이트제팔차㈜\n부동산 관련 대출채권 등에 투자를 목적으로 하는 구조화기업으로 피투자자의 관련활동에 대한 힘, 변동이익 노출,연결회사의 변동이익에 영향을 미치기 위해 힘을 사용하는 능력을 종합적으로 고려하여 연결회사가 지배하고 있다고 판단\n라이코스제일차㈜\n부동산 관련 대출채권 등에 투자를 목적으로 하는 구조화기업으로 피투자자의 관련활동에 대한 힘, 변동이익 노출,연결회사의 변동이익에 영향을 미치기 위해 힘을 사용하는 능력을 종합적으로 고려하여 연결회사가 지배하고 있다고 판단\n오블리크제오차㈜\n부동산 관련 대출채권 등에 투자를 목적으로 하는 구조화기업으로 피투자자의 관련활동에 대한 힘, 변동이익 노출,연결회사의 변동이익에 영향을 미치기 위해 힘을 사용하는 능력을 종합적으로 고려하여 연결회사가 지배하고 있다고 판단\n에스제이그레이트제칠차㈜\n부동산 관련 대출채권 등에 투자를 목적으로 하는 구조화기업으로 피투자자의 관련활동에 대한 힘, 변동이익 노출,연결회사의 변동이익에 영향을 미치기 위해 힘을 사용하는 능력을 종합적으로 고려하여 연결회사가 지배하고 있다고 판단\n레드맥스제일차㈜\n부동산 관련 대출채권 등에 투자를 목적으로 하는 구조화기업으로 피투자자의 관련활동에 대한 힘, 변동이익 노출,연결회사의 변동이익에 영향을 미치기 위해 힘을 사용하는 능력을 종합적으로 고려하여 연결회사가 지배하고 있다고 판단\n브라이트스타제사차㈜\n부동산 관련 대출채권 등에 투자를 목적으로 하는 구조화기업으로 피투자자의 관련활동에 대한 힘, 변동이익 노출,연결회사의 변동이익에 영향을 미치기 위해 힘을 사용하는 능력을 종합적으로 고려하여 연결회사가 지배하고 있다고 판단\n아이프로제일차㈜\n부동산 관련 대출채권 등에 투자를 목적으로 하는 구조화기업으로 피투자자의 관련활동에 대한 힘, 변동이익 노출,연결회사의 변동이익에 영향을 미치기 위해 힘을 사용하는 능력을 종합적으로 고려하여 연결회사가 지배하고 있다고 판단\n화이트우드제오차㈜\n부동산 관련 대출채권 등에 투자를 목적으로 하는 구조화기업으로 피투자자의 관련활동에 대한 힘, 변동이익 노출,연결회사의 변동이익에 영향을 미치기 위해 힘을 사용하는 능력을 종합적으로 고려하여 연결회사가 지배하고 있다고 판단\n브라이트스타제이차㈜\n부동산 관련 대출채권 등에 투자를 목적으로 하는 구조화기업으로 피투자자의 관련활동에 대한 힘, 변동이익 노출,연결회사의 변동이익에 영향을 미치기 위해 힘을 사용하는 능력을 종합적으로 고려하여 연결회사가 지배하고 있다고 판단\n화이트우드제칠차㈜\n부동산 관련 대출채권 등에 투자를 목적으로 하는 구조화기업으로 피투자자의 관련활동에 대한 힘, 변동이익 노출,연결회사의 변동이익에 영향을 미치기 위해 힘을 사용하는 능력을 종합적으로 고려하여 연결회사가 지배하고 있다고 판단\n엑스매드제구차㈜\n부동산 관련 대출채권 등에 투자를 목적으로 하는 구조화기업으로 피투자자의 관련활동에 대한 힘, 변동이익 노출,연결회사의 변동이익에 영향을 미치기 위해 힘을 사용하는 능력을 종합적으로 고려하여 연결회사가 지배하고 있다고 판단\n인트그린제이차㈜\n부동산 관련 대출채권 등에 투자를 목적으로 하는 구조화기업으로 피투자자의 관련활동에 대한 힘, 변동이익 노출,연결회사의 변동이익에 영향을 미치기 위해 힘을 사용하는 능력을 종합적으로 고려하여 연결회사가 지배하고 있다고 판단\n아이프로제삼차㈜\n부동산 관련 대출채권 등에 투자를 목적으로 하는 구조화기업으로 피투자자의 관련활동에 대한 힘, 변동이익 노출,연결회사의 변동이익에 영향을 미치기 위해 힘을 사용하는 능력을 종합적으로 고려하여 연결회사가 지배하고 있다고 판단\n양도큐브제일차㈜\n부동산 관련 대출채권 등에 투자를 목적으로 하는 구조화기업으로 피투자자의 관련활동에 대한 힘, 변동이익 노출,연결회사의 변동이익에 영향을 미치기 위해 힘을 사용하는 능력을 종합적으로 고려하여 연결회사가 지배하고 있다고 판단\n메타그린제삼차㈜\n부동산 관련 대출채권 등에 투자를 목적으로 하는 구조화기업으로 피투자자의 관련활동에 대한 힘, 변동이익 노출,연결회사의 변동이익에 영향을 미치기 위해 힘을 사용하는 능력을 종합적으로 고려하여 연결회사가 지배하고 있다고 판단\n메타그린제일차㈜\n부동산 관련 대출채권 등에 투자를 목적으로 하는 구조화기업으로 피투자자의 관련활동에 대한 힘, 변동이익 노출,연결회사의 변동이익에 영향을 미치기 위해 힘을 사용하는 능력을 종합적으로 고려하여 연결회사가 지배하고 있다고 판단\n인트그린제삼차㈜\n부동산 관련 대출채권 등에 투자를 목적으로 하는 구조화기업으로 피투자자의 관련활동에 대한 힘, 변동이익 노출,연결회사의 변동이익에 영향을 미치기 위해 힘을 사용하는 능력을 종합적으로 고려하여 연결회사가 지배하고 있다고 판단\n이지트리제삼차㈜\n부동산 관련 대출채권 등에 투자를 목적으로 하는 구조화기업으로 피투자자의 관련활동에 대한 힘, 변동이익 노출,연결회사의 변동이익에 영향을 미치기 위해 힘을 사용하는 능력을 종합적으로 고려하여 연결회사가 지배하고 있다고 판단\n메타그린제육차㈜\n부동산 관련 대출채권 등에 투자를 목적으로 하는 구조화기업으로 피투자자의 관련활동에 대한 힘, 변동이익 노출,연결회사의 변동이익에 영향을 미치기 위해 힘을 사용하는 능력을 종합적으로 고려하여 연결회사가 지배하고 있다고 판단\n메타그린제팔차㈜\n부동산 관련 대출채권 등에 투자를 목적으로 하는 구조화기업으로 피투자자의 관련활동에 대한 힘, 변동이익 노출,연결회사의 변동이익에 영향을 미치기 위해 힘을 사용하는 능력을 종합적으로 고려하여 연결회사가 지배하고 있다고 판단\n메타그린제구차㈜\n부동산 관련 대출채권 등에 투자를 목적으로 하는 구조화기업으로 피투자자의 관련활동에 대한 힘, 변동이익 노출,연결회사의 변동이익에 영향을 미치기 위해 힘을 사용하는 능력을 종합적으로 고려하여 연결회사가 지배하고 있다고 판단\n더플렉스제일차㈜\n부동산 관련 대출채권 등에 투자를 목적으로 하는 구조화기업으로 피투자자의 관련활동에 대한 힘, 변동이익 노출,연결회사의 변동이익에 영향을 미치기 위해 힘을 사용하는 능력을 종합적으로 고려하여 연결회사가 지배하고 있다고 판단\n브라이트스타제구차㈜\n부동산 관련 대출채권 등에 투자를 목적으로 하는 구조화기업으로 피투자자의 관련활동에 대한 힘, 변동이익 노출,연결회사의 변동이익에 영향을 미치기 위해 힘을 사용하는 능력을 종합적으로 고려하여 연결회사가 지배하고 있다고 판단\n인트그린제육차㈜\n부동산 관련 대출채권 등에 투자를 목적으로 하는 구조화기업으로 피투자자의 관련활동에 대한 힘, 변동이익 노출,연결회사의 변동이익에 영향을 미치기 위해 힘을 사용하는 능력을 종합적으로 고려하여 연결회사가 지배하고 있다고 판단\n이지플랜트제사차㈜\n부동산 관련 대출채권 등에 투자를 목적으로 하는 구조화기업으로 피투자자의 관련활동에 대한 힘, 변동이익 노출,연결회사의 변동이익에 영향을 미치기 위해 힘을 사용하는 능력을 종합적으로 고려하여 연결회사가 지배하고 있다고 판단\n유쥬르제이차㈜\n부동산 관련 대출채권 등에 투자를 목적으로 하는 구조화기업으로 피투자자의 관련활동에 대한 힘, 변동이익 노출,연결회사의 변동이익에 영향을 미치기 위해 힘을 사용하는 능력을 종합적으로 고려하여 연결회사가 지배하고 있다고 판단\n더테라스제일차㈜\n부동산 관련 대출채권 등에 투자를 목적으로 하는 구조화기업으로 피투자자의 관련활동에 대한 힘, 변동이익 노출,연결회사의 변동이익에 영향을 미치기 위해 힘을 사용하는 능력을 종합적으로 고려하여 연결회사가 지배하고 있다고 판단\n브라이트스타제십차㈜\n부동산 관련 대출채권 등에 투자를 목적으로 하는 구조화기업으로 피투자자의 관련활동에 대한 힘, 변동이익 노출,연결회사의 변동이익에 영향을 미치기 위해 힘을 사용하는 능력을 종합적으로 고려하여 연결회사가 지배하고 있다고 판단\n유쥬르제사차㈜\n부동산 관련 대출채권 등에 투자를 목적으로 하는 구조화기업으로 피투자자의 관련활동에 대한 힘, 변동이익 노출,연결회사의 변동이익에 영향을 미치기 위해 힘을 사용하는 능력을 종합적으로 고려하여 연결회사가 지배하고 있다고 판단\n유쥬르제오차㈜\n부동산 관련 대출채권 등에 투자를 목적으로 하는 구조화기업으로 피투자자의 관련활동에 대한 힘, 변동이익 노출,연결회사의 변동이익에 영향을 미치기 위해 힘을 사용하는 능력을 종합적으로 고려하여 연결회사가 지배하고 있다고 판단\n드림더그린양평제일차㈜\n부동산 관련 대출채권 등에 투자를 목적으로 하는 구조화기업으로 피투자자의 관련활동에 대한 힘, 변동이익 노출,연결회사의 변동이익에 영향을 미치기 위해 힘을 사용하는 능력을 종합적으로 고려하여 연결회사가 지배하고 있다고 판단\n드림더그린양평제이차㈜\n부동산 관련 대출채권 등에 투자를 목적으로 하는 구조화기업으로 피투자자의 관련활동에 대한 힘, 변동이익 노출,연결회사의 변동이익에 영향을 미치기 위해 힘을 사용하는 능력을 종합적으로 고려하여 연결회사가 지배하고 있다고 판단\n연결제외\n엠케이드림제이차㈜\n확약의무 종결\n엠케이드림제칠차㈜\n확약의무 종결\n아틀라스제일차㈜\n확약의무 종결\n판테온케이㈜\n확약의무 종결\n케이디드림제일차㈜\n확약의무 종결\n카바시크제오차㈜\n확약의무 종결\n카바시크제칠차㈜\n확약의무 종결\n블루다이아제육차㈜\n확약의무 종결\n이프다산제이차㈜\n확약의무 종결\n더블리치제사차㈜\n확약의무 종결\n에스제이그레이트제일차㈜\n확약의무 종결\n신진주큐브제일차㈜\n확약의무 종결\n엑스매드제삼차㈜\n확약의무 종결\n에코파인트리㈜\n확약의무 종결\n제이지베스트제오차㈜\n확약의무 종결\n엑셀코코스톤㈜\n확약의무 종결\n아틀란티스법원투제일차㈜\n확약의무 종결\n교보증권 Royal-Class 중소형 셀렉션전문사모투자신탁 제1호\n중도 환매\n나. 회사의 명칭 :\xa0교보증권 주식회사(Kyobo Securities Co ., Ltd)다. 설립일자 :\xa01949년 11월 22일라. 본사의 주소, 전화번호, 홈페이지 주소\n본사주소\n서울특별시 영등포구 의사당대로 97\n대표전화번호\n02-3771-9000\n홈페이지 주소\nhttp://www.iprovest.com\n마. 회사사업 영위의 근거가 되는 법률\xa0\n- 금융투자업전반\n상법민법자본시장과 금융투자업에 관한 법률금융회사의 지배구조에 관한 법률금융투자업규정기타 증권유관기관 규정\n- 과 \xa0 \xa0 \xa0 \xa0 세\n소득세법법인세법농특세법조세특례제한법증권거래세법\n- 국 \xa0 제 \xa0 화\n외국환거래법외국인투자촉진법\n- 기 \xa0 \xa0 \xa0 \xa0 타\xa0\n주식회사의 외부감사에 관한 법률독점규제 및 공정거래에 관한 법률근로자퇴직급여보장법\n바. 중소기업 등 해당 여부\n중소기업 해당 여부\n미해당\n벤처기업 해당 여부\n미해당\n중견기업 해당 여부\n미해당\n사. 주요 사업의 내용당사는 금융투자업자로서 자본시장과 금융투자에 관한 법률 제6조에 의한 투자매매업, 투자중개업, 집합투자업, 투자자문업, 투자일임업, 신탁업을 그 주요사업으로 하고 있습니다\n구 \xa0분\n정 \xa0의\n투자매매업\n\xa0자기의 계산으로 금융투자상품의 매매, 증권의 발행ㆍ인수 또는 그 청약의 권유, 청약, 청약의 승낙을 영업으로 하는 것\n투자중개업\n\xa0타인의 계산으로 금융투자상품의 매매, 그 중개나 청약의 권유, 청약, 청약의 승낙 또는 증권의 발행ㆍ인수에 대한 청약의 권유, 청약, 청약의 승낙을 영업으로 하는 것\n집합투자업\n\xa0집합투자를 영업으로 하는 것\n투자자문업\n\xa0금융투자상품등의 가치 또는 투자판단에 관한 자문에 응하는 것을 영업으로 하는 것\n투자일임업\n\xa0투자자로부터 금융투자상품등에 대한 투자판단의 전부 또는 일부를 일임받아 투자자별로 구분 하여 그 투자자의 재산상태나 투자목적 등을 고려하여 금융투자상품등을 취득ㆍ처분, 그 밖의  방법으로 운용하는 것\n신탁업\n\xa0신탁을 영업으로 하는 것\n당사는 증권회사영업활동의 분류에 따른 위탁매매업, 자기매매업, 장내외파생상품업, 투자은행업 부문에서 주된 영업수익이 발생하고 있습니다. 특히 신성장 동력 발굴ㆍ육성 등으로 수익다변화에 힘써 왔으며, 인적 경쟁력 확보와 조직 및 경영 안정화를 통해 안정적인 수익구조를 구축하고 있습니다.\n-\xa0영업부문별 재무정보(FY2021 기말 연결기준 누계)\n(단위: 천원)\n구 \xa0분\n위탁매매업\n자기매매업\n장내외파생상품업\n투자은행업\n기 \xa0타\n합 \xa0계\n영업수익\n285,360,324\n127,155,793\n1,604,917,442\n155,951,594\n74,692,079\n2,248,077,232\n영업비용\n191,364,766\n133,988,306\n1,538,911,751\n48,762,556\n149,516,636\n2,062,544,015\n영업이익(손실)\n93,995,558\n(6,832,513)\n66,005,691\n107,189,038\n(74,824,557)\n185,533,217\n영업외손익\n(334,156)\n154,077\n250,339\n(949,772)\n11,836,931\n10,957,419\n총자산\n2,724,453,086\n5,147,789,501\n564,972,910\n532,897,356\n2,513,711,641\n11,483,824,494\n총부채\n2,063,775,462\n131,313,055\n4,040,392,211\n520,209,198\n3,333,203,823\n10,088,893,749\n당사는 신기술사업금융업을 등록 완료하였으며 이를 바탕으로\xa0창조적 아이디어를 가지고 도전하는 많은 중소·벤처, 스타트업 기업에게 보다 다양한 모험자본을 유치하여 안정적으로 자금을 조달하고 함께 성장할 수 있도록 상생의 생태계를 구축하는데 일조하고자 합니다. 당사는 금융투자업의 본업인 기업금융업무 노하우를 활용하여 기업의 Life Cycle별 종합투자 플랫폼을 통해 신기술사업자가 사업초기부터 성장과정에 이르기까지 다양한 맞춤형 기업금융서비스를\xa0제공할 계획입니다. 상세한 내용은 동 공시서류의 'Ⅱ.사업의 내용'을 참조하시기 바랍니다\n아. 신용평가에 관한 사항\xa0(1) 최근 3년간 신용등급\xa0\n(기준일 :\xa0\n2021년 12월 31일\n)\n평가일\n평가대상 유가증권 등\n평가대상 유가증권의 신용등급\n평가회사 (신용평가등급범위)\n평가구분\n2018.06.25\n회사신용평가\nA+\n한국기업평가 한국신용평가 ( D - AAA )\n본평가\n2018.06.25\nCP 전자단기사채\nA1 A1\n한국기업평가 NICE신용평가 ( D - A1 )\n본평가\n2018.11.26\nCP 전자단기사채\nA1 A1\n한국기업평가 NICE신용평가 ( D - A1 )\n정기평가\n2019.06.26\nCP 전자단기사채\nA1 A1\n한국기업평가 NICE신용평가 ( D - A1 )\n본평가\n2019.06.26\n회사신용평가\nA+\n한국기업평가 한국신용평가 ( D - AAA )\n본평가\n2019.07.24\n회사채\nA+\n한국기업평가 ( D - AAA )\n사채발행관련\n2019.07.25\n회사채\nA+\n한국신용평가 ( D - AAA )\n사채발행관련\n2019.07.25\nCP 전자단기사채\nA1 A1\n한국신용평가 ( D - A1 )\n사채발행관련\n2019.11.21\nCP 전자단기사채\nA1 A1\nNICE신용평가 ( D - A1 )\n정기평가\n2019.11.22\n회사채\nA+\n한국신용평가 ( D - AAA )\n수시평가\n2019.11.22\nCP 전자단기사채\nA1 A1\n한국신용평가 ( D - A1 )\n정기평가\n2019.11.22\n회사신용평가\nA+\n한국신용평가 ( D - AAA )\n수시평가\n2019.11.26\nCP 전자단기사채\nA1 A1\n한국기업평가 ( D - AAA )\n정기평가\n2020.06.22\n회사신용평가\nA+\n한국기업평가 ( D - AAA )\n본평가\n2020.06.22\nCP 전자단기사채\nA1 A1\n한국기업평가 ( D - AAA )\n본평가\n2020.06.23\n회사신용평가\nA+\nNICE신용평가 ( D - AAA )\n본평가\n2020.06.23\nCP 전자단기사채\nA1 A1\nNICE신용평가 ( D - A1 )\n본평가\n2020.06.25\n회사신용평가\nA+\n한국신용평가 ( D - AAA )\n본평가\n2020.06.25\nCP 전자단기사채\nA1 A1\n한국신용평가 ( D - A1 )\n본평가\n2020.08.25\n회사채\nA+\n한국기업평가 ( D - AAA )\n수시평가\n2020.08.25\n회사신용평가\nA+\n한국기업평가 ( D - AAA )\n수시평가\n2020.11.18\n회사신용평가 회사채\nAA- AA-\n한국신용평가 ( D - AAA )\n수시평가\n2020.11.18\nCP 전자단기사채\nA1 A1\n한국신용평가 ( D - A1 )\n정기평가\n2020.11.19\n회사신용평가\nAA-\nNICE신용평가 ( D - AAA )\n수시평가\n2020.11.19\nCP 전자단기사채\nA1 A1\nNICE신용평가 ( D - A1 )\n정기평가\n2020.11.23\n회사신용평가 회사채\nAA- AA-\n한국기업평가 ( D - AAA )\n수시평가\n2020.11.23\nCP 전자단기사채\nA1 A1\n한국기업평가 ( D - A1 )\n정기평가\n2021.03.23\n회사채\nAA-\n한국기업평가 ( D - AAA )\n본평가\n2021.03.23\n회사채\nAA-\nNICE신용평가 ( D - AAA )\n본평가\n2021.06.16\nCP 전자단기사채\nA1 A1\n한국신용평가 ( D - A1 )\n본평가\n2021.06.16\n회사신용평가\nAA-\n한국신용평가 ( D - AAA )\n본평가\n2021.06.22\nCP 전자단기사채\nA1A1\n한국기업평가 ( D - A1 )\n본평가\n2021.06.22\n회사신용평가\nAA-\n한국기업평가 ( D - AAA )\n본평가\n2021.11.25\nCP 전자단기사채\nA1A1\n한국기업평가 ( D - A1 )\n정기평가\n2021.11.29\nCP 전자단기사채\nA1A1\n한국기업평가 ( D - A1 )\n정기평가\n(2) 신용평가등급체계 및 부여 의미<한국기업평가>\n평가대상\n등급\n등급의 정의\n기업신용평가\nAAA\n원리금 지급확실성이 최고 수준임\nAA\n원리금 지급확실성이 매우 높지만, AAA 등급에 비하여 다소 낮은 요소가 있음\nA\n원리금 지급확실성이 높지만, 장래의 환경변화에 다소 영향을 받을 가능성이 있음\nBBB\n원리금 지급확실성이 있지만, 장래의 환경변화에 따라 저하될 가능성이 내포되어 있음\nBB\n원리금 지급능력에 당면문제는 없으나, 장래의 안정성면에서는 투기적인 요소가 내포되어 있음\nB\n원리금 지급능력이 부족하여 투기적임\nCCC\n원리금의 채무불이행이 발생할 위험요소가 내포되어 있음\nCC\n원리금의 채무불이행이 발생할 가능성이 높음\nC\n원리금의 채무불이행이 발생할 가능성이 지극히 높음\nD\n현재 채무불이행 상태에 있음\n□ 상기 등급 중 AA부터 B까지는 당해 등급내에서의 상대적 위치에 따라 + 또는 - 부호를 부여할 수 있음□ 등급전망(Rating Outlook) \xa0 \xa0- 향후 1~2년 이내의 신용평가등급 방향성에 대한 평가시점에서의 전망으로 신용평가등급 체계와는 무관한 \xa0 \xa0 \xa0비등급기호 \xa0 \xa0- 신용등급 변경을 위한 절차상의 예고가 아니므로 이후에 신용평가등급이 필연적으로 변경되는 것은 아님 \xa0 \xa0 \xa0즉, Rating Outlook의 의견과 다르게 신용등급의 변경이 가능 \xa0 \xa0 \xa0* 안정적(stable) \xa0 \xa0 : 향후 1~2년 내에 등급의 변동 가능성이 낮은 경우 \xa0 \xa0 \xa0* 긍정적(positive) \xa0 : 향후 1~2년 내에 등급의 상향 가능성이 있는 경우 \xa0 \xa0 \xa0* 부정적(negative) \xa0: 향후 1~2년 내에 등급의 하향 가능성이 있는 경우 \xa0 \xa0 \xa0* 유동적(evolving) \xa0: 향후 1~2년 동안 등급이 상향, 하향, 유지될 수도 있어 등급의 변동 방향이 불확실한 경우 \xa0 \xa0 \xa0* 없음(none) \xa0 \xa0 \xa0 \xa0 : Rating Watch 가 부여되었거나, C 또는 D등급인 경우\n기업어음평가\nA1\n적기상환능력이 최고 수준이며, 그 안정성은 현단계에서 합리적으로 예측가능한 장래의 환경에 영향을 \xa0받지 않을 만큼 높음\nA2\n적기상환능력이 우수하지만, 그 안정성은 A1 에 비하여 다소 열등한 요소가 있음\nA3\n적기상환능력은 양호하지만, 그 안정성은 급격한 환경 변화에 따라 다소 영향을 받을 가능성이 있음\nB\n최소한의 적기상환능력은 인정되나, 그 안정성이 환경변화로 저하될 가능성이 있어 투기적인 요소를 내포하고 있음\nC\n적기상환능력 및 그 안정성이 매우 가변적이어서 투기적인 요소가 강함\nD\n현재 채무불이행 상태에 있음\n□ 상기 등급 중 A2부터 B까지는 당해 등급내에서의 상대적 위치에 따라 + 또는 - 부호를 부여할 수 있음\n<한국신용평가>\n평가대상\n등급\n등급의 정의\n기업신용평가\nAAA\n원리금 지급능력이 최상급임\nAA\n원리금 지급능력이 매우 우수하지만 AAA의 채권보다는 다소 열위임\nA\n원리금 지급능력은 우수하지만 상위등급보다 경제여건 및 환경악화에 따른 영향을 받기 쉬운 면이 있음\nBBB\n원리금 지급능력은 양호하지만 상위등급에 비해서 경제여건 및 환경악화에 따라 장래 원리금의 지급능력이 저하될 가능성을 내포하고 있음\nBB\n원리금 지급능력이 당장은 문제가 되지 않으나 장래 안전에 대해서는 단언할 수 없는 투기적인 요소를 내포하고 있음\nB\n원리금 지급능력이 결핍되어 투기적이며 불황시에 이자지급이 확실하지 않은\nCCC\n원리금 지급에 관하여 현재에도 불안요소가 있으며 채무불이행의 위험이 커 매우 투기적임\nCC\n상위등급에 비하여 불안요소가 더욱 큼\nC\n채무불이행의 위험성이 높고 원리금 상환능력이 없음\nD\n상환 불능상태임\xa0\n□ 원리금의 적기상환 확실성의 정도에 따라 10등급으로 구분 표시되며, 위 등급중 'AA'등급에서 'CCC'등급까지의 6개 등급에는 그 상대적 우열정도에 따라 +, - 기호가 첨부될 수 있음□ 등급전망(Rating Outlook) \xa0 \xa0- 등급의 방향성에 대한 신용평가사의 의견을 기호로 표시한 것  \xa0 \xa0 \xa0 * Positive \xa0 \xa0 \xa0: 중기적으로 향후 등급의 상향 조정 가능성이 있다고 예측됨 \xa0 \xa0 \xa0 * Negative \xa0 \xa0 : 중기적으로 향후 등급의 하향 조정 가능성이 있다고 예측됨  \xa0 \xa0 \xa0 * Stable \xa0 \xa0 \xa0 \xa0: 중기적으로 등급의 변동가능성이 낮음 \xa0 \xa0 \xa0 * Developing \xa0: 불확실성이 높아 등급의 중기적인 변동방향을 단정하기 어려움 □ 등급감시부호(Credit Watch) \xa0 \xa0 - 등급에 영향을 미치는 특정 사건이나 환경의 변화가 발생하여 기존 등급을 재검토할 필요가 있다고  \xa0 \xa0 \xa0 \xa0판단할 때 부여 \xa0 \xa0 \xa0 \xa0* 상향검토 : 등급상향이 필요한 사유 발생시 * 하향검토 : 등급하향조정이 필요한 사유 발생시  \xa0 \xa0 \xa0 \xa0* 미확정검토 : 등급의 방향성을 명확하게 판단하기 어려운 사유 발생시\n기업어음평가\nA1\n적기상환능력이 최상이며 상환능력의 안정성 또한 최상임\nA2\n적기상환능력은 우수하나 그 안정성은 A1에 비해 다소 열위임\nA3\n적기상환능력이 양호하며 그 안정성도 양호하나 A2에 비해 열위임\nB\n적기상환능력은 적정시되나 단기적 여건변화에 따라 그 안정성에 투기적인 요소가 내포되어 있음\nC\n적기상환능력 및 안정성에 투기적인 요소가 큼\nD\n상환불능상태임\n□ 위등급중 'A2'등급에서 'B'등급까지의 3개 등급에는 그 상대적 우열정도에 따라 +, - 기호가 첨부될 수 있음□ 등급감시부호(Credit Watch) \xa0 \xa0- 등급에 영향을 미치는 특정 사건이나 환경의 변화가 발생하여 기존등급을 재검토할 필요가 있다고 판단할 때 부여 \xa0 \xa0 \xa0 * 상향검토 : 등급상향이 필요한 사유 발생시 * 하향검토 : 등급하향조정이 필요한 사유 발생시  \xa0 \xa0 \xa0 * 미확정검토 : 등급의 방향성을 명확하게 판단하기 어려운 사유 발생시\n<NICE 신용평가정보>\n평가대상\n등급\n등급의 정의\n기업신용평가\nAAA\n원리금 지급확실성이 최고 수준으로 투자위험도가 극히 낮으며, 현단계에서 합리적으로 예측가능한 장래의 어떠한 환경변화에도 영향을 받지 않을 만큼 안정적임\nAA\n원리금 지급확실성이 매우 높아 투자위험도가 매우 낮지만 AAA에 비해 다소 열등한 요소가 있음\nA\n원리금 지급확실성이 높아 투자위험도는 낮은 수준이지만 장래 급격한 환경변화에 따라 다소 영향을 받을 가능성이 있음\nBBB\n원리금 지급확실성은 인정되지만 장래 환경변화로 원리금 지급 확실성이 저하될 가능성이 있음\nBB\n원리금 지급확실성에 당면문제는 없지만 장래의 안정성면에는 투기적 요소가 내포되어 있음\nB\n원리금 지급확실성이 부족하여 투기적이며 장래의 안정성에 대해서는 현 단계에서 단언할 수 없음\nCCC\n채무불이행이 발생할 가능성을 내포하고 있어 매우 투기적임\nCC\n채무불이행이 발생할 가능성이 높아 상위등급에 비해 불안요소가 더욱 많음\nC\n채무불이행이 발생할 가능성이 극히 높고 현단계에서는 장래 회복될 가능성이 없을 것으로 판단됨\nD\n원금 또는 이자가 지급불능상태에 있음\n□ 원리금의 적기상환 확실성의 정도에 따라 10등급으로 구분 표시되며, 위 등급중 'AA'등급에서 'CCC'등급까지의 \xa06개 등급에는 그 상대적 우열정도에 따라 +, - 기호가 첨부될 수 있음□ 등급전망(Rating Outlook) \xa0 \xa0- 등급의 방향성에 대한 신용평가사의 의견을 기호로 표시한 것  \xa0 \xa0 \xa0 * Positive \xa0 \xa0 \xa0: 향후 등급의 상향가능성이 높음 \xa0 \xa0 \xa0 * Negative \xa0 \xa0 : 향후 등급의 하향가능성이 높음 \xa0 \xa0 \xa0 * Stable \xa0 \xa0 \xa0 \xa0: 등급의 변동가능성이 낮음, 사업의 안정성을 의미하는 것은 아님 \xa0 \xa0 \xa0 * Developing \xa0: 불확실성이 높아 등급의 중기적인 변동방향을 단정하기 어려움 □ 등급감시부호(Credit Watch) \xa0 \xa0 등급에 영향을 미치는 특정 사건이나 환경의 변화가 발생하여 기존 등급을 재검토할 필요가 있다고 판단할 때 부여 \xa0 \xa0 \xa0 * ↑(상향) : 등급상향검토 \xa0 \xa0↓(하향) : 등급하향검토 \xa0 \xa0 ◆(불확실) : 불확실검토\n기업어음평가\nA1\n적기상환능력이 최고 수준으로 투자위험도가 극히 낮으며 현단계에서 합리적으로 예측 가능한 장래의 어떠한 환경변화에도 영향을 받지 않을 만큼 안정적임\nA2\n적기상환능력이 우수하여 투자위험도가 매우 낮지만 A1등급에 비해 다소 열등한 요소가 있음\nA3\n적기상환능력이 양호하며 투자위험도는 낮은 수준이지만 장래 급격한 환경변화에 따라 다소 영향을 받을 가능성이 있음\nB\n적기상환능력은 인정되지만 투기적 요소가 내재되어 있음\xa0\nC\n적기상환능력이 의문시됨\nD\n지급불능상태에 있음\n□ 위등급중 'A2'등급에서 'B'등급까지의 3개 등급에는 그 상대적 우열정도에 따라 +, - 기호가 첨부될 수 있음□ 등급감시부호(Credit Watch) \xa0 \xa0- 등급에 영향을 미치는 특정 사건이나 환경의 변화가 발생하여 기존등급을 재검토할 필요가 있다고 판단할 때 부여 \xa0 \xa0 \xa0* ↑(상향) : 등급상향검토 \xa0 \xa0↓(하향) : 등급하향검토 \xa0 \xa0 ◆(불확실) : 불확실검토\n자. 회사의 주권상장(또는 등록ㆍ지정)여부 및 특례상장에 관한 사항\n주권상장(또는 등록ㆍ지정)여부\n주권상장(또는 등록ㆍ지정)일자\n특례상장 등여부\n특례상장 등적용법규\n유가증권시장\n2002년 07월 18일\n-\n-\n주) 2002.7.18. 코스닥시장 등록취소 후 유가증권시장으로 상장하였습니다. \n차. 회사의 목적사업\n\xa0(1) 자본시장과 금융투자업에 관한 법률(이하 “자본시장법”이라 함)상의 투자매매업  (2) 자본시장법상의 투자중개업  (3) 자본시장법상의 집합투자업  (4) 자본시장법상의 신탁업  (5) 자본시장법상의 투자자문업  (6) 자본시장법상의 투자일임업  (7) 자본시장법상의 기업금융업무 \xa0 \xa0 \xa0 \xa0(가) 인수업무 \xa0  \xa0 \xa0 \xa0(나) 모집ㆍ사모ㆍ매출의 주선업무 \xa0  \xa0 \xa0 \xa0(다) 기업의 인수 및 합병의 중개ㆍ주선 또는 대리업무 \xa0 \xa0 \xa0 \xa0(라) 기업의 인수ㆍ합병에 관한 조언업무 \xa0  \xa0 \xa0 \xa0(마) 사모투자전문회사재산의 운용업무  (8) 자본시장법상의 신용공여업무  (9) 자본시장법상의 일반사무관리회사업무(10) 외국환거래법에 따른 외국환업무 및 외국환중개업무(11) 전자금융거래법에 따른 전자자금이체업무(12) 근로자퇴직급여보장법에 따른 퇴직연금사업자의 업무(13) 담보부사채신탁법에 따른 담보부사채에 관한 신탁업무(14) 부동산투자회사법에 따른 자산관리회사의 업무(15) 산업발전법에 따른 기업구조조정전문회사의 업무(16) 중소기업창업지원법에 따른 중소기업창업투자회사의 업무(17) 여신전문금융업법에 따른 신기술사업금융법(18) 자산유동화에 관한 법률에 따른 자산관리자의 업무와 유동화전문회사업무의 수탁업무(19) 투자자계좌에 속한 증권ㆍ금전 등에 대한 제3자 담보권관리업무(20) 상법 제484조제1항에 따른 사채모집의 수탁업무(21) 자본시장법 제71조에 따른 기업금융업무, 그 밖에 금융위원회가 정하여 고시하는 업무와 관련한 대출업무(22) 증권의 대차거래와 그 중개ㆍ주선 또는 대리업무(23) 지급보증업무(24) 원화로 표시된 양도성 예금증서의 매매와 그 중개ㆍ주선 또는 대리업무(25) 대출채권, 그 밖의 채권의 매매와 그 중개ㆍ주선 또는 대리업무(26) 대출의 중개ㆍ주선 또는 대리업무(27) 유가증권의 보호예수업무(28) 부동산 임대업무(29) 금고대여업무(30) 복권 및 입장권의 판매대행업무(31) 증권에 관한 연수업무(32) 간행물 및 도서의 출판업무(33) 금융투자업과 관련된 전산시스템 또는 소프트웨어의 대여ㆍ판매업무(34) 기업의 신용조사 또는 평가 및 이에 따른 용역의 제공(35) 투자정보의 판매 업무(36) 위 각 호에 부대되는 일체의 사업 (37) 위 각 항 이외에 자본시장법 등 관계 법규가 허용하는 기타업무\n""]"
