text
"['\n5. 재무제표 주석\n제52기 \xa01분기 \xa02019년 1월 1일부터 \xa02019년 3월 31일까지\n제51기 \xa01분기 \xa02018년 1월 1일부터 \xa02018년 3월 31일까지\n주식회사 에스피씨삼립\n1. 당사의 개요\n주식회사 에스피씨삼립(이하 ""당사"")은 분식식품, 과자, 빵 및 케익 등의 제조 및 판매업을 주요 사업목적으로 1968년 6월 28일에 삼립식품공업주식회사로 설립되었습니다.당사는 1975년 4월 26일자로 한국거래소가 개설한 유가증권시장에 주식을 상장하였고, 1995년 1월 1일자로 상호를 주식회사 삼립지에프로, 1997년 3월 14일자로 주식회사 삼립식품으로 변경하고, 그후 2016년 10월 25일자로 주식회사 에스피씨삼립으로 재변경 하였습니다.당분기말 현재 당사의 자본금은 43,145백만원이며, 주주 구성은 다음과 같습니다.\n(단위: 천원)\n구 \xa0분\n주식수\n지분율(%)\n자본금\n(주)파리크라상\n3,508,240\n40.66\n17,541,200\n허영인\n800,000\n9.27\n4,000,000\n허진수\n1,007,560\n11.68\n5,037,800\n허희수\n1,030,680\n11.94\n5,153,400\n자기주식\n523,786\n6.07\n2,618,930\n기타\n1,758,743\n20.38\n8,793,715\n합 \xa0계\n8,629,009\n100.00\n43,145,045\n2. 재무제표 작성기준 및 유의적 회계정책(1) 분기재무제표 작성기준당사의 재무제표는 연차재무제표가 속하는 기간의 일부에 대하여 기업회계기준서 제1034호 \'중간재무보고\'를 적용하여 작성하는 요약중간재무제표이며, 기업회계기준 제1027호 \'별도재무제표\'에 따른 별도재무제표입니다. 동 요약중간재무제표에 대한 이해를 위해서는 한국채택국제회계기준에 따라 작성된 2018년 12월 31일자로 종료하는 회계연도에 대한 연차별도재무제표를 함께 이용하여야 합니다.중간재무제표의 작성에 적용된 중요한 회계정책은 아래에서 설명하는 기준서나 해석서의 도입과 관련된 영향을 제외하고는 2018년 12월 31일로 종료하는 회계연도에 대한 연차재무제표 작성시 채택한 회계정책과 동일합니다.1) 당분기에 새로 도입된 기준서 및 해석서와 그로 인한 회계정책의 변경내용은 다음과 같습니다.\n- 기업회계기준서 제1116호 리스(제정)당사는 2019년 1월 1일을 최초적용일로 하여 당분기부터 기업회계기준서 제1116호를 최초로 적용하였으며, 기업회계기준서 제1116호의 경과규정에 따라 최초적용 누적효과를 인식하지 않으면서, 비교표시되는 재무제표는 재작성하지 않는 방법(수정소급법)을 선택하였습니다.\n당사는 계약의 약정시점에 계약 자체가 리스인지, 계약이 리스를 포함하는지를 판단하며 최초 적용일에도 이 기준서에 따라 계약이 리스이거나 리스를 포함하고 있는지를 식별합니다. 다만 당사는 최초 적용일 이전 계약에 대해서는 최초 적용일에 계약이 리스인지 등에 대해 다시 판단하지 않는 실무적 간편법을 적용하였습니다.\n리스이용자는 기초자산을 사용할 권리를 나타내는 사용권자산과 리스료를 지급할 의무를 나타내는 리스부채를 인식해야 합니다. 다만 당사는 단기리스와 소액 기초자산리스에 대하여 리스이용자의 인식, 측정 및 표시규정을 적용하지 않는 예외규정을 선택하였습니다.\n변경된 리스의 정의는 주로 통제모형과 관련되어 있습니다. 동 기준서는 계약에서 대가와 교환하여 식별되는 자산의 사용 통제권을 일정 기간 이전하게 하는지 여부에 기초하여 계약이 리스를 포함하는지를 판단합니다. \n① 리스이용자의 회계처리\nㄱ. 제1017호하에서 운용리스로 회계처리 되었던 계약\n동 기준서의 적용으로 인해 기업회계기준서 제1017호에서 재무상태표에 계상되지 않았던 운용리스의 회계처리가 변경되며 동 기준서의 최초 적용일에 당사는 다음과 같이 회계처리합니다.\n·최초인식시점에 지급되지 않은 리스료의 현재가치 측정금액을 재무상태표에서 사용권자산과 리스부채로 인식\n·사용권자산의 감가상각비와 리스부채의 이자비용을 포괄손익계산서에 인식\nㄴ. 제1017호하에서의 금융리스로 회계처리 되었던 계약\n금융리스에서의 자산과 관련하여 동 기준서와 기업회계기준서 제1017호와의 주된 차이는 리스이용자가 리스제공자에게 제공하는 잔존가치보증의 측정에서 발생합니다. 동 기준서에서는 기업회계기준서 제1017호에서 요구되었던 최대보증액이 아니라 잔존가치보증에 따라 지급할 것으로 예상되는 금액을 리스부채의 측정치에 포함하여 인식합니다. 최초 적용일에 당사는 유형자산에 포함되어 있는 금융리스자산을 별도 항목인 사용권자산으로 구분하여 표시하였습니다.\n② 리스제공자의 회계처리\n리스제공자는 계속적으로 리스를 금융리스 또는 운용리스로 분류하고 두 유형의 리스를 다르게 회계처리합니다. 동 기준서에 따르면 중간리스제공자는 상위리스와 전대리스를 두 개의 별도 계약으로 회계처리하며, 전대리스를 상위리스에서 생기는 리스자산에 따라 금융리스 또는 운용리스로 분류합니다(기업회계기준서 제1017호에서는 기초자산에 따라 분류).\n- 기업회계기준서 제1109호 금융상품(개정)\n동 개정사항은 중도상환특성이 원금과 원금잔액에 대한 이자로만 구성된 계약상 현금흐름의 요건을 충족하는지 평가할 때 옵션을 행사하는 당사자가 조기상환의 원인과 관계없이 합리적인 보상을 지급하거나 수취할 수 있다는 점을 명확히 하고 있습니다. 달리 표현하면 부(-)의 보상을 수반하는 중도상환특성으로 인해 자동적으로 원금과 원금잔액에 대한 이자로만 구성된 계약상 현금흐름의 요건을 충족하지 못하는 것은 아닙니다. 동 개정사항이 당사의 재무제표에 미치는 중요한 영향은 없습니다. \n- 기업회계기준서 제1028호 관계기업과 공동기업에 대한 투자(개정)\n동 개정사항은 장기투자지분에 기업회계기준서 제1109호(손상규정 포함)를 적용하여야 한다는 점을 명확히 합니다. 또한 장기투자지분에 기업회계기준서 제1109호를 적용할 때, 기업회계기준서 제1028호에 따른 장부금액 조정사항(즉 기업회계기준서 제1028호에 따라 피투자기업의 손실을 배분하거나 손상평가함에 따라 발생하는 장기투자지분 장부금액의 조정)은 고려하지 않아야 합니다. 동 개정사항이 당사의 재무제표에 미치는 중요한 영향은 없습니다.\n- 한국채택국제회계기준 2015-2017 연차개선\n동 연차개선은 기업회계기준서 제1012호 \'법인세\', 기업회계기준서 제1023호 \'차입원가\', 기업회계기준서 제1103호 \'사업결합\' 및 기업회계기준서 제1111호 \'공동약정\'에 대한 일부 개정사항을 포함하고 있습니다.\n① 기업회계기준서 제1012호 법인세\n동 개정사항은 분배가능한 이익을 창출하는 거래를 최초에 어떻게 인식하였는지에 따라 배당의 세효과를 당기손익, 기타포괄손익 또는 자본으로 인식한다는 점을 명확히 하고 있습니다. \n② 기업회계기준서 제1023호 차입원가\n기업회계기준서 제1023호의 개정사항은 관련된 자산이 의도된 용도로 사용되거나 판매가능한 상태에 이른 이후에도 특정 차입금의 잔액이 존재하는 경우, 그 차입금은일반차입금의 자본화이자율을 계산할 때 일반차입금의 일부가 된다는 점을 명확히 하고 있습니다.\n③ 기업회계기준서 제1103호 사업결합\n제1103호에 대한 개정사항은 기업이 공동영업인 사업에 대한 지배력을 보유하게 되었을 때, 공동영업에 대한 이전보유지분을 공정가치로 재측정하는 것을 포함하여 단계적으로 이루어진 사업결합에 대한 요구사항을 적용해야 한다는 점을 명확히 하고 있습니다. 재측정 대상 이전보유지분은 공동영업과 관련하여 인식되지 않은 자산, 부채 및 영업권을 포함해야 합니다.\n④ 기업회계기준서 제1111호 공동약정\n기업회계기준서 제1111호에 대한 개정사항은 사업을 구성하는 공동영업에 참여는 하지만 공동지배력은 보유하고 있지 않던 당사자가 해당 공동영업에 대한 공동지배력을 보유하게 되는 경우 기업이 보유한 공동영업에 대한 이전보유지분을 재측정하지 않는다는 것을 명확히 하고 있습니다.\n상기 개정사항들이 당사의 재무제표에 미치는 중요한 영향은 없습니다.\n- 기업회계기준서 제1019호 종업원급여(개정)\n동 개정사항은 과거근무원가(또는 정산손익)를 결정할 때 갱신된 가정을 적용하여 제도의 개정(또는 축소 또는 정산) 전후에 제도와 사외적립자산에서 제공된 급여를 반영하여 순확정급여부채(자산)을 재측정하고, (확정급여제도가 초과적립상태에 있을 때 발생할 수 있는) 자산인식상한효과는 고려하지 않는다는 점을 명확히 하고 있습니다. 개정 후 동 기준서는 제도의 개정(또는 축소 또는 정산)으로 인해 발생할 수 있는 자산인식상한효과의 변동은 과거근무원가(또는 정산손익) 인식 후에 결정되며, 그 변동을 기타포괄손익으로 인식한다는 점을 명확히 하고 있습니다.\n또한 당기근무원가와 순확정급여부채(자산)의 순이자 측정과 관련된 문단이 개정되었습니다. 당사는 제도의 변경 후의 잔여 연차보고기간 동안에 해당하는 당기근무원가와 순이자를 결정하기 위해 재측정에 사용된 갱신된 가정을 사용해야 합니다. 순이자의 경우에 개정사항에서는 제도의 개정 이후 기간 동안의 순이자는 동 기준서 문단99에 따라 재측정된 순확정급여부채(자산)를 재측정할 때 사용한 할인율을 사용하여산정함을 명확히 합니다.\n동 개정사항은 동 기준서에 대한 이번 개정사항이 최초로 적용되는 회계연도 및 그 이후에 발생하는 제도의 개정, 축소 및 정산에만 전진적으로 적용됩니다. 동 개정사항이 당사의 재무제표에 미치는 중요한 영향은 없습니다.\n- 기업회계기준서 제1115호 고객과의 계약에서 생기는 수익(개정)\n동 개정사항은 \'원가 기준 투입법 적용 계약의 추가 공시\'와 관련하여 문단 한129.1에서 언급하는 \'계약\'의 의미를 \'개별 계약\'으로 개정함으로써 기업회계기준서 제1115호를 적용하더라도 공시범위가 축소되지 않도록 하는 것을 주요 내용으로 하고 있습니다. 또한 기업회계기준서 제1115호는 계약의 유형을 구분하지 않으므로, 종전의수익 기준서인 기업회계기준서 제1011호 문단 한45.1의 적용대상에 해당하지 않았던 용역계약도 기업회계기준서 제1115호 문단 한129.1의 적용대상에 해당할 수 있으며, 이에 따라 종전의 수익 기준서에 비해 문단 한129.1에 따른 공시대상 계약의 범위가 넓어질 수 있음을 명확히 하였습니다. 동 개정사항이 당사의 재무제표에 미치는 중요한 영향은 없습니다.\n- 기업회계기준해석서 제2123호 법인세 처리의 불확실성(제정)\n동 해석서는 법인세 처리에 불확실성이 있을 때 어떻게 회계처리하는지를 규정하고 있으며, 다음의 사항을 요구하고 있습니다.\n① 기업은 불확실한 법인세 처리 각각을 개별적으로 고려할지 아니면 하나 이상의 다른 불확실한 법인세 처리와 함께 고려할지를 판단하여야 합니다.\n② 기업은 법인세 신고에 사용하였거나 사용하려는 불확실한 법인세 처리를 과세당국이 수용할 가능성이 높은지를 판단하여 다음과 같이 세소득(세무상결손금), 세무기준액, 미사용 세무상결손금, 미사용 세액공제, 세율을 산정합니다.\n- 수용할 가능성이 높다면 법인세 신고에 사용하였거나 사용하려는 법인세 처리와 일관되게 산정합니다.\n- 수용할 가능성이 높지 않다면 불확실성의 영향을 반영하여 산정합니다.\n동 해석서가 당사의 재무제표에 미치는 중요한 영향은 없습니다.\n당분기부터 새로 도입된 기준서 및 해석서로 인한 회계정책 변경이 재무제표에 미치는 영향은 다음과 같습니다.\n<재무상태표> \n(단위: 백만원)\n구 \xa0분\n2019년 1월 1일\n변경전\n조정사항\n변경후\n유동자산\n179,416\n(121)\n179,295\n 기타유동자산\n3,230\n(121)\n3,109\n비유동자산\n414,745\n17,201\n431,946\n 유형자산\n309,924\n17,201\n327,125\n자산총계\n594,161\n17,080\n611,241\n유동부채\n277,212\n7,801\n285,013\n 기타금융부채\n5,053\n7,801\n12,854\n비유동부채\n24,598\n9,279\n33,877\n 기타금융부채\n-\n9,279\n9,279\n부채총계\n301,810\n17,080\n318,890\n자본총계\n292,351\n-\n292,351\n2) 제정, 공표되었으나 아직 시행일이 도래하지 않아 적용하지 아니한 한국채택국제회계기준은 없습니다.(2) 당사가 적용하는 회계정책 중 전기와 비교하여 리스와 관련된 회계정책이 당분기부터 유의적으로 변경되었으며, 리스와 관련된 당사의 회계정책은 다음과 같습니다.\n① \xa0 리스이용자\n당사는 계약의 약정시점에 계약 자체가 리스인지, 계약이 리스를 포함하는지를 판단합니다. 당사는 기초자산을 사용할 권리를 나타내는 사용권자산과 리스료를 지급할 의무를 나타내는 리스부채를 인식합니다. 다만 단기리스와 소액 기초자산리스의 경우 동 기준서의 예외규정을 선택할 수 있으며 당사는 이러한 리스에 대하여 다른 체계적인 기준이 리스이용자의 효익의 형태를 더 잘 나타내는 경우가 아니라면 정액 기준에 따라 비용으로 인식합니다.\n리스부채는 리스개시일 현재 지급되지 않은 리스료의 현재가치로 측정됩니다. 리스의 내재이자율을 쉽게 산정할 수 있는 경우에는 그 이자율로 리스료를 할인하며 그 이자율을 쉽게 산정할 수 없는 경우에는 리스이용자의 증분차입이자율을 사용합니다.\n리스개시일에 리스부채의 측정치에 포함되는 리스료는 다음 금액으로 구성됩니다.\n● \xa0고정리스료(실질적인 고정리스료를 포함하고 받을 리스 인센티브는 차감)\n● \xa0지수나 요율(이율)에 따라 달라지는 변동리스료. 처음에는 리스개시일의 지수나 요율(이율)을 사용하여 측정\n● \xa0잔존가치보증에 따라 리스이용자가 지급할 것으로 예상되는 금액\n● \xa0리스이용자가 매수선택권을 행사할 것이 상당히 확실한 경우에 그 매수선택권의 행사가격\n● \xa0리스기간이 리스이용자의 종료선택권 행사를 반영하는 경우에 그 리스를 종료하기 위하여 부담하는 금액\n당사는 리스부채를 재무상태표에서 기타금융부채로 표시하고 있습니다. \n당사는 리스개시일 후에 리스부채에 대한 이자를 반영하여 장부금액을 증액하거나 지급한 \xa0리스료를 반영하여 장부금액을 감액하여 리스부채를 측정합니다.\n당사 다음 중 어느 하나에 해당하는 경우에 리스부채를 재측정하고 관련된 사용권자산에 대해 상응하는 조정을 합니다.\n● \xa0리스기간에 변경이 있는 경우나 매수선택권의 행사에 대한 평가에 변동이 있는 경우, 수정 리스료를 수정 할인율로 할인하여 리스부채를 다시 측정합니다.\n● \xa0잔존가치보증에 따라 지급할 것으로 예상되는 금액에 변동이 있는 경우나 리스료를 산정할 때 사용한 지수나 요율(이율)의 변동으로 생기는 미래 리스료에 변동이 있는 경우, 수정 리스료를 최초 할인율로 할인하여 리스부채를 다시 측정합니다. 다만 리스료의 변동이 변동이자율의 변동으로 생긴 경우에는 그 이자율 변동을 반영하는 수정 할인율을 사용합니다.\n● \xa0별도 리스로 회계처리하지 않는 리스변경에 대하여 수정 리스료를 수정 할인율로 할인하여 리스부채를 다시 측정합니다.\n사용권자산은 리스부채의 최초 측정금액, 리스개시일이나 그 전에 지급한 리스료(받은 리스 인센티브는 차감), 리스이용자가 부담하는 리스개설직접원가로 구성되며, 후속적으로 원가에서 감가상각누계액과 손상차손누계액을 차감하여 측정합니다.\n리스조건에서 요구하는 대로 기초자산을 해체하고 제거하거나, 기초자산이 위치한 부지를 복구하거나, 기초자산 자체를 복구할 때 리스이용자가 부담하는 원가의 추정치(다만 그 원가가 재고자산을 생산하기 위해 부담하는 것이 아니어야 한다)는 사용권자산에 포함되며 기업회계기준서 제1037호 \'충당부채, 우발부채, 우발자산\'을 적용하여 인식하고 측정합니다.\n리스기간 종료시점 이전에 리스이용자에게 기초자산의 소유권을 이전하는 경우나 사용권자산의 원가에 리스이용자가 매수선택권을 행사할 것임이 반영되는 경우에, 리스이용자는 리스개시일부터 기초자산의 내용연수 종료시점까지 사용권자산을 감가상각합니다. 그 밖의 경우에는 리스이용자는 리스개시일부터 사용권자산의 내용연수종료일과 리스기간 종료일 중 이른 날까지 사용권자산을 감가상각합니다.\n당사는 사용권자산을 재무상태표에서 유형자산으로 표시합니다.\n당사는 사용권자산이 손상되었는지를 판단하고 식별되는 손상차손을 회계처리하기 위하여 기업회계기준서 제1036호 \'자산손상\'을 적용합니다.\n당사는 변동리스료(다만 지수나 요율(이율)에 따라 달라지는 변동리스료는 제외)는 사용권자산과 리스부채의 측정에 포함하지 않으며, 그러한 리스료는 변동리스료를 유발하는 사건 또는 조건이 생기는 기간에 당기손익으로 인식합니다.\n실무적 간편법으로 리스이용자는 비리스요소를 리스요소와 분리하지 않고, 각 리스요소와 이에 관련되는 비리스요소를 하나의 리스요소로 회계처리하는 방법을 기초자산의 유형별로 선택할 수 있으며, 당사는 이러한 실무적 간편법을 사용하지 않고 있습니다.\n② \xa0 리스제공자\n당사는 각 리스를 운용리스 또는 금융리스로 분류합니다. 기초자산의 소유에 따른 위험과 보상의 대부분을 이전하는 리스는 금융리스로 분류하며 기초자산의 소유에 따른 위험과 보상의 대부분을 이전하지 않는 리스는 운용리스로 분류합니다.\n당사가 중간리스제공자인 경우 당사는 상위리스와 전대리스를 두 개의 별도 계약으로 회계처리하고 있습니다. 당사는 기초자산이 아닌 상위리스에서 생기는 사용권자산에 따라 전대리스를 금융리스 또는 운용리스로 분류합니다.\n당사는 정액 기준이나 다른 체계적인 기준으로 운용리스의 리스료를 수익으로 인식합니다. 다른 체계적인 기준이 기초자산의 사용으로 생기는 효익이 감소되는 형태를 더 잘 나타낸다면 당사는 그 기준을 적용합니다.\n당사는 운용리스 체결과정에서 부담하는 리스개설직접원가를 기초자산의 장부금액에 더하고 리스료 수익과 같은 기준으로 리스기간에 걸쳐 비용으로 인식합니다.\n당사는 리스개시일에 금융리스에 따라 보유하는 자산을 재무상태표에 인식하고 그 자산을 리스순투자와 동일한 금액의 수취채권으로 표시하며 후속적으로 리스순투자 금액에 일정한 기간수익률을 반영하는 방식으로 리스기간에 걸쳐 금융수익을 인식합니다.\n하나의 리스요소와 하나 이상의 추가 리스요소나 비리스요소를 포함하는 계약에서 리스제공자는 기업회계기준서 제1115호를 적용하여 계약 대가를 배분합니다.\n3. 중요한 판단과 추정 불확실성의 주요원천\n중간재무제표를 작성함에 있어, 경영진은 회계정책 적용과 자산ㆍ부채 및 수익ㆍ비용에 영향을 미치는 판단, 추정 및 가정을 해야 합니다. 실제 결과는 이러한 추정치와다를 수 있습니다.중간재무제표 작성을 위해 당사 회계정책의 적용과 추정 불확실성의 주요원천에 대해 경영진이 내린 중요한 판단은 주석 2에서 설명하고 있는 기업회계기준서 제1116호 \'리스\'의 도입과 관련된 사항을 제외하고는, 2018년 12월 31일로 종료하는 회계연도에 대한 연차재무제표와 동일합니다.\n4. 매출채권및기타채권(1) 당분기말 및 전기말 현재 매출채권및기타채권의 내역은 다음과 같습니다.\n(단위: 천원)\n구 \xa0분\n당분기말\n전기말\n총 \xa0액\n대손충당금\n순 \xa0액\n총 \xa0액\n대손충당금\n순 \xa0액\n매출채권\n125,476,329\n(15,817,762)\n109,658,567\n127,337,119\n(15,889,562)\n111,447,557\n미수금\n1,637,426\n(465)\n1,636,961\n3,266,919\n(428)\n3,266,491\n합 \xa0계\n127,113,755\n(15,818,227)\n111,295,528\n130,604,038\n(15,889,990)\n114,714,048\n(2) 당분기 및 전분기 중 매출채권및기타채권의 대손충당금의 변동내역은 다음과 같습니다.\n(단위: 천원)\n구 \xa0분\n당분기\n전분기\n매출채권\n미수금\n매출채권\n미수금\n기초 금액\n15,889,562\n428\n15,177,205\n1,946\n대손상각비\n-\n37\n1,071\n-\n대손충당금환입액\n(71,800)\n-\n-\n(655)\n분기말 금액\n15,817,762\n465\n15,178,276\n1,291\n당사는 매출채권 등의 회수가능성을 판단하는 데 있어서 신용공여 개시일부터 보고기간 말까지의 매출채권에 대한 신용등급의 변화를 고려하고 있습니다. 거래처가 많고 상호 연관성이 없으므로 신용위험의 집중도는 제한적입니다.\n5. 기타포괄손익-공정가치측정금융자산\n당분기말 및 전기말 현재 기타포괄손익-공정가치측정금융자산의 내역은 다음과 같습니다.\n(단위: 천원)\n구 \xa0 분\n당분기말\n전기말\n지분증권\n시장성 있는 지분증권\n211\n186\n시장성 없는 지분증권\n1,143,002\n1,143,002\n합 \xa0계\n1,143,213\n1,143,188\n6. 상각후원가측정금융자산\n당분기말 및 전기말 현재 상각후원가측정금융자산의 내역은 다음과 같습니다.\n(단위: 천원)\n구 \xa0분\n당분기말\n전기말\n유 \xa0동\n비유동\n유 \xa0동\n비유동\n국공채\n-\n16,667\n-\n16,667\n7. 종속기업투자\n(1) 당분기말 및 전기말 현재 종속기업투자의 세부내역은 다음과 같습니다.\n(단위: 천원)\n종속기업명\n주요영업활동\n법인설립 및영업소재지\n결산월\n당분기말\n전기말\n지분율(%)\n취득원가\n장부금액\n지분율(%)\n취득원가\n장부금액\n(주)샌드스마일\n샌드위치 생산 및 판매\n대한민국\n12월\n99.00\n49,500\n-\n99.00\n49,500\n-\n(주)비엔에스\n위생용품 제조 및 판매\n대한민국\n12월\n54.05\n775,000\n-\n54.05\n775,000\n-\n(주)SPCGFS\n식자재유통업\n대한민국\n12월\n100.00\n19,061,108\n19,061,108\n100.00\n19,061,108\n19,061,108\n합 \xa0계\n19,885,608\n19,061,108\n19,885,608\n19,061,108\n(2) 당분기말 현재 각 종속기업의 요약 재무상태는 아래와 같습니다.\n(단위: 천원)\n구 \xa0분\n(주)샌드스마일\n(주)비엔에스\n(주)SPCGFS\n상해SPC무역유한공사(주1)\n유동자산\n-\n191,084\n159,777,293\n9,328,225\n비유동자산\n-\n318\n45,374,516\n268,022\n자산 계\n-\n191,402\n205,151,809\n9,596,247\n유동부채\n199,041\n381,688\n137,974,327\n8,713,182\n비유동부채\n-\n46,275\n24,915,516\n2,176\n부채 계\n199,041\n427,963\n162,889,843\n8,715,358\n자본 계\n(199,041)\n(236,561)\n42,261,966\n880,889\n(주1) 상해SPC무역유한공사는 (주)SPCGFS의 종속회사입니다.\n(3) 당분기 중 주요 종속기업의 요약 경영성과는 다음과 같습니다.\n(단위: 천원)\n구 \xa0분\n(주)비엔에스\n(주)SPCGFS\n상해SPC무역유한공사(주1)\n매출액\n349,694\n329,056,007\n16,089,632\n영업이익\n13,922\n1,295,778\n52,701\n분기순이익\n13,942\n980,383\n58,919\n분기기타포괄이익(손실)\n-\n(22,016)\n65,743\n분기총포괄이익\n13,942\n958,367\n124,662\n(주1) 상해SPC무역유한공사는 (주)SPCGFS의 종속회사입니다.(4) 당분기말 및 전기말 현재 공시되는 시장가격이 존재하는 종속기업투자는 없습니다.\n8. 기타금융자산당분기말 및 전기말 현재 기타금융자산의 내역은 다음과 같습니다.\n(단위: 천원)\n구 \xa0분\n당분기말\n전기말\n상각후원가로 측정된 금융자산\n유동자산\n\u3000\n 단기대여금\n10,000\n25,000\n 보증금\n-\n170,585\n 파생상품자산\n13,350\n400\n소 \xa0계\n23,350\n195,985\n비유동자산\n\u3000\n 장기금융상품\n14,000,000\n14,000,000\n 보증금\n15,188,208\n 15,838,826\n 파생상품자산\n488,990\n-\n소 \xa0계\n29,677,198\n29,838,826\n합 \xa0계\n29,700,548\n30,034,811\n9. 기타자산당분기말 및 전기말 현재 기타자산의 내역은 다음과 같습니다.\n(단위: 천원)\n구 \xa0분\n당분기말\n전기말\n유동자산\n 선급금\n2,575,589\n2,619,477\n 선급비용\n925,647\n610,656\n합 \xa0계\n3,501,236\n3,230,133\n10. 재고자산당분기말 및 전기말 현재 재고자산의 내역은 다음과 같습니다. \n(단위: 천원)\n구 \xa0분\n당분기말\n전기말\n취득원가\n평가손실충당금\n장부금액\n취득원가\n평가손실충당금\n장부금액\n상품\n6,314,061\n(208,385)\n6,105,676\n4,772,050\n(334,935)\n4,437,115\n제품\n2,032,217\n(217,701)\n1,814,516\n2,441,507\n(332,819)\n2,108,688\n재공품\n7,007,157\n-\n7,007,157\n7,860,076\n-\n7,860,076\n원재료\n22,524,527\n(300)\n22,524,227\n23,471,594\n(917)\n23,470,677\n저장품\n488,712\n-\n488,712\n434,227\n-\n434,227\n미착품\n12,080,900\n-\n12,080,900\n18,876,438\n-\n18,876,438\n합 \xa0계\n50,447,574\n(426,386)\n50,021,188\n57,855,892\n(668,671)\n57,187,221\n당분기 중 비용으로 인식한 재고자산 원가에는 각 재고자산을 순실현가능가치로 감액한 평가손실은 없으며, 재고자산 평가손실 환입액은 242,285천원이 포함되어 있습니다. 한편, 재고자산 중 12개월 이후에 회수될 것으로 예상되는 금액은 없습니다.\r\n11. 유형자산(1) 당분기말 및 전기말 현재 유형자산 장부금액의 구성내역은 다음과 같습니다.<당분기말>\n(단위: 천원)\n구 \xa0분\n취득원가\n감가상각누계액\n손상차손누계액\n정부보조금\n장부금액\n토지\n25,020,992\n-\n-\n-\n25,020,992\n건물\n110,022,375\n(29,837,387)\n-\n-\n80,184,988\n구축물\n73,525,794\n(32,435,890)\n-\n-\n41,089,904\n기계장치\n252,354,644\n(129,822,776)\n(272,773)\n(282,749)\n121,976,346\n차량운반구\n112,959\n(93,128)\n-\n(19,784)\n47\n공기구비품\n140,272,383\n(104,882,349)\n-\n-\n35,390,034\n연구장비\n3,230,817\n(2,920,501)\n-\n-\n310,316\n건설중인자산\n15,568,791\n-\n-\n-\n15,568,791\n사용권자산(부동산)\n16,579,316\n(2,209,708)\n-\n-\n14,369,608\n사용권자산(차량)\n887,081\n(99,630)\n-\n-\n787,451\n합 \xa0계\n637,575,152\n(302,301,369)\n(272,773)\n(302,533)\n334,698,477\n<전기말>\n(단위: 천원)\n구 \xa0분\n취득원가\n감가상각누계액\n손상차손누계액\n정부보조금\n장부금액\n토지\n24,258,265\n-\n-\n-\n24,258,265\n건물\n103,273,410\n(26,581,384)\n-\n-\n76,692,026\n구축물\n73,474,934\n(31,664,232)\n-\n-\n41,810,702\n기계장치\n248,968,804\n(126,155,821)\n(272,773)\n(287,681)\n122,252,529\n차량운반구\n112,959\n(92,254)\n-\n(20,657)\n48\n공기구비품\n138,181,528\n(102,217,694)\n-\n-\n35,963,834\n연구장비\n3,182,527\n(2,748,829)\n-\n-\n433,698\n건설중인자산\n8,512,939\n-\n-\n-\n8,512,939\n합 \xa0계\n599,965,366\n(289,460,214)\n(272,773)\n(308,338)\n309,924,041\n(2) 당분기 및 전분기 중 유형자산 장부금액의 변동내역은 다음과 같습니다.\n<당분기>\n(단위: 천원)\n구 \xa0분\n기 \xa0초\n회계정책의변경(주1)\n취 \xa0득\n처 \xa0분\n감가상각비\n대체(주2)\n분기말\n토지\n24,258,265\n-\n-\n-\n-\n762,727\n25,020,992\n건물\n76,692,026\n-\n-\n-\n(576,707)\n4,069,669\n80,184,988\n구축물\n41,810,702\n-\n50,860\n-\n(771,658)\n-\n41,089,904\n기계장치\n122,252,529\n-\n2,283,770\n-\n(3,662,023)\n1,102,070\n121,976,346\n차량운반구\n48\n-\n-\n-\n(1)\n-\n47\n공기구비품\n35,963,834\n-\n1,508,714\n(2,660)\n(2,727,437)\n647,583\n35,390,034\n연구장비\n433,698\n-\n-\n-\n(171,672)\n48,290\n310,316\n건설중인자산\n8,512,939\n-\n8,856,954\n-\n-\n(1,801,102)\n15,568,791\n사용권자산(부동산)\n-\n16,498,384\n94,031\n(9,173)\n(2,213,634)\n-\n14,369,608\n사용권자산(차량)\n-\n702,458\n271,018\n(77,429)\n(108,596)\n-\n787,451\n합 \xa0계\n309,924,041\n17,200,842\n13,065,347\n(89,262)\n(10,231,728)\n4,829,237\n334,698,477\n(주1)\n당사는 2019년 1월 1일을 기준으로 \'기업회계기준서 제1116호 리스\' 를 최초적용 시, 기초이익잉여금을 수정하지 않는 수정소급법을 선택하여 비교표시되는 재무제표를 재작성하지 않았습니다. \n(주2)\n당분기 중 토지와 건물은 투자부동산에서 762,727천원 및 4,069,669천원이 대체되었고, 기계장치 1,102,070천원, 공기구비품 647,583천원, 연구장비 48,290천원은 건설중인자산으로부터 대체되었습니다.\n<전분기>\n(단위: 천원)\n구 \xa0분\n기 \xa0초\n취 \xa0득\n처 \xa0분\n감가상각비\n대체(주1)\n분기말\n토지\n12,104,804\n-\n-\n-\n289,198\n12,394,002\n건물\n28,415,561\n-\n(30,027)\n(222,119)\n1,032,358\n29,195,773\n구축물\n34,765,256\n177,541\n-\n(579,308)\n38,550\n34,402,039\n기계장치\n46,990,529\n642,430\n(28,906)\n(1,445,307)\n101,490\n46,260,236\n차량운반구\n2\n-\n-\n-\n-\n2\n공기구비품\n34,156,308\n2,523,066\n(87,744)\n(2,707,108)\n111,240\n33,995,762\n건설중인자산\n1,766,713\n803,439\n-\n-\n(706,452)\n1,863,700\n합 \xa0계\n158,199,173\n4,146,476\n(146,677)\n(4,953,842)\n866,384\n158,111,514\n(주1)\n전분기 중 토지와 건물은 투자부동산에서 289,198천원 및 1,032,358천원이 대체되었고, 구축물 38,550천원, 기계장치 101,490천원, 공기구비품 111,240천원은 건설중인자산으로부터 대체되었습니다.\n(3) 당분기말 현재 당사는 건물, 구축물 및 기계장치 등에 대해 재산종합보험 및 화재보험 등(총 부보금액 763,547,090천원)에 가입하고 있습니다.\n12. 투자부동산(1) 당분기말 및 전기말 현재 투자부동산 장부금액의 구성내역은 다음과 같습니다.<당분기말>\n(단위: 천원)\n구 \xa0분\n취득원가\n감가상각누계액\n장부금액\n토지\n14,974,070\n-\n14,974,070\n건물\n19,782,402\n(5,092,803)\n14,689,599\n합 \xa0계\n34,756,472\n(5,092,803)\n29,663,669\n<전기말>\n(단위: 천원)\n구 \xa0분\n취득원가\n감가상각누계액\n장부금액\n토지\n15,736,796\n-\n15,736,796\n건물\n26,531,366\n(7,673,242)\n18,858,124\n합 \xa0계\n42,268,162\n(7,673,242)\n34,594,920\n(2) 당분기 및 전분기 중 투자부동산 장부금액의 변동내역은 다음과 같습니다.\n<당분기>\n(단위: 천원)\n구 \xa0분\n기 \xa0초\n취 \xa0득\n감가상각비\n대 \xa0체(주1)\n분기말\n토지\n15,736,796\n-\n-\n(762,726)\n14,974,070\n건물\n18,858,124\n-\n(98,856)\n(4,069,669)\n14,689,599\n합 \xa0계\n34,594,920\n-\n(98,856)\n(4,832,395)\n29,663,669\n(주1)\n당분기 중 토지 및 건물의 대체는 유형자산으로 대체되었습니다.\n<전분기> \n(단위: 천원)\n구 \xa0분\n기 \xa0초\n취 \xa0득\n감가상각비\n대 \xa0체(주1)\n분기말\n토지\n21,240,341\n-\n-\n(289,198)\n20,951,143\n건물\n38,995,208\n-\n(243,124)\n(1,032,358)\n37,719,726\n합 \xa0계\n60,235,549\n-\n(243,124)\n(1,321,556)\n58,670,869\n(주1)\n전분기 중 토지 및 건물의 대체는 유형자산으로 대체되었습니다.\n(3) 당분기 및 전분기 중 투자부동산에서 발생한 손익의 내역은 다음과 같습니다. \n(단위: 천원)\n구 \xa0분\n당분기\n전분기\n임대수익\n1,123,147\n1,494,727\n운영비용(주1)\n(280,668)\n(279,630)\n합 \xa0계\n842,479\n1,215,097\n(주1)\n당분기 및 전분기 중 당사의 투자부동산 관련 운영비용에는 투자부동산에서 발생한 감가상각비는 제외되어 있습니다.\n(4) 당분기말 및 전기말 현재 투자부동산의 공정가치는 다음과 같습니다.\n(단위: 천원)\n구 \xa0분\n당분기말\n전기말\n장부금액\n공정가치\n장부금액\n공정가치\n토지\n14,974,070\n30,691,777\n15,736,796\n31,454,503\n건물\n14,689,599\n10,497,434\n18,858,124\n14,665,959\n합 \xa0계\n29,663,669\n41,189,211\n34,594,920\n46,120,462\n(5) 투자부동산의 공정가치는 가치평가기법에 사용된 투입변수에 기초하여 수준 3으로 분류하고 있습니다. 공정가치 측정에 사용된 가치평가기법은 시장거래사례법, 원가접근법이며, 원가접근법 적용시 건물 구조, 설계 등과 부대설비 현황 및 감가상각 기간을 고려하여 산정한 재조달원가로 공정가치를 측정합니다.\n13. 무형자산\n당분기 및 전분기 중 무형자산 장부금액의 변동내역은 다음과 같습니다.<당분기>\n(단위: 천원)\n구 \xa0분\n기 \xa0초\n취 \xa0득\n상 \xa0각\n처 \xa0분\n대체(주1)\n분기말\n영업권\n7,683,722\n-\n-\n-\n-\n7,683,722\n임차권리금\n111,813\n-\n(6,700)\n-\n-\n105,113\n산업재산권\n294,233\n15,171\n(21,223)\n-\n3,159\n291,340\n시설물이용권\n869,992\n2,903,391\n-\n-\n-\n3,773,383\n기타의무형자산\n3,225,960\n65,250\n(261,463)\n-\n-\n3,029,747\n합 \xa0계\n12,185,720\n2,983,812\n(289,386)\n-\n3,159\n14,883,305\n(주1)\n산업재산권은 유형자산의 건설중인자산으로부터 3,159천원이 대체되었습니다. \n<전분기>\n(단위: 천원)\n구 \xa0분\n기 \xa0초\n취 \xa0득\n상 \xa0각\n처 \xa0분\n대체(주1)\n분기말\n임차권리금\n12,615\n-\n(700)\n-\n-\n11,915\n산업재산권\n142,717\n5,794\n(11,933)\n-\n9,425\n146,003\n시설물이용권\n798,530\n-\n-\n-\n-\n798,530\n기타의무형자산\n1,225,100\n128,812\n(162,494)\n(125)\n445,747\n1,637,040\n합 \xa0계\n2,178,962\n134,606\n(175,127)\n(125)\n455,172\n2,593,488\n(주2)\n산업재산권과 기타의무형자산은 유형자산의 건설중인자산으로부터 각각 9,425천원, 445,747천원이 대체되었습니다. \n14. 매입채무및기타채무당분기말 및 전기말 현재 매입채무및기타채무의 내역은 다음과 같습니다.\n(단위: 천원)\n구 \xa0분\n당분기말\n전기말\n매입채무\n63,612,235\n74,900,086\n미지급금\n7,196,415\n8,875,518\n미지급배당금\n5,364,232\n-\n미지급비용\n32,930,361\n36,861,807\n합 \xa0계\n109,103,243\n120,637,411\n당사의 재화구입에 대한 평균지급기일은 약 35일이며, 모든 채무를 지급기일내에 결제하는 재무위험관리정책을 가지고 있습니다.\n15. 사채 및 차입금(1) 당분기말 및 전기말 현재 사채 및 차입금의 구성내역은 다음과 같습니다.\n(단위: 천원)\n구 \xa0분\n당분기말\n전기말\n유 \xa0동\n비유동\n유 \xa0동\n비유동\n단기차입금\n68,800,000\n-\n92,516,844\n-\n장기차입금\n30,000,000\n34,900,000\n42,000,000\n22,900,000\n외화사채\n-\n30,480,524\n-\n-\n합 \xa0계\n98,800,000\n65,380,524\n134,516,844\n22,900,000\n(2) 당분기말 및 전기말 현재 단기차입금의 내역은 다음과 같습니다.\n(단위: 천원)\n구 \xa0분\n차입처\n당분기말이자율(%)\n당분기말\n전기말\n원화자금대출\n한국씨티은행\n2.35 ~ 2.55\n18,100,000\n15,600,000\n우리은행\n-\n-\n41,292,218\n신한은행\n2.55\n30,700,000\n15,000,000\n산업은행\n-\n-\n10,000,000\n한국수출입은행\n2.20 ~ 2.22\n20,000,000\n7,000,000\nKEB하나은행\n-\n-\n3,624,626\n합 \xa0계\n68,800,000\n92,516,844\n(3) 당분기말 및 전기말 현재 장기차입금의 내역은 다음과 같습니다.\n(단위: 천원)\n구 \xa0분\n차입처\n당분기말이자율(%)\n만 \xa0기\n당분기말\n전기말\n유 \xa0동\n비유동\n유 \xa0동\n비유동\n원화자금대출\n산업은행\n2.58\n2021-01-20\n-\n12,000,000\n12,000,000\n-\n2.62\n2020-11-09\n-\n20,000,000\n-\n20,000,000\n농협은행\n1.77\n2020-06-11\n-\n2,900,000\n-\n2,900,000\n중국농업은행\n2.88~2.98\n2019-11-28\n30,000,000\n-\n30,000,000\n-\n합 \xa0계\n30,000,000\n34,900,000\n42,000,000\n22,900,000\n(4) 당분기말 현재 사채의 내역은 다음과 같습니다.\n(단위: 천원)\n구 \xa0분\n만기일\n당분기말 이자율(%)\n당분기말\n전기말\n외화변동금리부사모사채\n2021-01-25\nUSD LIBOR 3M+1.20%\n30,480,524\n-\n16. 파생상품(1) 당분기말과 전기말 현재 당사가 보유 중인 파생상품의 내역은 다음과 같습니다.\n구 \xa0분\n파생상품종류\n계약내용\n당분기말\n전기말\n외화변동금리부사모사채\n통화스왑 및이자율스왑\n거래처: SMBC계약기간 : 2019.01.25 ~ 2021.01.25계약내용 : - 거래금액 미화 26,789천달러와 원화 300억- 약정환율 KRW 1,119.86과 USD1- USD LIBOR 3M+1.20%(수취)과 \xa0고정금리 2.61%(지급)\n-\n원맥\n통화선도\n중개 : 신한은행계약기간 : 2019.03.21 ~ 2019.04.22계약내용 :- 거래금액 USD 1,000천불과 1,124,450천원 - 약정환율 KRW 1,124.45과 USD1\n중개 : KEB하나은행계약기간 : 2018.12.28 ~ 2019.01.02계약금액 : USD 4,000천불 과 4,472,000 천원 약정환율 KRW 1,118.00과 USD1\n(2) 당분기 중 파생상품의 평가손익 변동 내역은 다음과 같습니다.\n(단위: 천원)\n구 \xa0분\n내 \xa0역\n기초\n평가이익\n평가손실\n정산\n당분기말\n통화스왑\n통화스왑(자산)\n-\n488,990\n-\n-\n488,990\n통화선도\n통화선도(자산)\n400\n13,350\n-\n(400)\n13,350\n합 \xa0계\n400\n502,340\n-\n(400)\n502,340\n17. 기타금융부채당분기말 및 전기말 현재 기타금융부채의 내역은 다음과 같습니다.\n(단위: 천원)\n구 \xa0분\n당분기말\n전기말\n유 \xa0동\n비유동\n유 \xa0동\n비유동\n예수보증금\n5,359,087\n-\n5,052,587\n-\n리스부채\n6,894,490\n8,259,170\n-\n-\n합 \xa0계\n12,253,577\n8,259,170\n5,052,587\n-\n18. 리스부채(1) 당분기말 현재 리스부채의 내역은 다음과 같습니다.\n(단위: 천원)\n구 \xa0분\n당분기말\n최소리스료\n현재가치\n1년 이내\n7,130,108\n6,894,490\n1년 초과\n8,470,995\n8,259,170\n합 \xa0계\n15,601,103\n15,153,660\n(2) 당분기 중 손익으로 인식된 금액은 다음과 같습니다.\n(단위: 천원)\n구 \xa0분\n금 \xa0액\n사용권자산 감가상각비\n2,322,230\n리스부채 이자비용\n83,443\n소액자산리스 관련 비용\n161,433\n변동리스료 관련 비용\n430,429\n19. 순확정급여부채\n당사는 자격요건을 갖춘 종업원들을 위하여 확정급여형퇴직급여제도를 운영하고 있습니다. \n가장 최근의 사외적립자산과 확정급여채무의 보험수리적 평가는 삼성증권(주)에 의하여 2018년 12월 31일 기준으로 수행되었습니다. 확정급여채무의 현재가치, 관련 당기근무원가 및 과거근무원가는 예측단위적립방식을 사용하여 측정되었습니다.\n(1) 당분기말 및 전기말 현재 확정급여형 퇴직급여제도와 관련하여 당사의 의무로 인하여 발생하는 재무상태표상 구성항목은 다음과 같습니다.\n(단위: 천원)\n구 \xa0분\n당분기말\n전기말\n기금이 적립된 제도에서 발생한 확정급여채무의 현재가치\n44,639,851\n43,001,639\n사외적립자산의 공정가치\n(42,022,573)\n(41,832,942)\n순확정급여부채\n2,617,278\n1,168,697\n(2) 당분기 및 전분기의 순확정급여부채(자산)의 변동내용은 다음과 같습니다.<당분기>\n(단위: 천원)\n구 \xa0분\n확정급여채무현재가치\n사외적립자산\n합 \xa0계\n기초\n43,001,639\n(41,832,942)\n1,168,697\n당기 손익\n 당기근무원가\n2,240,137\n-\n2,240,137\n 이자비용(이자수익)\n257,860\n(290,406)\n(32,546)\n소 \xa0계\n2,497,997\n(290,406)\n2,207,591\n재측정요소\n 사외적립자산의 수익(위의 이자에 포함된 금액 제외)\n-\n66,040\n66,040\n기여금\n 기업이 납부한 기여금\n-\n(3,300)\n(3,300)\n제도에서 지급한 금액\n 지급액\n(867,942)\n1,008,266\n140,324\n관계회사 전(출)입\n8,157\n(970,231)\n(962,074)\n당분기말 \n44,639,851\n(42,022,573)\n2,617,278\n<전분기>\n(단위: 천원)\n구 \xa0분\n확정급여채무현재가치\n사외적립자산\n합 \xa0계\n기초\n31,111,997\n(31,280,761)\n(168,764)\n당기 손익\n 당기근무원가\n1,348,911\n-\n1,348,911\n 이자비용(이자수익)\n220,141\n(221,407)\n(1,266)\n소 \xa0계\n1,569,052\n(221,407)\n1,347,645\n재측정요소\n 사외적립자산의 수익(위의 이자에 포함된 금액 제외)\n-\n64,614\n64,614\n기여금\n 기업이 납부한 기여금\n-\n-\n-\n제도에서 지급한 금액\n 지급액\n(659,629)\n574,822\n(84,807)\n관계회사 전(출)입\n(125,709)\n21,426\n(104,283)\n전분기말 \n31,895,711\n(30,841,306)\n1,054,405\n(3) 당분기말 및 전기말 현재 사외적립자산의 공정가치의 구성요소는 다음과 같습니다.\n(단위: 천원)\n구 \xa0분\n당분기말\n전기말\n원리금 보장형 상품\n42,007,753\n41,818,122\n기타\n14,820\n14,820\n합 \xa0계\n42,022,573\n41,832,942\n(4) 당분기말 및 전기말 현재 보험수리적평가를 위하여 사용된 주요 추정은 다음과 같습니다.\n(단위: %)\n구 \xa0분\n당분기말\n전기말\n할인률\n2.95\n2.95\n기대임금상승률\n3.00\n3.00\n20. 기타부채당분기말 및 전기말 현재 기타부채의 내역은 다음과 같습니다.\n(단위: 천원)\n구 \xa0분\n당분기말\n전기말\n유동부채\n 선수금\n5,597,592\n1,768,653\n 선수수익\n-\n13,970\n 예수금\n1,039,748\n996,147\n 부가세예수금\n5,308,683\n7,476,201\n 기타충당성부채(주1)\n1,444,459\n1,448,692\n소 \xa0계\n13,390,482\n11,703,663\n비유동부채\n 장기종업원급여부채\n709,448\n529,448\n합 \xa0계\n14,099,930\n12,233,111\n(주1) 전기부터 기업회계기준서 제1115호 \'고객과의 계약에서 생기는 수익\'을 최초로 적용하였으며, 최초적용 누적효과를 최초 적용일인 2018년 1월 1일에 인식하도록소급적용하는 방법을 선택하였습니다. 기업회계기준서 제1115호 계약부채는 주석 21에서 구분하여 표시하고 있습니다.21. 계약부채당분기말 및 전기말 현재 계약부채의 구성내역은 다음과 같습니다.\n(단위: 천원)\n구 \xa0분\n당분기말\n전기말\n계약부채- 매출 할인(주1)\n1,176,195\n1,022,692\n계약부채- 환불(주2)\n 268,264\n426,000\n합 \xa0 계\n1,444,459\n1,448,692\n(주1)\n고객에게 판매후 지급될 장려금으로 보고기간말 시점 합리적인 예측으로 추정하였습니다.\n(주2)\n구매 후 7일동안 반품할 수 있는 고객의 권리와 관련하여 고객이 반품할 것으로 추정된 금액이며, 동 환불부채에 상응하여 수익인식금액이 조정됩니다.\n22. 자본금당분기말 및 전기말 현재 자본금의 구성내역은 다음과 같습니다.\n(단위: 천원)\n구 \xa0분\n수권주식수\n발행주식수\n액면가액\n당분기말\n전기말\n보통주\n20,000,000주\n8,629,009주\n5,000원\n43,145,045\n43,145,045\n23. 기타불입자본\n(1) 당분기말 및 전기말 현재 기타불입자본의 구성내역은 다음과 같습니다.\n(단위: 천원)\n구 \xa0분\n당분기말\n전기말\n주식발행초과금(주1)\n6,677,288\n6,677,288\n감자차익(주2)\n5,741,950\n5,741,950\n자기주식처분이익(주2)\n77,000\n77,000\n자본준비금(주1)\n19,349\n19,349\n자기주식\n(50,431,627)\n(50,431,627)\n기타(주3)\n13,135,574\n13,135,574\n합 \xa0계\n(24,780,466)\n(24,780,466)\n(주1)\n주식발행초과금 및 자본준비금은 자본전입 및 결손보전에만 사용가능합니다.\n(주2)\n감자차익 및 자기주식처분이익은 결손보전에만 사용가능합니다.\n(주3)\n당사는 전기 중 \xa0종속회사인 (주)밀다원, (주)그릭슈바인, (주)에그팜을 흡수합병하면서, 연결재무제표상 최초 동일지배하의 사업결합시 계상된 기타불입자본 13,135,574천원을 승계하였습니다.\n(2) 당분기말 및 전기말 현재 자기주식의 내역은 다음과 같습니다.\n(단위: 주, 천원)\n구 \xa0분\n당분기말\n전기말\n주식수\n장부금액\n주식수\n장부금액\n자기주식\n523,786\n50,431,627\n523,786\n50,431,627\n24. 기타자본구성요소(1) 당분기말 및 전기말 현재 기타자본구성요소의 구성내역은 다음과 같습니다.\n(단위: 천원)\n구 \xa0분\n당분기말\n전기말\n기타포괄손익-공정가치측정금융자산평가손실\n(56)\n(75)\n(2) 당분기 및 전분기 중 기타포괄손익-공정가치측정금융자산평가손익의 변동내역은 다음과 같습니다.\n(단위: 천원)\n구 \xa0분\n당분기\n전분기\n기초 금액\n(75)\n(19)\n기타포괄손익-공정가치측정금융자산의 재평가로 인한 순평가차익\n25\n(35)\n기타포괄손익-공정가치측정금융자산의 순평가차익 관련 법인세효과\n(6)\n9\n분기말 금액\n(56)\n(45)\n25. 이익잉여금과 배당금(1) 당분기말 및 전기말 현재 이익잉여금의 구성내역은 다음과 같습니다.\n(단위: 천원)\n구 \xa0분\n당분기말\n전기말\n이익준비금(주1)\n5,930,095\n5,393,671\n임의적립금(주2)\n70,000,000\n67,000,000\n미처분이익잉여금(주3)\n197,265,718\n201,592,397\n합 \xa0계\n273,195,813\n273,986,068\n(주1)\n상법에 따라 납입자본의 50%에 달할 때까지 매 결산기마다 금전에 의한 이익배당액의 10% 이상을 이익준비금으로 적립하고 있습니다. 동 이익준비금은 자본전입 또는 결손보전을 위해서만 사용될 수 있습니다.\n(주2)\n보고기간종료일 현재 임의적립금은 정기주주총회의 결의에 의하여 처분된 임의적립금입니다.\n(주3)\n미처분이익잉여금 중 52,849,796천원은 과거 자산재평가법에 의한 자산재평가에서 발생한 재평가차익으로, 당사는 동 재평가차익을 미처분이익잉여금으로 계상하고 있습니다. 동 재평가차익은 현금배당의 재원으로 사용될 수 없으며, 자본전입 또는 결손보전을 위해서만 사용될 수 있습니다. 한편, 당사는 전기 중 \xa0종속회사인 (주)밀다원, (주)그릭슈바인, (주)에그팜을 흡수합병하면서, 이익잉여금 65,643,692천원을 피합병 종속회사들로부터 승계하였습니다.\n(2) 당분기 및 전분기 중 배당금 지급내역은 다음과 같습니다.<당분기>\n(단위: 천원)\n주식의 종류\n총발행주식수\n자기주식수\n배당주식수\n주당 배당금\n배당금 합계\n보통주\n8,629,009주\n523,786주\n8,105,223주\n대주주 \xa0 \xa0567원소액주주 1,004원\r\n5,364,232\n<전분기>\n(단위: 천원)\n주식의 종류\n총발행주식수\n자기주식수\n배당주식수\n주당 배당금\n배당금 합계\n보통주\n8,629,009주\n523,786주\n8,105,223주\n대주주 540원소액주주 956원\n5,134,104\n(3) 당분기 및 전분기 중 이익잉여금의 변동내역은 다음과 같습니다.\n(단위: 천원)\n구 \xa0분\n당분기\n전분기\n기초 금액\n273,986,068\n186,115,803\n회계정책의 변경\n-\n(1,414,869)\n배당금 지급\n(5,364,232)\n(5,134,104)\n분기순이익\n4,624,035\n4,273,536\n확정급여제도의 재측정요소\n(50,058)\n(48,977)\n분기말 금액\n273,195,813\n183,791,389\n26. 매출\n당분기 및 전분기 중 당사의 매출내역은 다음과 같습니다.\n(단위: 천원)\n구 \xa0분\n당분기\n전분기\n재화판매매출\n259,166,979\n232,023,126\n기타매출\n1,143,414\n4,184,829\n합 \xa0계\n260,310,393\n236,207,955\n27. 판매비 및 관리비(1) 당분기 및 전분기 중 판매비의 내역은 다음과 같습니다.\n(단위: 천원)\n구 \xa0분\n당분기\n전분기\n급여\n8,086,447\n6,006,828\n퇴직급여\n581,382\n452,438\n임차료\n423,605\n2,015,080\n광고선전비\n2,433,627\n2,916,471\n운반비\n10,271,436\n117,938\n판매수수료\n1,778,343\n1,450,530\n지급수수료\n7,699,098\n18,760,315\n판매촉진비\n37,160\n13,234\n반품폐기손실\n2,779,925\n2,723,663\n기타\n3,508,826\n2,675,021\n합 \xa0계\n37,599,849\n37,131,518\n(2) 당분기 및 전분기 중 관리비의 내역은 다음과 같습니다.\n(단위: 천원)\n구 \xa0분\n당분기\n전분기\n급여\n2,988,633\n1,912,742\n퇴직급여\n206,218\n110,499\n복리후생비\n583,991\n378,639\n수도광열비\n329,698\n204,224\n임차료\n220,127\n805,014\n감가상각비\n4,046,159\n1,792,959\n무형자산상각비\n228,405\n175,127\n지급수수료\n1,484,413\n1,550,819\n용역수수료\n3,917,943\n3,796,878\n기타\n3,014,320\n1,234,680\n합 \xa0계\n17,019,907\n11,961,581\n28. 금융이익당분기 및 전분기 중 금융이익의 내역은 다음과 같습니다.\n(단위: 천원)\n구 \xa0분\n당분기\n전분기\n이자수익: \n 현금및현금성자산\n6,336\n561\n 매출채권및기타채권\n25,292\n25,332\n소 \xa0계\n31,628\n25,893\n파생상품평가이익\n502,340\n-\n합 \xa0계\n533,968\n25,893\n29. 금융원가당분기 및 전분기 중 금융원가의 내역은 다음과 같습니다.\n(단위: 천원)\n구 \xa0분\n당분기\n전분기\n이자비용\n1,206,345\n723,897\n30. 기타수익 및 기타비용(1) 당분기 및 전분기 중 기타수익의 내역은 다음과 같습니다.\n(단위: 천원)\n구 \xa0분\n당분기\n전분기\n기타의대손충당금환입액\n-\n655\n잡이익\n668,127\n963,279\n합 \xa0계\n668,127\n963,934\n(2) 당분기 및 전분기 중 기타비용의 내역은 다음과 같습니다.\n(단위: 천원)\n구 \xa0분\n당분기\n전분기\n기타의대손상각비\n38\n-\n기부금\n257,157\n202,008\n잡손실\n1,071,546\n62,972\n합 \xa0계\n1,328,741\n264,980\n31. 기타차익및차손당분기 및 전분기 중 기타차익및차손의 내역은 다음과 같습니다.\n(단위: 천원)\n구 \xa0분\n당분기\n전분기\n순외환차익(차손)\n(102,402)\n1,170\n순외화환산이익(손실)\n(508,771)\n3,803\n순유형자산처분이익(손실)\n(605)\n(45,817)\n무형자산처분손실\n-\n(125)\n재고자산감모손실\n(26,254)\n-\n합 \xa0계\n(638,032)\n(40,969)\n32. 법인세(1) 당분기 및 전분기 중 법인세비용의 주요 구성내역은 다음과 같습니다.\n(단위: 천원)\n구 \xa0분\n당분기\n전분기\n당기법인세비용\n\u3000\n 당기법인세부담액\n537,005\n1,072,486\n이연법인세비용\n 기타포괄손익에 직접 가감되는 당기법인세\n15,976\n15,645\n 일시적차이의 발생 및 소멸로 인한 금액\n923,798\n-\n법인세비용\n1,476,779\n1,088,131\n(2) 당분기 및 전분기 중 회계이익과 법인세비용의 관계는 다음과 같습니다.\n(단위: 천원)\n구 \xa0분\n당분기\n전분기\n법인세비용차감전순이익\n6,100,814\n5,361,668\n적용세율(당분기: 21.64%, 전분기: 22.00%)에 따른 법인세비용\n1,320,179\n1,179,567\n조정사항\n 비공제비용으로 인한 효과\n34,552\n-\n 기타 세율차이 등\n122,048\n(91,436)\n소 \xa0계\n156,600\n(91,436)\n당기손익으로 인식된 법인세비용\n1,476,779\n1,088,131\n(3) 당분기 및 전분기 중 기타포괄손익으로 인식된 법인세의 내역은 다음과 같습니다. \n(단위: 천원)\n구 \xa0분\n당분기\n전분기\n기타포괄손익으로 인식된 항목에서 발생한 금액\n 기타포괄손익-공정가치측정금융자산 평가손익\n(6)\n8\n 확정급여제도의 재측정요소\n15,982\n15,637\n합 \xa0계\n15,976\n15,645\n33. 비용의 성격별 분류당분기 및 전분기 중 발생한 비용의 성격별로 분류한 내역은 다음과 같습니다. \n<당분기>\n(단위: 천원)\n계정과목\n매출원가\n판매비, 관리비\n합 \xa0계\n재고자산의 변동\n 상품매출원가\n87,106,760\n-\n87,106,760\n 제품\n294,172\n-\n294,172\n 재공품\n852,920\n-\n852,920\n 사용된 원재료\n71,505,387\n-\n71,505,387\n종업원급여\n18,904,061\n11,862,681\n30,766,742\n감가상각비\n6,284,424\n4,046,159\n10,330,583\n무형자산상각비\n60,981\n228,405\n289,386\n지급수수료\n1,737,552\n9,183,512\n10,921,064\n임차료\n261,250\n643,732\n904,982\n기타\n10,611,292\n28,655,267\n39,266,559\n합 \xa0계\n197,618,799\n54,619,756\n252,238,555\n<전분기>\n(단위: 천원)\n계정과목\n매출원가\n판매비, 관리비\n합 \xa0계\n재고자산의 변동\n 상품매출원가\n139,140,449\n-\n139,140,449\n 제품\n343,955\n-\n343,955\n 재공품\n(520)\n-\n(520)\n 사용된 원재료\n21,895,351\n-\n21,895,351\n종업원급여\n10,015,956\n8,482,507\n18,498,463\n감가상각비\n3,404,007\n1,792,959\n5,196,966\n무형자산상각비\n-\n175,127\n175,127\n지급수수료\n1,202,281\n20,311,134\n21,513,415\n임차료\n45,140\n2,820,095\n2,865,235\n기타\n5,666,552\n15,511,276\n21,177,828\n합 \xa0계\n181,713,171\n49,093,098\n230,806,269\n34. 주당이익(1) 당분기 및 전분기의 기본주당이익의 내역은 다음과 같습니다. \n(단위: 원)\n구 \xa0분\n당분기\n전분기\n기본주당이익\n571\n527\n(2) 기본주당이익 계산에 사용된 분기순이익과 가중평균유통보통주식수는 다음과 같습니다.\n(단위: 천원)\n구 \xa0분\n당분기\n전분기\n분기순이익\n4,624,035\n4,273,537\n기본주당이익 계산을 위한 가중평균유통보통주식수\n8,105,223주\n8,105,223주\n(3) 당분기말 및 전기말 현재 당사가 발행한 잠재적보통주가 없는 바, 희석주당순이익은 기본주당순이익과 동일합니다.\n35. 금융상품\n(1) 자본위험관리당사는 부채와 자본 잔액의 최적화를 통하여 주주이익을 극대화시키는 동시에 계속 기업으로서 지속될 수 있도록 자본을 관리하고 있습니다. 당사의 전반적인 전략은 전기와 변동이 없습니다.당사는 자본관리지표로 부채비율을 이용하고 있으며 총부채 및 총자본은 재무제표의금액을 기준으로 계산합니다.당사는 외부적으로 강제된 자기자본규제의 대상은 아닙니다.\n당사의 감사위원회에서는 분기별로 당사의 자본구조를 검토하고 있습니다. 이러한 검토의 일환으로써, 감사위원회는 자본조달비용과 각 자본항목과 관련된 위험을 검토하고 있습니다. 당사는 목표 부채비율의 상한을 150%로 설정하였습니다. 당분기말 현재의 부채비율은 목표부채비율의 상한보다 낮은 수준입니다.\n당분기말 및 전기말 현재 부채비율은 다음과 같습니다.\n(단위: 천원)\n구 \xa0분\n당분기말\n전기말\n부채\n316,351,389\n301,810,285\n자본\n291,560,336\n292,350,572\n부채비율\n108.50%\n103.24%\n(2) 금융자산, 금융부채 및 자본의 각 범주별로 채택한 주요 회계정책 및 방법(인식기준과 측정기준, 그리고 수익과 비용 인식기준을 포함)은 주석2에 상세히 공시되어있습니다.\n(3) 금융위험관리1) 금융위험 관리정책의 목적당사의 금융위험은 시장위험(환율위험, 공정가치이자율위험 및 가격위험 포함), 신용위험, 유동성위험을 포함하고 있습니다. 당사의 금융위험 관리정책은 당사가 직면한 금융위험을 식별 및 분석하고, 위험 한계치를 설정 및 변경하며, 위험이 한계치를 넘지 않도록 하기 위해 수립되었습니다.2) 시장위험당사의 활동은 주로 환율과 이자율의 변동으로 인한 금융위험에 노출되어 있습니다. 가. 환율위험관리당사는 외화거래를 수행함에 따른 환율위험에 노출되어 있습니다. 당사의 환율위험은 화폐성 외화항목의 환율변동과 관련하여 발생하고 있습니다.\n당분기말 및 전기말 현재 화폐성 외화항목의 외화표시 장부금액은 다음과 같습니다.\n(외화단위: USD)\n구 \xa0분\n당분기말\n전기말\n화폐성자산\n화폐성부채\n화폐성자산\n화폐성부채\nUSD\nUSD\nUSD\nUSD\n현금및현금성자산\n1,353,338\n-\n1,601,413\n-\n매입채무 및 기타채무\n-\n(59,642)\n-\n-\n합 \xa0 계\n1,353,338\n(59,642)\n1,601,413\n-\n(주1) USD 이외의 외화금액은 모두 USD로 환산 하였습니다.\n당분기말 및 전기말 현재 각 외화에 대한 기능통화의 환율 10% 변동시 환율변동이 당기손익 및 자본에 미치는 영향은 다음과 같습니다.\n(단위: 천원)\n구 분\n당분기말\n전기말\n10% 상승시\n10% 하락시\n10% 상승시\n10% 하락시\nUSD\n147,197\n(147,197)\n 179,054\n (179,054)\n상기 민감도 분석은 보고기간 종료일 현재 화폐성 외화항목을 대상으로 하였습니다. 한편, 경영진은 보고기간말 현재의 노출 정도가 연간 노출정도를 반영하지 못하기 때문에 민감도 분석은 본질적인 외화위험을 적절하게 나타내지 못한다고 판단하고 있습니다.\n나. 이자율위험관리\n당사는 고정이자율과 변동이자율로 자금을 차입하고 있으며, 이로 인하여 이자율위험에 노출되어 있습니다. 당사는 이자율위험을 관리하기 위하여 내부적으로 이자율변동으로 인한 이자율 위험을 정기적으로 측정하고 있으며, 고정금리부차입금과 변동금리부 차입금의 적절한 균형을 유지하고 있습니다.\n아래 민감도 분석은 보고기간말 현재 차입금의 이자율위험노출에 근거하여 수행되었습니다. 변동금리부 부채의 경우 보고기간말 현재의 잔액이 보고기간 전체에 대하여 동일하다고 가정하여 민감도 분석을 수행하였습니다. 이자율위험을 주요 경영진에게내부적으로 보고하는 경우 50 basis point(bp) 증감이 사용되고 있으며, 이는 합리적으로 발생가능한 이자율 변동치에 대한 경영진의 평가를 나타냅니다.\n만약 기타 변수가 일정하고 이자율이 현재보다 50bp 높거나 낮은 경우\n-\n당분기말 현재 당사의 분기손익(세전)은 61,000천원 감소/증가(전분기 66,625천원)할 것이며, 이는 변동금리부 차입금의 이자율변동위험 때문입니다. \n다. 주가민감도 분석아래 민감도분석은 보고기간말 현재 주가변동위험에 근거하여 수행되었습니다.주가가 5% 상승/하락하는 경우\n-\n지분상품이 기타포괄손익-공정가치측정금융자산으로 분류되고, 손상되거나 처분되지 않았으므로 당분기말 및 전기말의 당기손익에 미치는 영향은 없을 것입니다.\n-\n기타포괄손익-공정가치측정금융자산의 공정가치변동으로 당분기 중 기타포괄손익은 11천원(세전) 증가/감소 (전분기: 11천원 증가/감소)할 것입니다. \n3) 신용위험관리신용위험은 계약상대방이 계약상의 의무를 불이행하여 당사에 재무적 손실을 미칠 위험을 의미합니다. 당사는 채무불이행으로 인한 재무적 손실을 경감시키는 수단으로서 신용도가 일정 수준 이상인 거래처와 거래하고, 충분한 담보를 수취하는 정책을채택하고 있습니다. 매출채권은 다수의 거래처로 구성되어 있고, 다양한 산업과 지역에 분산되어 있습니다.\n당분기말 및 전기말 현재 당사의 신용위험에 대한 최대노출정도는 다음과 같습니다.\n(단위: 천원)\n구 \xa0분\n당분기말\n전기말\n매출채권및기타채권\n111,295,528\n114,714,048\n상각후원가측정금융자산\n16,667\n16,667\n기타금융자산\n29,700,548\n30,034,811\n지급보증\n(92,400,000)\n(92,400,000)\n합 \xa0계\n48,612,743\n52,365,526\n당분기말 현재 금융자산의 장부금액은 손상차손 차감 후 금액으로, 획득한 담보물의 가치를 고려하지 않은 당사의 신용위험에 대한 최대 노출액을 나타내고 있습니다.\n4) 유동성위험관리유동성위험관리에 대한 궁극적인 책임은 당사의 단기 및 중장기 자금조달과 유동성관리규정을 적절하게 관리하기 위한 기본정책을 수립하는 이사회에 있습니다. 당사는 충분한 적립금과 차입한도를 유지하고 예측현금흐름과 실제현금흐름을 계속하여 관찰하고 금융자산과 금융부채의 만기구조를 대응시키면서 유동성위험을 관리하고 있습니다.\n(4) 금융상품의 공정가치1) 경영진은 재무제표에 상각후원가로 인식되는 금융자산 및 금융부채의 장부금액은 공정가치와 유사하다고 판단하고 있습니다.2) 공정가치 측정에 적용된 평가기법과 가정금융자산 및 금융부채의 공정가치는 다음과 같이 결정하였습니다.\n-\n표준거래조건과 활성시장이 존재하는 금융자산과 금융부채의 공정가치는 시장가격을 참고하여 결정하였습니다(상장주식). \n-\n기타 금융자산과 금융부채의 공정가치는 할인된 현금흐름분석에 기초하여 일반적으로 인정된 가격결정모형에 따라 결정하였습니다. \n3) 당사는 재무상태표에 공정가치로 측정되는 금융상품에 대하여 공정가치측정에 사용된 투입변수에 따라 다음과 같은 공정가치 서열체계로 분류하였습니다.\n(수준 1)\n동일한 자산이나 부채에 대한 활성시장에서의 (조정되지 않은) 공시가격\n(수준 2)\n직접적으로(예: 가격) 또는 간접적으로(예: 가격에서 도출되어) 관측가능한, 자산이나 부채에 대한 투입변수. 단 수준 1에 포함된 공시가격은 제외함\n(수준 3)\n관측가능한 시장자료에 기초하지 않은, 자산이나 부채에 대한 투입변수(관측가능하지 않은 투입변수)\n가. 공정가치로 후속측정되는 금융상품의 서열체계 분류결과는 다음과 같습니다.<당분기말>\n(단위: 천원)\n구 \xa0 \xa0 \xa0 \xa0 \xa0분\n수준 1\n수준 2\n수준 3\n합 계\n기타포괄손익-공정가치측정금융자산\n 시장성 있는 지분증권\n211\n-\n-\n211\n당기손익-공정가치측정금융자산\n 통화선도\n-\n13,350\n-\n13,350\n 통화스왑\n-\n488,990\n-\n488,990\n합 \xa0 \xa0 \xa0계\n211\n502,340\n-\n502,551\n<전기말>\n(단위: 천원)\n구 \xa0 \xa0 \xa0 \xa0 \xa0분\n수준 1\n수준 2\n수준 3\n합 계\n기타포괄손익-공정가치측정금융자산\n 시장성 있는 지분증권\n187\n-\n-\n187\n당기손익-공정가치측정금융자산\n 통화선도\n-\n400\n-\n400\n합 \xa0 \xa0 \xa0계\n187\n400\n-\n587\n당분기 및 전기 중 수준 1과 수준 2 간의 대체는 없었습니다. 공정가치로 후속측정하는 것이 원칙인 금융자산이나 금융부채 중 공정가치를 신뢰성있게 측정할 수 없어 공정가치 정보를 공시하지 않은 금융자산과 금융부채의 내역 및관련 장부금액은 다음과 같습니다.\n(단위: 천원)\n범 \xa0주\n내 \xa0역\n당분기말\n전기말\n기타포괄손익-공정가치측정금융자산\n시장성없는 지분증권\n1,143,002\n1,143,002\n36. 특수관계자거래(1) 당분기말 현재 당사의 특수관계자 현황은 다음과 같습니다.\n구 \xa0분\n특수관계자의 명칭\n최상위지배기업\n㈜파리크라상(주1)\n지배기업의종속기업\n㈜SPCPACK, 에스피엘㈜, ㈜샤니, 에스피씨㈜, ㈜SPC네트웍스,㈜SPC캐피탈, PARIS BAGUETTE BON DOUX, PARIS BAGUETTE USA, PARIS BAGUETTE AMERICA, SPC투자유한공사, 북경 SPC 유한공사, 상해 SPC식품유한공사, ㈜SPC클라우드, ㈜설목장, 천진SPC유한공사, 천진SPC찬음관리유한공사, 남경SPC유한공사, 대련SPC유한공사, 절강SPC유한공사, 성도SPC유한공사\n종속기업(주2)\n㈜비엔에스, ㈜샌드스마일, ㈜SPCGFS, 상해SPC무역유한공사\n지배기업의관계기업\n㈜호남샤니, ㈜호진지리산보천, ㈜에스데어리푸드, ㈜샌드팜, ㈜에스팜, PB하노이, PB베트남, PB싱가폴, 상해선익공사, SPC JAPAN, SPC EURO 및 그 종속 회사, ㈜그린익스프레스파크, PARIS BAGUETTE FAMILY, PARIS CROISSANT USA, INC., ㈜해피모바일, PB파트너스, SARL Shany Paris Croissant France, PARIS BAGUETTE FRANCE, INC., PARIS CROISSANT SINGAPORE PTE. LTD\n기타 특수관계자\n비알코리아㈜, ㈜에이에스피엔, 타이거인터내셔날㈜, 행복한재단\n(주1)\n(주)파리크라상이 보유한 당사의 지분율은 50% 미만이나, 의결권 위임약정을 통하여 과반수의 의결권 행사가 가능함에 따라 최상위지배기업으로 분류하였습니다.\n(주2)\n(주)에그팜, (주)밀다원, (주)그릭슈바인은 2018년 7월 2일자(합병기일)로 소규모 합병되었습니다.\n(2) 당사와 특수관계자 사이의 거래 내용은 다음과 같습니다.\n1) 당분기 및 전분기 중 특수관계자 거래 내역은 다음과 같습니다.\n(단위: 천원)\n구 \xa0분\n회사의 명칭\n매출\n기타수익\n유형자산처분\n매입\n기타비용\n유형자산취득\n당분기\n전분기\n당분기\n전분기\n당분기\n전분기\n당분기\n전분기\n당분기\n전분기\n당분기\n전분기\n최상위지배기업\n㈜파리크라상\n34,041,902\n18,719,470\n7,722\n-\n-\n-\n1,743,983\n1,088,676\n438,974\n539,230\n32,423\n-\n최상위지배회사의종속기업\n㈜샤니\n10,750\n9,000\n-\n-\n-\n-\n38,925,502\n49,563,865\n4,134,445\n38,179\n-\n-\n에스피씨㈜\n233,057\n242,337\n-\n-\n-\n-\n2,967,634\n2,991,267\n-\n-\n-\n-\n에스피엘㈜\n7,854,270\n10,380,084\n-\n-\n-\n-\n-\n-\n1,890\n3,440\n-\n-\n㈜SPCPACK\n2,048\n2,026\n-\n-\n-\n-\n3,599,222\n2,501,811\n71,538\n29,353\n-\n-\n㈜SPC네트웍스\n6,306\n8,630\n-\n1,108\n-\n-\n-\n-\n258,199\n364,529\n-\n113,344\n㈜SPC클라우드\n1,411\n4,744\n-\n-\n-\n-\n-\n-\n38,239\n39,138\n-\n-\n㈜설목장\n210\n330\n-\n-\n-\n-\n1,329,079\n1,705,817\n-\n-\n-\n-\nPARIS BAGUETTE BON DOUX\n-\n-\n-\n-\n-\n-\n312,103\n-\n-\n-\n-\n-\n종속기업\n㈜비엔에스\n47,038\n45,342\n-\n-\n-\n-\n5,894\n5,430\n142,869\n69,424\n-\n-\n㈜SPCGFS\n7,477,182\n11,090,853\n991\n7,787\n-\n-\n29,325,999\n10,539,167\n2,008,877\n17,763,152\n-\n-\n상해SPC무역유한공사\n-\n-\n-\n-\n-\n-\n67,907\n-\n-\n-\n-\n-\n㈜밀다원\n-\n15,740\n-\n-\n-\n14,953\n-\n33,150,427\n-\n-\n-\n-\n㈜그릭슈바인\n-\n14,001\n-\n-\n-\n-\n-\n8,615,049\n-\n-\n-\n-\n㈜에그팜\n-\n765,183\n-\n418,960\n-\n-\n-\n9,773,124\n-\n-\n-\n-\n최상위지배기업의관계기업\n㈜호남샤니\n745,511\n613,684\n-\n-\n-\n14,439\n12,346,724\n10,479,638\n-\n2,025\n-\n-\n㈜호진지리산보천\n715\n666\n-\n-\n-\n-\n608,673\n312,155\n-\n-\n-\n-\n㈜에스데어리푸드\n2,931\n2,880\n-\n-\n-\n-\n64,316\n66,136\n-\n-\n-\n-\n㈜샌드팜\n-\n-\n128,389\n108,479\n-\n-\n2,944,227\n9,594,387\n-\n-\n-\n-\n씨스퀘어소프트\n-\n2,072\n-\n-\n-\n-\n-\n-\n-\n-\n-\n-\nSPC FRANCE\n-\n-\n-\n-\n-\n-\n994,373\n-\n-\n-\n-\n-\nSPC JAPAN\n-\n-\n-\n-\n-\n-\n-\n-\n-\n-\n344,662\n-\n기타 특수관계자\n비알코리아㈜\n1,744,096\n1,669,696\n-\n-\n-\n-\n1,464,038\n1,019,895\n3,530\n-\n-\n-\n㈜에이에스피엔\n3,091\n-\n-\n-\n-\n-\n-\n-\n438,310\n285,899\n-\n-\n행복한재단\n2,749\n-\n-\n-\n-\n-\n-\n-\n-\n-\n-\n-\n2) 당분기말 및 전기말 현재 채권ㆍ채무잔액은 다음과 같습니다.\n(단위: 천원)\n구 \xa0분\n회사의 명칭\n매출채권\n기타채권\n매입채무\n기타채무\n당분기말\n전기말\n당분기말\n전기말\n당분기말\n전기말\n당분기말\n전기말\n최상위지배기업\n㈜파리크라상\n12,576,254\n13,915,119\n922,073\n1,126,073\n747,951\n680,661\n171,887\n724,326\n지배기업의종속기업\n㈜샤니\n4,254,564\n4,515,731\n-\n100\n20,113,164\n22,659,364\n-\n1,414,159\n에스피씨㈜\n-\n852,104\n1,824,566\n1,812,877\n40,244\n598,490\n28,540\n28,540\n에스피엘㈜\n2,798,756\n644,145\n-\n-\n1,040\n-\n-\n-\n㈜SPCPACK\n-\n-\n-\n-\n3,818,804\n2,820,720\n47,091\n10,830\n㈜SPC네트웍스\n-\n-\n-\n-\n69,976\n62,015\n-\n-\n㈜SPC클라우드\n-\n-\n46,854\n58,629\n-\n-\n-\n43,673\n㈜설목장\n-\n-\n-\n-\n752,355\n479,036\n-\n-\n종속기업\n㈜비엔에스\n274,392\n300,650\n-\n-\n-\n6,628\n56,439\n63,878\n㈜SPCGFS\n2,768,911\n2,754,728\n382\n1,928,760\n10,423,996\n12,182,257\n773,339\n1,120,779\n㈜샌드스마일\n199,595\n199,595\n-\n-\n-\n-\n-\n-\n지배기업의관계기업\n㈜호남샤니\n-\n-\n42\n32\n4,634,711\n3,565,002\n-\n19,505\n㈜호진지리산보천\n-\n-\n-\n-\n236,453\n209,816\n-\n-\n㈜에스데어리푸드\n-\n-\n-\n-\n25,073\n17,382\n11,000\n11,000\n㈜샌드팜\n-\n-\n48,871\n47,344\n4,650,372\n4,592,539\n-\n-\n기타특수관계자\n비알코리아㈜\n731,694\n678,610\n60,000\n60,000\n599,693\n529,948\n-\n-\n㈜에이에스피엔\n-\n-\n-\n-\n61,004\n586,290\n-\n1,399\n3) 당분기 및 전분기 중 주요경영진(등기임원)에 대한 보상내역은 다음과 같습니다.\n(단위: 천원)\n구 \xa0분\n당분기\n전분기\n단기종업원급여\n243,595\n72,716\n퇴직급여\n85,746\n31,655\n합 \xa0계\n329,341\n104,371\n4) 당분기말 현재 특수관계자에 대한 지급보증의 내역은 다음과 같습니다.\n(단위: 천원)\n특수관계자\n제공처\n지급보증금액\n내 \xa0역\n보증기간\n㈜SPCGFS\n신한은행\n8,400,000\n외담대\n2018.09.23 ~ 2019.09.23\n36,000,000\n한도대출\n2018.08.26 ~ 2019.08.26\nKEB하나은행\n6,000,000\n한도대출\n2018.11.18 ~ 2019.11.18\n우리은행\n18,000,000\n한도대출\n2018.11.05 ~ 2019.11.05\nKDB산업은행\n6,000,000\n한도대출\n2018.06.20 ~ 2019.06.20\n한국수출입은행\n9,600,000\n일반대출\n2018.12.27 ~ 2019.12.27\n대구은행\n8,400,000\n한도대출\n2019.02.24 ~ 2020.02.24\n37. 현금및현금성자산\n현금흐름표상 현금및현금성자산은 현금 및 은행예치금입니다.\n38. 비현금거래\n(1) 당분기 및 전분기의 현금흐름표에 포함되지 않는 주요 비현금 투자활동거래와 비현금 재무활동거래는 다음과 같습니다.\n(단위: 천원)\n구 \xa0분\n당분기\n전분기\n건설중인자산의 유형자산 대체\n1,797,943\n251,280\n건설중인자산의 무형자산 대체\n3,159\n455,172\n투자부동산(토지)의 유형자산(토지) 대체\n762,726\n289,198\n보증금의 비유동대체\n170,585\n-\n투자부동산(건물)의 유형자산(건물) 대체\n4,069,669\n1,032,358\n유형자산의 취득 관련 미지급금 감소\n(1,732,233)\n(7,297,462)\n무형자산의 취득 관련 미지급금 증가\n53,130\n65,591\n미지급배당금의 인식\n5,364,232\n5,134,104\n사용권자산과 리스부채의 증감\n361,746\n-\n유동성장기부채의 만기연장\n12,000,000\n-\n회계정책의 변경효과 (사용권자산)\n17,200,842\n-\n(2) 재무활동에서 발생한 부채의 당분기 중 변동내역은 다음과 같습니다.\n(단위: 천원)\n\u3000구 \xa0분\n기초\n재무활동현금흐름에서 발생한 변동\n기타\n비현금변동\n분기말\n금융기관 차입금\n \xa0단기차입금\n92,516,844\n(23,716,844)\n-\n-\n68,800,000\n \xa0유동성장기부채\n42,000,000\n-\n-\n(12,000,000)\n30,000,000\n \xa0장기차입금\n22,900,000\n-\n-\n12,000,000\n34,900,000\n \xa0사채\n-\n30,000,000\n-\n480,524\n30,480,524\n \xa0리스부채\n17,080,145\n(2,204,789)\n(83,442)\n361,746\n15,153,660\n재무활동으로부터의 총부채\n174,496,989\n4,078,367\n(83,442)\n842,270\n179,334,184\n39. 우발부채, 우발자산 및 약정사항(1) 당분기말 현재 금융기관 약정사항은 다음과 같습니다.\n(단위: 천원, USD)\n금융기관\n약정사항\n한도약정금액\n실행액\nKEB하나은행\n기업일반자금대출\n60,000,000\n-\n수입신용장발행\nUSD 20,000,000\nUSD 2,195,155\n한국씨티은행\n시설자금대출\n23,000,000\n18,100,000\n수입신용장발행\nUSD 10,000,000\nUSD 45,307.92\n구매카드\n5,000,000\n378,074\n신한은행\n일반자금대출\n70,000,000\n30,700,000\n전자방식외담대\n25,500,000\n5,695,918\n수입신용장발행\nUSD 18,000,000\nUSD 3,459.84\n우리은행\n일반자금대출\n45,000,000\n-\n수입신용장발행\nUSD 9,000,000\n-\n산업은행\n일반자금대출\n33,000,000\n-\n시설자금대출\n32,000,000\n32,000,000\n중국농업은행\n일반자금대출\n15,000,000\n15,000,000\n시설자금대출\n15,000,000\n15,000,000\n한국수출입은행\n수입자금대출\n35,000,000\n20,000,000\n농협은행\n수입신용장발행\nUSD 20,000,000\nUSD 4,118,400\n정책자금대출\n2,900,000\n2,900,000\n미쓰이스미토모은행\n사채\nUSD 26,789,000\nUSD 26,789,000\n한편, 당분기말 현재 당사는 계약이행보증 등과 관련하여 서울보증보험에 7,343,993천원의 보증보험에 가입하고 있습니다.\n(2) 계류 중인 소송사건\n당분기말 현재 당사가 피고로 계류중인 소송사건의 내역은 다음과 같습니다.\n(단위:천원)\n소송상대방\n구분\n소송사건내용\n소송가액\n진행상황\n최정칠\n포항지방법원\n관리비\n6,400\n1심 진행중\n주식회사 비에스렌탈외 1\n서울고등법원\n재매입대금 청구\n5,032,569\n1심 패소, 2심 진행중\n대한민국\n서울중앙지방법원\n손해배상(기)\n200,000\n1심 진행중\n대한민국\n서울중앙지방법원\n손해배상(기)\n200,000\n1심 진행중\n합 \xa0 \xa0계\n5,438,969\n']"
