text
"['\nI. 회사의 개요\n1. 회사의 개요\n[연결대상 종속회사 개황]\n(단위 : 백만원)\n상호\n설립일\n주소\n주요사업\n최근사업연도말자산총액\n지배관계 근거\n주요종속회사 여부\n(주)모보\n1984년 7월\n경기도 오산시 경기대로52-30\n절연선 및 케이블 제조업\n42,099\n실질적 지배력 보유 (기업회계 기준서 제1110호)\n해당없음\n이지전선㈜\n2020년 3월\n전라북도 익산시 낭산면 호천길 24-4\n피복,절연선 및 케이블 제조 도소매업\n\xa0 \xa0 \xa0 \xa0 6,482\n실질적 지배력 보유 (기업회계기준서\xa0 제1110호)\n해당없음\n(주)디케이씨\n1986년 1월\n전라북도 익산시 석암로 7길 73-4\n절연선 및 케이블 제조업\n22,977\n실질적 지배력 보유 (기업회계기준서 제1110호)\n해당없음\n[연결대상회사의 변동내용]\n구 분\n자회사\n사 유\n신규연결\n이지전선(주)\n당기 중 신규설립\n(주)디케이씨\n당기 중 지분인수\n연결제외\n-\n-\n-\n-\n가. 회사의 법적ㆍ상업적 명칭\xa0 당사의 명칭은『 가온전선주식회사 』라고 표기하며, 영문명은 『 GAON CABLE\xa0 CO., LTD. 』라고 표기합니다.나. 설립일자 \xa0 당사는 1947년 9월 24일에 설립되었습니다.\n다. 본사의 주소 , 전화번호, 홈페이지 주소\xa0- 주\xa0 \xa0\xa0 소\xa0\xa0 :\xa0 경기도 군포시 엘에스로 45번길 120 - 전화번호\xa0 :\xa0 031-8068-3960\n\xa0- 홈페이지\xa0 :\xa0 http://www.gaoncable.com라. 중소기업 해당여부\xa0 당사는 중소기업기본법 제 2조 및 중소기업법 시행령 제 3조에 의거 중소기업에 해당하지 않습니다.마. 주요 사업의 내용\n\xa0지배회사인 가온전선(주)는 전력케이블 및 통신케이블을 생산하는 국내 3대 전선 전문 제조업체입니다. 당사는 고객중심 영업활동을 적극 전개하여 내수 및 수출시장 확대에 노력하고 있으며, 특히 직판 영업을 강화하는 등 일반 내수시장 확장에 주력하여, 범용전선 부문에서 우수한 제품 경쟁력을 확보하고 있습니다. 당기에 당사는 통신케이블 원가절감 및 품질확보를 위해 통신케이블제조를 주력으로 하는 이지전선(주)를 신규설립하여 통신케이블 부문에서의 경쟁력 확보를 추진하고 있으며,\xa0사업 시너지 강화를 위해 각종전선과 케이블의 제조 및 판매를 하는 ㈜디케이씨 지분 100%를\xa0취득하여, 연결기업의 종속기업으로 포함되었습니다.\xa0 종속회사인 (주)모보는 1984년 7월 전력케이블을 생산하는 전선전문 제조회사 입니다. (주)모보는 2002년도에 기존 저압케이블 위주의 생산에서 수익성이 높은 특수케이블생산을 위하여 설비투자를 2000년 11월부터 시작하여 2003년 투자완료하였습니다. 원가절감 및 품질확보를 통하여 중저압 범용전선 부문에서 지속가능한 경쟁력 확보를 추진하고 있습니다. ☞ 주요사업의 내용에 대한 자세한 사항은 ""II.사업의 내용 ""을 참조하시기 바랍니다.바. 공시서류 작성기준일 현재 계열회사의 총수, 주요계열회사의 명칭 및 \xa0 \xa0 상장여부\xa0 2020년 12월 31일 현재 당사가 속해있는 기업집단의 명칭은 LS계열이며, 기업집단에 소속된 회사는 다음과 같습니다.\n[국내계열회사]\xa0\n회 사 명\n주 요 사 업\n비 고\n㈜LS\n지주사업\n상장\nLS전선㈜\n절연선 및 케이블제조업\n비상장\nLS엠트론㈜\n농업용 및 산업용 기계 제조업\n비상장\n엘에스일렉트릭㈜\n전기공급 및 전기제어장치 제조업\n상장\nLS-Nikko동제련㈜\n비철금속, 제련, 정련 및 합금제조업\n비상장\n엘에스아이앤디㈜\n부동산 개발, 해외투자사업\n비상장\n가온전선㈜\n절연선 및 케이블제조업\n상장\n㈜E1\n연료 및 관련제품 도매업\n상장\n㈜예스코\n가스제조 및 배관 공급업\n비상장\n㈜예스코홀딩스\n지주사업\n상장\n㈜LS네트웍스\n도매및 상품 중개업\n상장\n㈜지앤피\n동압연, 압출 연신제품제조업\n비상장\n㈜세종전선\n절연선 및 케이블 제조업\n비상장\n㈜지앤피우드\n목재드럼 제조업\n비상장\nLS빌드윈(주)\n토목시설물 건설 및 전기공사업\n비상장\n엘에스전선 아시아㈜\n지주사업\n상장\n제이에스전선㈜\n전선,선박부품 제조 및 판매업\n비상장\n엘에스이브이코리아㈜\n전기차 부품 제조업\n비상장\n엘에스알스코㈜\n알미늄 제조업, 경관재 사업 및 전기차 부품 제조업\n비상장\n(유)빌드윈문경태양광발전\n태양광발전 전기 생산 및 판매업\n비상장\n(유)빌드윈인동태양광발전\n태양광발전 전기 생산 및 판매업\n비상장\n(유)빌드윈충주지앤피태양광발전\n태양광발전 전기 생산 및 판매업\n비상장\n(유)빌드윈그린에너지태양광발전\n태양광발전 전기 생산 및 판매업\n비상장\n지엘마린(유)\n선박임대업\n비상장\n㈜대한가스기기\n가스미터기 제조업\n비상장\n캐스코㈜\n선철주물 주조업\n비상장\nLS글로벌인코퍼레이티드㈜\n도매및 상품 중개업\n비상장\n㈜이원컨테이너터미널\n항구 및 기타 해상터미널 운송업\n비상장\n㈜이원물류\n일반화물 운송업\n비상장\n㈜케이제이모터라드\n이륜자동차 판매업\n비상장\n㈜베스트토요타\n수입자동차판매업\n비상장\n㈜바이클로\n스포츠용품 소매업(자전거)\n비상장\n㈜엠비케이코퍼레이션\n스포츠용품 소매업(몽벨브랜드 사업)\n비상장\n㈜지알엠\n비철금속, 제련, 정련 및 합금제조업\n비상장\n신대성전기㈜\n자동차 부품 제조 및 판매\n비상장\n㈜토리컴\n비철금속, 제련, 정련 및 합금제조업\n비상장\n㈜한성\n사업지원 서비스업\n비상장\n한성피씨건설㈜\n종합 건설업\n비상장\n㈜한성플랜지\n기타 제품 제조업\n비상장\nLS메카피온㈜\n산업용 전자기기 제조업\n비상장\n농가온㈜\n농기계 판매업\n비상장\n팜모아㈜\n농기계 수리 및 부품 판매업\n비상장\nLS사우타㈜\n전기장비 제조업\n비상장\nLS메탈㈜\n금속가공업\n비상장\n온산탱크터미널㈜\n위험물 보관업\n비상장\n㈜선우\n건설업\n비상장\n㈜스포츠모터사이클코리아\n도소매업(스포츠모터사이클 및 관련용품)\n비상장\n㈜예스코이에스\n하수처리업\n비상장\n㈜흥업\n대형종합소매업\n비상장\n씨에스마린㈜\n해운업\n비상장\n㈜모보\n절연선 및 케이블제조업\n비상장\n이지전선㈜\n피복,절연선 및 케이블 제조 도소매업\n비상장\n㈜디케이씨\n피복절연선 및 케이블 제조업\n비상장\n엘에스에이홀딩스㈜\n자동차 부품 제조 및 판매\n비상장\n엘에스오토모티브테크놀로지스㈜\n자동차 부품 제조 및 판매\n비상장\n㈜넥스포쏠라\n태양광 발전 설비의 관리 및 운영사업\n비상장\n㈜넥스포에너지\n태양광 발전 설비의 관리 및 운영사업\n비상장\n㈜이원쏠라\n에너지 컨설팅\n비상장\n㈜예스코컨설팅\n경영 컨설팅업\n비상장\n합계\n59개\n- 2020년 1월 1일 ㈜지앤피 물적분할을 통해 ㈜세종전선 신규 설립- 2020년 3월 3일 가온전선이 이지전선에 신규 출자- 2020년 3월 24일 엘에스산전㈜에서 엘에스일렉트릭㈜로 사명 변경- 2020년 6월 가온전선㈜가 (주)디케이씨 주식 100% 인수- 2020년 8월 31일 ㈜이원쏠라 신규 설립- 2020년 9월 15일 (유)빌드윈충주지앤피태양광발전 신규 설립- 2020년 10월 20일 (유)빌드윈그린에너지태양광발전 신규 설립- 2020년 10월 27일 ㈜지앤피우드 신규 설립[해외계열회사]\n출자회사\n피출자회사\n목적사업\n비고\nLS전선㈜\nLS Cable India Pvt., Ltd.\n절연선 및 케이블 제조업\n비상장\nLS Cable & System Japan Ltd.\n전선 판매업\n비상장\nLS 홍치전람(호북)유한공사\n전선 제조업\n비상장\nLS Cable & System Trading India\n전선 판매업\n비상장\nLS Cable America Inc.\n전선 판매업\n비상장\nLS Cable & System UK Ltd.\xa0\n전선 판매업\n비상장\nLS CABLE & SYSTEM Australia PTY Ltd.\n전선 판매업\n비상장\nLS Cable & System France S.A.S.\n전선 판매업\n비상장\nLS CABLE & SYSTEM U.S.A.,INC.\n절연선 및 케이블 제조업\n비상장\nLS EV Poland sp z o.o.\n전기차 부품 제조업\n비상장\nLS Cable & System Poland sp z o.o.\n광섬유 케이블 제조업\n비상장\nPT.LSAG Cable Solutions\n전선 판매업\n비상장\nPT.LSAG Cable Indonesia\n절연선 및 케이블 제조업\n비상장\nLS Cable Systems America Inc.\n전선 판매업\n비상장\nLS MAN Cable S.A.E.\n절연선 및 케이블 제조업\n비상장\n엘에스전선 아시아㈜\nLS-VINA Cable & System Joint Stock Co.\n절연선 및 케이블 제조업\n비상장\nLS Cable & System Vietnam Co., Ltd.\n절연선 및 케이블 제조업\n비상장\nLS-Gaon Cable Myanmar Co., Ltd.\n절연선 및 케이블 제조업\n비상장\nLS Cable America Inc.\nLS Cable Enterprise Canada Ltd.\n전선 판매업\n비상장\nLS-Gaon Cable Myanmar Co., Ltd.\nLS-Gaon Cable Myanmar Trading Co., Ltd.\n전선 판매업\n비상장\n제이에스전선㈜\nJS전람(장쑤) 유한공사\n전선제조업\n비상장\n엘에스이브이코리아㈜\n락성전람(무석)유한공사\n전선제조업 및 전기차 부품 제조업\n비상장\n엘에스아이앤디㈜\nCyprus Investments, Inc.\n지주사업\n비상장\nCyprus Investments, Inc.\nSuperior Essex Inc.\n절연선 및 케이블 제조업\n비상장\n엘에스일렉트릭㈜\n락성전기 대련 유한공사\n전기장치 제조업\n비상장\n락성전기 무석 유한공사\n전기공급 및 제어장치 제조업\n비상장\nLS ELECTRIC Vietnam Co., Ltd.\n전기장치 제조업\n비상장\nLS ELECTRIC Middle East FZE\n전력/자동화기기 수출입 및 직판영업\n비상장\nLS ELECTRIC INDUSTRY TRADE Co., Ltd.\n산업운영제어장비의 설계 및 설치\n비상장\nLS ELECTRIC Europe B.V.\n자동화기기 판매업\n비상장\nLS ELECTRIC Japan Co., Ltd.\n태양광, 전력 및 자동화기기 판매업\n비상장\nLS ELECTRIC America Inc.\n전력 및 자동화제품 판매 등\n비상장\n락성전기투자(중국) 유한공사\n전력 및 자동화제품 판매 등\n비상장\nLS ELECTRIC America Inc.\nLS Energy Solutions LLC.\n전력, 자동화기기 등의 판매업\n비상장\nLS메카피온㈜\n엘에스메카피온 자동화 과학기술 (무석) 유한공사\n산업용 전자기기 제조업\n비상장\nLS메탈㈜\nLS Metal VINA LLC.\n동압연,압출 및 연신제품 제조업\n비상장\nLS엠트론㈜\nLS Machinery(Wuxi) Ltd.\n사출 성형기 제조업\n비상장\nLS Electronic Devices(Qingdao) Co., Ltd.\n커넥터 등 생산 및 판매업\n비상장\nLS Machinery (Qingdao) Co., Ltd.\n농기계 제조 및 판매업\n비상장\nLS Mtron North America, Inc.\n지주사업\n비상장\nLS Mtron Industria de Maquinas Agricolas Ltda.\n트랙터 제조 및 사출기 판매업\n비상장\nLS Electronic-Devices VIETNAM Co., Ltd.\n전자부품 제조업\n비상장\nPT. LS Mtron Machinery Indonesia\xa0\n사출 성형기 판매업\n비상장\nLS Mtron North America, Inc.\nLS Tractor USA, LLC\n트랙터 판매업\n비상장\nLS Machinery (Qingdao) Co., Ltd.\n안칭시한성농기소수유한공사\n트랙터 판매업\n비상장\n형주시한성농기소수유한공사\n트랙터 판매업\n비상장\n엘에스오토모티브테크놀로지스㈜\nLS Automotive Qingdao Corp.\n자동차 부품 제조 및 판매업\n비상장\nLS Automotive Technologies Wuxi Corp.\n자동차 부품 제조 및 판매업\n비상장\nLS AUTOMOTIVE INDIA PRIVATE LIMITED\n자동차 부품 제조 및 판매업\n비상장\nLS Automotive Japan Corp.\n자동차 부품 판매업\n비상장\nLS AUTOMOTIVE MEXICO, S.A de C.V.\n자동차 부품 제조 및 판매업\n비상장\nLSA NA LLC\n자동차 부품 판매업\n비상장\n신대성전기㈜\nLS Automotive Wuxi Corp.\n자동차 부품 제조 및 판매업\n비상장\n㈜예스코홀딩스\nYesco Energy, LLC\n해외자원투자 및 개발업\n비상장\nLS-Nikko동제련㈜\nPRM\n귀금속 슬라임 위탁가공\n비상장\n㈜E1\nM1-Energy LLC\n국내외 무역업\n비상장\nE1 America LLC\n해외자원투자 및 개발업\n비상장\n가온전선㈜\nLS CABLE & SYSTEM U.S.A.,INC.\n절연선 및 케이블 제조업\n비상장\nLS-Gaon Cable Myanmar Co.,Ltd\xa0\n절연선 및 케이블 제조업\n비상장\n합계\n57개\n- 2020년 1월 9일 LS전선㈜가 LS MAN Cable S.A.E.에 신규 출자- 2020년 3월 9일 락성산전 무석 유한공사에서 락성전기 무석 유한공사로 사명 변경- 2020년 3월 17일 LSIS USA Inc.에서 LS ELECTRIC America Inc.로 사명 변경- 2020년 3월 19일 락성산전 대련 유한공사에서 락성전기 대련 유한공사로 사명 변경- 2020년 3월 24일 엘에스산전㈜에서 엘에스일렉트릭㈜로 사명 변경- 2020년 4월 16일 LS-VINA INDUSTRIAL SYSTEMS CO., LTD에서 LS ELECTRIC Vietnam Co., Ltd.로 사명 변경- 2020년 4월 28일 LS산전 JAPAN에서 LS ELECTRIC Japan Co., Ltd.로 사명 변경- 2020년 5월 8일 LS Cable & System China Ltd. 청산- 2020년 5월 25일 LS I.S. Europe B.V.에서 LS ELECTRIC Europe B.V.로 사명 변경- 2020년 6월 23일 LS ELECTRIC INDUSTRY TRADE Co., Ltd. 신규 설립- 2020년 9월 17일 LS Industrial Systems(Middle East) FZE에서 LS ELECTRIC Middle East FZE로 사명 변경- 2020년 10월 16일\xa0 LS전선㈜가 PT.LSAG Cable Indonesia 신규 출자- 2020년 11월 20일 LS전선㈜가 LS EV Poland sp z o.o. 지분 일부를 매각 (100.00%→50.00%)- 2020년 12월 2일 판진락성농업장비소수유한공사 청산- 2020년 12월 10일LS전선㈜가 PT.LSAG Cable Solutions 지분 일부를 매입 (50.00%→75.00%)\n사. 신용평가에 관한 사항(1) 최근 3년간 신용등급\n평가일\n평가대상유가증권 등\n평가대상 유가증권의신용등급\n평가회사(신용평가등급범위)\n평가구분\n2020.12.21\n기업어음\nA2\n한국신용평가(A1 ～ D)\n정기평가\n2020.12.17\n기업어음\nA2\n나이스신용평가(A1 ～ D)\n정기평가\n2020.06.26\n기업어음\nA2\n한국신용평가(A1 ～ D)\n본평가\n2020.06.26\n회사채\nA\n한국신용평가(AAA ～ D)\n정기평가\n2020.06.23\n기업어음\nA2\n나이스신용평가(A1 ～ D)\n본평가\n2020.06.23\n회사채\nA\n나이스신용평가(AAA ～ D)\n정기평가\n2019.12.20\n기업어음\nA2\n한국신용평가(A1 ～ D)\n정기평가\n2019.12.20\n기업어음\nA2\n나이스신용평가(A1 ～ D)\n정기평가\n2019.06.21\n회사채\nA\n나이스신용평가(AAA ～ D)\n정기평가\n2019.06.21\n기업어음\nA2\n나이스신용평가(A1 ～ D)\n본평가\n2019.06.19\n회사채\nA\n한국신용평가(AAA ～ D)\n정기평가\n2019.06.19\n기업어음\nA2\n한국신용평가(A1 ～ D)\n본평가\n2018.12.17\n기업어음\nA2\n한국신용평가(A1 ～ D)\n정기평가\n2018.12.18\n기업어음\nA2\n나이스신용평가(A1 ～ D)\n정기평가\n2018.06.25\n회사채\nA\n한국신용평가(AAA ～ D)\n정기평가\n2018.06.25\n기업어음\nA2\n한국신용평가(A1 ～ D)\n본평가\n2018.06.22\n기업어음\nA2\n나이스신용평가(A1 ～ D)\n본평가\n2018.06.22\n회사채\nA\n나이스신용평가(AAA ～ D)\n정기평가\n2018.02.13\n회사채\nA\n나이스신용평가(A1 ～ D)\n본평가\n2018.02.12\n회사채\nA\n한국신용평가(A1 ～ D)\n본평가\n\xa0\n(2) 신용등급 체계\n유가증권 종류별\n국내 신용등급 체계\n부여의미\n기업평가/회사채\nAAA\n원리금 지급확실성이 최고 수준입니다.\nAA\n원리금 지급확실성이 매우 높지만, AAA 등급에 비하여 다소 낮은 요소가 있습니다.\nA\xa0\n원리금 지급확실성이 높지만, 장래의 환경변화에 다소의 영향을 받을 가능성이 있습니다.\nBBB\n원리금 지급확실성이 있지만, 장래의 환경변화에 따라 저하될 가능성이 내포되어 있습니다.\nBB\n원리금 지급능력에 당면문제는 없으나, 장래의 안정성면에서는 투기적인 요소가 내포되어 있습니다.\nB\n원리금 지급능력이 부족하여 투기적입니다.\nCCC\n원리금의 채무불이행이 발생할 위험요소가 내포되어 있습니다.\nCC\n원리금의 채무불이행이 발생할 가능성이 높습니다.\xa0\nC\n원리금의 채무불이행이 발생할 가능성이 지극히 높습니다.\xa0\nD\n현재 채무불이행 상태에 있습니다.\n기업어음\nA1\n적기상환능력이 최고수준이며, 그 안전성은 현 단계에서 합리적 으로 예측가능한 장래의 환경에 영향을 받지 않을만큼 높습니다.\nA2\n적기상환능력이 우수하지만, 그 안정성은 A1에 비하여 다소 열등한 요소가 있습니다.\nA3\n적기상환능력이 양호하지만, 그 안정성은 급격한 환경 변화에 따라 다소 영향을 받을 가능성이 있습니다.\nB\n최소한의 적기상환능력은 인정되나, 그 안정성이 환경변화로 저하될 가능성이 있어, 투기적인 요소를 내포하고 있습니다.\nC\n적기상환능력 및 그 안정성이 매우 가변적이어서 투기적인 요소가 강합니다.\nD\n현재 채무불이행 상태에 있습니다.\n아. 회사의 주권상장(또는 등록ㆍ지정)여부 및 특례상장에 관한 사항\n회사의 주권상장(또는 등록ㆍ지정)여부 및 특례상장에 관한 사항\n주권상장(또는 등록ㆍ지정)여부\n주권상장(또는 등록ㆍ지정)일자\n특례상장 등여부\n특례상장 등적용법규\n유가증권시장\n1987년 06월 08일\n해당사항 없음\n해당사항 없음\n2. 회사의 연혁\n가온전선(주)가. 회사의 본점소재지 및\xa0 변경\xa0\n\xa0(1) 본점\xa0 소재지 : 경기도 군포시 엘에스로 45번길 120 (2) 안양 사무소 : 경기도 안양시 동안구 엘에스로 127 LS타워 12, 13층 (3) 지점, 영업소, 사무소 등 설치 및 폐쇄\xa0 \xa0\xa0\n지 점 (영업소)\n설 치 일\n폐 쇄 일\n\xa0 \xa0 주요사업내용\n전\xa0\xa0 주\xa0 공\xa0 장 천\xa0\xa0 안\xa0 공\xa0 장 괴\xa0\xa0 산\xa0 공\xa0 장부 산 영 업 소호 남 영 업 소 대 구 영 업 소대 전 영 업 소경 인 영 업 소북 부 영 업 소중국지사(북경)중국지사(상해)\n\xa01988. 06 2010. 10 2015. 03 1985. 05 1986. 01  1990. 03 1990. 07 1996. 01 2004. 10 2004. 04  2018. 02\n-2014.09-------2018.12-\n통신선자동차 부품, 잡화 , 원부자재전선관부산, 울산, 경남지역 영업광주, 호남지역 영업 대구, 경북지역 영업대전, 충청지역 영업경기 남부 영업경기 북부 영업중국지역 영업(폐쇄)중국지역 통합 구매업무\n나. 경영진의 중요한 변동\n재임기간\n대표이사\n비\xa0 고\n\xa02009.12.08 - 2014.03.27  2014.03.28 -\xa0 2016.03.242016.03.25 - 2017.03.242017.03.24 - 재임중\n구자엽, 김성은김성은김연수윤재인\n각자 대표이사\n다. 최대주주의 변동\n\xa0 2018년 8월 당사의 최대주주 및 특수관계인이\xa0 LS전선(주)외 9인에서 LS전선(주)로 변경되었습니다. 최대주주 변경에 대한 세부사항은 Ⅶ. 주주에 관한 사항을 참고하시기 바랍니다.\xa0\n전기말\n당기말\n최대주주\n소유주식수\n지분율(%)\n최대주주\n소유주식수\n지분율(%)\nLS전선㈜\n1,929,884\n\xa0 \xa0\xa0 46.39\xa0\nLS전선㈜\n1,937,101\n46.56\n\xa0\n라. 상호의 변경\n변경일자\n변경전 상호\n변경후 상호\n비\xa0 \xa0 \xa0 \xa0 고\n1996. 3\n국제전선(주)\n희성전선(주)\n희성그룹에 편입\n2004. 9\n희성전선(주)\n가온전선(주)\nLS그룹에 편입\n마.\xa0회사가 화의, 회사정리절차 그 밖에 이에 준하는 절차를 밟은 적이 있거나\xa0 \xa0 \xa0 현재 진행 중인 경우 그 내용과 결과\xa0 \xa0\xa0해당사항 없음.바. 회사가 합병 등을 한 경우 그 내용\xa0 당사는 경영 효율성 증대와 사업 시너지 효과의 극대화를 통한 기업가치 제고를 위하여 2015년 1월 19일 이사회 결의 및 2015년 2월 25일 합병승인 이사회 결의를 통해, 100% 자회사인 (주) 위더스를 2015년 3월 31일을 합병기일로 하여 흡수합병하였습니다. 이에 대한 상세한 내용은 2015년 4월 2일자로 금융감독원 전자공시에 제출한 \'합병등 종료보고서\'를 참조하여 주시기 바랍니다.사. 회사의 업종 또는 주된 사업의 변화\xa0\xa0\xa0 해당사항 없음.아. 그 밖에 경영활동과 관련된 중요한 사실의 발생.\xa0\n발 생 시 기\n내\xa0 \xa0 \xa0\xa0 용\n2011.122012. 042015. 032016. 102017. 042017. 052018. 012018. 082019.102020.032020.06\n. 매출 1조 326억원 달성. (주)명도전기과 ACF 케이블 실용신안의 독점적 통상실시권(10년) \xa0 사용 계약 체결. 자회사 (주)위더스 합병. 전기공사업 면허 취득 . 미국법인 LSC US 지분투자 . LS전선아시아와 미얀마 현지법인 LSGM 공동설립\xa0\xa0 . 최대주주 및 특수관계인 LS전선(주)외 9인으로 변경\xa0 (최대주주 및 특수관계인 지분율은 37.62%로 변동 없음) . 최대주주 및 특수관계인 LS전선(주)외 9인에서 LS전선(주)로 변경 \xa0 (LS전선이 특수관계인 9인 지분 전량 매수로 단독 최대주주가 됨). 자회사 (주)모보 100% 지분인수 (90.8%→100%). 자회사 이지전선(주) 설립. (주)디케이씨 지분 100% 인수\n(주)모보가. 회사의 본점소재지 및\xa0 변경\n\xa0 \xa0 \xa0 1984년 07월 12일 :\xa0 인천광역시 남동구 남동서로 380\xa0 \xa0 \xa0 2000년 06월 01일 :\xa0 경기도 오산시 경기대로 52-30\xa0 \xa0 \xa0 나. 경영진의 중요한 변동\n재임기간\n대표이사\n비\xa0 고\n\xa0 \xa0 설립 ~ 2007.03.232007.03.24 ~ 2008.03.26\xa0 2008.03.27 ~\xa0 2016.03.28\xa0\xa0 \xa0 2016.03.29 ~ 2018.03.292018.03.30 ~ 2020.03.252020.03.25~재임중\n황보명진최종덕김태경김창환김원배이수열\n-\n다. 최대주주의 변동\n변동시기\n대주주\n보유주식수\n지분율\n총발행주식수\n설립~ 2012.032012.042013.082014.112019.10\n황보명진외 5명LS전선가온전선가온전선가온전선\n3,914,68813,800,00023,000,00023,111,20025,452,272\n34.74%54.22%90.37%90.80%100%\n11,271,00025,452,27225,452,27225,452,27225,452,272\n라. 상호의 변경\n\xa0 1984년 7월 모보전선공업(주)에서 2006년 3월 현재의 상호로 변경되었습니다.마. 회사가 화의, 회사정리절차 그 밖에 이에 준하는 절차를 밟은 적이 있거나\xa0 \xa0 \xa0\xa0 현재 진행 중 인 경우 그 내용과 결과\xa0\xa0(주)모보는 2011년 8월 11일 수원지방법원 파산부에 기업 회생절차 개시 신청을 하였고, 2011년 9월 23일 수원지방법원의 기업회생 절차 개시 결정이후\xa0 제 3자 매각 절차승인에 의거하여 LS컨소시엄과 2011년 12월 19일 최종 투자계약을 체결하였습니다. 이를 바탕으로 법원으로부터 2012년 6월 7일 회생종료 인가 결정을 받았으며 2012년 7월 2일 LS전선 자회사로 편입 되었습니다. 2013년 8월 30일 기존\xa0 LS전선 보유 주식 전량을 가온전선이 매수함에 따라 최대주주가 가온전선(주)로 변경되었고, 가온전선(주)의 자회사가 되었습니다.바. 회사가 합병 등을 한 경우 그 내용 \xa0\xa0 \xa0해당사항 없음.사. 회사의 업종 또는 주된 사업의 변화 \xa0\xa0\xa0 해당사항 없음.\xa0아. 그 밖에 경영활동과 관련된 중요한 사실의 발생.\n일\xa0 \xa0 자\n내\xa0 \xa0 \xa0 \xa0 \xa0 \xa0 \xa0 \xa0 \xa0 \xa0 \xa0 \xa0 용\n2011.08\n기업회생절차개시 및 재산 보전 처분 신청(수원지방 법원)\n2012.06\n기업회생절차 종료\n2012.07\nLS전선 계열회사 편입\n2013.08\n최대주주 변동 ( LS전선 → 가온전선)\n이지전선(주)가. 회사의 본점소재지 및\xa0 변경\n\xa0 \xa0 \xa0 2020년 03월 06일 :\xa0 전라북도 익산시 낭산면 호천길 24-4\xa0 \xa0 \xa0\n나. 경영진의 중요한 변동\n재임기간\n대표이사\n비\xa0 고\n\xa0 \xa0 설립 ~ 2020.04.012020.04.01 ~ 재임중\n이상호김성만\n-\n다. 최대주주의 변동\n변동시기\n대주주\n보유주식수\n지분율\n총발행주식수\n설립 ~ 현재\n가온전선\n4,201,000\n100%\n4,201,000\n라. 상호의 변경\xa0\xa0 \xa0\xa0해당사항 없음.마. 회사가 화의, 회사정리절차 그 밖에 이에 준하는 절차를 밟은 적이 있거나\xa0 \xa0 \xa0\xa0 현재 진행 중 인 경우 그 내용과 결과\xa0\xa0 \xa0\xa0해당사항 없음.바. 회사가 합병 등을 한 경우 그 내용 \xa0\xa0 \xa0해당사항 없음.사. 회사의 업종 또는 주된 사업의 변화 \xa0\xa0\xa0 해당사항 없음.\xa0아. 그 밖에 경영활동과 관련된 중요한 사실의 발생 \xa0\xa0\xa0 해당사항 없음.\n(주)디케이씨가. 회사의 본점소재지 및\xa0 변경\n\xa0 \xa0\xa01986년 1월 경기도 안산시에 설립되었다가 2005년 8월에 현재의 전라북도 익산시로 본사 및 제조시설을 이전하였습니다 \n나. 경영진의 중요한 변동\n재임기간\n대표이사\n비\xa0 고\n\xa0 \xa0 2003.03 ~ 2012.012012.01 ~ 재임중\n권오겸장윤현\n-\n다. 최대주주의 변동\n변동시기\n대주주\n보유주식수\n지분율\n총발행주식수\n2006.12 ~ 2020.06.182020.06.19\n장순태외 3명가온전선(주)\n110,000110,000\n100%100%\n110,000110,000\n라. 상호의 변경\xa0\xa0 \xa0\xa02008년\xa03월 회사의 상호를 대광전선(주)에서 (주)디케이씨로 변경하였습니다.마. 회사가 화의, 회사정리절차 그 밖에 이에 준하는 절차를 밟은 적이 있거나\xa0 \xa0 \xa0 현재 진행 중 인 경우 그 내용과 결과\xa0\xa0 \xa0 \xa0해당사항 없음.바. 회사가 합병 등을 한 경우 그 내용 \xa0 \xa0\xa0해당사항 없음.사. 회사의 업종 또는 주된 사업의 변화 \xa0\xa0\xa0 해당사항 없음.\xa0아. 그 밖에 경영활동과 관련된 중요한 사실의 발생\xa0\n일\xa0 \xa0 자\n내\xa0 \xa0 \xa0 \xa0 \xa0 \xa0 \xa0 \xa0 \xa0 \xa0 \xa0 \xa0 용\n2020.06\n최대주주 변동 ( 장순태외3명 → 가온전선)\n2020.08\nLS전선 계열회사 편입\n3. 자본금 변동사항\n\xa0당사는 최근 5년간 자본금 변동사항이 없습니다.\n(기준일 :\xa0\n2020년 12월 31일\n)\n(단위 : 원, 주)\n주식발행(감소)일자\n발행(감소)형태\n발행(감소)한 주식의 내용\n주식의 종류\n수량\n주당액면가액\n주당발행(감소)가액\n비고\n-\n-\n-\n-\n-\n-\n-\n4. 주식의 총수 등\n가. 주식의 총수 현황\n(기준일 :\xa0\n2020년 12월 31일\n)\n(단위 : 주)\n구\xa0 분\n주식의 종류\n비고\n보통주\n우선주\n합계\n\xa0Ⅰ. 발행할 주식의 총수\n15,600,000\n-\n15,600,000\n-\n\xa0Ⅱ. 현재까지 발행한 주식의 총수\n4,160,347\n-\n4,160,347\n-\n\xa0Ⅲ. 현재까지 감소한 주식의 총수\n-\n-\n-\n-\n\xa01. 감자\n-\n-\n-\n-\n\xa02. 이익소각\n-\n-\n-\n-\n\xa03. 상환주식의 상환\n-\n-\n-\n-\n\xa04. 기타\n-\n-\n-\n-\n\xa0Ⅳ. 발행주식의 총수 (Ⅱ-Ⅲ)\n4,160,347\n-\n4,160,347\n-\n\xa0Ⅴ. 자기주식수\n229,298\n-\n229,298\n-\n\xa0Ⅵ. 유통주식수 (Ⅳ-Ⅴ)\n3,931,049\n-\n3,931,049\n-\n나. 자기주식 취득 및 처분 현황\n(기준일 :\xa0\n2020년 12월 31일\n)\n(단위 : 주)\n취득방법\n주식의 종류\n기초수량\n변동 수량\n기말수량\n비고\n취득(+)\n처분(-)\n소각(-)\n배당가능이익범위이내취득\n직접취득\n장내 직접 취득\n보통주\n\xa0229,298\n\xa0-\n\xa0 \xa0 -\n\xa0-\xa0\n\xa0229,298\n-\n우선주\n-\n-\n-\n-\n-\n-\n장외직접 취득\n보통주\n-\n-\n-\n-\n-\n-\n우선주\n-\n-\n-\n-\n-\n-\n공개매수\n보통주\n-\n-\n-\n-\n-\n-\n우선주\n-\n-\n-\n-\n-\n-\n소계(a)\n보통주\n\xa0229,298\n\xa0-\n\xa0 \xa0 -\n\xa0-\n\xa0229,298\n-\n우선주\n-\n-\n-\n-\n-\n-\n신탁계약에 의한취득\n수탁자 보유물량\n보통주\n-\n-\n-\n-\n-\n-\n우선주\n-\n-\n-\n-\n-\n-\n현물보유물량\n보통주\n-\n-\n-\n-\n-\n-\n우선주\n-\n-\n-\n-\n-\n-\n소계(b)\n보통주\n-\n-\n-\n-\n-\n-\n우선주\n-\n-\n-\n-\n-\n-\n기타 취득(c)\n보통주\n\xa0-\n\xa0-\n\xa0 \xa0\xa0 -\n\xa0-\n\xa0-\n-\n우선주\n\xa0-\n\xa0-\n\xa0-\n\xa0-\n\xa0-\n-\n총 계(a+b+c)\n보통주\n\xa0229,298\n\xa0-\n\xa0 \xa0 -\n\xa0-\n\xa0229,298\n-\n우선주\n\xa0-\n\xa0-\n\xa0-\n\xa0-\n\xa0-\n-\n5. 의결권 현황\n(기준일 :\xa0\n2020년 12월 31일\n)\n(단위 : 주)\n구\xa0 \xa0\xa0 분\n주식의 종류\n주식수\n비고\n발행주식총수(A)\n보통주\n4,160,347\n-\n우선주\n-\n-\n의결권없는 주식수(B)\n보통주\n229,298\n자기주식\n우선주\n-\n-\n정관에 의하여 의결권 행사가 배제된 주식수(C)\n보통주\n-\n-\n우선주\n-\n-\n기타 법률에 의하여의결권 행사가 제한된 주식수(D)\n보통주\n-\n-\n우선주\n-\n-\n의결권이 부활된 주식수(E)\n보통주\n-\n-\n우선주\n-\n-\n의결권을 행사할 수 있는 주식수(F = A - B - C - D + E)\n보통주\n3,931,049\n-\n우선주\n-\n-\n6. 배당에 관한 사항 등\n가. 배당에 관한 사항\n당사는 정관에 의거 이사회 결의 및 주주총회 결의를 통하여 배당을 실시하도록\xa0 \xa0 \xa0\xa0 규정되어 있으며, 상법상 인정하는 배당가능이익 범위내에서 회사의 성장을 위한\xa0 \xa0\xa0 투자와 주주가치 증대 및 경영환경을 충분히 고려하여 적정수준의 배당을 결정하\xa0 \xa0\xa0 고 있습니다. 또한 당사는 정관 제42조 및 제 42조의 2에\xa0 배당에 관하여 다음과 같이규정하고 있습니다.\n<당사 정관>제42조(이익배당)\n1. 이익의 배당은 금전, 주식 및 기타의 재산으로 할 수 있다.\n2. 제1항의 배당은 매결산기말 현재의 주주명부에 기재된 주주 또는 등록된 질권자에게 지급한다.\n제42조의2(중간배당)\n1. 이 회사는 매상반기말 현재의 주주에게 상법에 의한 중간배당을 할 수 있다.\xa0\n2. 제1항의 중간 배당은 이사회의 결의로 하되, 그 결의는 제1항의 기준일 이후 45일\xa0 \xa0\xa0 내에 하여야 한다.\n3. 중간배당은 직전결산기의 대차대조표상의 순자산액에서 다음 각호의 금액을 공제\xa0 \xa0 한 액을 한도로 한다.\n\xa0① 직전결산기의 자본금의 액\n\xa0② 직전결산기까지 적립된 자본준비금과 이익준비금의 합계액\n\xa0③ 상법시행령에서 정하는 미실현이익\n\xa0④ 직전결산기의 정기주주총회에서 이익배당하기로 정한 금액\n\xa0⑤ 직전결산기까지 정관의 규정 또는 주주총회의 결의에 의하여 특정목적을\xa0\n\xa0 \xa0 위해 적립한 임의적립금\n\xa0⑥중간배당에 따라 당해 결산기에 적립하여야 할 이익준비금\n4. 사업연도개시일 이후 제1항의 기준일 이전에 신주를 발행한 경우(준비금의 자본\xa0 \xa0 \xa0 \xa0 전입, 주식배당, 전환사채의 전환 청구, 신주인수권부사채의 신주인수권 행사의 경우를 포함한다)에는 중간배당에 관해서는 당해 신주는 직전사업연도말에 발행된 것으로 본다.\n5. 중간 배당을 할 때에는 제8조의2의 우선주식에 대하여도 보통주식과 동일한 배당\xa0 \xa0\xa0 률을 적용한다.\n제43조(배당금 지급청구권의 소멸시효)\n1. 배당금의 지급청구권은 5년간 이를 행사하지 아니하면 소멸시효가 완성한다.\n2. 제1항의 시효의 완성으로 인한 배당금은 이 회사에 귀속한다.\n나. 주요배당지표\n구\xa0\xa0 분\n주식의 종류\n당기\n전기\n전전기\n제73기\n제72기\n제71기\n주당액면가액(원)\n\xa0 \xa0 \xa0 \xa0 \xa0 5,000\n\xa0 \xa0 \xa0\xa0 5,000\n\xa0 \xa0 \xa0\xa0 5,000\n(연결)당기순이익(백만원)\n\xa0 \xa0 \xa0 \xa0 \xa0 9,506\n\xa0 \xa0 \xa0\xa0 5,463\n\xa0 \xa0 \xa0 \xa0 \xa0\xa0 99\n(별도)당기순이익(백만원)\n\xa0 \xa0 \xa0 \xa0 \xa0 7,777\n\xa0 \xa0 \xa0\xa0 5,859\n\xa0 \xa0 \xa0 \xa0\xa0 363\n(연결)주당순이익(원)\n\xa0 \xa0 \xa0 \xa0 \xa0 2,418\n\xa0 \xa0 \xa0\xa0 1,391\n\xa0 \xa0 \xa0 \xa0 \xa0\xa0 24\n현금배당금총액(백만원)\n\xa0 \xa0 \xa0 \xa0 \xa0 2,359\n\xa0 \xa0 \xa0\xa0 2,359\n\xa0 \xa0 \xa0\xa0 2,356\n주식배당금총액(백만원)\n\xa0-\n\xa0-\n\xa0-\n(연결)현금배당성향(%)\n\xa0 \xa0 \xa0 \xa0 \xa0 24.82\n\xa0 \xa0 \xa0\xa0 43.18\n\xa0\xa0 2,480.00\n현금배당수익률(%)\n보통주\n\xa0 \xa0 \xa0 \xa0 \xa0 \xa0 2.74\n\xa0 \xa0 \xa0 \xa0\xa0 2.44\n\xa0 \xa0 \xa0 \xa0\xa0 3.47\n우선주\n\xa0-\n\xa0-\n\xa0-\n주식배당수익률(%)\n보통주\n\xa0-\n\xa0-\n\xa0-\n우선주\n\xa0-\n\xa0-\n\xa0-\n주당 현금배당금(원)\n보통주\n\xa0 \xa0 \xa0 \xa0 \xa0 \xa0\xa0 600\n\xa0 \xa0 \xa0 \xa0\xa0 600\n\xa0 \xa0 \xa0 \xa0\xa0 600\n우선주\n\xa0-\n\xa0-\n\xa0-\n주당 주식배당(주)\n보통주\n\xa0-\n\xa0-\n\xa0-\n우선주\n\xa0-\n\xa0-\n\xa0-\n※ 연결재무제표 기준으로 작성함. (당기순이익, 현금배당성향은 지배기업소유주지분\xa0\xa0 귀속 당기순이익을 기준으로 산출)※ 현금배당수익률은 시가배당률 산출식을 적용함.\n다. 과거 배당 이력\n(단위: 회, %)\n연속 배당횟수\n평균 배당수익률\n분기(중간)배당\n결산배당\n최근 3년간\n최근 5년간\n-\n27\n2.88\n2.81\n※ 최근사업연도 분기배당, 결산배당을 포함하고 있습니다. 2020년(제73기) 결산배당은 정기주주총회 승인 전으로, 향후 정기주주총회에서 부결되거나 수정이 발생한 경우 정정보고서를 통해 그 내용 및 사유 등을 반영할 예정입니다.※ 상기정보는 공시정보 기준으로 결산배당은 공시정보 기준 제47기부터 2021년 3월 25일 개최되는 제73기 정기주주총회 기준으로 산출함.\n7. 정관에 관한 사항\n\xa0당사의 최근 정관 개정일은 2019년 3월 21일이며, 보고서 제출일 이후 개최 예정인 제73기 정기주주총회의 안건에는 정관 변경 건이 포함되어 있습니다. 정관 변경건에 대한 세부 내용은 2021년 3월 10일 공시 한 \'주주총회소집공고\'를 참고 하시기 바랍니다.\n가.정관 변경 이력\n정관변경일\n해당주총명\n주요변경사항\n변경이유\n2019.03.19\n제71기 정기주주총회\n제8조 주권의 종류제9조의 7 사채 및 신주인수권증권에 표시되어야 할 권리제11조 명의개서대리인제12조 주주등의 주소, 성명 및 인감 또는 서명등의 신고제13조의 2 사채발행에 관한 준용규정제26조 이사의 수\n주식, 사채등의 전자등록에 관한 법률 반영상법개정내용 반영주식회사등의 외부감사에 관한 법률 내용 반영\n2021.03.25\n제73기 정기주주총회\n제9조의4 전환사채의 발행제9조의 7 사채 및 신주인수권증권에 표시되어야 할 권리의 전자등록제11조 명의개서대리인제12조 주주명부작성, 비치제29조 이사의 보선제37조의3 감사위원회\n개정상법 반영 및 문구명확화\n']"
