text
['\n2. 전문가와의 이해관계\n보고서 제출일 현재 해당사항 없습니다.\n']
