text
"['\n3. 연결재무제표 주석\n주석\n제 49 기 반기 2021년 06월 30일 현재\n제 48 기 반기 2020년 06월 30일 현재\n주식회사 호텔신라와 그 종속기업\n1. 연결대상회사의 개요(1) 지배기업의 개요주식회사 호텔신라(이하 ""당사"")는 1973년 5월에 설립되어 서울과 인천 및 제주도 등에서 면세점업과 관광호텔업 등을 영위하고 있으며, 1991년 3월에 한국거래소에 주식을 상장한 공개법인입니다.당사의 보고기간종료일 현재의 수권주식수는 80백만주(1주당 액면금액: 5,000원)이며, 2021년 6월 30일 현재 보통주 발행주식총수와 보통주 납입자본금은 설립이후 수차의 증자를 거쳐 각각 39,248,121주 및 196,240,605천원입니다.\n2021년 6월 30일로 종료하는 보고기간에 대한 요약반기연결재무제표는 당사와 당사의 종속기업(이하 통칭하여 ""연결실체""), 연결실체의 관계기업 및 공동지배기업에 대한 지분으로 구성되어 있습니다.\n(2) 종속기업의 현황보고기간종료일 현재 지배기업의 종속기업 현황은 다음과 같습니다.\n\xa0\xa0 회 사 명\n자본금(천원)\n투자주식수\n지분율\n결산월\n업 종\n소재지\n당반기말\n전기말\n신라스테이 주식회사\n2,000,000\xa0\n400,000주\xa0\n100.0%\n100.0%\n12월\n호텔업\n대한민국\n에스비티엠 주식회사\n3,000,000\xa0\n600,000주\xa0\n100.0%\n100.0%\n12월\n여행업\n대한민국\nSamsung Hospitality America Inc.\n514,050\xa0\n5,000주\xa0\n100.0%\n100.0%\n12월\n여행업\n미국\nSamsung Hospitality Europe GMBH(*1)\n43,098\xa0\n25,000주\xa0\n100.0%\n100.0%\n12월\n여행업\n독일\nSamsung Hospitality U.K. Ltd.(*1)\n137,345\xa0\n75,000주\xa0\n100.0%\n100.0%\n12월\n여행업\n영국\nSamsung Shilla Business Service  Beijing Co., Ltd.\n1,518,921\xa0\n-\xa0\n100.0%\n100.0%\n12월\n여행업\n중국 북경\nShilla Travel Retail Pte. Ltd.\n210,679,350\xa0\n251,560,200주\xa0\n100.0%\n100.0%\n12월\n상품판매\n싱가포르\nSamsung Hospitality Vietnam Co., Ltd.(*1)\n592,166\xa0\n-\xa0\n99.0%\n99.0%\n12월\n여행업\n베트남\nSamsung Hospitality Philippines Inc.(*1)\n229,020\xa0\n92,950주\xa0\n100.0%\n100.0%\n12월\n여행업\n필리핀\nSamsung Hospitality India Private Limited(*1)\n586,250\xa0\n3,349,999주\xa0\n100.0%\n100.0%\n12월\n여행업\n인도\nSamsung Hospitality Romania SRL(*1)\n805,634\xa0\n2,940주\xa0\n100.0%\n100.0%\n12월\n여행업\n루마니아\nTianjin Samsung International Travel  Service Co., Ltd.(*2)\n1,284,381\xa0\n-\xa0\n100.0%\n100.0%\n12월\n여행업\n중국 천진\nShilla Travel Retail Hong Kong Limited\n68,868,800\xa0\n483,000,001주\xa0\n100.0%\n100.0%\n12월\n상품판매\n중국 홍콩\nShilla Travel Retail Taiwan Limited\n1,840,598\xa0\n3,199,000주\xa0\n64.0%\n64.0%\n12월\n상품판매\n대만\nShilla Retail Limited(*3)\n11,849,119\xa0\n-\xa0\n100.0%\n100.0%\n12월\n상품판매\n중국 마카오\nShilla Travel Retail Duty Free HK Limited(*3)\n24,473,064\xa0\n115,544,636주\xa0\n100.0%\n100.0%\n12월\n상품판매\n중국 홍콩\n(*1) 에스비티엠 주식회사의 종속기업입니다.(*2) Samsung Shilla Business Service Beijing Co., Ltd.의 종속기업입니다.(*3) Shilla Travel Retail Hong Kong Limited의 종속기업입니다.(3) 종속기업 변동내역당반기 중 종속기업의 변동내역은 없습니다.\n2. 재무제표 작성기준(1) 회계기준의 적용연결실체의 반기연결재무제표는 한국채택국제회계기준에 따라 작성되는 요약연결중간재무제표입니다. 동 재무제표는 기업회계기준서 제1034호 \'중간재무보고\'에 따라 작성되었으며, 연차연결재무제표에서 요구되는 정보에 비하여 적은 정보를 포함하고 있습니다. 선별적 주석은 직전 연차보고기간말 후 발생한 연결실체의 재무상태와 경영성과의 변동을 이해하는데 유의적인 거래나 사건에 대한 설명을 포함하고 있습니다.(2) 추정과 판단① 경영진의 판단 및 가정과 추정의 불확실성한국채택국제회계기준은 중간재무제표를 작성함에 있어서 회계정책의 적용이나, 중간보고기간말 현재 자산, 부채 및 수익, 비용의 보고금액에 영향을 미치는 사항에 대하여 경영진의 최선의 판단을 기준으로 한 추정치와 가정의 사용을 요구하고 있습니다. 중간보고기간말 현재 경영진의 최선의 판단을 기준으로 한 추정치와 가정이 실제환경과 다를 경우 이러한 추정치와 실제 결과는 다를 수 있습니다.반기연결재무제표에서 사용된 연결실체의 회계정책 적용과 추정금액에 대한 경영진의 판단은 2020년 12월 31일로 종료되는 회계연도의 연차연결재무제표와 동일한 회계정책과 추정의 근거를 사용하였습니다.COVID-19의 확산은 국내외 경제에 중대한 영향을 미치고 있습니다. 이는 매출의 감소나 지연, 기존 채권의 회수 등에 부정적인 영향을 미칠 수 있으며 이로 인해 연결실체의 재무상태와 재무성과에도 부정적인 영향이 발생할 수 있습니다. 연결재무제표 작성 시 사용된 중요한 회계추정 및 가정은 COVID-19에 따른 불확실성의 변동에 따라 조정될 수 있으며, COVID-19로 인하여 연결실체의 사업, 재무상태 및 재무성과 등에 미칠 궁극적인 영향은 현재 반기연결재무제표에 반영된 추정치와 다를 수 있습니다.\r\n② 공정가치 측정연결실체는 공정가치평가 정책과 절차를 수립하고 있습니다. 동 정책과 절차에는 공정가치 서열체계에서 수준 3으로 분류되는 공정가치를 포함한 모든 유의적인 공정가치 측정의 검토를 책임지는 평가부서의 운영을 포함하고 있으며, 그 결과는 재무담당임원에게 직접 보고되고 있습니다.평가부서는 정기적으로 관측가능하지 않은 유의적인 투입변수와 평가 조정을 검토하고 있습니다. 공정가치 측정에서 중개인 가격이나 평가기관과 같은 제3자 정보를 사용하는 경우, 평가부서에서 제3자로부터 입수한 정보에 근거한 평가가 공정가치 서열체계 내 수준별 분류를 포함하고 있으며 해당 기준서의 요구사항을 충족한다고 결론을 내릴 수 있는지 여부를 판단하고 있습니다.연결실체는 유의적인 평가 문제를 감사위원회에 보고하고 있습니다.자산이나 부채의 공정가치를 측정하는 경우, 연결실체는 최대한 시장에서 관측가능한 투입변수를 사용하고 있습니다. 공정가치는 다음과 같이 가치평가기법에 사용된 투입변수에 기초하여 공정가치 서열체계 내에서 분류됩니다. - 수준 1: 측정일에 동일한 자산이나 부채에 대한 접근 가능한 활성시장의 조정되지 않은 공시가격 - 수준 2: 수준 1의 공시가격 이외에 자산이나 부채에 대해 직접적으로 또는 간접적으로 관측가능한 투입변수 - 수준 3: 자산이나 부채에 대한 관측가능하지 않은 투입변수자산이나 부채의 공정가치를 측정하기 위해 사용되는 여러 투입변수가 공정가치 서열체계 내에서 다른 수준으로 분류되는 경우, 연결실체는 측정치 전체에 유의적인 공정가치 서열체계에서 가장 낮은 수준의 투입변수와 동일한 수준으로 공정가치 측정치 전체를 분류하고 있으며, 변동이 발생한 보고기간 말에 공정가치 서열체계의 수준간 이동을 인식하고 있습니다.공정가치 측정 시 사용된 가정의 자세한 정보는 주석 30에 포함되어 있습니다.\n3. 유의적인 회계정책\n아래에서 설명하고 있는 제ㆍ개정 기준서의 적용을 제외하고 연결실체는 2020년 12월 31일로 종료하는 회계연도의 연차연결재무제표를 작성할 때 적용한 것과 동일한 회계정책을 적용하고 있습니다.연결실체는 2021년 4월 1일 발표된 기업회계기준서 제1116호 \'리스\'의 코로나19 관련 임차료 할인 등 개정사항을 조기적용하였습니다. 2021년 1월 1일부터 시행되는 다른 회계기준도 있으나, 그 기준들은 연결실체의 반기연결재무제표에 중요한 영향을 미치지 않습니다.기업회계기준서 제1116호 \'리스\' 개정사항에서는 COVID-19와 직접적으로 관련된 임차료할인에 대한 실무적 간편법의 적용대상 기간을 2021년 6월 30일에서 2022년 6월 30일로 연장하였습니다. 동 개정사항은 2021년 4월 1일 이후 개시하는 회계연도부터 적용하게 되어 있으며, 조기 적용을 허용하고 있습니다.\xa0연결실체는 기업회계기준서 제1116호 \'리스\' 개정에 따라 소급 적용에 따른 누적효과를 2021년 1월 1일(개정안을 최초로 적용하는 회계연도의 기초) 이익잉여금에 인식하였습니다.\xa0\n최초 적용일인 2021년 1월 1일 현재 기업회계기준서 제1116호 \'리스\' 개정으로 반기연결재무상태표에 미치는 영향은 다음과 같습니다.\n(단위:천원)\n구\xa0 분\n2020년 12월 31일\n조정금액\n2021년 1월 1일\n자산\n\u3000\n\u3000\n\u3000\n\xa0사용권자산\n947,431,429\xa0\n121,323,828\xa0\n1,068,755,257\xa0\n\xa0사용권자산 감가상각누계액\n(280,085,816)\n(9,090,689)\n(289,176,505)\n\xa0사용권자산 손상차손누계액\n(86,051,491)\n(112,233,139)\n(198,284,630)\n\xa0이연법인세자산\n114,609,888\xa0\n21,606,485\xa0\n136,216,373\xa0\n부채\n\u3000\n\u3000\n\u3000\n\xa0리스부채\n71,916,640\xa0\n89,930,934\xa0\n161,847,574\xa0\n\xa0미지급비용\n90,521,848\xa0\n(7,974,108)\n82,547,740\xa0\n\xa0장기리스부채\n617,315,549\xa0\n7,326,170\xa0\n624,641,719\xa0\n자본\n\u3000\n\u3000\n\u3000\n\xa0이익잉여금\n341,797,053\xa0\n(67,676,511)\n274,120,542\xa0\n4. 영업부문당반기와 전반기의 연결실체의 영업부문별 정보에 관한 내용은 다음과 같습니다.\n(1) 영업부문에 대한 일반정보\n연결실체의 영업부문은 총 2개의 사업부문으로 구성되어 있으며, 각 사업부문의 주요 재화 및 용역 제공 유형에 따라 다음과 같이 분류할 수 있습니다.\n구 분\n분 류 기 준\n주요 재화 및 용역\nTR 부문\n재화 및 용역제공 유형별 분류\n면세점용 상품 판매 등\n호텔 & 레저부문 등\n""\n객실판매, 식ㆍ음료 판매, 레저사업 (레포츠사업 및 Business Travel Management) 등\n(2) 영업부문의 재무현황당반기와 전반기 중 영업부문의 손익은 다음과 같습니다.① 당반기\n(단위:천원)\n구 분\nTR 부문\n호텔 & 레저부문 등\n연결조정\n연결후금액\n1.매출액\n\xa0총매출액\n1,480,811,685\xa0\n223,869,882\xa0\n(24,077,884)\n1,680,603,683\xa0\n\xa0외부매출액\n1,480,811,685\xa0\n223,869,882\xa0\n(24,077,884)\n1,680,603,683\xa0\n\xa0부문간 내부매출액\n-\xa0\n-\xa0\n-\xa0\n-\xa0\n2.영업손익\n88,770,957\xa0\n(15,855,882)\n40,385\xa0\n72,955,460\xa0\n\xa0(감가상각비 등)\n22,806,634\xa0\n40,853,051\xa0\n776,187\xa0\n64,435,872\xa0\n\xa0반기순손익\n62,260,088\xa0\n(22,890,815)\n(28,821,565)\n10,547,708\xa0\n② 전반기\n(단위:천원)\n구 분\nTR 부문\n호텔 & 레저부문 등\n연결조정\n연결후금액\n1.매출액\n\xa0총매출액\n1,289,839,340\xa0\n203,835,978\xa0\n(27,035,331)\n1,466,639,987\xa0\n\xa0외부매출액\n1,289,839,340\xa0\n203,835,978\xa0\n(27,035,331)\n1,466,639,987\xa0\n\xa0부문간 내부매출액\n-\xa0\n-\xa0\n-\xa0\n-\xa0\n2.영업손익\n(96,467,624)\n(33,680,125)\n(94,346)\n(130,242,095)\n\xa0(감가상각비 등)\n80,091,596\xa0\n40,466,283\xa0\n839,236\xa0\n121,397,115\xa0\n\xa0반기순손익\n(102,653,598)\n(31,873,596)\n(6,763,904)\n(141,291,098)\n보고기간종료일 현재의 영업부문의 자산 및 부채는 다음과 같습니다.\n① 당반기말\n(단위:천원)\n구 분\nTR 부문\n호텔 & 레저부문 등\n연결조정\n연결후금액\n총자산\n1,771,274,051\xa0\n1,218,744,489\xa0\n(304,105,295)\n2,685,913,245\xa0\n총부채\n1,109,288,143\xa0\n1,079,345,804\xa0\n(62,826,139)\n2,125,807,808\xa0\n② 전기말\n(단위:천원)\n구 분\nTR 부문\n호텔 & 레저부문 등\n연결조정\n연결후금액\n총자산\n1,880,580,260\xa0\n1,269,141,564\xa0\n(255,879,365)\n2,893,842,459\xa0\n총부채\n1,184,822,959\xa0\n1,146,496,118\xa0\n(61,432,569)\n2,269,886,508\xa0\n(3) 지역에 대한 정보① 지역부문에 대한 일반정보\n구 분\n주요재화 및 용역\n국내\n면세상품 판매, 객실판매 및 식ㆍ음료 판매, 레저사업 등\n아시아\n면세상품 판매, 호텔예약대행 등\n미주 등\n호텔예약대행 등\n② 당반기와 전반기 중 지역별 손익은 다음과 같습니다.1) 당반기\n(단위:천원)\n구 분\n국 내\n아시아\n미주 등\n연결조정\n연결후금액\n1.매출액\n\xa0총매출액\n1,554,348,232\xa0\n147,072,771\xa0\n3,260,564\xa0\n(24,077,884)\n1,680,603,683\xa0\n\xa0외부매출액\n1,554,348,232\xa0\n147,072,771\xa0\n3,260,564\xa0\n(24,077,884)\n1,680,603,683\xa0\n\xa0부문간 내부매출액\n-\xa0\n-\xa0\n-\xa0\n-\xa0\n-\xa0\n2.영업손익\n60,450,320\xa0\n12,786,005\xa0\n(321,250)\n40,385\xa0\n72,955,460\xa0\n\xa0(감가상각비 등)\n56,802,691\xa0\n6,783,599\xa0\n73,395\xa0\n776,187\xa0\n64,435,872\xa0\n\xa0반기순손익\n28,018,921\xa0\n11,600,565\xa0\n(250,213)\n(28,821,565)\n10,547,708\xa0\n2) 전반기\n(단위:천원)\n구 분\n국 내\n아시아\n미주 등\n연결조정\n연결후금액\n1.매출액\n\xa0총매출액\n1,311,739,277\xa0\n175,143,161\xa0\n6,792,880\xa0\n(27,035,331)\n1,466,639,987\xa0\n\xa0외부매출액\n1,311,739,277\xa0\n175,143,161\xa0\n6,792,880\xa0\n(27,035,331)\n1,466,639,987\xa0\n\xa0부문간 내부매출액\n-\xa0\n-\xa0\n-\xa0\n-\xa0\n-\xa0\n2.영업손익\n(106,838,514)\n(23,761,436)\n452,201\xa0\n(94,346)\n(130,242,095)\n\xa0(감가상각비 등)\n105,435,495\xa0\n15,119,085\xa0\n3,299\xa0\n839,236\xa0\n121,397,115\xa0\n\xa0반기순손익\n(110,017,545)\n(24,782,093)\n272,445\xa0\n(6,763,905)\n(141,291,098)\n③ 보고기간종료일 현재의 지역부문별 비유동자산은 다음과 같습니다.1) 당반기말\n(단위:천원)\n구 분\n국 내\n아시아\n미주 등\n연결조정\n연결후금액\n비유동자산(*)\n1,440,949,294\xa0\n77,056,862\xa0\n613,735\xa0\n(244,658,640)\n1,273,961,251\xa0\n(*) 비유동자산 중 금융자산, 이연법인세자산 및 확정급여자산을 제외한 금액입니다.2) 전기말\n(단위:천원)\n구 분\n국 내\n아시아\n미주 등\n연결조정\n연결후금액\n비유동자산(*)\n1,497,667,763\xa0\n66,575,966\xa0\n662,487\xa0\n(199,050,211)\n1,365,856,005\xa0\n(*) 비유동자산 중 금융자산, 이연법인세자산 및 확정급여자산을 제외한 금액입니다.\n(4) 영업활동의 계절적, 주기적 특성면세유통산업 및 호텔산업의 계절적 특성으로 인하여 연결실체의 매출은 통상적으로여름휴가철과 연말에 증가하는 경향이 있으며, 수입품의 판매에 따라 환율 변동의 영향을 많이 받는 편입니다.\n5. 금융상품의 범주별 분류 및 손익(1) 보고기간종료일 현재 범주별 금융상품의 장부금액은 다음과 같습니다.① 당반기말\n(단위:천원)\n구 분\n상각후원가측정금융자산\n당기손익-공정가치측정금융자산\n기타포괄손익-공정가치측정지분상품\n상각후원가측정금융부채\n당기손익-공정가치측정금융부채\n현금및현금성자산\n318,603,100\xa0\n-\xa0\n-\xa0\n-\xa0\n-\xa0\n단기기타금융자산\n17,697,196\xa0\n-\xa0\n-\xa0\n-\xa0\n-\xa0\n매출채권및기타채권\n153,115,341\xa0\n-\xa0\n-\xa0\n-\xa0\n-\xa0\n단기대여금\n756,008\xa0\n-\xa0\n-\xa0\n-\xa0\n-\xa0\n장기투자자산\n-\xa0\n37,658\xa0\n736,877\xa0\n-\xa0\n-\xa0\n장기기타금융자산\n207,672,351\xa0\n12,859,400\xa0\n-\xa0\n-\xa0\n-\xa0\n장기대여금\n11,645,349\xa0\n-\xa0\n-\xa0\n-\xa0\n-\xa0\n매입채무및기타채무\n-\xa0\n-\xa0\n-\xa0\n280,679,650\xa0\n-\xa0\n단기기타금융부채\n-\xa0\n-\xa0\n-\xa0\n306,193,666\xa0\n-\xa0\n단기차입금\n-\xa0\n-\xa0\n-\xa0\n14,484,636\xa0\n-\xa0\n유동성사채\n-\xa0\n-\xa0\n-\xa0\n299,804,769\xa0\n-\xa0\n장기기타채무\n-\xa0\n-\xa0\n-\xa0\n17,039,054\xa0\n-\xa0\n장기기타금융부채\n-\xa0\n-\xa0\n-\xa0\n553,637,234\xa0\n4,339,200\xa0\n사채\n-\xa0\n-\xa0\n-\xa0\n548,894,019\xa0\n-\xa0\n합\xa0 계\n709,489,345\xa0\n12,897,058\xa0\n736,877\xa0\n2,020,733,028\xa0\n4,339,200\xa0\n② 전기말\n(단위:천원)\n구 분\n상각후원가측정금융자산\n당기손익-공정가치측정금융자산\n기타포괄손익-공정가치측정지분상품\n상각후원가측정금융부채\n당기손익-공정가치측정금융부채\n현금및현금성자산\n240,173,920\xa0\n-\xa0\n-\xa0\n-\xa0\n-\xa0\n단기기타금융자산\n146,987,494\xa0\n-\xa0\n-\xa0\n-\xa0\n-\xa0\n매출채권및기타채권\n135,136,132\xa0\n-\xa0\n-\xa0\n-\xa0\n-\xa0\n단기대여금\n1,149,093\xa0\n-\xa0\n-\xa0\n-\xa0\n-\xa0\n장기투자자산\n-\xa0\n37,658\xa0\n736,877\xa0\n-\xa0\n-\xa0\n장기기타금융자산\n205,927,904\xa0\n12,916,270\xa0\n-\xa0\n-\xa0\n-\xa0\n장기대여금\n10,112,083\xa0\n-\xa0\n-\xa0\n-\xa0\n-\xa0\n매입채무및기타채무\n-\xa0\n-\xa0\n-\xa0\n369,547,441\xa0\n-\xa0\n단기기타금융부채\n-\xa0\n-\xa0\n-\xa0\n222,044,288\xa0\n-\xa0\n단기차입금\n-\xa0\n-\xa0\n-\xa0\n89,640,650\xa0\n-\xa0\n장기기타채무\n-\xa0\n-\xa0\n-\xa0\n18,280,304\xa0\n-\xa0\n장기기타금융부채\n-\xa0\n-\xa0\n-\xa0\n618,235,076\xa0\n4,177,920\xa0\n사채\n-\xa0\n-\xa0\n-\xa0\n848,398,391\xa0\n-\xa0\n합\xa0 계\n739,486,626\xa0\n12,953,928\xa0\n736,877\xa0\n2,166,146,150\xa0\n4,177,920\xa0\n(2) 당반기와 전반기 중 금융상품 범주별 손익은 다음과 같습니다.\n(단위:천원)\n구 분\n당반기\n전반기\n3개월\n누 적\n3개월\n누 적\n금융자산\n상각후원가로 측정하는금융자산\n현금및현금성자산 이자수익\n406,712\n672,567\xa0\n344,279\xa0\n1,343,846\xa0\n상각후원가로 측정하는 금융자산의 상각에 따른 이자수익\n1,173,426\xa0\n2,326,593\xa0\n1,114,684\xa0\n2,222,242\xa0\n장ㆍ단기대여금 이자수익\n68,420\xa0\n145,310\xa0\n118,782\xa0\n221,715\xa0\n기타의대손상각비\n264,847\xa0\n811,197\xa0\n-\xa0\n-\xa0\n환율변동손익\n(630,703)\n(1,103,755)\n(1,352,232)\n(16,929,414)\n당기손익-공정가치로 측정하는 금융자산\n공정가치로 인식된 금융자산 이자수익\n-\xa0\n-\xa0\n12,530\xa0\n-\xa0\n환율변동손익\n(56,870)\n(56,870)\n-\xa0\n-\xa0\n금융부채\n상각후원가로 측정하는금융부채\n차입금및사채 이자비용\n5,453,541\xa0\n11,084,534\xa0\n6,607,093\xa0\n11,417,926\xa0\n리스부채 이자비용\n4,607,440\xa0\n9,396,574\xa0\n5,720,860\xa0\n10,945,740\xa0\n환율변동손익\n451,191\xa0\n(953,813)\n1,707,643\xa0\n669,039\xa0\n당기손익-공정가치로 측정하는 금융부채\n환율변동손익\n(161,280)\n(161,280)\n-\xa0\n-\xa0\n6. 현금및현금성자산보고기간종료일 현재 현금및현금성자산의 내역은 다음과 같습니다.\n(단위:천원)\n구 분\n당반기말\n전기말\n보유현금\n35,586,933\xa0\n11,431,075\xa0\n단기예금 등\n283,016,167\xa0\n228,742,845\xa0\n합\xa0 계\n318,603,100\xa0\n240,173,920\xa0\n7. 기타금융자산 및 부채(1) 보고기간종료일 현재 기타금융자산 및 부채의 내역은 다음과 같습니다.① 당반기말\n(단위:천원)\n구 분\n채권액\n대손충당금\n현재가치할인차금\n장부금액\n기타금융자산:\n유동자산\n\xa0단기금융상품\n13,000,000\xa0\n-\xa0\n-\xa0\n13,000,000\xa0\n\xa0미수수익\n12,396,507\xa0\n(11,645,887)\n-\xa0\n750,620\xa0\n\xa0예치보증금\n3,946,576\xa0\n-\xa0\n-\xa0\n3,946,576\xa0\n소\xa0 계\n29,343,083\xa0\n(11,645,887)\n-\xa0\n17,697,196\xa0\n비유동자산\n\u3000\n\u3000\n\u3000\n\u3000\n\xa0장기금융상품\n13,500\xa0\n-\xa0\n-\xa0\n13,500\xa0\n\xa0임차보증금\n220,939,602\xa0\n-\xa0\n(13,280,751)\n207,658,851\xa0\n\xa0파생상품자산\n12,859,400\xa0\n-\xa0\n-\xa0\n12,859,400\xa0\n소\xa0 계\n233,812,502\xa0\n-\xa0\n(13,280,751)\n220,531,751\xa0\n합\xa0 계\n263,155,585\xa0\n(11,645,887)\n(13,280,751)\n238,228,947\xa0\n기타금융부채:\n\u3000\n\u3000\n\u3000\n\u3000\n유동부채\n\u3000\n\u3000\n\u3000\n\u3000\n\xa0리스부채\n160,495,707\xa0\n-\xa0\n(2,748,299)\n157,747,408\xa0\n\xa0예수금\n3,216,664\xa0\n-\xa0\n-\xa0\n3,216,664\xa0\n\xa0단기예수보증금\n145,229,594\xa0\n-\xa0\n-\xa0\n145,229,594\xa0\n소\xa0 계\n308,941,965\xa0\n-\xa0\n(2,748,299)\n306,193,666\xa0\n비유동부채\n\u3000\n\u3000\n\u3000\n\u3000\n\xa0장기리스부채\n641,212,654\xa0\n-\xa0\n(88,320,876)\n552,891,778\xa0\n\xa0장기예수보증금\n745,456\xa0\n-\xa0\n-\xa0\n745,456\xa0\n\xa0당기손익-공정가치측정금융부채(*)\n4,339,200\xa0\n-\xa0\n-\xa0\n4,339,200\xa0\n소\xa0 계\n646,297,310\xa0\n-\xa0\n(88,320,876)\n557,976,434\xa0\n합\xa0 계\n955,239,275\xa0\n-\xa0\n(91,069,175)\n864,170,100\xa0\n(*) 3Sixty Duty Free & More Holdings, LLC의 투자주식 취득 시 체결한 Earn-out Payment와 관련된 금융부채입니다(주석 21 참조).\n② 전기말\n(단위:천원)\n구 분\n채권액\n대손충당금\n현재가치할인차금\n장부금액\n기타금융자산:\n유동자산\n\xa0단기금융상품\n14,370,400\xa0\n-\xa0\n-\xa0\n14,370,400\xa0\n\xa0미수수익\n12,342,980\xa0\n(11,645,887)\n-\xa0\n697,093\xa0\n\xa0예치보증금\n131,920,001\xa0\n-\xa0\n-\xa0\n131,920,001\xa0\n소\xa0 계\n158,633,381\xa0\n(11,645,887)\n-\xa0\n146,987,494\xa0\n비유동자산\n\xa0장기금융상품\n13,500\xa0\n-\xa0\n-\xa0\n13,500\xa0\n\xa0임차보증금\n221,443,063\xa0\n-\xa0\n(15,528,659)\n205,914,404\xa0\n\xa0파생상품자산\n12,916,270\xa0\n-\xa0\n-\xa0\n12,916,270\xa0\n소\xa0 계\n234,372,833\xa0\n-\xa0\n(15,528,659)\n218,844,174\xa0\n합\xa0 계\n393,006,214\xa0\n(11,645,887)\n(15,528,659)\n365,831,668\xa0\n기타금융부채:\n유동부채\n\xa0리스부채\n73,292,613\xa0\n-\xa0\n(1,375,973)\n71,916,640\xa0\n\xa0예수금\n6,260,143\xa0\n-\xa0\n-\xa0\n6,260,143\xa0\n\xa0단기예수보증금\n143,867,505\xa0\n-\xa0\n-\xa0\n143,867,505\xa0\n소\xa0 계\n223,420,261\xa0\n-\xa0\n(1,375,973)\n222,044,288\xa0\n비유동부채\n\xa0장기리스부채\n714,433,016\xa0\n-\xa0\n(97,117,467)\n617,315,549\xa0\n\xa0장기예수보증금\n919,527\xa0\n-\xa0\n-\xa0\n919,527\xa0\n\xa0당기손익-공정가치측정금융부채\n4,177,920\xa0\n-\xa0\n-\xa0\n4,177,920\xa0\n소\xa0 계\n719,530,463\xa0\n-\xa0\n(97,117,467)\n622,412,996\xa0\n합\xa0 계\n942,950,724\xa0\n-\xa0\n(98,493,440)\n844,457,284\xa0\n(2) 당반기말 현재 사용제한예금의 내역은 다음과 같습니다.\n(단위:천원)\n계정과목\n금융기관\n당반기말\n제한내용\n현금및현금성자산\n우리은행\n120,000\xa0\n질권설정\n신한은행\n1,159,236\xa0\n사용제한\n장기금융상품\n우리은행 등\n13,500\xa0\n당좌개설보증금\n(3) 파생상품① 연결실체는 3Sixty Duty Free & More Holdings, LLC의 지분과 관련하여 기존주주가 보유하고 있는 지분 중 23%를 매수할 수 있는 콜옵션을 보유하고 있으며, 기존주주는 연결실체의 콜옵션 행사 시 잔여지분인 33%에 대해서 연결실체에게 매도할 수 있는 풋옵션을 보유하고 있습니다.\xa0\n1) 콜옵션\xa0\n구분\n내용\n매수선택권 대상회사\n3Sixty Duty Free & More Holdings, LLC\xa0기존주주\n발행일\n2020년 4월 7일\n대상주식\n3Sixty Duty Free & More Holdings, LLC 보통주\n대상지분율\n기존주주가 보유한 지분 23.0%\n행사기간\n2026년 1월 1일부터 10개월간(기존주주의 요청에 의해 총 2회의 행사기간 1년 연기 가능)\n행사가격\n((행사직전연도3Sixty Duty Free & More Holdings, LLC의 EBITDA - 비지배지분의 EBITDA) x 10배수(약정비율)) - 순부채) x 대상지분율\n행사조건\n3Sixty Duty Free & More Holdings, LLC의 행사직전연도의 EBITDA가 그 이전 3개년도 EBITDA 평균값보다 높을 경우\n2) 풋옵션\xa0\n구분\n내용\n매도선택권 대상회사\n㈜호텔신라\n발행일\n2020년 4월 7일\n대상주식\n3Sixty Duty Free & More Holdings, LLC 보통주\n대상지분율\n기존주주가 보유한 잔여 지분 33.0%\n행사기간\n콜옵션 행사 후 10개월 이내\n행사가격\n((행사직전연도3Sixty Duty Free & More Holdings, LLC의 EBITDA - 비지배지분의 EBITDA) x 9배수 (약정비율)) - 순부채) x 대상지분율\n행사조건\n콜옵션이 행사된 경우\n② 당반기와 전기 중 파생상품자산의 변동내역은 다음과 같습니다.1) 당반기\n(단위: 천원)\n구분\n기 초\n취 득\n평 가\n기 타(*)\n기 말\n파생상품자산\n12,916,270\xa0\n-\xa0\n-\xa0\n(56,870)\n12,859,400\xa0\n(*) 환율변동액으로 구성되어 있습니다.\n2) 전기\n(단위: 천원)\n구분\n기 초\n취 득\n평 가\n기 타(*)\n기 말\n파생상품자산\n-\xa0\n15,027,855\xa0\n(939,544)\n(1,172,041)\n12,916,270\xa0\n(*) 환율변동액으로 구성되어 있습니다.\n8. 매출채권및기타채권(1) 보고기간종료일 현재 매출채권및기타채권의 내역은 다음과 같습니다.\n(단위:천원)\n구 분\n당반기말\n전기말\n매출채권\n37,741,714\xa0\n28,564,672\xa0\n대손충당금\n-\xa0\n-\xa0\n미수금\n115,373,627\xa0\n106,571,460\xa0\n대손충당금\n-\xa0\n-\xa0\n합\xa0 계\n153,115,341\xa0\n135,136,132\xa0\n(2) 연결실체의 매출채권및기타채권은 다수의 거래처로 분산되어 있으며, 중요한 신용위험의 집중은 없습니다.(3) 보고기간종료일 현재 매출채권및기타채권 연령분석의 상세내역은 다음과 같습니다.\n(단위:천원)\n구 분\n당반기말\n전기말\n연체되지도않고손상되지않은채권\n151,100,831\xa0\n131,903,281\xa0\n연체되었으나손상되지않은채권\n2,014,510\xa0\n3,232,851\xa0\n- 6개월 이내\n1,819,118\xa0\n3,150,544\xa0\n- 6개월 ~ 1년 이내\n165,418\xa0\n50,753\xa0\n- 1년 초과 ~ 3년 이내\n29,974\xa0\n31,554\xa0\n- 3년 초과\n-\xa0\n-\xa0\n손상검토된채권\n-\xa0\n-\xa0\n- 6개월 이내\n-\xa0\n-\xa0\n- 6개월 ~ 1년 이내\n-\xa0\n-\xa0\n- 1년 초과 ~ 3년 이내\n-\xa0\n-\xa0\n- 3년 초과\n-\xa0\n-\xa0\n소\xa0 계\n153,115,341\xa0\n135,136,132\xa0\n차감 : 대손충당금\n-\xa0\n-\xa0\n합\xa0 계\n153,115,341\xa0\n135,136,132\xa0\n9. 장ㆍ단기대여금보고기간종료일 현재 장ㆍ단기대여금의 내역은 다음과 같습니다.\n(단위:천원)\n내 역\n당반기말 현재연이자율(%)\n당반기말\n전기말\n유 동\n비유동\n유 동\n비유동\n종업원 주택구입자금대여금\n0.00 ~ 2.00\n756,008\xa0\n1,645,349\xa0\n728,454\xa0\n1,573,443\xa0\nGMS Duty Free Co., Ltd.\nMLR-2.50\n-\xa0\n4,928,000\xa0\n-\xa0\n5,087,600\xa0\nSky Shilla Duty Free Ltd.(*1)\n2.99 ~ 3.74\n-\xa0\n-\xa0\n86,719\xa0\n-\xa0\nA&S Takashimaya Duty Free\xa0 Company Limited(*2)\n1.00\n-\xa0\n-\xa0\n-\xa0\n-\xa0\nHong Kong LLABEAU Limited\n4.00\n-\xa0\n-\xa0\n333,920\xa0\n-\xa0\n3Sixty Duty Free & More Holdings, LLC\n5.25\n-\xa0\n4,972,000\xa0\n-\xa0\n3,351,040\xa0\n기타(*3)\n-\n-\xa0\n100,000\xa0\n-\xa0\n100,000\xa0\n합\xa0 계\n756,008\xa0\n11,645,349\xa0\n1,149,093\xa0\n10,112,083\xa0\n(*1) 전기 이전 중 Sky Shilla Duty Free Ltd.(이하 \'대상회사\') 자본금의 일부가 채무전환됨에 따라 지배기업의 공동기업투자의 일부가 대여금으로 전환되었습니다. 대상회사의 지분법 적용 후 주식 장부금액이 영(""0"")이 됨에 따라, 연결실체는 대상회사의\xa0당기순자산 변동금액 중 연결실체의 지분율에 해당하는 95,077천원의\xa0지분법손실과\xa0156,068천원의 부의지분법자본변동을 대여금에 대한 대손충당금으로 각각 반영하였습니다. 대여금에 대한 대손충당금으로 반영된 누적 지분법손실 및 지분법자본변동 금액은 4,423,265천원입니다.(*2) 연결실체가 A&S Takashimaya Duty Free Company Limited(이하 \'대상회사\')의 지분법 적용 후 주식 장부금액이 영(""0"")이 됨에 따라 대여금에 대한 대손충당금으로 반영한 누적 지분법손실 및 지분법자본변동 금액은 1,538,783천원이며, 대상회사의 주식 및 대여금 장부금액이 영(""0"")이 됨에 따라 인식되지 않은 누적 지분법손실 및 지분법자본변동 금액은 7,383,656천원입니다(주석 11 참조).\n(*3) 2013년 중 ㈜동화면세점 최대주주인 김기병(이하 ""양도인"")으로부터 ㈜동화면세점의 주식 358,200주(이하 ""대상주식"")를 양수하는 계약을 체결하고 이를 거래 실질에 따라 대여금으로 계상한 금액 60,000백만원이 포함되어 있습니다. 동 계약과 관련하여 계약 체결 후 3년이 경과한 이후부터, 연결실체는 약정에 따른 매매가격으로 양도인에게 대상주식을 매도할 권리를 보유하고 있으며, 양도인은 약정에 따른 매매가격으로 연결실체로부터 대상주식을 재매입할 권리를 보유하고 있습니다. 연결실체는 전기 이전 중 해당 주식에 대한 매도청구권을 행사함에 따라 양도인은 해당 주식을 매수할 의무를 부담하나, 당반기말 현재 동 매수의무를 이행하지 않고 있어 연결실체는양도인에게 상기매수의무의 이행과 관련한 소송을 제기하였습니다(주석 21 참조). 한편, 본 계약의 이행을 담보하기 위하여 연결실체는 양도인의 ㈜동화면세점 주식 543,600주에 대하여 질권을 설정하고 있습니다. 연결실체는 동 대여금에 대하여 전기이전에 59,900백만원을 손상으로 인식하였습니다. 대여금에 대한 기대신용손실은 질권 설정된 주식의 사용가치를 반영하여 결정되었습니다.\n10. 재고자산보고기간종료일 현재 재고자산의 내역은 다음과 같습니다.\n(단위:천원)\n구 분\n당반기말\n전기말\n취득원가\n평가손실충당금\n장부금액\n취득원가\n평가손실충당금\n장부금액\n상품(*)\n535,399,187\xa0\n(15,861,549)\n519,537,638\xa0\n614,396,659\xa0\n(12,737,316)\n601,659,343\xa0\n원재료\n4,481,294\xa0\n-\xa0\n4,481,294\xa0\n4,925,194\xa0\n-\xa0\n4,925,194\xa0\n저장품\n728,680\xa0\n-\xa0\n728,680\xa0\n743,773\xa0\n-\xa0\n743,773\xa0\n미착품\n3,324,948\xa0\n-\xa0\n3,324,948\xa0\n12,867,723\xa0\n-\xa0\n12,867,723\xa0\n합\xa0 계\n543,934,109\xa0\n(15,861,549)\n528,072,560\xa0\n632,933,349\xa0\n(12,737,316)\n620,196,033\xa0\n(*) 당반기말 및 전기말 현재 재고자산에 포함된 고객에게서 상품을 회수할 권리는\xa02,499,021천원 및 2,547,444천원입니다. 연결실체는 당반기와 전반기에 순실현가능가치에 기초한 재고자산평가와 관련하여 각각 재고자산평가손실충당금 전입액 3,123,927천원과 2,440,873천원을 인식하였습니다. 한편, 연결실체의 재고자산은 주로 면세품목과 식음료재료로 구성되어 있으며, 당반기말 현재 연결실체의 재고자산에 대하여 가입하고 있는 보험의 부보금액은 1,251,787,610천원입니다.\n11. 관계기업및공동기업투자(1) 보고기간종료일 현재 관계기업및공동기업투자의 내역은 다음과 같습니다.① 당반기말\n(단위:천원,주)\n회사명\n업종\n보유주식수\n지분율\n취득원가\n장부금액\n소재지\n결산월\n㈜모두투어인터내셔널(*1,2)\n여행알선업\n2,814\xa0\n2.5%\xa0\n985,180\xa0\n-\xa0\n대한민국\n12월\nGMS Duty Free Co., Ltd.\n면세상품판매업\n7,680,000\xa0\n40.0%\xa0\n29,953,277\xa0\n6,765,169\xa0\n태국\n12월\nSky Shilla Duty Free Ltd.(*3)\n면세상품판매업\n-\xa0\n40.0%\xa0\n1,367\xa0\n-\xa0\n중국 마카오\n12월\n에이치디씨신라면세점㈜\n면세상품판매업\n8,000,000\xa0\n50.0%\xa0\n40,000,000\xa0\n16,462,967\xa0\n대한민국\n12월\nA&S Takashimaya Duty Free  Company Limited(*4)\n면세상품판매업\n3,920\xa0\n20.0%\xa0\n2,087,018\xa0\n-\xa0\n일본\n12월\n3Sixty Duty Free & More  Holdings, LLC(*5)\n상품판매업\n-\xa0\n44.0%\xa0\n76,035,634\xa0\n38,323,335\xa0\n미국\n12월\n합\xa0 계\n\u3000\n\u3000\n149,062,476\xa0\n61,551,471\xa0\n(*1) 상기 ㈜모두투어인터내셔널에 대한 관계기업투자 지분율이 20% 미만이지만, 피투자기업의 이사회에서 의결권을 행사할 수 있으므로 관계기업투자로 분류하였습니다.(*2) ㈜모두투어인터내셔널은 전기 이전에 관계기업투자 장부금액이 영(""0"") 이하로\xa0 감소하여 지분법 적용을 중지하였으며, 이에 따라 당반기에 인식하지 않은 지분법손실금액 및 지분법자본변동은 1,990천원이고 누적 미인식 지분법손실금액 및 지분법자본변동은 70,696천원입니다.(*3)\xa0Sky Shilla Duty Free Ltd.는 전기 이전에 영업이 중단되었습니다.(*4) A&S Takashimaya Duty Free Company Limited의 관계기업투자 장부금액 및 대여금 장부금액이 영(""0"")이하로 감소하여 지분법 적용을 중지하였으며, 당반기에 인식하지 않은 지분법이익 및 지분법자본변동 금액은 547,194천원이고, 누적 미인식지분법손실 및 지분법자본변동 금액은 7,383,656천원입니다.(*5) 연결실체는 3Sixty Duty Free & More Holdings, LLC의 지분을 취득하면서 Earn-out payment, 콜옵션 및 풋옵션이 포함된 계약을 체결하였습니다(주석 21 참조).\n② 전기말\n(단위:천원,주)\n회사명\n업종\n보유주식수\n지분율\n취득원가\n장부금액\n소재지\n결산월\n㈜모두투어인터내셔널\n여행알선업\n2,814\xa0\n2.5%\xa0\n985,180\xa0\n-\xa0\n대한민국\n12월\nGMS Duty Free Co., Ltd.\n면세상품판매업\n7,680,000\xa0\n40.0%\xa0\n29,953,277\xa0\n8,808,166\xa0\n태국\n12월\nSky Shilla Duty Free Ltd.\n면세상품판매업\n-\xa0\n40.0%\xa0\n1,367\xa0\n-\xa0\n중국 마카오\n12월\n에이치디씨신라면세점㈜\n면세상품판매업\n8,000,000\xa0\n50.0%\xa0\n40,000,000\xa0\n25,863,238\xa0\n대한민국\n12월\nA&S Takashimaya Duty Free  Company Limited\n면세상품판매업\n3,920\xa0\n20.0%\xa0\n2,087,018\xa0\n-\xa0\n일본\n12월\nHong Kong LLABEAU Limited\n상품판매업\n17,500,000\xa0\n50.0%\xa0\n2,876,925\xa0\n424,999\xa0\n중국 홍콩\n12월\n3Sixty Duty Free & More  Holdings, LLC\n상품판매업\n-\xa0\n44.0%\xa0\n76,035,634\xa0\n59,710,551\xa0\n미국\n12월\n합\xa0 계\n\u3000\n\u3000\n151,939,401\xa0\n94,806,954\xa0\n(2) 당반기와 전기 중 관계기업및공동기업투자의 변동내역은 다음과 같습니다.① 당반기\n(단위:천원)\n회 사 명\n기 초\n처 분\n지분법손익\n지분법자본변동\n기 타(*2)\n기 말\n㈜모두투어인터내셔널\n-\xa0\n-\xa0\n-\xa0\n-\xa0\n-\xa0\n-\xa0\nGMS Duty Free Co., Ltd.\n8,808,166\xa0\n-\xa0\n(1,878,234)\n(164,763)\n-\xa0\n6,765,169\xa0\nSky Shilla Duty Free Ltd.\n-\xa0\n-\xa0\n(95,077)\n(156,068)\n251,145\xa0\n-\xa0\n에이치디씨신라면세점㈜\n25,863,238\xa0\n-\xa0\n(9,400,271)\n-\xa0\n-\xa0\n16,462,967\xa0\nA&S Takashimaya Duty Free  Company Limited\n-\xa0\n-\xa0\n-\xa0\n-\xa0\n-\xa0\n-\xa0\nHong Kong LLABEAU Limited(*1)\n424,999\xa0\n(303,912)\n(53,341)\n(67,746)\n-\xa0\n-\xa0\n3Sixty Duty Free & More  Holdings, LLC\xa0\n59,710,551\xa0\n-\xa0\n(19,907,513)\n(1,479,703)\n-\xa0\n38,323,335\xa0\n합\xa0 계\n94,806,954\xa0\n(303,912)\n(31,334,436)\n(1,868,280)\n251,145\xa0\n61,551,471\xa0\n(*1) 당반기 중 연결실체는 상기 주식을 처분하였으며, 그 결과 129백만원의 처분이익을 인식하였으며, 연결손익계산서 상 투자손익으로 분류하였습니다.(*2)\xa0당반기 중 Sky Shilla Duty Free Ltd.에서 발생한 지분법평가손익 및 지분법자본변동을 대여금의 대손충당금으로 대체하여 변동한 효과입니다.\n② 전기\n(단위:천원)\n회 사 명\n기 초\n취 득\n지분법손익\n지분법자본변동\n기 타(*)\n기 말\n㈜모두투어인터내셔널\n-\xa0\n-\xa0\n-\xa0\n-\xa0\n-\xa0\n-\xa0\nGMS Duty Free Co., Ltd.\n11,871,170\xa0\n-\xa0\n(2,550,148)\n(512,856)\n-\xa0\n8,808,166\xa0\nSky Shilla Duty Free Ltd.\n-\xa0\n-\xa0\n(373,377)\n256,398\xa0\n116,979\xa0\n-\xa0\n에이치디씨신라면세점㈜\n35,201,425\xa0\n-\xa0\n(9,338,187)\n-\xa0\n-\xa0\n25,863,238\xa0\nA&S Takashimaya Duty Free  Company Limited\n-\xa0\n-\xa0\n-\xa0\n-\xa0\n-\xa0\n-\xa0\nHong Kong LLABEAU Limited\n473,752\xa0\n-\xa0\n(52,884)\n4,131\xa0\n-\xa0\n424,999\xa0\n3Sixty Duty Free & More  Holdings, LLC\xa0\n-\xa0\n76,035,634\xa0\n(10,556,972)\n(5,768,111)\n-\xa0\n59,710,551\xa0\n합\xa0 계\n47,546,347\xa0\n76,035,634\xa0\n(22,871,568)\n(6,020,438)\n116,979\xa0\n94,806,954\xa0\n(*) 전기 중 Sky Shilla Duty Free Ltd.에서 발생한 지분법평가손익 및 지분법자본변동을 대여금의 대손충당금으로 대체하여 변동한 효과입니다.\n12. 장기투자자산(1) 보고기간종료일 현재 장기투자자산의 내역은 다음과 같습니다.\n(단위:천원)\n구 분\n당반기말\n전기말\n취득원가\n장부금액\n미실현보유손익\n손상차손\n장부금액\n당반기이전\n당반기\n시장성 없는 지분증권\n10,276,509\xa0\n774,535\xa0\n-\xa0\n(9,501,974)\n-\xa0\n774,535\xa0\n(2) 시장성 없는 지분증권\n(단위:천원,주)\n회\xa0 사\xa0 명\n당반기말\n전기말\n보유주식수\n지분율\n취득원가\n장부금액\n손상차손\n장부금액\n당반기이전\n당반기\n주식회사 케이티에스씨(*1)\n4,689\xa0\n0.38%\n36,877\xa0\n36,877\xa0\n-\xa0\n-\xa0\n36,877\xa0\n㈜제주국제컨벤션센터(*1)\n40,000\xa0\n0.12%\n200,000\xa0\n200,000\xa0\n-\xa0\n-\xa0\n200,000\xa0\n㈜드림허브프로젝트금융투자(*2)\n1,900,000\xa0\n0.95%\n9,501,974\xa0\n-\xa0\n(9,501,974)\n-\xa0\n-\xa0\n보세판매장운영협의회(*2)\n-\xa0\n20.00%\n20,000\xa0\n20,000\xa0\n-\xa0\n-\xa0\n20,000\xa0\n한국면세점협회(*2)\n-\xa0\n-\n17,658\xa0\n17,658\xa0\n-\xa0\n-\xa0\n17,658\xa0\n주식회사 제이트립(*1)\n50,000\xa0\n13.55%\n500,000\xa0\n500,000\xa0\n-\xa0\n-\xa0\n500,000\xa0\n합\xa0 계\n\u3000\n\u3000\n10,276,509\xa0\n774,535\xa0\n(9,501,974)\n-\xa0\n774,535\xa0\n(*1) 기업회계기준서 제1109호에 따라 기타포괄손익-공정가치측정금융상품으로 지정하였습니다.(*2) 기업회계기준서 제1109호에 따라 당기손익-공정가치측정금융상품으로 분류하였습니다.\n13. 유형자산(1) 당반기와 전기 중 연결실체의 유형자산의 변동내역은 다음과 같습니다.① 당반기\n(단위:천원)\n구 분\n기 초\n취득 및자본적지출(*1)\n처 분\n본계정대체로인한 증감\n감가상각비\n기타증감액(*2)\n기 말\n취득원가:\n\xa0토지\n196,570,975\xa0\n-\xa0\n-\xa0\n-\xa0\n-\xa0\n-\xa0\n196,570,975\xa0\n\xa0건물\n410,818,371\xa0\n-\xa0\n-\xa0\n731\xa0\n-\xa0\n-\xa0\n410,819,102\xa0\n\xa0건물부속설비\n184,996,386\xa0\n10,400\xa0\n(48,147)\n681,380\xa0\n-\xa0\n-\xa0\n185,640,019\xa0\n\xa0구축물\n26,537,077\xa0\n-\xa0\n-\xa0\n-\xa0\n-\xa0\n-\xa0\n26,537,077\xa0\n\xa0기계장치\n17,982,709\xa0\n27,410\xa0\n(39,610)\n131,417\xa0\n-\xa0\n-\xa0\n18,101,926\xa0\n\xa0차량운반구\n3,072,007\xa0\n-\xa0\n(27,347)\n26,821\xa0\n-\xa0\n-\xa0\n3,071,481\xa0\n\xa0가구집기비품\n322,232,750\xa0\n506,866\xa0\n(20,823,010)\n6,395,370\xa0\n-\xa0\n1,854,008\xa0\n310,165,984\xa0\n\xa0직물\n10,454,823\xa0\n986,103\xa0\n(1,138,484)\n13,210\xa0\n-\xa0\n7,309\xa0\n10,322,961\xa0\n\xa0입목\n8,571,395\xa0\n-\xa0\n-\xa0\n-\xa0\n-\xa0\n-\xa0\n8,571,395\xa0\n\xa0건설중인자산\n25,096,561\xa0\n10,184,886\xa0\n-\xa0\n(7,248,929)\n-\xa0\n(2,727,077)\n25,305,441\xa0\n소\xa0 계\n1,206,333,054\xa0\n11,715,665\xa0\n(22,076,598)\n-\xa0\n-\xa0\n(865,760)\n1,195,106,361\xa0\n감가상각 및 손상차손누계액:\n\xa0건물\n(155,414,737)\n-\xa0\n-\xa0\n-\xa0\n(5,926,350)\n-\xa0\n(161,341,087)\n\xa0건물부속설비\n(114,675,485)\n-\xa0\n36,873\xa0\n-\xa0\n(6,872,271)\n-\xa0\n(121,510,883)\n\xa0구축물\n(11,585,467)\n-\xa0\n-\xa0\n-\xa0\n(478,445)\n-\xa0\n(12,063,912)\n\xa0기계장치\n(13,516,144)\n-\xa0\n29,741\xa0\n-\xa0\n(459,044)\n-\xa0\n(13,945,447)\n\xa0차량운반구\n(2,196,166)\n-\xa0\n25,964\xa0\n-\xa0\n(145,738)\n-\xa0\n(2,315,940)\n\xa0가구집기비품\n(276,571,961)\n-\xa0\n20,729,741\xa0\n-\xa0\n(7,644,436)\n(1,767,453)\n(265,254,109)\n\xa0직물\n(7,549,158)\n-\xa0\n1,045,975\xa0\n-\xa0\n(1,080,489)\n(6,949)\n(7,590,621)\n소\xa0 계\n(581,509,118)\n-\xa0\n21,868,294\xa0\n-\xa0\n(22,606,773)\n(1,774,402)\n(584,021,999)\n장부금액:\n\xa0토지\n196,570,975\xa0\n-\xa0\n-\xa0\n-\xa0\n-\xa0\n-\xa0\n196,570,975\xa0\n\xa0건물\n255,403,634\xa0\n-\xa0\n-\xa0\n731\xa0\n(5,926,350)\n-\xa0\n249,478,015\xa0\n\xa0건물부속설비\n70,320,901\xa0\n10,400\xa0\n(11,274)\n681,380\xa0\n(6,872,271)\n-\xa0\n64,129,136\xa0\n\xa0구축물\n14,951,610\xa0\n-\xa0\n-\xa0\n-\xa0\n(478,445)\n-\xa0\n14,473,165\xa0\n\xa0기계장치\n4,466,565\xa0\n27,410\xa0\n(9,869)\n131,417\xa0\n(459,044)\n-\xa0\n4,156,479\xa0\n\xa0차량운반구\n875,841\xa0\n-\xa0\n(1,383)\n26,821\xa0\n(145,738)\n-\xa0\n755,541\xa0\n\xa0가구집기비품\n45,660,789\xa0\n506,866\xa0\n(93,269)\n6,395,370\xa0\n(7,644,436)\n86,555\xa0\n44,911,875\xa0\n\xa0직물\n2,905,665\xa0\n986,103\xa0\n(92,509)\n13,210\xa0\n(1,080,489)\n360\xa0\n2,732,340\xa0\n\xa0입목\n8,571,395\xa0\n-\xa0\n-\xa0\n-\xa0\n-\xa0\n-\xa0\n8,571,395\xa0\n\xa0건설중인자산\n25,096,561\xa0\n10,184,886\xa0\n-\xa0\n(7,248,929)\n-\xa0\n(2,727,077)\n25,305,441\xa0\n합\xa0 계\n624,823,936\xa0\n11,715,665\xa0\n(208,304)\n-\xa0\n(22,606,773)\n(2,640,162)\n611,084,362\xa0\n(*1) 당반기에 자본화된 차입원가는 268,493천원이며, 자본화금액을 산정하기 위한 일반차입금 이자율은 2.43%입니다.(*2) 당반기 중 건설중인자산에서 무형자산으로 대체된 금액과 유형자산간 계정대체금액, 환율변동액 등으로 구성되어 있습니다.\n② 전기\n(단위:천원)\n구 분\n기 초\n취득 및 자본적지출(*1)\n처 분\n손상차손(*2)\n본계정대체로 인한 증감\n감가상각비\n기타증감액(*3)\n기 말\n취득원가:\n\xa0토지\n196,793,567\xa0\n-\xa0\n(222,592)\n-\xa0\n-\xa0\n-\xa0\n-\xa0\n196,570,975\xa0\n\xa0건물\n410,755,942\xa0\n-\xa0\n(642,161)\n-\xa0\n704,590\xa0\n-\xa0\n-\xa0\n410,818,371\xa0\n\xa0건물부속설비\n181,774,524\xa0\n11,972\xa0\n(410,504)\n-\xa0\n3,620,394\xa0\n-\xa0\n-\xa0\n184,996,386\xa0\n\xa0구축물\n26,005,386\xa0\n-\xa0\n(4,380)\n-\xa0\n536,071\xa0\n-\xa0\n-\xa0\n26,537,077\xa0\n\xa0기계장치\n16,513,750\xa0\n1,945,829\xa0\n(830,569)\n-\xa0\n353,699\xa0\n-\xa0\n-\xa0\n17,982,709\xa0\n\xa0차량운반구\n3,071,125\xa0\n1,050\xa0\n(225,804)\n-\xa0\n225,636\xa0\n-\xa0\n-\xa0\n3,072,007\xa0\n\xa0가구집기비품\n318,830,263\xa0\n1,431,143\xa0\n(4,590,732)\n-\xa0\n9,811,069\xa0\n-\xa0\n(3,248,993)\n322,232,750\xa0\n\xa0직물\n10,849,211\xa0\n2,052,856\xa0\n(2,643,050)\n-\xa0\n210,684\xa0\n-\xa0\n(14,878)\n10,454,823\xa0\n\xa0입목\n8,571,395\xa0\n-\xa0\n-\xa0\n-\xa0\n-\xa0\n-\xa0\n-\xa0\n8,571,395\xa0\n\xa0건설중인자산\n17,691,319\xa0\n39,977,724\xa0\n-\xa0\n-\xa0\n(15,462,143)\n-\xa0\n(17,110,339)\n25,096,561\xa0\n소\xa0 계\n1,190,856,482\xa0\n45,420,574\xa0\n(9,569,792)\n-\xa0\n-\xa0\n-\xa0\n(20,374,210)\n1,206,333,054\xa0\n감가상각 및 손상차손누계액:\n\xa0건물\n(143,814,809)\n-\xa0\n266,496\xa0\n-\xa0\n-\xa0\n(11,866,424)\n-\xa0\n(155,414,737)\n\xa0건물부속설비\n(100,842,516)\n-\xa0\n214,121\xa0\n-\xa0\n-\xa0\n(14,047,090)\n-\xa0\n(114,675,485)\n\xa0구축물\n(10,647,356)\n-\xa0\n4,379\xa0\n-\xa0\n-\xa0\n(942,490)\n-\xa0\n(11,585,467)\n\xa0기계장치\n(13,568,561)\n-\xa0\n828,362\xa0\n-\xa0\n-\xa0\n(775,945)\n-\xa0\n(13,516,144)\n\xa0차량운반구\n(1,986,554)\n-\xa0\n101,977\xa0\n-\xa0\n-\xa0\n(311,589)\n-\xa0\n(2,196,166)\n\xa0가구집기비품\n(237,796,984)\n-\xa0\n4,075,767\xa0\n(13,972,124)\n-\xa0\n(31,460,066)\n2,581,446\xa0\n(276,571,961)\n\xa0직물\n(7,666,189)\n-\xa0\n2,450,214\xa0\n-\xa0\n-\xa0\n(2,347,259)\n14,076\xa0\n(7,549,158)\n소\xa0 계\n(516,322,969)\n-\xa0\n7,941,316\xa0\n(13,972,124)\n-\xa0\n(61,750,863)\n2,595,522\xa0\n(581,509,118)\n장부금액:\n\xa0토지\n196,793,567\xa0\n-\xa0\n(222,592)\n-\xa0\n-\xa0\n-\xa0\n-\xa0\n196,570,975\xa0\n\xa0건물\n266,941,133\xa0\n-\xa0\n(375,665)\n-\xa0\n704,590\xa0\n(11,866,424)\n-\xa0\n255,403,634\xa0\n\xa0건물부속설비\n80,932,008\xa0\n11,972\xa0\n(196,383)\n-\xa0\n3,620,394\xa0\n(14,047,090)\n-\xa0\n70,320,901\xa0\n\xa0구축물\n15,358,030\xa0\n-\xa0\n(1)\n-\xa0\n536,071\xa0\n(942,490)\n-\xa0\n14,951,610\xa0\n\xa0기계장치\n2,945,189\xa0\n1,945,829\xa0\n(2,207)\n-\xa0\n353,699\xa0\n(775,945)\n-\xa0\n4,466,565\xa0\n\xa0차량운반구\n1,084,571\xa0\n1,050\xa0\n(123,827)\n-\xa0\n225,636\xa0\n(311,589)\n-\xa0\n875,841\xa0\n\xa0가구집기비품\n81,033,279\xa0\n1,431,143\xa0\n(514,965)\n(13,972,124)\n9,811,069\xa0\n(31,460,066)\n(667,547)\n45,660,789\xa0\n\xa0직물\n3,183,022\xa0\n2,052,856\xa0\n(192,836)\n-\xa0\n210,684\xa0\n(2,347,259)\n(802)\n2,905,665\xa0\n\xa0입목\n8,571,395\xa0\n-\xa0\n-\xa0\n-\xa0\n-\xa0\n-\xa0\n-\xa0\n8,571,395\xa0\n\xa0건설중인자산\n17,691,319\xa0\n39,977,724\xa0\n-\xa0\n-\xa0\n(15,462,143)\n-\xa0\n(17,110,339)\n25,096,561\xa0\n합\xa0 계\n674,533,513\xa0\n45,420,574\xa0\n(1,628,476)\n(13,972,124)\n-\xa0\n(61,750,863)\n(17,778,688)\n624,823,936\xa0\n(*1) 전기에 자본화된 차입원가는 361,596천원이며, 자본화금액을 산정하기 위한 일반차입금 이자율은 2.41%입니다.\n(*2) 전기 중 현금창출단위 손상평가로 인해 손상을 인식하였습니다(주석 15 참조).(*3) 전기 중 건설중인자산에서 무형자산으로 대체된 금액과 유형자산간 계정대체 금액, 환율변동액 등으로 구성되어 있습니다.\n(2) 보험가입자산보고기간종료일 현재 연결실체가 유형자산에 대하여 가입하고 있는 보험의 부보금액은\xa01,361,255,445천원입니다.\n14. 무형자산(1) 당반기와 전기 중 무형자산의 변동내역은 다음과 같습니다.① 당반기\n(단위:천원)\n구 분\n기 초\n처 분\n상각액\n기타증감액(*2)\n기 말\n취득원가:\n영업권\n53,552\xa0\n-\xa0\n-\xa0\n-\xa0\n53,552\xa0\n산업재산권\n2,423,241\xa0\n-\xa0\n-\xa0\n7,950\xa0\n2,431,191\xa0\n회원권\n6,154,434\xa0\n-\xa0\n-\xa0\n-\xa0\n6,154,434\xa0\n기타의무형자산(*1)\n133,022,134\xa0\n(16,290)\n-\xa0\n2,814,227\xa0\n135,820,071\xa0\n소\xa0 계\n141,653,361\xa0\n(16,290)\n-\xa0\n2,822,177\xa0\n144,459,248\xa0\n상각 및 손상차손누계액:\n영업권\n-\xa0\n-\xa0\n-\xa0\n-\xa0\n-\xa0\n산업재산권\n(1,509,480)\n-\xa0\n(77,613)\n(3,167)\n(1,590,260)\n회원권\n-\xa0\n-\xa0\n-\xa0\n-\xa0\n-\xa0\n기타의무형자산\n(86,141,535)\n16,289\xa0\n(8,841,077)\n(42,220)\n(95,008,543)\n소\xa0 계\n(87,651,015)\n16,289\xa0\n(8,918,690)\n(45,387)\n(96,598,803)\n순장부금액:\n영업권\n53,552\xa0\n-\xa0\n-\xa0\n-\xa0\n53,552\xa0\n산업재산권\n913,761\xa0\n-\xa0\n(77,613)\n4,783\xa0\n840,931\xa0\n회원권\n6,154,434\xa0\n-\xa0\n-\xa0\n-\xa0\n6,154,434\xa0\n기타의무형자산\n46,880,599\xa0\n(1)\n(8,841,077)\n2,772,007\xa0\n40,811,528\xa0\n합\xa0 계\n54,002,346\xa0\n(1)\n(8,918,690)\n2,776,790\xa0\n47,860,445\xa0\n(*1) 기타의 무형자산은 소프트웨어 등으로 구성되어 있습니다.(*2) 당반기 중 건설중인자산에서 무형자산으로 대체된 금액과 환율변동액 등으로 구성되어 있습니다.\n② 전기\n(단위:천원)\n구 분\n기 초\n취 득\n처 분\n손상차손(*2)\n상각액\n기타증감액(*3)\n기 말\n취득원가:\n영업권\n53,552\xa0\n-\xa0\n-\xa0\n-\xa0\n-\xa0\n-\xa0\n53,552\xa0\n산업재산권\n1,804,322\xa0\n-\xa0\n(11,125)\n-\xa0\n-\xa0\n630,044\xa0\n2,423,241\xa0\n회원권\n6,869,834\xa0\n-\xa0\n(715,400)\n-\xa0\n-\xa0\n-\xa0\n6,154,434\xa0\n기타의무형자산(*1)\n116,982,546\xa0\n753,046\xa0\n(994,676)\n-\xa0\n-\xa0\n16,281,218\xa0\n133,022,134\xa0\n소\xa0 계\n125,710,254\xa0\n753,046\xa0\n(1,721,201)\n-\xa0\n-\xa0\n16,911,262\xa0\n141,653,361\xa0\n상각 및 손상차손누계액:\n영업권\n-\xa0\n-\xa0\n-\xa0\n-\xa0\n-\xa0\n-\xa0\n-\xa0\n산업재산권\n(1,293,112)\n-\xa0\n5,121\xa0\n(48,321)\n(176,109)\n2,941\xa0\n(1,509,480)\n회원권\n-\xa0\n-\xa0\n-\xa0\n-\xa0\n-\xa0\n-\xa0\n-\xa0\n기타의무형자산\n(68,354,981)\n-\xa0\n954,449\xa0\n(306,593)\n(18,504,396)\n69,986\xa0\n(86,141,535)\n소\xa0 계\n(69,648,093)\n-\xa0\n959,570\xa0\n(354,914)\n(18,680,505)\n72,927\xa0\n(87,651,015)\n순장부금액:\n영업권\n53,552\xa0\n-\xa0\n-\xa0\n-\xa0\n-\xa0\n-\xa0\n53,552\xa0\n산업재산권\n511,210\xa0\n-\xa0\n(6,004)\n(48,321)\n(176,109)\n632,985\xa0\n913,761\xa0\n회원권\n6,869,834\xa0\n-\xa0\n(715,400)\n-\xa0\n-\xa0\n-\xa0\n6,154,434\xa0\n기타의무형자산\n48,627,565\xa0\n753,046\xa0\n(40,227)\n(306,593)\n(18,504,396)\n16,351,204\xa0\n46,880,599\xa0\n합\xa0 계\n56,062,161\xa0\n753,046\xa0\n(761,631)\n(354,914)\n(18,680,505)\n16,984,189\xa0\n54,002,346\xa0\n(*1) 기타의 무형자산은 소프트웨어 등으로 구성되어 있습니다.(*2) 전기 중 현금창출단위 손상평가로 인해 손상을 인식하였습니다(주석 15 참조).(*3) 전기 중 건설중인자산에서 무형자산으로 대체된 금액과 환율변동액 등으로 구성되어 있습니다.(2) 비한정 내용연수의 무형자산 손상검사연결실체는 비한정 내용연수를 가진 무형자산인 회원권에 대하여 손상검사를 수행하였으며 당반기 및 전기 중 인식한 손상차손은 없습니다. 회원권의 회수가능액은 순공정가치와 사용가치 중 큰 금액으로 결정하였습니다.\n15. 리스\n(1) 당반기와 전기 사용권자산의 변동내역은 다음과 같습니다. ① 당반기\n(단위:천원)\n구 분\n기 초(*1)\n취득 및 변경\n계약의 종료\n상각액\n기타증감액(*2)\n기 말\n취득원가:\n\xa0영업공간\n1,026,812,315\xa0\n(6,240,294)\n-\xa0\n-\xa0\n1,804,067\xa0\n1,022,376,088\xa0\n\xa0기타공간\n41,065,219\xa0\n1,831,549\xa0\n(2,065,942)\n-\xa0\n215,173\xa0\n41,045,999\xa0\n\xa0차량리스\n600,580\xa0\n39,631\xa0\n(27,081)\n-\xa0\n4,625\xa0\n617,755\xa0\n\xa0기타\n277,143\xa0\n29,325\xa0\n(104,400)\n-\xa0\n-\xa0\n202,068\xa0\n소\xa0 계\n1,068,755,257\xa0\n(4,339,789)\n(2,197,423)\n-\xa0\n2,023,865\xa0\n1,064,241,910\xa0\n상각 및 손상차손누계액:\n\xa0영업공간\n(462,603,692)\n-\xa0\n-\xa0\n(28,550,417)\n(652,478)\n(491,806,587)\n\xa0기타공간\n(24,363,483)\n-\xa0\n1,968,376\xa0\n(4,235,683)\n(146,857)\n(26,777,647)\n\xa0차량리스\n(284,428)\n-\xa0\n27,081\xa0\n(76,247)\n(2,758)\n(336,352)\n\xa0기타\n(209,532)\n-\xa0\n104,400\xa0\n(48,062)\n-\xa0\n(153,194)\n소\xa0 계\n(487,461,135)\n-\xa0\n2,099,857\xa0\n(32,910,409)\n(802,093)\n(519,073,780)\n순장부금액:\n\xa0영업공간\n564,208,623\xa0\n(6,240,294)\n-\xa0\n(28,550,417)\n1,151,589\xa0\n530,569,501\xa0\n\xa0기타공간\n16,701,736\xa0\n1,831,549\xa0\n(97,566)\n(4,235,683)\n68,316\xa0\n14,268,352\xa0\n\xa0차량리스\n316,152\xa0\n39,631\xa0\n-\xa0\n(76,247)\n1,867\xa0\n281,403\xa0\n\xa0기타\n67,611\xa0\n29,325\xa0\n-\xa0\n(48,062)\n-\xa0\n48,874\xa0\n합\xa0 계\n581,294,122\xa0\n(4,339,789)\n(97,566)\n(32,910,409)\n1,221,772\xa0\n545,168,130\xa0\n(*1)\xa0기업회계기준서 제1116호\xa0\'리스\'의 개정사항을 적용함에 따른 효과가 반영되어 있습니다(주석\xa03\xa0참조).(*2)\xa0환율변동액 등으로 구성되어 있습니다.\n② 전기\n(단위:천원)\n구 분\n기 초\n취득 및 변경\n계약의 종료\n상각액\n손상차손\n기타증감액(*)\n기 말\n취득원가:\n\xa0영업공간\n897,079,273\xa0\n11,803,085\xa0\n(11,858)\n-\xa0\n-\xa0\n(3,382,013)\n905,488,487\xa0\n\xa0기타공간\n26,154,207\xa0\n16,606,105\xa0\n(1,373,785)\n-\xa0\n-\xa0\n(321,308)\n41,065,219\xa0\n\xa0차량리스\n389,257\xa0\n228,986\xa0\n(8,329)\n-\xa0\n-\xa0\n(9,334)\n600,580\xa0\n\xa0기타\n156,607\xa0\n129,243\xa0\n(8,707)\n-\xa0\n-\xa0\n-\xa0\n277,143\xa0\n소\xa0 계\n923,779,344\xa0\n28,767,419\xa0\n(1,402,679)\n-\xa0\n-\xa0\n(3,712,655)\n947,431,429\xa0\n상각 및 손상차손누계액:\n\xa0영업공간\n(128,847,377)\n-\xa0\n11,858\xa0\n(131,284,930)\n(82,488,815)\n1,329,400\xa0\n(341,279,864)\n\xa0기타공간\n(10,078,508)\n-\xa0\n988,204\xa0\n(11,945,441)\n(3,562,676)\n234,938\xa0\n(24,363,483)\n\xa0차량리스\n(141,710)\n-\xa0\n6,919\xa0\n(154,953)\n-\xa0\n5,316\xa0\n(284,428)\n\xa0기타\n(113,250)\n-\xa0\n8,707\xa0\n(104,989)\n-\xa0\n-\xa0\n(209,532)\n소\xa0 계\n(139,180,845)\n-\xa0\n1,015,688\xa0\n(143,490,313)\n(86,051,491)\n1,569,654\xa0\n(366,137,307)\n순장부금액:\n\xa0영업공간\n768,231,896\xa0\n11,803,085\xa0\n-\xa0\n(131,284,930)\n(82,488,815)\n(2,052,613)\n564,208,623\xa0\n\xa0기타공간\n16,075,699\xa0\n16,606,105\xa0\n(385,581)\n(11,945,441)\n(3,562,676)\n(86,370)\n16,701,736\xa0\n\xa0차량리스\n247,547\xa0\n228,986\xa0\n(1,410)\n(154,953)\n-\xa0\n(4,018)\n316,152\xa0\n\xa0기타\n43,357\xa0\n129,243\xa0\n-\xa0\n(104,989)\n-\xa0\n-\xa0\n67,611\xa0\n합\xa0 계\n784,598,499\xa0\n28,767,419\xa0\n(386,991)\n(143,490,313)\n(86,051,491)\n(2,143,001)\n581,294,122\xa0\n(*)\xa0환율변동액 등으로 구성되어 있습니다.(2) 당반기와 전기 리스부채의 변동내역은 다음과 같습니다.① 당반기\n(단위:천원)\n구분\n기 초(*1)\n취득 및 변경\n계약의 종료\n이자비용\n지 급\n임차료감면 등\n기타증감(*2)\n기 말\n리스부채\n786,489,293\xa0\n(4,339,789)\n(197,306)\n9,396,574\xa0\n(31,401,857)\n(50,634,340)\n1,326,611\xa0\n710,639,186\xa0\n(*1)\xa0기업회계기준서 제1116호\xa0\'리스\'의 개정사항을 적용함에 따른 효과가 반영되어 있습니다(주석\xa03\xa0참조).(*2) 환율변동액 등으로 구성되어 있습니다.② 전기\n(단위:천원)\n구분\n기 초\n취득 및 변경\n계약의 종료\n이자비용\n지 급\n임차료감면 등\n기타증감(*)\n기 말\n리스부채\n792,992,187\xa0\n28,767,419\xa0\n(305,872)\n20,703,280\xa0\n(88,592,972)\n(61,955,783)\n(2,376,070)\n689,232,189\xa0\n(*) 환율변동액 등으로 구성되어 있습니다.\n(3) 보고기간종료일 현재 리스부채의 연도별 상환계획으로서 할인되지 않은 계약상의 금액은 다음과 같습니다.\n(단위:천원)\n구 분\n당반기말\n전기말\n최소리스료 총액\n\xa01년 이내\n160,495,707\xa0\n73,292,613\xa0\n\xa01년 초과 5년 이내\n299,255,202\xa0\n346,017,735\xa0\n\xa05년 초과\n341,957,452\xa0\n368,415,281\xa0\n합\xa0 계\n801,708,361\xa0\n787,725,629\xa0\n(4) 당반기 및 전반기 중 소액리스 및 단기리스 면제규정에 의하여 리스로 인식되지 않고 당기비용으로 인식된 금액은 다음과 같습니다.\n(단위:천원)\n구 분\n당반기\n전반기\n3개월\n누 적\n3개월\n누 적\n소액리스\n608,855\n1,233,076\xa0\n681,691\xa0\n1,481,345\xa0\n단기리스\n136,657\n398,343\xa0\n247,079\xa0\n603,516\xa0\n(5) 당반기 및 전반기 중 리스부채 측정치에 포함되지 않은 변동리스료에 관련되는 비용은\xa0각각\xa020,855,095천원\xa0및\xa0156,915,837천원입니다.(6) 당반기와 전반기 중 기업회계기준서 제1116호의 경과규정 \'리스이용자를 위한 코로나19 관련 임차료 할인 등\' 기준이 제정 및 개정되었습니다. 연결실체는 동 규정에 따라 당반기와 전반기 중 발생한 영업공간 임차료 할인을 리스변경으로 회계처리하지 않는 실무적 간편법을 적용하였으며, 각각 50,634,340천원 및 19,697,385천원을 부(-)의 임차료로 계상하였습니다.(7) 연결실체는 코로나바이러스 영향 등으로 인한 경제적성과가 예상 수준을 하회할 것으로 예상됨에 따라 손상징후가 있는 현금창출단위에 대해 손상평가를 수행하였습니다. 그 결과 전기 중 일부 면세점의 장부금액과 회수가능액의 차이인 100,379백만원을 손상차손으로 인식하였으며, 연결손익계산서상 영업외비용으로 인식하였습니다.\xa0\n16. 매입채무및기타채무보고기간종료일 현재 매입채무및기타채무의 내역은 다음과 같습니다.\n(단위:천원)\n구 분\n당반기말\n전기말\n유 동\n비유동(*)\n유 동\n비유동(*)\n매입채무\n160,563,043\xa0\n-\xa0\n137,924,918\xa0\n-\xa0\n미지급금\n40,127,554\xa0\n-\xa0\n141,099,040\xa0\n-\xa0\n미지급비용\n79,987,418\xa0\n17,039,054\xa0\n90,521,848\xa0\n18,280,304\xa0\n미지급배당금\n1,635\xa0\n-\xa0\n1,635\xa0\n-\xa0\n합\xa0 계\n280,679,650\xa0\n17,039,054\xa0\n369,547,441\xa0\n18,280,304\xa0\n(*) 연결실체는 임원들에게 매 3년간의 경영실적에 따라 성과급을 지급하는 장기성과 인센티브를 부여하였는 바, 제공한 근무용역과 관련하여 향후 지급이 예상되는 금액에 대한 미지급비용과 장기근속보상 미지급비용으로 구성되어 있습니다.\n17. 차입금및사채(1) 보고기간종료일 현재 단기차입금의 내역은 다음과 같습니다.\n(단위:천원,SGD,INR)\n내 역\n차입처\n연이자율(%)\n통화\n당반기말\n전기말\n외화금액\n원화금액\n외화금액\n원화금액\n운영자금\n산업은행\n-\nKRW\n\xa0 \xa0 \xa0 \xa0 \xa0 \xa0 \xa0 \xa0 \xa0 -\xa0\n\xa0 \xa0 \xa0 \xa0 \xa0 \xa0 \xa0 \xa0 \xa0 -\xa0\n-\xa0\n50,000,000\xa0\n신한은행\n1.60\nSGD\n\xa0 \xa0 \xa0\xa0 12,000,000\xa0\n\xa0 \xa0 \xa0\xa0 10,079,520\xa0\n12,000,000\xa0\n9,866,640\xa0\n우리은행\n7.60\nINR\n\xa0 \xa0 \xa0\xa0 13,498,776\xa0\n\xa0 \xa0 \xa0 \xa0 \xa0 205,316\xa0\n67,046,450\xa0\n996,310\xa0\nHSBC\nSIBOR+0.8\nSGD\n\xa0 \xa0 \xa0 \xa0 5,000,000\xa0\n\xa0 \xa0 \xa0 \xa0 4,199,800\xa0\n15,000,000\xa0\n12,333,300\xa0\nUOB\n-\nSGD\n\xa0 \xa0 \xa0 \xa0 \xa0 \xa0 \xa0 \xa0 \xa0 -\xa0\n\xa0 \xa0 \xa0 \xa0 \xa0 \xa0 \xa0 \xa0 \xa0 -\xa0\n20,000,000\xa0\n16,444,400\xa0\n합계\n\u3000\n\xa0 \xa0 \xa0\xa0 14,484,636\xa0\n\u3000\n89,640,650\xa0\n(2) 보고기간종료일 현재 사채의 내역은 다음과 같습니다.\n(단위:천원)\n구\xa0 분\n발행일\n상환일\n연이자율(%)\n당반기말\n전기말\n비고\n제68(2)회\n2015.05.29.\n2022.05.29.\n2.65\xa0\n130,000,000\xa0\n130,000,000\xa0\n무보증\n제69(2)회\n2017.05.29.\n2022.05.29.\n2.58\xa0\n120,000,000\xa0\n120,000,000\xa0\n무보증\n제70(1)회\n2019.04.23.\n2022.04.22.\n2.08\xa0\n50,000,000\xa0\n50,000,000\xa0\n무보증\n제70(2)회\n2019.04.23.\n2024.04.23.\n2.11\xa0\n70,000,000\xa0\n70,000,000\xa0\n무보증\n제70(3)회\n2019.04.23.\n2026.04.23.\n2.21\xa0\n130,000,000\xa0\n130,000,000\xa0\n무보증\n제71(1)회\n2020.04.24.\n2023.04.24.\n2.39\xa0\n260,000,000\xa0\n260,000,000\xa0\n무보증\n제71(2)회\n2020.04.24.\n2025.04.24.\n2.48\xa0\n40,000,000\xa0\n40,000,000\xa0\n무보증\n제71(3)회\n2020.04.24.\n2030.04.24.\n3.05\xa0\n50,000,000\xa0\n50,000,000\xa0\n무보증\n사채할인발행차금\n(1,301,212)\n(1,601,609)\n소\xa0 계\n848,698,788\xa0\n848,398,391\xa0\n1년이내 만기도래분\n(299,804,769)\n-\xa0\n합\xa0 계\n548,894,019\xa0\n848,398,391\xa0\n상기 사채는 발행일 이후 일시상환하도록 되어 있고, 이자지급조건은 3개월 후급조건입니다. 해당 사채할인발행차금은 동 사채의 상환기간에 걸쳐 유효이자율법으로 상각하고 이를 금융비용에 가산하여 처리하고 있습니다. 한편 제68회 및 제69회 사채는 약정에 따라 사채의 원리금 지급의무 이행이 완료될 때까지 부채비율 500% 이하 유지, 담보권설정 제한 등의 제약이 있으며, 제70회 사채는 약정에 따라 사채의 원리금 지급의무 이행이 완료될 때까지 부채비율 500%(리스부채 포함 시 800%) 이하 유지, 담보권설정 제한 등의 제약이 있습니다. 제71회 사채는 약정에 따라 사채의 원리금 지급의무 이행이 완료될 때까지 부채비율 500%(리스부채 포함 시 1,000%) 이하 유지, 담보권설정 제한 등의 제약이 있습니다. 연결실체는 사채관리계약 이행사항보고서 상 의무를 위반할 경우, 해당 사실을 자신이 알고있는 ""사채권자"" 및 ""사채관리회사""에게 사채권자집회가 필요함을 공지하며, 사채권자집회 결의에 따라 해당 사채에 대한 기한의 이익을 상실할 수 있습니다.\n18. 종업원급여연결실체는 종업원을 위하여 확정급여제도를 운영하고 있으며, 확정급여부채의 보험수리적 평가는 예측단위적립방식을 사용하여 적격성이 있는 독립적인 보험계리인에 의해서 수행되었습니다.(1) 당반기와 전기 중 확정급여부채(자산)의 변동은 다음과 같습니다.\n(단위:천원)\n구 분\n당반기\n전 기\n확정급여부채(자산)의 변동:\n\xa0기초금액\n(19,659,218)\n4,255,895\xa0\n\xa0기여금 납입액\n-\xa0\n(19,334,849)\n\xa0확정급여채무의 감소\n(9,116,305)\n(19,319,303)\n\xa0사외적립자산의 감소\n10,578,972\xa0\n9,423,085\xa0\n\xa0당기손익으로 인식하는 총비용\n5,588,490\xa0\n20,479,264\xa0\n\xa0순확정급여부채의 재측정요소\n93,675\xa0\n(15,163,310)\n\xa0- 할인율변화에 의한 효과\n-\xa0\n(50,273)\n\xa0- 할인율 외 재무적 가정변화에 의한 효과\n-\xa0\n(14,501,284)\n\xa0- 인구통계적 가정변화\n-\xa0\n1,070,767\xa0\n\xa0- 사외적립자산의 수익\n93,675\xa0\n406,315\xa0\n\xa0- 기타 재측정요소\n-\xa0\n(2,088,835)\n\xa0기말금액\n(12,514,386)\n(19,659,218)\n재무상태표상 구성항목:\n\xa0- 확정급여채무의 현재가치\n91,949,373\xa0\n94,223,345\xa0\n\xa0- 사외적립자산의 공정가치\n(104,463,759)\n(113,882,563)\n합\xa0 계\n(12,514,386)\n(19,659,218)\n(2) 연결실체는 일부 인원에 대해서 확정기여제도에 가입하였으며, 확정기여제도와 관련하여 당반기에 비용으로 인식한 금액은 1,871천원이며 전반기에 비용으로 인식한 금액은 없습니다.\n(3) 보고기간종료일 현재 기타장기종업원급여부채의 내역은 다음과 같습니다.\n(단위:천원)\n구 분\n당반기말\n전기말\n장기근속보상 미지급비용\n7,655,863\xa0\n7,586,253\xa0\n보고기간말 현재 상기 장기근속보상 미지급비용은 연결재무상태표 상 장기기타채무로 계상되어 있습니다.\n19. 충당부채당반기와 전기 중 충당부채의 변동내역은 다음과 같습니다.① 당반기\n(단위:천원)\n구 분\n반품충당부채(*1)\n복구충당부채(*2)\n유 동\n유 동\n비유동\n기초\n4,146,815\xa0\n606,877\xa0\n5,527,022\xa0\n증감\n143,796\xa0\n(606,877)\n-\xa0\n기타(*3)\n-\xa0\n-\xa0\n111,275\xa0\n기말\n4,290,611\xa0\n-\xa0\n5,638,297\xa0\n(*1) 연결실체는 과거 판매취소경험에 따라 산정된 반품비율에 따라 향후 발생할 것으로 예상되는 반품매출을 충당부채로 계상하고 있습니다.(*2) 연결실체는 자산을 해체, 제거하거나 원상복구하는데 소요될 것으로 추정되는 금액을 충당부채로 계상하고 있습니다.(*3) 환율변동으로 인한 차이입니다.② 전기\n(단위:천원)\n구 분\n반품충당부채\n복구충당부채\n유 동\n유 동\n비유동\n기초\n8,061,945\xa0\n646,377\xa0\n5,769,536\xa0\n증감\n(3,915,130)\n(39,500)\n8,982\xa0\n기타\n-\xa0\n-\xa0\n(251,496)\n기말\n4,146,815\xa0\n606,877\xa0\n5,527,022\xa0\n20. 자본(1) 자본금 등보고기간종료일 현재 연결실체의 자본금에 관한 사항은 다음과 같습니다.\n(단위:천원,주)\n구 분\n당반기말\n전기말\n발행할 주식의 총수\n80,000,000\xa0\n80,000,000\xa0\n1주의 금액\n5\xa0\n5\xa0\n발행한 주식수(보통주)\n39,248,121\xa0\n39,248,121\xa0\n발행한 주식수(우선주)\n751,879\xa0\n751,879\xa0\n자본금(보통주자본금)\n196,240,605\xa0\n196,240,605\xa0\n자본금(우선주자본금)\n3,759,395\xa0\n3,759,395\xa0\n자본금 합계\n200,000,000\xa0\n200,000,000\xa0\n지배기업의 정관에서는 우선주식을 20백만주(1주당 액면금액: 5,000원)의 범위내에서 발행할 수 있도록 규정하고 있으며, 1997년 2월 28일 이전에 발행된 우선주식은 보통주식의 배당보다 액면금액을 기준으로 연 1%의 추가 금전 배당을 받을 수 있는 바, 당반기말 현재 이러한 조건으로 발행된 비누적적 무의결권 우선주식의 발행주식 총수 및 우선주 납입자본금은 751,879주 및 3,759,395천원입니다.\xa0또한,\xa0지배기업은\xa0우선주 발행 시 이사회 또는 이사회로부터 위임받은 위원회의 결의로 액면 금액을 기준으로 연 1% 이상의 우선배당률을 정하며, 보통주식의 배당률이 우선주식의 배당률을 초과하는 경우에 연 1% 이상의 배당률에 추가하여 보통주식의 배당률과 동일하게 참가시켜 배당하거나 또는 그 초과분에 대하여 보통주식과 동일한 비율로 참가시켜 배당할 수 있는 참가적 누적적 무의결권 우선주식을 발행할 수 있는 바, 보고기간종료일 현재 이러한 조건으로 발행된 우선주식은 없습니다.\n지배기업의 정관에서는 보통주식 또는 무의결권 우선주식으로 전환할 수 있는 전환사채와 보통주식 또는 무의결권 우선주식의 신주인수권을 부여하는 신주인수권부사채를 각각 액면가액 2,000억원을 초과하지 않는 범위 내에서 주주 이외의 자에게 발행할 수있도록 하고 있는 바, 전환권 및 신주인수권의 행사에 의하여 발행하는 주식은 각각 사채의 액면총액 중 1,500억원은 보통주식으로, 500억원은 우선주식으로 하도록 하고 있습니다. 보고기간종료일 현재 이러한 조건으로 발행된 사채는 없습니다.한편, 지배기업은 배당할 이익의 범위 내에서 관계법령이 정하는 바에 따라 이사회 결의로 주식을 소각할 수 있도록 하고 있습니다.\n또한, 지배기업의 정관에서는 자본시장과금융투자업에관한법률 등에서 허용하는 한도 내에서 주주총회의 특별결의 또는 이사회결의에 의하여 지배기업의 임ㆍ직원에게주식매수선택권을 부여할 수 있도록 하고 있습니다.\n(2) 자본잉여금보고기간종료일 현재 연결실체의 자본잉여금의 내역은 다음과 같습니다.\n(단위:천원)\n구 분\n당반기말\n전기말\n주식발행초과금\n103,329,172\xa0\n103,329,172\xa0\n재평가적립금\n91,592,182\xa0\n91,592,182\xa0\n기타자본잉여금\n1,634,330\xa0\n1,634,330\xa0\n합\xa0 계\n196,555,684\xa0\n196,555,684\xa0\n(3) 기타자본보고기간종료일 현재 연결실체의 기타자본은 전액 자기주식입니다. 지배기업은 주가안정을 위하여 자기주식을 보유하고 있으며, 동 주식은 향후 주가상황에 따라 처분될예정입니다. 당반기와 전기 중 자기주식의 변동내역은 없습니다.\n(4) 기타포괄손익누계액보고기간종료일 현재 연결실체의 기타포괄손익누계액은 다음과 같습니다.\n(단위:천원)\n구 분\n당반기말\n전기말\n부의지분법자본변동\n(10,175,706)\n(8,307,425)\n해외사업환산손익\n751,100\xa0\n(2,053,447)\n합\xa0 계\n(9,424,606)\n(10,360,872)\n(5) 이익잉여금보고기간종료일 현재 연결실체의 이익잉여금의 내역은 다음과 같습니다.\n(단위:천원)\n구 분\n당반기말\n전기말\n법정적립금\n이익준비금(*)\n23,148,582\xa0\n22,387,808\xa0\n임의적립금\n기업합리화적립금\n5,226,549\xa0\n5,226,549\xa0\n시설적립금\n355,087,420\xa0\n653,729,010\xa0\n미처분이익잉여금\n(106,477,827)\n(339,546,314)\n합\xa0 계\n276,984,724\xa0\n341,797,053\xa0\n(*) 연결실체는 상법의 규정에 따라 자본금의 50%에 달할 때까지 매 결산기에 금전에 의한 이익배당액의 10%이상을 이익준비금으로 적립하도록 되어 있으며, 동 이익준비금은 현금으로 배당할 수 없으나 자본전입 또는 결손보전을 위해서 사용될 수 있습니다.(6) 배당금2021년 3월 18일 개최된 주주총회에서 승인된 전기 배당금(보통주 7,422,624천원 및 우선주 185,118천원)은 2021년 4월에 지급되었으며,\xa0전전기 배당금(보통주 12,989,592천원 및 우선주 296,189천원)은 2020년 4월에 지급되었습니다.\n21. 우발채무와 약정사항(1) 계류중인 소송사건연결실체는 김기병 회장에 대한 ㈜동화면세점 주식 매도 청구권 행사와 관련하여 주식매매대금청구 소송(청구금액 78,810백만원)에 대하여 전기 중 1심 승소판결을 받았으나, 김기병 회장의 항소에 의하여 2심을 진행한 결과 2021년 4월 1일 패소하였습니다. 연결실체는 당반기 중 상고하여 소송이 대법원에 계류 중에 있습니다. 이에 따른 소송의 결과가 연결실체의 재무제표에 영향을 미칠 수 있으며, 현시점 소송의 승패 여부는 예측할 수 없습니다.상기 소송 외 당반기말 현재 연결실체가 피소된 소송 6건(청구금액 354백만원)과 연결실체가 제소한 소송 1건(청구금액 751백만원)이 계류 중에 있으며, 현시점 소송의 승패 여부는 예측 할 수 없습니다.\n(2) 우발채무연결실체는 보고기간종료일 현재 비즈니스호텔 운영을 위한 토지 및 건물 임대차계약의 보증금 납부에 갈음하여, 국민은행 외 7개의 기관을 수취인으로 하는 41,800백만원의 기업어음증권을 발행하였습니다.\xa0해당 지급보증금액 중 일부는 연결실체의 신용평가등급이 일정등급 미만으로 하락하는 경우 임대인의 요구에 따라 현금으로 지급해야 할 의무를 부담하고 있습니다.\n(3) 약정사항\n연결실체는 개인 및 법인회원을 대상으로 호텔부대시설물의 이용에 따른 약관에 의거 신라휘트니스클럽을 운영하고 있는\xa0바, 이와 관련하여 당반기말 및 전기말에 입회보증금 각각\xa032,627백만원과 33,002백만원을 예수보증금으로 계상하고 있습니다.또한, 연결실체는 보고기간종료일 현재 도곡동 타워팰리스 내에 휘트니스클럽 반트를 운영 중에 있으며 이와 관련하여 당반기말 및 전기말에 입회보증금 각각\xa0111,181백만원과 109,955백만원을 예수보증금으로 계상하고 있습니다.\n한편, 연결실체는 에이치디씨신라면세점㈜ 경영자문 및 IT 서비스 계약을 체결하였으며 이와 관련하여 당반기와 전반기 중 각각 경영자문 1,596백만원과 1,849백만원을 매출로 인식하였으며, IT서비스 541백만원과 511백만원을 매출로 인식하였습니다.\n연결실체는 전기 중 3Sixty Duty Free & More Holdings, LLC(이하 \'대상회사\')의 지분을 취득하였으며, 대상회사의 특정 기간동안 발생하는 영업성과에 따라 추가 대금이 지급될 수 있는 Earn-out payment 약정을 체결하였습니다. 또한 향후 대상회사의 특정 거래처가 요청하는 경우, 연결실체는 대상회사의 기존주주가 동 거래처에 제공한 지급보증을 분담할 수 있습니다.또한, 연결실체는 대상회사 지분과 관련하여\xa02026년\xa0이후\xa0대상회사가 보유하고 있는 지분 중 23%을\xa0매수할 수\xa0있는 콜옵션을\xa0보유하고 있습니다. 대상회사의 기존주주는연결실체의\xa0콜옵션 행사 시 잔여지분인 33%에 대해서도 연결실체에게 매도 청구할 수 있는 풋옵션을 보유하고 있습니다.\xa0\n보고기간종료일 현재 금융기관과의 주요 약정 내역은 다음과 같습니다.\n(단위:천원,USD,SGD,HKD,INR)\n약정내용\n금융기관\n통 화\n한도액\n실행액\n당좌대출한도\n우리은행\nKRW\n8,100,000\xa0\n-\xa0\n하나은행\nKRW\n8,000,000\xa0\n-\xa0\n신한은행\nKRW\n6,000,000\xa0\n-\xa0\n제주은행\nKRW\n1,000,000\xa0\n-\xa0\n대출약정한도\n우리은행\nKRW\n200,000,000\xa0\n-\xa0\nINR\n80,000,000\xa0\n13,498,776\xa0\n신한은행\nKRW\n100,000,000\xa0\n-\xa0\n국민은행\nKRW\n170,000,000\xa0\n-\xa0\n하나은행\nKRW\n40,000,000\xa0\n-\xa0\n농협은행\nKRW\n50,000,000\xa0\n-\xa0\n산업은행\nKRW\n50,000,000\xa0\n-\xa0\nHSBC\nSGD\n15,000,000\xa0\n5,000,000\xa0\n일반대출\n신한은행\nSGD\n12,000,000\xa0\n12,000,000\xa0\n포괄한도\n하나은행\nKRW\n28,200,000\xa0\n6,215,000\xa0\nUOB\nHKD\n700,000,000\xa0\n609,264,000\xa0\nUOB\nSGD\n374,786,000\xa0\n265,109,000\xa0\n사전한도\n하나은행\nKRW\n8,803,040\xa0\n8,803,040\xa0\n수입신용장 관련 지급보증\n우리은행\nUSD\n20,000,000\xa0\n2,914,000\xa0\n신한은행\nUSD\n5,500,000\xa0\n-\xa0\n외화지급보증\n우리은행\nUSD\n7,500,000\xa0\n3,000,000\xa0\n기타지급보증\n국민은행\nKRW\n7,300,000\xa0\n7,300,000\xa0\n신한은행\nKRW\n18,000,000\xa0\n17,700,000\xa0\n외상매출채권담보대출\n신한은행\nKRW\n5,000,000\xa0\n-\xa0\n우리은행\nKRW\n1,800,000\xa0\n-\xa0\n전자상거래\n서울보증보험\nKRW\n1,500,000\xa0\n5,667\xa0\n(4) 제공한 지급보증내역보고기간종료일 현재 연결실체는 (사단)한국면세점협회의 인천국제공항공사에 대한 토지 임대보증금과 관련하여 1,274백만원의 연대보증을 제공하고 있으며, 연결실체의 재고자산과 관련하여 거래처에게 USD 3,000,000의 계약이행보증을 제공하고 있습니다.(5) 제공받은 지급보증내역보고기간종료일 현재 연결실체는 서울보증보험주식회사로부터 20,097백만원의 이행보증 등과 관련하여 지급보증을 제공받고 있습니다.\n22. 매출(1) 연결실체는 고객과의 계약에서 생기는 수익과 관련해 손익계산서에 다음 금액을 인식하였습니다.\n(단위:천원)\n구\xa0 분\n당반기\n전반기\n3개월\n누 적\n3개월\n누 적\n재화 또는 용역의 유형\n\xa0총 매출액\n\xa0 상품매출액\n1,283,368,319\xa0\n2,323,953,862\xa0\n959,917,979\xa0\n2,486,746,762\xa0\n\xa0 기타매출액\n111,171,672\xa0\n206,210,148\xa0\n89,002,297\xa0\n186,742,477\xa0\n\xa0매출차감\n\u3000\n\u3000\n\u3000\n\u3000\n\xa0 매출에누리와 환입\n(333,726,090)\n(624,134,220)\n(442,641,320)\n(970,663,342)\n\xa0 특정상품매출원가\n(107,367,357)\n(225,426,107)\n(83,322,493)\n(236,185,910)\n합 계\n953,446,544\xa0\n1,680,603,683\xa0\n522,956,463\xa0\n1,466,639,987\xa0\n재화나 용역의 이전시기\n\xa0한 시점에 이전하는 재화\n871,650,957\xa0\n1,525,505,593\xa0\n460,090,174\xa0\n1,330,410,297\xa0\n\xa0기간에 걸쳐 이전하는 용역\n81,795,587\xa0\n155,098,090\xa0\n62,866,289\xa0\n136,229,690\xa0\n합 계\n953,446,544\xa0\n1,680,603,683\xa0\n522,956,463\xa0\n1,466,639,987\xa0\n(2) 연결실체가 고객과의 계약에서 생기는 수익과 관련하여 인식하고 있는 계약자산 및 계약부채는 다음과 같습니다.\n(단위:천원)\n구\xa0 분\n당반기말\n전기말\n계약자산\xa0\n\xa0반품예상재고\n2,499,021\xa0\n2,547,444\xa0\n계약부채\n\u3000\n\u3000\n\xa0고객충성제도\n9,495,410\xa0\n11,943,992\xa0\n\xa0선수금\n37,510,607\xa0\n45,573,815\xa0\n\xa0기타\n16,455,711\xa0\n7,061,315\xa0\n합 계\n63,461,728\xa0\n64,579,122\xa0\n23. 영업비용(1) 성격별비용당반기와 전반기 중 발생한 비용을 성격별로 분류한 내역은 다음과 같습니다.\n(단위:천원)\n구 분\n당반기\n전반기\n3개월\n누 적\n3개월\n누 적\n재고자산의 변동\n527,997,969\xa0\n932,692,928\xa0\n\xa0352,396,721\xa0\n\xa0922,195,771\xa0\n원재료와 소모품의 사용액\n22,790,031\xa0\n47,364,280\xa0\n\xa018,081,771\xa0\n\xa036,502,736\xa0\n종업원급여\n48,035,263\xa0\n99,378,162\xa0\n\xa048,787,470\xa0\n\xa0124,230,126\xa0\n감가상각비, 무형자산상각비, 사용권자산상각비\n31,873,660\xa0\n64,435,872\xa0\n\xa062,748,385\xa0\n\xa0121,397,115\xa0\n기타의 경비\n276,367,090\xa0\n463,776,981\xa0\n\xa0104,371,338\xa0\n\xa0392,556,334\xa0\n합 계\n907,064,013\xa0\n1,607,648,223\xa0\n\xa0586,385,685\xa0\n\xa01,596,882,082\xa0\n(2) 종업원급여당반기와 전반기 중 종업원급여의 내역은 다음과 같습니다.\xa0\n(단위:천원)\n구 분\n당반기\n전반기\n3개월\n누 적\n3개월\n누 적\n급여\n36,882,803\xa0\n76,995,162\xa0\n36,736,364\xa0\n96,840,396\xa0\n퇴직급여\n2,749,622\xa0\n5,590,361\xa0\n3,225,156\xa0\n6,451,194\xa0\n복리후생비\n8,402,838\xa0\n16,792,639\xa0\n8,825,950\xa0\n20,938,536\xa0\n합 계\n48,035,263\xa0\n99,378,162\xa0\n48,787,470\xa0\n124,230,126\xa0\n(3) 기타영업비용당반기와 전반기 중 기타영업비용의 내역은 다음과 같습니다.\n(단위:천원)\n구 분\n당반기\n전반기\n3개월\n누 적\n3개월\n누 적\n소모품비\n3,224,845\xa0\n6,095,752\xa0\n2,890,599\xa0\n\xa08,480,364\xa0\n세탁비\n878,467\xa0\n1,620,860\xa0\n1,040,314\xa0\n\xa02,135,277\xa0\n외주용역비\n35,868,476\xa0\n70,778,585\xa0\n39,772,694\xa0\n\xa095,205,543\xa0\n여비교통비\n442,449\xa0\n852,931\xa0\n396,698\xa0\n\xa01,379,825\xa0\n통신비\n1,028,374\xa0\n2,054,361\xa0\n1,187,297\xa0\n\xa02,472,581\xa0\n인쇄비\n197,187\xa0\n398,626\xa0\n188,004\xa0\n\xa0446,891\xa0\n세금과공과\n(852,100)\n859,409\xa0\n4,539,421\xa0\n\xa010,231,196\xa0\n알선수수료\n233,747,308\xa0\n375,975,957\xa0\n32,693,261\xa0\n\xa058,469,394\xa0\n크레디트수수료\n2,827,122\xa0\n5,158,607\xa0\n2,047,824\xa0\n\xa010,576,026\xa0\n지급수수료\n(376,290)\n2,485,294\xa0\n7,690,559\xa0\n\xa030,755,912\xa0\n임차료\n(10,551,980)\n(21,658,150)\n2,349,833\xa0\n\xa0145,049,966\xa0\n접대비\n171,639\xa0\n461,060\xa0\n137,927\xa0\n\xa0668,872\xa0\n회의비\n617,767\xa0\n1,056,961\xa0\n512,292\xa0\n\xa01,428,062\xa0\n광고선전비\n551,600\xa0\n887,819\xa0\n1,216,907\xa0\n\xa04,524,830\xa0\n판촉비\n933,930\xa0\n1,599,953\xa0\n607,023\xa0\n\xa02,801,344\xa0\n수선비\n2,064,445\xa0\n3,654,963\xa0\n1,478,913\xa0\n\xa04,358,121\xa0\n전기료\n2,123,882\xa0\n4,227,024\xa0\n2,210,344\xa0\n\xa04,826,909\xa0\n연료비\n771,256\xa0\n2,153,717\xa0\n698,904\xa0\n\xa02,199,585\xa0\n수도료\n1,351,030\xa0\n2,489,591\xa0\n1,416,243\xa0\n2,714,553\xa0\n감가상각비\n11,398,461\xa0\n22,606,773\xa0\n16,988,716\xa0\n\xa033,658,670\xa0\n무형자산상각비\n4,151,295\xa0\n8,918,690\xa0\n4,632,272\xa0\n\xa09,150,915\xa0\n사용권자산상각비\n16,323,904\xa0\n32,910,409\xa0\n41,127,397\xa0\n\xa078,587,530\xa0\n기타의 경비\n1,347,683\xa0\n2,623,661\xa0\n1,296,281\xa0\n3,831,083\xa0\n합\xa0 계\n308,240,750\xa0\n528,212,853\xa0\n167,119,723\xa0\n\xa0513,953,449\xa0\n24. 영업외손익(1) 금융손익① 당반기와 전반기 중 금융수익의 내역은 다음과 같습니다.\n(단위:천원)\n발생원천 금융자산\n당반기\n전반기\n3개월\n누 적\n3개월\n누 적\n현금및현금성자산 이자수익\n406,712\xa0\n672,567\xa0\n344,279\xa0\n1,343,846\xa0\n상각후원가로 측정하는 금융자산의 상각에 따른 이자수익\n1,173,426\xa0\n2,326,593\xa0\n1,114,684\xa0\n2,222,242\xa0\n장ㆍ단기대여금 이자수익\n68,420\xa0\n145,310\xa0\n118,782\xa0\n221,715\xa0\n공정가치로 인식된 금융자산 이자수익\n-\xa0\n-\xa0\n12,530\xa0\n-\xa0\n합\xa0 계\n1,648,558\xa0\n3,144,470\xa0\n1,590,275\xa0\n3,787,803\xa0\n② 당반기와 전반기 중 금융비용의 내역은 다음과 같습니다.\n(단위:천원)\n발생원천 금융부채\n당반기\n전반기\n3개월\n누 적\n3개월\n누 적\n차입금 및 사채의 이자비용\n5,453,541\xa0\n11,084,534\xa0\n6,607,093\xa0\n11,417,926\xa0\n리스부채 이자비용\n4,607,440\xa0\n9,396,574\xa0\n5,720,860\xa0\n10,945,740\xa0\n합\xa0 계\n10,060,981\xa0\n20,481,108\xa0\n12,327,953\xa0\n22,363,666\xa0\n(2) 투자손익당반기와 전반기 중 투자손익의 내역은 다음과 같습니다.\n(단위:천원)\n구 분\n당반기\n전반기\n3개월\n누 적\n3개월\n누 적\n지분법이익\n-\xa0\n-\xa0\n(625,325)\n-\xa0\n지분법손실\n(17,234,952)\n(31,334,436)\n(6,045,500)\n(6,709,704)\n투자주식처분이익\n-\xa0\n128,763\xa0\n-\xa0\n-\xa0\n합\xa0 계\n(17,234,952)\n(31,205,673)\n(6,670,825)\n(6,709,704)\n(3) 기타영업외수익당반기와 전반기 중 기타영업외수익의 내역은 다음과 같습니다.\n(단위:천원)\n구 분\n당반기\n전반기\n3개월\n누 적\n3개월\n누 적\n수수료수익\n148,613\xa0\n341,485\xa0\n429,747\xa0\n972,492\xa0\n외환차익\n2,794,668\xa0\n8,006,662\xa0\n5,422,631\xa0\n10,363,591\xa0\n외화환산이익\n-\xa0\n2,467,660\xa0\n-\xa0\n2,900,545\xa0\n유형자산처분이익\n4,647\xa0\n49,713\xa0\n630\xa0\n91,972\xa0\n사용권자산해지이익\n22,261\xa0\n107,372\xa0\n-\xa0\n3,192\xa0\n잡이익\n681,136\xa0\n1,823,350\xa0\n702,259\xa0\n1,990,894\xa0\n합\xa0 계\n3,651,325\xa0\n12,796,242\xa0\n6,555,267\xa0\n16,322,686\xa0\n(4) 기타영업외비용당반기와 전반기 중 기타영업외비용의 내역은 다음과 같습니다.\n(단위:천원)\n구 분\n당반기\n전반기\n3개월\n누 적\n3개월\n누 적\n외환차손\n3,131,136\xa0\n10,728,560\xa0\n4,773,879\xa0\n26,953,995\xa0\n외화환산손실\n61,194\xa0\n2,021,480\xa0\n293,340\xa0\n2,570,516\xa0\n유형자산처분손실\n115,747\xa0\n196,457\xa0\n109,908\xa0\n191,644\xa0\n무형자산처분손실\n-\xa0\n1\xa0\n15,400\xa0\n55,625\xa0\n사용권자산해지손실\n-\xa0\n7,632\xa0\n-\xa0\n6,129\xa0\n잡손실\n189,290\xa0\n317,912\xa0\n106,550\xa0\n487,880\xa0\n기타의대손상각비\n264,846\xa0\n811,197\xa0\n-\xa0\n-\xa0\n기타\n1,217,196\xa0\n2,658,401\xa0\n2,354,145\xa0\n4,997,928\xa0\n합\xa0 계\n4,979,409\xa0\n16,741,640\xa0\n7,653,222\xa0\n35,263,717\xa0\n25. 법인세(1) 당반기와 전반기 중 법인세비용(수익)의 구성요소는 다음과 같습니다.\n(단위:천원)\n구 분\n당반기\n전반기\n3개월\n누 적\n3개월\n누 적\n세무상 법인세부담액\n1,304,611\xa0\n1,471,124\xa0\n202,448\xa0\n213,896\xa0\n일시적차이 및 세액공제로 인한 이연법인세 변동내역 중 당기손익 반영액\n6,054,779\xa0\n8,448,919\xa0\n(14,603,277)\n(36,363,754)\n법인세 추납액 등\n-\xa0\n-\xa0\n199,047\xa0\n2,972,264\xa0\n손익에 반영된 법인세비용(수익)\n7,359,390\xa0\n9,920,043\xa0\n(14,201,782)\n(33,177,594)\n(2) 당반기와 전반기 중 자본에 직접 반영되는 항목과 관련된 법인세는 다음과 같습니다.\r\n(단위:천원)\n구 분\n당반기\n전반기\n3개월\n누 적\n3개월\n누 적\n이연법인세\n\xa0재측정요소\n(22,669)\n(22,669)\n3,724\xa0\n3,724\xa0\n26. 주당손익기본주당손익은 보통주 1주에 대한 반기순손익을 계산한 것입니다. 보통주순손익은 반기순손익에서 배당금 지급의무가 있는 우선주 배당금을 차감하여 계산하였습니다.이와 같이 계산된 보통주순손익을 당반기 가중평균유통보통주식수로 나누어 보통주 1주당 반기순손익을 산정한 것입니다. 우선주는 참가적비누적적우선주로서 연결실체의 이익분배에 참여할 권리가 있으므로 우선주에 대해서도 주당손익을 산정하였습니다. \n(1) 기본주당손익\n(단위:원,주)\n구 분\n당반기\n전반기\n3개월\n누 적\n3개월\n누 적\n지배기업 소유주 반기순손익\n12,046,664,723\xa0\n10,542,930,740\xa0\n(67,788,266,566)\n(141,344,568,110)\n차감: 우선주배당금\n(18,511,800)\n(18,511,800)\n-\xa0\n-\xa0\n차감: 추가배당가능이익 중 우선주귀속분\n(235,288,377)\n(205,873,127)\n1,326,038,279\xa0\n2,764,907,813\xa0\n보통주소유주 귀속 반기순손익\n11,792,864,546\xa0\n10,318,545,813\xa0\n(66,462,228,287)\n(138,579,660,297)\n우선주소유주 귀속 반기순손익\n253,800,177\xa0\n224,384,927\xa0\n(1,326,038,279)\n(2,764,907,813)\n가중평균 유통보통주식수(*)\n37,113,121\xa0\n37,113,121\xa0\n37,113,121\xa0\n37,113,121\xa0\n가중평균 유통우선주식수(*)\n740,472\xa0\n740,472\xa0\n740,472\xa0\n740,472\xa0\n기본보통주당손익\n318\xa0\n278\xa0\n(1,791)\n(3,734)\n기본우선주당손익\n343\xa0\n303\xa0\n(1,791)\n(3,734)\n(*) 가중평균 유통주식수① 가중평균 유통보통주식수\n(단위:주)\n구 분\n당반기\n전반기\n3개월\n누 적\n3개월\n누 적\n발행유통주식수\n39,248,121\xa0\n39,248,121\xa0\n39,248,121\xa0\n39,248,121\xa0\n자기주식수\n(2,135,000)\n(2,135,000)\n(2,135,000)\n(2,135,000)\n가중평균 유통주식수\n37,113,121\xa0\n37,113,121\xa0\n37,113,121\xa0\n37,113,121\xa0\n② 가중평균 유통우선주식수\n(단위:주)\n구 분\n당반기\n전반기\n3개월\n누 적\n3개월\n누 적\n발행유통주식수\n751,879\xa0\n751,879\xa0\n751,879\xa0\n751,879\xa0\n자기주식수\n(11,407)\n(11,407)\n(11,407)\n(11,407)\n가중평균 유통주식수\n740,472\xa0\n740,472\xa0\n740,472\xa0\n740,472\xa0\n(2) 희석주당손익보고기간종료일 현재 발행된 희석증권이 존재하지 않으므로 희석주당손익은 기본주당손익과 동일합니다.\n27. 특수관계자(1) 보고기간종료일 현재 연결실체의 특수관계자 현황은 다음과 같습니다.\n회사명\n연결실체와의 관계\n비 고\n㈜모두투어인터내셔널\n관계기업\n지분율 2.5%\nGMS Duty Free Co., Ltd.\n관계기업\n지분율 40.0%\nA&S Takashimaya Duty Free Company Limited\n관계기업\n지분율 20.0%\n3Sixty Duty Free & More Holdings, LLC\n관계기업\n지분율 44.0%\nSky Shilla Duty Free Ltd.\n공동기업\n지분율 40.0%\n에이치디씨신라면세점㈜\n공동기업\n지분율 50.0%\n삼성전자㈜\n대규모기업집단\n-\n삼성물산㈜\n대규모기업집단\n-\n삼성생명보험㈜\n대규모기업집단\n-\n삼성에스디에스㈜ 등\n대규모기업집단\n-\n(2) 보고기간종료일 현재의 연결실체와 관계기업 등 특수관계자간의 채권, 채무의 내용은 다음과 같습니다.\n① 당반기말\n(단위:천원)\n구 분\n매출채권\n대여금\n기타채권\n매입채무\n기타채무\n관계기업및공동기업\n\xa0GMS Duty Free Co., Ltd.\n-\xa0\n4,928,000\xa0\n75,267\xa0\n-\xa0\n-\xa0\n\xa0A&S Takashimaya Duty Free \xa0 Company Limited(*1)\n-\xa0\n1,538,783\xa0\n13,405\xa0\n-\xa0\n-\xa0\n\xa0Sky Shilla Duty Free Ltd.(*2)\n20,742\xa0\n4,423,265\xa0\n460,678\xa0\n-\xa0\n-\xa0\n\xa0에이치디씨신라면세점㈜\n368,547\xa0\n-\xa0\n2,687,025\xa0\n-\xa0\n-\xa0\n\xa03Sixty Duty Free & More\xa0 Holdings, LLC\n-\xa0\n4,972,000\xa0\n-\xa0\n-\xa0\n-\xa0\n소\xa0 계\n389,289\xa0\n15,862,048\xa0\n3,236,375\xa0\n-\xa0\n-\xa0\n대규모기업집단\n\xa0삼성전자㈜\n3,014,670\xa0\n-\xa0\n578,591\xa0\n57,761\xa0\n309,810\xa0\n\xa0삼성물산㈜\n216,030\xa0\n-\xa0\n1,034,000\xa0\n563,130\xa0\n462,108\xa0\n\xa0삼성생명보험㈜(*3)\n6,869\xa0\n-\xa0\n214,682,601\xa0\n-\xa0\n60,000\xa0\n\xa0삼성에스디에스㈜\n83,515\xa0\n-\xa0\n-\xa0\n2,839,060\xa0\n35,000\xa0\n\xa0기타\n3,126,891\xa0\n-\xa0\n555,676\xa0\n3,090,076\xa0\n516,000\xa0\n소\xa0 계\n6,447,975\xa0\n-\xa0\n216,850,868\xa0\n6,550,027\xa0\n1,382,918\xa0\n합\xa0 계\n6,837,264\xa0\n15,862,048\xa0\n220,087,243\xa0\n6,550,027\xa0\n1,382,918\xa0\n(*1)\xa0A&S Takashimaya Duty Free Company Limited와의 대여금에 대하여\xa0반영된\xa0대손충당금은\xa01,539백만원입니다.(*2) Sky Shilla Duty Free Ltd.의 대여금에 대하여 당반기 중\xa0251백만원의\xa0손상을 인식하였으며,\xa0누적으로 반영된 대손충당금은 4,423백만원입니다.(*3) 삼성생명보험㈜의 기타채권은 사외적립자산 104,387백만원과 보증금 110,296백만원으로 구성되어 있습니다.\n② 전기말\n(단위:천원)\n구 분\n매출채권\n대여금\n기타채권\n매입채무\n기타채무\n관계기업및공동기업\n\xa0GMS Duty Free Co., Ltd.\n-\xa0\n5,087,600\xa0\n78,993\xa0\n-\xa0\n-\xa0\n\xa0A&S Takashimaya Duty Free \xa0 Company Limited(*1)\n-\xa0\n1,538,783\xa0\n12,462\xa0\n-\xa0\n-\xa0\n\xa0Sky Shilla Duty Free Ltd.(*2)\n20,001\xa0\n4,265,237\xa0\n370,335\xa0\n-\xa0\n-\xa0\n\xa0에이치디씨신라면세점㈜\n388,649\xa0\n-\xa0\n31,863\xa0\n-\xa0\n-\xa0\n\xa0Hong Kong LLABEAU Limited\n-\xa0\n333,920\xa0\n33,776\xa0\n-\xa0\n-\xa0\n\xa03Sixty Duty Free & More\xa0 Holdings, LLC\n-\xa0\n3,351,040\xa0\n-\xa0\n-\xa0\n-\xa0\n소\xa0 계\n408,650\xa0\n14,576,580\xa0\n527,429\xa0\n-\xa0\n-\xa0\n대규모기업집단\n\xa0삼성전자㈜\n4,474,264\xa0\n-\xa0\n578,591\xa0\n100,038\xa0\n309,810\xa0\n\xa0삼성물산㈜\n448,110\xa0\n-\xa0\n1,034,000\xa0\n1,086,292\xa0\n462,108\xa0\n\xa0삼성생명보험㈜(*3)\xa0\n30,960\xa0\n-\xa0\n223,098,438\xa0\n-\xa0\n60,000\xa0\n\xa0삼성에스디에스㈜\n137,195\xa0\n-\xa0\n-\xa0\n2,671,094\xa0\n-\xa0\n\xa0기타\n2,037,421\xa0\n-\xa0\n471,903\xa0\n1,817,994\xa0\n539,600\xa0\n소\xa0 계\n7,127,950\xa0\n-\xa0\n225,182,932\xa0\n5,675,418\xa0\n1,371,518\xa0\n합\xa0 계\n7,536,600\xa0\n14,576,580\xa0\n225,710,361\xa0\n5,675,418\xa0\n1,371,518\xa0\n(*1)\xa0A&S Takashimaya Duty Free Company Limited와의 대여금에 대하여\xa0반영된\xa0대손충당금은\xa01,539백만원입니다.(*2) Sky Shilla Duty Free Ltd.의 대여금에 대하여 전기 중 117백만원의 손상을 인식하였으며,\xa0누적으로 반영된 대손충당금은 4,179백만원입니다.(*3) 삼성생명보험㈜의 기타채권은 사외적립자산 113,787백만원과 보증금 109,311백만원으로 구성되어 있습니다.상기 특수관계자 채권ㆍ채무에 대하여 연결실체가 보증하거나 보증받은 것은 없습니다. 상기 채권 및 채무이외에 연결실체는 삼성화재해상보험㈜에 화재보험 등을 가입하고 있습니다.\n(3) 당반기와 전반기 중 연결실체와 관계기업 등 특수관계자간의 주요한 거래내역은 다음과 같습니다.① 당반기\n(단위:천원)\n구 분\n매 출\xa0\n기타수익 등\n매 입\n배당금 지급\n기타비용 등\n관계기업및공동기업\n\xa0GMS Duty Free Co., Ltd.\n-\xa0\n77,132\xa0\n-\xa0\n-\xa0\n-\xa0\n\xa0A&S Takashimaya Duty Free \xa0 Company Limited\n-\xa0\n1,384\xa0\n-\xa0\n-\xa0\n-\xa0\n\xa0Sky Shilla Duty Free Ltd.\n-\xa0\n75,857\xa0\n-\xa0\n-\xa0\n-\xa0\n\xa0에이치디씨신라면세점㈜\n2,136,689\xa0\n4,407,756\xa0\n-\xa0\n-\xa0\n-\xa0\n\xa0Hong Kong LLABEAU Limited\n-\xa0\n5,437\xa0\n-\xa0\n-\xa0\n-\xa0\n소\xa0 계\n2,136,689\xa0\n4,567,566\xa0\n-\xa0\n-\xa0\n-\xa0\n대규모기업집단\n\xa0삼성전자㈜\n7,119,468\xa0\n-\xa0\n588,032\xa0\n400,943\xa0\n-\xa0\n\xa0삼성물산㈜\n1,137,569\xa0\n-\xa0\n2,841,475\xa0\n-\xa0\n-\xa0\n\xa0삼성생명보험㈜\n344,614\xa0\n1,172,644\xa0\n1,838,130\xa0\n573,032\xa0\n20,912\xa0\n\xa0삼성에스디에스㈜\n558,535\xa0\n-\xa0\n16,303,209\xa0\n-\xa0\n-\xa0\n\xa0기타\n18,144,470\xa0\n152,669\xa0\n4,339,659\xa0\n350,836\xa0\n2,980,128\xa0\n소\xa0 계\n27,304,656\xa0\n1,325,313\xa0\n25,910,505\xa0\n1,324,811\xa0\n3,001,040\xa0\n합\xa0 계\n29,441,345\xa0\n5,892,879\xa0\n25,910,505\xa0\n1,324,811\xa0\n3,001,040\xa0\n② 전반기\n(단위:천원)\n구 분\n매 출\xa0\n기타수익 등\n매 입\n배당금 지급\n기타비용 등\n관계기업및공동기업\n\xa0GMS Duty Free Co., Ltd.\n-\xa0\n62,574\xa0\n-\xa0\n-\xa0\n-\xa0\n\xa0A&S Takashimaya Duty Free \xa0 Company Limited\n221,260\xa0\n8,568\xa0\n-\xa0\n-\xa0\n-\xa0\n\xa0Sky Shilla Duty Free Ltd.\n-\xa0\n158,710\xa0\n-\xa0\n-\xa0\n-\xa0\n\xa0에이치디씨신라면세점㈜\n2,360,451\xa0\n1,421,327\xa0\n-\xa0\n-\xa0\n-\xa0\n\xa0Hong Kong LLABEAU Limited\n-\xa0\n6,849\xa0\n116,957\xa0\n-\xa0\n-\xa0\n소\xa0 계\n2,581,711\xa0\n1,658,028\xa0\n116,957\xa0\n-\xa0\n-\xa0\n대규모기업집단\n\xa0삼성전자㈜\n18,894,338\xa0\n-\xa0\n620,513\xa0\n701,651\xa0\n-\xa0\n\xa0삼성물산㈜\n750,881\xa0\n-\xa0\n8,055,947\xa0\n-\xa0\n-\xa0\n\xa0삼성생명보험㈜\n1,019,672\xa0\n1,134,110\xa0\n2,039,397\xa0\n1,002,805\xa0\n23,775\xa0\n\xa0삼성에스디에스㈜\n721,770\xa0\n-\xa0\n22,115,374\xa0\n-\xa0\n-\xa0\n\xa0기타\n18,812,108\xa0\n20,211\xa0\n8,405,809\xa0\n613,963\xa0\n2,714,084\xa0\n소\xa0 계\n40,198,769\xa0\n1,154,321\xa0\n41,237,040\xa0\n2,318,419\xa0\n2,737,859\xa0\n합\xa0 계\n42,780,480\xa0\n2,812,349\xa0\n41,353,997\xa0\n2,318,419\xa0\n2,737,859\xa0\n(4)\xa0당반기와 전반기 중 연결실체와 관계기업 등 특수관계자간의 주요한 자금거래 내역은 다음과 같습니다.① 당반기\n(단위:천원)\n특수관계자\n자금거래\n기초\n대여\n회수\n기타(*)\n기말\nGMS Duty Free Co., Ltd.\n5,087,600\xa0\n-\xa0\n-\xa0\n(159,600)\n4,928,000\xa0\nA&S Takashimaya Duty Free Company Limited\n1,538,783\xa0\n-\xa0\n-\xa0\n-\xa0\n1,538,783\xa0\nSky Shilla Duty Free Ltd.\n4,265,237\xa0\n-\xa0\n-\xa0\n158,028\xa0\n4,423,265\xa0\nHong Kong LLABEAU Limited\n333,920\xa0\n-\xa0\n(333,920)\n-\xa0\n-\xa0\n3Sixty Duty Free & More Holdings, LLC\n3,351,040\xa0\n1,486,584\xa0\n-\xa0\n134,376\xa0\n4,972,000\xa0\n합\xa0 계\n14,576,580\xa0\n1,486,584\xa0\n(333,920)\n132,804\xa0\n15,862,048\xa0\n(*) 환율차이로 인하여 발생하였습니다.\n② 전반기\n(단위:천원)\n특수관계자\n자금대여\n기초\n대여\n회수\n기타(*)\n기말\nGMS Duty Free Co., Ltd.\n1,546,400\xa0\n3,827,000\xa0\n-\xa0\n69,800\xa0\n5,443,200\xa0\nA&S Takashimaya Duty Free Company Limited\n1,538,783\xa0\n-\xa0\n-\xa0\n-\xa0\n1,538,783\xa0\nSky Shilla Duty Free Ltd.\n8,386,017\xa0\n-\xa0\n-\xa0\n177,722\xa0\n8,563,739\xa0\nHong Kong LLABEAU Limited\n331,480\xa0\n-\xa0\n-\xa0\n7,840\xa0\n339,320\xa0\n합\xa0 계\n11,802,680\xa0\n3,827,000\xa0\n-\xa0\n255,362\xa0\n15,885,042\xa0\n(*) 환율차이로 인하여 발생하였습니다.\n(5)\xa0주요 경영진에 대한 보상당반기 및 전반기 중 주요 경영진에 대한 보상으로 단기급여 3,292,117천원 및 5,299,676천원과 퇴직급여 709,209천원 및 897,261천원을 비용으로 인식하였습니다. 또한, 당반기와 전반기 중 향후 지급가능성이 높다고 판단되는 장기급여 3,047,494천원과 3,167,850천원을 비용으로 인식하였습니다.상기의 주요 경영진에는 연결실체의 활동의 계획ㆍ운영ㆍ통제에 대한 중요한 권한과책임을 가진 등기임원 및 비등기임원이 포함되어 있습니다.\n28. 현금흐름표(1) 연결실체의 현금흐름표는 간접법에 의하여 작성되었으며, 당반기 및 전반기 중 현금흐름표에 포함되지 않는 주요 비현금\xa0투자활동거래와\xa0비현금\xa0재무활동거래는\xa0다음과\xa0같습니다.\n(단위:천원)\n구 분\n당반기\n전반기\n건설중인자산의 본계정 대체\n9,992,054\xa0\n16,756,576\xa0\n건설중인자산 취득 관련 미지급금\n(2,140,023)\n512,628\xa0\n사용권자산의 인식 및 변경\n(4,339,789)\n138,711,809\xa0\n리스부채의 인식 및 변경\n4,339,789\xa0\n138,711,809\xa0\n임차료 감면 및 납부 유예로 인한 리스부채 감소\n50,634,340\xa0\n14,409,036\xa0\n(2) 당반기와 전반기 중 재무활동에서 생기는 부채의 변동내역은 다음과 같습니다.\n(단위:천원)\n구 분\n당반기\n전반기\n차입금및사채\n미지급배당금\n리스부채\n차입금및사채\n미지급배당금\n리스부채\n기초\n938,039,041\xa0\n1,635\xa0\n786,489,293\xa0\n768,520,478\xa0\n1,635\xa0\n792,992,187\xa0\n재무현금흐름에서 생기는 변동:\n\u3000\n\xa0차입금의 차입\n910,049,504\xa0\n-\xa0\n-\xa0\n751,849,946\xa0\n-\xa0\n-\xa0\n\xa0차입금의 상환\n(986,025,561)\n-\xa0\n-\xa0\n(579,034,180)\n-\xa0\n-\xa0\n\xa0사채의 발행\n-\xa0\n-\xa0\n-\xa0\n348,965,940\xa0\n-\xa0\n-\xa0\n\xa0사채의 상환\n-\xa0\n-\xa0\n-\xa0\n(250,000,000)\n-\xa0\n-\xa0\n\xa0배당금의 지급\n-\xa0\n(7,607,742)\n-\xa0\n-\xa0\n(13,285,781)\n-\xa0\n\xa0리스료의 지급\n-\xa0\n-\xa0\n(31,401,857)\n-\xa0\n-\xa0\n(75,253,720)\n부채와 관련된 그 밖의 변동:\n\u3000\n\u3000\n\xa0사채할인발행차금 상각액\n300,397\xa0\n-\xa0\n-\xa0\n310,765\xa0\n-\xa0\n-\xa0\n\xa0배당 결의\n-\xa0\n7,607,742\xa0\n-\xa0\n-\xa0\n13,285,781\xa0\n-\xa0\n\xa0리스부채 이자비용\n-\xa0\n-\xa0\n9,396,574\xa0\n-\xa0\n-\xa0\n10,945,740\xa0\n\xa0리스부채의 인식 및 변경\n-\xa0\n-\xa0\n(4,339,789)\n-\xa0\n-\xa0\n138,711,809\xa0\n\xa0리스계약의 종료\n-\xa0\n-\xa0\n(197,306)\n-\xa0\n-\xa0\n(199,772)\n\xa0임차료의 감면\n-\xa0\n-\xa0\n(50,634,340)\n-\xa0\n-\xa0\n(14,409,036)\n\xa0환율변동효과\n820,044\xa0\n-\xa0\n1,326,611\xa0\n(217,706)\n-\xa0\n111,443\xa0\n기말\n863,183,425\xa0\n1,635\xa0\n710,639,186\xa0\n1,040,395,243\xa0\n1,635\xa0\n852,898,651\xa0\n29. 재무위험관리의 목적 및 정책연결실체의 주요\xa0금융부채는\xa0차입금및사채, 기타금융부채, 매입채무및기타채무로 구성되어\xa0있으며,\xa0이러한 금융부채는 영업활동을 위한 자금을 조달하기 위하여 발생하였습니다. 또한 연결실체는 영업활동에서 발생하는 매출채권, 현금 및 단기예금과 같은 다양한 금융자산도 보유하고 있습니다.연결실체의 금융자산 및 금융부채에서 발생할 수 있는 주요 위험은 시장위험, 신용위험 및 유동성위험입니다. 연결실체의 주요 경영진은 아래에서 설명하는 바와 같이, 각 위험별 관리절차를 검토하고 정책에 부합하는지 검토하고 있습니다. 또한 연결실체는 투기 목적의 파생상품거래를 실행하지 않는 것이 기본적인 정책입니다.\n(1) 시장위험시장위험은 시장가격의 변동으로 인하여 금융상품의 공정가치가 변동할 위험입니다.시장위험은 이자율위험, 환위험 및 기타 가격위험의 세 가지 유형으로 구성됩니다.다음의 민감도 분석은 당반기 및 전기와 관련되어 있습니다. \n① 이자율위험이자율위험은 시장이자율의 변동으로 인하여 금융상품의 공정가치가 변동할 위험입니다. 보고기간종료일 현재 변동이자율이 적용되는 차입금이 존재하나 이자율변동이금융부채의 공정가치 및 현금흐름에 미치는 영향은 중요하지 아니합니다.\n② 환위험환위험은 환율의 변동으로 인하여 금융상품의 공정가치가 변동할 위험입니다. 연결실체는 해외 영업활동 등으로 인하여 USD 및 EUR 등의 환위험에 노출되어 있습니다. 보고기간종료일 현재 기능통화 이외의 외화로 표시된 주요 화폐성자산 및 부채의장부금액은 다음과 같습니다.\r\n(단위:천원)\n구 분\n당반기말\n전기말\n자 산\n부 채\n자 산\n부 채\nUSD\n54,122,595\xa0\n82,530,912\xa0\n56,600,306\xa0\n79,182,399\xa0\nEUR\n834,569\xa0\n289,825\xa0\n809,542\xa0\n257,860\xa0\nJPY\n273,242\xa0\n3,551,179\xa0\n421,674\xa0\n2,882,576\xa0\nHKD\n8,416,002\xa0\n564,688\xa0\n5,952,201\xa0\n5,061,374\xa0\nSGD\n251,284\xa0\n-\xa0\n56,048\xa0\n8,858,856\xa0\nTHB\n5,085,907\xa0\n404\xa0\n5,172,916\xa0\n597\xa0\nCNY\n182,876\xa0\n217,205\xa0\n436,331\xa0\n190,993\xa0\nCHF\n349\xa0\n-\xa0\n13\xa0\n-\xa0\nTWD\n4,456\xa0\n-\xa0\n4,254\xa0\n-\xa0\nVND\n3,393\xa0\n2,161\xa0\n5,508\xa0\n2,910\xa0\nMOP\n253,562\xa0\n-\xa0\n62,097\xa0\n-\xa0\n합\xa0 계\n69,428,235\xa0\n87,156,374\xa0\n69,520,890\xa0\n96,437,565\xa0\n연결실체는 내부적으로 원화 환율 변동에 대한 환위험을 정기적으로 측정하고 있습니다. 보고기간종료일 현재 각 외화에 대한 기능통화의\xa0환율 5% 변동\xa0시\xa0환율변동이\xa0법인세비용차감전순손익에 미치는 영향은 다음과 같습니다.\n(단위:천원)\n구 분\n당반기\n전 기\n5% 상승시\n5% 하락시\n5% 상승시\n5% 하락시\nUSD\n(1,420,416)\n1,420,416\xa0\n(1,129,105)\n1,129,105\xa0\nEUR\n27,237\xa0\n(27,237)\n27,584\xa0\n(27,584)\nJPY\n(163,897)\n163,897\xa0\n(123,045)\n123,045\xa0\nHKD\n392,566\xa0\n(392,566)\n44,541\xa0\n(44,541)\nSGD\n12,564\xa0\n(12,564)\n(440,140)\n440,140\xa0\nTHB\n254,275\xa0\n(254,275)\n258,616\xa0\n(258,616)\nCNY\n(1,716)\n1,716\xa0\n12,267\xa0\n(12,267)\nCHF\n17\xa0\n(17)\n1\xa0\n(1)\nTWD\n223\xa0\n(223)\n212\xa0\n(212)\nVND\n62\xa0\n(62)\n130\xa0\n(130)\nMOP\n12,678\xa0\n(12,678)\n3,105\xa0\n(3,105)\n합\xa0 계\n(886,407)\n886,407\xa0\n(1,345,834)\n1,345,834\xa0\n상기 민감도 분석은 보고기간종료일 현재 기능통화 이외의 외화로 표시된 화폐성 자산 및 부채를 대상으로 하였습니다.\n③\xa0 기타 가격위험연결실체는 파생상품자산\xa0및\xa0당기손익-공정가치측정금융부채에서 발생하는 가격위험에\xa0노출되어 있습니다.\xa0연결실체는 금융상품 및 지분증권에 대한 투자로 인한 가격위험을 관리하기 위하여 시장의 흐름을 지속적으로 모니터링하고 있으며, 투자대상 회사가 속한 산업에 대한 이해를 바탕으로 매월 피투자회사의 가결산 손익을 점검하고 있습니다.\n(단위:천원)\n구 분\n당반기말\n전기말\n파생상품자산\n12,859,400\xa0\n12,916,270\xa0\n당기손익-공정가치측정금융부채\n4,339,200\xa0\n4,177,920\xa0\n(2) 신용위험신용위험은 거래상대방이 의무를 이행하지 않아 재무손실이 발생할 위험입니다. 연결실체는 영업활동과 투자활동에서 신용위험에 노출되어 있습니다.\n① 매출채권및기타채권연결실체는 신용거래를 희망하는 모든 거래상대방에 대하여 신용검증절차의 수행을 원칙으로 하여 신용상태가 건전한 거래상대방과의 거래만을 수행하고 있습니다. 또한, 대손위험에 대한 연결실체의 노출정도가 중요하지 않은 수준으로 유지될 수 있도록 지속적으로 신용도를 재평가하는 등 매출채권및기타채권 잔액에 대한 지속적인 관리업무를 수행하고 있습니다. 연결실체의 대손위험에 대한 최대 노출정도는 다음과 같습니다.\n(단위:천원)\n구 분\n당반기말\n전기말\n매출채권\n37,741,714\xa0\n28,564,672\xa0\n기타채권\n115,373,627\xa0\n106,571,460\xa0\n합\xa0 계\n153,115,341\xa0\n135,136,132\xa0\n연결실체는 상기 채권에 대해 매 보고기간종료일에 개별적 또는 집합적으로 손상여부를 검토하고 있습니다.② 기타의 자산현금, 단기예금 및 장ㆍ단기대여금 등으로 구성되는 연결실체의 기타의 자산으로부터 발생하는 신용위험은 거래상대방의 부도 등으로 발생합니다. 이러한 경우 연결실체의 신용위험 노출정도는 최대 해당 금융상품 장부금액과 동일한 금액이 될 것입니다. 한편, 연결실체는 우리은행 등의 금융기관에 현금및현금성자산 및 단기금융상품 등을 예치하고있으며, 신용등급이 우수한 금융기관과 거래하고 있으므로 금융기관으로부터의 신용위험은 제한적입니다. \n(3) 유동성위험유동성위험은 만기까지 모든 금융계약상의 약정사항들을 이행할 수 있도록 자금을 조달하지 못할 위험입니다. 연결실체는 특유의 유동성 전략 및 계획을 통하여 자금부족에 따른 위험을 관리하고 있습니다. 연결실체는 금융상품의 만기와 영업현금흐름의 추정치를 고려하여 금융자산과 금융부채의 만기를 대응시키고 있습니다.\n다음은 금융자산별 회수계획으로서 할인되지 않은 계약상의 금액입니다.① 당반기말\n(단위:천원)\n구 분\n3개월 이내\n3개월 ~ 1년\n1년 ~ 5년\n합 계\n현금및현금성자산\n318,603,100\xa0\n-\xa0\n-\xa0\n318,603,100\xa0\n장ㆍ단기금융상품\n10,000,000\xa0\n3,000,000\xa0\n13,500\xa0\n13,013,500\xa0\n매출채권및기타채권\n153,115,341\xa0\n-\xa0\n-\xa0\n153,115,341\xa0\n미수수익\n12,396,507\xa0\n-\xa0\n-\xa0\n12,396,507\xa0\n예치보증금\n\u3000-\xa0\n3,946,576\xa0\n-\xa0\n3,946,576\xa0\n임차보증금\n\u3000-\xa0\n-\xa0\n220,939,602\xa0\n220,939,602\xa0\n장ㆍ단기대여금\n4,423,265\xa0\n762,406\xa0\n73,084,132\xa0\n78,269,803\xa0\n합\xa0 \xa0\xa0 계\n498,538,213\xa0\n7,708,982\xa0\n294,037,234\xa0\n800,284,429\xa0\n② 전기말\n(단위:천원)\n구 분\n3개월 이내\n3개월 ~ 1년\n1년 ~ 5년\n합 계\n현금및현금성자산\n240,173,920\xa0\n-\xa0\n-\xa0\n240,173,920\xa0\n장ㆍ단기금융상품\n4,370,400\xa0\n10,000,000\xa0\n13,500\xa0\n14,383,900\xa0\n매출채권및기타채권\n135,136,132\xa0\n-\xa0\n-\xa0\n135,136,132\xa0\n미수수익\n12,342,980\xa0\n-\xa0\n-\xa0\n12,342,980\xa0\n예치보증금\n129,898,600\xa0\n2,021,401\n-\xa0\n131,920,001\xa0\n임차보증금\n-\xa0\n-\xa0\n221,443,063\xa0\n221,443,063\xa0\n장ㆍ단기대여금\n4,599,157\xa0\n728,454\xa0\n71,550,866\xa0\n76,878,477\xa0\n합\xa0 \xa0\xa0 계\n526,521,189\xa0\n12,749,855\xa0\n293,007,429\xa0\n832,278,473\xa0\n다음은 금융부채별 상환계획으로서 할인되지 않은 계약상의 금액 및 이자지급액을 포함하고, 상계약정의 효과는 포함하지 않았습니다.① 당반기말\n(단위:천원)\n구 분\n3개월 이내\n3개월 ~ 1년\n1년 ~ 5년\n5년 초과\n합 계\n매입채무및기타채무\n280,679,650\xa0\n-\xa0\n9,383,191\xa0\n7,655,863\xa0\n297,718,704\xa0\n차입금및사채(원금)\n4,199,800\xa0\n310,284,836\xa0\n500,000,000\xa0\n50,000,000\xa0\n864,484,636\xa0\n차입금및사채(이자현금흐름)\n5,056,186\xa0\n15,043,665\xa0\n29,000,000\xa0\n6,028,000\xa0\n55,127,851\xa0\n기타금융부채(*)\n43,827,466\xa0\n265,114,499\xa0\n300,000,658\xa0\n341,957,452\xa0\n950,900,075\xa0\n합\xa0 계\n333,763,102\xa0\n590,443,000\xa0\n838,383,849\xa0\n405,641,315\xa0\n2,168,231,266\xa0\n(*) 당기손익-공정가치측정금융부채의 예상 현금흐름은 포함되지 않았습니다.연결실체는 이 현금흐름이 유의적으로 더 이른 기간에 발생하거나, 유의적으로 다른 금액일 것으로 기대하지 않습니다.② 전기말\n(단위:천원)\n구 분\n3개월 이내\n3개월 ~ 1년\n1년 ~ 5년\n5년 초과\n합 계\n매입채무및기타채무\n369,547,441\xa0\n-\xa0\n10,694,051\xa0\n7,586,253\xa0\n387,827,745\xa0\n차입금및사채(원금)\n-\xa0\n89,640,650\xa0\n670,000,000\xa0\n180,000,000\xa0\n939,640,650\xa0\n차입금및사채(이자현금흐름)\n5,470,785\xa0\n15,430,503\xa0\n36,858,050\xa0\n8,187,450\xa0\n65,946,788\xa0\n기타금융부채(*)\n58,931,202\xa0\n164,489,059\xa0\n346,937,262\xa0\n368,415,281\xa0\n938,772,804\xa0\n합\xa0 계\n433,949,428\xa0\n269,560,212\xa0\n1,064,489,363\xa0\n564,188,984\xa0\n2,332,187,987\xa0\n(*) 당기손익-공정가치측정금융부채의 예상 현금흐름은 포함되지 않았습니다.\n(4) 자본관리자본관리의 주 목적은 연결실체의 영업활동을 유지하고 주주가치를 극대화하기 위하여 높은 신용등급과 건전한 자본비율을 유지하기 위한 것입니다.연결실체는 자본구조를 경제환경의 변화에 따라 수정하고 있으며, 이를 위하여 배당정책을 수정하거나 자본감소 혹은 신주발행을 검토하도록 하고 있습니다. 한편, 기중자본관리의 목적, 정책 및 절차는 변경되지 않았습니다.연결실체는 순부채를 자기자본과 순부채를 합한 총자본으로 나눈 부채비율을 사용하여 감독하고 있는 바, 연결실체는 순부채를 매입채무및기타채무, 차입금및사채, 기타금융부채에서 현금및현금성자산을 차감하여 산정하고 있습니다. 보고기간종료일 현재 순부채 및 자기자본은 다음과 같습니다.\n(단위:천원)\n구 분\n당반기말\n전기말\n매입채무및기타채무\n297,718,704\xa0\n387,827,745\xa0\n차입금및사채\n863,183,425\xa0\n938,039,041\xa0\n기타금융부채\n864,170,100\xa0\n844,457,284\xa0\n차감: 현금및현금성자산\n(318,603,100)\n(240,173,920)\n순부채\n1,706,469,129\xa0\n1,930,150,150\xa0\n자기자본\n560,105,437\xa0\n623,955,951\xa0\n순부채 및 자기자본\n2,266,574,566\xa0\n2,554,106,101\xa0\n부채비율\n75.29%\xa0\n75.57%\xa0\n30. 공정가치\n(1) 금융상품의 공정가치보고기간종료일 현재 금융상품의 장부금액과 공정가치는 다음과 같습니다.\n(단위:천원)\n구 분\n당반기말\n전기말\n장부금액\n공정가치\n장부금액\n공정가치\n금융자산\n\u3000\n\u3000\n공정가치로 측정된 금융자산\n\u3000\n\u3000\n\xa0 장기투자자산\n774,535\xa0\n774,535\xa0\n774,535\xa0\n774,535\xa0\n\xa0 기타금융자산(비유동)\n12,859,400\xa0\n12,859,400\xa0\n12,916,270\xa0\n12,916,270\xa0\n공정가치로 측정된 금융자산 소계\n13,633,935\xa0\n13,633,935\xa0\n13,690,805\xa0\n13,690,805\xa0\n상각후원가로 측정된 금융자산\n\u3000\n\u3000\n\u3000\n\u3000\n\xa0 현금및현금성자산\n318,603,100\xa0\n318,603,100\xa0\n240,173,920\xa0\n240,173,920\xa0\n\xa0 매출채권및기타채권\n153,115,341\xa0\n153,115,341\xa0\n135,136,132\xa0\n135,136,132\xa0\n\xa0 기타금융자산(유동)\n17,697,196\xa0\n17,697,196\xa0\n146,987,494\xa0\n146,987,494\xa0\n\xa0 기타금융자산(비유동)\n207,672,351\xa0\n207,672,351\xa0\n205,927,904\xa0\n205,927,904\xa0\n\xa0 단기대여금\n756,008\xa0\n756,008\xa0\n1,149,093\xa0\n1,149,093\xa0\n\xa0 장기대여금\n11,645,349\xa0\n11,645,349\xa0\n10,112,083\xa0\n10,112,083\xa0\n상각후원가로 측정된 금융자산 소계\n709,489,345\xa0\n709,489,345\xa0\n739,486,626\xa0\n739,486,626\xa0\n금융자산 합계\n723,123,280\xa0\n723,123,280\xa0\n753,177,431\xa0\n753,177,431\xa0\n금융부채\n\u3000\n\u3000\n공정가치로 측정된 금융부채\n\u3000\n\u3000\n\xa0 기타금융부채(비유동)\n4,339,200\xa0\n4,339,200\xa0\n4,177,920\xa0\n4,177,920\xa0\n상각후원가로 측정된 금융부채\n\u3000\n\u3000\n\u3000\n\u3000\n\xa0 매입채무및기타채무(유동)\n280,679,650\xa0\n280,679,650\xa0\n369,547,441\xa0\n369,547,441\xa0\n\xa0 장기기타채무\n17,039,054\xa0\n17,039,054\xa0\n18,280,304\xa0\n18,280,304\xa0\n\xa0 단기차입금\n14,484,636\xa0\n14,484,636\xa0\n89,640,650\xa0\n89,640,650\xa0\n\xa0 유동성사채\n299,804,769\xa0\n303,899,793\xa0\n-\xa0\n-\xa0\n\xa0 사채\xa0\n548,894,019\xa0\n556,495,979\xa0\n848,398,391\xa0\n868,991,524\xa0\n\xa0 기타금융부채(유동)\n306,193,666\xa0\n306,193,666\xa0\n222,044,288\xa0\n222,044,288\xa0\n\xa0 기타금융부채(비유동)\n553,637,234\xa0\n553,637,234\xa0\n618,235,076\xa0\n618,235,076\xa0\n상각후원가로 측정된 금융부채 소계\n2,020,733,028\xa0\n2,032,430,012\xa0\n2,166,146,150\xa0\n2,186,739,283\xa0\n금융부채 합계\n2,025,072,228\xa0\n2,036,769,212\xa0\n2,170,324,070\xa0\n2,190,917,203\xa0\n(2) 공정가치 결정에 사용된 이자율예상 현금흐름을 할인하는데 이용된 이자율은 보고기간종료일 현재 국공채 수익률에신용스프레드를 가산하는 방법 등을 사용하여 결정하였습니다. 연결실체가 당반기말과 전기말에 적용한 이자율은 다음과 같습니다.\n구 분\n당반기말\n전기말\n사채\n1.23% ~ 3.00%\n1.18% ~ 2.81%\n파생상품자산\n1.04%\n1.04%\n당기손익-공정가치측정금융부채\n1.04%\n1.04%\n(3) 공정가치 서열체계연결실체는 공정가치측정에 사용된 투입변수의 유의성을 반영하는 공정가치 서열체계에 따라 공정가치측정치를 분류하고 있으며, 공정가치 서열체계의 수준은 다음과 같습니다.\n구\xa0 분\n투입변수의 유의성\n수준 1\n동일한 자산이나 부채에 대한 활성시장의 공시가격\n수준 2\n직접적으로 또는 간접적으로 관측가능한 자산이나 부채에 대한 투입변수\n수준 3\n관측가능한 시장자료에 기초하지 않은 자산이나 부채에 대한 투입변수\n보고기간종료일 현재 공정가치로 측정되는 금융상품의 각 종류별로 공정가치 수준별측정치는 다음과 같습니다.\xa0\n① 당반기말\n(단위:천원)\n구\xa0 분\n수준 1\n수준 2\n수준 3\n합\xa0 계\n공정가치로 측정된 금융자산:\n\xa0장기투자자산\n-\xa0\n-\xa0\n774,535\xa0\n774,535\xa0\n\xa0파생상품자산\n-\xa0\n-\xa0\n12,859,400\xa0\n12,859,400\xa0\n공정가치로 측정된 금융부채:\n\xa0당기손익-공정가치측정금융부채\n-\xa0\n-\xa0\n4,339,200\xa0\n4,339,200\xa0\n② 전기말\n(단위:천원)\n구\xa0 분\n수준 1\n수준 2\n수준 3\n합\xa0 계\n공정가치로 측정된 금융자산:\n\xa0장기투자자산\n-\xa0\n-\xa0\n774,535\xa0\n774,535\xa0\n\xa0파생상품자산\n-\xa0\n-\xa0\n12,916,270\xa0\n12,916,270\xa0\n공정가치로 측정된 금융부채:\n\xa0당기손익-공정가치측정금융부채\n-\xa0\n-\xa0\n4,177,920\xa0\n4,177,920\xa0\n']"
