text
"['\n3. 연결재무제표 주석\n제 76(당) 기 반기 : 2024년 06월 30일 현재\n제 75(전) 기 \xa0 \xa0 \xa0 \xa0: 2023년 12월 31일 현재\n한화생명보험주식회사와 그 종속기업\n1. 일반사항\n한국채택국제회계기준 제1110호(연결재무제표)에 의한 지배기업인 한화생명보험주식회사(이하 ""연결실체"" 또는 ""지배기업"")는 연결재무제표 작성대상 종속기업(이하 한화생명보험주식회사와 그 종속기업을 일괄하여 ""연결실체"")를 연결대상으로 하여 연결재무제표를 작성하고 있습니다.\n(1) 지배기업의 개요\n지배기업은 1946년 9월 9일 국내 최초의 생명보험회사로 설립된 이래 2024년 6월 30일 현재 인보험 및 그와 관련된 재보험 계약 등을 주요 영업목적으로 하고 있으며, 2010년 3월에 연결실체의 주식을 한국거래소가 개설한 유가증권시장에 상장하였습니다.\n한편, 지배기업은 2012년 6월 29일 개최된 주주총회에서 사명 변경을 결의하고, 2012년 10월 9일자로 사명을 대한생명보험주식회사에서 한화생명보험주식회사로 변경하였습니다. 또한, 2021년 4월 1일자로 개인영업본부 산하 보험모집 및 지원 사업부문이 물적분할을 통해 분할신설회사인 한화생명금융서비스㈜로 이전되었습니다.\n(2) 당반기말 현재 연결실체가 판매 중인 보험상품과 신규판매는 중지되었으나 계약이 유지되고 있는 보험상품의 내역은 다음과 같습니다.\n- 생명보험\xa0\n구 \xa0 분\n보 험 상 품\n판 매 중\n판 매 중 지\n합 \xa0 \xa0계\n개인연금보험\n5종\n63종\n68종\n일반연금보험\n6종\n159종\n165종\n기타생존보험\n-\xa0\n8종\n8종\n사망보험\n56종\n467종\n523종\n생사혼합보험\n5종\n112종\n117종\n단체보험\n4종\n27종\n31종\n합 \xa0 계\n76종\n836종\n912종\n- 손해보험\xa0\n구 \xa0 분\n보 험 상 품\n판 매 중\n판 매 중 지\n합 \xa0 \xa0계\n일반보험\n457종\n6종\n463종\n자동차보험\n21종\n-\n21종\n장기보험\n41종\n1,169종\n1,210종\n퇴직연금\n7종\n-\n7종\n합 \xa0 계\n526종\n1,175종\n1,701종\n(3) 당반기말 현재 주요 주주현황은 다음과 같습니다.\n주주명\n소유주식수(주)\n지분율(%)\n\xa0㈜한화\n375,519,118\n43.24\n\xa0㈜한화갤러리아타임월드\n15,204,166\n1.75\n\xa0예금보험공사\n86,857,001\n10.00\n\xa0자기주식\n117,139,750\n13.49\n\xa0기타\n273,809,965\n31.52\n합 \xa0 계\n868,530,000\n100.00\n2. 중요한 회계정책\n연결실체의 2024년 6월 30일로 종료하는 6개월 보고기간에 대한 요약반기연결재무제표는 기업회계기준서 제1034호 \'중간재무보고\'에 따라 작성되었습니다. 이 요약반기연결재무제표는 보고기간말인 2024년 6월 30일 현재 유효하거나 조기 도입한 한국채택국제회계기준에 따라 작성되었습니다.\n2.1 재무제표 작성기준\n연결실체가 채택한 제ㆍ개정 기준서 및 해석서\n연결실체는 2024년 1월 1일로 개시하는 회계기간부터 다음의 제ㆍ개정 기준서 및 해석서를 신규로 적용하였습니다.\n(1) 기업회계기준서 제1007호 \'현금흐름표\' ,제1107호 \'금융상품:공시\' 개정 - 공급자금융약정\n이 개정사항은 공급자금융약정의 특성을 명확히 하고 그러한 약정에 대한 추가 공시를 요구합니다. 이 개정사항의 공시 요구사항은 공급자금융약정이 연결실체의 부채와 현금흐름 및 유동성위험에 미치는 영향을 재무제표이용자가 이해하는데 도움을 주기 위한 것입니다. 경과 규정은 연결실체가 개정사항을 최초로 적용하는 회계연도의 중간보고기간에는 공시할 필요가 없다는 점을 명확히 합니다.\n따라서 이 개정사항이 연결실체의 요약반기연결재무제표에 미치는 영향은 없습니다.\n(2) 기업회계기준서 제1116호 \'리스\' 개정 - 판매후리스에서 생기는 리스부채\n기업회계기준서 제1116호 \'리스\' 개정사항은 판매자-리스이용자가 판매후리스 거래에서 생기는 리스부채 측정 시, 계속 보유하는 사용권에 대해서는 어떠한 차손익 금액도 인식하지 않는다는 요구사항을 명확히 합니다.\n이 개정사항이 연결실체의 요약반기연결재무제표에 미치는 영향은 없습니다.\n(3) 기업회계기준서 제1001호 \'재무제표 표시\' 개정 - 부채의 유동·비유동 분류\n기업회계기준서 제1001호 문단 69~76에 대한 개정사항은 부채의 유동·비유동 분류에 대한 다음의 요구사항을 명확히 합니다.\n- 결제를 연기할 수 있는 권리의 의미\xa0\n- 연기할 수 있는 권리가 보고기간말 현재 존재\xa0\n- 기업이 연기할 수 있는 권리의 행사 가능성은 유동성 분류에 영향을 미치지 않음\xa0\n- 전환부채의 내재파생상품 자체가 지분상품일 경우에만 부채의 조건이 유동성 분류에 영향을 미치지 않음\xa0\n또한, 기업이 차입약정으로 인해 발생한 부채를 비유동부채로 분류하고, 결제를 연기할 수 있는 권리가 보고기간 후 12개월 이내에 약정사항을 준수하는지 여부에 좌우될 때, 관련 정보 공시 요구사항이 도입되었습니다.\n이 개정사항이 연결실체의 요약반기연결재무제표에 미치는 영향은 없습니다.\n(4) 기업회계기준서 제1012호 \'법인세\' - \'국제조세개혁 - 필라2 모범규칙\'\n이 개정사항은 다국적기업의 국제조세를 개혁하는 필라2 모범규칙을 반영하는 법률의 시행으로 생기는 이연법인세 회계처리를 일시적으로 완화하고 이와 관련된 법인세효과 등에 대한 공시를 요구하고 있습니다.\n연결실체는 필라2 모범규칙과 관련되는 이연법인세 인식 및 공시에 대한 예외 규정을 적용하였으며, 해당 기준서의 개정이 연결실체의 요약반기연결재무제표에 미치는중요한 영향은 없습니다.\n2.2 회계정책\n요약반기연결재무제표의 작성에 적용된 유의적 회계정책과 계산방법은 주석 2.1에서 설명하는 제ㆍ개정 기준서의 적용으로 인한 변경 및 아래 문단에서 설명하는 사항을 제외하고는 전기 연결재무제표 작성에 적용된 회계정책이나 계산방법과 동일합니다.\n(1) 법인세비용\n중간기간의 법인세비용은 전체 회계연도에 대해서 예상되는 최선의 가중평균연간법인세율, 즉 추정평균연간유효법인세율을 중간기간의 세전이익에 적용하여 계산합니다.\n(2) 회계정책의 변경\n금융감독원은 전기 중 \'보험회사 책임준비금 산출 및 수익인식 가이드라인\'을 발표하였고, 국내 보험사는 해당 가이드라인을 2023년 6월 말 결산부터 순차적으로 적용했습니다. 이에 따라 연결실체는 \'무ㆍ저해지보험 등의 계리적 가정 적용\', \'보험계약마진의 수익인식\', \'변동수수료접근법의 적용\', \'실손의료보험의 계리적 가정 적용\' 등과 관련된 가이드라인을 전기 연결 재무제표에 반영하였으며 \'변동수수료접근법의 적용\'은 회계정책의 변경으로 소급 적용하였습니다.\n재작성에 따른 비교표시 연결포괄손익계산서의 변경효과는 다음과 같습니다 (단위:백만원).\n구 분\n전반기\n회계정책\n변경 전 금액(A)\n회계정책\n변경 후 금액(B)\n변경효과(B-A)(*)\nI.\xa0보험손익\n547,314\n629,566\n82,252\nII.\xa0투자손익\n373,126\n416,321\n43,195\nIII. 영업이익\n920,440\n1,045,887\n125,447\nIV. 영업외손익\n(9,273)\n(9,273)\n-\nV.\xa0법인세비용차감전순이익\n911,167\n1,036,614\n125,447\nVI.\xa0법인세비용\n207,386\n227,467\n20,081\nVII.\xa0반기순이익\n703,781\n809,147\n105,366\nVIII.\xa0기타포괄손익\n105,846\n145,369\n39,523\nIX.\xa0총포괄손익\n809,627\n954,516\n144,889\n(*) 변동수수료접근법(VFA)\xa0적용대상기준 변경, 계리 모델 정교화, 연결대상 수익증권 관련손익 분류변경(영업외손익에서 영업손익으로 재분류) 등의 효과가 포함되어 있습니다.\n3. 중요한 회계추정 및 가정\n연결실체는 미래에 대하여 추정 및 가정을 하고 있습니다. 추정 및 가정은 지속적으로 평가되며, 과거 경험과 현재의 상황에서 합리적으로 예측가능한 미래의 사건을 고려하여 이루어집니다. 이러한 회계추정은 실제 결과와 다를 수도 있습니다.\n반기연결재무제표 작성을 위해 연결실체의 회계정책의 적용과 추정 불확실성의 주요원천에 대해 경영진이 내린 중요한 판단은 주석 2.1에서 설명하고 있는 회계정책 변경사항을 제외하고는 2023년 12월 31일로 종료하는 회계연도에 대한 연차연결재무제표와 동일합니다.\n4. 재무위험관리\n연결실체는 여러 활동으로 인하여 시장위험(환위험, 공정가치 이자율 위험, 현금흐름이자율 위험 및 가격위험), 신용위험 및 유동성 위험과 같은 다양한 금융 위험에 노출되어 있습니다.\n반기연결재무제표는 연차연결재무제표에서 요구되는 모든 재무위험관리와 공시사항을 포함하지 않으므로 2023년 12월 31일의 연차연결재무제표를 참고하시기 바랍니다.\n5. 금융상품 공정가치\n(1) 공정가치 서열체계\n공정가치로 측정되거나 공정가치가 공시되는 금융상품을 공정가치 서열체계에 따라 구분하며 정의된 수준은 다음과 같습니다.\n구 \xa0 분\n투입변수의 유의성\n수준 1\n\xa0측정일에 동일한 자산이나 부채에 대해 접근할 수 있는 활성시장의 (조정하지 않은) 공시가격\n수준 2\n\xa0수준 1의 공시가격 외에 자산이나 부채에 대해 직접적으로나 간접적으로 관측할 수 있는 투입변수\n수준 3\n\xa0자산이나 부채에 대한 관측할 수 없는 투입변수\n활성시장에서 거래되는 자산 및 부채의 공정가치는 보고기간말 현재 고시되는 시장가격에 기초하여 산정됩니다. 거래소, 판매자, 중개인, 산업집단, 평가기관 또는 감독기관을 통해 공시가격이 용이하게 그리고 정기적으로 이용가능하고, 그러한 가격이 독립된 당사자 사이에서 정기적으로 발생한 실제 시장거래를 나타낸다면, 이를 활성시장으로 간주하며, 이러한 자산 및 부채들은 수준 1에 포함됩니다.\n활성시장에서 거래되지 아니하는 자산 및 부채의 공정가치는 평가기법을 사용하여 결정하고 있습니다. 이러한 평가기법은 가능한 한 관측가능한 시장정보를 최대한 사용하고 기업특유정보를 최소한으로 사용합니다. 이 때, 해당 자산 및 부채의 공정가치측정에 요구되는 모든 유의적인 투입변수가 관측가능하다면 해당 자산 및 부채는 수준 2에 포함됩니다.\n만약 하나 이상의 유의적인 투입변수가 관측가능한 시장정보에 기초한 것이 아니라면 해당 자산 및 부채는 수준 3에 포함됩니다.\n활성시장에서 거래되지 않는 금융상품의 공정가치는 평가기법을 사용하여 결정하고 있습니다. 연결실체는 보고기간말 현재 주요한 시장상황에 기초하여, 다양한 평가기법의 선택 및 가정에 대한 판단을 하고 있습니다.\n금융상품의 공정가치를 측정하는 데에 사용되는 평가기법은 다음과 같습니다.\n구 \xa0 분\n공정가치 측정방법\n유가증권\n상장주식 등 활성시장에서 거래되는 유가증권의 경우 공시되는 가격을 사용하고 있으며, 공시가격이 없는 경우 외부전문평가기관에 의해 산출된 공정가치를 사용하고 있습니다. 외부전문평가기관은 DCF모형(Discounted Cash Flow Model), IMV모형(Imputed Market Value Model),FCFE(Free Cash Flow to Equity Model), 배당할인모형, 위험조정할인율법, 순자산가치법 중 평가대상의 특성을 고려하여 적합하다고 판단된 1개 이상의 평가방법을 사용하여 공정가치를 산정하고 있습니다.\n대출채권\n대출채권의 경우 DCF모형을 사용하여 공정가치를 산출하고 있습니다. DCF모형 적용시 계약조건에 따라 산출한 계약현금흐름에 중도상환위험을 반영한 조기상환율을 적용하여 기대현금흐름을 적용한 후 각 구간에 대응하는 적절한 할인율로 할인하여 공정가치를 산출합니다. 대출채권 중 결산일 기준 잔존 만기가 3개월 이하이거나, 변동금리상품 중 금리변경주기가 3개월 이하인 상품은 장부금액을 공정가치로 간주합니다.\n파생상품\n장내파생상품의 경우 활성시장에서 거래될 경우 공시되는 가격을 사용하며,장외파생상품의 경우 평가기법을 사용하여 측정한 공정가치를 사용하고 있습니다. 시장에서 관측 가능한 투입 변수에 기초한 옵션, 이자율스왑, 통화스왑 등과 같은 보편적인 장외파생상품과 공정가치 측정에 사용되는 일부 혹은 모든 변수들이 시장에서 관측 불가능하여 어떠한 가정에 기초한 평가기법에 의해 공정가치를 측정해야 하는 일부 복잡한 금융상품의 경우 독립적인 외부전문평가기관의 평가결과를 사용하고 있습니다.\n(2) 당반기말과 전기말 현재 연결재무상태표에서 공정가치로 후속 측정되는 금융상품의 공정가치를 공정가치 서열체계 수준별로 분류한 내역은 다음과 같습니다(단위: 백만원).\n1) 당반기말\n구 \xa0 분\n금융상품\n수준 1\n수준 2\n수준 3\n합 \xa0 계\n금융자산\n당기손익-공정가치측정금융자산\n12,681,635\n18,599,395\n18,818,092\n50,099,122\n기타포괄손익-공정가치측정금융자산\n28,769,232\n20,500,774\n1,869,977\n51,139,983\n파생상품자산\n889\n464,913\n69,358\n535,160\n합 \xa0 계\n41,451,756\n39,565,082\n20,757,427\n101,774,265\n금융부채\n당기손익-공정가치측정금융부채\n225,037\n-\n1,839,949\n2,064,986\n파생상품부채\n524\n1,627,552\n89,217\n1,717,293\n합 \xa0 계\n225,561\n1,627,552\n1,929,166\n3,782,279\n2) 전기말\n구 \xa0 분\n금융상품\n수준 1\n수준 2\n수준 3\n합 \xa0 계\n금융자산\n당기손익-공정가치측정금융자산\n11,757,583\n17,854,824\n17,863,346\n47,475,753\n기타포괄손익-공정가치측정금융자산\n27,177,319\n21,189,930\n1,634,905\n50,002,154\n파생상품자산\n111\n729,791\n123,950\n853,852\n합 \xa0 계\n38,935,013\n39,774,545\n19,622,201\n98,331,759\n금융부채\n당기손익-공정가치측정금융부채\n246,774\n-\n1,632,335\n1,879,109\n파생상품부채\n1,946\n1,219,480\n181,720\n1,403,146\n합 \xa0 계\n248,720\n1,219,480\n1,814,055\n3,282,255\n(3) 당반기말과 전기말 현재 활성시장에서 공시되는 시장가격이 없고 공정가치를 신뢰성 있게 측정할 수 없어 원가로 측정한 금융자산은 다음과 같습니다(단위: 백만원).\n구 \xa0 분(*)\n당반기말\n전기말\n당기손익-공정가치측정금융자산\n178,620\n146,167\n기타포괄손익-공정가치측정금융자산\n96,420\n58,649\n합 \xa0 계\n275,040\n204,816\n(*) 당해 지분증권은 가치창출규모를 계량화 하기 어려워 추정현금흐름의 편차가 유의적이고 다양한 추정치의 발생 확률을 신뢰성 있게 평가할 수 없는 등의 이유로 원가법으로 측정하였습니다. 또한, 연결실체는 동 지분증권 등에 대해서는 단기적으로 처분할 계획은 없으며, 투자대상 기업의 프로젝트 진행경과 등에 따라 공정가치를 신뢰성있게 측정할 수 있게 되는 때에 공정가치로 측정할 예정입니다.\n(4) 당반기 및 전반기 중 수준 1과 수준 2 간의 유의적인 이동은 없으며, 당반기 및 전반기 중 수준 3의 변동내역은 다음과 같습니다(단위: 백만원).\n1) 당반기\n구 \xa0 분\n금융자산\n금융부채\n당기손익-공정가치측정금융자산\n기타포괄손익-공정가치측정금융자산\n파생상품자산\n합 \xa0 계\n당기손익-공정가치측정 금융부채\n파생상품부채\n합 \xa0 계\n기초\n17,863,346\n1,634,905\n123,950\n19,622,201\n1,632,335\n181,720\n1,814,055\n취득\n923,260\n207,432\n24,685\n1,155,377\n1,162,265\n14,517\n1,176,782\n처분\n(604,603)\n7,379\n(105,909)\n(703,133)\n(1,014,892)\n(110,989)\n(1,125,881)\n평가\n427,948\n(35,232)\n26,632\n419,348\n60,807\n3,969\n64,776\n기타\n208,141\xa0\n55,493\xa0\n-\n263,634\n(566)\n-\n(566)\n당반기말\n18,818,092\n1,869,977\n69,358\n20,757,427\n1,839,949\n89,217\n1,929,166\n2) 전반기\n구 \xa0분\n금융자산\n금융부채\n당기손익-공정가치측정금융자산\n기타포괄손익-공정가치측정금융자산\n파생상품자산\n합 \xa0 계\n당기손익-공정가치측정 금융부채\n파생상품부채\n합 \xa0 계\n기초(*)\n16,984,698\n2,667,081\n146,561\n19,798,340\n2,482,244\n280,916\n2,763,160\n취득\n1,435,438\n13,709\n105,539\n1,554,686\n1,458,362\n70,822\n1,529,184\n처분\n(533,854)\n(1,036,262)\n(115,261)\n(1,685,377)\n(1,810,975)\n(105,073)\n(1,916,048)\n평가\n279,099\n108,789\n35,773\n423,661\n60,312\n20,401\n80,713\n손상\n(144,109)\n(89,658)\n-\n(233,767)\n-\n-\n-\n기타\n103,946\n14,003\n-\n117,949\n-\n-\n-\n전반기말\n18,125,218\n1,677,662\n172,612\n19,975,492\n2,189,943\n267,066\n2,457,009\n(*) 기초 금액은 기업회계기준서 제1109호 \'금융상품\' 적용 후 금액입니다.\n(5) 연결실체는 수준 간의 이동을 가져오는 사건이나 상황의 변동이 발생하는 시점에수준 간의 이동을 인식하고 있습니다. 당반기 중 수준 2와 수준 3 공정가치 측정치로 분류되는 금융상품의 공정가치 측정에 사용된 가치평가기법의 변동은 없습니다.\n(6) 수준 3으로 분류된 금융상품 공정가치의 민감도 분석 결과\n금융상품의 민감도 분석은 관측 불가능한 투입변수의 변동이 금융상품의 가치 변동에 미치는 영향을 유리한 변동과 불리한 변동으로 구분하여 이루어집니다. 두 개 이상의 투입변수에 공정가치가 영향을 받는 경우에는 가장 유리하거나 또는 가장 불리한 상황을 가정하여 산출됩니다. 민감도 분석대상으로 수준 3으로 분류되는 금융상품 중 해당 공정가치 변동이 당기손익으로 인식되는 금융상품이 있고, 공정가치 변동이 당기손익 혹은 기타포괄손익으로 인식되는 지분증권 및 수익증권이 있습니다.\n각 금융상품별 투입변수의 변동에 따른 세전 손익효과에 대한 민감도 분석 결과는 아래와 같습니다(단위: 백만원).\n1) 당반기\n구 \xa0 분\n당기손익으로 인식\n기타포괄손익으로 인식\n유리한 변동\n불리한 변동\n유리한 변동\n불리한 변동\n금융자산\n당기손익-공정가치측정금융자산(*1)\n192,371\n(192,331)\n-\n-\n기타포괄손익-공정가치측정금융자산(*1),(*2)\n-\n-\n84,278\n(71,177)\n파생상품자산(*3)\n10,851\n(11,868)\n-\n-\n합 \xa0계\n203,222\n(204,199)\n84,278\n(71,177)\n금융부채\n당기손익-공정가치측정금융부채(*3)\n10,049\n(11,165)\n-\n-\n파생상품부채(*3)\n7,192\n(7,980)\n-\n-\n합 \xa0계\n17,241\n(19,145)\n-\n-\n(*1) 수익증권 및 기타유가증권은 주요 관측불가능한 변수인 신탁재산 또는 부동산의 가격변동 등을 1% 만큼 증가 또는 감소시킴으로써 공정가치 변동을 산출하고 있습니다.\n(*2) 지분증권은 주요 관측불가능한 투입변수인 성장률(0~1%), 할인율 또는 청산가치(-1~1%)와 할인율 사이의 상관관계를 증가 또는 감소시킴으로써 공정가치 변동을산출하고 있습니다.\n(*3) 기초자산 변동성(+/- 10%) 및 기초자산 상관관계(+/- 10%)를 증가 또는 감소시킴으로써 공정가치 변동을 산출하고 있습니다.\n2) 전반기\n구 \xa0 분\n당기손익으로 인식\n기타포괄손익으로 인식\n유리한 변동\n불리한 변동\n유리한 변동\n불리한 변동\n금융자산\n당기손익-공정가치측정금융자산(*1)\n158,202\n(158,523)\n-\n-\n기타포괄손익-공정가치측정금융자산(*1),(*2)\n-\n-\n9,898\n(9,879)\n파생상품자산(*3)\n10,620\n(11,700)\n-\n-\n합 \xa0계\n168,822\n(170,223)\n9,898\n(9,879)\n금융부채\n당기손익-공정가치측정금융부채(*3)\n23,715\n(26,350)\n-\n-\n파생상품부채(*3)\n8,538\n(9,486)\n-\n-\n합 \xa0계\n32,253\n(35,836)\n-\n-\n(*1) 수익증권 및 기타유가증권은 주요 관측불가능한 변수인 신탁재산 또는 부동산의 가격변동 등을 1% 만큼 증가 또는 감소시킴으로써 공정가치 변동을 산출하고 있습니다.\n(*2) 지분증권은 주요 관측불가능한 투입변수인 성장률(0~1%), 할인율 또는 청산가치(-1~1%)와 할인율 사이의 상관관계를 증가 또는 감소시킴으로써 공정가치 변동을 산출하고 있습니다.\n(*3) 기초자산 변동성(+/- 10%) 및 기초자산 상관관계(+/- 10%)를 증가 또는 감소시킴으로써 공정가치 변동을 산출하고 있습니다.\n(7) 당반기말과 전기말 현재 공정가치로 후속측정 되지 않는 금융자산 및 부채의 내역은 다음과 같습니다(단위: 백만원).\n구 \xa0 분\n금융상품\n당반기말\n전기말\n장부금액\n공정가치\n장부금액\n공정가치\n금융자산\n현금및현금성자산\n2,051,948\n(*)\n3,670,919\n(*)\n상각후원가측정유가증권\n12,186,707\n9,799,827\n11,961,200\n9,935,996\n상각후원가측정대출채권\n21,918,859\n21,374,041\n22,527,082\n22,280,627\n상각후원가측정기타금융자산\n4,517,275\n(*)\n4,155,738\n(*)\n합 \xa0계\n40,674,789\n31,173,868\n42,314,939\n32,216,623\n금융부채\n기타금융부채\n3,850,400\n(*)\n4,158,114\n(*)\n투자계약부채\n8,575,040\n(*)\n8,821,899\n(*)\n차입부채 및 사채\n10,541,264\n10,523,754\n10,982,133\n10,935,843\n합 \xa0계\n22,966,704\n10,523,754\n23,962,146\n10,935,843\n(*) 장부금액이 공정가치의 합리적인 근사치 금액이므로 공정가치공시에서 제외했습니다.\n(8) 당반기말과 전기말 현재 공정가치를 공시하는 금융상품의 공정가치 서열체계는 다음과 같습니다(단위: 백만원).\n1) 당반기말\n구 \xa0분\n수준 1\n수준 2\n수준 3\n합 \xa0계\n\xa0금융자산\n\xa0 \xa0상각후원가측정유가증권\n3,007,207\n6,792,620\n-\n9,799,827\n\xa0 \xa0상각후원가측정대출채권\n-\n-\n21,374,041\n21,374,041\n\xa0금융부채\n\xa0 \xa0차입부채 및 사채\n-\n10,523,754\n-\n10,523,754\n2) 전기말\n구 \xa0분\n수준 1\n수준 2\n수준 3\n합 \xa0계\n\xa0금융자산\n\xa0 \xa0상각후원가측정유가증권\n3,141,182\n6,794,814\n-\n9,935,996\n\xa0 \xa0상각후원가측정대출채권\n-\n-\n22,280,627\n22,280,627\n\xa0금융부채\n\xa0 \xa0차입부채 및 사채\n-\n10,935,843\n-\n10,935,843\n장부금액을 공정가치의 합리적인 근사치로 보아 장부금액을 공정가치로 공시한 항목과 관련한 공정가치 서열체계는 공시하지 않습니다.\n(9) 당반기말과 전기말 현재 공정가치 서열체계에서 수준 2와 수준 3으로 분류되는 반복적인 공정가치측정치, 비반복적인 공정가치측정치, 공시되는 공정가치에 대해 다음의 가치평가기법과 투입변수를 사용하고 있습니다(단위: 백만원).\n1) 당반기말\n구 \xa0 분\n공정가치\n수준\n가치평가기법\n주요 투입변수\n비관측투입변수추정범위(%)\n\xa0금융자산\n\xa0 \xa0당기손익-공정가치측정금융자산\n18,599,395\n2\n순자산가치법할인된현금흐름법\n순자산가치\n-\n할인율\n-\n18,019,324\n3\n순자산가치법\n순자산가치\n-\n798,768\n3\n몬테카를로 시뮬레이션 등\n변동성\n12.90 ~ 35.65\n기초상관계수\n-1 ~ 1\n\xa0 기타포괄손익-공정가치측정금융자산\n20,500,774\n2\n할인된현금흐름법 등\n할인율\n-\n1,869,977\n3\n할인된현금흐름법/유사기업비교법/과거거래이용법/순자산가치법 등\n성장률\n0 ~ 2\xa0\n할인율\n2.35 ~ 22.40\n순자산가치\n-\n\xa0 \xa0상각후원가측정유가증권(*)\n6,792,620\n2\n할인된현금흐름법\n할인율\n-\n\xa0 \xa0파생상품자산\n464,913\n2\n할인된현금흐름법/내재선도금리산출법/이항모형 등\n할인율\n-\n69,358\n3\n할인된현금흐름법/몬테카를로 시뮬레이션 등\n변동성\n9.41 ~ 68.53\n기초상관계수\n-1 ~ 1\xa0\n\xa0 \xa0상각후원가측정대출채권(*)\n21,374,041\n3\n할인된현금흐름법\n신용스프레드,조기상환율\n-\n\xa0금융부채\n\xa0 \xa0투자계약부채(*)\n8,575,040\n3\n할인된현금흐름법\n할인율\n-\xa0\n\xa0 \xa0당기손익-공정가치측정금융부채\n1,839,949\n3\n몬테카를로 시뮬레이션 등\n변동성\n9.41 ~ 68.53\n기초상관계수\n-1 ~ 1\n\xa0 \xa0파생상품부채\n1,627,552\n2\n할인된현금흐름법/내재선도금리산출법 등\n할인율\n-\n78,976\n3\n할인된현금흐름법몬테카를로 시뮬레이션 등\n변동성\n9.41 ~ 68.53\n기초상관계수\n-1 ~ 1\n10,241\n3\n이항모형\n할인율\n3.11 ~ 11.25\n\xa0 \xa0차입부채 및 사채(*)\n10,523,754\n2\n할인된현금흐름법\n신용스프레드,조기상환율\n-\n(*) 장부금액은 상각후원가로 측정하고, 공정가치는 공시만 하는 금융자산의 경우에는 투입변수의 범위 공시를 생략하였습니다.\n2) 전기말\n구 \xa0 분\n공정가치\n수준\n가치평가기법\n주요 투입변수\n비관측투입변수추정범위(%)\n\xa0금융자산\n\xa0 \xa0당기손익-공정가치측정금융자산\n17,854,824\n2\xa0\n순자산가치법할인된현금흐름법\n순자산가치\n-\xa0\n할인율\n-\xa0\n17,142,158\n3\xa0\n순자산가치법\n순자산가치\n-\xa0\n721,188\n3\xa0\n몬테카를로 시뮬레이션 등\n변동성\n14.27 ~ 32.33\n기초상관계수\n\xa0-1 ~ 1\n\xa0 기타포괄손익-공정가치측정금융자산\n21,189,930\n2\xa0\n할인된현금흐름법 등\n할인율\n-\xa0\n1,634,905\n3\xa0\n할인된현금흐름법/유사기업비교법/과거거래이용법/순자산가치법 등\n성장률\n0 ~ 1\n할인율\n3.18 ~ 19.16\n순자산가치\n-\xa0\n\xa0 \xa0상각후원가측정유가증권(*)\n6,794,814\n2\xa0\n할인된현금흐름법\n할인율\n-\xa0\n\xa0 \xa0파생상품자산\n729,791\n2\xa0\n할인된현금흐름법/내재선도금리산출법/이항모형 등\n할인율\n-\xa0\n123,950\n3\xa0\n할인된현금흐름법/몬테카를로 시뮬레이션 등\n변동성\n11.84 ~ 76.03\n기초상관계수\n\xa0-1 ~ 1\n\xa0 \xa0상각후원가측정대출채권(*)\n22,280,627\n3\xa0\n할인된현금흐름법\n신용스프레드,조기상환율\n-\xa0\n\xa0금융부채\n\xa0 \xa0투자계약부채(*)\n8,821,899\n3\xa0\n할인된현금흐름법\n할인율\n-\xa0\n\xa0 \xa0당기손익-공정가치측정금융부채\n1,632,335\n3\xa0\n몬테카를로 시뮬레이션 등\n변동성\n11.84 ~ 76.03\n기초상관계수\n-1 ~ 1\n\xa0 \xa0파생상품부채\n1,219,480\n2\xa0\n할인된현금흐름법/내재선도금리산출법 등\n할인율\n-\xa0\n171,479\n3\xa0\n할인된현금흐름법몬테카를로 시뮬레이션 등\n변동성\n11.84 ~ 76.03\n기초상관계수\n-1 ~ 1\n10,241\n3\n이항모형\n할인율\n3.11 ~ 11.25\n\xa0 \xa0차입부채 및 사채(*)\n10,935,843\n2\xa0\n할인된현금흐름법\n신용스프레드,조기상환율\n-\xa0\n(*) 장부금액은 상각후원가로 측정하고, 공정가치는 공시만 하는 금융자산의 경우에는 투입변수의 범위 공시를 생략하였습니다.\n(10) 이연최초거래일손익\n연결실체가 관측 가능한 시장 자료에 기초하지 않은 투입 변수를 이용하여 금융상품의 공정가치를 평가하는 경우, 동 평가기법에 의해 산출된 공정가치와 거래 가격이 다르다면 금융상품의 공정가치는 거래 가격으로 인식합니다.\n이 때 평가기법에 의해 산출된 공정가치와 거래 가격의 차이는 이연하여 금융상품의 만기동안 정액법으로 상각되고, 평가기법의 요소가 시장에서 관측 가능해지는 경우 이연되고 있는 잔액은 즉시 손익으로 모두 인식됩니다.\n당반기와 전반기 중 이연되고 있는 총 차이 금액 및 그 변동 내역은 다음과 같습니다(단위: 백만원).\n구분\n당반기\n전반기\n기초금액\n(4,950)\n(4,812)\n\xa0 신규\n(632)\n3,299\n\xa0 손익인식\n1,755\n(2,352)\n반기말금액\n(3,827)\n(3,865)\n6. 범주별 금융상품\n(1) 당반기말과 전기말 현재 연결실체의 범주별 금융상품의 구성내역은 다음과 같습니다(단위: 백만원).\n1) 당반기말\n과 \xa0목\n당기손익공정가치측정금융자산\n기타포괄손익공정가치측정금융자산\n상각후원가측정유가증권\n상각후원가측정대출채권 및 기타금융자산\n위험회피목적파생상품\n당기손익공정가치측정금융부채\n상각후원가측정금융부채\n합 \xa0 계\n<금융자산>\n\xa0현금및현금성자산\n-\n-\n-\n2,051,948\n-\n-\n-\n2,051,948\n\xa0당기손익-공정가치측정금융자산\n50,277,741\n-\n-\n-\n-\n-\n-\n50,277,741\n\xa0파생상품자산\n312,543\n-\n-\n-\n222,618\n-\n-\n535,161\n\xa0기타포괄손익-공정가치측정금융자산\n-\n51,236,402\n-\n-\n-\n-\n-\n51,236,402\n\xa0상각후원가측정유가증권\n-\n-\n12,186,707\n-\n-\n-\n-\n12,186,707\n\xa0상각후원가측정대출채권\n-\n-\n-\n21,918,859\n-\n-\n-\n21,918,859\n\xa0상각후원가측정기타금융자산\n-\n-\n-\n4,517,275\n-\n-\n-\n4,517,275\n합 \xa0 계\n50,590,284\n51,236,402\n12,186,707\n28,488,082\n222,618\n-\n-\n142,724,093\n<금융부채>\n\xa0당기손익-공정가치측정금융부채\n-\n-\n-\n-\n-\n2,064,987\n-\n2,064,987\n\xa0투자계약부채\n-\n-\n-\n-\n-\n-\n8,575,040\n8,575,040\n\xa0파생상품부채\n-\n-\n-\n-\n1,015,866\n701,426\n-\n1,717,292\n\xa0차입부채 및 사채\n-\n-\n-\n-\n-\n-\n10,541,264\n10,541,264\n\xa0기타금융부채\n-\n-\n-\n-\n-\n-\n3,850,400\n3,850,400\n\xa0합 \xa0 계\n-\n-\n-\n-\n1,015,866\n2,766,413\n22,966,704\n26,748,983\n2) 전기말\n과 \xa0목\n당기손익공정가치측정금융자산\n기타포괄손익공정가치측정금융자산\n상각후원가측정유가증권\n상각후원가측정대출채권 및 기타금융자산\n위험회피목적파생상품\n당기손익공정가치측정금융부채\n상각후원가측정금융부채\n합 \xa0 계\n<금융자산>\n\xa0현금및현금성자산\n-\n-\n-\n3,670,919\n-\n-\n-\n3,670,919\n\xa0당기손익-공정가치측정금융자산\n47,621,919\n-\n-\n-\n-\n-\n-\n47,621,919\n\xa0파생상품자산\n439,920\n-\n-\n-\n413,932\n-\n-\n853,852\n\xa0기타포괄손익-공정가치측정금융자산\n-\n50,060,804\n-\n-\n-\n-\n-\n50,060,804\n\xa0상각후원가측정유가증권\n-\n-\n11,961,200\n-\n-\n-\n-\n11,961,200\n\xa0상각후원가측정대출채권\n-\n-\n-\n22,527,082\n-\n-\n-\n22,527,082\n\xa0상각후원가측정기타금융자산\n-\n-\n-\n4,155,739\n-\n-\n-\n4,155,739\n합 \xa0 계\n48,061,839\n50,060,804\n11,961,200\n30,353,740\n413,932\n-\n-\n140,851,515\n<금융부채>\n\xa0당기손익-공정가치측정금융부채\n-\n-\n-\n-\n-\n1,879,109\n-\n1,879,109\n\xa0투자계약부채\n-\n-\n-\n-\n-\n-\n8,821,899\n8,821,899\n\xa0파생상품부채\n-\n-\n-\n-\n765,623\n637,523\n-\n1,403,146\n\xa0차입부채 및 사채\n-\n-\n-\n-\n-\n-\n10,982,133\n10,982,133\n\xa0기타금융부채\n-\n-\n-\n-\n-\n-\n4,158,114\n4,158,114\n\xa0합 \xa0 계\n-\n-\n-\n-\n765,623\n2,516,632\n23,962,146\n27,244,401\n(2) 당반기 및 전반기 중 금융상품 범주별 포괄손익은 다음과 같습니다(단위: 백만원)\n1) 당반기\n구 \xa0분\n순손익\n이자수익(비용)\n처분손익\n평가손익\n손상차손\n기타손익(*)\n합 \xa0 계\n\xa0현금및현금성자산\n63,171\n-\n-\n-\n6,772\n69,943\n\xa0당기손익-공정가치측정금융자산\n296,321\n98,018\n645,928\n-\n954,615\n1,994,882\n\xa0기타포괄손익-공정가치측정금융자산\n691,539\n43,085\n-\n(615)\n406,002\n1,140,011\n\xa0상각후원가측정유가증권\n143,917\n-\n-\n(256)\n393,161\n536,822\n\xa0파생상품\n2,104\n(323,083)\n(868,490)\n-\n2,920\n(1,186,549)\n\xa0상각후원가측정대출채권 및 기타금융자산\n604,400\n(2,427)\n-\n(99,509)\n7,214\n509,678\n\xa0당기손익인식금융부채\n-\n(31,256)\n(64,153)\n-\n-\n(95,409)\n\xa0차입부채 및 사채\n(232,076)\n-\n-\n-\n(22,200)\n(254,276)\n\xa0기타금융부채\n(20,113)\n-\n-\n-\n(84,694)\n(104,807)\n합 \xa0 계\n1,549,263\n(215,663)\n(286,715)\n(100,380)\n1,663,790\n2,610,295\n(*) 기타손익은 외화거래손익 및 배당금수익입니다.\n2) 전반기\n구 \xa0분\n순손익\n이자수익(비용)\n처분손익\n평가손익\n손상차손\n기타손익(*)\n합계\n\xa0현금및현금성자산\n79,357\n-\n-\n-\n17,918\n97,275\n\xa0당기손익-공정가치측정금융자산\n384,560\n615,973\n633,368\n-\n860,475\n2,494,376\n\xa0기타포괄손익-공정가치측정금융자산\n645,682\n3,942\n-\n(201)\n184,229\n833,652\n\xa0상각후원가측정유가증권\n226,551\n-\n-\n(1,143)\n255,302\n480,710\n\xa0파생상품\n(299)\n(168,560)\n(618,595)\n-\n869\n(786,585)\n\xa0상각후원가측정대출채권 및 기타금융자산\n476,715\n(1,276)\n-\n(40,309)\n(1,699)\n433,431\n\xa0당기손익인식금융부채\n-\n(53,243)\n(74,321)\n-\n-\n(127,564)\n\xa0차입부채 및 사채\n(205,311)\n-\n-\n-\n(21,601)\n(226,912)\n\xa0기타금융부채\n(9,744)\n-\n-\n-\n(33,638)\n(43,382)\n합 \xa0 계\n1,597,511\n396,836\n(59,548)\n(41,653)\n1,261,855\n3,155,001\n(*) 기타손익은 외화거래손익 및 배당금수익입니다.\n7. 현금및현금성자산\n(1) 당반기말과 전기말 현재 연결실체의 현금및현금성자산의 내역은 다음과 같습니다(단위:백만원).\n구 \xa0 분\n당반기말 \xa0이자율(%)\n금 \xa0 액\n당반기말\n전기말\n현금및현금성자산\n현금및요구불예금\n0~5\n1,306,766\n2,540,518\nMMDA 외\n0~5.15\n745,182\n1,130,401\n합 \xa0 계\n2,051,948\n3,670,919\n(2) 당반기말과 전기말 현재 사용이 제한된 예금 등의 내용은 다음과 같습니다(단위:백만원).\n구 \xa0 분\n금융기관\n당반기말\n전기말\n사용제한 사유\n보통예금\n우리은행 외\n58\n55\n장기미처리 별도관리계좌 및 특별수선충당금\n보통예금\n하나은행 외\n70\n33\n압류계좌\n8. 당기손익-공정가치측정금융자산\n(1) 당반기말과 전기말 현재 당기손익-공정가치측정금융자산의 내역은 다음과 같습니다(단위: 백만원).\n구 \xa0 분\n당반기말\n전기말\n지분증권\n주식(*)\n4,500,439\n4,122,722\n출자금\n251,384\n231,515\n해외유가증권\n1,449,232\n1,303,898\n소 \xa0 계\n6,201,055\n5,658,135\n채무증권\n국공채\n4,070,765\n3,442,422\n특수채\n4,755,745\n5,002,259\n금융채\n1,262,611\n926,060\n회사채\n3,016,359\n3,656,335\n수익증권\n18,043,157\n16,882,473\n해외유가증권\n10,398,906\n9,477,963\n기타유가증권\n2,022,906\n2,040,608\n대출채권\n506,237\n535,664\n소 \xa0 계\n44,076,686\n41,963,784\n합 \xa0 계\n50,277,741\n47,621,919\n(*) 기업회계기준서 제1109호 \'금융상품\'의 제거요건을 충족하지 않는 양도거래이며당반기말 현재 한국예탁결제원 등에 예탁된 자산에 대한 대여금융자산 523,569백만원(전기말: 699,565백만원)이 포함되어 있으며, 연결실체는 상기 자산의 대여를 통하여 수수료수익을 수취하고 있습니다.\n(2) 당반기말과 전기말 현재 당기손익-공정가치측정금융자산으로 지정한 금융자산의 내역은 다음과 같습니다(단위: 백만원).\n구 \xa0 분\n당반기말\n전기말\n기타유가증권\n15,162\n-\n(3) 당반기말 현재 당기손익-공정가치측정금융자산으로 지정한 금융자산으로부터의 배당금수익은 없습니다.\n9. 기타포괄손익-공정가치측정금융자산\n(1) 당반기말과 전기말 현재 기타포괄손익-공정가치측정금융자산의 내역은 다음과 같습니다(단위: 백만원).\n구 \xa0 분\n당반기말\n전기말\n\xa0지분증권\n\xa0 주식\n1,034,615\n744,551\n\xa0 출자금\n604\n604\n\xa0 기타유가증권\n525,181\n461,203\n소 \xa0 계\n1,560,400\n1,206,358\n\xa0채무증권(*)\n\xa0 \xa0국공채\n28,888,390\n27,273,838\n\xa0 \xa0특수채\n10,358,189\n11,765,931\n\xa0 \xa0금융채\n578,880\n293,470\n\xa0 \xa0회사채\n4,773,052\n4,586,769\n\xa0 \xa0해외유가증권\n3,201,516\n3,120,750\n\xa0 \xa0기타유가증권\n40,579\n40,596\n\xa0 \xa0대출채권\n1,609,261\n1,613,146\n\xa0 \xa0예치금\n226,135\n159,946\n소 \xa0 계\n49,676,002\n48,854,446\n합 \xa0 계\n51,236,402\n50,060,804\n(*) 기업회계기준서 제1109호 \'금융상품\'의 제거요건을 충족하지 않는 양도거래로서, 당반기말 현재 한국예탁결제원 등에 예탁된 자산에 대한 대여금융자산\xa03,594,462백만원(전기말: 4,022,295백만원)이 포함되어 있으며, 연결실체는 상기 자산의 대여를 통하여 수수료수익을 수취하고 있습니다.\n(2) 당반기 및 전반기 중 기타포괄손익-공정가치측정채무증권의 장부금액 변동내역은 다음과 같습니다(단위 : 백만원).\n1) 당반기\n구 \xa0 분\n12개월기대신용손실\n전체기간 기대신용손실\n합 \xa0 계\n손상 미인식\n손상인식\n기초\n48,854,446\n-\n-\n48,854,446\n12개월 기대신용손실로 대체\n-\n-\n-\n-\n손상 미인식한 전체기간 기대신용손실로 대체\n-\n-\n-\n-\n손상 인식한 전체기간 기대신용손실로 대체\n-\n-\n-\n-\n취득\n4,313,174\n-\n-\n4,313,174\n매각\n(3,538,969)\n-\n-\n(3,538,969)\n평가 및 환산 등\n47,351\n-\n-\n47,351\n당반기말\n49,676,002\n-\n-\n49,676,002\n2) 전반기\n구 \xa0 분\n12개월기대신용손실\n전체기간 기대신용손실\n합 \xa0 계\n손상 미인식\n손상인식\n기초(*)\n36,593,260\n-\n-\n36,593,260\n12개월 기대신용손실로 대체\n-\n-\n-\n-\n손상 미인식한 전체기간 기대신용손실로 대체\n-\n-\n-\n-\n손상 인식한 전체기간 기대신용손실로 대체\n-\n-\n-\n-\n취득\n7,770,618\n-\n-\n7,770,618\n매각\n(1,278,090)\n-\n-\n(1,278,090)\n평가 및 환산 등\n794,318\n-\n-\n794,318\n전반기말\n43,880,106\n-\n-\n43,880,106\n(*) 기초 금액은 기업회계기준서 제1109호 \'금융상품\' 적용 후 금액입니다.\n(3) 당반기 및 전반기 중 기타포괄손익-공정가치측정금융자산평가손익의 증감내역은 다음과 같습니다(단위 : 백만원).\n1) 당반기\n구 \xa0 분\n기초\n손익반영액\n평가 등\n당반기말\n\xa0기타포괄손익-공정가치측정금융자산평가손익\n(4,933,958)\n(65,956)\n(319,195)\n(5,319,109)\n\xa0계약자지분조정 배부금액\n45,213\n67,083\n\xa0주주지분 배부금액\n(4,888,745)\n(5,252,026)\n\xa0이연법인세효과\n1,098,012\n1,228,449\n\xa0이연법인세효과 차감 후 주주지분\n(3,790,733)\n(4,023,577)\n2) 전반기\n구 \xa0 분\n기초(*)\n손익반영액\n평가 등\n전반기말\n\xa0기타포괄손익-공정가치측정금융자산평가손익\n(8,844,423)\n10,392\n582,822\n(8,251,209)\n\xa0계약자지분조정 배부금액\n67,272\n67,953\n\xa0주주지분 배부금액\n(8,777,151)\n(8,183,256)\n\xa0이연법인세효과\n2,104,761\n1,837,959\n\xa0이연법인세효과 차감 후 주주지분\n(6,672,390)\n(6,345,297)\n(*) 기초 금액은 기업회계기준서 제1109호 \'금융상품\' 적용 후 금액입니다.\n(4) 당반기 및 전반기 중 기타포괄손익-공정가치측정금융자산의 손실충당금 내역은 다음과 같습니다(단위 : 백만원).\n1) 당반기\n구 \xa0 분\n12개월기대신용손실\n전체기간 기대신용손실\n합 \xa0 계\n손상 미인식\n손상인식\n기초\n3,664\n-\n-\n3,664\n12개월 기대신용손실로 대체\n-\n-\n-\n-\n손상 미인식한 전체기간 기대신용손실로 대체\n-\n-\n-\n-\n손상 인식한 전체기간 기대신용손실로 대체\n-\n-\n-\n-\n전입 및 환입\n1,374\n-\n-\n1,374\n기타\n(611)\n-\n-\n(611)\n당반기말\n4,427\n-\n-\n4,427\n2) 전반기\n구 \xa0 분\n12개월기대신용손실\n전체기간 기대신용손실\n합 \xa0 계\n손상 미인식\n손상인식\n기초(*)\n2,868\n-\n-\n2,868\n12개월 기대신용손실로 대체\n-\n-\n-\n-\n손상 미인식한 전체기간 기대신용손실로 대체\n-\n-\n-\n-\n손상 인식한 전체기간 기대신용손실로 대체\n-\n-\n-\n-\n전입 및 환입\n201\n-\n-\n201\n기타\n340\n-\n-\n340\n전반기말\n3,409\n-\n-\n3,409\n(*) 기초 금액은 기업회계기준서 제1109호 \'금융상품\' 적용 후 금액입니다.\n(5) 당반기말과 전기말 현재 지분상품에 대한 투자 중 기타포괄손익-공정가치 측정 항목으로 지정한 내역은 다음과 같습니다 (단위: 백만원).\n구 \xa0 분\n당반기말\n전기말\n주식(*)\n1,034,615\n744,551\n기타유가증권(*)\n525,181\n461,203\n합 \xa0 계\n1,559,796\n1,205,754\n(*) 상기 내역의 지분증권은 기타포괄손익-공정가치측정항목으로 지정한 지분증권으로 정책상 필요에 따른 보유 등의 이유로 기타포괄손익-공정가치 측정 선택권을 행사하였습니다.\n(6) 당반기 및 전반기 중 기타포괄손익-공정가치 측정 항목으로 지정한 지분상품으로부터 인식한 배당금수익은 다음과 같습니다(단위: 백만원).\n구 \xa0 분\n당반기\n전반기\n주식\n13,512\n454\n기타유가증권\n7,115\n7,706\n합 \xa0 계\n20,627\n8,160\n(7) 당반기말 현재 기타포괄손익-공정가치측정금융자산 중 채무증권 345,042백만원(전기말: 1,427,556백만원)이 환매조건부매도 거래 등과 관련된 담보로 제공되어 있습니다.\n10. 상각후원가측정유가증권\n(1) 당반기말과 전기말 현재 상각후원가측정유가증권의 내역은 다음과 같습니다(단위 : 백만원).\n구 분\n당반기말\n전기말\n국공채(*)\n4,380,893\n4,371,919\n특수채\n1,663,306\n1,670,902\n회사채\n299,076\n313,478\n해외채권\n5,844,880\n5,606,093\n손실충당금\n(1,448)\n(1,192)\n합 계\n12,186,707\n11,961,200\n(*) 기업회계기준서 제1109호 \'금융상품\'의 제거요건을 충족하지 않는 양도거래이며당반기말 및 전기말 현재 한국예탁결제원 등에 예탁된 자산에 대한 대여금융자산으로서 연결실체는 상기 자산의 대여를 통하여 수수료수익을 수취하고 있습니다.\n(2) 당반기 및 전반기 중 상각후원가측정유가증권의 손실충당금 변동내역은 다음과 같습니다(단위 : 백만원).\n1) 당반기\n구분\n12개월 기대신용손실 측정대상\n전체기간 기대신용손실측정 대상\n합계\n손상 미인식\n손상 인식\n기초\n1,192\n-\n-\n1,192\n12개월 기대신용손실로 대체\n-\n-\n-\n-\n손상 미인식한 전체기간 기대신용손실로 대체\n-\n-\n-\n-\n손상 인식한 전체기간 기대신용손실로 대체\n-\n-\n-\n-\n전입 및 환입\n256\n-\n-\n256\n당반기말\n1,448\n-\n-\n1,448\n2) 전반기\n구분\n12개월 기대신용손실 측정대상\n전체기간 기대신용손실측정 대상\n합계\n손상 미인식\n손상 인식\n기초(*)\n93\n-\n-\n93\n12개월 기대신용손실로 대체\n-\n-\n-\n-\n손상 미인식한 전체기간 기대신용손실로 대체\n-\n-\n-\n-\n손상 인식한 전체기간 기대신용손실로 대체\n-\n-\n-\n-\n전입 및 환입\n1,141\n-\n-\n1,141\n전반기말\n1,234\n-\n-\n1,234\n(*) 기초 금액은 기업회계기준서 제1109호 \'금융상품\' 적용 후 금액입니다.\n(3) 당반기 및 전반기 중 상각후원가측정유가증권 총 장부금액의 변동내역은 다음과 같습니다(단위 : 백만원).\n1) 당반기\n구분\n12개월 기대신용손실 측정대상\n전체기간 기대신용손실측정 대상\n합계\n손상 미인식\n손상 인식\n기초\n11,962,392\n-\n-\n11,962,392\n12개월 기대신용손실로 대체\n-\n-\n-\n-\n손상 미인식한 전체기간 기대신용손실로 대체\n-\n-\n-\n-\n손상 인식한 전체기간 기대신용손실로 대체\n-\n-\n-\n-\n취득\n5,504\n-\n-\n5,504\n매각\n(136,854)\n-\n-\n(136,854)\n평가 및 환산 등\n357,113\n-\n-\n357,113\n당반기말\n12,188,155\n-\n-\n12,188,155\n2) 전반기\n구분\n12개월 기대신용손실 측정대상\n전체기간 기대신용손실측정 대상\n합계\n손상 미인식\n손상 인식\n기초(*)\n11,623,846\n-\n-\n11,623,846\n12개월 기대신용손실로 대체\n-\n-\n-\n-\n손상 미인식한 전체기간 기대신용손실로 대체\n-\n-\n-\n-\n손상 인식한 전체기간 기대신용손실로 대체\n-\n-\n-\n-\n취득\n-\n-\n-\n-\n매각\n(188,245)\n-\n-\n(188,245)\n평가 및 환산 등\n310,780\n-\n-\n310,780\n전반기말\n11,746,381\n-\n-\n11,746,381\n(*) 기초 금액은 기업회계기준서 제1109호 \'금융상품\' 적용 후 금액입니다.\n11. 담보제공자산\n(1) 당반기말과 전기말 현재 담보제공 유가증권의 내용은 다음과 같습니다(단위 : 백만원).\n제공처\n목적\n당반기말 금액(*1)\n전기말 금액\n당기손익-공정가치측정금융자산\n기타포괄손익-공정가치측정금융자산\n상각후원가측정유가증권\n당기손익-공정가치측정금융자산\n기타포괄손익-공정가치측정금융자산\n상각후원가측정유가증권\n한국증권금융(*2)\n증권대차거래\n314,615\n262,536\n-\n203,708\n262,000\n-\n한국거래소(*3)\n선물옵션거래\n107,032\n-\n-\n82,802\n-\n-\n금리스왑증거금\n7,400\n-\n-\n7,400\n-\n-\n손해배상공동기금\n12,910\n-\n-\n10,700\n-\n-\n증권시장거래증거금\n14,614\n-\n-\n10,300\n-\n-\n한국예탁결제원(*4)\n손해배상공동기금\n1,150\n-\n-\n1,150\n-\n-\n증권대차거래\n243,389\n-\n-\n418,419\n-\n-\nNH투자증권 외(*5)\n파생상품거래\n574,353\n-\n-\n666,448\n-\n-\n한화투자증권 외\n당좌차월 및 RP담보제공\n-\n345,042\n993,610\n-\n1,427,556\n3,389,144\n합 계\n1,275,463\n607,578\n993,610\n1,400,927\n1,689,556\n3,389,144\n(*1) 상기 담보제공자산은 주식은 장부금액, 채권 및 CP는 액면가에 의하여 평가된 금액입니다.\n(*2) 주식 11,635백만원, 채권 302,980백만원과 ㈜한국거래소의 주식 1,000,000주로 구성되어 있습니다.\n(*3) 채권 141,956백만원으로 구성되어 있습니다.\n(*4) 주식 127,541백만원, 채권 116,998백만원으로 구성되어 있습니다.\n(*5) 주식 207,698백만원, 채권 366,654백만원으로 구성되어 있습니다.\n(2) 당반기말 현재 당기손익-공정가치측정금융자산 중 일부 채권 3,751,614백만원과 ETF 518,815백만원은 환매조건부채권매도와 관련하여 담보로 제공되어 있습니다. 이 중 대기관 환매조건부채권매도와 관련하여 담보로 제공된 금액은 채권 1,513,665백만원과 ETF 518,815백만원입니다. 동 거래는 매각과 동시에 계약종료일에 특정가격으로 증권을 재매입하기로 한 약정에 해당되어 제거조건이 충족되지 않은 금융상품으로 당반기말 현재 환매조건부채권매도 금액은 3,819,946백만원 입니다. 이 중 대기관 환매조건부채권매도 금액은 1,894,643백만원 입니다.\n(3) 당반기말 현재 차액결제대행업무와 관련하여 ㈜KB국민은행에 투자자예탁금별도예치금(신탁) 수익권증서 47,000백만원이 담보 설정되어 있습니다.\n(4) 당반기말 현재 유통금융 및 담보금융 대출과 관련하여, 양도담보로 수취 또는 질권 설정한 주식 등 1,520,402백만원을 한국증권금융㈜에 담보로 제공하고 있습니다.\n(5) 당반기말 현재 자금대출과 관련하여, 예치금 등\xa046,746백만원을\xa0BIDV 외 8곳에 담보로 제공하고 있습니다.\n(6) 금융자산의 양도\n- 당반기말과 전기말 현재 연결실체가 유가증권을 확정가격으로 재매입할 것을 조건으로 매각하여 제거조건이 충족되지 않은 금융상품의 내역은 다음과 같습니다(단위: 백만원).\xa0\n구분\n당반기말\n전기말\n양도자산\n당기손익-공정가치측정금융자산\n4,270,429\n4,321,256\n관련부채\n환매조건부채권매도\n3,819,946\n3,843,411\n- 당반기말과 전기말 현재 연결실체가 보유한 금융상품을 기초자산으로 유동화증권을 발행한 내역은 다음과 같습니다(단위: 백만원).\xa0\n구분\n당반기말\n전기말\n기초자산\n당기손익-공정가치측정금융자산\n202,216\n423,984\n상각후원가측정대출채권\n692,253\n705,188\n합계\n894,469\n1,129,172\n유동화증권\n전자단기사채 등\n933,075\n1,101,549\n12. 종속기업\n(1) 당반기말과 전기말 현재 종속기업의 현황은 다음과 같습니다.\n구 \xa0 분\n주요 영업활동\n법인설립 및영업소재지\n소유지분율 및의결권비율(%)\n당반기말\n전기말\n종속기업\n한화생명금융서비스㈜\n보험대리 및 중개업\n대한민국\n88.9\n88.9\n한화자산운용㈜\n자산운용업\n대한민국\n100\xa0\n100\xa0\n㈜한화육삼시티\n부동산관리, 서비스 등\n대한민국\n100\xa0\n100\xa0\n한화손해사정㈜\n보험관련 서비스업\n대한민국\n100\xa0\n100\xa0\n한화라이프랩㈜\n보험대리 및 중개업\n대한민국\n100\xa0\n100\xa0\nHanwha Life Insurance Company Limited (Vietnam)\n생명보험업\n베트남\n100\xa0\n100\xa0\nHanwha Financial Technology Company Limited (*1)\n디지털솔루션\n베트남\n100\xa0\n100\xa0\nPT. Hanwha Life Insurance Indonesia\n생명보험업\n인도네시아\n99.6\n99.6\nPT Lippo General Insurance Tbk (*9)\n손해보험업\n인도네시아\n74.4\n74.4\n한화손해보험㈜(*2)\n손해보험업\n대한민국\n63.3\n63.3\n캐롯손해보험㈜(*3)\n손해보험업\n대한민국\n59.6\n55.9\n히어로손해사정㈜(*3)\n보험관련 서비스업\n대한민국\n70\xa0\n70\nHanwha Asset Management(USA) Ltd.(*4)\n해외 유가증권 투자\n미국\n100\xa0\n100\xa0\nHanwha Asset Management Pte., Ltd.(*4)\n자산운용업\n싱가포르\n100\xa0\n100\xa0\nHanwha USA Partners I GP LLC(*10)\n금융투자\n미국\n100\xa0\n100\xa0\n한화투자관리유한공사(*4)\n자산운용업\n중국\n100\xa0\n100\xa0\n한화투자증권㈜ (*5)\n증권업\n대한민국\n45.2\n45.2\nZHARYK ZHOL COMPANY 2007.LLP (*6)\n부동산투자\n카자흐스탄\n100\xa0\n100\xa0\nPinetree Securities Pte.Ltd. (*6)\n금융투자\n싱가포르\n100\xa0\n100\xa0\nPinetree Securities Corporation (*6)\n금융투자\n베트남\n100\xa0\n99.9\nDP Real Estate America LLC\n부동산투자업\n미국\n100\xa0\n100\xa0\nDP Real Estate Japan G.K.\n부동산투자업\n일본\n100\xa0\n100\xa0\n한화위탁관리부동산투자회사 주식회사\n부동산투자업\n대한민국\n46.2\n47.8\n피플라이프(*11)\n보험대리 및 중개업\n대한민국\n98.9\n98.8\n연결대상 수익증권 등\n강소신재생에너지혁신펀드 외 (*7)\n투자조합\n대한민국\n40.1 ~ 100.0\n40.1 ~ 100.0\n하나다올HW랜드칩사모부동산자투자신탁1호 등(*7)\n부동산집합투자기구\n대한민국\n50.9 ~ 100.0\n50.0 ~ 100.0\n한화 GLOBAL CORPORATE PE STRATEGY 사모증권투자신탁 1호 등(*7)\n증권집합투자기구\n대한민국\n20.0 ~ 100.0\n20.0 ~ 100.0\n한화트라이써클인프라특별자산1호 등 (*7)\n특별자산집합투자기구\n대한민국\n40.3 ~ 100.0\n40.3 ~ 100.0\n한화AI GLOBAL CHOICE사모부동산투자신탁1호(재간접형)\n부동산/특별자산집합투자기구\n대한민국\n100\xa0\n100\xa0\n피닉스모현제일차 등 (*7)(*8)\n자산유동화\n대한민국\n\xa0-\xa0\n\xa0-\xa0\n(*1) 종속기업인 Hanwha Life Insurance Limited (Vietnam)을 통해 지배력을 행사하고 있습니다.\n(*2) 소유지분율은 63.30%이나 한화손해보험㈜이 보유한 자기주식으로 인해 의결권 지분율은 51.86%입니다.\n(*3) 종속기업인 한화손해보험㈜를 통해 지배력을 행사하고 있습니다.\n(*4) 종속기업인 한화자산운용㈜를 통해 지배력을 행사하고 있습니다.\n(*5)\xa0소유지분율은 45.24%이나 한화투자증권㈜이 보유한 자기주식으로 인해 의결권 지분율은 45.34%입니다.\n(*6) 종속기업인 한화투자증권㈜를 통해 지배력을 행사하고 있습니다.\n(*7) 한화환경사랑인프라사모특별자산1호 외 94개의 수익증권은 지분율이 50%를 초과하지 않지만, 보유 지분율 및 사실상 대리인 관계를 고려하여 기업회계기준서 제1110호 \'연결재무제표\'에 따라 종속기업투자에 포함되었습니다.\n(*8) 연결실체는 당기 중\xa0마운트월드 외 8개를 신규로 취득하여 기업회계기준서 제1110호 \'연결재무제표\'에 따라 종속기업투자로 분류하였습니다.\n(*9) 종속기업인 PT. Hanwha Life Insurance (Indonesia)을 통해 지배력을 행사하고 있습니다.\n(*10) 종속기업인 Hanwha Asset Management (USA) Ltd을 통해 지배력을 행사하고있습니다.\n(*11) 종속기업인 한화생명금융서비스㈜를 통해 지배력을 행사하고 있습니다.\n(2) 연결범위의 변동\n당반기 중 한화 ARIRANG 일본반도체소부장Solactive 증권상장지수투자신탁(주식)외 10개 수익증권이 연결범위에서 제외되었습니다.\n(3) 당반기말과 전기말 현재 주요 종속기업 및 연결대상 수익증권의 요약재무정보는 다음과 같습니다(단위: 백만원).\n1) 당반기말\n구 \xa0 분\n자산\n부채\n자본\n영업수익\n반기순손익\n반기포괄손익\n종속기업\n한화생명금융서비스㈜\n1,596,885\n942,443\n654,442\n962,651\n54,377\n54,377\n한화자산운용㈜\n1,628,976\n218,010\n1,410,966\n90,277\n32,465\n33,500\n㈜한화육삼시티\n33,303\n6,313\n26,991\n37,953\n1,435\n1,435\n한화손해사정㈜\n22,065\n4,681\n17,384\n24,920\n732\n732\n한화라이프랩㈜\n44,133\n21,240\n22,893\n75,481\n3,873\n3,806\nHanwha Life Insurance Company Limited (Vietnam)\n1,031,252\n623,830\n407,422\n70,638\n30,622\n64,875\nHanwha Financial Technology Company Limited\n21,697\n151\n21,545\n668\n(501)\n59\nPT. Hanwha Life Insurance Indonesia\n178,422\n29,288\n149,134\n9,179\n(3,925)\n(1,547)\nPT Lippo General Insurance Tbk\n238,885\n160,424\n78,460\n148,976\n2,390\n3,328\n한화손해보험㈜(*1)\n18,272,829\n15,281,670\n2,991,158\n2,942,325\n254,748\n(322,063)\n캐롯손해보험㈜\n382,852\n188,708\n194,144\n303,224\n(29,895)\n(29,895)\n히어로손해사정㈜\n10,222\n2,218\n8,004\n12,723\n(2,217)\n(2,217)\nHanwha Asset Management(USA) Ltd.\n308,530\n5,320\n303,210\n11,191\n4,469\n26,070\nHanwha Asset Management Pte., Ltd.\n33,581\n465\n33,116\n2,061\n767\n2,234\nHanwha USA Partners I GP LLC\n-\n-\n-\n-\n-\n-\n한화투자관리유한공사\n6,090\n93\n5,997\n264\n(621)\n(299)\n한화투자증권㈜\n12,878,451\n11,230,822\n1,647,629\n1,142,631\n50,967\n75,226\nZHARYK ZHOL COMPANY 2007.LLP\n90\n8\n82\n2\n-\n4\nPinetree Securities Pte.Ltd.\n7,017\n528\n6,488\n104\n(655)\n(347)\nPinetree Securities Corporation\n191,426\n108,466\n82,960\n7,892\n1,079\n3,188\nDP Real Estate America LLC\n229,235\n2,170\n227,065\n2,769\n(1,601)\n14,782\nDP Real Estate Japan G.K.\n9,892\n7\n9,885\n1\n(84)\n(639)\n한화위탁관리부동산투자회사 주식회사\n701,815\n363,621\n338,194\n23,451\n3,316\n3,316\n피플라이프\n222,921\n148,026\n74,895\n186,597\n6,258\n6,258\n연결대상수익증권(*2)\n강소신재생에너지혁신펀드 외\n219,837\n1,961\n217,876\n5,454\n6,374\n6,374\n하나다올HW랜드칩사모부동산자투자신탁1호 외\n1,670,119\n191,414\n1,478,705\n52,567\n(21,917)\n(21,917)\n한화 GLOBAL CORPORATE PE STRATEGY 사모증권투자신탁 1호 외\n3,204,763\n86,243\n3,118,519\n165,399\n14,222\n14,535\n한화트라이써클인프라특별자산1호 외\n5,733,634\n434,918\n5,298,715\n321,975\n95,492\n95,492\n한화AI GLOBAL CHOICE사모부동산투자신탁1호(재간접형)\n76,647\n2,456\n74,191\n23,210\n7,197\n7,197\n피닉스모현제일차 외\n1,279,868\n1,289,659\n(9,791)\n33,516\n(2,853)\n(2,853)\n(*1) 사업결합에 따른 공정가치평가가 반영되지 않은 재무정보입니다.\n(*2) 연결대상 수익증권의 재무정보는 개별 수익증권의 단순합계 금액입니다.\n2) 전기말\n회사명\n자산\n부채\n자본\n영업수익\n당기순손익\n포괄손익\n종속기업\n한화생명금융서비스㈜\n1,538,804\n937,232\n601,572\n1,563,771\n68,867\n58,711\n한화자산운용㈜\n1,644,434\n266,967\n1,377,467\n150,151\n28,289\n19,997\n㈜한화육삼시티\n52,804\n7,248\n45,556\n74,985\n1,458\n(129)\n한화손해사정㈜\n22,555\n5,903\n16,652\n48,527\n(436)\n(1,361)\n한화라이프랩㈜\n38,823\n18,258\n20,565\n111,027\n2,717\n2,856\nHanwha Life Insurance Company Limited (Vietnam)\n981,550\n633,573\n347,977\n150,199\n47,076\n(46,865)\nHanwha Financial Technology Company Limited\n21,664\n178\n21,486\n37\n191\n(14)\nPT. Hanwha Life Insurance Indonesia\n172,744\n22,063\n150,681\n16,409\n(6,925)\n(4,821)\nPT Lippo General Insurance Tbk\n202,790\n126,970\n75,820\n233,838\n14,927\n12,263\n한화손해보험㈜(*1)\n17,914,061\n14,553,694\n3,360,368\n5,547,218\n290,676\n223,730\n캐롯손해보험\n393,851\n170,306\n223,545\n520,285\n(74,609)\n(75,779)\n히어로손해사정 주식회사\n14,128\n3,906\n10,221\n18,407\n(3,587)\n(3,587)\nHanwha Asset Management (USA) Ltd.\n282,194\n5,054\n277,140\n17,874\n5,997\n10,739\nHANWHA ASSET MANAGEMENT PTE. LTD.\n31,542\n659\n30,882\n3,032\n(1,168)\n(65)\nHanwha USA Partners I GP LLC\n-\n-\n-\n-\n-\n-\n한화투자관리유한공사\n6,749\n452\n6,297\n1,244\n(440)\n(454)\n한화투자증권㈜\n13,156,508\n11,586,417\n1,570,091\n1,958,370\n4,254\n11,899\nZHARYK ZHOL COMPANY 2007.LLP\n86\n8\n78\n3\n-\n2\nPinetree Securities Pte.Ltd.\n7,412\n576\n6,835\n194\n(1,538)\n(1,256)\nPinetree Securities Corporation\n135,519\n55,747\n79,772\n13,509\n1,198\n424\nDP Real Estate America LLC\n214,344\n2,062\n212,282\n3,174\n(3,792)\n(41)\nDP Real Estate Japan G.K.\n10,528\n5\n10,524\n-\n-\n-\n한화위탁관리부동산투자회사 주식회사\n710,726\n364,694\n346,032\n46,206\n3,544\n3,544\n피플라이프\n216,714\n148,077\n68,638\n315,673\n4,417\n4,385\n연결대상 수익증권 등(*2)\n강소신재생에너지혁신펀드 외\n83,310\n1,310\n82,000\n5,336\n(7,114)\n(7,114)\n하나다올HW랜드칩사모부동산자투자신탁1호 외\n321,733\n30,037\n291,696\n18,703\n(17,411)\n(20,004)\n한화 GLOBAL CORPORATE PE STRATEGY 사모증권투자신탁 1호 외\n327,960\n391\n327,568\n15,512\n(8,349)\n(8,349)\n한화트라이써클인프라특별자산1호 외\n1,183,842\n282,938\n900,904\n55,919\n(27,032)\n(27,032)\n한화AI GLOBAL CHOICE사모부동산투자신탁1호(재간접형)\n170,774\n43,796\n126,978\n11,410\n(2,010)\n(2,010)\n아시아퍼시픽45호 선박투자회사\n7,612\n111\n7,501\n1,026\n953\n953\n에이치에스에프제팔차 외\n1,263,052\n1,216,453\n46,599\n85,218\n2,324\n2,324\n(*1) 사업결합에 따른 공정가치평가가 반영되지 않은 재무정보입니다.\n(*2) 연결대상 수익증권의 재무정보는 개별 수익증권의 단순합계 금액입니다.\n13. 관계기업\n(1) 당반기말과 전기말 현재 관계기업 투자현황은 다음과 같습니다(단위: 백만원).\n회사명\n주요 영업\n법인설립/영업소재지\n지분율(%)\n당반기말\n전기말\n취득원가\n장부금액\n취득원가\n장부금액\nSino Korea Life Insurance Co.,Ltd.(China)\n생명보험업\n중국\n24.9\n129,274\n74,063\n129,274\n74,186\n엔에이치엔페이코㈜(*1)\n기타금융지원서비스업\n대한민국\n9.1\n64,500\n57,901\n64,500\n58,201\n이브로드캐스팅\n데이터베이스 및 온라인 정보 제공업\n대한민국\n10.6\n34,755\n35,526\n34,755\n36,890\n신공항하이웨이㈜ 외 19개사(*1)\n도로시설건설 및 운영 등\n대한민국\n1.4~36.2\n40,176\n40,710\n40,176\n42,487\n해시드 벤처투자조합1호\n창업투자조합\n대한민국\n21.2\n23,750\n21,282\n23,750\n22,113\n한투한화디지털헬스케어제1호 외 10개사\n자산운용업 등\n대한민국 등\n0~33.3\n152,705\n99,055\n141,160\n103,635\n삼성한화신성장신기술조합제1호 외 42개사(*2)\n인프라투자업 등\n대한민국 등\n0~50.1\n410,731\n112,258\n403,689\n264,587\n합 \xa0 계\n855,891\n440,795\n837,304\n602,099\n(*1) 피투자회사 이사회에서 재무정책과 영업정책에 관한 의사결정에 참여할 수 있는 등 유의적인 영향력이 존재하므로 관계기업투자로 분류하였습니다.\n(*2) 관련활동을 지시하는 현재의 능력을 보유하고 있지 않아 지배력이 없다고 판단하였고, 연결실체는 동 출자금을 관계기업투자로 분류하였습니다.\n(2) 당반기 및 전반기 중 종목별 관계기업의 변동내역은 다음과 같습니다(단위: 백만원).\n1) 당반기\n구 \xa0 분\n기초\n증감\n당반기말\n취득/대체\n지분법손익\n기타 증감액\nSino Korea Life Insurance Co.,Ltd.(China)\n74,186\n-\n(4,473)\n4,350\n74,063\n엔에이치엔페이코㈜\n58,201\n-\n(36)\n(264)\n57,901\n에이앤디신용정보㈜\n3,524\n-\n164\n(49)\n3,639\n신공항하이웨이㈜\n11,287\n-\n1,619\n(3,150)\n9,756\n전라선철도주식회사\n7,764\n-\n189\n-\n7,953\n케이디비아시아 사모투자합자회사\n37,482\n-\n(73)\n2,900\n40,309\nAI Alliance LLC\n11,527\n-\n(59)\n713\n12,181\n토스뱅크 주식회사\n132,401\n(204,715)\n1,272\n71,042\n-\n해시드 벤처투자조합1호\n22,113\n-\n(831)\n-\n21,282\nNH-Amundi 캐나다 인프라 일반 사모특별자산투자신탁 1호(전문)\n71,612\n700\n5,406\n(28,270)\n49,448\n기타\n172,002\n20,122\n3,893\n(31,754)\n164,263\n합 \xa0 \xa0계\n602,099\n(183,893)\n7,071\n15,518\n440,795\n2) 전반기\n구 \xa0 분\n기초\n증감\n전반기말\n취득/대체\n지분법손익\n기타 증감액\nSino Korea Life Insurance Co.,Ltd.(China)\n88,748\n-\n(4,061)\n(262)\n84,425\n엔에이치엔페이코㈜\n58,638\n-\n279\n131\n59,048\n에이앤디신용정보㈜\n3,402\n-\n170\n(49)\n3,523\n신공항하이웨이㈜\n12,161\n-\n1,384\n(2,450)\n11,095\n전라선철도주식회사\n9,048\n-\n119\n-\n9,167\n서울글로벌바이오메디컬신성장동력투자펀드\n5,512\n-\n395\n-\n5,907\nAI Alliance LLC\n12,750\n-\n(49)\n475\n13,176\n토스뱅크 주식회사\n91,650\n18,382\n(5,452)\n5,420\n110,000\n해시드 벤처투자조합1호\n24,312\n-\n(711)\n(1,250)\n22,351\n다올넥스트원LNG터미널일반사모투자신탁제4호\n91,615\n-\n555\n(92,170)\n-\n기타\n139,680\n46,262\n604\n(6,027)\n180,519\n합 \xa0 \xa0계\n537,516\n64,644\n(6,767)\n(96,182)\n499,211\n(3) 당반기말과 전기말 현재 주요 관계기업 및 공동기업의 요약재무정보는 다음과 같습니다(단위: 백만원).\n1) 당반기말\n구 \xa0 분\n자산총액\n부채총액\n자본총액\n영업수익\n반기순손익\n반기포괄손익\nSino Korea Life Insurance Co.,Ltd.(China)\n2,032,867\n1,736,497\n296,370\n347,887\n(17,901)\n(494)\n엔에이치엔페이코㈜\n363,812\n152,969\n210,843\n32,399\n(1,459)\n(1,459)\n이브로드캐스팅\n78,223\n5,733\n72,490\n27,629\n4,647\n4,471\n신공항하이웨이㈜ 외 19개사\n1,542,665\n1,033,226\n509,439\n201,610\n54,777\n55,048\n해시드 벤처투자조합1호\n100,861\n664\n100,197\n159\n(1,051)\n(1,051)\n한투한화디지털헬스케어제1호 외 9개사\n391,570\n5,832\n385,738\n6,305\n801\n15,744\n삼성한화신성장신기술조합제1호 외 39개사\n707,338\n198,106\n509,232\n495,042\n45,073\n45,073\n2) 전기말\n회사명\n자산총액\n부채총액\n자본총액\n영업수익\n당기순손익\n당기포괄손익\nSino Korea Life Insurance Co.,Ltd.(China)\n1,634,755\n1,337,891\n296,864\n476,311\n(60,321)\n(59,809)\n엔에이치엔페이코㈜\n319,576\n105,417\n214,159\n72,483\n(644)\n(965)\n신공항하이웨이㈜ 외 20개사\n1,719,672\n1,098,606\n621,066\n333,450\n55,708\n57,914\n한투한화디지털헬스케어제1호 외 11개사\n549,831\n12,867\n536,964\n19,176\n(4,221)\n61\nKOTAM 항공기 전문투자형 사모특별자산투자신탁 제2호 외 42개사\n25,723,385\n23,817,765\n1,905,620\n327,392\n(40,923)\n23,923\n14. 상각후원가측정대출채권\n(1) 당반기말과 전기말 현재 상각후원가측정대출채권의 내역은 다음과 같습니다(단위: 백만원).\n구 \xa0 분\n당반기말\n전기말\n\xa0부동산담보대출\n8,206,296\n8,927,381\n\xa0신용대출\n8,227,940\n8,644,427\n\xa0지급보증대출\n984,987\n930,334\n\xa0기타대출\n4,726,556\n4,225,886\n소 \xa0 계\n22,145,779\n22,728,028\n\xa0이연대출부대손익\n26,926\n23,975\n\xa0현재가치할인차금\n(447)\n(469)\n\xa0신용손실충당금\n(253,399)\n(224,452)\n합 \xa0 계\n21,918,859\n22,527,082\n(2) 당반기 및 전반기 중 상각후원가측정대출채권 총 장부금액의 변동내역은 다음과 같습니다 (단위: 백만원).\n1) 당반기\n구분\n12개월 기대신용손실 측정대상\n전체기간 기대신용손실 측정 대상\n합계\n손상 미인식\n손상 인식\n기초\n21,680,102\n888,154\n183,278\n22,751,534\n12개월 기대신용손실로 대체\n331,966\n(331,820)\n(146)\n-\n전체기간기대신용손실로 대체\n(338,445)\n340,552\n(2,107)\n-\n신용이 손상된 금융자산으로 대체\n(79,677)\n(40,657)\n120,334\n-\n신규 실행 또는 매입\n2,978,351\n1,188\n-\n2,979,539\n매각 및 제각 등\n(3,434,431)\n(74,750)\n(49,634)\n(3,558,815)\n당반기말\n21,137,866\n782,667\n251,725\n22,172,258\n2) 전반기\n구분\n12개월 기대신용손실 측정대상\n전체기간 기대신용손실 측정 대상\n합계\n손상 미인식\n손상 인식\n기초(*1)\n23,004,889\n507,197\n79,622\n23,591,708\n12개월 기대신용손실로 대체\n145,090\n(144,724)\n(366)\n-\n전체기간기대신용손실로 대체\n(467,347)\n468,018\n(671)\n-\n신용이 손상된 금융자산으로 대체\n(43,887)\n(26,264)\n70,151\n-\n신규 실행 또는 매입\n2,764,533\n-\n-\n2,764,533\n매각 및 제각 등\n(2,979,453)\n(39,183)\n(31,348)\n(3,049,984)\n전반기말\n22,423,825\n765,044\n117,388\n23,306,257\n(*1) 기초 금액은 기업회계기준서 제1109호 \'금융상품\' 적용 후 금액입니다.\n(3) 당반기 및 전반기 중 상각후원가측정대출채권에 대한 신용손실충당금의 변동내역은 다음과 같습니다(단위: 백만원).\n1) 당반기\n구분\n12개월기대신용손실\n전체기간 기대신용손실\n합계\n손상 미인식\n손상 인식\n기초\n54,469\n20,540\n149,443\n224,452\n12개월 기대신용손실로 대체\n5,865\n(5,843)\n(22)\n-\n전체기간기대신용손실로 대체\n(1,352)\n1,516\n(164)\n-\n신용이 손상된 금융자산으로 대체\n(263)\n(2,224)\n2,487\n-\n충당금 순전입액\n8,704\n9,657\n80,704\n99,065\n제각 등\n(188)\n(274)\n(35,887)\n(36,349)\n기타(*1)\n(45,693)\n(774)\n12,698\n(33,769)\n당반기말\n21,542\n22,598\n209,259\n253,399\n(*1) 기타 사항은 시간가치 조정으로 인한 효과 (Unwinding effect)으로 인한 효과 및상각채권회수 등의 사항입니다.\n2) 전반기\n구분\n12개월기대신용손실\n전체기간 기대신용손실\n합계\n손상 미인식\n손상 인식\n기초(*1)\n53,680\n13,008\n63,585\n130,273\n12개월 기대신용손실로 대체\n2,799\n(2,760)\n(39)\n-\n전체기간기대신용손실로 대체\n(2,066)\n2,151\n(85)\n-\n신용이 손상된 금융자산으로 대체\n(330)\n(1,542)\n1,872\n-\n충당금 순전입액\n1,117\n6,773\n32,889\n40,779\n제각 등\n-\n-\n(22,251)\n(22,251)\n기타(*2)\n230\n(845)\n6,766\n6,151\n전반기말\n55,430\n16,785\n82,737\n154,952\n(*1) 기초 금액은 기업회계기준서 제1109호 \'금융상품\' 적용 후 금액입니다.(*2) 기타 사항은 시간가치 조정으로 인한 효과 (Unwinding effect)으로 인한 효과 및 상각채권회수 등의 사항입니다.\n15. 상각후원가측정기타금융자산\n(1) 당반기말과 전기말 현재 상각후원가측정기타금융자산의 내역은 다음과 같습니다(단위:백만원).\n구 \xa0분\n당반기말\n전기말\n예치금\n1,895,264\n1,596,996\n미수금\n1,140,072\n1,148,238\n미수수익\n1,428,388\n1,347,781\n리스채권\n1,383\n1,823\n보증금\n163,250\n165,308\n기타수취채권\n10,675\n9,264\n소 \xa0 계\n4,639,032\n4,269,410\n현재가치할인차금\n(12,391)\n(10,419)\n신용손실충당금\n(109,365)\n(103,253)\n합 \xa0 계\n4,517,276\n4,155,738\n(2) 당반기말과 전기말 현재 연결실체의 예치금의 내역은 다음과 같습니다(단위:백만원).\n구 \xa0 분\n당반기말이자율(%)\n금 \xa0 액\n당반기말\n전기말\n예치금\n청약예치금\n-\n5\n-\n투자자예탁금별도예치금\n3.43\n276,658\n656,752\n장내파생상품거래예치금\n0.5~3.3\n80,337\n65,306\n장내파생상품매매증거금\n3.15\n5,000\n-\n유통금융담보금\n-\n-\n24\n유통금융차주담보금\n-\n-\n36\n지급담보금\n-\n1,431\n-\n정기예금\n0~11\n824,433\n685,967\n당좌개설보증금\n-\n44\n44\n기타\n0~9\n707,356\n188,867\n합\xa0 \xa0계\r\n1,895,264\n1,596,996\n(3) 당반기말과 전기말 현재 사용이 제한된 예금 등의 내용은 다음과 같습니다(단위:백만원)\n구 \xa0 분\n금융기관\n당반기말\n전기말\n사용제한 사유\n예치금\n\xa0정기예금\n\xa0㈜KB국민은행\n1,000\n1,000\n\xa0지급결제시행 관련 거래안정성을 위한 질권설정\xa0\n\xa0정기예금\n\xa0㈜KB국민은행\n39\n39\n\xa0전대차 보증금 질권 설정\xa0\n\xa0정기예금\n\xa0㈜우리은행\n2,500\n2,500\n\xa0거래이행 보증을 위한 질권설정\xa0\n\xa0정기예금 등\n\xa0신한은행 외\n310\n311\n\xa0질권설정 등\n\xa0정기예금\n\xa0Vietnam Joint Stock Commercial Bank for Industry and Trade 외\n25,115\n16,439\n\xa0기간대출 담보설정 등\n\xa0청약예치금\n\xa0미래에셋증권㈜\n5\n-\n\xa0공모주 청약을 위한 청약증거금\n\xa0장내파생상품거래예치금\n\xa0케이비증권 외\n18,644\n26,185\n\xa0선물옵션거래를 위한 예치\n\xa0장내파생상품매매증거금\n\xa0㈜한국거래소\n5,000\n-\n\xa0거래소 파생시장 매매증거금\n\xa0투자자예탁금별도예치금 - 집합투자증권투자자예수분\n\xa0한국증권금융㈜\n257,928\n648,428\n\xa0자본시장과 금융투자업에 관한 법률 제74조에 의하여 예치\xa0\n\xa0투자자예탁금별도예치금 - 외화증권투자자예수분\n\xa0한국증권금융㈜\n14,631\n17,348\n\xa0자본시장과 금융투자업에 관한 법률 제74조에 의하여 예치\xa0\n\xa0유통금융차주담보금\n\xa0한국증권금융㈜\n-\n36\n\xa0유통금융차주의 담보로 제공\n\xa0유통금융담보금\n\xa0한국증권금융㈜\n-\n24\n\xa0유통금융의 담보로 제공\n\xa0당좌개설보증금\n\xa0하나은행 외\n44\n44\n\xa0당좌개설 보증\n\xa0지급담보금\n\xa0Credit Agricole Corporate and  Investment Bank\n1,431\n-\n\xa0장외파생상품거래 지급담보\xa0\n소 \xa0 계\n326,647\n712,354\n당기손익-공정가치측정금융자산\n\xa0투자자예탁금별도예치금(신탁) - 일반예수분\n\xa0한국증권금융㈜\n317,093\n289,256\n\xa0자본시장과 금융투자업에 관한 법률 제74조에 의하여 예치\xa0\n\xa0투자자예탁금별도예치금(신탁) - 장내파생상품거래분\n\xa0한국증권금융㈜\n51,298\n33,163\n\xa0자본시장과 금융투자업에 관한 법률 제74조에 의하여 예치\xa0\n\xa0파생상품시장공동기금\n\xa0㈜한국거래소\n10,000\n15,000\n\xa0자본시장과 금융투자업에 관한 법률 제394조에 의하여 예치\xa0\n\xa0양도성예금증서\nBank for Investment and Development of Vietnam\n2,730\n2,660\n\xa0기간대출 담보설정\n8,190\n7,980\n\xa0당좌차월 담보설정\n\xa0회사채\nVietnam Joint Stock Commercial Bank for Industry and Trade 외\n10,710\n-\n\xa0기간대출 담보설정\n소 \xa0 \xa0계\n400,021\n348,059\n합 \xa0 \xa0계\n726,668\n1,060,413\n(4) 당반기 및 전반기 중 상각후원가측정기타금융자산의 총장부금액의 변동내역은 다음과 같습니다.(단위:백만원)\n1) 당반기\n구 \xa0 분\n12개월 기대신용손실 측정대상\n전체기간 기대신용손실측정 대상\n합 \xa0계\n손상 미인식\n손상 인식\n기초\n4,253,313\n3,421\n2,257\n4,258,991\n12개월 기대신용손실로 대체\n749\n(749)\n-\n-\n전체기간기대신용손실로 대체\xa0\n(934)\n969\n(35)\n-\n신용이 손상된 금융자산으로 대체\n(63)\n(364)\n427\n-\n신규 실행 또는 매입\n371,989\n55\n2,228\n374,272\n매각 및 제각 등\n(4,199)\n(430)\n(1,993)\n(6,622)\n당반기말\n4,620,855\n2,902\n2,884\n4,626,641\n2) 전반기\n구 \xa0 분\n12개월 기대신용손실 측정대상\n전체기간 기대신용손실측정 대상\n합 \xa0 계\n손상 미인식\n손상 인식\n기초(*1)\n3,938,362\n1,888\n990\n3,941,240\n12개월 기대신용손실로 대체\n468\n(467)\n(1)\n-\n전체기간기대신용손실로 대체\n(1,397)\n1,401\n(4)\n-\n신용이 손상된 금융자산으로 대체\n(129)\n(139)\n268\n-\n신규 실행 또는 매입\n198,672\n147\n3,203\n202,022\n매각 및 제각 등\n(19,751)\n(399)\n(2,913)\n(23,063)\n전반기말\n4,116,225\n2,431\n1,543\n4,120,199\n(*1) 기초 금액은 기업회계기준서 제1109호 \'금융상품\' 적용 후 금액입니다.\n(5) 당반기 및 전반기 중 상각후원가측정기타금융자산의 신용손실충당금의 변동내역은 다음과 같습니다.(단위:백만원)\n1) 당반기\n구 \xa0 분\n12개월 기대신용손실 측정대상\n전체기간 기대신용손실 측정 대상\n합 \xa0 계\n손상 미인식\n손상 인식\n기초\n102,148\n120\n985\n103,253\n12개월 기대신용손실로 대체\n16\n(16)\n-\n-\n전체기간기대신용손실로 대체\n(6)\n13\n(7)\n-\n신용이 손상된 금융자산으로 대체\n(1)\n(31)\n32\n-\n충당금 순전입액\n(789)\n130\n1,103\n444\n제각 등\n-\n-\n(2,220)\n(2,220)\n기타(*1)\n6,765\n(87)\n1,210\n7,888\n당반기말\n108,133\n129\n1,103\n109,365\n(*1) 기타 사항은 시간가치 조정으로 인한 효과(Unwinding effect) 및 상각채권회수 등의 사항입니다.\n2) 전반기\n구 \xa0 분\n12개월 기대신용손실 측정대상\n전체기간 기대신용손실 측정 대상\n합 \xa0 계\n손상 미인식\n손상 인식\n기초(*1)\n93,696\n79\n657\n94,432\n12개월 기대신용손실로 대체\n14\n(13)\n(1)\n-\n전체기간기대신용손실로 대체\xa0\n(9)\n9\n-\n-\n신용이 손상된 금융자산으로 대체\n(2)\n(9)\n11\n-\n충당금 순전입액\n575\n95\n882\n1,552\n제각 등\n-\n-\n(3,176)\n(3,176)\n기타(*2)\n6,431\n(67)\n2,509\n8,873\n전반기말\n100,705\n94\n882\n101,681\n(*1) 기초 금액은 기업회계기준서 제1109호 \'금융상품\' 적용 후 금액입니다.(*2) 기타 사항은 시간가치 조정으로 인한 효과(Unwinding effect) 및 상각채권회수 등의 사항입니다.\n16. 파생금융상품 및 위험회피회계\n(1) 당반기말과 전기말 현재 파생상품 관련 현황은 다음과 같습니다(단위: 백만원).\n1) 당반기말\n구 \xa0 분\n매매목적\n위험회피목적\n합 \xa0 계\n자산\n부채\n자산\n부채\n자산 계\n부채 계\n\xa0통화선도(*)\n36,824\n325,374\n2,709\n214,351\n39,533\n539,725\n\xa0통화스왑(*)\n121,059\n65,064\n6,145\n414,880\n127,204\n479,944\n\xa0주가지수옵션\n6,483\n88\n-\n-\n6,483\n88\n\xa0신용파생상품\n13,368\n2,628\n-\n-\n13,368\n2,628\n\xa0채권선도(*)\n27,960\n2,144\n213,764\n367,404\n241,724\n369,548\n\xa0이자율파생(*)\n33,316\n34,781\n-\n19,232\n33,316\n54,013\n\xa0기타 파생\n73,534\n271,347\n-\n-\n73,534\n271,347\n합 \xa0 계\n312,544\n701,426\n222,618\n1,015,867\n535,162\n1,717,293\n(*) 연결실체는 채권의 환율 및 이자율 변동 등에 따른 미래 공정가치 및 현금흐름의 변동위험을 헤지하기 위하여 통화선도, 통화스왑. 이자율파생 및 채권선도계약을 체결하고 있으며, 위험에 노출되는 예상 최장기간은 2039년 3월 15일까지 입니다.\n2) 전기말\n구 \xa0 분\n매매목적\n위험회피목적\n합 \xa0 계\n자산\n부채\n자산\n부채\n자산 계\n부채 계\n\xa0통화선도(*)\n73,515\n84,073\n116,513\n56,032\n190,028\n140,105\n\xa0통화스왑(*)\n112,083\n86,039\n51,875\n210,595\n163,958\n296,634\n\xa0주가지수옵션\n25,197\n2,028\n-\n-\n25,197\n2,028\n\xa0신용파생상품\n134,322\n150,517\n-\n-\n134,322\n150,517\n\xa0채권선도(*)\n33,708\n-\n245,544\n480,251\n279,252\n480,251\n\xa0이자율파생(*)\n52,798\n46,575\n-\n18,746\n52,798\n65,321\n\xa0기타파생\n8,297\n268,291\n-\n-\n8,297\n268,291\n합 \xa0 계\n439,920\n637,523\n413,932\n765,624\n853,852\n1,403,147\n(*) 연결실체는 채권의 환율 및 이자율 변동 등에 따른 미래 공정가치 및 현금흐름의 변동위험을 헤지하기 위하여\xa0통화선도, 통화스왑 및 채권선도계약을 체결하고 있으며, 위험에 노출되는 예상 최장기간은 2039년 3월 15일까지 입니다.\n(2) 당반기 및 전반기의 파생상품의 약정금액 및 평가손익은 다음과 같습니다(단위: 백만원).\n1) 당반기\n구 \xa0 분\n매매목적\n위험회피목적\n미결제약정금액\n평가이익(PL)\n평가손실(PL)\n미결제약정금액\n평가이익(PL)\n평가손실(PL)\n평가손익 잔액(BS)\n통화선도\n4,639,167\n105,206\n298,942\n6,360,558\n248\n268,793\n(77,058)\n통화스왑\n3,607,714\n39,984\n90,566\n7,023,905\n(117)\n374,477\n43,272\n주가지수옵션\n124,386\n1,270\n145\n-\n-\n-\n-\n주가지수선물\n1,325,714\n45,764\n19,115\n3,603\n-\n-\n-\n신용파생상품\n3,055,074\n3,812\n4,531\n-\n-\n-\n-\n채권선도\n847,000\n6,136\n7,348\n8,247,328\n11\n216\n(576,209)\n이자율스왑\n22,014,631\n11,319\n14,762\n329,485\n-\n65\n(14,747)\n기타파생\n430,466\n1,697\n4,860\n-\n-\n-\n(3,091)\n합 \xa0 계\n36,044,152\n215,188\n440,269\n21,964,879\n142\n643,551\n(627,833)\n2) 전반기\n구 \xa0 분\n매매목적\n위험회피목적\n미결제약정금액\n평가이익(PL)\n평가손실(PL)\n미결제약정금액\n평가이익(PL)\n평가손실(PL)\n평가손익 잔액(BS)\n통화선도\n1,830,063\n80,957\n257,939\n6,463,941\n35,300\n138,442\n5,020\n통화스왑\n2,200,565\n32,098\n101,806\n8,267,624\n32,832\n328,809\n73,180\n주가지수옵션\n328,131\n10,449\n372\n-\n-\n-\n-\n주가지수선물\n2,328,736\n64,642\n36,176\n19,172\n-\n-\n-\n신용파생상품\n2,001,699\n12,911\n10,755\n-\n-\n-\n-\n채권선도\n19,136,450\n11,147\n8,767\n329,485\n-\n-\n(20,246)\n이자율스왑\n380,000\n-\n16,560\n7,605,492\n10\n434\n(984,079)\n기타파생\n537,250\n2,633\n1,514\n-\n-\n-\n(3,105)\n합 \xa0 계\n28,742,894\n214,837\n433,889\n22,685,714\n68,142\n467,685\n(929,230)\n(3) 당반기와 전반기 중 기타포괄손익누계액에 계상된 위험회피목적파생상품평가손익의 증감 내역은 다음과 같습니다(단위: 백만원).\n1) 당반기\n구 \xa0 분\n기초\n평가\n손익반영\n당반기말\n\xa0위험회피목적파생상품평가손익(*)\n(660,933)\n(464,095)\n304,870\n(820,158)\n\xa0이연법인세효과\n162,801\n192,325\n합 \xa0 \xa0계\n(498,132)\n(627,833)\n(*) 기타포괄손익누계액에 계상된 파생상품평가손익 중 만기도래등으로 2024년 7월 1일부터 12개월 이내에 당기손익으로 인식될 것으로 예상하는 금액(자본에 부과된 이연법인세 고려 후)은 (-)188,606백만원 입니다.\n2) 전반기\n구 \xa0 분\n기초\n평가\n손익반영\n전반기말\n\xa0위험회피목적파생상품평가손익\n(1,200,552)\n(292,881)\n286,703\n(1,206,730)\n\xa0이연법인세효과\n295,672\n277,500\n합 \xa0 \xa0계\n(904,880)\n(929,230)\n(4) 현금흐름위험회피회계 적용 시 위험회피에 비효과적인 부분에 해당하여 당반기와 전반기 중 손익으로 인식한 금액은 각각 (-)809백만원 및 (-)567백만원입니다.\n17. 보험가입자산\n당반기말 현재 연결실체는 연결실체가 소유한 건물에 대하여 한화손해보험㈜ 등에 재산종합보험(부보금액 1,850,359백만원(전기말: 1,770,063백만원))에 가입하고 있습니다. 한편, 연결실체는 한화손해보험㈜ 등에 전산기기 등에 대하여 동산종합보험(부보금액 113,502백만원(전기말: 41,502백만원))에 가입하고 있으며, 연결실체 소유차량에 대하여 책임보험과 종합보험에 가입하고 있습니다.\n18. 유형자산, 투자부동산, 무형자산 및 사용권자산\n(1) 당반기말과 전기말 현재 유형자산, 투자부동산, 무형자산 및 사용권자산 장부금액의 구성내역은 다음과 같습니다(단위: 백만원).\n1) 당반기말\n구 \xa0 분\n내 \xa0 용\n취득금액\n감가상각누계액\n손상차손누계액\n장부금액\n유형자산\n토지\n1,090,494\n-\n(7,914)\n1,082,580\n건물\n1,266,836\n(477,848)\n(13,989)\n774,999\n구축물\n97\n(85)\n-\n12\n차량운반구\n2,559\n(1,594)\n-\n965\n공기구비품\n483,045\n(377,500)\n-\n105,545\n기타의유형자산\n80,354\n(50,335)\n(9,331)\n20,688\n건설중인자산\n33,473\n-\n-\n33,473\n유형자산 계\n2,956,858\n(907,362)\n(31,234)\n2,018,262\n투자부동산\n토지\n1,396,252\n-\n(1,748)\n1,394,504\n건물\n1,264,153\n(437,583)\n(7,460)\n819,110\n투자부동산 계\n2,660,405\n(437,583)\n(9,208)\n2,213,614\n무형자산\n소프트웨어\n236,025\n(169,529)\n-\n66,496\n개발비\n590,426\n(390,126)\n-\n200,300\n기타의무형자산\n233,401\n(48,798)\n(11,876)\n172,727\n영업권\n192,103\n-\n(14,792)\n177,311\n무형자산 계\n1,251,955\n(608,453)\n(26,668)\n616,834\n사용권자산\n임차점포시설물\n326,942\n(134,397)\n-\n192,545\n차량운반구\n7,344\n(2,912)\n-\n4,432\n공기구비품\n2,961\n(925)\n-\n2,036\n기타\n4,165\n(3,453)\n-\n712\n사용권자산 계\n341,412\n(141,687)\n-\n199,725\n합 \xa0 \xa0계\n7,210,630\n(2,095,085)\n(67,110)\n5,048,435\n2) 전기말\n구 \xa0 분\n내 \xa0 용\n취득금액\n감가상각누계액\n손상차손누계액\n장부금액\n\xa0유형자산\n토지\n753,019\n-\n(7,962)\n745,057\n건물\n1,183,673\n(456,685)\n(13,973)\n713,015\n구축물\n96\n(84)\n-\n12\n차량운반구\n2,728\n(1,710)\n-\n1,018\n공기구비품\n463,855\n(357,180)\n-\n106,675\n기타의유형자산\n79,015\n(47,327)\n(9,331)\n22,357\n건설중인자산\n27,160\n-\n-\n27,160\n유형자산 계\n2,509,546\n(862,986)\n(31,266)\n1,615,294\n\xa0투자부동산\n토지\n1,665,319\n-\n(1,699)\n1,663,620\n건물\n1,369,838\n(438,852)\n(7,476)\n923,510\n투자부동산 계\n3,035,157\n(438,852)\n(9,175)\n2,587,130\n\xa0무형자산\n소프트웨어\n294,932\n(218,997)\n-\n75,935\n개발비\n568,965\n(297,085)\n-\n271,880\n기타의무형자산\n164,023\n(54,176)\n(11,876)\n97,971\n영업권\n192,103\n-\n(14,792)\n177,311\n무형자산 계\n1,220,023\n(570,258)\n(26,668)\n623,097\n사용권자산\n임차점포시설물\n331,685\n(133,910)\n-\n197,775\n차량운반구\n7,677\n(2,344)\n-\n5,333\n공기구비품\n2,913\n(625)\n-\n2,288\n기타\n4,325\n(3,170)\n-\n1,155\n사용권자산 계\n346,600\n(140,049)\n-\n206,551\n합 \xa0 \xa0계\n7,111,326\n(2,012,145)\n(67,109)\n5,032,072\n(2) 당반기 및 전반기 중 유형자산, 투자부동산, 무형자산 및 사용권자산 변동내역은 다음과 같습니다(단위: 백만원).\n1) 당반기\n구 \xa0 분\n내 \xa0 용\n기초\n취득\n처분\n대체\n상각\n손상\n기타(*)\n당반기말\n유형자산\n토지\n745,057\n30\n-\n337,493\n-\n-\n-\n1,082,580\n건물\n713,015\n1,397\n-\n67,636\n(6,943)\n-\n(106)\n774,999\n구축물\n12\n-\n-\n-\n-\n-\n-\n12\n차량운반구\n1,018\n4\n(642)\n-\n(11)\n-\n596\n965\n공기구비품\n106,675\n22,079\n(20,860)\n2,666\n(5,027)\n-\n12\n105,545\n기타의유형자산\n22,357\n469\n(1,848)\n472\n(675)\n-\n(87)\n20,688\n건설중인자산\n27,160\n6,004\n309\n-\n-\n-\n-\n33,473\n유형자산 계\n1,615,294\n29,983\n(23,041)\n408,267\n(12,656)\n-\n415\n2,018,262\n투자부동산\n토지\n1,663,620\n80,443\n(15,296)\n(337,493)\n-\n-\n3,230\n1,394,504\n건물\n923,510\n15,271\n(48,650)\n(67,636)\n(17,385)\n-\n14,000\n819,110\n투자부동산 계\n2,587,130\n95,714\n(63,946)\n(405,129)\n(17,385)\n-\n17,230\n2,213,614\n무형자산\n소프트웨어\n75,935\n7,730\n(10,141)\n930\n(7,957)\n-\n(1)\n66,496\n개발비\n271,880\n20,443\n(2,193)\n(66,097)\n(23,495)\n(238)\n-\n200,300\n기타의무형자산\n97,971\n25,783\n(11,521)\n66,097\n(5,564)\n-\n(39)\n172,727\n영업권\n177,311\n-\n-\n-\n-\n-\n-\n177,311\n무형자산 계\n623,097\n53,956\n(23,855)\n930\n(37,016)\n(238)\n(40)\n616,834\n사용권자산\n임차점포시설물\n197,775\n86,930\n(82,951)\n(3)\n(9,301)\n-\n95\n192,545\n차량운반구\n5,333\n669\n(1,368)\n-\n(202)\n-\n-\n4,432\n공기구비품\n2,288\n53\n(305)\n-\n-\n-\n-\n2,036\n기타\n1,155\n27\n578\n-\n(1,048)\n-\n-\n712\n사용권자산 계\n206,551\n87,679\n(84,046)\n(3)\n(10,551)\n-\n95\n199,725\n합 \xa0 \xa0계\n5,032,072\n267,332\n(194,888)\n4,065\n(77,608)\n(238)\n17,700\n5,048,435\n(*) 환율변동차이 등으로 구성되어 있습니다.\n2) 전반기\n구 \xa0 분\n내 \xa0 용\n기초\n취득\n처분\n대체\n상각\n손상\n연결범위 변동\n기타(*)\n전반기말\n유형자산\n토지\n750,684\n5,947\n-\n(26,790)\n-\n-\n534\n-\n730,375\n건물\n749,513\n-\n(329)\n(12,829)\n(8,081)\n-\n1,984\n29\n730,287\n구축물\n14\n5\n(26)\n-\n-\n-\n-\n19\n12\n차량운반구\n117\n189\n(1)\n-\n(89)\n-\n888\n-\n1,104\n공기구비품\n119,028\n17,312\n(18,562)\n2,787\n(8,829)\n-\n7,566\n147\n119,449\n기타의유형자산\n9,262\n1,448\n(927)\n248\n-\n-\n-\n1\n10,032\n건설중인자산\n5,140\n21,937\n-\n-\n-\n-\n-\n12\n27,089\n유형자산 계\n1,633,758\n46,838\n(19,845)\n(36,584)\n(16,999)\n-\n10,972\n208\n1,618,348\n투자부동산\n토지\n1,739,438\n710\n(6,472)\n26,789\n-\n-\n6,757\n3,902\n1,771,124\n건물\n961,790\n130\n(7,851)\n12,829\n(19,260)\n-\n-\n5,260\n952,898\n구축물\n172\n-\n(5)\n1\n-\n-\n-\n-\n168\n투자부동산 계\n2,701,400\n840\n(14,328)\n39,619\n(19,260)\n-\n6,757\n9,162\n2,724,190\n무형자산\n소프트웨어\n58,909\n11,244\n(2)\n(64)\n(10,844)\n(39)\n-\n26\n59,230\n개발비\n186,750\n15,284\n(237)\n4,049\n(17,117)\n-\n-\n-\n188,729\n기타의무형자산\n79,888\n5,574\n(41)\n-\n(3,999)\n-\n102,171\n128\n183,721\n영업권\n-\n-\n-\n-\n-\n-\n174,431\n-\n174,431\n무형자산 계\n325,547\n32,102\n(280)\n3,985\n(31,960)\n(39)\n276,602\n154\n606,111\n사용권자산\n임차점포시설물\n163,022\n51,890\n(63,975)\n17\n(21,784)\n-\n40,487\n20,072\n189,729\n차량운반구\n3,196\n2,041\n(1,399)\n260\n(270)\n-\n449\n2\n4,279\n공기구비품\n2,293\n3,564\n(3,404)\n-\n-\n-\n-\n88\n2,541\n기타\n1,867\n484\n(1)\n-\n(1,005)\n-\n264\n-\n1,609\n사용권자산 계\n170,378\n57,979\n(68,779)\n277\n(23,059)\n-\n41,200\n20,162\n198,158\n합 \xa0 \xa0계\n4,831,083\n137,759\n(103,232)\n7,297\n(91,278)\n(39)\n335,531\n29,686\n5,146,807\n(*) 환율변동차이 등으로 구성되어 있습니다.\n(3) 당반기 및 전반기 중 투자부동산 관련 임대수익 및 운영비용은 다음과 같습니다(단위:백만원).\n구 \xa0 분\n당반기\n전반기\n임대수익\n81,285\n79,119\n임대비용\n(43,892)\n(52,476)\n(4) 당반기말 현재 연결실체의 토지, 건물에 대한 임대보증금과 관련하여 각각 217,850백만원(전기말: 1,660,609백만원) 및 8,192백만원(전기말: 14,114백만원)의 근저당 및 전세권이 설정되어 있습니다.\n19. 리스\n(1) 당반기말과 전기말 현재 리스와 관련해 재무상태표에 인식된 금액은 다음과 같습니다(단위:백만원).\n구 \xa0 분\n당반기말\n전기말\n사용권자산\n\xa0 부동산\n192,545\n197,775\n\xa0 차량운반구\n4,432\n5,333\n\xa0 공기구비품\n2,036\n2,288\n\xa0 기타\n712\n1,155\n사용권자산 합계\n199,725\n206,551\n리스부채(*)\n\xa0 부동산\n174,795\n178,029\n\xa0 차량운반구\n4,485\n4,810\n\xa0 공기구비품\n2,143\n2,380\n\xa0 기타\n972\n1,433\n리스부채 합계\n182,395\n186,652\n(*) 재무상태표의 \'기타금융부채\' 항목에 포함되었습니다.\n(2) 당반기 중 증가된 사용권자산은 87,679 백만원 입니다.\n(3) 당반기말 현재 리스부채의 계약상 만기는 다음과 같습니다(단위:백만원).\n구 \xa0 분\n3개월 이하\n3개월 초과1년 이하\n1년 초과3년 이하\n3년 초과5년 이하\n5년 초과\n총 계약상 현금흐름\n리스부채\n14,821\n41,412\n82,818\n47,223\n18,328\n204,602\n(4) 당반기와 전반기 중 리스와 관련해 포괄손익계산서에 인식된 금액은 다음과 같습니다(단위:백만원).\n구 \xa0 분\n당반기\n전반기\n사용권자산의 감가상각비\n\xa0부동산\n9,301\n21,784\n\xa0차량운반구\n203\n270\n\xa0기타\n1,048\n1,005\n합 \xa0 계\n10,552\n23,059\n리스부채에 대한 이자비용(금융원가에 포함)\n6,556\n6,035\n단기리스가 아닌 소액자산 리스료(관리비에 포함)\n2,322\n855\n(5) 당반기 중 리스의 총 현금유출은 29,738백만원(전반기: 20,182백만원)입니다.\n20. 기타자산\n당반기말과 전기말 현재 기타자산의 내역은 다음과 같습니다(단위:백만원).\n구 \xa0 분\n당반기말\n전기말\n선급금\n88,864\n86,685\n선급비용\n161,391\n125,669\n선급부가세\n1,601\n258\n기타\n52,829\n51,163\n합 \xa0 계\n304,685\n263,775\n21. 보험계약부채 및 재보험계약부채\n(1) 당반기말과 전기말 현재 상품라인별 발행한 보험계약에 대한 보험계약부채 및 보유하고 있는 재보험계약자산 내역은 다음과 같습니다(단위: 백만원).\n1) 당반기말\n구 \xa0분\n생명보험\n손해보험\n합계\n사망\n건강\n연금저축\n변액\n기타\n해외\n소계\n장기\n일반\n자동차\n해외\n소계\n보험계약자산\n-\n-\n-\n-\n-\n-\n-\n16\n-\n-\n5\n21\n21\n보험계약부채\n18,327,945\n10,646,241\n47,920,591\n15,485,425\n46,067\n608,361\n93,034,630\n13,046,493\n598,091\n739,393\n150,498\n14,534,475\n107,569,105\n순보험계약부채\n18,327,945\n10,646,241\n47,920,591\n15,485,425\n46,067\n608,361\n93,034,630\n13,046,477\n598,091\n739,393\n150,493\n14,534,454\n107,569,084\n재보험계약자산\n-\n160,327\n-\n-\n-\n9,109\n169,436\n84,895\n271,133\n70,917\n88,544\n515,489\n684,925\n재보험계약부채\n28,097\n-\n-\n-\n10\n-\n28,107\n-\n-\n43\n-\n43\n28,150\n순재보험계약자산(부채)\n(28,097)\n160,327\n-\n-\n(10)\n9,109\n141,329\n84,895\n271,133\n70,874\n88,544\n515,446\n656,775\n2) 전기말\n구 \xa0분\n생명보험\n손해보험\n합계\n사망\n건강\n연금저축\n변액\n기타\n해외\n소계\n장기\n일반\n자동차\n해외\n소계\n보험계약자산\n-\n-\n-\n-\n-\n-\n-\n16\n-\n-\n25\n41\n41\n보험계약부채\n16,540,484\n10,755,301\n46,122,678\n15,343,091\n47,923\n585,741\n89,395,218\n12,272,725\n580,309\n738,238\n116,217\n13,707,489\n103,102,707\n순보험계약부채\n16,540,484\n10,755,301\n46,122,678\n15,343,091\n47,923\n585,741\n89,395,218\n12,272,709\n580,309\n738,238\n116,192\n13,707,448\n103,102,666\n재보험계약자산\n-\n148,854\n-\n-\n-\n31,711\n180,565\n95,337\n292,739\n75,342\n79,316\n542,734\n723,299\n재보험계약부채\n20,716\n-\n-\n-\n7,320\n25,552\n53,588\n-\n-\n19\n291\n310\n53,898\n순재보험계약자산(부채)\n(20,716)\n148,854\n-\n-\n(7,320)\n6,159\n126,977\n95,337\n292,739\n75,323\n79,025\n542,424\n669,401\n(2) 당반기와 전반기 중 보험료배분접근법을 적용하지 않은 보험계약부채(자산)의 요소별 변동 내역은 다음과 같습니다(단위: 백만원).\n1) 당반기\n구 분\n잔여보장\n발생사고\n합계\n손실요소 제외\n손실요소\n1. 기초 순보험계약부채(자산)\n96,965,030\n741,318\n3,956,997\n101,663,345\n\xa0 (1) 기초 보험계약자산\n-\n-\n16\n16\n\xa0 (2) 기초 보험계약부채\n96,965,030\n741,318\n3,957,013\n101,663,361\n2. 보험수익\n(4,157,109)\n-\n-\n(4,157,109)\n3. 보험서비스비용\n563,882\n7,340\n2,870,998\n3,442,220\n\xa0 (1) 보험금 및 보험서비스비용\n34,358\n(36,027)\n2,698,958\n2,697,289\n\xa0 (2) 보험취득현금흐름의 상각\n622,879\n-\n-\n622,879\n\xa0 (3) 발생사고 이행현금흐름 변동분\n(75,732)\n-\n45,092\n(30,640)\n\xa0 (4) 손실부담계약의 손실(환입)\n-\n43,367\n-\n43,367\n\xa0 (5) 기타보험서비스비용\n(17,623)\n-\n126,948\n109,325\n4. 보험서비스결과\n(3,593,227)\n7,340\n2,870,998\n(714,889)\n5. 투자요소\n(5,399,243)\n-\n5,399,243\n-\n6. 보험금융손익\n4,600,735\n17,869\n91,831\n4,710,435\n7. 현금흐름\n8,762,904\n-\n(8,361,174)\n401,730\n\xa0 (1) 수취한 보험료\n10,600,278\n-\n-\n10,600,278\n\xa0 (2) 보험취득현금흐름\n(2,108,101)\n-\n-\n(2,108,101)\n\xa0 (3) 지급한 보험금과 그 밖의 보험서비스비용\n(2,585)\n-\n(8,252,972)\n(8,255,557)\n\xa0 (4) 기타현금흐름\n273,312\n-\n(108,202)\n165,110\n8. 기타\n29,721\n(14,999)\n(460)\n14,262\n9. 반기말 순보험계약부채(자산)\n101,365,920\n751,528\n3,957,435\n106,074,883\n\xa0 (1) 반기말 보험계약자산\n-\n-\n16\n16\n\xa0 (2) 반기말 보험계약부채\n101,365,920\n751,528\n3,957,451\n106,074,899\n2) 전반기\n구 분\n잔여보장\n발생사고\n합계\n손실요소 제외\n손실요소\n1. 기초 순보험계약부채(자산)\n91,526,312\n535,197\n4,159,352\n96,220,861\n\xa0 (1) 기초 보험계약자산\n-\n-\n16\n16\n\xa0 (2) 기초 보험계약부채\n91,526,312\n535,197\n4,159,368\n96,220,877\n2. 보험수익\n(3,943,260)\n-\n-\n(3,943,260)\n3. 보험서비스비용\n395,183\n25,704\n2,750,422\n3,171,309\n\xa0 (1) 보험금 및 보험서비스비용\n34,216\n(21,316)\n2,522,579\n2,535,479\n\xa0 (2) 보험취득현금흐름의 상각\n434,502\n-\n-\n434,502\n\xa0 (3) 발생사고 이행현금흐름 변동분\n(71,685)\n-\n112,861\n41,176\n\xa0 (4) 손실부담계약의 손실(환입)\n-\n47,020\n-\n47,020\n\xa0 (5) 기타보험서비스비용\n(1,850)\n-\n114,982\n113,132\n4. 보험서비스결과\n(3,548,077)\n25,704\n2,750,422\n(771,951)\n5. 투자요소\n(5,807,096)\n-\n5,807,096\n-\n6. 보험금융손익\n2,841,724\n6,470\n49,796\n2,897,990\n7. 현금흐름\n7,465,458\n-\n(8,920,776)\n(1,455,318)\n\xa0 (1) 수취한 보험료\n8,844,034\n-\n-\n8,844,034\n\xa0 (2) 보험취득현금흐름\n(1,400,244)\n-\n-\n(1,400,244)\n\xa0 (3) 지급한 보험금과 그 밖의 보험서비스비용\n(2,701)\n-\n(8,788,559)\n(8,791,260)\n\xa0 (4) 기타현금흐름\n24,369\n-\n(132,217)\n(107,848)\n8. 기타\n-\n-\n-\n-\n9. 반기말 순보험계약부채(자산)\n92,478,321\n567,371\n3,845,890\n96,891,582\n\xa0 (1) 반기말 보험계약자산\n-\n-\n16\n16\n\xa0 (2) 반기말 보험계약부채\n92,478,321\n567,371\n3,845,906\n96,891,598\n(3) 당반기와 전반기 중 보험료배분접근법을 적용한 보험계약의 보험계약부채(자산)의 요소별 변동내역은 다음과 같습니다(단위: 백만원).\n1) 당반기\n구 분\n잔여보장\n발생사고\n합계\n손실요소 제외\n손실요소\n미래현금흐름의현재가치 추정치\n비금융위험에 대한위험조정\n1. 기초 순보험계약부채(자산)\n743,866\n11,934\n619,028\n64,493\n1,439,321\n\xa0 (1) 기초 보험계약자산\n25\n-\n-\n-\n25\n\xa0 (2) 기초 보험계약부채\n743,891\n11,934\n619,028\n64,493\n1,439,346\n2. 보험수익\n(1,020,073)\n-\n-\n-\n(1,020,073)\n3. 보험서비스비용\n117,934\n478\n795,690\n(2,069)\n912,033\n\xa0 (1) 보험금 및 보험서비스비용\n2,911\n-\n697,361\n23,766\n724,038\n\xa0 (2) 보험취득현금흐름의 상각\n115,023\n-\n-\n-\n115,023\n\xa0 (3) 발생사고 이행현금흐름 변동분\n-\n-\n33,604\n(25,835)\n7,769\n\xa0 (4) 손실부담계약의 손실(환입)\n-\n478\n-\n-\n478\n\xa0 (5) 기타보험서비스비용\n-\n-\n64,725\n-\n64,725\n4. 보험서비스결과\n(902,139)\n478\n795,690\n(2,069)\n(108,040)\n5. 보험금융손익\n5,747\n2\n14,595\n-\n20,344\n6. 현금흐름\n940,407\n-\n(798,822)\n-\n141,585\n\xa0 (1) 수취한 보험료\n1,078,637\n-\n-\n-\n1,078,637\n\xa0 (2) 보험취득현금흐름\n(117,067)\n-\n-\n-\n(117,067)\n\xa0 (3) 지급한 보험금과 그 밖의 보험서비스비용\n-\n-\n(756,216)\n-\n(756,216)\n\xa0 (4) 기타현금흐름\n(21,163)\n-\n(42,606)\n-\n(63,769)\n7. 기타\n283\n11\n533\n164\n991\n8. 반기말 순보험계약부채(자산)\n788,164\n12,425\n631,024\n62,588\n1,494,201\n\xa0 (1) 반기말 보험계약자산\n5\n-\n-\n-\n5\n\xa0 (2) 반기말 보험계약부채\n788,169\n12,425\n631,024\n62,588\n1,494,206\n2) 전반기\n구 분\n잔여보장\n발생사고\n합계\n손실요소 제외\n손실요소\n미래현금흐름의현재가치 추정치\n비금융위험에 대한위험조정\n1. 기초 순보험계약부채(자산)\n684,749\n33,186\n460,411\n49,008\n1,227,354\n\xa0 (1) 기초 보험계약자산\n(23,210)\n(1)\n34,671\n(1,031)\n10,429\n\xa0 (2) 기초 보험계약부채\n661,539\n33,185\n495,082\n47,977\n1,237,783\n2. 보험수익\n(860,589)\n-\n-\n-\n(860,589)\n3. 보험서비스비용\n95,451\n(11,649)\n749,780\n6,060\n839,642\n\xa0 (1) 보험금 및 보험서비스비용\n6,972\n-\n647,567\n23,354\n677,893\n\xa0 (2) 보험취득현금흐름의 상각\n88,479\n-\n-\n-\n88,479\n\xa0 (3) 발생사고 이행현금흐름 변동분\n-\n-\n47,237\n(17,294)\n29,943\n\xa0 (4) 손실부담계약의 손실(환입)\n-\n(11,649)\n-\n-\n(11,649)\n\xa0 (5) 기타보험서비스비용\n-\n-\n54,976\n-\n54,976\n4. 보험서비스결과\n(765,138)\n(11,649)\n749,780\n6,060\n(20,947)\n5. 보험금융손익\n3,545\n-\n8,849\n-\n12,394\n6. 현금흐름\n721,019\n-\n(597,530)\n-\n123,489\n\xa0 (1) 수취한 보험료\n839,274\n-\n-\n-\n839,274\n\xa0 (2) 보험취득현금흐름\n(94,465)\n-\n-\n-\n(94,465)\n\xa0 (3) 지급한 보험금과 그 밖의 보험서비스비용\n-\n-\n(587,009)\n-\n(587,009)\n\xa0 (4) 기타현금흐름\n(23,790)\n-\n(10,521)\n-\n(34,311)\n7. 기타\n120,344\n-\n12,213\n-\n132,557\n8. 반기말 순보험계약부채(자산)\n764,519\n21,537\n633,723\n55,068\n1,474,847\n\xa0 (1) 반기말 보험계약자산\n4,096\n(921)\n(2,362)\n-\n813\n\xa0 (2) 반기말 보험계약부채\n768,615\n20,616\n631,361\n55,068\n1,475,660\n(4) 당반기와 전반기 중 보험료배분접근법을 적용하지 않은 보험계약의 보험계약부채(자산)의 요소별 변동내역은 다음과 같습니다(단위: 백만원).\n1) 당반기\n구 \xa0분\n미래현금흐름의현재가치 추정치\n비금융위험에 대한위험조정\n보험계약마진\n합계\n1. 기초 순보험계약부채(자산)\n85,701,025\n2,665,497\n13,296,823\n101,663,345\n\xa0 (1) 기초 보험계약자산\n16\n-\n-\n16\n\xa0 (2) 기초 보험계약부채\n85,701,041\n2,665,497\n13,296,823\n101,663,361\n2. 미래서비스 관련 변동\n(529,058)\n199,689\n372,736\n43,367\n\xa0 (1) 보험계약마진을 조정하는 추정치의 변동분\n971,499\n21,618\n(993,117)\n-\n\xa0 (2) 손실부담계약의 손실(환입)\n(29,215)\n(1,681)\n(720)\n(31,616)\n\xa0 (3) 최초 인식한 계약의 효과\n(1,471,342)\n179,752\n1,366,573\n74,983\n3. 현행서비스 관련 변동\n(7,352)\n(68,757)\n(651,507)\n(727,616)\n\xa0 (1) 제공한 서비스에 대해 인식한 보험계약마진\n-\n-\n(651,507)\n(651,507)\n\xa0 (2) 비금융위험에 대한 위험조정의 변동분\n-\n(68,757)\n-\n(68,757)\n\xa0 (3) 경험조정\n(7,352)\n-\n-\n(7,352)\n4. 과거 서비스 관련 변동\n(5,804)\n(24,836)\n-\n(30,640)\n\xa0 (1) 발생사고 이행현금흐름 변동분\n(5,804)\n(24,836)\n-\n(30,640)\n5. 보험서비스결과\n(542,214)\n106,096\n(278,771)\n(714,889)\n6. 보험금융손익\n4,461,446\n-\n248,989\n4,710,435\n7. 현금흐름\n401,730\n-\n-\n401,730\n\xa0 (1) 수취한 보험료\n10,600,278\n-\n-\n10,600,278\n\xa0 (2) 보험취득현금흐름\n(2,108,101)\n-\n-\n(2,108,101)\n\xa0 (3) 지급한 보험금과 그 밖의 보험서비스비용\n(8,255,557)\n-\n-\n(8,255,557)\n\xa0 (4) 기타현금흐름\n165,110\n-\n-\n165,110\n8. 기타\n15,123\n679\n(1,540)\n14,262\n9. 반기말 순보험계약부채(자산)\n90,037,110\n2,772,272\n13,265,501\n106,074,883\n\xa0 (1) 반기말 보험계약자산\n16\n-\n-\n16\n\xa0 (2) 반기말 보험계약부채\n90,037,126\n2,772,272\n13,265,501\n106,074,899\n2) 전반기\n구 \xa0분\n미래현금흐름의현재가치 추정치\n비금융위험에 대한위험조정\n보험계약마진\n합계\n1. 기초 순보험계약부채(자산)\n79,975,523\n2,653,961\n13,591,377\n96,220,861\n\xa0 (1) 기초 보험계약자산\n16\n-\n-\n16\n\xa0 (2) 기초 보험계약부채\n79,975,539\n2,653,961\n13,591,377\n96,220,877\n2. 미래서비스 관련 변동\n(973,418)\n219,449\n800,989\n47,020\n\xa0 (1) 보험계약마진을 조정하는 추정치의 변동분\n608,538\n47,718\n(656,256)\n-\n\xa0 (2) 손실부담계약의 손실(환입)\n(15,638)\n957\n-\n(14,681)\n\xa0 (3) 최초 인식한 계약의 효과\n(1,566,318)\n170,774\n1,457,245\n61,701\n3. 현행서비스 관련 변동\n(128,943)\n(82,312)\n(648,892)\n(860,147)\n\xa0 (1) 제공한 서비스에 대해 인식한 보험계약마진\n-\n-\n(648,892)\n(648,892)\n\xa0 (2) 비금융위험에 대한 위험조정의 변동분\n-\n(82,312)\n-\n(82,312)\n\xa0 (3) 경험조정\n(128,943)\n-\n-\n(128,943)\n4. 과거 서비스 관련 변동\n73,427\n(32,251)\n-\n41,176\n\xa0 (1) 발생사고 이행현금흐름 변동분\n73,427\n(32,251)\n-\n41,176\n5. 보험서비스결과\n(1,028,934)\n104,886\n152,097\n(771,951)\n6. 보험금융손익\n2,661,067\n-\n236,923\n2,897,990\n7. 현금흐름\n(1,455,318)\n-\n-\n(1,455,318)\n\xa0 (1) 수취한 보험료\n8,844,034\n-\n-\n8,844,034\n\xa0 (2) 보험취득현금흐름\n(1,400,244)\n-\n-\n(1,400,244)\n\xa0 (3) 지급한 보험금과 그 밖의 보험서비스비용\n(8,791,260)\n-\n-\n(8,791,260)\n\xa0 (4) 기타현금흐름\n(107,848)\n-\n-\n(107,848)\n8. 기타\n-\n-\n-\n-\n9. 반기말 순보험계약부채(자산)\n80,152,338\n2,758,847\n13,980,397\n96,891,582\n\xa0 (1) 반기말 보험계약자산\n16\n-\n-\n16\n\xa0 (2) 반기말 보험계약부채\n80,152,354\n2,758,847\n13,980,397\n96,891,598\n(5) 당반기와 전반기 중 보험료배분접근법을 적용하지 않은 출재보험계약자산(부채)의 요소별 변동 내역은 다음과 같습니다(단위: 백만원).\n1) 당반기\n구 분\n잔여보장\n발생사고\n합계\n손실회수요소 제외\n손실회수요소\n1. 기초 순재보험계약자산(부채)\n41,391\n7,297\n177,165\n225,853\n\xa0 (1) 기초 재보험계약자산\n98,394\n7,297\n166,430\n272,121\n\xa0 (2) 기초 재보험계약부채\n57,003\n-\n(10,735)\n46,268\n2. 재보험료의 배분\n(154,136)\n-\n-\n(154,136)\n3. 재보험자로부터 회수가능금액\n-\n57\n141,045\n141,102\n\xa0 (1) 재보험자로부터 회수한 재보험금 등\n-\n(327)\n133,592\n133,265\n\xa0 (2) 발생사고 이행현금흐름 변동분\n-\n-\n(9,380)\n(9,380)\n\xa0 (3) 손실회수요소 전입(환입)\n-\n384\n-\n384\n\xa0 (4) 기타재보험수익\n-\n-\n16,833\n16,833\n4. 재보험 순원가(마진)\n(154,136)\n57\n141,045\n(13,034)\n5. 재보험금융손익\n1,391\n14\n1,228\n2,633\n6. 환율변동에 따른 효과\n-\n-\n-\n-\n7. 재보험자 불이행위험 변동효과\n378\n-\n2\n380\n8. 재보험금융손익 계\n1,769\n14\n1,230\n3,013\n9. 투자요소\n(13,975)\n-\n13,975\n-\n10. 현금흐름\n171,255\n-\n(163,235)\n8,020\n\xa0 (1) 지급한 재보험료\n166,296\n-\n-\n166,296\n\xa0 (2) 재보험자로부터 회수한 금액\n-\n-\n(158,671)\n(158,671)\n\xa0 (3) 기타현금흐름\n4,959\n-\n(4,564)\n395\n11. 기타\n161\n-\n4\n165\n12. 반기말 순재보험계약자산(부채)\n46,465\n7,368\n170,184\n224,017\n\xa0 (1) 반기말 재보험계약자산\n83,968\n7,368\n160,779\n252,115\n\xa0 (2) 반기말 재보험계약부채\n37,503\n-\n(9,405)\n28,098\n2) 전반기\n구 분\n잔여보장\n발생사고\n합계\n손실회수요소 제외\n손실회수요소\n1. 기초 순재보험계약자산(부채)\n(88,654)\n2,850\n445,633\n359,829\n\xa0 (1) 기초 재보험계약자산\n5,976\n2,850\n385,937\n394,763\n\xa0 (2) 기초 재보험계약부채\n94,630\n-\n(59,696)\n34,934\n2. 재보험료의 배분\n(142,734)\n-\n-\n(142,734)\n3. 재보험자로부터 회수가능금액\n3,420\n4,503\n135,724\n143,647\n\xa0 (1) 재보험자로부터 회수한 재보험금 등\n3,420\n(236)\n131,792\xa0\n134,976\xa0\n\xa0 (2) 발생사고 이행현금흐름 변동분\n-\n-\n(9,007)\n(9,007)\n\xa0 (3) 손실회수요소 전입(환입)\n-\n4,739\n-\n4,739\n\xa0 (4) 기타재보험수익\n-\n-\n12,939\n12,939\n4. 재보험 순원가(마진)\n(139,314)\n4,503\n135,724\n913\n5. 재보험금융손익\n(691)\n20\n3,563\n2,892\n6. 환율변동에 따른 효과\n-\n-\n-\n-\n7. 재보험자 불이행위험 변동효과\n(41)\n-\n22\n(19)\n8. 재보험금융손익 계\n(732)\n20\n3,585\n2,873\n9. 투자요소\n(18,524)\n-\n18,524\n-\n10. 현금흐름\n297,710\n-\n(363,544)\n(65,834)\n\xa0 (1) 지급한 재보험료\n157,376\n-\n-\n157,376\n\xa0 (2) 재보험자로부터 회수한 금액\n-\n-\n(293,177)\n(293,177)\n\xa0 (3) 기타현금흐름\n140,334\n-\n(70,367)\n69,967\n11. 기타\n-\n-\n-\n-\n12. 반기말 순재보험계약자산(부채)\n50,486\n7,373\n239,922\n297,781\n\xa0 (1) 반기말 재보험계약자산\n85,624\n7,373\n230,119\n323,116\n\xa0 (2) 반기말 재보험계약부채\n35,138\n-\n(9,803)\n25,335\n(6) 당반기와 전반기 중 보험료배분접근법을 적용한 출재보험계약자산(부채)의 요소별 변동내역은 다음과 같습니다(단위: 백만원).\n1) 당반기\n구 분\n잔여보장\n발생사고\n합계\n미래현금흐름의현재가치 추정치\n비금융위험에 대한위험조정\n1. 기초 순재보험계약자산(부채)\n6,202\n402,081\n35,265\n443,548\n\xa0 (1) 기초 재보험계약자산\n14,331\n401,593\n35,254\n451,178\n\xa0 (2) 기초 재보험계약부채\n8,129\n(488)\n(11)\n7,630\n2. 재보험료의 배분\n(225,438)\n-\n-\n(225,438)\n3. 재보험자로부터 회수가능금액\n181\n125,995\n(3,917)\n122,259\n\xa0 (1) 재보험자로부터 회수한 재보험금 등\n-\n150,940\n7,860\n158,800\n\xa0 (2) 발생사고 이행현금흐름 변동분\n-\n(24,945)\n(11,777)\n(36,722)\n\xa0 (3) 손실회수요소 전입(환입)\n181\n-\n-\n181\n4. 재보험 순원가(마진)\n(225,257)\n125,995\n(3,917)\n(103,179)\n5. 재보험금융손익\n7,865\n5,639\n-\n13,504\n6. 환율변동에 따른 효과\n350\n1,212\n-\n1,562\n7. 재보험자 불이행위험 변동효과\n(4,949)\n5,227\n-\n278\n8. 재보험금융손익 계\n3,266\n12,078\n-\n15,344\n9. 투자요소\n(1,374)\n1,374\n-\n-\n10. 현금흐름\n214,555\n(156,499)\n-\n58,056\n\xa0 (1) 지급한 재보험료\n214,555\n(7,865)\n-\n206,690\n\xa0 (2) 재보험자로부터 회수한 금액\n-\n(148,634)\n-\n(148,634)\n11. 기타\n21,678\n(2,810)\n121\n18,989\n12. 반기말 순재보험계약자산(부채)\n19,070\n382,219\n31,469\n432,758\n\xa0 (1) 반기말 재보험계약자산\n19,174\n382,169\n31,467\n432,810\n\xa0 (2) 반기말 재보험계약부채\n104\n(50)\n(2)\n52\n2) 전반기\n구 분\n잔여보장\n발생사고\n합계\n미래현금흐름의현재가치 추정치\n비금융위험에 대한위험조정\n1. 기초 순재보험계약자산(부채)\n32,360\n373,815\n24,640\n430,815\n\xa0 (1) 기초 재보험계약자산\n35,753\n372,894\n24,485\n433,132\n\xa0 (2) 기초 재보험계약부채\n3,393\n(921)\n(155)\n2,317\n2. 재보험료의 배분\n(211,142)\n-\n-\n(211,142)\n3. 재보험자로부터 회수가능금액\n(6,593)\n197,534\n3,598\n194,539\n\xa0 (1) 재보험자로부터 회수한 재보험금 등\n-\n187,189\n11,218\n198,407\n\xa0 (2) 발생사고 이행현금흐름 변동분\n-\n10,345\n(7,620)\n2,725\n\xa0 (3) 손실회수요소 전입(환입)\n(6,593)\n-\n-\n(6,593)\n4. 재보험 순원가(마진)\n(217,735)\n197,534\n3,598\n(16,603)\n5. 재보험금융손익\n1,701\n3,422\n-\n5,123\n6. 환율변동에 따른 효과\n(1,643)\n98\n-\n(1,545)\n7. 재보험자 불이행위험 변동효과\n(2)\n(5,369)\n-\n(5,371)\n8. 재보험금융손익 계\n56\n(1,849)\n-\n(1,793)\n9. 투자요소\n(6,344)\n6,344\n-\n-\n10. 현금흐름\n236,216\n(229,353)\n-\n6,863\n\xa0 (1) 지급한 재보험료\n236,216\n(40,138)\n-\n196,078\n\xa0 (2) 재보험자로부터 회수한 금액\n-\n(189,215)\n-\n(189,215)\n11. 기타\n9,291\n76,892\n-\n86,183\n12. 반기말 순재보험계약자산(부채)\n53,844\n423,383\n28,238\n505,465\n\xa0 (1) 반기말 재보험계약자산\n53,949\n423,334\n28,234\n505,517\n\xa0 (2) 반기말 재보험계약부채\n105\n(49)\n(4)\n52\n(7) 당반기와 전반기 중 보험료배분접근법을 적용하지 않는 출재보험계약자산(부채)의 요소별 변동내역은 다음과 같습니다(단위: 백만원).\n1) 당반기\n구 \xa0분\n미래현금흐름의현재가치 추정치\n비금융위험에 대한위험조정\n보험계약마진\n합계\n1. 기초 순재보험계약자산(부채)\n(60,017)\n70,419\n215,451\n225,853\n\xa0(1) 기초 재보험계약자산\n60,756\n63,560\n147,805\n272,121\n\xa0(2) 기초 재보험계약부채\n120,773\n(6,859)\n(67,646)\n46,268\n2. 미래서비스 관련 변동\n(23,237)\n4,117\n19,504\n384\n\xa0(1) 보험계약마진을 조정하는 추정치의 변동분\n(9,634)\n2,064\n7,570\n-\n\xa0(2) 손실회수요소 전입(환입)\n(276)\n(74)\n-\n(350)\n\xa0(3) 최초 인식한 계약의 효과\n(13,327)\n2,127\n11,934\n734\n3. 현행 서비스 관련 변동\n7,566\n(803)\n(10,801)\n(4,038)\n\xa0(1) 서비스 제공에 따른 보험계약마진의 변동\n-\n-\n(10,801)\n(10,801)\n\xa0(2) 비금융위험에 대한 위험조정의 변동분\n-\n(803)\n-\n(803)\n\xa0(3) 경험조정\n7,566\n-\n-\n7,566\n4. 과거 서비스관련 변동\n(8,629)\n(751)\n-\n(9,380)\n\xa0(1) 발생사고 이행현금흐름 변동분\n(8,629)\n(751)\n-\n(9,380)\n5. 보험서비스결과\n(24,300)\n2,563\n8,703\n(13,034)\n6. 재보험금융손익\n538\n(1,367)\n3,462\n2,633\n7. 재보험자 불이행위험 변동효과\n380\n-\n-\n380\n8. 재보험금융손익 계\n918\n(1,367)\n3,462\n3,013\n9. 현금흐름\n8,020\n-\n-\n8,020\n\xa0(1) 지급한 재보험료\n166,296\n-\n-\n166,296\n\xa0(2) 재보험자로부터 회수한 금액\n(158,671)\n-\n-\n(158,671)\n\xa0(3) 기타현금흐름\n395\n-\n-\n395\n10. 기타\n(816)\n74\n907\n165\n11. 반기말 순재보험계약자산(부채)\n(76,195)\n71,689\n228,523\n224,017\n\xa0(1) 반기말 재보험계약자산\n28,002\n64,534\n159,579\n252,115\n\xa0(2) 반기말 재보험계약부채\n104,197\n(7,155)\n(68,944)\n28,098\n2) 전반기\n구 \xa0분\n미래현금흐름의현재가치 추정치\n비금융위험에 대한위험조정\n보험계약마진\n합계\n1. 기초 순재보험계약자산(부채)\n89,764\n72,364\n197,701\n359,829\n\xa0(1) 기초 재보험계약자산\n171,825\n63,650\n159,288\n394,763\n\xa0(2) 기초 재보험계약부채\n82,061\n(8,714)\n(38,413)\n34,934\n2. 미래서비스 관련 변동\n(39,675)\n5,029\n39,385\n4,739\n\xa0(1) 보험계약마진을 조정하는 추정치의 변동분\n(9,171)\n1,954\n7,217\n-\n\xa0(2) 손실회수요소 전입(환입)\n2,485\n170\n-\n2,655\n\xa0(3) 최초 인식한 계약의 효과\n(32,989)\n2,905\n32,168\n2,084\n3. 현행 서비스 관련 변동\n15,296\n(417)\n(9,698)\n5,181\n\xa0(1) 서비스 제공에 따른 보험계약마진의 변동\n-\n-\n(9,698)\n(9,698)\n\xa0(2) 비금융위험에 대한 위험조정의 변동분\n-\n(417)\n-\n(417)\n\xa0(3) 경험조정\n15,296\n-\n-\n15,296\n4. 과거 서비스관련 변동\n(7,733)\n(1,274)\n-\n(9,007)\n\xa0(1) 발생사고 이행현금흐름 변동분\n(7,733)\n(1,274)\n-\n(9,007)\n5. 보험서비스결과\n(32,112)\n3,338\n29,687\n913\n6. 재보험금융손익\n(343)\n-\n3,235\n2,892\n7. 재보험자 불이행위험 변동효과\n(19)\n-\n-\n(19)\n8. 재보험금융손익 계\n(362)\n-\n3,235\n2,873\n9. 현금흐름\n(65,834)\n-\n-\n(65,834)\n\xa0(1) 지급한 재보험료\n157,376\n-\n-\n157,376\n\xa0(2) 재보험자로부터 회수한 금액\n(293,177)\n-\n-\n(293,177)\n\xa0(3) 기타현금흐름\n69,967\n-\n-\n69,967\n10. 기타\n-\n-\n-\n-\n11. 반기말 순재보험계약자산(부채)\n(8,544)\n75,702\n230,623\n297,781\n\xa0(1) 반기말 재보험계약자산\n65,248\n66,845\n191,023\n323,116\n\xa0(2) 반기말 재보험계약부채\n73,792\n(8,857)\n(39,600)\n25,335\n(8) 당반기와 전반기 중 보험계약과 관련한 보험손익 내역은 다음과 같습니다(단위: 백만원).\n1) 당반기 3개월\n구 \xa0분\n생명보험\n손해보험\n합계\n사망\n건강\n연금저축\n변액\n기타\n해외\n소계\n장기\n일반\n자동차\n해외\n소계\n1. 보험수익\n\xa0(1) 보험료배분접근법 미적용 계약 :\n\xa0 1) 예상보험금 및 예상보험서비스 비용\n285,957\n284,406\n76,756\n111,487\n-\n12,123\n770,729\n651,890\n-\n-\n-\n651,890\n1,422,619\n\xa0 2) 위험해제에 따른 위험조정의 변동\n15,939\n14,355\n2,470\n2,986\n-\n859\n36,609\n19,225\n-\n-\n-\n19,225\n55,834\n\xa0 3) 서비스제공에 따른 보험계약마진의 변동\n82,539\n98,707\n24,909\n9,296\n-\n5,207\n220,658\n102,564\n-\n-\n-\n102,564\n323,222\n\xa0 4) 손실요소 변동\n(242)\n(3,624)\n(3,258)\n(15)\n-\n(938)\n(8,077)\n(8,982)\n-\n-\n-\n(8,982)\n(17,059)\n\xa0 5) 보험취득현금흐름의 회수\n133,893\n58,940\n14,723\n2,045\n-\n4,137\n213,738\n102,311\n-\n-\n-\n102,311\n316,049\n\xa0 6) 기타보험영업수익\n(6,099)\n(5,795)\n(2,485)\n-\n-\n-\n(14,379)\n-\n-\n-\n-\n-\n(14,379)\n\xa0 \xa0소 \xa0계\n511,987\n446,989\n113,115\n125,799\n-\n21,388\n1,219,278\n867,008\n-\n-\n-\n867,008\n2,086,286\n\xa0(2) 보험료배분접근법 적용 계약 보험수익\n4,371\n-\n-\n-\n-\n-\n4,371\n-\n189,431\n263,223\n63,676\n516,330\n520,701\n총 보험수익\n516,358\n446,989\n113,115\n125,799\n-\n21,388\n1,223,649\n867,008\n189,431\n263,223\n63,676\n1,383,338\n2,606,987\n2. 보험서비스비용\n\xa0(1) 보험료배분접근법 미적용 계약 :\n\xa0 1) 실제보험금 및 실제보험서비스비용\n274,442\n282,642\n66,142\n108,258\n42\n13,689\n745,215\n587,851\n-\n-\n-\n587,851\n1,333,066\n\xa0 2) 보험취득현금흐름 상각비용\n133,893\n58,940\n14,723\n2,045\n-\n4,137\n213,738\n102,311\n-\n-\n-\n102,311\n316,049\n\xa0 3) 발생사고 이행현금흐름 변동분\n294\n3,816\n(4,807)\n2,490\n-\n333\n2,126\n(25,814)\n-\n-\n-\n(25,814)\n(23,688)\n\xa0 4) 손실부담계약의 손실(환입)\n1,792\n12,364\n4,756\n(342)\n-\n125\n18,695\n17,420\n-\n-\n-\n17,420\n36,115\n\xa0 5) 기타보험영업비용\n-\n-\n-\n-\n-\n126\n126\n43,479\n-\n-\n-\n43,479\n43,605\n\xa0 \xa0소 \xa0계\n410,421\n357,762\n80,814\n112,451\n42\n18,410\n979,900\n725,247\n-\n-\n-\n725,247\n1,705,147\n\xa0(2) 보험료배분접근법 적용 계약 보험서비스비용\n4,611\n-\n-\n-\n-\n-\n4,611\n-\n128,226\n268,363\n47,854\n444,443\n449,054\n총 보험서비스비용\n415,032\n357,762\n80,814\n112,451\n42\n18,410\n984,511\n725,247\n128,226\n268,363\n47,854\n1,169,690\n2,154,201\n3. 재보험수익\n\xa0(1) 보험료배분접근법 미적용 계약 :\n\xa0 1) 발생 재보험금 및 재보험서비스비용 회수액\n2,977\n45,710\n-\n-\n-\n2,180\n50,867\n12,465\n-\n-\n-\n12,465\n63,332\n\xa0 2) 발생사고 이행현금흐름 변동분\n(78)\n(1,526)\n-\n-\n-\n185\n(1,419)\n459\n-\n-\n-\n459\n(960)\n\xa0 3) 손실회수요소 전입(환입)\n14\n185\n-\n-\n-\n-\n199\n98\n-\n-\n-\n98\n297\n\xa0 4) 기타 재보험수익\n2,783\n7,837\n-\n-\n-\n-\n10,620\n-\n-\n-\n-\n-\n10,620\n\xa0 \xa0소 \xa0계\n5,696\n52,206\n-\n-\n-\n2,365\n60,267\n13,022\n-\n-\n-\n13,022\n73,289\n\xa0(2) 보험료배분접근법 적용 계약 재보험수익\n-\n-\n-\n-\n-\n-\n-\n353\n33,531\n25,702\n(2,038)\n57,548\n57,548\n총 재보험수익\n5,696\n52,206\n-\n-\n-\n2,365\n60,267\n13,375\n33,531\n25,702\n(2,038)\n70,570\n130,837\n4. 재보험비용\n\xa0(1) 보험료배분접근법 미적용 계약 :\n\xa0 1) 회수예상 보험금 및 보험서비스비용\n3,658\n43,506\n-\n-\n-\n1,981\n49,145\n9,913\n-\n-\n-\n9,913\n59,058\n\xa0 2) 위험해제로 인한 위험조정의 변동\n5\n219\n-\n-\n-\n65\n289\n(139)\n-\n-\n-\n(139)\n150\n\xa0 3) 제공받은 서비스의 재보험계약마진\n2,143\n3,032\n-\n-\n-\n(527)\n4,648\n708\n-\n-\n-\n708\n5,356\n\xa0 4) 당기 및 과거서비스 재보험료 경험조정\n(340)\n1,460\n-\n-\n-\n-\n1,120\n(160)\n-\n-\n-\n(160)\n960\n\xa0 5) 기타재보험영업비용\n3,293\n9,115\n-\n-\n-\n-\n12,408\n1,049\n-\n-\n-\n1,049\n13,457\n\xa0 \xa0소 \xa0계\n8,759\n57,332\n-\n-\n-\n1,519\n67,610\n11,371\n-\n-\n-\n11,371\n78,981\n\xa0(2) 보험료배분접근법 적용 계약 재보험비용\n-\n-\n-\n-\n5\n-\n5\n2,494\n75,947\n26,542\n15,154\n120,137\n120,142\n총 재보험비용\n8,759\n57,332\n-\n-\n5\n1,519\n67,615\n13,865\n75,947\n26,542\n15,154\n131,508\n199,123\n총 보험서비스결과\n98,263\n84,101\n32,301\n13,348\n(47)\n3,824\n231,790\n141,271\n18,789\n(5,980)\n(1,370)\n152,710\n384,500\n2) 당반기 누적\n구 \xa0분\n생명보험\n손해보험\n합계\n사망\n건강\n연금저축\n변액\n기타\n해외\n소계\n장기\n일반\n자동차\n해외\n소계\n1. 보험수익\n\xa0(1) 보험료배분접근법 미적용 계약 :\n\xa0 1) 예상보험금 및 예상보험서비스 비용\n570,874\n562,861\n144,758\n223,045\n-\n22,729\n1,524,267\n1,297,677\n-\n-\n-\n1,297,677\n2,821,944\n\xa0 2) 위험해제에 따른 위험조정의 변동\n28,222\n25,382\n4,267\n5,880\n-\n1,812\n65,563\n38,013\n-\n-\n-\n38,013\n103,576\n\xa0 3) 서비스제공에 따른 보험계약마진의 변동\n168,391\n197,113\n48,387\n21,865\n-\n10,483\n446,239\n205,268\n-\n-\n-\n205,268\n651,507\n\xa0 4) 손실요소 변동\n(487)\n(8,246)\n(6,706)\n(45)\n-\n(938)\n(16,422)\n(19,604)\n-\n-\n-\n(19,604)\n(36,026)\n\xa0 5) 보험취득현금흐름의 회수\n265,384\n113,221\n28,510\n4,194\n-\n8,203\n419,512\n203,367\n-\n-\n-\n203,367\n622,879\n\xa0 6) 기타보험영업수익\n(176)\n(2,373)\n(4,228)\n6\n-\n-\n(6,771)\n-\n-\n-\n-\n-\n(6,771)\n\xa0 \xa0소 \xa0계\n1,032,208\n887,958\n214,988\n254,945\n-\n42,289\n2,432,388\n1,724,721\n-\n-\n-\n1,724,721\n4,157,109\n\xa0(2) 보험료배분접근법 적용 계약 보험수익\n8,715\n-\n-\n-\n-\n-\n8,715\n-\n360,929\n523,491\n126,938\n1,011,358\n1,020,073\n총 보험수익\n1,040,923\n887,958\n214,988\n254,945\n-\n42,289\n2,441,103\n1,724,721\n360,929\n523,491\n126,938\n2,736,079\n5,177,182\n2. 보험서비스비용\n\xa0(1) 보험료배분접근법 미적용 계약 :\n\xa0 1) 실제보험금 및 실제보험서비스비용\n547,240\n568,230\n132,007\n223,505\n61\n25,163\n1,496,206\n1,201,083\n-\n-\n-\n1,201,083\n2,697,289\n\xa0 2) 보험취득현금흐름 상각비용\n265,384\n113,221\n28,510\n4,194\n-\n8,203\n419,512\n203,367\n-\n-\n-\n203,367\n622,879\n\xa0 3) 발생사고 이행현금흐름 변동분\n33,717\n32,280\n(4,232)\n30,709\n-\n(2,869)\n89,605\n(120,245)\n-\n-\n-\n(120,245)\n(30,640)\n\xa0 4) 손실부담계약의 손실(환입)\n2,449\n34,247\n(5,820)\n(698)\n-\n(2,356)\n27,822\n15,545\n-\n-\n-\n15,545\n43,367\n\xa0 5) 기타보험영업비용\n-\n-\n-\n-\n-\n276\n276\n109,049\n-\n-\n-\n109,049\n109,325\n\xa0 \xa0소 \xa0계\n848,790\n747,978\n150,465\n257,710\n61\n28,417\n2,033,421\n1,408,799\n-\n-\n-\n1,408,799\n3,442,220\n\xa0(2) 보험료배분접근법 적용 계약 보험서비스비용\n12,487\n-\n-\n-\n-\n-\n12,487\n-\n230,092\n542,250\n127,204\n899,546\n912,033\n총 보험서비스비용\n861,277\n747,978\n150,465\n257,710\n61\n28,417\n2,045,908\n1,408,799\n230,092\n542,250\n127,204\n2,308,345\n4,354,253\n3. 재보험수익\n\xa0(1) 보험료배분접근법 미적용 계약 :\n\xa0 1) 발생 재보험금 및 재보험서비스비용 회수액\n7,028\n105,358\n-\n-\n-\n3,832\n116,218\n17,047\n-\n-\n-\n17,047\n133,265\n\xa0 2) 발생사고 이행현금흐름 변동분\n(368)\n(4,074)\n-\n-\n-\n384\n(4,058)\n(5,322)\n-\n-\n-\n(5,322)\n(9,380)\n\xa0 3) 손실회수요소 전입(환입)\n15\n216\n-\n-\n-\n-\n231\n153\n-\n-\n-\n153\n384\n\xa0 4) 기타 재보험수익\n3,860\n12,973\n-\n-\n-\n-\n16,833\n-\n-\n-\n-\n-\n16,833\n\xa0 \xa0소 \xa0계\n10,535\n114,473\n-\n-\n-\n4,216\n129,224\n11,878\n-\n-\n-\n11,878\n141,102\n\xa0(2) 보험료배분접근법 적용 계약 재보험수익\n-\n-\n-\n-\n-\n-\n-\n923\n48,873\n56,195\n16,267\n122,258\n122,258\n총 재보험수익\n10,535\n114,473\n-\n-\n-\n4,216\n129,224\n12,801\n48,873\n56,195\n16,267\n134,136\n263,360\n4. 재보험비용\n\xa0(1) 보험료배분접근법 미적용 계약 :\n\xa0 1) 회수예상 보험금 및 보험서비스비용\n7,282\n87,575\n-\n-\n-\n3,688\n98,545\n20,428\n-\n-\n-\n20,428\n118,973\n\xa0 2) 위험해제로 인한 위험조정의 변동\n9\n441\n-\n-\n-\n125\n575\n228\n-\n-\n-\n228\n803\n\xa0 3) 제공받은 서비스의 재보험계약마진\n4,221\n6,228\n-\n-\n-\n(1,011)\n9,438\n1,363\n-\n-\n-\n1,363\n10,801\n\xa0 4) 당기 및 과거서비스 재보험료 경험조정\n(513)\n2,266\n-\n-\n-\n-\n1,753\n(853)\n-\n-\n-\n(853)\n900\n\xa0 5) 기타재보험영업비용\n4,170\n16,416\n-\n-\n-\n-\n20,586\n2,073\n-\n-\n-\n2,073\n22,659\n\xa0 \xa0소 \xa0계\n15,169\n112,926\n-\n-\n-\n2,802\n130,897\n23,239\n-\n-\n-\n23,239\n154,136\n\xa0(2) 보험료배분접근법 적용 계약 재보험비용\n-\n-\n-\n-\n10\n-\n10\n4,242\n147,804\n54,808\n18,574\n225,428\n225,438\n총 재보험비용\n15,169\n112,926\n-\n-\n10\n2,802\n130,907\n27,481\n147,804\n54,808\n18,574\n248,667\n379,574\n총 보험서비스결과\n175,012\n141,527\n64,523\n(2,765)\n(71)\n15,286\n393,512\n301,242\n31,906\n(17,372)\n(2,573)\n313,203\n706,715\n3) 전반기 3개월 \n구 \xa0분\n생명보험\n손해보험\n합계\n사망\n건강\n연금저축\n변액\n기타\n해외\n소계\n장기\n일반\n자동차\n해외\n소계\n1. 보험수익\n\xa0(1) 보험료배분접근법 미적용 계약 :\n\xa0 1) 예상보험금 및 예상보험서비스 비용\n273,037\n257,006\n84,466\n112,903\n-\n16,906\n744,318\n614,126\n-\n-\n-\n614,126\n1,358,444\n\xa0 2) 위험해제에 따른 위험조정의 변동\n16,102\n9,106\n1,365\n4,378\n-\n416\n31,367\n18,956\n-\n-\n-\n18,956\n50,323\n\xa0 3) 서비스제공에 따른 보험계약마진의 변동\n102,496\n89,398\n16,978\n17,439\n-\n3,557\n229,868\n95,356\n-\n-\n-\n95,356\n325,224\n\xa0 4) 손실요소 변동\n(192)\n(139)\n(1,392)\n(1,688)\n-\n-\n(3,411)\n(7,082)\n-\n-\n-\n(7,082)\n(10,493)\n\xa0 5) 보험취득현금흐름의 회수\n98,328\n39,490\n11,003\n2,239\n-\n11,095\n162,155\n88,696\n-\n-\n-\n88,696\n250,851\n\xa0 6) 기타보험영업수익\n12,935\n2,459\n(3,425)\n45\n(100)\n(3,268)\n8,646\n-\n-\n-\n-\n-\n8,646\n\xa0 \xa0소 \xa0계\n502,706\n397,320\n108,995\n135,316\n(100)\n28,706\n1,172,943\n810,052\n-\n-\n-\n810,052\n1,982,995\n\xa0(2) 보험료배분접근법 적용 계약 보험수익\n4,026\n-\n-\n-\n-\n-\n4,026\n-\n146,741\n250,149\n71,849\n468,739\n472,765\n총 보험수익\n506,732\n397,320\n108,995\n135,316\n(100)\n28,706\n1,176,969\n810,052\n146,741\n250,149\n71,849\n1,278,791\n2,455,760\n2. 보험서비스비용\n\xa0(1) 보험료배분접근법 미적용 계약 :\n\xa0 1) 실제보험금 및 실제보험서비스비용\n262,777\n262,520\n77,167\n110,369\n36\n12,045\n724,914\n673,172\n-\n-\n-\n673,172\n1,398,086\n\xa0 2) 보험취득현금흐름 상각비용\n44,984\n39,490\n11,003\n2,239\n-\n11,095\n108,811\n88,696\n-\n-\n-\n88,696\n197,507\n\xa0 3) 발생사고 이행현금흐름 변동분\n(4,059)\n8,366\n(1,641)\n3,161\n-\n100\n5,927\n(9,476)\n-\n-\n-\n(9,476)\n(3,549)\n\xa0 4) 손실부담계약의 손실(환입)\n1,154\n1,805\n2,161\n(15,525)\n34\n(4,635)\n(15,006)\n772\n-\n-\n-\n772\n(14,234)\n\xa0 5) 기타보험영업비용\n-\n-\n-\n-\n-\n156\n156\n(45,585)\n-\n-\n-\n(45,585)\n(45,429)\n\xa0 \xa0소 \xa0계\n304,856\n312,181\n88,690\n100,244\n70\n18,761\n824,802\n707,579\n-\n-\n-\n707,579\n1,532,381\n\xa0(2) 보험료배분접근법 적용 계약 보험서비스비용\n9,804\n-\n-\n-\n-\n-\n9,804\n-\n150,741\n235,792\n68,865\n455,398\n465,202\n총 보험서비스비용\n314,660\n312,181\n88,690\n100,244\n70\n18,761\n834,606\n707,579\n150,741\n235,792\n68,865\n1,162,977\n1,997,583\n3. 재보험수익\n\xa0(1) 보험료배분접근법 미적용 계약 :\n\xa0 1) 발생 재보험금 및 재보험서비스비용 회수액\n4,551\n50,069\n-\n-\n-\n1,138\n55,758\n6,794\n-\n-\n-\n6,794\n62,552\n\xa0 2) 발생사고 이행현금흐름 변동분\n(267)\n(3,888)\n-\n-\n-\n(72)\n(4,227)\n145\n-\n-\n-\n145\n(4,082)\n\xa0 3) 손실회수요소 전입(환입)\n4\n53\n-\n-\n-\n-\n57\n1,387\n-\n-\n-\n1,387\n1,444\n\xa0 4) 기타 재보험수익\n2,090\n6,019\n-\n-\n-\n-\n8,109\n(35)\n-\n-\n-\n(35)\n8,074\n\xa0 \xa0소 \xa0계\n6,378\n52,253\n-\n-\n-\n1,066\n59,697\n8,291\n-\n-\n-\n8,291\n67,988\n\xa0(2) 보험료배분접근법 적용 계약 재보험수익\n-\n-\n-\n-\n-\n-\n-\n1,340\n64,138\n42,321\n(8,763)\n99,036\n99,036\n총 재보험수익\n6,378\n52,253\n-\n-\n-\n1,066\n59,697\n9,631\n64,138\n42,321\n(8,763)\n107,327\n167,024\n4. 재보험비용\n\xa0(1) 보험료배분접근법 미적용 계약 :\n\xa0 1) 회수예상 보험금 및 보험서비스비용\n3,350\n42,510\n-\n-\n-\n1,638\n47,498\n8,473\n-\n-\n-\n8,473\n55,971\n\xa0 2) 위험해제로 인한 위험조정의 변동\n(10)\n224\n-\n-\n-\n57\n271\n(326)\n-\n-\n-\n(326)\n(55)\n\xa0 3) 제공받은 서비스의 재보험계약마진\n932\n3,779\n-\n-\n41\n29\n4,781\n534\n-\n-\n-\n534\n5,315\n\xa0 4) 당기 및 과거서비스 재보험료 경험조정\n113\n(646)\n-\n-\n-\n-\n(533)\n216\n-\n-\n-\n216\n(317)\n\xa0 5) 기타재보험영업비용\n2,860\n9,077\n-\n-\n-\n-\n11,937\n-\n-\n-\n-\n-\n11,937\n\xa0 \xa0소 \xa0계\n7,245\n54,944\n-\n-\n41\n1,724\n63,954\n8,897\n-\n-\n-\n8,897\n72,851\n\xa0(2) 보험료배분접근법 적용 계약 재보험비용\n-\n-\n-\n-\n-\n-\n-\n413\n63,170\n43,147\n(6,656)\n100,074\n100,074\n총 재보험비용\n7,245\n54,944\n-\n-\n41\n1,724\n63,954\n9,310\n63,170\n43,147\n(6,656)\n108,971\n172,925\n총 보험서비스결과\n191,205\n82,448\n20,305\n35,072\n(211)\n9,287\n338,106\n102,794\n(3,032)\n13,531\n877\n114,170\n452,276\n4) 전반기 누적\xa0\n구 \xa0분\n생명보험\n손해보험\n합계\n사망\n건강\n연금저축\n변액\n기타\n해외\n소계\n장기\n일반\n자동차\n해외\n소계\n1. 보험수익\n\xa0(1) 보험료배분접근법 미적용 계약 :\n\xa0 1) 예상보험금 및 예상보험서비스 비용\n542,681\n507,610\n162,092\n225,562\n-\n32,838\n1,470,783\n1,222,789\n-\n-\n-\n1,222,789\n2,693,572\n\xa0 2) 위험해제에 따른 위험조정의 변동\n33,867\n18,581\n3,272\n9,114\n-\n818\n65,652\n37,328\n-\n-\n-\n37,328\n102,980\n\xa0 3) 서비스제공에 따른 보험계약마진의 변동\n195,814\n184,790\n36,756\n34,055\n-\n7,597\n459,012\n189,880\n-\n-\n-\n189,880\n648,892\n\xa0 4) 손실요소 변동\n(705)\n(313)\n(2,920)\n(3,920)\n-\n-\n(7,858)\n(13,458)\n-\n-\n-\n(13,458)\n(21,316)\n\xa0 5) 보험취득현금흐름의 회수\n176,139\n81,320\n25,007\n4,659\n-\n21,400\n308,525\n179,321\n-\n-\n-\n179,321\n487,846\n\xa0 6) 기타보험영업수익\n23,384\n5,766\n8,183\n114\n(100)\n(6,061)\n31,286\n-\n-\n-\n-\n-\n31,286\n\xa0 \xa0소 \xa0계\n971,180\n797,754\n232,390\n269,584\n(100)\n56,592\n2,327,400\n1,615,860\n-\n-\n-\n1,615,860\n3,943,260\n\xa0(2) 보험료배분접근법 적용 계약 보험수익\n8,178\n-\n-\n-\n-\n-\n8,178\n-\n285,430\n495,132\n71,849\n852,411\n860,589\n총 보험수익\n979,358\n797,754\n232,390\n269,584\n(100)\n56,592\n2,335,578\n1,615,860\n285,430\n495,132\n71,849\n2,468,271\n4,803,849\n2. 보험서비스비용\n\xa0(1) 보험료배분접근법 미적용 계약 :\n\xa0 1) 실제보험금 및 실제보험서비스비용\n539,576\n530,367\n146,112\n225,752\n67\n22,331\n1,464,205\n1,199,375\n-\n-\n-\n1,199,375\n2,663,580\n\xa0 2) 보험취득현금흐름 상각비용\n122,795\n81,320\n25,007\n4,659\n-\n21,400\n255,181\n179,321\n-\n-\n-\n179,321\n434,502\n\xa0 3) 발생사고 이행현금흐름 변동분\n6,461\n18,487\n(6,362)\n13,715\n-\n197\n32,498\n8,678\n-\n-\n-\n8,678\n41,176\n\xa0 4) 손실부담계약의 손실(환입)\n4,766\n2,892\n18,711\n(25,878)\n34\n1,185\n1,710\n31,851\n-\n-\n-\n31,851\n33,561\n\xa0 5) 기타보험영업비용\n-\n-\n-\n-\n-\n329\n329\n(1,840)\n-\n-\n-\n(1,840)\n(1,511)\n\xa0 \xa0소 \xa0계\n673,598\n633,066\n183,468\n218,248\n101\n45,442\n1,753,923\n1,417,385\n-\n-\n-\n1,417,385\n3,171,308\n\xa0(2) 보험료배분접근법 적용 계약 보험서비스비용\n21,382\n-\n-\n-\n-\n-\n21,382\n-\n280,472\n468,923\n68,865\n818,260\n839,642\n총 보험서비스비용\n694,980\n633,066\n183,468\n218,248\n101\n45,442\n1,775,305\n1,417,385\n280,472\n468,923\n68,865\n2,235,645\n4,010,950\n3. 재보험수익\n\xa0(1) 보험료배분접근법 미적용 계약 :\n\xa0 1) 발생 재보험금 및 재보험서비스비용 회수액\n8,051\n105,470\n-\n-\n-\n2,071\n115,592\n16,267\n-\n-\n-\n16,267\n131,859\n\xa0 2) 발생사고 이행현금흐름 변동분\n(673)\n(8,909)\n-\n-\n-\n(69)\n(9,651)\n1,644\n-\n-\n-\n1,644\n(8,007)\n\xa0 3) 손실회수요소 전입(환입)\n4\n127\n-\n-\n-\n-\n131\n5,149\n-\n-\n-\n5,149\n5,280\n\xa0 4) 기타 재보험수익\n3,059\n9,880\n-\n-\n-\n-\n12,939\n(35)\n-\n-\n-\n(35)\n12,904\n\xa0 \xa0소 \xa0계\n10,441\n106,568\n-\n-\n-\n2,002\n119,011\n23,025\n-\n-\n-\n23,025\n142,036\n\xa0(2) 보험료배분접근법 적용 계약 재보험수익\n-\n-\n-\n-\n-\n-\n-\n2,592\n108,247\n92,464\n(8,763)\n194,540\n194,540\n총 재보험수익\n10,441\n106,568\n-\n-\n-\n2,002\n119,011\n25,617\n108,247\n92,464\n(8,763)\n217,565\n336,576\n4. 재보험비용\n\xa0(1) 보험료배분접근법 미적용 계약 :\n\xa0 1) 회수예상 보험금 및 보험서비스비용\n6,592\n84,373\n-\n-\n-\n2,721\n93,686\n19,093\n-\n-\n-\n19,093\n112,779\n\xa0 2) 위험해제로 인한 위험조정의 변동\n(21)\n423\n-\n-\n-\n58\n460\n(42)\n-\n-\n-\n(42)\n418\n\xa0 3) 제공받은 서비스의 재보험계약마진\n1,795\n6,817\n-\n-\n41\n32\n8,685\n1,013\n-\n-\n-\n1,013\n9,698\n\xa0 4) 당기 및 과거서비스 재보험료 경험조정\n127\n(1,251)\n-\n-\n-\n-\n(1,124)\n(406)\n-\n-\n-\n(406)\n(1,530)\n\xa0 5) 기타재보험영업비용\n3,621\n16,138\n-\n-\n-\n-\n19,759\n-\n-\n-\n-\n-\n19,759\n\xa0 \xa0소 \xa0계\n12,114\n106,500\n-\n-\n41\n2,811\n121,466\n19,658\n-\n-\n-\n19,658\n141,124\n\xa0(2) 보험료배분접근법 적용 계약 재보험비용\n-\n-\n-\n-\n-\n-\n-\n718\n124,923\n92,157\n(6,656)\n211,142\n211,142\n총 재보험비용\n12,114\n106,500\n-\n-\n41\n2,811\n121,466\n20,376\n124,923\n92,157\n(6,656)\n230,800\n352,266\n총 보험서비스결과\n282,705\n164,756\n48,922\n51,336\n(242)\n10,341\n557,818\n203,716\n(11,718)\n26,516\n877\n219,391\n777,209\n(9) 당반기와 전반기 중 신규로 체결한 보험계약이 최초인식시점에 재무상태표에 미친 영향은 다음과 같습니다(단위: 백만원).\n1) 당반기\n구 \xa0분\n발행한 보험계약\n합계\n손실부담계약 제외\n손실부담계약\n1. 미래 현금유출액의 현재가치 추정치\n10,342,591\n1,061,056\n11,403,647\n\xa0 (1) 보험취득현금흐름\n2,154,121\n167,499\n2,321,620\n\xa0 (2) 보험금 및 보험서비스비용\n8,188,470\n893,557\n9,082,027\n2. 미래 현금유입액의 현재가치 추정치\n(11,876,324)\n(998,665)\n(12,874,989)\n3. 비금융위험에 대한 위험조정\n167,160\n12,592\n179,752\n4. 보험계약마진\n1,366,573\n-\n1,366,573\n최초인식시 손실요소금액\n-\n74,983\n74,983\n2) 전반기\n구 \xa0분\n발행한 보험계약\n합계\n손실부담계약 제외\n손실부담계약\n1. 미래 현금유출액의 현재가치 추정치\n8,588,179\n450,725\n9,038,904\n\xa0 (1) 보험취득현금흐름\n1,726,064\n60,488\n1,786,552\n\xa0 (2) 보험금 및 보험서비스비용\n6,862,115\n390,237\n7,252,352\n2. 미래 현금유입액의 현재가치 추정치\n(10,208,849)\n(396,373)\n(10,605,222)\n3. 비금융위험에 대한 위험조정\n163,425\n7,349\n170,774\n4. 보험계약마진\n1,457,245\n-\n1,457,245\n최초인식시 손실요소금액\n-\n61,701\n61,701\n(10) 당반기와 전반기 중 신규로 체결한 출재보험계약이 최초인식시점에 재무상태표에 미친 영향은 다음과 같습니다(단위: 백만원).\n1) 당반기\n구 \xa0분\n발행한 보험계약\n합계\n순원가계약\n순차익계약\n1. 미래 현금유출액의 현재가치 추정치\n107,855\n18,312\n126,167\n2. 미래 현금유입액의 현재가치 추정치\n(121,195)\n(18,299)\n(139,494)\n3. 비금융위험에 대한 위험조정\n1,574\n553\n2,127\n4. 보험계약마진\n12,416\n(482)\n11,934\n최초인식시 손실회수요소금액\n650\n84\n734\n2) 전반기\n구 \xa0분\n발행한 보험계약\n합계\n순원가계약\n순차익계약\n1. 미래 현금유출액의 현재가치 추정치\n165,094\n1,074\n166,168\n2. 미래 현금유입액의 현재가치 추정치\n(198,102)\n(1,055)\n(199,157)\n3. 비금융위험에 대한 위험조정\n2,870\n35\n2,905\n4. 보험계약마진\n32,208\n(40)\n32,168\n최초인식시 손실회수요소금액\n2,070\n14\n2,084\n(11) 당반기말과 전기말 현재 발행한 보험계약과 보유한 재보험계약의 기대상각기간별 보험계약마진 금액은 다음과 같습니다(단위: 백만원).\n1) 당반기말\n구 \xa0분\n1년이하\n1년초과2년이하\n2년초과 3년이하\n3년초과 4년이하\n4년초과 5년이하\n5년초과 10년이하\n10년초과 20년이하\n20년초과 30년이하\n30년초과\n합계\n발행한 보험계약\n생명보험\n사망\n149,546\n122,139\n111,276\n107,356\n103,930\n467,511\n830,949\n755,670\n1,121,225\n3,769,602\n건강\n242,282\n218,743\n195,924\n178,405\n165,400\n700,567\n1,016,531\n669,931\n785,416\n4,173,199\n연금저축\n72,977\n64,803\n58,159\n51,595\n46,707\n180,003\n195,802\n83,115\n35,744\n788,905\n변액\n22,567\n20,587\n19,052\n17,806\n16,734\n71,112\n103,052\n70,392\n80,698\n422,000\n해외\n27,466\n19,840\n16,309\n13,671\n11,506\n35,457\n21,525\n3,906\n866\n150,546\n손해보험\n장기\n377,695\n325,177\n286,302\n255,050\n227,464\n847,706\n1,641,855\n-\n-\n3,961,249\n합 \xa0계\n892,533\n771,289\n687,022\n623,883\n571,741\n2,302,356\n3,809,714\n1,583,014\n2,023,949\n13,265,501\n보유한 재보험계약\n생명보험\n사망\n6,252\n5,689\n5,161\n4,709\n4,295\n16,386\n17,040\n6,557\n2,856\n68,945\n건강\n14,065\n12,634\n10,988\n9,523\n8,054\n26,775\n17,186\n1,971\n995\n102,191\n해외\n21,998\n1,186\n41\n(2)\n(1)\n-\n-\n-\n-\n23,222\n손해보험\n장기\n2,624\n2,356\n2,163\n2,000\n1,851\n7,130\n16,041\n-\n-\n34,165\n합 \xa0계\n44,939\n21,865\n18,353\n16,230\n14,199\n50,291\n50,267\n8,528\n3,851\n228,523\n2) 전기말\n구 \xa0분\n1년이하\n1년초과2년이하\n2년초과 3년이하\n3년초과 4년이하\n4년초과 5년이하\n5년초과 10년이하\n10년초과 20년이하\n20년초과 30년이하\n30년초과\n합계\n발행한 보험계약\n생명보험\n사망\n165,816\n127,925\n112,155\n104,569\n100,227\n442,984\n785,263\n715,926\n1,107,150\n3,662,015\n건강\n245,037\n222,322\n198,939\n180,498\n166,512\n701,583\n1,006,953\n634,443\n710,025\n4,066,312\n연금저축\n66,396\n59,901\n54,538\n48,982\n43,755\n169,062\n187,625\n83,468\n38,559\n752,286\n변액\n37,845\n34,475\n32,105\n30,294\n28,762\n125,406\n188,427\n132,043\n153,612\n762,969\n기타\n29\n-\n-\n-\n-\n-\n-\n-\n-\n29\n해외\n104,616\n6,044\n2,640\n2,137\n1,785\n5,391\n3,111\n522\n105\n126,351\n손해보험\n장기\n376,247\n323,272\n284,475\n253,581\n227,076\n848,542\n1,613,668\n-\n-\n3,926,861\n합 \xa0계\n995,986\n773,939\n684,852\n620,061\n568,117\n2,292,968\n3,785,047\n1,566,402\n2,009,451\n13,296,823\n보유한 재보험계약\n생명보험\n사망\n5,315\n5,464\n5,024\n4,607\n4,209\n16,075\n16,719\n6,434\n2,801\n66,648\n건강\n12,716\n11,423\n9,935\n8,610\n7,282\n24,207\n15,538\n1,782\n899\n92,392\n해외\n22,177\n4,160\n859\n245\n127\n427\n527\n277\n307\n29,106\n손해보험\n장기\n1,936\n1,760\n1,644\n1,541\n1,446\n5,697\n13,281\n-\n-\n27,305\n합 \xa0계\n42,144\n22,807\n17,462\n15,003\n13,064\n46,406\n46,065\n8,493\n4,007\n215,451\n(12) 당반기 및 전반기 중 연결실체가 보험금융손익으로 인식한 총금액과 보험금융손익 중 기타포괄손익으로 인식한 금액 및 자산의 투자손익은 다음과 같습니다(단위: 백만원).\n1) 당반기 3개월\n구 \xa0분\n생명보험\n손해보험\n합계\n퇴직\n변액\n그 외\n해외\n소계\n장기\n일반 및 자동차\n해외\n소계\n1. 투자손익\n(1) 당기손익으로 인식된 투자손익 :\n\xa0 1) 순이자수익(비용)\n70,686\n54,135\n468,040\n16,022\n608,883\n-\n96,308\n1,389\n97,697\n706,580\n\xa0 2) 배당수익\n9\n9,363\n1,198\n532\n11,102\n-\n3,888\n23\n3,911\n15,013\n\xa0 3) 금융상품평가및처분이익(손실)\n18,115\n282,873\n275,560\n249\n576,797\n-\n4,156\n316\n4,472\n581,269\n\xa0 4) 파생상품관련이익(손실)\n(1,286)\n(1,174)\n(347,631)\n-\n(350,091)\n-\n(56,907)\n-\n(56,907)\n(406,998)\n\xa0 5) 외화거래이익(손실)\n258\n786\n351,762\n-\n352,806\n-\n55,288\n(227)\n55,061\n407,867\n\xa0 6) 기타투자손익\n(102,536)\n(4,592)\n(16,257)\n10\n(123,375)\n-\n34,532\n-\n34,532\n(88,843)\n소 \xa0계\n(14,754)\n341,391\n732,672\n16,813\n1,076,122\n-\n137,265\n1,501\n138,766\n1,214,888\n(2) 기타포괄손익으로 인식된 투자손익\n6,406\n-\n442,819\n101\n449,326\n-\n177,360\n-\n177,360\n626,686\n총 투자손익\n(8,348)\n341,391\n1,175,491\n16,914\n1,525,448\n-\n314,625\n1,501\n316,126\n1,841,574\n2. 보험금융손익\n(1) 당기손익으로 인식된 보험금융손익 :\n\xa0 1) 순이자수익(비용)\n(362)\n(26,814)\n(675,845)\n(4,092)\n(707,113)\n(100,577)\n(7,192)\n(1,466)\n(109,235)\n(816,348)\n\xa0 2) 할인율 및 금융가정의 변경효과\n-\n-\n-\n29\n29\n1,829\n(216)\n-\n1,613\n1,642\n\xa0 3) 환율변경효과\n-\n-\n-\n-\n-\n-\n(431)\n-\n(431)\n(431)\n\xa0 4) 기타보험금융손익\n-\n-\n-\n(1,287)\n(1,287)\n-\n-\n-\n-\n(1,287)\n\xa0 5) 직접참여계약의 기초항목의 공정가치 변동\n-\n(315,423)\n-\n(85)\n(315,508)\n-\n-\n-\n-\n(315,508)\n\xa0 6) 계약서비스마진을 조정하지 않는 기초항목의 공정가치 또는 이행현금흐름의 변동의 회사의 몫\n-\n(13,121)\n-\n-\n(13,121)\n-\n-\n-\n-\n(13,121)\n소 \xa0계\n(362)\n(355,358)\n(675,845)\n(5,435)\n(1,037,000)\n(98,748)\n(7,839)\n(1,466)\n(108,053)\n(1,145,053)\n(2) 기타포괄손익으로 인식된 보험금융손익\n-\n(1,085)\n(2,165,547)\n6,814\n(2,159,818)\n(556,111)\n(1,452)\n(191)\n(557,754)\n(2,717,572)\n총 보험금융손익\n(362)\n(356,443)\n(2,841,392)\n1,379\n(3,196,818)\n(654,859)\n(9,291)\n(1,657)\n(665,807)\n(3,862,625)\n3. 재보험금융손익\n(1) 당기손익으로 인식된 재보험금융손익 :\n\xa0 1) 순이자수익(비용)\n-\n-\n-\n(1,000)\n(1,000)\n548\n8,478\n1,201\n10,227\n9,227\n\xa0 2) 할인율 및 금융가정의 변경효과\n-\n-\n-\n113\n113\n-\n96\n-\n96\n209\n\xa0 3) 환율변경효과\n-\n-\n-\n-\n-\n-\n292\n-\n292\n292\n\xa0 4) 기타재보험금융손익\n-\n-\n1,115\n-\n1,115\n9\n(957)\n-\n(948)\n167\n소 \xa0계\n-\n-\n1,115\n(887)\n228\n557\n7,909\n1,201\n9,667\n9,895\n(2) 기타포괄손익으로 인식된 재보험금융손익\n-\n-\n1,146\n645\n1,791\n773\n705\n(107)\n1,371\n3,162\n총 재보험금융손익\n-\n-\n2,261\n(242)\n2,019\n1,330\n8,614\n1,094\n11,038\n13,057\n4. 당기손익 및 기타포괄손익으로 인식된 순투자손익\n(8,710)\n(15,052)\n(1,663,640)\n18,051\n(1,669,351)\n(653,529)\n313,948\n938\n(338,643)\n(2,007,994)\n2) 당반기 누적\n구 \xa0분\n생명보험\n손해보험\n합계\n퇴직\n변액\n그 외\n해외\n소계\n장기\n일반 및 자동차\n해외\n소계\n1. 투자손익\n(1) 당기손익으로 인식된 투자손익 :\n\xa0 1) 순이자수익(비용)\n137,735\n105,903\n943,343\n32,500\n1,219,481\n-\n189,172\n2,679\n191,851\n1,411,332\n\xa0 2) 배당수익\n27\n30,838\n2,641\n553\n34,059\n-\n7,827\n23\n7,850\n41,909\n\xa0 3) 금융상품평가및처분이익(손실)\n38,146\n428,258\n560,636\n776\n1,027,816\n-\n(4,094)\n488\n(3,606)\n1,024,210\n\xa0 4) 파생상품관련이익(손실)\n1,443\n(23,807)\n(855,407)\n-\n(877,771)\n-\n(119,977)\n-\n(119,977)\n(997,748)\n\xa0 5) 외화거래이익(손실)\n258\n3,390\n741,533\n-\n745,181\n-\n116,214\n36\n116,250\n861,431\n\xa0 6) 기타투자손익\n(197,628)\n(8,828)\n(16,703)\n12\n(223,147)\n-\n85,978\n-\n85,978\n(137,169)\n소 \xa0계\n(20,019)\n535,754\n1,376,043\n33,841\n1,925,619\n-\n275,120\n3,226\n278,346\n2,203,965\n(2) 기타포괄손익으로 인식된 투자손익\n(383)\n-\n(257,286)\n931\n(256,738)\n-\n(68,925)\n-\n(68,925)\n(325,663)\n총 투자손익\n(20,402)\n535,754\n1,118,757\n34,772\n1,668,881\n-\n206,195\n3,226\n209,421\n1,878,302\n2. 보험금융손익\n(1) 당기손익으로 인식된 보험금융손익 :\n\xa0 1) 순이자수익(비용)\n(729)\n(2,749)\n(1,354,350)\n(7,721)\n(1,365,549)\n(202,330)\n(14,401)\n(1,920)\n(218,651)\n(1,584,200)\n\xa0 2) 할인율 및 금융가정의 변경효과\n-\n-\n-\n51\n51\n4,969\n(365)\n-\n4,604\n4,655\n\xa0 3) 환율변경효과\n-\n-\n-\n-\n-\n-\n(901)\n-\n(901)\n(901)\n\xa0 4) 기타보험금융손익\n-\n-\n-\n(2,419)\n(2,419)\n-\n-\n-\n-\n(2,419)\n\xa0 5) 직접참여계약의 기초항목의 공정가치 변동\n-\n(537,470)\n-\n(1,713)\n(539,183)\n-\n-\n-\n-\n(539,183)\n\xa0 6) 계약서비스마진을 조정하지 않는 기초항목의 공정가치 또는 이행현금흐름의 변동의 회사의 몫\n-\n100,660\n-\n-\n100,660\n-\n-\n-\n-\n100,660\n소 \xa0계\n(729)\n(439,559)\n(1,354,350)\n(11,802)\n(1,806,440)\n(197,361)\n(15,667)\n(1,920)\n(214,948)\n(2,021,388)\n(2) 기타포괄손익으로 인식된 보험금융손익\n-\n(1,085)\n(2,063,711)\n27,909\n(2,036,887)\n(669,753)\n(2,516)\n(236)\n(672,505)\n(2,709,392)\n총 보험금융손익\n(729)\n(440,644)\n(3,418,061)\n16,107\n(3,843,327)\n(867,114)\n(18,183)\n(2,156)\n(887,453)\n(4,730,780)\n3. 재보험금융손익\n(1) 당기손익으로 인식된 재보험금융손익 :\n\xa0 1) 순이자수익(비용)\n-\n-\n-\n(1,636)\n(1,636)\n1,158\n11,846\n1,440\n14,444\n12,808\n\xa0 2) 할인율 및 금융가정의 변경효과\n-\n-\n-\n18\n18\n-\n156\n-\n156\n174\n\xa0 3) 환율변경효과\n-\n-\n-\n-\n-\n-\n548\n-\n548\n548\n\xa0 4) 기타재보험금융손익\n-\n-\n1,950\n-\n1,950\n14\n(18)\n295\n291\n2,241\n소 \xa0계\n-\n-\n1,950\n(1,618)\n332\n1,172\n12,532\n1,735\n15,439\n15,771\n(2) 기타포괄손익으로 인식된 재보험금융손익\n-\n-\n387\n72\n459\n1,107\n1,128\n(107)\n2,128\n2,587\n총 재보험금융손익\n-\n-\n2,337\n(1,546)\n791\n2,279\n13,660\n1,628\n17,567\n18,358\n4. 당기손익 및 기타포괄손익으로 인식된 순투자손익\n(21,131)\n95,110\n(2,296,967)\n49,333\n(2,173,655)\n(864,835)\n201,672\n2,698\n(660,465)\n(2,834,120)\n3) 전반기 3개월\n구 \xa0분\n생명보험\n손해보험\n합계\n퇴직\n변액\n그 외\n해외\n소계\n장기\n일반 및 자동차\n해외\n소계\n1. 투자손익\n(1) 당기손익으로 인식된 투자손익 :\n\xa0 1) 순이자수익(비용)\n59,493\n62,136\n511,501\n16,651\n649,781\n-\n81,249\n573\n81,822\n731,603\n\xa0 2) 배당수익\n8\n8,866\n(1,232)\n32\n7,674\n-\n4,394\n-\n4,394\n12,068\n\xa0 3) 금융상품평가및처분이익(손실)\n(2,525)\n89,208\n199,496\n967\n287,146\n-\n22,850\n733\n23,583\n310,729\n\xa0 4) 파생상품관련이익(손실)\n1,053\n24,820\n(259,429)\n-\n(233,556)\n-\n(13,836)\n-\n(13,836)\n(247,392)\n\xa0 5) 외화거래이익(손실)\n964\n2,358\n85,767\n-\n89,089\n-\n13,324\n(39)\n13,285\n102,374\n\xa0 6) 기타투자손익\n(101,729)\n(3,697)\n(6,782)\n-\n(112,208)\n-\n31,443\n-\n31,443\n(80,765)\n소 \xa0계\n(42,736)\n183,691\n529,321\n17,650\n687,926\n-\n139,424\n1,267\n140,691\n828,617\n(2) 기타포괄손익으로 인식된 투자손익\n(29,363)\n-\n(569,445)\n-\n(598,808)\n-\n(225,329)\n-\n(225,329)\n(824,137)\n총 투자손익\n(72,099)\n183,691\n(40,124)\n17,650\n89,118\n-\n(85,905)\n1,267\n(84,638)\n4,480\n2. 보험금융손익\n(1) 당기손익으로 인식된 보험금융손익 :\n\xa0 1) 순이자수익(비용)\n(267)\n(171,160)\n(656,369)\n(6,355)\n(834,151)\n(99,132)\n(5,704)\n-\n(104,836)\n(938,987)\n\xa0 2) 할인율 및 금융가정의 변경효과\n-\n-\n-\n-\n-\n1,839\n120\n-\n1,959\n1,959\n\xa0 3) 환율변경효과\n-\n-\n-\n-\n-\n-\n(2)\n-\n(2)\n(2)\n\xa0 4) 기타보험금융손익\n-\n-\n-\n-\n-\n-\n-\n-\n-\n-\n\xa0 5) 직접참여계약의 기초항목의 공정가치 변동\n-\n(15,863)\n-\n-\n(15,863)\n-\n-\n-\n-\n(15,863)\n\xa0 6) 계약서비스마진을 조정하지 않는 기초항목의 공정가치 또는 이행현금흐름의 변동의 회사의 몫\n-\n91,256\n-\n-\n91,256\n-\n-\n-\n-\n91,256\n소 \xa0계\n(267)\n(95,767)\n(656,369)\n(6,355)\n(758,758)\n(97,293)\n(5,586)\n-\n(102,879)\n(861,637)\n(2) 기타포괄손익으로 인식된 보험금융손익\n-\n(631)\n1,919,275\n(48,216)\n1,870,428\n360,832\n1,574\n-\n362,406\n2,232,834\n총 보험금융손익\n(267)\n(96,398)\n1,262,906\n(54,571)\n1,111,670\n263,539\n(4,012)\n-\n259,527\n1,371,197\n3. 재보험금융손익\n(1) 당기손익으로 인식된 재보험금융손익 :\n\xa0 1) 순이자수익(비용)\n-\n-\n-\n59\n59\n1,000\n2,680\n-\n3,680\n3,739\n\xa0 2) 할인율 및 금융가정의 변경효과\n-\n-\n-\n-\n-\n1\n(60)\n-\n(59)\n(59)\n\xa0 3) 환율변경효과\n-\n-\n-\n-\n-\n-\n(1,649)\n-\n(1,649)\n(1,649)\n\xa0 4) 기타재보험금융손익\n-\n-\n772\n-\n772\n(105)\n(4,895)\n-\n(5,000)\n(4,228)\n소 \xa0계\n-\n-\n772\n59\n831\n896\n(3,924)\n-\n(3,028)\n(2,197)\n(2) 기타포괄손익으로 인식된 재보험금융손익\n-\n-\n3,617\n4\n3,621\n(500)\n(1,104)\n-\n(1,604)\n2,017\n총 재보험금융손익\n-\n-\n4,389\n63\n4,452\n396\n(5,028)\n-\n(4,632)\n(180)\n4. 당기손익 및 기타포괄손익으로 인식된 순투자손익\n(72,366)\n87,293\n1,227,171\n(36,858)\n1,205,240\n263,935\n(94,945)\n1,267\n170,257\n1,375,497\n4) 전반기 누적\n구 \xa0분\n생명보험\n손해보험\n합계\n퇴직\n변액\n그 외\n해외\n소계\n장기\n일반 및 자동차\n해외\n소계\n1. 투자손익\n(1) 당기손익으로 인식된 투자손익 :\n\xa0 1) 순이자수익(비용)\n110,552\n125,947\n1,008,124\n31,482\n1,276,105\n-\n161,848\n573\n162,421\n1,438,526\n\xa0 2) 배당수익\n8\n7,534\n1,271\n48\n8,861\n-\n8,355\n-\n8,355\n17,216\n\xa0 3) 금융상품평가및처분이익(손실)\n137,390\n728,663\n586,307\n3,431\n1,455,791\n-\n41,133\n733\n41,866\n1,497,657\n\xa0 4) 파생상품관련이익(손실)\n(7,151)\n36,840\n(557,963)\n-\n(528,274)\n-\n(82,339)\n-\n(82,339)\n(610,613)\n\xa0 5) 외화거래이익(손실)\n8,519\n4,119\n490,113\n-\n502,751\n-\n83,664\n(39)\n83,625\n586,376\n\xa0 6) 기타투자손익\n(192,268)\n(7,828)\n(5,975)\n-\n(206,071)\n-\n71,545\n-\n71,545\n(134,526)\n소 \xa0계\n57,050\n895,275\n1,521,877\n34,961\n2,509,163\n-\n284,206\n1,267\n285,473\n2,794,636\n(2) 기타포괄손익으로 인식된 투자손익\n(19,009)\n-\n442,138\n-\n423,129\n-\n161,307\n-\n161,307\n584,436\n총 투자손익\n38,041\n895,275\n1,964,015\n34,961\n2,932,292\n-\n445,513\n1,267\n446,780\n3,379,072\n2. 보험금융손익\n(1) 당기손익으로 인식된 보험금융손익 :\n\xa0 1) 순이자수익(비용)\n(759)\n(1,865)\n(1,343,461)\n(13,437)\n(1,359,522)\n(200,008)\n(10,576)\n-\n(210,584)\n(1,570,106)\n\xa0 2) 할인율 및 금융가정의 변경효과\n-\n-\n-\n-\n-\n4,547\n(101)\n-\n4,446\n4,446\n\xa0 3) 환율변경효과\n-\n-\n-\n-\n-\n-\n(42)\n-\n(42)\n(42)\n\xa0 4) 기타보험금융손익\n-\n-\n-\n-\n-\n-\n-\n-\n-\n-\n\xa0 5) 직접참여계약의 기초항목의 공정가치 변동\n-\n(901,667)\n-\n-\n(901,667)\n-\n-\n-\n-\n(901,667)\n\xa0 6) 계약서비스마진을 조정하지 않는 기초항목의 공정가치 또는 이행현금흐름의 변동의 회사의 몫\n-\n121,219\n-\n-\n121,219\n-\n-\n-\n-\n121,219\n소 \xa0계\n(759)\n(782,313)\n(1,343,461)\n(13,437)\n(2,139,970)\n(195,461)\n(10,719)\n-\n(206,180)\n(2,346,150)\n(2) 기타포괄손익으로 인식된 보험금융손익\n-\n(631)\n(211,824)\n(204,929)\n(417,384)\n(145,177)\n(1,674)\n-\n(146,851)\n(564,235)\n총 보험금융손익\n(759)\n(782,944)\n(1,555,285)\n(218,366)\n(2,557,354)\n(340,638)\n(12,393)\n-\n(353,031)\n(2,910,385)\n3. 재보험금융손익\n(1) 당기손익으로 인식된 재보험금융손익 :\n\xa0 1) 순이자수익(비용)\n-\n-\n-\n(912)\n(912)\n2,413\n5,082\n-\n7,495\n6,583\n\xa0 2) 할인율 및 금융가정의 변경효과\n-\n-\n-\n-\n-\n(5)\n60\n-\n55\n55\n\xa0 3) 환율변경효과\n-\n-\n-\n-\n-\n-\n(1,545)\n-\n(1,545)\n(1,545)\n\xa0 4) 기타재보험금융손익\n-\n-\n1,421\n-\n1,421\n(89)\n(5,371)\n-\n(5,460)\n(4,039)\n소 \xa0계\n-\n-\n1,421\n(912)\n509\n2,319\n(1,774)\n-\n545\n1,054\n(2) 기타포괄손익으로 인식된 재보험금융손익\n-\n-\n(2,984)\n645\n(2,339)\n2,425\n(60)\n-\n2,365\n26\n총 재보험금융손익\n-\n-\n(1,563)\n(267)\n(1,830)\n4,744\n(1,834)\n-\n2,910\n1,080\n4. 당기손익 및 기타포괄손익으로 인식된 순투자손익\n37,282\n112,331\n407,167\n(183,672)\n373,108\n(335,894)\n431,286\n1,267\n96,659\n469,767\n(13) 당반기 및 전반기 중 보험계약의 보험수익 및 전환방법별 보험계약마진 변동 내역은 다음과 같습니다(단위: 백만원).\n1) 당반기\n구 \xa0분\n수정소급법적용계약\n공정가치법적용계약\n이외 모든계약\n합계\n1. 보험수익\n843,579\n2,276,169\n2,057,434\n5,177,182\n2. 기초 보험계약마진\n5,155,286\n4,036,474\n4,105,063\n13,296,823\n\xa0(1) 당기서비스와 관련된 변동 :\n\xa0 \xa0 1) 제공된 서비스 관련 당기손익 인식\n(222,279)\n(175,699)\n(253,529)\n(651,507)\n\xa0(2) 미래서비스와 관련된 변동 :\n\xa0 \xa0 1) 보험계약마진을 조정하는 추정치 변동\n(230,196)\n(423,741)\n(339,900)\n(993,837)\n\xa0 \xa0 2) 신계약 인식효과\n-\n-\n1,366,573\n1,366,573\n보험서비스결과 소계\n(452,475)\n(599,440)\n773,144\n(278,771)\n\xa0(3) 보험금융손익\n86,540\n53,066\n109,383\n248,989\n3. 기타변동\n-\n(2,231)\n691\n(1,540)\n4. 반기말 보험계약마진\n4,789,351\n3,487,869\n4,988,281\n13,265,501\n2) 전반기\n구 \xa0분\n수정소급법적용계약\n공정가치법적용계약\n이외 모든계약\n합계\n1. 보험수익\n976,130\n2,332,047\n1,495,672\n4,803,849\n2. 기초 보험계약마진\n5,925,549\n5,453,928\n2,211,900\n13,591,377\n\xa0(1) 당기서비스와 관련된 변동 :\n\xa0 \xa0 1) 제공된 서비스 관련 당기손익 인식\n(267,349)\n(211,203)\n(170,340)\n(648,892)\n\xa0(2) 미래서비스와 관련된 변동 :\n\xa0 \xa0 1) 보험계약마진을 조정하는 추정치 변동\n(227,200)\n(241,390)\n(187,666)\n(656,256)\n\xa0 \xa0 2) 신계약 인식효과\n-\n-\n1,457,245\n1,457,245\n보험서비스결과 소계\n(494,549)\n(452,593)\n1,099,239\n152,097\n\xa0(3) 보험금융손익\n100,290\n70,478\n66,155\n236,923\n3. 반기말 보험계약마진\n5,531,290\n5,071,813\n3,377,294\n13,980,397\n(14) 당반기 및 전반기 중 \xa0재보험료의 배분액 및 전환방법별 재보험계약마진 변동 내역은 다음과 같습니다(단위: 백만원).\n1) 당반기\n구 \xa0분\n수정소급법적용계약\n공정가치법적용계약\n이외 모든계약\n합계\n1. 재보험료의 배분액\n38,066\n90,173\n251,335\n379,574\n2. 기초 재보험계약마진\n54,376\n102,425\n58,650\n215,451\n\xa0(1) 당기서비스와 관련된 변동 :\n\xa0 \xa0 1) 제공받은 서비스 관련 당기손익 인식\n(3,508)\n(4,990)\n(2,304)\n(10,802)\n\xa0(2) 미래서비스와 관련된 변동 :\n\xa0 \xa0 1) 보험계약마진을 조정하는 추정치 변동\n(699)\n8,857\n(588)\n7,570\n\xa0 \xa0 2) 신계약 인식효과\n-\n-\n11,934\n11,934\n재보험서비스결과 소계\n(4,207)\n3,867\n9,042\n8,702\n\xa0(3) 재보험금융손익\n689\n1,655\n1,118\n3,462\n3. 기타변동\n(170)\n10,602\n(9,524)\n908\n4. 반기말 보험계약마진\n50,688\n118,549\n59,286\n228,523\n2) 전반기\n구 \xa0분\n수정소급법적용계약\n공정가치법적용계약\n이외 모든계약\n합계\n1. 재보험료의 배분액\n37,901\n95,389\n220,586\n353,876\n2. 기초 재보험계약마진\n34,281\n145,320\n18,100\n197,701\n\xa0(1) 당기서비스와 관련된 변동 :\n\xa0 \xa0 1) 제공받은 서비스 관련 당기손익 인식\n(2,060)\n(6,209)\n(1,429)\n(9,698)\n\xa0(2) 미래서비스와 관련된 변동 :\n\xa0 \xa0 1) 보험계약마진을 조정하는 추정치 변동\n2,513\n8,438\n(3,734)\n7,217\n\xa0 \xa0 2) 신계약 인식효과\n-\n-\n32,169\n32,169\n재보험서비스결과 계\n453\n2,229\n27,006\n29,688\n\xa0(3) 재보험금융손익\n411\n2,190\n634\n3,235\n3. 기타변동\n-\n-\n-\n-\n4. 반기말 보험계약마진\n35,145\n149,739\n45,740\n230,624\n(15) 당반기 및 전반기 중 \xa0보험계약과 관련된 금융상품의 기타포괄손익의 변동 내역은 다음과 같습니다(단위: 백만원).\n구 \xa0분\n당반기\n전반기\n기초금액\n(3,945,834)\n(7,015,579)\n\xa0 공정가치평가로 인한 변동\n(700,495)\n615,727\n\xa0 당기손익 재분류에 따른 변동\n7,533\n9,811\n\xa0 법인세효과\n144,872\n(246,267)\n반기말금액\n(4,493,924)\n(6,636,308)\n(16) 당반기말 및 전기말 현재 연결실체의 직접참가특성이 있는 보험계약과 관련한 기초항목의 공정가치 내역은 다음과 같습니다(단위: 백만원).\n구분\n당반기말\n전기말\n\xa01. 현금및현금성자산\n209,769\n306,430\n\xa02. 당기손익-공정가치측정금융자산\n14,809,066\n14,936,097\n\xa03. 상각후원가측정금융자산\n585,342\n387,924\n\xa0 \xa0(1) 상각후원가측정대출채권\n256,800\n207,100\n\xa0 \xa0(2) 상각후원가측정기타금융자산\n328,542\n180,824\n\xa04. 파생상품자산\n38,739\n93,829\n\xa05. 당기법인세자산\n15,836\n28,155\n합계\n15,658,752\n15,752,435\n22. 투자계약부채\n당반기말 및 전기말 현재 투자계약부채의 내역은 다음과 같습니다(단위: 백만원).\n구 \xa0분\n당반기말\n전기말\n퇴직보험계약\n4,781\n4,891\n퇴직연금계약\n8,570,259\n8,817,008\n합 \xa0계\n8,575,040\n8,821,899\n23. 계약자지분조정\n당반기말 및 전기말 현재 계약자지분조정의 내역은 다음과 같습니다(단위: 백만원).\n구 \xa0분\n당반기말\n전기말\n기타포괄손익-공정가치측정금융상품평가손익\n(67,083)\n(45,212)\n유형자산재평가손익(*)\n81,029\n81,444\n지분법자본변동\n185\n(634)\n합 \xa0계\n14,131\n35,598\n(*) 유형자산재평가손익은 한국채택국제회계기준 도입일 현재 간주원가를 이용하여 재평가한 유형자산재평가손익을 계약자비율에 따라 배분한 금액입니다.\n기업회계기준서 제1117호 \'보험계약\'에 따르면 유배당보험계약에서 발생할 배당금에 대하여 관련 현금흐름을 추정하고 가정과 위험을 반영한 할인율을 사용하여 보험부채를 측정하도록 요구하고 있습니다.\n해당 요구사항은 기업회계기준서 제1104호 \'보험계약\'에서 인정하던 기존 회계처리 관행과 달리 유배당보험계약자에 대한 잠재적 의무를 목적적합하게 표시하지 못함에 따라 ""개념체계"" 에서 정하고 있는 ""재무제표 목적"" 과의 상충으로 인해 재무제표 이용자의 오해를 유발할 수 있는 것으로 판단하여 연결실체는 보험업감독업무 시행세칙 4-1조 2에서 정하는 방법으로 보험부채를 산출하였습니다.\n상기 사항 외 연결실체의 연결재무제표는 한국채택국제회계기준을 준수하여 작성되었으며, 기업회계기준서 제1117호 \'보험계약\'를 적용하였을 경우 보다 당반기말 부채 및 자본은 각각 14,131백만원 (전기말 : 35,598백만원) 증가 및 감소하였습니다.\n또한, 경영진은 상기 사항을 포함한 연결실체의 연결재무제표가 당반기말 및 전기말의 재무상태 및 당반기와 전반기의 재무성과 및 현금흐름을 공정하게 표시하고 있는 것으로 판단하였습니다.\n24. 당기손익-공정가치측정금융부채\n당반기말 및 전기말 현재 당기손익-공정가치측정금융부채의 내역은 다음과 같습니다(단위: 백만원).\n구 \xa0 분\n당반기말\n전기말\n단기매매금융부채\n\xa0 매도유가증권\n225,037\n246,774\n당기손익-공정가치측정금융부채\n\xa0 매도주가연계증권\n923,361\n890,199\n\xa0 매도파생결합증권\n916,588\n742,136\n소 \xa0 계\n1,839,949\n1,632,335\n합 \xa0 계\n2,064,986\n1,879,109\n25. 차입부채 및 사채\n(1) 당반기말과 전기말 현재 차입부채 및 사채의 내역은 다음과 같습니다(단위:백만원).\n구 \xa0 분\n당반기말\n전기말\n차입금\n7,587,868\n8,182,904\n사채\n2,953,396\n2,799,229\n합 \xa0 계\n10,541,264\n10,982,133\n(2) 당반기말과 전기말 현재 차입금 내역은 다음과 같습니다(단위:백만원).\n차입처\n종 \xa0 류\n이자율(%)\n당반기말\n전기말\n일반고객 등\n환매조건부채권매도\n0.35~5.61\n4,522,346\n5,106,011\n한국증권금융㈜\n증권금융차입금\n3.90~4.60\n839,368\n807,469\n하이투자증권㈜ 등\n기업어음\n3.79~5.01\n685,000\n665,000\nKB국민은행 등\n은행차입금\n1.78~4.90\n133,998\n256,996\n전자단기사채\n기타단기차입금\n0.00~12.27\n930,354\n990,731\nKB생명보험 외 2개\n담보부대출 등\n2.52 ~ 4.7\n476,802\n356,697\n액면가액 합계\n7,587,868\n8,182,904\n조정금액\n-\n-\n차입금 장부금액\n7,587,868\n8,182,904\n(3) 당반기말과 전기말 현재 사채 내역은 다음과 같습니다(단위:백만원).\n종 목\n상환일\n이자율(%)\n당반기말\n전기말\n제12차 공모사채 (*1)\n2032-03-07\n4.90\n250,000\xa0\n250,000\xa0\n25-2회 (*2)\n2024-10-18\n2.56\n30,000\xa0\n30,000\xa0\n26-1회 (*2)\n2024-04-09\n1.85\n-\xa0\n220,000\xa0\n26-2회 (*2)\n2026-04-09\n2.43\n100,000\xa0\n100,000\xa0\n27-1회 (*2)\n2024-09-13\n5.30\n130,000\xa0\n130,000\xa0\n27-2회 (*2)\n2025-09-16\n5.41\n91,000\xa0\n91,000\xa0\n29-1회 (*2)\n2026-02-27\n4.31\n186,000\xa0\n-\xa0\n29-2회 (*2)\n2027-02-27\n4.40\n114,000\xa0\n-\xa0\n후순위사채 (*4)\n2029-09-05\n7\n120,000\xa0\n120,000\xa0\n후순위사채 (*3)\n2032-02-04\n3.38\n1,041,141\xa0\n966,658\xa0\n후순위사채 (*3)\n2032-06-17\n5.30\n400,000\xa0\n400,000\xa0\n후순위사채 (*3)\n2033-08-02\n6\n500,000\xa0\n500,000\xa0\n액면가액 합계\n2,962,141\n2,807,658\xa0\n사채발행차금 등 조정금액\n(8,745)\n(8,429)\n사채 장부금액\n2,953,396\n2,799,229\xa0\n(*1) 종속기업인 한화손해보험㈜가 발행한 공모형 무보증 후순위 사채입니다.\n(*2) 종속기업인 한화투자증권㈜가 발행한 무기명무보증 사채 등 입니다.\n(*3) 지배기업인 한화생명보험㈜가 발행한 해외 ESG 후순위사채와 무보증후순위사채입니다.\n(*4) 종속기업인 한화투자증권㈜가 발행한 후순위사채 등 입니다.\n(4) 당반기말과 전기말 현재 차입금 및 사채의 계약상 잔존만기의 내용은 다음과 같습니다(단위: 백만원).\n1) 당반기말\n구 \xa0 분\n1년 미만\n1년 이상 2년 미만\n2년 이상\n합 \xa0 계\n상환 예정액\n7,556,452\n483,353\n2,641,168\n10,680,973\n2) 전기말\n구 \xa0 분\n1년 미만\n1년 이상 2년 미만\n2년 이상\n합 \xa0 계\n상환 예정액\n8,174,387\n470,980\n2,777,715\n11,423,082\n26. 순확정급여부채(자산)\n(1) 당반기말과 전기말 현재 순확정급여부채(자산)의 구성내역은 다음과 같습니다(단위:백만원)\n구 \xa0 분\n당반기말\n전기말\n확정급여채무의 현재가치\n525,586\n519,854\n사외적립자산의 공정가치\n(251,930)\n(259,885)\n재무상태표상 자산\n(42,091)\n(58,699)\n재무상태표상 부채\n315,747\n318,668\n(2) 당반기 및 전반기의 순확정급여부채(자산)의 변동내역은 다음과 같습니다(단위: 백만원).\n1) 당반기\n구 \xa0 분\n확정급여채무현재가치\n사외적립자산\n순확정급여부채\n기초\n519,854\n(259,885)\n259,969\n당기손익으로 인식되는 금액\n\xa0 당기근무원가\n14,018\n-\n14,018\n\xa0 과거근무원가\n368\n-\n368\n\xa0 이자비용(이자수익)\n9,594\n(11,266)\n(1,672)\n소 \xa0 \xa0계\n23,980\n(11,266)\n12,714\n재측정요소\n\xa0 사외적립자산의 수익\n-\n-\n-\n\xa0 인구통계적가정의 변동에서 발생하는 보험수리적손익\n-\n-\n-\n\xa0 재무적가정의 변동에서 발생하는 보험 수리적손익\n-\n-\n-\n\xa0 경험조정에 의한 보험수리적 손익\n-\n-\n-\n소 \xa0 \xa0계\n-\n-\n-\n\xa0기업이 납부한 기여금\n-\n(8,506)\n(8,506)\n\xa0급여지급액\n(19,723)\n28,134\n8,411\n\xa0운용관리수수료\n-\n1,351\n1,351\n\xa0계열사로부터의 전출입 효과\n1,475\n(1,758)\n(283)\n당반기말\n525,586\n(251,930)\n273,656\n2) 전반기\n구 \xa0 분\n확정급여채무현재가치\n사외적립자산\n순확정급여부채\n기초\n480,441\n(259,939)\n220,502\n당기손익으로 인식되는 금액\n\xa0 당기근무원가\n19,211\n-\n19,211\n\xa0 이자비용(이자수익)\n10,996\n(18,825)\n(7,829)\n소 \xa0 \xa0계\n30,207\n(18,825)\n11,382\n재측정요소\n\xa0 사외적립자산의 수익\n-\n(18)\n(18)\n\xa0 재무적가정의 변동에서 발생하는 보험 수리적손익\n-\n-\n-\n\xa0 경험조정에 의한 보험수리적 손익\n58\n-\n58\n소 \xa0 \xa0계\n58\n(18)\n40\n\xa0기업이 납부한 기여금\n-\n(3,822)\n(3,822)\n\xa0급여지급액\n(39,814)\n42,751\n2,937\n\xa0운용관리수수료\n1,419\n(728)\n691\n\xa0계열사로부터의 전출입 효과\n6,102\n(5,172)\n930\n전반기말\n478,413\n(245,753)\n232,660\n(3) 당반기말과 전기말 현재 사외적립자산 공정가치의 구성요소는 다음과 같습니다(단위:백만원).\n구 \xa0 분\n당반기말\n전기말\n금액\n구성비(%)\n금액\n구성비(%)\n원리금보장 금융상품 등\n251,372\n99.78\n259,285\n99.77\n국민연금전환금\n558\n0.22\n600\n0.23\n합 \xa0 계\n251,930\n100.00\n259,885\n100.00\n27. 충당부채\n당반기 및 전반기 중 충당부채의 변동내역은 다음과 같습니다(단위: 백만원).\n1) 당반기\n구 \xa0 분\n기초\n증가\n감소\n대체\n당반기말\n복구충당부채\n27,376\n1,078\n(1,958)\n43\n26,539\n기타\n94,890\n4,931\n(2,022)\n(35)\n97,764\n합 \xa0 계\n122,266\n6,009\n(3,980)\n8\n124,303\n2) 전반기\n구 \xa0 분\n기초\n증가\n감소\n대체\n전반기말\n복구충당부채\n18,993\n3,915\n(1,557)\n(251)\n21,100\n기타\n106,577\n4,520\n(36,679)\n-\n74,418\n합 \xa0 계\n125,570\n8,435\n(38,236)\n(251)\n95,518\n28. 기타금융부채\n(1) 당반기말과 전기말 현재 기타금융부채의 내역은 다음과 같습니다(단위: 백만원).\n구 \xa0 분\n당반기말\n전기말\n미지급금\n883,278\n979,845\n미지급비용\n691,915\n597,756\n리스부채\n182,396\n186,653\n예수금(*)\n864,412\n1,165,044\n임대보증금\n116,050\n116,320\n현재가치할인차금\n(1,083)\n(4,307)\n기타금융부채\n1,113,432\n1,116,803\n합 \xa0 계\n3,850,400\n4,158,114\n(*) 한화투자증권의 투자자예수금과 수입담보금 내역은 아래와 같습니다(단위: 백만원).\n구 \xa0 분\n당반기말\n전기말\n투자자예수금\n\xa0 위탁자예수금\n397,049\xa0\n354,546\xa0\n\xa0 장내파생상품거래예수금\n91,539\xa0\n70,712\xa0\n\xa0 청약자예수금\n-\xa0\n1,599\xa0\n\xa0 집합투자증권투자자예수금\n256,676\xa0\n640,210\xa0\n\xa0 외화예수금\n38,768\xa0\n43,234\xa0\n\xa0 기타\n677\xa0\n57\xa0\n소 \xa0 계\n784,709\xa0\n1,110,358\xa0\n수입담보금\n\xa0 신용대주수입담보금\n-\xa0\n36\xa0\n소 \xa0 계\n-\xa0\n36\xa0\n기타예수부채\n4,926\xa0\n1,429\xa0\n합 \xa0 계\n789,635\xa0\n1,111,823\xa0\n29. 기타부채\n당반기말과 전기말 현재 기타부채의 내역은 다음과 같습니다(단위: 백만원).\n구 \xa0 분\n당반기말\n전기말\n부가세예수금\n6,090\n6,086\n선수금\n99,847\n76,067\n선수수익 등\n91,969\n99,727\n합 \xa0 계\n197,906\n181,880\n30. 자본금 및 기타불입자본\n(1) 당반기말과 전기말 현재 자본금의 내용은 다음과 같습니다.\n구 \xa0 분\n당반기말\n전기말\n발행할 주식의 총수\n1,500,000,000주\n1,500,000,000주\n1주의 금액\n5,000원\n5,000원\n보통주발행주식수\n868,530,000주\n868,530,000주\n보통주자본금\n4,342,650백만원\n4,342,650백만원\n(2) 당반기말과 전기말 현재 기타불입자본의 내역은 다음과 같습니다(단위: 백만원).\n구 \xa0 분\n당반기말\n전기말\n주식발행초과금\n485,281\n485,281\n자기주식\n(924,085)\n(924,085)\n주식기준보상\n14,169\n10,589\n기타\n158,202\n88,900\n합 \xa0 계\n(266,433)\n(339,315)\n종속회사 중 한화투자증권은 금융투자회사 성과보상체계 모범규준 개정사항을 적용하여 경영성과급을 이연하여 주식기준보상으로 지급하는 제도를 운영중에 있으며, 캐롯손해보험은 성과달성 등의 조건을 포함하여 신주발행형 주식기준보상을 지급하는 제도를 운영하고 있습니다. 해당 주식기준보상은 연결재무제표상 비지배지분에 반영되어 있습니다.\n(3) 지배기업과 종속기업은 당기 중 주주총회 및 이사회 결의로 연간 상여의 일부로 가득기간 동안 근무용역제공을 조건으로 특정 임직원에게 양도제한조건부주식(Restricted Stock Unit(""이하 RSU""))을 부여하였습니다. 부여액의 50%는 회사의 주식으로 부여하고, 나머지는 회사 주식가치연계현금으로 지급합니다. 당반기말 현재 부여된 RSU에 대한 내역은 다음과 같습니다.\n- 한화생명보험\xa0\n구 \xa0 분\n2020년 부여분\n2021년 부여분\n2022년 부여분\n2023년 부여분\n2024년 부여분\n\xa0부여일\n2020년 3월 23일\n2021년 3월 15일\n2022년 3월 24일\n2023년 3월 23일\n2024년 2월 23일\n\xa0행사가능시점\n부여일로부터 10년되는 날\n부여일로부터 10년되는 날\n부여일로부터 7년 및 10년되는 날\n부여일로부터 7년 및 10년되는 날\n부여일로부터 7년 및 10년되는 날\n\xa0약정용역제공기간\n2020년\n2021년\n2022년\n2023년\n2024년\n\xa0주식 총 부여수량\n625,928주\n705,726주\n1,166,563주\n1,691,627주\n2,115,180주\n\xa0주식 부여분 공정가치\n560백만원(주당 895원)\n2,276백만원(주당 3,225원)\n3,558백만원(주당 3,050원)\n4,195백만원(주당2,480원)\n7,160백만원(주당3,385원)\n당기에 인식한 주식보상비용\n\xa0 - 주식분\n-\xa0\n-\xa0\n-\xa0\n-\n7,160백만원\n\xa0 - 주식가치연계현금\n103백만원\n116백만원\n192백만원\n279백만원\n6,346백만원\n합 \xa0 계\n103백만원\n116백만원\n192백만원\n279백만원\n13,506백만원\n- 한화손해보험\xa0\n구 \xa0 분\n2021년 부여분\n2024년 부여분\n부여일\n2021년 3월 19일\n2024년 2월 27일\n행사가능시점\n부여일로부터 10년 되는 날\n부여일로부터 10년 되는 날\n약정용역제공기간\n2021년\n2024년\n주식 총 부여수량\n118,489주\n325,986주\n주식부여분 공정가치\n507,133천원(주당 4,280원)\n1,607,110천원(주당 4,930원)\n당기에 인식한 주식보상비용\n\xa0- 주식분\n-\n1,607백만원\n\xa0- 주식가치연계현금\n112백만원\n1,628백만원\n합 \xa0계\n112백만원\n3,235백만원\n- 한화투자증권\xa0\n구 \xa0 분\n2021년 부여분\n2022년 부여분\n2023년 부여분\n2024년 부여분\n부여일\n2021년 3월 24일\n2022년 3월 23일\n2023년 3월 22일\n2024년 2월 27일\n행사가능시점\n부여일로부터 10년되는 날\n부여일로부터 7년, 10년 되는 날\n부여일로부터 7년, 9년, 10년되는 날\n부여일로부터 7년, 10년되는 날\n약정용역제공기간\n2021년\n2022년\n2023년\n2024년\n주식 총 부여수량\n218,691주\n145,676주\n145,976주\n239,773주\n주식 부여분 공정가치\n634,204천원(주당 2,900원)\n747,318천원(주당 5,130원)\n408,003천원(주당 2,795원)\n1,023,831천원(주당 4,270원)\n당기에 인식한 주식보상비용\n- 주식분\n-\n-\n-\n1,024백만원\n- 주식가치연계현금(*)\n(-)55백만원\n(-)36백만원\n(-)36백만원\n774백만원\n합 \xa0 계\n(-)55백만원\n(-)36백만원\n(-)36백만원\n1,798백만원\n(*) 당반기말 현재 상기 주식가치연계현금과 관련하여 24,305백만원을 기타금융부채로 계상하고 있습니다.\n31. 신종자본증권\n당반기말과 전기말 현재 신종자본증권의 내역은 다음과 같습니다(단위: 백만원).\n구 \xa0 분\n발행일\n만기일\n이자율\n당반기말\n전기말\n무기명식 이권부 무보증 신종자본증권\n2019-07-04\n2049-07-04\n3.69%\n500,000\n500,000\n발 \xa0행 \xa0비 \xa0용\n(1,656)\n(1,656)\n합 \xa0 \xa0 \xa0 \xa0 \xa0 \xa0 계\n498,344\n498,344\n상기 신종자본증권은 발행 후 5년 시점 부터 연결실체가 조기상환을 할 수 있으며, 발행일로부터 10년 경과 후 1회에 한하여 이자율이 조정됩니다. 한편, 만기일이 도래한 경우, 연결실체의 선택에 따라 동일한 발행조건으로 본 신종자본증권의 만기를 계속하여 연장할 수 있습니다.\n32. 기타자본구성요소\n당반기말과 전기말 현재 기타자본구성요소의 내역은 다음과 같습니다(단위: 백만원).\n구 \xa0 분\n당반기말\n전기말\n기타포괄손익-공정가치측정유가증권평가손익\n(4,023,577)\n(3,790,733)\n지분법자본변동\n7,835\n2,861\n현금흐름위험회피\n(627,833)\n(498,132)\n유형자산재평가이익\n367,826\n367,512\n해외사업장환산\n92,250\n46,996\n확정급여제도의 재측정요소\n(133,892)\n(133,277)\n보험계약자산(부채)순금융손익\n3,077,145\n4,927,645\n재보험계약자산(부채)순금융손익\n5,235\n3,849\n합 \xa0 계\n(1,235,011)\n926,721\n33. 이익잉여금\n(1) 당반기말과 전기말 현재 이익잉여금의 내역은 다음과 같습니다(단위: 백만원).\n구 \xa0 \xa0분\n당반기말\n전기말\n이익준비금\n139,863\n139,863\n미처분이익잉여금 등\n7,903,391\n7,469,908\n합 \xa0 계\n8,043,254\n7,609,771\n(2) 당반기 및 전반기 중 대손준비금, 해약환급금준비금, 보증준비금 및 비상위험준비금 반영 후 조정손익은 다음과 같습니다(단위: 백만원).\n구 \xa0 \xa0분\n당반기\n전반기\n지배기업 소유주 반기순이익\n555,413\n722,415\n신종자본증권 배당금\n(9,221)\n(28,638)\n지배기업 보통주 순이익\n546,192\n693,777\n준비금 적립(환입)예정금액\n1,476,003\n869,247\n준비금 적립 후 조정 순이익(손실)(*)\n(929,811)\n(175,470)\n준비금 적립(환입) 후 조정 주당순이익\n(1,227)\n(232)\n(*) 상기 준비금 적립 후 조정 손익은 기업회계기준에 의한 수치는 아니며, 법인세효과 고려전의 준비금 전입액을 반기순이익에 반영하였을 경우를 가정하여 산출한 정보입니다.\n34. 기타투자수익\n당반기 및 전반기 중 발생한 기타투자수익의 내용은 다음과 같습니다 (단위: 백만원).\n구 \xa0 분\n당반기\n전반기\n3개월\n누적\n3개월\n누적\n수수료수익\n63,884\n157,997\n82,108\n148,299\n임대료수익\n40,670\n81,285\n39,497\n79,119\n기타\n98,204\n200,568\n62,221\n179,337\n합 \xa0 계\n202,758\n439,850\n183,826\n406,755\n35. 재산관리비\n당반기 및 전반기 중 발생한 재산관리비의 내용은 다음과 같습니다 (단위: 백만원).\n구 \xa0 분\n당반기\n전반기\n3개월\n누적\n3개월\n누적\n\xa0급여 및 상여\n369\n609\n621\n894\n\xa0퇴직급여\n524\n1,044\n539\n1,157\n\xa0복리후생비\n94\n154\n289\n570\n\xa0감가상각비\n1,574\n3,058\n1,435\n2,867\n\xa0기타\n20,240\n28,600\n26,568\n47,504\n합 \xa0 계\n22,801\n33,465\n29,452\n52,992\n36. 기타투자비용\n당반기 및 전반기 중 발생한 기타투자비용의 내용은 다음과 같습니다 (단위: 백만원).\n구 \xa0 분\n당반기\n전반기\n3개월\n누적\n3개월\n누적\n\xa0부동산감가상각비\n16,694\n37,534\n28,653\n56,450\n\xa0무형자산상각비\n18,830\n37,016\n16,217\n31,961\n\xa0기타\n314,098\n692,402\n329,964\n657,548\n합 \xa0 계\n349,622\n766,952\n374,834\n745,959\n37. 영업외수익 및 영업외비용\n당반기 및 전반기 중 발생한 영업외수익 및 영업외비용의 내용은 다음과 같습니다(단위:백만원).\n구 \xa0 분\n당반기\n전반기\n3개월\n누적\n3개월\n누적\n<영업외수익>\n관계기업투자자산평가이익\n8,387\n16,014\n2,068\n4,632\n관계ㆍ종속기업투자처분이익 및 손상차손 환입\n(3,222)\n71,173\n(93)\n301\n유형자산 및 투자부동산 처분이익\n8,040\n8,279\n(22)\n232\n무형자산처분이익\n17\n34\n(17)\n-\n잡이익 및 기타\n5,471\n20,373\n2,919\n11,817\n합 \xa0 계\n18,693\n115,873\n4,855\n16,982\n<영업외비용>\n관계기업투자자산평가손실\n4,975\n8,944\n2,745\n11,399\n관계ㆍ종속기업투자처분손실 및 손상차손\n(746)\n783\n600\n1,026\n유형자산 및 투자부동산 처분손실\n718\n1,805\n64\n178\n무형자산 처분손실\n538\n538\n3\n4\n무형자산 손상차손\n-\n238\n-\n-\n기부금\n9,916\n14,251\n(955)\n2,289\n잡손실 및 기타\n2,682\n10,503\n2,799\n11,360\n합 \xa0 계\n18,083\n37,062\n5,256\n26,256\n38. 법인세비용\n법인세비용은 전체 회계연도에 대해서 예상되는 최선의 가중평균연간법인세율의 추정에 기초하여 인식하였습니다. 당반기말 현재 2024년 12월 31일로 종료하는 회계연도의 예상평균연간법인세율은 22.34%(전반기: 21.94%)입니다.\n39. 특수관계자 및 대규모기업집단 계열회사와의 거래\n(1) 당반기말과 전기말 현재 연결실체의 특수관계자 및 대규모기업집단 계열회사의 현황은 다음과 같습니다.\n1) 당반기말\n구 \xa0 분\n회사명\n지배기업\n㈜한화\n관계기업 및 공동기업\n신공항하이웨이㈜ 등\n기타 및 대규모기업집단 계열회사\n한화시스템㈜, 한화이글스㈜, 한화갤러리아 주식회사, 한화호텔앤드리조트㈜, 한화솔루션㈜ 등\n2) 전기말\n구 \xa0 분\n회사명\n지배기업\n㈜한화\n관계기업 및 공동기업\n신공항하이웨이㈜ 등\n기타 및 대규모기업집단 계열회사\n한화시스템㈜, 한화이글스㈜, 한화갤러리아 주식회사(*), 한화호텔앤드리조트㈜, 한화솔루션㈜ 등\n(*) 전기 중 인적분할로 한화갤러리아㈜에서 한화갤러리아 주식회사로 사명 변경하였습니다.\n(2) 당반기 및 전반기 중 특수관계자 및 대규모기업집단 계열회사와의 주요 거래내역은 다음과 같습니다(단위: 백만원).\n1) 당반기\n구 \xa0 분\n회사명\n영업수익 등\n영업비용 등\n임대료수익\n용역수익\n이자수익\n기타수익\n합 \xa0계\n보험비용\n기타비용(*1)(*2)\n유무형자산 등 취득\n합 \xa0계\n지배기업\n㈜한화\n7,186\n15\n-\n3,920\n11,121\n48,878\n3,208\n-\n52,086\n관계기업 및공동기업\n전라선철도㈜\n-\n-\n1,464\n-\n1,464\n-\n-\n-\n-\n신공항하이웨이㈜\n-\n-\n561\n-\n561\n-\n9\n-\n9\n에이앤디신용정보㈜\n-\n-\n-\n-\n-\n247\n3,954\n-\n4,201\n기타 관계기업\n-\n41\n1,711\n6,288\n8,040\n879\n4\n-\n883\n소 \xa0 계\n-\n41\n3,736\n6,288\n10,065\n1,126\n3,967\n-\n5,093\n기타 및대규모기업집단계열회사\n한화시스템㈜\n2,801\n21\n-\n2,684\n5,506\n37,870\n13,304\n31,111\n82,285\n㈜한화이글스\n-\n-\n-\n38\n38\n15,870\n1,342\n-\n17,212\n한화호텔앤드리조트㈜\n1,545\n675\n-\n1,566\n3,786\n3,851\n2,726\n725\n7,302\n한화솔루션㈜\n7,853\n1\n-\n1,043\n8,897\n1,153\n3,084\n-\n4,237\n기타 계열회사\n21,555\n68\n224\n35,821\n57,668\n5,248\n10,095\n-\n15,343\n소 \xa0 계\n33,754\n765\n224\n41,152\n75,895\n63,992\n30,551\n31,836\n126,379\n합 \xa0 계\n40,940\n821\n3,960\n51,360\n97,081\n113,996\n37,726\n31,836\n183,558\n(*1) 기타비용은 리스 관련 비용이 포함된 금액입니다.(*2) 신용손실충당금전입액을 제외한 금액이며 당반기 발생한 신용손실충당금전입액은 7백만원 입니다.\n2) 전반기\n구 \xa0 분\n회사명\n영업수익 등\n영업비용 등\n임대료수익\n용역수익\n이자수익\n기타수익(*1)\n합 \xa0계\n보험비용\n기타비용(*2)\n유무형자산 등 취득\n합 \xa0계\n지배기업\n㈜한화\n7,769\n24\n-\n4,019\n11,812\n35,137\n4,484\n-\n39,621\n관계기업 및공동기업\n전라선철도㈜\n-\n-\n1,597\n-\n1,597\n-\n-\n-\n-\n신공항하이웨이㈜\n-\n-\n575\n2\n577\n-\n14\n-\n14\n에이앤디신용정보㈜\n-\n-\n-\n-\n-\n1,003\n3,249\n-\n4,252\n기타 관계기업\n-\n48\n1,897\n1,039\n2,984\n6\n4\n-\n10\n소 \xa0 계\n-\n48\n4,069\n1,041\n5,158\n1,009\n3,267\n-\n4,276\n기타 및대규모기업집단계열회사\n한화시스템㈜\n3,701\n11\n-\n1,945\n5,657\n33,409\n13,445\n7,863\n54,717\n㈜한화이글스\n-\n-\n-\n85\n85\n9,718\n970\n-\n10,688\n한화호텔앤드리조트㈜\n2,084\n654\n-\n1,679\n4,417\n3,838\n2,272\n-\n6,110\n한화솔루션㈜\n6,985\n31\n-\n2,564\n9,580\n2,748\n3,275\n-\n6,023\n기타 계열회사\n17,349\n108\n202\n33,003\n50,662\n2,623\n8,747\n-\n11,370\n소 \xa0 계\n30,119\n804\n202\n39,276\n70,401\n52,336\n28,709\n7,863\n88,908\n합 \xa0 계\n37,888\n876\n4,271\n44,336\n87,371\n88,482\n36,460\n7,863\n132,805\n(*1) 신용손실충당금환입액을 제외한 금액이며 전반기 발생한 신용손실충당금환입액은 2백만원 입니다.(*2) 기타비용은 리스 관련 비용이 포함된 금액입니다.\n(3) 당반기 및 전반기 중 특수관계자 및 대규모기업집단 계열회사와의 주요 자금거래및 지분거래 내역은 다음과 같습니다(단위: 백만원).\n1) 당반기\n구 \xa0 \xa0 분\n회사명\n자금대여거래\n자금차입거래\n현금출자거래\n배당거래\n대여\n회수\n차입\n상환\n출자\n회수\n지급\n수취\n지배기업\n㈜한화\n-\n-\n-\n-\n-\n-\n56,328\n-\n관계기업 및 공동기업\n푸른김해지키미\n-\n534\n-\n-\n-\n-\n-\n-\n전라선철도㈜\n-\n3,801\n-\n-\n-\n-\n-\n-\n울산청천㈜\n-\n526\n-\n-\n-\n-\n-\n-\n신공항하이웨이㈜\n-\n431\n-\n-\n-\n-\n-\n3,150\n기타 관계기업\n-\n4,523\n-\n-\n15,643\n52,726\n-\n6,331\n소 \xa0 계\n-\n9,815\n-\n-\n15,643\n52,726\n-\n9,481\n기타 및 대규모기업집단 계열회사\n한화시스템㈜\n-\n-\n-\n1,116\n-\n-\n-\n-\n한화호텔앤드리조트㈜\n-\n-\n-\n150\n-\n-\n-\n-\n한화갤러리아타임월드㈜\n-\n-\n-\n-\n-\n-\n2,281\n-\n소 \xa0 계\n-\n-\n-\n1,266\n-\n-\n2,281\n-\n합 \xa0 계\n-\n9,815\n-\n1,266\n15,643\n52,726\n58,609\n9,481\n2) 전반기\n구 \xa0 \xa0 분\n회사명\n자금대여거래\n자금차입거래\n현금출자거래\n배당거래\n대여\n회수\n차입\n상환\n출자\n회수\n지급\n수취\n관계기업 및 공동기업\n푸른김해지키미\n-\n762\n-\n-\n-\n-\n-\n-\n전라선철도㈜\n-\n5,613\n-\n-\n-\n-\n-\n-\n울산청천㈜\n-\n775\n-\n-\n-\n-\n-\n-\n신공항하이웨이㈜\n-\n398\n-\n-\n-\n-\n-\n2,450\n토스뱅크\n-\n-\n-\n-\n18,382\n-\n-\n-\n다올넥스트원LNG터미널일반사모투자신탁제4호\n-\n-\n-\n-\n-\n91,592\n-\n-\n기타 관계기업\n-\n5,964\n-\n-\n46,262\n4,199\n-\n355\n합 \xa0 계\n-\n13,512\n-\n-\n64,644\n95,791\n-\n2,805\n(4) 당반기 및 전반기 중 특수관계자 및 대규모기업집단 계열회사와의 외화 자금거래 및 지분거래 내역은 없습니다.\n(5) 당반기말과 전기말 현재 특수관계자 및 대규모기업집단 계열회사 관련 채권ㆍ채무 잔액은 다음과 같습니다(단위: 백만원).\n1) 당반기말\n구 \xa0 분\n회사의 명칭\n채 \xa0 권\n채 \xa0 무\n대출채권(*1)\n기타 채권\n합 \xa0계\n임대보증금\n기타 채무(*2)\n합 \xa0계\n지배기업\n㈜한화\n-\n1,435\n1,435\n6,429\n17,028\n23,457\n관계기업 및공동기업\n전라선철도㈜\n47,126\n722\n47,848\n-\n4\n4\n신공항하이웨이㈜\n9,857\n107\n9,964\n-\n728\n728\n에이앤디신용정보㈜\n-\n-\n-\n-\n1,149\n1,149\n울산청천㈜\n7,346\n71\n7,417\n-\n-\n-\n기타 관계기업\n64,720\n4,357\n69,077\n-\n313\n313\n소 \xa0 계\n129,049\n5,257\n134,306\n-\n2,194\n2,194\n기타 및대규모기업집단계열회사\n한화시스템㈜\n-\n248\n248\n2,377\n80,578\n82,955\n㈜한화이글스\n-\n-\n-\n-\n2,568\n2,568\n한화호텔앤드리조트㈜\n-\n8,214\n8,214\n341\n17,163\n17,504\n한화솔루션㈜\n-\n17,769\n17,769\n5,337\n99,484\n104,821\n기타 계열회사\n-\n11,591\n11,591\n16,889\n441,347\n458,236\n소 \xa0 계\n-\n37,822\n37,822\n24,944\n641,140\n666,084\n합 \xa0 계\n129,049\n44,514\n173,563\n31,373\n660,362\n691,735\n(*1) 대출채권은 신용손실충당금 차감 전 금액이며, 신용손실충당금은 25 백만원입니다.(*2) 리스관련 부채가 포함된 금액입니다.\n2) 전기말\n구 \xa0 분\n회사의 명칭\n채 \xa0 권\n채 \xa0 무\n대출채권(*1)\n기타 채권\n합 \xa0계\n임대보증금\n기타 채무(*2)\n합 \xa0계\n지배기업\n㈜한화\n-\n511\n511\n6,457\n19,601\n26,058\n관계기업 및공동기업\n전라선철도㈜\n50,931\n741\n51,672\n-\n6\n6\n신공항하이웨이㈜\n10,288\n109\n10,397\n-\n761\n761\n에이앤디신용정보㈜\n-\n67\n67\n-\n1,151\n1,151\n울산청천㈜\n7,872\n72\n7,944\n-\n-\n-\n기타 관계기업\n69,887\n4,720\n74,607\n-\n322\n322\n소 \xa0 계\n138,978\n5,709\n144,687\n-\n2,240\n2,240\n기타 및대규모기업집단계열회사\n한화시스템㈜\n-\n844\n844\n2,375\n78,576\n80,951\n㈜한화이글스\n-\n2,039\n2,039\n-\n3,140\n3,140\n한화호텔앤드리조트㈜\n-\n8,085\n8,085\n1,909\n19,607\n21,516\n한화솔루션㈜\n-\n27,040\n27,040\n5,226\n105,412\n110,638\n기타 계열회사\n-\n14,024\n14,024\n15,574\n451,915\n467,489\n소 \xa0 계\n-\n52,032\n52,032\n25,084\n658,650\n683,734\n합 \xa0 계\n138,978\n58,252\n197,230\n31,541\n680,491\n712,032\n(*1) 대출채권은 신용손실충당금 차감 전 금액이며, 신용손실충당금은 18 백만원입니다.(*2) 리스관련 부채가 포함된 금액입니다.\n(6) 지배기업은 기업 활동의 계획ㆍ운영ㆍ통제에 대하여 중요한 권한과 책임을 가진 등기임원을 주요 경영진으로 판단하였으며, 당반기 및 전반기 중 주요 경영진에 대한보상을 위해 비용으로 반영한 금액은 다음과 같습니다(단위: 백만원).\n구 \xa0 분\n당반기\n전반기\n단기급여\n1,507\n1,170\n퇴직급여\n261\n99\n주식기준보상\n4,624\n2,334\n합 \xa0 계\n6,392\n3,603\n40. 우발채무와 약정사항\n(1) 진행 중인 소송사건\n당반기말 현재 연결실체가 피고로서 계류 중인 소송사건은 보험금지급청구소송(소송가액 127,336백만원)을 포함한\xa01,260건으로 총 소송가액은 336,934백만원입니다.\r\n또한, 연결실체가 원고로서 계류 중인 소송사건은 손해배상청구소송(소송가액 71,393백만원)을 포함한 837건으로 총 소송가액은 116,162백만원입니다.\n이러한 소송사건의 결과는 현재로서는 예측할 수 없습니다.\n(2) 금융거래약정\n당반기말 현재 연결실체가 체결 중인 금융거래약정의 상세내역은 다음과 같습니다(단위:백만원).\n구 \xa0 분\n금융거래약정내역\n약정한도액\n하나은행\n일중당좌차월(*)\n30,000\n일반당좌차월\n100,000\n일반자금대출\n1,500\n수협은행\n일반자금대출\n1,000\n한도대출\n30,000\nSC제일은행\n일중당좌차월(*)\n54,000\n우리은행\n당좌대출\n1,000\n㈜신한은행\n일중당좌차월(*)\n63,500\n일반당좌차월\n6,000\n한국증권금융㈜\n기관운영자금대출\n150,000\n할인어음(자체)\n170,000\n담보금융지원대출(자체)\n1,080,000\n증권유통금융(자체)\n300,000\n증권유통금융(대주)\n100,000\n일중자금거래(자체)\n200,000\nNongHyup Bank Hoan Kiem \xa0Branch 외 2개 은행\n은행차입금\n26,208\nVIB 외 10개 은행\n기간대출\n115,861\nBIDV\n당좌차월\n8,026\n(*) 이와 관련하여 국공채(액면금액: 230,000백만원)가 담보(설정금액: 380,000백만원)로 제공되어 있습니다.\n(3) 기타약정사항\n\xa01) 당반기말 및 전기말 현재 연결실체가 제공받고 있는 지급보증 내역은 다음과 같습니다(단위:백만원).\n제공받는자\n지급보증액\n지급보증처\n내용\n당반기말\n전기말\n한화생명보험㈜\n224,740\n231,748\n서울보증보험㈜\n공탁금 등\n한화손해보험㈜\n47,310\n49,794\n서울보증보험㈜\n공탁금 등\n한화투자증권㈜\n270\n-\n서울보증보험㈜\n채권가압류\n한화손해사정㈜\n99\n-\n서울보증보험㈜\n계약이행보증\n한화라이프랩㈜\n1,240\n1,260\n서울보증보험㈜\n계약이행보증\n2) 당반기말 및 전기말 기타 약정사항 내역은 다음과 같습니다(단위:백만원).\n구 \xa0 분\n당반기말\n전기말\n\xa0대출약정\n1,653,732\n2,867,540\n\xa0출자약정\n6,291,292\n9,671,247\n합 \xa0 계\n7,945,024\n12,538,787\n3) 당반기말 현재 유형자산 및 투자부동산 관련하여 발생하지 않은 자본적지출 약정 금액은\xa0135,427백만원(전기말: 88,806백만원)입니다.\r\n(4) 당반기말 현재 연결실체는 일반, 장기, 자동차보험에 대하여 코리안리재보험㈜, SCOR Re, Swiss Re 등과 출재 및 수재 협약을 체결하고 있습니다. 또한 종속기업인 한화손해보험㈜의 일반, 장기, 자동차보험에 대하여 체결하고 있는 출재협약 및 수재협약의 내용은 다음과 같습니다.\n구 \xa0분\n재보험사\n출수재비율\n보험상품\n비 \xa0 \xa0례\n코리안리재보험㈜\n위험금액의 10~30%\n자동차(공동물건 제외)\n코리안리재보험㈜ 외\n위험금액의 15~70%\n화재\n코리안리재보험㈜ 외\n위험금액의 15~70%\n해상\n코리안리재보험㈜ 외\n위험금액의 20~90%\n특종\n코리안리재보험㈜\n위험금액의 25~65%\n장기(재물,상해,질병,기타)\nSCOR RE 외\n위험금액의 5~60%\n장기(상해,질병,기타)\n초 \xa0 \xa0과\n코리안리재보험㈜ 외\n8.75억 초과 무한\n자동차(대인)\n코리안리재보험㈜\xa0\n12.6억원 초과 57.5억원\n자동차(차량담보)\n코리안리재보험㈜\xa0\n6억~980억원\n장기(재물/상해)\nSWISS RE 외\n초과금액의 0~100%\n기타 일반\n(5) 특수관계자와의 약정사항\n- ㈜한화\xa0\n당반기말 현재 연결실체는 지배기업인 ㈜한화와 브랜드 사용에 대하여 매출액 및 광고선전비 등을기준으로 브랜드 사용료를 책정하여 이를 지급하는 계약을 체결하고 있습니다. 당반기 및 전기 중에 동 계약과 관련하여 지급한 용역비 등은 특수관계자 거래내역에 공시하였습니다.\n- 한화자산운용㈜\xa0\n당반기말 현재 연결실체는 한화자산운용㈜와 주식 및 수익증권에 대한 투자일임계약을 맺고 있습니다.\n- ㈜한화육삼시티\xa0\n당반기말 현재 연결실체가 보유한 사옥의 시설, 임대차, 수선유지관리를 포함한 전문적인 자산관리 서비스를 제공받기 위해 ㈜한화육삼시티와 부동산위탁관리대행 계약을 체결하고 있습니다.\n- 한화손해사정㈜, 한화라이프랩㈜, 한화생명금융서비스㈜\xa0\n당반기말 현재 연결실체는 보험계약적부확인업무 및 콜센터운영 등을 위하여 종속기업인 한화손해사정㈜와 용역위탁계약을 체결하고 있으며, 보험계약체결의 중개 및 보험계약의 유지 및 관리에 필요한 활동 등을 위하여 종속기업인 한화라이프랩㈜ 및 한화생명금융서비스㈜와 용역위탁계약을 체결하고 있습니다.\n- 한화시스템㈜\xa0\n당반기말 현재 연결실체는 차세대보험코어시스템 구축을 목적으로 한화시스템㈜와 전산업무개발용역 계약을 체결하고 있습니다. 당반기 및 전기 중에 동 계약과 관련하여 지급한 용역비 등은 특수관계자 거래내역에 공시하였습니다.\n(6) 연결실체는 분할 신설회사인 한화생명금융서비스㈜의 분할 기준일인 2021년 4월 1일 기준의 채무금액에 대하여 연대보증의무를 부담하고 있습니다.\n(7) 수익증권 판매대행계약\n신탁재산의 수익권을 표시하는 수익증권은 회사와 판매회사간의 판매대행계약에 따라 판매회사가 수익자에게 판매하고 있으며, 당반기말 현재 회사는 한화투자증권㈜외 61개의 금융기관과 수익증권 판매대행계약을 체결하고 있습니다.\n(8) 당반기말과 전기말 현재 차입유가증권의 내용은 다음과 같습니다(단위:백만원).\n종목\n차입거래처\n당반기말\n전기말\n상장주식\n한국예탁결제원\n597,892\n787,293\n국채/지방채\n한국증권금융㈜\n311,300\n336,500\n합 \xa0 \xa0계\n909,192\n1,123,793\n(9) 당반기말과 전기말 현재 고객으로부터 예탁받은 예수유가증권은 다음과 같습니다(단위:백만원).\n종목\n당반기말\n전기말\n위탁자유가증권\n25,752,094\n24,536,864\n수익자유가증권\n30,566,390\n30,827,018\n기타예수유가증권\n182,140\n116,800\n합 \xa0 \xa0계\n56,500,624\n55,480,682\n(10) 신용파생상품\n연결실체는 당반기말 현재 신용디폴트스왑(Credit Default Swap) 등 총\xa057건의 신용파생상품계약(보장매수 17건, 액면금액: 9,906억원, 보장매도 40건, 액면금액: 20,645억원)을\xa0체결하고 있으며, 국내외 정부 및 기업 등 관련 신용위험에 대한 파생상품계약으로 구성되어 있습니다. 당해 계약에 따라 연결실체는 특정 신용사건이 발생하는 경우 보장매도 포지션의 액면금액에서 회수율을 차감한 금액에 해당하는 채무를 변제할 의무를 부담하고 있습니다.\r\n(11) 조합 재산의 배분에 관한 손실금충당 약정\n조합은 각 조합 규약에 조합재산의 배분에 관한 손실금충당 약정을 규정하고 있는 바각 조합의 업무집행조합원인 연결실체는 약정에 근거하여 우선적으로 손실금을 충당한 후 출자금을 배분받게 됩니다. 이러한 약정은 조합출자금 평가에 영향을 미치는 바, 청산시 확정될 손실금에 대한 구체적인 손실금충당약정은 조합별로 다음과 같습니다.\n구분\n약정내용\n코에프씨밸류업사모투자전문회사(*1)(*2)\n운영비용 공제후 잔액이 출자금총액에 미달시 25억원 범위내에서 업무집행사원이 우선 손실충당함.\n(*1) 2015년 중 특수관계자인 한화자산운용㈜로 해당 사모투자전문회사는 매각되었으나, 매수자의 요청으로 우선손실 충당금과 관련하여 우리은행 예치금에 질권이 설정되어 있습니다(주석 15 참조).\n(*2) 기 배분된 출자원금이 출자금총액을 초과하여 우선 손실충당의 발생가능성은 없습니다.\n당반기말 현재 위 계약 전체에 대한 최대손실충당금액은 2,500백만원이며, 연결실체는 충당 가능성을 평가하여 2,500백만원을 충당부채로 인식하고 있습니다.\n(12) 당반기말 재무제표 상 회사가 투자한 당기손익-공정가치측정 금융자산 중 젠투파트너스(GEN2 PARTNERS)가 운용하는 펀드는 648억원으로, 코로나19 사태의 영향으로 환매가 일시 중단되었습니다. 다만, 해당 펀드를 기초자산으로 하는 매도파생결합증권부채를 발행하였으며 해당증권의 공정가치가 기초자산과 연계되어 있으므로 당반기말까지의 공정가치 변동이 집합적으로 재무제표에 미치는 영향은 중요하지않습니다.\n(13) 연결실체가 보유하고 있는 일부 당기손익-공정가치측정 금융자산에는 무형자산을 취득할 수 있는 권리가 부여되어 있으나, 추정의 불확실성으로 인해 현재로서는 그 재무적 영향을 합리적으로 예측할 수 없습니다.\n41. 현금흐름 관련 사항\n(1) 당반기 및 전반기 중 영업활동으로 인한 현금흐름의 비용 및 수익 조정내역은 다음과 같습니다 (단위: 백만원).\n구 \xa0 \xa0분\n당반기\n전반기\n보험비용\n4,354,253\n4,010,950\n재보험비용\n379,574\n352,266\n보험금융비용\n2,021,388\n2,346,150\n재보험금융비용\n224\n6,372\n투자계약부채이자비용\n191,550\n183,369\n주식보상비용\n19,204\n6,243\n퇴직급여\n12,713\n11,381\n감가상각비\n40,592\n59,318\n무형자산상각비\n37,016\n31,961\n신용손실충당금전입액\n101,855\n43,725\n금융상품 평가 및 처분손실\n1,075,627\n856,589\n기타포괄손익-공정가치측정금융자산손상차손\n615\n-\n외화환산손실\n119,028\n111,670\n파생상품평가 및 거래손실\n1,318,636\n1,155,398\n이자비용\n250,736\n225,922\n관계기업투자평가손실\n8,944\n11,399\n관계기업투자처분손실\n644\n1,026\n관계기업투자손상차손\n139\n-\n투자부동산 및 유형자산처분손실\n1,805\n174\n무형자산처분손실\n538\n4\n무형자산손상차손\n238\n-\n법인세비용\n191,990\n227,466\n보험수익\n(5,177,182)\n(4,803,849)\n재보험수익\n(263,360)\n(336,577)\n재보험금융수익\n(15,995)\n(7,426)\n이자수익\n(1,800,000)\n(1,823,433)\n배당금수익\n(160,375)\n(132,666)\n신용손실충당금환입\n(2,848)\n(1,477)\n금융상품 평가 및 처분이익\n(1,767,250)\n(1,981,625)\n당기손익-공정가치측정금융상품관련이익\n(350,553)\n(271,306)\n외화환산이익\n(1,255,528)\n(968,904)\n파생상품평가 및 거래이익\n(218,818)\n(333,647)\n관계기업투자평가이익\n(16,014)\n(4,632)\n관계기업투자처분이익\n(71,173)\n(301)\n투자부동산 및 유형자산처분이익\n(8,279)\n(218)\n무형자산처분이익\n(34)\n-\n복구공사이익\n(221)\n-\n\xa0합 \xa0 \xa0계\n(980,321)\n(1,024,678)\n(2) 당반기 및 전반기 중 영업활동으로 인한 자산부채 변동 내역은 다음과 같습니다(단위: 백만원).\n구 \xa0 \xa0분\n당반기\n전반기\n당기손익-공정가치 측정 금융자산의 변동\n813,483\n(816,283)\n기타포괄-공정가치 측정 금융자산의 변동\n77,613\n-\n상각후원가 측정 금융자산의 변동\n278,590\n1,227,986\n파생상품의 변동\n(31,112)\n4,347\n재보험계약자산의 변동\n(85,230)\n48,684\n기타금융자산의 변동\n35,289\n(469,469)\n기타자산의 변동\n(49,358)\n(43,793)\n보험계약부채의 변동\n558,568\n(1,310,652)\n투자계약부채의 변동\n(438,409)\n(463,393)\n당기손익-공정가치 측정 금융부채의 변동\n90,469\n(525,142)\n순확정급여부채의 변동\n974\n881\n충당부채의 변동\n992\n(45,941)\n기타금융부채의 변동\n(244,726)\n780,290\n기타부채의 변동\n15,917\n(49,010)\n\xa0합 \xa0 \xa0계\n1,023,060\n(1,661,495)\n(3) 당반기 및 전반기 중 현금의 유입과 유출이 없는 거래 중 중요한 거래의 내용은 다음과 같습니다(단위: 백만원).\n구 \xa0 \xa0분\n당반기\n전반기\n유형자산의 투자부동산 순대체\n(405,130)\n39,619\n계약자지분조정의 변동\n(21,467)\n(235)\n자본에 부과된 이연법인세의 변동\n(733,220)\n(73,066)\n유형자산재평가이익의 변동\n315\n20,486\n확정급여제도재측정요소의 변동\n(494)\n(2,452)\n기타포괄-공정가치 측정 금융자산평가손익의 변동\n(239,872)\n287,008\n관계기업의 기타포괄손익지분의 변동\n7,249\n9,725\n보험계약순금융손익의 변동\n(2,036,157)\n(286,206)\n재보험계약순금융손익의 변동\n1,978\n493\n위험회피목적파생상품평가손익의 변동\n(137,469)\n(22,793)\n상각후원가측정대출채권및기타금융자산의 제각\n38,568\n10,224\n사용권자산의 변동\n3,726\n9,640\n관계기업투자주식의 기타포괄손익-공정가치측정 금융자산 대체\n205,980\n-\n(4) 당반기 및 전반기 중 재무활동현금흐름에서 발생한 부채의 조정내역은 다음과 같습니다(단위: 백만원).\n1) 당반기\n구 \xa0 \xa0분\n기 \xa0 \xa0초\n재무활동현금흐름\n비현금흐름\n당반기말\n상각\n해외사업환산 등\n차입부채 및 발행사채\n10,982,133\n(524,957)\n572\n83,516\n10,541,264\n리스부채\n186,653\n(27,416)\n6,556\n16,603\n182,396\n기타금융부채\n1,086,013\n(71,068)\n-\n66,949\n1,081,894\n임대보증금\n112,013\n2,894\n60\n-\n114,967\n2) 전반기\n구 \xa0 \xa0분\n기 \xa0 \xa0초\n재무활동현금흐름\n비현금흐름\n전반기말\n상각\n해외사업환산 등\n차입부채 및 발행사채\n9,848,430\n398,474\n8,871\n39,056\n10,294,831\n리스부채\n161,755\n(19,327)\n6,035\n42,843\n191,306\n기타금융부채\n903,333\n(43,675)\n-\n45,542\n905,200\n임대보증금\n123,431\n(3,465)\n23\n(4,248)\n115,741\n42. 비연결구조화기업\n(1) 비연결구조화기업에 대한 지분의 성격과 범위\n연결실체는 구조화금융, 투자펀드 등의 투자를 통해 구조화기업에 관여하고 있으며 동 구조화기업의 주요 특성은 다음과 같습니다.\n자산유동화로 분류되는 비연결구조화기업은 유동화자산을 기초로 자산유동화증권을 발행하고 당해 유동화자산의 관리, 운용 및 처분에 의한 수익이나 차입금 등으로 자산유동화증권의 원리금 또는 배당금을 지급하는 기업입니다. 연결실체는 자산유동화로 분류되는 비연결구조화기업에 대출 등의 형태로 자금을 제공하고 있습니다.\n구조화금융으로 분류되는 비연결구조화기업은 부동산프로젝트파이낸싱투자회사, 사회기반시설사업시행법인, 선박(항공기)금융을 위한 특수목적회사 등이 있습니다.\n구조화금융은 주로 대규모 위험 사업에 대한 자금조달 방법으로써, 사업추진주체의 신용이나 물적담보가 아닌 특정 사업이나 프로젝트 자체의 경제성에 근거하여 해당 기업에 투자가 이루어지고, 사업의 진행에서 발생하는 수익을 투자자들이 취하는 구조입니다. 연결실체는 구조화금융을 위한 구조화기업에 대출, 지분투자 등의 형태로 자금을 제공하고 있습니다.\n투자펀드로 분류되는 비연결구조화기업은 투자신탁, 사모투자전문회사 등이 있습니다. 투자신탁(수익증권)이란 집합투자업자인 위탁자가 신탁업자에게 신탁한 재산을 신탁업자로 하여금 집합투자업자의 지시에 따라 투자하고 운용하게 하는 신탁 형태의 집합투자기구입니다.\n사모투자전문회사(Private Equity Fund : 이하 PEF)란 자본시장통합법에 의한 집합투자기구로서 회사의 재산을 주식 또는 지분 등에 투자하여 경영권 참여, 사업구조 또는 지배구조의 개선 등의 방법으로 투자한 기업의 가치를 높여 그 수익을 사원에게배분하는 것을 목적으로 사모의 방식으로 설립된 상법 상 합자회사입니다. 연결실체는 투자펀드에 대한 투자자로서 지분율에 비례하여 지분투자 평가손익과 배당수익을인식하고 있으며, 해당 투자펀드의 가치 하락시 원금 손실에 노출될 수 있습니다.\n(2) 당반기말 및 전기말 현재 비연결구조화기업의 규모 및 비연결구조화기업에 대한 연결실체의 지분과 이와 관련된 위험의 성격은 다음과 같습니다(단위: 백만원).\n1) 당반기말\n구 \xa0 분\n자산유동화\n구조화금융\n투자펀드\n기타\n합 \xa0계\n비연결구조화기업의 자산총액\n7,686,970\n34,699,248\n6,321,013,828\n2,986,693\n6,366,386,739\n\xa0 비연결구조화기업 관여로 인해 인식한 자산\n\xa0 현금및현금성자산\n-\n-\n-\n-\n-\n\xa0 당기손익-공정가치측정금융자산\n503,019\n27,101\n23,789,068\n163,703\n24,482,891\n\xa0 기타포괄손익-공정가치측정금융자산\n879,559\n1,301,704\n34,994\n-\n2,216,257\n\xa0 상각후원가측정금융자산\n1,132,732\n7,869,607\n-\n-\n9,002,339\n\xa0 관계기업투자\n-\n37,071\n137,128\n84,183\n258,382\n합 \xa0 \xa0계\n2,515,310\n9,235,483\n23,961,190\n247,886\n35,959,869\n2) 전기말\n구 \xa0 분\n자산유동화\n구조화금융\n투자펀드\n기타\n합 \xa0계\n비연결구조화기업의 자산총액\n14,113,319\n90,866,851\n5,861,505,385\n151,110,668\n6,117,596,223\n\xa0 비연결구조화기업 관여로 인해 인식한 자산\n\xa0 현금및현금성자산\n-\n-\n-\n-\n-\n\xa0 당기손익-공정가치측정금융자산\n623,722\n1,225,173\n19,157,678\n2,077,805\n23,084,378\n\xa0 기타포괄손익-공정가치측정금융자산\n872,458\n1,298,419\n41,762\n-\n2,212,639\n\xa0 상각후원가측정금융자산\n2,882,243\n8,221,659\n-\n-\n11,103,902\n\xa0 관계기업투자\n-\n1,608,378\n150,559\n411,952\n2,170,889\n합 \xa0 \xa0계\n4,378,423\n12,353,629\n19,349,999\n2,489,757\n38,571,808\n상기 비연결구조화기업의 관여로 인해 인식한 자산의 출자 및 대출약정에 대한사항은 주석 40번에 기재되어 있습니다.\n43. 부문정보\n(1) 연결실체는 4개의 부문(보험, 증권, 기타금융, 비금융)으로 구성되어 있습니다. 금융부문은 보험 및 자산운용 등의 업무를 수행하며, 비금융부문은 부동산관리, 보험 관련 서비스, 보험대리 및 중개 등의 업무를 영위하고 있습니다.\n(2) 당반기 및 전반기 중 연결실체가 영위하는 영업에 따른 부문별 정보는 다음과 같습니다(단위: 백만원).\n1) 당반기\n구 \xa0 분\n보 \xa0험\n증 \xa0권\n기타금융\n비금융\n연결조정(*)\n합 \xa0 계\n영업수익\n11,196,766\n1,150,627\n109,242\n1,327,217\n(1,241,451)\n12,542,401\n영업비용\n10,390,071\n1,146,273\n67,385\n1,259,601\n(1,101,437)\n11,761,893\n영업이익\n806,695\n4,354\n41,857\n67,616\n(140,014)\n780,508\n영업외수익\n21,699\n81,464\n14,945\n969\n(3,205)\n115,872\n영업외비용\n20,775\n14,741\n2,147\n1,166\n(1,767)\n37,062\n법인세비용차감전순이익\n807,619\n71,077\n54,655\n67,419\n(141,452)\n859,318\n법인세비용\n180,373\n19,686\n10,939\n1,832\n(20,840)\n191,990\n비지배지분반기순이익\n-\n-\n-\n-\n111,915\n111,915\n반기순이익\n627,246\n51,391\n43,716\n65,587\n(232,527)\n555,413\n(*) 연결조정은 보고부문별 내부거래와 미실현손익 제거, 종속기업투자에 대한 투자자본상계금액 등 입니다.\n2) 전반기\n구 \xa0 분\n보 \xa0험\n증 \xa0권\n기타금융\n비금융\n연결조정(*)\n합 \xa0 계\n영업수익\n11,519,870\n1,078,810\n87,752\n998,247\n(1,166,126)\n12,518,553\n영업비용\n10,259,468\n1,024,078\n66,570\n963,458\n(840,907)\n11,472,667\n영업이익\n1,260,402\n54,732\n21,182\n34,789\n(325,219)\n1,045,886\n영업외수익\n12,008\n3,214\n6,039\n1,016\n(5,294)\n16,983\n영업외비용\n7,574\n16,858\n879\n133\n811\n26,255\n법인세비용차감전순이익\n1,264,836\n41,088\n26,342\n35,672\n(331,324)\n1,036,614\n법인세비용\n199,120\n11,394\n4,931\n601\n11,421\n227,467\n비지배지분반기순이익\n-\n-\n-\n-\n86,733\n86,733\n반기순이익\n1,065,716\n29,694\n21,411\n35,071\n(429,478)\n722,414\n(*) 연결조정은 보고부문별 내부거래와 미실현손익 제거, 종속기업투자에 대한 투자자본상계금액 등 입니다.\n(3) 당반기말과 전기말 현재 영업부문별 부문자산 및 부문부채는 다음과 같습니다(단위: 백만원).\n1) 당반기말\n구 \xa0 분\n보 \xa0험\n증 \xa0권\n기타금융\n비금융\n연결조정(*)\n합 \xa0 계\n현금및현금성자산\n1,447,052\n213,749\n253,676\n138,799\n(1,328)\n2,051,948\n금융자산\n126,024,560\n11,785,046\n912,936\n78,173\n(750,582)\n138,050,133\n관계ㆍ공동기업투자\n300,070\n112,257\n28,467\n-\n-\n440,794\n기타\n6,427,016\n870,394\n89,578\n2,421,036\n(916,858)\n8,891,166\n자산총계\n134,198,698\n12,981,446\n1,284,657\n2,638,008\n(1,668,768)\n149,434,041\n보험계약부채 및 재보험계약부채\n107,860,712\n-\n-\n-\n(263,457)\n107,597,255\n기타\n16,626,923\n11,339,816\n227,345\n1,494,191\n(1,505,354)\n28,182,921\n부채총계\n124,487,635\n11,339,816\n227,345\n1,494,191\n(1,768,811)\n135,780,176\n2) 전기말\n구 \xa0 분\n보 \xa0험\n증 \xa0권\n기타금융\n비금융\n연결조정(*)\n합 \xa0 계\n현금및현금성자산\n2,953,922\n167,561\n357,124\n199,934\n(7,622)\n3,670,919\n금융자산\n122,794,802\n11,811,939\n782,039\n82,206\n(849,135)\n134,621,851\n관계ㆍ공동기업투자\n300,263\n264,589\n37,115\n132\n-\n602,099\n기타\n6,461,201\n958,969\n108,709\n2,303,354\n(825,259)\n9,006,974\n자산총계\n132,510,188\n13,203,058\n1,284,987\n2,585,626\n(1,682,016)\n147,901,843\n보험계약부채 및 재보험계약부채\n103,486,066\n-\n-\n-\n(329,461)\n103,156,605\n기타\n17,307,335\n11,642,741\n273,915\n1,487,570\n(1,441,411)\n29,270,150\n부채총계\n120,793,401\n11,642,741\n273,915\n1,487,570\n(1,770,872)\n132,426,755\n(*) 연결조정은 보고부문별 내부거래와 미실현손익 제거, 종속기업투자에 대한 투자자본상계금액 등 입니다.\n(4) 지역에 대한 정보\n외부고객으로부터의 수익과 유형자산, 투자부동산 등의 자산 대부분이 본사 소재지 국가인 대한민국에 귀속되어 지역에 대한 정보를 기재하지 않습니다.\n(5) 당반기 연결실체 영업수익의 10% 이상을 차지하는 단일 외부고객은 없습니다.\n44.\xa0보고기간 후 사건연결실체는 보고기간 후인 2024년 8월 2일 이사회에서 장교동 소재 부동산을 808,000백만원에 종속회사인 한화위탁관리부동산투자회사 주식회사에 매각하기로 결정하였습니다.\r\n']"
