text
"['\nIII. 재무에 관한 사항\n1. 요약재무정보\n\xa0 \xa0 \xa0 \xa0 \xa0 \xa0 \xa0 \xa0 \xa0 \xa0 \xa0 \xa0 \xa0 \xa0 \xa0 \xa0 \xa0 \xa0 \xa0 \xa0 \xa0 \xa0 \xa0 \xa0 \xa0 \xa0 \xa0 \xa0 \xa0 \xa0 \xa0 \xa0 \xa0 \xa0 \xa0 \xa0 \xa0 \xa0 \xa0 \xa0 \xa0 \xa0 \xa0 \xa0 \xa0 \xa0 \xa0 \xa0 \xa0 \xa0[단위:백만원]\n\xa0 \xa0 \xa0 \xa0 \xa0 \xa0 \xa0 \xa0 \xa0 사업연도구 분\n제57기\n(2022년 09월말)\n제56기\n(2021년 12월말)\n제55기\n(2020년 12월말)\n\xa0[유동자산]\n86,226\xa0\n84,581\xa0\n105,025\xa0\n\xa0 ㆍ당좌자산\n48,902\xa0\n30,639\xa0\n83,492\xa0\n\xa0 ㆍ재고자산\n37,324\xa0\n53,942\xa0\n21,533\xa0\n\xa0[비유동자산]\n362,163\xa0\n356,330\xa0\n238,137\xa0\n\xa0 ㆍ투자자산\n339,400\xa0\n337,063\xa0\n217,298\xa0\n\xa0 ㆍ유형자산\n18,991\xa0\n19,259\xa0\n20,562\xa0\n\xa0 ㆍ무형자산\n6\xa0\n6\xa0\n7\xa0\n\xa0 ㆍ기타비유동자산\n3,766\xa0\n2\xa0\n270\xa0\n자산총계\n448,389\xa0\n440,911\xa0\n343,162\xa0\n\xa0[유동부채]\n10,867\xa0\n12,489\xa0\n12,364\xa0\n\xa0[비유동부채]\n56,444\xa0\n51,440\xa0\n15,921\xa0\n부채총계\n67,311\xa0\n63,929\xa0\n28,285\xa0\n\xa0[자본금]\n34,246\xa0\n34,246\xa0\n34,246\xa0\n\xa0[자본잉여금]\n11,749\xa0\n11,749\xa0\n11,749\xa0\n\xa0[자본조정]\n(19,070)\n(19,070)\n(19,070)\n\xa0[기타포괄손익누계액]\n107,801\xa0\n108,256\xa0\n56,338\xa0\n\xa0[이익잉여금]\n246,352\xa0\n241,801\xa0\n231,614\xa0\n자본총계\n381,078\xa0\n376,982\xa0\n314,877\xa0\n종속·관계·공동기업 투자주식의 평가방법\n원가법\n원가법\n원가법\n구분\n(2022.1.1.~2022.9.30.)\n(2021.1.1.~2021.12.31.)\n(2020.1.1.~2020.12.31.)\n\xa0매출액\n84,078\xa0\n104,249\xa0\n97,316\xa0\n\xa0영업이익(영업손실)\n(1,406)\n10,948\xa0\n15,117\xa0\n\xa0당기순이익(당기순손실)\n3,574\xa0\n11,204\xa0\n19,654\xa0\n\xa0주당순이익(주당순손실)\n1,006\xa0\n3,153\xa0\n5,532\xa0\n2. 연결재무제표\n해당사항없음.\n3. 연결재무제표 주석\n해당사항없음.\n4. 재무제표\n재무상태표\n제 57 기 3분기말 2022.09.30 현재\n제 56 기말 \xa0 \xa0 \xa0 \xa0 \xa02021.12.31 현재\n(단위 : 원)\n\u3000\n제 57 기 3분기말\n제 56 기말\n자산\n\u3000\n\u3000\n\u3000자산총계\n448,388,958,573\n440,910,559,774\n\u3000유동자산\n86,225,878,957\n84,580,230,235\n\u3000\u3000현금및현금성자산\n17,613,930,687\n7,697,395,516\n\u3000\u3000유동단기매매금융자산\n894,886,049\n\u3000\n\u3000\u3000매출채권 및 기타유동채권\n30,116,032,898\n19,892,046,085\n\u3000\u3000기타유동금융자산\n\u3000\n3,021,868,494\n\u3000\u3000재고자산\n37,323,915,164\n53,941,645,809\n\u3000\u3000기타유동자산\n277,114,159\n27,274,331\n\u3000비유동자산\n362,163,079,616\n356,330,329,539\n\u3000\u3000기타포괄손익-공정가치금융자산\n268,312,977,609\n265,801,450,032\n\u3000\u3000기타비유동금융자산\n3,823,054,563\n78,758,350\n\u3000\u3000유형자산\n18,990,698,289\n19,258,954,098\n\u3000\u3000투자부동산\n71,030,760,785\n71,184,754,199\n\u3000\u3000영업권 이외의 무형자산\n5,588,370\n6,412,860\n부채\n\u3000\n\u3000\n\u3000부채총계\n67,310,569,911\n63,928,944,319\n\u3000유동부채\n10,866,686,083\n12,488,603,080\n\u3000\u3000매입채무 및 기타유동채무\n5,830,731,176\n4,953,261,602\n\u3000\u3000단기차입금\n1,517,799,923\n725,932,544\n\u3000\u3000기타유동금융부채\n2,308,929,725\n2,134,656,697\n\u3000\u3000당기법인세부채\n\u3000\n3,651,072,339\n\u3000\u3000유동충당부채\n976,420,945\n787,713,232\n\u3000\u3000기타유동부채\n232,804,314\n235,966,666\n\u3000비유동부채\n56,443,883,828\n51,440,341,239\n\u3000\u3000장기차입금\n25,109,000,000\n20,746,250,000\n\u3000\u3000기타비유동금융부채\n44,294,816\n583,744,044\n\u3000\u3000기타비유동부채\n930,000,000\n940,000,000\n\u3000\u3000이연법인세부채\n30,360,589,012\n29,170,347,195\n자본\n\u3000\n\u3000\n\u3000자본총계\n381,078,388,662\n376,981,615,455\n\u3000자본금\n34,245,690,000\n34,245,690,000\n\u3000자본잉여금\n11,749,314,595\n11,749,314,595\n\u3000기타자본구성요소\n(19,069,817,583)\n(19,069,817,583)\n\u3000기타포괄손익누계액\n107,800,701,892\n108,256,379,174\n\u3000이익잉여금(결손금)\n246,352,499,758\n241,800,049,269\n자본과부채총계\n448,388,958,573\n440,910,559,774\n포괄손익계산서\n제 57 기 3분기 2022.01.01 부터 2022.09.30 까지\n제 56 기 3분기 2021.01.01 부터 2021.09.30 까지\n(단위 : 원)\n\u3000\n제 57 기 3분기\n제 56 기 3분기\n3개월\n누적\n3개월\n누적\n수익(매출액)\n33,578,054,511\n84,077,553,219\n28,769,950,412\n81,522,364,943\n매출원가\n30,605,070,753\n78,901,470,588\n22,562,273,091\n61,986,217,277\n매출총이익\n2,972,983,758\n5,176,082,631\n6,207,677,321\n19,536,147,666\n판매비와관리비\n3,430,674,397\n6,581,712,776\n3,156,714,688\n8,746,167,002\n영업이익(손실)\n(457,690,639)\n(1,405,630,145)\n3,050,962,633\n10,789,980,664\n기타이익\n1,239,190,640\n2,866,729,693\n565,727,455\n2,060,964,863\n기타손실\n2,520,931,779\n4,466,370,479\n(11,352,284)\n107,456,749\n금융수익\n2,642,548,569\n5,069,345,094\n206,039,830\n1,236,801,638\n금융원가\n78,829,001\n153,142,732\n14,346,038\n22,554,598\n법인세비용차감전순이익(손실)\n824,287,790\n1,910,931,431\n3,819,736,164\n13,957,735,818\n법인세비용\n134,260,430\n(1,663,509,560)\n889,676,349\n3,186,184,714\n당기순이익(손실)\n690,027,360\n3,574,440,991\n2,930,059,815\n10,771,551,104\n기타포괄손익\n14,875,321,907\n1,523,675,212\n2,365,050,676\n31,721,226,800\n\u3000당기손익으로 재분류되지 않는항목(세후기타포괄손익)\n14,875,321,907\n1,523,675,212\n2,365,050,676\n31,721,226,800\n\u3000\u3000기타포괄손익-공정가치금융자산평가손익\n19,070,925,522\n1,953,429,759\n3,032,116,250\n40,668,239,487\n\u3000\u3000법인세효과\n(4,195,603,615)\n(429,754,547)\n(667,065,574)\n(8,947,012,687)\n총포괄손익\n15,565,349,267\n5,098,116,203\n5,295,110,491\n42,492,777,904\n주당이익\n\u3000\n\u3000\n\u3000\n\u3000\n\u3000기본주당이익(손실) (단위 : 원)\n194\n1,006\n825\n3,032\n자본변동표\n제 57 기 3분기 2022.01.01 부터 2022.09.30 까지\n제 56 기 3분기 2021.01.01 부터 2021.09.30 까지\n(단위 : 원)\n\u3000\n자본\n자본금\n자본잉여금\n기타자본구성요소\n기타포괄손익누계액\n이익잉여금\n자본 \xa0합계\n2021.01.01 (기초자본)\n34,245,690,000\n11,749,314,595\n(19,069,817,583)\n56,337,889,681\n231,613,580,896\n314,876,657,589\n당기순이익(손실)\n\u3000\n\u3000\n\u3000\n\u3000\n10,771,551,104\n10,771,551,104\n기타포괄손익\n기타포괄손익-공정가치금융자산손익\n\u3000\n\u3000\n\u3000\n31,721,226,800\n\u3000\n31,721,226,800\n배당금지급\n\u3000\n\u3000\n\u3000\n\u3000\n(1,065,876,900)\n(1,065,876,900)\n자기주식 거래로 인한 증감\n\u3000\n\u3000\n\u3000\n\u3000\n\u3000\n\u3000\n2021.09.30 (기말자본)\n34,245,690,000\n11,749,314,595\n(19,069,817,583)\n88,059,116,481\n241,319,255,100\n356,303,558,593\n2022.01.01 (기초자본)\n34,245,690,000\n11,749,314,595\n(19,069,817,583)\n108,256,379,174\n241,800,049,269\n376,981,615,455\n당기순이익(손실)\n\u3000\n\u3000\n\u3000\n\u3000\n3,574,440,991\n3,574,440,991\n기타포괄손익\n기타포괄손익-공정가치금융자산손익\n\u3000\n\u3000\n\u3000\n(455,677,282)\n2,043,886,398\n1,588,209,116\n배당금지급\n\u3000\n\u3000\n\u3000\n\u3000\n(1,065,876,900)\n(1,065,876,900)\n자기주식 거래로 인한 증감\n\u3000\n\u3000\n\u3000\n\u3000\n\u3000\n\u3000\n2022.09.30 (기말자본)\n34,245,690,000\n11,749,314,595\n(19,069,817,583)\n107,800,701,892\n246,352,499,758\n381,078,388,662\n현금흐름표\n제 57 기 3분기 2022.01.01 부터 2022.09.30 까지\n제 56 기 3분기 2021.01.01 부터 2021.09.30 까지\n(단위 : 원)\n\u3000\n제 57 기 3분기\n제 56 기 3분기\n영업활동현금흐름\n9,102,000,772\n(16,035,522,522)\n\u3000당기순이익(손실)\n3,574,440,991\n10,771,551,104\n\u3000당기순이익조정을 위한 가감\n(698,400,811)\n4,048,369,055\n\u3000\u3000법인세비용\n(1,663,509,560)\n3,186,184,714\n\u3000\u3000이자비용\n47,822,124\n22,554,598\n\u3000\u3000판매보증비\n188,707,713\n234,380,237\n\u3000\u3000감가상각비\n1,817,340,436\n1,936,701,967\n\u3000\u3000무형자산상각비\n824,490\n824,490\n\u3000\u3000외화환산손실\n4,362,750,000\n3,903,501\n\u3000\u3000유형자산처분손실\n4,000\n1,000\n\u3000\u3000퇴직급여\n71,714,079\n75,626,829\n\u3000\u3000이자수익\n(62,536,091)\n(139,989,615)\n\u3000\u3000배당금수익\n(1,246,542,100)\n(1,096,812,023)\n\u3000\u3000외화환산이익\n(476,910,671)\n(86,350,339)\n\u3000\u3000재고자산평가손실\n(10,466,774)\n(45,267,304)\n\u3000\u3000유형자산처분이익\n\u3000\n(43,389,000)\n\u3000\u3000당기손익인식금융자산평가손실\n105,320,608\n\u3000\n\u3000\u3000파생금융부채평가이익\n(3,832,919,065)\n\u3000\n\u3000영업활동으로인한자산ㆍ부채의변동\n7,517,721,463\n(25,504,472,628)\n\u3000\u3000매출채권의 감소(증가)\n(10,298,888,995)\n(2,847,634,101)\n\u3000\u3000매출채권 및 기타채권의 감소(증가)\n235,558,227\n(302,699,510)\n\u3000\u3000기타유동자산의 감소(증가)\n(249,839,828)\n30,848,790\n\u3000\u3000재고자산의 감소(증가)\n16,844,426,822\n(23,776,090,654)\n\u3000\u3000매입채무의 증가(감소)\n(498,868,543)\n1,602,733,532\n\u3000\u3000미지급금의 증가(감소)\n1,376,338,117\n(450,522,646)\n\u3000\u3000기타금융부채의 증가(감소)\n177,009,095\n(171,998,216)\n\u3000\u3000기타유동부채의 증가(감소)\n(5,998,432)\n21,390,177\n\u3000\u3000기타비유동금융부채의 증가(감소)\n(10,000,000)\n440,000,000\n\u3000\u3000사외적립자산의공정가치의 감소(증가)\n(52,015,000)\n(50,500,000)\n\u3000이자지급(영업)\n(46,483,491)\n(21,238,713)\n\u3000법인세납부(환급)\n(1,245,277,380)\n(5,329,731,340)\n투자활동현금흐름\n772,289,294\n(21,257,415,634)\n\u3000이자수취\n80,086,620\n115,842,721\n\u3000배당금수취\n1,246,542,100\n1,096,812,023\n\u3000유형자산의 처분\n\u3000\n43,400,000\n\u3000기타포괄-공정가치 금융자산의 처분\n4,925,624,228\n11,516,260,893\n\u3000기타금융자산의 처분\n3,432,828,601\n6,877,503,681\n\u3000유형자산의 취득\n(1,583,180,726)\n(27,369,463,330)\n\u3000기타포괄-공정가치 금융자산의 취득\n(5,400,986,271)\n(9,456,541,941)\n\u3000기타금융자산의 취득\n(928,418,601)\n(4,081,229,681)\n\u3000당기손익인식금융자산의 취득\n(1,000,206,657)\n\u3000\n재무활동현금흐름\n(274,009,521)\n(590,479,810)\n\u3000배당금지급\n(1,065,876,900)\n(1,065,876,900)\n\u3000단기차입금의 증가\n791,867,379\n\u3000\n\u3000단기차입금의 상환\n\u3000\n475,397,090\n환율변동효과 반영전 현금및현금성자산의 순증가(감소)\n9,600,280,545\n(37,883,417,966)\n기초현금및현금성자산\n7,697,395,516\n53,960,847,525\n현금및현금성자산에 대한 환율변동효과\n316,254,626\n30,375,320\n기말현금및현금성자산\n17,613,930,687\n16,107,804,879\n5. 재무제표 주석\n1. 회사의 개요조광피혁주식회사(이하 ""당사"")는 1966년 8월에 설립되어 1977년 5월에 주식을 한국증권선물거래소에 상장하였으며, 충청북도 청주시에 본사 및 공장을 두고 피혁원단의 제조ㆍ판매업을 영위하고 있습니다.당사는 설립 후 수차례의 증자와 감자를 거쳐 2022년 9월 30일 현재 납입자본금은 34,245,690천원이며 주요 주주현황은 다음과 같습니다.\r\n주 \xa0 주\n소유주식수(주)\n지분율\n지길순\xa0\n639,541\n9.62%\n이연석\n996,159\n14.98%\n이홍석\n378,245\n5.69%\n이 재무제표는 한국채택국제회계기준에 따라 작성되었습니다.\n2. 중요한 회계정책2.1 재무제표 작성기준\n당사의 2022년 9월 30일로 종료하는 3개월 및 6개월 보고기간에 대한 분기재무제표는 기업회계기준서 제1034호 ""중간재무보고""에 따라 작성되었습니다. 이 분기재무제표는 보고기간말인 2022년 9월 30일 현재 유효한 한국채택국제회계기준에 따라 작성되었습니다.\n2.1.1 당사가 채택한 제ㆍ개정 기준서\n당사는 2022년 1월 1일로 개시하는 회계기간부터 다음의 제ㆍ개정 기준서 및 해석서를 신규로 적용하였습니다.\n(1) 기업회계기준서 제 1116호 \'리스\' 개정 - 2021년 6월 30일 후에도 제공되는 코로나19 관련 임차료 할인 등코로나19의 직접적인 결과로 발생한 임차료 할인 등이 리스변경에 해당하는지 평가하지 않을 수 있도록 하는 실무적 간편법의 적용대상이 2022년 6월 30일 이전에 지급하여야 할 리스료에 영향을 미치는 리스료 감면으로 확대되었습니다. 리스이용자는 비슷한 상황에서 특성이 비슷한 계약에 실무적 간편법을 일관되게 적용해야 합니다. 해당 기준서의 개정이 재무제표에 미치는 중요한 영향은 없습니다.\n(2) 기업회계기준서 제1103호 \'사업결합\' 개정 - 개념체계의 인용\n사업결합 시 인식할 자산과 부채의 정의를 개정된 재무보고를 위한 개념체계를 참조하도록 개정되었으나, 기업회계기준서 제1037호 \'충당부채, 우발부채 및 우발자산\' 및 해석서 제2121호 \'부담금\'의 적용범위에 포함되는 부채 및 우발부채에 대해서는 해당 기준서를 적용하도록 예외를 추가하고, 우발자산이 취득일에 인식되지 않는다는 점을 명확히 하였습니다. 해당 기준서의 개정이 재무제표에 미치는 중요한 영향은없습니다.\n(3) 기업회계기준서 제1016호 \'유형자산\' 개정 - 의도한 사용 전의 매각금액\n기업이 자산을 의도한 방식으로 사용하기 전에 생산된 품목의 판매에서 발생하는 수익을 생산원가와 함께 당기손익으로 인식하도록 요구하며, 유형자산의 취득원가에서차감하는 것을 금지하고 있습니다. 해당 기준서의 개정이 재무제표에 미치는 중요한 영향은 없습니다.\n(4) 기업회계기준서 제1037호 \'충당부채, 우발부채 및 우발자산\' 개정 - 손실부담계약: 계약이행원가\n손실부담계약을 식별할 때 계약이행원가의 범위를 계약 이행을 위한 증분원가와 계약 이행에 직접 관련되는 다른 원가의 배분이라는 점을 명확히 하였습니다. 해당 기준서의 개정이 재무제표에 미치는 중요한 영향은 없습니다.\n(5) 한국채택국제회계기준 연차개선 2018-2020\n한국채택국제회계기준 연차개선 2018-2020은 2022년 1월 1일 이후 시작하는 회계연도부터 적용되며, 조기적용이 허용됩니다. 해당 기준서의 개정이 재무제표에 미치는 중요한 영향은 없습니다.\n·기업회계기준서 제1101호 \'한국채택국제회계기준의 최초 채택\' : 최초채택기업인 종속기업\n·기업회계기준서 제1109호 \'금융상품\' : 금융부채 제거 목적의 10% 테스트 관련 수수료\n·기업회계기준서 제1041호 \'농림어업\' : 공정가치 측정2.1.2 당사가 적용하지 않은 제ㆍ개정 기준서 및 해석서제정 또는 공표되었으나 시행일이 도래하지 않아 당사가 조기 적용하지 아니한 제개정 기준서 및 해석서는 다음과 같습니다.\n(1) 기업회계기준서 제1001호 \'재무제표 표시\' 개정 - 부채의 유동/비유동 분류\n\xa0\n보고기간말 현재 존재하는 실질적인 권리에 따라 유동 또는 비유동으로 분류되며, 부채의 결제를 연기할 수 있는 권리의 행사가능성이나 경영진의 기대는 고려하지 않습니다. 또한, 부채의 결제에 자기지분상품의 이전도 포함되나, 복합금융상품에서 자기지분상품으로 결제하는 옵션이 지분상품의 정의를 충족하여 부채와 분리하여 인식된경우는 제외됩니다. 동 개정사항은 2023년 1월 1일 이후 시작하는 회계연도부터 적용하며, 조기적용이 허용됩니다. 당사는 동 개정으로 인한 재무제표의 영향을 검토 중에 있습니다.\n(2) 기업회계기준서 제1001호 \'재무제표 표시\' - \'회계정책\'의 공시\n\xa0\n중요한 회계정책을 정의하고 공시하도록 하며, 중요성 개념을 적용하는 방법에 대한 지침을 제공하기 위하여 국제회계기준 실무서 2 \'회계정책 공시\'를 개정하였습니다. 동 개정 사항은 2023년 1월 1일 이후 최초로 시작하는 회계연도부터 적용되며 조기적용이 허용됩니다. 당사는 동 개정으로 인한 재무제표의 영향을 검토 중에 있습니다.(3) \xa0 기업회계기준서 제1008호 \'회계정책, 회계추정의 변경 및 오류\' - \'회계추정\'의 정의\n\xa0\n회계추정을 정의하고, 회계정책의 변경과 구별하는 방법을 명확히 하였습니다. 동 개정 사항은 2023년 1월 1일 이후 최초로 시작하는 회계연도부터 적용되며 조기적용이허용됩니다. 당사는 동 개정으로 인해 재무제표에 중요한 영향은 없을 것으로 예상하고 있습니다.\n(4) 기업회계기준서 제1012호 \'법인세\' - \xa0단일거래에서 생기는 자산과 부채에 대한 이연법인세 \n자산 또는 부채가 최초로 인식되는 거래의 최초 인식 예외 요건에 거래시점 동일한 가산할 일시적차이와 차감할 일시적차이를 발생시키지 않는 거래라는 요건을 추가하였습니다. 동 개정사항은 2023년 1월 1일 이후 시작하는 회계연도부터 적용하며, 조기적용이 허용됩니다. 당사는 동 개정으로 인해 재무제표에 중요한 영향은 없을 것으로 예상하고 있습니다.\n2.2 회계정책중간재무제표의 작성에 적용된 유의적 회계정책과 계산방법은 주석 2.1에서 설명하는 제ㆍ개정 기준서의 적용으로 인한 변경 및 아래 문단에서 설명하는 사항을 제외하고는 전기 재무제표 작성에 적용된 회계정책이나 계산방법과 동일합니다.2.2.1 법인세비용중간기간의 법인세비용은 전체 회계연도에 대해서 예상되는 최선의 가중평균연간법인세율, 즉 추정평균연간유효법인세율을 중간기간의 세전이익에 적용하여 계산합니다. \n3. 중요한 회계추정 및 가정\n당사는 미래에 대하여 추정 및 가정을 하고 있습니다. 추정 및 가정은 지속적으로 평가되며, 과거 경험과 현재의 상황에서 합리적으로 예측가능한 미래의 사건과 같은 다른 요소들을 고려하여 이루어집니다. 이러한 회계추정은 실제 결과와 다를 수도 있습니다.\nCOVID-19의 확산은 국내외 경제에 중대한 영향을 미치고 있습니다. 이는 생산성 저하와 매출의 감소나 지연, 기존 채권의 회수 등에 부정적인 영향을 미칠 수 있습니다. 이로 인해 회사의 재무상태와 재무성과에도 부정적인 영향이 발생할 수 있으며, 이러한 영향은 2022년 연차재무제표에도 지속될 것으로 예상됩니다.\n중간기간의 재무제표 작성시 사용된 중요한 회계추정 및 가정은 COVID-19에 따른 불확실성의 변동에 따라 조정될 수 있으며, COVID-19로 인하여 회사의 사업, 재무상태 및 경영성과 등에 미칠 궁극적인 영향은 현재 예측할 수 없습니다.\n분기재무제표 작성시 사용된 중요한 회계추정 및 가정은 법인세비용을 결정하는데 사용된 추정의 방법을 제외하고는 전기 재무제표 작성시 적용된 회계추정 및 가정과 동일합니다.\n4. 금융위험관리금융상품과 관련하여 당사는 신용위험, 유동성위험 및 시장위험에 노출되어 있습니다. 본 주석은 당사가 노출되어 있는 위의 위험에 대한 정보와 당사의 위험관리목표, 정책, 위험 평가 및 관리 절차, 그리고 자본관리에 대해 공시하고 있습니다.\r\n(1) 신용위험\n신용위험이란 고객이나 거래상대방이 금융상품에 대한 계약상의 의무를 이행하지 않아 당사가 재무손실을 입을 위험을 의미합니다. 당사는 이러한 신용위험을 관리하기 위하여 거래상대방의 재무상태와 신용등급 및 기타사항 등을 파악하여 주기적으로 거래위험을 평가하고 있으며, 최초거래 및 기중거래시에도 각각의 거래처별 거래한도액을 시스템화하여 설정, 관리하고 있습니다. 이에 따른 신용위험은 크게 발생하지 않습니다. \n또한, 당사는 금융회사에 현금및현금성자산 및 단기금융상품 등을 예치하고 있으며, 당사가 체결하는 금융계약은 내부승인절차를 거친 후 신용등급이 우수한 금융기관을이용하여 거래하고 있고, 이에 따른 금융기관으로부터의 신용위험은 제한적입니다.\n① 금융자산의 연체 및 손상에 대한 신용위험 노출당분기말과 전기말 현재 금융자산의 연체 및 손상 여부에 따른 구성내역은 다음과 같습니다.\xa0\n(단위:천원)\n구 \xa0 분\n당분기말\n연체 및 손상되지 않은 금융자산\n연체되었으나 손상되지 않은 금융자산\n손상된 금융자산\n합 \xa0계\n매출채권및기타채권(*)\n30,116,033\n-\n42,237\n30,158,270\n보증금\n474,210\n-\n-\n474,210\n합 \xa0계\n30,590,243\n-\n42,237\n30,632,480\n(단위:천원)\n구 \xa0 분\n전기말\n연체 및 손상되지 않은 금융자산\n연체되었으나 손상되지 않은 금융자산\n손상된 금융자산\n합 \xa0계\n매출채권및기타채권(*)\n19,892,047\n-\n42,237\n19,934,284\n단기금융상품\n3,000,000\n-\n-\n3,000,000\n미수수익\n21,868\n-\n-\n21,868\n보증금\n2,446\n-\n-\n2,446\n합 \xa0계\n22,916,361\n-\n42,237\n22,958,598\n(2) 유동성위험\xa0\n유동성위험이란 당사가 금융부채에 관련된 의무를 충족하는데 어려움을 겪게 될 위험을 의미합니다. 단기 및 중장기 자금관리계획을 수립하고 현금유출예산과 실제 현금유출액을 지속적으로 분석, 검토하여 금융자산과 금융부채의 만기구조를 대응시키면서 유동성위험을 관리하고 있습니다.\n당분기말과 전기말 현재 비파생금융부채의 계약에 따른 만기분석은 다음과 같습니다. 만기 분석은 할인하지 않은 현금흐름을 기초로 작성되며, 원금 및 이자의 현금흐름을 포함하고 있습니다.\n(단위:천원)\n구 \xa0 분\n당분기말\n장부금액\n1년 이내\n1년 이후\n합 \xa0계\n매입채무및기타채무\n5,830,731\n5,830,731\n-\n5,830,731\n단기차입금\n1,517,800\n1,517,800\n-\n1,517,800\n리스부채\n47,871\n5,270\n52,839\n58,109\n미지급비용\n710,394\n710,394\n-\n710,394\n예수보증금\n2,415,808\n1,597,795\n930,000\n2,527,795\n장기차입금\n25,109,000\n458,239\n25,579,794\n26,038,033\n합 \xa0계\n35,631,604\n10,120,229\n26,562,633\n36,682,862\n(단위:천원)\n구 \xa0 분\n전기말\n장부금액\n1년 이내\n1년 이후\n합 \xa0계\n매입채무및기타채무\n4,953,262\n4,953,262\n-\n4,953,262\n단기차입금\n725,933\n725,933\n-\n725,933\n리스부채\n46,533\n5,270\n52,835\n58,105\n미지급비용\n589,180\n589,180\n-\n589,180\n예수보증금\n2,359,308\n1,542,000\n940,000\n2,482,000\n장기차입금\n20,746,250\n493,948\n21,916,543\n22,410,491\n합 \xa0계\n29,420,466\n8,309,593\n22,909,378\n31,218,971\n(3) 시장위험\n시장위험이란 시장가격의 변동으로 인하여 금융상품의 공정가치나 미래현금흐름이 변동할 위험을 의미합니다. 시장가격 관리의 목적은 수익은 최적화하는 반면 수용가능한 한계 이내로 시장위험 노출을 관리 및 통제하는 것입니다.\n① 이자율위험당분기말과 전기말 현재 당사가 보유하고 있는 이자부 금융상품의 장부금액은 다음과 같습니다.\n(단위:천원)\n구 \xa0 분\n당분기말\n전기말\n고정이자율:\n\u3000\n단기금융상품\n-\n3,000,000\n단기차입금(차감)\n(1,517,800)\n(725,933)\n장기차입금(차감)\n(25,109,000)\n(20,746,250)\n합 \xa0계\n(26,626,800)\n(18,472,183)\n당사는 유동자금을 대부분 3개월 이내 및 1년 이내의 고정금리 단기성예금에 예치하고 있으며, 차입금 또한 고정금리에 차입을 하고 있으므로 이자율 변동에 영향을 받지 않습니다. 이에 따라 당사의 경영진은 이자율변동이 금융자산 및 부채의공정가치 또는 미래현금흐름에 미치는 영향이 중요하지 않다고 판단하고 있습니다.\n② 환위험단기차입금(usance)상환기일과 외화대금회수기일을 고려하여 외화거래를 운영하고 있기 때문에 환율에 따른 위험을 최소화하고 있습니다. 당사는 경상거래와 관련이 없는 외환거래를 금지하고 있으며, 환위험을 주기적으로 모니터링, 평가 및 관리하고 있습니다.\n당분기말과 전기말 현재 기능통화 이외의 외화로 표시된 화폐성자산 및 부채의 장부금액은 다음과 같습니다.\n(단위:천원)\n구 \xa0 분\n당분기말\n전기말\nUSD\nEUR\nUSD\nEUR\n외화자산:\n현금및현금성자산\n4,108,612\n507,057\n468,046\n287,359\n매출채권\n4,886,119\n1,102,552\n2,433,998\n2,202,118\n외화자산 합계\n8,994,731\n1,609,609\n2,902,044\n2,489,477\n외화부채:\n매입채무\n1,609,300\n-\n2,179,518\n-\n단기차입금\n1,517,800\n-\n725,933\n-\n장기차입금\n25,109,000\n-\n20,746,250\n-\n외화부채 합계\n28,236,100\n-\n23,651,701\n-\n당분기말과 전기말 현재 다른 변수가 모두 동일하다고 가정할 경우, 각 외화에 대한 기능통화의 환율 10% 변동시 세전손익에 미치는 영향은 다음과 같습니다.\n(단위:천원)\n구 \xa0 분\n당분기\n전기\n10%상승시\n10%하락시\n10%상승시\n10%하락시\nUSD\n(1,924,137)\n1,924,137\n(2,074,966)\n2,074,966\nEUR\n160,961\n(160,961)\n248,948\n(248,948)\n합 \xa0계\n(1,763,176)\n1,763,176\n(1,826,018)\n1,826,018\n상기 민감도분석은 보고기간말 현재 기능통화 이외의 외화로 표시된 화폐성자산 및 부채를 대상으로 하였습니다.\n③ 주가변동위험당사는 자금운영의 방안으로 상장주식에 투자하고 있습니다. 주가변동에 대한 위험을 줄이기 위해 정기적으로 투자종목에 대한 주가를 모니터링하고 있으며, 투자종목에 대한 정기적인 회의를 통해 주가변동위험을 통제하고 있습니다.\nKOSPI 주가지수의 상승 또는 하락 및 비상장주식의 관련 가격의 상승 또는 하락이 당사의 기타포괄손익(세전)에 미치는 영향은 아래 표와 같습니다. 이 분석은 다른 변수들은 일정하며 당사가 보유하고 있는 상장주식은 과거 해당 지수와의 상관관계에 따라 움직인다는 가정하에 주가지수가 10% 변동하는 경우를 분석하였고, 비상장주식은 주식가격이 일정하게 10% 변동하는 경우를 가정하여 분석한 것입니다.\n(단위:천원)\n지수\n당분기\n전기\n10%상승시\n10%하락시\n10%상승시\n10%하락시\nKOSPI\n2,201,619\n(2,201,619)\n2,589,157\n(2,589,157)\nNYSE 등\n24,635,167\n(24,635,167)\n23,906,988\n(23,906,988)\n비상장주식\n84,000\n(84,000)\n84,000\n(84,000)\n합계\n26,920,786\n(26,920,786)\n26,580,145\n(26,580,145)\n(4) 자본관리\n당사의 자본관리는 건전한 자본구조의 유지를 통한 주주이익의 극대화를 목적으로 하고 있으며, 최적 자본구조 달성을 위해 부채비율, 순차입금비율 등의 재무비율을 매월 모니터링하여 필요할 경우 적절한 재무구조 개선방안을 실행하고 있습니다.\n보고기간말 현재의 부채비율, 순차입금비율은 다음과 같습니다.\n(단위:천원)\n구 \xa0 분\n당분기말\n전기말\n부채(A)\n67,310,570\n63,928,944\n자본(B)\n381,078,389\n376,981,615\n예금(C)\n17,612,267\n7,697,206\n차입금(D)\n26,626,800\n21,472,183\n부채비율(A/B)\n17.66%\n16.96%\n순차입금비율((D-C)/B)\n2.37%\n3.65%\n5. 매출채권및기타채권당분기말과 전기말 현재 매출채권및기타채권의 상세 내역은 다음과 같습니다.\n(단위:천원)\n구 \xa0 분\n당분기말\n전기말\n매출채권\n30,028,542\n19,568,997\n미수금\n129,729\n365,286\n대손충당금\n(42,237)\n(42,237)\n합 \xa0계\n30,116,034\n19,892,046\n당사의 매출채권및기타채권은 단기수취채권으로서 장부금액과 공정가치의 차이가 중요하지 아니하므로 원가로 측정하였습니다.\n당분기말과 전기말 현재 당사의 매출채권 중 금융기관에 매각되었으나 상환청구권이존재하고 있어 단기차입금으로 계상된 금액은 각각 1,517,800천원 및 725,933천원입니다. 이와 관련하여 해당 채권에 대한 거래처가 만기일에 금융기관에 판매대금을 지급하지 못하는 경우, 당사는 해당 금액에 대하여 환매의무를 부담하고 있습니다.\n6. 금융상품의 구분 및 공정가치(1) 당분기말과 전기말 \xa0현재 금융자산의 장부금액과 공정가치는 다음과 같습니다.\n(단위:천원)\n금융자산 범주\n내 \xa0역\n당분기말\n전기말\n장부금액\n공정가치\n장부금액\n공정가치\n현금및현금성자산\n현금및현금성자산\n17,613,931\n17,613,931\n7,697,396\n7,697,396\n상각후 원가 금융자산\n매출채권및기타채권\n30,116,034\n30,116,034\n19,892,046\n19,892,046\n기타금융자산\n530,823\n530,823\n3,100,627\n3,100,627\n소 \xa0 \xa0 계\n30,646,857\n30,646,857\n22,992,673\n22,992,673\n당기손익인식금융자산\n투자일임계약자산\n894,886\n894,886\n-\n-\n파생상품자산\n3,292,231\n3,292,231\n-\n-\n소 \xa0 \xa0계\n4,187,117\n4,187,117\n-\n-\n기타포괄-공정가치 측정 금융자산\n시장성 있는 지분증권\n267,472,978\n267,472,978\n264,961,450\n264,961,450\n시장성 없는 지분증권\n840,000\n840,000\n840,000\n840,000\n소 \xa0 \xa0계\n268,312,978\n268,312,978\n265,801,450\n265,801,450\n금융자산 합계\n320,760,883\n320,760,883\n296,491,519\n296,491,519\n(2) 공정가치 서열체계\n공정가치에는 다음의 수준이 있습니다. - 동일한 자산이나 부채에 대한 활성시장의 공시가격 (수준 1) - 직접적으로 또는 간접적으로 관측가능한, 자산이나 부채에 대한 투입변수 (수준 2)\n\xa0- 관측가능한 시장자료에 기초하지 않은, 자산이나 부채에 대한 투입변수 (수준 3)\n① 당분기말 현재 공정가치로 측정되는 금융상품의 각 종류별로 공정가치 수준별 측정치는 다음과 같습니다.\xa0\n(단위:천원)\n구 \xa0 분\n당분기말\n수준1\n수준2\n수준3\n합계\n기타포괄손익-공정가치\n267,472,978\n-\n-\n267,472,978\n당기손익인식 투자일임\n-\n894,886\n-\n-\n파생상품자산\n-\n3,292,231\n-\n3,292,231\n② 전기말 현재 공정가치로 측정되는 금융상품의 각 종류별로 공정가치 수준별 측정치는 다음과 같습니다.\xa0\n(단위:천원)\n구 \xa0 분\n전기말\n수준1\n수준2\n수준3\n합계\n기타포괄손익-공정가치\n264,961,450\n-\n-\n264,961,450\n파생상품부채\n-\n540,688\n-\n540,688\n(3) 반복적인 공정가치 측정치의 서열체계 수준 간 이동당사는 공정가치 서열체계의 수준 간 이동을 보고기간 말에 인식합니다. 당분기 각 공정가치 서열체계의 수준 간 이동 내역은 없습니다.\n7. 기타포괄손익-공정가치 측정 금융자산(1) 당분기말과 전기말 현재 기타포괄손익-공정가치 측정 금융자산의 구성내역은 다음과 같습니다.\r\n(단위:천원)\n구 \xa0 분\n당분기말\n전기말\n지분증권\n268,312,978\n265,801,450\n(2) 당분기와 전분기 중 기타포괄손익-공정가치 측정 금융자산의 변동은 다음과 같습니다.\n(단위:천원)\n구 \xa0 분\n당분기\n전분기\n기초금액\n265,801,450\n201,299,003\n취득\n5,400,986\n9,456,542\n처분\n(6,847,413)\n(8,465,043)\n평가이익\n3,957,954\n37,617,022\n기말금액\n268,312,977\n239,907,524\n(3) 당분기말과 전기말 현재 지분증권의 장부금액과 공정가치의 내역은 다음과 같습니다.\n(단위:천원)\n구 \xa0 분\n보유주식수(주)\n지분율(%)\n취득원가\n당분기말\n전기말\n장부금액\n공정가치\n장부금액\n공정가치\n시장성있는 주식\n(주)포스코\n16,336\n0.02%\n6,173,279\n3,446,896\n3,446,896\n4,484,232\n4,484,232\n(주)광주신세계\n92,595\n5.79%\n4,436,601\n2,902,853\n2,902,853\n3,351,939\n3,351,939\n삼양통상(주)\n182,500\n6.08%\n4,748,035\n8,641,375\n8,641,375\n10,585,000\n10,585,000\n대한제분(주)\n13,318\n0.79%\n2,037,040\n1,698,045\n1,698,045\n2,057,631\n2,057,631\nBerkshire Hathaway Inc.\n271\n0.04%\n81,675,297\n158,048,055\n158,048,055\n139,976,068\n139,976,068\nApple Inc\n319,982\n0.00%\n15,587,604\n63,448,911\n63,448,911\n67,359,091\n67,359,091\nVanguard S&P 500\n6,303\n0.00%\n1,620,048\n2,968,997\n2,968,997\n3,262,143\n3,262,143\n기타\n1,510,447\n0.00%\n12,989,046\n26,317,846\n26,317,846\n33,885,346\n33,885,346\n소 \xa0계\n2,141,752\n\u3000-\n129,266,950\n267,472,978\n267,472,978\n264,961,450\n264,961,450\n시장성없는 주식\n(주)청주방송\n168,000\n3.00%\n840,000\n840,000\n840,000\n840,000\n840,000\n소 \xa0계\n168,000\n-\n840,000\n840,000\n840,000\n840,000\n840,000\n합 \xa0계\n2,309,752\n-\n130,106,950\n268,312,978\n268,312,978\n265,801,450\n265,801,450\n8. 유형자산과 사용권자산\n(1) 취득원가① 당분기 중 취득원가의 변동내역은 다음과 같습니다.\n(단위:천원)\n과 \xa0목\n기초\n취득액\n처분액\n기타증(감)액(*)\n분기말\n토지\n12,363,541\xa0\n\u3000-\n\u3000-\n\u3000-\n12,363,541\xa0\n건물\n10,759,093\xa0\n\u3000-\n\u3000-\n\u3000-\n10,759,093\xa0\n구축물\n5,701,394\xa0\n\u3000-\n(39,440)\n296,940\xa0\n5,958,894\xa0\n기계장치\n27,542,688\xa0\n559,440\xa0\n(7,500)\n90,917\xa0\n28,185,545\xa0\n차량운반구\n859,030\xa0\n13,460\xa0\n\u3000-\n29,187\xa0\n901,677\xa0\n공구기구와비품\n264,985\xa0\n37,180\xa0\n\u3000-\n\u3000-\n302,165\xa0\n건설중인자산\n508,009\xa0\n721,381\xa0\n\u3000-\n(326,126)\n903,264\xa0\n미착기계\n78,737\xa0\n251,720\xa0\n\u3000-\n(307,145)\n23,312\xa0\n사용권자산\n59,687\xa0\n28,144\xa0\n\u3000-\n\u3000-\n87,831\xa0\n합 \xa0계\n58,137,164\xa0\n1,611,325\xa0\n(46,940)\n(216,227)\n59,485,322\xa0\n(*) 기타증(감)액은 유형자산 이외에 계정으로 분류된 금액이 포함되어 있습니다.(**) 취득중인 건설중인 자산과 관련하여 차입원가 175백만원이 자본화되었습니다.\n② 전분기 중 취득원가의 변동내역은 다음과 같습니다.\n(단위:천원)\n과 \xa0목\n기초\n취득액\n처분액\n기타증(감)액(*)\n분기말\n토지\n12,550,236\n\u3000-\n\u3000-\n\u3000-\n12,550,236\xa0\n건물\n10,729,361\n40,800\xa0\n\u3000-\n81,000\xa0\n10,851,161\xa0\n구축물\n5,408,576\n129,600\xa0\n\u3000-\n143,800\xa0\n5,681,976\xa0\n기계장치\n27,611,466\n35,000\xa0\n(442,777)\n286,000\xa0\n27,489,689\xa0\n차량운반구\n879,914\n\u3000-\n\u3000-\n\u3000-\n879,914\xa0\n공구기구와비품\n316,034\n\u3000-\n(51,049)\n\u3000-\n264,985\xa0\n건설중인자산\n\xa0 \xa0 \xa0 \xa0 \xa027,120\xa0\n27,035,330\xa0\n\u3000-\n(604,550)\n26,457,900\xa0\n미착기계\n28,232\n128,733\xa0\n\u3000-\n(148,667)\n8,298\xa0\n사용권자산\n66,131\n\u3000-\n(10,281)\n\u3000-\n55,850\xa0\n합 \xa0계\n57,617,070\xa0\n27,369,463\xa0\n(504,107)\n(242,417)\n84,240,009\xa0\n(*) 기타증(감)액 중 일부는 유형자산 이외에 계정으로 분류된 금액이 존재합니다.\n(2) 감가상각누계액\n① 당분기 중 감가상각누계액의 변동내역은 다음과 같습니다.\n(단위:천원)\n과 \xa0 목\n기초장부금액\n처분액\n감가상각비\n분기말장부금액\n건물\n8,313,518\n\u3000-\n129,278\n8,442,796\n구축물\n4,751,192\n(39,438)\n216,146\n4,927,900\n기계장치\n24,924,979\n(7,497)\n1,200,590\n26,118,072\n차량운반구\n663,407\n\u3000-\n93,179\n756,586\n공구기구와비품\n212,531\n\u3000-\n16,698\n229,229\n사용권자산\n12,583\n\u3000-\n7,455\n20,038\n합 \xa0계\n38,878,210\n(46,935)\n1,663,346\n40,494,621\n② 전분기 중 감가상각누계액의 변동내역은 다음과 같습니다.\n(단위:천원)\n과 \xa0 목\n기초장부금액\n처분액\n감가상각비\n분기말장부금액\n건물\n8,120,342\n\u3000\n149,332\n8,269,674\n구축물\n4,455,735\n\u3000\n223,852\n4,679,587\n기계장치\n23,676,222\n(442,769)\n1,296,934\n24,530,387\n차량운반구\n549,074\n\u3000\n96,428\n645,502\n공구기구와비품\n237,522\n(51,045)\n20,326\n206,803\n사용권자산\n16,173\n(10,281)\n4,893\n10,785\n합 \xa0계\n37,055,068\n(504,095)\n1,791,765\n38,342,738\n9. 투자부동산\n(1) 취득원가① 당분기 중 취득원가의 변동내역은 다음과 같습니다.\n(단위:천원)\n과 \xa0목\n기초장부금액\n취득액\n처분액\n분기말장부금액\n토지\n65,911,120\n-\n-\n65,911,120\n건물\n8,719,457\n-\n-\n8,719,457\n합 \xa0계\n74,630,577\n-\n-\n74,630,577\n② 전분기 중 취득원가의 변동내역은 다음과 같습니다.\n(단위:천원)\n과 \xa0목\n기초장부금액\n취득액\n처분액\n분기말장부금액\n토지\n11,883,386\n-\n-\n11,883,386\n건물\n7,344,217\n93,750\n-\n7,437,967\n합 \xa0계\n19,227,603\n93,750\n-\n19,321,353\n(2) 감가상각누계액\n① 당분기 중 감가상각누계액의 변동내역은 다음과 같습니다.\n(단위:천원)\n과 \xa0목\n기초장부금액\n처분액\n감가상각비\n분기말장부금액\n건물\n3,445,823\n\u3000-\n153,993\n3,599,816\n② 전분기 중 감가상각누계액의 변동내역은 다음과 같습니다.\n(단위:천원)\n과 \xa0목\n기초장부금액\n처분액\n감가상각비\n분기말장부금액\n건물\n3,242,899\n\u3000-\n\xa0 \xa0 \xa0 \xa0 \xa0 144,936\xa0\n3,387,835\n(3) 당분기말 현재 일부 투자부동산은 차입금 등에 대한 담보로 제공되어 있으며, 그 내역은 다음과 같습니다.\n(원화단위:천원,USD)\n담보제공처\n계정과목\n채권최고액\n장부가액\n차입금 금액\n차입금 종류\nKEB하나은행\n토지 및 건물\nUSD 21,000,000\n54,832,460\n25,109,000\n시설자금\n10. 차입금 및 리스부채10.1 당분기말과 전기말 현재 차입금의 내역은 다음과 같습니다.\r\n\xa0 (단위:천원)\n차입처\n내 \xa0역\n연이자율(%)\n당분말\n전기말\n유동성차입금\n우리은행\n유산스차입금\nLIBOR+1.0\n1,517,800\n725,933\n비유동성차입금\n\u3000\n\u3000\n\u3000\nKEB하나은행\n시설대차입금\n2.36\n25,109,000\n20,746,250\n합계\u3000\n26,626,800\n21,472,183\n10.2당분말 현재 비유동성 차입금의 상환계획은 다음과 같습니다.\n\xa0 (단위:천원)\n연도\n금액\n1년 이내\n-\n1년 초과 ~ 2년 이내\n-\n2년 초과 ~ 3년 이내\n25,109,000\n합계\n25,109,000\n10.3 당분기와 전분기 중 리스부채의 변동내역은 다음과 같습니다.\n(단위: 천원)\n구 분\n당분기\n전분기\n기초장부금액\n46,533\n45,742\n증가\n-\n-\n이자비용\n1,339\n1,316\n지급 등\n-\n-\n기말장부금액\n47,872\n47,058\n유동성 리스부채\n3,577\n3,158\n비유동성 리스부채\n44,295\n43,900\n11. 우발부채 및 약정사항(1) 당분기말 현재 당사와 금융기관과의 주요 약정내용은 다음과 같습니다.\r\n(원화단위:천원)\n구 \xa0 분\n금융기관명\n한 \xa0 도\n사용액\n일람불차입거래한도\n한국시티은행(*)\n\xa0\\ \xa0 \xa0 \xa0 10,000,000\n\xa0\\ \xa0 \xa0 \xa0 \xa0 \xa0 \xa0 \xa0 \xa0 \xa0 \xa0 -\n기한부차입거래한도\n우리은행\n\xa0$ \xa0 \xa0 \xa0 \xa0 6,000,000\n$ \xa0 \xa0 \xa0 \xa0 \xa0 1,845,231\n\\ \xa0 \xa0 \xa0 \xa02,000,000\n-\n한국시티은행(*)\n\xa0\\ \xa0 \xa0 \xa0 10,000,000\n-\n국민은행\n$ \xa0 \xa0 \xa0 \xa0 7,000,000\n$ \xa0 \xa0 \xa0 \xa0 \xa0 1,767,548\n지급보증한도\n우리은행\n\xa0\\ \xa0 \xa0 \xa0 \xa0 \xa0 500,000\n-\n시설대차입한도\nKEB하나은행\n\xa0$ \xa0 \xa0 \xa0 17,500,000\n\xa0$ \xa0 \xa0 \xa0 \xa0 17,500,000\n(*) (주)한국씨티은행과의 약정사항은 10,000,000천원 한도내에서 자유롭게 운영이 가능한 포괄한도입니다.\n상기 약정사항과 관련하여 당사의 투자부동산이 담보로 제공되어 있습니다.(주석 9 참조)(2) 당사는 전기중 강남구 삼성동에 소재하는 부동산을 취득하였으며, 당분기말 현재 신규 부동산 취득과 관련하여 투자부동산 54,832백만원, 건설중인 자산 843백만원을 계상하고 있습니다.(3) 당분기중 KEB하나은행 차입금과 관련되어 외화스왑 파생상품을 체결하였으며, 당분기말 현재 파생상품자산 3,292백만원을 계상하고 있습니다.(4) 당분기말 현재 회사는 (주)이공산업과 피고로서 손해배상 소송에 계류(소송금액: 1,000백만원)중에 있으며, 그 결과를 예측할 수 없습니다.(5) 당분기말 현재 회사의 일부 주주가 특수관계자인 (주)조광과의 원단판매거래, 임가공비 지급거래에 대한 검사인 선임 신청을 하여 일부 인용이 되었으나, 당사는 이를 항고하여 항고심이 진행중에 있으며, 그 결과를 예측할 수 없습니다.\n12. 자본금 및 자본잉여금, 자기주식\n(1) 당분기말 현재 당사가 발행할 주식의 총수, 발행한 주식의 수 및 1주당 금액은 각각 12,000,000주, 6,649,138주 및 5,000원입니다. 한편, 당사는 2003년 중에 보통주식 200,000주를 이익소각하여 당분기말 현재 당사의 자본금은 발행주식의 액면총액과 일치하지 않습니다.\n(2) 당분기말과 전기말 현재 자본잉여금의 세부구성내역은 다음과 같습니다.\n(단위:천원)\n구 \xa0 분\n당분기말\n전기말\n주식발행초과금\n4,776,203\n4,776,203\n자기주식처분이익\n6,973,111\n6,973,111\n합 계\n11,749,314\n11,749,314\n(3) 당분기말 현재 발행주식 중 법령에 의해 의결권이 제한되어 있는 주식의 내역은 다음과 같습니다.\n주식소유자\n소유주식수\n지분율\n의결권 제한근거\n자기주식\n3,096,215\n46.6%\n상법 제369조 제2항, 증권거래법\n13. 기타포괄손익누계액당분기와 전분기 중 기타포괄손익누계액의 변동내역은 다음과 같습니다.\r\n(단위:천원)\n기타포괄손익-공정가치관련 손익\n기초금액\n분기증감액\n법인세효과\n분기말금액\n당분기\n108,256,379\n(25,923)\n(429,755)\n107,800,701\n전분기\n56,337,890\n40,668,239\n(8,947,013)\n88,059,116\n14. 판매비와관리비당분기와 전분기 중 판매비와관리비의 구성내역은 다음과 같습니다.\n(단위:천원)\n계정과목\n당분기\n전분기\xa0\n3개월\n누적\n3개월\n누적\n종업원급여\n632,349\n1,884,012\n586,681\n1,797,686\n퇴직급여\n54,182\n165,684\n54,386\n157,858\n복리후생비\n74,352\n214,572\n59,303\n202,982\n감가상각비\n76,973\n231,105\n72,414\n220,213\n수도광열비\n51,856\n177,679\n79,126\n216,155\n운반비\n304,222\n655,070\n307,501\n796,067\n대손상각비\n-\n-\n-\n-\n지급수수료\n68,075\n395,579\n131,156\n384,522\n수선비\n18,698\n35,610\n44,466\n239,125\n기술개발비\n180,994\n560,209\n171,295\n513,170\n여비교통비\n2,684\n8,317\n1,873\n5,573\n접대비\n33,515\n70,418\n25,138\n57,696\n무형자산상각비\n274\n824\n274\n824\n판매보증비\n1,521,829\n1,665,908\n1,396,308\n3,811,388\n기타\n410,671\n516,726\n226,794\n342,908\n합 \xa0계\n3,430,674\n6,581,713\n3,156,715\n8,746,167\n15. 비용의 성격별 분류당분기와 전분기 중 발생한 비용의 성격별 분류 내역은 다음과 같습니다.\n(단위:천원)\n계정과목\n당분기\n전분기\xa0\n3개월\n누적\n3개월\n누적\n재고자산의 변동\n8,738,181\n(708,337)\n(4,064,490)\n(8,120,507)\n원재료 및 부재료, 상품매입액\n11,084,227\n50,475,455\n17,744,407\n43,754,482\n종업원급여\n1,902,662\n5,404,213\n1,699,378\n5,187,315\n감가상각비 및 무형자산상각비\n578,746\n1,818,165\n636,310\n1,937,526\n지급수수료\n2,249,285\n4,590,729\n1,056,684\n2,879,650\n운반비\n379,298\n782,302\n342,166\n903,822\n기타비용\n9,103,346\n23,120,656\n8,304,533\n24,190,096\n매출원가 및 판매비와관리비 계\n34,035,745\n85,483,183\n25,718,988\n70,732,384\n16. 기타영업외수익 및 기타영업외비용(1) 당분기와 전분기 중 기타영업외수익의 구성내역은 다음과 같습니다.\n(단위:천원)\n계정과목\n당분기\n전분기\n3개월\n누적\n3개월\n누적\n임대료수익\n649,379\n2,004,917\n605,798\n1,723,154\n외환차익\n129,097\n225,052\n39,192\n71,710\n외화환산이익\n414,564\n476,911\n(126,957)\n86,350\n유형자산처분이익\n-\n-\n17,998\n43,389\n잡이익\n46,151\n159,850\n29,695\n136,361\n합 \xa0계\n1,239,191\n2,866,730\n565,726\n2,060,964\n(2) 당분기와 전분기 중 기타영업외비용의 구성내역은 다음과 같습니다.\xa0\n(단위:천원)\n계정과목\n당분기\n전분기\n3개월\n누적\n3개월\n누적\n유형자산처분손실\n4\n4\n-\n1\n외환차손\n42,381\n97,675\n17,191\n103,552\n외화환산손실\n2,478,547\n4,362,750\n(28,543)\n3,904\n재고자산폐기손실\n-\n5,942\n-\n-\n잡손실\n-\n-\n-\n1\n합 \xa0계\n2,520,932\n4,466,371\n(11,352)\n107,458\n17. 금융수익과 금융비용(1) 당분기와 전분기 중 발생한 금융수익의 내역은 다음과 같습니다.\n(단위:천원)\n구 \xa0 분\n당분기\n전분기\n3개월\n누적\n3개월\n누적\n이자수익\n41,918\n62,536\n49,644\n139,990\n배당금수익\n398,944\n1,246,542\n156,396\n1,096,812\n파생상품평가이익\n2,201,686\n3,760,267\n-\n-\n합 \xa0 계\n2,642,548\n5,069,345\n206,040\n1,236,802\n(2) 당분기와 전분기 중 발생한 금융비용의 내역은 다음과 같습니다.\n(단위:천원)\n구 \xa0 분\n당분기\n전분기\n3개월\n누적\n3개월\n누적\n이자비용\n25,950\n47,822\n14,346\n22,555\n당기손익인식금융자산평가손실\n52,880\n105,321\n\u3000-\n\u3000-\n합 \xa0 계\n78,830\n153,143\n14,346\n22,555\n18. 법인세비용법인세비용은 전체 회계연도에 대해서 예상되는 최선의 가중평균연간법인세율의 추정에 기초하여 인식하였습니다. 2022년 12월 31일로 종료하는 회계연도의 예상평균연간법인세율은 22%입니다.19. 주당이익당분기 및 전분기중 보통주 기본주당이익의 계산내역은 다음과 같습니다.\n(단위:천원)\n구 \xa0 분\n당분기\n전분기\n3개월\n누적\n3개월\n누적\n분기순이익\n690,027,360\n3,574,440,991\n2,930,059,815\n10,771,551,104\n순손익 중 보통주 해당분\n690,027,360\n3,574,440,991\n2,930,059,815\n10,771,551,104\n가중평균유통보통주식수\n3,552,923\n3,552,923\n3,552,923\n3,552,923\n기본주당이익\n194\n1,006\n825\n3,032\n20. 특수관계자와의 거래\n(1) 당분기말 현재 당사와 특수관계에 있는 회사의 내역은 다음과 같습니다.\xa0\n구 분\n회사명\n기타\n(주)조광\n(2) 당분기와 전분기 중 특수관계자와의 거래 내역은 다음과 같습니다.\n(단위:천원)\n특수관계 구분\n특수관계자명\n거래내용\n당분기\n전분기\xa0\n기타\n(주)조광\n매출\n3,678,142\n5,914,292\n임대료수입\n105,061\n214,974\n유형자산매각\n-\n25,400\n기타수익\n11,700\n33,600\n외주가공비\n4,162,512\n7,069,436\n유형자산매입\n470,250\n-\n재고자산매입\n559,981\n-\n(3) 당분기말과 전기말 현재 특수관계자에 대한 채권·채무내역은 다음과 같습니다.\n(단위:천원)\n특수관계 구분\n특수관계자명\n당분기말\n전기말\n채권\n채무\n채권\n채무\n기타\n(주)조광\n-\n-\n330,099\n813,104\n(4) 당분기와 전분기 중 주요경영진에 대한 보상내역은 다음과 같습니다.\n(단위:천원)\n내 \xa0 역\n당분기\n전분기\xa0\n급여\n1,358,105\n\xa0 \xa0 \xa0 \xa0 \xa0 \xa0 \xa0 \xa0 \xa0 \xa0 \xa0 \xa0 \xa01,329,487\xa0\n퇴직급여(*)\n106,009\n\xa0 \xa0 \xa0 \xa0 \xa0 \xa0 \xa0 \xa0 \xa0 \xa0 \xa0 \xa0 \xa0 \xa0101,356\xa0\n당사의 주요경영진에는 당사의 활동의 계획, 운영, 통제에 대한 중요한 권한과 책임을 가진 임원들이 포함되어 있습니다.\n(5) 당분기말 현재 특수관계자에게 제공하거나 제공받은 지급보증의 내역은 없습니다.\n6. 배당에 관한 사항\n당사의 배당정책은 적정한 이익분배를 통한 기업가치 극대화를 목표로 하고 있으며, 안정된 배당정책을 유지하기 위하여 최선을 다하고 있습니다.배당금은 배당가능이익 범위 내에서 회사의 지속적 성장을 위한 투자, 경영환경, 주주가치 제고 등을 고려하여 결정하고 있습니다. 향후에도 당사는 미래 성장을 위한 투자와 주주가치 제고를 균형있게 고려하여 배당을 실시할 계획입니다. 당사는 배당 관련 정보를 전자공시시스템(DART)에 안내하고 있습니다. 또한, 시장상황 등에 따라 필요하다고 판단될 시, 자사주 매입을 검토할 계획입니다.\n주요배당지표\n구 \xa0 분\n주식의 종류\n당기\n전기\n전전기\n제57기\n제56기\n제55기\n주당액면가액(원)\n5,000\xa0\n5,000\n5,000\n(연결)당기순이익(백만원)\n-\n-\n\xa0 \xa0 \xa0 \xa0 \xa0 \xa0 \xa0 \xa0-\xa0\n(별도)당기순이익(백만원)\n3,574\xa0\n11,204\xa0\n19,654\n(연결)주당순이익(원)\n1,006\xa0\n3,153\xa0\n5,532\n현금배당금총액(백만원)\n\xa0 \xa0 \xa0 \xa0 \xa0 \xa0 \xa0 \xa0-\xa0\n\xa0 \xa0 \xa0 \xa0 1,066\xa0\n\xa0 \xa0 \xa0 \xa0 1,066\n주식배당금총액(백만원)\n\xa0 \xa0 \xa0 \xa0 \xa0 \xa0 \xa0 \xa0-\xa0\n-\n-\n(연결)현금배당성향(%)\n\xa0 \xa0 \xa0 \xa0 \xa0 \xa0 \xa0 \xa0-\xa0\n\xa0 \xa0 \xa0 \xa0 \xa0 \xa0 9.51\n5.42\n현금배당수익률(%)\n보통주\n\xa0 \xa0 \xa0 \xa0 \xa0 \xa0 \xa0 \xa0-\xa0\n\xa0 \xa0 \xa0 \xa0 \xa0 \xa0 \xa0 0.53\n0.53\n-\n\xa0 \xa0 \xa0 \xa0 \xa0 \xa0 \xa0 \xa0-\xa0\n-\n-\n주식배당수익률(%)\n보통주\n\xa0 \xa0 \xa0 \xa0 \xa0 \xa0 \xa0 \xa0-\xa0\n-\n-\n-\n\xa0 \xa0 \xa0 \xa0 \xa0 \xa0 \xa0 \xa0-\xa0\n-\n-\n주당 현금배당금(원)\n보통주\n\xa0 \xa0 \xa0 \xa0 \xa0 \xa0 \xa0 \xa0-\xa0\n\xa0 \xa0 \xa0 \xa0 \xa0 \xa0300\n\xa0 \xa0 \xa0 \xa0 \xa0 \xa0300\n-\n\xa0 \xa0 \xa0 \xa0 \xa0 \xa0 \xa0 \xa0-\xa0\n-\n\xa0 \xa0 \xa0 \xa0 \xa0 \xa0 \xa0 \xa0-\xa0\n주당 주식배당(주)\n보통주\n\xa0 \xa0 \xa0 \xa0 \xa0 \xa0 \xa0 \xa0-\xa0\n-\n\xa0 \xa0 \xa0 \xa0 \xa0 \xa0 \xa0 \xa0-\xa0\n-\n\xa0 \xa0 \xa0 \xa0 \xa0 \xa0 \xa0 \xa0-\xa0\n-\n\xa0 \xa0 \xa0 \xa0 \xa0 \xa0 \xa0 \xa0-\xa0\n과거 배당 이력\n(단위: 회, %)\n연속 배당횟수\n평균 배당수익률\n분기(중간)배당\n결산배당\n최근 3년간\n최근 5년간\n-\n2\n0.36\n0.22\n*1)평균 배당수익률은 단순평균법으로 계산하였습니다.\n7. 증권의 발행을 통한 자금조달에 관한 사항\n7-1. 증권의 발행을 통한 자금조달 실적\n[지분증권의 발행 등과 관련된 사항]\n-해당사항없음\n증자(감자)현황\n(기준일 :\xa0\n2022년 09월 30일\n)\n(단위 : 원, 주)\n주식발행(감소)일자\n발행(감소)형태\n발행(감소)한 주식의 내용\n종류\n수량\n주당액면가액\n주당발행(감소)가액\n비고\n-\n-\n-\n-\n-\n-\n-\n[채무증권의 발행 등과 관련된 사항]\n채무증권 발행실적\n(기준일 :\xa0\n2022년 09월 30일\n)\n(단위 : 원, %)\n발행회사\n증권종류\n발행방법\n발행일자\n권면(전자등록)총액\n이자율\n평가등급(평가기관)\n만기일\n상환여부\n주관회사\n-\n-\n-\n-\n-\n-\n-\n-\n-\n-\n합 \xa0계\n-\n-\n-\n-\n-\n-\n-\n-\n-\n기업어음증권 미상환 잔액\n(기준일 :\xa0\n2022년 09월 30일\n)\n(단위 : 원)\n잔여만기\n10일 이하\n10일초과30일이하\n30일초과90일이하\n90일초과180일이하\n180일초과1년이하\n1년초과2년이하\n2년초과3년이하\n3년 초과\n합 계\n미상환 잔액\n공모\n-\n-\n-\n-\n-\n-\n-\n-\n-\n사모\n-\n-\n-\n-\n-\n-\n-\n-\n-\n합계\n-\n-\n-\n-\n-\n-\n-\n-\n-\n단기사채 미상환 잔액\n(기준일 :\xa0\n2022년 09월 30일\n)\n(단위 : 원)\n잔여만기\n10일 이하\n10일초과30일이하\n30일초과90일이하\n90일초과180일이하\n180일초과1년이하\n합 계\n발행 한도\n잔여 한도\n미상환 잔액\n공모\n-\n-\n-\n-\n-\n-\n-\n-\n사모\n-\n-\n-\n-\n-\n-\n-\n-\n합계\n-\n-\n-\n-\n-\n-\n-\n-\n회사채 미상환 잔액\n(기준일 :\xa0\n2022년 09월 30일\n)\n(단위 : 원)\n잔여만기\n1년 이하\n1년초과2년이하\n2년초과3년이하\n3년초과4년이하\n4년초과5년이하\n5년초과10년이하\n10년초과\n합 계\n미상환 잔액\n공모\n-\n-\n-\n-\n-\n-\n-\n-\n사모\n-\n-\n-\n-\n-\n-\n-\n-\n합계\n-\n-\n-\n-\n-\n-\n-\n-\n신종자본증권 미상환 잔액\n(기준일 :\xa0\n2022년 09월 30일\n)\n(단위 : 원)\n잔여만기\n1년 이하\n1년초과5년이하\n5년초과10년이하\n10년초과15년이하\n15년초과20년이하\n20년초과30년이하\n30년초과\n합 계\n미상환 잔액\n공모\n-\n-\n-\n-\n-\n-\n-\n-\n사모\n-\n-\n-\n-\n-\n-\n-\n-\n합계\n-\n-\n-\n-\n-\n-\n-\n-\n조건부자본증권 미상환 잔액\n(기준일 :\xa0\n2022년 09월 30일\n)\n(단위 : 원)\n잔여만기\n1년 이하\n1년초과2년이하\n2년초과3년이하\n3년초과4년이하\n4년초과5년이하\n5년초과10년이하\n10년초과20년이하\n20년초과30년이하\n30년초과\n합 계\n미상환 잔액\n공모\n-\n-\n-\n-\n-\n-\n-\n-\n-\n-\n사모\n-\n-\n-\n-\n-\n-\n-\n-\n-\n-\n합계\n-\n-\n-\n-\n-\n-\n-\n-\n-\n-\n7-2. 증권의 발행을 통해 조달된 자금의 사용실적\n*해당사항 없음.\n8. 기타 재무에 관한 사항\n가. 재무정보 이용상의 유의점재무제표는 한국채택국제회계기준서에 따라 작성되었으며, 작성기준일 현재 유효하거나 조기적용 가능한 한국채택국제회계기준서 및 해석서에 따라 작성되었습니다. 기타 자세한 사항은 ""Ⅲ.재무에관한사항""의 주석부분을 참조하시기 바랍니다.\n나. 대손충당금 설정내역\n(1) 최근 3사업연도의 계정과목별 대손충당금 설정내역\n(단위 : 백만원)\n구 분\n계정과목\n채권 총액\n대손충당금\n대손충당금설정률\n제57기\n매 출 채 권\n30,029\n-\n-\n미 \xa0 수 \xa0 금\n130\n42\n32.6%\n단기대여금\n-\n-\n-\n합 \xa0 계\n30,159\n42\n0.1%\n제56기\n매 출 채 권\n19,569\n-\n-\n미 \xa0 수 \xa0 금\n365\n42\n11.6%\n단기대여금\n-\n-\n-\n합 \xa0 계\n19,934\n42\n0.2%\n제55기\n매 출 채 권\n21,774\n-\n-\n미 \xa0 수 \xa0 금\n139\n-\n-\n단기대여금\n-\n-\n-\n합 \xa0 계\n21,913\n-\n-\n(2) 최근 3사업연도의 대손충당금 변동현황\n(단위 : 백만원)\n구 \xa0 \xa0 분\n제57기\n제56기\n제55기\n1. 기초 대손충당금 잔액합계\n42\n-\n-\n2. 순대손처리액(①－②±③)\n-\n-\n-\n① 대손처리액(상각채권액)\n-\n-\n-\n② 상각채권회수액\n-\n-\n-\n③ 기타증감액\n-\n-\n-\n3. 대손상각비 계상(환입)액\n-\n42\n-\n4. 기말 대손충당금 잔액합계\n42\n42\n-\n(3) 매출채권관련 대손충당금 설정방침\n재무상태표일 현재의 매출채권잔액등에 대하여 개별분석 또는 과거의 대손경험률에 의한 장래의 대손예상액을 대손충당금으로 설정함. \xa0① 개별분석 \xa0 \xa0 \xa0채권회수 전문기관에 의뢰하는 등의 방법으로 이루어지며 부도, 파산, 강제 \xa0 \xa0 \xa0집행, 재산의 전무 등 향후 대손이 확실시 되는 경우에 100% 설정함. \xa0② 대손경험률 \xa0 \xa0 \xa0개별분석 제외한 만기미도래 채권에 대하여 과거 대손처리된 매출채권 각각의 \xa0 \xa0 \xa0 \xa0 3년간 연령별대손율을 종합하여 산출함. \n- 대손처리 기준 - \xa0 ① 파산, 부도, 사업의 폐지, 채무자의 사망, 강제집행, 실종 등이 객관적으로 입증 \xa0 \xa0 \xa0 \xa0 되는 경우 \xa0 ② 법인세법시행령 제62조 1항에 의한 사유가 발생하는 경우(4) 경과기간별 매출채권잔액 현황\n(단위 : 백만원)\n구 \xa0분\n6월 이하\n6월 초과1년 이하\n1년 초과3년 이하\n3년 초과\n계\n금액\n29,935\n94\n-\n-\n30,029\n구성비율\n99.69%\n0.31%\n-\n-\n100%\n다. 재고자산현황(1) 최근 3사업연도의 재고자산의 사업부문별 보유현황\xa0\r\n(단위 : 백만원)\n사업부문\n계정과목\n제57기\n제56기\n제55기\n비고\n피 \xa0 \xa0 \xa0혁\n제 \xa0 \xa0 \xa0 \xa0 품\n6,078\n4,912\n4,425\n-\n상 \xa0 \xa0 \xa0 \xa0 품\n-\n-\n-\n-\n재 \xa0 공 \xa0 품\n6,409\n10,271\n6,333\n-\n원 \xa0 \xa0 \xa0 \xa0 료\n15,052\n12,040\n6,237\n-\n재 \xa0 \xa0 \xa0 \xa0 료\n3,979\n3,587\n2,422\n-\n저 \xa0 장 \xa0 품\n75\n65\n61\n-\n미 착 원 료\n5,056\n20,739\n1,569\n-\n미 착 재 료\n675\n2,327\n487\n-\n소 \xa0 계\n37,324\n53,941\n21,534\n-\n총자산대비 재고자산 구성비율(%)[재고자산÷기말자산총계×100]\n8.3%\n12.2%\n6.3%\n-\n재고자산회전율(회수)[연환산 매출원가÷{(기초재고＋기말재고)÷2}]\n2.3회\n2.2회\n2.6회\n-\n(2) 재고자산의 실사내역 등\n① 실사일자\n\xa0 \xa0당사는 2022년 재무제표를 작성함에 있어서 \xa02022.09.30 공장가동 종료시  \xa0 \xa0 \xa0장부상 재고를 기준으로 작성하였습니다. \xa0② 재고실사시 전문가의 참여 또는 감사인의 입회여부 등 \xa0 \xa0 \xa0당사는 반기(6월말)와 연말(12월말)에 재고실사를 하고 있으며, 연말(12월말) \xa0 \xa0 \xa0재고조사시 외부감사인의 입회하에 재고실사를 하고 있습니다라.금융상품의 구분 및 공정가치\n(1) 당분기말과 전기말 \xa0현재 금융자산의 장부금액과 공정가치는 다음과 같습니다.\n(단위:천원)\n금융자산 범주\n내 \xa0역\n당분기말\n전기말\n장부금액\n공정가치\n장부금액\n공정가치\n현금및현금성자산\n현금및현금성자산\n17,613,931\n17,613,931\n7,697,396\n7,697,396\n상각후 원가 금융자산\n매출채권및기타채권\n30,116,034\n30,116,034\n19,892,046\n19,892,046\n기타금융자산\n530,823\n530,823\n3,100,627\n3,100,627\n소 \xa0 \xa0 계\n30,646,857\n30,646,857\n22,992,673\n22,992,673\n당기손익인식금융자산\n투자일임계약자산\n894,886\n894,886\n-\n-\n파생상품자산\n3,292,231\n3,292,231\n-\n-\n소 \xa0 \xa0계\n4,187,117\n4,187,117\n-\n-\n기타포괄-공정가치 측정 금융자산\n시장성 있는 지분증권\n267,472,978\n267,472,978\n264,961,450\n264,961,450\n시장성 없는 지분증권\n840,000\n840,000\n840,000\n840,000\n소 \xa0 \xa0계\n268,312,978\n268,312,978\n265,801,450\n265,801,450\n금융자산 합계\n320,760,883\n320,760,883\n296,491,519\n296,491,519\n(2) 공정가치 서열체계공정가치로 측정되거나 공정가치가 공시되는 금융상품을 공정가치 서열체계에 따라 구분되며 정의된 수준들은 다음과 같습니다.\n- 동일한 자산이나 부채에 대한 활성시장의 (조정되지 않은) 공시가격(수준 1)\n- 직접적으로(예: 가격) 또는 간접적으로(예: 가격에서 도출되어) 관측가능한, 자산이나 부채에 대한 투입변수. 단 수준 1에 포함된 공시가격은 제외함(수준 2)\n- 관측가능한 시장자료에 기초하지 않은, 자산이나 부채에 대한 투입변수(관측가능하지 않은 투입변수) (수준 3)\n① 당분기말 현재 공정가치로 측정되는 금융상품의 각 종류별로 공정가치 수준별 측정치는 다음과 같습니다.\xa0\n(단위:천원)\n구 \xa0 분\n당분기말\n수준1\n수준2\n수준3\n합계\n기타포괄손익-공정가치\n267,472,978\n-\n-\n267,472,978\n당기손익인식 투자일임\n-\n894,886\n-\n-\n파생상품자산\n-\n3,292,231\n-\n3,292,231\n② 전기말 현재 공정가치로 측정되는 금융상품의 각 종류별로 공정가치 수준별 측정치는 다음과 같습니다.\xa0\n(단위:천원)\n구 \xa0 분\n전기말\n수준1\n수준2\n수준3\n합계\n기타포괄-공정가치\n264,961,450\n-\n840,000\n265,801,450\n파생상품부채\n-\n540,688\n-\n540,688\n(3) 당분기말과 전기말 현재 기타금융자산의 내역은 다음과 같습니다.\n(단위:천원)\n구 \xa0 분\n당분기말\n전기말\n단기금융상품\n-\n3,000,000\n미수수익\n-\n21,868\n\xa0 \xa0유동성기타금융자산 계\n-\n3,021,868\n보증금\n56,613\n76,312\n기타의 투자자산\n474,210\n2,446\n\xa0 \xa0비유동성기타금융자산 계\n530,823\n78,758\n(4) 당분기말과 전기말 현재 금융부채의 장부금액과 공정가치는 다음과 같습니다.\n(단위:천원)\n금융부채 범주\n내 \xa0역\n당분기말\n전기말\n장부금액\n공정가치\n장부금액\n공정가치\n상각후원가로 평가하는금융부채(*)\n매입채무및기타채무\n5,830,731\n5,830,731\n4,953,262\n4,953,262\n단기차입금\n26,626,800\n26,626,800\n21,472,183\n21,472,183\n기타금융부채\n3,283,225\n3,283,225\n3,658,401\n3,658,401\n소계\n35,740,756\n35,740,756\n30,083,846\n30,083,846\n당기손익인식금융부채\n파생상품\n-\n-\n540,688\n540,688\n금융부채 합계\n35,740,756\n35,740,756\n30,624,534\n30,624,534\n(*) 장부금액을 공정가치의 합리적인 근사치로 판단하였습니다.\n(7)유형자산당사는 공시대상기간중 유형자산에 대한 재평가를 시행하지 않았습니다.\n']"
