text
"['\n5. 재무제표 주석\n제 52 기 반기 2023년 10월 1일 부터 2024년 3월 31일 까지\n제 51 기 반기 2022년 10월 1일 부터 2023년 3월 31일 까지\n주식회사 금비\n1. 일반사항주식회사 금비(이하 ""당사"")는 1973년 6월 5일에 설립되었으며 주업종은 유리제품 제조업 및 화장품 매매업으로서 경기도 이천시 및 충청남도 아산시에 공장을 가동하고 있습니다. 당사는 1990년 6월 8일에 주권을 한국거래소가 운영하는 유가증권시장에 상장한 공개법인이며, 1992년 4월 1일에 상호를 종전의 진로유리 주식회사에서 주식회사 금비로 변경하였습니다. 당반기말 현재 자본금은 5,000백만원이며 주요 주주현황은 다음과 같습니다.\n주주명\n소유주식수(주)\n지분율(%)\n고기영\n116,955\n11.70\n고병헌\n94,795\n9.48\n기타 특수관계인\n357,090\n35.71\n자기주식\n181,500\n18.15\n기타/소액주주\n249,660\n24.97\n합 \xa0 계\n1,000,000\n100.00\n2. 중요한 회계정책 및 재무제표 작성기준\n2-1 재무제표 작성기준당사의 반기재무제표는 \'주식회사 등의 외부감사에 관한 법률\'에 따라 제정된 한국채택국제회계기준 제1034호 중간재무보고에 따라 작성되었습니다.\n중간재무제표는 연차재무제표에 기재할 것으로 요구되는 모든 정보 및 주석사항을 포함하고 있지 아니하므로, 2023년 9월 30일로 종료되는 회계연도에 대한 연차재무제표의 정보도 함께 참고하여야 합니다.\n당사의 재무제표는 기업회계기준서 제1027호에 따른 별도재무제표로서 지배기업 및관계기업의 투자자가 투자자산을 피투자자의 보고된 성과와 순자산에 근거하지 않고직접적인 지분 투자에 근거한 회계처리로 표시한 재무제표입니다. 당사는 종속기업, 관계기업 및 공동기업에 대한 투자자산을 기업회계기준서 제1027호에 따른 원가법에 따라 회계처리하고 있습니다. 종속기업, 관계기업 및 공동기업으로부터의 배당금은 배당을 받을 권리가 확정되는 시점에 당기손익으로 인식하고 있습니다.\n2-2 중요한 회계정책반기재무제표를 작성하기 위하여 채택한 중요한 회계정책은 다음의 2023년 10월 1일부터 적용되는 기준서 및 해석서를 제외하고는 2023년 9월 30일로 종료되는 회계기간에 대한 연차재무제표 작성시 채택한 회계정책과 동일합니다. 당사는 공표되었으나 시행되지 않은 기준서, 해석서, 개정사항을 조기적용한 바 없습니다.\n1) 당사가 당반기부터 적용하는 개정 기업회계기준서(이하 \'기준서\')는 다음과 같습니다.\n- 기업회계기준서 제1001호 \'재무제표 표시\' 개정 - 회계정책 공시\n개정 기준서에서는 \'유의적인\' 회계정책 정보 대신 \'중요한\' 회계정책 정보를 공시하도록 하고 \'중요한\' 회계정책 정보의 의미를 설명하였습니다.\n동 개정사항은 2023년 1월 1일 이후 개시되는 회계연도부터 적용됩니다. 해당 기준서의 개정사항이 당사의 재무제표에 미치는 중요한 영향은 없습니다.\n- 기업회계기준서 제1008호 \'회계정책, 회계추정치 변경과 오류\' 개정 - 회계추정치의 정의개정기준서에서는 \'회계추정치\'를 측정불확실성의 영향을 받는 재무제표상 화폐금액으로 정의하고, 새로운 상황의 전개나 새로운 정보의 획득으로 측정기법이나 투입변수를 변경한 경우, 회계추정치의 변경임을 명확히 하였습니다.동 개정사항은 2023년 1월 1일 이후 개시되는 회계연도부터 적용됩니다. 해당 기준서의 개정사항이 당사의 재무제표에 미치는 중요한 영향은 없습니다.\n- 기업회계기준서 제1012호 \'법인세\' 개정 - 단일거래에서 자산과 부채가 동시에 발생하는 경우의 이연법인세\n개정기준서에서는 최초 인식시점에 동일한 금액의 가산할 일시적차이와 차감할 일시적차이가 생기는 거래(예: 사용권자산과 리스부채, 복구충당부채와 관련 자산 최초 인식)에 이연법인세자산 및 이연법인세부채가 인식되도록 하였습니다.\n동 개정사항은 2023년 1월 1일 이후 개시되는 회계연도부터 적용됩니다. 해당 기준서의 개정사항이 당사의 재무제표에 미치는 중요한 영향은 없습니다.- 기업회계기준서 제1001호 \'재무제표 표시\' 개정 - 행사가격 조정 조건이 있는 금융부채 평가손익 공시개정기준서에서는 발행자의 주가 변동에 따라 행사가격이 조정되는 조건이 있는 금융상품의 전부나 일부가 금융부채로 분류되는 경우 그 금융부채의 장부금액과 관련 손익을 공시하도록 하였습니다.동 개정사항은 2023년 1월 1일 이후 개시되는 회계연도부터 적용됩니다. 해당 기준서의 개정사항이 당사의 재무제표에 미치는 중요한 영향은 없습니다.\n2) 제정ㆍ공표되었으나 아직 시행일이 도래하지 않아 적용하지 아니한 한국채택국제회계기준은 다음과 같습니다.\n- 기업회계기준서 제1001호 \'재무제표 표시\' 개정 - 부채의 유동/비유동 분류\n\xa0\n보고기간말 현재 존재하는 실질적인 권리에 따라 유동 또는 비유동으로 분류되며, 부채의 결제를 연기할 수 있는 권리의 행사가능성이나 경영진의 기대는 고려하지 않습니다. 또한, 부채의 결제에 자기지분상품의 이전도 포함되나, 복합금융상품에서 자기지분상품으로 결제하는 옵션이 지분상품의 정의를 충족하여 부채와 분리하여 인식된 경우는 제외됩니다. 또한, 기업이 보고기간말 후에 준수해야하는 약정은 보고기간말에 해당 부채의 분류에 영향을 미치지 않으며, 보고기간 이후 12개월 이내 약정사항을 준수해야하는 부채가 보고기간말 현재 비유동부채로 분류된 경우 보고기간 이후 12개월 이내 부채가 상환될 수 있는 위험에 관한 정보를 공시해야 합니다동 개정사항은 2024년 1월 1일 이후 개시되는 회계연도부터 적용될 예정이며, 조기 적용이 허용됩니다. 당사는 상기 개정기준서의 적용이 재무제표에 미치는 영향이 중요하지 아니할 것으로 예상하고 있습니다.\n3. 중요한 회계추정 및 가정당사는 미래에 대하여 추정 및 가정을 하고 있습니다. 추정 및 가정은 지속적으로 평가되며, 과거 경험과 현재의 상황에서 합리적으로 예측 가능한 미래의 사건과 같은 다른 요소들을 고려하여 이루어집니다. 이러한 회계추정은 실제 결과와 다를 수도 있습니다.\n\xa0\n반기재무제표 작성시 사용된 중요한 회계추정 및 가정은 법인세 비용을 결정하는데 사용된 추정의 방법을 제외하고는 전기 재무제표 작성에 적용된 회계추정 및 가정과 동일합니다\n4. 영업부문당사는 판매하는 재화와 제공하는 용역의 속성을 기준으로 유리병사업, 화장품사업 등으로 영업부문을 구분하였습니다.4-1.영업부문별 정보당반기 및 전반기 중 당사의 영업부문별 정보는 다음과 같습니다.\n구 \xa0 분\n(단위: 천원)\n당반기\n전반기\n유리사업\n화장품사업\n합계\n유리사업\n화장품사업\n합계\n총매출액\n48,762,579\n313,764\n49,076,344\n44,496,201\n263,226\n44,759,427\n영업이익(손실)\n1,247,863\n(292,824)\n955,039\n(2,955,322)\n(205,684)\n(3,161,006)\n반기순이익(손실)\n1,254,967\n(280,528)\n974,439\n(2,403,296)\n(203,420)\n(2,606,716)\n총자산\n153,066,030\n516,141\n153,582,171\n156,839,245\n329,530\n157,168,775\n총부채\n72,839,174\n159,538\n72,998,712\n78,219,429\n214,914\n78,434,343\n4-2 지역별 정보당반기 및 전반기 중 당사의 지역별 정보는 다음과 같습니다.\n구 \xa0 분\n(단위: 천원)\n당반기\n전반기\n국내\n해외\n합계\n국내\n해외\n합계\n총매출액\n48,900,089\n176,255\n49,076,344\n44,577,061\n182,366\n44,759,427\n영업이익(손실)\n950,529\n4,510\n955,039\n(3,148,965)\n(12,041)\n(3,161,006)\n반기순이익(손실)\n969,902\n4,537\n974,439\n(2,596,924)\n(9,792)\n(2,606,716)\n총자산\n153,582,171\n-\n153,582,171\n157,168,775\n-\n157,168,775\n총부채\n72,998,712\n-\n72,998,712\n78,434,343\n-\n78,434,343\n4-3 주요고객에 대한 의존도당반기 및 전반기 중 당사의 수익금액 중 전체수익의 10% 이상을 차지하는 주요 고객 및 비중은 다음과 같습니다.\n(단위: 천원)\n기업명\n영업부문\n당반기\n전반기\n수익금액\n비율\n수익금액\n비율\n㈜골든블루\n유리사업\n5,328,575\n10.86%\n8,593,794\n19.20%\n㈜하이트진로산업\n유리사업\n4,973,620\n10.13%\n4,036,926\n9.02%\n㈜롯데칠성\n유리사업\n5,647,982\n11.51%\n1,142,055\n2.55%\n5. 범주별 금융상품\n5-1 금융자산당반기말 및 전기말 현재 금융상품 범주별 금융자산의 내역은 다음과 같습니다. (1) 당반기말\n(단위: 천원)\n구 \xa0 분\n당기손익-공정가치측정금융자산\n상각후원가측정금융자산\n기타포괄손익-공정가치측정금융자산\n합 계\n유동자산:\n\xa0현금및현금성자산(주1)\n-\n1,785,817\n-\n1,785,817\n\xa0매출채권\n-\n17,985,999\n-\n17,985,999\n\xa0미수금\n-\n77,985\n-\n77,985\n\xa0미수수익\n822,430\n-\n822,430\n\xa0파생상품자산\n1,708,782\n-\n-\n1,708,782\n소 \xa0 계\n1,708,782\n20,672,231\n-\n22,381,013\n비유동자산:\n\xa0장기금융상품\n-\n12,000\n-\n12,000\n\xa0장기투자증권\n-\n700\n6,993,014\n6,993,714\n\xa0장기기타채권\n-\n133,726\n-\n133,726\n\xa0장기대여금\n-\n15,000\n-\n15,000\n소 \xa0 계\n-\n161,426\n6,993,014\n7,154,440\n합 \xa0 계\n1,708,782\n20,833,657\n6,993,014\n29,535,453\n(2) 전기말\n(단위: 천원)\n구 \xa0 분\n당기손익-공정가치측정금융자산\n상각후원가측정금융자산\n기타포괄손익-공정가치측정금융자산\n합 계\n유동자산:\n\xa0현금및현금성자산(주1)\n-\n573,827\n-\n573,827\n\xa0매출채권\n-\n22,065,864\n-\n22,065,864\n\xa0미수금\n-\n123,695\n-\n123,695\n소 \xa0 계\n-\n22,763,386\n-\n22,763,386\n비유동자산:\n\xa0장기금융상품\n-\n12,000\n-\n12,000\n\xa0장기투자증권\n-\n700\n5,878,769\n5,879,469\n\xa0장기기타채권\n-\n133,726\n-\n133,726\n\xa0장기대여금\n-\n5,000\n-\n5,000\n\xa0파생상품자산\n1,803,305\n-\n-\n1,803,305\n소 \xa0 계\n1,803,305\n151,426\n5,878,769\n7,833,500\n합 \xa0 계\n1,803,305\n22,914,812\n5,878,769\n30,596,886\n(주1) 현금및현금성자산은 현금시재 2,834천원(전기말: 2,285천원) 및 보통예금 \xa0 \xa0 \xa01,782,982천원(전기말: 571,542천원)으로 구성되어 있습니다.\n5-2 금융부채당반기말 및 전기말 현재 금융부채는 전액 상각후원가로 측정하는 금융부채이며, 그 내역은 다음과 같습니다.\n(단위: 천원)\n구 \xa0 분\n당반기말\n전기말\n유동부채:\n\u3000\n\u3000\n\xa0 매입채무\n6,211,810\n5,652,866\n\xa0 미지급금(주1)\n8,187,278\n9,226,200\n\xa0 미지급비용(주1)\n117,382\n136,768\n\xa0 단기차입금\n8,000,000\n11,150,000\n\xa0 유동성장기부채\n34,341,560\n21,457,860\n\xa0 유동성리스부채\n102,497\n97,256\n소 \xa0 계\n56,960,527\n47,720,950\n비유동부채:\n\xa0 예수보증금\n6,068,665\n6,067,865\n\xa0 장기차입금\n6,680,067\n22,564,847\n\xa0 장기미지급금\n440,588\n368,603\n\xa0 리스부채\n111,769\n21,598\n소 \xa0 계\n13,301,089\n29,022,913\n합 \xa0 계\n70,261,615\n76,743,863\n(주1) 종업원급여와 관련된 미지급금 및 미지급비용은 제외되었습니다.\n5-3 금융상품 범주별 손익당반기 및 전반기 중 금융상품 범주별 손익은 다음과 같습니다.\n(1) 당반기\n(단위: 천원)\n구 \xa0 \xa0분\n수익(비용)\n기타포괄손익\n이자수익(비용)\n<금융자산>\n\xa0 당기손익-공정가치측정금융자산\n196,588\n-\n-\n\xa0 상각후원가측정금융자산\n1,182\n-\n1,014\n\xa0 기타포괄손익-공정가치측정금융자산\n825,058\n881,368\n-\n합 \xa0 계\n1,022,828\n881,368\n1,014\n<금융부채>\n\u3000\n\xa0 상각후원가측정금융부채\n(22,069)\n-\n(1,418,999)\n합 \xa0 계\n(22,069)\n-\n(1,418,999)\n(2) 전반기\n(단위: 천원)\n구 \xa0 \xa0분\n수익(비용)\n기타포괄손익\n이자수익(비용)\n<금융자산>\n\xa0 당기손익-공정가치측정금융자산\n(1,289,762)\n-\n-\n\xa0 상각후원가측정금융자산\n(4,403)\n-\n6,004\n\xa0 기타포괄손익-공정가치측정금융자산\n836,581\n1,011,366\n-\n합 \xa0 계\n(457,584)\n1,011,366\n6,004\n<금융부채>\n\xa0 상각후원가측정금융부채\n1,303,842\n-\n(1,218,489)\n합 \xa0 계\n1,303,842\n-\n(1,218,489)\n상기 금융상품 범주별 손익은 각각의 금융자산 및 금융부채에서 발생한 영업손익, 영업외손익 및 기타포괄손익을 포함하는 금액입니다.\n5-4 금융상품 종류별 공정가치당반기말 및 전기말 현재 금융상품의 종류별 장부금액 및 공정가치는 다음과 같습니다.\n(단위: 천원)\n구 \xa0 분\n당반기말\n전기말\n장부금액\n공정가치\n장부금액\n공정가치\n금융자산:\n\u3000\n\u3000\n\u3000\n\u3000\n\xa0 \xa0현금및현금성자산\n1,785,817\n1,785,817\n573,827\n573,827\n\xa0 \xa0매출채권\n17,985,999\n17,985,999\n22,065,864\n22,065,864\n\xa0 \xa0미수금\n77,985\n77,985\n123,695\n123,695\n\xa0 \xa0미수수익\n822,430\n822,430\n-\n-\n\xa0 \xa0장기금융상품\n12,000\n12,000\n12,000\n12,000\n\xa0 \xa0기타포괄손익-공정가치측정금융자산\n6,993,014\n6,993,014\n5,878,769\n5,878,769\n\xa0 \xa0상각후원가측정유가증권\n700\n700\n700\n700\n\xa0 \xa0보증금\n133,726\n133,726\n133,726\n133,726\n\xa0 \xa0대여금\n15,000\n15,000\n5,000\n5,000\n\xa0 \xa0파생상품자산\n1,708,782\n1,708,782\n1,803,305\n1,803,305\n합 \xa0 계\n29,535,453\n29,535,453\n30,596,886\n30,596,886\n금융부채:\n\u3000\n\u3000\n\u3000\n\u3000\n\xa0 \xa0매입채무\n6,211,810\n6,211,810\n5,652,866\n5,652,866\n\xa0 \xa0미지급금\n8,627,865\n8,627,865\n9,594,803\n9,594,803\n\xa0 \xa0미지급비용\n117,382\n117,382\n136,768\n136,768\n\xa0 \xa0차입금\n49,021,627\n49,021,627\n55,172,707\n55,172,707\n\xa0 \xa0예수보증금\n6,068,665\n6,068,665\n6,067,865\n6,067,865\n\xa0 \xa0리스부채\n214,266\n214,266\n118,854\n118,854\n합 \xa0 계\n70,261,615\n70,261,615\n76,743,863\n76,743,863\n상기 금융자산과 금융부채의 공정가치는 해당 금융상품을 강제매각이나 청산이 아닌거래 의사가 있는 당사자 간의 정상거래를 통해 거래되는 금액으로 계상되었으며, 장부금액이 공정가치의 합리적인 근사치라고 판단하고 있습니다.\n5-5 공정가치 서열체계에 따른 구분당사는 재무상태표에 공정가치로 측정되는 금융상품에 대하여 공정가치측정에 사용된 투입변수에 따라 다음과 같은 공정가치 서열체계로 분류하였습니다.\n구 분\n투입변수의 유의성\n수준1\n측정일에 동일한 자산이나 부채에 대한 접근 가능한 활성시장의 (조정되지 않은)공시가격\n수준2\n수준1의 공시가격 이외에 자산이나 부채에 대해 직접적으로 또는 간접적으로 관측가능한 투입 변수를사용하여 도출되는 공정가치\n수준3\n자산이나 부채에 대한 관측가능하지 않은 투입변수를 사용하는 평가기법으로부터 도출되는 공정가치\n당반기말 및 전기말 현재 공정가치로 측정되는 금융상품의 각 종류별로 공정가치 수준별측정치는 다음과 같습니다. \xa0(1) 당반기말\n(단위: 천원)\n구 \xa0 분\xa0\n수준 1\xa0\n수준 2\xa0\n수준 3\xa0\n합 \xa0 계\xa0\n금융자산:\n\xa0 기타포괄손익-공정가치측정금융자산\n6,993,014\n-\n-\n6,993,014\n\xa0 파생상품자산\n-\n1,708,782\n-\n1,708,782\n(2) 전기말\n(단위: 천원)\n구 \xa0 분\xa0\n수준 1\xa0\n수준 2\xa0\n수준 3\xa0\n합 \xa0 계\xa0\n금융자산:\n\xa0 기타포괄손익-공정가치측정금융자산\n5,878,769\n-\n-\n5,878,769\n\xa0 파생상품자산\n-\n1,803,305\n-\n1,803,305\n당사는 계속적으로 공정가치로 인식하는 금융상품에 대해 매 보고기간종료일에 분류를 재평가(측정치 전체에 유의적인 투입변수 중 가장 낮은 수준에 근거함)하여 수준간의 이동이 있는지를 판단하고 있습니다. 한편, 당반기와 전기 중 공정가치 서열체계 수준의 이동은 없었습니다.\n5-6 공정가치 서열체계 수준2의 가치평가기법 및 투입변수 설명보고기간말 현재 재무상태표에서 공정가치로 측정되는 자산부채 중 공정가치 서열체계 수준2로 분류된 항목의 가치평가기법과 투입변수는 다음과 같습니다.\xa0\n(1) 당반기말\n(단위: 천원)\n구 \xa0 분\n공정가치\n가치평가기법\n투입변수\n<금융자산>\n\xa0 파생상품자산\n1,708,782\n청산손익\n환율\n(2) 전기말\n(단위: 천원)\n구 \xa0 분\n공정가치\n가치평가기법\n투입변수\n<금융자산>\n\xa0 파생상품자산\n1,803,305\n청산손익\n환율\n5-7 사용이 제한된 예금 등당반기말 및 전기말 현재 사용이 제한된 예금 등의 내역은 다음과 같습니다.\n(단위: 천원)\n계정과목\n거래처\n당반기말\n전기말\n제 \xa0한 \xa0내 \xa0용\n장기금융상품\n신한은행 외\n12,000\n12,000\n당좌개설보증금\n6. 매출채권 및 수취채권 6-1 당반기말 및 전기말 현재 매출채권 및 수취채권의 내역은 다음과 같습니다.(1) 당반기말\n(단위: 천원)\n구 \xa0 분\n유동\n비유동\n취득원가\n대손충당금\n장부금액\n취득원가\n대손충당금\n장부금액\n매출채권\n17,985,999\n-\n17,985,999\n-\n-\n-\n미수금\n91,440\n(13,455)\n77,985\n-\n-\n-\n미수수익\n822,430\n-\n822,430\n-\n-\n-\n장기기타채권\n-\n-\n-\n133,726\n-\n133,726\n장기대여금\n-\n-\n-\n15,000\n-\n15,000\n합 \xa0 계\n18,899,869\n(13,455)\n18,886,414\n148,726\n-\n148,726\n(2) 전기말\n(단위: 천원)\n구 \xa0 분\n유동\n비유동\n취득원가\n대손충당금\n장부금액\n취득원가\n대손충당금\n장부금액\n매출채권\n22,065,864\n-\n22,065,864\n-\n-\n-\n미수금\n137,150\n(13,455)\n123,695\n-\n-\n-\n장기기타채권\n-\n-\n-\n133,726\n-\n133,726\n장기대여금\n-\n-\n-\n5,000\n-\n5,000\n합 \xa0 계\n22,203,014\n(13,455)\n22,189,559\n138,726\n-\n138,726\n6-2 당반기 및 전반기 중 매출채권 및 수취채권 대손충당금의 변동은 없습니다.\n6-3 당반기말 및 전기말 현재 회수기간경과에 따른 매출채권 및 수취채권의 내역은 다음과 같습니다.(1) 당반기말\n(단위: 천원)\n구 \xa0 분\n정상채권\n만기 경과 정상채권\n손상채권\n합 계\n3개월 이하\n3개월~6개월\n6개월 초과\n매출채권\n17,807,842\n177,419\n-\n738\n-\n17,985,999\n기타채권(주1)\n1,049,141\n-\n-\n-\n13,455\n1,062,596\n합 \xa0 계\n18,856,983\n177,419\n-\n738\n13,455\n19,048,595\n(주1) 미수금, 미수수익, 보증금 및 대여금으로 구성되었습니다.\n(2) 전기말\n(단위: 천원)\n구 \xa0분\n정상채권\n만기 경과 정상채권\n손상채권\n합 계\n3개월 이하\n3개월~6개월\n6개월 초과\n매출채권\n21,631,030\n433,359\n1,475\n-\n-\n22,065,864\n기타채권(주1)\n262,421\n-\n-\n-\n13,455\n275,876\n합 \xa0계\n21,893,451\n433,359\n1,475\n-\n13,455\n22,341,740\n(주1) 미수금, 보증금 및 대여금으로 구성되었습니다.\n7. 기타자산당반기말 및 전기말 현재 기타자산의 내역은 다음과 같습니다.\n(단위: 천원)\n구 \xa0 \xa0분\n당반기말\n전기말\n선급금\n126,447\n189,084\n선급비용\n99,759\n374,196\n기타유동자산\n17,077\n30,289\n당기법인세자산\n-\n704\n합 \xa0계\n243,283\n594,273\n8. 재고자산당반기말 및 전기말 현재 재고자산의 내역은 다음과 같습니다.\n(단위: 천원)\n구 \xa0 분\n당반기말\n전기말\n취득원가\n손실충당금\n장부금액\n취득원가\n손실충당금\n장부금액\n상품\n386,384\n(32,559)\n353,825\n294,462\n(35,205)\n259,257\n제품\n12,173,718\n(384,542)\n11,789,176\n13,015,329\n(640,541)\n12,374,788\n재공품\n320,842\n-\n320,842\n327,688\n-\n327,688\n원부재료\n992,709\n-\n992,709\n625,768\n-\n625,768\n저장품\n239,602\n-\n239,602\n238,244\n-\n238,244\n미착품\n114,425\n-\n114,425\n130,710\n-\n130,710\n합 \xa0 계\n14,227,680\n(417,101)\n13,810,579\n14,632,201\n(675,746)\n13,956,455\n한편, 당반기 및 전반기 중 매출원가에서 차감한 재고자산평가손실환입은 각각 \xa0 \xa0 \xa0 258,645천원 및 201,942천원 입니다.또한 당반기말 현재 당사는 화장품류의 재고자산에 대하여 삼성화재해상보험㈜에 \xa0 1사고 당 보상한도액 100,000천원의 생산물배상책임보험에 가입하고 있습니다.\n9. 장기투자증권9-1 당반기말 및 전기말 현재 장기투자증권의 내역은 다음과 같습니다.\n(단위: 천원)\n구 \xa0 \xa0분\n당반기말\n전기말\n상각후원가측정금융자산\n기타포괄손익-공정가치측정금융자산\n합 계\n상각후원가측정금융자산\n기타포괄손익-공정가치측정금융자산\n합 계\n지분상품:\n\xa0 \xa0상장주식(주1)\n-\n6,993,014\n6,993,014\n-\n5,878,769\n5,878,769\n\xa0 \xa0비상장주식\n-\n-\n-\n-\n-\n-\n채무상품:\n\xa0 \xa0국공채\n700\n-\n700\n700\n-\n700\n합 \xa0계\n700\n6,993,014\n6,993,714\n700\n5,878,769\n5,879,469\n(주1) 당사는 단기매매항목이 아닌 전략적 투자목적으로 보유하는 지분상품에 대해 기타포괄손익-공정가치측정항목으로 지정하는 취소 불가능한 선택권을 적용하였습니다. 당사는 동 지분상품의 공정가치에 대한 단기간의 변동을 당기손익으로 인식하는 것이 장기목적으로 이러한 지분상품을 보유하여 잠재적인 성과를 장기간에 걸쳐 실현하고자 하는 당사의 전략과 일관되지 않는다고 판단하고 있습니다.\n9-2 당반기말 및 전기말 현재 활성시장에서 거래되는 장기투자증권의 내역은 다음과같습니다.\n(단위: 천원)\n구 \xa0 분\n당반기말\n전기말\n지분율(%)\n원 \xa0가\n공정가치\n장부금액\n장부금액\n미래에셋생명보험㈜\n0.03\n347,988\n242,995\n242,995\n254,605\n㈜신한지주\n0.001\n282,111\n230,276\n230,276\n178,214\n미래에셋증권㈜\n0.03\xa0\n2,866,281\n1,202,810\n1,202,810\n962,546\n하이트진로㈜\n0.02\xa0\n896,330\n276,828\n276,828\n256,337\n하이트진로홀딩스㈜\n0.03\xa0\n339,816\n59,055\n59,055\n55,968\n㈜TCC스틸\n0.32\xa0\n304,260\n4,921,528\n4,921,528\n4,113,701\n㈜웅진\n0.06\xa0\n362,064\n59,522\n59,522\n57,398\n합 \xa0 계\n\u3000\n5,398,849\n6,993,014\n6,993,014\n5,878,769\n9-3 당반기말 및 전기말 현재 활성시장에서 거래되지 않는 장기투자증권의 내역은 다음과 같습니다.\xa0\n(단위: 천원)\n구 \xa0 분\n당반기말\n전기말\n지분율(%)\n원 \xa0가\n장부금액\n장부금액\n채무증권\n서울시 도시철도공채\n-\n700\n700\n700\n9-4 당반기 및 전반기 중 장기투자증권의 변동내역은 다음과 같습니다.\n(단위: 천원)\n구 \xa0 분\n당반기\n전반기\n기초\n5,879,469\n2,364,490\n기타포괄손익으로 인식한 평가손익\n1,114,245\n1,320,965\n기말\n6,993,714\n3,685,455\n9-5 당반기 및 전반기 중 기타포괄손익-공정가치측정금융자산평가손익의 변동내역은 다음과 같습니다.\xa0\n(단위: 천원)\n구 \xa0 분\n당반기\n전반기\n기초\n479,920\n(3,047,036)\n평가\n1,114,245\n1,320,965\n기말\n1,594,165\n(1,726,072)\n법인세효과\n(333,180)\n360,749\n법인세효과 차감 후(주1)\n1,260,985\n(1,365,323)\n(주1) 재무상태표 상 기타자본항목은 법인세효과를 직접 차감하여 표시하였습니다.\n10. 종속기업투자 10-1 당반기말 및 전기말 현재 종속기업투자의 현황은 다음과 같습니다.\n(단위: 천원)\n구 분\n회사명\n소재지\n당반기말\n전기말\n지분율(%)\n장부금액\xa0\n지분율(%)\n장부금액\xa0\n종속기업\n삼화왕관㈜\n대한민국\n60.98\xa0\n63,261,445\n60.98\xa0\n63,261,445\n10-2 \xa0종속기업투자의 변동당반기 및 전반기 중 종속기업투자의 변동은 없습니다.\n10-3 종속기업 요약재무정보당반기말 및 전기말 현재 종속기업의 요약재무정보는 다음과 같습니다.(1) 당반기말\n(단위: 천원)\n종속기업명\n자산\n부채\n자본\n매출\n반기순이익\n삼화왕관㈜(주1)\n201,004,329\n94,866,507\n106,137,822\n74,250,944\n1,265,527\n(주1) 상기 요약재무정보는 삼화왕관㈜와 그 종속기업의 연결재무제표 기준입니다.\n(2) 전기말\n(단위: 천원)\n종속기업명\n자산\n부채\n자본\n매출\n당기순손실\n삼화왕관㈜(주1)\n205,295,526\n97,249,158\n108,046,368\n159,448,243\n(4,353,625)\n(주1) 상기 요약재무정보는 삼화왕관㈜와 그 종속기업의 연결재무제표 기준입니다.\n11. 투자부동산11-1 당반기말 및 전기말 \xa0현재 투자부동산의 내역은 다음과 같습니다.\n(단위: 천원)\n구 \xa0 분\n당반기말\n전기말\n취득원가\n감가상각누계액\n장부금액\n취득원가\n감가상각누계액\n장부금액\n건물\n1,009,109\n(650,525)\n358,584\n994,786\n(635,535)\n359,251\n11-2 당반기 및 전반기 중 투자부동산 장부금액의 변동내용은 다음과 같습니다.(1) 당반기\n(단위: 천원)\n구 \xa0 분\n기초\n대체\n감가상각비\n당반기말\n건물\n359,251\n14,323\n(14,990)\n358,584\n(2) 전반기\n(단위: 천원)\n구 \xa0 분\n기초\n대체\n감가상각비\n당반기말\n건물\n388,634\n-\n(14,691)\n373,943\n11-3 당반기 및 전반기 중 투자부동산과 관련하여 당기손익으로 인식한 내용은 다음과 같습니다.\n(단위: 천원)\n구분\n당반기\n전반기\n임대수익\n156,666\n156,856\n운영비용\n(23,780)\n(22,298)\n합 \xa0 \xa0계\n132,886\n134,558\n12. 유형자산 \n12-1 당반기말 및 전기말 현재 유형자산 장부금액의 구성내역은 다음과 같습니다.(1) 당반기말\n(단위: 천원)\n구 \xa0 분\n취득금액\n감가상각누계액\n정부보조금\n장부금액\n토지\n15,979,271\n-\n-\n15,979,271\n건물\n12,847,505\n(7,845,845)\n-\n5,001,660\n구축물\n4,936,608\n(3,537,978)\n-\n1,398,630\n기계장치\n96,895,767\n(78,321,013)\n(314,435)\n18,260,319\n차량운반구\n247,915\n(122,412)\n-\n125,503\n공기구비품\n16,227,302\n(14,138,242)\n(216,990)\n1,872,070\n건설중인자산\n230,400\n-\n-\n230,400\n합 \xa0 계\n147,364,768\n(103,965,490)\n(531,425)\n42,867,853\n(2) 전기말\n(단위: 천원)\n구 \xa0 분\n취득금액\n감가상각누계액\n정부보조금\n장부금액\n토지\n15,979,271\n-\n-\n15,979,271\n건물\n12,825,438\n(7,629,042)\n-\n5,196,396\n구축물\n4,936,607\n(3,474,974)\n-\n1,461,633\n기계장치\n96,745,489\n(75,726,949)\n(334,539)\n20,684,001\n차량운반구\n247,915\n(106,061)\n-\n141,854\n공기구비품\n15,600,321\n(13,641,708)\n(165,320)\n1,793,293\n건설중인자산\n306,912\n-\n-\n306,912\n합 \xa0 계\n146,641,953\n(100,578,734)\n(499,859)\n45,563,360\n12-2 당반기 및 전반기 중 유형자산 장부금액의 변동내용은 다음과 같습니다.(1) 당반기\n(단위: 천원)\n구 \xa0 분\n기초\n취득\n정부보조금\n대체\n감가상각비\n당반기말\n토지\n15,979,271\n-\n-\n-\n-\n15,979,271\n건물\n5,196,396\n-\n-\n22,067\n(216,803)\n5,001,660\n구축물\n1,461,633\n-\n-\n-\n(63,003)\n1,398,630\n기계장치\n20,684,001\n135,278\n-\n15,000\n(2,573,960)\n18,260,319\n차량운반구\n141,854\n-\n-\n-\n(16,351)\n125,503\n공기구비품\n1,793,293\n507,375\n(93,873)\n119,606\n(454,331)\n1,872,070\n건설중인자산\n306,912\n94,484\n-\n(170,996)\n-\n230,400\n합 \xa0 계\n45,563,360\n737,137\n(93,873)\n(14,323)\n(3,324,448)\n42,867,853\n(2) 전반기\n(단위: 천원)\n구 \xa0 분\n기초\n취득\n정부보조금\n대체\n감가상각비\n당반기말\n토지\n15,979,271\n-\n-\n-\n-\n15,979,271\n건물\n5,592,820\n-\n-\n35,963\n(216,044)\n5,412,739\n구축물\n1,361,130\n-\n-\n236,623\n(72,699)\n1,525,054\n기계장치\n23,910,895\n14,830\n-\n1,596,401\n(2,484,676)\n23,037,450\n차량운반구\n-\n134,793\n-\n-\n(6,740)\n128,054\n공기구비품\n1,710,628\n564,373\n(140,736)\n148,012\n(454,985)\n1,827,292\n건설중인자산\n209,623\n1,807,377\n-\n(2,016,999)\n-\n-\n합 \xa0 계\n48,764,367\n2,521,373\n(140,736)\n-\n(3,235,144)\n47,909,860\n12-3 보험가입 내역당반기말 현재 당사는 유형자산에 대하여 롯데손해보험 등에 부보금액 103,977,538천원의 화재보험에 가입하고 있으며 동 부보금액 중 당사의 장기차입금과 관련하여 질권이 설정되어 있던 부분은 전기 중 해지가 되었습니다. 또한, 당사는 차량보험, 가스배상책임보험 및 생산물배상책임보험 등에 가입하고 있습니다.\n13. 사용권자산 및 리스부채13-1 당반기말 및 전기말 현재 사용권자산 장부금액의 구성내역은 다음과 같습니다.\n(단위: 천원)\n구 \xa0 분\n당반기말\n전기말\n취득원가\n감가상각누계액\n장부금액\n취득원가\n감가상각누계액\n장부금액\n건물\n93,843\n(76,247)\n17,596\n93,842\n(64,516)\n29,326\n차량운반구\n255,877\n(62,530)\n193,347\n635,051\n(551,888)\n83,163\n합 \xa0 계\n349,720\n(138,777)\n210,943\n728,893\n(616,404)\n112,489\n13-2 당반기 및 전반기 중 사용권자산 장부금액의 변동내역은 다음과 같습니다.(1) 당반기\n(단위: 천원)\n구 \xa0 분\n기초\n증 \xa0 가\n감가상각비\n기타(주1)\n기 \xa0 말\n건물\n29,326\n-\n(11,730)\n-\n17,596\n차량운반구\n83,163\n184,291\n(59,415)\n(14,692)\n193,347\n합 \xa0 계\n112,489\n184,291\n(71,145)\n(14,692)\n210,943\n(주1) 리스기간 중 중도해지로 인해 리스부채와 상계되었습니다.\n(2) 전반기\n(단위: 천원)\n구 \xa0 분\n기초\n감가상각비\n기 \xa0 말\n건물\n52,786\n(11,730)\n41,056\n차량운반구\n233,946\n(75,392)\n158,554\n합 \xa0 계\n286,732\n(87,122)\n199,610\n13-3 당반기 및 전반기 중 리스와 관련하여 손익으로 인식된 금액은 다음과 같습니다.\n(단위: 천원)\n구 \xa0 분\n당반기\n전반기\n사용권자산 감가상각비\n71,145\n87,122\n리스부채 이자비용\n4,090\n5,033\n단기리스 관련 비용\n60,475\n78,797\n소액자산리스 관련 비용\n45,825\n48,997\n당반기 및 전반기 중 리스의 총 현금유출은 각각 183,324천원 및 222,240천원입니 다.13-4 당반기말 및 전기말 현재 리스부채의 만기분석 내용은 다음과 같습니다.\n(단위: 천원)\n구 \xa0분\n당반기말\n전기말\n최소리스료\n최소리스료의 현재가치\n최소리스료\n최소리스료의 현재가치\n1년이내\n111,577\n102,497\n99,567\n97,256\n1년 초과 2년 이내\n76,247\n71,731\n20,150\n19,811\n2년 초과 3년 이내\n40,925\n40,038\n1,800\n1,787\n소 \xa0 \xa0계\n228,749\n214,266\n121,517\n118,854\n차감: 현재가치 조정금액\n(14,483)\n-\n(2,663)\n-\n리스부채의 현재가치\n214,266\n\u3000\n118,854\n\u3000\n14. 무형자산14-1 당반기말 및 전기말 현재 무형자산 장부금액의 구성내역은 다음과 같습니다.\n(단위: 천원)\n구 \xa0 분\n당반기말\n전기말\n취득금액\n상각누계액\n장부금액\n취득금액\n상각누계액\n장부금액\n공업소유권\n153,666\n(141,069)\n12,597\n153,666\n(140,102)\n13,564\n회원권\n1,901,262\n-\n1,901,262\n1,901,262\n-\n1,901,262\n기타의 무형자산\n372,864\n(337,648)\n35,216\n372,864\n(329,365)\n43,499\n합 \xa0 계\n2,427,792\n(478,717)\n1,949,075\n2,427,792\n(469,467)\n1,958,325\n14-2 당반기 및 전반기 중 무형자산의 장부금액 변동내역은 다음과 같습니다.(1) 당반기\n(단위: 천원)\n구 \xa0 분\n기초\n취득\n처분\n상각비\n기말\n공업소유권\n13,564\n-\n-\n(967)\n12,597\n회원권\n1,901,262\n-\n-\n-\n1,901,262\n기타의 무형자산\n43,499\n-\n-\n(8,283)\n35,216\n합 \xa0 계\n1,958,325\n-\n-\n(9,250)\n1,949,075\n(2) 전반기\n(단위: 천원)\n구 \xa0 분\n기초\n취득\n처분\n상각비\n기말\n공업소유권\n14,980\n537\n-\n(986)\n14,531\n회원권\n1,851,143\n96,886\n(46,767)\n-\n1,901,262\n기타의 무형자산\n40,794\n18,500\n-\n(7,512)\n51,782\n합 \xa0 계\n1,906,917\n115,923\n(46,767)\n(8,498)\n1,967,575\n14-3 온실가스배출권과 배출부채 (1) 당반기말 현재 계획기간 및 이행연도별 무상할당 배출권 수량은 다음과 같습니 다.\n(단위: KAU)\n1차 계획기간\n무상할당 배출권\n2차 계획기간\n무상할당 배출권\n3차계획기간\n무상할당 배출권\n2015년도분\n58,183\n2018년도분\n81,305\n2021년도분\n79,868\n2016년도분\n56,032\n2019년도분\n81,305\n2022년도분\n79,868\n2017년도분\n64,520\n2020년도분\n81,305\n2023년도분\n79,868\n-\n-\n-\n-\n2024년도분\n79,120\n-\n-\n-\n-\n2025년도분\n79,120\n합 \xa0 계\n178,735\n합 \xa0 계\n243,915\n합 \xa0 계\n397,844\n(2) 1차 계획기간 중 온실가스배출권의 변동내역은 다음과 같습니다.\n(단위: KAU)\n구 \xa0 분\n2015년도 분\n2016년도 분\n2017년도 분\n계획기간 합계\n수량\n장부금액\n수량\n장부금액\n수량\n장부금액\n수량\n장부금액\n기초\n-\n-\n-\n-\n-\n-\n-\n-\n무상할당\n58,183\n-\n56,032\n-\n64,520\n-\n178,735\n-\n정부제출\n(53,964)\n-\n(54,423)\n-\n(49,901)\n-\n(158,288)\n-\n이월\n(4,219)\n-\n(1,609)\n-\n(14,619)\n-\n(20,447)\n-\n기말\n-\n-\n-\n-\n-\n-\n-\n-\n(3) 2차 계획기간 중 온실가스배출권의 변동내역은 다음과 같습니다.\n(단위: KAU)\n구 \xa0 분\n2018년도 분\n2019년도 분\n2020년도 분\n계획기간 합계\n수량\n장부금액\n수량\n장부금액\n수량\n장부금액\n수량\n장부금액\n기초\n-\n-\n-\n-\n-\n-\n-\n-\n무상할당\n81,305\n-\n81,305\n-\n81,305\n-\n243,915\n-\n전기간이월\n20,447\n-\n16,022\n-\n10,000\n-\n46,469\n-\n정부제출\n(80,389)\n-\n(82,340)\n-\n(77,696)\n-\n(240,425)\n-\n매각\n(5,341)\n-\n(4,987)\n-\n(7,625)\n-\n(17,953)\n-\n이월\n-\n-\n-\n-\n-\n-\n-\n-\n기말\n16,022\n-\n10,000\n-\n5,984\n-\n32,006\n-\n(4) 3차 계획기간 중 온실가스배출권의 변동내역은 다음과 같습니다.\n(단위: KAU)\n구 \xa0 분\n2021년도분\n2022년도분\n2023년도분\n2024년도분\n2025년도분\n계획기간 합계\n수량\n장부금액\n수량\n장부금액\n수량\n장부금액\n수량\n장부금액\n수량\n장부금액\n수량\n장부금액\n기초\n-\n-\n-\n-\n-\n-\n-\n-\n-\n-\n-\n-\n무상할당\n79,868\n-\n79,868\n-\n79,868\n-\n79,120\n-\n79,120\n-\n397,844\n-\n전기간이월\n5,984\n-\n1,946\n-\n1,232\n-\n(1,790)\n-\n-\n-\n7,372\n-\n정부제출\n(82,933)\n-\n(79,965)\n-\n(82,890)\n-\n-\n-\n-\n-\n(245,788)\n-\n매각\n(973)\n-\n(617)\n-\n-\n-\n-\n-\n-\n-\n(1,590)\n-\n이월\n-\n-\n-\n-\n-\n-\n-\n-\n-\n-\n-\n-\n기말\n1,946\n-\n1,232\n-\n(1,790)\n-\n77,330\n-\n79,120\n-\n157,838\n-\n(5) 당반기말 현재 당사가 인식하고 있는 온실가스배출권 및 배출부채 장부금액은 없으며, 당반기 중 인식한 관련 손익도 없습니다.\n15. 정부보조금당사는 산업통상자원부에서 주관하는 소재부품기술개발사업과 관련하여 한국산업기술평가관리원과 개발협약을 체결하였으며, 미세플라스틱 저감을 위한 초경량 고강도 유리 제조기술 개발 과제를 수행하고 있습니다.동 개발사업과 관련하여 당반기말 현재 당사 부담금 324천원이 남아있으며, 이에 대하여 미수금으로 표시하고 있습니다. 개발사업과 관련하여 개발기간 종료 후, 관련정부보조금에 대한 상환의무가 발생할 수 있습니다.16. 차입금\n16-1 당반기말 및 전기말 현재 단기차입금의 내역은 다음과 같습니다.\n(단위: 천원)\n차입금종류\n차입처\n당반기말\n연이자율(%)\n당반기말\n전기말\n일반차입금\nKDB산업은행\n4.69\xa0\n5,000,000\n5,000,000\n하나은행\n5.38\xa0\n2,000,000\n3,000,000\n신한은행\n5.52\xa0\n1,000,000\n1,150,000\n우리은행\n-\n-\n2,000,000\n합 \xa0 계\n8,000,000\n11,150,000\n16-2 당반기말 및 전기말 현재 장기차입금의 내역은 다음과 같습니다.\n(단위: 천원)\n차입금종류\n차입처\n당반기말\n연이자율(%)\n당반기말\n전기말\n만기\n에너지시설자금\n신한은행\n-\n-\n372,300\n2024-03-15\n국민은행\n2.25\xa0\n840,500\n1,008,600\n2026-09-15\n2.25\xa0\n446,550\n515,250\n2027-06-15\n시설자금\n신한은행\n-\n-\n378,667\n2024-02-27\n3.16\xa0\n3,850,000\n4,550,000\n2026-11-15\nKDB산업은행\n2.79\xa0\n1,043,010\n1,274,790\n2026-05-19\n2.43\xa0\n774,630\n946,770\n2026-05-19\n2.76\xa0\n432,270\n528,330\n2026-05-19\n우리은행\n5.07\xa0\n3,000,000\n3,000,000\n2024-11-18\n5.06\xa0\n4,000,000\n4,000,000\n2024-10-21\n하나은행\n4.99\xa0\n1,000,000\n1,000,000\n2024-10-27\n운영자금\nKDB산업은행\n5.09\xa0\n6,000,000\n6,000,000\n2024-08-04\n5.09\xa0\n2,000,000\n2,000,000\n2024-08-04\n하나은행\n2.50\xa0\n13,468,000\n13,448,000\n2024-10-30\n6.36\xa0\n4,166,667\n5,000,000\n2026-04-04\n소 \xa0 \xa0계\n41,021,627\n44,022,707\n차감: 유동성대체\n(34,341,560)\n(21,457,860)\n합 \xa0 \xa0계\n6,680,067\n22,564,847\n16-3 당반기말 현재 장기차입금의 상환계획은 다음과 같습니다.\n(단위: 천원)\n종 \xa0 류\n당반기말 잔액\n상환금액\n2025년 3월\n2026년 3월\n2027년 3월\n2028년 3월\n2028년 4월이후\n장기차입금\n41,021,627\n34,341,560\n4,873,560\n1,772,157\n34,350\n-\n17. 파생상품 17-1 당반기말 현재 당사가 체결하고 있는 통화선도계약의 현황은 다음과 같습니다.\n(단위: USD, 천원)\n구 분\n금융기관\n약정한도\n실행금액\n통화선도\n신한은행\nUSD 300,000\n-\n통화이자율스왑\n하나은행\nUSD 10,000,000\n11,960,000\n(단위: USD, 천원)\n거래형태\n계약처\n계약금액\n지급/수취 이자율\n계약만기일\n평가손익\n통화이자율스왑\n하나은행\nUSD 10,000,000 / KRW 11,960,000,000\n\xa02.5%/LIBOR3M+1%\xa0\n2024.10.30\n(94,522)\n당사는 변동금리이자부 외화표시 차입금으로부터 예상되는 USD의 KRW에 대한 환율변동위험과 이자율위험을 회피하기 위하여 통화이자율스왑 계약을 체결하고 있으며, 상기 파생상품계약과 관련한 파생상품평가손익을 당기손익으로 반영하였습니다.17-2 당반기말 및 전기말 현재 파생금융상품 평가 후 자산 \xa0금액은 다음과 같습니다.\n(단위: 천원)\n구 \xa0 분\n당반기말\n전기말\n파생상품자산\n1,708,782\n1,803,305\n18. 기타부채18-1 당반기말 및 전기말 현재 기타유동부채의 내역은 다음과 같습니다.\n(단위: 천원)\n구 \xa0 분\n당반기말\n전기말\n환불부채\n50,540\n63,011\n이연수익\n3,527\n3,789\n합 \xa0 계\n54,067\n66,800\n18-2 당반기 및 전반기 중 기타유동부채 변동내역은 다음과 같습니다.(1) 당반기\n(단위: 천원)\n구 \xa0 분\n기초\n설정\n대체\n기말\n환불부채\n63,011\n50,540\n(63,011)\n50,540\n이연수익\n3,789\n-\n(262)\n3,527\n합 \xa0 계\n66,800\n50,540\n(63,273)\n54,067\n(2) 전반기\n(단위: 천원)\n구 \xa0 분\n기초\n설정\n대체\n기말\n환불부채\n28,103\n60,452\n(28,103)\n60,452\n이연수익\n10,080\n-\n(6,544)\n3,536\n합 \xa0 계\n38,183\n60,452\n(34,647)\n63,988\n18-3 당반기말 및 전기말 현재 기타비유동부채의 내역은 다음과 같습니다.\n(단위: 천원)\n구 \xa0 분\n당반기말\n전기말\n장기미지급비용(장기종업원급여부채)\n510,328\n429,233\n당사는 일정 기준을 충족한 장기근속직원에게 금을 지급하는 제도를 운영하고 있으며, 이에 대한 평가는 적격성이 있는 독립적인 보험계리인에 의해서 예측단위적립방식을 사용하여 수행되었습니다.\n19. 퇴직급여제도 \xa0당사는 임직원의 선택에 따라 확정기여형퇴직급여제도와 확정급여형퇴직급여제도를 운영하고 있습니다.\n19-1 확정기여형퇴직급여제도사외적립자산은 수탁자의 관리 하에서 기금형태로 당사의 자산들로부터 독립적으로 운용되고 있습니다. 종업원들이 확정기여형의 가득조건을 충족하기 전에 퇴사하는 경우에 당사가 지불해야 할 기여금은 상실되는 기여금만큼 감소하게 됩니다.\n포괄손익계산서에 인식된 총비용 409,873천원(전반기: 430,102천원)은 퇴직급여제도에서 규정하고 있는 비율에 따라 당사가 퇴직급여제도에 납입할 기여금을 나타내고 있습니다. 당반기말 현재 미지급된 금액은 457,729천원(전기말: 69,836천원)입니다.\n19-2 확정급여형퇴직급여제도가장 최근의 사외적립자산과 확정급여채무의 보험수리적 평가는 2024년 4월 15일에수행되었습니다. 확정급여채무의 현재가치, 관련 당기근무원가 및 과거근무원가는 예측단위적립방식을 사용하여 측정되었습니다.(1) 당반기말 및 전기말 현재 확정급여부채의 구성내역은 다음과 같습니다.\n(단위: 천원)\n구 \xa0 분\n당반기말\n전기말\n기금이 적립되는 확정급여채무의 현재가치\xa0\n1,992,272\n2,184,393\n사외적립자산의 공정가치\n(1,946,444)\n(2,222,954)\n합 \xa0 계\n45,828\n(38,561)\n(2) 당반기 및 전반기 중 확정급여채무의 현재가치 변동내역은 다음과 같습니다.\n(단위: 천원)\n구 \xa0 분\n당반기\n전반기\n기초\n2,184,394\n2,030,151\n당기근무원가\n82,564\n83,841\n이자원가\n49,390\n49,358\n퇴직금 지급액\n(371,303)\n(187,493)\n재측정요소:\n47,227\n10,432\n\xa0 \xa0인구통계학적 가정의 변동에서 발생하는 보험수리\n(849)\n-\n\xa0 \xa0재무적가정의 변동에서 발생하는 보험수리적손익\n92,870\n91,311\n\xa0 \xa0경험조정\n(44,794)\n(80,879)\n기말\n1,992,272\n1,986,289\n(3) 당반기 및 전반기 중 사외적립자산의 공정가치 변동내역은 다음과 같습니다.\n(단위: 천원)\n구 \xa0 분\n당반기\n전반기\n기초\n2,222,954\n2,325,139\n기대수익\n50,139\n56,674\n퇴직금지급액\n(312,683)\n(183,279)\n재측정요소:\n(13,966)\n(19,768)\n\xa0 경험요소\n(13,966)\n(19,768)\n기말\n1,946,444\n2,178,766\n(4) 당반기말 및 전기말 현재 사외적립자산의 구성요소는 다음과 같습니다.\n(단위: 천원)\n구 \xa0 분\n당반기말\n전기말\n채무증권\n1,939,218\n2,214,610\n현금성자산\n7,226\n8,344\n합 \xa0 계\n1,946,444\n2,222,954\n(5) 당반기말 및 전기말 현재 사용한 주요 보험수리적 가정은 다음과 같습니다.\n(단위: %)\n구 \xa0 분\n당반기말\n전기말\n할인율\n3.96\n4.73\n미래임금상승률\n3.15\n3.15\n(6) 당반기말 및 전기말 현재 주요 가정의 변동에 따른 확정급여채무의 민감도 분석은 다음과 같습니다.\n(단위: 천원)\n구 \xa0 분\n당반기말\n전기말\n확정급여채무의 증가(감소)\n확정급여채무의 증가(감소)\n1% 상승시\n1% 하락시\n1% 상승시\n1% 하락시\n할인율\n(119,309)\n131,485\n(123,431)\n135,657\n임금상승률\n131,361\n(121,407)\n136,587\n(126,495)\n20. 우발채무 및 약정사항20-1 금융기관과의 약정사항당반기말 현재 당사의 금융기관과의 약정사항 내역은 다음과 같습니다.\n(단위: 천원, USD)\n금융기관명\n구 \xa0분\n약정한도\n실행금액\n신한은행\n당좌대출\n500,000\n-\n일반자금대출\n5,000,000\n1,000,000\n외담대담보대출(주1)\n3,000,000\n601,036\n수입 L/C\nUSD 3,400,000\n-\n하나은행\n일반자금대출\n3,000,000\n2,000,000\n우리은행\n일반자금대출\n2,000,000\n-\n(주1) 당반기말 현재 당사는 신한은행과 3,000,000천원의 어음할인 한도약정을 체결하고 있으며 거래처가 실행한 금액은 601,036천원입니다.(주2) 당반기말 현재 당사는 변동금리이자부 외화표시 차입금으로부터 예상되는 \xa0 \xa0 USD의 KRW에 대한 환율변동위험과 이자율위험을 회피하기 위하여 통화이자율스왑 계약을 체결하고 있습니다.\n20-2 기술계약현황당반기말 현재 당사가 체결중인 기술도입계약의 내용과 당반기 및 전반기 중 제품제조원가로 인식한 기술도입수수료는 다음과 같습니다.\n(단위: 천원)\n기술제공자\n기술도입내용\n당반기\n전반기\nNIHON YAMAMURA GLASS Co. Ltd\n유리병 제품 생산을 위한 기술 및 용역의 도입\n49,949\n-\n20-3 담보제공내역당반기말 현재 당사 소유 기계장치 등의 일부분이 신한은행에 담보제공(채권최고액 \xa021,961,200천원)되어 있습니다.\n20-4 제공받은 지급보증당반기말 현재 당사는 방치폐기물처리 등과 관련하여 서울보증보험으로부터 \xa0 \xa0 \xa0 \xa0 \xa01,591,778천원의 지급보증을 제공받고 있습니다.20-5 미회수수표당반기말 현재 국민은행으로부터 교부받았던 수표 가운데 아직 회수되지 않은 수표가 1매 있습니다. 당사는 동 수표에 대해서 1994년 11월 26일에 분실신고를 한 바 있으며, 전기 중 제권판결을 받았습니다. 한편 당반기말 현재 신한은행을 통해 교부했던 지급어음 가운데, 아직 교환되지 않은 어음이 3매가 있습니다.\n21. 자본\xa0 \xa0 \xa0 \xa0 \xa021-1 자본금당반기말 현재 당사의 보통주 자본금의 내역은 다음과 같습니다.\r\n수권 주식수\n1주의 금액\n발행 주식수\n보통주자본금\n4,000,000주\n5,000원\n1,000,000주\n5,000,000천원\n21-2 자본잉여금당반기말 및 전기말 현재 당사의 자본잉여금의 내역은 다음과 같습니다.\xa0\n(단위: 천원)\n구 \xa0 \xa0분\n당반기말\n전기말\n주식발행초과금\n1,300,000\n1,300,000\n재평가적립금\n11,033,733\n11,033,733\n자기주식처분이익\n579,559\n579,559\n합 \xa0 계\n12,913,292\n12,913,292\n21-3 기타자본항목당반기말 및 전기말 현재 당사의 기타자본항목의 내역은 다음과 같습니다.\n(단위: 천원)\n구 \xa0 \xa0분\n당반기말\n전기말\n자기주식\n(2,590,458)\n(2,590,458)\n당사는 자사주식의 가격안정을 위하여 당사 주식을 시가로 취득하여 자본에서 차감하여 회계처리하고 있으며, 당반기말 현재 향후 처리계획 등은 결정된 바 없습니다.\n21-4 기타포괄손익누계액당반기말 및 전기말 현재 당사의 기타포괄손익누계액의 내역은 다음과 같습니다.\n(단위: 천원)\n구 \xa0 분\n당반기말\n전기말\n기타포괄손익-공정가치금융자산평가이익\n3,652,259\n3,013,268\n기타포괄손익-공정가치금융자산평가손실\n(2,391,274)\n(2,633,651)\n합 \xa0 계\n1,260,985\n379,617\n21-5 이익잉여금당반기말 및 전기말 현재 당사의 이익잉여금의 내역은 다음과 같습니다.\n(단위: 천원)\n구 \xa0 \xa0분\n당반기말\n전기말\n비고\n이익준비금\n2,922,041\n2,922,041\n법정(주1)\n재무구조개선적립금\n379,510\n379,510\n임의(주2)\n기업합리화적립금\n3,213,532\n3,213,532\n임의(주3)\n기술개발준비금\n86,485\n86,485\n임의(주4)\n자사주처분손실준비금\n309,116\n309,116\n임의(주4)\n사업확장적립금\n50,090,000\n50,090,000\n임의\n미처분이익잉여금\n6,998,957\n6,809,572\n\u3000\n합 \xa0 계\n63,999,641\n63,810,256\n\u3000\n(주1) 당사는 상법상의 규정에 따라 자본금의 50%에 달할 때까지 매 결산기마다 금 \xa0전에 의한 이익배당액의 10% 이상을 이익준비금으로 적립하여야 하며, 동 준비금은 결손보전과 자본전입에만 사용될 수 있습니다\n(주2) 종전 유가증권의 발행 및 공시등의 관한 규정에 의하여 적립한 것으로서 2008회계연도 중 동 규정의 폐지로 인하여 이러한 사용제한이 해제되었습니다(주3) 종전 조세특례제한법에 의한 감면세액 상당액을 적립한 것으로서 2002 회계연도 중 동 규정의 폐지로 인하여 이러한 사용제한이 해제되었습니다(주4) 조세특례제한법에 따라 과세이연 혜택을 받기 위하여 설정한 준비금으로서, 적립한 사업연도부터 일정기간 경과후 환입하여 과세하도록 되어 있으며 동 환입 기간 동안에는 그 사용이 제한되어 있습니다.\xa0\n22. 손익 내역\xa0 \xa0\n22-1 매출당반기 및 전반기 중 당사의 보고부문별로 고객과의 계약에서 인식한 수익의 범주별 정보는 아래와 같습니다.\n(단위 : 천원)\n구 \xa0 분\n당반기\n전반기\n유리사업\n화장품사업\n합 \xa0 계\n유리사업\n화장품사업\n합 \xa0 계\n총매출액\n고객과의 계약에서 인식한 수익\n\xa01) 재화 또는 용역의 유형에 따른 구분:\n\xa0 \xa0 제품매출\n48,744,993\n-\n48,744,993\n44,472,788\n-\n44,472,788\n\xa0 \xa0 상품매출\n17,586\n313,765\n331,351\n23,413\n263,226\n286,639\n소 \xa0 계\n48,762,579\n313,765\n49,076,344\n44,496,201\n263,226\n44,759,427\n\xa02) 수익 인식시기에 따른 구분:\n\xa0 \xa0 한시점에 인식\n48,762,579\n313,765\n49,076,344\n44,496,201\n263,226\n44,759,427\n\xa0 \xa0 기간에 걸쳐 인식\n-\n-\n-\n-\n-\n-\n소 \xa0 계\n48,762,579\n313,765\n49,076,344\n44,496,201\n263,226\n44,759,427\n\xa03) 지리적 시장\n\xa0 \xa0 국내\n48,586,324\n313,765\n48,900,089\n44,313,835\n263,226\n44,577,061\n\xa0 \xa0 해외\n176,255\n-\n176,255\n182,366\n-\n182,366\n소 \xa0 계\n48,762,579\n313,765\n49,076,344\n44,496,201\n263,226\n44,759,427\n합 \xa0 계\n48,762,579\n313,765\n49,076,344\n44,496,201\n263,226\n44,759,427\n22-2 매출원가당반기 및 전반기 중 매출원가의 내역은 다음과 같습니다.\n(단위: 천원)\n구 \xa0 \xa0분\n당반기\n전반기\n3개월\n누적\n3개월\n누적\n제품매출원가\n19,360,624\n40,708,843\n19,640,632\n40,538,681\n상품매출원가\n77,365\n138,348\n(13,932)\n18,047\n합 \xa0 \xa0계\n19,437,989\n40,847,191\n19,626,700\n40,556,728\n22-3 판매비와관리비당반기 및 전반기 중 판매비와관리비의 내역은 다음과 같습니다.\n(단위: 천원)\n구 \xa0 \xa0분\n당반기\n전반기\n3개월\n누적\n3개월\n누적\n급여\n798,073\n1,592,838\n654,156\n1,567,420\n퇴직급여\n29,084\n56,714\n69,155\n95,562\n복리후생비\n232,511\n424,850\n254,474\n449,289\n여비교통비\n109,560\n173,917\n73,918\n173,400\n임차료\n3,007\n5,400\n4,076\n7,780\n세금과공과\n115,233\n134,466\n109,028\n129,173\n감가상각비\n57,236\n115,348\n56,726\n105,223\n무형자산상각비\n4,625\n9,250\n4,625\n8,498\n수선비\n8,201\n30,771\n3,209\n26,071\n보험료\n5,426\n11,499\n6,215\n12,494\n광고선전비\n38,830\n65,446\n125,516\n169,242\n접대비\n67,888\n142,416\n91,595\n161,728\n운반비\n1,072,015\n2,275,361\n1,095,171\n2,238,135\n차량유지비\n7,394\n17,592\n14,731\n25,758\n소모품비\n11,406\n23,860\n10,839\n20,209\n교육훈련비\n136\n376\n5,680\n6,522\n포장비\n579,755\n958,687\n634,157\n1,260,506\n도서비\n4,393\n8,335\n2,304\n5,492\n통신비\n19,204\n36,843\n15,669\n31,483\n용역비\n32,385\n63,968\n41,011\n84,386\n지급수수료\n340,354\n736,565\n278,130\n530,312\n판매촉진비\n12,096\n65,140\n20,972\n40,349\n경상개발비\n60,801\n286,296\n76,712\n173,670\n시장조사비\n552\n552\n250\n250\n수도광열비\n20,485\n31,323\n26,448\n38,573\n잡비\n4,158\n6,301\n1,093\n2,180\n합 \xa0 계\n3,634,808\n7,274,114\n3,675,860\n7,363,705\n22-4 금융수익당반기 및 전반기 중 금융수익의 내역은 다음과 같습니다.\n(단위: 천원)\n구 \xa0 \xa0분\n당반기\n전반기\n3개월\n누적\n3개월\n누적\n이자수익\n407\n1,014\n3,069\n6,005\n배당금수익\n822,430\n825,058\n834,579\n836,580\n파생상품거래이익\n291,111\n291,111\n177,364\n177,364\n합 \xa0 계\n1,113,948\n1,117,183\n1,015,012\n1,019,949\n22-5 금융비용 당반기 및 전반기 중 금융비용의 내역은 다음과 같습니다.\n(단위: 천원)\n구 \xa0 \xa0분\n당반기\n전반기\n3개월\n누적\n3개월\n누적\n이자비용\n830,554\n1,419,000\n824,390\n1,218,490\n파생상품평가손실\n94,522\n94,522\n1,467,126\n1,467,126\n합 \xa0 계\n925,076\n1,513,522\n2,291,516\n2,685,616\n22-6 기타영업외수익당반기 및 전반기 중 기타영업외수익의 내역은 다음과 같습니다.\n(단위: 천원)\n구 \xa0 \xa0분\n당반기\n전반기\n3개월\n누적\n3개월\n누적\n외환차익\n610\n680\n2,223\n2,761\n외화환산이익\n1,717\n1,717\n1,310,043\n1,310,043\n수수료수익\n50,214\n109,256\n50,686\n105,109\n유형자산처분이익\n-\n-\n18,182\n18,182\n임대료수익\n78,523\n156,856\n78,523\n156,856\n정부보조금수익\n39,244\n238,921\n42,676\n121,599\n잡이익\n36,703\n117,331\n94,001\n119,737\n합 \xa0 계\n207,011\n624,761\n1,596,334\n1,834,287\n22-7 기타영업외비용 \xa0당반기 및 전반기 중 기타영업외비용의 내역은 다음과 같습니다.\n(단위: 천원)\n구 \xa0 \xa0분\n당반기\n전반기\n3개월\n누적\n3개월\n누적\n외환차손\n907\n2,448\n440\n6,913\n외화환산손실\n20,836\n20,837\n6,452\n6,452\n무형자산처분손실\n-\n-\n1,007\n1,007\n기부금\n6,500\n8,000\n8,750\n12,500\n잡손실\n2\n297\n-\n2,086\n합 \xa0 계\n28,245\n31,582\n16,649\n28,958\n22-8 비용의 성격별 분류당반기 및 전반기 중 매출원가와 판매비와관리비를 성격별로 분류한 내역은 다음과 같습니다.\n(단위: 천원)\n구 \xa0 \xa0분\n당반기\n전반기\n제품과 재공품의 변동\n3,224,669\n3,773,216\n원재료등의 사용\n18,778,966\n18,414,669\n상품의 판매\n138,348\n18,047\n종업원급여\n7,688,770\n7,664,268\n감가상각비\n3,339,438\n3,249,835\n사용권자산감가상각비\n71,145\n87,122\n무형자산상각비\n9,250\n8,498\n광고선전비\n65,446\n169,242\n운반비\n2,380,473\n2,327,975\n임차료\n42,984\n72,602\n전력비\n2,618,691\n2,312,550\n소모품비\n993,472\n1,187,574\n수선비\n700,045\n795,473\n포장비\n958,687\n1,260,506\n용역비\n2,479,081\n2,498,115\n기타\n4,631,839\n4,080,741\n합 \xa0 계\n48,121,304\n47,920,433\n23. 법인세 \n23-1 당반기 및 전반기 중 법인세비용의 구성 내역은 다음과 같습니다.\n(단위: 천원)\n내 \xa0 역\n당반기\n전반기\n법인세부담액\n9,349\n-\n일시적차이 등의 발생과 소멸로 인한 법인세비용(수익)\n473,380\n(105,921)\n이연법인세자산의 감액(환입)으로 인한 금액\n(85,200)\n-\n당기손익 이외로 인식되는 항목과 관련된 법인세비용\n(220,088)\n(308,706)\n법인세비용(수익)\n177,441\n(414,627)\n한편, 자본에 반영된 법인세비용 내역은 다음과 같습니다.\n(단위: 천원)\n구 \xa0 \xa0분\n당반기\n전반기\n기타포괄손익-공정가치측정금융자산평가손익\n(232,877)\n(309,599)\n확정급여부채 재측정요소\n12,789\n893\n합 \xa0 계\xa0\n(220,088)\n(308,706)\n24. 주당손익\xa0 \xa0\xa0\r\n24-1 기본주당손익 산출내역은 다음과 같습니다.\xa0\n구 \xa0 분\n당반기\n전반기\n3개월\n누적\n3개월\n누적\n반기순이익(손실) (가)\n610,736천원\n974,439천원\n(1,021,677)천원\n(2,606,716)천원\n가중평균유통보통주식수 (나)\n818,500주\n818,500주\n818,500주\n815,533주\n주당순이익(손실) (가/나)\n746원\n1,191원\n(1,248)원\n(3,196)원\n24-2 당반기 및 전반기 중 기본주당이익 계산에 사용된 가중평균유통보통주식수는 다음과 같습니다.(1) 당반기\n(단위: 주)\n구 \xa0 분\n발행주식수\n가중치\n적수\n기초\n818,500\n183\n149,785,500\n합 \xa0계\n149,785,500\n가중평균유통보통주식수\n818,500\n(2) 전반기\n(단위: 주)\n구 \xa0 분\n발행주식수\n가중치\n적수\n기초\n809,500\n182\n147,329,000\n자기주식 처분으로 인한 발행주식수 증가\n9,000\n122\n1,098,000\n합 \xa0계\n148,427,000\n가중평균유통보통주식수\n815,533\n한편, 당사는 당반기 및 전반기 현재 잠재적 보통주를 보유하고 있지 아니하므로 희석주당순이익과 기본주당순이익은 동일합니다.\n25. 특수관계자 공시\xa0 \xa0\xa025-1 당반기말 현재 당사와 특수관계에 있는 기업은 다음과 같습니다.\r\n구 \xa0 분\n특수관계자명\n종속기업\n삼화왕관㈜, ㈜신우(주1), Samwha Crown USA Inc.(주1)\n기타\n\xa0㈜금비비앤피, ㈜명미인터내셔널, 우천개발㈜\n(주1) 삼화왕관㈜의 종속기업입니다.\n25-2 당반기 및 전반기 중 특수관계자와의 중요한 거래내용은 다음과 같습니다.\n(단위: 천원)\n구 \xa0 분\n회사명\n내용\n당반기\n전반기\n종속기업\n삼화왕관㈜\n상품매출\n29,003\n18,793\n임대료수익\n149,346\n149,346\n수수료수익\n42,171\n41,901\n배당금\n774,284\n774,284\n㈜신우\n수수료수익\n43,961\n42,008\n기타\n㈜금비비앤피\n상품매출\n13,830\n2,068\n지급수수료\n20,671\n19,868\n지급임차료\n15,000\n15,000\n임대료수익\n7,320\n7,320\n수수료수익\n23,124\n21,200\n접대비\n16,189\n25,111\n복리후생비 등\n12,353\n16,815\n㈜명미인터내셔널\n상품매출\n990\n990\n원재료매입\n14,811\n14,429\n운반비\n2,228,957\n2,201,516\n25-3 당반기말 및 전기말 현재 특수관계자와의 거래에서 발생한 중요한 채권ㆍ채무의 내용은 다음과 같습니다.\n(단위: 천원)\n구 \xa0 분\n회사명\n내용\n당반기말\n전기말\n종속기업\n삼화왕관㈜\n매출채권\n563\n28,903\n미수금\n33,652\n34,388\n미수수익\n774,284\n-\n예수보증금\n6,000,000\n6,000,000\n㈜신우\n미수금\n6,723\n7,238\n기타\n㈜금비비앤피\n매출채권\n756\n1,717\n미수금\n5,459\n5,703\n미지급금\n15,833\n18,688\n리스부채\n18,623\n30,767\n㈜명미인터내셔널\n매출채권\n-\n1,056\n매입채무\n3,589\n1,506\n미지급금\n394,592\n384,675\n25-4 당반기 및 전반기 중 특수관계자와의 자금거래 내용은 다음과 같습니다.(1) 당반기\n(단위: 천원)\n구분\n기초\n증가\n감소\n기말\n기타 특수관계자\n㈜금비비앤피\n부동산임대계약 등\n30,767\n-\n(12,144)\n18,623\n(2) 전반기\n(단위: 천원)\n구분\n기초\n증가\n감소\n기말\n기타 특수관계자\n㈜금비비앤피\n부동산임대계약 등\n54,418\n-\n(11,721)\n42,697\n25-5 주요 경영진에 대한 보상당반기 및 전반기 중 당사의 주요 경영진에 대한 보상내역은 다음과 같으며, 주요 경영진에는 당사 기업활동의 계획ㆍ운영ㆍ통제에 대한 중요한 권한과 책임을 가지고 있는 등기이사 및 사외이사를 포함하였습니다.\xa0\n(단위: 천원)\n구 \xa0 분\xa0\n당반기\n전반기\n급여\n891,257\n852,536\n장기종업원급여\n9,416\n9,890\n합 \xa0계\n900,673\n862,426\n26. 현금흐름에 관한 정보 26-1 당반기 및 전반기 중 현금의 유입과 유출이 없는 중요한 거래내역은 다음과 같습니다.\n(단위: 천원)\n구 \xa0 분\n당반기\n전반기\n장기차입금의 유동성대체\n15,904,780\n2,187,747\n건설중인자산의 본계정 대체\n250,574\n2,016,999\n유형자산 취득 미지급금의 증가\n19,540\n41,691\n장기리스부채의 유동성대체\n32,310\n69,753\n리스를 통한 자산의 취득\n184,291\n-\n리스를 통한 자산의 처분\n563,465\n-\n26-2 당반기 및 전기 중 재무활동에서 생기는 부채의 변동 내역은 다음과 같습니다.(1) 당반기\n(단위: 천원)\n구 \xa0 분\n기초\n차입 및 상환\n기타(주1)\n기말\n단기차입금\n11,150,000\n(3,150,000)\n-\n8,000,000\n유동성장기차입금\n21,457,860\n(3,021,080)\n15,904,780\n34,341,560\n장기차입금\n22,564,847\n-\n(15,884,780)\n6,680,067\n유동성리스부채\n97,256\n(77,024)\n82,265\n102,497\n리스부채\n21,598\n-\n90,171\n111,769\n(주1) 리스관련 부채인식, 유동성대체, 처분 등이 포함되어 있습니다. 또한 장기차입금 관련 당반기말 외화환산평가(USD 10,000,000) 금액이 포함되어 있습니다.\n(2) 전반기\n(단위: 천원)\n구 \xa0 분\n기초\n차입 및 상환\n기타(주2)\n기말\n단기차입금\n7,300,000\n7,700,000\n-\n15,000,000\n유동성장기차입금\n20,375,493\n(2,187,747)\n2,187,747\n20,375,493\n장기차입금\n23,922,707\n-\n(3,497,747)\n20,424,960\n유동성리스부채\n180,554\n(94,445)\n74,786\n160,895\n리스부채\n118,854\n-\n(69,753)\n49,101\n(주2) 리스관련 부채인식, 유동성대체, 처분 등이 포함되어 있습니다. 또한 장기차입금 관련 전반기말 외화환산평가(USD 10,000,000) 금액이 포함되어 있습니다.\n27. 재무위험관리의 목적 및 정책당사의 주요 금융부채는 차입금, 매입채무, 미지급금 및 예수보증금 등으로 구성되어있으며, 이러한 금융부채는 영업활동을 위한 자금을 조달하기 위하여 발생하였습니다. 또한 당사는 영업활동에서 발생하는 매출채권, 현금및현금성자산, 장기대여금, 파생상품자산, 장기금융상품 및 장기투자증권 등과 같은 금융자산도 보유하고 있습니다.당사의 금융자산 및 금융부채에서 발생할 수 있는 주요 위험은 시장위험, 신용위험 및 유동성위험입니다. 당사의 주요 경영진은 아래에서 설명하는 바와 같이, 각 위험별 관리절차를 검토하고 정책에 부합하는지 검토하고 있습니다. 또한 당사는 투기 \xa0목적의 파생상품거래를 실행하지 않는 것이 기본적인 정책입니다.\n27-1 시장위험시장위험은 시장가격의 변동으로 인하여 금융상품의 공정가치가 변동할 위험입니다.시장위험은 이자율위험, 환위험 및 기타 가격위험의 세가지 유형으로 구성됩니다. \n(1) 이자율위험 이자율위험은 시장이자율의 변동으로 인하여 금융상품의 미래현금흐름이 변동할 \xa0 위험입니다. 당사는 변동이자부 차입금과 관련된 시장이자율의 변동위험에 노출되어있습니다. 이에 따라, 당사의 경영진은 이자율 현황을 주기적으로 검토하여 고정이자율차입금과 변동이자부차입금의 적절한 균형을 유지하고 있으며, 시장이자율의 변동으로 인한 금융상품의 미래현금흐름 변동 위험을 관리하고 있습니다. \n당반기말 현재 변동이자부 차입금(이자율스왑계약 체결분 제외)은 34,266,577천원(전기말: 39,828,557천원)으로, 이자율변동이 금융부채의 현금흐름에 미치는 영향은 중요하지 않습니다.\n아래의 표는 차입금에 대해 합리적인 범위 내에서 가능한 이자율변동이 미치는 효과에 대한 민감도 분석결과입니다. 다른 모든 변수가 일정하다고 가정할 때 당사의 \xa0 \xa0세전순이익은 변동이자부 차입금으로 인해 다음과 같은 영향이 있습니다.\n(단위: 천원)\n변동이자부 차입금\n당반기\n전기\n1% 상승시\n1% 하락시\n1% 상승시\n1% 하락시\n단기차입금\n(80,000)\n80,000\n(111,500)\n111,500\n유동성장기차입금\n(204,000)\n204,000\n(206,120)\n206,120\n장기차입금\n(58,666)\n58,666\n(80,666)\n80,666\n합 \xa0 계\n(342,666)\n342,666\n(398,286)\n398,286\n(2) 환위험환위험은 환율의 변동으로 인하여 금융상품의 공정가치가 변동할 위험입니다. 당사는 해외 영업활동 등으로 인하여 USD 등의 환위험에 노출되어 있습니다. 당반기말 및 전기말 현재 기능통화 이외의 외화로 표시된 화폐성자산 및 부채의 장부금액은 다음과 같습니다.\n(원화단위: 천원)\n구 \xa0 분\n당반기말\n전기말\n외화\n원화\n외화\n원화\n자산\n부채\n자산\n부채\n자산\n부채\n자산\n부채\nUSD\n165,168\n43,591\n222,448\n58,708\n64,044\n-\n86,127\n-\nEUR\n3,142\n43,959\n4,565\n63,870\n3,142\n91,938\n4,467\n130,710\nJPY\n834,175\n-\n7,420\n-\n461,000\n-\n4,159\n-\nAUD\n647\n-\n567\n-\n647\n-\n556\n-\n합 \xa0 계\n235,000\n122,578\n95,309\n130,710\n당사는 내부적으로 원화 환율 변동에 대한 환위험을 정기적으로 측정하고 있습니다. 보고기간종료일 현재 각 외화에 대한 기능통화의 환율 10% 변동시 환율변동이 당반기와 전기 세전순이익에 미치는 영향은 다음과 같습니다(이자율스왑계약 체결분 제외).\n(단위: 천원)\n구 \xa0 분\n당반기\n전기\n10% 상승시\n10% 하락시\n10% 상승시\n10% 하락시\nUSD\n16,374\n(16,374)\n8,613\n(8,613)\nEUR\n(5,931)\n5,931\n(12,624)\n12,624\nJPY\n742\n(742)\n416\n(416)\nAUD\n57\n(57)\n55\n(55)\n합 \xa0 계\n11,242\n(11,242)\n(3,540)\n3,540\n(3) 기타 가격위험 기타 가격위험은 이자율위험이나 환위험 이외의 시장가격의 변동으로 인하여 금융상품의 공정가치나 미래현금흐름이 변동될 위험이며, 당사의 장기투자증권 중 활성시장에서 거래되는 지분상품은 가격변동위험에 노출되어 있습니다. 당반기말 현재 각 활성시장에서 거래되는 지분상품에 대한 가격이 10% 변동시 당반기와 전기 포괄손익에 미치는 영향은 다음과 같습니다.\n(단위: 천원)\n구 \xa0 분\n당반기\n전기\n10% 상승시\n10% 하락시\n10% 상승시\n10% 하락시\n활성시장에서 거래되는 지분상품\n699,301\n(699,301)\n587,877\n(587,877)\n27-2 신용위험 신용위험은 거래상대방이 의무를 이행하지 않아 재무손실이 발생할 위험입니다. \xa0 \xa0당사는 영업활동과 재무활동에서 신용위험에 노출되어 있습니다.\n(1) 매출채권 및 수취채권당사는 신용거래를 희망하는 모든 거래상대방에 대하여 신용검증절차의 수행을 원칙으로 하여 신용상태가 건전한 거래상대방과의 거래만을 수행하고 있습니다. 또한, \xa0대손위험에 대한 당사의 노출정도가 중요하지 않은 수준으로 유지될 수 있도록 지속적으로 신용도를 재평가하는 등 대여금 및 수취채권 잔액에 대한 지속적인 관리업무를 수행하고 있습니다. 당사는 당반기말 현재 주요 고객 채권에 대한 손상여부를 개별적으로 인식하고 있으며, 추가로 소액다수채권의 경우 유사한 신용위험의 특성을 가진 금융자산의 집합에 포함하여 손상을 검토하고 있습니다. 손상은 과거에 발생한 손실자료에 근거하여 산정되고 있습니다. \n(2) 기타의 금융자산현금및현금성자산 및 장기금융자산 등으로 구성되는 기타의 금융자산으로부터 발생하는 신용위험은 거래상대방의 부도 등으로 발생합니다. 이 경우 당사의 신용위험 노출정도는 최대 해당 금융상품 장부금액과 동일한 금액입니다. 한편, 당사는 우리은행등의 금융기관에 현금성자산 및 장기금융상품 등을 예치하고 있으며, 신용등급이 우수한 금융기관과 거래하고 있으므로 금융기관으로부터의 신용위험은 제한적입니다.\n(3) 신용위험에 대한 노출당반기말 및 전기말 현재 신용위험에 대한 최대 노출정도는 다음과 같습니다.\n(단위: 천원)\n구 \xa0 분\n당반기말\n전기말\n차감전장부금액\n손상누계액\n기말장부금액(최대노출액)\n차감전장부금액\n손상누계액\n기말장부금액(최대노출액)\n매출채권 및 수취채권\n19,048,595\n(13,455)\n19,035,140\n22,341,740\n(13,455)\n22,328,285\n27-3 유동성위험\xa0\xa0 \xa0유동성위험은 만기까지 모든 금융계약상의 약정사항들을 이행할 수 있도록 자금을 조달하지 못할 위험입니다.당사는 유동성 전략 및 계획을 통하여 자금부족에 따른 위험을 관리하고 있으며, \xa0 \xa0금융상품의 만기와 영업현금흐름의 추정치를 고려하여 금융자산과 금융부채의 만기를 대응시키고 있습니다.\n다음은 금융부채별 상환계획으로서 할인되지 않은 계약 상의 금액입니다.(1) 당반기말\n(단위: 천원)\n구 \xa0 \xa0 분\n3개월 이내\n3개월~1년\n1년~5년\n5년 이후\n장부금액\n이자부차입금\n6,218,390\n36,123,170\n6,680,067\n-\n49,021,627\n기타채무(주1)\n14,516,469\n-\n6,509,253\n-\n21,025,722\n리스부채\n29,802\n81,775\n117,172\n-\n228,749\n합 \xa0 계\n20,764,661\n36,204,945\n13,306,492\n-\n70,276,098\n(주1) 매입채무, 미지급금, 미지급비용 및 예수보증금으로 구성되어 있습니다.\n(2) 전기말\n(단위: 천원)\n구 \xa0 \xa0 분\n3개월 이내\n3개월~1년\n1년~5년\n5년 이후\n장부금액\n이자부차입금\n12,237,873\n20,369,987\n22,564,847\n-\n55,172,707\n기타채무(주1)\n15,015,834\n-\n6,436,468\n-\n21,452,302\n리스부채\n47,223\n52,344\n21,950\n-\n121,517\n합 \xa0 계\n27,300,930\n20,422,331\n29,023,265\n-\n76,746,526\n(주1) 매입채무, 미지급금, 미지급비용 및 예수보증금으로 구성되어 있습니다.\n27-4 자본관리자본관리의 주 목적은 당사의 영업활동을 유지하고 주주가치를 극대화하기 위하여 높은 신용등급과 건전한 자본비율을 유지하기 위한 것입니다.당사는 자본구조를 경제환경의 변화에 따라 수정하고 있으며, 이를 위하여 배당정책을 수정하거나 자본감소 혹은 신주발행을 검토하도록 하고 있습니다. 한편, 당반기 중 자본관리의 목적, 정책 및 절차에 대한 어떠한 사항도 변경되지 않았습니다.\n한편, 당반기말 및 전기말 현재 당사의 부채비율은 다음과 같습니다.\n(단위: 천원)\n구 \xa0 분\n당반기말\n전기말\n부 \xa0 채\n72,998,712\n78,661,475\n자 \xa0 본\n80,583,459\n79,512,706\n부채비율\n90.59%\n98.93%\n']"
