text
"['\n3. 연결재무제표 주석\n제 35 기 분기말 : 2020년 3월 31일 현재\n제 34 기 기말\xa0\xa0 : 2019년 12월 31일 현재\n한온시스템주식회사와 그 종속기업\n1.\xa0회사의 개요\n한온시스템주식회사(이하 \'회사\' 또는 \'지배기업\')는 1985년 12월 12일자로 체결된 만도기계주식회사와 미국 Ford Motor Company (""FORD"") 사이의 합작투자계약에 따라 라디에이터, 자동차용 냉ㆍ난방기 및 공기조절장치 등 자동차용 부품의 제조, 조립 및 판매를 목적으로 1986년 3월 11일에 설립되었으며, 1996년 7월 31일 한국증권거래소에 주식을 상장하여 공개기업이 되었습니다. 회사의 설립시 납입자본금은 900,000천원이었으나, 수차의 증자 및 기업공개를 위한일반공모증자를 통해 보고기간말 현재의 자본금은 53,380,000천원입니다. 보고기간말\xa0현재 연결회사의 주요 주주현황은 다음과 같습니다.\n\xa0주주명\n당분기말\n전기말\n소유주식수(주)\n지분율(%)\n소유주식수(주)\n지분율(%)\n한앤코오토홀딩스유한회사\n269,569,000\n50.50\n269,569,000\n50.50\n한국타이어앤테크놀로지\n104,031,000\n19.49\n104,031,000\n19.49\n기타주주\n160,158,550\n30.00\n160,200,000\n30.01\n자기주식(주1)\n41,450\n0.01\n-\n-\n합\xa0\xa0 계\n533,800,000\n100.00\n533,800,000\n100.00\n(주1) 회사는 당분기 중 자기주식을 취득하였습니다. 취득금액은 약 360,548천원입니다.\n1.1\xa0종속기업 현황보고기간말 현재 회사의 연결대상 종속기업의 현황은 다음과 같습니다.\r\n종속기업(주1)\n유효지분율(%)\n소재지\n결산월\n업\xa0\xa0 종\n당분기말\n전기말\nHanon Beijing\n80\xa0\n80\xa0\n중국\n12월\n자동차 부품 제조ㆍ판매\nHanon Dalian\n100\xa0\n100\xa0\n중국\n12월\n자동차 부품 제조ㆍ판매\nHanon Shanghai\n100\xa0\n100\xa0\n중국\n12월\n자동차 부품 개발, 기술자문 및 수출업\nHanon Chongqing\n100\xa0\n100\xa0\n중국\n12월\n자동차 부품 제조ㆍ판매\nHanon Nanchang\n81\xa0\n81\xa0\n중국\n12월\n자동차 부품 제조ㆍ판매\nHanon Nanjing\n51\xa0\n51\xa0\n중국\n12월\n자동차 부품 제조ㆍ판매\nHanon Yancheng\n100\xa0\n100\xa0\n중국\n12월\n자동차 부품 제조ㆍ판매\nHanon New Chongqing\n67\xa0\n67\xa0\n중국\n12월\n자동차 부품 제조ㆍ판매\nCSG JV(주2)\n50\xa0\n50\xa0\n중국\n12월\n자동차 부품 제조ㆍ판매\nFHAC JV\n55\xa0\n55\xa0\n중국\n12월\n자동차 부품 제조ㆍ판매\nHASI\n100\xa0\n100\xa0\n인도\n3월\n자동차 부품 제조ㆍ판매\nHanon Bhiwadi\n61\xa0\n61\xa0\n인도\n3월\n자동차 부품 제조ㆍ판매\nHanon Japan\n100\xa0\n100\xa0\n일본\n12월\n자동차 부품 개발, 기술자문 및 수출업\nHanon Thailand\n100\xa0\n100\xa0\n태국\n12월\n자동차 부품 제조ㆍ판매\nHanon South Africa\n100\xa0\n100\xa0\n남아프리카공화국\n12월\n자동차 부품 제조ㆍ판매\nHanon Slovakia\n100\xa0\n100\xa0\n슬로바키아\n12월\n자동차 부품 제조ㆍ판매\nHanon Turkey\n100\xa0\n100\xa0\n터키\n12월\n자동차 부품 제조ㆍ판매\nHanon Portugal\n100\xa0\n100\xa0\n포르투갈\n12월\n자동차 부품 제조ㆍ판매\nHanon Autopal Service\n100\xa0\n100\xa0\n체코\n12월\n자동차 부품 연구\nHanon Autopal\n100\xa0\n100\xa0\n체코\n12월\n자동차 부품 제조ㆍ판매\nHanon Charleville\n100\xa0\n100\xa0\n프랑스\n12월\n자동차 부품 제조ㆍ판매\nHanon Hungary\n100\xa0\n100\xa0\n헝가리\n12월\n자동차 부품 제조ㆍ판매\nHanon UK\n100\xa0\n100\xa0\n영국\n12월\n자동차 부품 개발, 기술자문 및 수출업\nHanon Deutschland\n100\xa0\n100\xa0\n독일\n12월\n자동차 부품 연구\nHanon Netherlands\n100\xa0\n100\xa0\n네덜란드\n12월\n자동차 부품 판매\nHanon Russia\n100\xa0\n100\xa0\n러시아\n12월\n자동차 부품 제조ㆍ판매\nHanon Auto Parts Hungary\n100\xa0\n100\xa0\n헝가리\n12월\n자동차 부품 제조ㆍ판매\nHanon Alabama\n100\xa0\n100\xa0\n미국\n12월\n자동차 부품 제조ㆍ판매\nHanon USA\n100\xa0\n100\xa0\n미국\n12월\n자동차 부품 연구\nHanon Canada\n100\xa0\n100\xa0\n캐나다\n12월\n자동차 부품 제조ㆍ판매\nHanon Coclisa\n100\xa0\n100\xa0\n멕시코\n12월\n자동차 부품 제조ㆍ판매\nHanon Mexicana\n100\xa0\n100\xa0\n멕시코\n12월\n자동차 부품 제조ㆍ판매\nHanon Brazil\n100\xa0\n100\xa0\n브라질\n12월\n자동차 부품 제조ㆍ판매\nHanon EFP Corporation\n100\xa0\n100\xa0\n한국\n12월\n지주회사\nHanon EFP Mexico\n100\xa0\n100\xa0\n멕시코\n12월\n자동차 부품 제조ㆍ판매\nHanon EFP Mexico Service\n100\xa0\n100\xa0\n멕시코\n12월\n자동차 부품 제조ㆍ판매\nHanon EFP Canada\n100\xa0\n100\xa0\n캐나다\n12월\n자동차 부품 제조ㆍ판매\nHanon EFP Deutschland GmbH\n100\xa0\n100\xa0\n독일\n12월\n자동차 부품 제조ㆍ판매\nHanon EFP Plovdiv EOOD\n100\xa0\n100\xa0\n불가리아\n12월\n자동차 부품 제조ㆍ판매\nHanon EFP Bangalore\n100\xa0\n100\xa0\n인도\n3월\n자동차 부품 제조ㆍ판매\nHanon EFP Italia Benevento\n100\xa0\n100\xa0\n이탈리아\n12월\n자동차 부품 제조ㆍ판매\nHanon EFP Italia Campiglione\n100\xa0\n100\xa0\n이탈리아\n12월\n자동차 부품 제조ㆍ판매\nHanon EFP Korea\n100\xa0\n100\xa0\n한국\n12월\n자동차 부품 제조ㆍ판매\nHanon EFP Changzhou\n100\xa0\n100\xa0\n중국\n12월\n자동차 부품 제조ㆍ판매\n(주1) 보고기간말 현재 재무제표에 표시된 회사명의 법적 명칭은 다음과 같습니다.\nHanon Beijing\nHanon Systems (Beijing) Co., Ltd.\nHanon Dalian\nHanon Systems (Dalian) Co., Ltd.\nHanon Shanghai\nHanon Systems (Shanghai) Co., Ltd.\nHanon Chongqing\nHanon Systems (Chongqing) Co., Ltd.\nHanon Nanchang\nHanon Systems (Nanchang) Co., Ltd.\nHanon Nanjing\nHanon Jie Xi Si Systems (Nanjing) Co., Ltd.\nHanon Yancheng\nHanon Systems (Yancheng) Co., Ltd.\nHanon New Chongqing\nChongqing Hanon Systems Co., Ltd\nCSG JV\nChongqing Hanon Jianshe Automotive Thermal Systems Co. Ltd\nFHAC JV\nFawer Hanon Automotive Components Co. Ltd\nHASI\nHanon Automotive Systems India Private Ltd.\nHanon Bhiwadi\nHanon Climate Systems India Private Limited\nHanon Japan\nHanon Systems Japan Ltd.\nHanon Thailand\nHanon Systems (Thailand) Co. Ltd.\nHanon South Africa\nHanon Systems South Africa (PTY) Ltd.\nHanon Slovakia\nHanon Systems Slovakia s.r.o.\nHanon Turkey\nHanon Automotive Climate Sys. Manufacturing Industrial and Commercial Co.\nHanon Portugal\nHanon Systems Portugal, S.A.\nHanon Autopal Service\nHanon Systems Autopal Services s.r.o.\nHanon Autopal\nHanon Systems Autopal s.r.o.\nHanon Charleville\nHanon Systems Charleville SAS\nHanon Hungary\nHanon Systems Hungary Kft.\nHanon UK\nHanon Systems UK Limited\nHanon Deutschland\nHanon Systems Deutschland GmbH\nHanon Netherlands\nHanon Systems Netherlands Cooperatief U.A.\nHanon Russia\nHanon Systems Rus LLC\nHanon Auto Parts Hungary\nHanon Systems Auto Parts Hungary Kft.\nHanon Alabama\nHanon Systems Alabama Corp.\nHanon USA\nHanon Systems USA, LLC\nHanon Canada\nHanon Systems Canada Inc.\nHanon Coclisa\nCoclisa, S.A. de C.V.\nHanon Mexicana\nClimate Systems Mexicana, S.A. de C.V.\nHanon Brazil\nHanon Systems Climatizacoes do Brasil Industria e Comercio Ltda.\nHanon EFP Corporation\nHanon Systems EFP Corporation\nHanon EFP Mexico\nEFP Operations Mexicana, S.A. de C.V.\nHanon EFP Mexico Service\nClimate Systems Services Mexicana EFP, S.A. de C.V.\nHanon EFP Canada\nHanon Systems EFP Canada Ltd.\xa0\nHanon EFP Deutschland GmbH\nHanon Systems EFP Deutschland GmbH\nHanon EFP Plovdiv EOOD\nHanon Systems Plovdiv EOOD\nHanon EFP Bangalore\nHanon Bangalore Operations Private Limited\nHanon EFP Italia Benevento\nHanon Systems Italia Benevento\nHanon EFP Italia Campiglione\nHanon Systems Italia Campiglione\nHanon EFP Korea\nHanon Systems EFP Korea Inc.\nHanon EFP Changzhou\nHanon Systems EFP (Changzhou) Co., Ltd.\n(주2)\xa0연결회사는 CSG JV에 대한 소유지분율이 과반수 미만이나, 주주간 약정에 의해 이사회 구성원의 과반수를 임명하거나 해임할 수 있는 능력이 있으므로 지배력이 있는 것으로 판단했습니다.\n1.2 연결대상범위의 변동\xa0당분기 중 분기연결재무제표의 작성대상에 신규로 포함되거나 제외된 종속기업은 없습니다. \n2. 중요한 회계정책\n2.1 재무제표 작성기준\n연결회사의 2020년 3월 31일로 종료하는 3개월 보고기간에 대한 요약분기연결재무제표는 기업회계기준서 제1034호 ""중간재무보고""에 따라 작성되었습니다. 이 요약분기연결재무제표는 보고기간말인 2020년 3월 31일 현재 유효하거나 조기 도입한 한국채택국제회계기준에 따라 작성되었습니다.\n(1) 연결회사가 채택한 제ㆍ개정 기준서 및 해석서\n연결회사는\xa02020년\xa01월 1일로 개시하는 회계기간부터 다음의 제ㆍ개정 기준서 및 해석서를 신규로 적용하였습니다.\n1) 기업회계기준서 제1001호 \'재무제표 표시\', 제1008호 \'회계정책, 회계추정의 변경 및 오류\' 개정 - 중요성의 정의\'중요성의 정의\'를 명확히 하고 기준서 제1001호와 제1008호를 명확해진 정의에 따라 개정하였습니다. 중요성 판단 시 중요한 정보의 누락이나 왜곡표시뿐만 아니라 중요하지 않은 정보로 인한 영향과 연결회사가 공시할 정보를 결정할 때 정보이용자의 특성을 고려하도록 하였습니다. 해당\xa0기준서의 개정이 연결재무제표에 미치는 중요한 영향은 없습니다.2) 기업회계기준서 제1103호 \'사업결합\' 개정 - 사업의 정의개정된 사업의 정의에서는, 취득한 활동과 자산의 집합을 사업으로 판단하기 위해서는 산출물의 창출에 함께 유의적으로 기여할 수 있는 능력을 가진 투입물과 실질적인과정을 반드시 포함하도록 하였고 원가 감소에 따른 경제적 효익은 제외하였습니다. 이와 함께 취득한 총자산의 대부분의 공정가치가 식별가능한 단일 자산 또는 자산집합에 집중되어 있는 경우, 취득한 활동과 자산의 집합은 사업이 아닌, 자산 또는 자산의 집합으로 결정할 수 있는 선택적 집중테스트가 추가되었습니다.\xa0해당\xa0기준서의 개정이 연결재무제표에 미치는 중요한 영향은 없습니다.\n3)\xa0기업회계기준서 제1109호 \'금융상품\', 제1039호 \'금융상품: 인식과 측정\', 제1107호 \'금융상품: 공시\' 개정 - 이자율지표 개혁\n개정 기준서에서는 이자율지표 개혁 움직임으로 인한 불확실성이 존재하는 동안 위험회피회계 적용과 관련하여 미래 전망 분석 시 예외규정을 적용토록 하고 있습니다.예외규정에서는 기존 이자율지표를 준거로 하는 예상현금흐름의 발생가능성이 매우 높은지, 위험회피대상항목과 위험회피수단 사이의 경제적 관계가 있는지, 양자간에 높은 위험회피효과가 있는지를 평가할 때, 위험회피대상항목과 위험회피수단이 준거로 하고 있는 이자율지표는 이자율지표 개혁의 영향으로 바뀌지 않는다고 가정합니다.\xa0해당\xa0기준서의 개정이 연결재무제표에 미치는 중요한 영향은 없습니다.(2) 연결회사가 적용하지 않은 제ㆍ개정 기준서 및 해석서 제정 또는 공표되었으나 시행일이 도래하지 않아 적용하지 아니한 제ㆍ개정 기준서 및 해석서는 없습니다. \n2.2\xa0회계정책\xa0\n요약분기연결재무제표의\xa0작성에\xa0적용된 유의적 회계정책과 계산방법은 주석 2.1(1)에서 설명하는 제ㆍ개정 기준서 및 해석서의 적용으로 인한 변경 및 아래 문단에서 설명하는 사항을 제외하고는 전기 연결재무제표 작성에 적용된 회계정책이나 계산방법과 동일합니다.\xa0\n2.2.1 법인세비용중간기간의 법인세비용은 전체 회계연도에 대해서 예상되는 최선의 가중평균연간법인세율, 즉 추정평균연간유효법인세율을 중간기간의 세전이익에 적용하여 계산합니다. \n3. 중요한 회계추정 및 가정 연결회사는 미래에 대하여 추정 및 가정을 하고 있습니다.\xa0추정 및 가정은 지속적으로 평가되며, 과거 경험과 현재의 상황에서\xa0합리적으로 예측가능한 미래의 사건과 같은 다른 요소들을 고려하여 이루어집니다. 이러한 회계추정은 실제 결과와 다를 수도있습니다. 2020년도 중 ""코로나바이러스감염증-19 (이하, 코로나19)""의 확산 우려로 우리나라를 포함한 전 세계는 어려운 경제상황 및 사태 장기화에 대한 불확실성에 직면하고 있습니다. 연결회사가 영위하는 자동차 부품 산업은 시장 경기변동 및 완성차 시장의영향을 많이 받는 산업으로, 완성차 시장의 성장률 둔화가 지속되고 있는 상황에서 코로나 19의 확산 및 장기화 등의 영향으로 향후 수익 창출 및 현금흐름과 관련된 불확실성이 클 수 있습니다. 그러나 위에서 언급한 전반적으로 어려운 경제상황이 연결회사의 연결재무상태에 미칠 궁극적인 영향은 현재로서는 측정할 수 없으며, 연결회사의 분기연결재무제표는 이로 인한 영향이 반영되지 아니하였습니다.요약분기연결재무제표\xa0작성시 사용된\xa0중요한 회계추정 및 가정은 법인세비용을 결정하는데 사용된 추정의 방법을 제외하고는 전기 연결재무제표의 작성시 적용된 회계추정 및 가정과 동일합니다.\xa0\n4. 공정가치보고기간 중 연결회사의 금융자산과 금융부채의 공정가치에 영향을 미치는 사업환경및 경제적인 환경의 유의적인 변동은 없습니다.\n4.1 금융상품 종류별 공정가치\n보고기간말 현재 금융상품의 종류별 장부금액 및 공정가치는 다음과 같습니다.\n(단위: 천원)\n구\xa0\xa0 분\n당분기말\n전기말\n장부금액\n공정가치\n장부금액\n공정가치\n금융자산\n당기손익-공정가치측정금융자산\n2,239,670\n2,239,670\n2,239,670\n2,239,670\n파생금융자산\n12,088,194\n12,088,194\n13,308,586\n13,308,586\n금융부채\n회사채\n1,586,143,972\n1,624,656,293\n1,635,847,356\n1,672,507,328\n차입금(주1)\n1,578,346,901\n1,600,235,163\n1,098,170,765\n1,124,374,862\n파생금융부채\n53,802,208\n53,802,208\n11,867,271\n11,867,271\n(주1) 단기차입금, 장기차입금 및 리스부채를 포함하고 있습니다.매출채권 및 매입채무 등 단기성으로 장부금액이 공정가치에 상당히 가까운 경우 공정가치 공시에서 제외하였습니다.\n4.2 공정가치 서열체계\n공정가치로 측정되거나 공정가치가 공시되는 항목은 공정가치 서열체계에 따라 구분하며, 정의된 수준들은 다음과 같습니다.\n\xa0\n- 동일한 자산이나 부채에 대한 활성시장의 (조정되지 않은) 공시가격(수준 1)\n- 직접적으로(예: 가격) 또는 간접적으로(예: 가격에서 도출되어) 관측 가능한, 자산이나 부채에 대한 투입 변수를 이용하여 산정한 공정가치. 단 수준 1에 포함된 공시가격은 제외함(수준 2)\n- 관측 가능한 시장자료에 기초하지 않은, 자산이나 부채에 대한 투입 변수(관측 가능하지 않은 투입 변수)를 이용하여 산정한 공정가치(수준 3)\n보고기간말 현재 공정가치로 측정되거나 공정가치가 공시되는 자산과 부채의 공정가치 서열체계 구분은 다음과 같습니다. \n<당분기말>\n(단위: 천원)\n구\xa0\xa0 분\n수준 1\n수준 2\n수준 3\n합\xa0\xa0 계\n공정가치로 측정되는 금융상품\n당기손익-공정가치측정금융자산\n-\n-\n2,239,670\n2,239,670\n파생금융자산\n-\n12,088,194\n-\n12,088,194\n파생금융부채\n-\n53,802,208\n-\n53,802,208\n공정가치가 공시되는 금융상품\n회사채\n-\n1,624,656,293\n-\n1,624,656,293\n차입금\n-\n1,600,235,163\n-\n1,600,235,163\n<전기말>\n(단위: 천원)\n구\xa0\xa0 분\n수준 1\n수준 2\n수준 3\n합\xa0\xa0 계\n공정가치로 측정되는 금융상품\n당기손익-공정가치측정금융자산\n-\n-\n2,239,670\n2,239,670\n파생금융자산\n-\n13,308,586\n-\n13,308,586\n파생금융부채\n-\n11,867,271\n-\n11,867,271\n공정가치가 공시되는 금융상품\n회사채\n-\n1,672,507,328\n-\n1,672,507,328\n차입금\n-\n1,124,374,862\n-\n1,124,374,862\n4.3 반복적인 공정가치 측정치의 서열체계 수준 간 이동연결회사는 공정가치 서열체계의 수준 간 이동을 이동을 발생시킨 사건이나 상황의\xa0변동이 일어난 날짜에 인식합니다. 보고기간 중 각 공정가치 서열체계의 수준 간\xa0이동 내역은 없습니다.\n4.4 가치평가기법 및 투입변수\n연결회사는 공정가치 서열체계에서 수준 2와 수준3으로 분류되는 반복적인 공정가치 측정시 공시되는 공정가치에 대해 다음의 가치평가기법과 투입변수를 사용하고 있습니다.\n<당분기말>\n(단위: 천원)\n구\xa0\xa0 분\n공정가치\n수\xa0\xa0 준\n가치평가기법\n투입변수\n투입변수 범위(가중평균)\n당기손익-공정가치\n2,239,670\n3\n순자산가치접근법\nN/A\nN/A\n파생금융자산\n12,088,194\n2\n현재가치기법\nN/A\nN/A\n파생금융부채\n53,802,208\n2\n현재가치기법\nN/A\nN/A\n회사채\n1,624,656,293\n2\n현재가치기법\nN/A\nN/A\n차입금\n1,600,235,163\n2\n현재가치기법\nN/A\nN/A\n<전기말>\n(단위: 천원)\n구\xa0\xa0 분\n공정가치\n수\xa0\xa0 준\n가치평가기법\n투입변수\n투입변수 범위(가중평균)\n당기손익-공정가치\n2,239,670\n3\n순자산가치접근법\nN/A\nN/A\n파생금융자산\n13,308,586\n2\n현재가치기법\nN/A\nN/A\n파생금융부채\n11,867,271\n2\n현재가치기법\nN/A\nN/A\n회사채\n1,672,507,328\n2\n현재가치기법\nN/A\nN/A\n차입금\n1,124,374,862\n2\n현재가치기법\nN/A\nN/A\n5. 영업의 계절적 특성 연결회사의 매출액 및 영업이익은 연간 비교적 균등하게 발생하고 있습니다. 전기 1년 동안 전체 누적 매출액의 20.0%가 중간기간에 발생하였으며, 80.0%가 잔여기간에 발생하였습니다.\n6. 영업부문 정보\n(1) 연결회사는 단일 영업부문을 영위하고 있으며, 영업부문별 정보를 공시하지 아니합니다.\n(2) 보고기간의 연결회사의 수익의 상세내역은 다음과 같습니다.\n(단위: 천원)\n구\xa0\xa0 분\n당분기\n전분기\n재화의판매\n1,669,780,616\n1,423,295,606\n기타\n5,062,634\n5,775,948\n합\xa0\xa0 계\n1,674,843,250\n1,429,071,554\n(3) 보고기간의 연결회사간 내부거래를 제거한 연결회사의 소재 국가별 수익 내역은 다음과 같습니다.\n(단위: 천원)\n구\xa0\xa0 분\n당분기\n전분기\n대한민국(본사소재국가)\n454,569,146\n433,989,561\n아시아\n228,726,199\n253,817,206\n미주\n395,484,483\n250,604,226\n유럽\n596,063,422\n490,660,561\n합\xa0\xa0 계\n1,674,843,250\n1,429,071,554\n(4) 보고기간 중 연결회사 매출액의 10% 이상을 차지하는 외부 고객에 대한 정보는 다음과 같습니다.\n(단위: 천원)\n구\xa0\xa0 분\n당분기\n전분기\nA사\n368,270,885\n308,458,162\nB사\n173,543,431\n242,096,028\nC사\n219,520,109\n271,381,889\n합\xa0\xa0 계\n761,334,425\n821,936,079\n7.\xa0관계 및 공동기업투자보고기간 중 연결회사의 관계기업 및 공동기업투자의 변동내역은 다음과 같습니다.\n(단위: 천원)\n구\xa0\xa0 분\n당분기\n전분기\n기초금액\n101,962,029\n98,879,034\n손익 중 지분\n232,321\n1,156,123\n기타포괄손익 중 지분\n4,049,221\n1,764,199\n보고기간말금액\n106,243,571\n101,799,356\n8. 유형자산\n보고기간 중 연결회사의 유형자산 장부금액의 변동내역은 다음과 같습니다.\n(단위: 천원)\n구\xa0\xa0 분\n당분기\n전분기\n기초장부금액\n2,130,362,430\n1,551,451,094\n취득\n95,737,887\n68,324,821\n처분/폐기\n(1,241,892)\n(4,634,078)\n감가상각(주1)\n(75,743,757)\n(52,662,051)\n대체\n(827,894)\n(17,799,596)\n외화환산차이\n33,980,196\n18,155,389\n연결범위변동\n-\n434,112,225\n보고기간말장부금액\n2,182,266,970\n1,996,947,804\n(주1) 당분기 감가상각비\xa0중\xa01,891,533천원(전분기: 1,056,135천원)은 개발비(무형자산) 등 타계정으로 대체되었습니다.\n9. 무형자산\n보고기간 중 연결회사의 무형자산 장부금액의 변동내역은 다음과 같습니다.\n(단위: 천원)\n구\xa0\xa0 분\n당분기\n전분기\n기초순장부금액\n1,592,829,625\n564,010,352\n취득\n55,388,885\n37,942,926\n처분\n(630,243)\n(1,027,552)\n상각 및 손상(주1)\n(25,438,584)\n(10,865,840)\n대체\n35,778,416\n3,562,424\n외화환산차이\n49,681,416\n1,731,726\n연결범위변동\n-\n835,271,596\n보고기간말장부금액\n1,707,609,515\n1,430,625,632\n(주1) 당분기 무형자산상각비 중\xa057,096천원(전분기:\xa041,722천원)은 개발비 등 타계정으로 대체되었습니다.\n10. 리스자산\n보고기간 중 연결회사의 리스자산 장부금액의 변동내역은 다음과 같습니다.\n(단위: 천원)\n구\xa0\xa0 분\n당분기\n전분기\n기초순장부금액\n204,694,721\n180,637,415\n취득\n38,279,159\n19,308,585\n처분\n(308,492)\n(790,404)\n상각(주1)\n(13,020,979)\n(10,114,256)\n대체\n245,238\n(795,397)\n외화환산차이\n4,130,225\n3,173,588\n연결범위변동\n-\n26,388,359\n보고기간말장부금액\n234,019,872\n217,807,890\n(주1) 당분기 리스자산상각비 중\xa0544,344천원(전분기: 390,643천원)은\xa0개발비 등 타계정으로 대체되었습니다.\n11. 순확정급여부채\n\xa0\n(1) 보고기간 중 연결회사의 손익계산서에 반영된 금액은 다음과 같습니다.\n(단위: 천원)\n구\xa0\xa0 분\n당분기\n전분기\n당기근무원가\n5,528,808\n5,243,307\n순이자원가\n368,078\n155,658\n종업원 급여에 포함된 총 비용\n5,896,886\n5,398,965\n당분기 중 상기 비용 이외 확정급여형 종업원 급여 중 961,492천원(전분기: 926,373천원) 및 확정기여형 종업원 급여 중 289,146천원(전분기: 214,179천원)은 개발비 등타계정으로 대체되었습니다.\n(2) 보고기간말 현재 순확정급여부채 산정내역은 다음과 같습니다.\n(단위: 천원)\n구\xa0\xa0 분\n당분기말\n전기말\n확정급여채무의 현재가치\n396,412,567\n385,956,117\n사외적립자산의 공정가치(주1)\n(205,909,179)\n(213,051,973)\n재무상태표상 부채\n190,503,388\n172,904,144\n(주1) 전기말 현재 연결실체 내 일부 제도의 초과적립액 2,318,794천원을 확정급여자산으로 계상하고 있습니다.(3) 당분기 연결회사의 손익계산서에 반영된 확정기여형 종업원 급여 금액은\xa0934,904천원(전분기: 1,543,424천원)입니다.\n12. 충당부채\n보고기간말 현재 연결회사의 충당부채의 내역은 제품보증충당부채, 소송충당부채 등으로서 보고기간 중 변동내역은 다음과 같습니다.\n(단위: 천원)\n구 분\n당분기\n전분기\n기초금액\n41,885,228\n37,438,337\n당기전입액\n10,078,610\n6,343,396\n당기지출액\n(8,750,099)\n(6,282,947)\n대체조정\n465,177\n(20,796)\n외화환산차이\n410,890\n530,605\n연결범위변동\n-\n30,896,599\n보고기간말금액\n44,089,806\n68,905,194\n13. 주식기준보상\n(1) 연결회사는 주주총회 결의에 의거해서 회사의 임원에게 주식선택권을 부여했으며, 주요 내용은 다음과 같습니다.\n- 1차 주식선택권ㆍ 주식선택권으로 발행한 주식의 종류: 기명식 보통주식ㆍ 부여방법: 신주교부, 자기주식교부ㆍ 부여시기 : 2016년 5월 9일\nㆍ 가득조건 : 부여일로부터 1년이 경과하는 날로부터 25%, 2년이 경과하는 날로\xa0 \xa0 부터 50%, 3년이 경과하는 날로부터 75%, 4년이 경과하는 날로부터 100%ㆍ 행사가능조건: 이사회 결의에 따라 가득된 주식은 최대주주 변경거래 발생시 또는\xa0 \xa0 부여일로부터 8년 경과시 행사가능(단, 상법에 의하여 부여일로부터 2년 이상\xa0 \xa0 \xa0 \xa0 \xa0 재직 또는 재임하지 않은 경우 이사회 결의로 취소 가능)\n- 2차 주식선택권ㆍ 주식선택권으로 발행한 주식의 종류: 기명식 보통주식ㆍ 부여방법: 신주교부, 자기주식교부ㆍ 부여시기 : 2017년 2월 14일\nㆍ 가득조건 : 부여일로부터 1년이 경과하는 날로부터 25%, 2년이 경과하는 날로\xa0 \xa0 부터 50%, 3년이 경과하는 날로부터 75%, 4년이 경과하는 날로부터 100%ㆍ 행사가능조건: 이사회 결의에 따라 가득된 주식은 최대주주 변경거래 발생시 또는\xa0 \xa0 부여일로부터 8년 경과시 행사가능(단, 상법에 의하여 부여일로부터 2년 이상\xa0 \xa0 \xa0 \xa0 \xa0 재직 또는 재임하지 않은 경우 이사회 결의로 취소 가능)\n- 3차 주식선택권ㆍ 주식선택권으로 발행한 주식의 종류: 기명식 보통주식ㆍ 부여방법: 신주교부, 자기주식교부ㆍ 부여시기 : 2018년 2월 9일ㆍ 가득조건 : 부여일로부터 1년이 경과하는 날로부터 25%, 2년이 경과하는 날로\xa0 \xa0 부터 50%, 3년이 경과하는 날로부터 75%, 4년이 경과하는 날로부터 100%ㆍ 행사가능조건: 이사회 결의에 따라 가득된 주식은 최대주주 변경거래 발생시 또는\xa0 \xa0 부여일로부터 8년 경과시 행사가능(단, 상법에 의하여 부여일로부터 2년 이상\xa0 \xa0 \xa0 \xa0 \xa0 재직 또는 재임하지 않은 경우 이사회 결의로 취소 가능)- 4차 주식선택권ㆍ 주식선택권으로 발행한 주식의 종류: 기명식 보통주식ㆍ 부여방법: 신주교부, 자기주식교부ㆍ 부여시기 : 2019년 3월 14일ㆍ 가득조건 : 부여일로부터 1년이 경과하는 날로부터 25%, 2년이 경과하는 날로\xa0 \xa0 부터 50%, 3년이 경과하는 날로부터 75%, 4년이 경과하는 날로부터 100%ㆍ 행사가능조건: 이사회 결의에 따라 가득된 주식은 최대주주 변경거래 발생시 또는\xa0 \xa0 부여일로부터 8년 경과시 행사가능(단, 상법에 의하여 부여일로부터 2년 이상\xa0 \xa0 \xa0 \xa0 \xa0 재직 또는 재임하지 않은 경우 이사회 결의로 취소 가능)\n- 5차 주식선택권ㆍ 주식선택권으로 발행한 주식의 종류: 기명식 보통주식ㆍ 부여방법: 신주교부, 자기주식교부ㆍ 부여시기 : 2020년 2월 11일ㆍ 가득조건 : 부여일로부터 1년이 경과하는 날로부터 25%, 2년이 경과하는 날로\xa0 \xa0 부터 50%, 3년이 경과하는 날로부터 75%, 4년이 경과하는 날로부터 100%ㆍ 행사가능조건: 이사회 결의에 따라 가득된 주식은 최대주주 변경거래 발생시 또는\xa0 \xa0 부여일로부터 8년 경과시 행사가능(단, 상법에 의하여 부여일로부터 2년 이상\xa0 \xa0 \xa0 \xa0 \xa0 재직 또는 재임하지 않은 경우 이사회 결의로 취소 가능)(2) 당분기 중 주식선택권의 수량과 행사가격의 변동은 다음과 같습니다.\n구\xa0\xa0 분\n주식매수선택권 수량(주)\n행사가격(원)\n1차\n2차\n3차\n4차\n5차\n1차\n2차\n3차\n4차\n5차\n기초\n1,202,500\n2,877,500\n1,360,000\n3,020,000\n-\n10,200\n10,200\n13,100\n12,200\n-\n부여\n-\n-\n-\n-\n3,555,000\n-\n-\n-\n-\n10,825\n소멸\n(7,500)\n(97,500)\n(87,500)\n(160,000)\n-\n10,200\n10,200\n13,100\n12,200\n-\n기말\n1,195,000\n2,780,000\n1,272,500\n2,860,000\n3,555,000\n10,200\n10,200\n13,100\n12,200\n10,825\n\xa0\n보고기간말 현재 행사 가능한 주식선택권은 없습니다.\n(3) 연결회사는 부여된 주식선택권의 보상원가를 부여시점에 이항모형을 이용한 공정가치접근법을 적용하여 산정했으며, 부여시점의 보상원가를 산정하기 위한 제반 가정 및 변수는 다음과 같습니다.\n구\xa0\xa0 분\n1차(주3)\n2차\n3차\n4차\n5차\n주식선택권의 공정가치\n1,424.05원\n1,128.24원\n2,529.66원\n1,456.43원\n1,772.15원\n주가(주1)\n10,300원\n9,270원\n12,800원\n11,550원\n11,250원\n주가변동성(주2)\n15.1%\n17.1%\n17.6%\n14.4%\n16.4%\n배당수익률\xa0\n2.2%\n2.1%\n1.7%\n2.3%\n2.8%\n기대만기\n10년\n10년\n10년\n10년\n10년\n무위험수익률\n1.8%\n1.6%\n2.8%\n1.9%\n1.6%\n(주1) 1차는\xa0계약수정일의 주가, 그 외 차수는 부여일의 주가입니다.(주2) 주가변동성은 지난 180일 간 역사적 변동성을 연간으로 환산하여 산출하였습니다.(주3) 1차 주식선택권은 부여계약서의 수정으로 부여방법이 변경되었습니다.(4) 당분기 중 비용으로 인식한 주식기준보상은\xa0389,515천원(전분기:\xa0295,552천원)입니다.\n14. 차입금 및 회사채\n보고기간말 현재 연결회사의 차입금 및 회사채의 내역은 다음과 같습니다.\n(단위: 천원)\n구\xa0\xa0 분\n당분기말\n전기말\n유동\n비유동\n유동\n비유동\n금융기관차입금(*1)\n787,627,798\n565,574,485\n335,160,243\n565,158,262\n회사채(*1)\n139,927,833\n1,446,216,139\n49,994,430\n1,585,852,926\n리스부채(*2)\n44,915,947\n180,228,671\n40,086,237\n157,766,023\n합\xa0 계\n972,471,578\n2,192,019,295\n425,240,910\n2,308,777,211\n(*1)\xa0보고기간 중 연결회사의 차입금(리스부채 제외) 및 회사채의 변동내역은 다음과 같습니다.\n(단위: 천원)\n구\xa0\xa0 분\n당분기\n전분기\n기초금액\n2,536,165,861\n1,495,001,186\n은행차입금의 차입\n691,908,665\n1,212,919,152\n은행차입금의 상환\n(260,442,948)\n(147,037,831)\n회사채의 상환\n(50,000,000)\n(160,000,000)\n상각 등\n21,714,677\n4,582,272\n연결범위 변동\n\u3000-\n10,720,671\n보고기간말금액\n2,939,346,255\n2,416,185,450\n연결회사는 NH투자증권 주식회사 외\xa017개사로부터 차입한 차입금\xa0550,000백만원에대하여, 원리금지급의무이행이 완료될 때까지, 재무약정 내역에 따라 해당 연도의 각계산일에 각 대상의 연결재무제표 기준 하기와 같이 레버리지 비율을\xa0준수하게 되어 있습니다.\n구\xa0\xa0 분\n2019년\n2020년\n한온시스템주식회사(주1)\n4.00배\n4.00배\nHanon EFP Corporation(주2)\n3.00배\n3.00배\n(주1) 계산일 현재 순부채를 EBITDA로 나눈 비율(주2) 계산일 현재 조정순부채합계액을 조정EBITDA 합계액으로 나눈 비율\n(*2) 보고기간 중 연결회사의 리스부채의 변동내역은 다음과 같습니다.\n(단위: 천원)\n구\xa0\xa0 분\n당분기\n전분기\n기초금액\n197,852,260\n177,024,970\n리스부채의 증가\n38,279,159\n16,986,749\n리스부채의 상환\n(11,927,000)\n(11,247,034)\n상각 등\n940,199\n3,431,040\n연결범위변동\n-\n26,267,365\n보고기간말금액\n225,144,618\n212,463,090\n15. 우발채무와 약정사항\n(1) 보고기간말 현재 금융기관에 대한 지배기업의 약정사항은 다음과 같습니다.\n(원화단위: 천원, 외화단위: 천)\n계약처\n약정내용\n약정내역\n비\xa0\xa0 고\n환\xa0\xa0 종\n금\xa0\xa0 액\n원화상당액\nKEB하나은행\n당좌차월\nKRW\n10,000,000\n10,000,000\n\u3000\n수출입금융, 무역금융, 일반대출 등\nKRW\n140,000,000\n140,000,000\n포괄한도\n전자 매출채권 담보대출\nKRW\n195,000,000\n195,000,000\n\u3000\n선물환\nUSD\n150,000\n183,390,000\n\u3000\n외화지급보증\nUSD\n5,000\n6,113,000\n\u3000\n우리은행\n수출입금융\nUSD\n4,500\n5,501,700\n\u3000\n선물환\nUSD\n40,000\n48,904,000\n\u3000\nKDB 산업은행\n일반대출\nKRW\n100,000,000\n100,000,000\n\u3000\nSC은행\n선물환\nUSD\n25,000\n30,565,000\n\u3000\nBank of America\n선물환\nUSD\n100,000\n122,260,000\n\u3000\nJP Morgan\n선물환\nUSD\n100,000\n122,260,000\n\u3000\n신한은행\n선물환\nUSD\n35,000\n42,791,000\n\u3000\n국민은행\n선물환\nUSD\n25,000\n30,565,000\n\u3000\n(2) 보고기간말 현재 Hanon Nanjing은 연결회사의 관계기업인 JCS로부터 USD\xa07,059천의 차입약정을 제공받고 있습니다.\n(3) 보고기간말 현재 금융기관에 대한 종속기업의 약정사항은 다음과 같습니다.\n(원화단위: 천원, 외화단위: 천)\n구\xa0\xa0 분\n계약처\n약정내용\n약정한도\n환\xa0\xa0 종\n금\xa0\xa0 액\n원화상당액\nChina Group Facility (주1)\nBank of America\n차입약정\nUSD\n38,000\n46,458,800\nEurope Group Facility (주2)\nBank of America\n차입약정\nEUR\n104,375\n140,765,344\nAmerica Group Facility (주3)\nBank of America\n차입약정\nUSD\n156,500\n191,336,900\nHanon EFP Korea\nCiti Bank\n차입약정\nKRW\n8,000,000\n8,000,000\nHanon Beijing\nBank of China\n차입약정\nCNY\n68,000\n11,725,240\nHanon Shanghai\nBank of America\n차입약정\nCNY\n12,000\n2,069,160\nHanon Nanjing\nBank of America\n차입약정\nUSD\n8,000\n9,780,800\nCSG JV\nChina South Industries Group Finance Co., Ltd\n차입약정\nCNY\n296,000\n51,039,280\nHASI\u3000\nHDFC Bank\n차입약정\nINR\n500,000\n8,105,000\nCiti Bank\n차입약정\nINR\n550,000\n8,915,500\nHanon Bhiwadi\nHDFC Bank\n차입약정\nINR\n80,000\n1,296,800\nHanon Bangalore Operations Private Limited\nCiti Bank\n차입약정\nINR\n180,000\n2,917,800\nHanon Japan\nBank of America\n차입약정\nUSD\n10,000\n12,226,000\nHanon South Africa\nCiti Bank\n차입약정\nZAR\n15,000\n1,021,200\nHanon Slovakia\u3000\nCiti Bank\n차입약정\nEUR\n19,000\n25,624,350\nING\n차입약정\nEUR\n40,000\n53,946,000\nHanon Netherlands\u3000\nCiti Bank\n차입약정\nUSD\n15,000\n18,339,000\nRaiffeisenbank\n차입약정\nEUR\n20,000\n26,973,000\nHanon Turkey\u3000\u3000\nCiti Bank\n차입약정\nTRY\n20,000\n3,720,600\nDeutsche Bank\n차입약정\nEUR\n5,000\n6,743,250\nGaranti BANK\n차입약정\nTRY\n250\n46,508\nHanon Hungary\u3000\nCiti Bank\n차입약정\nEUR\n30,000\n40,459,500\nRaiffeisenbank\n차입약정\nEUR\n20,000\n26,973,000\nHanon Autopal\u3000\nCiti Bank\n차입약정\nEUR\n34,000\n45,854,100\nRaiffeisenbank\n차입약정\nEUR\n20,000\n26,973,000\nHanon Portugal\nPortuguese State\n정부보조(Interest Free Loan)\nEUR\n12,079\n16,289,692\nHanon Brazil\nBank of America\n차입약정\nUSD\n3,000\n3,667,800\nHanon Canada\nFederal Economic Development Agency for Southern Ontario\n정부보조(Interest Free Loan)\nCAD\n2,175\n1,875,024\n(주1) China Group Facility : Hanon Dalian 외 중국 6개 법인의 운용자금을 지원할 목적으로 USD\xa038백만 한도내에서 차입이 가능합니다.(주2) Europe Group Facility : Hanon Netherlands 외 2개 법인의 운용자금을 지원할목적으로 EUR\xa0104백만 한도내에서 차입이 가능합니다.(주3) America Group Facility : Hanon USA 외 1개 법인의 운용자금을 지원할 목적으로 USD\xa0156백만 한도내에서 차입이 가능합니다.\n(4)\xa0 연결회사는 2016년 중 협력업체의 생산라인 중 자동차공조 사업부의 인수 대금을 지급하였으나, 협력업체 대표이사의 불법적인 행위에 대한 형사고소 및 지급된 사업양수도 대금에 대한 자산가압류를 진행하였고, 검찰은 2016년 7월 29일에 해당사항을 법원에 공소제기하여, 2017년 12월 20일 협력업체 대표이사를 징역 9년에 처하는 대전지방법원 천안지원의 형사 판결이 선고되었습니다. 협력업체 대표이사와 검찰 모두 대전고등법원에 항소하였고, 2018년 10월 12일 협력업체 대표이사를 징역 6년에 처하는 대전고등법원의 형사 판결이 선고되었습니다. 2018년 10월 16일 협력업체 대표이사와 검찰 모두 대법원에 상고하였고, 2018년 12월 18일 협력업체 대표이사는 위헌법률심판 제청도 하였습니다. 2019년 3월 14일 위 형사 항소심 판결을 확정하는 대법원의 상고기각 판결이 선고되었고, 같은 날 위 위헌법률심판 제청신청도 기각되었습니다. 또한, 연결회사는 위 협력업체 대표이사를 상대로 2018년 1월 23일에는 손해배상청구 및 부당이득반환청구 소송을 제기하였고, 재판부는 그 중 손해배상청구가 이유있다고 보아 2019년 9월 18일 손해배상 승소판결을 받았습니다. 협력업체 대표이사와 연결회사는 모두 항소하였으며, 항소심 제2회 변론기일이 2020년 4월 22일 예정되어 있습니다. 연결회사는 2018년 7월 6일 위 협력업체 대표이사가 하위협력업체에게 미지급한 36억원 가량을 유상양수 받아 양수금 지급청구 소송을 제기하였고, 지난 2019년 5월 14일 관련 사건 결과를 확인하기 위하여 추정된 이후 2020년 1월 21일 제1심 변론이 재개되었으나, 관련 사건 결과 확인을 위하여 재차 추정되었습니다. 나아가 위 사건 관련 이와 관련 위 협력업체 대표이사의 미납 세금 및 가산금에 대한 국세청 및 지자체의 체납처분이 있어서 관련 세무 소송이 진행되고 있습니다. 배당이의의 소는 일부는 2020년 3월 26일 종결되어 관련사건의 결과를 확인하기 위하여 추정되었으며, 나머지 1건의 배당이의사건은 2020년 5월 13일 변론기일이 예정되어 있습니다. 부가가치세 등 경정거부처분 취소소송은 2020년 5월 7일 제1회 변론기일이 예정되어 있습니다. 이와 관련한 구체적인 사항은 현재 진행 중인 소송에 현저하게 영향을 미칠 수 있다고 판단되어 공시에서 생략하였습니다.\n(5) 도요다지도숏키주식회사는 지배기업을 상대로 2014년 3월 18일 서울 중앙지방법원에, 회사의 종속기업인 Hanon Japan을 상대로 2014년 12월 26일 일본 동경 지방법원에 각각 피스톤식 압축기의 냉매흡입기구에 대한 특허침해 행위금지 소송을 제기하였습니다. 이에 종속기업인 Hanon Japan은 2015년 5월 1일 일본 특허청에 위 특허에 관한 무효 심판을 제기하였습니다.동 특허 관련 소송 중 서울중앙지방법원 소송에서 2015년 1월 16일 지배기업에게 특허 침해행위 금지를 명하는 판결이 있었으나, 이에 2015년 1월 23일 동 판결에 대한 항소를 제기하였으며, 2016년 1월 21일에 서울고등법원으로부터 승소판결을 받았습니다. 이에 도요다지도숏키주식회사는 2016년 2월 12일 대법원에 불복 상고를 제기하였으나, 2018년 11월 9일 지배기업은 대법원으로부터 승소 확정판결을 받았습니다.그리고, 일본 특허심판원은 2016년 1월 5일 도요다지도숏키주식회사의 일본 특허 무효 예비 심결하였고, 도요다지도숏키주식회사는 2016년 3월 7일 일본 특허청에 특허유효성을 유지하기 위한 특허 정정을 청구하였습니다. 이에 일본 특허심판원은 2016년 9월 23일 일본 특허 유효 심결하였고, Hanon Japan은 2016년 11월 2일 위 심결에대한 취소 소송을 일본 고등재판소에 제기하였으며, 2017년 10월 26일 패소하여, 2017년 11월 9일 상고를 제기하였고, 2018년 7월 19일 일본 최고재판소에서 패소 확정판결을 받았습니다. 종속기업인 Hanon Japan은 도요다지도숏키주식회사를 상대로 2018년 2월 7일 일본 특허청에 일본특허 무효 심판을 새로이 제기하여, 2018년 10월 10일 구두심리 진행하였고, 2018년 12월 13일 Hanon Japan은 특허청으로부터 무효심판청구 심리종결통지서를 송달받았습니다. 이에 Hanon Japan은 2019년 2월 8일 위 심결에 대한 취소 소송을 일본 고등재판소에 제기하였으나, 2020년 1월 29일 패소 판결을 받아, 2020년 2월 10일 일본최고재판소에 상고하였습니다.한편, 종속기업인 Hanon Japan과 관련한 일본 특허침해 행위금지 소송은 2017년 4월 21일 제1심에서 패소하여 2017년 5월 10일 항소를 제기하였고, 2017년 11월 28일 항소심에서 패소하여 2017년 12월 13일 상고를 제기하였으며, 2018년 7월 19일 일본 최고재판소에서 패소 확정판결을 받았습니다. \n또한, 도요다지도숏키주식회사는 종속기업인 Hanon Japan을 상대로 2017년 8월 31일 일본 동경지방법원에 손해배상청구소송을 제기하였으며, 현재 제1심 진행 중입니다. 일본 동경지방법원 재판부는 일본 특허의 유효성 및 침해성을 인정하는 전제에서손해배상 금액을 산정토록 하고 있으나, 도요다지도숏키주식회사가 일부 손해배상 청구 금액을 1억엔으로 제시하면서 그 산정 근거를 제시하지 않고 있고, 해당 특허의유효성여부도 다투어지고 있습니다. 이와 관련된 구체적인 사항은 현재 진행중인 소송에 현저하게 영향을 미칠 수 있다고 판단되어 공시에서 생략하였습니다.\n(6) 당분기말 현재 연결회사의 금융자산 중 12,500,000천원은 동반성장협력대출예치금으로 사용이 제한되어 있습니다.(7) 연결회사는 신디케이트론 차입금에 대해 Hanon EFP Corporation의 지분을 담보로 제공하고 있습니다.\n16. 파생금융상품\n(1)\xa0보고기간말 현재 연결회사의 파생상품 평가내역은 다음과 같습니다.\n<당분기말>\n(단위: 천원)\n거래목적\n파생상품종류\n자\xa0\xa0 산\n부\xa0\xa0 채\n기타포괄손익누계액\n현금흐름위험회피\n통화선도\n4,098,452\n(50,603,971)\n(31,585,506)\n공정가치위험회피\n통화선도\n6,397,963\n(3,198,237)\n-\n매매목적\n통화선도\n1,591,779\n-\n-\n<전기말>\n(단위: 천원)\n거래목적\n파생상품종류\n자\xa0\xa0 산\n부\xa0\xa0 채\n기타포괄손익누계액\n현금흐름위험회피\n통화선도\n13,157,263\n(10,820,685)\n3,465,562\n공정가치위험회피\n통화선도\n151,323\n(1,046,586)\n-\n(2) 보고기간 중 연결회사의 파생관련 손익은 다음과 같습니다.\n<당분기>\n(단위: 천원)\n거래목적\n파생상품종류\n매출액\n매출원가\n평가이익(손실)\n거래이익(손실)\n현금흐름위험회피\n통화선도\n(3,781,842)\n(2,017,389)\n(4,356,992)\n(2,283,866)\n공정가치위험회피\n통화선도\n-\n-\n5,032,553\n38,752\n매매목적\n통화선도\n-\n-\n1,617,310\n118,677\n<전분기>\n(단위: 천원)\n거래목적\n파생상품종류\n매출액\n매출원가\n평가이익(손실)\n거래이익(손실)\n현금흐름위험회피\n통화선도\n565,953\n5,978,739\n(667,794)\n(325,667)\n공정가치위험회피\n통화선도\n-\n-\n560,277\n126,765\n매매목적\n통화선도\n-\n\u3000-\n(1,097,232)\n9,752,747\n17. 법인세비용\xa0\n법인세비용은 전체 회계연도에 대해서 예상되는 최선의 가중평균 연간법인세율의 추정에 기초하여 인식하였습니다. 2020년 12월 31일로 종료하는 회계연도의 예상평균연간법인세율은 26.6%(전분기말 연간예상법인세율 : 26.0%)입니다\n18. 주당이익(1) 보고기간의 연결회사의 지배기업의 소유주지분에 대한 기본주당이익은 다음과 같습니다.\n구\xa0\xa0 분\n당분기\n전분기\n지배기업 보통주소유주 귀속 분기순이익(주1)\n34,076,416,521원\n56,010,730,547원\n가중평균유통보통주식수(주2)\n533,797,511주\n533,800,000주\n기본주당이익\n64원/주\n105원/주\n(주1) 지배기업 보통주소유주 귀속 분기순이익 등의 산정내역지배기업 보통주소유주 귀속 분기순이익은 보고기간 중 조정항목이 없기 때문에 손익계산서 상 보통주소유주 귀속 분기순이익과 동일하게 산정되었습니다.(주2) 가중평균유통보통주식수 산정내역\xa0\n(단위 : 주)\xa0\n구분\n당분기\xa0\n전분기\n기초\n533,800,000\n533,800,000\n자기주식 취득\n(2,489)\n-\n가중평균유통보통주식수\n533,797,511\n533,800,000\n(2) 희석주당이익은 모든 희석성 잠재적보통주가 보통주로 전환된다고 가정하여 조정한 가중평균 유통보통주식수를 적용하여 산정하고 있습니다. 연결회사가 보유하고있는 희석성 잠재적보통주로는 주식선택권이 있습니다. 주식선택권으로 인한 주식수는 주식선택권에 부가된 권리 행사의 금전적 가치에 기초하여 공정가치(회계기간의 평균시장가격)로 취득했을 때 얻게 될 주식수를 계산하고 동 주식수와 주식선택권이 행사된 것으로 가정할 경우 발행될 주식수를 비교하여 산정했습니다.\n구\xa0\xa0 분\n당분기\n전분기\n지배기업 보통주소유주 귀속 분기순이익\n34,076,416,521원\n56,010,730,547원\n발행된 가중평균유통보통주식수\n533,797,511주\n533,800,000주\n조정내역\n\u3000\n\u3000\n\xa0주식선택권\n22,971주\n413,998주\n합\xa0\xa0 계\n533,820,482주\n534,213,998주\n희석주당이익\n64원/주\n105원/주\n19. 배당금2019년 12월 31일로 종료하는 회계기간에 대한 보통주 배당금 42,704,000천원은\xa0\xa0 2020년 4월에 지급되었습니다(전기 지급액: 42,704,000천원). \n20.\xa0판매비와 관리비보고기간의 연결회사의 판매비와 관리비 구성내역은 다음과 같습니다.\n(단위: 천원)\n구\xa0\xa0 분\n당분기\n전분기\n급여 및 상여\n28,571,121\n23,823,600\n퇴직급여\n1,613,132\n1,540,036\n기타장기종업원급여\n47,170\n40,996\n복리후생비\n6,089,165\n4,698,489\n세금과공과\n853,950\n858,986\n운반비\n11,553,631\n9,677,461\n보증수리비\n9,306,251\n4,142,885\n감가상각비\n1,955,232\n1,926,642\n리스자산상각비\n1,976,374\n1,720,671\n무형자산상각비\n3,921,699\n913,830\n대손상각비\n1,588,172\n345,938\n여비교통비\n1,277,034\n1,883,744\n지급수수료\n19,122,644\n14,839,988\n경상연구개발비\n45,825,335\n38,258,819\n기타판매비와관리비\n4,677,779\n2,873,519\n합\xa0\xa0 계\n138,378,689\n107,545,604\n21. 금융손익보고기간의 연결회사의 금융수익 및 금융원가의 내역은 다음과 같습니다.\n(단위: 천원)\n구\xa0\xa0 분\n당분기\n전분기\n금융수익\n\u3000\n\u3000\n이자수익\n1,423,762\n3,371,467\n외환차익\n2,320,982\n10,881,501\n외화환산이익\n33,909,296\n1,019,450\n합\xa0\xa0 계\n37,654,040\n15,272,418\n금융원가\n\u3000\n\u3000\n이자비용\n18,835,374\n10,534,388\n외환차손\n1,691,223\n2,819,062\n외화환산손실\n8,505,745\n736,765\n합\xa0\xa0 계\n29,032,342\n14,090,215\n22. 기타영업외손익보고기간의 연결회사의 기타영업외수익 및 기타영업외비용의 내역은 다음과 같습니다.\n(단위: 천원)\n구\xa0\xa0 분\n당분기\n전분기\n기타영업외수익\n외화환산이익\n64,778,944\n22,949,456\n외환차익\n24,444,391\n65,796,827\n유형자산처분이익\n38,871\n833,794\n파생상품거래이익\n1,288,492\n11,786,339\n파생상품평가이익\n9,967,909\n729,396\n기타잡이익\n668,008\n1,858,919\n합\xa0\xa0 계\n101,186,615\n103,954,731\n기타영업외비용\n외화환산손실\n73,917,694\n18,162,547\n외환차손\n29,270,563\n66,668,777\n유형자산처분손실\n252,702\n1,018,036\n무형자산처분손실\n-\n494,609\n파생상품거래손실\n3,414,929\n2,232,494\n파생상품평가손실\n7,675,038\n1,934,145\n기타잡손실\n9,937,689\n32,891,019\n합\xa0\xa0 계\n124,468,615\n123,401,627\n23.\xa0비용의 성격별 분류\n보고기간의 연결회사의 비용의 성격별 분류 내역은 다음과 같습니다.\n(단위: 천원)\n구\xa0\xa0 분\n당분기\n전분기\n원재료 및 상품을 제외한 재고자산의 변동\n(44,619,540)\n(63,013,878)\n원재료비 및 상품 매출원가\n1,145,889,722\n1,019,537,306\n급여 및 상여\n165,335,011\n138,439,701\n퇴직급여\n6,831,791\n6,942,389\n복리후생비\n45,965,154\n35,479,921\n감가상각비\n73,852,224\n51,605,916\n리스자산상각비\n12,476,635\n9,723,613\n무형자산상각비\n25,381,488\n10,824,118\n운반비\n40,523,488\n28,629,704\n연구개발비(외부구입자재)\n7,118,907\n(1,283,344)\n지급수수료\n62,527,732\n47,373,551\n기타\n73,835,949\n51,347,443\n매출원가, 판매비와 관리비의 합계\n1,615,118,561\n1,335,606,440\n24. 영업활동 현금흐름(1) 보고기간의 연결회사의 영업활동 현금흐름의 조정액은 다음과 같습니다.\n(단위: 천원)\n구\xa0\xa0 분\n당분기\n전분기\n수익ㆍ비용의 조정 :\n이자비용\n18,835,374\n10,534,388\n이자수익\n(1,423,762)\n(3,371,467)\n법인세비용\n12,070,127\n19,852,700\n재고자산평가/폐기손익\n(165,983)\n191,710\n퇴직급여\n5,896,887\n5,398,965\n기타장기종업원급여\n468,198\n433,804\n주식보상비용\n389,515\n295,552\n감가상각비\n73,852,224\n51,605,916\n무형자산상각비\n25,381,488\n10,824,118\n리스자산상각비\n12,476,635\n9,723,613\n대손상각비\n1,588,172\n345,938\n기타의대손상각비\n133,232\n293,029\n충당부채전입액\n10,078,610\n6,306,249\n유형자산처분손실\n252,702\n1,018,036\n무형자산처분손실\n-\n494,609\n유형자산처분이익\n(38,871)\n(833,794)\n외화환산손실\n82,423,438\n18,899,314\n외화환산이익\n(98,688,241)\n(23,968,907)\n파생상품거래손실\n3,414,929\n2,232,494\n파생상품평가손실\n7,675,038\n1,934,145\n파생상품거래이익\n(1,288,492)\n(11,786,339)\n파생상품평가이익\n(9,967,909)\n(729,396)\n관계기업 및 공동기업에 대한 지분법손익\n(232,321)\n(1,156,123)\n잡손실\n11,578\n5,823,137\n잡이익\n-\n(1,067,526)\n합\xa0\xa0 계\n143,142,568\n103,294,165\n(단위: 천원)\n구\xa0\xa0 분\n당분기\n전분기\n영업활동으로 인한 자산부채의 변동 :\n매출채권의 감소\n109,967,446\n84,660,430\n기타채권의 감소(증가)\n(7,746,660)\n4,148,660\n기타유동자산의 감소(증가)\n17,757,474\n(20,612,745)\n파생금융자산의 감소(증가)\n(16,793,220)\n14,569,013\n재고자산의 증가\n(140,078,338)\n(26,246,555)\n기타비유동자산의 감소\n497,235\n248,848\n매입채무의 감소\n(32,439,551)\n(145,964,791)\n기타채무의 증가(감소)\n(82,750,283)\n3,302,785\n기타유동부채의 증가(감소)\n(27,544,150)\n8,541,037\n파생금융부채의 증가(감소)\n17,215,988\n(2,219,925)\n기타비유동채무의 증가(감소)\n(605,012)\n985,310\n기타비유동부채의 증가(감소)\n(2,098,319)\n1,070,033\n기타충당부채의 감소\n(8,750,100)\n(6,282,947)\n퇴직금의 지급\n(3,928,887)\n(6,521,279)\n퇴직연금운용자산의 감소\n4,328,505\n8,216,423\n합\xa0\xa0 계\n(172,967,872)\n(82,105,703)\n(2) 보고기간의 연결회사의 현금의 유입과 유출이 없는 거래 중 중요한 사항은 다음과 같습니다.\n(단위: 천원)\n내\xa0\xa0 역\n당분기\n전분기\n건설중인자산의 본계정대체\n70,700,287\n37,008,083\n당분기말 유형자산 취득 미지급금\n75,250,574\n72,290,061\n당분기말 무형자산 취득 미지급금\n14,042\n1,388,769\n전기말 유형자산 취득 미지급금\n122,147,063\n176,797,398\n전기말 무형자산 취득 미지급금\n32,914\n1,261,621\n25. 특수관계자거래\n(1) 연결회사의 지배기업은 한앤코오토홀딩스유한회사이며, 연결회사에 유의적 영향력을 미치는 회사는 한국타이어앤테크놀로지입니다. 당분기말 현재 연결회사의 관계및 공동기업은 Bonaire 외 3개사입니다.\n(2) 보고기간 중 발생한 연결회사의 특수관계자와의 매출 및 매입 등 거래 내역은 다음과 같습니다.\n<당분기>\n(단위: 천원)\n특수관계구분\n회사명\n매출 등\n배당수익\n매입 등\n관계 및 공동기업\nBonaire 외 3개사\n23,248,357\n-\n864,145\n<전분기>\n(단위: 천원)\n특수관계구분\n회사명\n매출 등\n배당수익\n매입 등\n관계 및 공동기업\nBonaire 외 3개사\n23,981,797\n-\n1,100,382\n(3) 보고기간말 현재 연결회사의 특수관계자에 대한 채권ㆍ채무의 주요 잔액 내역은 다음과 같습니다.\n<당분기말>\n(단위: 천원)\n특수관계구분\n회사명\n채권\n채무(주1)\n관계 및 공동기업\nBonaire 외 3개사\n14,448,802\n2,835,027\n(주1) 당분기말 현재 채무금액에는 차입금\xa02,515,231천원이 포함되어\xa0있습니다.\n<전기말>\n(단위: 천원)\n특수관계구분\n회사명\n채\xa0\xa0 권\n채무(주1)\n관계 및 공동기업\nBonaire 외 3개사\n14,459,344\n2,857,382\n(주1) 전기말 현재 채무금액에는 차입금 2,380,484천원이 포함되어 있습니다.\n(4) 보고기간의 연결회사의 주요 경영진 전체에 대한 보상내역은 다음과 같습니다.\n(단위: 천원)\n구\xa0\xa0 분\n당분기\n전분기\n단기종업원급여\n506,342\n648,948\n퇴직급여\n40,625\n72,266\n합\xa0\xa0 계\n546,967\n721,214\n상기의 주요 경영진에는 연결회사 활동의 계획, 운영, 통제에 대한 중요한 권한과 책임을 가진 이사(비상임, 집행임원 포함) 및 감사가 포함되어 있습니다.\n(5) 보고기간말 현재 Hanon Nanjing은 관계기업인 JCS로부터 USD 7,059천의 차입약정을 제공받고 있습니다.26. 사업결합전분기 중 연결회사는 자동차용 유압제어장치의 제작 및 판매를 주업으로 하는 Magna 그룹의 Fluid pressure & controls 사업부의 지분을 취득하였습니다. 해당 사업결합의 상세내용은 직전 연차재무제표 주석36에서 설명하고 있습니다.\n']"
