text
"['\nII. 사업의 내용\n1. 사업의 개요\n1. 지배기업의 개요 \xa0주식회사 현대리바트(이하 \'당사\')는 1999년 06월 02일 설립되어 가구 및 목제품의 제조 및 판매를 주요 사업으로 영위하고 있으며, 경기도 용인시와 안성시, 경상북도 경주시 등에 공장이 위치하고 있습니다. 당사는 2005년 11월 22일자로 주식을 한국거래소에 상장하였으며, 2012년 02월 현대백화점 그룹에 편입하였고, 2014년 03월 21일 (주)리바트에서 (주)현대리바트로 상호를 변경하였습니다. 2017년 12월 05일자로 당사를 존속회사로 하고 (주)현대에이치앤에스를 소멸회사로 하는 흡수합병을 진행하였습니다.2. B2C(1). 산업의 특성 \xa0B2C 산업은 주거에 필요한 장롱과 침대 등의 가정용 가구를 제조하는 산업으로, 가구 품목 가운데 높은 비중을 차지하고 있습니다. B2C 가구는 과거 목조가구로 시작하여 현대의 첨단소재를 사용한 친환경 가구에 이르기까지 그 형태와 기능이 다양해졌으며, 기능성뿐만 아니라 디자인에 대한 중요도 또한 점점 증가하고 있습니다. B2C 가구는 내구소비재로 제품의 수명 주기가 길고, 비교적 고가품목에 해당하기 때문에 결혼 및 이사시즌에 수요가 집중되는 계절적인 특징이 있습니다. 이러한 B2C 가구 산업의 특성은 다음과 같습니다. 첫째, B2C 가구는 국민 주거생활에 필요한 물품이자 수요층이 다양한 소비재로서 소비자의 연령과 소득 및 생활양식에 따라 소비패턴에 차이를 보이지만, 일반적인 제품으로 모두 사용되고 있으며 그 수요가 지속적으로 증가하는 추세입니다. 둘째, 가구 산업은 가구의 기능성과 디자인의 차별화를 통해 가격을 유지할 수 있는 디자인 산업의 특성을 지니고 있기에 상당히 매력적인 고부가가치의 산업입니다.(2). 산업의 성장성 \xa0국내 B2C 가구 산업은 소득수준 향상과 함께 휴식에 대한 가치가 중요시되면서 지속적인 성장세에 있는 분야입니다. 특히 기능성과 다양한 개인의 기호가 반영된 가구에 대한 수요가 증가하고 있습니다. B2C 가구 사업은 직영점 및 대리점 형태로 영업이 이루어지며, 특히 1~2인 가구의 증가 등 생활문화 변화로 인해 온라인 시장이 높은 신장세를 보이고 있습니다. 앞으로도 고객의 다양성과 가치변화로 인한 수요증가는 지속될 것으로 예상되며, 고객의 변화에 맞춘 다양한 디자인과 기능성을 갖춘 제품을 개발해 나간다면 향후 더 높은 성장을 기대할 수 있습니다.(3). 경기변동의 특성 및 계절성 \xa0가구 산업은 내구재인 만큼 경기의 변동에 민감하게 반응합니다. 경기 하강기에는 소비자들이 내구재 소비를 뒤로 미루는 경향을, 경기 상승기에는 그 영향이 가장 늦게 반영되는 특성을 보이고 있습니다. 하지만 브랜드 업체들은 디자인 차별화, 원가절감, 친환경 가구에 대한 소비자 인식 변화와 소득수준 향상 등으로 구매고객층이 꾸준히 확대되어 오히려 매출이 증가하고 있습니다. 계절적인 변수를 살펴보면, 결혼및 이사 시즌인 봄과 가을이 B2C 가구의 최대 성수기를 이루고 있습니다. 반면, 비수기에는 차별화된 마케팅 전략 및 고객서비스 등에 중점을 두어 대다수의 가구업체가 기존 고객 관리 및 신규 고객 창출에 주력하고 있습니다.(4). 국내외 시장 여건 \xa0웰빙 시대의 영향으로 사람들은 몸에 좋은 것, 자연에 더욱 더 가까운 것을 찾게 되는 경향이 있으며, 이에 따라 향후 친환경 제품이 대세가 될 것으로 예상됩니다. 이러한 상황에서 친환경 소재 등을 적용한 제품 고급화 및 차별화, 시장점유율 상승을 위한 마케팅전략, 디자인, 그리고 ""브랜드파워""를 통한 B2C 가구업계간 경쟁이 계속될 것으로 예상됩니다. \xa0B2C 가구 산업의 경쟁요인으로는 크게 디자인과 품질, 그리고 가격을 들 수 있습니다. 소득수준 향상에 따라 소비자들의 생활 수준이 질적으로 향상되었으며, 실용성뿐만 아니라 디자인과 색감 등의 예술성을 중시하는 패턴으로 소비 성향이 변했기 때문입니다. 그리고 상기에서 언급한 바와 같이 B2C 가구 산업은 경기변동에 민감한 반응을 보이므로 내수 경기 침체나 불황기에는 가격 탄력적인 모습을 보이지만, 경기 회복기나 호황기에는 가격에 둔감한 비탄력적인 특성을 보이고 있습니다. 이러한 사실로 보아 불황기에는 가격이 소비자의 구매 결정에 가장 주요한 요인으로 작용하며,호황기에는 디자인과 품질 및 기능이 주요한 요인으로 작용하고 있습니다. \xa0이외에도 B2C 가구 산업의 진입장벽이 높지 않다는 점 때문에 동종업계 간 경쟁 강도가 높으며, 구매자의 교섭력 등도 중요한 경쟁요소로 작용하고 있습니다. 당사는 2019년 스타일샵 남양주, 강남, 강서 등 전시장을 오픈하였으며, 2020년에도 스타일샵 기흥점 및 부산점을 오픈하였고, 추가적으로 리바트 스테이라는 웰빙, 킨포크 라이프 스타일을 추구하는 리빙 편집매장을 오픈하였습니다. 2021년에도 고객접점 확대를 위하여 현대백화점 미아점, 킨텍스점, 김포아울렛점, 가산아울렛점, 가든파이브점, 롯데백화점 광명점, 동부산점을 오픈하였으며, 지속적인 신규 전시장 오픈이 예정되어 있습니다.\n(5). 시장에서 경쟁력을 좌우하는 요인 및 회사의 강점 \xa0당사는 품질경영을 최우선으로 실천하여 ISO9001 인증을 획득하였으며, 다양한 \xa0 \xa0소비자의 Needs 충족과 토탈인테리어 가구라는 개념에 부합하고자 \'디자인 연구소\'를 설립하여 운영하고 있습니다. 수상이력으로는 환경 및 국가산업발전, 소비자 중심경영 관련 부문에서 다수 수상하였으며, 2017년에는 한국 소비자 웰빙지수 13년 연속 1위, 2018, 2019, 2020년, 2021년 4년 연속 국가브랜드대상 종합가구 부문 1위에선정되었습니다. \xa0인터넷 활성화에 따른 소비자들의 신 구매행태에 대응하기 위하여 당사는 대형 인터넷 쇼핑몰 입점 및 자체 온라인 쇼핑몰 구축을 통하여 소비자 커뮤니케이션 활성화와 매출 증대를 위한 효과적인 마케팅을 수행하고 있습니다. 이와 더불어 주요 정보자산을 보호하기 위해 한국인터넷진흥원으로부터 정보보호 관리체계(ISMS) 인증을 받는 등 정보보안 측면에서도 지속적으로 관리하고 있습니다. \xa0현재 영업 형태는 주로 대리점을 통한 소비자 판매로 전국적인 영업망을 구축하여 운영하고 있고, 서울 잠실과 수원, 분당, 울산 등 거점도시를 중심으로 대형 직영전시장을 개설하였으며, 핵심 상권에 대한 유통망 강화를 위하여 대형 직영전시장과 대형대리점을 개설할 예정입니다. 더불어 리바트 스테이라는 중소형 매장을 통하여 더 많은 영업망을 구축하고 있습니다.3. 홈퍼니싱 \xa0과거와 달리 소득수준의 향상으로 가치 소비와 생활문화에 관한 사람들의 관심이 증대되고 있습니다. 이와 관련하여 홈퍼니싱에 대한 고객들의 관심이 높아짐에 따라 국내 홈퍼니싱 시장은 성장세에 있습니다. 당사는 과열되고 있는 저가 브랜드 시장이아닌 차별화된 해외 브랜드의 국내 출시를 통해 국내 홈퍼니싱 시장의 고급 수요를 확보하고자, 윌리엄스 소노마사와 10년간 독점 계약을 체결하였습니다. 이에 따라 국내 시장에서 높은 성장을 보일 것으로 전망됩니다. 윌리엄스 소노마사가 운영중인 총 7개의 브랜드 中 국내에 인지도가 높은 브랜드와 국내 시장에 적합한 중고가 브랜드 등 총 4개 브랜드를 운영하고 있습니다. \xa0고품질의 홈 키친웨어 브랜드인 윌리엄스 소노마(Williams-Sonoma)는 전 세계에서생산된 수백 개가 넘는 독창적인 제품을 판매하는 편집숍이며, 미국 내에서도 209개 매장을 운영 중입니다. 1956년 1호점 런칭이후 매장 판매뿐만 아니라 카탈로그 우편발송과 온라인몰 등으로 유통망을 확장하고 있습니다. \xa0캘리포니아 내추럴 컨셉의 프리미엄 홈퍼니싱 브랜드인 포터리반(pottery barn)은 가구뿐만 아니라 시즌에 맞는 식기에서부터 베딩, 조명 홈데코까지 대부분의 제품을 직접 디자인하여 제작하고 있으며 산림관리협의회(FSC)에서 인증한 목재를 사용하여 지속 가능한 산림경영을 실천하고 있습니다. \xa0그리고 안전한 디자인과 고품질의 포터리반 키즈(pottery barn kids)는 아이들에게 최상의 품질과 안전, 편안함까지 제공하는 감각적인 스타일의 제품을 제안하며 독창적이고 창의력을 키워주는 아동용 가구, 침구, 소품, 액세서리를 판매하고 있습니다. \xa0마지막으로 뉴욕 브루클린 감성 모던 홈퍼니싱 브랜드 웨스트엘름(West Elm)은 15개국, 35명의 수공예 장인, 그리고 약 5천 명이 넘는 사람들의 손을 거쳐 독창적이며 장인정신이 담긴 상품을 생산하고 있습니다. 더불어 환경보전을 위하여 섬유와 원단에 살충제나 농약을 사용하지 않고 유기농인증을 받아 재배된 섬유를 사용하고 있습니다. \xa0윌리엄스 소노마, 포터리반, 포터리반 키즈, 웨스트엘름 매장은 현대백화점 가든파이브점, 목동점, 대구점, 천호점, 무역센터점, 본점, 판교점, 더현대서울, 중동점, 충청점에 입점해 있으며, 논현 플래그쉽스토어, 광주점, 울산점, 분당점, 대전점, 기흥점, 부산점의 직영 유통망을 운영 중입니다. 또한 스타필드 하남, 고양, 안성에도 입점 운영중에 있으며 각 브랜드 온라인몰도 운영하고 있습니다.4, 하이엔드 \xa0주거공간에 대한 관심이 지속적으로 높아짐에 따라 집에 투자하는 시간과 비용 역시 증가하였습니다. 소비자들의 다양한 취향과 더욱 높아진 안목으로 최고급 브랜드에 대한 수요 역시 늘어났고, 국내에 다양한 해외 브랜드가 진출하면서 프리미엄 시장이 확대되었습니다. 당사는 윌리엄스 소노마 유통사업으로 축적한 수입 브랜드 사업의 노하우를 바탕으로 차별화된 디자인 및 기능을 제공하며, 새로운 고객층을 확보할 수 있는 고가의 이탈리아 하이엔드 가구 브랜드인 죠르제띠(GIORGETTI)와의 독점 계약을 체결하였습니다. 죠르제띠는 1898년 이탈리아에 설립된 123년 전통의 프리미엄 가구 브랜드입니다. 재식림 지역에서 인증받은 목재만 사용하며, 각기 다른 특징을 지닌 원목을 적재적소에 활용해 보다 완벽한 곡선과 촉감을 구현합니다. 디자인에서부터 생산까지 전 단계가 이탈리아에서 이루어지는 \'100% MADE IN ITALY\' 제품이며 전제품이 주문생산방식으로 만들어집니다. 리빙을 비롯해 다이닝, 키친, 홈오피스, 아웃도어 등 다양한라인업을 보유하고 있으며, 현대백화점 무역센터점, 판교점에 입점하여 운영중에 있습니다.5. 사무용 가구(1). 산업의 특성 \xa0\'Work&Life Balance\'로 대표되는 대중의 가치관 변화에 맞춰 기업들의 사무환경과조직문화에 대한 인식 역시 급변하고 있습니다. 이러한 변화는 사무실의 개념을 확장시키고 효율성과 가치 있는 공간에 대한 니즈를 반영하며, 기존의 \'사무용 가구\' 카테고리로는 대응할 수 없는 다양한 공간들이 사무환경 내에 도입되고 있습니다. 따라서이러한 시장환경에 맞추어 기존 사무가구의 개념을 벗어나 확장된 개념의 사무가구를 제안할 수 있는 브랜드만이 경쟁력을 유지할 수 있을 것으로 보입니다. \xa0한편, 기존의 가구/인테리어 중심의 사무가구 시장에 \'위워크(WeWork)\'와 같은 임대업 기반의 다양한 공유오피스 브랜드가 등장하며 경쟁 강도가 더욱 높아지고 있습니다. 또한, 시장규모의 증대와 다양한 소비자 욕구의 급속한 확산으로 다품종 소량생산체제로의 신속한 대응이 향후 시장 경쟁력의 중요한 요소로 작용할 것입니다.(2). 산업의 성장성 \xa0사무용 가구시장 규모는 약 1조 원 정도로 추산되고 있으며, 기업의 사무환경에서 \xa0필수적으로 사용되는 필수재로서의 성격이 강합니다. \xa0최근 가치관의 변화, 기술의 발전 등을 배경으로 사무환경은 대격변의 시기를 맞이하고 있습니다. 급변하는 산업 환경에 대응하기 위한 사무환경 변화는 사무용 가구 시장에 급성장의 기회를 제공할 것으로 기대됩니다. 다만 이를 기회로 삼기 위해서는변화하는 사무환경에 대한 선제 연구와 데이터가 기반이 되어야 합니다. \xa0사무용 가구시장의 성장은 기술의 발달과도 밀접하게 연관되어 있습니다. 여러 가지 사무 형태를 지원해주는 기술 혹은 시스템과 접목 가능한 사무가구가 경쟁력을 유지할 것으로 보입니다. 또한, 디지털 산업의 영향으로 사무 직종이 다양한 형태로 세분화되어 보다 효율적인 직무를 수행할 수 있는 사무공간, 지역적 한계에서 벗어난 사무공간으로 발전할 것입니다. 장기적으로는 기술의 발전으로 인해 사무용 가구는 사무환경이라는 특정 공간 개념의 한계를 뛰어넘어, 보다 포괄적인 개념인 \'WorkingPlatform\'으로 확장될 것으로 예상됩니다.(3). 경기변동의 특성 및 계절성 \xa0사무용 가구의 주요 수요자인 기업의 사무용 가구에 대한 구매 의사결정은 국내외 \xa0경기변동에 의해 많은 영향을 받고 있습니다. 하지만 최근 경기변동에 대한 영향 \xa0 \xa0이외에 가치관의 변화, 기술의 발전 등으로 새로운 사무환경에 대한 니즈들이 보여지고 있습니다. \'심미적인 개선\'의 개념으로 접근되었던 기존의 사무가구 변경과는 \xa0 \xa0달리 사무환경 자체가 새로운 인력(밀레니얼 및 Z세대) 채용을 위한 주요한 요소이자가치 창출을 위한 효율성의 열쇠라는 점이 인식되고 있습니다. 현재 이러한 인식의 변화가 사무가구 시장의 새로운 변곡점으로 받아들여질 것으로 예상됩니다.(4). 국내외 시장여건 \xa0국내 사무용 가구 시장 규모는 약 1조 원 정도로 추산되고 있으며, 대기업, 종합가구기업, 인테리어 기업 등 수많은 기업들이 참여하고 있어 경쟁의 강도가 비교적 높은 상태입니다. 또한 다양한 소비자의 욕구가 급속히 확산되고 있음에 따라 다품종 소량생산체제로의 신속한 대응이 시장경쟁력의 중요한 경쟁요소로 작용하고 있습니다. 이외에도 사무용 가구의 경쟁요소로는 가격, 품질, 디자인, 유통 서비스 등을 들 수 있으며, 경쟁요소별로 시장에서의 경쟁우위가 기업마다 다르다고 할 수 있습니다. \xa0현재 국내 사무가구 시장에서 \'스마트 오피스\'라는 개념은 미래의 먹거리로서 시장 내에 대중적으로 인지되고 있는 것으로 보입니다. 당사 외 경쟁사들 역시 새로운 시장에 대한 준비를 시작하고 있는 것으로 판단하고 있습니다. \xa0그 밖에도 국내 산업 전반적으로 중국 및 동남아 등 수입제품의 영향 또한 중요한 \xa0 경쟁요소로 등장하고 있습니다. B2C 가구의 경우는 이미 중국 및 동남아 등의 제품이 국내시장에 진입하여, 그 점유율 또한 지속적으로 상승하고 있지만, 사무용 가구의 경우 중국제품 등이 국내제품과의 현격한 경쟁력 차이로 그다지 큰 영향을 \xa0받지 않고 있었으나, 최근 들어서는 외국 투자기업의 중국진출, 중국 내 IT 관련 벤처기업 및 고급 오피스 건물 분양 증가에 따라 중국산 사무용 가구의 경쟁력이 높아졌으며, 향후 중국제품의 수입이 점차 증가할 것으로 예상됩니다.(5). 시장에서 경쟁력을 좌우하는 요인 및 회사의 강점 \xa0국내 경기의 장기적인 불황에도 불구하고 필수재로서 소비되는 사무용 가구 사업 \xa0 부문은 2000년 이후 지속적으로 성장하고 있습니다. 더 나아가 사무가구 시장에서 새로운 도약을 위해서는 기존의 사무가구 경계를 벗어나 \'집 같은\', \'카페 같은\' 다양한 스타일의 공간 구성을 위한 제품 라인업이 준비되어야 하며, 이러한 스타일이 각 기업의 가치관을 표현할 수 있어야 하기에 디자인과 CMF(Color, Material, Finishing)를 정비하여 경쟁력을 갖추어 나갈 계획입니다. \xa0일반적으로 사무용 가구는 교체시기가 다른 가구보다 길기 때문에 디자인적인 측면보다는 기능적인 측면이 항상 강조되어 왔으며, 기존 사무용 가구시장에서는 특히 이러한 기능성에 중점을 둔 제품이 강세를 나타냈습니다. \xa0하지만 최근 SNS를 기반으로 한 미디어 영향력의 증가로 기업은 대중이 요구하는 \xa0사회적 가치를 중요시하게 되었습니다. 이에 친환경 소재 및 재활용 가능성의 측면 역시 기업이 제품을 선택하는 주요 기준 중의 하나가 될 것으로 예상됩니다. \xa0주요 수요처인 기업체 담당자들의 브랜드 제품 선호도 증가와 함께, ""친환경상품 구매촉진에 관한 법률""의 시행 및 국내 100대 기업의 ""친환경상품 구매 자발적 협약"" 체결 움직임이 본격화됨에 따라 비브랜드 가구시장을 브랜드 제품이 잠식할 것으로 예측됩니다. 당사는 이러한 외부환경의 변화를 기회로 삼고자 타 경쟁사보다 한발 앞서모든 제품에 대하여 환경마크를 획득하였으며, 이로 인해 명실상부한 국내 최고의 \xa0친환경기업 이미지를 구축한 바, 이를 경쟁사보다 한발 앞서 영업전략에 적극적으로 활용하고 있습니다. 또한 사무환경 전체를 제공할 수 있느냐의 여부 역시 경쟁력을 좌우할 것으로 판단되며 가구와 IT 기술, 토탈인테리어에 대한 수요처의 니즈를 반영하여 사무환경을 턴키로 제공할 수 있는 플랫폼 사업에 대한 고민과 시도를 이어가고있습니다. \xa0당사는 우량 유통망 확대 및 신제품 개발과 저가형 제품군 확대를 지속적으로 수행하여 영업경쟁력을 확보해 나갈 계획이며 사무환경 플랫폼을 제공할 수 있도록 관련 업체들과의 컨소시엄을 준비 중입니다. 더불어 국내시장 점유율 증대 및 해외시장에 대한 적극적인 영업활동을 전개해 나갈 예정입니다.6. 빌트인 가구(1). 산업의 특성 \xa0빌트인 가구는 주로 건설업체의 신규주택을 대상으로 납품되는 가구를 말하며, 내수 경기뿐만 아니라 직간접적으로 주택건설 경기와 밀접한 상호 연관성을 보이고 있으며, 리모델링 및 인테리어 산업과도 상호 연관성을 가지고 움직이는 특성이 있습니다. 가구 산업은 과거 경기변동에 민감한 내구소비재로 노동집약적인 다품종 소량생산방식의 중소기업에 적합한 산업이었으나, 1980년대 들어 국민소득의 증가와 건설경기의 호황 및 건설업체의 대단위 아파트 건설 붐과 맞물려 빌트인 가구 산업이 크게 성장하게 되었고 90년대 이후에는 산업 규모의 확대에 따라 소수의 가구 전문 대기업이 시장을 주도하고, 다수의 영세 중소기업이 이를 모방하는 이원적인 구조로 재편되었습니다. \xa02000년대 중반 이후 빌트인 가구업체는 웰빙 열풍과 친환경 붐으로 소비자의 다양한 욕구를 충족시켜주는 제품개발 및 제작방식의 개선을 통한 경쟁력 확보에 주력하고 있으며, 동 시장에서 활발한 해외시장진출과 디자인, 컬러, 소재, 기능성 등에 있어 글로벌화 시대에 맞는 제품개발이 이루어지고 있습니다. 또한 최근에는 내부 마감재의 고급화, 실용성과 예술성을 갖춘 패션 산업으로의 인식 등으로 디자인과 품질, \xa0기능의 다양화가 이루어짐에 따라 다품종 소량생산 방식의 생산도 이루어지게 되었습니다.(2). 산업의 성장성 \xa01960년대 합판 산업의 발전과 함께 시작된 근대적인 의미의 가구 산업은 1970년대이후 주택건설산업의 호황과 더불어 내수 시장 위주로 급속히 성장하였습니다. 1980년대 말에는 가구업체의 난립에 따른 공급과잉과 1990년대 중반 이후 외환위기로 인하여 가구 산업 전체에 대한 구조재편이 초래되었으며, 이에 따라 영세업체 및 경쟁력이 없는 업체에 대한 대규모 도산이 야기되었습니다. 2000년대에는 디자인 경쟁력을 앞세워 가격, 품질이 우수한 업체만이 생존할 수 있는 경쟁적인 시장 구도가 구축되었다고 할 수 있습니다. 2008년 글로벌 금융위기를 기점으로 건설경기의 극심한 위축에 따라 2010년 이후 빌트인 가구의 시장 수요 감소와 시장의 경쟁 가열로 수익성이 크게 위축되었으나, 공동주택 분양 물량 활성화에 따라 입주세대가 꾸준히 증가하며 2018년까지 시장 규모가 커져왔습니다. 이후 점진적으로 분양 물량 및 입주물량이 줄어들어 시장의 규모가 축소되는 듯 보였으나 재개발 및 재건축의 활성화로 인하여 그 영향이 일부 상쇄되었고, 향후에는 주택공급확대정책 및 재건축, 재개발, 고도제한 해제에 따라 시장의 성장여부가 결정될 것으로 예상됩니다.(3). 경기변동의 특성 및 계절성 \xa0가구 산업은 소득수준의 향상, 가구의 문화 콘텐츠로의 인식 등에 따라 패션 산업으로 발전하여 왔으며, 이 중 빌트인 가구 산업은 주택 건설경기와 밀접한 연관이 있어 경기 후행적 특성을 보이고 있습니다. 이러한 빌트인 가구 산업은 소득수준의 직접적인 영향을 받기 때문에 주택 건설경기 및 국민소득 정도에 따라 시장규모가 결정되고있습니다. \xa0B2C 가구 산업의 경우 계절적으로는 결혼이 집중되는 봄과 가을이 성수기이나, 빌트인 가구 산업의 경우에는 타 가구산업과는 달리 건설경기에 민감한 영향을 받으며,계절적인 요인에 의해서 받는 영향은 겨울철 건설 부문의 위축에 따른 영향 외에는 성수기와 비수기의 계절 변동 폭이 그리 큰 편에 속하지는 않습니다.(4). 국내외 시장 여건 \xa0빌트인 가구 산업은 가구 전문 대기업인 브랜드업체(현대리바트, 한샘, 에넥스 등)가 중대형건설사 위주로 제품을 생산하여 납품하고 있으며, 기타 영세업체가 중소건설사 및 메이커업체의 제품을 모방한 저가품으로 저소득층 및 지방 중소도시를 대상으로 활동하고 있는 양상을 보여왔습니다. 그러나 가구의 문화 콘텐츠화에 따른 브랜드업체 제품 선호 현상 및 브랜드업체의 선진 마케팅전략의 영향으로 브랜드업체의 \xa0시장점유율이 지속적으로 확대되고 있습니다. \xa0빌트인 가구 산업의 주요 경쟁요소 역시 가격과 디자인, 품질을 빼놓을 수 없으며, \xa0건설회사를 대상으로 하는 영업 형태를 보임에 따라 사후관리인 A/S 또한 주요 경쟁요소로 작용하고 있습니다. \xa0시장 특성 측면에서 불황기에는 대량구매를 통한 제품 원가의 하락 정도가 시장의 중요한 경쟁요소로 작용하고 있어 전문 대기업이나 가격경쟁력을 확보한 소수의 중소기업만이 경쟁력을 가지고 있는 상황입니다. 그러나 회복기에는 디자인 및 품질이 가격에 앞서 주요한 경쟁요소로 작용함에 따라 디자인 및 품질관리 전문조직을 갖춘 전문 대기업만이 경쟁력을 가질 수 있으며, 그 외 기업은 틈새시장을 찾을 수 밖에 없는 양상을 보입니다. \xa0향후 빌트인 가구 산업 역시 웰빙, 친환경 수요 등에 따라 친환경 제품이 시장의 대세를 이룰 것으로 보입니다. 국토교통부의 친환경 주택건설기준 상 500세대 이상 공동주택 건설 시 실내오염물질 저방출 건축자재를 사용해야 하는데, 이에 따라 해당 기준에 부합하는 친환경 제품이 시장에서 경쟁력을 유지할 수 있을 것으로 예상됩니다.\n(5). 시장에서 경쟁력을 좌우하는 요인 및 회사의 강점\n\xa0 당사의 빌트인가구 사업 부문은 과거 현대그룹의 계열사로서 현대그룹 관련 건설업체들을 주된 영업대상으로 사업을 영위하던 형태에서 1999년 주식회사 리바트로 \xa0 분사하면서 시공능력평가 50위 이내의 중심으로 한 우수한 건설업체로 영업영역을 확대하였습니다. 주문 제작방식에 의한 건설업체에 대한 매출은 대량구매에 따른 \xa0 원자재 구매 단가절감, 계획생산에 의한 생산성 향상을 이룰 수 있을 뿐만 아니라 재고 손실 부담이 전혀 없어 당사 수익성 제고에 큰 역할을 하고 있습니다. \xa0그러나 건설업체와의 계약은 상관습상 신용거래형태를 취하고 있기 때문에 미분양 과다 발생, 부실경영 등에 의한 부도, 법정관리신청으로 인한 채권 회수의 불확실성이 상존하고 있습니다. 따라서 당사는 안정적인 채권 회수를 위하여 금융기관 신용평가 BBB 이상의 우량 중견건설업체 위주로 영업을 하고 있으며, 중소건설업체의 \xa0 \xa0경우 분양률이 70% 이상인 경우에 한하여 영업을 하고 있습니다. \xa02012년~2016년 부동산시장의 성장에 힘입어 따라 빌트인 가구 부문은 시장을 확대할 수 있었으나, 이후 건설시장의 판도를 예측하기 어렵게 되었습니다. 이에 따라 \xa0당사는 중대형 우량 건설사 중심의 영업을 강화하며, 연간납품단가 계약 우량 거래선을 확대함으로써 수익 창출 가능한 대형현장, 수익확보 현장 수주를 우선으로 하고 있습니다 \xa0추가로, 국토교통부의 건설기준인 친환경 주택건설기준이 2014년 05월 07일에 시행됨에 따라 당사에서는 소형챔버를 구비하여 친환경 주택건설기준을 준수하고 있습니다.\n7. B2B 부문 \xa0당사는 2017년 12월 05일 B2B 전문기업인 (주) 현대에이치앤에스를 흡수 합병하였습니다.(1). 산업의 특성 \xa0B2B 산업재 도매 및 중개업은 기업과 기업 간의 자재 및 부품의 유통거래를 지칭합니다. 과거 기업들은 회사 경영활동에 필요한 자재 및 부품들을 자체적으로 구매하였으나, 경영활동이 복잡해지고 산업이 거대화, 전문화됨에 따라 구매의 규모 및 종류가 증가하였으며, 이로 인해 자체적인 구매 활동은 한계에 봉착하게 되었습니다. \xa0 \xa0이러한 상황에서 기업과 기업 간의 자재 및 부품 유통거래를 전문으로 하는 업종이 발달하게 되었습니다. 유통업의 전문화 및 다양화에 따라 전문유통회사로부터의 구매가 자체구매보다 원가절감 및 생산성 향상에 유리하게 되었으며, 그 범위 또한 일반 자재 외에 원자재, 부자재, 설비시설 등 전 분야로 확대되고 있습니다.(2). 산업의 성장성 \xa0B2B 산업재 도매 및 중개업에 속한 기업들은 특정 산업에 국한되지 않고 다수의 \xa0 \xa0기업에 다양한 종류의 산업재를 공급하고 있습니다. 이러한 특성으로 인하여 B2B 산업재 도매 및 중개업 산업의 현재 규모 및 전망에 대한 신뢰성 있는 자료는 존재하지 않습니다. 다만, 산업재 전문유통회사로부터의 구매가 원가절감과 생산성의 향상에 유리한 측면이 있으며, 해당 유통회사들이 바잉파워(Buying Power) 및 글로벌 소싱(Global Sourcing)을 통해 공급물량의 확대와 가격경쟁력을 확보하고 있다는 점을 고려할 때, 향후 B2B 산업재 도매 및 중개업 시장규모는 지속적으로 증가할 것으로 예상됩니다.(3). 경쟁요소 \xa0B2B 부문은 시대적 상황에 따라 대규모 유통사 위주 거래와 품목별 제조사 직거래 방식을 순환적으로 채택하고 있습니다. 대규모 유통사 선정 시 발주자는 구매인력 \xa0절감 등 구매 효율화를 실현할 수 있는 강점이 있으며, 대규모 시스템을 보유하고 \xa0 있는 국내 대기업 계약 구매대행사가 당사 대비 규모의 경제를 통한 경쟁우위에 서게됩니다. 제조사 직거래 방식 선정 시 유통사는 고부가가치 전문 자재 유통이 어려워지며, 국내외 제조사 및 총판사가 당사 대비 경쟁우위에 서게 됩니다.8. 연결대상 종속회사 현황(1). (주)현대리바트 엠앤에스 \xa0주식회사 현대리바트 엠앤에스는 2006년 02월에 설립되었으며 가구, 생활용품의 \xa0판매 관련 용역 서비스 제공을 주업으로 수행하고 있습니다. 현대리바트 엠앤에스는 단순 물품 판매를 넘어 가구 트렌드 및 공간 특성을 이해하고자 노력하고 있으며, 이를 통해 고객에게 차별화된 제품의 구성, 디자인, 가치를 제공하고 있습니다. 2021년12월 31일 현재 납입자본금은 250백만 원이며, 발행 주식 총수는 50,000주입니다.(2). HYUNDAI LIVART VINA CO.,LTD \xa0HYUNDAI LIVART VINA CO.,LTD는 2006년 09월에 설립되었으며, 공장은 2007년 02월에 준공되어 주로 빌트인 도장 도어 반제품 생산 및 B2C 바디, 서랍장, 책상, 책장 등 완제품을 생산하고 있습니다. \xa0베트남 가구 산업은 높은 경제성장률과 사회 전반의 안정, 저렴한 인건비 등 풍부한노동력을 바탕으로 지속적으로 성장하고 있으며, 이에 따라 \xa0HYUNDAI LIVART VINA CO.,LTD의 사업도 지속적으로 성장할 것으로 전망됩니다. 2021년 12월 31일 총 출자금액은 USD 2,200,000입니다.\n(3). LIVART CANADA CO.,LTD \xa0LIVART CANADA CO.,LTD는 2012년 04월에 설립되어 캐나다 로컬 건설사에 주방가구 및 일반 가구, 목창호 도어를 납품하고 있습니다. 2012년 캐나다 밴쿠버 지역을 기반으로 사업을 시작하였고, 2016년부터는 토론토 지역의 사업을 시작하여,현재 연간 약 3,000세대 규모를 납품하고 있습니다. 주요 건설사는 Concord pacific이며, 납품 건설사를 지속적으로 확대하여 Intergulf, AXIOM, Ellisdon, ITC 등에도 납품을 진행하고 있습니다. 벤쿠버 리치먼드 지역에 창고를 운영중이며, 2021년 현재 16개 현장에 납품을 진행하고 있습니다. 2021년 12월 31일 총 출자금액은 CAD 150,000입니다.(4). 현대휘상 무역(상해)유한공사 \xa0현대휘상 무역(상해)유한공사는 주중 한국기업의 소모성 자재 유통 사업을 \xa0위하여 2011년 11월에 설립되었으며, 2017년 12월 05일자로 합병으로 인하여 (주)현대리바트의 종속회사로 편입되었습니다. 사무실은 중국 상해에 위치하고 있으며, 북경, 심천, 강소성 염성, 산동성 일조 등을 중심으로 사업을 전개하고 있습니다. 최근 중국 내 한국 진출 기업의 수익 저하로 시장 확대가 제한적이나, 중국 내 경쟁 우위에 있는반도체, 물류, 자동차부품 분야의 투자 확대로, 가구, 건설 등 자재의 시장은 \xa0확대되고 있습니다. \xa0현대휘상 무역(상해)유한공사는 중국 파트너 기업과 협력관계 강화로 대외 무역 자재의 범위가 늘어나고 있으며, 중국산 원부자재의 소싱처 역할 확대로 기업 경쟁력은강화될 것으로 전망됩니다. 2021년 12월 31일 현재 현대휘상무역(상해)유한공사 총 출자금액은 USD 500,000입니다.(5). HNS INDUSTRIES SDN.BHD. \xa0HNS INDUSTRIES SDN.BHD.는 국내 건설사들의 말레이시아 현지 수주 프로젝트의 건설자재 납품 영업을 위하여 2016년 03월에 설립되었으며, 2017년 12월 05일자로 합병으로 인하여 (주)현대리바트의 \xa0종속회사로 편입되었습니다. HNS INDUSTRIES SDN.BHD.는 국내 시장의 경쟁 심화 및 침체에 따른 해외시장 판로를 개척하고자 설립되었으며, 주요 사업으로 가설공사 및 가설 자재 유통을 수행하고 있습니다. HNS INDUSTRIES SDN.BHD.는 가설공사 수행에 따른 경험 축적과 현지 협력사 풀을 통한 영업 유통망을 바탕으로 사업을 지속적으로 확대해 나갈 예정입니다. 특히, 고객사 수주 프로젝트의 철근 및 초기 가설 자재 공급, 말레이시아 현지 공공사업 및 가설공사 발주사업 등 사업 참여 기회를 확대해 나갈 예정입니다. 2021년 12월 31일현재 HNS INDUSTRIES SDN. BHD.의 총 출자금액은 USD 254,906입니다.\n(6). PT HYUNDAI LIVART INDONESIA \xa0PT HYUNDAI LIVART INDONESIA는 다양한 원자재 수급을 위한 글로벌 네트워크 확보와 국내 B2B 포장사업 경쟁이 심화됨에 따라, 새로운 시장 개척을 위하여 2021년 07월에 설립되었으며, 2021년 10월 28일자로 자본금 납입완료하여 (주)현대리바트의 \xa0종속회사로 편입되었습니다. 주요 사업은 무역, 포장업으로 23년까지 사업 안정화를 통해 해외 통합포장물류센터 구축을 계획하고 있습니다. 2021년 12월 31일 현재 PT HYUNDAI LIVART INDONESIA의 총 출자금액은 IDR 2,475,000,000입니다.\n2. 주요 제품 및 서비스\n1. 주요 제품 등의 현황\n\xa0 \xa0 \xa0 \xa0 \xa0 \xa0 \xa0 \xa0 \xa0 \xa0 \xa0 \xa0 \xa0 \xa0 \xa0 \xa0 \xa0 \xa0 \xa0 \xa0 \xa0 \xa0 \xa0 \xa0 \xa0 \xa0 \xa0 \xa0 \xa0 \xa0 \xa0 \xa0 \xa0 \xa0 \xa0 \xa0 \xa0 \xa0 \xa0 \xa0 \xa0 \xa0 \xa0 \xa0 \xa0 \xa0 \xa0 \xa0 \xa0 \xa0 \xa0 \xa0 \xa0 \xa0 \xa0 \xa0 \xa0 \xa0 \xa0 \xa0 \xa0 \xa0 \xa0 \xa0(단위 : 백만원,%)\n사업부문\n품 목\n구체적용도\n주요상표등\n매출액\n비율\nB2C 가구\nB2C 가구\n장롱, 침대, 소파, 식탁류,\n생활용품 등\n리바트스타일샵, 리바트온라인\n\xa0윌리엄스 소노마 外 3개리첸, 리바트키친\n355,024\n25.5\n사무용가구\n사무용가구\n사무실용 책상, 책장,파티션 등\n오피스, 마린\n98,647\n7.1\n빌트인가구\n가구/목공,주방\n가구: 거실장, 붙박이장 등주방: 상부장, 하부장 등\xa0\n빌트인\n292,513\n21.1\n자재유통\n자재용\n\xa0보드류\n제작업체 대상친환경 보드류 유상판매등\n-\n131,087\n9.5\nB2B 부문\n자재,\n\xa0공사 \xa0\n산업자재, 부품,사무용 빌딩, 공장 등\n-\n508,767\n36.7\n합 계\n1,386,038\n100.0\n2. 주요 제품 등의 가격변동추이\n(1). B2C\n품 목\n2021년\n2020년\n2019년\n침실가구\n브라노 장롱\n\xa0 \xa0 \xa0 1,992 천원\xa0\n\xa0 \xa0 \xa0 1,891 천원\xa0\n\xa0 \xa0 \xa0 1,780 천원\xa0\n알레 장롱\n\xa0 \xa0 \xa0 1,979 천원\xa0\n\xa0 \xa0 \xa0 1,896 천원\xa0\n\xa0 \xa0 \xa0 1,819 천원\xa0\n카렌 장롱\n\xa0 \xa0 \xa0 1,645 천원\xa0\n\xa01,619 천원\xa0\n\xa01,616 천원\xa0\n거실가구\n룬드 거실\n\xa0 \xa0 \xa0 \xa0 \xa0598 천원\xa0\n\xa0 \xa0 \xa0 \xa0 \xa0496 천원\xa0\n\xa0 \xa0 \xa0 \xa0 \xa0465 천원\xa0\n그란디오소 소파\n\xa0 \xa0 \xa0 2,880 천원\xa0\n\xa0 \xa0 \xa0 2,830 천원\xa0\n\xa0 \xa0 \xa0 2,780 천원\xa0\n가디움 소파\n\xa0 \xa0 \xa0 1,980 천원\xa0\n\xa0 \xa0 \xa0 1,890 천원\xa0\n\xa0 \xa0 \xa0 1,890 천원\xa0\n학생가구 및식탁가구\n뉴루디 1160 스틸책상\n\xa0 \xa0 \xa0 \xa0 \xa0222 천원\xa0\n\xa0 \xa0 \xa0 \xa0 \xa0220 천원\xa0\n\xa0 \xa0 \xa0 \xa0 \xa0220 천원\xa0\n딜리스 4인 식탁\n\xa0 \xa0 \xa0 1,572 천원\xa0\n\xa0 \xa0 \xa0 1,448 천원\xa0\n\xa0 \xa0 \xa0 1,399 천원\xa0\n(2). 사무용 가구\n품 목\n2021년\n2020년\n2019년\n책상/책장류(5600GRP)\n\xa0 \xa0 \xa0 \xa0 \xa0 \xa0 \xa0 \xa0 \xa0300 천원\xa0\n\xa0 \xa0 \xa0 \xa0 \xa0259 천원\xa0\n\xa0 \xa0 \xa0 \xa0 \xa0259 천원\xa0\n책상/책장류(700GRP)\n\xa0 \xa0 \xa0 \xa0 \xa0 \xa0 \xa0 \xa0 \xa0630 천원\xa0\n\xa0 \xa0 \xa0 \xa0 \xa0545 천원\xa0\n\xa0 \xa0 \xa0 \xa0 \xa0545 천원\xa0\n의자류(555GRP)\n\xa0 \xa0 \xa0 \xa0 \xa0 \xa0 \xa0 \xa0 \xa0412 천원\xa0\n\xa0 \xa0 \xa0 \xa0 \xa0374 천원\xa0\n\xa0 \xa0 \xa0 \xa0 \xa0374 천원\xa0\n의자류(4300GRP)\n\xa0 \xa0 \xa0 \xa0 \xa0 \xa0 \xa0 \xa0 \xa0439 천원\xa0\n\xa0 \xa0 \xa0 \xa0 \xa0398 천원\xa0\n\xa0 \xa0 \xa0 \xa0 \xa0398 천원\xa0\n블록파티션(60T)\n\xa0 \xa0 \xa0 \xa0 \xa0 \xa0 \xa0 \xa0 \xa0351 천원\xa0\n\xa0 \xa0 \xa0 \xa0 \xa0299 천원\xa0\n\xa0 \xa0 \xa0 \xa0 \xa0299 천원\xa0\n교육용가구류\n\xa0 \xa0 \xa0 \xa0 \xa0 \xa0 \xa0 \xa0 \xa0414 천원\xa0\n\xa0 \xa0 \xa0 \xa0 \xa0374 천원\xa0\n\xa0 \xa0 \xa0 \xa0 \xa0374 천원\xa0\n※ 소비자가격 기준으로 각 정규격 GROUP별 평균단가를 기재함.(3). 빌트인 가구 \xa0\n품 목\n2021년\n2020년\n2019년\n가 구 류\n\xa0 \xa0 \xa0 \xa0 \xa0 \xa0 \xa02,048 천원\xa0\n\xa0 \xa0 \xa0 2,251 천원\xa0\n\xa0 \xa0 \xa0 2,732 천원\xa0\n주 방 류\n\xa0 \xa0 \xa0 \xa0 \xa0 \xa0 \xa02,115 천원\xa0\n\xa0 \xa0 \xa0 2,345 천원\xa0\n\xa0 \xa0 \xa0 2,520 천원\xa0\n※ 모델/샘플하우스 납품분은 세대수 및 납품금액에서 제외 후 계산 하였음.※ 산출기준 : 빌트인품목은 전체납품금액을 납품세대수로 나누어 평균단가를 기재※ 주요 가격변동 원인 : 빌트인가구의 경우 주문제작 제품으로 프로젝트의 사양 등에 따라 세대당 단가 차이가 발생하며, 프로젝트성 현장의 제품 포트폴리오에 따라 평균단가의 등락폭이 있습니다.(4). B2B 부문\n품 목\n2021년\n2020년\n2019년\n골 판 지(KG)\n\xa0 \xa0 \xa0 \xa0 \xa0 \xa0 \xa0 \xa0 \xa0 \xa0 \xa0 \xa0 \xa0 \xa0710원\xa0\n\xa0 \xa0 \xa0 \xa0 \xa0 \xa0 \xa0650원\xa0\n\xa0 \xa0 \xa0 \xa0 \xa0 \xa0 \xa0583원\xa0\nP E T(KG)\n\xa0 \xa0 \xa0 \xa0 \xa0 \xa0 \xa0 \xa0 \xa0 \xa0 \xa0 \xa0 2,750원\xa0\n\xa0 \xa0 \xa0 \xa0 \xa0 2,200원\xa0\n\xa0 \xa0 \xa0 \xa0 \xa0 2,188원\xa0\nP P(KG)\n\xa0 \xa0 \xa0 \xa0 \xa0 \xa0 \xa0 \xa0 \xa0 \xa0 \xa0 \xa0 \xa02,650원\xa0\n\xa0 \xa0 \xa0 \xa0 \xa0 2,300원\xa0\n\xa0 \xa0 \xa0 \xa0 \xa0 2,213원\xa0\nP S(KG)\n\xa0 \xa0 \xa0 \xa0 \xa0 \xa0 \xa0 \xa0 \xa0 \xa0 \xa0 \xa0 \xa03,400원\xa0\n\xa0 \xa0 \xa0 \xa0 \xa0 2,950원\xa0\n\xa0 \xa0 \xa0 \xa0 \xa0 2,650원\xa0\n뉴 송(才)\n\xa0 \xa0 \xa0 \xa0 \xa0 \xa0 \xa0 \xa0 \xa0 \xa0 \xa0 \xa0 \xa01,700원\xa0\n\xa0 \xa0 \xa0 \xa0 \xa0 1,000원\xa0\n\xa0 \xa0 \xa0 \xa0 \xa0 1,000원\xa0\n러시아재(才)\n\xa0 \xa0 \xa0 \xa0 \xa0 \xa0 \xa0 \xa0 \xa0 \xa0 \xa0 \xa0 \xa02,000원\xa0\n\xa0 \xa0 \xa0 \xa0 \xa0 1,300원\xa0\n\xa0 \xa0 \xa0 \xa0 \xa0 1,180원\xa0\n유니폼(제품)\n\xa0 \xa0 \xa0 \xa0 \xa0 \xa0 \xa0 \xa0 \xa0 \xa0 \xa0 \xa0 14,539원\xa0\n\xa0 \xa0 \xa0 \xa0 \xa014,084원\xa0\n\xa0 \xa0 \xa0 \xa0 \xa014,475원\xa0\n유니폼(상품)\n\xa0 \xa0 \xa0 \xa0 \xa0 \xa0 \xa0 \xa0 \xa0 \xa0 \xa0 \xa0 20,893원\xa0\n\xa0 \xa0 \xa0 \xa0 \xa020,258원\xa0\n\xa0 \xa0 \xa0 \xa0 \xa017,956원\xa0\n3. 원재료 및 생산설비\n1. 주요 원재료\n(단위 : 백만원)\n사업부문\n매입유형\n품 목\n구체적용도\n매입액\n비 율(%)\n비 \xa0 \xa0 \xa0고\n가구\xa0\n및\xa0\n유니폼 제조\n원재료\n표면재外\n주자재\n21,537\n9.2%\n데코밸리, 두성데코, 한영데코 外\n일반판재\n주자재\n39,145\n16.7%\n동화기업, SUN&L, 한솔홈데코, 수입 外\n가공판재\n주자재\n65,470\n27.9%\n프린테크엘피엠, 제이에스산업, 다산산업 外\n외주부품外\n주자재\n34,743\n14.8%\n라온산업, 조현가구 外\n면 外\n유니폼제작\n5,948\n2.5%\n티에이케이텍스타일, 전방 外\n소 계\n166,843\n71.2%\n부재료\nHARDWARE\n부자재\n57,002\n24.3%\n디앤뉴, 명진실업, 알루피아코리아 外\n도료,포장재\n부자재\n7,719\n3.3%\n한국에이치비플러, 제일유리, 씨비엠컴퍼니 外\n단추, 스냅 外\n유니폼 제작\n2,677\n1.1%\n성원에스코, 남진물산, 장평 外\n소 계\n67,398\n28.8%\n전 체 합 계\n234,241\n100.0%\n※ 주요 원재료 등의 가격변동추이\n(단위 :원 )\n품 목\n단위\n2021년\n2020년\n2019년\nPB(18T*4*8)\n매\n18,230\n13,300\n12,700\nMDF(18T*4*8)\n매\n25,350\n18,500\n19,730\nPW(18T*4*8)\n매\n42,310\n36,790\n36,990\n흰지(M/P포함)\nEA\n290\n290\n290\nPVC SHEET(0.20T)\nM\n2,550\n2,100\n2,100\n인조대리석\n매\n159,000\n140,000\n145,000\n면 방\nlb\n1,108\n713\n893\n※ 대표적인 품목에 대해서만 기재하였음.\n① 산출기준\n\xa0 각 사업년도의 평균 구매단가 기준입니다.② 주요 가격변동원인\n\xa0 주요 원재료 모두 공급업체의 공급규모 및 결제조건에 따라 가격변화가 있을 수 있습니다. 또한 원재료의 대부분이 수입의존도가 큼에 따라 환율 및 국제원자재 가격의변동에 따라 가격변동이 일어날 수 있습니다.\n2. 생산 및 설비\n가. 생산능력 및 생산능력의 산출근거(가구부문)\n(1) 생산능력\n(단위 : 백만원)\n사 업부 문\n품 목\n사업소\n2021년\n2020년\n2019년\n빌트인\n일반가구\n용인공장\n\xa0 \xa0 \xa0 \xa0 \xa0 \xa0 \xa04,369\n5,229\n7,561\n주방가구\n용인공장\n\xa0 \xa0 \xa0 \xa0 \xa0 \xa0 26,485\n34,060\n38,163\nB2C\nB2C가구\n용인공장\n\xa0 \xa0 \xa0 \xa0 \xa0 \xa0 \xa07,405\n13,450\n14,453\n주방시판\n용인공장\n\xa0 \xa0 \xa0 \xa0 \xa0 \xa0 \xa019,684\n16,839\n13,073\n합 계\n\xa0 \xa0 \xa0 \xa0 \xa0 \xa0 54,943\n69,578\n73,250\n(2) 생산능력의 산출근거\n\xa0(2)-1. 산출방법 등\n\xa0① 산출기준\n\xa0 * 생산능력 = 人(시간)당 생산금액 * 연간 가동가능시간 * 추정작업인원 \xa0* 연간 가동가능시간 = 10시간(1일평균 가동시간) * 30일 * 기간(월수)\n\xa0② 산출방법\n\xa0 * 人(시간)당 생산금액 = (연간생산실적 / 추정작업인원) / 연간 가동시간\n\xa0 * 추정작업인원 = 투입실적(MHR) / 연간 가동시간 \xa0* 투입실적(MHR) = 생산투입시간 \xa0* 연간 가동시간 = 10시간(1일평균 가동시간) * 23일(월평균가동일수) * 기간(월수)\n\xa0(2)-2. 평균가동시간\n\xa0 - 1일평균 가동시간 : 10시간\n\xa0 - 월평균 가동일수 : 23일 \xa0- 가동일수 : 23일 * 12개월 = 276일 \xa0- 가동시간 : 10시간 * 276일 = 2,760시간\n나. 생산실적 및 가동률\n(1) 생산실적\n(단위 : 백만원)\n사 업부 문\n품 목\n사업소\n2021년\n2020년\n2019년\n빌트인\n일반가구\n용인공장\n\xa0 \xa0 \xa0 \xa0 \xa0 \xa0 \xa03,640\n4,715\n6,533\n주방가구\n용인공장\n\xa0 \xa0 \xa0 \xa0 \xa0 \xa0 23,857\n27,935\n32,246\nB2C\nB2C가구\n용인공장\n\xa0 \xa0 \xa0 \xa0 \xa0 \xa0 \xa06,699\n10,790\n12,582\n주방시판\n용인공장\n\xa0 \xa0 \xa0 \xa0 \xa0 \xa0 \xa0 \xa017,696\n15,799\n11,259\n합 계\n\xa0 \xa0 \xa0 \xa0 \xa0 \xa0 51,892\n59,239\n62,620\n(2) 당해 사업연도의 가동률\n(단위 : 시간, %)\n사업소\xa0\n사업부문\n2021년생산능력\n2021년생산실적\n평균가동률\n용인공장\n빌트인\n일반가구\n\xa0 \xa0 \xa0 \xa0 \xa0 \xa0 \xa04,369\xa0\n\xa0 \xa0 \xa0 \xa0 \xa0 \xa0 \xa03,640\xa0\n83.31\n주방가구\n\xa0 \xa0 \xa0 \xa0 \xa0 \xa0 26,485\xa0\n\xa0 \xa0 \xa0 \xa0 \xa0 \xa0 23,857\xa0\n90.08\nB2C\nB2C가구\n\xa0 \xa0 \xa0 \xa0 \xa0 \xa0 \xa07,405\xa0\n\xa0 \xa0 \xa0 \xa0 \xa0 \xa0 \xa06,699\xa0\n90.47\n주방시판\n\xa0 \xa0 \xa0 \xa0 \xa0 \xa0 \xa019,684\xa0\n\xa0 \xa0 \xa0 \xa0 \xa0 \xa0 \xa017,696\xa0\n89.90\n합 계\n\xa0 \xa0 \xa0 \xa0 \xa0 \xa0 54,943\xa0\n\xa0 \xa0 \xa0 \xa0 \xa0 \xa0 51,892\xa0\n89.96\n다. 생산설비의 현황 등\n(1) 생산설비의 현황\n[자산항목 : 토지 ]\n(단위 : ㎡, 백만원)\n사업소\n소유형태\n소재지\n구분\n\xa0(면적)\n기초장부가액\n당기 증감\n당기상각\n당기장부가액\n비 고\n증가\n감소\n본사\n자가\n용인\n146,308\n56,620\n\u3000-\n\u3000-\n\u3000-\n56,620\n-\n안성\n자가\n안성\n20,936\n7,781\n\u3000-\n\u3000-\n\u3000-\n7,781\n-\n광주\n자가\n광주\n1,153\n2,699\n\u3000-\n\u3000-\n\u3000-\n2,699\n-\n서울\n자가\n서울\n787\n14,623\n\u3000-\n\u3000-\n\u3000-\n14,623\n-\n경주\n자가\n경주\n10,178\n2,046\n\u3000-\n\u3000-\n\u3000-\n2,046\n-\n대전\n자가\n대전\n1,571\n8,057\n\u3000-\n\u3000-\n\u3000-\n8,057\n-\n울산\n자가\n울산\n10,412\n2,969\n\u3000-\n\u3000-\n\u3000-\n2,969\n-\n합 계\n191,345\n94,795\n-\n-\n-\n94,795\n-\n[자산항목 : 건물 ]\n(단위 :㎡, 백만원)\n사업소\n소유형태\n소재지\n구분\n\xa0(면적)\n기초장부가액\n당기 증감\n당기상각\n당기장부가액\n비고\n증가\n감소\n본사\n자가\n용인\n163,368\n92,484\n19,265\n\u3000-\n3,722\n107,792\n-\n안성\n자가\n안성\n14,195\n3,248\n\u3000-\n\u3000-\n196\n3,053\n-\n광주\n자가\n광주\n2,368\n1,189\n\u3000-\n\u3000-\n67\n1,122\n-\n서울\n자가\n서울\n2,812\n5,626\n\u3000-\n\u3000-\n285\n5,341\n-\n목포\n자가\n목포\n1,907\n311\n\u3000-\n\u3000-\n21\n289\n-\n경주\n자가\n경주\n6,848\n332\n\u3000-\n\u3000-\n19\n313\n-\n대전\n자가\n대전\n2,939\n2,125\n\u3000-\n\u3000-\n112\n2,013\n-\n울산\n자가\n울산\n6,059\n3,532\n\u3000-\n\u3000-\n173\n3,543\n-\n합 계\n200,667\n108,848\n19,265\n-\n4,645\n123,467\n-\n[자산항목 : 구축물 ]\n(단위 : 백만원)\n사업소\n소유형태\n소재지\n구분\n기초장부가액\n당기 증감\n당기상각\n당기장부가액\n비고\n증가\n감소\n본사\n자가\n용인\n-\n2,722\n7\n\u3000-\n238\n2,484\n-\n안성\n자가\n안성\n-\n123\n8\n\u3000-\n22\n100\n-\n광주\n자가\n광주\n-\n37\n\u3000-\n\u3000-\n9\n28\n-\n서울\n자가\n서울\n-\n6\n\u3000-\n\u3000-\n1\n21\n-\n목포\n자가\n목포\n-\n7\n\u3000-\n\u3000-\n4\n2\n-\n경주\n자가\n경주\n-\n7\n\u3000-\n\u3000-\n1\n6\n-\n대전\n자가\n대전\n-\n9\n\u3000-\n\u3000-\n1\n8\n-\n베트남\n자가\n베트남\n-\n1\n\u3000-\n\u3000-\n0\n1\n-\n합 계\n2,911\n16\n-\n277\n2,650\n-\n[자산항목 : 기계장치]\n(단위 : 백만원)\n사업소\n소유형태\n소재지\n구분\n기초장부가액\n당기 증감\n당기상각\n당기장부가액\n비고\n증가\n감소\n본사\n자가\n용인\n-\n\xa0 \xa0 \xa0 5,807\n1,463\n-\n1,777\n5,493\n-\n안성\n자가\n안성\n-\n\xa0 \xa0 \xa0 \xa0 \xa0 53\n-\n-\n24\n29\n-\n경주\n자가\n경주\n-\n\xa0 \xa0 \xa0 \xa0 72\n-\n-\n39\n33\n-\n합 계\n5,933\n1,463\n-\n1,840\n5,556\n-\n[자산항목 : 건설중인자산]\n(단위 : 백만원)\n사업소\n소유형태\n소재지\n구분\n기초장부가액\n당기 증감\n당기상각\n당기장부가액\n비고\n증가\n감소\n본사\n자가\n용인\n-\n\xa0 \xa059,134\n17,607\n24,675\n-\n52,065\n-\n서울\n자가\n서울\n-\n\xa0 \xa0 \xa0 \xa0652\n\xa0 6,784\n6,524\n\u3000-\n912\n-\n합 계\n59,786\n24,391\n31,199\n-\n52,977\n-\n[자산항목 : 기타유형자산]\n(단위 : 백만원)\n사업소\n소유형태\n소재지\n구분\n기초장부가액\n당기 증감\n당기상각\n당기장부가액\n비고\n증가\n감소\n본사외\n자가\n용인외\n-\n\xa0 92,251\n24,772\n35,483\n27,545\n81,539\n-\n합 계\n\xa092,251\n24,772\n35,483\n27,545\n81,539\n-\n(2) 설비의 신설ㆍ매입 계획 등- 해당사항 없음.※ 용인공장 증축 및 물류센터 건립과 관련된 투자는 2021년 6월 30일부로 완료되었습니다.\n4. 매출 및 수주상황\n1. 매출가. 매출실적\n(단위 : 백만원)\n사 업부 문\n매출유형\n품 목\n제23기\n제22기\n제21기\nB2C\n제품/상품\n장롱,침대,소파 외\n355,024\n338,389\n302,633\n사무용\n제품/상품\n책장,책상,파티션 외\n98,647\n87,247\n80,805\n빌트인\n제품/상품\n가구/목공,주방\n292,513\n305,101\n290,098\n기 타\n자재유통\n원자재용 보드 외\n131,087\n111,174\n127,602\nB2B\n유통/공사\n산업자재, 부품 외\n508,767\n520,698\n415,897\n합 계\n1,386,038\n1,362,609\n1,217,035\n나. 판매경로 및 판매방법 등(1) 판매조직1) B2C 가구<B2C> \xa0당사의 판매조직은 B2C 가구의 경우 일반 Road 매장인 대리점, 전시장을 통한 직접 판매하는 직매장, 대형마트 입점매장, 인터넷 쇼핑몰로 분류되어 있습니다. 사업소는 각 지역별로 세분되어 관할 판매조직을 관리하고 있습니다.\xa0\n구분\n유통망\n사업소\n대리점\n직매장\n대형마트\n인터넷쇼핑몰\n서울/경기\n37\n12\n1\n자사몰外24\n서울사무소\n부산/울산/경남/제주\n17\n2\n-\n부산지점\n대구/경북\n9\n-\n-\n대구지점\n대전/충청\n15\n1\n-\n대전지점\n광주/전남\n8\n1\n-\n광주지점\n원주/강원\n7\n-\n-\n-\n합계\n93\n17\n1\n-\n※ 매장 수 기준(상설매장 제외)<홈퍼니싱> \xa0홈퍼니싱의 경우 WSI 직매장과 백화점 입점매장, 인터넷 쇼핑몰로 분류되어 있습니다.\n구분\n유통망\n직매장\n백화점(입점)\n인터넷 쇼핑몰\n서울/경기\n6\n8\n자사몰 (WS,PB,PK,WE)\n입점몰 (더현대,H몰,네이버)\n부산/울산/경남/제주\n2\n-\n대구/경북\n-\n1\n대전/충청\n1\n1\n광주/전남\n1\n-\n합계\n10\n10\n<주방가구> \xa0주방가구의 경우 대리점, 직매장, 인터넷 쇼핑몰로 분류되어 있습니다.\n구분\n유통망\n대리점\n직매장\n인터넷 쇼핑몰\n서울/경기\n35\n2\n자사몰外20\n부산/울산/경남/제주\n17\n1\n대구/경북\n8\n-\n대전/충청\n4\n1\n광주/전남\n7\n1\n원주/강원\n5\n-\n합계\n76\n5\n2) 사무용 가구 \xa0사무용 가구의 경우에는 대리점을 통한 간접판매와 우량 대기업을 대상으로 한 직접판매가 이루어지고 있습니다. 이외 수출대상 국가의 에이전트를 통해 판매하는 해외영업팀과 선박가구 생산 및 공급을 담당하는 선박영업팀으로 구성되어 있습니다.\n구분\n대리점\n주요영업대상\n사업소\n대리점영업\n서울/경기\n50\n일반기업, 금융, 언론사,의료, 호텔, 학교 등\n서울사무소\n부산/경남/울산\n13\n영남지점\n대구/경북/강원\n\xa08\n대전/충청\n18\n충호남지점\n광주/전라/제주\n15\n하움\n258\n서울사무소\n직판영업\n-\n현대자동차, 기아자동차,삼성전자 등\n서울사무소\n해외영업\n에이전트24개\n아랍권(UAE,사우디아라비아) 동남아(필리핀) 등\n서울사무소\n선박영업\n-\n현대중공업,현대삼호중공업, 현대미포조선 外\n경주지점\n3) 빌트인 가구 \xa0빌트인 가구영업의 경우 주요 건설사별로 영업팀을 구성하여 판매조직을 운영하고있으며, 별도의 해외영업팀을 구성하여 해외 현장을 운영하고 있습니다.\n부 서\n인원(명)\n비 고\n영업인원\n19\n-\n시공인원\n23\n해외영업팀\n\xa05\n합계\n47\n4) B2B \xa0B2B 부문의 경우 주로 판매 상품별로 영업팀을 구성하여 판매조직을 운영하고 있습니다.\xa0\n부 서\n인원(명)\n비 고\n법인상품영업팀\n18\n-\n패션유니폼팀\n17\n영남영업팀\n\xa09\n산업자재 영업팀\n\xa017\n트레이딩팀\n\xa06\n건설자재 영업팀\n16\n해외인프라팀\n14\n합계\n96\n(2) 판매경로1) B2C 가구(가) On-line 매장 : 자사몰 운영(2005년) 및 대형 인터넷 쇼핑몰 입점 운영(나) Off-line 매장 : Road 매장(대리점매장 및 리빙 편집매장), Styleshop(대형 직영매장), Open 매장(백화점 입점형태)2) 홈퍼니싱(가) Off-line 매장 : 직영운영 원칙, 지역거점 플래그쉽 스토어 및 단독매장 外(나) On-line 매장: 각 브랜드별 자사몰 웹사이트 개발, 일부 온라인 유통몰 입점 운영3) 사무용 가구(가) 내수영업- 당사에서 생산하는 전 제품 및 상품에 대하여 대리점을 통한 판매.- 당사에서 생산하는 전 제품 및 상품을 소비자인 기업고객에게 직접 판매(나) 해외영업- 해당 국가의 에이전트를 통하여 판매- 국내 법인의 해외 지사에서 직접 판매4) 빌트인 가구- 입찰계약, 수의계약을 통한 건설사 직납품5) B2B 부문- 산업자재, 건설자재, 포장자재, 유니폼 등을 법인에 Off-line 및 On-line으로 유통 \xa0 \xa0및 판매 \xa0\n- Off-line은 입찰 계약, 수의계약을 통한 유통 및 판매- On-line은 자사 인터넷 쇼핑몰을 통한 유통 및 판매\n(3) 판매 방법 및 조건\n1) B2C가구(가) 대리점 및 직매장 판매 \xa0기업목표에 따른 마케팅 및 판매관리가 이루어지도록 매출 잠재력과 예상 판매액을산출하여 상권을 파악하고, 상권에 맞는 적정 유통점 수와 그 규모를 산정하여 대리점을 개설합니다. 대리점 운영주 및 판매사원은 전문교육을 통하여 제품 및 판매 교육을 받고, 대리점의 조기 안정화와 정착을 위해 지역 홍보 및 다양한 판촉 행사를 지원합니다. \xa0직매장은 대리점과 마찬가지로 오픈 지역의 매출 잠재력 및 예상 판매액을 산출하여 상권을 파악하고, 상권에 맞는 적정 규모를 산정하여 직매장을 오픈합니다. 직매장은 일정 규모 이상의 대형 매장으로 고객의 니즈에 맞는 다양한 상품(일반가구, 생활소품, 키즈 가구류, 매트리스 등)을 구비하여 매출 및 이익을 극대화하고 있습니다.(나) On-line 쇼핑몰 판매 \xa0Off-line의 지역적 제약을 없애고 신소비 성향에 맞추어 국내 유수의 대형 인터넷 쇼핑몰에 입점하여 Off-line과 더불어 판매가 이루어지고 있습니다. 쇼핑몰의 대외 인지도와 시스템의 안정성을 고려하여 업체를 선정하고 있으며, 매출 증진을 위해 쇼핑몰과 공동마케팅도 실시하고 있습니다. \xa0그와 더불어 당사에서도 직접 온라인 쇼핑몰 \'현대리바트몰\'을 운영하고 있습니다. 고객이 직접 희망 배송일을 지정할 수 있는 \'지정일 배송제\' 등을 도입하여 고객의 쇼핑 편의성을 높임과 동시에 온라인 전용 브랜드인 \'리바트 온라인\'을 통해 고객들에게 저렴하면서도 품질이 우수한 상품을 공급하고 있습니다. 2020년 하반기에는 국내가구업계 최초로 소파 품목에 대하여 \'내일 배송\' 서비스를 시작하여 배송기간을 획기적으로 단축하는 등 고객만족을 증진시키기 위해 노력하고 있습니다.2) 홈퍼니싱(가) Off-line \xa0판매- 직영 운영을 원칙으로 지역 거점의 플래그쉽 스토어 및 단독매장 판매.(나) On-line \xa0판매- 자사몰 4개(WS, PB, PK, WE), 입점몰 등을 활용한 온라인판매.3) 사무용 가구(가) 판매 방법- 전국의 약 360여 개 대리점과 전문 판매딜러 및 해외 에이전트를 통하여 판매하며, 일부 대형현장의 경우, 본사 직접계약 방식으로 판매(나) 판매 조건- 대리점 판매의 경우 대리점 수금 후 당사 입금(현금 또는 전자결제)- 직판의 경우 고객사와 직접 계약 후 당사 수금(현금 또는 전자결제)4) 빌트인 가구(가) 판매방법 및 조건 : 익월 전자결제 또는 현금수금(나) 판매조건 :- 도급순위 50위 이내의 우량건설사- 지방중소 우량건설사- 전자결제 만기일 평균 약 90일5) B2B 부문(가) 판매 방법 및 조건- B2B 부문의 매출액은 산업 자재, 설비부품, 유통 자재 등을 법인에 공급 후, 전자 \xa0 결제 또는 현금수금(나) 판매 조건- B2B 부문의 고객사와 직접 계약 후 당사 수금(현금 또는 전자결제)- 전자결제 만기일 평균 약 90일\n(4) 판매전략\n가) 제품 차별화를 통한 매출 증대 \xa0제품 판매를 활성화 하기 위해서 무엇보다도 중요한 것은 동종사 경쟁제품과 차별화된 경쟁요소를 갖추는 것으로 당사는 친환경 자재를 사용한 환경친화 제품과 트렌드를 선도하며 실용성을 겸비한 차별화된 디자인을 갖춘 제품을 지속적으로 강화해 나갈 계획입니다.나) 친환경 제품 출시를 통한 친환경 마케팅 강화 \xa0당사는 2004년 6월 업계 최초로 친환경 인증마크를 획득함으로써 인체의 건강까지생각하는 친환경 기업으로 거듭났습니다. 고객의 생활에 직접 호흡하고 사용하는 제품인 만큼 가구시장에서 친환경적인 요소는 기본적인 요소로서 자리를 잡아가고 있습니다. 강화되는 친환경 법규에 앞서 고객을 먼저 생각하는 마음으로 전체 제품에 최고등급(E0급) 보드를 사용하고 있으며, 소형챔버실험 설비 등 자체적인 친환경 실험장비를 확보함으로써 제품의 유해성 여부를 사전에 점검하고 개선하고 있습니다. 당사는 친환경에 대한 법적, 제도적 안전장치의 확대에 대해 선도적으로 대응하고, 이를 고객에게 적극 알리고 홍보함으로써 친환경 선도기업으로 자리매김하고 있습니다.다) 자체 인터넷 쇼핑몰 구축 및 특수유통채널 \xa0자체 인터넷 쇼핑몰인 <현대리바트몰>을 구축하여 다양한 컨텐츠로 소비자 커뮤니케이션 활성화 및 쇼핑몰 조기 정착에 성공하였습니다. 2020년말 대규모 몰 리뉴얼과 이후 지속적인 쇼핑몰 개선 활동으로 고객의 접근성과 구매환경을 개선하였습니다. 또한, 오픈마켓 형태의 온라인 쇼핑몰 입점을 통해 직접적인 마케팅 활동으로 브랜드이미지를 향상시키고 있습니다.라) 거점 및 대형 직매장 확충 \xa0최근 혼수 가구 비중이 감소하고 가구에 대한 토탈인테리어 개념이 확산되면서 전시효과를 위한 거점 및 대형 직매장의 확보가 효과적인 마케팅 수행을 위한 중요 요소로 작용하고 있습니다. 윌리엄스소노마는 현대백화점 가든파이브점을 비롯하여 목동점, 대구점, 무역센터점, 본점 등에 입점해 거점을 확보하였으며, 논현점, 울산점, 광주점, 대전점 등 국내 주요 도시에 직매장을 오픈해 활발한 영업활동을 수행중입니다. \xa0주방가구 산업은 토탈 인테리어에 대한 관심 증대로 시장수요가 증가하고 있으며, 이러한 시장추세에 적극 대응하기 위해 유통망을 지속적으로 확대하고 있습니다. 2021년에도 전체 제휴점, 대리점의 지속적인 증가를 통해 유통채널 확장을 이루어 나갈 계획입니다.마) 매스미디어를 통한 광고 \xa0당사는 유통망 증설과 대리점의 판매증대를 위해 케이블TV, 신문, 잡지 등의 매스미디어 광고를 적극적으로 활용하고 있습니다. 이러한 광고효과로 인하여 유통망 증설 활동이 원활하게 이루어지고 있으며, 브랜드 인지도 상승 및 소비자의 브랜드 충성도의 증대, 광고효과를 통한 소비자의 대리점 및 직매장 방문을 활발하게 유도하고 있습니다.바) 서브 브랜드 런칭 \xa0다양한 소비자의 Needs 충족과 다각적인 시장 진출을 위해 오프라인 B2C 브랜드인 리바트를 중심으로 패밀리 브랜드를 확대하고 있습니다. 표적 시장별로 브랜드가 세분화되어 있고, 차별화된 디자인을 통한 브랜드 로열티를 구축함으로써 가구 전문 글로벌 기업으로의 변모를 준비하고 있습니다.사) 빌트인 영업 부문의 차별화 \xa0빌트인 영업 부문에 있어서는 신규 대형건설사 및 지방 우량건설사 대상의 영업을 강화하고, 국내시장을 탈피하여 해외시장으로 영업망을 확대하며, 특판영업의 가장 중요한 경쟁요인 중의 하나인 A/S 처리능력을 더욱 강화하여 차별화된 A/S 서비스를 제공할 계획입니다.\n2. 계약상황\xa0\n(단위 : 백만원)\n품 목\n기준일자\n계약총액\n기납품액\n계약잔고\n빌트인가구\n\'21년 4분기\n354,422\n274,073\n80,348\n합 계\n354,422\n274,073\n80,348\n※계약총액 : \'20년 수주잔고 + \'21년 신규수주분\n5. 위험관리 및 파생거래\n1. 재무위험관리의 목적 및 정책 \xa0 당사의 주요 금융부채는 매입채무및기타채무와 장ㆍ단기금융부채로 구성되어 있으며 이러한 금융부채는 영업활동을 위한 자금을 조달하기 위하여 발생하였습니다. 또한 당사는 영업활동에서 발생하는 매출채권, 현금 및 단기예금과 같은 다양한 금융자산도 보유하고 있습니다. 당사의 금융자산 및 금융부채에서 발생할 수 있는 주요 위험은 시장위험, 신용위험 및 유동성위험입니다. 당사의 주요 경영진은 아래에서 설명하는 바와 같이 각 위험별 관리절차를 검토하고 정책에 부합하는지 검토하고 있습니다. 또한 당사는 투기 목적의 파생상품거래를 실행하지 않는 것이 기본적인 정책입니다.  (1) 시장위험 \xa0 시장위험은 시장가격의 변동으로 인하여 금융상품의 공정가치나 미래현금흐름이 변동할 위험입니다. 시장위험은 이자율위험, 환위험 및 기타 가격위험의 세가지 유형으로 구성됩니다.  \xa0 ① 이자율위험 \xa0 이자율위험은 시장이자율의 변동으로 인하여 금융상품의 공정가치나 미래현금흐름이 변동할 위험입니다. 당사의 경영진은 이자율 현황을 주기적으로 검토하여 고정이자율차입금과 변동이자율차입금의 적절한 균형을 유지하고 있습니다. \xa0\n \xa0② 환위험 \xa0 환위험은 환율의 변동으로 인하여 금융상품의 공정가치가 변동할 위험입니다. 당사는 내부적으로 원화 환율 변동에 대한 환위험을 정기적으로 측정하고 있습니다.  \xa0 ③ 가격위험 \xa0 당사의 지분상품은 가격변동위험에 노출되어 있으나, 가격변동이 재무제표에 미치는 영향은 중요하지 아니합니다. \xa0\n(2) 신용위험 \xa0 신용위험은 거래상대방이 의무를 이행하지 못하여 손실이 발생할 위험입니다. 당사는 주요하게 매출채권, 대여금 등 영업활동 및 금융기관 예금, 외환거래, 기타 금융상품 등 재무활동으로 인한 신용위험에 노출되어 있습니다. \xa0 당사는 신용위험을 관리하기 위하여 신용도가 일정 수준 이상인 거래처와 거래하고있으며, 금융자산의 신용보강을 위한 정책과 절차를 마련하여 운영하고 있습니다. 당사는 금융기관 채권의 경우 산업은행 등의 금융기관에 현금및현금성자산, 금융자산 등을 예치하고 있으므로 금융기관 관련 신용위험은 제한적입니다. 한편, 이외의 기타채권의 경우 거래처의 공개된 재무정보, 과거 경험 및 기타요소를 고려하여 신용도를평가하고 있습니다. 또한, 회수가 지연되는 기타채권에 대해서는 정기적으로 회수지연 현황 및 회수대책이 보고되고 있고 지연사유에 따라 적절한 조치를 취하고 있으며당기 보고기간종료일 현재 당사는 기타채권에 대한 신용위험은 제한적이라고 판단하고 있습니다.\n(3) 유동성위험 \xa0 유동성위험은 만기까지 모든 금융계약상의 약정사항들을 이행할 수 있도록 자금을 조달하지 못할 위험입니다. \xa0 당사는 특유의 유동성 전략 및 계획을 통하여 자금부족에 따른 위험을 관리하고 있습니다. 당사는 금융상품 및 금융자산의 만기와 영업현금흐름의 추정치를 고려하여 금융자산과 금융부채의 만기를 대응시키고 있습니다.\n(4) 자본관리 \xa0 자본관리의 주 목적은 당사의 영업활동을 유지하고 주주가치를 극대화하기 위하여 높은 신용등급과 건전한 자본비율을 유지하기 위함입니다. \xa0 당사는 자본구조를 경제환경의 변화에 따라 수정하고 있으며, 이를 위하여 배당정책을 수정하거나 자본감소 혹은 신주발행을 검토하도록 하고 있습니다. 한편, 기중자본관리의 목적, 정책 및 절차에 대한 어떠한 사항도 변경되지 않았습니다.\xa0\n\xa0 당사는 순부채를 총자본, 즉 자기자본과 순부채를 합한 총자본으로 나눈 부채비율을 사용하여 감독하고 있는 바, 당사는 순부채를 현금및현금성자산을 차감하여 산정하고 있습니다. 보고기간종료일 현재 순부채 및 자기자본은 다음과 같습니다.\xa0\n\xa0(단위: 천원)\n구 \xa0분\n당기말\n전기말\n매입채무및기타채무\n209,858,211\n203,620,942\n장ㆍ단기금융부채\n34,781,947\n2,317,758\n장ㆍ단기리스부채\n52,904,881\n60,176,361\n차감: 현금및현금성자산\n(8,495,226)\n(40,115,854)\n순부채\n289,049,813\n225,999,207\n자기자본\n485,769,347\n479,178,822\n순부채및자기자본\n774,819,160\n705,178,029\n부채비율\n37.31%\n32.05%\n2. 파생상품 및 풋백옵션 등 거래 현황 \xa0 환율 변동 리스크 관리를 위하여 당사는 통화선도(Currency Forward) 상품을 매매하여 헷지합니다.\xa0\n(1). 통화선도거래 체결현황 \xa0 \xa0 \xa0 \xa0 \xa0 \xa0\n(기준일 :\xa0\n2021년 12월 31일\n)\n(단위 :백만원)\n구 분\n자 산\n부 채\xa0\n평가이익\n평가손실\n거래이익\n거래손실\n\xa0 통화선도\n-\n-\n-\n-\n24\n50\n(2). 파생상품평가손익 내역\n(기준일 :\xa0\n2021년 12월 31일\n)\n(원화단위 : 천원, 외화단위 : USD, EUR)\n파생상품 종류\n금융기관명\n계약체결일\n계약만기일\n계약금액\n약정환율(원)\n평가손익\n-\n-\n-\n-\n-\n-\n-\n합 \xa0 \xa0계\n-\n※ 12월말기준 통화선도 등 파생상품 잔여 계약이 없습니다.\n6. 주요계약 및 연구개발활동\n1. 연구개발 담당조직\n\xa0 당사는 창업 이후 미래에 디자인이 시장의 중요한 경쟁요인으로 부각되어 시장 트렌드를 주도할 것으로 예측하였고, 해당 요인을 당사의 핵심 역량으로 키우고자, 2000년 4월 디자인연구소를 설립하였습니다. 당사는 동 연구소를 통하여 차별화 된 디자인 개발에 주력해 오고 있으며, 당사 디자인 연구소의 조직은 다음과 같이 구성되어있습니다.\n구 분\n담 당 분 야\n인 원\n비 고\n생산기술팀\n연구소관리\n\xa01\n상품개발팀\nB2C 가구 디자인 개발 등\n22\n오피스개발팀\n사무용 가구 디자인 개발 등\n14\n키친&바스개발팀\n주방용 가구 디자인 개발,욕실용 가구 개발 관리 등\n15\n상품기술팀\n제작도면 및 신공법 개발 등\n2\n크리에이티브랩(CL)\n디자인 혁신 R&D 등\n5\n온라인개발팀\n온라인 품목 제품 개발\n4\n총 합\n63\n2. 연구개발비용\n(단위 : 백만원)\n과 목\n제23기\n제22기\n제21기\n비 고\n원 재 료 비\n-\n-\n-\n-\n인 건 비\n3,653\n3,086\n2,679\n-\n감 가 상 각 비\n-\n-\n-\n-\n위 탁 용 역 비\n-\n-\n-\n-\n기 타\n1,430\n755\n541\n-\n연구개발비용 계\n5,083\n3,841\n3,220\n-\n회계처리\n판매비와 관리비\n5,083\n3,841\n3,220\n-\n제조경비\n-\n-\n-\n-\n개발비(무형자산)\n-\n-\n-\n-\n연구개발비 / 매출액 비율[연구개발비용계÷당기매출액×100]\n0.37\n0.28\n0.26\n-\n※ 샘플제작 및 디자인 아웃소싱관련 외부협력업체 및 외부디자인업체에 투입된 비용을 기타로 구분처리\n3. 연구개발관련 기타사항 \xa0회사가 보유하고 있는 지적재산권은 특허권 12건, 실용신안권 4건, 디자인등록 54건, 상표등록 116건, 도메인 31건 등입니다.\n7. 기타 참고사항\nⅠ. 연결대상 종속회사의 내용1. 연결대상 종속회사의 일반적 사항(1) 종속기업의 지분현황 \xa0당기말 현재 연결실체의 종속기업의 현황은 다음과 같습니다.\xa0\n(단위 : %)\n종속기업\n소재지\n결산월\n업종\n지분율\n제 23기\n\xa0기말\n제 22기\n\xa0(전)기말\n제 21기\xa0\n기말\n제 20기\n기말\n제 19기\n기말\n(주)현대리바트엠앤에스\n대한민국\n12월\n서비스업\n100.0\n100.0\n100.0\n100.0\n100.0\nHYUNDAI LIVART VINA CO., LTD.\n베트남\n12월\n가구 제조 및 판매\n100.0\n100.0\n100.0\n100.0\n100.0\nLIVART CANADA CO.,LTD.\n캐나다\n12월\n가구 판매\n100.0\n100.0\n100.0\n100.0\n100.0\n현대휘상 무역(상해)유한공사\n중국\n12월\n상품 중개업\n100.0\n100.0\n100.0\n100.0\n100.0\nHNS INDUSTRIES SDN.BHD.\n말레이시아\n12월\n가설 공사 및 자재유통\n100.0\n100.0\n100.0\n100.0\n100.0\nPT HYUNDAI LIVART INDONESIA\n인도네시아\n12월\n포장 및 무역업\n100.0\n-\n-\n-\n-\n(2) 종속기업의 요약 재무정보 \xa0종속기업의 당분기말 요약재무상태표와 요약손익계산서는 다음과 같습니다.\n(단위 : 천원)\n종속기업명\n자 \xa0산\n부 \xa0채\n자 \xa0본\n매 \xa0출\n당기순손익(손실)\n(주)현대리바트엠앤에스\n2,494,320\n1,052,226\n1,442,094\n12,064,949\n254,748\nHYUNDAI LIVART VINA CO., LTD.\n5,061,126\n1,569,807\n3,491,319\n7,232,696\n120,782\nLIVART CANADA CO.,LTD.\n11,497,289\n13,472,027\n(1,974,738)\n15,270,441\n644,428\n현대휘상 무역(상해)유한공사\n4,000,291\n2,044,188\n1,956,103\n13,045,547\n247,049\nHNS INDUSTRIES SDN.BHD.\n2,067,943\n3,971,288\n(1,903,345)\n705,759\n(93,909)\nPT HYUNDAI LIVART INDONESIA\n198,032\n5,817\n192,215\n-\n(14,955)\n2. 시장위험과 위험관리(연결기준 재무위험관리의 목적 및 정책) \xa0연결기업의 주요 금융부채는 매입채무및기타채무와 장ㆍ단기금융부채로 구성되어있으며, 이러한 금융부채는 영업활동을 위한 자금을 조달하기 위하여 발생하였습니다. 또한 연결기업의 영업활동에서 발생하는 매출채권, 현금 및 단기예금과 같은 다양한 금융자산도 보유하고 있습니다. 연결기업의 금융자산 및 금융부채에서 발생할 수 있는 주요 위험은 시장위험, 신용위험 및 유동성위험입니다. 연결기업의 주요 경영진은 아래에서 설명하는 바와 같이, 각 위험별 관리절차를 검토하고 정책에 부합하는지 검토하고 있습니다. 또한 연결기업은 투기 목적의 파생상품거래를 실행하지 않는 것이 기본적인 정책입니다(1) 시장위험 \xa0시장위험은 시장가격의 변동으로 인하여 금융상품의 공정가치나 미래현금흐름이 변동할 위험입니다. 시장위험은 이자율위험, 환위험 및 기타 가격위험의 세 가지 유형으로 구성됩니다.\n\xa0① 이자율위험 \xa0이자율위험은 시장이자율의 변동으로 인하여 금융상품의 공정가치나 미래현금흐름이 변동할 위험입니다. 연결기업은 변동이자부 장기차입금과 관련된 시장이자율의 변동위험에 노출되어 있습니다. 이에 따라, 연결기업의 경영진은 이자율 현황을 주기적으로 검토하여 고정이자율차입금과 변동이자율차입금의 적절한 균형을 유지하고 있습니다.② 환위험 \xa0환위험은 환율의 변동으로 인하여 금융상품의 공정가치가 변동할 위험입니다. 연결기업은 내부적으로 원화 환율 변동에 대한 환위험을 정기적으로 측정하고 있습니다.③ 가격위험 \xa0연결기업의 매도가능지분상품은 가격변동위험에 노출되어 있으나, 가격변동이 재무제표에 미치는 영향은 중요하지 아니합니다.\n(2) 신용위험 \xa0신용위험은 거래상대방이 의무를 이행하지 못하여 손실이 발생할 위험입니다. 연결기업은 주요하게 매출채권, 대여금 등 영업활동 및 금융기관 예금, 외환거래, 기타 금융상품 등 재무활동으로 인한 신용위험에 노출되어 있습니다. \xa0연결기업은 신용위험을 관리하기 위하여 신용도가 일정 수준 이상인 거래처와 거래하고 있으며, 금융자산의 신용보강을 위한 정책과 절차를 마련하여 운영하고 있습니다. 연결기업은 금융기관 채권의 경우 산업은행 등의 금융기관에 현금및현금성자산, 금융자산 등을 예치하고 있으므로 금융기관 관련 신용위험은 제한적입니다. 한편, 이외의 기타채권의 경우 거래처의 공개된 재무정보, 과거 경험 및 기타요소를 고려하여신용도를 평가하고 있습니다. 또한, 회수가 지연되는 기타채권에 대해서는 정기적으로 회수지연 현황 및 회수대책이 보고되고 있으며 지연사유에 따라 적절한 조치를 취하고 있습니다. 당기 보고기간종료일 현재 연결기업은 기타채권에 대한 신용위험은 제한적이라고 판단하고 있습니다.\n(3) 유동성위험 \xa0유동성위험은 만기까지 모든 금융계약상의 약정사항들을 이행할 수 있도록 자금을 조달하지 못할 위험입니다. \xa0연결기업은 특유의 유동성 전략 및 계획을 통하여 자금부족에 따른 위험을 관리하고 있습니다. 연결기업은 금융상품 및 금융자산의 만기와 영업현금흐름의 추정치를 고려하여 금융자산과 금융부채의 만기를 대응시키고 있습니다.\n(4) 자본관리 \xa0자본관리의 주 목적은 연결기업의 영업활동을 유지하고 주주가치를 극대화하기 위하여 높은 신용등급과 건전한 자본비율을 유지하기 위함입니다. \xa0연결기업은 자본구조를 경제환경의 변화에 따라 수정하고 있으며, 이를 위하여 배당 정책을 수정하거나 자본감소 혹은 신주발행을 검토하도록 하고 있습니다. 한편, 기중 자본관리의 목적, 정책 및 절차에 대한 어떠한 사항도 변경되지 않았습니다. \xa0연결기업은 순부채를 총자본, 즉 자기자본과 순부채를 합한 총자본으로 나눈 부채비율을 사용하여 감독하고 있는 바, 연결기업은 순부채를 현금및현금성자산을 차감하여 산정하고 있습니다. 보고기간종료일 현재 순부채 및 자기자본은 다음과 같습니다.\n\xa0(단위: 천원)\n구 \xa0분\n당분기말\n전기말\n매입채무및기타채무\n212,254,175\n206,840,700\n장ㆍ단기금융부채\n35,099,715\n2,468,496\n장ㆍ단기리스부채\n54,967,989\n62,860,845\n차감: 현금및현금성자산\n(14,279,248)\n(44,057,385)\n순부채\n288,042,631\n228,112,656\n자기자본\n489,057,475\n481,044,696\n순부채및자기자본\n777,100,106\n709,157,352\n부채비율\n37.07%\n32.17%\n3. 사업의 개요- 연결대상 종속회사는 지배회사의 사업과 동일하므로 별도의 기재는 생략함.\n']"
