text
"[""\n5. 재무제표 주석\n\xa0\n제 50기 반기 2022년 \xa06월 30일 현재\n제 49기 반기 2021년 \xa06월 30일 현재\n주식회사 케이씨티시\n-\n1. 일반 사항 \xa0 \xa0 \xa0 주식회사 케이씨티시(이하 '회사')는 1973년 7월 20일에 설립되어 서울시 중구 남대문로 63에 소재한 본사와 부산 등 전국 주요도시에 소재한 지점을 두고 항만하역업, 화물자동차운송업, 창고보관업, 컨테이너조작업, 중량물해상운송업 및 철도운송업 등을 영위하고 있습니다. 회사는 1978년 9월 29일자로 주식을 한국거래소 유가증권시장에 상장하였습니다. \xa0 \xa0 \xa0 \xa0 \xa0 \xa0 \xa0  \xa0 \xa0 \xa0보고기간종료일 현재의 납입자본금은 15,000백만원입니다. 주주의 구성내역은 다음과 같습니다. \xa0 \xa0 \xa0\n주 주 명\n소유주식수(주)\n지분율(%)\n박현규 외\n6,995,240\n23.32\n기타\n23,004,760\n76.68\n합 계\n30,000,000\n\xa0 \xa0 \xa0 \xa0 \xa0 \xa0 \xa0 \xa0100.00\n2. 중요한 회계정책 \xa0 \xa0 \xa0  \xa0 \xa0 \xa0 2.1 반기재무제표 작성기준  회사의 2022년 6월 30일로 종료하는 6개월 보고기간에 대한 반기재무제표는 한국채택국제회계기준(이하 '기업회계기준서') 제1034호 '중간재무보고'에 따라 작성되었습니다. 이 반기재무제표는 보고기간종료일인 2022년 6월 30일 현재 유효하거나 조기 도입한 기업회계기준서에 따라 작성되었습니다. \xa0 \xa0 \xa0 \xa0 \xa0 \xa0 2.1.1 회사가 채택한 제ㆍ개정 기준서 및 해석서 \xa0 \xa0 \xa0 \xa0 \xa0  \xa0 \xa0 \xa0 (1) 기업회계기준서 제1103호 '사업결합' 개정 - 개념체계의 인용\n사업결합 시 인식할 자산과 부채의 정의를 개정된 재무보고를 위한 개념체계를 참조하도록 개정되었으나, 기업회계기준서 제1037호 ‘충당부채, 우발부채 및 우발자산’ 및 해석서 제2121호 ‘부담금’의 적용범위에 포함되는 부채 및 우발부채에 대해서는 해당 기준서를 적용하도록 예외를 추가하고, 우발자산이 취득일에 인식되지 않는다는 점을 명확히 하였습니다. 해당 기준서의 개정이 반기재무제표에 미치는 중요한 영향은 없습니다.\n\xa0\n(2) 기업회계기준서 제1016호 '유형자산' 개정 - 의도한 사용 전의 매각금액\n기업이 자산을 의도한 방식으로 사용하기 전에 생산된 품목의 판매에서 발생하는 수익을 생산원가와 함께 당기손익으로 인식하도록 요구하며, 유형자산의 취득원가에서차감하는 것을 금지하고 있습니다. 해당 기준서의 개정이 반기재무제표에 미치는 중요한 영향은 없습니다.\n(3) 기업회계기준서 제1037호 '충당부채, 우발부채 및 우발자산' 개정 - 손실부담계약: 계약이행원가\n손실부담계약을 식별할 때 계약이행원가의 범위를 계약 이행을 위한 증분원가와 계약 이행에 직접 관련되는 다른 원가의 배분이라는 점을 명확히 하였습니다. 해당 기준서의 개정이 반기재무제표에 미치는 중요한 영향은 없습니다.\n(4) 한국채택국제회계기준 연차개선 2018-2020\n한국채택국제회계기준 연차개선 2018-2020은 2022년 1월 1일 이후 시작하는 회계연도부터 적용되며, 조기적용이 허용됩니다. 해당 기준서의 개정이 반기재무제표에 미치는 중요한 영향은 없습니다.\n·기업회계기준서 제1101호 '한국채택국제회계기준의 최초 채택’: 최초채택기업인 \xa0 종속기업\n·기업회계기준서 제1109호 '금융상품’: 금융부채 제거 목적의 10% 테스트 관련 \xa0 \xa0 \xa0수수료\n·기업회계기준서 제1041호 '농림어업’: 공정가치 측정\n\xa0 \xa0 \xa0 \xa02.1.2 회사가 적용하지 않은 제ㆍ개정 기준서 및 해석서 \xa0 \xa0 \xa0 \xa0 \xa0  \xa0 \xa0 \xa0 (1) 기업회계기준서 제1001호 '재무제표 표시' 개정 - 부채의 유동/비유동 분류 \xa0 \xa0 \xa0  \xa0 \xa0 \xa0 보고기간말 현재 존재하는 실질적인 권리에 따라 유동 또는 비유동으로 분류되며, 부채의 결제를 연기할 수 있는 권리의 행사가능성이나 경영진의 기대는 고려하지 않습니다. 또한, 부채의 결제에 자기지분상품의 이전도 포함되나, 복합금융상품에서 자기지분상품으로 결제하는 옵션이 지분상품의 정의를 충족하여 부채와 분리하여 인식된경우는 제외됩니다. 동 개정사항은 2023년 1월 1일 이후 시작하는 회계연도부터 적용하며, 조기적용이 허용됩니다. 회사는 동 개정으로 인한 반기재무제표의 영향을 검토중에 있습니다. \xa0 \xa0 \xa0  \xa0 \xa0 \xa0 (2) 기업회계기준서 제1001호 '재무제표 표시' - '회계정책'의 공시 \xa0 \xa0 \xa0  \xa0 \xa0 \xa0 중요한 회계정책을 정의하고 공시하도록 하며, 중요성 개념을 적용하는 방법에 대한 지침을 제공하기 위하여 국제회계기준 실무서 2 '회계정책 공시'를 개정하였습니다. 동 개정 사항은 2023년 1월 1일 이후 최초로 시작하는 회계연도부터 적용되며 조기적용이 허용됩니다. 회사는 동 개정으로 인한 반기재무제표의 영향을 검토 중에 있습니다. \xa0 \xa0 \xa0  \xa0(3) 기업회계기준서 제1008호 '회계정책, 회계추정의 변경 및 오류' - '회계추정'의 \xa0 \xa0 \xa0 \xa0정의 \xa0 \xa0 \xa0  \xa0 \xa0 \xa0  회계추정을 정의하고, 회계정책의 변경과 구별하는 방법을 명확히 하였습니다. \xa0동 개정 사항은 2023년 1월 1일 이후 최초로 시작하는 회계연도부터 적용되며 조기적용이 허용됩니다. 회사는 동 개정으로 인해 반기재무제표에 중요한 영향은 없을 것으로 예상하고 있습니다. \xa0 \xa0 \xa0  \xa0 \xa0 \xa0 (4) 기업회계기준서 제1012호 '법인세' - 단일거래에서 생기는 자산과 부채에 대한 \xa0 \xa0 \xa0 \xa0이연법인세 \xa0 \xa0 \xa0  \xa0 \xa0 \xa0  자산 또는 부채가 최초로 인식되는 거래의 최초 인식 예외 요건에 거래시점 동일한 가산할 일시적차이와 차감할 일시적차이를 발생시키지 않는 거래라는 요건을 추가하였습니다. 동 개정사항은 2023년 1월 1일 이후 시작하는 회계연도부터 적용하며, 조기적용이 허용됩니다. 회사는 동 개정으로 인해 반기재무제표에 중요한 영향은 없을 것으로 예상하고 있습니다. \xa0 \xa0 \xa0  \xa0 \xa0 \xa0 (5) 기업회계기준서 제1117호 '보험계약' 제정 \xa0 \xa0 \xa0  \xa0 \xa0 \xa0  기업회계기준서 제1117호 '보험계약'은 기업회계기준서 제1104호 '보험계약’을 대체합니다. 보험계약에 따른 모든 현금흐름을 추정하고 보고시점의 가정과 위험을 반영한 할인율을 사용하여 보험부채를 측정하고, 매 회계연도별로 계약자에게 제공한 서비스(보험보장)를 반영하여 수익을 발생주의로 인식하도록 합니다. 또한, 보험사건과 관계없이 보험계약자에게 지급하는 투자요소(해약/만기환급금)는 보험수익에서 제외하며, 보험손익과 투자손익을 구분 표시하여 정보이용자가 손익의 원천을 확인할 수 있도록 하였습니다. 동 기준서는 2023년 1월 1일 이후 최초로 시작하는 회계연도부터 적용되며, 기업회계기준서 제1109호 '금융상품'을 적용한 기업은 조기적용이 허용됩니다. 회사는 동 개정으로 인해 반기재무제표에 중요한 영향은 없을 것으로 예상하고 있습니다. \xa0 \xa0 \xa0  \xa0 \xa0 \xa0 2.2 회계정책 \xa0 \xa0 \xa0 \xa0 \xa0  반기재무제표의 작성에 적용된 유의적 회계정책과 계산방법은 주석 2.1.1에서 설명하는 제ㆍ개정 기준서의 적용으로 인한 변경 및 아래 문단에서 설명하는 사항을 제외하고는 전기 재무제표 작성에 적용된 회계정책이나 계산방법과 동일합니다. \xa0 \xa0 \xa0  \xa0 \xa0 \xa0 2.2.1 법인세비용 \xa0 \xa0 \xa0  \xa0  중간기간의 법인세비용은 전체 회계연도에 대해서 예상되는 최선의 가중평균연간법인세율, 즉 추정평균연간유효법인세율을 중간기간의 세전이익에 적용하여 계산합니다.3. 중요한 회계추정 및 가정 회사는 미래에 대하여 추정 및 가정을 하고 있습니다. 추정 및 가정은 지속적으로 평가되며, 과거 경험과 현재의 상황에서 합리적으로 예측가능한 미래의 사건과 같은 다른 요소들을 고려하여 이루어집니다. 이러한 회계추정은 실제 결과와 다를 수도 있습니다. 반기재무제표 작성시 사용된 중요한 회계추정 및 가정은 법인세비용을 결정하는데 사용된 추정의 방법을 제외하고는 전기 재무제표 작성에 적용된 회계추정 및 가정과 동일합니다.4. 공정가치  당반기 중 회사의 금융자산과 금융부채의 공정가치에 영향을 미치는 사업환경 및 경제적인 환경의 유의적인 변동은 없습니다. \xa0 \xa0 \xa0 \xa0(1) 금융상품 종류별 공정가치 공정가치로 인식된 금융자산(주석6 참조)을 제외한 금융자산 및 금융부채는 장부금액을 공정가치의 합리적인 근사치로 추정하고 있습니다. \xa0 \xa0 \xa0 \xa0 \xa0 \xa0(2) 공정가치 서열체계 \xa0 \xa0 \xa0 공정가치로 측정되거나 공정가치가 공시되는 금융상품은 공정가치 서열체계에 따라 구분되며 정의된 수준들은 다음과 같습니다.- 수준1: 동일한 자산이나 부채에 대한 활성시장의 (조정되지 않은) 공시가격 \xa0 \xa0 \xa0- 수준2: 직접적으로(예: 가격) 또는 간접적으로(예: 가격에서 도출되어) 관측가능한, \xa0 \xa0 \xa0 \xa0 \xa0 \xa0 \xa0자산이나 부채에 대한 투입변수. 단, 수준 1에 포함된 공시가격은 제외함 \xa0 \xa0- 수준3: 관측가능한 시장자료에 기초하지 않은, 자산이나 부채에 대한 투입변수  \xa0 \xa0 \xa0 \xa0 \xa0 \xa0 \xa0(관측가능하지 않은 투입변수) \xa0공정가치로 측정되는 금융상품의 공정가치 서열체계 구분은 다음과 같습니다.\xa0\n(단위 : 천원)\n구 분\n당반기말\n수준 1\n수준 2\n수준 3\n합 계\n반복적인 공정가치 측정치\n당기손익-공정가치측정 금융자산\n367,008\n\xa0-\n\xa0-\n367,008\n기타포괄손익-공정가치측정 금융자산\n84,651\n68,351\n\xa0-\n153,002\n합 계\n451,659\n68,351\n\xa0-\n520,010\n(단위 : 천원)\n구 분\n전기말\n수준 1\n수준 2\n수준 3\n합 계\n반복적인 공정가치 측정치\n당기손익-공정가치측정 금융자산\n256,172\n-\n-\n256,172\n기타포괄손익-공정가치측정 금융자산\n77,868\n68,351\n-\n146,219\n합 계\n334,040\n68,351\n-\n402,391\n5. 부문별 보고\n\xa0전략적 의사결정을 수립하는 경영진이 회사의 영업부문을 결정하고 있습니다. 경영진은 부문에 배분될 자원에 대한 의사결정을 하고 부문의 성과를 평가하기 위하여 부문의 영업손익을 기준으로 검토하고 있습니다. \xa0 \xa0 \xa0(1) 지역별 정보\n(단위 : 천원)\n지 역\n당반기\n전반기\n매출\n영업손익\n매출\n영업손익\n서울\n\xa0 \xa0 \xa0 \xa0150,998,052\n\xa0 \xa0 \xa0 \xa0 \xa0 2,446,512\n85,830,599\n1,514,510\n부산\n\xa0 \xa0 \xa0 \xa0 \xa058,582,903\n\xa0 \xa0 \xa0 \xa0 \xa0 3,368,611\n49,087,293\n1,856,683\n마산\n\xa0 \xa0 \xa0 \xa0 \xa021,271,883\n\xa0 \xa0 \xa0 \xa0 \xa0 2,639,684\n15,595,259\n1,494,148\n울산\n\xa0 \xa0 \xa0 \xa0 \xa010,148,114\n\xa0 \xa0 \xa0 \xa0 \xa0 \xa0 \xa0570,866\n7,827,434\n208,075\n인천\n\xa0 \xa0 \xa0 \xa0 \xa0 4,585,230\n\xa0 \xa0 \xa0 \xa0 \xa0 \xa0 \xa0 \xa099,626\n3,816,948\n27,713\n의왕\n\xa0 \xa0 \xa0 \xa0 \xa013,388,833\n967,001\n10,360,772\n71,860\n기타\n\xa0 \xa0 \xa0 \xa0 \xa054,117,640\n\xa0 \xa0 \xa0 \xa0 \xa0 3,162,673\n43,826,293\n2,789,081\n합계\n313,092,655\n13,254,973\n216,344,598\n7,962,070\n(2) 부문별 정보가. 당반기\xa0\n(단위 : 천원)\n구분\n운송 외\n하역작업 외\n소화물 외\n합 \xa0계\n매출액\n170,350,519\n43,916,111\n98,826,025\n313,092,655\n감가상각비 및 무형자산상각비(*)\n5,589,546\n1,440,977\n3,278,097\n10,308,620\n영업손익\n7,211,895\n1,859,216\n4,183,862\n13,254,973\n(*)사용권자산 상각비 \xa0포함나. 전반기\n(단위 : 천원)\n구분\n운송 외\n하역작업 외\n소화물 외\n합 \xa0계\n매출액\n112,828,397\n34,446,880\n69,069,321\n216,344,598\n감가상각비 및 무형자산상각비(*)\n3,984,806\n1,216,574\n2,474,764\n7,676,144\n영업손익\n3,879,401\n2,546,784\n1,535,885\n7,962,070\n(*)사용권자산 상각비 \xa0포함\n6. 범주별 금융상품 (1) 금융상품 범주별 장부금액\xa0\n(단위 : 천원)\n금융자산\n당반기말\n전기말\n당기손익-공정가치 금융자산\n367,008\n256,172\n기타포괄손익-공정가치 금융자산\n153,003\n146,219\n상각후원가 측정 금융자산\n\xa0 현금 및 현금성자산\n20,279,398\n11,652,325\n\xa0 매출채권(계약자산 제외)\n88,885,635\n76,422,727\n\xa0 단기금융자산\n54,000\n54,000\n\xa0 장기금융자산\n99,247\n99,247\n\xa0 기타 금융자산 - 유동\n3,351,559\n6,966,300\n\xa0 기타 금융자산 - 비유동\n10,765,080\n9,868,928\n\xa0 기타상각후원가 금융자산\n195\n195\n합 \xa0 \xa0 계\n123,955,125\n105,466,113\n(단위 : 천원)\n금융부채\n당반기말\n전기말\n상각후원가 측정\n\xa0 매입채무\n46,127,700\n\xa0 \xa0 \xa0 \xa0 \xa0 \xa0 \xa039,056,933\n\xa0 기타금융부채 - 유동\n10,466,513\n\xa0 \xa0 \xa0 \xa0 \xa0 \xa0 \xa0 \xa09,335,661\n\xa0 기타금융부채 - 비유동\n62,613\n\xa0 \xa0 \xa0 \xa0 \xa0 \xa0 \xa0 \xa0 \xa0 \xa078,173\n\xa0 리스부채-유동\n11,965,916\n\xa0 \xa0 \xa0 \xa0 \xa0 \xa0 \xa011,302,611\n\xa0 리스부채-비유동\n24,453,114\n\xa0 \xa0 \xa0 \xa0 \xa0 \xa0 \xa025,428,965\n\xa0 차입금 - 유동\n92,476,756\n\xa0 \xa0 \xa0 \xa0 \xa0 \xa0 \xa032,904,533\n\xa0 차입금 - 비유동\n58,136,400\n\xa0 \xa0 \xa0 \xa0 \xa0 \xa0 \xa088,852,889\n합 \xa0 \xa0 계\n243,689,012\n206,959,765\n(2) 금융상품 범주별 순손익\n(단위 : 천원)\n구 \xa0 \xa0 분\n당반기\n전반기\n공정가치 측정 금융자산\xa0\n\xa0 평가손익(당기손익)\xa0\n28,278\xa0\n(56,267)\n\xa0 평가손익(기타포괄손익)\n5,291\xa0\n35,141\xa0\n상각후원가 측정 금융자산\xa0\n\xa0 이자수익\n130,644\xa0\n102,013\xa0\n\xa0 대손상각비 환입(비용)\n(76,219)\n623,282\xa0\n\xa0 외환차손익\n888,481\xa0\n223,230\xa0\n\xa0 외화환산손익\n597,670\xa0\n221,774\xa0\n상각후원가 측정 금융부채\n\xa0 이자비용\n(2,115,184)\n(1,359,203)\n\xa0 리스이자\n(670,863)\n(184,840)\n7. 공정가치 금융자산 \xa0(1) 당기손익-공정가치 금융자산\xa0\n(단위 : 천원)\n구 \xa0 \xa0 분\n당반기말\n전기말\n비유동항목\n자사주펀드\n367,008\n256,172\n(*)자사주펀드 수익증권의 공정가치에서 자기주식의 공정가치를 차감한 가액임. (2) 기타포괄손익-공정가치 금융자산\n(단위 : 천원)\n구 \xa0 \xa0 분\n당반기말\n전기말\n비유동항목\n상장주식\n84,651\n77,868\n비상장주식\n68,351\n68,351\n합 \xa0 \xa0 계\n153,002\n146,219\n8. 유형자산과 무형자산 \xa0 \xa0 \xa0 \xa0(1) 유형자산 및 무형자산의 변동내역 \xa0 \xa0당반기와 전반기 중 회사 유형자산 및 무형자산의 변동내역은 다음과 같습니다.\xa0\n(단위 : 천원)\n당반기\n유형자산\n무형자산\n기초 순장부금액\n213,449,882\xa0\n891,535\xa0\n취득\n27,192,884\xa0\n\xa0 \xa0 \xa0 \xa0 \xa0 \xa0 \xa0 \xa0 \xa0 \xa0 \xa0 \xa0 \xa0 \xa0 -\xa0\n처분\n(1,355,117)\n(9,438)\n감가상각\n(3,949,867)\n(35,415)\n2022년 6월 30일\n235,337,782\xa0\n846,682\xa0\n취득원가\n315,925,009\xa0\n1,232,832\xa0\n감가상각누계액\n(80,587,227)\n(188,880)\n손상차손누계액\n\xa0 \xa0 \xa0 \xa0 \xa0 \xa0 \xa0 \xa0 \xa0 \xa0 \xa0 \xa0 \xa0 \xa0 \xa0-\xa0\n(197,270)\n(단위 : 천원)\n전반기\n유형자산\n무형자산\n기초 순장부금액\n203,223,130\xa0\n1,493,424\xa0\n취득\n8,449,879\xa0\n11,680\xa0\n처분\n(97,825)\n(542,739)\n감가상각\n(2,850,755)\n(35,415)\n2021년 6월 30일\n208,724,429\xa0\n926,950\xa0\n취득원가\n285,376,624\xa0\n1,242,270\xa0\n감가상각누계액\n(76,652,195)\n(118,050)\n손상차손누계액\n-\xa0\n(197,270)\n(2) 담보제공자산 \xa0 \xa0  보고기간종료일 현재 회사의 차입금과 관련하여 담보로 제공한 자산의 내역은 다음과 \xa0같습니다.\xa0\n(단위 : 천원)\n담보제공자산\n장부금액\n담보설정금액\n관련 계정과목\n관련 금액\n담보권자\n토지,건물\n10,180,183\n15,200,000\n차입금 (주석11)\xa0\n53,000,000\n한국산업은행\n토지,건물\n58,831,698\n85,200,000\n67,055,556\n국민은행\n토지,건물\n46,413,114\n14,600,000\n11,249,600\n신한은행\n토지,건물\n46,413,114\n48,000,000\n308,000\n하나은행\n계\n161,838,109\n163,000,000\n131,613,156\n9. 리스(1) 반기재무상태표에 인식된 금액\xa0\n(단위 : 천원)\n구분\n당반기말\n전기말\n사용권자산\n\xa0 \xa0부동산 및 시설\n33,945,384\n33,947,522\n\xa0 \xa0장비\n285,405\n273,140\n\xa0 \xa0부동산 및 시설(판매비와 관리비)\n393,130\n607,009\n\xa0 \xa0차량운반구\n270,665\n131,517\n\xa0 \xa0시설사용권\n5,134,034\n5,489,398\n합계\n40,028,618\n40,448,586\n(단위 : 천원)\n구분\n당반기말\n전기말\n리스부채\n\xa0 \xa0유동 리스부채\n11,965,916\n11,302,611\n\xa0 \xa0비유동 리스부채\n24,453,114\n25,428,965\n합계\n36,419,030\n36,731,576\n(2) 반기손익계산서에 인식한 금액\xa0\n(단위 : 천원)\n구분\n당반기\n전반기\n사용권자산의 감가상각비\n\xa0부동산 및 시설\n5,408,675\n3,707,518\n\xa0장비\n204,521\n152,127\n\xa0부동산 및 시설(판매비와 관리비)\n304,675\n537,369\n\xa0차량운반구\n50,105\n41,333\n\xa0시설사용권\n355,363\n351,628\n합계\n6,323,339\n4,789,975\n리스부채에 대한 이자비용\n670,863\n184,840\n단기리스료\n744,766\n505,259\n단기리스가 아닌 소액자산 리스료\n210,721\n170,543\n 당반기와 전반기 중 리스의 총 현금유출은 각각 6,869백만원(단기리스료 745백만원 및 소액자산리스료 211백만원 포함)과 \xa05,114백만원(단기리스료 505백만원 및 소액자산리스료 171백만원 포함) 입니다. 해당 지급금액은 변동리스료로 인한 현금유출액을 제외한 수치입니다.\n10. 종속기업, 공동기업 및 관계기업 투자 (1) 보고기간종료일 현재 회사의 종속기업, 공동기업 및 관계기업의 현황은 다음과 같습니다. \xa0 \xa0\n(단위 : 천원)\n구분\n회사명\n소재국가\n당반기말\n전기말\n지분율(%)\n장부금액\n지분율(%)\n장부금액\n종속기업\n\xa0 고려종합국제운송㈜(*3)\n한국\n100.00\n5,645,484\n100.00\n5,645,484\n\xa0 고려항만㈜(*3)\n한국\n100.00\n1,123,440\n100.00\n1,123,440\n\xa0 고려기공㈜\n한국\n88.00\n312,653\n88.00\n312,653\n\xa0 고려사일로㈜\n한국\n100.00\n500,000\n100.00\n500,000\n\xa0 고려강재장\n한국\n100.00\n13,318,469\n100.00\n13,318,469\n\xa0 케이엔로지스틱스㈜\n한국\n90.00\n3,600,000\n90.00\n3,600,000\n\xa0 ㈜에이치엠티메가라인\n한국\n69.93\n6,967,276\n69.93\n6,967,276\n\xa0 KCTC VIETNAM Co., Ltd.(*1)\n베트남\n49.00\n440,811\n49.00\n440,811\n\xa0 KCTC VINA Co., Ltd.(*5)\n베트남\n100.00\n9,481,579\n100.00\n6,143,139\n\xa0 대련고려종합물류유한회사\n중국\n100.00\n226,240\n100.00\n226,240\n\xa0 KCTC THAI INTERNATIONAL(*1)\n태국\n49.00\n3,354\n49.00\n3,354\n\xa0 KCTC THAI LOGISTICS(*1)\n태국\n49.00\n330,829\n49.00\n330,829\n소계\n\u3000-\n\u3000-\n41,950,135\n\u3000-\n38,611,695\n공동기업\n\xa0아이앤케이신항만㈜\n한국\n50.00\n1,000,000\n50.00\n1,000,000\n\xa0평택당진중앙부두㈜\xa0\n한국\n50.00\n1,904,000\n50.00\n1,904,000\n소계\n\u3000-\n\u3000-\n2,904,000\n\u3000-\n2,904,000\n관계기업\n\xa0 ㈜의왕ICD (*2)\n한국\n8.99\n484,179\n8.99\n484,179\n\xa0 마산항제4부두운영㈜ (*2)\n한국\n10.23\n5,115\n10.23\n5,115\n\xa0 ㈜비엔씨티(*2)\n한국\n12.00\n-\n12.00\n-\n\xa0 ㈜인터렉스메가라인\n한국\n20.00\n2,485,120\n20.00\n2,485,120\n\xa0 ㈜아이티더블유메가라인(*4)\n한국\n40.53\n5,742,842\n40.53\n5,742,842\n\xa0 ㈜양산ICD(*2)\n한국\n10.89\n247,726\n10.89\n247,726\n\xa0 평택컨테이너터미날㈜(*2)\n한국\n5.50\n1,100,000\n5.50\n1,100,000\n\xa0 평택항만㈜(*2)\n한국\n16.60\n250,660\n16.60\n250,660\n\xa0 ㈜티피아이메가라인(*2)\n한국\n14.23\n4,160,650\n14.23\n4,160,650\n\xa0 ㈜선성홀딩스\n한국\n20.00\n500,000\n20.00\n500,000\n\xa0 KCTC INTERNATIONAL LOGISTICS\n인도네시아\n49.00\n\xa0 \xa0 \xa0 \xa0 \xa0 \xa0 \xa0 \xa0 \xa0 \xa0 -\n49.00\n\xa0 \xa0 \xa0 \xa0 \xa0 \xa0 \xa0 \xa0 \xa0 \xa0-\n\xa0 KCTC SAMUDERA LOGISTICS\n인도네시아\n45.00\n\xa0 \xa0 \xa0 \xa0 \xa0 \xa0 \xa0 \xa0 \xa0 \xa0 -\n45.00\n\xa0 \xa0 \xa0 \xa0 \xa0 \xa0 \xa0 \xa0 \xa0 \xa0-\n소계\n\u3000-\n\u3000-\n14,976,292\n\u3000-\n14,976,292\n합 \xa0 계\n59,830,427\n\u3000-\n56,491,987\n(*1) 지분율이 50% 미만이나 주주간 약정을 통해 지배력을 행사할 수 있다고 판단하 \xa0 \xa0 \xa0 여 종속기업투자로 분류하였습니다. \xa0 \xa0 \xa0(*2) 지분율이 20% 미만이나 회사의 임원이 해당 회사의 임원으로 등록되어 있으며 \xa0 \xa0 \xa0 \xa0기타 영업활동관련 의사결정에 유의적인 영향력을 행사 할 수 있다고 판단하여 \xa0 \xa0 \xa0 \xa0관계기업투자로 분류하였습니다. \xa0 \xa0 \xa0 (*3) 자기주식을 고려한 후의 실질의결권에 해당하는 지분율입니다. \xa0 \xa0 \xa0(*4) 회사 및 종속회사의 아이티더블유메가라인의 보유비율이 50%를 초과하였으나 \xa0 \xa0 \xa0아이티더블유메가라인의 주주약정서 등에 따라 지배력을 보유하고 있지 않은 것 \xa0 \xa0 \xa0으로 판단하여 관계기업으로 분류하였습니다. \xa0(*5) 당반기 중 대여금 \xa03,338백만원을 출자전환하였습니다. \n(2) 당반기와 전반기 중 종속기업, 공동기업 및 관계기업 투자의 변동내역은 다음과 같습니다. \xa0\xa0\n(단위 : 천원)\n구 분\n당반기\n전반기\n기초금액\n56,491,987\n55,563,077\n취득\n3,338,440\n235,179\n반기말금액\n59,830,427\n55,798,256\n11. 차입금(1) 차입금 내역\n(단위 : 천원)\n구 \xa0 \xa0 \xa0분\n당반기말\n전기말\n유동\n\xa0 은행차입금(*)\n92,476,755\xa0\n32,904,533\xa0\n비유동\n\xa0 은행차입금(*) \xa0\n58,136,400\xa0\n88,852,889\xa0\n계\n150,613,155\xa0\n121,757,422\xa0\n(*) 회사의 토지와 건물이 담보로 설정되어 있습니다(주석 8 참조). \xa0(2) 차입금의 변동내역 \xa0\n(단위 : 천원)\n구 분\n당반기\n전반기\n기초\n121,757,422\n110,884,178\n차입\n33,808,000\n52,000,000\n상환\n(4,952,267)\n(51,452,267)\n반기말\n150,613,155\n111,431,911\n12.순확정급여부채 \xa0 \xa0 \xa0  \xa0 \xa0 \xa0 (1) 확정급여제도 \xa0 \xa0 \xa0  \xa0 \xa0 \xa0 가. 반기손익계산서에 반영된 금액\xa0\n(단위 : 천원)\n구분\n당반기\n전반기\n3개월\n누적\n3개월\n누적\n당기근무원가\n601,167\xa0\n1,202,334\xa0\n547,426\xa0\n1,094,851\xa0\n순이자원가\n(1,164)\n(2,328)\n2,631\xa0\n5,263\xa0\n종업원 급여에 포함된 총 비용\n600,003\xa0\n1,200,006\xa0\n550,057\xa0\n1,100,114\xa0\n총 비용 중 156백만원(전반기: 159백만원)은 매출원가에 포함되어 있으며, 1,043백만원(전반기: 941백만원)은 판매비와관리비에 포함되었습니다. \xa0 \xa0 \xa0 \xa0 \xa0 \xa0 \xa0 \xa0나. 순확정급여부채 산정내역 \xa0\n(단위 : 천원)\n구분\n당반기말\n전기말\n확정급여채무의 현재가치\n27,071,123\xa0\n26,122,596\xa0\n사외적립자산의 공정가치\xa0\n(25,798,641)\n(26,243,214)\n재무상태표 상 순확정급여부채\n1,272,482\xa0\n(120,618)\n\xa0 \xa0(2)확정기여제도 \xa0 \xa0 당반기 중 확정기여제도와 관련해 비용으로 인식한 금액은 77백만원(전반기 87백만원)이며,이 중 21백만원(전반기 30백만원)은 매출원가에, 56백만원(전반기 57백만원)은 판매비와 관리비에 포함되었습니다.\n13. 판매비와 관리비\n(단위 : 천원)\n구 분\n당반기\n전반기\n3개월\n누적\n3개월\n누적\n급여\n5,990,939\xa0\n11,270,563\xa0\n5,318,056\xa0\n10,032,300\xa0\n퇴직급여\n546,781\xa0\n1,100,013\xa0\n501,199\xa0\n997,825\xa0\n복리후생비\n961,618\xa0\n1,729,270\xa0\n866,636\xa0\n1,575,992\xa0\n급식비\n196,354\xa0\n383,900\xa0\n182,052\xa0\n348,147\xa0\n인력지원비\n27,686\xa0\n61,229\xa0\n65,120\xa0\n114,590\xa0\n여비교통비\n138,898\xa0\n254,813\xa0\n97,654\xa0\n213,590\xa0\n수도광열비\n12,871\xa0\n27,168\xa0\n9,041\xa0\n26,152\xa0\n지급임차료\n26,214\xa0\n229,707\xa0\n158,286\xa0\n314,064\xa0\n소모도서비\n152,269\xa0\n499,210\xa0\n103,073\xa0\n206,309\xa0\n통신비\n167,235\xa0\n352,972\xa0\n154,556\xa0\n305,490\xa0\n영선비\n360,442\xa0\n917,156\xa0\n108,985\xa0\n225,864\xa0\n차량비\n133,505\xa0\n253,865\xa0\n108,699\xa0\n213,128\xa0\n광고선전비\n24,760\xa0\n49,365\xa0\n27,805\xa0\n50,365\xa0\n접대비\n71,625\xa0\n183,325\xa0\n53,307\xa0\n150,238\xa0\n회의비\n\xa0 \xa0 \xa0 \xa0 \xa0 \xa0 \xa0 \xa0-\xa0\n1,860\xa0\n949\xa0\n2,085\xa0\n세금공과\n60,866\xa0\n237,530\xa0\n54,253\xa0\n199,737\xa0\n보험료\n24,778\xa0\n43,746\xa0\n16,243\xa0\n30,777\xa0\n지급수수료\n290,266\xa0\n566,774\xa0\n402,221\xa0\n577,742\xa0\n교육비\n35,295\xa0\n48,930\xa0\n44,618\xa0\n59,822\xa0\n대손상각비\n(43,781)\n76,219\xa0\n(627,562)\n(623,282)\n감가상각비\n345,961\xa0\n671,180\xa0\n273,491\xa0\n548,495\xa0\n사용권자산상각비\n197,583\xa0\n354,780\xa0\n407,097\xa0\n578,702\xa0\n소프트웨어상각비\n17,707\xa0\n35,414\xa0\n17,708\xa0\n35,415\xa0\n잡비\n46,485\xa0\n99,443\xa0\n39,280\xa0\n75,707\xa0\n계\n9,786,357\xa0\n19,448,432\xa0\n8,382,767\xa0\n16,259,254\xa0\n14. 비용의 성격별 분류\n(단위 : 천원)\n구 분\n당반기\n전반기\n3개월\n누적\n3개월\n누적\n종업원급여\n9,337,481\n17,620,783\n8,460,755\n16,007,506\n감가상각, 사용권자산상각 및 손상\n5,164,681\n10,308,620\n3,870,749\n7,676,144\n작업비\n41,960,414\n81,110,019\n30,237,298\n57,765,410\n임차료\n95,812,777\n175,842,465\n62,587,738\n116,138,184\n장비유지비\n1,337,140\n2,379,963\n818,216\n1,661,854\n기타 비용\n5,455,942\n12,575,833\n4,446,066\n9,133,430\n매출원가, 판매비와관리비 합계\n159,068,435\n299,837,683\n110,420,822\n208,382,528\n15. 법인세비용 \xa0 \xa0 \xa0 법인세비용은 전체 회계연도에 대해서 예상되는 최선의 가중평균 연간법인세율의 추정에 기초하여 인식하였습니다. 2022년 12월 31일로 종료하는 회계연도의 예상평균연간법인세율은 20.49%(2021년 12월 31일로 종료하는 기간에 대한 예상법인세율: 19.48%)입니다.16. 배당금  \xa0 \xa0  2021년 12월 31일로 종료하는 회계기간에 대한 배당금 1,794백만원은 2022년 4월에 지급되었습니다(전기 지급액 : 1,495백만원).\n17. 우발상황과 약정사항 및 담보제공자산 \xa0 (1) 타인에게 제공한 지급보증\xa0\n(단위 : 천원)\n구분\n회사명\n제출처/보증처\n지급보증금액\n보증기간\n비 고\n종속기업\n고려종합국제운송\n하나은행\n9,960,000\n2022.01.27-2023.01.27\n운영자금차입\nKCTC VIETNAM Co., Ltd.\n신한은행\n1,551,480\n2022.06.04-2023.06.03\n운영자금차입\nKCTC VINA CO.,LTD\n산업은행\n7,757,400\n2019.11.29-2024.11.29\n운영자금차입\n㈜에이치엠티메가라인\n산업은행\n2,937,060\n2022.05.03-2023.05.02\n선박건조자금차입\nKCTC THAI LOGISTICS\n신한은행\n6,981,660\n2022.06.12-2023.06.12\n운영자금차입\n관계기업\n평택당진중앙부두㈜\n우리은행\n1,500,000\n2021.11.29-2022.11.28\n시설자금차입\n신한은행\n4,020,000\n2021.10.31-2022.10.31\n시설자금차입\n계\n-\n-\n34,707,600\n-\n-\n(2) 담보제공자산 \xa0 \xa0  \xa0 \xa0  회사의 유형자산 중 일부가 회사의 차입금과 관련하여 담보로 제공되어 있으며(주석8 참조), 장기금융상품인 별단예금 등 15백만원이 회사의 당좌개설 등과 관련하여 담보로 제공되어 있습니다. \xa0 \xa0  \xa0 \xa0 한편, 보고기간종료일 현재 회사는 ㈜비엔씨티의 차입금과 관련하여 신한은행 외 4개사에 회사가 보유하고 있는 ㈜비엔씨티 주식을 담보로 제공하고 있습니다. \xa0 \xa0  \xa0 \xa0 (3) 타인으로부터 제공받은 지급보증 \xa0 \xa0\xa0\n(단위 : 천원,USD)\n금융기관명\n보증내용\n보증금액\n신한은행\n계약이행보증\n2,000,000\n수입신용장발행(ST L/C)\nUSD 4,500,000\n서울보증보험\n이행계약보증외\n5,807,270\n한국산업은행\n수입신용장발행(ST L/C)\nUSD 6,000,000\n하나은행\n수입신용장발행(포괄)\nUSD 445,000\n기타원화지급보증(포괄)\n3,806,000\n외상판매자금한도\n1,350,000\n(4) 금융기관차입약정\n(단위 : 천원,USD)\n금융기관명\n구 분\n통 화\n한 도\n실행금액\n신한은행\n정책금융공사간접차입\nKRW\n6,249,600\n6,249,600\n기업일반운전자금차입\nKRW\n5,000,000\n5,000,000\n수입신용장발행(ST L/C)\nUSD\n4,500,000\n4,500,000\n계약이행보증\nKRW\n2,000,000\n-\n국민은행\n기업일반운전자금차입\nKRW\n30,000,000\n30,000,000\n기업운전일반자금차입\nKRW\n5,000,000\n5,000,000\n정책금융공사간접차입\nKRW\n1,500,000\n1,500,000\n기업일반시설자금차입\nKRW\n3,055,555\n3,055,555\n기업일반시설자금차입\nKRW\n4,000,000\n4,000,000\n기업일반시설자금차입\nKRW\n18,000,000\n18,000,000\n기업일반시설자금차입\nKRW\n5,500,000\n5,500,000\n야마구찌은행\n시설자금차입\nKRW\n4,000,000\n4,000,000\n우리은행\n기업운전차입\nKRW\n5,000,000\n5,000,000\n기업운전차입\nKRW\n10,000,000\n10,000,000\n한국산업은행\n산업운영자금차입\nKRW\n40,000,000\n40,000,000\n운영자금차입\nKRW\n3,000,000\n3,000,000\n산업운영자금차입\nKRW\n10,000,000\n10,000,000\n수입신용장발행(ST L/C)\nUSD\n6,000,000\n6,000,000\n하나은행\n기업당좌차입\nKRW\n2,000,000\n-\n기업일반자금회전차입(*)\nKRW\n6,650,000\n-\n수입신용장발행(포괄)(*)\nUSD\n445,000\n-\n기업시설일반자금차입\nKRW\n308,000\n308,000\n외상판매자금한도\nKRW\n1,350,000\n410,496\n팩토링\nKRW\n1,000,000\n-\n기타원화지급보증\nKRW\n3,806,000\n3,806,000\n(*) 포괄여신한도 11,000백만원이 설정되어 있습니다. \xa0 \xa0 \xa0 \xa0 \xa0 (5) 기타약정사항 \xa0 \xa0 (5)-1 (주)비엔씨티 관리운영계약 \xa0회사는 보고기간말 현재 (주)비엔씨티와 관리운영계약을 체결하고 있습니다. 회사가 (주)비엔씨티와 계약한 관리운영계약의 중요한내역은 다음과 같습니다. \xa0 \xa0  \xa0 \xa0 관리운영업무 \xa0 \xa0 ① 하역 업무를 비롯한 컨테이너터미널 운영 업무 \xa0 \xa0 ② 본 사업 시설 및 장비의 유지 보수 \xa0 \xa0 ③ 본 사업 시설의 보안 \xa0 \xa0 ④ 운영설비 대체업무 \xa0 \xa0 ⑤ 회사의 마케팅 업무 지원 \xa0 \xa0 ⑥ 실시협약상 본 사업시설의 유지, 관리운영과 관련하여 필요하다고 인정되는 업무(5)-2 소송사건보고기간 종료일 현재 회사는 일부 토지 및 건물에 대한 손해배상청구 소송의 피고로 1심(원고 : (주)서울오토타워 / 소송가액 : 9,702백만원)이 진행중이며 이전 동일 사유로 인한 가압류, 처분금지 가처분에 대해서는 원고 청구가 부당하다는 법원의 결정으로 기각된 건 입니다.\n18. 특수관계자와의 거래 (1) 지배ㆍ종속기업 등 현황 1) 종속기업 현황\n회사명\n지분율(%)\n당반기말\n전기말\n\xa0고려종합국제운송㈜\n100.00\n100.00\n\xa0고려항만㈜\n100.00\n100.00\n\xa0고려기공㈜\n\xa088.00\n\xa088.00\n\xa0고려사일로㈜\n100.00\n100.00\n\xa0㈜고려강재장\n100.00\n100.00\n\xa0케이엔로지스틱스㈜\n\xa090.00\n\xa090.00\n\xa0㈜에이치엠티메가라인\n\xa069.93\n\xa069.93\n\xa0KCTC VIETNAM Co., Ltd.\n\xa049.00\n\xa049.00\n\xa0KCTC VINA Co., Ltd.\n100.00\n100.00\n\xa0대련고려종합물류유한회사\n100.00\n100.00\n\xa0KCTC THAI INTERNATIONAL\n\xa049.00\n\xa049.00\n\xa0KCTC THAI LOGISTICS\n\xa049.00\n\xa049.00\n\xa0BEST SCM SOLUTIONS Co., LTD.\n\xa050.90\n\xa050.90\n2) 회사와 매출 등 거래 또는 채권ㆍ채무 잔액이 있는 관계기업 및 기타 특수관계자\n구 분\n당반기말\n전기말\n공동기업\n아이앤케이신항만㈜\n아이앤케이신항만㈜\n평택당진중앙부두㈜\n평택당진중앙부두㈜\n관계기업\n㈜의왕ICD\n㈜의왕ICD\n마산항제4부두운영㈜\n마산항제4부두운영㈜\n㈜비엔씨티\n㈜비엔씨티\n㈜인터렉스메가라인\n㈜인터렉스메가라인\n㈜아이티더블유메가라인\n㈜아이티더블유메가라인\n㈜양산ICD\n㈜양산ICD\n평택컨테이너터미날㈜\n평택컨테이너터미날㈜\n평택항만㈜\n평택항만㈜\n㈜티피아이메가라인\n㈜티피아이메가라인\nKCTC SAMUDERA LOGISTICS\nKCTC SAMUDERA LOGISTICS\nKCTC INTERNATIONAL LOGISTICS\nKCTC INTERNATIONAL LOGISTICS\n㈜선성홀딩스\n㈜선성홀딩스\n기타의 특수관계자\n고려해운㈜\n고려해운㈜\n㈜고려해운항공\n㈜고려해운항공\n고려훼리㈜\n고려훼리㈜\n(2) 특수관계자와의 거래내역1) 매출 및 매입\n(단위 : 천원)\n구분\n\xa0 \xa0 당반기\n매출\n기타매출 등\n배당금수익\n매입\n종속기업\n고려종합국제운송㈜\n386,588\n1,386\n\u3000-\n16,897,332\n고려항만㈜\n183,543\n\u3000-\n300,000\n36,000\n고려기공㈜\n900\n\u3000-\n\u3000-\n\u3000-\n고려사일로㈜\n66,000\n-\n500,000\n9,091\n고려강재장㈜\n3,404,613\n\u3000-\n\u3000-\n72,000\n케이엔로지스틱스㈜\n684,933\n\u3000-\n108,000\n232,903\nKCTC VIETNAM Co., Ltd.\n50,117\n28,303\n\u3000-\n12,945\nKCTC VINA Co., Ltd.\n83,142\n31,130\n\u3000-\n5,700\nKCTC THAI \xa0LOGISTICS\n63,305\n51,627\n\u3000-\n\u3000-\n공동기업\n아이앤케이신항만㈜\n\u3000-\n-\n\u3000-\n13,679,125\n평택당진중앙부두㈜\n360,000\n\u3000-\n100,000\n2,563,879\n관계기업\n㈜의왕ICD\n\u3000-\n\u3000-\n\u3000-\n1,035,589\n비엔씨티㈜\n15,003,285\n\u3000-\n\u3000-\n222,493\n인터렉스메가라인\xa0\n\u3000-\n\u3000-\n32,000\n\u3000-\n㈜아이티더블유메가라인\n\u3000-\n\u3000-\n204,392\n\u3000-\n㈜양산ICD\n\u3000-\n\u3000-\n\u3000-\n144,889\n평택컨테이너터미날㈜\n\u3000-\n\u3000-\n27,500\n18,835\n평택항만㈜\n3,400\n\u3000-\n200,027\n514,928\n㈜티피아이메가라인\n\u3000-\n\u3000-\n392,652\n\u3000-\nKCTC INTERNATIONAL LOGISTICS\n97,706\n\u3000-\n\u3000-\n\u3000-\n기타의특수관계자\n고려해운㈜\n4,398,923\n\u3000-\n\u3000-\n611,280\n㈜고려해운항공\n383,424\n\u3000-\n\u3000-\n\u3000-\n합 계\n25,169,879\n112,446\n1,864,571\n36,056,989\n(단위 : 천원)\n구분\n전반기\n매출\n기타매출 등\n배당금수익\n매입\n종속기업\n고려종합국제운송㈜\n1,894,177\n-\n-\n7,730,917\n고려항만㈜\n114,001\n\u3000-\n\u3000-\n35,436\n고려기공㈜\n900\n\u3000-\n\u3000-\n-\n고려사일로㈜\n66,000\n\u3000-\n500,000\n-\n고려강재장㈜\n1,990,357\n\u3000-\n\u3000-\n50,000\n케이엔로지스틱스㈜\n558,566\n\u3000-\n108,000\n324,135\nKCTC VIETNAM Co., Ltd.\n53,890\n21,123\n\u3000-\n1,280,221\nKCTC VINA Co., Ltd.\n\u3000-\n19,567\n\u3000-\n7,238\nKCTC THAI INTERNATIONAL\n\u3000-\n1,080\n\u3000-\n-\nKCTC THAI \xa0LOGISTICS\n58,851\n46,576\n\u3000-\n-\n공동기업\n아이앤케이신항만㈜\n\u3000-\n\u3000-\n\u3000-\n12,054,652\n평택당진중앙부두㈜\n450,000\n\u3000-\n300,000\n2,496,100\n관계기업\n㈜의왕ICD\n\u3000-\n\u3000-\n\u3000-\n877,507\n비엔씨티㈜\n13,227,530\n\u3000-\n\u3000-\n45,571\n인터렉스메가라인\n\u3000-\n\u3000-\n32,000\n\u3000-\n㈜아이티더블유메가라인\n\u3000-\n\u3000-\n136,261\n27,771\n㈜양산ICD\n\u3000-\n\u3000-\n\u3000-\n70,132\n평택컨테이너터미날㈜\n\u3000-\n\u3000-\n55,000\n10,085\n평택항만㈜\n\u3000-\n\u3000-\n100,013\n216,131\n㈜티피아이메가라인\n\u3000-\n\u3000-\n490,815\n-\nKCTC INTERNATIONAL LOGISTICS\n134,198\n\u3000-\n\u3000-\n\u3000-\n기타의 특수관계자\n고려해운㈜\n4,450,449\n\u3000-\n\u3000-\n274,771\n㈜고려해운항공\n192,147\n\u3000-\n\u3000-\n-\n합 계\n23,191,066\n88,346\n1,722,089\n25,500,667\n2) 채권 및 채무\n(단위 : 천원)\n구분\n당반기말\n\xa0 \xa0 \xa0 \xa0 \xa0 \xa0 \xa0 \xa0 \xa0 \xa0 \xa0 \xa0 \xa0 \xa0 \xa0 \xa0 \xa0 \xa0 \xa0 \xa0 \xa0 \xa0 \xa0 \xa0 \xa0 \xa0채권\n\xa0 \xa0 \xa0 \xa0 \xa0 \xa0 \xa0 \xa0 \xa0채무\n매출채권\n보증금\n대여금\n미수수익\n기타\n매입채무\n기타\n종속기업\n고려종합국제운송㈜\n43,321\n\u3000-\n\u3000-\n\u3000-\n\u3000-\n2,018,352\n\u3000-\n고려항만㈜\n185,397\n\u3000-\n\u3000-\n\u3000-\n\u3000-\n8,800\n\u3000-\n고려기공㈜\n165\n\u3000-\n\u3000-\n\u3000-\n\u3000-\n\u3000-\n211\n고려사일로㈜\n12,100\n\u3000-\n\u3000-\n\u3000-\n\u3000-\n\u3000-\n\u3000-\n고려강재장㈜\n766,463\n\u3000-\n\u3000-\n\u3000-\n\u3000-\n\u3000-\n\u3000-\n케이엔로지스틱스㈜\n120,715\n\u3000-\n\u3000-\n\u3000-\n\u3000-\n36,465\n\u3000-\nKCTC VIETNAM Co., Ltd.\n8,001\n\u3000-\n1,163,610\n28,303\n444,613\n\u3000-\n\u3000-\nKCTC VINA Co., Ltd.\n\u3000-\n\u3000-\n1,449,341\n32,878\n\u3000-\n1,313\n123\nKCTC THAI \xa0LOGISTICS\n\u3000-\n\u3000-\n3,227,526\n287,744\n\u3000-\n\u3000-\n\u3000-\n공동기업\n아이앤케이신항만㈜\n\u3000-\n\u3000-\n\u3000-\n\u3000-\n\u3000-\n2,302,506\n\u3000-\n평택당진중앙부두㈜\n132,000\n\u3000-\n\u3000-\n\u3000-\n\u3000-\n466,317\n\u3000-\n관계기업\n㈜의왕ICD\n\u3000-\n55,159\n\u3000-\n\u3000-\n95,746\n89,658\n\u3000-\n비엔씨티㈜\n454,219\n\u3000-\n\u3000-\n\u3000-\n\u3000-\n\u3000-\n\u3000-\n㈜양산ICD\n\u3000-\n\u3000-\n\u3000-\n\u3000-\n36,591\n10,860\n\u3000-\n평택항만㈜\n\u3000-\n\u3000-\n\u3000-\n\u3000-\n200,027\n725,065\n\u3000-\nKCTC INTERNATIONAL LOGISTICS(*)\n940,033\n\u3000-\n\u3000-\n\u3000-\n\u3000-\n\u3000-\n\u3000-\nKCTC SAMUDERA LOGISTICS(*)\xa0\n476,631\n\u3000-\n360,210\n18,214\n\u3000-\n\u3000-\n\u3000-\n기타의특수관계자\n고려해운㈜\n2,380,432\n\u3000-\n\u3000-\n\u3000-\n\u3000-\n\u3000-\n\u3000-\n㈜고려해운항공\n76,034\n\u3000-\n\u3000-\n\u3000-\n\u3000-\n\u3000-\n70\n고려훼리㈜\n\u3000-\n\u3000-\n\u3000-\n\u3000-\n\u3000-\n23,834\n\u3000-\n종업원\n\u3000\n\u3000-\n\u3000-\n62,500\n\u3000-\n\u3000-\n\u3000-\n\u3000-\n합 계\n5,595,511\n55,159\n6,263,187\n367,139\n776,977\n5,683,170\n404\n(단위 : 천원)\n구분\n\xa0 \xa0 \xa0 전기말\n\xa0채권\n채무\n매출채권\n보증금\n대여금\n미수수익\n기타\n매입채무\n기타\n종속기업\n고려종합국제운송㈜\n106,102\n\u3000-\n\u3000-\n\u3000-\n\u3000-\n2,061,030\n\u3000-\n고려항만㈜\n55,985\n\u3000-\n\u3000-\n\u3000-\n\u3000-\n4,400\n\u3000-\n고려기공㈜\n165\n\u3000-\n\u3000-\n\u3000-\n\u3000-\n\u3000-\n211\n고려사일로㈜\n12,100\n\u3000-\n\u3000-\n\u3000-\n\u3000-\n\u3000-\n\u3000-\n고려강재장㈜\n462,054\n\u3000-\n\u3000-\n\u3000-\n\u3000-\n22,000\n\u3000-\n케이엔로지스틱스㈜\n114,903\n\u3000-\n\u3000-\n\u3000-\n\u3000-\n44,295\n\u3000-\nKCTC VIETNAM Co., Ltd.\n23,814\n\u3000-\n1,066,950\n47,015\n444,613\n418\n\u3000-\nKCTC VINA Co., Ltd.\n\u3000-\n\u3000-\n4,648,345\n183,023\n\u3000-\n1,092\n123\nKCTC THAI \xa0LOGISTICS\n\u3000-\n\u3000-\n2,959,418\n236,117\n\u3000-\n\u3000-\n\u3000-\n공동기업\n아이앤케이신항만㈜\n\u3000-\n\u3000-\n\u3000-\n\u3000-\n\u3000-\n2,341,968\n\u3000-\n평택당진중앙부두㈜\n132,000\n\u3000-\n\u3000-\n\u3000-\n\u3000-\n149,194\n\u3000-\n관계기업\n㈜의왕ICD\n\u3000-\n55,159\n\u3000-\n\u3000-\n95,746\n79,684\n\u3000-\n비엔씨티㈜\n409,307\n\u3000-\n\u3000-\n\u3000-\n\u3000-\n\u3000-\n\u3000-\n㈜양산ICD\n\u3000-\n\u3000-\n\u3000-\n\u3000-\n\u3000-\n15,908\n\u3000-\n평택항만㈜\n\u3000-\n\u3000-\n\u3000-\n\u3000-\n\u3000-\n192,435\n\u3000-\nKCTC INTERNATIONAL LOGISTICS\n842,328\n\u3000-\n\u3000-\n\u3000-\n\u3000-\n\u3000-\n\u3000-\nKCTC SAMUDERA LOGISTICS\n476,631\n\u3000-\n360,210\n18,214\n\u3000-\n\u3000-\n\u3000-\n기타의특수관계자\n고려해운㈜\n2,602,039\n\u3000-\n\u3000-\n\u3000-\n\u3000-\n\u3000-\n\u3000-\n㈜고려해운항공\n82,696\n\u3000-\n\u3000-\n\u3000-\n\u3000-\n\u3000-\n70\n종업원\n\u3000-\n\u3000-\n68,000\n\u3000-\n\u3000-\n\u3000-\n\u3000-\n합 계\n5,320,124\n55,159\n9,102,923\n484,369\n540,359\n4,912,424\n404\n(3) 특수관계자와의 자금거래\n(단위 : 천원)\n구분\n당반기\n기초금액\n기중대여액\n기중상환액\n기중출자전환\n환율변동효과\n기말금액\n대여금\n고려종합국제운송㈜\n\u3000-\xa0\n1,000,000\xa0\n(1,000,000)\n\u3000-\xa0\n\u3000-\xa0\n\xa0 \xa0 \xa0 \xa0 \xa0 \xa0 \xa0 \xa0 -\xa0\nKCTC THAI LOGISTICS\n2,959,418\xa0\n\u3000-\n\u3000-\xa0\n\u3000-\xa0\n268,108\xa0\n3,227,526\xa0\nKCTC SAMUDERA LOGISTICS(*)\n360,210\xa0\n\u3000-\n\u3000-\xa0\n\u3000-\xa0\n\u3000-\xa0\n360,210\xa0\nKCTC VIETNAM Co., Ltd.\n1,066,950\xa0\n\u3000-\n\u3000-\xa0\n\u3000-\xa0\n96,660\xa0\n1,163,610\xa0\nKCTC VINA\n4,648,345\xa0\n\u3000-\n\u3000-\xa0\n(3,319,400)\n120,395\xa0\n1,449,340\xa0\n종업원\n68,000\xa0\n\u3000-\n(5,500)\n\u3000-\xa0\n\u3000-\xa0\n62,500\xa0\n계\n9,102,923\xa0\n1,000,000\xa0\n(1,005,500)\n(3,319,400)\n485,163\xa0\n6,263,186\xa0\n(*) 보고기간종료일 현재 대손충당금이 설정되어 있습니다. \n(단위 : 천원)\n구분\n전반기\n기초금액\n기중대여액\n기중상환액\n환율변동효과\n기말금액\n대여금\nKCTC THAI INTERNATIONAL\n163,200\xa0\n\u3000-\xa0\n\u3000-\xa0\n6,300\xa0\n169,500\xa0\nKCTC THAI LOGISTICS\n2,883,200\xa0\n\u3000-\xa0\n\u3000-\xa0\n111,300\xa0\n2,994,500\xa0\nKCTC SAMUDERA LOGISTICS(*)\n360,210\xa0\n\u3000-\xa0\n\u3000-\xa0\n\u3000-\xa0\n360,210\xa0\nKCTC VIETNAM Co., Ltd.\n\u3000-\xa0\n988,110\xa0\n\u3000-\xa0\n28,890\xa0\n1,017,000\xa0\nKCTC VINA\n1,219,648\xa0\n\u3000-\xa0\n\u3000-\xa0\n47,082\xa0\n1,266,730\xa0\n종업원\n84,000\xa0\n\u3000-\xa0\n(9,500)\n\u3000-\xa0\n74,500\xa0\n계\n4,710,258\xa0\n988,110\xa0\n(9,500)\n193,572\xa0\n5,882,440\xa0\n(*) 보고기간종료일 현재 대손충당금이 설정되어 있습니다.\n(4) 주요경영진에 대한 보상 \xa0   회사의 주요경영진은 회사 활동의 계획, 운영, 통제에 대한 중요한 권한과 책임을 가진 등기임원들로 구성되어 있습니다. \xa0 \xa0 \xa0 종업원서비스의 대가로서 주요 경영진에게 지급되었거나 지급될 보상금액은 다음과 같습니다.\xa0\n(단위 : 천원)\n구 분\n당반기\n전반기\n급여 및 기타 단기종업원 급여\n355,290\n403,690\n퇴직급여\n182.267\n114,196\n\xa0 \xa0 \xa0 \xa0 \xa0 \xa0 \xa0 \xa0 \xa0합 계\n537,557\n517,886\n(5) 지급보증 및 담보제공 \xa0 \xa0  보고기간종료일 현재 회사는 특수관계자의 자금조달 등을 위하여 지급보증 및 담보를 제공하고 있습니다(주석 17참조). \n(1) 타인에게 제공한 지급보증\xa0\n(단위 : 천원)\n구분\n회사명\n제출처/보증처\n지급보증금액\n보증기간\n비 고\n종속기업\n고려종합국제운송\n하나은행\n9,960,000\n2022.01.27-2023.01.27\n운영자금차입\nKCTC VIETNAM Co., Ltd.\n신한은행\n1,551,480\n2022.06.04-2023.06.03\n운영자금차입\nKCTC VINA CO.,LTD\n산업은행\n7,757,400\n2019.11.29-2024.11.29\n운영자금차입\n㈜에이치엠티메가라인\n산업은행\n2,937,060\n2022.05.03-2023.05.02\n선박건조자금차입\nKCTC THAI LOGISTICS\n신한은행\n6,981,660\n2022.06.12-2023.06.12\n운영자금차입\n관계기업\n평택당진중앙부두㈜\n우리은행\n1,500,000\n2021.11.29-2022.11.28\n시설자금차입\n신한은행\n4,020,000\n2021.10.31-2022.10.31\n시설자금차입\n계\n-\n-\n34,707,600\n-\n-\n(2) 담보제공자산 \xa0 \xa0  \xa0 \xa0  회사의 유형자산 중 일부가 회사의 차입금과 관련하여 담보로 제공되어 있으며(주석8 참조), 장기금융상품인 별단예금 등 15백만원이 회사의 당좌개설 등과 관련하여 담보로 제공되어 있습니다. \xa0 \xa0  \xa0 \xa0 한편, 보고기간종료일 현재 회사는 ㈜비엔씨티의 차입금과 관련하여 신한은행 외 4개사에 회사가 보유하고 있는 ㈜비엔씨티 주식을 담보로 제공하고 있습니다. \xa0 \xa0  \xa0 \xa0 (3) 타인으로부터 제공받은 지급보증 \xa0 \xa0\xa0\n(단위 : 천원,USD)\n금융기관명\n보증내용\n보증금액\n신한은행\n계약이행보증\n2,000,000\n수입신용장발행(ST L/C)\nUSD 4,500,000\n서울보증보험\n이행계약보증외\n5,807,270\n한국산업은행\n수입신용장발행(ST L/C)\nUSD 6,000,000\n하나은행\n수입신용장발행(포괄)\nUSD 445,000\n기타원화지급보증(포괄)\n3,806,000\n외상판매자금한도\n1,350,000\n(4) 금융기관차입약정\n(단위 : 천원,USD)\n금융기관명\n구 분\n통 화\n한 도\n실행금액\n신한은행\n정책금융공사간접차입\nKRW\n6,249,600\n6,249,600\n기업일반운전자금차입\nKRW\n5,000,000\n5,000,000\n수입신용장발행(ST L/C)\nUSD\n4,500,000\n4,500,000\n계약이행보증\nKRW\n2,000,000\n-\n국민은행\n기업일반운전자금차입\nKRW\n30,000,000\n30,000,000\n기업운전일반자금차입\nKRW\n5,000,000\n5,000,000\n정책금융공사간접차입\nKRW\n1,500,000\n1,500,000\n기업일반시설자금차입\nKRW\n3,055,555\n3,055,555\n기업일반시설자금차입\nKRW\n4,000,000\n4,000,000\n기업일반시설자금차입\nKRW\n18,000,000\n18,000,000\n기업일반시설자금차입\nKRW\n5,500,000\n5,500,000\n야마구찌은행\n시설자금차입\nKRW\n4,000,000\n4,000,000\n우리은행\n기업운전차입\nKRW\n5,000,000\n5,000,000\n기업운전차입\nKRW\n10,000,000\n10,000,000\n한국산업은행\n산업운영자금차입\nKRW\n40,000,000\n40,000,000\n운영자금차입\nKRW\n3,000,000\n3,000,000\n산업운영자금차입\nKRW\n10,000,000\n10,000,000\n수입신용장발행(ST L/C)\nUSD\n6,000,000\n6,000,000\n하나은행\n기업당좌차입\nKRW\n2,000,000\n-\n기업일반자금회전차입(*)\nKRW\n6,650,000\n-\n수입신용장발행(포괄)(*)\nUSD\n445,000\n-\n기업시설일반자금차입\nKRW\n308,000\n308,000\n외상판매자금한도\nKRW\n1,350,000\n410,496\n팩토링\nKRW\n1,000,000\n-\n기타원화지급보증\nKRW\n3,806,000\n3,806,000\n(*) 포괄여신한도 11,000백만원이 설정되어 있습니다. \xa0 \xa0 \xa0 \xa0 \xa0 (5) 기타약정사항 \xa0 \xa0 (5)-1 (주)비엔씨티 관리운영계약 \xa0회사는 보고기간말 현재 (주)비엔씨티와 관리운영계약을 체결하고 있습니다. 회사가 (주)비엔씨티와 계약한 관리운영계약의 중요한내역은 다음과 같습니다. \xa0 \xa0  \xa0 \xa0 관리운영업무 \xa0 \xa0 ① 하역 업무를 비롯한 컨테이너터미널 운영 업무 \xa0 \xa0 ② 본 사업 시설 및 장비의 유지 보수 \xa0 \xa0 ③ 본 사업 시설의 보안 \xa0 \xa0 ④ 운영설비 대체업무 \xa0 \xa0 ⑤ 회사의 마케팅 업무 지원 \xa0 \xa0 ⑥ 실시협약상 본 사업시설의 유지, 관리운영과 관련하여 필요하다고 인정되는 업무(5)-2 소송사건보고기간 종료일 현재 회사는 일부 토지 및 건물에 대한 손해배상청구 소송의 피고로 1심(원고 : (주)서울오토타워 / 소송가액 : 9,702백만원)이 진행중이며 이전 동일 사유로 인한 가압류, 처분금지 가처분에 대해서는 원고 청구가 부당하다는 법원의 결정으로 기각된 건 입니다.\n""]"
