text
"[""\nXI. 그 밖에 투자자 보호를 위하여 필요한 사항\n1. 공시내용 진행 및 변경사항\n- 해당사항 없음\n2. 우발부채 등에 관한 사항\n가. 중요한 소송사건\n2021년 09월 30일 현재 연결실체가\xa0피고로 계류중인 소송사건은 손해배상청구 소송 등 총 35건으로 소송가액은 1,632억원이며, 연결실체가 원고로 계류중인 소송사건은 손해배상청구 소송 등 총 212건으로 소송가액은 1,265억원입니다.\n1) 회사가 피고로 계류 중인 주요 소송사건 등의 내역은 다음과 같습니다.\xa0\n(기준일: 2021년 09월 30일)\n(단위:억원)\n구분\n사건명\n소제기일\n소송의 내용\n원고\n소송가액\n진행현황\n비고\n향후 소송결과에 따라 회사의 영업, 재무, 경영 등에 미칠 영향\n한국투자금융지주\n해당사항 없음\n한국투자증권\n손해배상\n2017년 04월 14일\n사채 발행의 대표주관사로서 증권신고서 기재 누락 등을 주장하며 손해배상 청구\n공OOOOOO\n32\n1심 계류 중\n-\n패소 시 소가 상당의 금전 손실 예상\n국OOOOO\n736\n중OOOOOO 외 1\n250\n2019년 05월 27일\n상장 주선인으로서 요구되는 주의의무 위반\n가OO 외 140\n50\n1심 계류 중\n-\n패소 시 소가 상당의 금전 손실 예상\n2019년 05월 28일\n박OO\n14\n1심 계류 중\n-\n패소 시 소가 상당의 금전 손실 예상\n2019년 07월 11일\n스OOOOO 외 562\n137\n1심 계류 중\n-\n패소 시 소가 상당의 금전 손실 예상\n2019년 08월 21일\n당사 직원의 불법행위로 손해가 발생하였다며 직원 및 당사를 상대로 손해배상 청구\n이OO 외 1\n14\n2심 계류중\n1심 당사 승소\n패소 시 소가 상당의 금전 손실 예상\n2019년 11월 08일\n상장 주선인으로서 요구되는 주의의무 위반\n세OOO 외 76\n18\n1심 계류 중\n-\n패소 시 소가 상당의 금전 손실 예상\n2020년 6월 11일\n거O OOOOO 관련 2순위 대주들이 당사를 상대로손해배상청구소송 제기\n교OOO 외 1\n88\n1심 계류 중\n-\n패소 시 소가 상당의 금전 손실 예상\n2020년 07월 01일\n당사 직원의 불법행위로 손해가 발생하였다며 직원 및 당사를 상대로 손해해상 청구\n주OOO OOOOOOOO\n11\n1심 계류 중\n-\n패소 시 소가 상당의 금전 손실 예상\n사해행위취소\n2019년 05월 15일\n당사와 계약한 채권양도양수계약이 원고의 채권을 침해하는 것으로 사해행위에 해당\n홍OO\n23\n2심 계류 중\n1심 당사 승소\n패소 시 소가 상당의 금전 손실 예상\n2020년 02월 11일\n거O OOOOO 관련 2순위 대주들이 당사를 상대로사해행위취소소송 제기\n교OOO 외 1\n47\n1심 계류 중\n-\n대출원금 및 지연이자까지 충당부채로 기인식하여 재무영향 없음\n배당이의\n2019년 06월 14일\n당사와 계약한 채권양도양수계약 취소 및 당사에대한 배당액 삭제, 경정 주장\n한O\n15\n2심 계류 중\n1심 당사 승소\n대출원금 및 지연이자까지 충당부채로 기인식하여 재무영향 없음\n이연성과급 등\n2019년 12월 20일\n잔여 이연성과급 및 퇴직연금에 대한 지급 청구\n김OO\n36\n2심 계류 중\n1심 당사 승소\n패소 시 소가 상당의 금전 손실 예상\n소계\n1,471\n-\n-\n-\n한국투자파트너스\n손해배상\n2019년 05월 12일\n한국투자파트너스를 포함한 공동투자자들 및 각 대표 등의 불법행위를 주장하며 손해배상 청구\n김OO 외 1\n10\n3심 계류 중\n1심, 2심 당사 승소\n패소 시 소가 상당의 금전 손실을피고들이 공동으로 나누어 부담할 것으로 예상\xa0\n소계\n10\n-\n-\n-\n한국투자신탁운용\n부당이득금반환 및사해행위취소\n2012년 09월 10일\n특정 개인 및 법인들에게 지급된 자금의 회수 요구\nPOOOOO(BOOO 파산관재인)\n118\n항소심계류 중\n1심 당사 승소\n패소 시에도 국내 집행 여부 불투명\n소계\n118\n-\n-\n-\n합계\n1,599\n-\n-\n-\n(주) 주요 소송사건의 기준: 소송가액 10억원 이상 또는 회사에게 파급효과가 큰 소송\n2) 회사가 원고로 계류 중인 주요 소송사건 등의 내역은 다음과 같습니다.\n(기준일: 2021년 09월 30일)\n(단위:억원)\n구분\n사건명\n소제기일\n소송의 내용\n피고\n소송가액\n진행현황\n비고\n향후 소송결과에 따라회사의 영업, 재무, 경영 등에 미칠 영향\n한국투자금융지주\n해당사항 없음\n한국투자증권\n손해배상\n2017년 01월 31일\n하OOO에 대한 손해배상청구 소멸시효 중단을 위한 손해배상 청구\n하OOO\n371\n2심 계류 중\n1심 당사 패소\n당사 제소건으로 승소 시 배상액 이익 계상\n2019년 09월 25일\n강OO의 불법행위로 입은 손해에 대한 손해배상 청구\n강OO\n30\n1심 계류 중\n-\n승소 후 실제 회수 시 회사 수익 처리\n제3자이의 및사해행위취소\n2018년 10월 23일\n당사의 강제 집행 불허 및 당사가 추심한 금원 지급 청구\n김OO 외 2\n281\n3심 계류 중\n1심, 2심 당사 패소\n승소 후 실제 회수 시 회사 수익 처리\n과징금 부과 처분취소\n2019년 09월 23일\n과징금 처분에 대한 행정소송제기\n금OOOO\n10\n2심 계류 중\n1심 당사 패소\n당사 제소건으로 승소 시 기납부한과징금 환수 예상\n매매대금반환\n2020년 04월 24일\n사모펀드 투자 관련 매매대금 반환 등 소송 제기\n케OOOO 외1\n500\n1심 계류 중\n-\n승소 후 실제 회수 시 회사 수익 처리\n소계\n1,192\n-\n-\n-\n한국투자저축은행\n대여금 청구\n2021년 05월 11일\n대여금 청구 소송 제기\n오OO\n13\n1심 계류 중\n-\n승소 시 대출금 회수에 따른 부실여신 정리 및 대손충당금 환입\n소계\n13\n-\n-\n-\n합계\n1,205\n-\n-\n-\n(주1) 주요 소송사건의 기준: 소송가액 10억원 이상 또는 회사에게 파급효과가 큰 소송\n(주2) 소송가액이 확정되지 않은 형사소송의 경우 기재를 생략함\n나. 견질 또는 담보용 어음ㆍ수표 현황[한국투자금융지주]- 해당사항 없음[주요 종속회사]1) 한국투자증권\n(기준일 : 2021년 09월 30일)\n(단위 : 매, 백만원)\n제 출 처\n매 수\n금 액\n비 고\n은 행\n-\n-\n-\n금융기관(은행제외)\n289\n\xa0 1,590,000\xa0\n기업어음, 증금 할인어음\n법 인\n-\n-\n-\n기타(개인)\n-\n-\n-\n다. 채무보증현황\n(기준일: 2021년 09월 30일)\xa0\n(단위 : 백만원)\n채무자(회사와의 관계)\n채권자\n금액\n개시일\n종료일\n잔액\n변동내역\n기초잔액\n증가\n감소\n기말잔액\n한국투자캐피탈 (계열회사)\n현대차증권, SK증권하이투자증권\n70,000\n2016년 01월 27일\n2021년 01월 27일\n-\n70,000\n-\n70,000\n-\nDB금융투자\n50,000\n2016년 10월 25일\n2021년 10월 25일\n50,000\n50,000\n-\n-\n50,000\nIBK투자증권\n40,000\n2017년 09월 22일\n2022년 09월 22일\n40,000\n40,000\n-\n-\n40,000\nDB금융투자, 현대차증권\n30,000\n2017년 09월 28일\n2022년 09월 28일\n30,000\n30,000\n-\n-\n30,000\nSK증권, 하나금융투자한국투자증권, 현대차증권\n110,000\n2018년 03월 21일\n2021년 03월 19일\n-\n110,000\n-\n110,000\n-\nSK증권, IBK투자증권\n80,000\n2018년 03월 26일\n2021년 03월 26일\n-\n80,000\n-\n80,000\n-\nSK증권, IBK투자증권,이베스트투자증권,하나금융투자, 현대차증권\n120,000\n2018년 03월 26일\n2023년 03월 24일\n120,000\n120,000\n-\n-\n120,000\n현대차증권, SK증권,하나금융투자, 키움증권,한국투자증권\n100,000\n2018년 07월 20일\n2021년 07월 20일\n-\n100,000\n-\n100,000\n-\n현대차증권, SK증권,하나금융투자\n40,000\n2018년 07월 20일\n2023년 07월 20일\n40,000\n40,000\n-\n-\n40,000\nSK증권, 현대차증권,하나금융투자, 한국투자증권\n50,000\n2018년 08월 20일\n2021년 08월 20일\n-\n50,000\n-\n50,000\n-\nSK증권\n20,000\n2018년 08월 29일\n2023년 08월 29일\n20,000\n20,000\n-\n-\n20,000\nSK증권, 현대차증권,하나금융투자, 한국투자증권\n60,000\n2018년 09월 14일\n2021년 09월 14일\n-\n60,000\n-\n60,000\n-\n현대차증권, 하나금융투자\n20,000\n2018년 09월 14일\n2023년 09월 14일\n20,000\n20,000\n-\n-\n20,000\nSK증권, 현대차증권,한국투자증권\n70,000\n2018년 10월 17일\n2021년 10월 15일\n70,000\n70,000\n-\n-\n70,000\nSK증권, 하나금융투자\n30,000\n2018년 10월 17일\n2023년 10월 17일\n30,000\n30,000\n-\n-\n30,000\n현대차증권, 한국투자증권\n30,000\n2018년 11월 09일\n2021년 11월 09일\n30,000\n30,000\n-\n-\n30,000\n현대차증권, SK증권\n20,000\n2018년 11월 09일\n2023년 11월 09일\n20,000\n20,000\n-\n-\n20,000\nSK증권, 현대차증권,한국투자증권\n40,000\n2018년 11월 23일\n2021년 11월 23일\n40,000\n40,000\n-\n-\n40,000\nSK증권\n10,000\n2018년 11월 23일\n2023년 11월 23일\n10,000\n10,000\n-\n-\n10,000\nSK증권, 현대차증권,한국투자증권\n100,000\n2018년 12월 13일\n2021년 12월 13일\n100,000\n100,000\n-\n-\n100,000\nSK증권, 현대차증권\n40,000\n2018년 12월 14일\n2023년 12월 14일\n40,000\n40,000\n-\n-\n40,000\nSK증권, 현대차증권\n60,000\n2019년 01월 28일\n2024년 01월 26일\n60,000\n60,000\n-\n-\n60,000\nSK증권, 현대차증권\n40,000\n2019년 03월 05일\n2022년 03월 04일\n40,000\n40,000\n-\n-\n40,000\nSK증권, 현대차증권\n50,000\n2019년 06월 07일\n2024년 06월 07일\n50,000\n50,000\n-\n-\n50,000\nSK증권, 현대차증권\n60,000\n2019년 08월 12일\n2024년 08월 12일\n60,000\n60,000\n-\n-\n60,000\nSK증권, DB금융투자하나금융투자, 현대차증권\n110,000\n2019년 09월 26일\n2024년 09월 26일\n110,000\n110,000\n-\n-\n110,000\nSK증권\n30,000\n2019년 10월 11일\n2024년 10월 11일\n30,000\n30,000\n-\n-\n30,000\nSK증권, 유안타증권,코리아에셋투자증권,현대차증권\n80,000\n2019년 11월 20일\n2024년 11월 20일\n80,000\n80,000\n-\n-\n80,000\n신한금융투자\n10,000\n2020년 04월 23일\n2021년 04월 22일\n-\n10,000\n-\n10,000\n-\n유안타증권\n40,000\n2020년 05월 07일\n2021년 05월 06일\n-\n40,000\n-\n40,000\n-\nSK증권, DB금융투자,유안타증권\n60,000\n2020년 06월 19일\n2023년 06월 19일\n60,000\n60,000\n-\n-\n60,000\nSK증권, 현대차증권,흥국증권, IBK투자증권\n90,000\n2020년 09월 03일\n2023년 09월 01일\n90,000\n90,000\n-\n-\n90,000\nSK증권, DB금융투자\n20,000\n2020년 09월 03일\n2025년 09월 03일\n20,000\n20,000\n-\n-\n20,000\n코리아에셋투자증권,부국증권,유안타증권\n30,000\n2020년 09월 23일\n2025년 09월 23일\n30,000\n30,000\n-\n-\n30,000\n이베스트투자증권,하이투자증권\n20,000\n2020년 11월 13일\n2023년 11월 13일\n20,000\n20,000\n-\n-\n20,000\n현대차증권, 유안타증권,하이투자증권\n120,000\n2020년 11월 13일\n2025년 11월 13일\n120,000\n120,000\n-\n-\n120,000\nIBK투자증권, 부국증권\n50,000\n2020년 12월 24일\n2025년 12월 24일\n50,000\n50,000\n-\n-\n50,000\nDB금융투자, 하이투자증권, 부국증권, 유진투자증권\n50,000\n2021년 06월 29일\n2024년 03월 29일\n50,000\n-\n50,000\n-\n50,000\nDB금융투자, BNK투자증권\n170,000\n2021년 06월 29일\n2024년 06월 29일\n170,000\n-\n170,000\n-\n170,000\n현대차증권, IBK투자증권유안타증권, 이베스트투자증권\n110,000\n2021년 09월 13일\n2024년 09월 13일\n110,000\n-\n110,000\n-\n110,000\nIBK투자증권, 교보증권,DB금융투자, 한양증권\n100,000\n2021년 09월 13일\n2026년 09월 11일\n100,000\n-\n100,000\n-\n100,000\n합 계\n1,910,000\n2,000,000\n430,000\n520,000\n1,910,000\n라. 채무인수약정 현황[한국투자금융지주]- 해당사항 없음\n[주요 종속회사]1) 한국투자증권- 지급보증 등 현황\xa0\n(기준일 : 2021년 09월 30일 )\n(단위 :건, 백만원)\n구분\n2021.09.30\n2020.12.31\n증감\n건수\n317\n241\n76\n잔액\n3,422,670\n3,253,458\n169,213\n주1) 지급보증 등 현황은 기준일 현재 당사가 제공하고 있는 지급보증, 사모사채 인수확약 및 대출채권 매입확약을 기재\n주2) IFRS 별도 기준\n-\xa0현재 계속 중인 지급보증 등 계약 내역\n(기준일 :2021년\xa009월\xa030일 )\n(단위 :백만원)\n구분\n거래상대방\n보증잔액\n보증기간\n\xa0기타\xa0\n개시일\n종료일\n\xa0 (보증조건 등\xa0\n대출약정\nKLIC Holdings Limited\n8,997\n2018-05-10\n2022-11-10\n-\n대출약정\n스텔라에쿼티파트너스 유한회사\n92\n2018-12-06\n2022-12-06\n-\n대출약정\n(주)신영루원시티개발\n11,000\n2019-03-27\n2023-03-27\n-\n대출약정\n빅토리지제제이차(유)\n16,500\n2019-04-25\n2022-06-25\n-\n대출약정\n아스테리온홀딩스 주식회사\n2,937\n2019-06-27\n2024-06-24\n-\n대출약정\n의정부리듬시티(주)\n5,600\n2019-09-30\n2023-05-30\n-\n대출약정\n(유)더블유에이치투자목적회사\n3,748\n2020-02-27\n2025-02-27\n-\n대출약정\n(유)더블유플러스투자목적회사\n4,587\n2020-02-27\n2025-02-27\n-\n대출약정\n에이스에임 주식회사\n330\n2020-03-12\n2023-03-12\n-\n대출약정\n한앤코시멘트홀딩스\n10,000\n2020-04-24\n2025-04-24\n-\n대출약정\n크리스탈코리아 유한회사\n8,709\n2020-04-29\n2025-04-29\n-\n대출약정\n주식회사 인데크\n0\n2020-06-10\n2024-06-09\n-\n대출약정\n디엠티홀딩스(주)\n18,014\n2020-09-25\n2025-09-25\n-\n대출약정\n두산공작기계(주)\n25,000\n2020-09-25\n2025-09-25\n-\n대출약정\nSupreme. L.P.\n22,098\n2020-09-28\n2025-09-28\n-\n대출약정\n한앤코개발홀딩스 유한회사\n7,414\n2020-10-13\n2025-10-13\n-\n대출약정\n스틱스페셜시츄에이션쥬얼 유한회사\n6,437\n2020-10-30\n2025-10-30\n-\n대출약정\n머큐리3호 유한회사\n6,500\n2020-10-30\n2025-10-30\n-\n대출약정\n라이프앤시큐리티홀딩스\n20,000\n2020-10-06\n2025-10-06\n-\n대출약정\nPGC-KIS DLP I,LLC\n38,838\n2021-05-24\n2027-03-31\n-\n대출약정\nPGC-KIS DLP I,LLC\n12,944\n2021-05-24\n2027-03-31\n-\n대출약정\n지엠파크 주식회사\n22,800\n2021-05-25\n2022-05-25\n-\n대출약정\n지엠파크 주식회사\n7,200\n2021-05-25\n2022-05-25\n-\n대출약정\n네오스페스 유한회사\n2,766\n2021-06-15\n2024-06-15\n-\n대출약정\n청주국사일반산업단지 주식회사\n28,100\n2021-06-18\n2025-06-18\n-\n대출약정\n케이와이프라퍼티즈(주)\n21,500\n2021-06-30\n2024-06-30\n-\n대출약정\nFlame Delight Limited\n1,790\n2021-08-31\n2024-08-31\n-\n대출약정\n(유)피에스투자목적회사\n5,335\n2021-09-03\n2026-09-03\n-\n대출약정\n(유)지플러스투자목적회사\n3,557\n2021-09-03\n2026-09-03\n-\n대출약정\n(유)에이치지플러스투자목적회사\n445\n2021-09-03\n2026-09-03\n-\n대출약정\n롯데타운동탄\n2,840\n2017-12-22\n2021-10-28\n-\n대출채권매입확약\n에스와이범계제일차\n0\n2017-06-30\n2022-02-03\n-\n대출채권매입확약\n속초센트럴제일차\n3,900\n2018-04-30\n2022-02-28\n-\n대출채권매입확약\n비티비제이차(주)\n1,000\n2018-07-26\n2022-01-10\n-\n대출채권매입확약\n에이치아이고덕제일차\n30,300\n2018-08-24\n2022-04-22\n-\n대출채권매입확약\n브레인시티프로젝트금융투자(주)\n20,000\n2018-09-19\n2022-09-02\n-\n대출채권매입확약\n키스브레인시티제이차 주식회사\n20,000\n2018-09-19\n2022-09-02\n-\n대출채권매입확약\n제이케이티제일차(주)\n9,775\n2019-02-19\n2022-06-19\n-\n대출채권매입확약\n포르투나한들제일차(주)\n26,900\n2019-02-26\n2023-09-12\n-\n대출채권매입확약\n프리모제일차\n5,000\n2019-03-21\n2021-12-21\n-\n대출채권매입확약\n비욘드복성제일차\n37,100\n2019-04-30\n2022-06-27\n-\n대출채권매입확약\n비티비동탄문복(주)\n5,000\n2019-07-09\n2022-01-10\n-\n대출채권매입확약\n포르투나성황제일차 주식회사\n6,900\n2019-07-24\n2022-07-26\n-\n대출채권매입확약\n트루가산제일차\n40,000\n2019-07-26\n2022-09-26\n-\n대출채권매입확약\n키스에스더블유제일차 주식회사\n20,000\n2019-09-30\n2023-05-30\n-\n대출채권매입확약\n프로젝트효성시티제이차 유한회사\n30,000\n2019-11-29\n2022-05-23\n-\n대출채권매입확약\n프로젝트효성시티제이차 유한회사\n10,000\n2019-11-29\n2022-05-23\n-\n대출채권매입확약\n프로젝트효성시티제이차 유한회사\n10,000\n2019-11-29\n2022-05-23\n-\n대출채권매입확약\n프로젝트효성시티제이차 유한회사\n20,000\n2019-11-29\n2022-05-23\n-\n대출채권매입확약\n범물유동화제일차(주)\n11,200\n2019-12-13\n2023-04-13\n-\n대출채권매입확약\n킹스톤제삼차 주식회사\n26,200\n2020-03-13\n2022-09-13\n-\n대출채권매입확약\n트루하남제일차 주식회사\n14,100\n2020-03-17\n2023-06-19\n-\n대출채권매입확약\n키스송도제이차 주식회사\n15,000\n2020-03-18\n2024-09-18\n-\n대출채권매입확약\n트루전주제일차 주식회사\n11,000\n2020-06-19\n2023-01-19\n-\n대출채권매입확약\n천안노태제일차(주)\n30,000\n2020-06-23\n2024-09-23\n-\n대출채권매입확약\n비욘드캐슬제이차 주식회사\n3,000\n2020-06-30\n2022-12-30\n-\n대출채권매입확약\n케이아이에스대체제일차\n3,000\n2020-07-07\n2024-07-05\n-\n대출채권매입확약\n비욘드전포제일차 주식회사\n2,700\n2020-07-23\n2021-10-22\n-\n대출채권매입확약\n키스소사제일차 주식회사\n10,000\n2020-07-29\n2023-03-29\n-\n대출채권매입확약\n키스소사제삼차 주식회사\n2,500\n2020-07-29\n2023-03-29\n-\n대출채권매입확약\n비욘드감일제일차 주식회사\n5,000\n2020-07-31\n2022-09-30\n-\n대출채권매입확약\n비욘드동인피에프제삼차 주식회사\n8,000\n2020-08-24\n2025-02-24\n-\n대출채권매입확약\n태평로유동화제이차 주식회사\n9,700\n2020-09-24\n2025-04-24\n-\n대출채권매입확약\n비욘드옥정피에프제이차 주식회사\n2,000\n2020-09-28\n2022-11-28\n-\n대출채권매입확약\n키스제이케이 주식회사\n20,000\n2020-10-15\n2021-10-13\n-\n대출채권매입확약\n태평로유동화제일차(주)\n2,000\n2020-10-29\n2025-04-24\n-\n대출채권매입확약\n케이아이에스대체제삼차\n9,000\n2020-10-30\n2023-07-31\n-\n대출채권매입확약\n프로젝트신용파크제일차 주식회사\n15,000\n2020-11-05\n2024-08-05\n-\n대출채권매입확약\n비욘드아크제일차주식회사\n3,000\n2020-11-06\n2021-11-08\n-\n대출채권매입확약\n주식회사 씨더블유제이\n3,000\n2020-11-06\n2022-05-06\n-\n대출채권매입확약\n트루프렌드온천제일차\n12,000\n2020-11-19\n2024-11-19\n-\n대출채권매입확약\n비욘드모곡제이차 주식회사\n5,000\n2020-11-19\n2023-03-20\n-\n대출채권매입확약\n비욘드경안제일차 주식회사\n2,600\n2020-11-20\n2021-11-22\n-\n대출채권매입확약\n솔리엘 주식회사\n3,000\n2020-11-20\n2025-04-20\n-\n대출채권매입확약\n비욘드삼송피에프제일차(주)\n3,000\n2020-12-10\n2023-04-10\n-\n대출채권매입확약\n스타원제일차 주식회사\n3,000\n2020-12-11\n2021-12-13\n-\n대출채권매입확약\n비욘드펄제일차\n3,000\n2020-12-16\n2021-12-16\n-\n대출채권매입확약\n키스서초제일차(주)\n3,000\n2020-12-17\n2021-12-17\n-\n대출채권매입확약\n비욘드프로방스제일차(주)\n3,000\n2020-12-23\n2021-12-23\n-\n대출채권매입확약\n키스양평제일차(주)\n4,900\n2020-12-23\n2023-11-23\n-\n대출채권매입확약\n키스양평제일차(주)\n5,100\n2020-12-23\n2023-11-23\n-\n대출채권매입확약\n키스양평제이차(주)\n4,900\n2020-12-23\n2024-04-23\n-\n대출채권매입확약\n키스양평제이차(주)\n5,100\n2020-12-23\n2024-04-23\n-\n대출채권매입확약\n비욘드백석제일차\n2,300\n2020-12-24\n2021-12-24\n-\n대출채권매입확약\n비욘드백석제이차 주식회사\n3,000\n2020-12-24\n2021-12-24\n-\n대출채권매입확약\n비욘드대명제일차 주식회사\n2,000\n2020-12-24\n2021-12-24\n-\n대출채권매입확약\n비욘드지제제일차 주식회사\n3,000\n2020-12-28\n2021-12-28\n-\n대출채권매입확약\n에이에스티제이 주식회사\n10,000\n2021-01-11\n2023-06-11\n-\n대출채권매입확약\n비욘드송정제일차 주식회사\n2,000\n2021-01-12\n2022-01-12\n-\n대출채권매입확약\n비욘드제이알제일차 주식회사\n3,000\n2021-01-14\n2026-01-16\n-\n대출채권매입확약\n콘트라제일차 주식회사\n2,000\n2021-01-19\n2022-01-19\n-\n대출채권매입확약\n비티비포항제이차\n25,000\n2021-01-22\n2021-10-22\n-\n대출채권매입확약\n골드원제일차 주식회사\n1,500\n2021-01-22\n2022-01-24\n-\n대출채권매입확약\n에이디올제육차 주식회사\n3,000\n2021-01-25\n2023-01-25\n-\n대출채권매입확약\n비욘드교동제일차(주)\n3,000\n2021-01-25\n2023-01-25\n-\n대출채권매입확약\n비욘드케이와이제일차 주식회사\n3,000\n2021-02-02\n2022-02-03\n-\n대출채권매입확약\n케이피제일차(주)\n2,750\n2021-02-10\n2022-02-10\n-\n대출채권매입확약\n제이티감삼제일차 주식회사\n2,000\n2021-02-18\n2021-11-18\n-\n대출채권매입확약\n비욘드죽곡제일차(주)\n3,000\n2021-02-24\n2022-02-24\n-\n대출채권매입확약\n비욘드범어제일차(주)\n3,000\n2021-02-26\n2022-02-26\n-\n대출채권매입확약\n오스피셔스제육차 주식회사\n3,000\n2021-02-26\n2022-02-25\n-\n대출채권매입확약\n비욘드우동제삼차(주)\n7,000\n2021-03-02\n2024-07-02\n-\n대출채권매입확약\n케이아이에스대체제칠차 주식회사\n3,000\n2021-03-10\n2025-12-10\n-\n대출채권매입확약\n트루프렌드향동제일차(주)\n20,000\n2021-03-15\n2023-12-15\n-\n대출채권매입확약\n리스테린제일차 주식회사\n3,000\n2021-03-16\n2022-03-16\n-\n대출채권매입확약\n오스피셔스제팔차 주식회사\n20,000\n2021-03-18\n2022-03-18\n-\n대출채권매입확약\n베이스프로젝트제일차(주)\n3,000\n2021-03-22\n2023-03-22\n-\n대출채권매입확약\n오스피셔스제구차 주식회사\n3,000\n2021-03-23\n2023-09-25\n-\n대출채권매입확약\n비욘드송정제일차 주식회사\n1,000\n2021-03-25\n2022-03-25\n-\n대출채권매입확약\n비욘드양평제일차(주)\n2,700\n2021-03-31\n2022-03-30\n-\n대출채권매입확약\n비욘드울산무거제일차(주)\n3,000\n2021-04-07\n2022-04-07\n-\n대출채권매입확약\n비티비구리갈매 주식회사\n2,000\n2021-04-09\n2022-01-07\n-\n대출채권매입확약\n에이디올제칠차(주)\n2,000\n2021-04-12\n2021-10-12\n-\n대출채권매입확약\n비티비구서주복 주식회사\n1,000\n2021-04-16\n2022-04-15\n-\n대출채권매입확약\n오스피셔스제십차 주식회사\n3,000\n2021-04-16\n2022-07-18\n-\n대출채권매입확약\n강한종합개발 주식회사\n1,500\n2021-04-19\n2022-04-19\n-\n대출채권매입확약\n비욘드대명제사차(주)\n13,000\n2021-04-20\n2021-10-20\n-\n대출채권매입확약\n제이에이제구차 주식회사\n2,955\n2021-04-26\n2022-04-26\n-\n대출채권매입확약\n키스용호제이차㈜\n3,000\n2021-04-28\n2022-04-28\n-\n대출채권매입확약\n오스피셔스제십일차(주)\n2,000\n2021-04-28\n2025-04-28\n-\n대출채권매입확약\n에이치에이케이유동화제일차\n2,000\n2021-04-30\n2022-10-30\n-\n대출채권매입확약\n비욘드본리제일차(주)\n2,000\n2021-05-03\n2023-01-03\n-\n대출채권매입확약\n케이아이에스대체제육차\n2,000\n2021-05-07\n2022-05-07\n-\n대출채권매입확약\n케이아이에스대체제구차\n2,000\n2021-05-18\n2022-05-27\n-\n대출채권매입확약\n트루진천제이차 주식회사\n2,990\n2021-05-18\n2022-12-29\n-\n대출채권매입확약\n에이밍하이제십칠차 주식회사\n4,000\n2021-05-20\n2023-05-22\n-\n대출채권매입확약\n트루프렌드대림제일차 주식회사\n3,000\n2021-06-09\n2022-06-09\n-\n대출채권매입확약\n비욘드설화제일차 주식회사\n5,000\n2021-06-11\n2023-12-11\n-\n대출채권매입확약\n케이아이에스대체제십삼차 주식회사\n2,000\n2021-06-23\n2022-06-23\n-\n대출채권매입확약\n주피터제일차(주)\n3,000\n2021-06-29\n2022-06-29\n-\n대출채권매입확약\n트루진천제일차 주식회사\n5,000\n2021-06-29\n2022-12-29\n-\n대출채권매입확약\n트루옥정제일차 주식회사\n10,000\n2021-06-30\n2023-05-30\n-\n대출채권매입확약\n제이티화정제일차 주식회사\n2,400\n2021-06-30\n2022-06-30\n-\n대출채권매입확약\n비욘드나인제일차(주)\n3,000\n2021-07-13\n2022-07-13\n-\n대출채권매입확약\n비욘드오빈제일차(주)\n1,200\n2021-07-28\n2023-01-30\n-\n대출채권매입확약\n비티비에이치엘(주)\n2,000\n2021-07-29\n2022-07-28\n-\n대출채권매입확약\n케이아이에스대체제십육차 주식회사\n3,000\n2021-08-06\n2023-02-06\n-\n대출채권매입확약\n원큐사우스비치(주)\n1,800\n2021-08-10\n2022-10-10\n-\n대출채권매입확약\n비티비천안옥천 주식회사\n3,000\n2021-09-03\n2022-09-05\n-\n대출채권매입확약\n비욘드오션제일차 주식회사\n45,000\n2021-09-06\n2022-03-07\n-\n대출채권매입확약\n비욘드오션제이차 주식회사\n14,000\n2021-09-06\n2022-03-07\n-\n대출채권매입확약\n비욘드감정제일차(주)\n1,500\n2021-09-15\n2022-03-15\n-\n대출채권매입확약\n케이아이에스대체제십구차 주식회사\n1,500\n2021-09-17\n2022-09-16\n-\n대출채권매입확약\n한토플러스 주식회사\n22,000\n2021-09-17\n2025-08-18\n-\n대출채권매입확약\n한토플러스 주식회사\n20,000\n2021-09-17\n2025-08-18\n-\n대출채권매입확약\n비욘드구일제이차(주)\n5,000\n2021-09-28\n2024-03-28\n-\n대출채권매입확약\n엘케이피제일차(주)\n30,000\n2021-09-30\n2026-09-30\n-\n대출채권매입확약\n비욘드구미비산제삼차(주)\n2,500\n2021-09-30\n2022-09-30\n-\n대출채권매입확약\n에이치스마트제팔차(주)\n80,000\n2021-09-30\n2026-09-30\n-\n대출채권매입확약\n비욘드연산제일차(주)\n3,000\n2021-09-30\n2022-09-30\n-\n대출채권매입확약\n비욘드감정제사차(주)\n4,000\n2021-09-30\n2022-12-30\n-\n대출채권매입확약\n케이아이에스대체제이십차\n116,500\n2021-09-30\n2022-03-30\n-\n대출채권매입확약\n케이아이에스대체제이십일차\n10,000\n2021-09-30\n2022-03-30\n-\n대출채권매입확약\n트루공세제일차 주식회사\n1,000\n2021-09-30\n2022-09-30\n-\n대출채권매입확약\n비욘드감정제사차(주)\n5,000\n2021-09-30\n2022-12-30\n-\n사모사채인수확약\n씨디엘제일차\n31,500\n2017-04-13\n2022-04-14\n-\n사모사채인수확약\n키스아이비제이십차\n25,000\n2017-10-19\n2022-10-17\n-\n사모사채인수확약\n키스아이비제이십이차(주)\n33,500\n2017-12-28\n2023-06-28\n-\n사모사채인수확약\n키스아이비제이십사차(주)\n25,000\n2018-02-13\n2023-02-13\n-\n사모사채인수확약\n에이치역삼제일차(주)\n22,000\n2018-04-04\n2022-03-31\n-\n사모사채인수확약\n키스아이비플러스제이십차\n23,000\n2018-07-05\n2023-07-05\n-\n사모사채인수확약\n키스아이비제이십구차(주)\n23,000\n2018-08-17\n2023-08-17\n-\n사모사채인수확약\n키스아이비플러스제이십일차\n44,000\n2019-01-29\n2024-01-29\n-\n사모사채인수확약\n에스엠인베스트먼트제팔차(주)\n11,000\n2019-02-01\n2022-02-01\n-\n사모사채인수확약\n키스아이비제삼십사차(주)\n25,700\n2019-03-11\n2022-05-25\n-\n사모사채인수확약\n키스아이비제삼십차\n25,700\n2019-03-11\n2022-05-25\n-\n사모사채인수확약\n키스에스비제일차 주식회사\n4,000\n2019-03-15\n2024-03-15\n-\n사모사채인수확약\n키스아이비플러스제이십이차\n43,000\n2019-06-12\n2024-04-25\n-\n사모사채인수확약\n키스아이비제십육차\n200,000\n2019-06-18\n2022-08-30\n-\n사모사채인수확약\n키스아이비제삼십육차 주식회사\n2,000\n2019-06-28\n2024-06-28\n-\n사모사채인수확약\n케이아이에스프로메테우스(주)\n0\n2019-08-20\n2023-08-20\n-\n사모사채인수확약\n케이아이에스호주콜제이차 주식회사\n30,000\n2019-08-26\n2024-07-01\n-\n사모사채인수확약\n키스에스더블유제이차 주식회사\n20,200\n2019-09-26\n2022-09-22\n-\n사모사채인수확약\n키스에스더블유제삼차 주식회사\n20,300\n2019-09-26\n2022-09-22\n-\n사모사채인수확약\n비욘드루원제삼차\n5,400\n2019-09-30\n2023-04-28\n-\n사모사채인수확약\n비욘드루원제이차\n15,000\n2019-09-30\n2023-04-28\n-\n사모사채인수확약\n제이엠김포 주식회사\n5,000\n2019-10-08\n2022-09-08\n-\n사모사채인수확약\n에스에프로키제구차(주)\n3,000\n2019-10-11\n2024-10-11\n-\n사모사채인수확약\n키스아이비제삼십팔차 주식회사\n3,000\n2019-11-18\n2024-09-30\n-\n사모사채인수확약\n키스비디에스 주식회사\n29,200\n2020-01-07\n2023-01-03\n-\n사모사채인수확약\n케이아이에스잠실제일차(주)\n40,900\n2020-01-22\n2022-12-22\n-\n사모사채인수확약\n에이치아이가산제일차(주)\n30,000\n2020-01-22\n2023-01-20\n-\n사모사채인수확약\n에이치아이소래제일차 주식회사\n20,000\n2020-02-18\n2023-12-18\n-\n사모사채인수확약\n에이치샌드제일차 주식회사\n20,000\n2020-02-20\n2024-02-14\n-\n사모사채인수확약\n하나파동제일차(주)\n18,900\n2020-02-25\n2023-02-21\n-\n사모사채인수확약\n키스디아이 주식회사\n29,200\n2020-02-28\n2023-02-24\n-\n사모사채인수확약\n키스에이그래프 주식회사\n4,000\n2020-03-03\n2023-02-03\n-\n사모사채인수확약\n트루에스유서둔제일차 주식회사\n15,000\n2020-03-27\n2022-11-27\n-\n사모사채인수확약\n디에프제삼차 주식회사\n13,000\n2020-03-30\n2023-12-30\n-\n사모사채인수확약\n키스아이비플러스제이십육차(주)\n10,100\n2020-04-09\n2021-10-09\n-\n사모사채인수확약\n비욘드가야제일차 주식회사\n20,000\n2020-04-22\n2021-10-21\n-\n사모사채인수확약\n키스아이비제삼십일차 주식회사\n20,200\n2020-04-27\n2022-03-27\n-\n사모사채인수확약\n에이치색달제일차(주)\n46,200\n2020-06-02\n2025-05-27\n-\n사모사채인수확약\n트루제이서둔제일차 주식회사\n1,500\n2020-06-09\n2023-02-09\n-\n사모사채인수확약\n퍼스트에스아이제이차\n12,000\n2020-06-29\n2022-10-31\n-\n사모사채인수확약\n주식회사 한송개발\n2,000\n2020-07-03\n2022-06-22\n-\n사모사채인수확약\n에스에프로키제십차(주)\n21,500\n2020-07-14\n2025-07-14\n-\n사모사채인수확약\n퍼스트디에프제사차 주식회사\n2,800\n2020-07-24\n2021-10-25\n-\n사모사채인수확약\n트루프랜드죽전제일차 주식회사\n10,000\n2020-07-31\n2023-07-30\n-\n사모사채인수확약\n퍼스트감일제일차 주식회사\n4,000\n2020-08-04\n2022-10-04\n-\n사모사채인수확약\n비욘드캐슬제오차 주식회사\n3,000\n2020-08-12\n2021-11-11\n-\n사모사채인수확약\n방배동유동화제이차\n2,400\n2020-08-20\n2021-12-14\n-\n사모사채인수확약\n에스에프로키제십일차\n20,200\n2020-08-21\n2023-08-21\n-\n사모사채인수확약\n에이치신도림제이차 주식회사\n13,000\n2020-08-24\n2025-08-22\n-\n사모사채인수확약\n대명동한투유동화제일차 주식회사\n14,300\n2020-08-28\n2022-02-28\n-\n사모사채인수확약\n케이아이에스대체제사차\n29,600\n2020-08-28\n2022-06-30\n-\n사모사채인수확약\n케이원카인 주식회사\n500\n2020-09-02\n2024-01-02\n-\n사모사채인수확약\n대봉동한투유동화제일차\n2,500\n2020-09-22\n2024-08-22\n-\n사모사채인수확약\n베스트수정제삼차 주식회사\n2,000\n2020-09-28\n2026-07-28\n-\n사모사채인수확약\n제이엠본동제일차 주식회사\n17,500\n2020-09-29\n2025-03-29\n-\n사모사채인수확약\n베스트경산제이차 주식회사\n18,000\n2020-10-12\n2024-06-12\n-\n사모사채인수확약\n브라이트문제일차 주식회사\n0\n2020-10-12\n2021-10-11\n-\n사모사채인수확약\n비욘드속초제삼차 주식회사\n30,000\n2020-10-14\n2024-04-15\n-\n사모사채인수확약\n비욘드티케이제일차 주식회사\n3,000\n2020-10-30\n2025-10-06\n-\n사모사채인수확약\n주안메디컬제일차 주식회사\n3,000\n2020-10-30\n2025-10-30\n-\n사모사채인수확약\n케이아이에스대체제오차\n3,000\n2020-10-30\n2021-10-30\n-\n사모사채인수확약\n키스인니제이차\n25,000\n2020-11-03\n2023-11-06\n-\n사모사채인수확약\n퍼스트에스와이제일차 주식회사\n980\n2020-11-09\n2024-11-09\n-\n사모사채인수확약\n퍼스트에스와이제이차 주식회사\n10,000\n2020-11-12\n2021-11-12\n-\n사모사채인수확약\n트루에이치제일차 주식회사\n1,250\n2020-11-25\n2021-11-25\n-\n사모사채인수확약\n베스트청계제이차 주식회사\n14,000\n2020-11-30\n2025-10-30\n-\n사모사채인수확약\n비욘드캐슬제칠차 주식회사\n1,800\n2020-11-30\n2021-11-30\n-\n사모사채인수확약\n에이치아이금오제일차 주식회사\n10,500\n2020-12-04\n2021-12-06\n-\n사모사채인수확약\n대명동한투유동화제이차\n2,000\n2020-12-09\n2021-12-09\n-\n사모사채인수확약\n트루에이치제이차 주식회사\n3,000\n2020-12-10\n2021-12-10\n-\n사모사채인수확약\n천안한투유동화제일차(주)\n2,900\n2020-12-14\n2021-12-14\n-\n사모사채인수확약\n디에프제오차 주식회사\n3,000\n2020-12-15\n2021-12-15\n-\n사모사채인수확약\n티에이치플러스제삼차 주식회사\n3,000\n2020-12-16\n2021-12-16\n-\n사모사채인수확약\n대봉동한투유동화제이차(주)\n12,000\n2020-12-16\n2021-12-16\n-\n사모사채인수확약\n에이치아이삼송제이차 주식회사\n20,000\n2020-12-18\n2023-04-18\n-\n사모사채인수확약\n티에이치플러스제이차(주)\n10,000\n2020-12-22\n2024-04-22\n-\n사모사채인수확약\n디케이노원제이차 주식회사\n16,000\n2020-12-22\n2024-10-22\n-\n사모사채인수확약\n에스이엠제일차(주)\n13,500\n2020-12-23\n2023-12-23\n-\n사모사채인수확약\n에스이엠인베스트먼트(주)\n25,600\n2020-12-23\n2023-12-23\n-\n사모사채인수확약\n디에프제이차 주식회사\n2,298\n2020-12-23\n2025-08-23\n-\n사모사채인수확약\n빅하우스제삼차 주식회사\n3,000\n2020-12-24\n2021-12-24\n-\n사모사채인수확약\n베스트디에프제구차 주식회사\n3,000\n2020-12-28\n2021-12-28\n-\n사모사채인수확약\n에이치주안힐스제일차 주식회사\n3,000\n2020-12-30\n2021-11-30\n-\n사모사채인수확약\n에이치주안힐스제일차 주식회사\n3,000\n2020-12-30\n2025-06-30\n-\n사모사채인수확약\n베네시아성황 주식회사\n3,000\n2021-01-11\n2022-01-11\n-\n사모사채인수확약\n디비씨제일차\n20,600\n2021-01-14\n2026-07-14\n-\n사모사채인수확약\n와이비알제일차주식회사\n10,000\n2021-01-21\n2024-03-21\n-\n사모사채인수확약\n스마트지엠제십이차(주)\n3,000\n2021-01-29\n2022-01-29\n-\n사모사채인수확약\n인베스트플러스제이차 주식회사\n9,000\n2021-02-05\n2022-02-04\n-\n사모사채인수확약\n퍼스트수진제이차 주식회사\n8,000\n2021-02-09\n2024-02-09\n-\n사모사채인수확약\n키스모나리자(주)\n10,100\n2021-02-19\n2023-02-20\n-\n사모사채인수확약\n트루에이치제삼차 주식회사\n3,000\n2021-02-19\n2022-02-19\n-\n사모사채인수확약\n여의도생숙한투유동화제일차\n3,000\n2021-02-26\n2022-05-28\n-\n사모사채인수확약\n트루제이신정제일차 주식회사\n1,400\n2021-03-02\n2022-03-02\n-\n사모사채인수확약\n키스에스비제육차 주식회사\n16,300\n2021-03-11\n2024-03-11\n-\n사모사채인수확약\n케이아이에스대체제십차\n3,000\n2021-03-11\n2024-05-11\n-\n사모사채인수확약\n에이치색달제이차 주식회사\n3,000\n2021-03-17\n2026-03-17\n-\n사모사채인수확약\n케이아이에스보우라인(주)\n3,000\n2021-03-24\n2026-03-24\n-\n사모사채인수확약\n프로젝트논현제이차주식회사\n10,000\n2021-03-29\n2024-02-29\n-\n사모사채인수확약\n더블에스와이제이차 주식회사\n13,000\n2021-03-29\n2022-03-29\n-\n사모사채인수확약\n트루에이치제오차 주식회사\n3,000\n2021-03-30\n2022-03-30\n-\n사모사채인수확약\n비욘드캐슬명륜제일차 주식회사\n3,000\n2021-03-30\n2022-09-30\n-\n사모사채인수확약\n베스트수정제십차 주식회사\n1,400\n2021-03-31\n2022-03-31\n-\n사모사채인수확약\n에이치타운제일차 주식회사\n3,000\n2021-04-06\n2022-06-06\n-\n사모사채인수확약\n비욘드아산갈매제일차 주식회사\n2,060\n2021-04-07\n2022-10-07\n-\n사모사채인수확약\n스마트지엠제이십차(주)\n3,000\n2021-04-09\n2022-04-11\n-\n사모사채인수확약\n제이엠태전제일차 주식회사\n4,500\n2021-04-09\n2023-05-09\n-\n사모사채인수확약\n이큐디벨롭제일차 주식회사\n900\n2021-04-15\n2022-04-15\n-\n사모사채인수확약\n이큐디벨롭제일차 주식회사\n698\n2021-04-15\n2022-04-15\n-\n사모사채인수확약\n한투대체제일차(주)\n3,000\n2021-04-20\n2022-12-28\n-\n사모사채인수확약\n트루에이치제육차 주식회사\n2,500\n2021-04-21\n2022-04-21\n-\n사모사채인수확약\n여의도생숙한투유동화제이차\n3,000\n2021-04-23\n2023-07-23\n-\n사모사채인수확약\n온방어제일차(주)\n5,500\n2021-04-28\n2026-04-28\n-\n사모사채인수확약\n빅하우스제오차 주식회사\n1,500\n2021-04-29\n2022-04-29\n-\n사모사채인수확약\n송도에이치케이아이에스제일차 주식회사\n45,000\n2021-04-29\n2024-07-29\n-\n사모사채인수확약\n더블에스와이제칠차 주식회사\n2,500\n2021-04-30\n2022-05-02\n-\n사모사채인수확약\n이큐디벨롭제삼차 주식회사\n3,000\n2021-04-30\n2022-05-02\n-\n사모사채인수확약\n비욘드캐슬우정제일차 주식회사\n2,000\n2021-04-30\n2022-04-30\n-\n사모사채인수확약\n이큐디벨롭제이차 주식회사\n2,000\n2021-05-10\n2022-05-10\n-\n사모사채인수확약\n베스트수정제팔차 주식회사\n1,900\n2021-05-13\n2022-09-13\n-\n사모사채인수확약\n프로젝트화정 주식회사\n10,000\n2021-05-14\n2024-05-14\n-\n사모사채인수확약\n퍼시픽에프제일차 주식회사\n15,000\n2021-05-14\n2024-02-14\n-\n사모사채인수확약\n인베스트플러스제오차 주식회사\n16,500\n2021-05-17\n2026-03-17\n-\n사모사채인수확약\n선문제이차 주식회사\n8,500\n2021-05-21\n2022-11-21\n-\n사모사채인수확약\n키스플러스제일차 주식회사\n20,000\n2021-05-25\n2023-05-25\n-\n사모사채인수확약\n비욘드안다제일차 주식회사\n5,000\n2021-05-31\n2024-06-03\n-\n사모사채인수확약\n비욘드이목제이차(주)\n15,000\n2021-06-04\n2023-06-04\n-\n사모사채인수확약\n비욘드이목제이차(주)\n14,000\n2021-06-04\n2024-07-19\n-\n사모사채인수확약\n베스트디에프제칠차 주식회사\n2,490\n2021-06-10\n2022-06-10\n-\n사모사채인수확약\n트루에이치제사차 주식회사\n3,000\n2021-06-11\n2026-06-11\n-\n사모사채인수확약\n비욘드병산제일차(주)\n5,000\n2021-06-18\n2024-08-16\n-\n사모사채인수확약\n트루에스에이치제일차 주식회사\n2,000\n2021-06-21\n2022-06-21\n-\n사모사채인수확약\n키스아이비제사십일차 주식회사\n20,200\n2021-06-22\n2023-06-22\n-\n사모사채인수확약\n키스아이비제삼십구차 주식회사\n15,100\n2021-06-23\n2024-06-23\n-\n사모사채인수확약\n인베스트플러스제육차 주식회사\n500\n2021-06-30\n2026-06-30\n-\n사모사채인수확약\n인베스트플러스제팔차 주식회사\n3,000\n2021-06-30\n2022-06-30\n-\n사모사채인수확약\n인베스트플러스제육차 주식회사\n2,500\n2021-06-30\n2022-06-30\n-\n사모사채인수확약\n에이치칠암제일차 주식회사\n3,000\n2021-06-30\n2026-06-30\n-\n사모사채인수확약\n인베스트플러스제칠차 주식회사\n3,100\n2021-06-30\n2026-06-30\n-\n사모사채인수확약\n비욘드중동제삼차 주식회사\n8,000\n2021-06-30\n2022-06-30\n-\n사모사채인수확약\n페덱스제일차 주식회사\n8,200\n2021-07-08\n2022-12-12\n-\n사모사채인수확약\n케이아이에스대체제십오차 주식회사\n3,000\n2021-07-15\n2024-01-15\n-\n사모사채인수확약\n유보라제일차 주식회사\n3,000\n2021-07-15\n2025-02-14\n-\n사모사채인수확약\n프로젝트월산(주)\n8,000\n2021-07-16\n2023-01-16\n-\n사모사채인수확약\n프로젝트서이천 주식회사\n3,000\n2021-07-27\n2022-07-26\n-\n사모사채인수확약\n베스트디와이제이차 주식회사\n550\n2021-07-28\n2022-03-28\n-\n사모사채인수확약\n프리언더제일차 주식회사\n3,000\n2021-07-29\n2022-07-29\n-\n사모사채인수확약\n케이아이에스대체제십칠차\n2,998\n2021-07-30\n2022-07-29\n-\n사모사채인수확약\n르솔레이 유한회사\n5,000\n2021-08-02\n2022-08-02\n-\n사모사채인수확약\n퍼스트익산제이차 주식회사\n10,000\n2021-08-03\n2026-12-03\n-\n사모사채인수확약\n에이치아이중리제일차(주)\n1,500\n2021-08-09\n2023-02-09\n-\n사모사채인수확약\n비욘드흥덕제일차(주)\n5,000\n2021-08-10\n2023-12-11\n-\n사모사채인수확약\n베스트디와이제육차 주식회사\n2,300\n2021-08-12\n2022-08-12\n-\n사모사채인수확약\n키스에스에프제십차 주식회사\n21,500\n2021-08-20\n2023-02-20\n-\n사모사채인수확약\n에코라이온\n2,000\n2021-08-24\n2022-08-24\n-\n사모사채인수확약\n제이티등촌유동화제일차(주)\n2,500\n2021-08-27\n2022-02-28\n-\n사모사채인수확약\n멀티플렉스시리즈제팔차\n30,000\n2021-08-30\n2024-08-28\n-\n사모사채인수확약\n리모네스사보(주)\n1,400\n2021-08-30\n2022-05-30\n-\n사모사채인수확약\n키스에스비제칠차 주식회사\n30,300\n2021-08-30\n2024-08-30\n-\n사모사채인수확약\n제이티망포제일차(주)\n3,000\n2021-09-15\n2022-09-15\n-\n사모사채인수확약\n에이치아이양주제일차\n50,000\n2021-09-29\n2024-07-29\n-\n사모사채인수확약\n피에프개발제이차 주식회사\n2,000\n2021-09-29\n2022-09-29\n-\n합계\n3,422,670\n-\n-\n\xa0 -\xa0\xa0\n- 매입약정 현황\xa0\n(기준일 :2021년 09월 30일 )\n(단위 :건, 백만원)\n구분\n2021.09.30\n2020.12.31\n증감\n채무인수 약정 건수\n6\n12\n-6\n채무인수 약정 잔액\n247,100\n407,200\n-160,100\n- 현재 계속 중인 매입약정 내역\xa0\n(기준일 :2021년 09월 30일\xa0)\n(단위 :백만원)\n구분\n거래상대방\n약정금액\n약정기간\n\xa0기타\xa0\n개시일\n종료일\n\xa0(약정조건 등)\xa0\n매입보장약정(ABSTB)\n키스아이비플러스제칠차(주)\n30,300\n2016-05-26\n2022-03-20\n\xa0-\xa0\n매입보장약정(ABSTB)\n제이엠유동화제일차\n51,800\n2017-06-29\n2022-03-29\n\xa0-\xa0\n매입보장약정(ABSTB)\n아이코스제이차(주)\n20,000\n2018-02-23\n2023-05-23\n\xa0-\xa0\n매입보장약정(ABSTB)\n더블유에이베스트(주)\n30,000\n2018-02-23\n2023-06-20\n\xa0-\xa0\n매입보장약정(ABSTB)\n에스엠아산제일차\n65,000\n2018-11-13\n2022-02-03\n\xa0-\xa0\n매입보장약정(ABSTB)\n에이치아이유러브\n50,000\n2019-10-21\n2022-07-21\n\xa0-\xa0\n합계\n247,100\n-\n-\n\xa0주)\xa0\n주) 의무가 발생한 20,385백만원 제외 시 2021년 09월말 기준 매입보장약정 잔여 규모는 226,715백만원임\n2) 한국투자캐피탈- 지급보증 및 확약사항\n(기준일 :2021년 09월 30일)\n(단위 :백만원)\n구\xa0\xa0 분\n시행사명\n제공대상\n2021.09.30\n2020.12.31\n지급보증\n(주)태건산업개발\n이지스부동산투자신탁239호\n0\n29,480\n하나언주제일차(주)\n0\n30,000\n㈜바토\n이지스전문투자형사모부동산투자신탁259호\n0\n8,500\n(주)남솔\n하이포레버제십이차(주)\n0\n7,000\n이지스부동산투자신탁280호\n0\n22,000\n현승산업개발(주)\n이지스부동산투자신탁239호\n0\n19,490\n(주)구로에이텐피에프브이\n리딩투자증권(주)\n5,000\n5,000\n(주)가온찬빛\n피에스제이제이차(주)\n8,000\n8,000\n오경(주)\n다비하나부산부암선순위PF전문투자형사모부동산투자신탁\n0\n10,000\n(주)피케이디벨로퍼\n퍼시픽에이치제일차(주)\n3,000\n0\n(주)트리지디앤씨\n우리종합금융(주)\n6,000\n0\n(주)어반콜드체인\n오케이캐피탈(주)\n13,000\n0\n소 계\n35,000\n139,470\n미분양담보대출 확약\n포천에코그린일반산업단지(주)\n포천에코그린일반산업단지(주)\n0\n24,700\n소계\n0\n24,700\n총 계\n35,000\n164,170\n상기 한국투자증권 및 한국투자캐피탈의 유동성공급 및 신용공여 약정 외에도 연결대상종속회사인 한국투자저축은행 및 한국투자캐피탈은 각각 1조 3,435억원, 1조 1,356억원의 미사용한도대출약정을 보유하고 있습니다.\n3. 제재 등과 관련된 사항\n가. 수사ㆍ사법기관의 제재현황- 해당사항 없음나. 행정기관의 제재현황1) 금융감독당국의 제재현황\n[한국투자금융지주]- 해당사항 없음\n[주요 종속회사]1. 한국투자증권\n가) 회사에 대한 제재현황\n일자\xa0\n제재기관\n대상자\n처벌 또는 조치내용\n금전적 제재금액\n사유\n근거 법령\n2017.02.08주1)\n금융위원회\n회사\n과태료\n37.5백만원\n부당한 재산상 이익의 수령 금지 위반\n자본시장법 제71조자본시장법 시행령 제68조 제5항 제3호금융투자업규정 제4-18조 제1항 및 제4항금융투자회사의 영업 및 업무에 관한 규정 제2-68조 제1항\n2017.05.18주2)\n금융위원회\n회사\n과태료\n50백만원\n부당한 재산상 이익의 수령 금지 위반\n자본시장법 제98조 제2항 제10호자본시장법 시행령 제99조 제4항금융투자회사의 영업 및 업무에 관한 규정 제4-76조\n2017.09.28주3)\n금융위원회\n회사\n과태료\n50백만원\n정보처리시스템 안전대책 수립·운용 소홀에 따른고객정보 유출\n전자금융거래법 제21조전자감독규정 제7조, 제13조, 제17조, 제32조\n2017.10.11\n금융감독원\n회사\n기관주의\n-\n2018.01.17주4)\n금융위원회\n회사\n과태료\n30백만원\n투자일임재산 운용 부적정\n자본시장법 제449조 제1항\n2018.04.12\n금융위원회\n회사\n과징금\n1,213백만원\n차명계좌에 대한 과징금을 원천징수하여 납부하지 아니함\n금융실명거래 및 비밀보장에 관한 법률 부칙 제6조3항\n2019.05.16\n금융위원회\n회사\n과징금\n399백만원\n차명계좌에 대한 과징금을 원천징수하여 납부하지 아니함\n금융실명거래 및 비밀보장에 관한 법률 부칙 제6조3항\n2019.06.18\n금융위원회\n회사\n과태료\n3.75백만원\n영리목적의 광고성 정보 전송 제한 법률 위반\n정보통신망 이용촉진 및 정보보호 등에 관한 법률 제50조\n2019.06.26주5)\n금융위원회\n회사\n과태료\n18백만원\n선관주의 의무 위반\n전자금융거래법 제21조 제1항\n2019.06.26주6)\n금융감독원금융위원회\n회사\n기관경고\n-\n종합금융투자사업자의 계열회사 신용공여 제한 위반단기금융업무 운용기준 위반업무보고서 제출의무 위반인수증권 재매도 약정 금지 위반대주주의 부당한 영향력 행사 금지위반\n(구)자본시장법 제77조의 3 제3항 제1호자본시장법 제71조 제7호자본시장법 제33조 제4항자본시장법 제71조 제7호자본시장법 제35조 제3호\n과징금\n3,215백만원\n과태료\n117.5백만원\n2019.11.15\n금융감독원\n회사\n경영유의 1건\n-\n계열회사 발행 회사채 인수업무의 적정성 확보를 위한\xa0 \xa0 내부통제 강화 필요\n금융기관 검사 및 제재에 관한 규정 제14조\n2020.03.20\n금융감독원\n회사\n경영유의 2건\n-\n비대면 위탁매매 관련 투자자 보호실태 점검\n금융기관 검사 및 제재에 관한 규정 제14조\n2020.04.29주7)\n금융위원회\n(금융정보분석원)\n회사\n과태료\n6.1백만원\n고액현금거래보고의무 위반\n「특정 금융거래정보의 보고 및 이용 등에 관한 법률」제17조 제2항 제1호, 제4조의2 제1항, 동법 시행령\n2020.09.11\n금융감독원\n회사\n경영유의 2건\n-\nELS 관련 리스크관리체계의 적정성 등\n금융기관 검사 및 제재에 관한 규정 제14조\n2021.03.24\n금융감독원\n금융위원회\n회사\n과징금\n391.5백만원\n금융감독원 조사, 증권선물위원회 공시위반\n「자본시장과 금융투자업에 관한 법률」제122조 제3항\n2021.03.29\n주8)\n금융감독원\n금융위원회\n회사\n개선사항 2건,\n과태료\n48백만원\n채권과다 입고 관련 프로그램 변경·통제 절차재발방지 대책의 적정성\n「전자금융거래법」제21조2항 및 전자금융감독규정」제7조,제29조 제6호\n2021.07.21주9)\n금융감독원금융위원회\n회사\n과태료\n1백만원\n외화채권 취득보고서 미제출\n「외국환거래법」제20조 제1항 및 「외국환거래규정」제9-9조 제1항\n2021.08.03\n금융감독원\n회사\n경영유의 1건\n-\n집합주문 처리절차 관련 내부통제 강화 필요\n금융기관 검사 및 제재에 관한 규정 제14조\n주1) 2017.02.08일 과태료 37.5백만원 부과 받았으나 20%감경으로 30백만원 납부\xa0주2) 2017.05.18일 과태료 50백만원 부과 받았으나 20%감경으로 40백만원 납부 주3) 2017.09.28일 과태료 50백만원 부과 받았으나 20%감경으로 40백만원 납부주4) 2018.01.17일 과태료 30백만원 부과 받았으나 20%감경으로 24백만원 납부\n주5) 2019.06.26일 과태료 18백만원 부과 받았으나 20%감경으로 14.4백만원 납부주6) 2019.06.26일 과태료 117.5백만원 부과 받았으나 20%감경으로 94백만원 납부\n주7) 2020.04.29일 과태료 6.1백만원 부과 받았으나 20%감경으로 4.88백만원 납부주8) 2021.03.29일\xa0과태료 48백만원 부과받았으나 20%감경으로 38.4백만원 납부주9) 2021.07.21일 과태료 1백만원 부과받았으나 20%감경으로 0.8백만원 납부나) 임직원에 대한 제재현황\n일자\n제재기관\n조치대상자\n처벌 또는조치내용\n금전적제재금액\n사유\n근거법령\n직위\n전.현직\n근속연수\n2019.06.26\n금융감독원금융위원회\n부회장\n현직\n16년9개월\n견책\n-\n종합금융투자사업자의 계열회사 신용공여 제한 위반대주주의 부당한 영향력 행사 금지위반\n(구)자본시장법 제77조의 3 제3항 제1호자본시장법 제35조 제3호\n부사장\n현직\n15년\n견책\n-\n단기금융업무 운용기준 위반대주주의 부당한 영향력 행사 금지위반\n자본시장법 제71조 제7호자본시장법 제35조 제3호\n상무\n현직\n22년7개월\n견책\n-\n대주주의 부당한 영향력 행사 금지위반\n자본시장법 제35조 제3호\n상무\n현직\n22년6개월\n견책\n-\n대주주의 부당한 영향력 행사 금지위반\n자본시장법 제35조 제3호\n상무보\n현직\n7년\n감봉\n감봉3월\n단기금융업무 운용기준 위반\n자본시장법 제71조 제7호\n주1)\xa0임직원: 이사,감사,업무집행지시자,집행임원 및 중요한 직원주2) 조치대상의 직위, 전.현직구분, 근속연수는 제재조치일 기준\n2. 한국투자신탁운용가) 회사에 대한 제재현황\n일자\xa0\n제재기관\n대상자\n처벌 또는 조치내용\n금전적 제재금액\n사유\n근거 법령\n2019.07.25\n금융감독원금융위원회\n회사\n기관주의,과태료\n120백만원\n투자자의 요청 등에 따른 불건전한 집합투자재산 운용투자운용인력이 아닌 자의 집합투자재산 운용 금지 위반집합투자재산의 평가 부적정투자설명서 갱신의무 위반투자자에 대한 재산의 대여 금지 위반정보교류 차단 부적정\n자본시장법 제85조 및 동법 시행령 제87조자본시장법 제85조 제7호자본시장법 제238조 및 동법 시행령 제260조舊 간투법 제56조 및 동법 시행령 제54조, 자본시장법 부칙 제29조 제1항자본시장법 제98조 제1항 제2호자본시장법 제45조 및 동법 시행령 제51조\n2020.01.22\n금융감독원금융위원회\n회사\n과태료\n20백만원\n집합투자규약을 위반한 불건전한 집합투자재산 운용\n자본시장법 제85조 제8호, 동법 시행령 제87조 제4항 제1호\n나) 임직원(이사, 감사, 업무집행지시자, 집행임원 및 중요한 직원)에 대한 제재현황\n일자\n제재기관\n조치대상자\n처벌 또는조치내용\n금전적제재금액\n사유\n근거법령\n직위\n전.현직\n근속연수\n2019.07.25\n금융감독원금융위원회\n상무\n전직\n3년 2개월\n견책상당\n-\n투자자의 요청 등에 따른 불건전한 집합투자재산 운용\n자본시장법 제85조동법 시행령 제87조\n주) 조치대상의 직위, 전.현직구분, 근속연수는 제재조치일 기준\n3. 한국투자저축은행가) 회사에 대한 제재현황\n일자\xa0\n제재기관\n대상자\n처벌 또는 조치내용\n금전적 제재금액\n사유\n근거 법령\n2020.08.07\n금융감독원금융위원회\n회사\n기관주의\n-\n대주주 등에 대한 재산상 이익 부당제공\n상호저축은행법 제18조의 2, 제37조\n과태료\n31.2백만원\n사외이사가 아닌 이사회 의장 선임사유 공시의무 위반신용정보 전산시스템 접근권한 관리 및 조회기록 등 점검 불철저\n금융회사의 지배구조에 관한 법률 제13조,신용정보의 이용 및 보호에 관한 법률 제19조\n주) 2020.08.07 과태료 31.2백만원 부과 받았으나 20% 감경으로 25.0백만원 납부나) 임직원(이사, 감사, 업무집행지시자, 집행임원 및 중요한 직원)에 대한 제재현황\n일자\n제재기관\n조치대상자\n처벌 또는조치내용\n금전적제재금액\n사유\n근거법령\n직위\n전.현직\n근속연수\n2020.08.07\n금융감독원금융위원회\n대표이사\n전직\n15년11개월\n문책경고 상당\n-\n대주주 등에 대한 재산상 이익 부당제공\n상호저축은행법 제18조의 2, 제37조\n본부장\n현직\n21년\n견책\n-\n신용정보관리보호인\n현직\n2년9개월\n주의\n-\n신용정보 전산시스템 접근권한 관리 및 조회기록 등 점검 불철저\n신용정보의 이용 및 보호에 관한 법률 제19조\n신용정보관리보호인\n전직\n16년9개월\n주의 상당\n-\n신용정보관리보호인\n현직\n15년6개월\n주의\n-\n감사실장\n현직\n13년5개월\n주의\n-\n대주주 등에 대한 재산상 이익 부당제공\n상호저축은행법 제18조의 2, 제37조\n과태료 부과\n1.6백만원\n사외이사가 아닌 이사회 의장 선임사유 공시의무 위반\n금융회사의 지배구조에 관한 법률 제13조,\n주) 조치대상의 직위, 전.현직구분, 근속연수는 제재조치일 기준\n5. 한국투자파트너스\n일자\xa0\n제재기관\n대상자\n처벌 또는 조치내용\n금전적 제재금액\n사유\n근거 법령\n2018.07.13주1)\n금융감독원\n한국투자 해외진출 Platform 펀드\n과태료\n6.51백만원\n보유주식 이전시 해외직접투자신고 및 내용변경신고 지연\n구) 외국환거래법 제18조 제1항,구) 외국환거래규정 제9-5조 제1항\n2021.09.30주2)\n금융위원회\n한국투자Industry4.0벤처펀드\n과태료\n2.8백만원\n지분율 변동에 따른 해외직접투자 내용변경신고 지연\n외국환거래법 제18조,외국환거래규정 제9-5조 제2항\n주1) 2018.07.13 한국투자해외진출Platform펀드에 과태료 651만원 부과 받았으며 한국투자파트너스가\xa0업무집행사원으로서 과태료 납부. 자진납부 금액감경에 따라 20%감면된 520만원 납부 주2) 6. 한국투자캐피탈\n일자\xa0\n제재기관\n대상자\n처벌 또는 조치내용\n금전적 제재금액\n사유\n근거 법령\n2019.12.11\n금융위원회\n회사\n과태료\n1백만원\n증권발행실적보고서 제출의무 위반\n자본시장과 금융투자업게 관한 법률 제128조\n2) 공정거래위원회의 제재현황\n1. 한국투자증권\n일자\xa0\n제재기관\n대상자\n처벌 또는 조치내용\n금전적 제재금액\n사유\n근거 법령\n2017.03.09\n공정거래위원회\n회사\n벌금\n50백만원\n소액채권 신고시장가격 제출과정에서의 불건전 영업행위\n독점규제 및 공정거래에 관한 법률 제19조제1항제1호\n2. 한국투자신탁운용\n일자\xa0\n제재기관\n대상자\n처벌 또는 조치내용\n금전적 제재금액\n사유\n근거 법령\n2019.12.06\n공정거래위원회\n회사\n과태료\n16.3백만원\n대규모 내부거래 이사회 의결 및 공시규정 위반행위에 대한 건\n독점규제 및 공정거래에 과한 법률 제11조의 2\n3. 한국투자파트너스\n일자\xa0\n제재기관\n대상자\n처벌 또는 조치내용\n금전적 제재금액\n사유\n근거 법령\n2017.07.12\n공정거래위원회\n회사\n과태료\n8.4백만원\n기업결합신고규정 위반행위에 대한 건\n독점규제 및 공정거래에 관한 법률 제 12조 제1항, 제6항\xa0\n2021.03.08주)\n공정거래위원회\n회사\n과태료\n31.1백만원\n기업결합신고규정 위반행위에 대한 건\n독점규제 및 공정거래에 관한 법률 제 12조 제1항, 제6항\xa0\n주) 2020.2.17 신고한 3개 사 임원겸임 건에 대하여 각 과태료 기준금액 1,296만원에서 임의적 감경에 따라 20% 감면된 각 1,036.8만원 부과 받아 납부\n4. 한국투자부동산신탁\n일자\xa0\n제재기관\n대상자\n처벌 또는 조치내용\n금전적 제재금액\n사유\n근거 법령\n2021.07.27\n공정거래위원회\n회사\n과태료\n4.0백만원\n기업결합신고규정 위반행위에 대한 건\n독점규제 및 공정거래에 관한 법률 제 12조 제1항, 제6항\n주) 2021.06.29 신고한 에스케이위탁관리부동산투자회사 임원겸임 건에 대하여 과태료 기준금액 4.0백만원에서 임의적 감경에 따라 20% 감면된 3.2백만원 부과 받아 납부 3) 과세당국(국세청, 관세청 등)의 제재현황- 해당사항 없음4) 기타 행정ㆍ공공기관의 제재현황\n1. 한국투자증권\n일자\xa0\n제재기관\n대상자\n처벌 또는 조치내용\n금전적 제재금액\n사유\n근거 법령\n2017.08.04\n한국거래소\n회사\n약식제재금\n1백만원\n프로그램매매 사전보고 의무 위반\n유가증권시장 업무규정 제104조 제2항\n2017.11.01\n한국거래소\n회사\n약식제재금\n0.5백만원\n프로그램 호가표시 의무 위반\xa0\n유가증권시장 업무규정 제11조\n2018.02.06\n한국거래소\n회사\n약식제재금\n2백만원\n프로그램매매 사전보고 의무 위반\n유가증권시장 업무규정 제104조 제2항\n2018.02.27\n금융투자협회\n회사\n회원주의\n-\n불성실 수요예측 참여행위 지연신고\xa0\n증권인수업무 등에 관한 규정 제17조의 제2항\n2018.08.31\n한국거래소\n회사\n회원주의\n-\n공정거래질서 저해행위 금지 위반\xa0\n시장감시규정 제21조 1호, 제11조 1항 제4호시장감시규정시행세칙 제14조 제1항 제6호\n2018.11.29\n한국거래소\n회사\n회원제재금\n62.5백만원\n종가시세관련 주문수탁 위반\n시장감시규정 제21조,제22조 제1항 제2호시장감시규정시행세칙 제14조 제1항 제4호\n2019.08.29\n한국거래소\n회사\n약식\n제재금\n5.5백만원\n프로그램매매 호가표시 위반\n프로그램매매 사전보고 위반\n코스닥시장업무규정 제2조, 제9조유가증권시장업무규정 제104조 제2항\n2020.08.20\n금융투자협회\n회사\n회원경고\n-\n의무보유등록확약서 지연제출\n「증권 인수업무 등에 관한 규정」제6조 제6항\n2. 한국투자부동산신탁\n일자\xa0\n제재기관\n대상자\n처벌 또는 조치내용\n금전적 제재금액\n사유\n근거 법령\n2021.07.08\n서울특별시\n회사\n과태료\n1백만원\n부동산개발업 등록요건 변경신고 지연\n부동산개발업의 관리 및 육성에 관한 법률 제17조\n주) 부동산개발업 등록요건 ('21.04.15 자본금 증자) 변경신고 지연 과태료 기준금액 1백만원에서 임의적 감경에 따라 20% 감면된 0.8백만원 부과 받아 납부다. 한국거래소 등으로부터 받은 제재- 상장 및 공시에 관한 제재는 해당사항 없음라. 단기매매차익 발생 및 환수(미환수) 현황- 해당사항 없음\n4. 작성기준일 이후 발생한 주요사항 등 기타사항\n가. 작성기준일 이후 발생한 주요 사항\n[종속회사에 대한 자금대여]당사는 2021년 9월 말 이후 다음과 같이 특수관계인에 대한 자금대여가 예정되어 있으며 이에 대한 주요 내역은 다음과 같습니다.\n회사명\n관계\n대여내용\n대여기간\n대여금액\n이자율\n비고\n한국투자파트너스\n자회사\n운영자금 지원\n2021.11.19~2022.11.19\n20,000 백만원\n1.75% (예상)\n만기연장\n나. 금융회사의 예금자 보호 등에 관한 사항[한국투자금융지주]- 해당사항 없음[주요 종속회사]1) 한국투자증권1. 고객예탁재산 현황\xa0\n가) 고객예수금\n(단위 : 백만원)\n구 분\nFY2021 3분기\nFY2020\nFY2019\n위탁자예수금\n6,781,525\n6,751,537\n1,851,318\n장내파생상품거래예수금\n1,783,085\n2,018,643\n1,674,942\n청약자예수금\n38,158\n24\n24\n저축자예수금\n27,801\n30,732\n22,685\n조건부예수금\n10\n10\n10\n집합투자증권예수금\n479,823\n394,120\n214,255\n기 타\n26\n27\n21\n합 계\n9,110,428\n9,195,093\n3,763,255\n* K-IFRS 연결 기준나) 기타 고객예탁자산\n(단위 : 백만원)\n구\xa0 분\nFY2021 3분기\nFY2020\nFY2019\n위탁자유가증권\n166,116,568\n133,590,989\n76,291,839\n저축자유가증권\n141,417\n144,555\n120,310\n수익자유가증권\n54,408,667\n48,315,047\n42,284,833\n기타예수유가증권\n6,909,110\n7,389,083\n6,509,448\n합\xa0 계\n227,575,762\n189,439,673\n125,206,431\n* K-IFRS 별도 기준2. 예탁재산의 보호현황\n가) 고객예탁금 등 별도예치제도\xa0\n(기준일:2021년 09월 30일)\n(단위 : 백만원)\n구\xa0 분\n별도예치대상금액\n별도예치금액\n예치비율\n비\xa0 고\n증권금융\n은행\n고객예탁금\n6,819,353\n6,821,600\n-\n100%\n-\n청약자예수금\n38,158\n38,158\n-\n100%\n-\n합\xa0 계\n6,857,511\n6,859,758\n-\n100%\n-\n* K-IFRS 별도 기준다. 합병등의 사후정보- 해당사항 없음라. 녹색경영- 해당사항 없음마.\xa0정부의 인증 및 그 취소에 관한 사항- 해당사항 없음바. 조건부자본증권의 전환·채무재조정 사유등의 변동현황- 해당사항 없음사. 보호예수 현황- 해당사항 없음\n아. 고객정보 보호에 관한 사항\n[한국투자금융지주]한국투자금융지주는 2012년 개인정보보호기준을 수립하여 개인정보가 오·남용되거나 분실·도난·유출·변조 또는 훼손되지 아니하도록 안전성을 확보하고, 개인정보 보호활동에 대한 조직 내부의 관리 및 감독을 수행하고 있습니다. 특히, 개인정보 보호책임자를 준법감시인으로 지정하여 내부통제체계 구축 등 전반적인 개인정보 보호 업무를 수행하도록 하고 있습니다.\n[주요 종속회사]1) 한국투자증권\n한국투자증권은 개인정보 보호책임자 2인을 공동 지정하여, 회사가 처리하는 개인정보가 오·남용되거나 분실·도난·유출·변조 또는 훼손되지 아니하도록 안전성을 확보하고, 개인정보 보호활동에 대한 조직 내부의 관리 및 감독을 수행하고 있습니다. 특히, 업무 분야별 전문성을 고려하여, 개인정보 보호책임자 공동 2인 중 1인에는 준법감시인을 지정하여 내부통제체계 구축 등 일반 개인정보 보호 업무를 수행하도록 하고 있으며, 2인 중 다른 1인에는\xa0정보보호최고책임자(CISO)를\xa0지정하여 전산인프라 구축, IT보안·조치 등 전산시스템 관련 개인정보 보호업무를 수행하고 있습니다.\xa0\n\xa0개인정보주체(고객)가 회사의 개인정보 관리 현황 및 보호 기준 등을 알 수 있도록, 당사는 개인정보 처리 기준을 회사 홈페이지(https://securities.koreainvestment.com) 내 「개인정보 처리방침」에 공개하고 있습니다. 또한,「개인정보 처리방침」에는 개인정보의 처리목적, 제3자 제공에 관한 사항, 위탁에 관한 사항, 정보주체의 권리·의무 및 그 행사 방법에 관한 사항 등을 명시하고 있습니다.\r\n\xa0\xa0당사는 개인정보를 보호하기 위한 기술적, 물리적, 관리적 대책으로, 고객의 중요 개인정보는 암호화하여 저장·관리하고 있고, 정보통신망을 통한 불법적인 접근 및 침해사고 방지를 위해 침입차단 및 침입탐지시스템을 24시간 운영하고 있습니다. 또한, 백신소프트웨어를 이용하여 컴퓨터바이러스 등 악성프로그램에 의한 피해를 방지하기 위한 조치를 취하고 있습니다. 전산실 및 자료보관실 등은 특별보호구역으로 설정되어 관계자 이외의 출입을 철저히 통제하고 있으며, 개인정보 취급직원에 대하여는 업무별, 직급별로 차등하여 개인정보에 대한 접근권한을 제한하고 있습니다. 그리고 개인정보의 안전한 처리를 위한 내부관리계획을 수립·운영하고, 개인정보를 직접 취급하는 임직원 및 수탁자 등에 대한 개인정보 보호 교육을 실시하여 개인정보가 오·남용되거나 유출되지 않도록 안전하게 관리하고 있습니다.\n2) 한국투자저축은행한국투자저축은행은 고객이 제공한 고객의 개인정보 보호를 위해 기술적, 물리적, 관리적 조치를 취하고 있습니다. 고객의 중요 개인정보는 암호화하여 저장, 관리하고 있으며, 정보통신망을 통한 불법 접근을 통제하기 위하여 침입차단시스템 등을 이용하여 안전하게 관리하고 있습니다. 또한 백신 소프트웨어를 이용하여 컴퓨터 바이러스 등 악성프로그램 등을 통한 피해를 방지하기 위한 조치를 취하고 있습니다. 고객의 개인정보 취급 시 취급자의 업무별, 직급별 권한을 부여하는 등 고객 개인정보 처리를 위한 내부통제 및 관리기준을 수립하여 운영하고, 개인정보를 취급하는 임직원 및 수탁자 등에 대한 교육을 실시하여 개인정보가 오남용 되거나 외부로 유출되지 않도록 안전하게 관리하고 있습니다.한국투자저축은행은 고객 개인(신용)정보 처리 시, 개인정보보호법 등에서 정하고 있는 처리 단계별(수집,이용,제공위탁,저장관리,파기) 조치 사항을 준수하고 있으며, 고객의 권리보장을 위해 유출 시 신고절차 및 열람, 정정, 삭제 처리정지권을 행사할 수 있도록 개인정보보호규정 등에 반영하여 운영하고 있습니다.한국투자저축은행은 개인정보보호 책임자(CPO) 1인을 지정하여 내부통제 및 개인정보 보호교육(화상, 서면, 내방교육)을 실시하고 있으며, 각 팀별로 부점장이 직접 개인정보보호 관리자로 지정되어 분기별 개인정보보호절차 준수여부를 항목별로 자체 점검하여 고객개인정보가 분실, 도난, 유출 변조 또는 훼손되지 않도록 관리하는 등 업무에 철저를 기하고 있습니다. 또한, 정보보호최고책임자(CISO)를 지정하여 전산인프라 구축, IT보안·조치 등 전산시스템 관련 개인정보 보호업무를 수행하고 있습니다. 개인정보처리방침 및 CCTV 등 영상정보처리방침을 지정하여 운영하고 있으며, 이를 개인정보주체(고객)가 알 수 있도록 회사 홈페이지(https://sb.koreainvestment.com)에 게시하여 공시하고 있습니다. 또한 위탁기관에 대해서는 당사 홈페이지를 통해 공시하고 있으며 필요 시 고객정보보호 교육을 실시하여 개인정보처리자의 의무를 준수하도록 관리감독하고 있는 등 고객의 개인정보가 소중히 관리되도록 최선을 다하여 관리하고 있습니다.3) 한국투자캐피탈한국투자캐피탈은 고객정보 유출사고 가능성이 잠재적인 사업에 위험요소로 작용할 수 있습니다. 개인정보유출 사고는 감독당국의 제재(영업정지, 과태료부과, 경영진제재 등), 피해고객의 집단소송 등에 따른 손해배상, 고객상담 등 사고수습에 필요한 관리비용 증가, 유출된 정보의 부정사용으로 인한 2차 피해보상, 고객이탈 및 평판저하 등에 따른 장기영업력 악화 등이 발생할 가능성이 높아 사업에 중대한 위협이 될 수 있습니다. 한국투자캐피탈은 이러한 위험을 충분히 인지하고 있으며, 이러한 사태 발생을 사전에 예방하고자 당사는 금융당국이 추진하는 개인정보보호정책에 적극동참하고 있습니다. \n한국투자캐피탈은 개인정보책임자를 지정하여 회사가 처리하는 개인정보가 오·남용되거나 분실·도난·유출·변조 또는 훼손되지 아니하도록 안전성을 확보하고, 개인정보 보호활동에 대한 조직 내부의 관리 및 감독을 수행하고 있습니다. \n한국투자캐피탈은 개인정보를 보호하기 위하여 기술적, 물리적, 관리적 대책으로 개인고객서류를 별도 보관하여 출입을 통제하고 있습니다. 개인정보 조회시 마스킹 처리와 저장시에는 암호화하며, 내부 전자문서는 보안문서(DRM)으로 관리하며 정보통신망을 통한 불법적인 접근 및 침해사고 방지를 위해 침입차단(방화벽)을 운영하고 있습니다.\n또한, 백신소프트웨어를 이용하여 컴퓨터바이러스 등 악성프로그램에 의한 피해를 방지하기 위한 조치를 취하고 있습니다. 전산실 및 자료보관실 등은 특별보호구역으로 설정되어 관계자 이외의 출입을 철저히 통제하고 있으며, 개인정보를 직접 취급하는 임직원 및 수탁자 등에 대한 개인정보 보호 교육을 실시하여 개인정보가 오·남용되거나 유출되지 않도록 안전하게 관리하고 있습니다.다만, 이러한 내부통제 및 전산관련 시스템 등으로 통제할 수 없는 예상치 못한 고객정보의 유출에 대한 잠재적 위험은 내재되어 있으며 이에 따른 사고 발생시, 사고 수습에 필요한 관리비용 및 피해고객에 대한 손해배상 등의 재무적 위험과 회사 및 경영진 등에 대한 대규모 제재관련 위험, 그 밖의 평판 저하에 따른 영업력 저하 등 회사에 부정적 영향을 미칠 수 있는 위험이 일부 내재되어 있음을 알려드립니다.\n4) 기타 계열사한국투자신탁운용, 한국투자밸류자산운용, 한국투자파트너스 등 한국투자금융지주 계열사들은 개인정보 보호책임자를 지정하여, 회사가 처리하는 개인정보가 오·남용되거나 분실·도난·유출·변조 또는 훼손되지 아니하도록 안전성을 확보하고, 개인정보 보호활동에 대한 조직 내부의 관리 및 감독을 수행하고 있습니다. 특히, 개인정보 보호책임자를 준법감시인으로 지정하여 내부통제체계 구축 등 전반적인 개인정보 보호 업무를 수행하도록 하고 있습니다.\n""]"
