text
"[""\nIV. 이사의 경영진단 및 분석의견\n1. 예측정보에 대한 유의사항본 자료는 미래에 발생할 것으로 예상ㆍ예측되는 활동, 사건 또는 현상에 대하여 당해 공시서류 \xa0작성시점에 사건 및 재무성과에 대하여 회사의 견해를 반영한 것입니다동 예측정보는 미래 사업환경과 관련된 다양한 가정에 기초하고 있으며, 동 가정들은결과적으로 부정확한 것으로 판명될 수도 있습니다. 또한, 이러한 가정들에는 예측정보에서 기재한 예상치와 실제 결과 간에 중요한 차이를 초래할 수 있는 요인에는 회사 내부경영과 관련된 요인과 외부 환경에 관한 요인이 포함되어 있으며, 이에 한하지 않습니다. 당사는 동 예측정보 작성시점 이후에 발생하는 위험 또는 불확실성을 반영하기 위하여 예측정보를 기재한 사항을 수정하는 정정보고서를 공시할 의무는 없습니다. 결론적으로는 동 이사의 경영진단 의견서상에 회사가 예상한 결과 또는 상황이 실현되거나 회사가 당초에 예상한 영향이 발생한다는 확신을 제공할 수 없습니다. 동 의견서에 기재된 예측정보는 동 보고서 작성시점을 기준으로 작성한 것이며, 회사가 이러한 위험요인이나 예측정보를 최신화할 예정이 없음을 유의하시기 바랍니다.2. 개요당사는 사업지주회사로서 사업의 내용을 지주부문과 사업부문으로 구분할 수 있습니다. 지주부문은 다른 회사의 주식을 단순히 소유하는 것 이상으로 주식(의결권)을 보유함으로써 해당 회사에 대하여 실질적인 지배권을 취득하고 경영 효율화를 통해 기업가치를 향상시키는 역할을 하고 있습니다. 주요 수입으로는 계열회사로부터의 배당수익 및 웅진브랜드상표권 사용수익, 경영자문수익, 임대 수익 등이 있습니다. 사업부문은 독자적인 IT 기술력을 바탕으로 기업고객의 디지털 경영을 위해 Total IT 서비스를 제공하고 있습니다. IT 서비스는 크게 Solution Business, ERP Business, CLOUD Business, 대외 디지털 콜센터로 총 4개의 분야로 구분되고 있습니다. 최근 정보와 전문기술 등 지식 집약적 4차산업이 가속화되며, 기업들의 디지털 IT System을 갖추기 위한 디지털 트랜스포메이션 수요가 높아져 IT 기술력이 더욱 각광받고 있습니다. 웅진의 IT 사업부문은 이러한 변화에 선제적으로 대응하여 웅진만의 독자적인 IT기술력과 노하우로 국내외 유수 기업들의 IT System 구축 및 디지털 전환을 선도해 나갈 것입니다.2023년 한해는 코로나 위기를 극복하는 과정에서 고금리/고물가와 대외 무역수지 적자, 국내 부동산 위기 그리고 소비/생산/투자/고용 침체까지 이어지며 나타난 국내외의 불안정한 경제환경으로 그 어느 때보다도 기업경영에 어려움을 겪었던 한 해였습니다. 올해에도 미중 외교 및 경제 갈등과 유럽 및 중동에서의 전쟁상황이 지속되면서 세계 경제의 침체 가능성이 증대되고, 국내에서도 이와 함께 인플레이션에 따른 원자재 가격 상승과 각국의 긴축적 통화정책의 영향으로 경영환경의 불확실성과 어려움이 지속될 것으로 예상되고 있습니다. 당사는 이러한 경제환경 속에서도 IT 기술력을 강화하여 더욱 다양한 고객에게 IT System 구축 및 고도화 서비스 제공해 나갈 것이며 웅진그룹의 모든 계열회사 또한 새로운 성장동력을 모색해 나감과 동시에 실적을 개선하여 어려운 시기를 슬기롭게 이겨나갈 것입니다.2023년도 (주)웅진은 별도 기준 매출액 1,707억원, 영업이익 203억원, 당기순이익 145억원을 기록하였습니다. 사업부문에서 Solution Business가 약진하며 매출성장을 이끌었으나 지주부문 매출감소의 영향으로 전년 대비 매출은 0.63% 소폭 증가하였으며 영업이익률은 11.91%를 기록하며 작년에 이어 견고한 영업이익률을 이어가고 있습니다. IT사업부문은 전통적 IT System 구축을 담당하는 'ERP Business'를 중심으로 독자적 IT솔루션 모델인 WRMS(Woongjin Rental Management System), WDMS(Woongjin Digital Mobility Solution)를 갖추고 있는 'Solution Business'와 IT System Cloud 전환을 이끌고 있는 'Cloud Business'가 빠르게 성장하며 웅진그룹의 IT사업부문에서 지속가능한 성장을 주도해 나갈 것입니다. 한편, (주)웅진의 2023년도 연결 기준 매출액은 1조 186억원, 영업이익은 224억원을기록하였으나 당기순이익은 -248억원으로 적자전환 하였습니다. 연결 기준 당기순이익 적자전환은 주요 계열회사의 무형자산 손상차손 등 일회성 비용발생의 증가에 따른 것으로 2024년도에는 매출성장 및 수익성 개선을 이룰 수 있을 것으로 예상하고 있습니다. 웅진그룹은 어려운 대내외 경제환경 속에서도 꾸준한 투자와 기술개발을 통하여 핵심역량을 강화해 나감과 동시에 신규사업 진출을 통해 사업영역을 확장하여 지속가능한 성장발판을 마련하고 기업가치를 제고해 나갈 것입니다.3. 재무상태 및 영업실적가. 별도 요약재무정보\n[별도 재무상태표]\n[단위 : 원]\n과 \xa0목\n제41(당)기\n제40(전)기\n제39(전전)기\n자 산\n\u3000\n\u3000\n\u3000\n\xa0 \xa0I. 유동자산\n34,829,084,984\n84,407,954,314\n39,090,480,727\n\xa0 \xa0II. 비유동자산\n392,198,635,721\n349,164,611,933\n390,011,460,114\n\xa0자산총계\n427,027,720,705\n433,572,566,247\n429,101,940,841\n부 채\n\u3000\n\u3000\n\u3000\n\xa0 I. 유동부채\n107,877,151,873\n87,956,654,714\n102,324,981,249\n\xa0 II. 비유동부채\n27,260,243,996\n65,133,003,374\n69,624,436,104\n\xa0부채총계\n135,137,395,869\n153,089,658,088\n171,949,417,353\n자 본\n\u3000\n\u3000\n\u3000\n\xa0 I. 자본금\n42,213,540,000\n42,213,540,000\n42,213,540,000\n\xa0 II. 자본잉여금\n121,386,365,592\n121,386,365,592\n121,386,365,592\n\xa0 III. 기타자본구성요소\n-1,879,580,607\n61,150,849\n202,362,511\n\xa0 IV. 이익잉여금(결손금)\xa0\n130,169,999,851\n116,821,851,718\n93,350,255,385\n\xa0자본총계\n291,890,324,836\n280,482,908,159\n257,152,523,488\n부채 및 자본총계\n427,027,720,705\n433,572,566,247\n429,101,940,841\n[별도 손익계산서]\n[단위 : 원]\n과 \xa0목\n제41(당)기\n제40(전)기\n제39(전전)기\n매출액\n170,722,330,424\n169,645,915,836\n141,883,099,428\xa0\n매출원가\n117,575,276,298\n117,415,066,161\n91,162,167,690\xa0\n매출총이익\n53,147,054,126\n52,230,849,675\n50,720,931,738\xa0\n판매비와관리비\n32,821,071,863\n30,321,988,655\n26,351,394,716\xa0\n영업이익\n20,325,982,263\n21,908,861,020\n24,369,537,022\xa0\n기타수익\n679,550,276\n2,406,139,024\n535,565,969\xa0\n기타비용\n582,507,691\n2,669,327,966\n3,009,715,686\xa0\n금융수익\n1,050,829,587\n5,923,490,372\n525,301,030\xa0\n금융원가\n6,326,832,721\n6,802,527,870\n7,914,439,034\xa0\n관계기업투자손익\n0\n0\n29,147,632\xa0\n세전순이익\n15,147,021,714\n20,766,634,580\n14,535,396,933\xa0\n법인세비용(환입)\n601,025,507\n-2,866,709,522\n-5,194,352,034\n계속사업이익\n14,545,996,207\n23,633,344,102\n19,729,748,967\n중단사업이익\n0\n0\n-82,606,481\n당기순이익\n14,545,996,207\n23,633,344,102\n19,647,142,486\n구분\n산식\n2023년\n2022년\n증감\n유동비율\n(유동자산÷유동부채) ×100\n32.29%\n95.97%\n△63.68%\n부채비율\n(부채총계÷자기자본) ×100\n46.30%\n54.58%\n△8.28%\n매출액영업이익률\n(영업이익÷매출액) ×100\n11.91%\n12.91%\n△1.01%\n매출액순이익률\n(당기순이익÷매출액) ×100\n8.52%\n13.93%\n△5.41%\n총자산순이익률\n(당기순이익÷총자산) ×100\n3.41%\n5.45%\n△2.04%\n자기자본순이익률\n(당기순이익÷자기자본) ×100\n4.98%\n8.43%\n△3.44%\n총자산대비 영업현금흐름비율\n(영업활동으로인한 현금흐름÷총자산) ×100\n5.64%\n6.11%\n△0.47%\nEBITDA\n(법인세ㆍ이자ㆍ감가상각비 차감 전 영업이익)\n261 억원\n271 억원\n△10 억원\n\xa02023년도 별도 기준 매출액은 1,707억원, 영업이익 203억원, 당기순이익 145억원을 기록하였습니다. 사업부문에서 Solution Business가 약진하며 매출성장을 이끌었으나 지주부문 매출감소의 영향으로 전년 대비 매출은 0.63% 소폭 증가하였으며 영업이익률은 11.91%를 기록하며 작년에 이어 견고한 영업이익률을 이어가고 있습니다. 웅진IT 사업부문은 고도화된 전사적자원관리(ERP) 솔루션 서비스를 제공하고 있는 'ERP Business'를 바탕으로, 최근 웅진IT만의 독자적 기술로 개발한 WRMS/WDMS/GAM 'Solution Business'가 빠른 성장과 높은 수익성을 나타내며 지속가능한 성장을 이끌고 있습니다. 또한 기업들의 IT정보 Digital Trans formation을 위한 시스템 Cloud 전환 및 로우코드 시장으로 사업영역을 확장해 나가고 있습니다. 기술력을 바탕으로 한 사업영역 확장으로 웅진 IT사업부문은 2024년도 계속적인 성장을 이어갈 것으로 기대하고 있습니다.\xa0\n나. 연결 요약재무정보[연결 재무상태표]\n[단위 : 원]\n과 \xa0목\n제41(당)기\n제40(전)기\n제39(전전)기\n자 산\n\u3000\n\u3000\n\u3000\n\xa0 I. 유동자산\n432,073,368,991\n481,290,449,369\n496,564,255,314\n\xa0 II. 비유동자산\n595,004,663,344\n613,127,338,395\n569,430,115,179\n\xa0자산총계\n1,027,078,032,335\n1,094,417,787,764\n1,065,994,370,493\n부 채\n\u3000\n\u3000\n\u3000\n\xa0 I. 유동부채\n631,966,521,029\n728,792,255,569\n588,483,896,981\n\xa0 II. 비유동부채\n203,486,710,133\n139,461,058,802\n256,992,991,080\n\xa0부채총계\n835,453,231,162\n868,253,314,371\n845,476,888,061\n\xa0 I. 지배기업 소유주지분\n65,030,983,985\n77,812,838,526\n60,763,203,913\n\xa0 \xa0(1) 자본금\n42,213,540,000\n42,213,540,000\n42,213,540,000\n\xa0 \xa0(2) 자본잉여금\n105,896,579,559\n104,384,276,522\n97,589,106,461\n\xa0 \xa0(3) 기타포괄손익누계액\n982,060,786\n34,198,168\n-345,715,500\n\xa0 \xa0(4) 기타자본구성요소\n7,810,097,371\n9,750,828,827\n9,892,040,489\n\xa0 \xa0(5) 이익잉여금(결손금)\n-91,871,293,731\n-78,570,004,991\n-88,585,767,537\n\xa0 II. 비지배지분\n126,593,817,188\n148,351,634,867\n159,754,278,519\n\xa0자본총계\n191,624,801,173\n226,164,473,393\n220,517,482,432\n부채 및 자본총계\n1,027,078,032,335\n1,094,417,787,764\n1,065,994,370,493\n[연결 손익계산서]\n[단위 : 원]\n과 \xa0목\n제41(당)기\n제40(전)기\n제39(전전)기\n매출액\n1,018,577,151,624\n1,049,841,292,075\n979,866,235,586\xa0\n매출원가\n532,585,405,948\n560,501,614,263\n529,138,371,156\xa0\n매출총이익\n485,991,745,676\n489,339,677,812\n450,727,864,430\xa0\n판매비와관리비\n463,631,804,856\n447,012,308,758\n407,774,941,753\xa0\n영업이익\n22,359,940,820\n42,327,369,054\n42,952,922,677\xa0\n기타수익\n4,746,398,626\n6,767,311,554\n23,037,651,443\xa0\n기타비용\n40,137,567,352\n19,201,903,271\n10,585,556,232\xa0\n금융수익\n6,360,975,864\n4,964,144,282\n7,933,036,324\xa0\n금융원가\n27,267,646,879\n25,975,007,863\n26,678,842,275\xa0\n관계기업 등 투자손익\n0\n0\n32,766,107\xa0\n세전계속사업순이익\n-33,937,898,921\n8,881,913,756\n36,691,978,044\xa0\n법인세비용\n-9,183,100,633\n510,749,670\n2,440,569,487\xa0\n계속사업이익\n-24,754,798,288\n8,371,164,086\n34,251,408,557\xa0\n중단사업이익\n0\n-278,413,838\n-89,298,945\n당기순손익\n-24,754,798,288\n8,092,750,248\n34,162,109,612\xa0\n[연결\xa0주요 재무비율]\r\n구분\n산식\n2023년\n2022년\n증감\n유동비율\n(유동자산÷유동부채) ×100\n68.37%\n66.04%\n2.33%\n부채비율\n(부채총계÷자기자본) ×100\n435.98%\n383.90%\n52.08%\n매출액영업이익률\n(영업이익÷매출액) ×100\n2.20%\n4.03%\n△1.84%\n매출액순이익률\n(당기순이익÷매출액) ×100\n-2.51%\n0.77%\n△3.28%\n총자산순이익률\n(당기순이익÷총자산) ×100\n-2.49%\n0.74%\n△3.23%\n자기자본순이익률\n(당기순이익÷자기자본) ×100\n-13.33%\n3.58%\n△16.91%\n총자산대비 영업현금흐름비율\n(영업활동으로인한 현금흐름÷총자산) ×100\n9.44%\n10.27%\n△0.83%\nEBITDA\n(법인세ㆍ이자ㆍ감가상각비 차감 전 영업이익)\n1,066 억원\n1,213 억원\n△147 억원\n\xa02023년도 연결 기준 매출액은 1조 186억원, 영업이익은 224억원을기록하였으나 당기순이익은 -248억원으로 적자전환 하였습니다. 연결 기준 당기순이익 적자전환은 주요 계열회사의 무형자산 손상차손 등 일회성 비용발생의 증가에 따른 것으로 2024년도에는 매출성장과 일회성 비용의 제거 효과로 수익성 개선을 이룰 수 있을 것으로 예상하고 있습니다. 한편, 2023년말 연결 기준 유동자산은 4,321억원으로 전년 4,813억원 대비 492억원 감소되었으나 유동부채 또한 7,288억원에서 6,320억원으로 약 968억원 감소하며 유동비율은 전년 66.0%에서 68.4%로 소폭 개선되었습니다. 부채총계는 2022년말 8,683억원 대비 2023년말 8,355억원으로 328억원 감소되었으나 부채비율은 436.0%로 이익잉여금감소 영향으로 전년 대비 52.1% 높아졌습니다. 웅진그룹의 1조원 이상의 총자산규모와 1,000억원 이상의 현금창출능력(2023년 EBITDA 1,066억원)을 감안한다면 그룹의 부채규모는 관리 가능한 수준으로 판단하고 있습니다. 웅진그룹은 어려운 대내외 경제환경 속에서도 꾸준한 투자와 기술개발을 통하여 핵심역량을 강화해 나감과 동시에 신규사업 진출을 통해 사업영역을 확장하여 지속가능한 성장발판을 마련하고 기업가치를 제고해 나갈 것입니다.\n4. 신규 사업 및 중단 사업\n \xa0가. IT사업부문 신규사업  당사는 'Solution Business' 신규사업의 일환으로 '플랫폼 구독솔루션 사업 활성화'를 위해 지난 2022년 3월 25일 제39기 정기주주총회에서 '전자 지급결제 대행 서비스업' 사업목적을 추가하였으며 해당 사업목적 추가를 통해 금융감독원에 전자금융업을 등록할 수 있으며, 전자금융업 등록을 통해 회사가 결제시스템을 직접 관리하여단순 솔루션 제공 한계를 벗어나 IT사업부문 플랫폼 비지니스 사업적 이익효과를 극대화할 수 있을 것으로 기대하고 있습니다.\n5. 조직개편 -\xa0해당사항 없음6. 환율변동 영향\n가. 별도 기준 환율변동 영향\n당사는 제품 수출 및 원재료 수입 거래와 관련하여 USD 등의 환율변동위험에 노출되어 있습니다. 당사는 내부적으로 원화 환율 변동에 대한 환위험을 정기적으로 측정하고 있습니다.\n당기말과 전기말 현재 기능통화 이외의 외화로 표시된 화폐성자산 및 부채의 기능통화로 환산된 장부금액은 다음과 같습니다.\n(단위: 천원)\n구분\n당기말\n전기말\nUSD\nEUR\nCNH\nUSD\nEUR\nCNH\n자산:\n\xa0매출채권및기타채권\n399,047\n122,741\n65,453\n582,579\n127,718\n140,951\n부채:\n\xa0매입채무및기타채무\n2,899\n15,228\n-\n-\n-\n-\n보고기간말 현재 각 외화에 대한 기능통화의 환율 5% 변동시 환율변동이 세전손익에 미치는 영향은 다음과 같습니다.\n(단위: 천원)\n구 \xa0 분\n당기\n전기\n5% 상승시\n5% 하락시\n5% 상승시\n5% 하락시\n자산 :\nUSD\n19,952\n(19,952)\n29,129\n(29,129)\nEUR\n6,137\n(6,137)\n6,386\n(6,386)\nCNH\n3,273\n(3,273)\n7,048\n(7,048)\n부채 :\nUSD\n(145)\n145\n-\n-\nEUR\n(761)\n761\n-\n-\n상기 민감도 분석은 보고기간말 현재 기능통화 이외의 외화로 표시된 화폐성자산 및 부채를 대상으로 하였습니다.나. 연결 기준 환율변동 영향\n연결회사는 제품 수출 및 원재료 수입 거래와 관련하여 USD 등의 환율변동위험에 노출되어 있습니다. 연결회사는 내부적으로 원화 환율 변동에 대한 환위험을 정기적으로 측정하고 있습니다.당기말과 전기말 현재 기능통화 이외의 외화로 표시된 화폐성자산 및 부채의 기능통화로 환산된 장부금액은 다음과 같습니다.\n(단위: 천원)\n구 분\n당기말\n전기말\nUSD\nEUR\nJPY\nCNH\n기타(GBP등)\nUSD\nEUR\nJPY\nCNH\n기타(GBP등)\n자산:\n\xa0현금및현금성자산\n1,995,434\n-\n3,742\n43,467\n17,479\n577,807\n32,468\n3,908\n-\n45,237\n\xa0매출채권및기타채권\n6,987,050\n122,741\n-\n65,453\n718,398\n4,382,849\n127,718\n-\n140,951\n964,387\n소계\n8,982,484\n122,741\n3,742\n108,920\n735,877\n4,960,656\n160,186\n3,908\n140,951\n1,009,624\n부채:\n\xa0매입채무및기타채무\n1,753,719\n15,228\n-\n-\n159,482\n1,719,260\n1,486\n-\n-\n1,651\n외화순자산 합계\n7,228,765\n107,513\n3,742\n108,920\n576,395\n3,241,396\n158,700\n3,908\n140,951\n1,007,973\n보고기간말 현재 각 외화에 대한 기능통화의 환율 5% 변동 시 환율변동이 세전손익에 미치는 영향은 다음과 같습니다.\n\xa0(단위 : 천원)\n구분\n당기말\n전기말\n5% 상승시\n5% 하락시\n5% 상승시\n5% 하락시\nUSD\n361,438\n(361,438)\n162,070\n(162,070)\nEUR\n5,376\n(5,376)\n7,935\xa0\n(7,935)\nJPY\n187\n(187)\n195\n(195)\nCNY\n5,446\n(5,446)\n7,048\n(7,048)\n기타(GBP 등)\n28,820\n(28,820)\n50,399\n(50,399)\n계\n401,267\n(401,267)\n227,647\n(227,647)\n상기 민감도 분석은 보고기간말 현재 기능통화 이외의 외화로 표시된 화폐성 자산 및부채를 대상으로 하였습니다.\n7. 유동성 및 자금조달과 지출가. 별도 기준\xa0유동성 및 자금조달과 지출\r\n당사는 현금 등 금융자산을 인도하여 결제하는 금융부채와 관련된 의무를 충족하는 데 어려움을 겪게 될 유동성위험에 노출되어 있습니다. 당사는 유동성위험을 관리하기 위하여 단기 및 중장기 자금관리계획을 수립하고 현금유출예산과 실제 현금유출액을 지속적으로 분석ㆍ검토하여 금융부채와 금융자산의 만기구조를 대응시키고 있습니다. 당사의 경영진은 영업활동현금흐름과 금융자산의 현금유입으로 금융부채를 상환가능하다고 판단하고 있습니다. \n\xa0(1) 유동성 현황당기말과 전기말 현재 현금 및 현금성 자산의 내역은 다음과 같습니다.\n(단위: 천원)\n구분\n당기말\n전기말\n증감\n요구불예금\n12,354,957\n4,021,479\n8,333,478\n기타현금성자산\n-\n2,834,917\n-2,834,917\n합계\n12,354,957\n6,856,396\n5,498,561\n (2) 자금조달현황\n당기말 현재 금융부채의 계약에 따른 만기는 다음과 같습니다.\xa0\n(단위: 천원)\n구분\n장부금액\n계약상현금흐름\n잔존계약만기\n1년 이하\n1 ~ 5년\n매입채무및기타채무\n12,049,069\n12,049,069\n12,049,069\n-\n단기차입금\n46,000,000\n47,188,009\n47,188,009\n-\n유동성장기차입금\n1,725,739\n1,879,370\n1,879,370\n-\n유동성사채\n29,991,238\n30,338,400\n30,338,400\n-\n유동성교환사채(*)\n3,658,791\n5,000,000\n-\n5,000,000\n유동성리스부채\n5,487,005\n5,705,257\n5,705,257\n-\n장기매입채무및기타장기채무\n372,810\n372,810\n-\n372,810\n장기차입금\n1,522,335\n1,566,142\n-\n1,566,142\n장기리스부채\n7,950,612\n9,050,987\n-\n9,050,987\n지급보증한도\n105,000,000\n105,000,000\n-\n105,000,000\n합계\n213,757,599\n218,150,044\n97,160,105\n120,989,939\n(*) 계약상 만기는 2026년 06월 14일이나 조기상환권 행사기간을 고려하여 유동성 부채로 분류하였습니다.\n상기 금융부채의 잔존만기별 현금흐름은 할인되지 아니한 명목금액으로서 지급을 요구받을 수 있는 기간 중 가장 이른 일자를 기준으로 작성되었으며, 이자의 현금흐름을 포함하고 있습니다. 또한, 공정가치로 측정되는 금융부채는 제외하였습니다.\n\xa0(3) 자금지출에 관한 사항당사의 영업이익 대비 영업활동으로 인한 현금흐름의 비율은 최근 2년 평균 119.8%이며 전기 현금및현금성자산의 순증감 -23억원 대비 당기 현금및현금성자산의 순증감은 55억원으로 전기 대비 78억원 자금지출이 감소되었습니다.\n(단위: 천원)\n구 \xa0분\n당기\n전기\n증감\n영업이익\xa0\n20,325,982\n21,908,861\n-1,582,879\n영업활동으로 인한 현금흐름\n24,086,843\n26,499,064\n-2,412,221\n투자활동으로 인한 현금흐름\n3,672,787\n-2,949,105\n6,621,893\n재무활동으로 인한 현금흐름\n-22,261,070\n-25,857,706\n3,596,636\n현금및현금성자산의 순증감\n5,498,561\n-2,307,747\n7,806,308\n기초의 현금및현금성자산\n6,856,396\n9,164,143\n-2,307,747\n기말의 현금및현금성자산\n12,354,957\n6,856,396\n5,498,561\n (4) 공시 대상 기간동안 유무형자산 취득 및 처분 등 변동내역은 다음과 같습니다.회사는 영업활동 경쟁력을 강화하기 위해 지속적인 유무형자산 투자활동을 지속하고있습니다. 유무형자산 취득 및 변동내역은 아래와 같으며 경영상황에 중요한 영향을 미친 투자활동은 없습니다.① 유무형자산 구성내역\n(단위: 천원)\n구분\n취득원가\n감가상각누계액\n손상차손누계액\n장부금액\n유형자산\n비품\n9,051,592\n(6,771,135)\n(549,948)\n1,730,509\n무형자산\n산업재산권\n586,701\n(506,134)\n-\n80,567\n무형자산\n소프트웨어\n2,567,398\n(2,335,314)\n-\n232,084\n무형자산\n시설이용권\n5,220,898\n-\n(605,508)\n4,615,390\n무형자산\n개발비\n10,099,225\n(9,218,119)\n(274,537)\n606,569\n무형자산\n개발중인 무형자산\n4,684\n-\n-\n4,684\n합계\n27,530,498\n(18,830,702)\n(1,429,993)\n7,269,803\n② 유무형자산 변동내역\n(단위: 천원)\n구분\n기초금액\n취득금액\n유무형자산상각비\n대체 및 처분\n손상차손\n기말금액\n유형자산\n비품\n1,734,719\n507,286\n(511,399)\n(97)\n1,730,509\n무형자산\n산업재산권\n81,958\n48,723\n(52,898)\n2,784\n-\n80,567\n무형자산\n소프트웨어\n183,657\n114,000\n(65,573)\n-\n-\n232,084\n무형자산\n시설이용권\n4,615,390\n-\n-\n-\n-\n4,615,390\n무형자산\n개발비\n1,013,354\n4,284\n(332,899)\n141,618\n(219,788)\n606,569\n무형자산\n개발중인 무형자산\n147,242\n1,844\n-\n(144,402)\n-\n4,684\n합계\n7,776,320\n676,137\n(451,370)\n-\n(219,788)\n7,269,803\n나. 연결 기준\xa0유동성 및 자금조달과 지출연결회사는 현금 등 금융자산을 인도하여 결제하는 금융부채와 관련된 의무를 충족하는 데 어려움을 겪게 될 유동성위험에 노출되어 있습니다. 연결회사는 유동성위험을 관리하기 위하여 단기 및 중장기 자금관리계획을 수립하고 현금유출예산과 실제 현금유출액을 지속적으로 분석ㆍ검토하여 금융부채와 금융자산의 만기구조를 대응시키고 있습니다. 연결회사의 경영진은 영업활동현금흐름과 금융자산의 현금유입으로 금융부채를 상환가능하다고 판단하고 있습니다. \n\xa0(1) 유동성 현황당기말과 전기말 현재 현금 및 현금성 자산의 내역은 다음과 같습니다.\n(단위: 천원)\n구분\n당기말\n전기말\n증감\n보유현금\n10,544\n11,579\n-1,035\n요구불예금\n46,958,909\n30,863,586\n16,095,323\n기타현금성자산\n1,000,017\n7,834,917\n-6,834,900\n합계\n47,969,470\n38,710,082\n9,259,388\n나. 자금조달현황\n당기말 현재 금융부채의 계약에 따른 만기는 다음과 같습니다.\xa0\n(단위: 천원)\n구 \xa0 분\n장부금액\n계약상현금흐름\n잔존계약만기\n1년 이하\n1 ~ 5년\n5년이상\n매입채무및기타채무\n195,974,839\n198,320,359\n172,259,968\n26,060,391\n-\n단기차입금\n255,732,591\n259,587,615\n259,587,615\n-\n-\n유동성사채(*)\n34,990,073\n35,338,400\n30,338,400\n5,000,000\n-\n유동성장기차입금\n3,309,219\n3,522,900\n3,522,900\n-\n-\n장기차입금\n121,509,631\n127,314,248\n892,027\n124,819,403\n1,602,818\n리스부채\n54,007,364\n57,740,095\n28,918,803\n28,821,292\n-\n지급보증한도\n105,000,000\n105,000,000\n-\n105,000,000\n-\n합계\n770,523,717\n786,823,617\n495,519,713\n289,701,086\n1,602,818\n(*)\n교환사채의 계약상 만기는 2026년 6월 14일이나 조기상환권 행사기간을 고려하여 유동성 부채로 분류하였습니다.\n상기 금융부채의 잔존만기별 현금흐름은 할인되지 아니한 명목금액으로서 지급을 요구받을 수 있는 기간 중 가장 이른 일자를 기준으로 작성되었으며, 이자의 현금흐름을 포함하고 있습니다. 또한, 공정가치로 측정되는 금융부채는 제외하였습니다.\n다. 자금지출에 관한 사항연결회사의\xa0영업이익 대비 영업활동으로 인한 현금흐름의 비율은 최근 2년 평균 317.7%이며 전기 현금및현금성자산의 순증감 -179억원 대비 당기 현금및현금성자산의 순증감은 91억원으로 전기 대비 270억원 자금지출이 감소되었습니다.\r\n(단위: 천원)\n구 \xa0분\n당기\n전기\n증감\n영업이익\xa0\n22,359,941\n42,327,369\n-19,967,428\n영업활동으로 인한 현금흐름\n93,102,082\n112,388,797\n-19,286,715\n투자활동으로 인한 현금흐름\n-15,353,448\n-75,512,349\n60,158,901\n재무활동으로 인한 현금흐름\n-68,611,785\n-54,751,304\n-13,860,481\n현금및현금성자산의 순증감\n9,136,850\n-17,874,855\n27,011,705\n기초의 현금및현금성자산\n38,710,082\n56,373,243\n-17,663,161\n기타 외화표시 및 해외사업 현금 변동\n122,539\n211,694\n\u3000\n기말의 현금및현금성자산\n47,969,470\n38,710,082\n9,259,389\n라. 공시 대상 기간동안 유무형자산 취득 및 처분 등 변동내역은 다음과 같습니다.회사는 영업활동 경쟁력을 강화하기 위해 지속적인 유무형자산 투자활동을 지속하고있습니다. 유무형자산 취득 및 변동내역은 아래와 같으며 경영상황에 중요한 영향을 미친 투자활동은 없습니다.① 유형자산 구성내역\n(단위: 천원)\n구분\n취득원가\n감가상각누계액\n손상차손누계액\n장부금액\n토지\n225,311,141\n-\n(18,547,212)\n206,763,929\n건물\n195,194,250\n(58,321,632)\n(12,022,157)\n124,850,461\n구축물\n5,220,412\n(1,307,672)\n-\n3,912,740\n기계장치\n11,665,206\n(6,843,650)\n-\n4,821,556\n차량운반구\n34,133\n(33,423)\n-\n710\n비품\n78,711,275\n(57,526,323)\n(745,655)\n20,439,297\n건설중인자산\n484,207\n-\n-\n484,207\n임차자산\n13,767,501\n(5,018,602)\n-\n8,748,899\n기타유형자산\n2,237,140\n(1,971,086)\n-\n266,054\n렌탈자산\n1,351,415\n(1,139,270)\n-\n212,145\n합계\n533,976,680\n(132,161,658)\n(31,315,024)\n370,499,998\n② 유형자산 변동내역\n(단위: 천원)\n구분\n기초금액\n취득금액\n처분금액\n감가상각비\n기타증감액\n기말금액\n토지(*1)\n207,705,028\n-\n-\n-\n(941,099)\n206,763,929\n건물(*1)\n128,308,640\n495,569\n-\n(3,982,084)\n28,336\n124,850,461\n구축물\n3,789,785\n253,466\n-\n(130,511)\n-\n3,912,740\n기계장치\n1,089,312\n114,608\n(109,275)\n(365,571)\n4,092,482\n4,821,556\n차량운반구\n7,150\n-\n-\n(6,440)\n-\n710\n비품(*2)\n19,879,928\n5,663,528\n(225,979)\n(7,498,881)\n2,620,701\n20,439,297\n건설중인자산\n2,504,502\n7,996,754\n-\n-\n(10,017,049)\n484,207\n기타유형자산\n200,958\n242,700\n-\n(158,783)\n(18,821)\n266,054\n렌탈자산(*2)\n376,856\n-\n(9,571)\n(257,744)\n102,604\n212,145\n임차자산\n7,096,159\n13,090\n(7,806)\n(3,514,738)\n5,162,194\n8,748,899\n합계\n370,958,318\n14,779,715\n(352,631)\n(15,914,752)\n1,029,348\n370,499,998\n(*1)\n토지 및 건물의 기타증감액은 투자부동산으로 대체한 금액입니다.\n(*2)\n재고자산에서 비품 및 렌탈자산으로 대체된 금액은 1,970,820천원입니다.\n③ 무형자산 구성내역\n(단위: 천원)\n구분\n취득원가\n상각누계액\n손상차손누계액\n정부보조금\n장부금액\n영업권\n1,605,801\n-\n(1,217,288)\n-\n388,513\n산업재산권\n2,124,087\n(1,739,056)\n(26,771)\n-\n358,260\n개발비\n164,480,180\n(110,314,965)\n(28,724,618)\n(189,546)\n25,251,051\n소프트웨어\n53,537,504\n(20,441,055)\n(16,523,672)\n-\n16,572,777\n시설이용권\n9,052,618\n-\n(1,845,074)\n-\n7,207,544\n기타무형자산\n4,356,756\n(3,071,571)\n(283,169)\n-\n1,002,016\n개발중인무형자산\n8,662,728\n-\n(4,103,865)\n(1,073,177)\n3,485,686\n저작권\n15,727,227\n(8,462,606)\n-\n-\n7,264,621\n합계\n259,546,901\n(144,029,253)\n(52,724,457)\n(1,262,723)\n61,530,468\n④ 무형자산 변동내역\n(단위: 천원)\n구분\n기초금액\n취득금액\n무형자산상각비\n손상차손\n기타증감액\n기말금액\n영업권\n648,513\n-\n-\n(260,000)\n-\n388,513\n산업재산권\n316,170\n57,615\n(137,070)\n-\n121,545\n358,260\n개발비\n41,899,763\n44,284\n(15,770,962)\n(16,901,241)\n15,979,207\n25,251,051\n소프트웨어\n29,200,733\n576,814\n(6,916,314)\n(15,384,727)\n9,096,271\n16,572,777\n시설이용권(*)\n7,261,321\n-\n-\n45,463\n(99,240)\n7,207,544\n기타무형자산\n1,803,917\n-\n(800,396)\n-\n(1,505)\n1,002,016\n개발중인무형자산\n7,146,567\n23,780,036\n-\n(1,889,388)\n(25,551,529)\n3,485,686\n저작권\n7,245,852\n5,166,393\n(5,147,624)\n-\n-\n7,264,621\n합계\n95,522,836\n29,625,142\n(28,772,366)\n(34,389,893)\n(455,251)\n61,530,468\n(*) 당기 중 시설이용권 손상차손 45,462천원이 환입되었습니다.\n8. 부외거래가. 별도 기준\xa0부외거래\n\xa0(1) 당기말 현재 금융기관 등과 체결한 주요 약정사항은 다음과 같습니다.\n(단위: 천원)\n구분\n금융기관 등\n물건또는내용\n약정금액\n실행금액\n대출약정\nKB국민은행\n담보대출\n5,000,000\n3,248,074\n대출약정\nKB국민은행\n담보대출\n5,000,000\n5,000,000\n대출약정\nKEB하나은행\n담보대출\n16,000,000\n14,000,000\n대출약정\nDGB대구은행\n담보대출\n10,000,000\n10,000,000\n대출약정\nKDB산업은행\n담보대출\n10,000,000\n10,000,000\n대출약정\n우리은행\n신용대출\n7,000,000\n7,000,000\n또한, (주)웅진플레이도시(명목상 차주는 엠더블유제일차(주))를 위하여 제공한 자금보충약정이 존재하며 관련 약정금액은 1,050억원입니다.\n\xa0(2) 당기말 현재 차입금 등과 관련하여 당사가 담보로 제공한 자산은 다음과 같습니다.\n\xa0(단위: 천원)\n담보제공자산\n장부금액\n차입구분\n차입금액\n담보설정금액\n담보제공처\n(주)웅진씽크빅 보통주\n188,337,257\n단기차입금\n14,000,000\n19,200,000\nKEB하나은행\n단기차입금\n5,000,000\n6,000,000\nKB국민은행\n장기차입금\n3,248,074\n6,000,000\nKB국민은행\n단기차입금\n10,000,000\n12,000,000\nDGB대구은행\n단기차입금\n10,000,000\n12,000,000\nKDB산업은행\n제2종 후순위 유동화사채\n-\n사채\n30,000,000\n450,000\n(유)신보2021제8차유동화전문\n(주)웅진씽크빅 보통주(*1)\n5,923,452\n(유동성)교환사채\n5,000,000\n5,000,003\n한국예탁결제원\n(*1)\n당사는 웅진 제 62 회 교환사채 발행 관련 교환대상 주식을 사채권자를 수익자로 하여 한국예탁결제원에 신탁하였습니다.\n\xa0(3) 당기말 현재 당사는 다음과 같이 기타보증을 제공받고 있습니다.당기말 현재 당사는 서울보증보험(주)으로부터 78백만원의 이행보증 등을 제공받고 있습니다. IT사업부문은 소프트웨어공제조합으로부터 15,403백만원을 한도로 지급보증을 제공받고 있으며, 당기 중 실행금액은 4,526백만원입니다. 이와 관련하여 소프트웨어공제조합에 대한 출자증권이 소프트웨어공제조합에 담보로 제공되어 있습니다.\n나. 연결 기준\xa0부외거래\n\xa0(1) 당기말 현재 금융기관 등과 체결한 주요 약정사항은 다음과 같습니다.\n(단위: 천원)\n구분\n금융기관\n물건또는내용\n환종\n약정금액\n실행금액\n대출약정\nKB국민은행\n담보대출\nKRW\n5,000,000\n3,248,074\n대출약정\nKB국민은행\n담보대출\nKRW\n5,000,000\n5,000,000\n대출약정\nKEB하나은행\n담보대출\nKRW\n16,000,000\n14,000,000\n대출약정\nDGB대구은행\n담보대출\nKRW\n10,000,000\n10,000,000\n대출약정\nKDB산업은행\n담보대출\nKRW\n10,000,000\n10,000,000\n대출약정\n우리은행\n신용대출\nKRW\n7,000,000\n7,000,000\n대출약정\nKDB산업은행\n일반대출약정\nKRW\n35,000,000\n35,000,000\n대출약정\nNH농협은행\n일반대출약정\nKRW\n5,000,000\n5,000,000\n대출약정\nKB국민은행\n일반대출약정\nKRW\n20,000,000\n20,000,000\n한도대출\nKB국민은행\n일반자금대출(한도)\nKRW\n5,000,000\n-\n한도대출\nKDB산업은행\n일반자금대출(한도)\nKRW\n5,000,000\n-\n한도대출\nKB국민은행\n일반자금대출(한도)\nKRW\n15,000,000\n3,314,000\n대출약정\nKB국민은행\n기운일반대출\nKRW\n5,000,000\n5,000,000\n대출약정\n㈜KEB하나은행\n기운일반대출\nKRW\n4,000,000\n4,000,000\n대출약정\n㈜KEB하나은행\n기운일반대출\nKRW\n6,000,000\n6,000,000\n대출약정\n㈜KDB산업은행\n산업운영대출\nKRW\n18,500,000\n18,500,000\n대출약정\n㈜KDB산업은행\n산업운영대출\nKRW\n10,000,000\n10,000,000\n대출약정\n㈜KDB산업은행\n산업운영대출\nKRW\n5,000,000\n5,000,000\n대출약정\n㈜KDB산업은행\n단기한도대출\nKRW\n4,000,000\n-\n대출약정\n㈜KDB산업은행\n시설자금대출\nKRW\n19,000,000\n19,000,000\n대출약정(*1)\n모아저축은행 등\n담보대출\nKRW\n105,000,000\n105,000,000\n(*1)\n종속기업인 (주)웅진플레이도시 차입을 위한 지배기업의 자금보충약정이 존재하며 관련 약정금액은 1,050억원입니다.\n\xa0(2) 당기말 현재 차입금 등과 관련하여 담보제공 및 근질권을 설정한 자산은 다음과 같습니다.\n(단위:천원)\n담보제공 자산\n장부금액\n차입구분\n차입금액\n담보설정금액\n담보권자\n토지, 건물 및 기계장치(유형자산)(*1)\n110,422,083\n단기차입금\n35,000,000\n46,000,000\nKDB산업은행\n8,314,000\n24,000,000\n㈜국민은행\n10,000,000\n12,000,000\n㈜KEB하나은행\n33,500,000\n39,000,000\nKDB산업은행\n장기차입금\n19,000,000\n24,000,000\nKDB산업은행\n토지, 건물 및 완성상가 등 신탁자산의 1~2순위 우선수익권\n218,508,043\n장기차입금\n105,000,000\n126,000,000\n모아저축은행 등\n보험금청구권\n정기예금\n50,000\n매입채무\n1,187,137\n50,000\n북폴리오\n(주)웅진씽크빅 보통주\n188,337,257\n단기차입금\n14,000,000\xa0\n19,200,000\xa0\n㈜KEB하나은행\n5,000,000\n6,000,000\n㈜국민은행\n10,000,000\xa0\n12,000,000\xa0\nKDB산업은행\n10,000,000\xa0\n12,000,000\xa0\nDGB대구은행\n장기차입금\n3,248,074\n6,000,000\n㈜국민은행\n무보증 후순위 공모사채\n-\n사채\n30,000,000\n450,000\n(유)신보2021제8차유동화전문\n(주)웅진씽크빅 보통주(*2)\n5,923,452\n(유동성)교환사채\n5,000,000\n5,000,003\n한국예탁결제원\n합계\n523,240,835\n289,249,211\n331,700,003\n(*1)\n상기 담보제공 외에 출판도매사업과 관련하여 메가스터디 등의 거래처에 대하여 720,000천원의 근저당이 설정되어 있습니다.\n(*2)\n지배기업은 웅진 제 62 회 교환사채 발행 관련 교환대상 주식을 사채권자를 수익자로 하여 한국예탁결제원에 신탁하였습니다.\xa0\n\xa0(3) 당기말 현재 연결회사는 다음과 같은 기타보증을 제공받고 있습니다.① 당기말 현재 연결회사는 서울보증보험(주)로부터 다음과 같은 보증을 제공받고 있습니다. 지주 등의 영업부문에서는 78백만원의 이행보증 등을 제공받고 있습니다. 도서 및 교육출판 영업부문에서는 서울보증보험(주)로부터 3,337백만원의 이행보증등을 제공받고 있으며, 출판ㆍ유통 영업부문은 1,757백만원의 이행보증 등을 제공받고 있습니다. 또한, 오락 등의 영업부문에서는 서울보증보험(주)로부터 846백만원의 이행보증 등을 제공받고 있으며, 화장품 및 건강기능식품판매 부문에서는 250백만원의 지급보증을 제공받고 있습니다.② IT사업부문은 소프트웨어공제조합으로부터 15,403백만원을 한도로 지급보증을 제공받고 있으며, 당기 중 실행금액은 4,526백만원입니다. 이와 관련하여 소프트웨어공제조합에 대한 출자증권이 소프트웨어공제조합에 담보로 제공되어 있습니다.\n상기 내용 외 연결기업의 지급보증 및 우발채무 등 약정사항에 관련된 세부내용은 \xa0 \xa0'XI. 그 밖에 투자자 보호를 위하여 필요한 사항' 중 '2. 우발부채 등에 관한 사항' 을 참고하시기 바랍니다.\n9. 그 밖에 투자의사결정에 필요한 사항가. 중요한 회계정책 및 추정에 관한 사항\n당사와 연결기업의 연결재무제표는 '주식회사 등의 외부감사에 관한 법률'에 따라 제정된 한국채택국제회계기준에 따라 작성되었습니다. 연결재무제표 작성에 적용된 중요한 회계정책은 아래 기술되어 있으며, 당기 연결재무제표의 작성에 적용된 중요한 회계정책은 아래에서 설명하는 기준서나 해석서의 도입과 관련된 영향을 제외하고는전기 연결재무제표 작성시 채택한 회계정책과 동일합니다. 연결재무제표는 매 보고기간 말에 재평가금액이나 공정가치로 측정되는 특정 비유동자산과 금융자산을 제외하고는 역사적 원가주의를 기준으로 작성되었습니다. 역사적원가는 일반적으로 자산을 취득하기 위하여 지급한 대가의 공정가치로 측정하고 있습니다.\n중요한 회계정책 및 추정의 변경과 관련한 사항은 본문 'Ⅲ. 재무에 관한 사항' 중 '8. 기타 재무에 관한 사항'을 참조하시기 바랍니다.나. 환경 및 종업원 등에 관한 사항당기중 환경관련 제재사항이나 행정조치 등에 관한 사항과 주요 핵심인력 이동사항 등 유의한 종업원 관련 변동사항은 없습니다.\n종업원 현황 등 세부사항은 'Ⅷ.임원 및 직원 등에 관한 사항'의 '1.임원 및 직원 등의 현황'을 참조하시기 바랍니다.\n다. 법규상의 규제에 관한 사항법규상의 규제와 관련한 사항은 본문 'XI. 그 밖에 투자자 보호를 위하여 필요한 사항' 중 '2. 우발부채 등에 관한 사항' 을 참조하시기 바랍니다.라. 위험관리 및 파생거래에 관한 사항\n연결기업은 금융상품을 운용함에 따라 신용위험, 유동성위험, 이자율위험, 환위험, 기타 가격위험 등의 위험에 노출되어 있습니다. 위험에 대한 연결기업의 노출정도 및이와 관련하여 연결기업이 수행하고 있는 자본관리와 위험관리의 목적, 정책 및 절차와 위험측정방법 등에 대한 질적 공시사항과 양적 공시사항을 포함하고 있습니다.파생상품 및 위험관리정책에 관한 사항의 상세내용은 본문 'Ⅱ. 사업의 내용' 중 '5. 위험관리 및 파생관리'를 참조하시기 바랍니다.\xa0\n""]"
