text
"['\n5. 재무제표 주석\n주석\n제54(당)기 반기 2022년 1월 1일부터 2022년 6월 30일까지\n제53(전)기 반기 2021년 1월 1일부터 2021년 6월 30일까지\n에스케이디스커버리 주식회사\n1. 회사의 개요\n에스케이디스커버리 주식회사(이하 ""당사"")는 1969년 7월 1일에 합성수지와 그 관련 제품의 제조 및 판매를 목적으로 설립되었으며, 경기도 성남시에 본사가 소재하고 있습니다.\n당사는 2017년 12월 1일을 분할기일로 하여 인적분할의 방법으로 Green Chemicals 사업 및 Life Science 사업을 영위하는 에스케이케미칼 주식회사를 신설하고, 자회사관리 및 신규사업 투자를 영위하는 분할존속회사의 명칭을 에스케이디스커버리 주식회사로 변경하였습니다. 한편, 당사는 2019년 9월 1일자로 당사가 지분 100%를 소유하고 있는 종속기업인 에스케이신텍(주)를 흡수합병하였습니다.\n당사는 설립 이후 수 차례의 유상증자 등을 수행하였고 그 결과 당반기말 현재 자본금은 111,677백만원(우선주자본금 6,792백만원 포함)이며, 당사의 주요 주주 현황 \xa0 (우선주 포함)은 다음과 같습니다.\n주주명\n보통주\n우선주\n소유주식수(주)\n지분율(%)\n소유주식수(주)\n지분율(%)\n최창원 등 12인\n9,048,655\n47.53\n48,388\n3.56\n국민연금\n895,841\n4.71\n-\n-\n자기주식\n638,137\n3.35\n1,467\n0.11\n기타\n8,455,222\n44.41\n1,308,600\n96.33\n합 \xa0 계\n19,037,855\n100.00\n1,358,455\n100.00\n2. 중요한 회계정책 및 재무제표 작성기준2-1 재무제표 작성기준\n당사의 요약반기재무제표는 \'주식회사 등의 외부감사에 관한 법률\'에 따라 제정된 한국채택국제회계기준 기업회계기준서 제1034호에 따라 작성되었습니다.중간요약재무제표는 연차재무제표에 기재할 것으로 요구되는 모든 정보 및 주석사항을 포함하고 있지 아니하므로, 2021년 12월 31일로 종료되는 회계기간에 대한 연차재무제표의 정보도 함께 참고하여야 합니다.당사의 반기재무제표는 기업회계기준서 제1027호에 따른 별도재무제표로서 지배기업, 관계기업 및 공동기업의 투자자가 투자자산을 피투자자의 보고된 성과와 순자산에 근거하지 않고 직접적인 지분 투자에 근거한 회계처리로 표시한 재무제표입니다. 당사는 종속기업, 관계기업 및 공동기업에 대한 투자자산을 기업회계기준서 제1027호에 따른 원가법에 따라 회계처리하고 있습니다. 종속기업과 관계기업으로부터의 배당금은 배당을 받을 권리가 확정되는 시점에 당기손익으로 인식하고 있습니다.\xa0\n2-2 제ㆍ개정된 기준서의 적용중간요약재무제표를 작성하기 위하여 채택한 중요한 회계정책은 다음의 2022년 1월1일부터 적용되는 기준서를 제외하고는 2021년 12월 31일로 종료되는 회계기간에 대한 연차재무제표 작성시 채택한 회계정책과 동일합니다. 당사는 공표되었으나 시행되지 않은 기준서, 해석서, 개정사항을 조기적용한 바 없습니다.\n당반기부터 새로 도입된 기준서 및 해석서와 그로 인한 회계정책의 변경 내용은 다음과 같습니다.(1) 기업회계기준서 제1103호 \'사업결합\' 개정 - 재무보고를 위한 개념체계 참조동 개정사항의 목적은 1989년에 발표된 \'재무제표의 작성과 표시를 위한 개념체계\'를 2018년 3월에 발표된 \'재무보고를 위한 개념체계\'의 참조로 변경 시, 유의적인 요구사항의 변경이 없도록 하는데 있습니다. 기업회계기준서 제1037호 \'충당부채, 우발부채, 우발자산\' 또는 기업회계기준해석서 제2121호 \'부담금\'의 범위인 부채와 우발부채에서 day 2 손익이 발생하지 않도록, 기업회계기준서 제1103호의 인식 원칙에 예외를 추가하였습니다. 아울러 재무보고를 위한 개념체계 변경의 영향이 없도록,기업회계기준서 제1103호의 우발자산 관련 지침을 명확히 하였습니다. 동 개정사항은 2022년 1월 1일 이후 최초로 시작되는 회계연도부터 적용하며, 전진 적용합니다.동 개정사항은 당사에 중요한 영향을 미치지 않을 것으로 예상됩니다.\n(2) 기업회계기준서 제1016호 \'유형자산\' 개정 - 의도한 사용전의 매각금액동 개정사항의 목적은 경영진이 의도하는 방식으로 자산을 가동하는 데 필요한 장소와 상태에 이르게 하는 동안 발생하는 재화의 순매각가액을 원가에서 차감하지 않도록 하는데 있습니다. 대신에, 기업은 그러한 품목을 판매하여 얻은 수익과 품목을 생산하는데 드는 원가를 각각 당기손익으로 인식합니다. 동 개정사항은 2022년 1월 1일 이후 시작되는 회계연도부터 적용하며, 비교 표시되는 가장 이른 기간이나 그 후에 경영진이 의도하는 방식으로 가동될 수 있는 장소와 상태에 이르는 유형자산에 대해서 소급 적용하여야 합니다. 동 개정사항은 당사에 중요한 영향을 미치지 않을 것으로 예상됩니다.\n(3) 기업회계기준서 제1037호 \'충당부채, 우발부채, 우발자산\' 개정 - 손실부담계약의 의무이행 원가동 개정사항은 계약이 손실부담계약인지 또는 손실을 발생시키는 계약인지 평가할 때 기업이 포함해야할 원가를 명확하게 하였습니다.개정 기준서는 ""직접 관련된 원가 접근법""을 적용합니다. 재화나 용역을 제공하는 계약에 직접적으로 관련되는 원가는 증분원가와 계약 활동에 직접적으로 관련되는 원가 배분액을 모두 포함합니다. 일반 관리 원가는 계약에 직접적으로 관련되지 않으며계약에 따라 거래상대방에게 명시적으로 부과될 수 없다면 제외됩니다.동 개정사항은 2022년 1월 1일 이후 최초로 시작되는 회계연도에 적용됩니다. 당사는 이 개정 기준서를 최초로 적용하는 연차 보고기간 초에 모든 의무를 아직 이행하지 않은 계약에 적용할 것입니다. 동 개정사항은 당사에 중요한 영향을 미치지 않을 것으로 예상됩니다.\n(4) 한국채택국제회계기준 2018-2020 연차개선\n(4)-1 기업회계기준서 제1109호 \'금융상품\' - 금융부채 제거 목적의 10% 테스트 관련 수수료동 개정사항은 새로운 금융부채나 변경된 금융부채의 조건이 기존의 금융부채의 조건과 실질적으로 다른지를 평가할 때 기업이 포함하는 수수료를 명확히 합니다. 이러한 수수료에는 채권자와 채무자 간에 지급하거나 수취한 수수료와 채권자와 채무자가 서로를 대신하여 지급하거나 수취한 수수료만 포함됩니다. 기업은 동 개정사항을 최초로 적용하는 회계연도 이후에 변경되거나 교환되는 금융부채에 동 개정사항을 적용합니다.\n동 개정사항은 2022년 1월 1일 이후 최초로 시작되는 회계연도부터 적용하며 조기 적용이 허용됩니다. 당사는 시행일 이후 최초로 시작되는 회계연도 이후에 변경되거나 교환되는 금융부채에 동 개정사항을 적용할 것입니다. 동 개정사항은 당사에 중요한 영향을 미치지 않을 것으로 예상됩니다.(4)-2 기업회계기준서 제1041호 \'농림어업\' - 공정가치 측정개정 기준서는 동 기준서의 적용 범위에 포함되는 자산의 공정가치를 측정할 때 세금관련 현금흐름을 포함하지 않는 문단 22의 요구사항을 제거하였습니다.동 개정사항은 2022년 1월 1일 이후 최초로 시작되는 회계연도부터 전진적으로 적용하며 조기 적용이 허용됩니다. 동 개정사항은 당사에 중요한 영향을 미치지 않을 것으로 예상됩니다.\n2-3 추정과 판단① 경영진의 판단 및 가정과 추정의 불확실성한국채택국제회계기준은 중간재무제표를 작성함에 있어서 회계정책의 적용이나, 중간보고기간말 현재 자산, 부채 및 수익, 비용의 보고금액에 영향을 미치는 사항에 대하여 경영진의 최선의 판단을 기준으로 한 추정치와 가정의 사용을 요구하고 있습니다. 중간보고기간말 현재 경영진의 최선의 판단을 기준으로 한 추정치와 가정이 실제환경과 다를 경우 이러한 추정치와 실제 결과는 다를 수 있습니다.요약반기재무제표에서 사용된 당사의 회계정책 적용과 추정금액에 대한 경영진의 판단은2021년 12월 31일로 종료되는 회계연도의 연차재무제표와 동일한 회계정책과 추정의 근거를 사용하였습니다.② 공정가치 측정당사는 공정가치평가 정책과 절차를 수립하고 있습니다. 동 정책과 절차에는 공정가치 서열체계에서 수준 3으로 분류되는 공정가치를 포함한 모든 유의적인 공정가치 측정의 검토를 책임지는 평가부서의 운영을 포함하고 있으며, 그 결과는 재무담당임원에게 직접 보고되고 있습니다.평가부서는 정기적으로 관측 가능하지 않은 유의적인 투입변수와 평가 조정을 검토하고 있습니다. 공정가치 측정에서 중개인 가격이나 평가기관과 같은 제 3 자 정보를사용하는 경우, 평가부서에서 제 3 자로부터 입수한 정보에 근거한 평가가 공정가치 서열체계 내 수준별 분류를 포함하고 있으며 해당 기준서의 요구사항을 충족한다고 결론을 내릴 수 있는지 여부를 판단하고 있습니다.공정가치 측정 시 사용된 가정의 자세한 정보는 주석 23에 포함되어 있습니다.\n3. 금융상품3-1 금융자산보고기간종료일 현재 금융자산의 범주별 금액은 다음과 같습니다.\n<당반기말>\n(단위: 천원)\n구 \xa0 분\n당기손익-공정가치측정 금융자산\n기타포괄손익-공정가치 측정 금융자산\n상각후원가로측정하는 금융자산\n합 \xa0 계\n유동자산:\n\xa0 현금및현금성자산\n-\n-\n5,693,682\n5,693,682\n\xa0 단기금융자산\n75,330,338\n-\n-\n75,330,338\n\xa0 기타수취채권\n-\n-\n408,298\n408,298\n소 \xa0 계\n75,330,338\n-\n6,101,980\n81,432,318\n비유동자산:\n\xa0 장기금융자산\n-\n3,725,520\n4,000\n3,729,520\n\xa0 보증금\n-\n-\n138,456\n138,456\n\xa0 파생상품자산\n77,927,347\n-\n-\n77,927,347\n소 \xa0 계\n77,927,347\n3,725,520\n142,456\n81,795,323\n합 \xa0 계\n153,257,685\n3,725,520\n6,244,436\n163,227,641\n<전기말>\n(단위: 천원)\n구 \xa0 분\n당기손익-공정가치측정 금융자산\n기타포괄손익-공정가치 측정 금융자산\n상각후원가로측정하는 금융자산\n합 \xa0 계\n유동자산:\n\xa0 현금및현금성자산\n-\n-\n10,213,539\n10,213,539\n\xa0 단기금융자산\n80,180,385\n-\n-\n80,180,385\n\xa0 기타수취채권\n-\n-\n1,062,580\n1,062,580\n\xa0 파생상품자산\n89,938,015\n-\n-\n89,938,015\n소 \xa0 계\n170,118,400\n-\n11,276,119\n181,394,519\n비유동자산:\n\xa0 장기금융자산\n-\n4,278,428\n4,000\n4,282,428\n\xa0 보증금\n-\n-\n102,202\n102,202\n소 \xa0 계\n-\n4,278,428\n106,202\n4,384,630\n합 \xa0 계\n170,118,400\n4,278,428\n11,382,321\n185,779,149\n3-2 금융부채보고기간종료일 현재 금융부채의 범주별 금액은 다음과 같습니다.\n<당반기말>\n(단위: 천원)\n구 \xa0 분\n당기손익-공정가치 측정 금융부채\n상각후원가로측정하는 금융부채\n기타금융부채\n합 \xa0 계\n유동부채:\n\xa0 기타지급채무\n-\n2,221,735\n-\n2,221,735\n\xa0 단기이자부차입금\n-\n330,000,000\n-\n330,000,000\n\xa0 유동성리스부채\n-\n-\n333,838\n333,838\n\xa0 기타유동금융부채\n-\n22,018\n-\n22,018\n소 \xa0 계\n-\n332,243,753\n333,838\n332,577,591\n비유동부채:\n\xa0 사채\n-\n225,253,087\n-\n225,253,087\n\xa0 리스부채\n-\n-\n829,644\n829,644\n\xa0 파생상품부채\n8,281,812\n-\n-\n8,281,812\n소 \xa0 계\n8,281,812\n225,253,087\n829,644\n234,364,543\n합 \xa0 계\n8,281,812\n557,496,840\n1,163,482\n566,942,134\n<전기말>\n(단위: 천원)\n구 \xa0 분\n당기손익-공정가치 측정 금융부채\n상각후원가로측정하는 금융부채\n기타금융부채\n합 \xa0 계\n유동부채:\n\xa0 기타지급채무\n-\n5,381,834\n-\n5,381,834\n\xa0 단기이자부차입금\n-\n448,000,000\n-\n448,000,000\n\xa0 유동성리스부채\n-\n-\n255,846\n255,846\n\xa0 기타유동금융부채\n-\n20,636\n-\n20,636\n소 \xa0 계\n-\n453,402,470\n255,846\n453,658,316\n비유동부채:\n\xa0 사채\n-\n119,633,173\n-\n119,633,173\n\xa0 리스부채\n-\n-\n583,095\n583,095\n\xa0 파생상품부채\n5,960,210\n-\n-\n5,960,210\n소 \xa0 계\n5,960,210\n119,633,173\n583,095\n126,176,478\n합 \xa0 계\n5,960,210\n573,035,643\n838,941\n579,834,794\n3-3 사용이 제한된 예금보고기간종료일 현재 사용이 제한된 예금 등의 내역은 다음과 같습니다.\xa0\n(단위: 천원)\n구 \xa0 분\n당반기말\n전기말\n제한내용\n장기금융자산\n4,000\n4,000\n당좌개설보증금\n3-4 현금및현금성자산보고기간종료일 현재 현금및현금성자산의 내역은 다음과 같습니다.\n(단위: 천원)\n구 \xa0 분\n당반기말\n전기말\n현금\n2,000\n2,000\n보통예금\n4,971,763\n7,859,902\n기타현금성자산\n719,919\n2,351,637\n합 \xa0 계\n5,693,682\n10,213,539\n4. 기타수취채권\n보고기간종료일 현재 기타수취채권의 내역은 다음과 같습니다.\n(단위: 천원)\n구 \xa0 분\n당반기말\n전기말\n미수금\n408,298\n1,062,581\n5. 기타자산\n보고기간종료일 현재 기타자산의 내역은 다음과 같습니다.\n(단위: 천원)\n구 \xa0 분\n당반기말\n전기말\n기타유동자산:\n\xa0선급비용\n5,241,840\n3,933,182\n\xa0선급법인세\n124,406\n-\n합 \xa0 계\n5,366,246\n3,933,182\n기타자산:\n\xa0장기선급비용\n3,017,566\n-\n6. 장ㆍ단기금융자산6-1 보고기간종료일 현재 장ㆍ단기금융자산의 내역은 다음과 같습니다.\n(단위: 천원)\n구 \xa0 분\n당반기말\n전기말\n유동성:\n\xa0 당기손익-공정가치 측정 금융자산\n75,330,338\n80,180,385\n비유동성:\n\xa0 예적금\n4,000\n4,000\n\xa0 기타포괄손익-공정가치 측정 금융자산\n3,725,520\n4,278,428\n소 \xa0 계\n3,729,520\n4,282,428\n합 \xa0 계\n79,059,858\n84,462,813\n6-2 당반기 및 전반기 중 당기손익-공정가치 측정 금융자산의 변동내역은 다음과 같습니다.\n(단위: 천원)\n구 \xa0 분\n당반기\n전반기\n기초\n80,180,385\n221,429,348\n증감(주1)\n(4,900,304)\n(95,429,348)\n평가\n50,257\n150,197\n기말\n75,330,338\n126,150,197\n(주1) 해당 금융자산의 순증감액으로 표시되어 있습니다.\n6-3 당반기 및 전반기 중 기타포괄손익-공정가치 측정 금융자산의 변동내역은 다음과 같습니다.\n(단위: 천원)\n구 \xa0 분\n당반기\n전반기\n기초\n4,278,428\n1,287,101\n취득\n140,000\n662,000\n처분\n-\n(153,104)\n평가\n(692,908)\n(21,439)\n기말\n3,725,520\n1,774,558\n7. 종속기업, 관계기업 및 공동기업투자7-1 보고기간종료일 현재 종속기업, 관계기업 및 공동기업투자의 내역은 다음과 같습니다.\n(단위: 천원)\n구 \xa0 분\n당반기말\n전기말\n지분율(%)\n장부금액\n지분율(%)\n장부금액\n종속기업투자:\n\xa0SK가스(주)\n72.20\n386,243,783\n72.20\n386,243,783\n\xa0인터베스트바이오펀드(주1)\n71.43\n-\n71.43\n-\n\xa0에스케이플라즈마(주)\n65.30\n187,629,367\n65.30\n187,629,368\n\xa0(주)한국거래소시스템즈\n81.00\n25,184,132\n81.00\n25,184,132\n종속기업투자 합계\n599,057,282\n599,057,283\n관계기업 및 공동기업투자:\n\xa0에스케이케미칼(주)\n34.83\n439,220,255\n34.83\n439,220,255\n\xa0SK디앤디(주)\n34.09\n282,928,000\n34.09\n282,928,000\n\xa0인터베스트신성장펀드(주1)\n30.00\n-\n30.00\n-\n\xa0(주)휴비스\n25.50\n47,031,489\n25.50\n47,031,489\n관계기업 및 공동기업투자 합계\n769,179,744\n769,179,744\n(주1) 전기 중 전액 손상 되었습니다.\n7-2 당반기 및 전반기 중 종속기업투자의 변동내역은 다음과 같습니다.\xa0\n(단위: 천원)\n구 \xa0 분\n당반기\n전반기\n기초\n599,057,283\n495,937,967\n취득(주1, 2)\n-\n75,666,284\n손상차손(주3)\n-\n(725,000)\n기말\n599,057,283\n570,879,251\n(주1) 전반기 중 SK가스(주) 보통주식 461,512주를 공개매수 방식으로 50,482,152천원에 \xa0 \xa0 \xa0 \xa0취득하였습니다.\n(주2) 전반기 중 (주)한국거래소시스템즈 지분 100%(10,000주)를 10,000,000천원에 취득 후, \xa0 \xa0 \xa0 \xa0유상증자 참여(15,000주)를 통해 15,000,000천원을 출자하였습니다(주석 16-4 참조). \xa0 \xa0 \xa0 \xa0전반기 취득가액(25,184,132천원)은 취득 부대비용 184,132천원이 포함된 금액입니다.\n(주3) 전반기 중 인터베스트바이오펀드의 투자주식에 대하여 자산손상을 시사하는 징후가 \xa0 \xa0 \xa0 \xa0있다고 판단하였으며, 회수가능액을 초과하는 장부금액 725,000천원을 손상차손으로 \xa0 \xa0 \xa0 \xa0인식하였습니다.\n7-3 당반기 및 전반기 중 관계기업 및 공동기업투자의 변동내역은 다음과 같습니다.\xa0\n(단위: 천원)\n구 \xa0 분\n당반기\n전반기\n기초\n769,179,744\n443,457,062\n손상차손(주1)\n-\n(704,109)\n기말\n769,179,744\n442,752,953\n(주1) 전반기 중 인터베스트신성장펀드의 투자주식에 대하여 자산손상을 시사하는 징후가 \xa0 \xa0 \xa0 \xa0있다고 판단하였으며, 회수가능액을 초과하는 장부금액 704,109천원을 손상차손으로 \xa0 \xa0 \xa0 \xa0인식하였습니다.\n7-4 보고기간종료일 현재 종속기업, 관계기업 및 공동기업투자 중 시장성 있는 주식의 공정가치는 다음과 같습니다.\n(단위: 천원)\n구 \xa0 분\n회사명\n당반기말\n전기말\n종속기업투자\nSK가스(주)\n809,724,722\n849,711,128\n관계기업 및 공동기업투자\n에스케이케미칼(주)\n565,289,630\n914,529,369\nSK디앤디(주)\n195,161,236\n240,169,351\n(주)휴비스\n59,207,175\n75,570,525\n8. 유형자산\n당반기 및 전반기 중 유형자산 장부가액의 변동내역은 다음과 같습니다.\n<당반기>\n(단위: 천원)\n구 \xa0 분\n기초\n취득\n상각비\n대체(주1)\n당반기말\n공기구비품\n149,628\n86,558\n(42,000)\n-\n194,186\n건설중인자산\n39,692\n63,910\n-\n(39,692)\n63,910\n합 \xa0 계\n189,320\n150,468\n(42,000)\n(39,692)\n258,096\n(주1) 무형자산으로의 대체입니다.\n<전반기>\n(단위: 천원)\n구 \xa0 분\n기초\n취득\n상각비\n대체(주1)\n전반기말\n공기구비품\n190,178\n-\n(36,978)\n-\n153,200\n건설중인자산\n-\n10,291\n-\n(7,501)\n2,790\n합 \xa0 계\n190,178\n10,291\n(36,978)\n(7,501)\n155,990\n(주1) 무형자산으로의 대체입니다.\n9. 무형자산\n당반기 및 전반기 중 무형자산 장부가액의 변동내역은 다음과 같습니다.\n<당반기>\n(단위: 천원)\n구 \xa0 분\n기초\n취득\n처분\n상각비\n대체(주1)\n당반기말\n소프트웨어\n50,350\n36,564\n-\n(21,654)\n36,565\n101,825\n상표권\n6,501\n2,047\n-\n(1,267)\n3,127\n10,408\n회원권\n2,627,879\n1,318,380\n(929,124)\n-\n-\n3,017,135\n합 \xa0 계\n2,684,730\n1,356,991\n(929,124)\n(22,921)\n39,692\n3,129,368\n(주1) 건설중인자산으로부터의 본계정 대체입니다.\n<전반기>\n(단위: 천원)\n구 \xa0 분\n기초\n상각비\n대체(주1)\n전반기말\n소프트웨어\n86,346\n(17,998)\n-\n68,348\n상표권\n-\n(250)\n7,501\n7,251\n회원권\n2,038,600\n-\n-\n2,038,600\n합 \xa0 계\n2,124,946\n(18,248)\n7,501\n2,114,199\n(주1) 건설중인자산으로부터의 본계정 대체입니다.\n10. 사용권자산 및 리스부채10-1 보고기간종료일 현재 사용권자산의 구성내역은 다음과 같습니다.\n(단위: 천원)\n구 \xa0 \xa0 분\n당반기말\n전기말\n취득가액\n감가상각누계액\n장부금액\n취득가액\n감가상각누계액\n장부금액\n건물\n1,030,409\n(315,718)\n714,691\n835,104\n(270,048)\n565,056\n차량운반구\n531,569\n(103,919)\n427,650\n351,048\n(104,567)\n246,481\n합 \xa0 \xa0계\n1,561,978\n(419,637)\n1,142,341\n1,186,152\n(374,615)\n811,537\n10-2 당반기 및 전반기 중 당사의 사용권자산 장부가액의 변동내용은 다음과 같습니다.\n<당반기>\n(단위: 천원)\n구 \xa0 분\n기초\n증가\n상각비\n감소\n당반기말\n건물\n565,056\n195,305\n(45,670)\n-\n714,691\n차량운반구\n246,481\n354,493\n(98,029)\n(75,295)\n427,650\n합 \xa0 \xa0계\n811,537\n549,798\n(143,699)\n(75,295)\n1,142,341\n(주1) 리스료 인상으로 인해 증가한 금액입니다.\n<전반기>\n(단위: 천원)\n구 \xa0 분\n기초\n증가\n상각비\n감소\n전반기말\n건물\n629,541\n27,612\n(45,670)\n-\n611,483\n차량운반구\n137,539\n331,694\n(77,123)\n(75,700)\n316,410\n합 \xa0 \xa0계\n767,080\n359,306\n(122,793)\n(75,700)\n927,893\n(주1) 리스료 인상으로 인해 증가한 금액입니다.\n10-3 당반기말 현재 사용권자산과 관련된 리스부채의 할인되지 않은 계약상의 상환계획은 다음과 같습니다.\n(단위: 천원)\n구 \xa0 분\n1년 이내\n1년~5년\n5년 이후\n합 \xa0계\n건물\n154,872\n619,488\n51,624\n825,984\n차량운반구\n192,130\n257,075\n-\n449,205\n합 \xa0 \xa0계\n347,002\n876,563\n51,624\n1,275,189\n10-4 당반기 및 전반기 중 리스부채(이자부차입금 포함)의 장부금액과 변동내역은 다음과 같습니다.\xa0\n<당반기>\n(단위: 천원)\n기 \xa0초\n증가\n이자비용\n지급리스료\n감소\n당반기말\n838,941\n549,798\n16,234\n(161,146)\n(80,345)\n1,163,482\n(주1) 리스료 인상으로 인해 증가한 금액입니다.\n<전반기>\n(단위: 천원)\n기 \xa0초\n증가\n이자비용\n지급리스료\n감소\n전반기말\n794,691\n359,306\n13,194\n(135,240)\n(77,254)\n954,697\n(주1) 리스료 인상으로 인해 증가한 금액입니다.\n11. 기타지급채무\n보고기간종료일 현재 기타지급채무의 내역은 다음과 같습니다.\n(단위: 천원)\n구 \xa0 분\n당반기말\n전기말\n미지급금\n723,586\n1,670,897\n미지급비용\n1,498,149\n3,710,937\n합 \xa0 계\n2,221,735\n5,381,834\n12. 사채 및 차입금\n12-1 보고기간종료일 현재 사채 및 차입금의 내역은 다음과 같습니다.\n(단위: 천원)\n구 \xa0 분\n당반기말\n전기말\n단기이자부차입금\n330,000,000\n448,000,000\n사채\n225,253,087\n119,633,173\n합 \xa0 계\n555,253,087\n567,633,173\n12-2 보고기간종료일 현재 단기이자부차입금의 내역은 다음과 같습니다.\n(단위: 천원)\n구 \xa0 분\n만기일\n연이자율(%)\n당반기말\n전기말\n(주)신한은행\n2022.06.17\n-\n-\n40,000,000\n2023.06.17\n6M 금융채+1.60\n40,000,000\n-\n한국증권금융(주)(주1)\n2022.08.13\n3M CD+1.54\n25,000,000\n25,000,000\n한국증권금융(주)(주2)\n2022.09.05\n3M CD+1.54\n25,000,000\n25,000,000\n(주)하나은행\n2022.09.24\n3M CD+1.87\n50,000,000\n50,000,000\n(주)국민은행\n2022.06.02\n-\n-\n70,000,000\n2023.06.02\n3M CD+1.53\n70,000,000\n-\nCP\n2022.03.10\n-\n-\n18,000,000\n2022.03.17\n-\n-\n100,000,000\n2022.03.21\n-\n-\n120,000,000\n2022.07.28\n3.50\n120,000,000\n-\n합 \xa0 계\n330,000,000\n448,000,000\n(주1) 당사의 종속기업인 SK가스(주) 주식 350,000주가 담보제공되어 있습니다.\n(주2) 당사의 종속기업인 SK가스(주) 주식 564,100주가 담보제공되어 있습니다.\n12-3 보고기간종료일 현재 사채의 내역은 다음과 같습니다.\n(단위: 천원)\n구 \xa0 분\n만기일\n이자율(%)\n당반기말\n전기말\n제192-1회 공모사채\n2023.09.10\n2.06\n80,000,000\n80,000,000\n제192-2회 공모사채\n2025.09.10\n2.27\n40,000,000\n40,000,000\n제193회 공모사채\n2025.04.25\n4.10\n106,000,000\n-\n합 \xa0 계\n226,000,000\n120,000,000\n(차감: 사채할인발행차금)\n(746,913)\n(366,827)\n차감계\n225,253,087\n119,633,173\n13. 기타유동금융부채보고기간종료일 현재 기타유동금융부채의 내역은 다음과 같습니다.\n(단위: 천원)\n구 \xa0 분\n당반기말\n전기말\n미지급배당금\n22,018\n20,636\n14. 기타유동부채보고기간종료일 현재 기타유동부채의 내역은 다음과 같습니다.\n(단위: 천원)\n구 \xa0 분\n당반기말\n전기말\n예수금\n364,664\n160,357\n15. 우발사항 및 약정사항\xa0\n15-1 소송사건당사는 백신 입찰 담합을 이유로 독점규제 및 공정거래에 관한 법률 위반으로 2020년 8월 5일 기소되어 형사재판이 진행 중에 있습니다. 동 소송의 최종 결과를 당반기말 현재 예측할 수 없어, 당사의 재무제표에 이와 관련된 충당부채가 계상되지 않았습니다.\n15-2 공정거래위원회 시정조치공정거래위원회는 당사가 분할 전 영위하였던 사업부문과 관련하여 분할기일 이전 있었던 가습기살균제의 표시행위가 광고법을 위반하였다고 판단하고 2018년 3월 19일 시정조치, 과징금 부과 및 검찰 고발 조치를 하였습니다. 당사는 이러한 공정거래위원회의 시정조치와 과징금 납부 명령을 분할신설법인인 에스케이케미칼(주)와 연대하여 이행하여야 합니다.\xa0\n15-3 당사의 종속기업인 에스케이플라즈마(주)는 2015년 7월 31일에 케이디비씨-파라투스제1호 사모투자전문회사(이하 ""투자자"")를 신주인수자로 하는 제3자 배정방식의 유상증자를 실시하였습니다. 또한, 당사는 2015년 9월 8일에 STIC Private \xa0 \xa0 Equity Fund III L.P. 및 STIC Shariah Private Equity Fund III L.P.(이하 ""투자자"")에게 당사가 보유한 에스케이플라즈마(주)의 주식 일부를 매도하였습니다. 당반기말 현재 상기 거래와 관련하여 에스케이플라즈마(주)의 지배기업인 당사와 투자자 간에 체결된 주주간계약의 주요 내용은 다음과 같습니다.\n구 \xa0 \xa0분\n내 \xa0 역\n발행자\n에스케이플라즈마(주)\n투자자\n케이디비씨-파라투스제1호 사모투자전문회사,STIC Private Equity Fund III L.P. 및 STIC Shariah Private Equity Fund III L.P.에스케이디스커버리(주)\n신주의 종류\n기명식 전환상환우선주식\n신주의 발행주식수 (주1)\n2,791,555주\n1주당 액면금액\n500원\n신주의 주당발행금액\n29,928원\n총 주식발행금액 (주1)\n83,546백만원\n상환권자\n에스케이플라즈마(주)\n상환가액\n총발행가액 및 보장수익(보장수익율: 4.5%) 적용(단, 지급된 배당금은 차감)\n상환권 행사기간\n발행일로부터 7년째 되는 날부터 발행일로부터 30년째 되는 날까지\n전환권자\n케이디비씨-파라투스제1호 사모투자전문회사,STIC Private Equity Fund III L.P. 및 STIC Shariah Private Equity Fund III L.P.에스케이디스커버리(주)\n전환청구기간\n전환기간은 발행일로부터 7년 경과시점 또는 적격상장을 위한 상장예비심사청구일 중 먼저 도래하는 날 부터 상환기간의 말일 직전 영업일까지(단, 에스케이플라즈마(주)가 적격상장 요건을 충족하지 못하였음에도 불구하고 상장을 하는 경우에는주주는 상장 이전에 전환청구를 할 수 있음)이며, 전환청구기간의 종료일까지 전환청구되지 않는 주식은 상환기간 만료시 전환비율에 따라 보통주식으로 자동 전환\n전환비율\n전환상환우선주식 1주당 발행가격/전환가격(전환가격은 주당발행금액인 29,928원)전환가격 조정: 주식분할 또는 주식병합, 기타 유가증권 등의 분배에 따른 가격조정\n당사와 투자자 간에 체결된 주주간 주요계약\n- 투자자의 동반매도청구권(Drag-along right) 및 공동매도권(Tag-along right)- 투자자의 동반매도청구권 행사에 대한 당사의 우선매수권- 일정 조건하에서 주식처분의 제한 등\n기타\n발행일로부터 7년 이내에 (주)에스케이플라즈마의 연속 2개년의 평균 EBITDA가 20,000백만원을 달성하지 못하는 경우 7%의 우선배당률을 적용할 수 있음\n(주1) 2021년(626,888주) 및 2020년(591,135주) 중 전환상환우선주 일부를 상환함에 따라, 잔여 전환상환주식수에 \xa0 \xa0 \xa0 \xa0대한 총 발행주식수 및 총 주식발행금액입니다.\n한편, 당사는 상기의 거래와 관련하여 에스케이플라즈마(주)가 투자자들에게 우선주배당금을 지급하기에 부족하거나 상환시 상환재원이 부족한 경우, 당사가 그 부족분을 충당하기로 하는 자금보충약정을 체결하고 있습니다.\n15-4 당사는 상법 제530조의 9 제1항의 규정에 의거 분할기일인 2017년 12월 1일 이전에 발생하였던 당사와 분할신설법인인 에스케이케미칼(주) 및 에스케이바이오사이언스(주)의 기존채무에 대하여 연대하여 상환의무를 부담하고 있습니다.15-5 당사는 당반기말 현재 한국증권금융(주)로부터 차입한 차입금에 대하여 종속기업인 SK가스(주) 주식 914,100주를 담보로 제공하고 있습니다(주석 12-2 참조).\n15-6 전기 이전 당사는 에스케이에코플랜트(주)(구, SK건설(주)) 보유주식을 처분과 동시에 거래상대방인 투자자들과 매각주식을 기초자산으로 하는 주가수익스왑(Price Return Swap) 계약을 체결하였으며, 당반기 만기 연장 계약을 체결하였습니다. 주요 계약내용은 다음과 같습니다.\n구 \xa0 분\n내 \xa0 용\n최초계약일\n2019-06-24\n연장계약일\n2022-06-24\n만기일\n2025-06-24\n계약금액\n304,115백만원\n기초자산\n에스케이에코플랜트(주)(구, SK건설(주)) 보통주 9,970,989주\n정산방법\n기초자산의 처분가액이 계약금액보다 높은 경우 투자자가 당사에 차액을 지급하고처분가액이 계약금액보다 낮은 경우 당사가 투자자에게 차액을 지급하여 정산\n당사는 당반기 중 상기 계약의 평가에 따라 파생상품평가손실 12,010,668천원(전반기 파생상품평가이익 6,158,752천원)을 금융원가(금융수익)로 계상하였으며 당반기말 현재 파생상품자산 77,927,347천원(전기말: 89,938,015천원)을 인식하였습니다.\n15-7 당사의 종속기업인 에스케이플라즈마(주)는 2021년 8월 6일 당사 및 주식회사티움바이오(이하 ""보통주 투자자"")를 인수자로 하는 제3자 배정방식의 보통주 유상증자(투자금액 30,000백만원)를 실시하였습니다. 또한, 2021년 8월 20일 케이아이피유니콘유한회사(이하 ""전환우선주 투자자"")를 인수자로 하는 제3자 배정방식의 전환우선주 유상증자(투자금액 30,000백만원)를 실시하였습니다. 이와 관련하여 당사와 보통주 및 전환우선주 투자자 간에 체결된 주주간계약에는 다음의 주요 약정사항이 포함되어 있습니다. - 보통주 및 전환우선주 투자자의 공동매도권(Tag-along right) - 보통주 투자자 및 당사의 우선매수청구권 - 일정 조건하에서 당사의 주식처분의 제한 등상기의 거래와 관련하여 당사는 보통주 투자자 및 전환우선주 투자자가 인수한 에스케이플라즈마㈜의 보통주와 전환우선주에 대하여 일정 조건을 충족할 경우 당사 또는 당사가 지정하는 제3자에 보통주와 전환우선주를 매각할 수 있는 풋옵션을 부여하였습니다. 상기 보통주 및 전환우선주 투자자가 풋옵션을 행사할 경우, 당사 또는 당사가 지정하는 제3자는 이를 인수(최초 발행가액에서 보통주 및 전환우선주 투자자가 수령한 배당금 및 손해배상금을 차감한 금액 적용)할 의무가 있습니다. 당사는 당반기 중 상기 풋옵션을 평가하여 파생상품평가손실 2,321,602천원을 금융원가로 계상하였으며, 당반기말 현재 파생상품부채 8,281,812천원(전기말:5,960,210천원)을 인식하였습니다.\n한편, 에스케이플라즈마㈜의 현재 전환상환우선주식이 2022년 9월 30일 이후에도 잔존하는 경우, 당사와 에스케이플라즈마㈜는 2022년 8월 1일부터 위 전환상환우선주식이 소멸되는 날과 거래종결일로부터 5년이 되는 날 중 먼저 도래하는 날까지의 기간에 대하여 보통주 및 전환우선주 투자자 보유 주식의 발행가액에 대한 연 7%의 이율에 해당하는 금액이 보통주 및 전환우선주 투자자에게 배당금으로 지급되도록 하여야 합니다.\n15-8 당사는 2021년 12월 21일 종속기업인 SK가스㈜가 보유중인 SK디앤디㈜의 보통주 투자주식 전량을 매입하였습니다. 이와 관련하여 당사는 기존 SK가스㈜와 투자자 간에 체결된 주주간계약을 승계하였으며, 다음의 주요 약정사항을 포함하고 있습니다.\n- 당사 및 투자자의 일정지분율 유지\n- 투자자의 동반매도참여권(Tag-along Right)\n- 당사 및 투자자의 우선매수청구권\n- 일정 조건하에서 당사의 주식처분의 제한 등\n15-9 당사의 종속기업인 (주)한국거래소시스템즈는 2021년 6월 15일 당사 및 주식회사 야놀자(이하 ""투자자"")를 인수자로 하는 보통주 유상증자(투자자의 투자금액 4,655백만원)를 실시하였습니다. 또한, 2021년 12월 30일 투자자를 인수자로 하는 제3자 배정방식의 보통주 유상증자(투자자의 투자금액 1,209백만원)를 실시하였습니다.이와 관련하여 당사와 투자자 간에 체결된 주주간계약은 다음의 주요 약정사항을 포함하고 있습니다. - 투자자의 공동매도권(Tag-along right) - 당사의 우선매수청구권 - 일정 조건하에서 당사의 주식처분의 제한 등15-10 당사의 종속기업인 에스케이플라즈마(주)가 발행한 무보증사모사채(당반기말40,000백만원)와 관련하여 당사가 종속기업인 에스케이플라즈마(주)의 최대주주 지위를 상실하는 계약 체결 시, 사채 인수회사는 종속회사에 조기상환청구권을 행사할 수 있습니다.\n16. 특수관계자\n16-1 당반기말 현재 당사의 종속기업, 관계기업 및 공동기업은 다음과 같으며, 당사에 지배력을 행사하거나 유의적인 영향력을 행사하는 기업은 없습니다.\n구 \xa0 분\n회사명\n종속기업\nSK가스(주)와 그 종속기업, 인터베스트바이오펀드, 에스케이플라즈마(주), (주)한국거래소시스템즈와 그 종속기업\n관계기업 및공동기업\n인터베스트신성장펀드, 에스케이케미칼(주)와 그 종속기업, SK디앤디(주)와 그 종속기업, (주)휴비스와 그 종속기업, SK가스(주)와 그 종속기업의 관계기업 및 공동기업\n기타\nSK(주)기업집단 계열회사 등 (주1)\n(주1) 당사는 공정거래위원회가 지정한 ""SK(주)기업집단 계열회사 등""을 기업회계기준서 제1024호 문단 10에서 규정하는 \xa0 \xa0 \xa0 \xa0 실질관계에 따른 특수관계자로 판단하였습니다.\n16-2 당반기 및 전반기 중 특수관계자와의 주요 거래내역은 다음과 같습니다.\n<당반기>\n(단위: 천원)\n구 \xa0 분\n특수관계자명\n영업수익\n영업비용\n종속기업\nSK가스(주)\n\xa0 \xa0 \xa0 \xa0 33,988,445\n\xa0 \xa0 \xa0 \xa0 \xa0 \xa0 348,160\n관계기업 및 공동기업\n에스케이케미칼(주)\n\xa0 \xa0 \xa0 \xa0 18,413,343\n\xa0 \xa0 \xa0 \xa0 \xa0 \xa0 153,273\nSK디앤디(주)\n\xa0 \xa0 \xa0 \xa0 \xa0 6,051,511\n\xa0 \xa0 \xa0 \xa0 \xa0 \xa0 \xa0 \xa0 2,625\n(주)휴비스\n\xa0 \xa0 \xa0 \xa0 \xa0 2,639,250\n\xa0 \xa0 \xa0 \xa0 \xa0 \xa0 \xa0 \xa0 \xa0 \xa0 \xa0 -\n기타\n에스케이핀크스(주)\n\xa0 \xa0 \xa0 \xa0 \xa0 \xa0 \xa0 \xa0 \xa0 \xa0 \xa0 -\n\xa0 \xa0 \xa0 \xa0 \xa0 \xa0 132,000\nSK아카데미\n\xa0 \xa0 \xa0 \xa0 \xa0 \xa0 \xa0 \xa0 \xa0 \xa0 \xa0 -\n\xa0 \xa0 \xa0 \xa0 \xa0 \xa0 \xa0 26,144\nSK이노베이션(주)\n\xa0 \xa0 \xa0 \xa0 \xa0 \xa0 \xa0 \xa0 \xa0 \xa0 \xa0 -\n\xa0 \xa0 \xa0 \xa0 \xa0 \xa0 167,563\nSK텔레콤(주)\n\xa0 \xa0 \xa0 \xa0 \xa0 \xa0 \xa0 \xa0 \xa0 \xa0 \xa0 -\n\xa0 \xa0 \xa0 \xa0 \xa0 \xa0 \xa0 24,180\nSK(주)\n\xa0 \xa0 \xa0 \xa0 \xa0 \xa0 \xa0 \xa0 \xa0 \xa0 \xa0 -\n\xa0 \xa0 \xa0 \xa0 \xa0 \xa0 \xa0 53,105\n에스케이에코플랜트(주)\n\u3000-\n\xa0 \xa0 \xa0 \xa0 \xa0 \xa0 \xa0 \xa0 7,145\nSK네트웍스(주)\n\xa0 \xa0 \xa0 \xa0 \xa0 \xa0 \xa0 \xa0 \xa0 \xa0 \xa0 -\n\xa0 \xa0 \xa0 \xa0 \xa0 \xa0 \xa0 25,000\n기타\n\xa0 \xa0 \xa0 \xa0 \xa0 \xa0 \xa0 \xa0 \xa0 \xa0 \xa0 -\n\xa0 \xa0 \xa0 \xa0 \xa0 \xa0 \xa0 18,809\n합 \xa0 계\n61,092,549\n958,004\n<전반기>\n(단위: 천원)\n구 \xa0 분\n특수관계자명\n영업수익\n영업비용\n종속기업\nSK가스(주)\n24,811,556\n179,983\n관계기업 및 공동기업\n에스케이케미칼(주)\n7,860,620\n95,779\n(주)휴비스\n2,639,250\n-\n기타\n에스케이핀크스(주)\n-\n77,000\nSK아카데미\n-\n16,107\nSK이노베이션(주)\n-\n21,626\nSK텔레콤(주)\n-\n14,049\nSK네트웍스(주)\n-\n25,000\nSK(주)\n-\n299,453\n에스케이에코플랜트(주)(주1)\n-\n668\n기타\n-\n9,679\n합 \xa0 계\n35,311,426\n739,344\n16-3 보고기간종료일 현재 특수관계자에 대한 주요 채권ㆍ채무내역은 다음과 같습니다.\n<당반기말>\n(단위: 천원)\n구 \xa0 분\n특수관계자명\n채권\n채무\n기타채권\n보증금\n기타채무\n종속기업\nSK가스(주)\n184,593\n129,060\n772,915\n관계기업 및공동기업\n에스케이케미칼(주)\n71,751\n-\n53,618\nSK디앤디(주)\n68,681\n-\n321\n에스케이바이오사이언스(주)\n83,273\n-\n-\n기타\nSK(주)\n-\n-\n4,840\nSK아카데미\n-\n-\n11,458\nSK이노베이션(주)\n-\n-\n22,387\n에스케이에코플랜트(주)\n-\n9,396\n1,569\nSK텔레콤(주)\n-\n-\n524\n기타\n-\n-\n3,190\n합 \xa0 계\n408,298\n138,456\n870,822\n<전기말>\n(단위: 천원)\n구 \xa0 분\n특수관계자명\n채권\n채무\n기타수취채권\n보증금\n기타지급채무\n종속기업\nSK가스(주)\n549,582\n92,806\n624,370\n관계기업 및공동기업\n에스케이케미칼(주)\n217,306\n-\n45,129\nSK디앤디(주)\n216,916\n-\n305\n에스케이바이오사이언스(주)\n78,776\n-\n-\n기타\nSK(주)\n-\n-\n4,290\nSK이노베이션(주)\n-\n-\n5,860\n에스케이에코플랜트(주)\n-\n9,396\n-\nSK아카데미\n-\n-\n4,312\n행복나래(주)\n-\n-\n6,087\n기타\n-\n-\n1,567\n합 \xa0 계\n1,062,580\n102,202\n691,920\n16-4 당반기 중 특수관계자와의 주요 자금거래 내역은 없으며, 전반기 중 특수관계자와의 주요 자금거래 내역은 다음과 같습니다.\n(단위 : 천원)\n구 \xa0분\n회사명\n출자\n종속기업\n(주)한국거래소시스템즈(주1)\n15,000,000\n(주1) 한국거래소시스템즈 주식 최초취득(10,000,000천원) 후 \xa0유상증자 참여에 따른 지분 \xa0 \xa0 \xa0 \xa0취득액(15,000,000천원)입니다. (주석7-1 참조)\xa0\n16-5 당사가 특수관계자를 위해 제공한 자금보충약정, 지급보증은 주석 15에 기재되어 있습니다.당사는 에스케이플라즈마(주)가 투자자들에게 우선주배당금을 지급하기에 부족하거나 상환시 상환재원이 부족한 경우, 당사가 그 부족분을 충당하기로 하는 자금보충약정을 체결하고 있습니다(주석 15-3 참조).\n16-6 당반기 및 전반기 중 주요 경영진에 대한 보상 내역은 다음과 같습니다.\n(단위: 천원)\n구 \xa0 분\n당반기\n전반기\n단기급여\n1,710,690\n1,377,024\n퇴직급여\n247,749\n344,520\n주식보상비용\n221,160\n-\n합 \xa0 계\n2,179,599\n1,721,544\n당사의 주요 경영진은 등기 임원인 이사로 구성되어 있습니다.\n17. 자본\n17-1 자본금보고기간종료일 현재 자본금의 내역은 다음과 같습니다.\n구분\n단위\n당반기말\n전기말\n보통주\n우선주\n보통주\n우선주\n발행할 주식의 총수\n주\n40,000,000\n10,000,000\n40,000,000\n10,000,000\n1주의 금액\n원\n5,000\n5,000\n5,000\n5,000\n발행주식의 수(주1)\n주\n19,037,855\n1,358,455\n19,037,855\n1,358,455\n자본금(주1)\n천원\n104,884,875\n6,792,275\n104,884,875\n6,792,275\n(주1) 당사는 자기주식 1,939,120주를 소각하여 발행주식의 액면총액과 자본금이 일치하지 않습니다.\n17-2 자본잉여금보고기간종료일 현재 자본잉여금의 내역은 다음과 같습니다.\xa0\n(단위: 천원)\n구 \xa0 분\n당반기말\n전기말\n주식발행초과금\n445,640,700\n445,640,700\n자기주식처분이익\n66,361,951\n66,361,951\n기타자본잉여금\n3,855,854\n3,855,854\n합 \xa0 계\n515,858,505\n515,858,505\n17-3 기타자본항목\n(1) 보고기간종료일 현재 기타자본항목의 내역은 다음과 같습니다.\xa0\n(단위: 천원)\n구 \xa0 분\n당반기말\n전기말\n기타자본조정\n(1,096,851,570)\n(1,096,851,570)\n자기주식\n(30,683,688)\n(29,238,503)\n주식선택권\n576,974\n355,814\n합 \xa0 계\n(1,126,958,284)\n(1,125,734,259)\n(2) 당반기말 현재 주식선택권의 내역은 다음과 같습니다.\n(단위: 원)\n부여일\n발행할 주식수\n행사기간\n행사가격\n부여일의 공정가치\n2018.3.8\n30,000 주\n2020.3.9 ~ 2025.3.8\n46,290\n11,860\n2022.3.29\n135,000 주\n2025.3.30 ~ 2029.3.29\n39,670\n11,058\n(3) 당반기말 현재 주식선택권의 공정가치는 이항옵션가격결정모형에 따라 산정되었으며, 모형에 적용한 변수는 다음과 같습니다.\n(단위: 원)\n구 \xa0 분\n부여일\n2018.3.8\n2022.3.29\n부여일의 주식가격\n42,100\n39,950\n행사가격\n46,290\n39,670\n기대변동성\n31.60%\n26.72%\n무위험이자율\n2.66%\n3.06%\n(4) 당반기 및 전반기 중 주식선택권 변동내역은 다음과 같습니다.\n<당반기>\n(단위: 천원)\n발행할 주식수\n평가금액\n기초\n기말\n기초\n증가\n기말\n30,000 주\n165,000 주\n355,814\n221,160\n576,974\n<전반기>\n(단위: 천원)\n발행할 주식수\n평가금액\n기초\n기말\n기초\n증가\n기말\n30,000 주\n30,000 주\n355,814\n-\n355,814\n17-4 기타포괄손익누계액보고기간종료일 현재 기타포괄손익누계액의 내역은 다음과 같습니다.\xa0\n(단위: 천원)\n구 \xa0 분\n당반기말\n전기말\n기타포괄손익-공정가치 측정 금융자산 평가손실\n(813,662)\n(286,457)\n17-5 이익잉여금보고기간종료일 현재 이익잉여금의 내역은 다음과 같습니다.\n(단위: 천원)\n구 \xa0 분\n당반기말\n전기말\n비고\n이익준비금\n17,816,521\n14,841,634\n법정(주1)\n재무구조개선적립금\n900,000\n900,000\n임의(주2)\n미처분이익잉여금\n1,436,301,764\n1,439,036,324\n합 \xa0 계\n1,455,018,285\n1,454,777,958\n(주1) 당사는 상법상의 규정에 따라 자본금의 50%에 달할 때까지 매 결산기마다 금전에 의한 이익배당액의 \xa0 \xa0 \xa0 \xa010% 이상을 이익준비금으로 적립하여야 하며, 동 준비금은 결손보전과 자본전입에만 사용될 수 있습 \xa0 \xa0 \xa0 \xa0니다.\n(주2) 당사는 유가증권의발행및공시등에관한규정에 따라 자기자본비율이 100분의 30에 달할 때까지 동  \xa0 \xa0 \xa0 \xa0규정에서 정하는 방법에 의한 금액 이상을 재무구조개선적립금으로 적립하였으나, 2007년 12월 중에 \xa0 \xa0 \xa0 \xa0동 규정이 개정되어 적립의무가 폐지됨에 따라 재무구조개선적립금의 추가 적립의무는 없습니다.\n17-6 배당금2022년 3월 29일 및 2021년 3월 31일에 개최된 당사의 주주총회에서 승인된 배당금은 각각 29,748,877천원(현금배당: 보통주 주당 1,500원, 우선주 주당 1,550원) 및 \xa0 20,450,555천원(현금배당: 보통주 주당 1,000원, 우선주 주당 1,050원)이며 2022년 4월에(전기: 2021년 4월) 지급되었습니다.2022년 7월 28일 개최된 이사회에서 승인된 당사의 중간 배당금은 9,946,202천원(현금배당: 보통주 주당 500원, 우선주 주당 550원) 입니다.\xa0\n18. 영업부문18-1 당사는 2017년 12월 1일을 분할기일로 하여 Green Chemicals Biz 및 Life Science Biz를 인적분할 하였으며, 당반기말 현재 자회사 관리 및 신규사업 투자의 단일 보고부문을 운영하고 있습니다. 당사는 단일보고 부문을 운영하고 있으므로, 보고부문별 정보는 공시하지 아니합니다.\n18-2 당반기 및 전반기의 영업수익은 모두 국내에서 발생한 수익입니다.\n18-3 당반기 및 전반기 중 영업수익의 10%이상을 차지하는 주요 거래처는 다음과 같습니다.\xa0\n(단위: 천원)\n회사명\n당반기\n전반기\nSK가스(주)\n33,988,445\n24,811,556\n에스케이케미칼(주)\n18,413,343\n7,860,620\n합 \xa0 계\n52,401,788\n32,672,176\n19. 영업이익19-1 당반기 및 전반기 중 영업수익의 내역은 다음과 같습니다.\n(단위: 천원)\n구 \xa0 분\n당반기\n전반기\n3개월\n누적\n3개월\n누적\n배당금수익\n-\n61,092,549\n-\n35,311,426\n19-2 당반기 및 전반기 중 영업비용의 내역은 다음과 같습니다.\n(단위: 천원)\n구 \xa0 분\n당반기\n전반기\n3개월\n누적\n3개월\n누적\n급여\n1,436,941\n2,923,847\n1,120,050\n2,028,994\n주식보상비용\n165,870\n221,160\n-\n-\n퇴직급여\n315,829\n480,509\n218,243\n435,358\n복리후생비\n245,709\n530,235\n118,783\n260,907\n여비교통비\n40,242\n60,176\n6,018\n11,782\n세금과공과\n24,383\n66,382\n16,599\n50,902\n임차료\n30,847\n60,737\n26,309\n50,525\n상각비(주1)\n108,559\n208,621\n89,872\n178,019\n보험료\n9,326\n18,676\n8,568\n17,137\n사무소모품비\n22,947\n56,010\n5,788\n18,360\n차량유지비\n40,239\n87,876\n25,894\n47,011\n도서비\n84\n353\n-\n340\n지급수수료\n982,359\n1,715,192\n437,688\n1,229,624\n기타\n350,719\n573,326\n219,875\n375,212\n합 \xa0 계\n3,774,054\n7,003,100\n2,293,687\n4,704,171\n(주1) 감가상각비, 사용권자산상각비 및 무형자산상각비로 구성되어 있습니다.\n20. 영업외손익20-1 당반기 및 전반기 중 기타수익 및 기타비용의 내역은 다음과 같습니다.\n(단위: 천원)\n구 \xa0 분\n당반기\n전반기\n3개월\n누적\n3개월\n누적\n기타수익:\n\xa0 \xa0무형자산처분이익\n1,151,665\n1,151,665\n-\n-\n\xa0 \xa0잡이익\n3,295\n5,058\n16,991\n18,448\n합 \xa0 계\n1,154,960\n1,156,723\n16,991\n18,448\n기타비용:\n\xa0 \xa0종속기업투자손상차손\n-\n-\n725,000\n725,000\n\xa0 \xa0관계기업투자손상차손\n-\n-\n704,109\n704,109\n\xa0 \xa0기부금\n150,000\n150,000\n-\n-\n합 \xa0 계\n150,000\n150,000\n1,429,109\n1,429,109\n20-2 당반기 및 전반기 중 금융수익 및 금융원가의 내역은 다음과 같습니다.\n(단위: 천원)\n구 \xa0 분\n당반기\n전반기\n3개월\n누적\n3개월\n누적\n금융수익:\n\xa0 이자수익\n39\n538\n4,418\n61,132\n\xa0 당기손익-공정가치 측정 \xa0금융자산 처분이익\n650,669\n1,038,518\n474,980\n518,005\n\xa0 당기손익-공정가치 측정 \xa0금융자산 평가이익(손실)\n16,177\n50,257\n(81,358)\n150,197\n\xa0 파생상품평가이익(손실)\n(3,377,775)\n-\n3,698,252\n6,158,752\n합 \xa0 계\n(2,710,890)\n1,089,313\n4,096,292\n6,888,086\n금융원가:\n\xa0 이자비용\n4,573,455\n8,367,845\n1,243,902\n2,608,468\n\xa0 파생상품평가손실\n12,012,983\n14,332,270\n-\n-\n\xa0 금융수수료\n2,795,473\n5,495,016\n2,729,538\n5,429,081\n합 \xa0 계\n19,381,911\n28,195,131\n3,973,440\n8,037,549\n21. 법인세비용\n당반기 및 전반기의 법인세비용(수익)의 구성 내역은 다음과 같습니다.\n(단위: 천원)\n구 \xa0 분\n당반기\n전반기\n법인세부담액(법인세추납액, 환급액포함)\n-\n141,994\n일시적차이의 발생과 소멸로 인한 이연법인세 변동\n(2,164,554)\n5,097,045\n자본에 직접 반영된 법인세\n160,334\n35,675\n법인세비용(수익)\n(2,004,220)\n5,274,714\n유효세율\n(주1)\n18.81%\n(주1) 당반기 중 법인세수익이 발생하였으므로 유효세율을 산출하지 아니합니다.\n22. 현금흐름표22-1 당반기 및 전반기의 영업에서 창출된 현금흐름에 대한 조정 내역은 다음과 같습니다.\n(단위: 천원)\n구 \xa0 분\n당반기\n전반기\n감가상각비\n42,000\n36,978\n사용권자산상각비\n143,699\n122,793\n무형자산상각비\n22,921\n18,248\n주식보상비용\n221,160\n-\n퇴직급여\n480,509\n429,145\n무형자산처분이익\n(1,151,665)\n-\n종속기업투자손상차손\n-\n725,000\n관계기업투자손상차손\n-\n704,109\n이자수익\n(538)\n(61,132)\n배당금수익\n(61,092,549)\n(35,311,426)\n당기손익-공정가치 측정 금융자산 처분이익\n(1,038,518)\n(518,005)\n당기손익-공정가치 측정 금융자산 평가이익\n(50,257)\n(150,197)\n이자비용\n8,367,845\n2,608,468\n금융수수료\n5,495,016\n5,429,081\n파생상품평가손실(이익)\n14,332,270\n(6,158,752)\n법인세비용(수익)\n(2,004,220)\n5,274,714\n기타\n(5,051)\n(1,554)\n합 \xa0 계\n(36,237,378)\n(26,852,530)\n22-2 당반기 및 전반기 중 영업활동으로 인한 자산ㆍ부채의 변동내역은 다음과 같습니다.\n(단위: 천원)\n구 \xa0 분\n당반기\n전반기\n기타수취채권\n690,080\n105,232\n기타유동자산\n(207,713)\n(210,719)\n기타지급채무\n(3,977,709)\n(3,230,614)\n기타유동부채\n204,307\n(762)\n퇴직금의 지급\n(807,081)\n-\n관계사전출입\n192,370\n(14,933)\n합 \xa0 계\n(3,905,746)\n(3,351,796)\n22-3 당반기 및 전반기 중 현금의 유출입이 없는 주요 거래 내역은 다음과 같습니다.\n(단위: 천원)\n구 \xa0 분\n당반기\n전반기\n리스부채의 유동성대체\n239,138\n196,928\n장기선급비용의 유동성대체\n1,519,188\n-\n종속기업투자 취득 미지급금 변동\n-\n184,132\n기타포괄손익-공정가치 측정 금융자산의 평가\n(532,573)\n(13,473)\n건설중인자산의 타계정대체\n39,692\n7,501\n22-4 당반기 및 전반기 중 재무활동에서 생기는 부채의 변동은 다음과 같습니다.\n<당반기>\n(단위: 천원)\n구 \xa0 분\n기초\n재무활동현금흐름\n기타(주1)\n당반기말\n단기이자부차입금\n448,000,000\n(118,000,000)\n-\n330,000,000\n유동성리스부채\n255,846\n(144,912)\n222,904\n333,838\n미지급배당금\n20,636\n(29,747,496)\n29,748,878\n22,018\n사채\n119,633,173\n105,510,355\n109,559\n225,253,087\n리스부채\n583,095\n-\n246,549\n829,644\n합 \xa0 계\n568,492,750\n(42,382,053)\n30,327,890\n556,438,587\n(주1) 사채 및 리스부채 등 채무의 시간경과에 따른 유동성대체 및 상각, 당반기말 현재 발생하였으나 지급되지 않은  \xa0 \xa0 \xa0 \xa0배당, 리스료 인상으로 인한 리스부채의 증가가 포함되어 있습니다.\n<전반기>\n(단위: 천원)\n구 \xa0 분\n기초\n재무활동현금흐름\n기타(주1)\n전반기말\n단기이자부차입금\n35,000,000\n(10,000,000)\n-\n25,000,000\n유동성이자부차입금\n68,984,749\n(28,000,000)\n13,642\n40,998,391\n유동성리스부채\n188,111\n(122,046)\n183,734\n249,799\n미지급배당금\n19,705\n(20,449,625)\n20,450,556\n20,636\n사채\n119,468,605\n-\n81,401\n119,550,006\n리스부채\n606,579\n-\n98,318\n704,897\n합 \xa0 계\n224,267,749\n(58,571,671)\n20,827,651\n186,523,729\n(주1) 사채 및 리스부채 등 채무의 시간경과에 따른 유동성대체 및 상각, 전반기말 현재 발생하였으나 지급되지 않은 \xa0 \xa0 \xa0 \xa0배당, 리스료 인상으로 인한 리스부채의 증가가 포함되어 있습니다.\n23. 공정가치\n23-1 공정가치 서열체계당사는 공정가치측정에 사용된 투입변수의 유의성을 반영하는 공정가치 서열체계에 따라 공정가치측정치를 분류하고 있으며, 공정가치 서열체계의 수준은 다음과 같습니다. 수준 1: 동일한 자산이나 부채에 대한 활성시장의 (조정되지 않은) 공시가격 수준 2: 직접적으로 또는 간접적으로 관측가능한 자산이나 부채에 대한 투입변수 수준 3: 관측가능한 시장자료에 기초하지 않은 자산이나 부채에 대한 투입변수(관측 \xa0 \xa0 \xa0 \xa0 \xa0 \xa0 가능하지 않은 투입변수)\n23-2 금융상품의 수준별 공정가치보고기간종료일 현재 금융상품의 수준별 공정가치 측정치는 다음과 같습니다.\xa0\n<당반기말>\n(단위: 천원)\n구 \xa0 분\n수준1\n수준2\n수준3(주1,2)\n합 \xa0 계\n금융자산:\n\xa0 \xa0기타포괄손익-공정가치 측정 금융자산\n1,109\n-\n3,724,411\n3,725,520\n\xa0 \xa0당기손익-공정가치 측정 금융자산\n-\n74,330,338\n1,000,000\n75,330,338\n\xa0 \xa0파생상품자산\n-\n-\n77,927,347\n77,927,347\n소 \xa0 계\n1,109\n74,330,338\n82,651,758\n156,983,205\n금융부채:\n\xa0 \xa0파생상품부채\n-\n-\n8,281,812\n8,281,812\n(주1) 장부금액이 공정가치의 합리적인 근사치인 금융상품은 별도의 공정가치 공시를 생략하였습니다.\n(주2) 별도로 설명된 자산을 제외하고는 원가가 공정가치의 적절한 추정치가 될 수 있는 비상장주식 \xa0 \xa0 \xa0 \xa0등으로 구성되어 있습니다(주석 23-3 참조).\n<전기말>\n(단위: 천원)\n구 \xa0 분\n수준1\n수준2\n수준3(주1,2)\n합 \xa0 계\n금융자산:\n\xa0 \xa0기타포괄손익-공정가치 측정 금융자산\n1,336\n-\n4,277,092\n4,278,428\n\xa0 \xa0당기손익-공정가치 측정 금융자산\n-\n79,180,385\n1,000,000\n80,180,385\n\xa0 \xa0파생상품자산\n-\n-\n89,938,015\n89,938,015\n소 \xa0 계\n1,336\n79,180,385\n95,215,107\n174,396,828\n금융부채:\n\xa0 \xa0파생상품부채\n-\n-\n5,960,210\n5,960,210\n(주1) 장부금액이 공정가치의 합리적인 근사치인 금융상품은 별도의 공정가치 공시를 생략하였습니다.\n(주2) 별도로 설명된 자산을 제외하고는 원가가 공정가치의 적절한 추정치가 될 수 있는 비상장주식 \xa0 \xa0 \xa0 \xa0등으로 구성되어 있습니다(주석 23-3 참조).\n23-3 가치평가기법 및 투입변수보고기간종료일 현재 재무상태표에서 공정가치로 측정된 자산ㆍ부채 중 공정가치 서열체계에 수준 2로 분류된 항목의 가치평가기법, 투입변수, 투입변수에 대한 범위 등은 다음과 같습니다.\n<당반기말>\n(단위: 천원)\n구 \xa0분\n공정가치\n가치평가기법\n투입변수\n투입변수 범위\n당기손익-공정가치 측정 금융자산:\nMMW\n74,330,338\n시장접근법\n기초자산 공정가치\n-\n<전기말>\n(단위: 천원)\n구 \xa0분\n공정가치\n가치평가기법\n투입변수\n투입변수 범위\n당기손익-공정가치 측정 금융자산:\nMMW\n79,180,385\n시장접근법\n기초자산 공정가치\n-\n한편, 보고기간종료일 현재 재무상태표에서 공정가치로 측정된 자산ㆍ부채 중 공정가치 서열체계에 수준 3으로 분류된 항목의 가치평가기법, 투입변수, 투입변수에 대한 범위 등은 다음과 같습니다.\n<당반기말>\n(단위: 천원)\n구 \xa0분\n공정가치\n가치평가기법\n투입변수\n투입변수 범위\n기타포괄손익-공정가치 측정 금융자산:\nSK TIC\n1,932,239\n순자산 공정가치 (주1)\n-\n-\n파생상품자산:\n에스케이에코플랜트(주)(구, SK건설(주))주가수익스왑계약\n77,927,347\n기초자산: 유사기업 비교법 (주2)\n시가총액/수주잔고 배수\n0.066 ~ 0.088\nPBR 배수\n0.688 ~ 0.797\n주가수익스왑계약: 위험중립가정을 통한 평가\xa0\n기초자산에 대한 배당률\n0% ~ 1.46%\n파생상품부채:\n에스케이플라즈마(주)풋옵션\n(8,281,812)\n기초자산: 현금흐름할인법\n가중평균자본비용\n10.90% ~ 11.90%\n전환우선주: CRR 이항모형풋옵션계약: 옵션가격결정모형(T-F Hull)\n주가변동성\n35.16%\n미상장확률\n73.46%\n(주1) 당반기 중 보유 자산 구성내역이 대부분 공정가치평가가 가능하다고 판단되며 해당 피투자회사는 투자회사이므로 자산구성내역의 합이 \xa0 \xa0 \xa0 \xa0곧 해당 기업의 가치라고 판단하였습니다. 이에 따라 해당 기업 순자산에 당사 보유 지분율을 고려하여 공정가치를 산정하였습니다.\n(주2) 대상 기업의 사업구조 개편으로 인하여 현금흐름할인법으로 평가하기 위한 충분한 미래 사업계획에 대한 검토가 어렵다고 판단하여, \xa0 \xa0 \xa0 \xa0대체적 평가인 유사 상장기업 비교법으로 평가하였습니다.\n<전기말>\n(단위: 천원)\n구 \xa0분\n공정가치\n가치평가기법\n투입변수\n투입변수 범위\n기타포괄손익-공정가치 측정 금융자산:\nSK TIC\n2,624,920\n순자산 공정가치 (주1)\n-\n-\n파생상품자산:\n에스케이에코플랜트(주)(구, SK건설(주))주가수익스왑계약\n89,938,015\n기초자산: 유사기업 비교법 (주2)\n시가총액/수주잔고 배수\n0.066 ~ 0.088\nPBR 배수\n0.688 ~ 0.797\n주가수익스왑계약: 위험중립가정을 통한 평가\xa0\n기초자산에 대한 배당률\n0% ~ 1.47%\n파생상품부채:\n에스케이플라즈마(주)풋옵션\n(5,960,210)\n기초자산: 현금흐름할인법\n가중평균자본비용\n10.90% ~ 11.90%\n풋옵션계약: 옵션가격결정모형(LSMC, T-F Hull)\n주가변동성\n30.96%\n(주1) 전기 중 보유 자산 구성내역이 대부분 공정가치평가가 가능하다고 판단되며 해당 피투자회사는 투자회사이므로 자산구성내역의 합이 \xa0 \xa0 \xa0 \xa0곧 해당 기업의 가치라고 판단하였습니다. 이에 따라 해당 기업 순자산에 당사 보유 지분율을 고려하여 공정가치를 산정하였습니다.\n(주2) 대상 기업의 사업구조 개편으로 인하여 현금흐름할인법으로 평가하기 위한 충분한 미래 사업계획에 대한 검토가 어렵다고 판단하여, \xa0 \xa0 \xa0 \xa0대체적 평가인 유사 상장기업 비교법으로 평가하였습니다.\n24. 보고기간 후 사건24-1 당사는 2019년 6월 체결된 주가수익스왑 계약의 기초자산 중 2,702,702주가 \xa02022년 7월 중 매각됨에 따라, 2022년 7월 25일 매각가액과 기초자산금액의 차액에서 부대비용 등을 차감한 114,319,677천원을 정산 받았습니다.\n24-2 당사는 종속기업인 에스케이플라즈마(주)가 2022년 7월 27일 발행한 공모사채에 대하여 사채원리금의 최종상환시까지의 원리금지급을 보증하였습니다.24-3 당사는 2022년 7월 28일 이사회 결의를 통하여 종속기업인 에스케이플라즈마 (주)의 기명식 보통주 유상증자 참여를 결정하였으며, 출자주식수는 786,765주 및 출자금액은 23,546,303천원입니다. 한편 에스케이플라즈마(주)는 당사가 보유중인 에스케이플라즈마(주)의 기명식 전환상환우선주식 786,765주에 대하여 2022년 8월 1일 23,546,303천원에 상환 하였습니다.\n24-4 당사는 2022년 7월 28일 이사회 결의를 통하여 중간배당을 결의 하였으며 주요 내용은 다음과 같습니다.\n구 \xa0 분\n내 \xa0 용\n중간배당액\n보통주 1주당 배당액 500원, 우선주 1주당 배당액 550원(배당금 총액 9,946,202천원)\n시가배당률\n보통주 1.4%, 우선주 1.9%\n배당기준일\n2022-06-30\n배당금지급일\n상법 제464조의2 제1항에 근거하여 이사회 결의일로부터 1개월 이내에 지급 예정\n']"
