text
"['\nIX. 계열회사 등에 관한 사항\n가. 계열회사의 현황(1) 회사가 속해있는 기업집단의 명칭: 현대자동차그룹당사는 독점규제 및 공정거래에 관한 법률상 현대자동차그룹에 속한 회사로서 보고서 작성기준일 현재 현대자동차그룹에는 당사를 포함한 국내 52개의 계열회사가 있으며\xa0상장 12개사, 비상장 40개사로 구성되어 있습니다. 그 세부현황은 다음과 같습니다.(2019. 9. 30 현재, 국내,\xa0법인등록번호)\n구분\n회사수\n회사명\n법인등록번호\n상장사\n12개사\n현대자동차\n110111-0085450\n기아자동차\n110111-0037998\n현대제철\n120111-0001743\n현대모비스\n110111-0215536\n현대건설\n110111-0007909\n현대글로비스\n110111-2177388\n현대위아\n194211-0000125\n현대로템\n194211-0036336\n이노션\n110111-3229097\n현대비앤지스틸\n110111-0065395\n현대오토에버\n110111-1935638\n현대차증권\n110111-0019962\n비상장사\n40개사\n현대엔지니어링\n110111-2153015\n현대트랜시스\n161411-0008562\n현대케피코\n110111-0543169\n현대스틸산업\n161411-0009437\n현대에너지\n206211-0039541\n현대도시개발\n165111-0006964\n그린에어\n165011-0026005\n현대종합특수강\n110111-4505595\n해비치호텔앤드리조트\n224111-0006681\n현대아이에이치엘\n171211-0007722\n해비치컨트리클럽\n110111-0616049\n현대오트론\n134111-0134001\n현대엠시트\n110111-2410366\n현대엠엔소프트\n110111-1620239\n현대파텍스\n161411-0015955\n에이치엘그린파워\n135211-0027542\n위아마그나파워트레인\n164811-0048707\n서울PMC\n110111-0109060\n현대종합설계건축사무소\n110111-2210097\n현대머티리얼\n110111-4364008\n송도랜드마크시티\n110114-0065167\n지아이티\n131111-0028900\n현대서산농장\n161411-0015129\n현대첨단소재\n110111-1929102\n현대위아터보\n161411-0030193\n현대엔지비\n110111-2094201\n서림개발\n134211-0002264\n서림환경기술\n134211-0099493\n기아타이거즈\n200111-0003883\n메인트란스\n110111-3920520\n율촌제2산업단지개발\n206211-0046653\n전북현대모터스에프씨\n210111-0062829\n부산파이낸스센터에이엠씨\n110111-4203727\n현대캐피탈\n110111-0995378\n현대카드\n110111-0377203\n현대커머셜\n110111-3646697\n블루월넛\n110111-6254562\n현대에코에너지\n161411-0040506\n지마린서비스\n180111-0566133\n동북선도시철도\n110111-6818970\n총\n52개\n※ 변동내역(\'19년 2분기말 比) : 계열제외 1개사, 상호변경 1개사\xa0 \xa0\xa0 계열제외 : 아토즈서플라이서비스(\'19.7.16, 지분매각)\xa0 \xa0\xa0 상호변경 : 동북선경전철 → 동북선도시철도\xa0 \xa0\xa0 \xa0 \xa0\xa0 소속회사 변동 : 총 53개사 → 총 52개사\n(2) 계통도\n보고서 제출기준일 현재 당사가 속한 계열회사의 주요 계통도는 다음과 같습니다.① 국내법인\xa0 \xa0 \xa0 \xa0 \xa0 \xa0 \xa0 \xa0 \xa0 \xa0 \xa0 \xa0 \xa0 \xa0 \xa0 \xa0 \xa0 \xa0 \xa0 \xa0 \xa0 \xa0 \xa0 \xa0 \xa0\xa0\xa0 \xa0 \xa0 \xa0 \xa0 \xa0 \xa0 \xa0 \xa0 \xa0 \xa0 \xa0 \xa0 \xa0 \xa0 \xa0 \xa0 \xa0 \xa0\xa0 (2019.9.30 현재, %)\n피출자출자\n1현대자동차\n2기아자동차\n3현대제철\n4현대모비스\n5현대건설\n6현대글로비스\n7현대위아\n8현대엔지니어링\n9현대트랜시스\n10현대로템\n11현대케피코\n12이노션\n13현대오토에버\n14현대비앤지스틸\n15현대스틸산업\n16현대도시개발\n17현대에너지\n18해비치호텔앤드리조트\n19현대종합특수강\n20에이치엘그린파워\n21현대아이에이치엘\n22해비치컨트리클럽\n23그린에어\n24현대오트론\n25현대엠엔소프트\n26송도랜드마크시티\n현대자동차\n33.88\n6.87\n\u3000\n20.95\n4.88\n25.35\n\u3000\n41.13\n43.36\n100\n\u3000\n28.48\n\u3000\n\u3000\n\u3000\n\u3000\n41.90\n\u3000\n\u3000\n\u3000\n30.00\n\u3000\n60.00\n31.84\n\u3000\n기아자동차\n\u3000\n\u3000\n17.27\n17.24\n5.24\n\u3000\n13.44\n9.35\n40.43\n\u3000\n\u3000\n\u3000\n19.05\n\u3000\n\u3000\n\u3000\n\u3000\n23.24\n\u3000\n\u3000\n\u3000\n15.00\n\u3000\n20.00\n\u3000\n\u3000\n현대제철\n\u3000\n\u3000\n\u3000\n5.78\n\u3000\n\u3000\n\u3000\n\u3000\n\u3000\n\u3000\n\u3000\n\u3000\n\u3000\n41.12\n\u3000\n\u3000\n\u3000\n\u3000\n60.00\n\u3000\n\u3000\n\u3000\n\u3000\n\u3000\n\u3000\n\u3000\n현대모비스\n21.43\n\u3000\n\u3000\n\u3000\n8.73\n\u3000\n\u3000\n9.35\n15.74\n\u3000\n\u3000\n\u3000\n19.05\n\u3000\n\u3000\n\u3000\n\u3000\n5.81\n\u3000\n51.00\n99.38\n15.00\n\u3000\n20.00\n25.67\n\u3000\n현대글로비스\n\u3000\n\u3000\n\u3000\n0.69\n\u3000\n\u3000\n\u3000\n11.67\n\u3000\n\u3000\n\u3000\n\u3000\n\u3000\n\u3000\n\u3000\n\u3000\n\u3000\n2.91\n\u3000\n\u3000\n\u3000\n\u3000\n\u3000\n\u3000\n\u3000\n\u3000\n현대위아\n\u3000\n\u3000\n\u3000\n\u3000\n\u3000\n\u3000\n\u3000\n\u3000\n1.88\n\u3000\n\u3000\n\u3000\n\u3000\n\u3000\n\u3000\n\u3000\n\u3000\n9.88\n40.00\n\u3000\n\u3000\n\u3000\n\u3000\n\u3000\n\u3000\n\u3000\n현대로템\n\u3000\n\u3000\n\u3000\n\u3000\n\u3000\n\u3000\n\u3000\n\u3000\n\u3000\n\u3000\n\u3000\n\u3000\n\u3000\n\u3000\n\u3000\n\u3000\n\u3000\n\u3000\n\u3000\n\u3000\n\u3000\n\u3000\n51.00\n\u3000\n\u3000\n\u3000\n현대트랜시스\n\u3000\n\u3000\n\u3000\n\u3000\n\u3000\n\u3000\n\u3000\n\u3000\n\u3000\n\u3000\n\u3000\n\u3000\n\u3000\n\u3000\n\u3000\n\u3000\n\u3000\n\u3000\n\u3000\n\u3000\n\u3000\n\u3000\n\u3000\n\u3000\n\u3000\n\u3000\n현대머티리얼\n\u3000\n\u3000\n\u3000\n\u3000\n\u3000\n\u3000\n\u3000\n\u3000\n\u3000\n\u3000\n\u3000\n\u3000\n\u3000\n\u3000\n\u3000\n\u3000\n\u3000\n\u3000\n\u3000\n\u3000\n\u3000\n\u3000\n\u3000\n\u3000\n\u3000\n\u3000\n서림개발\n\u3000\n\u3000\n\u3000\n\u3000\n\u3000\n\u3000\n\u3000\n\u3000\n\u3000\n\u3000\n\u3000\n\u3000\n\u3000\n\u3000\n\u3000\n\u3000\n\u3000\n\u3000\n\u3000\n\u3000\n\u3000\n\u3000\n\u3000\n\u3000\n\u3000\n\u3000\n지마린서비스\n\u3000\n\u3000\n\u3000\n\u3000\n\u3000\n\u3000\n\u3000\n\u3000\n\u3000\n\u3000\n\u3000\n\u3000\n\u3000\n\u3000\n\u3000\n\u3000\n\u3000\n\u3000\n\u3000\n\u3000\n\u3000\n\u3000\n\u3000\n\u3000\n\u3000\n\u3000\n현대카드\n\u3000\n\u3000\n\u3000\n\u3000\n\u3000\n\u3000\n\u3000\n\u3000\n\u3000\n\u3000\n\u3000\n\u3000\n\u3000\n\u3000\n\u3000\n\u3000\n\u3000\n\u3000\n\u3000\n\u3000\n\u3000\n\u3000\n\u3000\n\u3000\n\u3000\n\u3000\n현대커머셜\n\u3000\n\u3000\n\u3000\n\u3000\n\u3000\n\u3000\n\u3000\n\u3000\n\u3000\n\u3000\n\u3000\n\u3000\n\u3000\n\u3000\n\u3000\n\u3000\n\u3000\n\u3000\n\u3000\n\u3000\n\u3000\n\u3000\n\u3000\n\u3000\n\u3000\n\u3000\n현대건설\n\u3000\n\u3000\n\u3000\n\u3000\n\u3000\n\u3000\n\u3000\n38.62\n\u3000\n\u3000\n\u3000\n\u3000\n\u3000\n\u3000\n100\n100\n49.00\n\u3000\n\u3000\n\u3000\n\u3000\n\u3000\n\u3000\n\u3000\n\u3000\n94.20\n현대엔지니어링\n\u3000\n\u3000\n\u3000\n\u3000\n\u3000\n\u3000\n\u3000\n\u3000\n\u3000\n\u3000\n\u3000\n\u3000\n\u3000\n\u3000\n\u3000\n\u3000\n\u3000\n\u3000\n\u3000\n\u3000\n\u3000\n40.00\n\u3000\n\u3000\n\u3000\n\u3000\n합계\n21.43\n33.88\n24.15\n23.70\n34.91\n4.88\n38.78\n68.99\n99.18\n43.36\n100\n\u3000\n66.57\n41.12\n100\n100\n49.00\n83.73\n100\n51.00\n99.38\n100\n51.00\n100\n57.50\n94.20\n피출자출자\n27현대에코에너지\n28현대엠시트\n29현대파텍스\n30지아이티\n31현대머티리얼\n32위아마그나파워트레인\n33현대위아터보\n34현대종합설계건축사사무소\n35서울피엠씨\n36현대서산농장\n37현대첨단소재\n38현대엔지비\n39지마린서비스\n40서림개발\n41서림환경기술\n42동북선도시철도\n43메인트란스\n44기아타이거즈\n45율촌제2산업단지개발\n46전북현대모터스에프씨\n47부산파이낸스센터에이엠씨\n48현대캐피탈\n49현대카드\n50현대커머셜\n51현대차증권\n52블루월넛\n현대자동차\n\u3000\n\u3000\n56.00\n\u3000\n\u3000\n\u3000\n\u3000\n\u3000\n\u3000\n\u3000\n\u3000\n53.66\n\u3000\n\u3000\n\u3000\n\u3000\n\u3000\n\u3000\n\u3000\n100\n\u3000\n59.68\n36.96\n37.50\n27.49\n\u3000\n기아자동차\n\u3000\n\u3000\n31.00\n\u3000\n\u3000\n\u3000\n\u3000\n\u3000\n\u3000\n\u3000\n\u3000\n24.39\n\u3000\n\u3000\n\u3000\n\u3000\n\u3000\n100\n\u3000\n\u3000\n\u3000\n20.10\n11.48\n\u3000\n4.90\n\u3000\n현대제철\n\u3000\n\u3000\n\u3000\n\u3000\n\u3000\n\u3000\n\u3000\n\u3000\n\u3000\n\u3000\n\u3000\n\u3000\n\u3000\n\u3000\n\u3000\n\u3000\n\u3000\n\u3000\n\u3000\n\u3000\n\u3000\n\u3000\n\u3000\n\u3000\n\u3000\n\u3000\n현대모비스\n\u3000\n\u3000\n13.00\n45.87\n\u3000\n\u3000\n\u3000\n\u3000\n\u3000\n\u3000\n\u3000\n\u3000\n\u3000\n\u3000\n\u3000\n\u3000\n\u3000\n\u3000\n\u3000\n\u3000\n\u3000\n\u3000\n\u3000\n\u3000\n16.99\n\u3000\n현대글로비스\n\u3000\n\u3000\n\u3000\n\u3000\n\u3000\n\u3000\n\u3000\n\u3000\n\u3000\n\u3000\n\u3000\n\u3000\n100\n\u3000\n\u3000\n\u3000\n\u3000\n\u3000\n\u3000\n\u3000\n\u3000\n\u3000\n\u3000\n\u3000\n\u3000\n\u3000\n현대위아\n\u3000\n\u3000\n\u3000\n\u3000\n\u3000\n50.00\n100\n\u3000\n\u3000\n\u3000\n\u3000\n\u3000\n\u3000\n\u3000\n\u3000\n\u3000\n\u3000\n\u3000\n\u3000\n\u3000\n\u3000\n\u3000\n\u3000\n\u3000\n\u3000\n\u3000\n현대로템\n\u3000\n\u3000\n\u3000\n\u3000\n\u3000\n\u3000\n\u3000\n\u3000\n\u3000\n\u3000\n\u3000\n\u3000\n\u3000\n\u3000\n\u3000\n22.10\n80.00\n\u3000\n\u3000\n\u3000\n\u3000\n\u3000\n\u3000\n\u3000\n\u3000\n\u3000\n현대트랜시스\n\u3000\n99.81\n\u3000\n\u3000\n\u3000\n\u3000\n\u3000\n\u3000\n\u3000\n\u3000\n\u3000\n\u3000\n\u3000\n\u3000\n\u3000\n\u3000\n\u3000\n\u3000\n\u3000\n\u3000\n\u3000\n\u3000\n\u3000\n\u3000\n\u3000\n\u3000\n현대머티리얼\n\u3000\n\u3000\n\u3000\n\u3000\n\u3000\n\u3000\n\u3000\n\u3000\n\u3000\n\u3000\n100\n\u3000\n\u3000\n\u3000\n\u3000\n\u3000\n\u3000\n\u3000\n\u3000\n\u3000\n\u3000\n\u3000\n\u3000\n\u3000\n\u3000\n\u3000\n서림개발\n\u3000\n\u3000\n\u3000\n\u3000\n\u3000\n\u3000\n\u3000\n\u3000\n\u3000\n\u3000\n\u3000\n\u3000\n\u3000\n\u3000\n75.57\n\u3000\n\u3000\n\u3000\n\u3000\n\u3000\n\u3000\n\u3000\n\u3000\n\u3000\n\u3000\n\u3000\n지마린서비스\n\u3000\n\u3000\n\u3000\n\u3000\n\u3000\n\u3000\n\u3000\n\u3000\n\u3000\n\u3000\n\u3000\n\u3000\n\u3000\n\u3000\n\u3000\n\u3000\n\u3000\n\u3000\n\u3000\n\u3000\n\u3000\n\u3000\n\u3000\n\u3000\n\u3000\n\u3000\n현대카드\n\u3000\n\u3000\n\u3000\n\u3000\n\u3000\n\u3000\n\u3000\n\u3000\n\u3000\n\u3000\n\u3000\n\u3000\n\u3000\n\u3000\n\u3000\n\u3000\n\u3000\n\u3000\n\u3000\n\u3000\n\u3000\n\u3000\n\u3000\n\u3000\n\u3000\n100\n현대커머셜\n\u3000\n\u3000\n\u3000\n\u3000\n\u3000\n\u3000\n\u3000\n\u3000\n\u3000\n\u3000\n\u3000\n\u3000\n\u3000\n\u3000\n\u3000\n\u3000\n\u3000\n\u3000\n\u3000\n\u3000\n\u3000\n\u3000\n24.54\n\u3000\n\u3000\n\u3000\n현대건설\n81.00\n\u3000\n\u3000\n\u3000\n\u3000\n\u3000\n\u3000\n84.79\n\u3000\n84.67\n\u3000\n\u3000\n\u3000\n\u3000\n\u3000\n\u3000\n\u3000\n\u3000\n48.00\n\u3000\n18.48\n\u3000\n\u3000\n\u3000\n\u3000\n\u3000\n현대엔지니어링\n\u3000\n\u3000\n\u3000\n\u3000\n\u3000\n\u3000\n\u3000\n\u3000\n\u3000\n\u3000\n\u3000\n\u3000\n\u3000\n\u3000\n\u3000\n32.00\n\u3000\n\u3000\n\u3000\n\u3000\n6.15\n\u3000\n\u3000\n\u3000\n\u3000\n\u3000\n합계\n81.00\n99.81\n100\n45.87\n\u3000\n50.00\n100\n84.79\n\u3000\n84.67\n100\n78.05\n100\n\u3000\n75.57\n54.10\n80.00\n100\n48.00\n100\n24.63\n79.78\n72.98\n37.50\n49.38\n100\n\xa0\xa0\n② 해외법인\xa0 \xa0 \xa0 \xa0 \xa0 \xa0 \xa0 \xa0 \xa0 \xa0 \xa0 \xa0 \xa0 \xa0 \xa0 \xa0 \xa0 \xa0 \xa0 \xa0 \xa0 \xa0 \xa0 \xa0 \xa0\xa0\xa0 \xa0 \xa0 \xa0 \xa0 \xa0 \xa0 \xa0 \xa0 \xa0 \xa0 \xa0 \xa0\xa0 (2019. 9. 30 현재, %)\n계열회사명\n당사 지분율\n계열회사 지분 합계\nHyundai Motor Netherlands B.V. (HMNL)\n-\n100\nHyundai Capital Canada Inc. (HCCA)\n-\n100\nHyundai Assan Otomotiv Sanayi Ve Ticaret A.S. (HAOSVT)\n-\n70\nHyundai Motor India Limited (HMI)\n-\n100\nHyundai Motor Brasil Montadora de Automoveis LTDA (HMB)\n-\n100\n사천현대기차유한공사 (CHMC)\n-\n50\nHyundai Translead, Inc. (HT)\n-\n100\nHyundai Rio Vista, Inc.\n-\n100\nHyundai de Mexico, SA DE C.V., (HYMEX)\n-\n99.99\n북경현대기차유한공사 (BHMC)\n-\n50\nHyundai Motor Manufacturing Alabama, LLC (HMMA)\n-\n100\nHyundai Motor Manufacturing Czech, s.r.o. (HMMC)\n-\n100\nHyundai Motor Manufacturing Rus LLC (HMMR)\n-\n100\nHyundai Motor Poland Sp. Zo. O (HMP)\n-\n100\nBeijing Jingxian Motor Safeguard Service Co., Ltd. (BJMSS)\n-\n100\nBeijing Jingxianronghua Motor Sale Co., Ltd.\n-\n100\nHyundai Motor Japan Co., Ltd. (HMJ)\n-\n100\nHyundai Motor Japan R&D Center Inc. (HMJ R&D)\n-\n100\nHyundai America Technical Center, Inc. (HATCI)\n-\n100\nHyundai Motor America (HMA)\n-\n100\nHyundai Auto Canada Corp. (HACC)\n-\n100\nHyundai Auto Canada Captive Insurance Inc. (HACCI)\n-\n100\nHyundai Capital America (HCA)\n-\n100\nHyundai Motor Europe GmbH (HME)\n-\n100\nHyundai Motor Company Australia Pty Limited (HMCA)\n-\n100\nChina Millennium corporation Ⅰ(CMEs)\n-\n100\nChina Millennium Corporation Ⅱ (CMEs)\n-\n100\nChina Millennium Corporations Ⅲ (CMEs)\n-\n100\nHyundai Millennium (Beijing) Real Estate Development Co., Ltd.\n-\n99\nHyundai Motor Group China, Ltd. (HMGC)\n-\n100\nHyundai Motor UK Limited (HMUK)\n-\n100\nHyundai Motor Commonwealth of Independent States B.V (HMCIS B.V)\n-\n100\nHyundai Motor Commonwealth of Independent States (HMCIS)\n-\n100\nHyundai Motor De Mexico S DE RL DE CV (HMM)\n-\n100\nHyundai Motor Deutschland GmbH (HMD)\n-\n100\nHyundai Motor France SAS (HMF)\n-\n100\nHyundai Motor Czech s.r.o. (HMCZ)\n-\n100\nHyundai Motor Company Italy S.r.l (HMCI)\n-\n100\nHyundai Motor Sport GmbH (HMSG)\n-\n100\nHyundai Motor Espana, S.L.U. (HMES)\n-\n100\nStamped Metal American Research Technology, Inc. (SMARTI)\n-\n72.45\nStamped Metal American Research Technology LLC\n-\n100\nHyundai Motor Europe Technical Center GmbH (HMETC)\n-\n100\nHyundai Motor India Engineering Private Limited (HMIE)\n-\n100\nHyundai CHA Funding, LLC\n-\n100\nHyundai Lease Titling Trust\n-\n100\nHyundai HK Funding, LLC\n-\n100\nHyundai HK Funding Two, LLC\n-\n100\nHyundai ABS Funding, LLC\n-\n100\nHyundai Capital Insurance Services, LLC\n-\n100\nHK Real Properties, LLC\n-\n100\nHyundai Auto Lease Offering, LLC\n-\n100\nHyundai HK Lease, LLC\n-\n100\nHyundai Protection Plan, Inc.\n-\n100\nHyundai Protection Plan Florida, Inc.\n-\n100\nHyundai Capital Insurance Company\n-\n100\nHyundai HK Funding Three, LLC\n-\n100\nHyundai HK Funding Four, LLC\n-\n100\nHyundai Capital Lease Inc. (HCLI)\n-\n100\nHyundai Asset Backed Lease, LLC\n-\n100\nPower Protect Extended Services, Inc.\n-\n100\nPower Protect Extended Services Florida, Inc.\n-\n100\nHK Lease Funding LP\n-\n100\nHCCA Funding Inc.\n-\n100\nExtended Term Amortizing Program, LLC\n-\n100\nHyundai Truck And Bus Rus LLC (HTBR)\n-\n100\nHYUNDAI THANH CONG VIETNAM AUTO MANUFACTURING CORPORATION(HTMV)\n-\n50\nHyundai Thanh cong Commercial Vehicle Joint Stock Company (HTCV)\n-\n50\nHyundai Motor Tooling (Shandong) Co., LTD.\n-\n100\nHyundai Motor Technology & Engineering Center (China) LTD\n-\n100\n현대수선중고차경영유한공사(중국)\n-\n60\nHMB Holding Participacoes Financeiras Ltda.\n-\n99.99\nGenesis Motor America LLC\n-\n100\nHCA Exchange, LLC\n-\n100\nGenesis Motor Sales(Shanghai) Co. Ltd.\n-\n100\nChina Mobility Fund, L.P.\n-\n72\nHydrogen Energy Industry Fund\n-\n69\nGenesis Motor Europe Gmbh\n-\n100\nPT. HYUNDAI MOTOR MANUFACTURING INDONESIA (HMMI)\n-\n100\nHyundai Mobility Lab(HML)\n-\n100\nKia Motors Mexico S.A de C.V. (KMM)\n-\n100\nKia Motors America, Inc. (KMA)\n-\n100\nKia Canada Inc. (KCI)\n-\n100\nKia Motors Slovakia s.r.o. (KMS)\n-\n100\nDongfeng Yueda Kia Motors Co., Ltd\n-\n50\nKia Motors Australia Pty Ltd. (KMAU)\n-\n100\n연길기아기차유수복무유한공사\n-\n100\nKia Motors Deutschland GmbH (KMD)\n-\n100\nKia Motors Polska Sp.zo.o. (KMP)\n-\n100\nKia Motors UK Ltd. (KMUK)\n-\n100\nKia Motors Iberia S.L. (KMIB)\n-\n100\nKia Motors France SAS (KMF)\n-\n100\nKia Motors Austria GmbH (KMAS)\n-\n100\nKia Motors Hungary Kft. (KMH)\n-\n100\nKia Motors Czech s.r.o. (KMCZ)\n-\n100\nKia Motors Belgium N.V. (KMB)\n-\n100\nKia Motors Sweden AB (KMSW)\n-\n100\nKia Motors Sales Slovensko, s.r.o. (KMSs)\n-\n100\nKia Motors Europe GmbH (KME)\n-\n100\nKia Motors New Zealand Pty Ltd. (KMNZ)\n-\n100\nKia Motors Manufacturing Georgia, Inc. (KMMG)\n-\n100\nKia Motors Russia LLC (KMR)\n-\n100\nKia Motors Nederland B.V. (KMNL)\n-\n100\nKia Motors Company Italy S.r.l (KMIT)\n-\n100\nKia Motors India Private Limited (KMI)\n-\n99.99\nInnocean Worldwide Mexico (IWM)\n100\n100\nInnocean Worldwide Communication Private Ltd. (IWI)\n100\n100\nInnocean Worldwide UK Ltd. (IWUK)\n100\n100\nInnocean Worldwide Europe GmbH (IWE)\n100\n100\nInnocean Worldwide Italy Srl (IWIt)\n100\n100\n북경이노션광고유한공사 (북경법인)\n100\n100\n상해이노션광고유한공사 (상해법인)\n100\n100\nInnocean Worldwide Holdings, Inc.(IWH)\n100\n100\nInnocean Worldwide America, LLC.(IWA)\n60\n100\nInnocean Worldwide Australia Pty Ltd.(IWAu)\n100\n100\nInnocean Worldwide Rus LLC. (IWR)\n100\n100\nInnocean Worldwide Canada Inc. (IWC)\n100\n100\nInnocean Worldwide Spain S.L. (IWS)\n100\n100\nInnocean Worldwide France (IWF)\n100\n100\n북광이노션광고유한공사 (북광법인)\n51\n51\nInnocean Worldwide Turkey (IWTr)\n100\n100\nInnocean Worldwide Brazil (IWB)\n100\n100\nInnocean Worldwide Middle East & Africa FZ-LLC (IWMENA)\n100\n100\nCanvas Worldwide LLC\n51\n51\nDavid & Goliath LLC\n100\n100\nSpinach LLC\n100\n100\nGIT America., Inc.\n-\n100\nGIT Beijing Automotive Technology., Inc.\n-\n100\nGIT Europe GmbH\n-\n100\nConsorcio Puente Chacao S.A\n-\n99\nPT. Hyundai Citra\n-\n95\nPT. Lippo-Hyundai Development\n-\n40\nOriental Hyundai Quarry & Development\n-\n40\nHyundai Diamond Cement Co., Ltd.\n-\n70\nMiddle East Engineering &Development Co., Ltd.\n-\n100\nHyundai Engineering & Construction(Wuxi) Co., Ltd.\n-\n100\nArian International Contractors Company\n-\n49\nHyundai Construction Do., Brasil Ltd.\n-\n100\nHyundai E&C Vina Song Gia Co., Ltd.\n-\n100\nSubic Clean Energy & Infra Inc.\n-\n40\nHyundai RNC Hatay Co., Ltd\n-\n100\nGEC Engineering and Construction Co., LTD.\n-\n99.99\nPENTA-OCEAN/HYUNDAI/BOSKALIS JV PTE. LTD\n-\n35\nArboretum Construction, Inc.\n-\n99.99\nHyundai Engineering & Construction RUS\n-\n100\nHyundai Glovis Mexico S de RL de CV\n-\n100\nGlovis America Inc.\n-\n100\nGlovis Alabama LLC\n-\n100\nGlovis Georgia LLC\n-\n100\nGlovis Canada Inc.\n-\n100\nGlobal Expedited Transportation Inc.\n-\n100\nGlovis Brasil Logistica LTDA.\n-\n100\nGlovis Europe GmbH\n-\n100\nStena Glovis SE\n-\n50\nHYUNDAI GLOVIS CZECH REPUBLIC s.r.o.\n-\n100\nGlovis Slovakia s.r.o\n-\n100\nGlovis Russia LLC\n-\n100\nHYUNDAI GLOVIS LOJISTIK SANAYI VE TICARET. Ltd. Sti.\n-\n100\nBeijing Glovis Warehousing & Transportation Co., Ltd.\n-\n100\nTianjin Glovis Automotive Parts Co., Ltd.\n-\n100\nBeijing Zhongdu-Glovis Logistics Co.,Ltd.\n-\n50\nSichuan Glovis Logistics Co.，Ltd.\n-\n51\nGlovis India Pvt. Ltd.\n-\n100\nGlovis Australia PTY. Ltd.\n-\n100\nAdampol S. A.\n-\n100\nADAMPOL SLOVAKIA S.R.O\n-\n100\nADAMPOL CZECH\n-\n100\nB.M Vehicle Logistics GmbH\n-\n50\nVECTURA LLC\n-\n100\nVECTURA INVEST LLC\n-\n99.9\nZhongdu-Glovis (Cangzhou) Logistics Co.,Ltd\n-\n100\nZhongdu-Glovis (Chongqing) Logistics Co.,Ltd\n-\n100\nGLOVIS INDIA ANANTAPUR Private Ltd\n-\n100\nHYUNDAI GLOVIS VIETNAM CO.,LTD.\n-\n100\nJiangsu Yueda Glovis Logistics Co.,Ltd.\n-\n50\nHyundai Transys Slovakia, s.r.o\n-\n100\nHyundai Transys Mexico Seating System, S. de R.L. de C.V.\n-\n100\nBeijing Lear Dymos Automotive Systems Co.,Ltd\n-\n40\nHyundai Transys Powertrain System (Rizhao) Co., Ltd\n-\n100\nBeijing HYUNDAI TRANSYS Transmission Co.,Ltd\n-\n100\nSichuan Hyundai Transys Automotive System Co., Ltd\n-\n100\nHYUNDAI TRANSYS LEAR AUTOMOTIVE INDIA PRIVATE LIMITED\n-\n65\nHyundai Transys Czech, s.r.o.\n-\n100\nHYUNDAI TRANSYS FABRICACAO DE AUTOPECAS BRASIL LTDA.\n-\n100\nAutomotive Seat System Dymos Mexico S DE RL DE CV\n-\n100\nAutomotive Seat System Dymos Servicios Mexico S DE RL DE CV\n-\n100\nHYUNDAI TRANSYS AMERICA, INC.\n-\n100\nHYUNDAI TRANSYS GEORGIA SEATING SYSTEM, LLC\n-\n100\nHYUNDAI TRANSYS MICHIGAN, LLC\n-\n100\nBAIC DYMOS (Cangzhou) Automotive System Co., Ltd\n-\n50\nBAIC DYMOS Automotive System(Chongqing) Co., Ltd\n-\n50\nHYUNDAI TRANSYS INDIA PRIVATE LIMITED\n-\n100\nHyundai Transys Mexico Powertrain, S. de R.L. de C.V.\n-\n100\nHyundai Transys Georgia Powertrain, Inc.\n-\n100\nHyundai Transys (Shandong) Co., Ltd\n-\n100\nHyundai Transys America Sales, LLC\n-\n100\nHyundai Rotem Brasil Industria E Comercio De Trens Ltda.\n-\n100\nHyundai Rotem USA Corporation\n-\n100\nHyundai EURotem Demiryolu Araclari Sanayi ve Ticaret A.S\n-\n50.5\nRotem Equipments (Beijing) Co., Ltd\n-\n100\nHyundai Rotem Malaysia SDN BHD\n-\n100\nHyundai Rotem Company - Hyundai EURotem Demiryolu Araclari SAN. VE TIC. A.S ORTAK GIRISIMI\n-\n100\nHYUNDAI ROTEM - HYUNDAI EUROTEM Mahmutbey Projesi ORTAK GIRISIMI\n-\n100\nHR Mechanical Services Limited\n-\n100\nDoosun Precision(Dalian) co., Ltd\n-\n100\nHM RUS LLC\n-\n100\nHYUNDAI MATERIALS CORPORATION, Shanghai\n-\n100\nHYUNDAI MATERIALS JAPAN Corp.\n-\n100\nHMSK, s.r.o.\n-\n100\nHMSK Logistics, s.r.o.\n-\n100\nHM Czech, s.r.o.\n-\n100\nMax People s.r.o.\n-\n100\nHYUNDAI MATERIALS MEXICO, S. DE R.L. DE C.V\n-\n100\nHMSK Agency s.r.o\n-\n100\nHYUNDAI MATERIALS TRADING CORPORATION, SHANGHAI\n-\n100\nHYUNDAI MATERIALS INDIA PRIVATE LIMITED\n-\n100\nHyundai Mobis Mexico, S.De R.L. De C.V.\n-\n100\nMobis Parts Canada Corporation\n-\n100\nBeijing Hyundai Mobis Automotive Parts Co.,Ltd\n-\n100\nShanghai Hyundai Mobis Automotive Parts Co.,Ltd\n-\n100\nJiangsu Mobis Automotive Parts Co.,Ltd\n-\n100\nTianjin Mobis Automotive Parts Co., Ltd\n-\n100\nHyundai Motor(Shanghai) Co.,Ltd\n-\n100\nWuxi Mobis Automotive Parts Co.,Ltd\n-\n100\nMobis America Inc.\n-\n100\nMobis Alabama, LLC\n-\n100\nMobis Parts America, LLC\n-\n100\nMobis Parts Miami, LLC\n-\n100\nAmerican Autoparts Inc.\n-\n100\nMobis North America, LLC\n-\n100\nMobis Brasil Fabricacao De Auto Pecas LTDA\n-\n100\nMobis Slovakia s.r.o.\n-\n100\nMobis Automotive Czech, s.r.o.\n-\n100\nMobis Automotive and Module Industry Trade Co - Joint Stock Company\n-\n100\nMobis Module CIS, LLC\n-\n100\nMobis Parts Europe N.V\n-\n100\nMobis Parts CIS, LLC\n-\n100\nMobis India, Ltd\n-\n100\nMobis Parts Middle East FZE\n-\n100\nMobis Auto Parts Middle East EGYPT\n-\n100\nMobis Parts Australia PTY.,Ltd\n-\n100\nMobis Automotive System Czech s.r.o\n-\n100\nCangzhou Hyundai Mobis Automotive Parts Co.,Ltd\n-\n100\nChongqing Hyundai Mobis Automotive Parts Co.,Ltd\n-\n100\nBeijing Hyundai Mobis Parts Co.,Ltd\n-\n50\nMobis Parts Jiangsu Yueda Trading Co., Ltd\n-\n50\nJiangsu Yueda New Energy Battery CO.,LTD\n-\n50\nMobis India Module Private Limited\n-\n100\nMobis Hungary Kft.\n-\n100\nHYUNDAI BNG STEEL USA, INC.\n-\n100\nHYUNDAI ENGINEERING MEXICO, S. DE R.L. DE C.V.\n-\n100\nGALING POWER & ENERGY CONSTRUCTION CO. INC.\n-\n100\nHYUNDAI ENGINEERING RUS. L.L.C.\n-\n100\nHYUNDAI ENGINEERING INDIA PRIVATE LIMITED\n-\n100\nHyundai Engineering Pakistan (Private) Ltd.\n-\n99.99\nHYUNDAI공정건설(북경)유한공사\n-\n90\nHYUNDAI ENGINEERING (CAMBODIA) CO., Ltd.\n-\n100\nHyundai Engineering (Thailand) Co., Ltd.\n-\n49\nHYUNDAI ENG AMERICA. INC\n-\n100\nHYUNDAI ENGINEERING BRASIL CONSTRUTORA E GESTAO DE PROJETOS LTDA\n-\n100\nHYUNDAI ENGINEERING DEUTSCHLAND GmbH\n-\n100\nHYUNDAI ENGINEERING SLOVAKIA s.r.o\n-\n100\nHYUNDAI ENGINEERING CZECH s.r.o.\n-\n100\nHYUNDAI ENGINEERING INSAAT TURIZM SANAYI VE TICARET LIMITED SIRKETI\n-\n100\nPT. HEIN GLOBAL UTAMA\n-\n67\nHYUNDAI ENGINEERING MALAYSIA SDN BHD\n-\n100\nHEC India LLP\n-\n99.91\n일조안극물업복무유한공사\n-\n100\n북경마이카스웨이정보기술유한공사\n-\n50\nBEIJING HYUNDAI INFORMATION TECHNOLOGY Co., Ltd\n-\n50\nHyundai Autoever Europe GmbH\n-\n100\nHyundai Autoever RUS, LLC\n-\n100\nHyundai Autoever INDIA PRIVATE LIMITED\n-\n100\nAutoever Systems China Co.,Ltd.\n-\n100\nAutoever Systems America, Inc\n-\n100\nHyundai Autoever Brasil Information Technology LTDA\n-\n100\nHyundai Autoever America, LLC\n-\n100\nHyundai Autoever Mexico, S. DE R.L. DE C.V\n-\n100\nHYUNDAI WIA Mexico, S.de.R.L.De c.V.\n-\n100\nBeijing Wia Turbocharger Co.LTD\n-\n100\nShandong Hyundai Wia Automotive Engine Company (WAE)\n-\n70\nJIANGSU HYUNDAI WIA CO., LTD\n-\n100\nHyundai Wia Machine Tool Co.,LTD\n-\n100\nHYUNDAI WIA India Pvt, Ltd\n-\n100\nHYUNDAI-WIA MACHINE AMERICA CO.\n-\n100\nHYUNDAI-WIA MACHINE EUROPE GMBH\n-\n100\nQingdao Hyundai Machinery Co., Ltd.\n-\n100\nHyundai Steel Mexico S de R.L. de C.V\n-\n100\nHyundai Steel Investment(China) Co., Ltd.\n-\n100\nHyundai Steel Beijing Process Co., Ltd.\n-\n100\nHyundai Steel Tianjin Co.,Ltd\n-\n100\nHyundai Steel Jiangsu Process Co., Ltd.\n-\n100\nHyundai Steel Suzhou Process Co., Ltd.\n-\n100\nHyundai Steel India Private, Ltd.\n-\n100\nHyundai Steel Pipe India Private, Ltd\n-\n100\nHyundai Steel America, Inc.\n-\n100\nHyundai Steel Industry and Trade Brazil LLC\n-\n100\nHyundai Steel USA, Inc.\n-\n100\nHyundai Steel Slovakia s.r.o.\n-\n100\nHyundai Steel TR Automotive Steel Parts Co., Ltd.\n-\n100\nHyundai Steel Czech s.r.o.\n-\n100\nHyundai Steel Rus LLC\n-\n100\nHyundai Steel Chongqing Co., Ltd.\n-\n100\nHyundai Steel Anantapur Private, Ltd.\n-\n100\n현대세원공정자문(북경)유한공사\n-\n100\n강소현대종합특수강유한공사\n-\n100\nHyundai Capital UK Limited\n-\n49.99\nHyundai Capital Europe GmbH\n-\n100\nHyundai Capital Services Limited Liability Company\n-\n100\nBeijing Hyundai Auto Finance (BHAF)\n-\n67\nHyundai Capital India Private Limited (HCI)\n-\n100\nHyundai Capital Brasil Servicos De Assistencia Financeira Ltda\xa0\n-\n100\nHyundai Capital Bank Europe GmbH (HCBE)\n-\n49\nHyundai Capital Australia Pty Limited\n-\n100\nBanco Hyundai Capital Brazil\n50\nKEFICO Automotive Systems (Beijing) Co., Ltd.\n100\nHYUNDAI KEFICO VIETNAM COMPANY LIMITED\n100\nKEFICO Automotive Systems (Chongqing) Co., Ltd.\n100\nHYUNDAI KEFICO MEXICO S DE RL DE CV\n100\n한현천진상무유한공사\n100\nHaevichi Hospitality Guam, Inc.\n100\nHESI SINGAPORE PTE. LTD.\n100\n※ 등기임원(사내이사) 겸직 현황\xa0 \xa0 \xa0 \xa0 \xa0 \xa0 \xa0 \xa0 \xa0 \xa0 \xa0 \xa0 \xa0 \xa0 \xa0 \xa0 \xa0 \xa0 \xa0 \xa0 \xa0 \xa0 \xa0 (2019. 9. 30 현재)\n성명\n겸직 현황\n회사명\n직위\n비고\n안건희\nInnocean Worldwide Holdings\n이사\n비상근\nCanvas Worldwide\n윤석훈\nBeijing Innocean-CBAC Advertising\n이사/감사\n비상근\n(3) 타법인출자 현황\n(기준일 :\xa0\n2019년 09월 30일\n)\n(단위 : 백만원, 주, %)\n법인명\n최초취득일자\n출자목적\n최초취득금액\n기초잔액\n증가(감소)\n기말잔액\n최근사업연도재무현황\n수량\n지분율\n장부가액\n취득(처분)\n평가손익\n수량\n지분율\n장부가액\n총자산\n당기순손익\n수량\n금액\nInnocean Worldwide Communication Private Ltd. (IWI) (비상장)\n2005.11.15\n해외거점확보\n104\n455,001\n100\n7,004\n-\n-\n-\n455,001\n100\n7,004\n25,378\n2,633\nInnocean Worldwide UK Ltd. (IWUK) (비상장)\n2006.07.05\n해외거점확보\n261\n150,000\n100\n1,383\n-\n-\n-\n150,000\n100\n1,383\n9,658\n1,160\nInnocean Worldwide Europe GmbH (IWE) (비상장)\n2007.07.17\n해외거점확보\n467\n-\n100\n13,413\n-\n-\n-\n-\n100\n13,413\n46,506\n4,036\nInnocean Worldwide China Beijing (IWC Beijing) (비상장)\n2008.05.30\n해외거점확보\n323\n-\n100\n2,592\n-\n-\n-\n-\n100\n2,592\n3,455\n210\nInnocean Worldwide China Shanghai (IWC Shanghai) (비상장)\n2008.05.30\n해외거점확보\n220\n-\n100\n12,037\n-\n-\n-\n-\n100\n12,037\n\xa074,228\n1,007\nInnocean Worldwide Italy Srl (IWIt) (비상장)\n2008.07.30\n해외거점확보\n173\n1\n100\n2,112\n-\n-\n-\n1\n100\n2,112\n22,128\n1,036\nInnocean Worldwide Australia Pty Ltd.(IWAu) (비상장)\n2008.08.28\n해외거점확보\n466\n5,000\n100\n4,729\n-\n-\n-\n5,000\n100\n4,729\n26,890\n\xa02,480\nInnocean Worldwide Holdings, Inc.(IWH) (비상장)\n2008.12.19\n해외거점확보\n5,808\n4\n100\n53,333\n-\n-\n-\n4\n100\n53,333\n108,080\n10,550\nInnocean Worldwide Rus LLC. (IWR) (비상장)\n2009.01.06\n해외거점확보\n180\n1\n100\n14,451\n-\n-\n-\n1\n100\n14,451\n37,456\n5,087\nInnocean Worldwide Canada Inc. (IWC) (비상장)\n2009.11.18\n해외거점확보\n548\n1\n100\n3,836\n-\n-\n-\n1\n100\n3,836\n34,292\n3,892\nInnocean Worldwide France (IWF) (비상장)\n2009.11.23\n해외거점확보\n432\n250\n100\n653\n-\n-\n-\n250\n100\n653\n\xa06,495\n\xa01,343\nInnocean Worldwide Spain S.L. (IWS) (비상장)\n2009.11.20\n해외거점확보\n345\n1\n100\n826\n-\n-\n-\n1\n100\n826\n\xa022,600\n889\nBeijing Innocean-CBAC Advertising Co., Ltd.(ICBAC) (비상장)\n2010.04.20\n해외거점확보\n1,139\n-\n51\n6,670\n-\n-\n-\n-\n51\n6,670\n31,329\n70\nInnocean Worldwide Turkey (IWTr) (비상장)\n2011.03.30\n해외거점확보\n73\n4,000\n100\n485\n-\n-\n-\n4,000\n100\n485\n1,141\n163\nInnocean Worldwide Brazil (IWB) (비상장)\n2012.05.09\n해외거점확보\n374\n636,320\n100\n575\n-\n-\n-\n636,320\n100\n575\n\xa05,387\n1,252\n㈜메이트커뮤니케이션즈 (비상장)\n2012.10.19\n사업관련투자\n4,930\n17,168\n28.31\n4,930\n-\n-\n-\n17,168\n28.31\n4,930\n19,361\n-77\n㈜인스파이어코프 (비상장)\n2013.11.25\n사업관련투자\n300\n8,200\n29.08\n300\n-\n-\n-\n8,200\n29.08\n300\n341\n-20\n유니온컨텐츠벨류업투자조합 (비상장)\n2014.04.30\n사업관련투자\n3,000\n18\n27.27\n1,800\n-10\n-982\n-\n8\n27.27\n818\n9,073\n-807\nInnocean Worldwide Mexico (IWM) (비상장)\n2014.05.20\n해외거점확보\n205\n1\n100\n205\n-\n-\n-\n1\n100\n205\n2,919\n647\nInnocean Worldwide Middle East & Africa FZ-LLC (IWMENA) (비상장)\n2015.04.07\n해외거점확보\n392\n1,322\n100\n392\n-\n-\n-\n1,322\n100\n392\n13,776\n1,515\n디메이트커뮤니케이션즈(비상장)\n2016.06.17\n사업관련투자\n59\n11,832\n14.79\n59\n-\n-\n-\n11,832\n14.79\n59\n2,962\n-211\n가이아 컨텐츠투자조합 (비상장)\n2017.12.11\n사업관련투자\n350\n35\n6.78\n350\n35\n350\n-\n70\n6.78\n700\n5,479\n-172\n합 계\n-\n-\n132,135\n-\n-\n-\n-\n-\n131,503\n-\n-\n주1) 기초 또는 기말 현재 해당 법인에 대한 출자비율이 5%를 초과하는 경우와 기초 또는 기말 현재 장부가액이 1억원을 초과하는 경우에 한해 기재하였습니다.주2) 상기 ""타법인 출자현황""은 별도재무제표를 기준으로 작성되었습니다.\n주3) 기초(기말) 잔액 수량에 \'-\'(하이픈)으로 표시된 내역은 무액면입니다.주4) 유니온컨텐츠벨류업투자조합 (비상장)은 제15기 중 일부자금 회수에 따라 실제감소 주식수는 9.8주이며, 기말 잔여주식은 8.2주입니다.\n']"
