text
"['\n3. 연결재무제표 주석\n제 7 기 기말 : 2018년 12월 31일 현재\n제 6 기 기말 : 2017년 12월 31일 현재\n한국타이어주식회사와 그 종속기업\n1. 일반 사항기업회계기준서 제1110호 \'연결재무제표\'에 의한 지배기업인 한국타이어주식회사(이하 ""회사"")와 종속기업(이하 지배기업과 그 종속기업을 일괄하여 ""연결회사"")의 일반적인 사항은 다음과 같습니다.\n1.1 회사의 개요연결회사는 2012년 9월 1일에 한국타이어월드와이드주식회사(구, 한국타이어주식회사)의 타이어사업부문이 인적분할하여 설립된 분할신설회사로서 자동차 타이어 튜브 및 동 부속품의 제조ㆍ재생 가공판매업 등을 주 영업목적으로 하고 있습니다. 보고기간말 현재 서울특별시 강남구에 본사가 위치하고 있으며, 종속기업을 포함하여 대한민국, 중국, 헝가리, 인도네시아 및 미국에 총 8개의 생산공장을 보유하고 있습니다. 연결회사는 2012년 10월 4일에 한국거래소가 개설한 유가증권시장에 주권을 재상장하였습니다.보고기간말 현재 연결회사의 주요 주주현황은 다음과 같습니다.\n주주명\n당기말\n전기말\n소유주식수(주)\n지분율(%)\n소유주식수(주)\n지분율(%)\n한국타이어월드와이드주식회사\n37,408,655\n30.20\n37,162,521\n30.00\n조양래\n7,019,903\n5.67\n7,019,903\n5.67\n조현범\n2,561,241\n2.07\n2,561,241\n2.07\n조현식\n799,241\n0.65\n799,241\n0.65\n기타(*)\n76,086,029\n61.41\n76,332,163\n61.62\n합 \xa0 계\n123,875,069\n100\n123,875,069\n100\n(*) 보고기간말 현재 연결회사가 보유하고 있는 자기주식은 22,388주입니다.\n1.2 종속기업의 현황\n종속기업명\n영업소재지\n주요영업활동\n연결실체 내 기업이 소유한지분율 및 의결권비율(%)\n결산월\n당기말\n전기말\n㈜대화산기\n대한민국\n타이어 및 튜브 제조기계 제조\n95.0\n95.0\n12월\nHankook Tire America Corp.\n미국\n타이어 제품의 판매\n100.0\n100.0\n〃\nHankook Tyre U.K. Ltd.\n영국\n〃\n100.0\n100.0\n〃\nJiangsu Hankook Tire Co., Ltd.\n중국\n타이어 제품의 제조 및 판매\n100.0\n100.0\n〃\nHankook Tire China Co., Ltd.\n〃\n〃\n100.0\n100.0\n〃\nShanghai Hankook Tire Sales Co., Ltd.\n〃\n타이어 제품의 판매\n100.0\n100.0\n〃\nHankook Tire Netherlands B.V.\n네덜란드\n〃\n100.0\n100.0\n〃\nHankook Tire Japan Corp.\n일본\n〃\n100.0\n100.0\n〃\nHankook Tire Canada Corp.\n캐나다\n〃\n100.0\n100.0\n〃\nHankook Reifen Deutschland GmbH\n독일\n〃\n100.0\n100.0\n〃\nHankook Tire France SARL\n프랑스\n〃\n100.0\n100.0\n〃\nHankook Espana S. A.\n스페인\n〃\n100.0\n100.0\n〃\nHankook Tyre Australia Pty., Ltd.\n호주\n〃\n100.0\n100.0\n〃\nHankook Tire Europe Holdings B.V.\n네덜란드\n유럽지역 지배구조 구축\n100.0\n100.0\n〃\nHankook Tire Hungary Ltd.\n헝가리\n타이어 제품의 제조 및 판매\n100.0\n100.0\n〃\nHankook Tire Budapest Kereskedelmi Kft\n〃\n타이어 제품의 판매\n100.0\n100.0\n〃\nHankook Tire Italia S.R.L.\n이탈리아\n〃\n100.0\n100.0\n〃\nHankook Tire Europe GmbH\n독일\n타이어 제품의 판매지원\n100.0\n100.0\n〃\nHankook Tire Rus LLC\n러시아\n타이어 제품의 판매\n100.0\n100.0\n〃\nHankook Tire DE Mexico, S.A. DE C.V.\n멕시코\n〃\n100.0\n100.0\n〃\nChongqing Hankooktire Co., Ltd.\n중국\n타이어 제품의 제조 및 판매\n100.0\n100.0\n〃\nPT. HANKOOKTIRE INDONESIA.\n인도네시아\n〃\n99.9\n99.9\n〃\nMK Mold (Jiaxing) Co., LTD.\n중국\n타이어금형의제조및판매\n50.1\n50.1\n〃\n㈜엠케이테크놀로지\n대한민국\n〃\n50.1\n50.1\n〃\nHankook Tire Singapore PTE., Ltd.\n싱가폴\n무역 및 컨설팅\n100.0\n100.0\n〃\nHankook Tire Malaysia SDN.BHD.\n말레이시아\n타이어 제품의 판매\n100.0\n100.0\n〃\nHankook Tires India llp.\n인도\n〃\n100.0\n100.0\n〃\nHankook Tire Sweden AB\n스웨덴\n〃\n100.0\n100.0\n〃\nBeijing Jielun Trading Company Co., Ltd.\n중국\n〃\n100.0\n100.0\n〃\nHankook Lastikleri A.S.\n터키\n〃\n100.0\n100.0\n〃\nHankook Tire Polska Sp. z o.o.\n폴란드\n〃\n100.0\n100.0\n〃\nHankook Tire Thailand Co., Ltd.\n태국\n〃\n99.9\n99.9\n〃\nHankook Tire de Colombia Ltda.\n콜롬비아\n〃\n100.0\n100.0\n〃\nHankook Tire Manufacturing Tennessee LP\n미국\n타이어 제품의 제조 및 판매\n100.0\n100.0\n〃\nHankook Tire America Holdings I, LLC\n미국\n미주지역 지배구조 구축\n100.0\n100.0\n〃\nHankook Tire America Holdings II, LLC\n미국\n미주지역 지배구조 구축\n100.0\n100.0\n〃\nMK Technology (CHONGQING) Mould Co., Ltd.\n중국\n타이어 금형의 제조 및 판매\n50.1\n50.1\n〃\nHankook Tire Ceska Republika s.r.o.\n체코\n타이어 제품의 판매\n100.0\n100.0\n〃\n한국동그라미파트너스㈜\n대한민국\n시설관리용역, 제과 및 제빵업\n100.0\n100.0\n〃\nHankook Tyre Australia Retail Pty., Ltd.\n호주\n타이어 유통업\n100.0\n100.0\n〃\nJAX Quickfit Franchising Systems Unit Trust.\n호주\n〃\n100.0\n100.0\n〃\nJAX Quickfit Franchising Systems Pty Ltd.\n호주\n〃\n100.0\n100.0\n〃\nJAX Quickfit Properties Pty Ltd.\n호주\n〃\n100.0\n100.0\n〃\nHankook Tire Latam, S.A.\n파나마\n무역 및 컨설팅\n100.0\n100.0\n〃\nHankook Tire Latin America Distribution Center, S.A\n〃\n타이어 제품의 판매\n100.0\n100.0\n〃\nHankook Tire Ukraine LLC\n우크라이나\n타이어 제품의 판매\n100.0\n-\n〃\n케이씨지 제1호 사모투자합자회사\n대한민국\n집합투자업\n80.0\n-\n〃\n모델솔루션㈜\n대한민국\n금형 및 사출제작\n75.0\n-\n〃\nModelSolution Inc.\n미국\n컴퓨터프린팅\n75.0\n-\n〃\nReifen-Muller KG\n독일\n타이어 유통업\n100\n-\n〃\nReifen-Muller GmbH & Co. Runderneuerungswerk KG\n독일\n타이어 유통업\n100\n-\n〃\nRM Verwaltungs GmbH\n독일\n유럽지역 지배구조 구축\n100\n-\n〃\n1.3 연결대상범위의 변동 당기 중 연결재무제표의 작성대상에 신규로 포함된 종속기업의 현황은 다음과 같으며, 제외된 종속기업은 없습니다. \n기업명\n사 \xa0 유\nHankook Tire Ukraine LLC\n신규 설립하였습니다.\n케이씨지 제1호 사모투자합자회사\n신규 설립하였습니다.\n모델솔루션㈜\n신규 취득하였습니다.\nModelSolution Inc.\n신규 취득하였습니다.\nReifen-Muller KG\n신규 취득하였습니다.\nReifen-Muller GmbH & Co. Runderneuerungswerk KG\n신규 취득하였습니다.\nRM Verwaltungs GmbH\n신규 설립하였습니다.\n2. 중요한 회계정책\n 다음은 재무제표 작성에 적용된 중요한 회계정책입니다. 이러한 정책은 별도의 언급이 없다면, 표시된 회계기간에 계속적으로 적용됩니다.\n2.1 재무제표 작성기준\n연결회사의 연결재무제표는 한국채택국제회계기준(이하 기업회계기준)에 따라 작성됐습니다. 한국채택국제회계기준은 국제회계기준위원회(""IASB"")가 발표한 기준서와해석서 중 대한민국이 채택한 내용을 의미합니다.\n한국채택국제회계기준은 재무제표 작성 시 중요한 회계추정의 사용을 허용하고 있으며, 회계정책을 적용함에 있어 경영진의 판단을 요구하고 있습니다. 보다 복잡하고 높은 수준의 판단이 필요한 부분이나 중요한 가정 및 추정이 필요한 부분은 주석3에서 설명하고 있습니다.\n2.2 회계정책과 공시의 변경\n(1) 연결회사가 채택한 제ㆍ개정 기준서 및 해석서연결회사는 2018년 1월 1일로 개시하는 회계기간부터 다음의 제ㆍ개정 기준서 및 해석서를 신규로 적용하였습니다.\n- 기준서 제1028호 \'관계기업과 공동기업에 대한 투자\' 개정 벤처캐피탈 투자기구, 뮤추얼펀드 등이 보유하는 관계기업이나 공동기업에 대한 투자지분을 지분법이 아닌 공정가치로 평가할 경우, 각각의 지분별로 선택 적용할 수 있음을 명확히 하였습니다. 벤처캐피탈 투자기구 등에 해당하지 않아 상기 면제규정을 적용하지 않으므로, 해당 개정이 재무제표에 미치는 중요한 영향은 없습니다.- 기업회계기준서 제1040호 \'투자부동산\' 개정\n부동산의 투자부동산으로 또는 투자부동산에서의 대체는 용도 변경의 증거가 존재하는 경우에만 가능하며, 동 기준서 문단 57은 이러한 상황의 예시임을 명확히 하였습니다. 또한, 건설중인 부동산도 계정대체 규정 적용 대상에 포함됨을 명확히 하였습니다. 해당 개정이 재무제표 미치는 중요한 영향은 없습니다.\n- 기준서 제1102호 \'주식기준보상\' 개정\n현금결제형에서 주식결제형으로 분류변경 시 조건변경 회계처리와 현금결제형 주식기준보상거래의 공정가치 측정방법이 주식결제형 주식기준보상거래와 동일함을 명확히 하였습니다. 동 개정으로 인해 재무제표에 중요한 영향은 없습니다. - 해석서 제2122호 \'외화 거래와 선지급ㆍ선수취 대가\' 제정 제정된 해석서에 따르면, 관련 자산, 비용, 수익(또는 그 일부)의 최초 인식에 적용할환율을 결정하기 위한 거래일은 대가를 선지급하거나 선수취하여 비화폐성자산이나 비화폐성부채를 최초로 인식하는 날입니다. 해당 해석서의 제정이 재무제표에 미치는 중요한 영향은 없습니다.\n- 기준서 제1109호 \'금융상품\' 연결회사는 2018년 1월 1일을 최초적용일로 하여 기준서 제1109호 \'금융상품\'을 적용하였습니다. 기준서 제1109호의 경과규정에 따라 비교 표시된 재무제표는 재작성되지 않았으며, 종전 장부금액과 최초적용일의 장부금액의 차이는 2018년 1월 1일에자본으로 인식하였습니다. 동 기준서의 적용으로 인한 영향의 상세 정보는 주석 43에서 설명하고 있습니다.\n- 기준서 제1115호 \'고객과의 계약에서 생기는 수익\'연결회사는 기준서 제1115호 \'고객과의 계약에서 생기는 수익\'을 적용하였습니다. 기준서 제1115호의 경과규정에 따라 비교 표시된 재무제표는 재작성되지 않았으며 최초 적용 누적효과는 2018년 1월 1일에 이익잉여금에 인식되도록 소급하여 적용하였습니다. 동 기준서의 적용으로 인한 영향의 상세 정보는 주석 43에서 설명하고 있습니다. \n(2) 연결회사가 적용하지 않은 제ㆍ개정 기준서 및 해석서연결회사는 제정 또는 공표됐으나 2018년 1월 1일 이후 시작하는 회계연도에 시행일이 도래하지 않았고, 조기 적용하지 않은 제ㆍ개정 기준서 및 해석서는 다음과 같습니다. \n- 기준서 제1116호 \'리스\'2017년 5월 22일에 제정된 기업회계기준서 제1116호 \'리스\'는 2019년 1월 1일 이후최초로 시작되는 회계연도부터 적용하되 조기 적용할 수도 있습니다. 동 기준서는 현행 기업회계기준서 제1017호 \'리스\'를 대체할 예정입니다. 연결회사는 기업회계기준서 제1116호를 2019년 1월 1일 이후 시작되는 회계연도부터 적용할 예정입니다. \n새로운 기준서는 단일 리스이용자 모형을 도입하여 리스기간이 12개월을 초과하고 기초자산이 소액이 아닌 모든 리스에 대하여 리스이용자가 자산과 부채를 인식하도록 요구합니다. 리스이용자는 사용권자산과 리스료 지급의무를 나타내는 리스부채를인식해야 합니다.연결회사는 기업회계기준서 제1116호의 최초 적용에 따른 재무적 영향을 평가하기 위하여 2018년 12월 31일 현재 상황 및 입수 가능한 정보에 기초하여 2018년 재무제표에 미치는 영향을 분석 중에 있으나, 회사가 이러한 분석을 완료하기 전까지는 재무적 영향에 대한 합리적 추정치를 제공하는 것이 실무상 어렵습니다.\n- 금융상품(기업회계기준서 제1109호)\n부의 보상을 수반하는 일부 중도상환 가능한 금융자산은 상각후원가로 측정될 수 있도록 개정하였으며, 상각후원가로 측정되는 금융부채가 조건변경 되었으나 제거되지는 않은 경우 변경으로 인한 효과는 당기손익으로 인식되어야 합니다. 동 개정사항은 2019 년 1 월 1 일 이후 시작하는 회계연도 후부터 적용되며, 조기도입이 가능합니다. \n- 기업회계기준서 제1019호 \'종업원급여\' 개정\n확정급여제도의 변경으로 제도의 개정, 축소, 정산이 되는 경우 제도의 변경 이후 회계기간의 잔여기간에 대한 당기근무원가 및 순이자를 산정하기 위해 순확정급여부채(자산)의 재측정에 사용된 가정을 사용합니다. 또한, 자산인식상한의 영향으로 이전에 인식하지 않은 초과적립액의 감소도 과거근무원가나 정산손익의 일부로 당기손익에 반영합니다. 개정내용은 2019년 1월 1일 이후 최초로 시작되는 회계연도 이후 발생한 제도의 개정, 축소, 정산에 전진적으로 적용합니다. \n - 기업회계기준서 제1028호 \'관계기업과 공동기업에 대한 투자\' 개정\n관계기업이나 공동기업에 대한 다른 금융상품(지분법을 적용하지 않는 금융상품)이 기업회계기준서 제1109호의 적용대상임을 명확히 하였으며, 관계기업이나 공동기업에 대한 순투자의 일부를 구성하는 장기투자지분의 손상 회계처리에 대해서는 기업회계기준서 제1109호를 우선하여 적용하도록 개정하였습니다. 동 개정사항은 2019 년 1 월 1 일 이후 시작하는 회계연도 후부터 적용되며, 조기도입이 가능합니다. 또한, 이 기준서의 최초 적용 시 기업회계기준서 제1109호의 경과규정을 적용하여 비교정보의 재작성이 요구되지 않으며, 소급적용으로 인한 효과는 최초 적용일의 기초이익잉여금(또는 적절한 다른 자본요소)에 반영합니다. \n- 기업회계기준해석서 제2123호 \'법인세 처리의 불확실성\' 제정\n제정된 해석서는 기업이 적용한 법인세 처리가 과세당국에 의해 인정될지에 대한 불확실성이 존재하는 경우 당기법인세와 이연법인세 인식 및 측정에 적용하며, 법인세 처리 불확실성의 회계단위와 재평가가 필요한 상황 등에 대한 지침을 포함하고 있습니다. 해석서는 2019년 1월 1일부터 적용되며 비교재무제표를 소급 재작성하거나 최초 적용연도 기초에 변경 효과를 반영하는 방법 중 선택할 수 있습니다.\n- 연차개선 2015-2017\n·사업결합(기업회계기준서 제1103호)\n공동영업과 관련된 자산에 대한 권리와 부채에 대한 의무를 보유하다가 해당 공동영업(사업의 정의 충족)에 대한 지배력을 획득하는 것은 단계적으로 이루어지는 사업결합이므로, 취득자는 공동영업에 대하여 이전에 보유하고 있던 지분 전부를 재측정합니다. 이 개정 내용은 2019년 1월 1일 이후 처음 시작되는 회계연도 이후에 취득일이 속하는 사업결합부터 적용하되 조기 적용할 수 있습니다. \n·공동약정(기업회계기준서 제1111호)\n공동영업에 참여는 하지만 공동지배력을 보유하지 않은 공동영업 당사자가 공동영업에 대한 공동지배력을 획득하는 경우, 공동영업에 대하여 이전에 보유하고 있던 지분은 재측정하지 않습니다. 이 개정 내용은 2019년 1월 1일 이후 처음 시작되는 회계연도 이후에 공동지배력을 획득하는 거래부터 적용하되 조기 적용할 수 있습니다. \n·법인세(기업회계기준서 제1012호)\n기업회계기준서 제1012호 문단 57A의 규정(배당의 세효과 인식시점과 인식항목을 규정)은 배당의 법인세효과 모두에 적용되며, 배당의 법인세효과를 원래 인식하였던 항목에 따라 당기손익, 기타포괄손익 또는 자본으로 인식하도록 개정되었습니다. 이 개정 내용은 2019년 1월 1일 이후 처음 시작되는 회계연도부터 적용하되 조기 적용할 수도 있습니다. \n·차입원가(기업회계기준서 제1023호)\n적격자산을 의도된 용도로 사용(또는 판매) 가능하게 하는 데 필요한 대부분의 활동이 완료되면, 해당 자산을 취득하기 위해 특정 목적으로 차입한 자금을 일반차입금에포함한다는 사실을 명확히 하였습니다. 이 개정 내용은 해당 개정 내용을 처음 적용하는 회계연도 이후에 생기는 차입원가에 적용하며, 2019년 1월 1일 이후 처음 시작되는 회계연도부터 적용하되 조기 적용할 수도 있습니다.\n2.3 연결 \n연결회사는 기업회계기준서 제1110호 \'연결재무제표\'에 따라 연결재무제표를 작성하고 있습니다.\n(1) 종속기업\n종속기업은 지배기업이 지배하고 있는 모든 기업입니다. 회사가 투자한 기업에 관여해서 변동이익에 노출되거나 변동이익에 대한 권리가 있고, 투자한 기업에대해 자신의 힘으로 그러한 이익에 영향을 미칠 능력이 있는 경우, 해당 기업을 지배한다고 판단합니다. 종속기업은 회사가 지배하게 되는 시점부터 연결재무제표에 포함되며, 지배력을 상실하는 시점부터 연결재무제표에서 제외됩니다.연결회사의 사업결합은 취득법으로 회계처리 됩니다. 이전대가는 취득일의 공정가치로 측정하고, 사업결합으로 취득한 식별가능한 자산ㆍ부채 및 우발부채는 취득일의 공정가치로 최초 측정하고 있습니다. 연결회사는 청산 시 순자산의 비례적 몫을 제공하는 비지배지분을 사업결합 건별로 판단하여 피취득자의 순자산 중 비례적 지분 또는 공정가치로 측정합니다. 그밖의 비지배지분은 다른 기준서의 요구사항이 없다면 공정가치로 측정합니다. 취득관련 원가는 발생 시 당기비용으로 인식됩니다. \n영업권은 이전대가, 피취득자에 대한 비지배지분의 금액과 취득자가 이전에 보유하고 있던 피취득자에 대한 지분의 취득일의 공정가치 합계액이 취득한 식별가능한 순자산을 초과하는 금액으로 인식됩니다. 이전대가 등이 취득한 종속기업 순자산의 공정가액보다 작다면, 그 차액은 당기손익으로 인식됩니다.연결회사 내의 기업간에 발생하는 거래로 인한 채권, 채무의 잔액, 수익과 비용 및 미실현이익 등은 제거됩니다. 또한 종속기업의 회계정책은 연결회사에서 채택한 회계정책을 일관성 있게 적용하기 위해 차이가 나는 경우 수정됩니다.\n지배력의 상실을 발생시키지 않는 비지배지분과의 거래는 비지배지분의 조정금액과 지급 또는 수취한 대가의 공정가치의 차이를 지배기업의 소유주에게 귀속되는 자본으로 직접 인식합니다.\n연결회사가 종속기업에 대해 지배력을 상실하는 경우, 보유하고 있는 해당 기업의 잔여 지분은 동 시점에 공정가치로 재측정되며, 관련 차액은 당기손익으로 인식됩니다. \n(2) 관계기업\n관계기업은 연결회사가 유의적 영향력을 보유하는 기업이며, 관계기업 투자는 최초에 취득원가로 인식하며 지분법을 적용합니다. 연결회사와 관계기업 간의 거래에서 발생한 미실현이익은 연결회사의 관계기업에 대한 지분에 해당하는 부분만큼 제거됩니다. 또한 관계기업 투자에 대한 객관적인 손상의 징후가 있는 경우 관계기업 투자의 회수가능액과 장부금액과의 차이는 손상차손으로 인식됩니다. \n2.4 외화환산\n(1) 기능통화와 표시통화\n연결회사는 연결회사 내 개별기업의 재무제표에 포함되는 항목들을 각각의 영업활동이 이뤄지는 주된 경제 환경에서의 통화(""기능통화"")를 적용하여 측정하고 있습니다. 지배기업의 기능통화는 대한민국 원화이며, 연결재무제표는 대한민국 원화로 표시돼 있습니다.\n(2) 외화거래와 보고기간말의 환산\n외화거래는 거래일의 환율 또는 재측정되는 항목인 경우 평가일의 환율을 적용한 기능통화로 인식됩니다. 외화거래의 결제나 화폐성 외화 자산ㆍ부채의 환산에서 발생하는 외환차이는 당기손익으로 인식됩니다. 다만, 조건을 충족하는 현금흐름위험회피나 순투자의 위험회피의 효과적인 부분과 관련되거나 보고기업의 해외사업장에 대한 순투자의 일부인 화폐성항목에서 생기는 손익은 기타포괄손익으로 인식합니다.\n차입금과 관련된 외환차이는 손익계산서에 금융원가로 표시되며, 다른 외환차이는 기타수익 또는 기타비용에 표시됩니다.\n비화폐성 금융자산ㆍ부채로부터 발생하는 외환차이는 공정가치 변동손익의 일부로 보아 당기손익-공정가치 측정 지분상품으로부터 발생하는 외환차이는 당기손익으로, 기타포괄손익-공정가치 측정 지분상품의 외환차이는 기타포괄손익에 포함하여 인식됩니다.\n(3) 표시통화로의 환산\n연결회사의 표시통화와 다른 기능통화를 가진 모든 연결회사 내 개별기업의 경영성과와 재무상태는 다음과 같은 방법으로 연결회사의 표시통화로 환산하고 있습니다.\n1) 자산과 부채는 보고기간말의 환율로 환산하고 있습니다.\n2) 수익과 비용은 해당기간의 평균환율로 환산하고 있습니다. \n3) 위 1), 2)의 환산에서 발생하는 외환차이는 기타포괄손익으로 인식하고 있습니다.\n종속기업에 대한 지배력을 상실하는 경우, 자본항목으로 인식한 외환차이의 누계액은 처분손익을 인식하는 시점에 당기손익으로 재분류하고 있습니다. \n해외기업의 취득에서 발생하는 영업권과 공정가치 조정액은 취득하는 회사의 자산ㆍ부채로 간주하며, 보고기간말 환율로 환산하고 있습니다. \n2.5 금융자산\n(1) 분류\n2018년 1월 1일부터 연결회사는 다음의 측정 범주로 금융자산을 분류합니다.\n- 공정가치 측정 금융자산(기타포괄손익 또는 당기손익에 공정가치 변동 인식)\n- 상각후원가 측정 금융자산\n금융자산은 금융자산의 관리를 위한 사업모형과 금융자산의 계약상 현금흐름 특성에근거하여 분류합니다.\n공정가치로 측정하는 금융자산의 손익은 당기손익 또는 기타포괄손익으로 인식합니다. 채무상품에 대한 투자는 해당 자산을 보유하는 사업모형에 따라 그 평가손익을 당기손익 또는 기타포괄손익으로 인식합니다. 연결회사는 금융자산을 관리하는 사업모형을 변경하는 경우에만 채무상품을 재분류합니다. \n단기매매항목이 아닌 지분상품에 대한 투자는 최초 인식시점에 후속적인 공정가치 변동을 기타포괄손익으로 표시할 것을 지정하는 취소불가능한 선택을 할 수 있습니다. 지정되지 않은 지분상품에 대한 투자의 공정가치 변동은 당기손익으로 인식합니다.\n(2) 측정\n연결회사는 최초 인식시점에 금융자산을 공정가치로 측정하며, 당기손익-공정가치 측정 금융자산이 아닌 경우에 해당 금융자산의 취득과 직접 관련되는 거래원가는 공정가치에 가산합니다. 당기손익-공정가치 측정 금융자산의 거래원가는 당기손익으로 비용처리합니다. \n내재파생상품을 포함하는 복합계약은 계약상 현금흐름이 원금과 이자로만 구성되어 있는지를 결정할 때 해당 복합계약 전체를 고려합니다.\n① 채무상품\n금융자산의 후속적인 측정은 금융자산의 계약상 현금흐름 특성과 그 금융자산을 관리하는 사업모형에 근거합니다. 연결회사는 채무상품을 다음의 세 범주로 분류합니다.  (가) 상각후원가계약상 현금흐름을 수취하기 위해 보유하는 것이 목적인 사업모형 하에서 금융자산을 보유하고, 계약상 현금흐름이 원리금만으로 구성되어 있는 자산은 상각후원가로 측정합니다. 상각후원가로 측정하는 금융자산으로서 위험회피관계의 적용 대상이 아닌 금융자산의 손익은 해당 금융자산을 제거하거나 손상할 때 당기손익으로 인식합니다. 유효이자율법에 따라 인식하는 금융자산의 이자수익은 \'금융이익\'에 포함됩니다. (나) 기타포괄손익-공정가치 측정 금융자산계약상 현금흐름의 수취와 금융자산의 매도 둘 다를 통해 목적을 이루는 사업모형 하에서 금융자산을 보유하고, 계약상 현금흐름이 원리금만으로 구성되어 있는 금융자산은 기타포괄손익-공정가치로 측정합니다. 손상차손(환입)과 이자수익 및 외환손익을 제외하고는, 공정가치로 측정하는 금융자산의 평가손익은 기타포괄손익으로 인식합니다. 금융자산을 제거할 때에는 인식한 기타포괄손익누계액을 자본에서 당기손익으로 재분류합니다. 유효이자율법에 따라 인식하는 금융자산의 이자수익은 \'금융이익\'에 포함됩니다. 외환손익은 \'기타수익 또는 기타비용\'으로 표시하고 손상차손은 \'기타 비용\'으로 표시합니다.  (다) 당기손익-공정가치측정 금융자산상각후원가 측정이나 기타포괄손익-공정가치 측정 금융자산이 아닌 채무상품은 당기손익-공정가치로 측정됩니다. 위험회피관계가 적용되지 않는 당기손익-공정가치 측정 채무상품의 손익은 당기손익으로 인식하고 발생한 기간에 손익계산서에 \'기타수익 또는 기타비용\'으로 표시합니다.\n② 지분상품\n연결회사는 모든 지분상품에 대한 투자를 후속적으로 공정가치로 측정합니다. 공정가치 변동을 기타포괄손익으로 표시할 것을 선택한 장기적 투자목적 또는 전략적 투자목적의 지분상품에 대해 기타포괄손익으로 인식한 금액은 해당 지분상품을 제거할때에도 당기손익으로 재분류하지 않습니다. 이러한 지분상품에 대한 배당수익은 연결회사가 배당을 받을 권리가 확정된 때 \'금융이익\'으로 당기손익으로 인식합니다.\n당기손익-공정가치로 측정하는 금융자산의 공정가치 변동은 손익계산서에 \'기타수익 또는 기타비용\'으로 표시합니다. 기타포괄손익-공정가치로 측정하는 지분상품에대한 손상차손(환입)은 별도로 구분하여 인식하지 않습니다.\n(3) 손상 \n연결회사는 미래전망정보에 근거하여 상각후원가로 측정하거나 기타포괄손익-공정가치로 측정하는 채무상품에 대한 기대신용손실을 평가합니다. 손상 방식은 신용위험의 유의적인 증가 여부에 따라 결정됩니다. 단, 매출채권 및 리스채권에 대해 연결회사는 채권의 최초 인식시점부터 전체기간 기대신용손실을 인식하는 간편법을 적용합니다. (연결회사가 신용위험이 유의적으로 증가하였는지를 결정하는 방법은 주석 42 참조)\n(4) 인식과 제거\n금융자산의 정형화된 매입 또는 매도는 매매일에 인식하거나 제거합니다. 금융자산은 현금흐름에 대한 계약상 권리가 소멸하거나 금융자산을 양도하고 소유에 따른 위험과 보상의 대부분을 이전한 경우에 제거됩니다.\n연결회사가 금융자산을 양도한 경우라도 채무자의 채무불이행시의 소구권 등으로 양도한 금융자산의 소유에 따른 위험과 보상의 대부분을 연결회사가 보유하는 경우에는 이를 제거하지 않고 그 양도자산 전체를 계속하여 인식하되, 수취한 대가를 금융부채로 인식합니다. 해당 금융부채는 재무상태표에 \'차입금\'으로 분류하고 있습니다.\n(5) 금융상품의 상계\n금융자산과 부채는 인식한 자산과 부채에 대해 법적으로 집행가능한 상계권리를 현재 보유하고 있고, 순액으로 결제하거나 자산을 실현하는 동시에 부채를 결제할 의도를 가지고 있을 때 상계하여 재무상태표에 순액으로 표시합니다. 법적으로 집행가능한 상계권리는 미래사건에 좌우되지 않으며, 정상적인 사업과정의 경우와 채무불이행의 경우 및 지급불능이나 파산의 경우에도 집행가능한 것을 의미합니다.\n2.6 파생상품파생상품은 파생상품 계약 체결 시점에 공정가치로 최초 인식되며 이후 공정가치로 재측정됩니다. 위험회피회계의 적용 요건을 충족하지 않는 파생상품의 공정가치변동은 거래의 성격에 따라 \'기타영업외수익(비용)\' 또는 \'금융이익(비용)\'으로 손익계산서에 인식됩니다.\n2.7 매출채권\n매출채권은 최초에 공정가치로 인식되고 후속적으로 유효이자율법을 적용한 상각후원가에 손실충당금을 차감하여 측정됩니다. (연결회사의 매출채권 회계처리에 대한 추가적인 사항은 주석 9, 손상에 대한 회계정책은 주석 42 참조)\n2.8 재고자산 재고자산은 원가와 순실현가능가치 중 작은 금액으로 표시되고, 재고자산 중 제품과 재공품은 총평균법, 원재료, 상품, 그리고 저장품은 이동평균법, 미착품은 개별법에 따라 결정됩니다.\n2.9 매각예정비유동자산(또는 처분자산집단)비유동자산(또는 처분자산집단)은 장부금액이 매각거래를 통하여 주로 회수되고, 매각될 가능성이 매우 높은 경우에 매각예정으로 분류되며, 그러한 자산은 장부금액과 순공정가치 중 작은 금액으로 측정됩니다.\n2.10 유형자산 유형자산은 원가에서 감가상각누계액과 손상차손누계액을 차감하여 표시됩니다. 역사적 원가는 자산의 취득에 직접적으로 관련된 지출을 포함합니다.\n토지를 제외한 자산은 취득원가에서 잔존가치를 제외하고, 다음의 추정 경제적 내용연수에 걸쳐 정액법으로 상각됩니다.\n과목\n추정 내용연수\n건물\n13년~60년\n구축물\n2년~50년\n기계장치\n2년~18년\n차량운반구\n2년~10년\n공구와기구\n2년~30년\n몰드\n8년\n유형자산의 감가상각방법과 잔존가치 및 경제적 내용연수는 매 회계연도 말에 재검토되고 필요한 경우 추정의 변경으로 조정됩니다. \n2.11 차입원가 적격자산을 취득 또는 건설하는데 발생한 차입원가는 해당 자산을 의도된 용도로 사용할 수 있도록 준비하는 기간 동안 자본화되고, 적격자산을 취득하기 위한 특정목적차입금의 일시적 운용에서 발생한 투자수익은 당 회계기간 동안 자본화 가능한 차입원가에서 차감됩니다. 기타 차입원가는 발생기간에 비용으로 인식됩니다.\n2.12 정부보조금정부보조금은 보조금의 수취와 정부보조금에 부가된 조건의 준수에 대한 합리적인 확신이 있을 때 공정가치로 인식됩니다. 자산관련보조금은 이연수익으로 인식하고 관련 자산의 내용연수에 걸쳐 감가상각비에서 차감하여 표시되고, 수익관련보조금은이연하여 정부보조금의 교부 목적과 관련된 비용에서 차감하여 표시됩니다.\n2.13 무형자산 영업권은 주석 2.3(1)에서 설명한 방식으로 측정되며, 원가에서 손상차손누계액을 차감한 금액으로 표시되고 있습니다. 영업권을 제외한 무형자산은 역사적 원가로 최초 인식되고, 원가에서 상각누계액과 손상차손누계액을 차감한 금액으로 표시됩니다. \n내부적으로 창출한 무형자산인 소프트웨어 개발비는 기술적 실현가능성, 미래경제적효익 등을 포함한 자산 인식요건이 충족된 시점 이후에 발생한 지출금액의 합계입니다. 회원권은 이용 가능 기간에 대하여 예측가능한 제한이 없으므로 내용연수가 한정되지 않아 상각되지 않습니다. 한정된 내용연수를 가지는 다음의 무형자산은 추정내용연수 동안 정액법으로 상각됩니다. \n과목\n추정 내용연수\n산업재산권\n5년~10년\n기타의무형자산 등\n3년~50년\n2.14 투자부동산임대수익이나 투자차익을 목적으로 보유하고 있는 부동산은 투자부동산으로 분류됩니다. 투자부동산은 최초 인식시점에 원가로 측정되며, 최초 인식 후에는 원가에서 감가상각누계액과 손상차손누계액을 차감한 금액으로 표시됩니다. 투자부동산 중 토지를 제외한 투자부동산은 추정 경제적 내용연수 40년동안 정액법으로 상각됩니다.\n2.15 비금융자산의 손상영업권이나 내용연수가 비한정인 무형자산에 대하여는 매년, 상각대상 자산에 대하여는 자산손상을 시사하는 징후가 있을 때 손상검사를 수행하고 있습니다. 손상차손은 회수가능액(사용가치 또는 처분부대원가를 차감한 공정가치 중 높은 금액)을 초과하는 장부금액만큼 인식되고 영업권 이외의 비금융자산에 대한 손상차손은 매 보고기간말에 환입가능성이 검토됩니다.\n2.16 매입채무와 기타채무\n매입채무와 기타채무는 연결회사가 보고기간말 전에 재화나 용역을 제공받았으나 지급되지 않은 부채입니다. 해당 채무는 무담보이며, 보통 인식 후 30일 이내에 지급됩니다. 매입채무와 기타채무는 지급기일이 보고기간 후 12개월 후가 아니라면 유동부채로 표시되었습니다. 해당 채무들은 최초에 공정가치로 인식되고 후속적으로 유효이자율법을 적용한 상각후원가로 측정됩니다.\n2.17 금융부채 (1) 분류 및 측정 \n연결회사의 당기손익-공정가치 측정 금융부채는 단기매매목적의 금융상품입니다. 주로 단기간 내에 재매입할 목적으로 부담하는 금융부채는 단기매매금융부채로 분류됩니다. 또한, 위험회피회계의 수단으로 지정되지 않은 파생상품이나 금융상품으로부터 분리된 내재파생상품도 단기매매금융부채로 분류됩니다.\n당기손익-공정가치 측정 금융부채, 금융보증계약, 금융자산의 양도가 제거조건을 충족하지 못하는 경우에 발생하는 금융부채를 제외한 모든 비파생금융부채는 상각후원가로 측정하는 금융부채로 분류되고 있으며, 재무상태표 상 ""매입채무"", ""차입금"" 및 ""기타금융부채"" 등으로 표시됩니다. 특정일에 의무적으로 상환해야 하는 우선주는 부채로 분류됩니다. 이러한 우선주에 대한 유효이자율법에 따른 이자비용은 다른 금융부채에서 인식한 이자비용과 함께 손익계산서 상 ""금융원가""로 인식됩니다.\n(2) 제거 금융부채는 계약상 의무가 이행, 취소 또는 만료되어 소멸되거나 기존 금융부채의 조건이 실질적으로 변경된 경우에 재무상태표에서 제거됩니다. 소멸하거나 제3자에게 양도한 금융부채의 장부금액과 지급한 대가(양도한 비현금자산이나 부담한 부채를 포함)의 차액은 당기손익으로 인식합니다.\n2.18 금융보증계약 연결 회사가 제공한 금융보증계약은 최초 인식시 공정가치로 측정되며, 후속적으로는 다음 중 큰 금액으로 측정하여 \'기타금융부채\'로 인식됩니다. (1) 금융상품의 손상규정에 따라 산정한 손실충당금(2) 최초 인식금액에서 기업회계기준서 제1115호에 따라 인식한 이익누계액을 차감한 금액 2.19 충당부채 과거사건의 결과로 현재의 법적의무나 의제의무가 존재하고, 그 의무를 이행하기 위한 자원의 유출가능성이 높으며, 당해 금액의 신뢰성 있는 추정이 가능한 경우 판매보증충당부채, 복구충당부채 및 소송충당부채 등을 인식하고 있습니다. 충당부채는 의무를 이행하기 위하여 예상되는 지출액의 현재가치로 측정되며, 시간경과로 인한 충당부채의 증가는 이자비용으로 인식됩니다.\n2.20 당기법인세 및 이연법인세법인세비용은 당기법인세와 이연법인세로 구성됩니다. 법인세는 기타포괄손익이나 자본에 직접 인식된 항목과 관련된 금액은 해당 항목에서 직접 인식하며, 이를 제외하고는 당기손익으로 인식됩니다. 법인세비용은 보고기간말 현재 제정됐거나 실질적으로 제정된 세법을 기준으로 측정됩니다. \n경영진은 적용 가능한 세법 규정이 해석에 따라 달라질 수 있는 상황에 대하여 연결회사가 세무신고 시 적용한 세무정책에 대하여 주기적으로 평가하고 있습니다. 연결회사는 세무당국에 납부할 것으로 예상되는 금액에 기초하여 당기법인세비용을 인식합니다.\n이연법인세는 자산과 부채의 장부금액과 세무기준액의 차이로 발생하는 일시적 차이에 대하여 장부금액을 회수하거나 결제할 때의 예상 법인세효과로 인식됩니다. 다만,사업결합 이외의 거래에서 자산·부채를 최초로 인식할 때 발생하는 이연법인세자산과 부채는 그 거래가 회계이익이나 과세소득에 영향을 미치지 않는다면 인식되지 않습니다.\n이연법인세자산은 차감할 일시적 차이가 사용될 수 있는 미래 과세소득의 발생가능성이 높은 경우에 인식됩니다.종속기업, 관계기업 및 공동기업 투자지분과 관련된 가산할 일시적 차이에 대해 소멸시점을 통제할 수 있는 경우, 그리고 예측가능한 미래에 일시적 차이가 소멸하지 않을 가능성이 높은 경우를 제외하고 이연법인세부채를 인식하고 있습니다. 또한 이러한 자산으로부터 발생하는 차감할 일시적 차이에 대하여 일시적 차이가 예측가능한 미래에 소멸할 가능성이 높고 일시적 차이가 사용될 수 있는 과세소득이 발생할 가능성이 높은 경우에만 이연법인세자산을 인식하고 있습니다.이연법인세자산과 부채는 법적으로 당기법인세자산과 당기법인세부채를 상계할 수 있는 권리를 회사가 보유하고 있으며, 동시에 이연법인세자산과 부채가 동일한 과세당국에 의해서 부과되는 법인세와 관련이 있으면서 순액으로 결제할 의도가 있는 경우에 상계됩니다.\n2.21 종업원급여  (1) 퇴직급여연결회사의 퇴직연금제도는 확정기여제도와 확정급여제도로 구분됩니다. 확정기여제도는 연결회사가 고정된 금액의 기여금을 별도 기금에 지급하는 퇴직연금제도이며, 기여금은 종업원이 근무 용역을 제공했을 때 비용으로 인식됩니다.확정급여제도는 확정기여제도를 제외한 모든 퇴직연금제도입니다. 일반적으로 확정급여제도는 연령, 근속연수나 급여수준 등의 요소에 의하여 종업원이 퇴직할 때 지급받을 퇴직연금급여의 금액이 확정됩니다. 확정급여제도와 관련하여 재무상태표에 계상된 부채는 보고기간말 현재 확정급여채무의 현재가치에서 사외적립자산의 공정가치를 차감한 금액입니다. 확정급여채무는 매년 독립된 보험계리인에 의해 예측단위적립방식에 따라 산정되며, 확정급여채무의 현재가치는 그 지급시점과 만기가 유사한 우량회사채의 이자율로 기대미래현금유출액을 할인하여 산정됩니다. 한편, 순확정급여부채와 관련한 재측정요소는 기타포괄손익으로 인식됩니다.\n제도개정, 축소 또는 정산이 발생하는 경우, 과거근무원가 또는 정산으로 인한 손익은 당기손익으로 인식됩니다. (2) 기타장기종업원급여연결회사는 장기 근속 임직원에게 장기종업원급여를 제공하고 있습니다. 이 급여를 받을 수 있는 권리는 주로 10년 이상의 장기간 근무한 임직원에게만 주어집니다. 기타장기종업원급여는 확정급여제도와 동일한 방법으로 측정되며, 근무원가, 기타장기종업원급여부채의 순이자 및 재측정요소는 당기손익으로 인식됩니다. 또한, 이러한 부채는 매년 독립적이고 적격한 보험계리사에 의해 평가됩니다.2.22 수익인식\n회사는 2018년 1월 1일부터 기준서 제1115호 \'고객과의 계약에서 생기는 수익\'을 적용하였습니다. \n(1) 수행의무의 식별회사는 고객과의 제품 판매계약에서 재화 판매 외 별도로 제공하는 용역은 계약을 분리하여 수행의무를 식별합니다. 고객과 제품 판매계약 체결 당시, 법정 보증기간 등을 고려하여 제품별, 고객별 표준 보증기간을 산정하고 있습니다. 표준 보증기간을 경과한 후에도 제품의 품질에 대한 추가적인 보증을 제공하거나, 고객이 추가 보증을별도로 구매할 수 있는 선택권이 있는 경우 그 보증은 별도의 수행의무로 식별하여 수익을 인식합니다.(2) 한시점에 이행하는 수행의무재화의 판매에 따른 수익은 재화가 구매자에게 인도되는 시점에 인식하고 있습니다. 재화의 인도는 재화가 특정 장소로 이전되고, 재화의 진부화와 손실에 대한 위험이 구매자에게 이전되며, 구매자가 판매 계약에 따라 재화의 수령을 승인하거나 그 승인기간이 만료되거나 또는 회사가 재화의 수령 승인 요건이 충족되었다는 객관적인 증거를 가지는 시점이 되어야 발생합니다.재화의 판매에 대한 수량할인이 제공되는 경우가 있으며, 고객은 불량재화를 반품할 권리가 있습니다. 할인과 반품에 대한 추정은 과거의 축적된 경험에 근거하며, 수량할인은 판매기간별 예상 판매에 근거하여 산출하고 있습니다. 회사는 판매로 인하여 부담하는 보증책임에 대한 충당부채를 합리적으로 추정하여 인식하고 있습니다. \n(3) 유의적인 금융요소일반적인 경우 재화나 용역을 이전하는 시점과 대가를 지급하는 시점 간의 기간은 1년 이내이며, 이 경우 유의적인 금융요소의 영향을 반영하여 약속한 대가를 조정하지않는 실무적 간편법을 사용합니다.\n2.23 영업부문  영업부문별 정보는 최고영업의사결정자에게 내부적으로 보고되는 방식에 기초하여 공시됩니다. 최고영업의사결정자는 영업부문에 배부될 자원과 영업부문의 성과를 평가하는데 책임이 있으며, 연결회사는 전략적 의사결정을 수행하는 이사회를 최고의사결정자로 보고 있습니다.\n2.24 재무제표 승인 \n연결회사의 연결재무제표는 2019년 3월 12일자로 이사회에서 승인되었으며, 정기주주총회에서 수정승인될 수 있습니다.\n3. 중요한 회계추정 및 가정 \n재무제표 작성에는 미래에 대한 가정 및 추정이 요구되며 경영진은 연결회사의 회계정책을 적용하기 위해 판단이 요구됩니다. 추정 및 가정은 지속적으로 평가되며, 과거 경험과 현재의 상황에 비추어 합리적으로 예측가능한 미래의 사건을 고려하여 이루어집니다. 회계추정의 결과가 실제 결과와 동일한 경우는 드물 것이므로 중요한 조정을 유발할 수 있는 유의적인 위험을 내포하고 있습니다.\n다음 회계연도에 자산 및 부채 장부금액의 조정에 영향을 미칠 수 있는 경영진 판단과 유의적 위험에 대한 추정 및 가정은 다음과 같습니다. 일부 항목에 대한 유의적인 판단 및 추정에 대한 추가적인 정보는 개별 주석에 포함되어 있습니다.\n(1) 영업권의 손상차손\n영업권의 손상여부를 검토하기 위한 현금창출단위의 회수가능금액은 사용가치의 계산에 기초하여 결정됩니다(주석 17참조).\n(2) 법인세 \n연결회사의 과세소득에 대한 법인세는 다양한 국가의 세법 및 과세당국의 결정을 적용하여 산정되므로 최종 세효과를 산정하는 데에는 불확실성이 존재합니다.\n연결회사는 특정 기간동안 과세소득의 일정 금액을 투자, 임금증가 등에 사용하지 않았을 때 세법에서 정하는 방법에 따라 산정된 법인세를 추가로 부담합니다. 따라서, 해당 기간의 당기법인세와 이연법인세를 측정할 때 이에 따른 세효과를 반영하여야 하고, 이로 인해 연결회사가 부담할 법인세는 각 연도의 투자, 임금증가 등의 수준에 따라 달라지므로 최종 세효과를 산정하는데에는 불확실성이 존재합니다.\n(3) 금융상품의 공정가치 활성시장에서 거래되지 않는 금융상품의 공정가치는 원칙적으로 평가기법을 사용하여 결정됩니다. 연결회사는 보고기간말 현재 중요한 시장상황에 기초하여 다양한 평가기법의 선택 및 가정에 대한 판단을 하고 있습니다(주석 5 참조).\n(4) 금융자산의 손상\n금융자산의 손실충당금은 부도위험 및 기대손실률 등에 대한 가정에 기초하여 측정됩니다. 연결회사는 이러한 가정의 설정 및 손상모델에 사용되는 투입변수의 선정에 있어서 회사의 과거 경험, 현재 시장 상황, 재무보고일 기준의 미래전망정보 등을 고려하여 판단합니다(주석 42 참조). \n(5) 순확정급여부채\n순확정급여부채의 현재가치는 보험수리적방식에 의해 결정되는 다양한 요소들 특히 할인율의 변동에 영향을 받습니다(주석 23 참조).\n(6) 충당부채 \n연결회사는 판매한 제품에 대하여 품질에 대한 보증의무를 부담하고 있습니다. 회사는 매보고기간종료일 미래와 현재의 보증의무를 제공하는데 필요하다고 판단되는 최선의 추정치를 기준으로 보증충당부채를 계상하고 있습니다. 이러한 최선의 추정치는 과거 경험에 기초하여 결정하고 있습니다.(7) 재고자산의 평가 재고자산은 원가와 순실현가능가치 중 작은 금액으로 표시됩니다. 순실현가능가치를추정할 때에는 재고자산으로부터 실현가능한 금액에 대하여 추정일 현재 사용가능한가장 신뢰성 있는 증거에 기초하여야 하며, 연결회사의 과거 경험, 현재 시장 상황, 보고기간 후 사건이 보고기간말 존재하는 상황에 대하여 확인하여 주는 경우에는, 그사건과 직접 관련된 가격이나 원가의 변동을 고려하여 추정합니다.\n4. 재무위험관리\n(1) 자본위험관리연결회사는 부채와 자본 잔액의 최적화를 통하여 주주이익을 극대화시키는 동시에 계속기업으로서 지속될 수 있도록 자본을 관리하고 있습니다. 연결회사의 전반적인 전략은 전기와 변동이 없습니다. 연결회사는 자본관리지표로 부채비율을 이용하고 있으며 이 비율은 총부채를 총자본으로 나누어 산출하고 있으며 총부채 및 총자본은 재무제표의 금액을 기준으로 계산합니다. 연결회사는 외부적으로 강제된 자기자본규제의 대상은 아닙니다. 보고기간말 현재 부채비율은 다음과 같습니다.\n(단위: 천원)\n구분\n당기말\n전기말\n부채\n3,006,129,279\n3,145,279,906\n자본\n6,790,312,968\n6,373,506,245\n부채비율\n44.3%\n49.3%\n(2) 금융자산, 금융부채 및 자본의 각 범주별로 채택한 주요 회계정책 및 방법(인식기준과 측정기준, 그리고 수익과 비용 인식기준을 포함)은 주석 2에 상세히 공시되어 있으며, 보고기간말 현재 금융자산과 금융부채의 범주별 내역은 주석 6에 공시되어 있습니다.\n(3) 금융위험관리1) 금융위험관리목적연결회사의 재무부문은 영업을 관리하고, 국내외 금융시장의 접근을 조직하며, 각 위험의범위와 규모를 분석한 내부위험보고서를 통하여 연결회사의 영업과 관련한 금융위험을 감시하고 관리하는 역할을 하고 있습니다. 이러한 위험들은 시장위험(통화위험, 공정가치이자율위험 및 가격위험 포함), 신용위험, 유동성위험 및 현금흐름이자율위험을 포함하고 있습니다.연결회사는 위험회피를 위하여 파생금융상품을 이용함으로써 이러한 위험의 영향을 최소화시키고자 합니다. 파생금융상품의 사용은 이사회가 승인한 당사의 정책에 따라 결정되는데, 이에 따라 외환위험, 이자율위험, 신용위험, 파생금융상품 및 비파생금융상품의 이용, 그리고 초과유동성의 투자에 관한 명문화된 원칙이 제공되고 있습니다.내부감사인은 지속적으로 정책의 준수와 위험노출한도를 검토하고 있습니다. 연결회사는 투기적 목적으로 파생금융상품을 포함한 금융상품계약을 체결하거나 거래하지 않습니다.\n재무부문은 위험노출정도를 경감시키기 위한 정책과 위험을 감시하는 독립기구인 금융위험관리위원회에 분기별로 보고하고 있습니다.\n2) 시장위험연결회사의 활동은 주로 환율과 이자율의 변동으로 인한 금융위험에 노출되어 있습니다. 따라서 이자율과 외화위험을 관리하기 위해 필요한 경우 다양한 파생상품계약을 체결하고 있습니다.\n가. 외화위험관리연결회사는 외화로 표시된 거래를 수행하고 있으므로 환율변동으로 인한 위험에 노출되어 있습니다. 연결회사의 종속기업은 주로 각 회사의 기능통화로 거래를 수행하고 있으며, 환위험에 노출된 지배기업은 환율변동으로 인한 위험의 노출정도를 통화선도계약을 활용하여 승인된 정책에서 정하는 한도 내에서 관리하고 있습니다. 이로 인해 회사는 주로 지배기업의 외화위험을 관리하고 있습니다. 민감도분석은 결제되지 않은 외화표시 화폐성항목만 포함하며, 보고기간 종료일에 환율이 10% 변동할 경우를 가정하여 외화환산을 조정합니다.\n보고기간말 현재 다른 모든 변수가 일정하고 외화에 대한 원화의 환율 10% 변동 시 지배기업의 세전이익에 미치는 영향은 다음과 같습니다.\n(단위: 천원)\n구분\n당기말\n전기말\n10% 상승 시\n29,409,090\n19,427,808\n10% 하락 시\n(29,409,090)\n(19,427,808)\n한편, 연결회사는 위험노출금액의 범위 내에서 외화채권 회수액의 외환위험을 회피하기 위하여 파생상품계약을 체결하는 정책을 가지고 있습니다. 다음의 표는 당기말 현재 결제되지 않은 통화선도계약의 세부사항을 나타낸 것입니다.\n(원화단위 : 천원, 외화단위 : 천USD, 천CNY, 천THB, 천MYR, 천INR)\n계약처\n만기일\n매도통화(A)\n매도금액\n계약환율(B/A)\n매입통화(B)\n계약상 유입금액\nBank of America 등\n2019-11-13\nUSD\n210,000\n1,107.55\nKRW\n232,585,500\nCredit Agricole 등\n2019-08-29\nCNY\n1,223,000\n162.49\nKRW\n198,721,430\nING 등\n2019-08-29\nUSD\n210,004\n0.83\nEUR\n174,779\nDeutsche Bank 등\n2019-04-12\nTHB\n45,399\n0.03\nUSD\n1,386\nJPM-MY 등\n2019-06-21\nMYR\n41,984\n0.24\nUSD\n10,120\nJPM\n2019-06-21\nINR\n103,200\n0.01\nUSD\n1,415\n연결회사는 당기에 발행한 외화장기사채의 원리금 결제시, 고정된 환율 및 이자율로 수취및 지급하는 통화스왑계약을 체결하여, 해당 파생상품에 현금흐름위험회피회계를 적용하고 있으며, 그 내역은 다음과 같습니다.\n(단위: 천USD)\n계약처\n계약금액\n계약환율\n원화지급이자율(%)\n외화수취\n이자율(%)\n계약시작일\n계약만기일\nKDB산업은행\nUSD 300,000(원금 합계액)\n1061.5~1071.9\n2.61~2.64\n3.50\n2018.01.25~2018.01.30\n2023-01-30\n상기 파생상품계약과 관련하여 당기 중 기타포괄손익으로 인식된 세후평가손실은 5,432,248천원이며(주석 8 참조), 손익계산서에 인식한 평가이익은 147,940천원, 평가손실은 2,279,012천원입니다.\n나. 이자율위험관리동 위험은 시장이자율의 변동으로 인하여 연결회사의 투자 및 재무활동에서 발생하는 이자수익과 이자비용이 변동될 위험을 의미합니다. 연결회사는 이자율 변동으로 인한 불확실성 제거와 금융비용 최소화를 위해, 주기적인 금리동향 모니터링과 적절한 대응방안 수립을 운용하고 있습니다.보고기간말 현재 다른 모든 변수가 일정하고 변동금리부 차입금의 이자율의 10bp 변동시 연결회사의 세전이익에 미치는 영향은 아래 표와 같습니다.\n(단위: 천원)\n지수\n당기\n전기\n10 BP\n상승시\n31,254\n(45,732)\n하락시\n(31,254)\n45,732\n또한, 연결회사는 해외종속회사 차입금의 이자율변동위험을 회피하기 위하여 이자율스왑계약을 체결하고 있으며, 파생계약별 주요내역은 다음과 같습니다.\n(단위 : 천USD)\n계약처\n계약일\n만기일\n계약원금\n수취이자율(%)\n지급이자율(%)\nBank of America\n2016-12-13\n2019-06-13\n80,000\n3M Libor\n1.33%\nJP Morgan\n2017-03-13\n2020-02-13\n50,000\n1M Libor\n1.75%\nJP Morgan\n2017-03-13\n2020-03-13\n50,000\n1M Libor\n1.78%\n합계\n180,000\n상기 파생상품계약과 관련하여 당기 중 손익계산서에 인식한 평가이익은 593,795천원(전기: 2,270,864천원)이며, 평가손실은 126,349천원(전기: -) 입니다.\n다. 기타 가격위험요소연결회사는 지분상품에서 발생하는 가격변동위험에 노출되어 있습니다. 지분상품은 매매목적이 아닌 전략적 목적으로 보유하고 있으며, 회사는 해당 투자자산을 활발하게 매매하고 있지는 않습니다.\n① 주가민감도 분석\n아래 민감도분석은 보고기간 종료일 현재 주가변동위험에 근거하여 수행되었습니다.\n주가가 5% 상승/하락하는 경우- 기타포괄손익-공정가치 측정 금융자산의 공정가치변동으로 기타포괄손익은 2,258,809천원 증가/감소(전기말: 174,054천원 증가/감소)할 것입니다.\n3) 신용위험관리신용위험은 계약상대방이 계약상의 의무를 불이행하여 당사에 재무적 손실을 미칠 위험을 의미합니다. 연결회사는 채무불이행으로 인한 재무적 손실을 경감시키는 수단으로서 신용도가 일정 수준 이상인 거래처와 거래하고, 충분한 담보를 수취하는 정책을 채택하고 있습니다. 연결회사는 투자등급 이상에 해당되는 신용등급을 받은 기업에 한해 거래하고 있습니다. 이러한 신용정보는 독립적인 신용평가기관에서 제공하고 있으며, 만약 신용평가기관이 제공한 정보를 이용할 수 없다면, 연결회사가 주요 거래처에 대한 신용등급을 결정할 목적으로 공식적으로 발표되고 이용할 수 있는 다른 재무정보와 거래실적을 사용하고 있습니다. 연결회사의 신용위험노출 및 거래처의 신용등급을 지속적으로 검토하고 있으며 이러한 거래 총액은 승인된 거래처에 고루 분산되어 있습니다. 신용위험은 금융위험관리위원회에 의하여 매년 검토되고 승인된 거래한도에 의하여 통제됩니다.매출채권에 대하여 신용평가가 지속적으로 이루어지고 있으며, 필요한 경우 신용보증보험계약을 체결하고 있습니다. 신용위험에 노출된 금융자산은 장부금액이 신용위험에 대한 최대 노출정도를 가장 잘 나타내는 것으로 판단하고 있습니다.\n4) 유동성위험관리유동성위험관리에 대한 궁극적인 책임은 연결회사의 단기 및 중장기 자금조달과 유동성관리규정을 적절하게 관리하기 위한 기본정책을 수립하는 이사회에 있습니다. 연결회사는 충분한 적립금과 차입한도를 유지하고 예측현금흐름과 실제현금흐름을 계속하여 관찰하고 금융자산과 금융부채의 만기구조를 대응시키면서 유동성위험을 관리하고 있습니다. 주석 40의 \'주요 자금조달약정 내역\'에서 유동성위험을 더욱 감소시키기 위하여 회사가 재량으로 보유하고 있는 추가적인 미사용 자금조달약정의 세부내역을 설명하고 있습니다.다음 표는 연결회사의 비파생금융부채 및 순액결제할 파생금융부채에 대한 계약상 잔존만기를 상세하게 나타내고있습니다. 단, 당기말 현재 순액결제할 파생금융부채는 없으며 해당 표는 금융부채의 할인되지 않은 현금흐름을 기초로 연결회사가 지급하여야 하는 가장 빠른 만기일에 근거하여 작성되었습니다. 계약상 만기는 연결회사가 지급을 요구받을 수 있는 가장 빠른 날에 근거한 것입니다.\n당기말 -\n(단위: 천원)\n구분\n장부금액\n계약상현금흐름\n잔존계약만기\n1년미만\n1년 ~ 2년\n2년 ~ 5년\n5년 초과\n매입채무\n423,316,782\n423,316,782\n423,316,782\n-\n-\n-\n미지급금\n282,179,726\n282,179,726\n282,179,726\n-\n-\n-\n미지급비용\n225,694,136\n225,694,136\n225,694,136\n-\n-\n-\n미지급배당금\n17,978\n17,978\n17,978\n-\n-\n-\n임대보증금\n3,941,121\n3,941,121\n2,772,000\n1,149,121\n20,000\n-\n단기차입금\n811,473,548\n813,286,898\n813,286,898\n-\n-\n-\n장기차입금\n238,447,415\n269,728,022\n35,002,868\n67,342,139\n74,266,145\n93,116,869\n사채\n582,461,150\n645,225,850\n17,312,550\n263,133,175\n364,780,125\n-\n합계\n2,567,531,856\n2,663,390,513\n1,799,582,938\n331,624,435\n439,066,270\n93,116,869\n전기말 -\n(단위: 천원)\n구분\n장부금액\n계약상현금흐름\n잔존계약만기\n1년미만\n1년 ~ 2년\n2년 ~ 5년\n5년 초과\n매입채무\n382,686,120\n382,686,120\n382,686,120\n-\n-\n-\n미지급금\n247,764,124\n247,764,124\n247,764,124\n-\n-\n-\n미지급비용\n234,274,369\n234,274,369\n234,274,369\n-\n-\n-\n미지급배당금\n24,314\n24,314\n24,314\n-\n-\n-\n임대보증금\n4,104,943\n4,104,943\n2,753,000\n1,311,943\n40,000\n-\n단기차입금\n866,387,152\n868,019,489\n868,019,489\n-\n-\n-\n장기차입금\n332,009,310\n348,540,527\n125,309,873\n4,789,158\n218,441,496\n-\n사채\n775,063,062\n830,855,708\n261,443,319\n10,589,152\n265,971,623\n292,851,614\n합계\n2,842,313,394\n2,916,269,594\n2,122,274,608\n16,690,253\n484,453,119\n292,851,614\n연결회사가 보유한 총액 결제 요건의 파생상품은 통화선도 거래이며 보고기간말로부터 11개월 이내에 결제될 예정입니다. 이러한 파생상품은 위의 표에 포함되지 않았으며 해당 계약으로부터 할인되지 않은 계약상 현금유입/유출액은 다음과 같습니다.\n(단위: 천원)\n구분\n당기말\n전기말\n계약상 현금유입액\n669,324,249\n390,131,705\n계약상 현금유출액\n673,762,619\n389,787,960\n5. 공정가치보고기간 중, 연결회사의 금융자산과 금융부채의 공정가치에 영향을 미치는 사업환경 및 경제적인 환경의 유의적인 변동은 없습니다.\n5.1 금융상품 종류별 공정가치\n보고기간말 현재 연결회사의 금융상품 중 공정가치로 측정된 금융상품은 다음과 같습니다.\n(단위: 천원)\n구분\n당기말\n전기말\n장부금액\n공정가치\n장부금액\n공정가치\n금융자산\n매도가능금융자산\n-\n-\n4,387,494\n4,387,494\n기타포괄손익-공정가치 금융자산\n46,083,106\n46,083,106\n-\n-\n당기손익-공정가치 금융자산\n1,500,000\n1,500,000\n-\n-\n파생금융자산\n13,256,235\n13,256,235\n5,797,210\n5,797,210\n금융부채\n파생금융부채\n8,458,588\n8,458,588\n3,080,677\n3,080,677\n매출채권, 미수금 등의 금융자산과 상각후 원가로 인식되는 금융부채는 장부금액이 공정가치의 합리적인 근사치이므로 별도의 공정가치 공시를 생략하였습니다.\n5.2 공정가치 서열체계\n공정가치로 측정되거나 공정가치가 공시되는 항목은 공정가치 서열체계에 따라 구분하며, 정의된 수준들은 다음과 같습니다.\n- 동일한 자산이나 부채에 대한 활성시장의 (조정되지 않은) 공시가격(수준 1)\n- 직접적으로(예: 가격) 또는 간접적으로(예: 가격에서 도출되어) 관측 가능한, 자산이나 부채에 대한 투입 변수를 이용하여 산정한 공정가치. 단 수준 1에 포함된 공시가격은 제외함(수준 2)\n- 관측 가능한 시장자료에 기초하지 않은, 자산이나 부채에 대한 투입 변수(관측 가능하지 않은 투입 변수)를 이용하여 산정한 공정가치 (수준 3)\n보고기간말 현재 연결회사의 공정가치로 측정되거나 공정가치가 공시되는 자산과 부채의 공정가치 서열체계 구분은 다음과 같습니다.\n당기말 -\n(단위: 천원)\n구분\n수준 1\n수준 2\n수준 3\n합계\n반복적인 공정가치 측정치\n기타포괄손익-공정가치 금융자산\n46,083,106\n-\n-\n46,083,106\n당기손익-공정가치 금융자산\n-\n-\n1,500,000\n1,500,000\n파생금융자산\n-\n13,256,235\n-\n13,256,235\n파생금융부채\n-\n8,458,588\n-\n8,458,588\n전기말 -\n(단위: 천원)\n구분\n수준 1\n수준 2\n수준 3\n합계\n반복적인 공정가치 측정치\n매도가능금융자산\n4,387,494\n-\n-\n4,387,494\n파생금융자산\n-\n5,797,210\n-\n5,797,210\n파생금융부채\n-\n3,080,677\n-\n3,080,677\n5.3 반복적인 공정가치 측정치의 서열체계 수준 간 이동연결회사는 공정가치 서열체계의 수준 간 이동을 이동을 발생시킨 사건이나 상황의 변동이 일어난 날짜에 인식합니다. 보고기간 중 각 공정가치 서열체계의 수준 간 이동 내역은 없습니다.\n5.4 가치평가기법 및 투입변수\n연결회사는 공정가치 서열체계에서 수준 2로 분류되는 반복적인 공정가치 측정 시 공시되는 공정가치에 대해 다음의 가치평가기법과 투입변수를 사용하고 있습니다.\n당기말 -\n(단위: 천원)\n구분\n공정가치\n수준\n가치평가기법\n투입변수\n파생금융자산\n이자율스왑\n1,513,022\n2\n옵션가격결정모형\n기초자산가격, 신용위험이 반영된 할인율,기초자산의 변동성\n통화스왑\n7,722,999\n2\n현금흐름할인모형\n환율,할인율\n통화선도\n4,020,214\n2\n현금흐름할인모형\n환율,할인율\n파생금융부채\n통화선도\n8,458,588\n2\n현금흐름할인모형\n환율,할인율\n당기손익-공정가치 금융자산\n수익증권\n1,500,000\n3\n시장가치접근법\n최근거래가\n전기말 -\n(단위: 천원)\n구분\n공정가치\n수준\n가치평가기법\n투입변수\n파생금융자산\n이자율스왑\n2,372,783\n2\n옵션가격결정모형\n기초자산가격, 신용위험이 반영된 할인율,기초자산의 변동성\n통화선도\n3,424,427\n2\n현금흐름할인모형\n환율, 할인율\n파생금융부채\n통화선도\n3,080,677\n2\n현금흐름할인모형\n환율, 할인율\n6. 범주별 금융상품(1) 보고기간말 현재 연결회사의 금융자산과 금융부채의 범주별 분류 내역은 다음과 같습니다.\n금융자산 -\n(단위: 천원)\n금융자산범주\n구분\n당기말\n전기말\n공정가치 측정 금융자산\n기타포괄손익-공정가치 금융자산\n46,083,106\n-\n당기손익-공정가치 금융자산\n1,500,000\n-\n매도가능금융자산\n-\n4,387,494\n파생금융자산\n13,256,235\n5,797,210\n상각후원가 측정 금융자산\n현금및현금성자산\n611,977,139\n694,151,216\n단기금융상품\n27,568,027\n4,343,731\n매출채권\n1,225,997,611\n1,157,746,639\n미수금(유동)\n100,549,606\n92,225,063\n미수금(비유동)\n1,086,846\n972,439\n미수수익\n6,134,208\n4,033,356\n보증금\n13,913,339\n12,434,163\n단기대여금\n21,789,271\n4,345,407\n장기대여금\n7,859,660\n11,459,847\n장기금융상품\n59,288\n60,995\n합계\n2,077,774,336\n1,991,957,560\n금융부채 -\n(단위: 천원)\n금융부채 범주\n구분\n당기말\n전기말\n공정가치 측정 금융부채\n파생금융부채\n8,458,588\n3,080,677\n상각후원가 측정 금융부채\n매입채무\n423,316,782\n382,686,120\n미지급금\n282,179,726\n247,764,124\n미지급비용\n225,694,136\n234,274,369\n미지급배당금\n17,978\n24,314\n차입금(유동)\n299,939,052\n580,307,192\n차입금(비유동)\n788,579,777\n739,391,689\n임대보증금(유동)\n2,772,000\n2,753,000\n임대보증금(비유동)\n1,169,121\n1,351,943\n비지배지분\n4,750,000\n-\n매출채권 담보차입(*1)\n543,863,284\n-\n기타금융부채\n20,631,939\n-\n기타금융부채\n매출채권 담보차입(*2)\n-\n653,760,643\n합계\n2,601,372,383\n2,845,394,071\n(*1) 양도자산을 상각후원가로 측정하므로 양도자산과 관련 부채의 순장부금액이 양도자가 보유하는 권리와 부담하는 의무의 상각후원가가 되도록 관련 부채를 측정하였습니다.(*2) 기타금융부채는 범주별 금융부채의 적용을 받지 않는 제거요건을 충족하지 않은 양도거래 관련 금융부채에 해당합니다.\n(2) 보고기간의 연결회사의 금융상품 범주별 순손익은 다음과 같습니다.\n(단위: 천원)\n구분\n당기\n전기\n 파생금융자산부채 \n \xa0 파생상품평가손익 \n(6,266,974)\n666,742\n \xa0 파생상품거래손익 \n(11,676,859)\n(1,184,238)\n \xa0 현금흐름위험회피(세후기타포괄손익)\n(5,432,248)\n-\n 매도가능금융자산\n \xa0 평가손익(세후기타포괄손익)\n-\n924,537\n \xa0 처분손익\n-\n(108)\n \xa0 손상차손\n-\n(100,000)\n 기타포괄손익-공정가치 지분상품 \n \xa0 평가손익(세후기타포괄손익)\n(8,964,269)\n-\n 기타포괄손익-공정가치 채무상품 \n \xa0 처분손익 \n(19,618)\n-\n 상각후원가 금융자산\n \xa0 이자수익 \n13,614,025\n11,890,324\n \xa0 외환차손익 \n44,486,232\n(53,865,215)\n \xa0 외환환산손익 \n(6,418,534)\n(44,053,961)\n \xa0 대손상각비 \n(2,324,635)\n(622,975)\n 상각후원가 금융부채\n \xa0 이자비용 \n(57,031,424)\n(36,561,997)\n \xa0 외환차손익 \n(33,576,665)\n12,764,060\n \xa0 외환환산손익 \n8,050,825\n15,940,657\n 기타금융부채 \n \xa0 이자비용 \n-\n(22,085,118)\n \xa0 외환차손익 \n-\n16,658,177\n \xa0 외환환산손익\n-\n25,530,923\n합계\n(65,560,143)\n(74,098,192)\n7. 금융자산\n7.1 당기손익-공정가치 금융자산주석 2에서 설명한 바와 같이 당기초부터 기준서 제1109호 \'금융상품\'을 적용하였습니다. 이러한 회계정책 변경이 금융자산 분류 및 재무제표에 미치는 영향은 주석 43 를 참고하시기 바랍니다.\n(1) 당기손익-공정가치 지분상품\n보고기간말 현재 회사가 보유하고 있는 당기손익-공정가치 지분상품은 없습니다. \n(2) 당기손익-공정가치 채무상품\n(단위: 천원)\n구분\n당기말\n전기말\n비유동항목\n \xa0수익증권\n1,500,000\n-\n합계\n1,500,000\n-\n7.2 기타포괄손익-공정가치 금융자산\n(1) 기타포괄손익-공정가치 지분상품\n(단위: 천원)\n구분\n당기말\n전기말(*)\n비유동항목\n \xa0상장주식 등(*)\n46,083,106\n4,387,494\n합계\n46,083,106\n4,387,494\n(*) 전기에 회사는 동 지분상품을 중장기적으로 보유할 목적으로 매도가능금융자산으로 분류하였습니다.위 지분상품의 처분시에는 관련 기타포괄손익누계액은 이익잉여금으로 재분류되며 당기손익으로 재분류되지 않습니다.\n(2) 기타포괄손익-공정가치 채무상품\n보고기간말 현재 회사가 보유하고 있는 기타포괄손익-공정가치 채무상품은 없습니다. 채무상품의 처분시에는 관련 기타포괄손익누계액은 당기손익으로 재분류됩니다.\n8. 파생금융상품\n(1) 보고기간말 현재 연결회사의 파생금융상품 중 당기손익-공정가치 금융자산(부채)의 내역은 다음과 같습니다.\n(단위: 천원)\n구분\n당기말\n전기말\n자산\n부채\n자산\n부채\n이자율스왑\n1,513,022\n-\n2,372,783\n-\n통화선도\n4,020,214\n8,458,588\n3,424,427\n3,080,677\n합계\n5,533,236\n8,458,588\n5,797,210\n3,080,677\n(2) 보고기간말 현재 연결회사의 현금흐름위험회피회계 적용 파생금융상품의 내역은 다음과 같습니다.\n(단위: 천원)\n구분\n당기말\n전기말\n자산\n부채\n자산\n부채\n현금흐름위험회피(통화스왑)(*)\n7,722,999\n-\n-\n-\n(*) 위험회피회계 적용 결과 당기에 인식한 세후 기타포괄손익은 다음과 같습니다.\r\n(단위: 천원)\n파생상품가치변동(세후)\n당기손익 인식계정과목\n당기손익 재분류금액(세후)\n기타포괄손익인식액(세후)\n7,144,201\n이자비용 및 외환(환산)차이\n(12,576,449)\n(5,432,248)\n9. 매출채권및기타채권 \n(1) 보고기간말 현재 연결회사의 매출채권및기타채권의 내역은 다음과 같습니다. \n(단위: 천원)\n구분\n당기말\n전기말\n채권총액\n차감: 손실충당금\n채권순액\n채권총액\n차감: 손실충당금\n채권순액\n유동\n매출채권\n1,235,154,547\n(9,156,936)\n1,225,997,611\n1,165,137,739\n(7,391,100)\n1,157,746,639\n미수금\n100,656,817\n(107,211)\n100,549,606\n92,336,131\n(111,068)\n92,225,063\n미수수익\n6,134,208\n-\n6,134,208\n4,033,356\n- \n4,033,356\n합계\n1,341,945,572\n(9,264,147)\n1,332,681,425\n1,261,507,226\n(7,502,168)\n1,254,005,058\n비유동\n미수금\n1,086,846\n-\n1,086,846\n972,439\n-\n972,439\n(2) 보고기간 중 연결회사의 매출채권및기타채권의 손실충당금의 변동내역은 다음과 같습니다.\n당기 - \n(단위: 천원)\n구분\n매출채권\n미수금\n합계\n기초\n7,391,101\n111,068\n7,502,169\n사업결합 등\n651,344\n-\n651,344\n충당금전입\n1,744,311\n15,324\n1,759,635\n회수/제각\n(135,934)\n(24,284)\n(160,218)\n환율변동 증감\n(493,886)\n5,103\n(488,783)\n기말\n9,156,936\n107,211\n9,264,147\n전기 - \n(단위: 천원)\n구분\n매출채권\n미수금\n합계\n기초\n8,517,110\n134,834\n8,651,944\n충당금전입(환입)\n669,743\n(46,768)\n622,975\n회수/제각\n(1,476,926)\n(10,840)\n(1,487,766)\n환율변동 증감\n(318,827)\n33,842\n(284,985)\n기말\n7,391,100\n111,068\n7,502,168\n(3) 신용위험 및 손실충당금상기 매출채권과 기타채권은 상각후원가로 측정됩니다. 보고기간 중 매출채권과 기타채권의 손실충당금의 변동내역은 유의적이지 않습니다. 연결회사는 매출채권 등의 회수가능성을 판단하는 데 있어서 신용공여 개시일부터 보고기간 종료일까지의 매출채권에 대한 신용등급의 변화를 고려하고 있습니다.\n10. 재고자산\n보고기간말 현재 연결회사의 재고자산 내역은 다음과 같습니다.\n(단위: 천원)\n과목\n취득원가\n저가법 평가액\n재고자산평가충당금\n환율변동증감\n평가손실(충당금환입)\n당기말\n전기말\n당기말\n전기말\n당기말\n전기말\n당기\n전기\n당기\n전기\n제품\n1,095,625,846\n978,835,335\n1,087,671,532\n947,765,565\n7,954,314\n31,069,770\n227,888\n(2,425,833)\n(23,343,343)\n24,110,789\n재공품\n43,102,021\n40,620,698\n43,102,021\n40,620,698\n-\n-\n-\n-\n-\n-\n원재료\n324,527,075\n356,302,413\n324,527,075\n355,455,060\n-\n847,353\n-\n(36,321)\n(847,353)\n216,946\n저장품\n37,914,898\n31,005,128\n37,914,898\n31,005,128\n-\n-\n-\n-\n-\n-\n미착품\n105,256,039\n119,544,711\n105,256,039\n119,544,711\n-\n-\n-\n-\n-\n-\n합계\n1,606,425,879\n1,526,308,285\n1,598,471,565\n1,494,391,162\n7,954,314\n31,917,123\n227,888\n(2,462,154)\n(24,190,696)\n24,327,735\n연결회사는 재고자산을 순실현가능가치로 감액한 평가손실과 모든 감모손실은 감액이나 감모가 발생한 기간의 비용으로 인식하고 있습니다. 또한 재고자산의 순실현가능가치의 상승으로 인한 재고자산평가손실의 환입은 환입이 발생한 기간의 비용으로인식된 재고자산의 매출원가에서 차감하고 있습니다.\n11. 기타금융자산보고기간말 현재 연결회사의 기타금융자산의 내역은 다음과 같습니다.\n(단위: 천원)\n구분\n당기말\n전기말\n유동\n비유동\n유동\n비유동\n대여금\n21,789,271\n7,859,660\n4,345,407\n11,459,847\n보증금\n2,531,493\n11,381,846\n2,576,859\n9,857,304\n파생금융자산\n4,421,477\n8,834,758\n4,751,634\n1,045,576\n합계\n28,742,241\n28,076,264\n11,673,900\n22,362,727\n12. 기타자산보고기간말 현재 연결회사의 기타자산의 내역은 다음과 같습니다.\n(단위: 천원)\n구분\n당기말\n전기말\n유동\n비유동\n유동\n비유동\n선급금\n9,188,610\n52,150,587\n7,488,420\n54,656,497\n선급비용\n19,170,698\n30,761,742\n20,770,599\n32,668,820\n순확정급여자산\n-\n-\n-\n11,690,944\n기타\n25,388,446\n148,178\n47,622,671\n640\n합계\n53,747,754\n83,060,507\n75,881,690\n99,016,901\n13. 관계기업투자\n(1) 보고기간말 현재 연결회사의 관계기업투자의 내역은 다음과 같습니다.\n(단위: 천원)\n회사명\n결산월\n소재지\n주식수(주)\n당기말\n전기말\n지분율(%)\n취득원가\n장부가액\n지분율(%)\n취득원가\n장부가액\n한온시스템㈜(*)\n12월\n대한민국\n104,031,000\n19.5\n1,061,740,386\n1,085,601,269\n19.5\n1,061,740,386\n1,090,392,140\n(*) 상기 관계기업투자의 공시되는 시장가격은 당기말 현재 1,123,534,800천원(전기말: 1,446,030,900천원)입니다.(2) 보고기간의 관계기업 요약 재무정보 및 수령한 배당금은 아래와 같습니다.\n당기 -\n(단위: 천원)\n구분\n기업명\n자산\n부채\n자본\n매출\n당기순이익\n총포괄손익\n수령한 배당금\n관계기업\n한온시스템㈜\n5,355,780,832\n3,224,124,651\n2,131,656,181\n5,937,585,095\n283,697,420\n232,201,224\n33,289,920\n전기 -\n(단위: 천원)\n구분\n기업명\n자산\n부채\n자본\n매출\n당기순이익\n총포괄손익\n수령한 배당금\n관계기업\n한온시스템㈜\n4,133,390,581\n2,090,959,189\n2,042,431,392\n5,582,423,807\n309,872,150\n328,301,754\n31,209,300\n(3) 종목별 관계기업투자 평가내역보고기간 중 연결회사의 관계기업투자에 대한 지분법 평가내역은 다음과 같습니다.\n당기 -\n(단위: 천원)\n회사명\n기초\n지분법손익\n기타포괄손익순확정급여부채\n기타포괄손익현금흐름위험회피\n기타포괄손익해외사업환산손익\n배당금\n기타\n기말\n한온시스템㈜\n1,090,392,140\n38,002,359\n(201,827)\n(6,952,219)\n(2,563,044)\n(33,289,920)\n213,780\n1,085,601,269\n전기 -\n(단위: 천원)\n회사명\n기초\n지분법손익\n기타포괄손익순확정급여부채\n기타포괄손익현금흐름위험회피\n기타포괄손익해외사업환산손익\n배당금\n기타\n기말\n한온시스템㈜\n1,081,080,298\n36,104,778\n1,715,852\n12,321,576\n(9,752,436)\n(31,209,300)\n131,372\n1,090,392,140\n14. 종속기업투자\n보고기간말 현재 연결회사의 종속기업의 주요 재무정보는 다음과 같습니다.\n당기 -\n(단위: 천원)\n기업명\n자산\n부채\n매출\n당기순이익\nHankook Tire America Corp.\n862,437,042\n476,638,057\n1,644,470,779\n(11,130,064)\nHankook Tire Canada Corp.\n75,148,548\n53,960,025\n173,385,768\n3,187,389\nHankook Tire DE Mexico, S.A. DE C.V.\n66,684,160\n63,615,486\n112,333,529\n1,205,415\nHankook Tire de Colombia Ltda.\n12,412,662\n11,139,383\n37,468,456\n252,945\nHankook Tire Manufacturing Tennessee LP\n775,138,012\n673,648,786\n208,225,078\n(39,454,635)\nHankook Tire America Holdings I, LLC\n1,893,256\n-\n-\n(331)\nHankook Tire America Holdings II, LLC\n186,438,428\n-\n-\n(331)\nHankook Tire Latin America Distribution Center, S.A\n18,866,967\n19,893,922\n44,065,019\n(1,127,359)\nHankook Tire Latam, S.A.\n179,524\n101,639\n341,499\n16,228\nHankook Tire Europe Holdings B.V.\n376,358,481\n178,179\n-\n65,284,315\nHankook Tire Netherlands B.V.\n120,268,746\n96,896,629\n284,367,304\n2,535,113\nHankook Tyre U.K. Ltd.\n129,270,990\n112,474,765\n218,162,361\n(175,736)\nHankook Reifen Deutschland GmbH\n299,297,279\n269,718,665\n551,735,005\n1,486,246\nHankook Tire France SARL\n68,748,894\n56,067,704\n192,476,378\n2,578,821\nHankook Tire Italia S.R.L.\n141,081,956\n124,299,016\n200,405,241\n1,356,640\nHankook Espana S. A.\n60,379,050\n46,414,276\n148,305,537\n2,754,122\nHankook Tire Europe GmbH\n409,540,927\n270,345,968\n25,768,678\n719,953\nHankook Tire Hungary Ltd.\n1,343,618,627\n140,744,705\n862,180,158\n204,251,556\nHankook Tire Budapest Kereskedelmi Kft\n42,503,340\n31,208,503\n80,970,485\n480,504\nHankook Tire Rus LLC\n55,608,192\n52,307,577\n148,826,146\n(1,887,035)\nHankook Tire Sweden AB\n23,279,274\n20,572,989\n46,920,673\n471,814\nHankook Lastikleri A.S.\n22,547,568\n28,131,180\n59,971,951\n(5,699,573)\nHankook Tire Polska Sp. z o.o.\n38,708,664\n32,945,051\n85,646,420\n1,626,343\nHankook Tire Ceska Republika s.r.o.\n35,868,965\n31,797,263\n95,885,800\n519,532\nHankook Tire Ukraine LLC\n714,531\n348,799\n1,201,983\n17,372\nHankook Tire Japan Corp.\n12,130,012\n13,376,679\n31,878,140\n820,104\nHankook Tyre Australia Pty., Ltd.\n41,271,206\n36,086,145\n93,671,831\n(882,835)\nPT. HANKOOKTIRE INDONESIA.\n637,785,376\n115,574,625\n448,039,372\n24,730,324\nHankook Tire Thailand Co., Ltd.\n5,975,929\n5,502,886\n21,337,592\n(17,728)\nHankook Tires India llp.\n3,746,071\n2,730,808\n3,996,119\n(23,089)\nHankook Tire Malaysia SDN.BHD.\n9,480,207\n14,949,453\n34,172,767\n544,614\nHankook Tire Singapore PTE., Ltd.\n158,867,188\n152,905,529\n5,658,332\n539,738\nHankook Tyre Australia Retail Pty., Ltd.(*)\n71,522,469\n18,384,638\n24,870,202\n1,741,438\nHankook Tire China Co., Ltd.\n1,039,465,607\n177,364,578\n658,445,916\n46,821,218\nJiangsu Hankook Tire Co., Ltd.\n642,138,522\n123,516,888\n548,351,675\n7,435,910\nShanghai Hankook Tire Sales Co., Ltd.\n501,611,628\n491,579,991\n873,783,383\n4,483,471\nChongqing Hankooktire Co., Ltd.\n515,794,841\n369,548,781\n389,450,791\n24,695,125\nBeijing Jielun Trading Company Co., Ltd.\n2,486,870\n2,538,086\n35,875,980\n(274,422)\n㈜엠케이테크놀로지\n108,118,451\n8,196,737\n87,221,146\n14,278,987\nMK Mold (Jiaxing) Co., LTD.\n23,861,258\n2,112,923\n18,941,550\n4,568,939\nMK Technology (CHONGQING) Mould Co., Ltd.\n1,307,503\n39,615\n3,461,941\n118,201\n모델솔루션㈜\n41,207,294\n21,453,211\n35,517,745\n5,524,795\nModelSolution Inc.\n2,734,131\n1,505,726\n1,235,998\n(538,573)\n㈜대화산기\n61,006,141\n18,243,915\n69,994,598\n(1,762,290)\n한국동그라미파트너스㈜\n2,026,692\n1,479,557\n4,849,861\n250,112\n케이씨지 제1호 사모투자합자회사\n22,397,307\n1,975\n-\n(302,031)\nReifen-Muller KG\n202,000,211\n170,517,093\n99,862,114\n5,735,451\nReifen-Muller GmbH & Co. Runderneuerungswerk KG\n25,133,690\n13,299,882\n6,678,493\n2,057,646\nRM Verwaltungs GmbH\n42,985\n3,591\n12,635\n7,528\n(*) Hankook Tyre Australia Retail Pty., Ltd.가 100% 지분을 보유하고 있는 JAX Quickfit Franchising Systems Unit Trust., JAX Quickfit Franchising Systems PtyLtd., JAX Quickfit Properties Pty Ltd.의 재무정보를 포함한 연결단위의 재무정보입니다.\n전기 -\n(단위: 천원)\n기업명\n자산\n부채\n매출\n당기순손익\nHankook Tire America Corp.\n843,704,801\n454,868,681\n1,669,764,669\n15,141,876\nHankook Tire Canada Corp.\n59,377,893\n40,555,843\n185,222,599\n2,435,371\nHankook Tire DE Mexico, S.A. DE C.V.\n49,080,693\n46,720,958\n86,737,331\n1,584,841\nHankook Tire de Colombia Ltda.\n11,733,424\n10,631,355\n48,161,725\n1,061,098\nHankook Tire Europe Holdings B.V.\n311,631,626\n23,489\n-\n32,098,121\nHankook Tire Netherlands B.V.\n155,668,646\n134,792,089\n303,253,487\n3,316,343\nHankook Tyre U.K. Ltd.\n123,686,749\n106,520,413\n203,191,575\n1,221,624\nHankook Reifen Deutschland GmbH\n257,357,607\n229,240,932\n536,405,640\n954,015\nHankook Tire France SARL\n76,370,857\n66,229,033\n163,707,576\n1,991,842\nHankook Tire Italia S.R.L.\n119,208,586\n103,760,818\n180,760,846\n2,585,808\nHankook Espana S.A.\n56,418,451\n45,165,541\n110,232,479\n1,523,687\nHankook Tire Europe GmbH\n198,939,745\n194,081,444\n23,943,459\n32,341\nHankook Tire Hungary Ltd.\n1,225,260,038\n119,762,401\n911,868,843\n177,871,329\nHankook Tire Budapest Kereskedelmi Kft\n37,923,523\n26,689,394\n68,535,471\n668,260\nHankook Tire Rus LLC\n61,574,734\n55,761,472\n149,133,996\n612,177\nHankook Tire Japan Corp.\n19,136,774\n20,073,356\n54,294,027\n190,161\nHankook Tyre Australia Pty.\n51,790,406\n45,396,933\n99,644,388\n3,066,327\nHankook Tire China Co., Ltd.\n1,207,972,255\n202,088,912\n657,147,707\n39,454,634\nJiangsu Hankook Tire Co., Ltd.\n672,414,493\n157,934,711\n612,033,995\n18,267,297\nShanghai Hankook Tire Sales Co., Ltd.\n455,400,114\n450,068,788\n944,905,847\n7,051,653\n㈜대화산기\n57,737,474\n13,281,152\n45,470,935\n(3,738,902)\nChongqing Hankooktire Co., Ltd.\n607,954,803\n485,191,668\n394,992,043\n17,301,284\nPT. HANKOOK TIRE INDONESIA\n656,171,956\n179,836,407\n474,555,103\n21,905,165\nMK Mold (Jiaxing) Co., LTD\n20,081,935\n2,686,303\n17,614,308\n3,627,483\n㈜엠케이테크놀로지\n109,841,057\n10,440,717\n75,613,762\n25,987,058\nHankook Tire Singapore PTE., Ltd.\n197,067,288\n191,880,278\n382,686,381\n1,230,510\nHankook Tire Malaysia SDN.BHD.\n10,114,366\n15,992,089\n32,003,208\n55,684\nHankook Tire Sweden AB\n21,665,215\n19,327,398\n44,060,680\n854,033\nBeijing Jielun Trading Company Co.,Ltd\n2,569,787\n2,351,445\n31,949,704\n(40,680)\nHankook Lastikleri A.S.\n29,357,333\n29,971,338\n72,030,174\n(730,230)\nHankook Tire Polska Sp. z o.o.\n36,501,627\n32,201,069\n82,375,939\n984,147\nHankook Tire Thailand Co.,Ltd.\n8,598,891\n8,130,534\n19,277,829\n625,371\nHankook Tire Manufacturing Tennessee LP\n762,851,440\n627,176,172\n54,616,641\n(43,657,702)\nHankook Tire America Holdings I, LLC\n1,893,155\n-\n-\n-\nHankook Tire America Holdings II, LLC\n186,438,327\n-\n-\n-\nMK Technology (CHONGQING) Mould Co., Ltd.\n1,793,771\n635,177\n1,905,951\n98,501\nHankook Tire Ceska Republika s.r.o.\n34,979,627\n31,394,621\n86,967,465\n1,273,582\n한국동그라미파트너스㈜\n1,980,543\n1,691,197\n4,250,326\n135,781\nHankook Tyre Australia Retail Pty., Ltd.(*)\n74,111,951\n19,549,297\n21,116,266\n(4,749,975)\nHankook Tires India llp.\n1,805,688\n720,112\n488,320\n(331,302)\nHankook Tire Latam, S.A.\n198,389\n139,562\n120,057\n5,548\nHankook Tire Latin America Distribution Center, S.A.\n22,726,774\n22,612,898\n8,287,644\n(219,058)\n(*) Hankook Tyre Australia Retail Pty., Ltd.가 100% 지분을 보유하고 있는 JAX Quickfit Franchising Systems Unit Trust., JAX Quickfit Franchising Systems PtyLtd., JAX Quickfit Properties Pty Ltd.의 재무정보를 포함한 연결단위의 재무정보입니다.\n15. 유형자산\n(1) 보고기간말 현재 유형자산 장부금액의 구성내역은 다음과 같습니다.\n당기말 -\n(단위: 천원)\n구 \xa0 분\n취득원가\n감가상각누계액\n손상차손누계액\n장부금액\n토지\n403,234,312\n-\n-\n403,234,312\n건물\n2,217,149,723\n(505,465,971)\n(22,411)\n1,711,661,341\n구축물\n123,094,006\n(63,560,827)\n-\n59,533,180\n기계장치\n4,824,457,962\n(3,437,013,003)\n-\n1,387,444,958\n차량운반구\n100,605,568\n(51,613,944)\n-\n48,991,624\n공구와기구\n1,224,275,067\n(771,865,675)\n(1,934,446)\n450,474,946\n미착기계\n10,029,816\n-\n-\n10,029,816\n건설중인자산\n153,856,454\n-\n-\n153,856,454\n합계\n9,056,702,909\n(4,829,519,420)\n(1,956,857)\n4,225,226,631\n전기말 -\n(단위: 천원)\n구 \xa0 분\n취득원가\n감가상각누계액\n손상차손누계액\n장부금액\n토지\n322,027,220\n-\n-\n322,027,220\n건물\n2,076,785,908\n(447,585,155)\n(20,994)\n1,629,179,759\n구축물\n123,402,062\n(59,508,856)\n-\n63,893,206\n기계장치\n4,756,170,063\n(3,126,999,505)\n-\n1,629,170,558\n차량운반구\n92,624,481\n(43,713,347)\n-\n48,911,134\n공구와기구\n1,165,469,360\n(700,124,915)\n(1,942,695)\n463,401,750\n미착기계\n12,580,498\n-\n-\n12,580,498\n건설중인자산\n148,206,233\n-\n-\n148,206,233\n합계\n8,697,265,825\n(4,377,931,778)\n(1,963,689)\n4,317,370,358\n(2) 보고기간 중 유형자산 장부금액의 주요 변동은 다음과 같습니다.\n당기 -\n(단위: 천원)\n구분\n기초\n사업결합 등\n취득\n처분\n감가상각\n기타증감\n환율변동증감\n기말\n토지\n322,027,220\n12,783,803\n206,893\n(545,235)\n-\n67,644,668\n1,116,963\n403,234,312\n건물\n1,629,179,759\n129,883,937\n5,691,526\n(671,843)\n(60,279,205)\n4,760,279\n3,096,888\n1,711,661,341\n구축물\n63,893,206\n-\n805,843\n(31,478)\n(5,204,084)\n481,703\n(412,010)\n59,533,180\n기계장치\n1,629,170,558\n10,677,471\n46,052,662\n(4,366,328)\n(372,757,977)\n60,742,472\n17,926,100\n1,387,444,958\n차량운반구\n48,911,134\n3,489,588\n3,967,049\n(149,801)\n(9,637,106)\n1,117,656\n1,293,104\n48,991,624\n공구와기구\n463,401,750\n2,813,728\n62,038,905\n(15,703,846)\n(110,374,603)\n46,790,938\n1,508,074\n450,474,946\n미착기계\n12,580,498\n-\n7,729,165\n-\n-\n(10,285,190)\n5,343\n10,029,816\n건설중인자산\n148,206,233\n1,914\n192,413,233\n-\n-\n(186,078,039)\n(686,887)\n153,856,454\n합계\n4,317,370,358\n159,650,441\n318,905,276\n(21,468,531)\n(558,252,975)\n(14,825,513)\n23,847,575\n4,225,226,631\n전기 -\n(단위: 천원)\n구분\n기초\n사업결합 등\n취득\n처분\n감가상각\n기타증감\n환율변동증감\n보고기간말\n토지\n326,474,136\n-\n246,701\n-\n-\n-\n(4,693,617)\n322,027,220\n건물\n1,418,316,497\n240,161\n3,331,115\n(905,534)\n(55,212,382)\n313,741,059\n(50,331,157)\n1,629,179,759\n구축물\n66,833,718\n-\n791,472\n(30,362)\n(5,740,201)\n3,816,469\n(1,777,890)\n63,893,206\n기계장치\n1,629,293,703\n-\n41,646,643\n(2,735,993)\n(364,825,273)\n420,806,669\n(95,015,191)\n1,629,170,558\n차량운반구\n25,526,214\n128,708\n1,518,577\n(648,231)\n(6,693,037)\n31,792,498\n(2,713,595)\n48,911,134\n공구와기구\n464,847,332\n620,306\n60,235,249\n(16,685,559)\n(97,864,077)\n69,674,606\n(17,426,107)\n463,401,750\n미착기계\n17,152,735\n-\n12,692,618\n-\n-\n(16,863,812)\n(401,043)\n12,580,498\n건설중인자산\n750,808,311\n-\n294,319,514\n(19,923,531)\n-\n(835,453,332)\n(41,544,729)\n148,206,233\n합계\n4,699,252,646\n989,175\n414,781,889\n(40,929,210)\n(530,334,970)\n(12,485,843)\n(213,903,329)\n4,317,370,358\n(3) 보고기간의 유형자산 감가상각액이 포함되어 있는 계정과목별 금액은 다음과 같습니다.\n(단위: 천원)\n구분\n당기\n전기\n매출원가\n498,276,174\n468,536,297\n판매비와관리비(경상연구개발비 포함)\n59,976,801\n61,798,673\n합계\n558,252,975\n530,334,970\n(4) 담보로 제공된 자산당기말 현재 유형자산(토지, 건물, 기계장치) 중 일부는 여신한도 등과 관련하여 담보로 제공되고 있습니다(주석 40 참조).\n(5) 보고기간말 현재 금융리스자산 장부금액의 구성내역은 다음과 같습니다.\n당기말 -\n(단위: 천원)\n구 \xa0 분\n취득원가\n감가상각누계액\n장부금액\n건물\n116,396,290\n(2,155,409)\n114,240,881\n(6) 보고기간 중 리스자산 장부금액의 주요 변동은 다음과 같습니다.\n당기 -\n(단위: 천원)\n구분\n기초\n사업결합\n감가상각비\n환율변동증감\n기말\n건물\n-\n117,798,513\n(2,188,284)\n(1,369,348)\n114,240,881\n(7) 보고기간말 현재 연결회사가 리스제공자에게 지급할 최소 리스료는 다음과 같습니다.\n(단위: 천원)\n구분\n당기말\n최소리스료 총액\n \xa01년 이내\n9,698,713\n \xa01년 초과 5년 이내\n38,794,852\n \xa05년 초과\n93,116,869\n합계\n141,610,434\n미실현이자비용\n26,773,019\n최소리스료 순액\n \xa01년 이내\n9,566,788\n \xa01년 초과 5년 이내\n35,525,348\n \xa05년 초과\n69,745,279\n합계\n114,837,415\n16. 투자부동산(1) 보고기간말 현재 투자부동산 장부금액의 구성내역은 다음과 같습니다.\n당기말 - \n(단위: 천원)\n구분\n취득원가\n감가상각누계액\n장부금액\n토지\n83,287,549\n-\n83,287,549\n건물\n41,817,799\n(17,765,080)\n24,052,719\n합계\n125,105,348\n(17,765,080)\n107,340,268\n전기말 - \n(단위: 천원)\n구분\n취득원가\n감가상각누계액\n장부금액\n토지\n83,654,643\n-\n83,654,643\n건물\n41,858,244\n(16,808,584)\n25,049,660\n합계\n125,512,887\n(16,808,584)\n108,704,303\n(2) 보고기간 중 투자부동산 장부금액의 변동내역은 다음과 같습니다.\n당기 -\n(단위: 천원)\n구분\n기초\n사업결합 등\n감가상각비\n기타증감\n기말\n토지\n83,654,643\n-\n-\n(367,094)\n83,287,549\n건물\n25,049,660\n112,805\n(1,034,476)\n(75,270)\n24,052,719\n합계\n108,704,303\n112,805\n(1,034,476)\n(442,364)\n107,340,268\n전기 -\n(단위: 천원)\n구분\n기초\n감가상각비\n기타증감\n기말\n토지\n83,654,643\n-\n-\n83,654,643\n건물\n25,779,020\n(1,030,795)\n301,435\n25,049,660\n합계\n109,433,663\n(1,030,795)\n301,435\n108,704,303\n(3) 보고기간의 투자부동산의 감가상각액은 모두 판매비와관리비에 포함되어 있습니다.(4) 당기말 현재 투자부동산의 공정가치는 256,948,027천원(전기말: 242,180,832천원)입니다.\n17. 무형자산\n(1) 보고기간말 현재 무형자산 장부금액의 구성내역은 다음과 같습니다.\n당기말 -\n(단위: 천원)\n구분\n취득원가\n감가상각누계액\n손상차손누계액\n장부금액\n산업재산권\n13,883,727\n(11,285,914)\n-\n2,597,813\n기타무형자산\n129,413,568\n(90,698,177)\n(109,695)\n38,605,696\n영업권\n162,562,808\n-\n(5,846,120)\n156,716,688\n토지사용권\n67,594,929\n(9,562,029)\n-\n58,032,900\n고객가치 등\n107,508,493\n(2,252,596)\n-\n105,255,897\n건설중인자산\n4,807,752\n-\n-\n4,807,752\n합계\n485,771,277\n(113,798,716)\n(5,955,815)\n366,016,746\n전기말 - \n(단위: 천원)\n구분\n취득원가\n감가상각누계액\n손상차손누계액\n장부금액\n산업재산권\n13,066,278\n(10,567,672)\n-\n2,498,606\n기타무형자산\n126,961,930\n(73,902,555)\n(25,709)\n53,033,666\n영업권\n57,270,288\n-\n(5,846,120)\n51,424,168\n토지사용권\n68,611,419\n(9,516,830)\n-\n59,094,589\n고객가치 등\n26,410,649\n(1,071,934)\n-\n25,338,715\n건설중인자산\n4,138,356\n-\n-\n4,138,356\n합계\n296,458,920\n(95,058,991)\n(5,871,829)\n195,528,100\n(2) 보고기간 중 무형자산의 변동내역은 다음과 같습니다.\n당기 -\n(단위: 천원)\n구분\n기초\n사업결합 등\n취득\n처분\n상각\n기타증감\n환율변동증감\n기말\n산업재산권\n2,498,606\n542\n295,809\n-\n(1,100,882)\n902,889\n849\n2,597,813\n기타무형자산\n53,033,666\n1,023,283\n1,324,232\n(1,159,037)\n(15,495,279)\n2,917,234\n(3,038,403)\n38,605,696\n영업권(*)\n51,424,168\n106,439,953\n-\n-\n-\n-\n(1,147,433)\n156,716,688\n토지사용권\n59,094,589\n-\n-\n-\n(1,898,726)\n-\n837,037\n58,032,900\n브랜드및고객관계\n25,338,715\n79,597,052\n-\n-\n(1,246,533)\n-\n1,566,663\n105,255,897\n건설중인자산\n4,138,356\n30,801\n3,707,495\n(358,589)\n-\n(2,693,493)\n(16,818)\n4,807,752\n합계\n195,528,100\n187,091,631\n5,327,536\n(1,517,626)\n(19,741,420)\n1,126,630\n(1,798,105)\n366,016,746\n(*) 연결회사는 당기 중 모델솔루션㈜과 라이펜-뮬러(Reifen-Muller)의 타이어 유통 사업부를 인수하고, 영업권을 각각 42,415,368천원과 64,024,585천원 인식하였습니다(주석 37 참조)\n전기 -\n(단위: 천원)\n구분\n기초\n사업결합 등\n취득\n처분\n상각\n손상\n기타증감\n환율변동증감\n기말\n산업재산권\n2,514,376\n-\n519,482\n1,595\n(1,053,772)\n-\n517,714\n(789)\n2,498,606\n기타무형자산\n39,691,442\n4,835,091\n4,000,618\n(31,985)\n(14,831,620)\n-\n20,302,785\n(932,665)\n53,033,666\n영업권(*)\n27,393,123\n30,528,613\n-\n-\n-\n(6,067,460)\n-\n(430,108)\n51,424,168\n토지사용권\n66,166,885\n-\n-\n-\n(1,873,376)\n-\n-\n(5,198,920)\n59,094,589\n브랜드및고객관계(*)\n-\n25,338,715\n-\n-\n-\n-\n-\n-\n25,338,715\n건설중인자산\n10,422,240\n-\n2,607,951\n(248,670)\n-\n-\n(8,628,659)\n(14,506)\n4,138,356\n합계\n146,188,066\n60,702,419\n7,128,051\n(279,060)\n(17,758,768)\n(6,067,460)\n12,191,840\n(6,576,988)\n195,528,100\n(*) 연결회사는 전기 중 JAX Tyres 의 타이어 유통사업부의 지분을 인수하고, 영업권과 브랜드및고객관계를 각각 30,528,612천원과 25,338,715천원 인식하였습니다.\n(3) 영업권의 손상검사1) 영업권은 연결회사별로 식별된 현금창출단위에 배분하고 있으며, 보고기간말 현재 연결회사별 영업권 내역은 다음과 같습니다.\n(단위: 천원)\n구분\n당기말\n전기말\nHankook Tyre Australia Retail Pty., Ltd.\n22,883,613\n24,031,045\n모델솔루션㈜\n42,415,368\n-\nReifen-Muller\n 64,024,585\n-\n합계\n129,323,566\n24,031,045\n연결회사는 매년 영업권에 대한 손상검사를 수행하고 있으며, (주)엠케이테크놀로지에서 발생한 영업권 27,393,123천원은 단일의 현금창출단위로 판단하여 영업권을 배부하지 않았습니다. 손상평가 수행결과 각 현금창출단위의 장부가액은 회수가능액을 초과하지는 않을 것으로 판단하고 있습니다.2) 현금창출단위의 회수가능액은 사용가치의 계산에 기초하여 결정되었으며, 사용가치는 경영진에 의해 승인된 5년간의 사업계획에 기초한 세전 현금흐름추정을 사용하여 계산되었습니다. 5년을 초과한 현금흐름은 회사가 속해 있는 산업의 장기 평균 성장율을 초과하지 않는 범위 내에서 추정하였습니다.3) 경영진은 과거 실적과 시장 성장에 대한 예측에 근거하여 세전 현금흐름 추정액을결정하였으며, 사용된 할인율은 식별된 연결회사의 특수한 위험을 반영한 \xa0할인율입니다. 당기말 현재 적용한 주요 가정은 다음과 같습니다.\n구분\n매출성장률\n할인율\n영구성장률\nHankook Tyre Australia Retail Pty., Ltd.\n9.9%\n11.8%\n3.0%\n모델솔루션㈜\n6.4%\n9.0%\n1.0%\nReifen-Muller\n2.1%\n8.7%\n0.5%\n한국타이어주식회사\n3.5%\n8.2%\n1.0%\n4) 당기말 현재 연결기업의 주요한 영업권 사용가치 산정과 관련하여 각 현금창출단위별로 각 변수가 다음과 같이 감소 또는 상승하는 경우 세전손익에 미치는 영향은 다음과 같습니다.\n(단위: 천원)\n구분\n영구성장률이0.5%P 감소\n세전할인율이0.5%P 상승\n모델솔루션㈜\n(304,139)\n(2,156,264)\n18. 매입채무및기타채무보고기간말 현재 연결회사의 매입채무및기타채무의 내역은 다음과 같습니다.\n(단위: 천원)\n구분\n당기말\n전기말\n매입채무\n423,316,782\n382,686,120\n미지급금\n282,179,726\n247,764,124\n미지급비용\n225,694,136\n234,274,369\n미지급배당금\n17,978\n24,314\n합계\n931,208,622\n864,748,927\n19. 차입금(1) 보고기간말 현재 연결회사의 차입금의 구성내역은 다음과 같습니다.\n(단위: 천원)\n구분\n당기말\n전기말\n유동\n비유동\n유동\n비유동\n단기차입금\n811,473,548\n-\n866,387,152\n-\n장기차입금\n22,762,000\n100,848,000\n117,729,310\n214,280,000\n금융리스부채\n9,566,788\n105,270,628\n-\n-\n사채\n-\n582,461,150\n249,951,373\n525,111,689\n합계\n843,802,336\n788,579,778\n1,234,067,835\n739,391,689\n(2) 보고기간말 현재 연결회사의 단기차입금의 내역은 다음과 같습니다.\n(단위: 천원)\n내역\n차입처\n이자율(%)\n당기말\n전기말\n일반대출\nBMG 외\n1.52\n169,909,279\n80,871,879\n매출채권의 양도(*)\n우리은행 외\n4.19\n543,863,284\n653,760,643\nUsance\nBNP Paribas 외\n2.90\n97,700,985\n131,754,630\n합계\n811,473,548\n866,387,152\n(*) 제거의 요건을 충족하지 못하는 매출채권의 양도와 관련하여 인식한 금융부채로 연결회사의 매출채권에 의하여 담보되어 있습니다(주석 40 (4) 참조).\n(3) 보고기간말 현재 연결회사의 금융리스부채를 포함한 장기차입금의 내역은 다음과 같습니다.\n(단위: 천원)\n내역\n차입처\n최장만기\n이자율(%)\n당기말\n전기말\n2018.12.31\n유동\n비유동\n유동\n비유동\n원화장기차입금\nKEB 하나은행\n2020.6.30\n3.6\n400,000\n11,400,000\n-\n-\n외화장기차입금\nBTMU 외\n2021.9.30\n1.98\n22,362,000\n89,448,000\n117,729,310\n214,280,000\n금융리스부채\nKlaus und Uwe Muller Immobilien GmbH\n2033.8.14\n3.0\n9,566,788\n105,270,628\n-\n-\n합계\n32,328,788\n206,118,628\n117,729,310\n214,280,000\n(4) 보고기간말 현재 연결회사의 사채의 내역은 다음과 같습니다.\n (단위: 천원)\n구분\n발행일\n이자율(%)\n당기말\n전기말\n유동\n비유동\n유동\n비유동\n제83-1회 무보증\n2015.3.12\n2.1\n-\n-\n250,000,000\n-\n제83-2회 무보증\n2015.3.12\n2.2\n-\n250,000,000\n-\n250,000,000\n외화 장기 사채\n2018.1.30\n3.5\n-\n335,430,000\n-\n-\n차감: 사채할인발행차금\n-\n(2,968,850)\n(48,627)\n(324,557)\n테네시 지방정부채 1차 (USD)\n2014.12.10\n2.4\n-\n-\n-\n32,142,000\n테네시 지방정부채 2차 (USD)\n2015.11.19\n2.4\n-\n-\n-\n160,710,000\n테네시 지방정부채 3차 (USD)\n2016.5.26\n2.4\n-\n-\n-\n82,584,246\n합계\n-\n582,461,150\n249,951,373\n525,111,689\n20. 충당부채 \n보고기간 중 연결회사의 충당부채의 변동내역은 다음과 같습니다.\n당기 -\n(단위: 천원)\n구분\n기초\n사업결합\n손익반영\n사용액\n환율변동\n기말\n제조물배상충당부채\n4,473,763\n-\n13,701,182\n(8,943,115)\n-\n9,231,830\n판매보증충당부채\n49,633,975\n33,101\n23,847,544\n(18,313,490)\n(19,345)\n55,181,785\n기타충당부채\n1,015,670\n-\n8,022,153\n(287,377)\n4,284\n8,754,730\n합계\n55,123,408\n33,101\n45,570,879\n(27,543,982)\n(15,061)\n73,168,345\n전기 - \n(단위: 천원)\n구분\n기초\n손익반영\n사용액\n환율변동\n기말\n제조물배상충당부채\n9,668,000\n3,939,204\n(8,560,963)\n(572,478)\n4,473,763\n판매보증충당부채\n53,087,491\n12,861,394\n(16,195,694)\n(119,217)\n49,633,974\n기타충당부채\n938,559\n171,854\n(99,773)\n5,031\n1,015,671\n합계\n63,694,050\n16,972,452\n(24,856,430)\n(686,664)\n55,123,408\n21. 기타금융부채보고기간말 현재 연결회사의 기타금융부채의 내역은 다음과 같습니다.\n(단위: 천원)\n구분\n당기말\n전기말\n유동\n비유동\n유동\n비유동\n임대보증금\n2,772,000\n1,169,121\n2,753,000\n1,351,943\n파생금융부채\n8,458,588\n-\n3,080,677\n-\n비지배지분금융부채(*1)\n-\n4,750,000\n-\n-\n기타금융부채(*2)\n-\n20,631,939\n-\n-\n합계\n11,230,588\n26,551,060\n5,833,677\n1,351,943\n(*1) 당기 중 출자한 케이씨지 제1호 사모투자합자회사의 존속기간이 한정되어 있어 비지배지분을 금융부채로 분류하였습니다.(*2) 당기 중 모델솔루션㈜ 취득 시 자기지분매입 의무를 금융부채로 인식하였으며, 동액을 기타불입자본에 차감하였습니다(주석 40 참조). \n22. 기타부채보고기간말 현재 연결회사의 기타부채의 내역은 다음과 같습니다.\n(단위: 천원)\n구분\n당기말\n전기말\n유동\n비유동\n유동\n비유동\n선수금\n18,589,033\n-\n26,870,966\n-\n예수금\n37,908,541\n-\n35,067,863\n-\n선수수익(*)\n20,789,411\n69,148,695\n25,768,989\n65,494,385\n장기종업원부채\n-\n18,072,850\n-\n18,122,712\n기타\n682,638\n1,826,192\n2,953,167\n1,522,981\n합계\n77,969,623\n89,047,737\n90,660,985\n85,140,078\n(*) 연결회사의 부문 중 Chongqing Hankooktire Co., Ltd.과 Hankook Tire Manufacturing Tennessee LP 등은 주 정부 및 지방 정부 등으로부터 토지의 무상 제공, 유형자산 취득금액 보조 등의 목적으로 정부보조금을 수취하여 이연수익으로 계상하고 있습니다.\n23. 퇴직급여회사의 퇴직연금제도는 확정기여제도와 확정급여제도로 구분됩니다.가. 확정급여제도회사는 자격요건을 갖춘 종업원들을 위하여 확정급여형퇴직급여제도를 운영하고 있습니다. 동 제도하에서 종업원들은 퇴직시점에 제공한 근무용역기간에 최종 3개월 평균급여를 적용하여 일시불급여를 수령받고 있습니다. 동 제도로 회사는 투자위험, 이자율위험 및 임금위험 등에 노출되어 있습니다.지배기업의 가장 최근의 사외적립자산과 확정급여채무의 보험수리적 평가는 삼성증권㈜에 의하여 2018년 12월 31일을 기준으로 수행되었습니다. 확정급여채무의 현재가치, 관련 당기근무원가 및 과거근무원가는 예측단위적립방식을 사용하여 측정되었습니다.\n(1) 보고기간말 현재 확정급여형 퇴직급여제도와 관련하여 회사의 의무로 인하여 발생하는 재무상태표상 구성항목은 다음과 같습니다.\n(단위: 천원)\n구 \xa0 분\n당기말\n전기말\n확정급여채무의 현재가치\n426,292,800\n380,159,219\n사외적립자산의 공정가치\n(414,385,213)\n(386,581,452)\n순확정급여부채\n11,907,587\n5,268,711\n순확정급여자산\n-\n(11,690,944)\n(2) 보고기간 중 순확정급여부채(자산)의 변동내역은 다음과 같습니다.\n당기\n(단위: 천원)\n구분\n확정급여채무\n사외적립자산\n합계\n기초금액\n380,159,219\n(386,581,452)\n(6,422,233)\n당기손익으로 인식되는 금액\n당기근무원가\n52,982,854\n-\n52,982,854\n이자비용(이자수익)\n14,715,968\n(14,206,053)\n509,915\n소계\n67,698,822\n(14,206,053)\n53,492,769\n재측정요소\n- 사외적립자산의 수익(위의 이자에 포함된 금액 제외)\n-\n6,966,785\n6,966,785\n- 인구통계적가정의 변동에서 발생하는 보험수리적손익\n(591,580)\n-\n(591,580)\n- 재무적가정의 변동에서 발생하는 보험수리적손익\n20,897,020\n-\n20,897,020\n- 경험조정\n(33,438,613)\n-\n(33,438,613)\n소계\n(13,133,173)\n6,966,785\n(6,166,388)\n기업이 납부한 기여금\n-\n(30,343,821)\n(30,343,821)\n제도에서 지급한 금액\n(31,428,304)\n29,872,717\n(1,555,587)\n기타(관계사 전출입효과 포함)\n15,469,358\n(15,262,276)\n207,082\n연결범위변동\n7,526,878\n(4,831,113)\n2,695,765\n기말금액\n426,292,800\n(414,385,213)\n11,907,587\n전기\n(단위: 천원)\n구분\n확정급여채무\n사외적립자산\n합계\n기초금액\n383,027,219\n(364,379,529)\n18,647,690\n당기손익으로 인식되는 금액\n 당기근무원가\n56,500,319\n-\n56,500,319\n 이자비용(이자수익)\n12,945,160\n(11,728,722)\n1,216,438\n소계\n69,445,479\n(11,728,722)\n57,716,757\n재측정요소\n- 사외적립자산의 수익(위의 이자에 포함된 금액 제외)\n-\n5,058,628\n5,058,628\n- 인구통계적가정의 변동에서 발생하는 보험수리적손익\n(292,572)\n-\n(292,572)\n- 재무적가정의 변동에서 발생하는 보험수리적손익\n(18,309,028)\n-\n(18,309,028)\n- 경험조정\n(9,651,218)\n-\n(9,651,218)\n소계\n(28,252,818)\n5,058,628\n(23,194,190)\n기업이 납부한 기여금\n-\n(48,978,041)\n(48,978,041)\n제도에서 지급한 금액\n(43,681,338)\n33,446,212\n(10,235,126)\n기타(관계사 전출입효과 포함)\n(354,539)\n-\n(354,539)\n연결범위변동\n(24,784)\n-\n(24,784)\n기말금액\n380,159,219\n(386,581,452)\n(6,422,233)\n(3) 보고기간말 현재 보험수리적평가를 위하여 사용된 주요 추정은 다음과 같습니다.\n구분\n당기말\n전기말\n할인율\n2.5%~8.5%\n2.6%~7.3%\n장래임금상승률\n3.0%~10.0%\n3.4%~10.0%\n(4) 보고기간말 현재 다른 모든 가정이 유지될 때, 유의적인 보험수리적 가정이 발생가능한 합리적인 범위 내에서 변동할 경우 확정급여채무에 미치는 영향은 다음과 같습니다.\n당기말\n(단위: 천원)\n구 \xa0 분\n증가\n감소\n할인율의 1% 변동\n(41,200,757)\n48,822,139\n기대임금상승률의 1% 변동\n48,082,360\n(41,396,478)\n전기말\n(단위: 천원)\n구분\n증가\n감소\n할인율의 1% 변동\n(37,287,513)\n44,232,579\n기대임금상승률의 1% 변동\n43,797,201\n(37,637,840)\n(5) 보고기간의 회사의 포괄손익계산서에 반영된 금액은 다음과 같습니다.\n(단위: 천원)\n구분\n당기\n전기\n당기근무원가\n52,982,854\n56,500,319\n순이자원가\n509,915\n1,216,438\n종업원 급여에 포함된 총 비용\n53,492,769\n57,716,757\n(6) 보고기간말 현재 사외적립자산의 구성 내역은 다음과 같습니다.\n(단위: 천원)\n구분\n당기\n전기\n금액\n구성비\n금액\n구성비\n채무상품\n395,959,208\n95.6%\n354,764,049\n91.8%\n현금 및 현금성자산\n8,317,311\n2.0%\n2,738,210\n0.7%\n기타\n10,108,694\n2.4%\n29,079,193\n7.5%\n합계\n414,385,213\n100.0%\n386,581,452\n100.0%\n(7) 미래현금흐름에 대한 확정급여제도의 영향회사는 기금의 적립수준을 매년 검토하고, 기금에 결손이 발생하는 경우 이를 보전하는 정책을 보유하고 있습니다. 2019년 12월 31일로 종료하는 회계연도의 예상기여금은 62,549,410천원(전기: 42,707,867천원)입니다.당기말 현재 할인되지 않은 연금 급여지급액의 만기 분석은 아래와 같습니다.\n(단위: 천원)\n구분\n1년미만\n1년~2년 미만\n2~5년미만\n5년이상\n합계\n급여지급액\n18,178,527\n24,858,403\n84,712,867\n1,679,484,829\n1,807,234,626\n당기말 현재 확정급여채무의 가중평균만기는 11.44년입니다.\n나. 확정기여제도\n당기 중 확정기여제도와 관련하여 비용으로 인식한 금액은 2,606,783천원(전기:1,842,816천원)입니다.\n24. 자본금보고기간말 현재 연결회사의 자본금에 관련된 사항은 다음과 같습니다.\n(단위: 원, 주)\n구분\n당기말\n전기말\n발행할 주식의 총수\n250,000,000\n250,000,000\n1주당 액면금액\n500\n500\n발행한 주식의 수\n123,875,069\n123,875,069\n보통주자본금\n61,937,534,500\n61,937,534,500\n25. 기타불입자본\n보고기간말 현재 연결회사의 기타불입자본의 내역은 다음과 같습니다.\n(단위: 천원)\n구분\n당기말\n전기말\n주식발행초과금\n2,993,465,738\n2,993,465,738\n기타자본잉여금(*1)\n(20,631,939)\n-\n자기주식(*2)\n(1,088,018)\n(1,088,018)\n합계\n2,971,745,781\n2,992,377,720\n(*1) 당기 중 모델솔루션㈜ 취득시 자기지분 매입 의무를 금융부채로 인식하였으며, 동액을 기타불입자본에서 차감하였습니다(주석 40 참조). (*2) 2012년 중 인적분할에 의해 발생한 자기주식 22,388주를 취득하였으며, 향후 처리계획은 확정되지 않았습니다.\n26. 이익잉여금 및 배당금\n(1) 보고기간말 현재 연결회사의 이익잉여금의 구성내역은 다음과 같습니다. \n(단위: 천원)\n구분\n당기말\n전기말\n법정적립금 :\n이익준비금\n29,724,643\n24,770,536\n소계\n29,724,643\n24,770,536\n임의적립금 :\n배당평균적립금\n61,000,000\n50,000,000\n임원퇴직위로적립금\n5,000,000\n5,000,000\n임의적립금\n59,665,845\n50,000,000\n소계\n125,665,845\n105,000,000\n미처분이익잉여금\n3,840,512,381\n3,389,214,398\n합계\n3,995,902,869\n3,518,984,934\n(2) 2017년 12월 31일로 종료하는 회계기간에 대한 연결회사의 보통주 배당금 49,541,072천원은 2018년 4월에 지급되었습니다(전기 지급액: 49,541,072천원). 동 회계기간의 비지배지분에 대한 배당금은 6,686,600천원이며, 2018년 4월에 지급되었습니다.(전기 지급액: 4,121,740천원)\n27. 기타자본구성요소보고기간 중 연결회사의 기타자본구성요소의 변동내역은 다음과 같습니다.\n당기 -\n(단위: 천원)\n구분\n전기말(*1)\n회계정책변경의 효과\n수정된 기초\n증감(*2)\n당기손익으로의\n재분류\n비지배주주지분귀속\n보고기간말\n매도가능금융자산평가손익\n1,823,902\n(1,823,902)\n-\n-\n-\n-\n-\n기타포괄손익-공정가치 지분상품 평가손익\n-\n1,823,902\n1,823,902\n(8,964,269)\n-\n(2,535)\n(7,142,902)\n현금흐름위험회피\n-\n-\n-\n(5,432,248)\n-\n-\n(5,432,248)\n해외사업환산손익\n(216,095,633)\n-\n(216,095,633)\n(28,060,455)\n-\n95,946\n(244,060,142)\n관계기업기타포괄손익지분\n(357,269)\n-\n(357,269)\n(7,050,524)\n-\n-\n(7,407,794)\n합계\n(214,629,000)\n-\n(214,629,000)\n(49,507,496)\n-\n93,411\n(264,043,086)\n(*1) 전기말 보고된 수치와 동일합니다.(*2) 상기 증감은 법인세 효과가 차감된 후의 금액입니다.\n전기 -\n(단위: 천원)\n구분\n기초\n증감(*)\n당기손익으로의\n재분류\n비지배주주지분귀속\n보고기간말\n매도가능금융자산평가손익\n901,136\n924,537\n-\n(1,771)\n1,823,902\n해외사업환산손익\n(52,872,780)\n(163,648,963)\n-\n426,110\n(216,095,633)\n관계기업기타포괄손익지분\n(3,531,835)\n3,174,566\n-\n-\n(357,269)\n합계\n(55,503,479)\n(159,549,860)\n-\n424,339\n(214,629,000)\n(*) 상기 증감은 법인세 효과가 차감된 후의 금액입니다.\n28. 매출액 및 관련 매출원가\n(1) 보고기간 중 연결회사의 계속영업으로부터 발생한 수익의 내용은 다음과 같습니다.\n(단위: 천원)\n구 \xa0분\n당기\n전기\n재화의 판매로 인한 수익\n6,557,501,964\n6,783,793,378\n \xa0제품매출액\n6,975,077,606\n7,168,897,955\n \xa0매출할인\n(78,499,010)\n(89,672,541)\n \xa0판매인센티브\n(339,076,632)\n(295,432,036)\n용역의 제공으로 인한 수익\n237,586,851\n29,064,604\n \xa0임대매출액\n2,683,681\n2,690,325\n \xa0용역매출액\n234,903,170\n26,374,279\n합계\n6,795,088,815\n6,812,857,982\n(2) 보고기간의 연결회사의 매출원가의 내역은 다음과 같습니다.\n(단위: 천원)\n구 \xa0분\n당기\n전기\n제품매출원가\n4,524,699,753\n4,471,533,234\n용역매출원가\n190,748,199\n-\n관세환급금\n(1,816,187)\n(3,477,301)\n재고자산평가손실(환입) 등\n(22,188,146)\n24,327,735\n합계\n4,691,443,619\n4,492,383,668\n29. 판매비와관리비 \n보고기간의 연결회사의 판매비와관리비의 내역은 다음과 같습니다.\n(단위: 천원)\n구 \xa0분\n당기\n전기\n급여\n204,447,573\n190,124,664\n퇴직급여\n12,011,310\n12,776,903\n도급용역\n40,933,801\n42,292,448\n복리후생비\n41,102,503\n38,522,026\n수도광열비\n4,707,143\n3,784,981\n소모품비\n2,795,052\n3,434,577\n수선비\n6,258,799\n4,673,917\n시험분석비\n14,911,338\n13,177,897\n해외지사유지비\n10,212,449\n10,766,622\n여비교통비\n15,240,783\n16,728,468\n교육훈련비\n1,906,332\n1,219,749\n통신비\n3,716,329\n3,711,579\n접대비\n3,765,072\n4,717,828\n차량유지비\n4,066,236\n3,818,139\n도서인쇄비\n1,165,623\n494,460\n지급수수료\n61,417,335\n59,310,634\n지급임차료\n36,289,330\n33,910,500\n유형자산감가상각비\n34,090,492\n35,521,858\n투자부동산감가상각비\n1,034,476\n1,030,795\n무형자산상각비\n17,584,161\n12,820,265\n보험료\n8,278,473\n7,343,051\n세금과공과\n24,438,993\n22,288,087\n대손상각비\n1,744,311\n669,743\n회의비\n1,177,876\n941,161\n브랜드로열티\n49,351,955\n48,575,290\n업무지원용역수수료\n4,117,377\n20,851,829\n운반비\n222,071,324\n217,608,118\n선임\n-\n180,283,789\n광고선전비\n222,084,431\n226,501,581\n기타수출제비\n12,380,102\n13,067,646\n포장비\n8,774,491\n10,969,491\n판매파열품비\n37,548,726\n16,800,598\n해외시장개척비\n92,734\n155,718\n창고사용료\n98,904,890\n90,053,017\n잡비\n1,024,565\n433,485\n합계\n1,209,646,385\n1,349,380,914\n30. 금융이익보고기간의 연결회사의 금융이익의 내역은 다음과 같습니다.\n(단위: 천원)\n구 \xa0분\n당기\n전기\n이자수익\n13,614,025\n11,890,324\n파생상품평가이익\n4,711,764\n5,695,291\n파생상품거래이익\n706,708\n4,143,118\n외화환산이익\n22,069,293\n49,437,634\n외환차익\n41,256,655\n59,305,707\n합계\n82,358,445\n130,472,074\n31. 금융원가보고기간의 연결회사의 금융원가의 내역은 다음과 같습니다.\n(단위: 천원)\n구 \xa0분\n당기\n전기\n이자비용\n57,031,424\n58,647,115\n기타포괄손익-공정가치 채무상품 처분손실\n19,618\n-\n매도가능금융자산처분손실\n-\n108\n매도가능금융자산손상차손\n-\n100,000\n파생상품평가손실\n10,918,804\n860,656\n파생상품거래손실\n14,012,484\n5,584,989\n외환차손\n52,895,323\n52,354,834\n외화환산손실\n4,350,854\n27,475,894\n합계\n139,228,507\n145,023,596\n32. 기타영업외수익보고기간의 연결회사의 기타영업외수익의 세부내역은 다음과 같습니다.\n(단위: 천원)\n구 \xa0분\n당기\n전기\n수입기술료\n476,809\n488,891\n수입배당금\n126,956\n69,771\n수입수수료\n4,387,024\n2,104,715\n임대료수익\n809,382\n863,842\n외화환산이익\n18,214,089\n21,461,773\n외환차익\n106,498,485\n76,345,892\n유형자산처분이익\n4,911,675\n3,079,339\n기타투자자산처분이익\n-\n45,620\n투자부동산처분이익\n211,241\n-\n보험수익\n11,864\n143,606\n파생상품거래이익\n4,232,125\n257,633\n파생상품평가이익\n49,378\n-\n기타\n19,548,536\n18,699,474\n합계\n159,477,564\n123,560,556\n33. 기타영업외비용보고기간의 연결회사의 기타영업외비용의 세부내역은 다음과 같습니다.\n(단위: 천원)\n구 \xa0분\n당기\n전기\n기부금\n3,283,242\n2,269,580\n외환차손\n83,950,250\n107,739,742\n외화환산손실\n34,300,236\n46,005,894\n매출채권처분손실\n3,838\n103,453\n유형자산처분손실\n7,764,647\n4,917,468\n유형자산폐기손실\n14,517\n8,785\n무형자산처분손실\n8,181\n695\n무형자산손상차손\n-\n6,067,460\n파생상품평가손실\n109,312\n4,167,893\n파생상품거래손실\n2,603,209\n-\n기타\n13,522,779\n24,228,271\n합계\n145,560,211\n195,509,241\n34. 법인세비용\n(1) 보고기간의 법인세비용의 내역은 다음과 같습니다.\n(단위: 천원)\n구분\n당기\n전기\n당기법인세 \n 당기손익에 대한 당기법인세 등\n188,464,740\n80,090,297\n이연법인세\n 일시적차이 변동 효과\n(33,992,962)\n35,204,894\n 세액공제 변동 효과\n12,847,788\n21,284,310\n법인세비용\n167,319,566\n136,579,501\n(2) 법인세비용차감전순이익에 대한 법인세비용과 회사의 이익에 대해 적용되는 가중평균세율을 사용하여 이론적으로 계산한 금액과의 차이는 다음과 같습니다.\n(단위: 천원)\n구분\n당기\n전기\n법인세비용차감전순손익 \n697,700,249\n743,036,343\n법인세율로 계산된 법인세비용\n153,519,692\n165,231,050\n조정사항: \n 세무상 과세되지 않는 수익\n(3,162,080)\n(2,728,933)\n 세무상 차감되지 않는 비용\n7,610,933\n7,416,413\n 세액공제 및 감면효과\n(2,861,903)\n(37,709,216)\n 기타\n12,212,924\n4,370,187\n소계\n13,799,874\n(28,651,549)\n법인세비용\n167,319,566\n136,579,501\n유효세율\n24.0%\n18.4%\n(3) 보고기간의 기타포괄손익의 각 구성 항목과 관련된 법인세 효과는 다음과 같습니다.\n(단위: 천원)\n구분\n당기\n전기\n반영 전\n법인세효과\n반영 후\n반영 전\n법인세효과\n반영 후\n순확정급여부채의 재측정요소\n6,166,386\n(1,956,799)\n4,209,587\n23,194,190 \n(6,317,768)\n16,876,422 \n관계기업의 순확정급여부채 재측정요소\n(201,827)\n48,842\n(152,985)\n1,715,852 \n190,483 \n1,906,335 \n매도가능금융자산평가손익\n-\n-\n-\n660,230 \n264,307 \n924,537 \n기타포괄손익-공정가치측정 금융자산 평가손익\n(11,604,099)\n2,639,830\n(8,964,269)\n-\n-\n-\n파생상품평가\n(7,492,756)\n2,060,508\n(5,432,248)\n- \n- \n- \n해외사업환산손익\n(28,060,455)\n-\n(28,060,455)\n(163,648,962)\n-\n(163,648,962)\n관계기업 지분법자본변동\n(9,515,263)\n2,464,739\n(7,050,524)\n2,569,140 \n605,425 \n3,174,565 \n합계\n(50,708,014)\n5,257,120\n(45,450,894)\n(135,509,550)\n(5,257,553)\n(140,767,103)\n(4) 보고기간말 현재 이연법인세자산과 부채의 회수 및 결제 시기는 다음과 같습니다.\n(단위: 천원)\n구분\n당기말\n전기말\n12개월 이내에 결제될 이연법인세자산(부채)\n88,023,310\n35,328,471\n12개월 이후에 결제될 이연법인세자산(부채)\n71,600,534\n87,748,519\n소계\n159,623,844\n123,076,990\n(5) 보고기간 중 동일 과세당국과 관련된 금액을 상계하기 이전의 이연법인세자산(부채) 변동은 다음과 같습니다.\n당기 -\n(단위: 천원)\n구분\n기초금액\n사업결합\n손익계산서\n기타포괄손익등\n기말금액\n유형자산\n1,229,068\n-\n14,819,375\n-\n16,048,443\n재고자산\n1,498,824\n-\n(113,589)\n-\n1,385,235\n미수수익\n(12,560)\n-\n(42,944)\n-\n(55,504)\n파생금융상품\n652,978\n-\n366,121\n2,060,507\n3,079,606\n기타장기종업원부채\n4,752,922\n-\n(158,310)\n-\n4,594,612\n기타충당부채\n14,578,139\n-\n2,342,365\n-\n16,920,504\n순확정급여부채\n(4,222,429)\n-\n2,155,983\n(1,846,726)\n(3,913,172)\n미지급비용\n5,138,963\n-\n1,747,415\n-\n6,886,378\n압축기장충당금\n(17,210,321)\n-\n551,437\n-\n(16,658,884)\n일시상각충당금\n(304,962)\n-\n30,182\n-\n(274,780)\n외화환산손익\n216\n-\n-\n-\n216\n기타\n1,067,314\n-\n2,263,989\n3,043,584\n6,374,887\n종속기업 이연법인세자산(부채)\n(16,324,584)\n15,584,207\n19,160,155\n11,908,830\n30,328,608\n연결조정 사항으로 인한 이연법인세자산\n88,081,137\n(20,642,289)\n(9,129,216)\n3,579,163\n61,888,795\n소 \xa0 계\n78,924,705\n(5,058,082)\n33,992,963\n18,745,358\n126,604,944\n세액공제 및 세액감면\n44,152,284\n-\n(12,847,788)\n1,714,404\n33,018,900\n합 \xa0 계\n123,076,989\n(5,058,082)\n21,145,175\n20,459,762\n159,623,844\n전기 -\n(단위: 천원)\n구분\n기초금액\n사업결합\n손익계산서\n기타포괄손익등\n기말금액\n유형자산\n(10,546,700)\n-\n11,775,768\n-\n1,229,068\n재고자산\n1,022,016\n-\n476,808\n-\n1,498,824\n미수수익\n(135,164)\n-\n122,604\n-\n(12,560)\n파생금융상품\n(159,242)\n-\n812,220\n-\n652,978\n기타장기종업원부채\n4,197,457\n-\n555,465\n-\n4,752,922\n기타충당부채\n15,016,488\n-\n(438,349)\n-\n14,578,139\n순확정급여부채\n(121,509)\n-\n2,236,682\n(6,337,602)\n(4,222,429)\n미지급비용\n5,066,862\n-\n72,101\n-\n5,138,963\n압축기장충당금\n(15,493,272)\n-\n(1,717,049)\n-\n(17,210,321)\n일시상각충당금\n(294,928)\n-\n(10,034)\n-\n(304,962)\n외화환산손익\n(43,574)\n-\n43,790\n-\n216\n기타\n339,618\n-\n727,696\n-\n1,067,314\n종속기업 이연법인세자산(부채)\n3,324,806\n5,412,291\n(22,073,339)\n(2,988,342)\n(16,324,584)\n연결조정 사항으로 인한 이연법인세자산\n119,756,789\n-\n(27,789,257)\n(3,886,395)\n88,081,137\n소 \xa0 계\n121,929,647\n5,412,291\n(35,204,894)\n(13,212,339)\n78,924,705\n세액공제 및 세액감면\n54,407,204\n-\n(21,284,310)\n11,029,390\n44,152,284\n합 \xa0 계\n176,336,851\n5,412,291\n(56,489,204)\n(2,182,949)\n123,076,989\n(6) 보고기간말 현재 이연법인세부채로 인식하지 않은 중요한 가산할 일시적 차이의 내역은 다음과 같습니다.\n(단위: 천원)\n구분\n당기말\n전기말\n사유\n종속회사 투자지분\n2,406,771,228\n2,292,662,810\n처분하지 않을 예정\n35. 비용의 성격별 분류\n보고기간 중 발생한 연결회사의 비용을 성격별로 분류한 내역은 다음과 같습니다.\n당기 -\n(단위: 천원)\n계정과목\n제조(매출)원가\n판매비와관리비\n연구개발비\n합계\n재고자산의 변동\n제품\n(139,905,967)\n-\n-\n(139,905,967)\n재공품\n(2,481,323)\n-\n-\n(2,481,323)\n저장품\n(6,909,769)\n-\n-\n(6,909,769)\n원재료\n30,927,985\n-\n-\n30,927,985\n원재료 등의 구매\n2,584,087,829\n-\n-\n2,584,087,829\n종업원급여\n713,844,718\n257,561,387\n95,840,054\n1,067,246,159\n감가상각비(*)\n498,276,174\n35,124,967\n25,886,309\n559,287,450\n무형자산상각비\n2,239,976\n15,685,435\n1,816,009\n19,741,420\n지급수수료\n51,247,877\n61,417,335\n8,374,189\n121,039,401\n기타\n960,116,119\n839,857,261\n59,431,650\n1,859,405,030\n합 \xa0계\n4,691,443,619\n1,209,646,385\n191,348,211\n6,092,438,215\n(*) 투자부동산감가상각비가 포함되어 있습니다.\n전기 -\n(단위: 천원)\n계정과목\n제조(매출)원가\n판매비와관리비\n연구개발비\n합계\n재고자산의 변동\n 제품\n29,460,667\n-\n-\n29,460,667\n 재공품\n(2,469,272)\n-\n-\n(2,469,272)\n 저장품\n(3,302,954)\n-\n-\n(3,302,954)\n 원재료\n(91,619,593)\n-\n-\n(91,619,593)\n원재료 등의 구매\n2,832,544,472\n-\n-\n2,832,544,472\n종업원급여\n688,101,574\n241,423,593\n86,995,655\n1,016,520,822\n감가상각비(*)\n468,536,297\n36,552,653\n26,276,815\n531,365,765\n무형자산상각비\n3,491,882\n12,820,265\n1,446,621\n17,758,768\n지급수수료\n47,338,990\n59,310,634\n5,847,668\n112,497,292\n기타\n520,301,605\n999,273,769\n57,094,870\n1,576,670,244\n합 \xa0계\n4,492,383,668\n1,349,380,914\n177,661,629\n6,019,426,211\n(*) 투자부동산감가상각비가 포함되어 있습니다.\n36. 주당이익보고기간의 기본 및 희석주당이익의 내역은 다음과 같습니다.\n(단위: 원, 주)\n구분\n당기\n전기\n보통주소유주 귀속 당기순이익(원)(*1)\n522,214,845,405\n599,063,937,358\n가중평균유통보통주식수(주)(*2)\n123,852,681\n123,852,681\n기본 및 희석주당이익(원/주)\n4,216\n4,837\n(*1) 보고기간의 발행보통주식수에서 자기주식 취득분을 제외한 유통보통주식수를 유통기간으로 가중평균하여 산정하였습니다.(*2) 연결회사는 잠재적보통주를 발행하지 않았으므로 기본주당이익과 희석주당이익은 동일합니다.\n37. 사업결합(1) 2018년 5월 중 연결회사는 모델솔루션㈜의 지분 75%를 취득하고 지배력을 획득하였습니다. 인수에서 발생한 42,415,368천원의 영업권은 연결회사와 모델솔루션㈜의 영업을 결합하여 발생하는 경제효과에 따른 것입니다. 인식된 영업권은 세무상 손금으로 인정되지 않습니다. 지불한 이전대가와 취득일의 인수한 자산, 부채의 가액 및 모델솔루션㈜에 대한 취득일의 영업권은 다음과 같습니다.\n(단위: 천원)\n구분\n금액\n이전대가\n68,625,000\n- 취득한 자산과 인수한 부채의 계상액\n 현금및현금성자산\n2,072,128\n 매출채권및기타채권\n5,400,392\n 재고자산\n1,755,636\n 기타유동자산\n200,849\n 기타포괄손익-공정가치금융자산\n500\n 유형자산\n20,865,986\n 투자부동산\n112,805\n 무형자산\n575,974\n 고객관계 등\n26,420,000\n 기타금융자산\n398,480\n 기타비유동자산\n662,187\n 이연법인세자산\n1,190,859\n 매입채무및기타채무\n(4,021,585)\n 단기차입금\n(400,000)\n 당기법인세부채\n(487,092)\n 기타금융부채\n(3,936)\n 기타유동부채\n(465,771)\n 장기차입금\n(11,400,000)\n 순확정급여부채\n(1,686,236)\n 이연법인세부채\n(6,245,000)\n 식별가능 순자산의 공정가치 합계 (100%)\n34,946,176\n- 비지배지분\n(8,736,544)\n- 영업권\n42,415,368\n합계\n68,625,000\n(2) 연결실체의 종속기업은 글로벌 유통 비즈니스 강화와 자동차 선진 시장인 독일의유통 비즈니스 모델을 확보하기 위하여, 2018년 중 독일소재 타이어 유통점인 라이펜-뮬러(Reifen-Muller)의 지분 100%를 인수하는 계약을 체결하여 지배력을 획득하였습니다. 인수 대상은 Reifen-Muller 의 판매 유통 계열사인 Reifen-Muller KG와 트럭용 타이어 재생과 판매를 담당하고 있는 Reifen-Muller GmbH & Co. Runderneuerungswerk KG 입니다. 인수에서 발생한 64,024,585천원의 영업권은 연결실체의 종속기업과 라이펜-뮬러(Reifen-Muller)의 영업을 결합하여 발생하는 경제효과에따른 것입니다. 지불한 이전대가와 취득일의 인수한 자산, 부채의 가액 및 라이펜-뮬러(Reifen-Muller)에 대한 취득일의 영업권은 다음과 같습니다.\n(단위: 천원)\n구분\n금액\n이전대가\n137,877,651\n- 취득한 자산과 인수한 부채의 계상액\n 현금및현금성자산\n5,134,295\n 매출채권및기타채권\n30,809,813\n 재고자산\n50,123,635\n 기타유동자산\n5,765,836\n 장기매출채권및기타채권\n12,848\n 유형자산\n138,784,454\n 무형자산\n478,652\n 고객관계 등\n53,177,052\n 기타금융자산\n2,330\n 이연법인세자산\n13,913,963\n 매입채무및기타채무\n(41,714,372)\n 단기차입금\n(45,013,221)\n 미지급법인세\n(13,635,964)\n 장기차입금\n(107,982,960)\n 퇴직급여채무\n(1,009,529)\n 충당부채\n(33,101)\n 기타비유동부채\n(31,295)\n 이연법인세부채\n(14,929,370)\n 식별가능 순자산의 공정가치 합계 (100%)\n73,853,066\n- 영업권\n64,024,585\n합계\n137,877,651\n식별가능한 순자산의 공정가치 및 영업권은 잠정적으로 결정된 가액으로서 최종 가치평가 결과에 따라 금액이 조정될 것입니다.\n38. 영업부문 정보\n(1) 연결회사는 기업회계기준서 제1108호 \'영업부문\'에 따른 보고부문은 단일부문으로 영업부문별 정보를 공시하지 아니합니다.\n(2) 지역에 대한 정보연결회사는 5개의 주요 지역에서 영업하고 있습니다. 구매 고객 지역을 기준으로 산정한 보고기간 중 지역부문별 매출액은 다음과 같습니다.\n(단위: 천원)\n지역부문\n당기\n전기\n금액\n비율\n금액\n비율\n북미\n1,960,436,752\n28.85%\n1,904,235,860\n27.95%\n중남미\n248,783,491\n3.66%\n243,598,182\n3.58%\n아주\n1,341,310,989\n19.74%\n1,505,304,849\n22.10%\n구주\n2,302,815,426\n33.89%\n2,166,156,264\n31.80%\n대한민국\n941,742,157\n13.86%\n993,562,827\n14.57%\n합계\n6,795,088,816\n100.00%\n6,812,857,982\n100.00%\n(3) 당기와 전기 중 연결회사 매출액의 10% 이상을 차지하는 외부고객은 없습니다.\n(4) 보고기간말 현재 연결회사의 소재 국가별로 귀속되는 비유동자산의 내역은 다음과 같습니다.\n(단위: 천원)\n구분\n당기말\n전기말\n북미\n609,017,216\n621,559,636\n중남미\n1,132,395\n1,234,683\n아주\n1,658,078,712\n1,829,083,987\n구주\n655,529,932\n466,178,942\n대한민국\n1,857,885,898\n1,790,871,471\n합계\n4,781,644,154\n4,708,928,719\n금융상품 및 이연법인세자산, 관계기업투자 및 순확정급여자산을 포함하지 않은 금액입니다.\n39. 영업으로부터 창출된 현금흐름\n(1) 보고기간의 연결회사의 영업활동 현금흐름의 조정액은 다음과 같습니다.\n(단위: 천원)\n구분\n당기\n전기\n수익ㆍ비용의 조정\n법인세비용\n167,319,566\n136,579,501\n관계기업투자이익\n(38,002,359)\n(36,104,778)\n기타투자자산처분이익\n-\n(45,620)\n이자수익\n(13,614,025)\n(11,890,324)\n이자비용\n57,031,424\n58,647,115\n배당금수익\n(126,956)\n(69,771)\n외화환산이익\n(40,283,382)\n(70,899,407)\n외화환산손실\n38,651,090\n73,481,787\n외환차익\n-\n(3,675,552)\n매도가능금융자산처분손실\n-\n108\n기타포괄손익-공정가치 측정 채무상품 처분손실\n19,618\n-\n재고자산평가손실(환입)\n(24,190,696)\n24,327,735\n재고자산폐기손실\n2,116,410\n-\n매출채권처분손실\n3,838\n103,453\n대손상각비\n1,744,311\n669,743\n기타의대손상각비\n580,324\n(46,768)\n유형자산처분이익\n(4,911,675)\n(3,079,339)\n무형자산손상차손\n-\n6,067,460\n무형자산손상차손환입\n(24,000)\n-\n투자부동산처분이익\n(211,241)\n-\n유형자산처분손실\n7,764,647\n4,917,468\n유형자산폐기손실\n14,517\n8,785\n무형자산처분손실\n8,181\n695\n비지배지분금융부채평가이익\n358,589\n-\n감가상각비\n558,252,974\n530,334,970\n투자부동산감가상각비\n1,034,476\n1,030,795\n무형자산상각비\n19,741,420\n17,758,768\n잡손실\n-\n575,431\n기타충당부채전입액\n70,600\n171,854\n판매파열품비\n37,549,927\n16,800,598\n복리후생비\n1,579,687\n1,383,654\n퇴직급여\n53,492,770\n57,716,757\n파생상품평가이익\n(4,761,142)\n(5,695,291)\n파생상품평가손실\n11,028,116\n5,028,549\n파생상품거래이익\n(4,938,834)\n(4,400,751)\n파생상품거래손실\n16,615,693\n5,584,989\n합계\n843,913,869\n805,282,614\n(단위: 천원)\n구분\n당기\n전기\n영업활동으로 인한 자산ㆍ부채의 변동\n 매출채권의 감소(증가)\n(51,218,263)\n3,583,431\n 기타채권의 감소(증가)\n(52,720,934)\n146,466,335\n 재고자산의 증가\n(40,220,597)\n(172,007,632)\n 기타금융자산의 감소(증가)\n(1,144,355)\n1,169,571\n 기타자산의 감소\n34,160,913\n13,425,845\n 매입채무의 증가(감소)\n5,648,924\n(136,777,370)\n 기타채무의 증가(감소)\n25,057,925\n(917,353)\n 충당부채의 감소\n(19,592,064)\n(24,856,430)\n 기타금융부채의 감소\n(177,826)\n(404,755)\n 기타부채의 증가(감소)\n35,753,348\n(140,757,525)\n 퇴직금의 지급\n(31,470,370)\n(43,681,338)\n 사외적립자산의 감소\n(429,039)\n(15,531,828)\n합계\n(96,352,338)\n(370,289,049)\n(2) 보고기간 중 연결회사의 현금의 유입과 유출이 없는 거래 중 중요한 사항은 다음과 같습니다.\n(단위: 천원)\n내역\n당기\n전기\n건설중인자산 등의 본계정 대체\n173,411,502\n835,453,332\n건설중인자산 등의 대여금 대체\n13,793,168\n-\n유형자산 취득 미지급금의 변동\n(6,645,416)\n(61,178,191)\n자본화된 차입원가\n1,914,862\n3,667,381\n(3) 보고기간 중 재무활동에서 생기는 부채의 조정내용은 다음과 같습니다.\n당기 -\n(단위: 천원)\n구분\n단기차입금(*)\n장기차입금\n사채(유동)\n사채(비유동)\n비지배지분\n미지급배당금\n합계\n기초금액\n984,116,462\n214,280,000\n249,951,373\n525,111,689\n-\n24,314\n1,973,483,838\n사업결합\n45,413,221\n119,382,960\n-\n-\n-\n-\n164,796,180\n외환차이\n(7,304,651)\n5,895,818\n-\n23,363,826\n-\n-\n21,954,994\n현금흐름\n(201,851,847)\n(110,011,000)\n(250,000,000)\n30,569,545\n4,750,000\n(56,227,672)\n(582,770,974)\n사채할인발행차금 상각\n-\n-\n48,627\n3,416,089\n-\n-\n3,464,716\n기타변동(배당선언 등)\n-\n-\n-\n-\n-\n56,221,336\n56,221,336\n대체\n23,429,150\n(23,429,150)\n-\n-\n-\n-\n-\n기말금액\n843,802,336\n206,118,628\n-\n582,461,150\n4,750,000\n17,978\n1,637,150,090\n(*) 유동성장기차입금이 포함되어 있습니다.\n전기 -\n(단위: 천원)\n구분\n단기차입금(*)\n장기차입금\n사채(유동)\n사채(비유동)\n미지급배당금\n합계\n기초금액\n1,121,604,955\n265,954,277\n130,381,159\n809,394,766\n19,485\n2,327,354,642\n외환차이\n(66,671,950)\n(30,610,676)\n-\n(35,211,596)\n-\n(132,494,222)\n현금흐름\n(210,188,844)\n112,604,000\n(130,425,000)\n-\n(53,662,812)\n(281,672,656)\n유동성대체\n133,667,601\n(133,667,601)\n249,951,373\n(249,951,373)\n-\n-\n사채할인발행차금 상각\n-\n-\n43,841\n879,892\n-\n923,733\n사업결합 등\n5,704,700\n-\n-\n-\n-\n5,704,700\n기타변동(배당선언 등)\n-\n-\n-\n-\n53,667,641\n53,667,641\n기말금액\n984,116,462\n214,280,000\n249,951,373\n525,111,689\n24,314\n1,973,483,838\n(*) 유동성장기차입금이 포함되어 있습니다.\n40. 우발상황과 주요 약정사항\n(1) 당기말 현재 유형자산(토지, 건물, 기계장치) 중 일부는 여신한도 등과 관련하여 담보로 제공되어 있으며 그 내역은 다음과 같습니다.\n(단위: 천원, 천USD, 천CNY)\n담보제공처\n담 보 제 공 자 산\n채권최고액\nKDB산업은행 외\n토지ㆍ건물ㆍ기계장치ㆍ단기금융상품\nKRW\n274,780,000\nUSD\n153,200\nCNY\n285,162\n(2) 연결회사는 건물, 재고자산, 기계장치 등에 대하여 종합보험 등에 가입하고 있습니다.\n한편, 차입금 등의 담보로 제공된 건물 및 기계장치의 보험금 수익권에는 KDB산업은행 (122,000,000천원 및 USD 110,000천) 및 우리은행(138,140,000천원 및 USD 43,200천), 하나은행(14,640,000천원), Bank of China(CNY 276,270천) 및 중국농업은행(CNY 8,892천)의 여신한도 등과 관련하여 질권이 설정되어 있습니다.또한, 연결회사는 제조물의 결함으로 인한 생명, 신체 또는 재산상의 손해를 입은 자에 대한 손해배상책임을 제조업자 또는 공급업자에게 부과하는 제조물책임법이 2002년 7월 1일부터 시행됨에 따라, 제조물책임보험계약을 체결하고 있으며, 제조물 배상 책임 소송과 관련하여 일부 예상되는 추정손실 9,231,830천원을 제조물배상충당부채로 계상하고 있습니다(주석 20 참조).\n(3) 연결회사는 인도 현지에 타이어를 공급하기 위한 목적으로 신한은행 뉴델리지점을 통해 인도표준협회에 USD 130,000의 지급보증을 제공하고 있습니다.\n(4) 보고기간말 현재 금융기관에 양도한 매출채권 중 만기가 미도래한 내역은 다음과 같습니다.\n(단위: 천원)\n구분\n당기말\n전기말\n매출채권 담보차입\n543,863,284\n653,760,643\n연결회사는 금융기관에 양도한 상환청구권이 있는 매출채권 중 만기가 미도래한 금액을 단기차입금으로 계상하고 있습니다(주석 19 참조).(5) 보고기간말 현재 연결회사는 타이어 제품의 주된 원재료인 생고무의 확보를 위하여 South land 외 여러업체들과 원재료 구매 계약을 체결하고 있으며, 동 계약은 연단위로 매년 갱신하고 있습니다. 또한, 특수관계자인 한국타이어월드와이드㈜와 상표권 라이선스 및 기획, 투자 등에 관한 업무지원을 제공받는 수급계약과 재무, 회계,법무등의 제반 업무지원을 제공하는 공급계약을 체결하고 있습니다. 또한, 특수관계자인 ㈜엠프론티어와 정보시스템 위탁관리를 제공받는 수급계약을 체결하고 있습니다.(6) 보고기간 말 현재 연결회사의 주요 자금조달약정 내역은 다음과 같습니다.\n(단위: 천원)\n구분\n당기말\n전기말\n외화매출채권할인등포괄한도약정\n총약정한도액\n4,585,968,455\n4,886,950,560\n사용금액\n1,264,893,391\n1,251,411,669\n미사용한도\n3,321,075,064\n3,635,538,891\n(7) 이행보증 등과 관련하여 서울보증보험으로부터 1,038,386천원(전기말: 962,696천원)의 지급보증을 제공받고 있습니다.\n(8) 계류중인 소송사건연결회사는 보고기간말 현재 근로자(또는 퇴직자)와 2건의 연장근무수당 등과 관련된 임금의 추가지급청구소송(소송가액 합계: 3,290,884천원)을 진행 중이며, 당기 중3심에서 하급심으로 파기환송되어 현재 2심에 계류 중에 있습니다. 이와 관련하여 2심 원심 판결금액에 따라 회사가 지급의무를 부담하는 원리금의 합계 금액 609,453천원을 충당부채에 계상하고 있으며, 소송결과에 따른 최종 부담금액은 회사가 추정한 금액과 달라질 수 있습니다.상기 사건 이외에, 보고기간말 현재 다수의 소송이 진행 중에 있습니다. 동 소송의 최종 결과 및 영향은 합리적으로 예측할 수 없으며, 연결회사의 경영진은 연결회사의 재무상태에 중요한 영향을 미치지 않을 것으로 판단하고 있습니다.\n(9) 타법인 주식인수 공동투자약정연결회사는 한온시스템주식회사(구, 한라비스테온공조주식회사)의 최대주주인 비상장 외국법인인 VIHI LLC가 보유하고 있는 한온시스템주식회사(구, 한라비스테온공조주식회사)의 주식 20,806,200주(지분율 19.49%)를 양도회사로부터 양수하였습니다.1) 주식매매계약의 내용\n \xa0 -매도인 : Visteon Corp. 및 VIHI LLC. \n \xa0 -매수인 : 한앤코 오토홀딩스 유한회사 및 한국타이어주식회사 \n \xa0 -매매계약 체결일: 2014.12.17\n \xa0 -거래종결일: 2015.6.10\n \xa0 -매수인별 매수대상주식수 \n \xa0 \xa0 \xa0 \xa0가. 한앤코 오토홀딩스 유한회사 : 53,913,800주(지분율 50.50%)\n \xa0 \xa0 \xa0 \xa0나. 한국타이어주식회사 : 20,806,200주(지분율 19.49%)\n2) 주주간 계약의 체결상기 주식매수계약의 매수인인 연결회사와 한앤코 오토홀딩스 유한회사는 다음 내용을 포함하는 주주간 계약을 체결하였습니다. - 한앤코 오토홀딩스 유한회사의 동반매도요구권 (Drag-along right)- 회사의 우선매수권 (Right of first refusal)- 회사의 동반매각참여권(Tag-along right)\n(10) 타법인 주식인수 관련 약정\n연결회사는 모델솔루션㈜의 주주인 외국법인인 Laird Holding Limited 와 국내 PEF모네홀딩스가 보유하고 있는 모델솔루션㈜의 주식 140,735주(지분율75%)를 모네홀딩스(주식 45,035주)와 Laird Holding Limited(주식 95,700주)로부터 양수하였습니다. 또한 모델솔루션㈜ 투자와 관련하여 회사는 모네홀딩스와 주주간 계약을 체결하였습니다.\n1) 주식매매계약의 내용 \xa0- 매도인 : Laird Holding Limited , 모네홀딩스(국내 PEF)\n \xa0- 매수인 : 한국타이어 주식회사 \n \xa0- 매매계약 체결일: 2018년 5월 31일\n2) 주주간 계약의 체결 \n 구 분\n 내역\n 주식양도의제한\n1. 한국타이어는 최대주주 지위를 유지하지 않게 되는 주식 양도의 경우 모네홀딩스의 사전 서면 동의가 필요함. 단 모델솔루션㈜ IPO 이후 1년이 지난 경우에는 제외함\n2. 모네홀딩스는 한국타이어의 사전 동의 없이 회사의 동종업체 또는 경쟁업체에주식양도가 제한됨\n 동반매도권 (Tag-along)\n모네홀딩스는 한국타이어의 주식양도에 대해 동반매도권을 가짐. 단 전략적 목적으로 회사가 영위하는 사업과 시너지가 있는 사업을 영위하는 전략적투자자에게 발행주식총수의 15% 미만 양도 또는 모델솔루션㈜의 IPO 이후 1년 이내 한국타이어가 최대주주 지위를 유지하는 주식양도의 경우는 제외함\n 우선매수권 (RoFO)\n한국타이어는 모네홀딩스가 제3자에게 주식을 매각하는 경우 우선매수권을 가짐\n 공동매도요구권 (Drag-along)\n모네홀딩스는 한국타이어가 고의로 모델솔루션㈜의 IPO를 회피하는 경우 한국타이어가 보유한 주식 전부를 모델솔루션㈜와 동일한 거래조건으로 공동 매도하도록 요구하는 공동매도요구권을 가짐\n 풋옵션(*)\n모네홀딩스는 양사 합의 한 기간 이내 IPO가 이루어지지 않는 경우, 한국타이어에 대해 모네홀딩스가 보유한 회사 주식 전부를 매도할수 있는 풋옵션을 가지며 그 매매대금은 18년 5월 31일 체결된 주식매매계약에서 정하는 1주당 매매대금에 모네홀딩스 보유 회사 주식수를 곱한 금액으로 함 \n(*) 연결회사는 상기 주주간 계약과 관련하여, 풋옵션 행사가격의 현재가치를 금융부채로 인식하였으며(주석 21 참조), 동액을 자기지분에서 차감하였습니다(주석 25 참조).\n(11) 연결회사는 2013년부터 2017년까지 5개년 사업연도에 대한 법인세 등 세무조사와 관련된 예정고지세액 중 특정항목에 대하여 국세청을 상대로 과세전적부심사를신청하여 현재 국세청 심사 중에 있으며, 본 심사의 최종결과 및 그 영향을 보고기간말 현재 예측할 수 없습니다.\n41. 특수관계자 거래 \n(1) 당기말 현재 연결회사의 특수관계자 현황은 다음과 같습니다.\n구분\n특수관계자의 명칭\n특수관계자 개인\n조양래, 조현식, 조현범\n지주회사(*1)\n한국타이어월드와이드㈜\n지주회사의 종속기업및 관계기업(*2)\n㈜아트라스비엑스, ㈜아트라스비엑스모터스포츠, Atlasbx America Corporation, 에이치케이오토모티브㈜, 작스모터스㈜(구, ㈜플라잉모터스), 에이치케이모터즈㈜, 한오토모빌레㈜, ㈜엠프론티어, Emfrontier America Inc.,PT. EMFRONTIER ENS Indonesia\n국내 관계기업\n한온시스템㈜\n기타(*3)\n신양관광개발㈜, 신양월드레저㈜, 에프더블유에스투자자문㈜, Daehwa Eng\'& Machinery Jiaxing Co., Ltd., 아노텐더블유티이㈜, 에이치투더블유티이㈜, 아노텐금산㈜, 와이케이티㈜\n(*1) 연결회사에 유의적 영향력을 \xa0행사하는 기업에 해당합니다.(*2) 당기 중 ㈜플라잉모터스는 ㈜넥스젠아이앤씨를 흡수합병한 후 사명을 작스모터스㈜로 변경하였습니다.(*3) 기준서 제1024호 특수관계자 범위에 포함되지 않으나 독점규제 및 공정거래법에 따른 동일한 공시대상기업집단 소속회사입니다.\n(2) 연결회사와 특수관계자 사이의 거래 내용은 다음과 같습니다.1) 보고기간 중 특수관계자 거래 내역은 다음과 같습니다. \n가. 매출 등\n(단위: 천원)\n회사명\n당기\n전기\n매출\n기타\n합계\n매출\n기타\n합계\n한국타이어월드와이드㈜\n111,059\n1,749,961\n1,861,020\n-\n447,738\n447,738\n㈜아트라스비엑스\n35,111\n938,262\n973,373\n179,050\n534,511\n713,561\n㈜엠프론티어\n28\n58,680\n58,708\n-\n24,841\n24,841\n에이치케이오토모티브㈜\n-\n113,854\n113,854\n-\n3,651\n3,651\n작스모터스㈜(구, ㈜플라잉모터스)\n-\n-\n-\n-\n8,891\n8,891\n한온시스템㈜\n25,234\n-\n25,234\n-\n-\n-\nAtlasbx America Corporation\n-\n30,541\n30,541\n60,100\n-\n60,100\nDaehwa Eng\'& Machinery Jiaxing Co., Ltd.\n285,720\n569,052\n854,772\n503,346\n-\n503,346\n합계\n457,152\n3,460,350\n3,917,502\n742,496\n1,019,632\n1,762,128\n나. 매입 등\n(단위: 천원)\n회사명\n당기\n전기\n매입\n기타(*1)\n합계\n매입\n기타(*1)\n합계\n한국타이어월드와이드㈜(*2)\n-\n57,512,827\n57,512,827\n-\n73,608,560\n73,608,560\n㈜아트라스비엑스\n21,193,594\n-\n21,193,594\n37,424,770\n-\n37,424,770\n㈜아트라스비엑스모터스포츠\n-\n684,784\n684,784\n-\n679,928\n679,928\n에이치케이모터즈㈜\n-\n92,498\n92,498\n-\n1,472,229\n1,472,229\n에이치케이오토모티브㈜\n-\n2,313\n2,313\n-\n-\n-\n㈜엠프론티어\n-\n28,499,718\n28,499,718\n-\n66,111,042\n66,111,042\nEmfrontier America Inc.\n-\n514,070\n514,070\n-\n3,300,413\n3,300,413\nDaehwa Eng\'& Machinery Jiaxing Co., Ltd.\n-\n14,513,145\n14,513,145\n-\n12,994,700\n12,994,700\n신양관광개발㈜\n-\n148,316\n148,316\n-\n208,598\n208,598\n합계\n21,193,594\n101,967,671\n123,161,265\n37,424,770\n158,375,470\n195,800,240\n(*1) 특수관계자에게 지급한 판매장려금 등 매출차감 항목은 특수관계자 매입 등의 기타 항목으로 표시하였습니다.(*2) 지주회사인 한국타이어월드와이드㈜와 업무지원계약 및 브랜드 사용계약을 체결하고 있습니다.\n2) 보고기간말 현재 연결회사의 특수관계자 채권·채무잔액은 다음과 같습니다. 가. 채권 등\n(단위: 천원)\n회사명\n당기말\n전기말\n매출채권\n미수금 등\n합계\n매출채권\n미수금 등\n합계\n한국타이어월드와이드㈜\n66\n3,004,532\n3,004,598\n-\n1,979,701\n1,979,701\n㈜아트라스비엑스\n-\n423,756\n423,756\n-\n149,050\n149,050\n작스모터스㈜(구, ㈜플라잉모터스)\n-\n-\n-\n-\n3,510\n3,510\n㈜엠프론티어\n-\n-\n-\n-\n3,300\n3,300\n에이치케이모터즈㈜\n-\n-\n-\n-\n2,653\n2,653\n한온시스템㈜\n2,462\n-\n2,462\n-\n-\n-\nAtlasbx America Corporation\n-\n-\n-\n149,050\n-\n149,050\nDaehwa Eng\'& Machinery Jiaxing Co., Ltd.\n-\n440,293\n440,293\n-\n415,056\n415,056\n신양관광개발㈜\n-\n400,000\n400,000\n-\n400,000\n400,000\n합계\n2,528\n4,268,581\n4,271,109\n149,050\n2,953,270\n3,102,320\n나. 채무 등\n(단위: 천원)\n회사명\n당기말\n전기말\n매입채무\n미지급금 등\n합계\n매입채무\n미지급금 등\n합계\n한국타이어월드와이드㈜\n-\n19,403,900\n19,403,900\n-\n26,911,880\n26,911,880\n㈜아트라스비엑스\n4,388,721\n176,116\n4,564,837\n15,630,383\n168,742\n15,799,125\n에이치케이모터즈㈜\n-\n34,228\n34,228\n-\n-\n-\n㈜엠프론티어\n-\n8,561,919\n8,561,919\n-\n19,072,330\n19,072,330\nDaehwa Eng\'& Machinery Jiaxing Co., Ltd.\n-\n2,537,287\n2,537,287\n-\n796,521\n796,521\n신양관광개발㈜\n-\n4,620\n4,620\n-\n19,510\n19,510\n합계\n4,388,721\n30,718,070\n35,106,791\n15,630,383\n46,968,983\n62,599,366\n3) 연결회사는 분할 전 채무에 대해 분할존속회사인 한국타이어월드와이드㈜로부터 연대보증을 제공받고 있는 바, 보고기간말 현재 연결회사가 연대보증을 제공받고 있는 분할 전 여신한도 잔액은 다음과 같습니다.\n(단위: 천원, 천 USD)\n통화\n당기말\n전기말\n외화금액\n원화상당액\n외화금액\n원화상당액\n여신한도 잔액:\nUSD\n-\n-\n70,000\n74,998,000\n4) 보고기간 중 연결회사의 특수관계자에 대한 자금거래내역은 다음과 같습니다.가. 자금 대여당기 중 특수관계자에 대한 자금거래내역은 없습니다.\n전기 -\n(단위: 천원)\n특수관계자명\n계정과목\n기초\n상환\n외화환산\n기말\n한국타이어월드와이드㈜\n단기차입금\n54,750,160\n(51,074,608)\n(3,675,552)\n-\n나. 배당금 수익/지급 및 현금 출자 등\n(단위: 천원)\n구분\n특수관계자명\n당기\n전기\n배당금 수익\n배당금 지급\n현금 출자 등\n배당금 수익\n배당금 지급\n현금 출자 등\n지주회사\n한국타이어월드와이드㈜\n-\n14,865,008\n-\n-\n12,469,811\n-\n관계기업\n한온시스템㈜\n33,289,920\n-\n-\n31,209,300\n-\n-\n5) 보고기간 중 주요경영진에 대한 보상내역은 다음과 같습니다.\n(단위: 천원)\n구분\n당기\n전기\n급여\n10,563,556\n9,820,543\n퇴직급여\n1,860,976\n1,449,112\n합계\n12,424,532\n11,269,655\n42. 신용위험연결회사는 거래상대방이 지급기일이 된 다음의 금액을 지급하지 않는 경우 신용위험에 노출됩니다.\n - 고객별 지급조건 기한 내 매출채권의 지급\n - 상각후원가로 측정되는 채무상품의 계약상 현금흐름\n(1) 매출채권\n연결회사는 매출채권에 대해 전체 기간 기대신용손실을 손실충당금으로 인식하는 간편법을 적용합니다. 기대신용손실을 측정하기 위해 매출채권은 신용위험 특성과 연체일을 기준으로 구분하였습니다.\n(2) 상각후원가로 측정하는 기타 금융자산상각후원가로 측정하는 기타 금융자산은 모두 신용위험이 낮은 것으로 판단되며, 따라서 손실충당금은 12개월 기대신용손실로 인식하였습니다. 경영진은 국공채의 경우 \'신용위험이 낮은\' 것으로 간주합니다. 그 외 금융상품은 채무불이행 위험이 낮고 단기간 내에 계약상 현금흐름을 지급할 수 있는 발행자의 충분한 능력이 있는 경우 신용위험이 낮은 것으로 간주합니다.\n43. 회계정책의 변경43.1 기준서 제1109호 \'금융상품\'의 적용\n주석 2에서 설명한 바와 같이 연결회사는 2018년 1월 1일을 최초적용일로 하여 기준서 제1109호를 적용하였으며, 경과규정에 따라 전기 연결재무제표는 일부 위험회피회계관련 사항을 제외하고는 재작성되지 않았습니다. 기준서 제 1109호의 적용이 연결재무제표에 미치는 영향은 유의적이지 않습니다.(1) 금융상품의 분류와 측정경영진은 기준서 제1109호의 최초적용일인 2018년 1월 1일 현재 보유하고 있는 금융자산에 적용되는 사업모형을 평가하고 금융자산을 기준서 제1109호에 따라 분류한 바 전기말 매도가능금융자산으로 분류되었던 금융자산 4,387,494천원은 기타포괄손익-공정가치 측정 금융자산으로 재분류되었습니다. 또한 전기말 현재 대여금및수취채권 1,981,772,856천원과 상각후원가로 측정하는 금융부채 2,188,552,751천원 및 기타금융부채 653,760,643천원은 각각 상각후원가 측정 금융자산 및 부채로 재분류되었습니다.\n당기초 현재 이와 관련하여 인식된 기타자본구성요소 중 지분상품에 대한 기타포괄손익-공정가치평가손익누계액 1,823,902천원은 해당 금융자산이 처분되더라도 당기손익으로 재분류되지 않습니다.\n최초적용일인 2018년 1월 1일 현재 기준서 제1109호의 도입으로 인한 금융자산의 재분류 내역은 다음과 같습니다.\n(단위: 천원)\n구분\n측정 범주\n장부금액\n기준서 제1039호\n기준서 제1109호\n기준서 제1039호\n기준서 제1109호\n차이\n유동금융자산\n \xa0현금및현금성자산\n상각후원가\n상각후원가\n694,151,216\n694,151,216\n-\n \xa0단기금융상품\n상각후원가\n상각후원가\n4,343,731\n4,343,731\n-\n \xa0매출채권및기타채권\n상각후원가\n상각후원가\n1,254,005,058\n1,254,005,058\n-\n \xa0기타금융자산\n상각후원가\n상각후원가\n6,922,266\n6,922,266\n-\n \xa0파생금융자산\n당기손익인식금융자산\n당기손익-공정가치\n4,751,634\n4,751,634\n-\n비유동금융자산\n \xa0장기금융상품\n상각후원가\n상각후원가\n60,995\n60,995\n-\n \xa0매출채권및기타채권\n상각후원가\n상각후원가\n972,439\n972,439\n-\n \xa0상장주식 등\n매도가능금융자산\n기타포괄손익-공정가치\n4,387,494\n4,387,494\n-\n \xa0기타금융자산\n상각후원가\n상각후원가\n21,317,151\n21,317,151\n-\n \xa0파생금융자산\n당기손익인식금융자산\n당기손익-공정가치\n1,045,576\n1,045,576\n-\n(2) 금융자산의 손상\n연결회사는 기준서 제1109호의 새로운 기대신용손실 모형 적용대상이 되는 두가지 유형의 금융자산을 보유하고 있습니다.\n- 재고자산의 매출에 따른 매출채권 \n- 상각후원가로 측정되는 채무상품 \n연결회사는 기준서 제1109호의 도입으로 손상차손의 인식 관련 정책을 변경하였습니다. 기초 이익잉여금에 미치는 영향은 유의적이지 않습니다.\n① 매출채권\n매출채권의 손상 시 간편법을 적용하고 있어 전체 매출채권에 대해 전체 기간 기대신용손실을 사용합니다.\n② 채무상품 \n상각후원가나 기타포괄손익-공정가치로 측정되는 채무상품은 신용위험이 낮은 것으로 판단하여 손실충당금은 12개월 기대신용손실로 인식됩니다.\n43.2 기준서 제1115호 \'고객과의 계약에서 생기는 수익\'의 적용주석 2에 기재된 것처럼 연결회사는 당기부터 기준서 제1115호를 적용하였으며, 경과규정에 따라 비교표시된 전기 연결재무제표는 재작성되지 않았습니다. 동 기준서의 적용이 연결재무제표에 미치는 영향은 다음과 같습니다. \n(1) 연결회사는 기준서 제1115호 적용 시 재화의 판매에서 구별되는 운송용역을 식별하였습니다. 또한, 고객의 효익(수익인식) 발생 전 운송수행 원가가 발생하고 있으며, 이러한 계약이행원가는 자산화 조건을 충족할 시에만 자산화하여 계약 기간에 걸쳐 상각합니다. 최초 적용일(당기초) 현재 재무상태표에 반영한 수정 금액은 유의적이지 않습니다.\n(2) 기준서 제1115호를 최초 적용한 보고기간에 변경 전에 기준에 따라 영향을 받는 연결재무제표의 각 항목은 다음과 같습니다. \n(단위: 천원)\n 구분\n보고된 금액\n조정\n기준서 제1115호를적용하지 않았을 경우\n매출\n6,795,088,816\n(447,120)\n6,794,641,696\n매출원가\n4,691,443,619\n(206,849,294)\n4,484,594,325\n판매비와관리비(*)\n1,400,994,596\n207,296,414\n1,608,291,010\n(*) 포괄손익계산서 상 연구개발비를 포함한 금액입니다.기준서 제1115호의 적용으로 인한 현금흐름은 과거회계기준과 유의적 차이가 없습니다.\n']"
