news_title,news_category,news_date
"<유>한신기계, 3.47% 오르며 체결강도 강세 지속(311%)",증권News봇,2022.09.21
"<유>한신기계, 매도잔량 306% 급증",증권News봇,2022.09.20
"<유>한신기계, 3.30% 오르며 체결강도 강세 지속(156%)",증권News봇,2022.08.30
"[주식 초고수는 지금] 현대두산인프라코어, 中 인프라 투자 수혜 기대감에 매수 1위 등극",증권종목·투자전략,2022.08.26
[특징주] K원전 이집트 3조원 수주에 원전주 들썩,경제·금융경제·금융일반,2022.08.26
"<유>한신기계, 3.80% 오르며 체결강도 강세 지속(175%)",증권News봇,2022.08.25
"<유>한신기계, 매수잔량 408% 급증",증권News봇,2022.08.16
"<유>한신기계, 매도잔량 326% 급증",증권News봇,2022.08.11
"<유>한신기계, 전일 대비 7.60% 상승.. 일일회전율은 10.43% 기록",증권News봇,2022.08.11
"<유>한신기계, 3.52% 오르며 체결강도 강세 지속(180%)",증권News봇,2022.08.11
"<유>한신기계, 3.80% 오르며 체결강도 강세 지속(175%)",증권News봇,2022.08.25
"<유>한신기계, 매수잔량 408% 급증",증권News봇,2022.08.16
"<유>한신기계, 매도잔량 326% 급증",증권News봇,2022.08.11
"<유>한신기계, 전일 대비 7.60% 상승.. 일일회전율은 10.43% 기록",증권News봇,2022.08.11
"<유>한신기계, 3.52% 오르며 체결강도 강세 지속(180%)",증권News봇,2022.08.11
"[정오 시황] 코스피 2333.02, 상승세(▲41.01, +1.79%) 지속",증권News봇,2022.07.07
"오전 11:30 현재 코스피는 51:49으로 매도우위, 매도강세 업종은 의약품업(2.57%↑)",증권News봇,2022.07.07
"<유>한신기계, 전일 대비 7.42% 상승.. 일일회전율은 10.08% 기록",증권News봇,2022.07.07
"[특징주] 원자력, EU 택소노미 포함에 원전주 상승세",경제·금융경제·금융일반,2022.07.07
"<유>한신기계, 4.18% 오르며 체결강도 강세로 반전(110%)",증권News봇,2022.07.05
