text
"['\nIII. 재무에 관한 사항\n1. 요약재무정보\n※ 당사 및 연결실체는 소규모기업(최근 사업연도말 현재 자산총액 1천억원 미만)에 해당하므로 요약재무정보 및 요약연결재무정보 기재를 생략합니다.\n2. 연결재무제표\n연결 재무상태표\n제 46 기 3분기말 2019.09.30 현재\n제 45 기말\xa0 \xa0 \xa0 \xa0 \xa0 2018.12.31 현재\n(단위 : 원)\n\u3000\n제 46 기 3분기말\n제 45 기말\n자산\n\u3000\n\u3000\n\u3000유동자산\n53,169,603,857\n53,556,543,511\n\u3000\u3000현금및현금성자산 (주5,31)\n18,584,009,451\n18,748,817,460\n\u3000\u3000매출채권및기타채권 (주6,31)\n11,725,848,097\n12,179,584,672\n\u3000\u3000재고자산 (주7)\n21,143,844,449\n20,102,538,813\n\u3000\u3000기타유동자산 (주8)\n1,195,641,117\n2,278,696,383\n\u3000\u3000당기법인세자산\n520,260,743\n246,906,183\n\u3000비유동자산\n45,748,017,857\n44,814,542,938\n\u3000\u3000기타포괄손익-공정가치측정금융자산 (주9,31)\n4,836,297,277\n4,559,565,310\n\u3000\u3000관계기업투자 (주10)\n6,476,948,767\n6,401,792,793\n\u3000\u3000장기매출채권및기타채권 (주6,31)\n801,907,909\n607,002,162\n\u3000\u3000유형자산 (주11)\n30,135,045,926\n29,732,325,873\n\u3000\u3000투자부동산 (주12)\n1,954,111,627\n1,970,784,469\n\u3000\u3000무형자산 (주13)\n1,543,706,351\n1,543,072,331\n\u3000자산총계\n98,917,621,714\n98,371,086,449\n부채\n\u3000\n\u3000\n\u3000유동부채\n14,197,484,559\n17,772,595,491\n\u3000\u3000매입채무및기타채무 (주14,31)\n7,390,932,057\n7,161,376,391\n\u3000\u3000단기차입금 (주15,31)\n6,129,734,120\n8,603,606,000\n\u3000\u3000유동성장기차입금 (주15,31)\n0\n500,000,000\n\u3000\u3000당기법인세부채\n343,812,829\n1,221,644,494\n\u3000\u3000기타유동부채 (주16)\n333,005,553\n285,968,606\n\u3000비유동부채\n3,884,897,651\n3,758,863,399\n\u3000\u3000장기매입채무및기타채무 (주14,31)\n39,000,000\n323,000,000\n\u3000\u3000확정급여채무 (주17)\n2,192,285,048\n1,763,804,337\n\u3000\u3000이연법인세부채\n1,653,612,603\n1,672,059,062\n\u3000부채총계\n18,082,382,210\n21,531,458,890\n자본\n\u3000\n\u3000\n\u3000지배기업소유지분\n80,783,546,499\n76,804,382,335\n\u3000\u3000자본금 (주18)\n5,000,000,000\n5,000,000,000\n\u3000\u3000자본잉여금 (주18)\n11,528,469,942\n11,528,469,942\n\u3000\u3000기타자본항목 (주19)\n(16,474,820,126)\n(16,474,820,126)\n\u3000\u3000기타포괄손익누계액 (주20)\n(1,167,071,106)\n(1,333,331,201)\n\u3000\u3000이익잉여금 (주21)\n81,896,967,789\n78,084,063,720\n\u3000비지배지분\n51,693,005\n35,245,224\n\u3000자본총계\n80,835,239,504\n76,839,627,559\n자본과부채총계\n98,917,621,714\n98,371,086,449\n※ 제46기 3분기 연결재무정보는 외부감사인의 감사(검토)를 받지 않았습니다.\n연결 포괄손익계산서\n제 46 기 3분기 2019.01.01 부터 2019.09.30 까지\n제 45 기 3분기 2018.01.01 부터 2018.09.30 까지\n(단위 : 원)\n\u3000\n제 46 기 3분기\n제 45 기 3분기\n3개월\n누적\n3개월\n누적\n매출액 (주4,22)\n20,280,182,419\n59,886,406,905\n20,265,010,848\n59,812,161,183\n매출원가 (주23,27)\n16,145,974,020\n47,305,469,157\n16,475,407,354\n48,075,041,651\n매출총이익\n4,134,208,399\n12,580,937,748\n3,789,603,494\n11,737,119,532\n판매비와관리비 (주24,27)\n2,568,107,770\n7,534,038,295\n2,441,225,209\n7,397,694,819\n영업이익\n1,566,100,629\n5,046,899,453\n1,348,378,285\n4,339,424,713\n기타영업외손익 (주26)\n102,950,030\n361,618,385\n51,318,772\n206,539,773\n\u3000기타영업외수익\n120,679,930\n442,984,346\n74,196,968\n354,761,205\n\u3000기타영업외비용\n(17,729,900)\n(81,365,961)\n(22,878,196)\n(148,221,432)\n금융손익 (주25)\n340,553,135\n813,952,370\n(438,452,251)\n(533,519,728)\n\u3000금융수익\n476,359,278\n1,346,292,828\n155,703,578\n970,316,729\n\u3000금융비용\n(135,806,143)\n(532,340,458)\n(594,155,829)\n(1,503,836,457)\n관계기업에 대한 지분법이익 (주10)\n(87,179,926)\n75,155,974\n(29,559,834)\n32,196,164\n법인세비용차감전순이익\n1,922,423,868\n6,297,626,182\n931,684,972\n4,044,640,922\n법인세비용 (주29)\n321,777,451\n1,071,681,160\n120,694,603\n678,961,084\n당기순이익(손실)\n1,600,646,417\n5,225,945,022\n810,990,369\n3,365,679,838\n후속적으로 당기손익으로 재분류되지 않는 포괄손익\n(41,076,757)\n(65,401,084)\n2,067,686\n(175,121,177)\n\u3000공정가치측정금융자산평가손익\n(41,076,757)\n(65,401,084)\n2,067,686\n(175,121,177)\n후속적으로 당기손익으로 재분류되는 포괄손익\n(11,813,393)\n233,950,017\n(88,041,115)\n(120,616,919)\n\u3000해외사업환산손익\n(11,813,393)\n233,950,017\n(83,483,838)\n(128,073,625)\n\u3000지분법자본변동\n0\n0\n(4,557,277)\n7,456,706\n총포괄이익\n1,547,756,267\n5,394,493,955\n725,016,940\n3,069,941,742\n당기순이익의 귀속\n\u3000\n\u3000\n\u3000\n\u3000\n\u3000지배기업소유주지분\n1,596,865,661\n5,212,916,329\n841,769,125\n3,408,518,073\n\u3000비지배지분\n3,780,756\n13,028,693\n(30,778,756)\n(42,838,235)\n총 포괄손익의 귀속\n\u3000\n\u3000\n\u3000\n\u3000\n\u3000지배기업소유주지분\n1,544,133,344\n5,379,176,424\n761,686,721\n3,121,160,320\n\u3000비지배지분\n3,622,923\n15,317,531\n(36,669,781)\n(51,218,578)\n주당이익\xa0 (주28)\n\u3000\n\u3000\n\u3000\n\u3000\n\u3000기본주당이익 (단위 : 원)\n213\n695\n112\n454\n\u3000희석주당이익 (단위 : 원)\n213\n695\n112\n454\n※ 제46기 3분기 연결재무정보는 외부감사인의 감사(검토)를 받지 않았습니다.\n연결 자본변동표\n제 46 기 3분기 2019.01.01 부터 2019.09.30 까지\n제 45 기 3분기 2018.01.01 부터 2018.09.30 까지\n(단위 : 원)\n\u3000\n자본\n지배기업의 소유주지분\n비지배지분\n자본\xa0 합계\n자본금\n자본잉여금\n기타자본항목\n기타포괄손익누계액\n이익잉여금\n지배기업의 소유주지분 합계\n2018.01.01 (기초자본)\n5,000,000,000\n11,717,805,409\n(16,474,820,126)\n(1,280,235,050)\n73,672,992,800\n72,635,743,033\n194,808,474\n72,830,551,507\n회계정책변경에 따른 증가(감소)\n\u3000\n\u3000\n\u3000\n(799,875,328)\n799,875,328\n\u3000\n\u3000\n\u3000\n자본의 변동\n총포괄이익\n당기순이익\n\u3000\n\u3000\n\u3000\n\u3000\n3,408,518,073\n3,408,518,073\n(42,838,235)\n3,365,679,838\n공정가치측정금융자산평가손익\n\u3000\n\u3000\n\u3000\n47,032,661\n\u3000\n47,032,661\n\u3000\n47,032,661\n기타포괄손익\n\u3000\n\u3000\n\u3000\n(222,153,838)\n222,153,838\n\u3000\n\u3000\n\u3000\n지분법자본변동\n\u3000\n\u3000\n\u3000\n7,456,706\n\u3000\n7,456,706\n\u3000\n7,456,706\n해외사업환산손익\n\u3000\n\u3000\n\u3000\n(119,693,282)\n\u3000\n(119,693,282)\n(8,380,343)\n(128,073,625)\n자본에 직접 인식된 주주와의 거래\n연차배당\n\u3000\n\u3000\n\u3000\n\u3000\n(1,350,000,000)\n(1,350,000,000)\n\u3000\n(1,350,000,000)\n유상증자\n\u3000\n\u3000\n\u3000\n\u3000\n\u3000\n\u3000\n\u3000\n\u3000\n2018.09.30 (기말자본)\n5,000,000,000\n11,717,805,409\n(16,474,820,126)\n(2,367,468,131)\n76,753,540,039\n74,629,057,191\n143,589,896\n74,772,647,087\n2019.01.01 (기초자본)\n5,000,000,000\n11,528,469,942\n(16,474,820,126)\n(1,333,331,201)\n78,084,063,720\n76,804,382,335\n35,245,224\n76,839,627,559\n회계정책변경에 따른 증가(감소)\n\u3000\n\u3000\n\u3000\n\u3000\n\u3000\n\u3000\n\u3000\n\u3000\n자본의 변동\n총포괄이익\n당기순이익\n\u3000\n\u3000\n\u3000\n\u3000\n5,212,916,329\n5,212,916,329\n13,028,693\n5,225,945,022\n공정가치측정금융자산평가손익\n\u3000\n\u3000\n\u3000\n(65,401,084)\n\u3000\n(65,401,084)\n\u3000\n(65,401,084)\n기타포괄손익\n\u3000\n\u3000\n\u3000\n\u3000\n99,987,740\n99,987,740\n\u3000\n99,987,740\n지분법자본변동\n\u3000\n\u3000\n\u3000\n\u3000\n\u3000\n\u3000\n\u3000\n\u3000\n해외사업환산손익\n\u3000\n\u3000\n\u3000\n231,661,179\n\u3000\n231,661,179\n2,288,838\n233,950,017\n자본에 직접 인식된 주주와의 거래\n연차배당\n\u3000\n\u3000\n\u3000\n\u3000\n(1,500,000,000)\n(1,500,000,000)\n\u3000\n(1,500,000,000)\n유상증자\n\u3000\n\u3000\n\u3000\n\u3000\n\u3000\n\u3000\n1,130,250\n1,130,250\n2019.09.30 (기말자본)\n5,000,000,000\n11,528,469,942\n(16,474,820,126)\n(1,167,071,106)\n81,896,967,789\n80,783,546,499\n51,693,005\n80,835,239,504\n※ 제46기 3분기 연결재무정보는 외부감사인의 감사(검토)를 받지 않았습니다.\n연결 현금흐름표\n제 46 기 3분기 2019.01.01 부터 2019.09.30 까지\n제 45 기 3분기 2018.01.01 부터 2018.09.30 까지\n(단위 : 원)\n\u3000\n제 46 기 3분기\n제 45 기 3분기\n영업활동으로 인한 현금흐름\n7,076,070,758\n3,496,492,328\n\u3000영업활동에서 창출된 현금흐름\n9,051,413,582\n4,480,655,377\n\u3000\u3000당기순이익\n5,225,945,022\n3,365,679,838\n\u3000\u3000당기순이익 조정을 위한 가감 (주30)\n3,021,584,680\n3,747,684,080\n\u3000\u3000영업활동으로 인한 자산부채의 변동 (주30)\n803,883,880\n(2,632,708,541)\n\u3000이자의 수취\n151,133,380\n252,513,661\n\u3000배당금의 수취\n0\n10,200,000\n\u3000이자의 지급\n(176,963,379)\n(311,645,129)\n\u3000법인세의 납부\n(1,949,512,825)\n(935,231,581)\n투자활동으로 인한 현금흐름\n(2,471,010,802)\n5,675,115,758\n\u3000투자활동으로 인한 현금유입\n1,663,483,684\n13,151,466,570\n\u3000\u3000단기대여금의 감소\n59,999,940\n11,541,659,280\n\u3000\u3000장기금융상품의 감소\n0\n484,392,475\n\u3000\u3000기타포괄손익-공정가치측정금융자산의 감소\n1,267,840,700\n652,516,764\n\u3000\u3000유형자산의 처분\n333,090,908\n319,928,085\n\u3000\u3000보증금의 감소\n2,552,136\n152,969,966\n\u3000투자활동으로 인한 현금유출\n(4,134,494,486)\n(7,476,350,812)\n\u3000\u3000단기대여금의 증가\n(300,000)\n(4,420,464,533)\n\u3000\u3000장기금융상품의 증가\n0\n(15,000,000)\n\u3000\u3000기타포괄손익-공정가치측정금융자산의 증가\n(1,528,432,470)\n(336,540,000)\n\u3000\u3000유형자산의 취득\n(2,410,762,016)\n(2,699,678,046)\n\u3000\u3000보증금의 증가\n(195,000,000)\n(4,668,233)\n재무활동으로 인한 현금흐름\n(4,820,933,350)\n(5,181,954,944)\n\u3000재무활동으로 인한 현금유입\n1,130,250\n3,207,872,900\n\u3000\u3000단기차입금의 증가\n0\n3,000,000,000\n\u3000\u3000종속기업 유상증자\n1,130,250\n0\n\u3000\u3000정부보조금의 수령\n0\n207,872,900\n\u3000재무활동으로 인한 현금유출\n(4,822,063,600)\n(8,389,827,844)\n\u3000\u3000단기차입금의 상환\n(2,538,063,600)\n(7,039,827,844)\n\u3000\u3000임대보증금의 감소\n(284,000,000)\n0\n\u3000\u3000배당금의 지급\n(1,500,000,000)\n(1,350,000,000)\n\u3000\u3000유동성장기차입금의 상환\n(500,000,000)\n0\n환율변동으로 인한 현금및현금성자산의 증감\n51,065,385\n(120,774,741)\n현금및현금성자산의 증가(감소)\n(164,808,009)\n3,868,878,401\n기초의 현금및현금성자산\n18,748,817,460\n14,301,327,158\n기말의 현금및현금성자산\n18,584,009,451\n18,170,205,559\n※ 제46기 3분기 연결재무정보는 외부감사인의 감사(검토)를 받지 않았습니다.\n3. 연결재무제표 주석\n제 46(당) 기 분기 2019년 1월 1일부터 2019년 9월 30일까지\n제 45(전) 기 분기 2018년 1월 1일부터 2018년 9월 30일까지\n제일연마공업주식회사와 그 종속기업\n1. 연결 대상 회사의 개요(1) 지배기업의 개요제일연마공업주식회사(이하 ""지배기업"" 또는 ""당사""라 함)는 1974년 12월 27일 설립되어 연마석의 제조 및 판매를 주요 사업으로 영위하고 있습니다. 당사는 경상북도 포항시 및 경기도 안성시에 본사와 제조시설을 가지고 있으며, 인도네시아에 현지법인을 두고 있습니다.당사는 2005년 12월 9일자로 주식을 유가증권시장에 등록하였으며, 당분기말 현재 주주 현황은 다음과 같습니다.\n주주명\n주식수\n지분율\n오유인\n3,856,744\n38.57%\n오현수\n769,819\n7.70%\n오길봉\n420,000\n4.20%\n오영민\n45,649\n0.46%\n우리사주조합\n17,749\n0.17%\n자사주\n2,500,000\n25.00%\n기타주주\n2,390,039\n23.90%\n합\xa0\xa0 계\n10,000,000\n100.00%\n(2) 당분기말 현재 연결 대상 종속기업의 개요\n투자기업명\n종속기업명\n소재지\n결산월\n주요 영업활동\n지분율\n당분기\n전\xa0 기\n제일연마공업(주)\n금성연마공업(주)\n대한민국\n12월\n연마재 제조 및 판매\n100%\n100%\nPT.CHEIL ABRASIVE INDONESIA\n인도네시아\n12월\n연마재 제조 및 판매\n99.97%\n99.97%\n제일연마(상해)무역유한공사\n중국\n12월\n연마재 판매\n100%\n100%\nPT.CHEIL ABRASIVE INDONESIA\nPT.SINAR INDAH JAYA ABADI\n인도네시아\n12월\n연마재 판매\n95%\n95%\n(3) 종속기업의 요약 재무정보연결 대상 종속기업의 내부거래 제거 전 요약 재무현황은 다음과 같습니다.① 당분기\n(단위 : 원)\n종속기업명\n자산\n부채\n자본\n매출액\n분기순손익\n총포괄손익\n금성연마공업(주)\n15,975,358,627\n4,409,541,043\n11,565,817,584\n9,709,784,620\n708,993,011\n708,993,011\nPT.CHEIL ABRASIVE INDONESIA(*)\n18,148,329,250\n10,312,502,010\n7,835,827,240\n19,365,832,849\n1,065,033,217\n1,340,428,469\n제일연마(상해)무역유한공사\n508,649,499\n717,570,019\n(208,920,520)\n899,663,795\n(39,782,057)\n(81,227,292)\n(*) PT.CHEIL ABRASIVE INDONESIA 재무정보에는 종속기업인 PT.SINAR INDAH JAYA ABADI의 재무정보가 포함되어 있습니다.② 전분기\n(단위 : 원)\n종속기업명\n자산\n부채\n자본\n매출액\n분기순손익\n총포괄손익\n금성연마공업(주)\n16,558,833,636\n5,788,261,880\n10,770,571,756\n9,957,250,452\n802,321,171\n802,321,171\nPT.CHEIL ABRASIVE INDONESIA(*)\n13,195,178,911\n11,252,024,176\n1,943,154,735\n15,306,713,089\n(1,004,944,329)\n(1,135,054,421)\n제일연마(상해)무역유한공사\n454,379,545\n571,797,711\n(117,418,166)\n1,038,068,103\n(28,891,893)\n(26,855,426)\n(*) PT.CHEIL ABRASIVE INDONESIA 재무정보에는 종속기업인 PT.SINAR INDAH JAYA ABADI의 재무정보가 포함되어 있습니다.\n2. 재무제표 작성기준(1) 회계기준의 적용제일연마공업 주식회사와 그 종속기업(이하 ""연결실체""라 함)의 분기연결재무제표는 한국채택국제회계기준에 따라 작성되는 요약 중간연결재무제표입니다. 동 연결재무제표는 기업회계기준서 제1034호 \'중간재무보고\'에 따라 작성되었으며, 연차연결재무제표에서 요구되는 정보에 비하여 적은 정보를 포함하고 있습니다. 선별적 주석은 직전 연차보고기간말 후 발생한 당사의 재무상태와 경영성과의 변동을 이해하는데 유의적인 거래나 사건에 대한 설명을 포함하고 있습니다.연결실체의 분기연결재무제표는 기업회계기준서 제1116호 \'리스\'가 처음 적용되었으며, 유의적인 회계정책의 변경은 주석 3에서 설명하고 있습니다.\n(2) 재무제표의 측정기준연결실체의 분기연결재무제표는 기타포괄손익-공정가치측정 금융자산과 보고기간 종료일 현재 확정급여채무의 현재가치에서 공정가치로 인식된 사외적립자산을 차감하여 인식한 순확정급여부채를 제외하고는 역사적원가를 기준으로 작성되었습니다.(3) 기능통화와 보고통화본 요약 분기연결재무제표는 지배기업의 기능통화인 대한민국의 \'원\'으로 표시되어 있습니다.(4) 추정과 판단\n① 경영진의 판단 및 가정과 추정의 불확실성\n한국채택국제회계기준은 중간재무제표를 작성함에 있어서 회계정책의 적용이나, 중간보고기간말 현재 자산, 부채 및 수익, 비용의 보고금액에 영향을 미치는 사항에 대하여 경영진의 최선의 판단을 기준으로 한 추정치와 가정의 사용을 요구하고 있습니다. 중간보고기간말 현재 경영진의 최선의 판단을 기준으로 한 추정치와 가정이 실제 환경과 다를 경우 이 러한 추정치와 실제 결과는 다를 수 있습니다.\n분기연결재무제표에서 사용된 연결실체의 회계정책 적용과 추정금액에 대한 경영진의 판단은 주석 3에서 설명하고 있는 기업회계기준서 제1116호 \'리스\'적용 관련 새로운 중요한 판단과 추정 불확실성의 주요 원천을 제외하고는, 2018년 12월 31일로 종료되는 회계 연도의 연차연결재무제표와 동일한 회계정책과 추정의 근거를 사용하였습니다.\n② 공정가치 측정\n연결실체는 공정가치평가 정책과 절차를 수립하고 있습니다. 동 정책과 절차에는 공정가치 서열체계에서 수준 3으로 분류되는 공정가치를 포함한 모든 유의적인 공정가치 측정의 검토를 책임지는 평가부서의 운영을 포함하고 있으며, 그 결과는 재무담당임원에게 직접 보고되고 있습니다.\n평가부서는 정기적으로 관측가능하지 않은 유의적인 투입변수와 평가 조정을 검토하고 있습니다. 공정가치 측정에서 중개인 가격이나 평가기관과 같은 제3자 정보를 사용하는 경우, 평가부서에서 제3자로부터 입수한 정보에 근거한 평가가 공정가치 서열체계 내 수준별 분류를 포함하고 있으며 해당 기준서의 요구사항을 충족한다고 결론을 내릴 수 있는지 여부를 판단하고 있습니다.연결실체의 유의적인 평가 문제를 이사회에 보고하고 있습니다.자산이나 부채의 공정가치를 측정하는 경우, 연결실체는 최대한 시장에서 관측가능한 투입변수를 사용하고 있습니다. 공정가치는 다음과 같이 가치평가기법에 사용된 투입변수에 기초하여 공정가치 서열체계 내에서 분류됩니다.- 수준 1: 측정일에 동일한 자산이나 부채에 대한 접근 가능한 활성시장의 조정되지 않은 공시가격\n- 수준 2: 수준 1의 공시가격 이외에 자산이나 부채에 대해 직접적으로 또는 간접적으로 관측가능한 투입변수\n- 수준 3: 자산이나 부채에 대한 관측가능하지 않은 투입변수\n자산이나 부채의 공정가치를 측정하기 위해 사용되는 여러 투입변수가 공정가치 서열체계 내에서 다른 수준으로 분류되는 경우, 연결실체는 측정치 전체에 유의적인 공정가치 서열체계에서 가장 낮은 수준의 투입변수와 동일한 수준으로 공정가치 측정치 전체를 분류하고 있으며, 변동이 발생한 보고기간 말에 공정가치 서열체계의 수준간 이동을 인식하고 있습니다.\n\xa0\n공정가치 측정 시 사용된 가정의 자세한 정보는 주석 31에 포함되어 있습니다.\xa0\n3. 주요 회계정책 \n연결실체가 분기연결재무제표의 작성을 위해 채택한 회계정책은 기업회계기준\xa0 \xa0 \xa0 제1034호 \'중간재무보고\'에서 정한 사항과 다음에서 설명하고 있는 사항을 제외하고는 2018년 12월 31일로 종료된 회계연도의 연차연결재무제표 작성에 연결실체가 채택한 회계정책과 동일합니다. 다음에서 설명하고 있는 회계정책의 변경사항은 2019년 12월 31일로 종료되는 회계연도의 연차연결재무제표에도 반영될 것입니다.연결실체는 2019년 1월 1일에 기업회계기준서 제1116호 \'리스\'를 최초 적용하였습니다. 2019년 1월 1일부터 시행되는 다른 회계기준도 있으나, 그 기준들은 연결실체의 재무제표에 중요한 영향을 미치지 않습니다.- 기업회계기준서 제1116호 \'리스\'(제정)기업회계기준서 제1116호 \'리스\'는 기준서 제1017호 \'리스\', 해석서 제2104호 \'약정에 리스가 포함되어 있는지의 결정\', 해석서 제2015호 \'운용리스: 인센티브\', 해석서제2027호 \'법적 형식상의 리스를 포함하는 거래의 실질에 대한 평가\'를 대체합니다.이 기준서는 리스의 인식, 측정, 표시, 공시 원칙을 제시하며, 리스이용자가 대부분의리스에 대하여 자산과 부채를 인식하는 단일모형에 따라 회계처리하도록 요구합니 다.기업회계기준서 제1116호에서 리스제공자의 회계처리는 기업회계기준서 제1017호에서와 유의적으로 변경되지 않았습니다. 리스제공자는 기업회계기준서 제1017호에서와 유사한 원칙을 사용하여 리스를 운용리스 또는 금융리스로 계속 분류 할 것입니다.\xa0\n연결실체는 최초 적용일에 기업회계기준서 제1017호 및 해석서 제2104호에 따라 최초 적용일 이전에 이미 리스로 식별된 계약에 대하여만 이 기준서를 적용하는 실무적간편법을 적용하기로 하였습니다. 또한 연결실체는 리스개시일에 리스기간이 12개월 이하이고 매수선택권이 존재하지 않는 리스 (\'단기리스\')와 리스계약의 기초자산이 소액인 리스 (\'소액자산\') 대하여는 인식 면제를 적용하기로 선택하였습니다.\n동 기준서의 도입으로 연결실체의 재무제표에 미치는 중요한 영향은 없습니다.\xa0\n4. 영업부문연결실체는 한국채택국제회계기준 제1108호 \'영업부문\'에 따른 보고부문을 단일보고부문으로 결정하였습니다. 따라서, 보고부문별 매출액, 법인세비용차감전순이익 및 자산ㆍ부채총액에 대한 주석기재는 생략하였습니다.(1) 지역에 대한 정보외부고객으로부터의 수익은 다음과 같은 지역에 분포되어 있습니다.\xa0\n(단위 : 원)\n지\xa0 역\n당분기\n전분기\n국 내\n49,075,936,188\n47,726,864,215\n해 외\n10,810,470,717\n12,085,296,968\n합 계\n59,886,406,905\n59,812,161,183\n(2) 주요 고객에 대한 정보연결실체의 주요 고객 중 총매출의 10%이상을 차지하는 거래처는 없습니다.5. 현금및현금성자산당분기말과 전기말 현재 현금및현금성자산의 내역은 다음과 같습니다.\n(단위 : 원)\n구\xa0 분\n당분기\n전 기\n보유현금\n2,699,541\n3,995,746\n요구불예금\n18,581,309,910\n18,744,821,714\n합\xa0 계\n18,584,009,451\n18,748,817,460\n6. 매출채권및기타채권(1) 당분기말과 전기말 현재 매출채권및기타채권의 내역은 다음과 같습니다.\n(단위 : 원)\n구\xa0 분\n당분기\n전\xa0 기\n유동\n비유동\n유동\n비유동\n매출채권\n11,604,605,219\n-\n12,087,868,503\n-\n미수금\n7,967,514\n-\n7,047,491\n-\n미수수익\n102,365,784\n-\n14,300,158\n-\n대여금\n10,909,580\n-\n70,368,520\n-\n보증금\n-\n801,907,909\n-\n607,002,162\n합\xa0 계\n11,725,848,097\n801,907,909\n12,179,584,672\n607,002,162\n(2) 매출채권과 미수금은 대손충당금이 차감된 순액으로 재무상태표에 표시되었는 바, 당분기말과 전기말 현재 대손충당금 차감 전 총액 기준에 의한 내역은 다음과 같습니다.\n(단위 : 원)\n구\xa0 분\n당분기\n전\xa0 기\n매출채권\n미수금\n매출채권\n미수금\n총장부금액\n12,102,370,418\n400,645,930\n12,583,725,056\n400,803,626\n대손충당금\n(497,765,199)\n(392,678,416)\n(495,856,553)\n(393,756,135)\n순장부금액\n11,604,605,219\n7,967,514\n12,087,868,503\n7,047,491\n(3) 당분기말과 전기말 중 매출채권 및 미수금에 대한 대손충당금의 변동내역은 다음과 같습니다.\n(단위 : 원)\n구\xa0 분\n당분기\n전\xa0 기\n매출채권\n미수금\n매출채권\n미수금\n기초잔액\n495,856,553\n393,756,135\n245,020,440\n396,123,059\n손상차손(환입)\n316,707\n(1,077,719)\n275,121,589\n(2,362,783)\n제각\n-\n-\n(23,719,385)\n-\n기타증감\n1,591,939\n-\n(566,091)\n(4,141)\n기말잔액\n497,765,199\n392,678,416\n495,856,553\n393,756,135\n7. 재고자산당분기말과 전기말 현재 재고자산 내역은 다음과 같습니다.\n(단위 : 원)\n구\xa0 분\n당분기\n전\xa0 기\n취득원가\n평가손실충당금\n장부금액\n취득원가\n평가손실충당금\n장부금액\n제품\n2,375,157,977\n(178,409,828)\n2,196,748,149\n2,185,970,194\n(178,409,828)\n2,007,560,366\n외주제품\n324,163,592\n(10,333,070)\n313,830,522\n263,402,862\n(10,333,070)\n253,069,792\n매입상품\n2,582,211,730\n(18,734,930)\n2,563,476,800\n2,638,507,277\n(158,277,979)\n2,480,229,298\n재공품\n1,804,901,957\n-\n1,804,901,957\n1,122,387,640\n-\n1,122,387,640\n원재료\n9,715,156,218\n(18,986,498)\n9,696,169,720\n9,874,358,240\n(18,986,498)\n9,855,371,742\n부재료\n1,904,061,121\n(2,117,959)\n1,901,943,162\n1,766,505,995\n(2,117,959)\n1,764,388,036\n저장품\n1,411,720,021\n-\n1,411,720,021\n992,092,862\n-\n992,092,862\n미착품\n1,255,054,118\n-\n1,255,054,118\n1,627,439,077\n-\n1,627,439,077\n합\xa0 계\n21,372,426,734\n(228,582,285)\n21,143,844,449\n20,470,664,147\n(368,125,334)\n20,102,538,813\n(2) 당분기와 전기 중 재고자산과 관련하여 인식한 평가손실은 다음과 같습니다.\n(단위 : 원)\n구\xa0 분\n당분기\n전\xa0 기\n매출원가\n재고자산평가손실(환입)\n(139,543,049)\n139,543,049\n8. 기타유동자산(1) 당분기말과 전기말 현재 기타유동자산의 내역은 다음과 같습니다.\n(단위 : 원)\n구\xa0 분\n당분기\n전\xa0 기\n선급금\n229,249,388\n558,914,166\n선급비용\n95,929,412\n65,306,941\n부가세대급금\n870,462,317\n1,654,475,276\n합\xa0 계\n1,195,641,117\n2,278,696,383\n(2) 선급금은 대손충당금이 차감된 순액으로 재무상태표에 표시되었는 바, 당분기말과 전기말 현재 대손충당금 차감 전 총액 기준에 의한 내역은 다음과 같습니다.\n(단위 : 원)\n구\xa0 분\n당분기\n전\xa0 기\n총장부금액\n379,539,883\n713,642,327\n대손충당금\n(150,290,495)\n(154,728,161)\n순장부금액\n229,249,388\n558,914,166\n(3) 당분기말과 전기말 중 선급금의 대손충당금의 변동은 다음과 같습니다.\n(단위 : 원)\n구\xa0 분\n당분기\n전\xa0 기\n기초잔액\n154,728,161\n155,432,661\n대손상각비(환입)\n(4,482,538)\n(698,085)\n기타증감\n44,872\n(6,415)\n기말잔액\n150,290,495\n154,728,161\n9. 기타포괄손익-공정가치측정금융자산(1) 당분기말과 전기말 현재 기타포괄손익-공정가치측정금융자산의 내역은 다음과 같습니다.\n(단위 : 원)\n구\xa0 분\n종\xa0 목\n당분기\n전\xa0 기\n취득가액\n공정가치\n장부가액\n장부가액\n기타포괄손익-공정가치측정금융자산\n시장성 있는 지분증권\n한국패러랠\n139,336,880\n74,058,960\n74,058,960\n82,840,000\n이마트\n289,289,000\n226,000,000\n226,000,000\n-\n서플러스글로벌\n28,449,620\n32,927,000\n32,927,000\n-\nDGB금융지주\n206,460,170\n222,166,450\n222,166,450\n-\n소\xa0 계\n663,535,670\n555,152,410\n555,152,410\n82,840,000\n시장성 없는 지분증권\n드림화인투자운용(주)\n240,000,000\n95,773,419\n95,773,419\n95,773,419\n(주)매일방송\n200,002,500\n14,426,847\n14,426,847\n49,867,290\n(주)한길\n100,000\n100,000\n100,000\n100,000\n(주)대구시민프로축구단\n1,000,000\n-\n-\n-\n소\xa0 계\n441,102,500\n110,300,266\n110,300,266\n145,740,709\n출자금\n한국공구공업협동조합\n12,000,000\n12,000,000\n12,000,000\n12,000,000\nSVIC신기술투자조합(25호)\n891,840,000\n1,405,713,656\n1,405,713,656\n1,721,973,656\nSVIC신기술투자조합(30호)\n2,733,720,000\n2,753,130,945\n2,753,130,945\n2,597,010,945\n소\xa0 계\n3,637,560,000\n4,170,844,601\n4,170,844,601\n4,330,984,601\n합\xa0 계\n4,742,198,170\n4,836,297,277\n4,836,297,277\n4,559,565,310\n(2) 당분기말과 전기말 중 공정가치측정금융자산의 변동내역은 다음과 같습니다.\n(단위 : 원)\n구\xa0 분\n당분기\n전\xa0 기\n기초잔액\n4,559,565,310\n4,445,836,399\n회계정책변경효과\n-\n(182,135,610)\n기초잔액(수정후)\n4,559,565,310\n4,263,700,789\n취득금액\n1,528,432,470\n359,940,000\n처분금액\n(928,061,420)\n(365,532,044)\n회수금액\n(339,779,280)\n(322,138,560)\n평가손익(기타포괄손익)\n16,140,197\n623,595,125\n기말잔액\n4,836,297,277\n4,559,565,310\n10. 관계기업투자(1) 당분기말과 전기말 현재 연결실체가 투자한 관계기업투자의 내역은 다음과 같습니다.\n(금액단위 : 원)\n구\xa0 분\n주요영업활동\n국가\n당분기\n전\xa0 기\n지분율\n장부금액\n지분율\n장부금액\n삼양연마공업(주)\n연마석 제조, 판매\n대한민국\n31.17%\n6,476,948,767\n31.17%\n6,401,792,793\n(2) 당분기와 전기 중 관계기업투자의 지분법 평가 내역은 다음과 같습니다.① 당분기\n(단위 : 원)\n구\xa0 분\n기초평가액\n지분법손익\n지분법자본변동\n배당금 수령\n기말평가액\n삼양연마공업(주)\n6,401,792,793\n75,155,974\n-\n-\n6,476,948,767\n② 전기\n(단위 : 원)\n구\xa0 분\n기초평가액\n지분법손익\n지분법자본변동\n배당금 수령\n기말평가액\n삼양연마공업(주)\n6,293,874,522\n89,892,577\n18,025,694\n-\n6,401,792,793\n(3) 당분기 중 관계기업투자의 요약재무정보 현황은 다음과 같습니다.\n(단위 : 원)\n구\xa0 분\n자산\n부채\n자본\n매출액\n당기순이익\n삼양연마공업(주)\n21,623,141,795\n8,110,647,849\n13,512,493,946\n12,559,556,464\n308,165,100\n11. 유형자산당분기 및 전기 중 유형자산의 변동내역은 다음과 같습니다.① 당분기\n(단위 : 원)\n구\xa0 분\n토지\n건물\n구축물\n기계장치\n차량운반구\n기타의유형자산\n건설중인자산\n합\xa0 계\n취득원가\n당분기초\n14,348,503,329\n10,466,746,015\n835,681,308\n42,443,744,832\n1,306,335,248\n7,427,363,500\n836,139,185\n77,664,513,417\n취득및자본적지출\n-\n-\n89,567,720\n897,534,565\n60,628,819\n160,207,347\n1,371,726,484\n2,579,664,935\n처분및폐기\n(102,736,353)\n(255,432,071)\n-\n(127,911,142)\n(108,774,197)\n(95,020,000)\n-\n(689,873,763)\n건설중인자산대체\n-\n891,027,980\n42,483,850\n845,688,469\n-\n111,607,023\n(1,993,475,222)\n(102,667,900)\n기타증감(*)\n-\n169,719,221\n15,203,132\n287,408,340\n18,419,935\n128,140,079\n99,784,740\n718,675,447\n당분기말\n14,245,766,976\n11,272,061,145\n982,936,010\n44,346,465,064\n1,276,609,805\n7,732,297,949\n314,175,187\n80,170,312,136\n감가상각누계액\n당분기초\n-\n(3,684,270,761)\n(514,366,196)\n(35,463,710,229)\n(1,110,839,976)\n(6,883,441,605)\n-\n(47,656,628,767)\n처분및폐기\n-\n47,985,279\n-\n125,178,382\n89,024,741\n95,014,000\n-\n357,202,402\n감가상각비\n-\n(257,545,544)\n(23,657,509)\n(1,586,747,130)\n(77,559,768)\n(201,920,569)\n-\n(2,147,430,520)\n기타증감(*)\n-\n(45,932,539)\n(6,447,101)\n(193,026,900)\n(14,332,265)\n(117,799,594)\n-\n(377,538,399)\n당분기말\n-\n(3,939,763,565)\n(544,470,806)\n(37,118,305,877)\n(1,113,707,268)\n(7,108,147,768)\n-\n(49,824,395,284)\n정부보조금\n당분기초\n-\n-\n-\n(275,558,777)\n-\n-\n-\n(275,558,777)\n감가상각비\n-\n-\n-\n64,687,851\n-\n-\n-\n64,687,851\n당분기말\n-\n-\n-\n(210,870,926)\n-\n-\n-\n(210,870,926)\n장부금액\n당분기초\n14,348,503,329\n6,782,475,254\n321,315,112\n6,704,475,826\n195,495,272\n543,921,895\n836,139,185\n29,732,325,873\n당분기말\n14,245,766,976\n7,332,297,580\n438,465,204\n7,017,288,261\n162,902,537\n624,150,181\n314,175,187\n30,135,045,926\n(*) 기타증감은 계정간의 대체, 외화환산조정 등으로 인하여 발생한 금액입니다.② 전기\n(단위 : 원)\n구\xa0 분\n토지\n건물\n구축물\n기계장치\n차량운반구\n기타의유형자산\n건설중인자산\n합\xa0 계\n취득원가\n전기초\n14,348,503,329\n10,478,730,872\n810,937,681\n39,983,173,567\n1,282,129,285\n7,242,084,397\n107,646,000\n74,253,205,131\n취득및자본적지출\n-\n4,257,000\n36,356,433\n477,874,743\n22,356,638\n122,986,857\n3,465,667,445\n4,129,499,116\n처분및폐기\n-\n-\n(5,533,268)\n(381,493,994)\n(33,991,828)\n(28,300,000)\n-\n(449,319,090)\n건설중인자산대체\n-\n57,554,600\n-\n2,483,755,468\n43,580,269\n145,119,224\n(2,730,009,561)\n-\n기타증감(*)\n-\n(73,796,457)\n(6,079,538)\n(119,564,952)\n(7,739,116)\n(54,526,978)\n(7,164,699)\n(268,871,740)\n전기말\n14,348,503,329\n10,466,746,015\n835,681,308\n42,443,744,832\n1,306,335,248\n7,427,363,500\n836,139,185\n77,664,513,417\n감가상각누계액\n전기초\n-\n(3,367,850,805)\n(496,081,190)\n(33,837,433,310)\n(1,020,633,913)\n(6,685,499,837)\n-\n(45,407,499,055)\n처분및폐기\n-\n-\n5,531,268\n369,271,029\n33,831,926\n10,295,000\n-\n418,929,223\n감가상각비\n-\n(334,034,113)\n(26,516,798)\n(2,073,143,122)\n(130,243,589)\n(258,345,477)\n-\n(2,822,283,099)\n기타증감(*)\n-\n17,614,157\n2,700,524\n77,595,174\n6,205,600\n50,108,709\n-\n154,224,164\n전기말\n-\n(3,684,270,761)\n(514,366,196)\n(35,463,710,229)\n(1,110,839,976)\n(6,883,441,605)\n-\n(47,656,628,767)\n정부보조금\n전기초\n-\n-\n-\n(66,226,560)\n-\n-\n-\n(66,226,560)\n증가\n-\n-\n-\n(236,222,000)\n-\n-\n-\n(236,222,000)\n감가상각비\n-\n-\n-\n26,889,783\n-\n-\n-\n26,889,783\n전기말\n-\n-\n-\n(275,558,777)\n-\n-\n-\n(275,558,777)\n장부금액\n전기초\n14,348,503,329\n7,110,880,067\n314,856,491\n6,079,513,697\n261,495,372\n556,584,560\n107,646,000\n28,779,479,516\n전기말\n14,348,503,329\n6,782,475,254\n321,315,112\n6,704,475,826\n195,495,272\n543,921,895\n836,139,185\n29,732,325,873\n(*) 기타증감은 계정간의 대체, 외화환산조정 등으로 인하여 발생한 금액입니다.12. 투자부동산(1) 당분기 및 전기 중 투자부동산 장부금액의 변동내역은 다음과 같습니다.① 당분기\n(단위 : 원)\n구\xa0 분\n토지\n건물\n합\xa0 계\n취득원가\n당분기초\n1,339,477,731\n1,040,074,509\n2,379,552,240\n처분및폐기\n-\n-\n-\n당분기말\n1,339,477,731\n1,040,074,509\n2,379,552,240\n감가상각누계액\n당분기초\n-\n(408,767,771)\n(408,767,771)\n처분및폐기\n-\n-\n-\n감가상각비\n-\n(16,672,842)\n(16,672,842)\n당분기말\n-\n(425,440,613)\n(425,440,613)\n장부금액\n당분기초\n1,339,477,731\n631,306,738\n1,970,784,469\n당분기말\n1,339,477,731\n614,633,896\n1,954,111,627\n② 전기\n(단위 : 원)\n구\xa0 분\n토지\n건물\n합\xa0 계\n취득원가\n전기초\n1,446,643,630\n1,210,806,000\n2,657,449,630\n처분및폐기\n(107,165,899)\n(170,731,491)\n(277,897,390)\n전기말\n1,339,477,731\n1,040,074,509\n2,379,552,240\n감가상각누계액\n전기초\n-\n(468,629,712)\n(468,629,712)\n처분및폐기\n-\n85,469,706\n85,469,706\n감가상각비\n-\n(25,607,765)\n(25,607,765)\n전기말\n-\n(408,767,771)\n(408,767,771)\n장부금액\n전기초\n1,446,643,630\n742,176,288\n2,188,819,918\n전기말\n1,339,477,731\n631,306,738\n1,970,784,469\n(2) 당분기 및 전분기 중 투자부동산 등과 관련하여 발생하고 있는 임대수익과 감가상각비는 다음과 같습니다. 연결실체는 투자부동산 등과 관련된 손익을 기타영업외손익으로분류하고 있습니다.\n(단위 : 원)\n구\xa0 분\n당분기\n전분기\n임대수익\n192,783,240\n98,211,240\n투자부동산감가상각비\n(16,672,842)\n(20,050,164)\n합\xa0 계\n176,110,398\n78,161,076\n(3) 상기의 투자부동산은 장부가액이 공정가치의 근사치로 당기말 현재 투자부동산의 공정가치 변동이 중요하지 않은 것으로 판단하여 공정가치평가를 수행하지 아니하였습니다.13. 무형자산(1) 당분기 및 전기 중 무형자산의 변동내역은 다음과 같습니다.① 당분기\n(단위 : 원)\n구\xa0 분\n개발비\n회원권\n기타의무형자산\n건설중인무형자산\n합\xa0 계\n취득원가\n당분기초\n720,949,215\n516,874,477\n3,129,674,811\n-\n4,367,498,503\n기타증감(*)\n-\n565,000\n75,982,803\n-\n76,547,803\n당분기말\n720,949,215\n517,439,477\n3,205,657,614\n-\n4,444,046,306\n감가상각누계액 및 손상차손누계액\n당분기초\n(720,949,215)\n(233,714,065)\n(1,826,434,080)\n-\n(2,781,097,360)\n무형자산상각비\n-\n-\n(85,181,999)\n-\n(85,181,999)\n당분기말\n(720,949,215)\n(233,714,065)\n(1,911,616,079)\n-\n(2,866,279,359)\n정부보조금\n당분기초\n-\n-\n(43,328,812)\n-\n(43,328,812)\n무형자산상각비\n-\n-\n9,268,216\n-\n9,268,216\n당분기말\n-\n-\n(34,060,596)\n-\n(34,060,596)\n장부금액\n당분기초\n-\n283,160,412\n1,259,911,919\n-\n1,543,072,331\n당분기말\n-\n283,725,412\n1,259,980,939\n-\n1,543,706,351\n(*) 기타증감은 계정간의 대체, 외화환산조정 등으로 인하여 발생한 금액입니다.② 전기\n(단위 : 원)\n구\xa0 분\n개발비\n회원권\n기타의무형자산\n건설중인무형자산\n합\xa0 계\n취득원가\n전기초\n720,949,215\n517,123,077\n3,102,755,719\n66,982,876\n4,407,810,887\n취득및자본적지출\n-\n-\n5,748,600\n-\n5,748,600\n처분및폐기\n-\n-\n(12,488,292)\n-\n(12,488,292)\n기타증감(*)\n-\n(248,600)\n33,658,784\n(66,982,876)\n(33,572,692)\n전기말\n720,949,215\n516,874,477\n3,129,674,811\n-\n4,367,498,503\n감가상각누계액 및 손상차손누계액\n전기초\n(672,885,934)\n(64,915,065)\n(1,690,683,857)\n-\n(2,428,484,856)\n무형자산상각비\n(48,063,281)\n-\n(135,750,223)\n-\n(183,813,504)\n손상차손\n-\n(168,799,000)\n-\n-\n(168,799,000)\n전기말\n(720,949,215)\n(233,714,065)\n(1,826,434,080)\n-\n(2,781,097,360)\n정부보조금\n전기초\n(18,669,210)\n-\n(13,169,200)\n-\n(31,838,410)\n전기증가\n-\n-\n(42,517,500)\n-\n(42,517,500)\n무형자산상각비\n18,669,210\n-\n12,357,888\n-\n31,027,098\n전기말\n-\n-\n(43,328,812)\n-\n(43,328,812)\n장부금액\n전기초\n29,394,071\n452,208,012\n1,398,902,662\n66,982,876\n1,947,487,621\n전기말\n-\n283,160,412\n1,259,911,919\n-\n1,543,072,331\n(*) 기타증감은 계정간의 대체, 외화환산조정 등으로 인하여 발생한 금액입니다.(2) 당분기와 전분기 중 비용으로 인식한 판매비와관리비의 경상연구비에 계상되어있는 연구 및 개발 지출의 총액은 각각 565,907천원, 467,286천원 입니다.14. 매입채무및기타채무당분기말과 전기말 현재 매입채무및기타채무의 내역은 다음과 같습니다.\n(단위 : 원)\n구\xa0 분\n당분기\n전\xa0 기\n유동\n비유동\n유동\n비유동\n매입채무\n4,972,501,635\n-\n6,093,223,871\n-\n미지급금\n2,245,821,429\n-\n691,826,336\n-\n미지급비용\n172,608,993\n-\n376,326,184\n-\n임대보증금\n-\n39,000,000\n-\n323,000,000\n합\xa0 계\n7,390,932,057\n39,000,000\n7,161,376,391\n323,000,000\n15. 차입부채(1) 당분기말과 전기말 현재 차입부채의 내역은 다음과 같습니다.\n(단위 : 원)\n구\xa0 분\n당분기\n전\xa0 기\n유동부채:\n담보부 은행차입금\n3,000,000,000\n4,794,000,000\n무담보 은행차입금\n3,129,734,120\n4,309,606,000\n소\xa0 계\n6,129,734,120\n9,103,606,000\n비유동부채:\n무담보부 은행차입금\n-\n500,000,000\n유동성장기부채\n-\n(500,000,000)\n소\xa0 계\n-\n-\n합\xa0 계\n6,129,734,120\n9,103,606,000\n(2) 당분기말과 전기말 현재 차입부채의 만기 및 이자율 등은 다음과 같습니다.\n(금액단위 : 원)\n구\xa0 분\n내\xa0 역\n차입처\n만\xa0 기\n약정이자율\n당분기\n전\xa0 기\n담보부 은행차입금\n중소기업자금대출\n중소기업은행\n2019\n2.38~2.70%\n-\n1,294,000,000\n중소기업육성자금대출\n중소기업은행\n2019\n-\n-\n500,000,000\n동반성장자금대출\nKDB산업은행\n2019\n2.10%\n3,000,000,000\n3,000,000,000\n소\xa0 계\n3,000,000,000\n4,794,000,000\n무담보은행차입금\n외화차입금\n한국수출입은행\n2019\n2.58%\n2,129,734,120\n3,309,606,000\n운영자금대출\nKDB산업은행\n2019\n2.37%\n1,000,000,000\n1,000,000,000\n소\xa0 계\n3,129,734,120\n4,309,606,000\n합\xa0 계\n6,129,734,120\n9,103,606,000\n16. 기타유동부채당분기말과 전기말 현재 기타유동부채의 내역은 다음과 같습니다.\n(단위 : 원)\n구\xa0 분\n당분기\n전\xa0 기\n선수금\n55,157,920\n36,189,390\n예수금\n157,141,839\n191,215,279\n부가세예수금\n120,705,794\n58,563,937\n합\xa0 계\n333,005,553\n285,968,606\n17. 종업원급여(1) 당분기와 전분기 중 비용으로 인식된 종업원급여의 내역은 다음과 같습니다.\n(단위 : 원)\n구\xa0 분\n당분기\n전분기\n최종 3개월\n누\xa0 적\n최종 3개월\n누\xa0 적\n급여\n2,311,731,270\n6,106,452,021\n1,853,133,920\n5,652,901,376\n확정급여형 퇴직급여제도 관련 비용\n149,458,059\n456,601,495\n126,074,136\n381,558,099\n합\xa0 계\n2,461,189,329\n6,563,053,516\n1,979,208,056\n6,034,459,475\n(2) 당분기말과 전기말 현재 재무상태표에 인식된 종업원급여 관련 순자산과 순부채의 금액은 다음과 같습니다.\n(단위 : 원)\n구\xa0 분\n당분기\n전\xa0 기\n확정급여부채\n순확정급여부채\n2,192,285,048\n1,766,314,737\n퇴직보험예치금\n-\n(2,510,400)\n합\xa0 계\n2,192,285,048\n1,763,804,337\n(3) 당분기와 전기 중 순확정급여부채의 조정내역은 다음과 같습니다.\n(단위 : 원)\n구\xa0 분\n확정급여채무\n사외적립자산\n확정급여부채\n당분기\n전\xa0 기\n당분기\n전\xa0 기\n당분기\n전\xa0 기\n기초잔액\n5,851,099,705\n5,352,507,530\n(4,084,784,968)\n(3,657,956,492)\n1,766,314,737\n1,694,551,038\n당기비용으로 인식 :\n당기근무원가\n479,311,420\n623,409,258\n-\n-\n479,311,420\n623,409,258\n이자원가(수익)\n55,801,224\n78,190,261\n(78,511,149)\n(110,091,612)\n(22,709,925)\n(31,901,351)\n소\xa0 계\n535,112,644\n701,599,519\n(78,511,149)\n(110,091,612)\n456,601,495\n591,507,907\n기타포괄손익으로 인식 :\n재측정손실\n- 보험수리적손실\n-\n(78,823,982)\n-\n-\n-\n(78,823,982)\n(재무적가정)\n-\n(80,047,923)\n-\n-\n-\n(80,047,923)\n(경험조정)\n-\n1,223,941\n-\n-\n-\n1,223,941\n- 사외적립자산손실\n-\n-\n-\n53,990,732\n-\n53,990,732\n소\xa0 계\n-\n(78,823,982)\n-\n53,990,732\n-\n(24,833,250)\n기타 :\n납부한 기여금\n-\n-\n-\n(465,000,000)\n-\n(465,000,000)\n급여 지급\n(343,674,338)\n(101,372,670)\n263,316,459\n94,272,404\n(80,357,879)\n(7,100,266)\n기타변동\n49,726,695\n(22,810,692)\n-\n-\n49,726,695\n(22,810,692)\n소\xa0 계\n(293,947,643)\n(124,183,362)\n263,316,459\n(370,727,596)\n(30,631,184)\n(494,910,958)\n기말잔액\n6,092,264,706\n5,851,099,705\n(3,899,979,658)\n(4,084,784,968)\n2,192,285,048\n1,766,314,737\n(4) 당분기말과 전기말 현재 사외적립자산은 다음 항목으로 구성되어 있습니다.\n(단위 : 원)\n구\xa0 분\n당분기\n전\xa0 기\n정기예금 등\n3,899,979,658\n4,084,784,968\n18. 자본금과 자본잉여금(1) 당분기말과 전기말 현재 자본금 내역은 다음과 같습니다.\n(금액단위 : 원)\n구\xa0 분\n당분기\n전\xa0 기\n발행가능주식수\n20,000,000주\n20,000,000주\n주당금액\n500\n500\n발행주식수\n10,000,000주\n10,000,000주\n보통주자본금\n5,000,000,000\n5,000,000,000\n(2) 당분기말과 전기말 현재 자본잉여금의 구성내역은 다음과 같습니다.\n(단위 : 원)\n구\xa0 분\n당분기\n전\xa0 기\n주식발행초과금\n4,788,899,689\n4,788,899,689\n기타자본잉여금\n(166,280,233)\n(166,280,233)\n재평가적립금\n6,905,850,486\n6,905,850,486\n합\xa0 계\n11,528,469,942\n11,528,469,942\n19. 기타자본항목당분기말과 전기말 현재 기타자본항목의 내역은 다음과 같습니다.\n(단위 : 원)\n구\xa0 분\n당분기\n전\xa0 기\n자기주식\n(16,475,000,000)\n(16,475,000,000)\n자기주식처분이익\n179,874\n179,874\n합\xa0 계\n(16,474,820,126)\n(16,474,820,126)\n20. 기타포괄손익누계액당분기말과 전기말 현재 기타포괄손익누계액의 내역은 다음과 같습니다.\n(단위 : 원)\n구\xa0 분\n당분기\n전\xa0 기\n기타포괄손익-공정가치측정금융자산평가손익\n73,397,303\n138,798,387\n지분법자본변동\n(164,817,582)\n(164,817,582)\n해외사업환산손익\n(1,075,650,827)\n(1,307,312,006)\n합\xa0 계\n(1,167,071,106)\n(1,333,331,201)\n21. 이익잉여금(1) 당분기말과 전기말의 이익잉여금 내역은 다음과 같습니다.\n(단위 : 원)\n구\xa0 분\n당분기\n전\xa0 기\n이익준비금\n2,069,549,000\n1,919,549,000\n임의적립금\n64,450,000,000\n62,950,000,000\n미처분이익잉여금\n15,377,418,789\n13,214,514,720\n합\xa0 계\n81,896,967,789\n78,084,063,720\n(2) 당분기말 및 전기 중 이익잉여금의 변동은 다음과 같습니다.\n(단위 : 원)\n구\xa0 분\n당분기\n전\xa0 기\n기초금액\n78,084,063,720\n73,672,992,800\n회계기준변경효과\n-\n113,276,733\n배당금 지급\n(1,500,000,000)\n(1,350,000,000)\n지배기업소유주지분에 대한 당기순이익\n5,212,916,329\n5,375,853,708\n순확정급여제도의 재측정요소(법인세차감후)\n-\n49,786,641\n기타포괄손익-공정가치측정금융자산의 처분\n99,987,740\n222,153,838\n기말금액\n81,896,967,789\n78,084,063,720\n22. 매출액당분기와 전분기의 매출액 구성내역은 다음과 같습니다.\n(단위 : 원)\n구\xa0 분\n당분기\n전분기\n최종 3개월\n누적\n최종 3개월\n누적\n제품매출\n10,076,159,754\n30,614,198,593\n11,130,542,822\n33,902,591,222\n외주제품매출\n1,055,096,960\n2,825,722,575\n915,165,699\n2,601,485,671\n매입상품매출\n9,009,219,801\n26,000,308,368\n7,969,335,330\n22,690,377,532\n기타매출\n139,705,904\n446,177,369\n249,966,997\n617,706,758\n합\xa0 계\n20,280,182,419\n59,886,406,905\n20,265,010,848\n59,812,161,183\n23. 매출원가당분기와 전분기의 매출원가 구성내역은 다음과 같습니다.\n(단위 : 원)\n구\xa0 분\n당분기\n전분기\n최종 3개월\n누적\n최종 3개월\n누적\n제품매출원가\n7,639,158,197\n23,320,689,401\n9,339,175,355\n27,723,224,053\n외주제품매출원가\n836,481,080\n2,120,577,674\n695,712,789\n1,868,108,760\n매입상품매출원가\n7,588,239,378\n21,539,708,298\n6,225,192,646\n17,967,294,040\n기타매출원가\n82,095,365\n324,493,784\n215,326,564\n516,414,798\n합\xa0 계\n16,145,974,020\n47,305,469,157\n16,475,407,354\n48,075,041,651\n24. 판매비와관리비당분기와 전분기의 판매비와관리비 구성내역은 다음과 같습니다.\n(단위 : 원)\n구\xa0 분\n당분기\n전분기\n최종 3개월\n누적\n최종 3개월\n누적\n인건비\n881,081,406\n2,650,201,099\n888,610,233\n2,688,578,882\n복리후생비\n153,302,955\n458,445,319\n174,500,773\n474,581,872\n여비교통비\n84,780,131\n255,641,313\n67,234,967\n244,999,928\n감가상각비\n50,479,668\n157,591,452\n55,896,294\n107,460,944\n경상연구비\n193,887,370\n565,906,978\n162,951,265\n467,362,812\n운반비\n206,159,396\n622,032,157\n198,954,335\n593,102,807\n수출비\n199,126,735\n569,416,225\n177,345,835\n605,607,589\n지급수수료\n418,450,947\n1,285,544,645\n412,375,525\n1,267,834,759\n무형자산상각비\n23,586,304\n72,243,770\n30,923,958\n93,289,966\n기타\n357,252,858\n897,015,337\n272,432,024\n854,875,260\n합\xa0 계\n2,568,107,770\n7,534,038,295\n2,441,225,209\n7,397,694,819\n25. 금융손익당분기와 전분기 중 발생한 금융수익 및 금융비용의 내역은 다음과 같습니다.\n(단위 : 원)\n구\xa0 분\n당분기\n전분기\n최종 3개월\n누적\n최종 3개월\n누적\nⅠ.금융수익\n- 이자수익\n상각후원가측정금융자산\n76,726,700\n213,706,236\n96,674,522\n255,935,144\n- 배당금수익\n-\n-\n-\n10,200,000\n- 외환차익\n131,246,752\n563,900,438\n185,042,493\n594,473,303\n- 외화환산이익\n268,385,826\n568,686,154\n(126,013,437)\n109,708,282\n금융수익 합계\n476,359,278\n1,346,292,828\n155,703,578\n970,316,729\nⅡ.금융비용\n- 이자비용\n상각후원가측정금융부채\n(72,603,810)\n(153,142,618)\n(108,301,568)\n(310,193,486)\n- 외환차손\n(101,722,020)\n(349,456,266)\n(227,845,975)\n(645,866,541)\n- 외화환산손실\n38,519,687\n(29,741,574)\n(258,008,286)\n(547,776,430)\n금융비용 합계\n(135,806,143)\n(532,340,458)\n(594,155,829)\n(1,503,836,457)\nⅢ. 순금융수익(비용)(Ⅰ+Ⅱ)\n340,553,135\n813,952,370\n(438,452,251)\n(533,519,728)\n26. 기타영업외손익당분기와 전분기의 기타영업외손익의 상세내역은 다음과 같습니다.\n(단위 : 원)\n구\xa0 분\n당분기\n전분기\n최종 3개월\n누적\n최종 3개월\n누적\nⅠ.기타영업외수익\n- 임대수익\n85,883,080\n261,579,240\n35,137,080\n105,483,240\n- 유형자산처분이익\n10,069,707\n29,330,857\n393,454\n77,871,273\n- 잡이익\n24,727,143\n152,074,249\n38,666,434\n171,406,692\n기타영업외수익 합계\n120,679,930\n442,984,346\n74,196,968\n354,761,205\nⅡ.기타영업외비용\n- 투자부동산감가상각비\n(5,557,614)\n(16,672,842)\n(6,683,388)\n(20,050,164)\n- 유형자산처분손실\n(7,606,537)\n(27,211,310)\n(1,000)\n(72,378,275)\n- 기부금\n(1,105,388)\n(20,988,162)\n(964,454)\n(20,564,831)\n- 잡손실\n(3,460,361)\n(16,493,647)\n(15,229,354)\n(35,228,162)\n기타영업외비용 합계\n(17,729,900)\n(81,365,961)\n(22,878,196)\n(148,221,432)\nⅢ.순기타영업외수익(Ⅰ+Ⅱ)\n102,950,030\n361,618,385\n51,318,772\n206,539,773\n27. 성격별 비용당분기와 전분기 중 발생한 비용의 성격별 분류에 대한 정보는 다음과 같습니다\n(단위 : 원)\n구\xa0 분\n당분기\n전분기\n최종 3개월\n누적\n최종 3개월\n누적\n재고자산 매입액\n10,565,875,386\n28,876,906,461\n9,128,464,134\n30,657,460,013\n재고자산의 변동\n(1,005,949,884)\n(1,041,305,636)\n1,047,219,826\n(1,142,709,009)\n종업원급여\n2,461,189,329\n6,563,053,516\n1,979,208,056\n6,034,459,475\n감가상각비 및 기타상각비\n745,707,204\n2,175,329,294\n706,252,689\n2,243,125,679\n기타\n5,947,259,755\n18,265,523,817\n6,055,487,858\n17,680,400,312\n합\xa0 계\n18,714,081,790\n54,839,507,452\n18,916,632,563\n55,472,736,470\n28. 지배기업소유주지분에 대한 주당이익(1) 당분기와 전분기의 기본주당이익 계산내역은 다음과 같습니다.① 기본주당이익\n(금액단위 : 원)\n구\xa0 분\n당분기\n전분기\n최종 3개월\n누적\n최종 3개월\n누적\n분기순이익\n1,596,865,661\n5,212,916,329\n841,769,125\n3,408,518,073\n가중평균유통보통주식수\n7,500,000주\n7,500,000주\n7,500,000주\n7,500,000주\n기본주당이익\n213\n695\n112\n454\n② 가중평균유통보통주식수\n구\xa0 분\n당분기\n전분기\n최종 3개월\n누적\n최종 3개월\n누적\n기초 발행보통주식수\n10,000,000주\n10,000,000주\n10,000,000주\n10,000,000주\n자기주식효과\n(2,500,000)주\n(2,500,000)주\n(2,500,000)주\n(2,500,000)주\n가중평균유통보통주식수\n7,500,000주\n7,500,000주\n7,500,000주\n7,500,000주\n(2) 연결실체는 희석증권이 없으므로 희석주당순이익은 기본주당이익과 동일합니다.29. 법인세비용법인세비용은 전체 회계연도에 대해서 예상되는 최선의 연간 법인세율의 추정에 기초하여 인식하였습니다. 당분기와 전분기의 예상 평균 유효법인세율은 각각 17.02%와 16.79%입니다.30. 현금흐름표(1) 당분기와 전분기의 영업활동으로 인한 현금흐름 중 분기순이익 조정을 위한 가감의 내역은 다음과 같습니다.\n(단위 : 원)\n구\xa0 분\n당분기\n전분기\n퇴직급여\n456,601,495\n381,558,099\n감가상각비\n2,082,742,669\n2,096,138,330\n투자부동산감가상각비\n16,672,842\n20,050,164\n무형자산상각비\n75,913,783\n126,937,185\n대손상각비\n(5,243,550)\n(638,248)\n외화환산손실\n29,741,574\n547,776,430\n유형자산처분손실\n27,211,310\n72,378,275\n이자비용\n153,142,618\n310,193,486\n법인세비용\n1,071,681,160\n678,961,084\n외화환산이익\n(568,686,154)\n(109,708,282)\n지분법평가이익\n(75,155,974)\n(32,196,164)\n유형자산처분이익\n(29,330,857)\n(77,871,273)\n이자수익\n(213,706,236)\n(255,695,006)\n배당금수익\n-\n(10,200,000)\n합\xa0 계\n3,021,584,680\n3,747,684,080\n(2) 당분기와 전분기의 영업활동으로 인한 현금흐름 중 영업활동으로 인한 자산부채의 변동 내역은 다음과 같습니다.\n(단위 : 원)\n구\xa0 분\n당분기\n전분기\n매출채권및기타단기채권의 감소(증가)\n매출채권\n730,028,835\n3,624,018,909\n미수금\n58,692,169\n191,609,434\n기타유동자산의 감소(증가)\n선급금\n338,619,174\n(862,465,643)\n선급비용\n(29,072,469)\n(26,253,668)\n선급법인세\n(257,908,986)\n(51,391,625)\n부가세대급금\n893,906,453\n75,720,790\n재고자산의 감소(증가)\n(730,305,108)\n(1,318,898,738)\n매입채무및기타단기채무의 증가(감소)\n매입채무\n(1,373,176,434)\n(4,968,318,421)\n미지급금\n1,424,945,139\n693,830,022\n미지급비용\n(219,631,678)\n(84,631,347)\n기타유동부채의 증가(감소)\n선수금\n18,968,530\n159,442,362\n예수금\n(35,476,123)\n(22,891,557)\n부가세예수금\n62,141,857\n(45,928,280)\n확정급여부채의 증가(감소)\n(77,847,479)\n3,449,221\n합\xa0 계\n803,883,880\n(2,632,708,541)\n(3) 당분기와 전분기 중 현금의 유입과 유출이 없는 중요한 거래내역은 다음과 같습니다.\n(단위 : 원)\n구\xa0 분\n당분기\n전분기\n건설중인자산의 본계정 대체\n1,993,475,222\n716,832,921\n건설중인자산의 무형자산 대체\n-\n66,982,876\n유형자산에 대한 미지급금 증가(감소)\n168,902,919\n(166,967,500)\n장기차입금의 유동성대체\n-\n500,000,000\n합\xa0 계\n2,162,378,141\n1,116,848,297\n(4) 재무활동에서 발생한 부채의 당분기 중 변동 내역은 다음과 같습니다.\n(단위 : 원)\n구\xa0 분\n기\xa0 초\n현금흐름\n환율변동\n당기말\n단기차입금\n8,603,606,000\n(2,538,063,600)\n64,191,720\n6,129,734,120\n유동성장기차입금\n500,000,000\n(500,000,000)\n-\n-\n임대보증금\n323,000,000\n(284,000,000)\n-\n39,000,000\n합\xa0 계\n9,426,606,000\n(3,322,063,600)\n64,191,720\n6,168,734,120\n31. 금융상품(1) 금융상품의 범주별 분류당분기말과 전기말 현재 범주별 금융상품의 장부금액은 다음과 같습니다.① 금융자산\n(단위 : 원)\n구\xa0 분\n당분기\n전\xa0 기\n상각후원가 측정 금융자산\n기타포괄손익- 공정가치 측정 금융자산\n대여금및수취채권\n매도가능금융자산\n현금및현금성자산\n18,584,009,451\n-\n18,748,817,460\n-\n매출채권및 기타채권\n매출채권\n11,604,605,219\n-\n12,087,868,503\n-\n단기대여금\n10,909,580\n-\n70,368,520\n-\n미수금\n7,967,514\n-\n7,047,491\n-\n미수수익\n102,365,784\n-\n14,300,158\n-\n보증금\n801,907,909\n-\n607,002,162\n-\n소\xa0 계\n12,527,756,006\n-\n12,786,586,834\n-\n기타포괄손익-공정가치측정금융자산\n-\n4,836,297,277\n-\n4,559,565,310\n합\xa0 계\n31,111,765,457\n4,836,297,277\n31,535,404,294\n4,559,565,310\n② 금융부채\n(단위 : 원)\n구\xa0 분\n상각후원가 측정 금융부채\n당분기\n전\xa0 기\n매입채무및기타채무\n매입채무\n4,972,501,635\n6,093,223,871\n미지급금\n2,245,821,429\n691,826,336\n미지급비용\n172,608,993\n376,326,184\n임대보증금\n39,000,000\n323,000,000\n소\xa0 계\n7,429,932,057\n7,484,376,391\n차입금\n단기차입금\n6,129,734,120\n8,603,606,000\n유동성장기차입금\n-\n500,000,000\n소\xa0 계\n6,129,734,120\n9,103,606,000\n합\xa0 계\n13,559,666,177\n16,587,982,391\n(2) 금융상품의 범주별 분류 및 공정가치 서열체계공정가치에는 다음의 수준이 있습니다.- 동일한 자산이나 부채에 대한 활성시장의 공시가격 (수준 1)- 직접적으로 또는 간접적으로 관측가능한, 자산이나 부채에 대한 투입변수 (수준 2)- 관측가능한 시장자료에 기초하지 않은, 자산이나 부채에 대한 투입변수 (수준 3)연결실체의 공정가치는 아래에서 설명하고 있는 방법에 근거하여 결정되었습니다.활성시장에서 거래되는 금융상품의 공정가치는 보고기간말 현재 고시되는 시장가격에 기초하여 산정됩니다. 거래소, 판매자, 중개인, 산업집단, 평가기관 또는 감독기관을 통해 공시가격이 용이하게 그리고 정기적으로 이용가능하고, 그러한 가격이 독립된 연결실체자 사이에서 정기적으로 발생한 실제 시장거래를 나타낸다면, 이를 활성시장으로 간주합니다.활성시장에서 거래되지 아니하는 금융상품의 공정가치에 대하여 평가기법을 사용하여 결정하고 있습니다. 회사는 다양한 평가기법을 활용하고 있으며 보고기간말에 현재 시장 상황에 근거하여 가정을 수립하고 있습니다. 이러한 평가기법은 관측가능한 시장정보를 최대한 사용하고 기업특유정보를 최소한으로 사용합니다. 이때, 해당상품의 공정가치 측정에 요구되는 모든 유의적인 투입변수가 관측가능하다면 해당상품은 수준 2에 포함됩니다.만약 하나 이상의 유의적인 투입변수가 관측가능한 시장정보에 기초한 것이 아니라면 해당 상품은 수준 3에 포함됩니다.금융상품의 공정가치를 측정하는 데에 사용되는 평가기법에는 다음이 포함됩니다.- 유사한 상품의 공시시장가격 또는 딜러가격- 파생상품의 공정가치는 보고기간종료일 현재의 선도환율 등을 사용하여 해당 금액을 현재가치로 할인하여 측정공정가치 서열체계를 포함한 금융자산과 금융부채의 장부금액과 공정가치는 다음과 같습니다. 장부금액이 공정가치의 합리적인 근사치에 해당하여 공정가치를 측정하지않은 금융자산과 금융부채에 대한 공정가치 정보는 포함하고 있지 않습니다.① 당분기\n(단위 : 원)\n구\xa0 분\n수준1\n수준2\n수준3\n합\xa0 계\n기타포괄-공정가치 측정 금융자산\n상장주식\n555,152,410\n-\n-\n555,152,410\n비상장주식\n-\n14,426,847\n95,873,419\n110,300,266\n출자금\n-\n-\n4,170,844,601\n4,170,844,601\n합\xa0 계\n555,152,410\n14,426,847\n4,266,718,020\n4,836,297,277\n② 전기\n(단위 : 원)\n구\xa0 분\n수준1\n수준2\n수준3\n합\xa0 계\n기타포괄-공정가치 측정 금융자산\n상장주식\n82,840,000\n-\n-\n82,840,000\n비상장주식\n-\n49,867,290\n95,873,419\n145,740,709\n출자금\n-\n-\n4,330,984,601\n4,330,984,601\n합\xa0 계\n82,840,000\n49,867,290\n4,426,858,020\n4,559,565,310\n당분기와 전기 중 수준 1과 수준 2 간의 유의적인 이동은 없습니다.(3) 당분기말과 전기말 현재 수준2 와 수준3의 공정가치 측정을 위해 사용된 평가기법과 유의적이지만 관측가능하지 않은 투입변수는 다음과 같습니다\n(단위 : 원)\n구\xa0 분\n공정가치\n공정가치 서열체계 수준\n가치평가기법\n유의적이지만 관측가능 하지 않은 투입변수\n당분기말\n전기말\n비상장주식\n14,426,847\n49,867,290\n2\n시장접근법\n-\n비상장주식\n95,873,419\n95,873,419\n3\n순자산가치법\n자산가치\n출자금\n4,170,844,601\n4,330,984,601\n3\n순자산가치법\n자산가치\n(4) 당분기 중 수준3 공정가치 변동내역은 다음과 같습니다.\n구\xa0 분\n기\xa0 초\n취\xa0 득\n처\xa0 분\n기타포괄손익에 포함된 손익\n당분기말\n기타포괄-공정가치 측정 금융자산\n4,426,858,020\n176,160,000\n(336,300,000)\n-\n4,266,718,020\n32. 우발부채와 약정사항(1) 당분기말 현재 연결실체가 금융기관과 체결하고 있는 여신한도 거래의 주요내역은 다음과 같습니다.\n(원화단위 : 원)\n금융기관\n약정사항\n한도금액\n실행액\n㈜대구은행\n기한부수입신용장(USANCE)\nUSD 500,000\nUSD 18,624\n일람불수입신용장(At-Sight)\nUSD 1,000,000\n-\nKDB산업은행\n동반성장자금대출\n3,000,000,000\n3,000,000,000\n산업운영자금대출\n1,000,000,000\n1,000,000,000\n한국수출입은행\n현지법인사업자금대출\nUSD 5,000,000\nUSD 2,000,000\n합\xa0 계\nUSD 6,500,000\nUSD 2,018,624\n4,000,000,000\n4,000,000,000\n(2) 당분기말 현재 담보로 제공한 연결실체 자산의 내역은 다음과 같습니다.\n(원화단위:원)\n채권자명\n과목\n장부가액\n담보설정액\n담보대상 차입금\nKDB산업은행\n토지\n2,823,202,000\n7,200,000,000\n3,000,000,000\n건물\n1,756,492,394\n합\xa0 계\n4,579,694,394\n7,200,000,000\n3,000,000,000\n36. 특수관계자(1) 당분기말 현재 연결실체의 특수관계자 현황은 다음과 같습니다.\n특수관계 구분\n당분기\n관계기업\n삼양연마공업㈜\n기\xa0 \xa0 타\n동일산업(주)\n(주)세명기업\n(주)이루테크\n(2) 주요 경영진과의 거래주요 경영진은 단기종업원급여, 퇴직급여를 제공받고 있습니다. 연결실체는 당분기 중 471,742천원(전분기 475,096천원)의 보상을 주요 경영진에게 제공하였습니다. 주요 경영진에는 등기임원인 이사(사외이사 포함) 및 감사를 포함하였습니다.(3) 기타 특수관계자와의 거래① 당분기\n(단위 : 원)\n구분\n특수관계자\n매출\n매입\n관계기업\n삼양연마공업(주)\n387,248,020\n-\n기타\n(주)세명기업\n-\n22,920,750\n합\xa0 계\n387,248,020\n22,920,750\n② 전분기\n(단위 : 원)\n구분\n특수관계자\n매출\n매입\n관계기업\n삼양연마공업(주)\n367,382,870\n4,400,000\n기타\n(주)세명기업\n-\n34,719,300\n합\xa0 계\n367,382,870\n39,119,300\n(4) 당분기말과 전기말 현재 특수관계자에 대한 채권ㆍ채무 내역은 다음과 같습니다.① 당분기\n(단위 : 원)\n구분\n회사명\n매출채권\n기타단기채무\n관계기업\n삼양연마공업(주)\n52,218,650\n-\n기타\n(주)세명기업\n-\n1,735,965\n합\xa0 계\n52,218,650\n1,735,965\n상기 채권과 관련된 대손충당금은 없습니다.② 전기\n(단위 : 원)\n구분\n회사명\n매출채권\n기타단기채무\n관계기업\n삼양연마공업(주)\n35,608,375\n-\n기타\n(주)세명기업\n-\n3,637,260\n합\xa0 계\n35,608,375\n3,637,260\n상기 채권과 관련된 대손충당금은 없습니다.\n4. 재무제표\n재무상태표\n제 46 기 3분기말 2019.09.30 현재\n제 45 기말\xa0 \xa0 \xa0 \xa0 \xa0 2018.12.31 현재\n(단위 : 원)\n\u3000\n제 46 기 3분기말\n제 45 기말\n자산\n\u3000\n\u3000\n\u3000유동자산\n45,564,248,597\n46,813,367,055\n\u3000\u3000현금및현금성자산 (주5,31)\n17,124,332,596\n17,214,107,094\n\u3000\u3000매출채권및기타채권 (주6,31)\n14,052,989,049\n15,280,007,056\n\u3000\u3000재고자산 (주7)\n14,181,955,023\n13,812,589,044\n\u3000\u3000기타유동자산 (주8)\n204,971,929\n506,663,861\n\u3000비유동자산\n39,383,696,688\n35,297,644,359\n\u3000\u3000기타포괄손익-공정가치측정금융자산 (주9,31)\n4,836,297,277\n4,559,565,310\n\u3000\u3000종속기업투자 (주10)\n11,323,982,080\n7,389,557,330\n\u3000\u3000관계기업투자 (주10)\n6,208,277,948\n6,208,277,948\n\u3000\u3000장기매출채권및기타채권 (주6,31)\n752,291,090\n557,494,090\n\u3000\u3000유형자산 (주11)\n14,017,352,375\n14,244,667,138\n\u3000\u3000투자부동산 (주12)\n1,954,111,627\n1,970,784,469\n\u3000\u3000무형자산 (주13)\n291,384,291\n367,298,074\n\u3000자산총계\n84,947,945,285\n82,111,011,414\n부채\n\u3000\n\u3000\n\u3000유동부채\n10,039,004,441\n9,141,699,885\n\u3000\u3000매입채무및기타채무 (주14,31)\n6,543,693,061\n4,871,260,945\n\u3000\u3000단기차입금 (주15,31)\n3,000,000,000\n3,000,000,000\n\u3000\u3000당기법인세부채\n267,702,782\n1,092,660,235\n\u3000\u3000기타유동부채 (주16)\n169,353,957\n161,007,205\n\u3000\u3000기타유동금융부채 (주31)\n58,254,641\n16,771,500\n\u3000비유동부채\n1,274,506,833\n1,310,251,715\n\u3000\u3000장기매입채무및기타채무 (주14,31)\n39,000,000\n323,000,000\n\u3000\u3000확정급여채무 (주17)\n1,181,046,316\n914,344,739\n\u3000\u3000이연법인세부채\n54,460,517\n72,906,976\n\u3000부채총계\n11,313,511,274\n10,451,951,600\n자본\n\u3000\n\u3000\n\u3000자본금 (주18)\n5,000,000,000\n5,000,000,000\n\u3000자본잉여금 (주18)\n11,719,872,649\n11,719,872,649\n\u3000기타자본항목 (주19)\n(16,474,820,126)\n(16,474,820,126)\n\u3000기타포괄손익누계액 (주20)\n73,397,303\n138,798,387\n\u3000이익잉여금 (주21)\n73,315,984,185\n71,275,208,904\n\u3000자본총계\n73,634,434,011\n71,659,059,814\n자본과부채총계\n84,947,945,285\n82,111,011,414\n※ 제46기 3분기 재무정보는 외부감사인의 감사(검토)를 받지 않았습니다.\n포괄손익계산서\n제 46 기 3분기 2019.01.01 부터 2019.09.30 까지\n제 45 기 3분기 2018.01.01 부터 2018.09.30 까지\n(단위 : 원)\n\u3000\n제 46 기 3분기\n제 45 기 3분기\n3개월\n누적\n3개월\n누적\n매출액 (주22)\n17,269,869,147\n50,873,012,002\n17,353,270,888\n51,135,266,776\n매출원가 (주23,27)\n14,772,069,606\n42,851,816,144\n14,617,454,647\n42,815,818,681\n매출총이익\n2,497,799,541\n8,021,195,858\n2,735,816,241\n8,319,448,095\n판매비와관리비 (주24,27)\n1,797,139,360\n5,276,911,563\n1,710,594,239\n5,324,302,866\n영업이익\n700,660,181\n2,744,284,295\n1,025,222,002\n2,995,145,229\n기타영업외손익 (주26)\n218,842,693\n736,811,755\n196,752,426\n565,692,727\n\u3000기타영업외수익\n236,127,976\n813,688,406\n218,992,099\n711,917,611\n\u3000기타영업외비용\n(17,285,283)\n(76,876,651)\n(22,239,673)\n(146,224,884)\n금융손익 (주25)\n368,871,376\n853,799,952\n25,876,057\n2,066,995,142\n\u3000금융수익\n395,116,417\n1,055,334,442\n99,547,232\n2,468,188,840\n\u3000금융비용\n(26,245,041)\n(201,534,490)\n(73,671,175)\n(401,193,698)\n법인세비용차감전순이익\n1,288,374,250\n4,334,896,002\n1,247,850,485\n5,627,833,098\n법인세비용 (주29)\n265,405,095\n894,108,461\n54,133,932\n547,276,489\n당기순이익(손실)\n1,022,969,155\n3,440,787,541\n1,193,716,553\n5,080,556,609\n후속적으로 당기손익으로 재분류되지 않는 포괄손익\n(41,076,757)\n(65,401,084)\n2,067,686\n(175,121,177)\n\u3000공정가치측정금융자산평가손익\n(41,076,757)\n(65,401,084)\n2,067,686\n(175,121,177)\n총포괄이익\n981,892,398\n3,375,386,457\n1,195,784,239\n4,905,435,432\n주당이익\xa0 (주28)\n\u3000\n\u3000\n\u3000\n\u3000\n\u3000기본주당이익 (단위 : 원)\n137\n459\n159\n677\n\u3000희석주당이익 (단위 : 원)\n137\n459\n159\n677\n※ 제46기 3분기 재무정보는 외부감사인의 감사(검토)를 받지 않았습니다.\n자본변동표\n제 46 기 3분기 2019.01.01 부터 2019.09.30 까지\n제 45 기 3분기 2018.01.01 부터 2018.09.30 까지\n(단위 : 원)\n\u3000\n자본\n자본금\n자본잉여금\n기타자본항목\n기타포괄손익누계액\n이익잉여금\n자본\xa0 합계\n2018.01.01 (기초자본)\n5,000,000,000\n11,719,872,649\n(16,474,820,126)\n129,890,537\n67,550,497,450\n67,925,440,510\n회계정책변경에 따른 증가(감소)\n\u3000\n\u3000\n\u3000\n(799,875,328)\n799,875,328\n\u3000\n자본의 변동\n총포괄이익\n당기순이익\n\u3000\n\u3000\n\u3000\n\u3000\n5,080,556,609\n5,080,556,609\n공정가치측정금융자산평가손익\n\u3000\n\u3000\n\u3000\n47,032,661\n\u3000\n47,032,661\n기타포괄손익\n\u3000\n\u3000\n\u3000\n(222,153,838)\n222,153,838\n\u3000\n자본에 직접 인식된 주주와의 거래\n연차배당\n\u3000\n\u3000\n\u3000\n\u3000\n(1,350,000,000)\n(1,350,000,000)\n2018.09.30 (기말자본)\n5,000,000,000\n11,719,872,649\n(16,474,820,126)\n(845,105,968)\n72,303,083,225\n71,703,029,780\n2019.01.01 (기초자본)\n5,000,000,000\n11,719,872,649\n(16,474,820,126)\n138,798,387\n71,275,208,904\n71,659,059,814\n회계정책변경에 따른 증가(감소)\n\u3000\n\u3000\n\u3000\n\u3000\n\u3000\n\u3000\n자본의 변동\n총포괄이익\n당기순이익\n\u3000\n\u3000\n\u3000\n\u3000\n3,440,787,541\n3,440,787,541\n공정가치측정금융자산평가손익\n\u3000\n\u3000\n\u3000\n(65,401,084)\n\u3000\n(65,401,084)\n기타포괄손익\n\u3000\n\u3000\n\u3000\n\u3000\n99,987,740\n99,987,740\n자본에 직접 인식된 주주와의 거래\n연차배당\n\u3000\n\u3000\n\u3000\n\u3000\n(1,500,000,000)\n(1,500,000,000)\n2019.09.30 (기말자본)\n5,000,000,000\n11,719,872,649\n(16,474,820,126)\n73,397,303\n73,315,984,185\n73,634,434,011\n※ 제46기 3분기 재무정보는 외부감사인의 감사(검토)를 받지 않았습니다.\n현금흐름표\n제 46 기 3분기 2019.01.01 부터 2019.09.30 까지\n제 45 기 3분기 2018.01.01 부터 2018.09.30 까지\n(단위 : 원)\n\u3000\n제 46 기 3분기\n제 45 기 3분기\n영업활동으로 인한 현금흐름\n7,017,625,608\n5,635,120,444\n\u3000영업활동에서 창출된 현금흐름\n8,505,963,435\n4,192,213,554\n\u3000\u3000당기순이익\n3,440,787,541\n5,080,556,609\n\u3000\u3000당기순이익 조정을 위한 가감 (주30)\n1,927,359,541\n362,956,861\n\u3000\u3000영업활동으로 인한 자산부채의 변동 (주30)\n3,137,816,353\n(1,251,299,916)\n\u3000이자의 수취\n278,021,232\n221,007,061\n\u3000배당금의 수취\n0\n1,660,200,000\n\u3000이자의 지급\n(47,293,145)\n(77,707,331)\n\u3000법인세의 납부\n(1,719,065,914)\n(360,592,840)\n투자활동으로 인한 현금흐름\n(5,335,993,971)\n1,015,232,301\n\u3000투자활동으로 인한 현금유입\n3,560,177,282\n13,094,148,641\n\u3000\u3000단기대여금의 감소\n1,394,480,000\n11,500,000,000\n\u3000\u3000기타포괄손익-공정가치측정금융자산의 감소\n1,267,840,700\n652,516,764\n\u3000\u3000유형자산의 처분\n897,653,582\n304,318,994\n\u3000\u3000장기금융상품의 감소\n0\n484,392,475\n\u3000\u3000보증금의 감소\n203,000\n152,920,408\n\u3000투자활동으로 인한 현금유출\n(8,896,171,253)\n(12,078,916,340)\n\u3000\u3000단기대여금의 증가\n(1,000,300,000)\n(9,439,294,533)\n\u3000\u3000장기금융상품의 증가\n0\n(15,000,000)\n\u3000\u3000기타포괄손익-공정가치측정금융자산의 증가\n(1,528,432,470)\n(336,540,000)\n\u3000\u3000유형자산의 취득\n(2,238,014,033)\n(2,288,081,807)\n\u3000\u3000보증금의 증가\n(195,000,000)\n0\n\u3000\u3000종속기업투자주식의 취득\n(3,934,424,750)\n0\n재무활동으로 인한 현금흐름\n(1,784,000,000)\n(2,142,127,100)\n\u3000재무활동으로 인한 현금유입\n0\n3,207,872,900\n\u3000\u3000단기차입금의 증가\n0\n3,000,000,000\n\u3000\u3000정부보조금의 수령\n0\n207,872,900\n\u3000재무활동으로 인한 현금유출\n(1,784,000,000)\n(5,350,000,000)\n\u3000\u3000임대보증금의 감소\n(284,000,000)\n0\n\u3000\u3000단기차입금의 상환\n0\n(4,000,000,000)\n\u3000\u3000배당금의 지급\n(1,500,000,000)\n(1,350,000,000)\n환율변동으로 인한 현금및현금성자산의 증감\n12,593,865\n(18,063,035)\n현금및현금성자산의 증가(감소)\n(89,774,498)\n4,490,162,610\n기초의 현금및현금성자산\n17,214,107,094\n11,277,288,623\n기말의 현금및현금성자산\n17,124,332,596\n15,767,451,233\n※ 제46기 3분기 재무정보는 외부감사인의 감사(검토)를 받지 않았습니다.\n5. 재무제표 주석\n제 46(당) 기 3분기 2019년 1월 1일부터 2019년 9월 30일까지\n제 45(전) 기 3분기 2018년 1월 1일부터 2019년 9월 30일까지\n제일연마공업주식회사\n1. 회사의 개요제일연마공업주식회사(이하 ""당사""라 함)는 1974년 12월 27일 설립되어 연마석의 제조 및 판매를 주요 사업으로 영위하고 있습니다. 당사는 경상북도 포항시 및 경기도 안성시에 본사와 제조시설을 가지고 있으며, 인도네시아에 현지법인을 두고 있습니다. 당사는 2005년 12월 9일자로 주식을 유가증권시장에 등록하였으며, 당분기말 현재 주요주주는 다음과 같습니다.\n주주명\n주식수\n지분율\n오유인\n3,856,744\n38.57%\n오현수\n769,819\n7.70%\n오길봉\n420,000\n4.20%\n오영민\n45,649\n0.46%\n우리사주조합\n17,749\n0.17%\n자사주\n2,500,000\n25.00%\n기타주주\n2,390,039\n23.90%\n합\xa0\xa0 계\n10,000,000\n100.00%\n2. 재무제표 작성기준(1) 회계기준의 적용당사의 분기재무제표는 한국채택국제회계기준에 따라 작성되는 요약 중간재무제표입니다. 동 재무제표는 기업회계기준서 제1034호 \'중간재무보고\'에 따라 작성되었으며, 연차재무제표에서 요구되는 정보에 비하여 적은 정보를 포함하고 있습니다. 선별적 주석은 직전 연차보고기간말 후 발생한 당사의 재무상태와 경영성과의 변동을 이해하는데 유의적인 거래나 사건에 대한 설명을 포함하고 있습니다.\n당사의 분기재무제표는 기업회계기준서 제1027호 \'별도재무제표\'에 따른 별도재무제표로서 종속기업, 관계기업의 투자자가 투자자산을 피투자자의 보고된 성과와 순자산에 근거하지 않고 직접적인 지분투자에 근거한 회계처리로 표시한 재무제표입니다. 당사의 분기재무제표는 기업회계기준서 제1116호 \'리스\'가 처음 적용되었으며, 유의적인 회계정책의 변경은 주석 3에서 설명하고 있습니다.(2) 재무제표의 측정기준당사의 분기재무제표는 기타포괄손익-공정가치측정 금융자산과 보고기간 종료일 현재 확정급여채무의 현재가치에서 공정가치로 인식된 사외적립자산을 차감하여 인식한 순확정급여부채를 제외하고는 역사적원가를 기준으로 작성되었습니다.(3) 기능통화와 보고통화본 요약 분기재무제표는 당사의 기능통화인 대한민국의 \'원\'으로 표시되어 있습니다.\n(4) 추정과 판단\n① 경영진의 판단 및 가정과 추정의 불확실성\n한국채택국제회계기준은 중간재무제표를 작성함에 있어서 회계정책의 적용이나, 중간보고기간말 현재 자산, 부채 및 수익, 비용의 보고금액에 영향을 미치는 사항에 대하여 경영진의 최선의 판단을 기준으로 한 추정치와 가정의 사용을 요구하고 있습니다. 중간보고기간말 현재 경영진의 최선의 판단을 기준으로 한 추정치와 가정이 실제환경과 다를 경우 이러한 추정치와 실제 결과는 다를 수 있습니다.분기재무제표에서 사용된 당사의 회계정책 적용과 추정금액에 대한 경영진의 판단은주석 3에서 설명하고 있는 기업회계기준서 제1116호 \'리스\'적용 관련 새로운 중요한판단과 추정 불확실성의 주요 원천을 제외하고는, 2018년 12월 31일로 종료되는 회계 연도의 연차재무제표와 동일한 회계정책과 추정의 근거를 사용하였습니다.\n② 공정가치 측정\n당사는 공정가치평가 정책과 절차를 수립하고 있습니다. 동 정책과 절차에는 공정가 치 서열체계에서 수준 3으로 분류되는 공정가치를 포함한 모든 유의적인 공정가치 측정의 검토를 책임지는 평가부서의 운영을 포함하고 있으며, 그 결과는 재무담당임원에게 직접 보고되고 있습니다.평가부서는 정기적으로 관측가능하지 않은 유의적인 투입변수와 평가 조정을 검토하고 있습니다. 공정가치 측정에서 중개인 가격이나 평가기관과 같은 제3자 정보를 사용하는 경우, 평가부서에서 제3자로부터 입수한 정보에 근거한 평가가 공정가치 서열체계 내 수준별 분류를 포함하고 있으며 해당 기준서의 요구사항을 충족한다고 결론을 내릴 수 있는지 여부를 판단하고 있습니다.당사의 유의적인 평가 문제를 이사회에 보고하고 있습니다.\n자산이나 부채의 공정가치를 측정하는 경우, 당사는 최대한 시장에서 관측가능한 투입변수를 사용하고 있습니다. 공정가치는 다음과 같이 가치평가기법에 사용된 투입변수에 기초하여 공정가치 서열체계 내에서 분류됩니다.- 수준 1: 측정일에 동일한 자산이나 부채에 대한 접근 가능한 활성시장의 조정되지 않은 공시가격\n- 수준 2: 수준 1의 공시가격 이외에 자산이나 부채에 대해 직접적으로 또는 간접적으로 관측가능한 투입변수\n- 수준 3: 자산이나 부채에 대한 관측가능하지 않은 투입변수\n자산이나 부채의 공정가치를 측정하기 위해 사용되는 여러 투입변수가 공정가치 서열체계 내에서 다른 수준으로 분류되는 경우, 당사는 측정치 전체에 유의적인 공정가치 서열체계에서 가장 낮은 수준의 투입변수와 동일한 수준으로 공정가치 측정치 전체를 분류하고 있으며, 변동이 발생한 보고기간 말에 공정가치 서열체계의 수준간 이동을 인식하고 있습니다.\n\xa0\n공정가치 측정 시 사용된 가정의 자세한 정보는 주석 31에 포함되어 있습니다.\xa0\n3. 유의적인 회계정책당사가 요약분기재무제표의 작성을 위해 채택한 회계정책은 기업회계기준 제1034호\'중간재무보고\'에서 정한 사항과 다음에서 설명하고 있는 사항을 제외하고는 2018년12월 31일로 종료된 회계연도의 연차재무제표 작성에 당사가 채택한 회계정책과 동일합니다. 다음에서 설명하고 있는 회계정책의 변경사항은 2019년 12월 31일로 종료되는 회계연도의 연차재무제표에도 반영될 것입니다.\n당사는 2019년 1월 1일에 기업회계기준서 제1116호 \'리스\'를 최초 적용하였습니다. 2019년 1월 1일부터 시행되는 다른 회계기준도 있으나, 그 기준들은 당사의 재무제표에 중요한 영향을 미치지 않습니다.- 기업회계기준서 제1116호 \'리스\'(제정)기업회계기준서 제1116호 \'리스\'는 기준서 제1017호 \'리스\', 해석서 제2104호 \'약정에 리스가 포함되어 있는지의 결정\', 해석서 제2015호 \'운용리스: 인센티브\', 해석서제2027호 \'법적 형식상의 리스를 포함하는 거래의 실질에 대한 평가\'를 대체합니다.이 기준서는 리스의 인식, 측정, 표시, 공시 원칙을 제시하며, 리스이용자가 대부분의리스에 대하여 자산과 부채를 인식하는 단일모형에 따라 회계처리하도록 요구합니 다.기업회계기준서 제1116호에서 리스제공자의 회계처리는 기업회계기준서 제1017호에서와 유의적으로 변경되지 않았습니다. 리스제공자는 기업회계기준서 제1017호에서와 유사한 원칙을 사용하여 리스를 운용리스 또는 금융리스로 계속 분류 할 것입니다. 당사는 최초 적용일에 기업회계기준서 제1017호 및 해석서 제2104호에 따라 최초 적용일 이전에 이미 리스로 식별된 계약에 대하여만 이 기준서를 적용하는 실무적 간편법을 적용하기로 하였습니다. 또한 당사는 리스개시일에 리스기간이 12개월 이하이고 매수선택권이 존재하지 않는 리스 (\'단기리스\')와 리스계약의 기초자산이 소액인 리스 (\'소액자산\') 대하여는 인식 면제를 적용하기로 선택하였습니다.\n동 기준서의 도입으로 당사의 재무제표에 미치는 중요한 영향은 없습니다. \n4. 영업부문당사는 기업회계기준서 제1108호 \'영업부문\'에 따라 영업부문과 관련된 공시사항을 분기연결재무제표에 공시하였습니다.\n5. 현금및현금성자산당분기말과 전기말 현재 현금및현금성자산의 내역은 다음과 같습니다.\n(단위 : 원)\n구\xa0 분\n당분기말\n전기말\n보유현금\n1,327,890\n1,153,630\n요구불예금\n17,123,004,706\n17,212,953,464\n합\xa0 계\n17,124,332,596\n17,214,107,094\n6. 매출채권및기타채권(1) 당분기말과 전기말 현재 매출채권및기타채권의 내역은 다음과 같습니다.\n(단위 : 원)\n구\xa0 분\n당분기말\n전기말\n유동\n비유동\n유동\n비유동\n매출채권\n8,865,194,056\n-\n9,275,555,834\n-\n미수금\n119,564,670\n-\n933,285,736\n-\n미수수익\n123,120,323\n-\n39,715,486\n-\n대여금\n4,945,110,000\n-\n5,031,450,000\n-\n보증금\n-\n752,291,090\n-\n557,494,090\n합\xa0 계\n14,052,989,049\n752,291,090\n15,280,007,056\n557,494,090\n(2) 매출채권과 미수금은 대손충당금이 차감된 순액으로 재무상태표에 표시되었는 바, 당분기말과 전기말 현재 대손충당금 차감 전 총액 기준에 의한 내역은 다음과 같습니다.\n(단위 : 원)\n구\xa0 분\n당분기말\n전기말\n매출채권\n미수금\n매출채권\n미수금\n총장부금액\n9,280,419,120\n462,645,668\n9,676,591,427\n1,276,389,931\n대손충당금\n(415,225,064)\n(343,080,998)\n(401,035,593)\n(343,104,195)\n순장부금액\n8,865,194,056\n119,564,670\n9,275,555,834\n933,285,736\n(3) 당분기와 전기 중 매출채권 및 미수금에 대한 대손충당금의 변동내역은 다음과 같습니다.\n(단위 : 원)\n구\xa0 분\n당분기\n전\xa0\xa0 기\n매출채권\n미수금\n매출채권\n미수금\n기초잔액\n401,035,593\n343,104,195\n156,642,412\n343,120,458\n손상차손(환입)\n14,189,471\n(23,197)\n267,201,766\n(16,263)\n제각\n-\n-\n(22,808,585)\n-\n기말잔액\n415,225,064\n343,080,998\n401,035,593\n343,104,195\n7. 재고자산(1) 당분기말과 전기말 현재 재고자산 내역은 다음과 같습니다.\n(단위 : 원)\n구\xa0 분\n당분기말\n전기말\n취득원가\n평가손실충당금\n장부금액\n취득원가\n평가손실충당금\n장부금액\n제품\n2,049,591,100\n(178,409,828)\n1,871,181,272\n1,766,344,550\n(178,409,828)\n1,587,934,722\n외주제품\n324,191,214\n(10,333,070)\n313,858,144\n264,288,359\n(10,333,070)\n253,955,289\n매입상품\n1,672,361,423\n(18,734,930)\n1,653,626,493\n1,806,738,495\n(158,277,979)\n1,648,460,516\n재공품\n1,015,934,528\n-\n1,015,934,528\n663,626,539\n-\n663,626,539\n원재료\n6,097,291,707\n(18,986,498)\n6,078,305,209\n6,650,187,600\n(18,986,498)\n6,631,201,102\n부재료\n1,499,205,366\n(2,117,959)\n1,497,087,407\n1,159,834,912\n(2,117,959)\n1,157,716,953\n저장품\n585,766,658\n-\n585,766,658\n544,032,478\n-\n544,032,478\n미착품\n1,166,195,312\n-\n1,166,195,312\n1,325,661,445\n-\n1,325,661,445\n합\xa0 계\n14,410,537,308\n(228,582,285)\n14,181,955,023\n14,180,714,378\n(368,125,334)\n13,812,589,044\n(2) 당분기와 전기 중 재고자산과 관련하여 인식한 평가손실은 다음과 같습니다.\n(단위 : 원)\n구\xa0 분\n당분기\n전\xa0 기\n매출원가\n재고자산평가손실(환입)\n(139,543,049)\n139,543,049\n8. 기타유동자산(1) 당분기말과 전기말 현재 기타유동자산의 내역은 다음과 같습니다.\n(단위 : 원)\n구\xa0 분\n당분기말\n전기말\n선급금\n156,694,628\n473,201,610\n선급비용\n48,277,301\n33,462,251\n합\xa0 계\n204,971,929\n506,663,861\n(2) 선급금은 대손충당금이 차감된 순액으로 재무상태표에 표시되었는 바, 당분기말과 전기말 현재 대손충당금 차감 전 총액 기준에 의한 내역은 다음과 같습니다.\n(단위 : 원)\n구\xa0 분\n당분기말\n전기말\n총장부금액\n306,277,400\n626,006,272\n대손충당금\n(149,582,772)\n(152,804,662)\n순장부금액\n156,694,628\n473,201,610\n(3) 당분기와 전기 중 선급금의 대손충당금의 변동은 다음과 같습니다.\n(단위 : 원)\n구\xa0 분\n당분기\n전\xa0 기\n기초잔액\n152,804,662\n154,918,131\n대손상각비(환입)\n(3,221,890)\n(2,113,469)\n기말잔액\n149,582,772\n152,804,662\n9. 기타포괄손익-공정가치금융자산(1) 당분기말과 전기말 현재 기타포괄손익-공정가치측정금융자산의 내역은 다음과 같습니다.\n(단위 : 원)\n구\xa0 분\n종\xa0 목\n당분기말\n전기말\n취득가액\n공정가치\n장부가액\n장부가액\n기타포괄손익-공정가치측정금융자산\n시장성 있는 지분증권\n한국패러랠\n139,336,880\n74,058,960\n74,058,960\n82,840,000\n이마트\n289,289,000\n226,000,000\n226,000,000\n-\n서플러스글로벌\n28,449,620\n32,927,000\n32,927,000\n-\nDGB금융지주\n206,460,170\n222,166,450\n222,166,450\n-\n소\xa0 계\n663,535,670\n555,152,410\n555,152,410\n82,840,000\n시장성 없는 지분증권\n드림화인투자운용(주)\n240,000,000\n95,773,419\n95,773,419\n95,773,419\n(주)매일방송\n200,002,500\n14,426,847\n14,426,847\n49,867,290\n(주)한길\n100,000\n100,000\n100,000\n100,000\n(주)대구시민프로축구단\n1,000,000\n-\n-\n-\n소\xa0 계\n441,102,500\n110,300,266\n110,300,266\n145,740,709\n출자금\n한국공구공업협동조합\n12,000,000\n12,000,000\n12,000,000\n12,000,000\nSVIC신기술투자조합(25호)\n891,840,000\n1,405,713,656\n1,405,713,656\n1,721,973,656\nSVIC신기술투자조합(30호)\n2,733,720,000\n2,753,130,945\n2,753,130,945\n2,597,010,945\n소\xa0 계\n3,637,560,000\n4,170,844,601\n4,170,844,601\n4,330,984,601\n합\xa0 계\n4,742,198,170\n4,836,297,277\n4,836,297,277\n4,559,565,310\n(2) 당분기와 전기 중 공정가치측정금융자산의 변동내역은 다음과 같습니다.\n(단위 : 원)\n구\xa0 분\n당분기\n전\xa0 기\n기초잔액\n4,559,565,310\n4,445,836,399\n회계정책변경효과\n-\n(182,135,610)\n기초잔액(조정금액)\n4,559,565,310\n4,263,700,789\n취득금액\n1,528,432,470\n359,940,000\n처분금액\n(928,061,420)\n(365,532,044)\n회수금액\n(339,779,280)\n(322,138,560)\n평가손익\n16,140,197\n623,595,125\n기말잔액\n4,836,297,277\n4,559,565,310\n10. 종속기업및관계기업투자당사는 종속기업및관계기업에 대한 투자자산에 대해서 기업회계기준서 제1027호에 따른 원가법을 선택하여 회계처리하였습니다. 당분기말과 전기말 현재 당사가 투자한 종속기업및관계기업투자의 내역은 다음과 같습니다.\n(금액단위 : 원)\n구\xa0 분\n주요영업활동\n국가\n당분기말\n전기말\n지분율\n장부금액\n지분율\n장부금액\n종속기업투자주식\n금성연마공업㈜\n연마석 제조, 판매\n대한민국\n100%\n4,830,479,512\n100%\n4,830,479,512\nPT.CHEIL ABRASIVE INDONESIA(*)\n인도네시아\n99.97%\n6,493,501,568\n99.97%\n2,559,076,818\n제일연마(상해)무역유한공사\n연마석 판매\n중국\n100%\n1,000\n100%\n1,000\n소\xa0 계\n11,323,982,080\n7,389,557,330\n관계기업투자주식\n삼양연마공업(주)\n연마석 제조, 판매\n대한민국\n31.17%\n6,208,277,948\n31.17%\n6,208,277,948\n합\xa0 계\n17,532,260,028\n13,597,835,278\n(*) 당기 중 종속기업인 PT.CHEIL ABRASIVE INDONESIA에 US$ 3,499,000을 추가 증자하였습니다.11. 유형자산당분기 및 전기 중 유형자산의 변동내역은 다음과 같습니다.① 당분기\n(단위 : 원)\n구\xa0 분\n토지\n건물\n구축물\n기계장치\n차량운반구\n기타의유형자산\n건설중인자산\n합\xa0 계\n취득원가\n당분기초\n5,399,542,043\n6,361,380,084\n566,514,093\n29,846,195,790\n772,327,804\n4,845,112,180\n557,042,686\n48,348,114,680\n취득및자본적지출\n-\n-\n-\n684,214,284\n60,628,819\n4,400,000\n1,193,397,980\n1,942,641,083\n처분및폐기\n(102,736,353)\n(255,432,071)\n-\n(734,071,700)\n(59,398,117)\n(101,760,000)\n-\n(1,253,398,241)\n건설중인자산대체\n-\n891,027,980\n-\n569,972,686\n-\n-\n(1,461,000,666)\n-\n당분기말\n5,296,805,690\n6,996,975,993\n566,514,093\n30,366,311,060\n773,558,506\n4,747,752,180\n289,440,000\n49,037,357,522\n감가상각누계액\n당분기초\n-\n(2,683,875,054)\n(403,261,340)\n(25,565,774,690)\n(678,578,385)\n(4,496,399,296)\n-\n(33,827,888,765)\n처분및폐기\n-\n47,985,279\n-\n287,567,375\n49,441,751\n94,456,000\n-\n479,450,405\n감가상각비\n-\n(125,071,743)\n(13,267,107)\n(1,158,324,290)\n(47,183,704)\n(116,849,017)\n-\n(1,460,695,861)\n당분기말\n-\n(2,760,961,518)\n(416,528,447)\n(26,436,531,605)\n(676,320,338)\n(4,518,792,313)\n-\n(34,809,134,221)\n정부보조금\n당분기초\n-\n-\n-\n(275,558,777)\n-\n-\n-\n(275,558,777)\n감가상각비\n-\n-\n-\n64,687,851\n-\n-\n-\n64,687,851\n당분기말\n-\n-\n-\n(210,870,926)\n-\n-\n-\n(210,870,926)\n장부금액\n당분기초\n5,399,542,043\n3,677,505,030\n163,252,753\n4,004,862,323\n93,749,419\n348,712,884\n557,042,686\n14,244,667,138\n당분기말\n5,296,805,690\n4,236,014,475\n149,985,646\n3,718,908,529\n97,238,168\n228,959,867\n289,440,000\n14,017,352,375\n② 전기\n(단위 : 원)\n구\xa0 분\n토지\n건물\n구축물\n기계장치\n차량운반구\n기타의유형자산\n건설중인자산\n합\xa0 계\n취득원가\n전기초\n5,399,542,043\n6,342,138,484\n572,047,361\n28,253,993,752\n750,274,861\n4,695,692,956\n68,541,000\n46,082,230,457\n취득및자본적지출\n-\n-\n-\n488,215,700\n-\n30,500,000\n3,180,198,247\n3,698,913,947\n처분및폐기\n-\n-\n(5,533,268)\n(1,379,769,130)\n(21,527,326)\n(26,200,000)\n-\n(1,433,029,724)\n건설중인자산대체\n-\n19,241,600\n-\n2,483,755,468\n43,580,269\n145,119,224\n(2,691,696,561)\n-\n전기말\n5,399,542,043\n6,361,380,084\n566,514,093\n29,846,195,790\n772,327,804\n4,845,112,180\n557,042,686\n48,348,114,680\n감가상각누계액\n전기초\n-\n(2,518,310,830)\n(390,879,149)\n(24,417,037,736)\n(620,616,366)\n(4,327,448,710)\n-\n(32,274,292,791)\n처분및폐기\n-\n-\n5,531,268\n316,823,683\n21,525,326\n8,196,000\n-\n352,076,277\n감가상각비\n-\n(165,564,224)\n(17,913,459)\n(1,465,560,637)\n(79,487,345)\n(177,146,586)\n-\n(1,905,672,251)\n전기말\n-\n(2,683,875,054)\n(403,261,340)\n(25,565,774,690)\n(678,578,385)\n(4,496,399,296)\n-\n(33,827,888,765)\n정부보조금\n전기초\n-\n-\n-\n(66,226,560)\n-\n-\n-\n(66,226,560)\n증가\n-\n-\n-\n(236,222,000)\n-\n-\n-\n(236,222,000)\n감가상각비\n-\n-\n-\n26,889,783\n-\n-\n-\n26,889,783\n전기말\n-\n-\n-\n(275,558,777)\n-\n-\n-\n(275,558,777)\n장부금액\n전기초\n5,399,542,043\n3,823,827,654\n181,168,212\n3,770,729,456\n129,658,495\n368,244,246\n68,541,000\n13,741,711,106\n전기말\n5,399,542,043\n3,677,505,030\n163,252,753\n4,004,862,323\n93,749,419\n348,712,884\n557,042,686\n14,244,667,138\n12. 투자부동산(1) 당분기 및 전기 중 투자부동산 장부금액의 변동내역은 다음과 같습니다.① 당분기\n(단위 : 원)\n구\xa0 분\n토지\n건물\n합\xa0 계\n취득원가\n당분기초\n1,339,477,731\n1,040,074,509\n2,379,552,240\n처분및폐기\n-\n-\n-\n당분기말\n1,339,477,731\n1,040,074,509\n2,379,552,240\n감가상각누계액\n당분기초\n-\n(408,767,771)\n(408,767,771)\n감가상각비\n-\n(16,672,842)\n(16,672,842)\n당분기말\n-\n(425,440,613)\n(425,440,613)\n장부금액\n당분기초\n1,339,477,731\n631,306,738\n1,970,784,469\n당분기말\n1,339,477,731\n614,633,896\n1,954,111,627\n② 전기\n(단위 : 원)\n구\xa0 분\n토지\n건물\n합\xa0 계\n취득원가\n전기초\n1,446,643,630\n1,210,806,000\n2,657,449,630\n처분및폐기\n(107,165,899)\n(170,731,491)\n(277,897,390)\n전기말\n1,339,477,731\n1,040,074,509\n2,379,552,240\n감가상각누계액\n전기초\n-\n(468,629,712)\n(468,629,712)\n처분및폐기\n-\n85,469,706\n85,469,706\n감가상각비\n-\n(25,607,765)\n(25,607,765)\n전기말\n-\n(408,767,771)\n(408,767,771)\n장부금액\n전기초\n1,446,643,630\n742,176,288\n2,188,819,918\n전기말\n1,339,477,731\n631,306,738\n1,970,784,469\n(2) 당분기 및 전분기 중 투자부동산 등과 관련하여 발생하고 있는 임대수익과 감가상각비는 다음과 같습니다. 당사는 투자부동산 등과 관련된 손익을 기타영업외손익으로 분류하고 있습니다.\n(단위 : 원)\n구\xa0 분\n당분기\n전분기\n임대수익\n192,783,240\xa0\n98,211,240\xa0\n투자부동산감가상각비\n(16,672,842)\n(20,050,164)\n합\xa0 계\n176,110,398\xa0\n78,161,076\xa0\n(3) 상기의 투자부동산은 장부가액이 공정가치의 근사치로 당분기말 현재 투자부동산의 공정가치 변동이 중요하지 않은 것으로 판단하여 공정가치평가를 수행하지 아니하였습니다.13. 무형자산(1) 당분기 및 전기 중 무형자산의 변동내역은 다음과 같습니다.① 당분기\n(단위 : 원)\n구\xa0 분\n개발비\n회원권\n기타의무형자산\n건설중인무형자산\n합\xa0 계\n취득원가\n당분기초\n720,949,215\n508,196,077\n1,578,955,865\n-\n2,808,101,157\n당분기말\n720,949,215\n508,196,077\n1,578,955,865\n-\n2,808,101,157\n감가상각누계액 및 손상차손누계액\n당분기초\n(720,949,215)\n(233,714,065)\n(1,442,810,991)\n-\n(2,397,474,271)\n무형자산상각비\n-\n-\n(85,181,999)\n-\n(85,181,999)\n당분기말\n(720,949,215)\n(233,714,065)\n(1,527,992,990)\n-\n(2,482,656,270)\n정부보조금\n당분기초\n-\n-\n(43,328,812)\n-\n(43,328,812)\n무형자산상각비\n-\n-\n9,268,216\n-\n9,268,216\n당분기말\n-\n-\n(34,060,596)\n-\n(34,060,596)\n장부금액\n당분기초\n-\n274,482,012\n92,816,062\n-\n367,298,074\n당분기말\n-\n274,482,012\n16,902,279\n-\n291,384,291\n② 전기\n(단위 : 원)\n구\xa0 분\n개발비\n회원권\n기타의무형자산\n건설중인무형자산\n합\xa0 계\n취득원가\n전기초\n720,949,215\xa0\n508,196,077\xa0\n1,511,972,989\xa0\n66,982,876\xa0\n2,808,101,157\xa0\n건설중인자산대체\n-\n-\n66,982,876\xa0\n(66,982,876)\n-\n전기말\n720,949,215\xa0\n508,196,077\xa0\n1,578,955,865\xa0\n-\n2,808,101,157\xa0\n감가상각누계액 및 손상차손누계액\n전기초\n(672,885,934)\n(64,915,065)\n(1,307,568,381)\n-\n(2,045,369,380)\n무형자산상각비\n(48,063,281)\n-\n(135,242,610)\n-\n(183,305,891)\n무형자산손상차손\n-\n(168,799,000)\n-\n-\n(168,799,000)\n전기말\n(720,949,215)\n(233,714,065)\n(1,442,810,991)\n-\n(2,397,474,271)\n정부보조금\n전기초\n(18,669,210)\n-\n(13,169,200)\n-\n(31,838,410)\n전기증가\n-\n-\n(42,517,500)\n-\n(42,517,500)\n무형자산상각비\n18,669,210\xa0\n-\n12,357,888\xa0\n-\n31,027,098\xa0\n전기말\n-\n-\n(43,328,812)\n-\n(43,328,812)\n장부금액\n전기초\n29,394,071\xa0\n443,281,012\xa0\n191,235,408\xa0\n66,982,876\xa0\n730,893,367\xa0\n전기말\n-\n274,482,012\xa0\n92,816,062\xa0\n-\n367,298,074\xa0\n(2) 당분기와 전분기 중 비용으로 인식한 판매비와관리비의 경상연구비에 계상되어있는 연구 및 개발 지출의 총액은 각각 565,907천원, 467,286천원 입니다.14. 매입채무및기타채무당분기말과 전기말 현재 매입채무및기타채무의 내역은 다음과 같습니다.\n(단위 : 원)\n구\xa0 분\n당분기말\n전기말\n유동\n비유동\n유동\n비유동\n매입채무\n4,784,618,762\n-\n3,128,224,386\n-\n미지급금\n1,655,912,138\n-\n1,620,518,993\n-\n미지급비용\n103,162,161\n-\n122,517,566\n-\n임대보증금\n-\n39,000,000\n-\n323,000,000\n합\xa0 계\n6,543,693,061\n39,000,000\n4,871,260,945\n323,000,000\n15. 차입부채(1) 당분기말과 전기말 현재 차입부채의 내역은 다음과 같습니다.\n(단위 : 원)\n구\xa0 분\n당분기말\n전기말\n유동부채:\n담보부 은행차입금\n3,000,000,000\n3,000,000,000\n(2) 당분기말과 전기말 현재 차입부채의 만기 및 이자율 등은 다음과 같습니다.\n(금액단위 : 원)\n구\xa0 분\n내\xa0 역\n차입처\n만\xa0 기\n약정이자율\n당분기말\n전기말\n담보부 은행차입금\n포스코동반성장자금대출\nKDB산업은행\n2019\n2.10%\n3,000,000,000\n3,000,000,000\n당분기말 현재 은행차입금에 대한 담보로 제공된 유형자산의 장부가액은 4,579,694천원입니다.16. 기타유동부채당분기말 및 전기말 현재 기타유동부채의 내역은 다음과 같습니다.\n(단위 : 원)\n구\xa0 분\n당분기말\n전기말\n선수금\n30,682,882\n18,615,021\n예수금\n77,942,270\n111,062,450\n부가세예수금\n60,728,805\n31,329,734\n합\xa0 계\n169,353,957\n161,007,205\n17. 종업원급여(1) 당분기와 전분기 중 비용으로 인식된 종업원급여의 내역은 다음과 같습니다.\n(단위 : 원)\n구\xa0 분\n당분기\n전분기\n최종 3개월\n누\xa0 적\n최종 3개월\n누\xa0 적\n급여\n971,180,990\n2,945,155,360\n1,018,466,790\n3,091,990,440\n확정급여형 퇴직급여제도 관련 비용\n112,383,480\n337,150,440\n86,991,477\n260,974,431\n합\xa0 계\n1,083,564,470\n3,282,305,800\n1,105,458,267\n3,352,964,871\n(2) 당분기말과 전기말 현재 재무상태표에 인식된 종업원급여 관련 순자산과 순부채의 금액은 다음과 같습니다.\n(단위 : 원)\n구\xa0 분\n당분기말\n전기말\n확정급여부채\n순확정급여부채\n1,181,046,316\n916,855,139\n퇴직보험예치금\n-\n(2,510,400)\n합\xa0 계\n1,181,046,316\n914,344,739\n(3) 당분기와 전기 중 순확정급여부채의 조정내역은 다음과 같습니다.\n(단위 : 원)\n구\xa0 분\n확정급여채무\n사외적립자산\n확정급여부채\n당분기\n전\xa0 기\n당분기\n전\xa0 기\n당분기\n전\xa0 기\n기초잔액\n4,681,146,096\n4,191,234,808\n(3,764,290,957)\n(3,402,533,992)\n916,855,139\n788,700,816\n당분기비용으로 인식 :\n당분기근무원가\n361,451,142\n418,595,217\n-\n-\n361,451,142\n418,595,217\n이자원가(수익)\n48,074,958\n68,288,125\n(72,375,660)\n(102,440,004)\n(24,300,702)\n(34,151,879)\n소\xa0 계\n409,526,100\n486,883,342\n(72,375,660)\n(102,440,004)\n337,150,440\n384,443,338\n기타포괄손익으로 인식 :\n재측정손실\n- 보험수리적손실\n-\n101,358,356\n-\n-\n-\n101,358,356\n(재무적가정)\n-\n82,907,751\n-\n-\n-\n82,907,751\n(경험조정)\n-\n18,450,605\n-\n-\n-\n18,450,605\n- 사외적립자산손실\n-\n-\n-\n49,350,370\n-\n49,350,370\n소\xa0 계\n-\n101,358,356\n-\n49,350,370\n-\n150,708,726\n기타 :\n납부한 기여금\n-\n-\n-\n(400,000,000)\n-\n(400,000,000)\n급여 지급\n(285,815,190)\n(98,330,410)\n212,855,927\n91,332,669\n(72,959,263)\n(6,997,741)\n소\xa0 계\n(285,815,190)\n(98,330,410)\n212,855,927\n(308,667,331)\n(72,959,263)\n(406,997,741)\n기말잔액\n4,804,857,006\n4,681,146,096\n(3,623,810,690)\n(3,764,290,957)\n1,181,046,316\n916,855,139\n(4) 당분기말과 전기말 현재 사외적립자산은 다음 항목으로 구성되어 있습니다.\n(단위 : 원)\n구\xa0 분\n당분기말\n전기말\n정기예금 등\n3,623,810,690\n3,764,290,957\n18. 자본금과 자본잉여금(1) 당분기말 및 전기말 현재 자본금 내역은 다음과 같습니다.\n(금액단위 : 원)\n구\xa0 분\n당분기말\n전기말\n수권주식수\n20,000,000주\n20,000,000주\n주당금액\n500\n500\n발행주식수\n10,000,000주\n10,000,000주\n보통주자본금\n5,000,000,000\n5,000,000,000\n(2) 당분기말 및 전기말 현재 자본잉여금의 구성내역은 다음과 같습니다.\n(단위 : 원)\n구\xa0 분\n당분기말\n전기말\n주식발행초과금\n4,788,899,689\n4,788,899,689\n기타자본잉여금\n25,122,474\n25,122,474\n재평가적립금\n6,905,850,486\n6,905,850,486\n합\xa0 계\n11,719,872,649\n11,719,872,649\n19. 기타자본항목당분기말과 전기말 현재 기타자본항목의 내역은 다음과 같습니다.\n(단위 : 원)\n구\xa0 분\n당분기말\n전기말\n자기주식\n(16,475,000,000)\n(16,475,000,000)\n자기주식처분이익\n179,874\n179,874\n합\xa0 계\n(16,474,820,126)\n(16,474,820,126)\n20. 기타포괄손익누계액당분기말과 전기말 현재 기타포괄손익누계액의 내역은 다음과 같습니다.\n(단위 : 원)\n구\xa0 분\n당분기말\n전기말\n기타포괄손익-공정가치측정금융자산평가손익(*)\n73,397,303\n\xa0 \xa0 \xa0 \xa0 \xa0 \xa0\xa0 138,798,387\xa0\n(*) 상기 금액은 법인세효과 반영 후 금액입니다.21. 이익잉여금(1) 당분기말 및 전기말의 이익잉여금 내역은 다음과 같습니다.\n(단위 : 원)\n구\xa0 분\n당분기말\n전기말\n이익준비금\n2,069,549,000\n1,919,549,000\n임의적립금\n64,450,000,000\n62,950,000,000\n미처분이익잉여금\n6,796,435,185\n6,405,659,904\n합\xa0 계\n73,315,984,185\n71,275,208,904\n(2) 당분기와 전기 중 이익잉여금의 변동은 다음과 같습니다.\n(단위 : 원)\n구\xa0 분\n당분기\n전\xa0 기\n기초금액\n71,275,208,904\n67,550,497,450\n회계정책변경효과\n-\n113,276,733\n기초잔액(조정금액)\n71,275,208,904\n67,663,774,183\n배당금 지급\n(1,500,000,000)\n(1,350,000,000)\n분기(당기)순이익\n3,440,787,541\n4,856,833,690\n기타포괄손익-공정가치측정금융자산의 처분\n99,987,740\n222,153,838\n확정급여제도의 재측정요소\n-\n(117,552,807)\n기말금액\n73,315,984,185\n71,275,208,904\n22. 매출액당분기와 전분기의 매출액 구성내역은 다음과 같습니다.\n(단위 : 원)\n구\xa0 분\n당분기\n전분기\n최종 3개월\n누\xa0 적\n최종 3개월\n누\xa0 적\n제품매출\n9,774,878,562\n29,569,378,436\n10,587,976,932\n32,781,227,501\n외주제품매출\n1,069,990,348\n2,850,814,178\n919,094,447\n2,621,925,542\n매입상품매출\n5,935,000,117\n16,999,111,799\n5,320,668,619\n14,243,825,887\n기타매출\n490,000,120\n1,453,707,589\n525,530,890\n1,488,287,846\n합\xa0 계\n17,269,869,147\n50,873,012,002\n17,353,270,888\n51,135,266,776\n23. 매출원가당분기와 전분기의 매출원가 구성내역은 다음과 같습니다.\n(단위 : 원)\n구\xa0 분\n당분기\n전분기\n최종 3개월\n누\xa0 적\n최종 3개월\n누\xa0 적\n제품매출원가\n8,578,452,040\n25,608,991,095\n9,483,449,942\n28,874,782,092\n외주제품매출원가\n851,404,601\n2,146,527,152\n699,614,693\n1,889,586,464\n매입상품매출원가\n4,906,267,025\n13,746,112,204\n3,938,682,570\n10,650,256,440\n기타매출원가\n435,945,940\n1,350,185,693\n495,707,442\n1,401,193,685\n합\xa0 계\n14,772,069,606\n42,851,816,144\n14,617,454,647\n42,815,818,681\n24. 판매비와관리비당분기와 전분기의 판매비와관리비의 구성내역은 다음과 같습니다.\n(단위 : 원)\n구\xa0 분\n당분기\n전분기\n최종 3개월\n누\xa0 적\n최종 3개월\n누\xa0 적\n인건비\n581,213,724\n1,690,410,981\n590,237,534\n1,625,353,670\n복리후생비\n95,806,691\n278,615,602\n95,088,262\n276,097,368\n여비교통비\n57,544,333\n175,836,859\n46,153,965\n177,382,066\n감가상각비\n36,108,448\n110,488,506\n35,599,689\n107,517,598\n경상연구비\n193,887,370\n565,906,978\n162,951,265\n467,285,944\n운반비\n166,519,836\n501,768,010\n157,862,050\n463,345,257\n수출비\n114,484,739\n369,653,888\n125,230,937\n515,438,786\n지급수수료\n335,338,364\n1,009,921,456\n310,768,536\n949,517,830\n무형자산상각비\n23,586,304\n72,243,770\n30,926,582\n92,779,730\n기타\n192,649,551\n502,065,513\n155,775,419\n649,584,617\n합\xa0 계\n1,797,139,360\n5,276,911,563\n1,710,594,239\n5,324,302,866\n25. 금융손익당분기와 전분기 중 발생한 금융수익 및 금융비용의 내역은 다음과 같습니다.\n(단위 : 원)\n구\xa0 분\n당분기\n전분기\n최종 3개월\n누\xa0 적\n최종 3개월\n누\xa0 적\nⅠ.금융수익\n- 이자수익\n상각후원가측정금융자산\n120,208,050\n361,426,069\n92,605,229\n242,881,726\n- 배당금수익\n-\n-\n-\n1,660,200,000\n- 외환차익\n92,404,518\n313,898,000\n124,363,455\n458,611,947\n- 외화환산이익\n182,503,849\n380,010,373\n(117,421,452)\n106,495,167\n금융수익 합계\n395,116,417\n1,055,334,442\n99,547,232\n2,468,188,840\nⅡ.금융비용\n- 이자비용\n상각후원가측정금융부채\n(15,706,848)\n(46,947,939)\n(17,852,381)\n(75,711,880)\n- 외환차손\n(52,072,728)\n(139,830,681)\n(31,233,301)\n(281,320,692)\n- 외화환산손실\n41,534,535\n(14,755,870)\n(24,585,493)\n(44,161,126)\n금융비용 합계\n(26,245,041)\n(201,534,490)\n(73,671,175)\n(401,193,698)\nⅢ. 순금융수익(비용)(Ⅰ+Ⅱ)\n368,871,376\n853,799,952\n25,876,057\n2,066,995,142\n26. 기타영업외손익당분기와 전분기의 기타영업외손익의 상세내역은 다음과 같습니다.\n(단위 : 원)\n구\xa0 분\n당분기\n전분기\n최종 3개월\n누\xa0 적\n최종 3개월\n누\xa0 적\nⅠ.기타영업외수익\n- 임대수익\n62,873,080\n192,783,240\n32,737,080\n98,211,240\n- 유형자산처분이익\n10,069,707\n150,912,056\n33,248,000\n160,702,103\n- 잡이익\n163,185,189\n469,993,110\n153,007,019\n453,004,268\n기타영업외수익 합계\n236,127,976\n813,688,406\n218,992,099\n711,917,611\nⅡ.기타영업외비용\n- 유형자산처분손실\n(7,603,537)\n(27,206,310)\n(1,000)\n(72,377,275)\n- 투자부동산감가상각비\n(5,557,614)\n(16,672,842)\n(6,683,388)\n(20,050,164)\n- 기부금\n(980,000)\n(20,460,000)\n(480,000)\n(18,960,000)\n- 잡손실\n(3,144,132)\n(12,537,499)\n(15,075,285)\n(34,837,445)\n기타영업외비용 합계\n(17,285,283)\n(76,876,651)\n(22,239,673)\n(146,224,884)\nⅢ.순기타영업외수익(Ⅰ+Ⅱ)\n218,842,693\n736,811,755\n196,752,426\n565,692,727\n27. 성격별 비용당분기와 전분기 중 발생한 비용의 성격별 분류에 대한 정보는 다음과 같습니다\n(단위 : 원)\n구\xa0 분\n당분기\n전분기\n최종 3개월\n누\xa0 적\n최종 3개월\n누\xa0 적\n재고자산 매입액\n10,718,752,923\n29,735,431,813\n9,865,837,564\n30,331,196,269\n재고자산의 변동\n(379,436,095)\n(369,365,979)\n122,622,812\n(1,384,082,045)\n종업원급여\n1,083,564,470\n3,282,305,800\n1,105,458,267\n3,352,964,871\n감가상각비 및 기타상각비\n489,770,430\n1,488,594,635\n506,315,334\n1,533,341,243\n기타\n4,656,557,238\n13,991,761,438\n4,727,814,909\n14,306,701,209\n합\xa0 계\n16,569,208,966\n48,128,727,707\n16,328,048,886\n48,140,121,547\n28. 주당이익(1) 당분기와 전분기의 기본주당이익 계산내역은 다음과 같습니다.① 기본주당이익\n(금액단위 : 원)\n구\xa0 분\n당분기\n전분기\n최종 3개월\n누\xa0 적\n최종 3개월\n누\xa0 적\n분기순이익\n1,022,969,155\n3,440,787,541\n1,193,716,553\n5,080,556,609\n가중평균유통보통주식수\n7,500,000주\n7,500,000주\n7,500,000주\n7,500,000주\n기본주당이익\n136\n459\n159\n677\n② 가중평균유통보통주식수\n구\xa0 분\n당분기\n전분기\n최종 3개월\n누\xa0 적\n최종 3개월\n누\xa0 적\n기초 발행보통주식수\n10,000,000주\n10,000,000주\n10,000,000주\n10,000,000주\n자기주식효과\n(2,500,000)주\n(2,500,000)주\n(2,500,000)주\n(2,500,000)주\n가중평균유통보통주식수\n7,500,000주\n7,500,000주\n7,500,000주\n7,500,000주\n(2) 당사는 희석증권이 없으므로 희석주당순이익은 기본주당이익과 동일합니다.29. 법인세비용법인세비용은 전체 회계연도에 대해서 예상되는 최선의 연간 법인세율의 추정에 기초하여 인식하였습니다. 당분기와 전분기의 예상 평균 유효법인세율은 각각 20.63%와 9.72%입니다. 30. 현금흐름표(1) 당분기와 전분기의 영업활동으로 인한 현금흐름 중 분기순이익 조정을 위한 가감의 내역은 다음과 같습니다.\n(단위 : 원)\n구\xa0 분\n당분기\n전분기\n퇴직급여\n337,150,440\n260,974,431\n감가상각비\n1,396,008,010\n1,386,864,130\n투자부동산감가상각비\n16,672,842\n20,050,164\n무형자산상각비\n75,913,783\n126,426,949\n대손상각비\n10,944,384\n(606,587)\n외화환산손실\n14,755,870\n44,161,126\n유형자산처분손실\n27,206,310\n72,377,275\n이자비용\n46,947,939\n75,711,880\n법인세비용\n894,108,461\n547,276,489\n외화환산이익\n(380,010,373)\n(106,495,167)\n유형자산처분이익\n(150,912,056)\n(160,702,103)\n이자수익\n(361,426,069)\n(242,881,726)\n배당금수익\n-\n(1,660,200,000)\n합\xa0 계\n1,927,359,541\n362,956,861\n(2) 당분기와 전분기의 영업활동으로 인한 현금흐름 중 영업활동으로 인한 자산부채의 변동 내역은 다음과 같습니다.\n(단위 : 원)\n구\xa0 분\n당분기\n전분기\n매출채권및기타단기채권의 감소(증가)\n매출채권\n444,382,467\n1,565,685,126\n미수금\n855,457,236\n128,425,527\n기타유동자산의 감소(증가)\n선급금\n319,728,872\n(743,257,226)\n선급비용\n(14,815,050)\n(22,054,552)\n재고자산의 감소(증가)\n(369,365,979)\n(1,384,082,045)\n매입채무및기타단기채무의 증가(감소)\n매입채무\n1,653,375,901\n(1,358,880,745)\n미지급금\n330,165,216\n526,222,992\n미지급비용\n(19,010,199)\n(66,790,199)\n기타유동부채의 증가(감소)\n선수금\n12,067,861\n158,497,838\n예수금\n(33,120,180)\n(32,754,830)\n부가세예수금\n29,399,071\n(26,231,103)\n확정급여부채의 증가(감소)\n(70,448,863)\n3,919,301\n합\xa0 계\n3,137,816,353\n(1,251,299,916)\n(3) 당분기와 전분기 중 현금의 유입과 유출이 없는 중요한 거래내역은 다음과 같습니다.\n(단위 : 원)\n구\xa0 분\n당분기\n전분기\n건설중인자산의 본계정 대체\n1,461,000,666\n678,321,921\n건설중인무형자산의 본계정 대체\n-\n66,982,876\n유형자산에 대한 미지급금 증가(감소)\n(295,372,950)\n(158,467,500)\n합\xa0 계\n1,165,627,716\n586,837,297\n(4) 재무활동에서 발생한 부채의 당분기 중 변동 내역은 다음과 같습니다.\n(단위 : 원)\n구\xa0 분\n기\xa0 초\n재무활동 현금흐름\n기\xa0 말\n단기차입금\n3,000,000,000\n-\n3,000,000,000\n임대보증금\n323,000,000\n(284,000,000)\n39,000,000\n합\xa0 계\n3,323,000,000\n(284,000,000)\n3,039,000,000\n31.금융상품(1) 금융상품의 범주별 분류당분기말과 전기말 현재 범주별 금융상품의 장부금액은 다음과 같습니다.① 금융자산\n(단위 : 원)\n구\xa0 분\n당분기말\n전기말\n상각후원가측정 금융자산\n기타포괄손익-공정가치측정 금융자산\n상각후원가측정 금융자산\n기타포괄손익-공정가치측정 금융자산\n현금및현금성자산\n17,124,332,596\n-\n17,214,107,094\n-\n매출채권및 기타채권\n매출채권\n8,865,194,056\n-\n9,275,555,834\n-\n단기대여금\n4,945,110,000\n-\n5,031,450,000\n-\n미수금\n119,564,670\n-\n933,285,736\n-\n미수수익\n123,120,323\n-\n39,715,486\n-\n보증금\n752,291,090\n-\n557,494,090\n-\n소\xa0 계\n14,805,280,139\n-\n15,837,501,146\n-\n기타포괄손익-공정가치측정금융자산\n-\n4,836,297,277\n-\n4,559,565,310\n합\xa0 계\n31,929,612,735\n4,836,297,277\n33,051,608,240\n4,559,565,310\n② 금융부채\n(단위 : 원)\n구\xa0 분\n상각후원가 측정 금융부채\n당분기말\n전기말\n매입채무및기타채무\n매입채무\n4,784,618,762\n3,128,224,386\n미지급금\n1,655,912,138\n1,620,518,993\n미지급비용\n103,162,161\n122,517,566\n임대보증금\n39,000,000\n323,000,000\n소\xa0 계\n6,582,693,061\n5,194,260,945\n차입금\n단기차입금\n3,000,000,000\n3,000,000,000\n기타유동금융부채\n금융보증부채\n58,254,641\n16,771,500\n합\xa0 계\n9,640,947,702\n8,211,032,445\n(2) 금융상품의 범주별 분류 및 공정가치 서열체계공정가치에는 다음의 수준이 있습니다.- 동일한 자산이나 부채에 대한 활성시장의 공시가격 (수준 1)- 직접적으로 또는 간접적으로 관측가능한, 자산이나 부채에 대한 투입변수 (수준 2)- 관측가능한 시장자료에 기초하지 않은, 자산이나 부채에 대한 투입변수 (수준 3)당사의 공정가치는 아래에서 설명하고 있는 방법에 근거하여 결정되었습니다.활성시장에서 거래되는 금융상품의 공정가치는 보고기간말 현재 고시되는 시장가격에 기초하여 산정됩니다. 거래소, 판매자, 중개인, 산업집단, 평가기관 또는 감독기관을 통해 공시가격이 용이하게 그리고 정기적으로 이용가능하고, 그러한 가격이 독립된 당사자 사이에서 정기적으로 발생한 실제 시장거래를 나타낸다면, 이를 활성시장으로 간주합니다.활성시장에서 거래되지 아니하는 금융상품의 공정가치에 대하여 평가기법을 사용하여 결정하고 있습니다. 회사는 다양한 평가기법을 활용하고 있으며 보고기간말에 현재 시장 상황에 근거하여 가정을 수립하고 있습니다. 이러한 평가기법은 관측가능한 시장정보를 최대한 사용하고 기업특유정보를 최소한으로 사용합니다. 이때, 해당상품의 공정가치 측정에 요구되는 모든 유의적인 투입변수가 관측가능하다면 해당상품은 수준 2에 포함됩니다.만약 하나 이상의 유의적인 투입변수가 관측가능한 시장정보에 기초한 것이 아니라면 해당 상품은 수준 3에 포함됩니다.금융상품의 공정가치를 측정하는 데에 사용되는 평가기법에는 다음이 포함됩니다.- 유사한 상품의 공시시장가격 또는 딜러가격- 파생상품의 공정가치는 보고기간종료일 현재의 선도환율 등을 사용하여 해당 금액을 현재가치로 할인하여 측정공정가치 서열체계를 포함한 금융자산과 금융부채의 장부금액과 공정가치는 다음과 같습니다. 장부금액이 공정가치의 합리적인 근사치에 해당하여 공정가치를 측정하지않은 금융자산과 금융부채에 대한 공정가치 정보는 포함하고 있지 않습니다.① 당분기말\n(단위 : 원)\n구\xa0 분\n수준1\n수준2\n수준3\n합\xa0 계\n기타포괄-공정가치 측정 금융자산\n상장주식\n555,152,410\n-\n-\n555,152,410\n비상장주식\n-\n14,426,847\n95,873,419\n110,300,266\n출자금\n-\n-\n4,170,844,601\n4,170,844,601\n합\xa0 계\n555,152,410\n14,426,847\n4,266,718,020\n4,836,297,277\n② 전기말\n(단위 : 원)\n구\xa0 분\n수준1\n수준2\n수준3\n합\xa0 계\n기타포괄-공정가치 측정 금융자산\n상장주식\n82,840,000\n-\n-\n82,840,000\n비상장주식\n-\n49,867,290\n95,873,419\n145,740,709\n출자금\n-\n-\n4,330,984,601\n4,330,984,601\n합\xa0 계\n82,840,000\n49,867,290\n4,426,858,020\n4,559,565,310\n당분기와 전기 중 수준 1과 수준 2 간의 유의적인 이동은 없습니다.(3) 당분기말과 전기말 현재 수준2와 수준3의 공정가치 측정을 위해 사용된 평가기법과 유의적이지만 관측가능하지 않은 투입변수는 다음과 같습니다.\n(단위 : 원)\n구\xa0 분\n공정가치\n공정가치 서열체계 수준\n가치평가기법\n유의적이지만 관측가능 하지 않은 투입변수\n당분기말\n전기말\n비상장주식\n14,426,847\n49,867,290\n2\n시장접근법\n-\n비상장주식\n95,873,419\n95,873,419\n3\n순자산가치법\n자산가치\n출자금\n4,170,844,601\n4,330,984,601\n3\n순자산가치법\n자산가치\n(4) 당분기 중 수준3 공정가치 변동내역은 다음과 같습니다.\n(단위 : 원)\n구\xa0 분\n기\xa0 초\n취\xa0 득\n처\xa0 분\n기타포괄손익에 포함된 손익\n당분기말\n기타포괄-공정가치 측정 금융자산\n4,426,858,020\n176,160,000\n(336,300,000)\n-\n4,266,718,020\n32. 우발부채와 약정사항(1) 당분기말 현재 당사가 금융기관과 체결하고 있는 여신한도 거래의 주요내역은 다음과 같습니다.\n(원화단위 : 원)\n금융기관\n약정사항\n한도금액\n실행액\n㈜대구은행\n기한부수입신용장(USANCE)\nUSD 500,000\nUSD 18,624\n일람불수입신용장(At-Sight)\nUSD 1,000,000\n-\nKDB산업은행\n포스코동반성장자금대출\n3,000,000,000\n3,000,000,000\n합\xa0 계\nUSD 1,500,000\nUSD 18,624\n3,000,000,000\n3,000,000,000\n(2) 당분기말과 전기말 현재 당사가 제공하고 있는 지급보증 내역은 다음과 같습니다.\n(원화단위 : 원)\n보증받는회사\n특수관계자 구분\n보증제공처\n보증금액\n보증내역\n당분기말\n전기말\nPT. CHEIL ABRASIVE INDONESIA\n종속기업\n한국수출입은행\nUSD 5,000,000\nUSD 5,200,000\n외화차입금보증\n(3) 당분기말 현재 담보로 제공한 당사 자산의 내역은 다음과 같습니다.\n(원화단위:원)\n채권자명\n과목\n장부가액\n담보설정액\n담보대상 차입금\nKDB산업은행\n토지\n2,823,202,000\n7,200,000,000\n3,000,000,000\n건물\n1,756,492,394\n합\xa0 계\n4,579,694,394\n7,200,000,000\n3,000,000,000\n35. 특수관계자(1) 당분기말 현재 당사의 특수관계자 현황은 다음과 같습니다.\n특수관계 구분\n당분기\n종속기업\n금성연마공업(주)\n제일연마(상해)무역유한공사\nPT. CHEIL ABRASIVE INDONESIA\nPT. SINAR INDAH JAYA ABADI\n관계기업\n삼양연마공업(주)\n기\xa0 \xa0 타\n동일산업(주)\n㈜세명기업\n㈜이루테크\n(2) 주요 경영진과의 거래주요 경영진은 단기종업원급여, 퇴직급여를 제공받고 있습니다. 당사는 당분기 중 385,558천원(전분기 389,811천원)의 보상을 주요 경영진에게 제공하였습니다.주요 경영진에는 등기임원인 이사 및 감사위원을 포함하였습니다.(3) 기타 특수관계자와의 거래① 당분기\n(단위 : 원)\n구\xa0 분\n특수관계자\n매출 등\n매입 등\n매출\n유형자산\n기타수익\n매입\n유형자산\n기타비용\n종속기업\n금성연마공업㈜\n3,450,262,698\n1,000,000\n104,730,430\n765,199,040\n28,000,000\n144,450\n제일연마(상해)무역유한공사\n727,289,616\n-\n-\n57,840\n-\n58,728,995\nPT. CHEIL ABRASIVE. INDONESIA\n873,930,690\n239,658,074\n347,883,080\n11,394,494,456\n-\n-\nPT. SINAR INDAH JAYA ABADI\n266,909,532\n-\n8,954,888\n-\n-\n-\n관계기업\n삼양연마공업㈜\n387,248,020\n-\n-\n-\n-\n-\n기타\n(주)세명기업\n-\n-\n-\n22,920,750\n-\n-\n합\xa0 계\n5,705,640,556\n240,658,074\n461,568,398\n12,182,672,086\n28,000,000\n58,873,445\n② 전분기\n(단위 : 원)\n구\xa0 분\n특수관계자\n매출 등\n매입 등\n매출\n유형자산\n기타수익\n매입\n유형자산\n기타비용\n종속기업\n금성연마공업(주)\n3,813,685,584\n-\n1,765,922,800\n700,206,715\n5,000,000\n-\n제일연마(상해)무역유한공사\n792,509,874\n-\n-\n-\n-\n114,582,641\nPT. CHEIL ABRASIVE. INDONESIA\n588,288,872\n300,550,812\n219,961,201\n8,482,701,758\n-\n-\nPT. SINAR INDAH JAYA ABADI\n231,739,603\n-\n8,955,010\n-\n-\n-\n관계기업\n삼양연마공업(주)\n367,382,870\n-\n-\n4,400,000\n-\n-\n기타\n(주)세명기업\n-\n-\n-\n34,719,300\n-\n-\n합\xa0 계\n5,793,606,803\n300,550,812\n1,994,839,011\n9,222,027,773\n5,000,000\n114,582,641\n(4) 당분기와 전기 중 특수관계자와의 자금거래 내역은 다음과 같습니다.① 당분기\n(단위 : 원)\n구\xa0 분\n회사명\n계정과목\n기초금액\n대여(차입)\n회수(상환)\n기타증(감)(*)\n기말금액\n종속기업\nPT. CHEIL ABRASIVE INDONESIA\n단기대여금\n5,031,450,000\n-\n894,480,000\n307,840,000\n4,444,810,000\n종속기업\n금성연마공업㈜\n-\n1,000,000,000\n500,000,000\n-\n500,000,000\n합\xa0 계\n5,031,450,000\n1,000,000,000\n1,394,480,000\n307,840,000\n4,944,810,000\n(*) 기타증(감)은 외화환산조정 등으로 인하여 발생한 금액입니다.② 전기\n(단위 : 원)\n구\xa0 분\n회사명\n계정과목\n기초금액\n대여\n회수\n기말금액\n종속기업\nPT. CHEIL ABRASIVE INDONESIA\n단기대여금\n-\n5,031,450,000\n-\n5,031,450,000\n기타\n(주)이루테크\n5,000,000,000\n-\n5,000,000,000\n-\n㈜세명기업\n2,000,000,000\n4,500,000,000\n6,500,000,000\n-\n합\xa0 계\n7,000,000,000\n9,531,450,000\n11,500,000,000\n5,031,450,000\n(5) 당분기말과 전기말 현재 특수관계자에 대한 채권ㆍ채무 내역은 다음과 같습니다.① 당분기말\n(단위 : 원)\n구\xa0 분\n회사명\n채\xa0 권\n채\xa0 무\n매출채권\n기타단기채권\n매입채무\n기타단기채무\n종속기업\n금성연마공업(주)\n390,194,728\n503,388,000\n-\n-\n제일연마(상해)무역유한공사\n750,661,990\n-\n-\n2,588,177\nPT. CHEIL ABRASIVE INDONESIA\n125,421,245\n4,500,050,375\n2,345,886,964\n58,254,641\nPT. SINAR INDAH JAYA ABADI\n15,119,010\n995,001\n-\n-\n관계기업\n삼양연마공업(주)\n52,218,650\n-\n-\n-\n기타\n(주)세명기업\n-\n-\n1,735,965\n-\n합\xa0 계\n1,333,615,623\n5,004,433,376\n2,347,622,929\n60,842,818\n상기 채권과 관련된 대손충당금은 없습니다.② 전기말\n(단위 : 원)\n구\xa0 분\n회사명\n채\xa0 권\n채\xa0 무\n매출채권\n기타단기채권\n매입채무\n기타단기채무\n종속기업\n금성연마공업(주)\n390,839,814\n-\n-\n-\n제일연마(상해)무역유한공사\n545,283,152\n-\n-\n7,720,514\nPT. CHEIL ABRASIVE INDONESIA\n160,883,409\n5,968,478,843\n1,021,720,228\n-\nPT. SINAR INDAH JAYA ABADI\n38,236,527\n994,997\n-\n-\n관계기업\n삼양연마공업(주)\n35,608,375\n-\n-\n-\n기타\n(주)세명기업\n-\n-\n-\n3,637,260\n합\xa0 계\n1,170,851,277\n5,969,473,840\n1,021,720,228\n11,357,774\n상기 채권과 관련된 대손충당금은 없습니다.\n6. 기타 재무에 관한 사항\n가. 재무제표 재작성 등 유의사항1) (연결)재무제표를 재작성한 경우 재작성사유, 내용 및 (연결)재무제표에 미치는 영향- 해당사항 없습니다.2) 합병, 분할, 자산양수도, 영업양수도- 해당사항 없습니다.3) 자산유동화와 관련한 자산매각의 회계처리 및 우발채무 등에 관한 사항- 해당사항 없습니다.4) 기타 재무제표 이용에 유의하여야 할 사항가) 재무제표 작성기준\n① 회계기준의 적용제일연마공업 주식회사와 그 종속기업(이하 ""연결실체""라 함)의 분기연결재무제표는 한국채택국제회계기준에 따라 작성되는 요약 중간연결재무제표입니다. 동 연결재무제표는 기업회계기준서 제1034호 \'중간재무보고\'에 따라 작성되었으며, 연차연결재무제표에서 요구되는 정보에 비하여 적은 정보를 포함하고 있습니다. 선별적 주석은 직전 연차보고기간말 후 발생한 당사의 재무상태와 경영성과의 변동을 이해하는데 유의적인 거래나 사건에 대한 설명을 포함하고 있습니다.연결실체의 분기연결재무제표는 기업회계기준서 제1116호 \'리스\'가 처음 적용되었으며, 유의적인 회계정책의 변경은 주석 3에서 설명하고 있습니다.\n② 재무제표의 측정기준연결실체의 분기연결재무제표는 기타포괄손익-공정가치측정 금융자산과 보고기간 종료일 현재 확정급여채무의 현재가치에서 공정가치로 인식된 사외적립자산을 차감하여 인식한 순확정급여부채를 제외하고는 역사적원가를 기준으로 작성되었습니다.③ 기능통화와 보고통화본 요약 분기연결재무제표는 지배기업의 기능통화인 대한민국의 \'원\'으로 표시되어 있습니다.④ 추정과 판단\n- 경영진의 판단 및 가정과 추정의 불확실성\n한국채택국제회계기준은 중간재무제표를 작성함에 있어서 회계정책의 적용이나, 중간보고기간말 현재 자산, 부채 및 수익, 비용의 보고금액에 영향을 미치는 사항에 대하여 경영진의 최선의 판단을 기준으로 한 추정치와 가정의 사용을 요구하고 있습니다. 중간보고기간말 현재 경영진의 최선의 판단을 기준으로 한 추정치와 가정이 실제환경과 다를 경우 이러한 추정치와 실제 결과는 다를 수 있습니다.\n나. 대손충당금 설정현황(연결기준)\n1) 계정과목별 대손충당금 설정내역\n(단위 : 원)\n구 분\n계정과목\n채권금액\n대손충당금\n대손충당금설정률\n제46기3분기\n매출채권\n12,102,370,418\n497,765,199\n4.11%\n미수금\n400,645,930\n392,678,416\n98.01%\n선급금\n379,539,883\n150,290,495\n39.60%\n합\xa0\xa0 계\n12,882,556,231\n1,040,734,110\n8.08%\n제45기\n매출채권\n12,583,725,056\n495,856,553\n3.94%\n미수금\n400,803,626\n393,756,135\n98.24%\n선급금\n713,642,327\n154,728,161\n21.68%\n합\xa0\xa0 계\n13,698,171,009\n1,044,340,849\n7.62%\n제44기\n매출채권\n13,235,107,804\n245,020,440\n1.85%\n미수금\n440,012,527\n396,123,059\n90.03%\n선급금\n450,360,020\n155,432,661\n34.51%\n합\xa0\xa0 계\n14,125,480,351\n796,576,160\n5.64%\n2) 최근 3사업연도의 대손충당금 변동현황\n(단위 : 원)\n구\xa0 \xa0\xa0 분\n제46기 3분기\n제45기\n제44기\n1. 기초 대손충당금 잔액합계\n1,044,340,849\n796,576,160\n825,701,605\n2. 순대손처리액(①－②±③)\n1,636,811\n(24,296,032)\n(2,707,876)\n① 대손처리액(상각채권액)\n-\n(23,719,385)\n-\n② 상각채권회수액\n-\n-\n-\n③ 기타증감액\n1,636,811\n(576,647)\n(2,707,876)\n3. 대손상각비 계상(환입)액\n(5,243,550)\n272,060,721\n(26,417,569)\n4. 기말 대손충당금 잔액합계\n1,040,734,110\n1,044,340,849\n796,576,160\n3) 매출채권 관련 대손충당금 설정방침회사는 대차대조표일 현재 매출채권 등의 잔액에 대하여 개별적분석방법 및 과거의 대손경험율에 의하여 예상되는 대손예상액을 대손충당금으로 설정하고 있습니다.\n가) 개별분석 및 대손예상액 산정근거\n설\xa0\xa0 정\xa0\xa0 방\xa0\xa0 침\n설정율\n비\xa0 고\n1년이하 미회수 매출채권\n1.0%\n-\n1년초과 2년이하 미회수 매출채권\n50.0%\n-\n2년초과 미회수 매출채권\n100.0%\n-\n나) 대손처리기준 :\xa0 매출채권 등에 대해 아래와 같은 사유발생시 실대손처리① 파산, 부도 , 강제집행, 사업의 폐지, 채무자의 사망, 실종, 행방불명으로 인해 채권의 회수불능이 객관적으로 입증된 경우② 소송에 패소하였거나 법적 청구권이 소멸한 경우③ 외부 채권회수 전문기관이 회수가 불가능하다고 통지한 경우④ 회수에 따른 비용이 채권금액을 초과하는 경우\n4) 당분기말과 전기말 현재 매출채권 및 기타채권의 연령 및 연령별로 손상된 채권은 다음과 같습니다.\n(단위 : 원)\n채권 연령\n당분기\n전기말\n채권잔액(손상전)\n손상된 금액\n채권잔액(손상전)\n손상된 금액\n만기일 미도래\n11,807,230,040\xa0\n(99,793,898)\n12,119,267,621\n(104,090,007)\n6개월 이하\n797,320,263\xa0\n(2,881,938)\n1,068,407,755\n(301,391,585)\n6개월 초과 1년 이하\n340,488,788\xa0\n(319,457,908)\n8,786,100\n(4,393,050)\n1년 초과\n473,160,530\xa0\n(468,309,871)\n479,738,046\n(479,738,046)\n합\xa0 계\n13,418,199,621\xa0\n(890,443,615)\n13,676,199,522\n(889,612,688)\n다. 재고자산 현황(연결기준)1) 최근 3사업연도의 재고자산의 사업부문별 보유현황\xa0\n(단위 : 원)\n계정과목\n제46기 3분기\n제45기\n제44기\n비고\n상\xa0\xa0 품\n2,563,476,800\n2,480,229,298\n2,127,194,521\n-\n제\xa0\xa0 품\n2,510,578,671\n2,260,630,158\n2,776,080,647\n-\n재공품\n1,804,901,957\n1,122,387,640\n1,779,253,369\n-\n원재료\n9,696,169,720\n9,855,371,742\n6,630,601,352\n-\n부재료\n1,901,943,162\n1,764,388,036\n1,525,805,238\n-\n저장품\n1,411,720,021\n992,092,862\n1,169,823,351\n-\n미착품\n1,255,054,118\n1,627,439,077\n1,725,876,424\n-\n합\xa0\xa0 계\n21,143,844,449\n20,102,538,813\n17,734,634,902\n-\n총자산대비 재고자산 구성비율(%)[재고자산합계÷기말자산총계×100]\n21.38%\n20.44%\n17.92%\n-\n재고자산회전율(회수)[ 연환산 매출원가÷{(기초재고＋기말재고)÷2}]\n3.06회\n3.50회\n3.79회\n-\n2) 재고자산의 실사내역 등가) 실사일자연 2회 장부상 금액과 실물과의 차이를 규명하기 위해 현물실사를 하고 있습니다. 2018년 연말 재고자산에 대한 실사는 2019년 1월 2일에 실시하였으며 2019년도 분기 재고자산에 대한 실사는 2019년 6월 30일 각 창고별로 실시하였습니다.나) 재고실사시 독립적인 전문가의 참여 또는 감사인의 입회여부 등2019년 1월 2일 연말 재고실사시에는 외부감사인인 안경회계법인 소속 공인회계사의 입회하에 실시되었습니다. 당사의 2019년 6월 30일자 반기 재고실사시에는 외부감사인이 입회하지 않았으며 자체적으로 실시하였습니다.\xa0\n다) 장기체화재고 등의 현황당사는 보고서 작성 기준일 현재 장기체화재고 등이 없습니다. 라. 공정가치평가 내역1) 공정가치 측정\n연결실체는 공정가치평가 정책과 절차를 수립하고 있습니다. 동 정책과 절차에는 공정가치 서열체계에서 수준 3으로 분류되는 공정가치를 포함한 모든 유의적인 공정가치 측정의 검토를 책임지는 평가부서의 운영을 포함하고 있으며, 그 결과는 재무담당임원에게 직접 보고되고 있습니다.평가부서는 정기적으로 관측가능하지 않은 유의적인 투입변수와 평가 조정을 검토하고 있습니다. 공정가치측정에서 중개인 가격이나 평가기관과 같은 제3자 정보를 사용하는 경우, 평가부서에서 제3자로부터 입수한 정보에 근거한 평가가 공정가치 서열체계 내 수준별 분류를 포함하고 있으며 해당 기준서의 요구사항을 충족한다고 결론을 내릴 수 있는지 여부를 판단하고 있습니다.연결실체는 유의적인 평가 문제를 이사회에 보고하고 있습니다.자산이나 부채의 공정가치를 측정하는 경우, 연결실체는 최대한 시장에서 관측가능한 투입변수를 사용하고 있습니다. 공정가치는 다음과 같이 가치평가기법에 사용된 투입변수에 기초하여 공정가치 서열체계 내에서 분류됩니다.- 수준 1 : 측정일에 동일한 자산이나 부채에 대한 접근 가능한 활성시장의 조정되지\xa0 \xa0 \xa0 \xa0 \xa0 \xa0 \xa0 \xa0\xa0 않은 공시가격- 수준 2 : 수준 1의 공시가격 이외에 자산이나 부채에 대해 직접적으로 또는 간접적\xa0 \xa0 \xa0 \xa0 \xa0 \xa0 \xa0 \xa0\xa0 으로 관측가능한 투입변수- 수준 3 : 자산이나 부채에 대한 관측가능하지 않은 투입변수\n자산이나 부채의 공정가치를 측정하기 위해 사용되는 여러 투입변수가 공정가치 서열체계 내에서 다른 수준으로 분류되는 경우, 연결실체는 측정치 전체에 유의적인 공정가치 서열체계에서 가장 낮은 수준의 투입변수와 동일한 수준으로 공정가치 측정치 전체를 분류하고 있으며, 변동이 발생한 보고기간 말에 공정가치 서열체계의 수준간 이동을 인식하고 있습니다.\n2) 금융상품의 범주별 분류당분기말과 전기말 현재 범주별 금융상품의 장부금액은 다음과 같습니다.① 금융자산\n(단위 : 원)\n구\xa0 분\n당분기\n전\xa0 기\n상각후원가 측정 금융자산\n기타포괄손익- 공정가치 측정 금융자산\n대여금및수취채권\n매도가능금융자산\n현금및현금성자산\n18,584,009,451\n-\n18,748,817,460\n-\n매출채권및 기타채권\n매출채권\n11,604,605,219\n-\n12,087,868,503\n-\n단기대여금\n10,909,580\n-\n70,368,520\n-\n미수금\n7,967,514\n-\n7,047,491\n-\n미수수익\n102,365,784\n-\n14,300,158\n-\n보증금\n801,907,909\n-\n607,002,162\n-\n소\xa0 계\n12,527,756,006\n-\n12,786,586,834\n-\n기타포괄손익-공정가치측정금융자산\n-\n4,836,297,277\n-\n4,559,565,310\n합\xa0 계\n31,111,765,457\n4,836,297,277\n31,535,404,294\n4,559,565,310\n② 금융부채\n(단위 : 원)\n구\xa0 분\n상각후원가 측정 금융부채\n당분기\n전\xa0 기\n매입채무및기타채무\n매입채무\n4,972,501,635\n6,093,223,871\n미지급금\n2,245,821,429\n691,826,336\n미지급비용\n172,608,993\n376,326,184\n임대보증금\n39,000,000\n323,000,000\n소\xa0 계\n7,429,932,057\n7,484,376,391\n차입금\n단기차입금\n6,129,734,120\n8,603,606,000\n유동성장기차입금\n-\n500,000,000\n소\xa0 계\n6,129,734,120\n9,103,606,000\n합\xa0 계\n13,559,666,177\n16,587,982,391\n3) 금융상품의 범주별 분류 및 공정가치 서열체계공정가치에는 다음의 수준이 있습니다.- 동일한 자산이나 부채에 대한 활성시장의 공시가격 (수준 1)- 직접적으로 또는 간접적으로 관측가능한, 자산이나 부채에 대한 투입변수 (수준 2)- 관측가능한 시장자료에 기초하지 않은, 자산이나 부채에 대한 투입변수 (수준 3)연결실체의 공정가치는 아래에서 설명하고 있는 방법에 근거하여 결정되었습니다.활성시장에서 거래되는 금융상품의 공정가치는 보고기간말 현재 고시되는 시장가격에 기초하여 산정됩니다. 거래소, 판매자, 중개인, 산업집단, 평가기관 또는 감독기관을 통해 공시가격이 용이하게 그리고 정기적으로 이용가능하고, 그러한 가격이 독립된 당사자 사이에서 정기적으로 발생한 실제 시장거래를 나타낸다면, 이를 활성시장으로 간주합니다.활성시장에서 거래되지 아니하는 금융상품의 공정가치에 대하여 평가기법을 사용하여 결정하고 있습니다. 연결실체는 다양한 평가기법을 활용하고 있으며 보고기간말에 현재 시장 상황에 근거하여 가정을 수립하고 있습니다. 이러한 평가기법은 관측가능한 시장정보를 최대한 사용하고 기업특유정보를 최소한으로 사용합니다. 이때, 해당상품의 공정가치 측정에 요구되는 모든 유의적인 투입변수가 관측가능하다면 해당상품은 수준 2에 포함됩니다.만약 하나 이상의 유의적인 투입변수가 관측가능한 시장정보에 기초한 것이 아니라면 해당 상품은 수준 3에 포함됩니다.금융상품의 공정가치를 측정하는데 사용되는 평가기법에는 다음이 포함됩니다.- 유사한 상품의 공시시장가격 또는 딜러가격- 파생상품의 공정가치는 보고기간종료일 현재의 선도환율 등을 사용하여 해당 금액\xa0\xa0 을 현재가치로 할인하여 측정\n공정가치 서열체계를 포함한 금융자산과 금융부채의 장부금액과 공정가치는 다음과 같습니다. 장부금액이 공정가치의 합리적인 근사치에 해당하여 공정가치를 측정하지않은 금융자산과 금융부채에 대한 공정가치 정보는 포함하고 있지 않습니다.\n① 당분기\n(단위 : 원)\n구\xa0 분\n수준1\n수준2\n수준3\n합\xa0 계\n기타포괄-공정가치 측정 금융자산\n상장주식\n555,152,410\n-\n-\n555,152,410\n비상장주식\n-\n14,426,847\n95,873,419\n110,300,266\n출자금\n-\n-\n4,170,844,601\n4,170,844,601\n합\xa0 계\n555,152,410\n14,426,847\n4,266,718,020\n4,836,297,277\n② 전기\n(단위 : 원)\n구\xa0 분\n수준1\n수준2\n수준3\n합\xa0 계\n기타포괄-공정가치 측정 금융자산\n상장주식\n82,840,000\n-\n-\n82,840,000\n비상장주식\n-\n49,867,290\n95,873,419\n145,740,709\n출자금\n-\n-\n4,330,984,601\n4,330,984,601\n합\xa0 계\n82,840,000\n49,867,290\n4,426,858,020\n4,559,565,310\n당분기와 전기 중 수준 1과 수준 2 간의 유의적인 이동은 없습니다.\n4) 당분기말과 전기말 현재 수준2 와 수준3의 공정가치 측정을 위해 사용된 평가기법과 유의적이지만 관측가능하지 않은 투입변수는 다음과 같습니다.\n(단위 : 원)\n구\xa0 분\n공정가치\n공정가치 서열체계 수준\n가치평가기법\n유의적이지만 관측가능 하지 않은 투입변수\n당분기말\n전기말\n비상장주식\n14,426,847\n49,867,290\n2\n시장접근법\n-\n비상장주식\n95,873,419\n95,873,419\n3\n순자산가치법\n자산가치\n출자금\n4,170,844,601\n4,330,984,601\n3\n순자산가치법\n자산가치\n5) 당분기 중 수준3 공정가치 변동내역은 다음과 같습니다.\n구\xa0 분\n기\xa0 초\n취\xa0 득\n처\xa0 분\n기타포괄손익에 포함된 손익\n당분기말\n기타포괄-공정가치 측정 금융자산\n4,426,858,020\n176,160,000\n(336,300,000)\n-\n4,266,718,020\n라. 기타 증권에 관한 사항- 해당사항 없습니다.마. 진행률적용 수주계약 현황- 해당사항 없습니다.\n채무증권 발행실적\n(기준일 :\xa0\n2019년 09월 30일\n)\n(단위 : 원, %)\n발행회사\n증권종류\n발행방법\n발행일자\n권면총액\n이자율\n평가등급(평가기관)\n만기일\n상환여부\n주관회사\n-\n-\n-\n-\n-\n-\n-\n-\n-\n-\n합\xa0 계\n-\n-\n-\n-\n-\n-\n-\n-\n-\n※ 해당사항 없습니다.\n사채관리계약 주요내용 및 충족여부 등\n(작성기준일 :\xa0\n2019년 09월 30일\n)\n(단위 : 원, %)\n채권명\n발행일\n만기일\n발행액\n사채관리계약체결일\n사채관리회사\n-\n-\n-\n-\n-\n-\n(이행현황기준일 :\xa0\n2019년 09월 30일\n)\n재무비율 유지현황\n계약내용\n-\n이행현황\n-\n담보권설정 제한현황\n계약내용\n-\n이행현황\n-\n자산처분 제한현황\n계약내용\n-\n이행현황\n-\n지배구조변경 제한현황\n계약내용\n-\n이행현황\n-\n이행상황보고서 제출현황\n이행현황\n-\n* 이행현황기준일은 이행현황 판단 시 적용한 회계감사인의 감사의견(확인 및 의견표시)이 표명된 가장 최근의 재무제표의 작성기준일이며, 지배구조변경 제한현황은 공시서류작성기준일임.※ 해당사항 없습니다.\n기업어음증권 미상환 잔액\n(기준일 :\xa0\n2019년 09월 30일\n)\n(단위 : 원)\n잔여만기\n10일 이하\n10일초과30일이하\n30일초과90일이하\n90일초과180일이하\n180일초과1년이하\n1년초과2년이하\n2년초과3년이하\n3년 초과\n합 계\n미상환 잔액\n공모\n-\n-\n-\n-\n-\n-\n-\n-\n-\n사모\n-\n-\n-\n-\n-\n-\n-\n-\n-\n합계\n-\n-\n-\n-\n-\n-\n-\n-\n-\n※ 해당사항 없습니다.\n전자단기사채 미상환 잔액\n(기준일 :\xa0\n2019년 09월 30일\n)\n(단위 : 원)\n잔여만기\n10일 이하\n10일초과30일이하\n30일초과90일이하\n90일초과180일이하\n180일초과1년이하\n합 계\n발행 한도\n잔여 한도\n미상환 잔액\n공모\n-\n-\n-\n-\n-\n-\n-\n-\n사모\n-\n-\n-\n-\n-\n-\n-\n-\n합계\n-\n-\n-\n-\n-\n-\n-\n-\n※ 해당사항 없습니다.\n회사채 미상환 잔액\n(기준일 :\xa0\n2019년 09월 30일\n)\n(단위 : 원)\n잔여만기\n1년 이하\n1년초과2년이하\n2년초과3년이하\n3년초과4년이하\n4년초과5년이하\n5년초과10년이하\n10년초과\n합 계\n미상환 잔액\n공모\n-\n-\n-\n-\n-\n-\n-\n-\n사모\n-\n-\n-\n-\n-\n-\n-\n-\n합계\n-\n-\n-\n-\n-\n-\n-\n-\n※ 해당사항 없습니다.\n신종자본증권 미상환 잔액\n(기준일 :\xa0\n2019년 09월 30일\n)\n(단위 : 원)\n잔여만기\n1년 이하\n1년초과5년이하\n5년초과10년이하\n10년초과15년이하\n15년초과20년이하\n20년초과30년이하\n30년초과\n합 계\n미상환 잔액\n공모\n-\n-\n-\n-\n-\n-\n-\n-\n사모\n-\n-\n-\n-\n-\n-\n-\n-\n합계\n-\n-\n-\n-\n-\n-\n-\n-\n※ 해당사항 없습니다.\n조건부자본증권 미상환 잔액\n(기준일 :\xa0\n2019년 09월 30일\n)\n(단위 : 원)\n잔여만기\n1년 이하\n1년초과2년이하\n2년초과3년이하\n3년초과4년이하\n4년초과5년이하\n5년초과10년이하\n10년초과20년이하\n20년초과30년이하\n30년초과\n합 계\n미상환 잔액\n공모\n-\n-\n-\n-\n-\n-\n-\n-\n-\n-\n사모\n-\n-\n-\n-\n-\n-\n-\n-\n-\n-\n합계\n-\n-\n-\n-\n-\n-\n-\n-\n-\n-\n※ 해당사항 없습니다.\n']"
