text
"[""\n5. 재무제표 주석\n제 13 기 1분기 : 2024년 \xa03월 31일 현재\n제 12 기 \xa0 \xa0 \xa0 \xa0 : 2023년 12월 31일 현재\n주식회사 더블유게임즈\n1. 당사의 개요주식회사 더블유게임즈(이하 '당사')는 2012년 5월 1일 설립되어 12월 31일을 보고기간종료일로 하고 있으며, 응용소프트웨어 개발 및 공급 등을 주요사업으로 영위하고 있습니다. 당사는 2015년 11월 4일자로 한국거래소가 개설하는 협회중개시장(코스닥)에 주식을 상장하였으며, 2019년 3월 12일자로 코스피 종목으로 이전 상장하였습니다.당사의 보고기간종료일 현재 자본금은 10,839,826천원이며, 주요 주주 현황은 다음과같습니다.\n주주명\n주식수(주)\n지분율\n김가람\n8,892,000\n41.37%\n더블유게임즈 (자사주)\n1,670,349\n7.77%\n기타주주\n10,933,557\n50.86%\n합계\n21,495,906\n100.00%\n당사는 2024년 1월 18일을 신주배정일로 정하여 자기주식을 제외한 1주당 0.2주의 비율로 신주를 배정하는 무상증자를 실시하였습니다.\xa0\n무상증자를 통해 3,305,149주의 신주가 발행되었으며 이 중 단수주 5,338주를 취득하였습니다.\n2. 중요한 회계정책 및 요약분기재무제표 작성기준 등2-1 재무제표 작성기준주식회사 더블유게임즈(이하 '당사')의 요약분기재무제표는 '주식회사등의외부감사에 관한 법률'에 따라 제정된 한국채택국제회계기준 기업회계기준서 제1034호 '중간재무보고' 에 따라 작성되었습니다.\xa0\n\xa0\n요약중간재무제표는 연차재무제표에 기재할 것으로 요구되는 모든 정보 및 주석사항을 포함하고 있지 아니하므로, 2023년 12월 31일로 종료되는 회계기간에 대한 연차재무제표의 정보도 함께 참고하여야 합니다.2-2 제ㆍ개정된 기준서의 적용당사는 2024년 1월 1일로 개시하는 회계기간부터 다음의 제ㆍ개정 기준서 및 해석서를 신규로 적용하였습니다.\n(1) 기업회계기준서 제1001호 '재무제표 표시' 개정 - 부채의 유동/비유동 분류, 약정사항이 있는 비유동부채\n\xa0보고기간말 현재 존재하는 실질적인 권리에 따라 유동 또는 비유동으로 분류되며, 부채의 결제를 연기할 수 있는 권리의 행사가능성이나 경영진의 기대는 고려하지 않습 니다. 또한, 부채의 결제에 자기지분상품의 이전도 포함되나, 복합금융상품에서 자기 지분상품으로 결제하는 옵션이 지분상품의 정의를 충족하여 부채와 분리하여 인식된 경우는 제외됩니다. 또한, 기업이 보고기간말 후에 준수해야하는 약정은 보고기간말에 해당 부채의 분류에 영향을 미치지 않으며, 보고기간 이후 12개월 이내 약정사항을 준수해야하는 부채가보고기간말 현재 비유동부채로 분류된 경우 보고기간 이후 12개월 이내 부채가 상환될 수 있는 위험에 관한 정보를 공시하도록 하였습니다. 해당 기준서의 개정이 재무제표에 미치는 중요한 영향은 없습니다.(2) 기업회계기준서 제1007호 '현금흐름표', 기업회계기준서 제1107호 '금융상품: 공시' 개정 - 공급자금융약정에 대한 정보 공시\n공급자금융약정을 적용하는 경우, 재무제표이용자가 공급자금융약정이 기업의 부채와 현금흐름 그리고 유동성위험 익스포저에 미치는 영향을 평가할 수 있도록 공급자금융약정에 대한 정보를 공시하도록 하였습니다. 개정내용을 최초로 적용하는 회계연도 내 중간보고기간에는 해당 내용을 공시할 필요가 없다는 경과규정에 따라 중간재무제표에 미치는 영향이 없습니다(3) 기업회계기준서 제1116호 '리스' 개정 - 판매후리스에서 생기는 리스부채\n판매후리스에서 생기는 리스부채를 후속적으로 측정할 때 판매자-리스이용자가 보유하는 사용권 관련 손익을 인식하지 않는 방식으로 리스료나 수정리스료를 산정하도록 하였습니다. 해당 기준서의 개정이 재무제표에 미치는 중요한 영향은 없습니다.\n(4) 기업회계기준서 제1001호 '재무제표 표시' 개정 - '가상자산 공시'가상자산을 보유하는 경우, 가상자산을 고객을 대신하여 보유하는 경우, 가상자산을 발행한 경우의 추가 공시사항을 규정하도록 하였습니다. 해당 기준서의 개정이 재무제표에 미치는 중요한 영향은 없습니다.\n2-3 당사가 적용하지 않은 제ㆍ개정 기준서 및 해석서제정 또는 공표되었으나 시행일이 도래하지 않아 적용하지 아니한 제ㆍ개정 기준서 및 해석서는 다음과 같습니다.(1) 기업회계기준서 제1021호 '환율변동효과'와 기업회계기준서 제1101호 '한국채택국제회계기준의 최초채택' 개정 - 교환가능성 결여통화의 교환가능성을 평가하고 다른 통화와 교환이 가능하지 않다면 현물환율을 추정하며 관련 정보를 공시하도록 하고 있습니다. 동 개정사항은 2025 년 1 월 1 일 이후 시작하는 회계연도부터 적용되며, 조기적용이 허용됩니다. 회사는 동 개정으로 인한 재무제표의 영향을 검토 중에 있습니다.\n2-4 회계정책\n요약분기재무제표의 작성에 적용된 중요한 회계정책과 계산방법은 주석 2-2에서 설명하는 제ㆍ개정 기준서의 적용으로 인한 변경 및 아래 문단에서 설명하는 사항을 제외하고는 전기 재무제표 작성에 적용된 회계정책이나 계산방법과 동일합니다.\n(1) 법인세비용중간기간의 법인세비용은 전체 회계연도에 대해서 예상되는 최선의 가중평균연간법인세율, 즉 추정평균연간유효법인세율을 중간기간의 세전이익에 적용하여 계산합니다.\n2-5 중요한 판단과 추정불확실성의 주요 원천요약중간재무제표를 작성함에 있어, 경영진은 회계정책 적용과 자산ㆍ부채 및 수익ㆍ비용에 영향을 미치는 판단, 추정 및 가정을 해야합니다. 실제 결과는 이러한 추정치와 다를 수 있습니다.\n요약중간재무제표 작성을 위해 연결기업 회계정책의 적용과 추정 불확실성의 주요 원천에 대해 경영진이 내린 중요한 판단은 법인세비용을 결정하는데 사용된 추정의 방법을 제외하고는 2023년 12월 31일로 종료하는 회계연도에 대한 연차재무제표와 동일합니다.\n3. 금융상품3-1 금융자산\xa0\n보고기간종료일 현재 금융자산의 범주별 내역은 다음과 같습니다.\xa0\n<당분기말>\n(단위: 천원)\n구 \xa0분\n당기손익-공정가치 측정금융자산\n상각후원가 측정 금융자산\n유동자산\n현금및현금성자산\n-\n35,587,379\n당기손익-공정가치 측정 금융자산\n137,374,333\n-\n매출채권및기타채권:\n\xa0 매출채권\n-\n17,397,428\n\xa0 미수금\n-\n456,423\n소 \xa0계\n-\n17,853,851\n기타금융자산:\n\xa0 미수수익\n-\n12,863,892\n\xa0 유동성장기대여금\n-\n50,000,000\n\xa0 리스채권\n-\n1,685,116\n소 \xa0계\n-\n64,549,008\n합 \xa0계\n137,374,333\n117,990,238\n비유동자산\n당기손익-공정가치 측정 금융자산\n1,579,049\n-\n기타금융자산:\n\xa0 임차보증금\n-\n2,825,412\n\xa0 기타보증금\n-\n501,734\n\xa0 리스채권\n-\n5,323,549\n소 \xa0계\n-\n8,650,695\n합 \xa0계\n1,579,049\n8,650,695\n<전기말>\n(단위: 천원)\n구 \xa0 \xa0 분\n당기손익-공정가치 측정금융자산\n상각후원가 측정금융자산\n유동자산\n현금및현금성자산\n-\n31,684,332\n당기손익-공정가치측정금융자산\n127,110,719\n-\n매출채권및기타채권:\n\xa0 매출채권\n-\n16,518,544\n\xa0 미수금\n-\n87,325\n소 계\n-\n16,605,869\n기타금융자산:\n\xa0 미수수익\n-\n12,352,445\n\xa0 유동성장기대여금\n-\n50,000,000\n\xa0 리스채권\n-\n1,673,170\n소 계\n-\n64,025,615\n합 계\n127,110,719\n112,315,816\n비유동자산\n\u3000\n\u3000\n당기손익-공정가치측정금융자산\n1,720,722\n-\n기타금융자산:\n\xa0 임차보증금\n-\n2,783,754\n\xa0 기타보증금\n-\n501,734\n\xa0 리스채권\n-\n5,656,829\n소 계\n-\n8,942,317\n합 계\n1,720,722\n8,942,317\n3-2 금융부채보고기간종료일 현재 금융부채의 범주별 내역은 다음과 같습니다.\n(단위: 천원)\n구 \xa0분\n상각후원가로 측정하는 금융부채\n당분기말\n전기말\n유동부채\n매입채무및기타채무:\n\xa0 미지급금\n648,688\n577,514\n\xa0 미지급비용(*1)\n2,616,670\n6,690,017\n소 \xa0계\n3,265,358\n7,267,531\n\xa0 리스부채\n6,197,054\n6,152,050\n\xa0 유동성사채\n19,982,985\n19,976,763\n\xa0 미지급배당금\n16,525,746\n-\n합 \xa0계\n45,971,143\n33,396,344\n비유동부채\n\xa0 리스부채\n19,585,820\n20,811,844\n합 \xa0계\n19,585,820\n20,811,844\n(*1) 종업원충당부채는 제외하였습니다.\n3-3 금융상품의 공정가치 서열체계\n보고기간종료일 현재 공정가치로 측정되는 금융상품의 공정가치 서열체계는 다음과 같습니다.\n<당분기말>\n(단위: 천원)\n구 \xa0분\n금 \xa0액\n수준 1\n수준 2\n수준 3\n합계\n공정가치로 측정되는 금융자산\n\xa0 당기손익-공정가치 측정 금융자산\n501,568\n137,374,333\n1,077,481\n138,953,382\n<전기말>\n(단위: 천원)\n구 \xa0분\n금 \xa0액\n수준 1\n수준 2\n수준 3\n합 \xa0계\n공정가치로 측정되는 금융자산\n\xa0 당기손익-공정가치측정금융자산\n626,736\n127,110,719\n1,093,986\n128,831,441\n3-4 반복적인 공정가치 측정치의 서열체계 수준 간 이동당사는 공정가치 서열체계의 수준간 이동을 보고기간 말에 인식합니다. 당분기 중 공정가치 수준1과 수준2 사이의 이동 및 공정가치 수준3으로 또는 수준3으로부터의 이동은 없었습니다.\n3-5 가치평가기법 및 투입변수\n보고기간종료일 현재 공정가치로 측정되는 자산 중 공정가치 서열체계 수준 2, 3으로 분류된 항목의 가치평가기법은 다음과 같습니다. 펀드 공정가치 평가 투입편수는 괄호 안에 기재하였습니다.\n(단위 : 천원)\n구 \xa0분\n공정가치\n수준\n가치평가기법\n분기말\n전기말\n수익증권\n137,374,333\n127,110,719\n2\n기초자산에 근거한 평가기관의 평가(현금흐름할인법)\n투자조합\n1,077,481\n1,093,986\n3\n펀드 공정가치 평가(피투자회사 최근 거래가격)\xa0\n3-6 금융상품 범주별 순손익\n(단위 : 천원)\n구분\n당분기\n전분기\n금융자산\n당기손익-공정가치 측정 금융자산\n\xa0이자수익\n-\n717,416\n\xa0외환차익\n-\n1,123,400\n\xa0평가손익\n2,552,660\n1,769,208\n\xa0처분손익\n-\n1,960,830\n소계\n2,552,660\n5,570,854\n상각후원가 측정 금융자산\n\xa0이자수익\n1,050,039\n1,396,401\n\xa0외환차익\n783,391\n1,892,718\n\xa0외화환산이익\n2,122,810\n738,553\n\xa0외환차손\n(18,186)\n(954,991)\n\xa0외화환산손실\n(801,386)\n(4,370)\n소계\n3,136,668\n3,068,311\n금융자산 합계\n5,689,328\n8,639,165\n금융부채\n상각후원가 측정 금융부채\n\xa0이자비용\n(586,606)\n(484,141)\n\xa0외환차익\n33\n120,869\n\xa0외화환산이익\n-\n4,577\n\xa0외환차손\n(61,226)\n(267,784)\n\xa0외화환산손실\n(11,251)\n(3,238)\n금융부채 합계\n(659,050)\n(629,717)\n3-7. 금융수익 및 금융비용당분기와 전분기 중 금융수익과 금융비용은 다음과 같습니다.\n(단위: 천원)\n구 \xa0 \xa0 분\n당분기\n전분기\n금융수익\n\xa0이자수익\n1,050,039\n2,113,817\n\xa0외환차익\n783,424\n3,136,987\n\xa0외화환산이익\n2,122,810\n743,130\n\xa0당기손익-공정가치측정금융자산 평가이익\n2,924,192\n1,769,208\n\xa0당기손익-공정가치측정금융자산 처분이익\n-\n1,989,006\n합 계\n6,880,465\n9,752,148\n금융비용\n\xa0이자비용\n586,606\n484,141\n\xa0외환차손\n79,413\n1,222,776\n\xa0외화환산손실\n812,637\n7,608\n\xa0당기손익-공정가치측정금융자산 평가손실\n371,531\n-\n\xa0당기손익-공정가치측정금융자산 처분손실\n-\n28,176\n합 계\n1,850,187\n1,742,701\n4. 당기손익-공정가치 측정 금융자산보고기간종료일 현재 당기손익-공정가치 측정 금융자산의 내역은 다음과 같습니다.\xa0\n(단위: 천원)\n구 \xa0 \xa0 분\n당분기말\n전기말\n유 \xa0 동\n비유동\n유 \xa0 동\n비유동\n특정금전신탁 및 채권형 랩 등\n137,374,333\n-\n127,110,719\n-\n출자조합\n-\n1,077,481\n-\n1,093,986\n지분상품\n-\n501,568\n-\n626,736\n합 계\n137,374,333\n1,579,049\n127,110,719\n1,720,722\n5. 유형자산\n당분기와 전분기 중 유형자산의 변동 내역은 다음과 같습니다.\n(단위: 천원)\xa0\n구 \xa0 분\n당분기\n전분기\n기초\n1,185,166\xa0\n1,277,300\n취득\n78,155\xa0\n46,399\n처분\n(483)\n-\n감가상각비\n(108,622)\n(120,636)\n분기말\n1,154,216\n1,203,063\n6. 무형자산\n당분기와 전분기 중 무형자산의 변동 내역은 다음과 같습니다.\n(단위: 천원)\xa0\n구 \xa0 분\n당분기\n전분기\n기초\n140,889\n158,877\n취득\n81,355\n647\n상각비\n(16,116)\n(17,134)\n분기말\n206,128\n142,390\n당사가 당분기 중 비용으로 인식한 연구와 개발 지출의 총액은 6,529,613천원(전분기: 6,704,356천원)입니다.\n7. 관계기업 및 종속기업투자보고기간종료일 현재 관계기업 및 종속기업투자의 현황은 다음과 같습니다.\xa0\n(단위: 천원)\n회사명\n설립국가\n주요영업활동\n당분기말\n전기말\n지분율\n장부금액\n지분율\n장부금액\n<관계기업>\n(주)애피타이저게임즈(*1)\n한국\n게임소프트웨어개발및공급업\n20.27%\n-\n20.27%\n-\n<종속기업>\n(주)더블다운인터액티브\n한국\n게임소프트웨어개발및공급업\n67.05%\n476,045,666\n67.05%\n\xa0476,045,666\n(주)더블유씨앤씨(*2)\n한국\n공연기획업\n100.00%\n3,000,000\n-\n-\n합 계\n479,045,666\n\xa0476,045,666\n(*1) 전기 중 폐업처리 하였습니다.(*2) 당분기 중 신규 설립하였습니다.\n8. 사채\n보고기간종료일 현재 사채의 내역은 다음과 같습니다.\n(단위: 천원)\n종 \xa0 \xa0 목\n발행일\n상환일\n연이자율(%)\n당분기말\n전기말\n이자지급 및 상환방법\n제 1-2회 무보증 공모사채\n2021.10.27\n2024.10.25\n3.598%\n20,000,000\n20,000,000\n매3개월 이자지급, 만기일시상환\n사채할인발행차금\n(17,015)\n(23,237)\n소 \xa0계\n19,982,985\n19,976,763\n유동성대체\n(19,982,985)\n(19,976,763)\n합 \xa0계\n-\n-\n상기 제1-2회 공모사채와 관련하여 당사는 약정에 따라 사채의 원리금지급의무이행이 완료될 때까지 부채비율을 300% 이하로 유지하여야 하며, 자기자본의 300%로 지급보증과 담보권 설정이 제한되어 있고, 하나의 회계연도에 자산총액 50% 이상의 자산 매각이 제한되어 있습니다. 또한 지배구조 변경사유가 발생하지 않도록 해야 합니다.\n9. 순확정급여부채(자산)9-1 확정급여제도당사가 운영하고 있는 확정급여제도는 최종 임금기준 연금제도이며, 동 연금제도는 종업원의 일생에 걸쳐 보장된 일정 금액의 연금을 지급하는 제도입니다. 연금의 수준은 종업원의 근무기간 및 최종 임금에 근거하여 산출되며, 연금의 대부분은 기금에 적립되어 외부 전문 신탁사에 의해 운영되고 있습니다.9-2 보고기간종료일 현재 순확정급여부채의 구성내역은 다음과 같습니다.\n(단위: 천원)\n구 \xa0 \xa0 분\n당분기말\n전기말\n확정급여채무의 현재가치\xa0\n12,424,980\n13,990,735\n사외적립자산의 공정가치\n(16,305,236)\n(16,595,240)\n재무상태표상 순확정급여부채(자산)\n(3,880,256)\n(2,604,505)\n\xa0\n9-3 당분기와 전분기 중 순확정급여부채로 인하여 당기손익으로 인식된 비용은 다음과 같습니다.\n(단위: 천원)\n구 \xa0 \xa0 분\n당분기\n전분기\n당기근무원가\n518,910\n426,552\n신입/전입효과\n3,286\n-\n과거근무원가\n(2,143,938)\n-\n순이자비용(수익)\n(88,677)\n(111,944)\n합 계\n(1,710,419)\n314,608\n10. 법인세비용법인세비용은 전체 회계연도에 대해서 예상되는 최선의 가중평균 연간유효법인세율의 추정에 기초하여 인식하였습니다. 2024년 12월 31일로 종료하는 회계연도의 예상가중평균 연간유효법인세율은 19.05%(2023년 3월 31일로 종료하는 중간기간에 대한 가중평균 연간유효법인세율: 16.30%) 입니다. \n11. 자본금과 주식발행초과금\n11-1 자본금의 내용은 다음과 같습니다.\n(단위: 주, 원)\n구분\n당분기말\n전기말\n발행할주식의 총수\n100,000,000\n100,000,000\n1주당 액면금액\n500\n500\n발행한 주식수(*1)\n21,495,906\n18,190,757\n보통주자본금(*1)\n10,839,825,500\n9,187,251,000\n(*1)당사는 이사회 결의에 따라 전기에 자기주식 183,745주를 이익소각하였으며 동이익소각의 결과로 발행주식의 액면금액과 납입자본금은 91,872,500원만큼 차이가 발생합니다.11-2 당분기 및 전기 중 자본금과 주식발행초과금의 변동 내역은 다음과 같습니다.\n(단위: 주, 천원)\n구분\n주식수\n보통주자본금\n주식발행초과금\n합 \xa0 \xa0 계\n전기초\n18,374,502\n9,187,251\n298,352,711\n307,539,962\n주식소각\n(183,745)\n-\n-\n-\n전기말\n18,190,757\n9,187,251\n298,352,711\n307,539,962\n당기초\n18,190,757\n9,187,251\n298,352,711\n307,539,962\n무상증자\n3,305,149\n1,652,575\n(1,671,683)\n(19,108)\n당분기말\n21,495,906\n10,839,826\n296,681,028\n307,520,854\n12. 고객과의 계약에서 생기는 수익당분기와 전분기 중 고객과의 계약에서 생기는 수익의 내역은 다음과 같습니다.\xa0\n(단위: 천원)\n구분\n당분기\n전분기\n용역의 제공\n\xa0 서비스매출\n44,840,974\n46,317,389\n\xa0 로열티수익\n822,892\n957,895\n합 \xa0 \xa0 계\n45,663,866\n47,275,284\n지리적 시장\n\xa0 대한민국\n-\n-\n\xa0 해외\n45,663,866\n47,275,284\n합 \xa0 \xa0 계\n45,663,866\n47,275,284\n용역의 이전 시기\n\xa0 기간에 걸쳐 인식\n45,660,559\n47,270,797\n\xa0 한 시점에 인식\n3,307\n4,487\n합 \xa0 \xa0 계\n45,663,866\n47,275,284\n13. 영업비용\n당분기와 전분기 중 영업비용의 내역은 다음과 같습니다.\xa0\n(단위: 천원)\n계 정 과 목\n당분기\n전분기\n급여\n1,693,376\n1,328,043\n상여금\n539,879\n431,036\n퇴직급여\n(1,370,556)\n75,432\n기타장기종업원급여\n(9,001)\n27,215\n복리후생비\n338,958\n252,709\n감가상각비\n108,622\n120,636\n사용권자산상각비\n1,089,572\n848,868\n무형자산상각비\n16,116\n17,134\n지급수수료\n13,538,852\n14,500,303\n광고선전비\n3,164,068\n9,186,215\n접대비\n560\n515\n세금과공과금\n108,614\n102,761\n여비교통비\n43,997\n40,479\n경상연구개발비\n6,529,613\n6,704,356\n기타영업비용\n130,708\n101,520\n합 \xa0 \xa0 계\n25,923,378\n33,737,222\n14. 영업비용의 성격별 분류당분기와 전분기 중 발생한 비용을 성격별로 분류한 내역은 다음과 같습니다.\n(단위: 천원)\n구 \xa0 \xa0 분\n당분기\n전분기\n종업원급여\n7,722,269\n8,818,790\n감가상각비 및 무형자산상각비\n124,738\n137,770\n사용권자산상각비\xa0\n1,089,572\n848,868\n세금과공과금\n108,614\n102,761\n지급수수료\n13,538,852\n14,500,303\n광고선전비\n3,164,068\n9,186,215\n기타비용\n175,265\n142,515\n합 계\n25,923,378\n33,737,222\n15. 주당이익\n15-1 보통주당기순이익당분기 및 전분기의 기본주당이익은 다음과 같이 계산되었습니다.\n(단위: 원, 주)\n구 \xa0분\n당분기\xa0\n전분기(*1)\n보통주에 귀속되는 당기순이익\n20,261,248,666 원\n18,041,136,460 원\n가중평균보통주식수(*2)\n21,495,906 주\n21,679,651 주\n가중평균자기주식수\n(1,667,768) 주\n(1,851,484) 주\n가중평균유통보통주식수\n19,828,138주\n19,828,167 주\n기본주당순이익 \xa0\n1,022 원\n910 원\n(*1) 당기 중 무상증자가 있어 비교표시하는 기본주당이익을 소급하여 수정하였습니다.(*2) 당기와 전기의 가중평균보통주식수의 산정내역은 다음과 같습니다.\xa0\xa0\n구 \xa0분\n당분기\n전분기\n기초보통주식수\n18,190,757 주\n18,374,502 주\n무상증자\n3,305,149 주\n3,305,149 주\n가중평균보통주식수\n21,495,906 주\n21,679,651 주\n15-2 희석주당순이익당사는 잠재적 보통주가 존재하지 않으므로 주당순이익 희석화효과가 없어 희석주당순이익은 기본주당순이익과 동일합니다.\n16. 현금흐름표16-1 당분기와 전분기 중 현금흐름표상 비현금항목 및 운전자본 조정내역은 다음과 같습니다.\n(단위: 천원)\n구 \xa0 \xa0 분\n당분기\xa0\n전분기\n분기순이익\n20,261,249\n18,041,136\n비현금항목의 조정\n\xa0퇴직급여\n(1,710,418)\n314,608\n\xa0기타장기종업원급여\n88,821\n113,507\n\xa0감가상각비\n108,622\n120,636\n\xa0사용권자산상각비\n1,089,572\n848,868\n\xa0무형자산상각비\n16,116\n17,134\n\xa0유형자산처분손실\n483\n-\n\xa0외화환산손실\n812,637\n7,608\n\xa0외화환산이익\n(2,122,810)\n(743,130)\n\xa0당기손익-공정가치측정금융자산처분손실\n-\n28,176\n\xa0당기손익-공정가치측정금융자산처분이익\n-\n(1,989,006)\n\xa0당기손익-공정가치측정금융자산평가손실\n371,531\n-\n\xa0당기손익-공정가치측정금융자산평가이익\n(2,924,192)\n(1,769,208)\n\xa0이자비용\n586,606\n484,141\n\xa0이자수익\n(1,050,039)\n(2,113,817)\n\xa0법인세비용\n4,513,824\n3,513,929\n합계\n(219,247)\n(1,166,554)\n운전자본의 조정\n\xa0매출채권\n(1,006,263)\n8,945,614\n\xa0미수금\n(369,097)\n(263,622)\n\xa0선급비용\n37,551\n(206,828)\n\xa0선급금\n(17,963)\n2,137\n\xa0부가세대급금\n(25,496)\n(135,405)\n\xa0퇴직금지급액\n(359,542)\n(243,358)\n\xa0사외적립자산\n426,756\n197,684\n\xa0미지급비용\n(4,043,381)\n(11,816,052)\n\xa0미지급금\n27,174\n(37,492)\n\xa0예수금\n(210,605)\n(214,638)\n\xa0계약부채\n(11,740)\n(5,161)\n합계\n(5,552,606)\n(3,777,121)\n영업으로부터 창출된 현금흐름\n14,489,396\n13,097,461\n16-2 당분기 및 전분기 중 현금흐름표에 포함되지 않는 주요 비현금 거래는 다음과 같습니다.\n(단위: 천원)\n구 \xa0 \xa0 분\n당분기\n전분기\n미지급배당금\n16,525,746\n9,975,567\n16-3 당분기 및 전분기 중 재무활동현금흐름에서 생기는 부채의 조정내역은 다음과 같습니다.\n<당분기>\n(단위: 천원)\n구 \xa0분\n기초\n재무현금흐름\n비금융변동\n당분기말\n상각\n기타(*1)\n리스부채\n26,963,894\n(1,181,020)\n388,099\n(388,099)\n25,782,874\n사채\n19,976,763\n-\n6,222\n19,982,985\n합 \xa0계\n46,940,657\n(1,181,020)\n394,321\n(388,099)\n45,765,859\n(*1) 비금융변동에는 현금흐름표에서 영업활동으로 표시된 이자 지급액이 포함되어 있습니다.\n<전분기>\n(단위: 천원)\n구 \xa0분\n기초\n재무현금흐름\n비금융변동\n전분기말\n상각\n기타\n리스부채\n4,804,959\n(1,467,789)\n55,660\n(55,659)\n3,337,171\n사채\n49,908,813\n-\n18,994\n-\n49,927,807\n합 \xa0계\n54,713,772\n(1,467,789)\n74,654\n(55,659)\n53,264,978\n17. 약정사항\n회사가 맺고 있는 라이센스 약정사항은 아래와 같습니다.\n(1) 당사는 종속기업인 DoubleDown Interactive LLC와 주요 슬롯 게임들에 대한 라이센스 계약을 맺고 있습니다.(2) 당사는 종속기업인 DoubleDown Interactive LLC와 슬롯 개발 및 기술지원에 대한 용역계약을 체결하였으며, 용역을 공급함에 따라 발생하는 비용을 DoubleDown Interactive LLC로부터 지급받고 이를 개발용역매출로 인식하는 약정이 존재합니다.\n18. 특수관계자 거래18-1 지배ㆍ종속기업 등 현황\xa0\n보고기간종료일 현재 당사의 특수관계자의 현황은 다음과 같습니다.\n구 \xa0 \xa0 분\n특수관계자의 명칭\n종속기업\n(주)더블다운인터액티브, (주)더블에이트게임즈, DoubleDown Interactive LLC, SuprNation AB, SuprClick Ltd, SuprHoldings Ltd, Red Sea Media Ltd, SuprPay Ltd, SuprPlay Ltd, SuprMedia Ltd, SuprIsle Ltd, SuprIsle Services Ltd, (주)더블유씨앤씨(*1)\n관계기업\n(주)애피타이저게임즈(*2)\xa0\n(*1) 당분기 중 3,000백만원 출자하여 (주)더블유씨앤씨를 신규 설립하였습니다.(*2) 관계기업 중 (주)애피타이저게임즈는 전기 중 폐업하였습니다.\n18-2 당분기 및 전분기 중 특수관계자와의 매출ㆍ매입 등 거래 내역은 다음과 같습니다.\n<당분기>\n(단위: 천원)\n구 \xa0 \xa0 분\n대 상 회 사\n수입임대료\n로열티수익\n개발용역매출\n기타수익\n이자수익\n종속기업\n㈜더블다운인터액티브\n4,489\n-\n-\n37,522\n573,425\n㈜더블에이트게임즈\n22\n-\n-\n-\n-\nDoubleDown Interactive LLC\n-\n822,892\n1,452,734\n-\n-\n(주)더블유씨앤씨\n-\n-\n-\n-\n-\n합 계\n4,511\n822,892\n1,452,734\n37,522\n573,425\n<전분기>\n(단위: 천원)\n구 \xa0 \xa0 분\n대 상 회 사\n수입임대료\n로열티수익\n기타수익\n이자수익\n종속기업\n㈜더블다운인터액티브\n3,272\n-\n119,923\n567,123\n㈜더블에이트게임즈\n19\n-\n-\n-\nDoubleDown Interactive LLC\n-\n957,895\n-\n-\n합 계\n3,291\n957,895\n119,923\n567,123\n18-3 보고기간 종료일 현재 특수관계자에 대한 채권 및 채무는 다음과 같습니다.\n<당분기말>\n(단위: 천원)\n구 \xa0 \xa0 분\n대 상 회 사\n대여금\n미수수익\n매출채권 및기타채권\n종속기업\n(주)더블다운인터액티브\n50,000,000\n12,824,548\n22,559\n(주)더블에이트게임즈\n-\n-\n2,622\nDoubleDown Interactive LLC\n-\n-\n1,693,661\n(주)더블유씨앤씨\n-\n-\n5,971\n합 계\n50,000,000\n12,824,548\n1,724,813\n<전기말>\n(단위: 천원)\n구 \xa0 \xa0 분\n대 상 회 사\n대여금\n미수수익\n매출채권 및기타채권\n종속기업\n㈜더블다운인터액티브\n50,000,000\n12,251,123\n60,480\n㈜더블에이트게임즈\n-\n-\n2,622\nDoubleDown Interactive LLC\n-\n-\n2,025,729\n합 계\n50,000,000\n12,251,123\n2,088,831\n18-4 특수관계자와의 리스거래 내역\n<당분기>\n(단위 : 천원)\n구 \xa0 \xa0 분\n대상회사\n당분기말\n당분기\n리스채권\n회수액\n이자수익\n종속기업\n㈜더블다운인터액티브\n6,965,181\n426,234\n106,893\n㈜더블에이트게임즈\n43,484\n2,661\n667\n합 계\n7,008,665\n428,895\n107,560\n<전분기>\n(단위 : 천원)\n구 \xa0 \xa0 분\n대상회사\n전기말\n전분기\n리스채권\n회수액\n이자수익\n종속기업\n㈜더블다운인터액티브\n7,284,523\n456,807\n17,352\n㈜더블에이트게임즈\n45,477\n2,583\n98\n합 계\n7,330,000\n459,390\n17,450\n18-5 주요 경영진에 대한 보상당분기 및 전분기 중 주요 경영진(등기임원)에 대한 보상을 위해 비용으로 반영한 금액은 다음과 같습니다.\n(단위 : 천원)\xa0\n구 \xa0 \xa0 분\n당분기\n전분기\n급여 및 상여금\n128,752\n313,303\n퇴직 급여\xa0\n(1,292,948)\n45,760\n합 \xa0 \xa0 계\n(1,164,196)\n359,063\n19. 리스\n19-1 당분기 및 전분기의 사용권자산과 리스부채의 변동내역은 다음과 같습니다.\n<당분기>\n(단위: 천원)\n구 \xa0분\n사용권자산\n합계\n리스부채\n복구충당부채\n건물\n차량\n기초\n20,666,863\n13,513\n20,680,376\n26,963,894\n866,369\n감가상각\n(1,087,730)\n(1,843)\n(1,089,573)\n-\n-\n이자비용\n-\n-\n-\n388,099\n12,965\n지급\n-\n-\n-\n(1,569,118)\n-\n당분기말\n19,579,133\n11,670\n19,590,803\n25,782,875\n879,334\n<전분기>\n(단위: 천원)\n구 \xa0분\n사용권자산\n합계\n리스부채\n건물\n차량\n전기초\n2,541,077\n20,884\n2,561,961\n4,804,960\n\xa0감가상각\n(847,026)\n(1,843)\n(848,869)\n-\n\xa0이자비용\n-\n-\n-\n55,660\n\xa0지급\n-\n-\n-\n(1,523,449)\n전분기말\n1,694,051\n19,041\n1,713,092\n3,337,171\n""]"
