text
"['\nIII. 재무에 관한 사항\n1. 요약재무정보\n※ 본 재무제표는 한국채택국제회계기준(K-IFRS)에 따라 작성되었습니다.※ 비교표시된 제68(당반)기 및 제67(전반)기 재무제표는 감사인의 검토를 받았습니다. \xa0 \xa0 \xa0 \xa0비교표시된 제67(전)기, 제66(전전)기 재무제표는 외부감사인의 감사를 받았습니다.\n\xa0 \xa0 \xa0 \xa0 \xa0 \xa0 \xa0 \xa0 \xa0 \xa0 \xa0 \xa0 \xa0 \xa0 \xa0 \xa0 \xa0 \xa0 \xa0 \xa0 \xa0 \xa0 (단위 : 천원)\n구 \xa0 분\n제68(당반)기\n제67(전)기\n제66(전전)기\n2022년 6월말\n2021년 12월말\n2020년 12월말\n[유동자산]\n94,777,195\n\xa052,932,877\n37,564,615\n\xa0ㆍ현금및현금성자산\n2,982,168\n661,565\n1,042,218\n\xa0ㆍ매출채권및기타채권\n64,139,372\n12,921,511\n7,575,056\n\xa0ㆍ기타유동자산\n1,639,963\n1,902,442\n655,004\n\xa0ㆍ재고자산\n26,015,692\n37,447,359\n28,292,337\n[비유동자산]\n51,130,315\n50,845,836\n50,290,713\n\xa0ㆍ장기매출채권및기타채권\n314,566\n388,721\n274,236\n\xa0ㆍ기타비유동금융자산\n1,561,500\n1,561,500\n1,440,500\n\xa0ㆍ유형자산\n49,046,417\n48,691,333\n48,388,498\n\xa0ㆍ무형자산\n207,832\n204,282\n187,479\n자산총계\n145,907,510\n103,778,713\n87,855,328\n[유동부채]\n70,943,259\n38,106,396\n24,452,464\n[비유동부채]\n12,992,405\n12,414,614\n12,199,854\n부채총계\n83,935,664\n50,521,010\n36,652,318\nㆍ자본금\n25,961,195\n25,961,195\n25,961,195\nㆍ자본잉여금\n22,160,818\n22,160,818\n22,160,818\nㆍ기타자본구성요소\n(1,278,349)\n(441,879)\n(645,351)\nㆍ이익잉여금(결손금)\n15,128,182\n5,577,569\n3,726,348\n자본총계\n61,971,846\n53,257,703\n51,203,010\n부채와자본 총계\n145,907,510\n103,778,713\n87,855,328\n2022년 1월 ~ 6월\n2021년 1월 ~ 12월\n2020년 1월 ~ 12월\n매출액\n101,154,160\n84,597,515\n73,654,579\n영업이익(손실)\n13,935,741\n3,077,406\n3,815,673\n당기순이익(손실)\n9,550,614\n1,851,220\n3,004,723\n기본주당이익(손실) (원)\n1,840\n357\n579\n희석주당이익(손실) (원)\n1,840\n357\n579\n2. 연결재무제표\n- 해당사항 없습니다.-\n3. 연결재무제표 주석\n- 해당사항 없습니다.-\n4. 재무제표\n재무상태표\n제 68 기 반기말 2022.06.30 현재\n제 67 기말 \xa0 \xa0 \xa0 \xa02021.12.31 현재\n(단위 : 원)\n\u3000\n제 68 기 반기말\n제 67 기말\n자산\n\u3000\n\u3000\n\u3000유동자산\n94,777,194,702\n52,932,877,178\n\u3000\u3000현금및현금성자산\n2,982,168,313\n661,565,383\n\u3000\u3000매출채권 및 기타채권\n64,139,371,684\n12,921,510,862\n\u3000\u3000기타유동자산\n1,639,962,725\n1,902,441,985\n\u3000\u3000재고자산\n26,015,691,980\n37,447,358,948\n\u3000비유동자산\n51,130,314,979\n50,845,835,805\n\u3000\u3000장기매출채권 및 기타채권\n314,566,567\n388,720,477\n\u3000\u3000기타비유동금융자산\n1,561,500,000\n1,561,500,000\n\u3000\u3000유형자산\n49,046,416,677\n48,691,333,373\n\u3000\u3000무형자산\n207,831,735\n204,281,955\n\u3000자산총계\n145,907,509,681\n103,778,712,983\n부채\n\u3000\n\u3000\n\u3000유동부채\n70,943,258,656\n38,106,395,650\n\u3000\u3000매입채무 및 기타채무\n14,662,394,309\n11,590,558,196\n\u3000\u3000단기차입금\n52,742,460,592\n25,198,690,483\n\u3000\u3000당기법인세부채\n1,840,412,351\n17,813,966\n\u3000\u3000유동성리스부채\n205,000,294\n103,391,741\n\u3000\u3000기타유동부채\n1,492,991,110\n1,195,941,264\n\u3000비유동부채\n12,992,404,942\n12,414,614,157\n\u3000\u3000장기매입채무 및 기타채무\n887,396,895\n811,952,336\n\u3000\u3000확정급여부채\n5,921,507,409\n5,524,829,129\n\u3000\u3000이연법인세부채\n5,320,195,325\n5,459,990,486\n\u3000\u3000비유동리스부채\n365,636,317\n94,029,114\n\u3000\u3000기타비유동부채\n497,668,996\n523,813,092\n\u3000부채총계\n83,935,663,598\n50,521,009,807\n자본\n\u3000\n\u3000\n\u3000자본금\n25,961,195,000\n25,961,195,000\n\u3000자본잉여금\n22,160,818,218\n22,160,818,218\n\u3000기타자본구성요소\n(1,278,349,389)\n(441,878,560)\n\u3000이익잉여금(결손금)\n15,128,182,254\n5,577,568,518\n\u3000자본총계\n61,971,846,083\n53,257,703,176\n자본과부채총계\n145,907,509,681\n103,778,712,983\n포괄손익계산서\n제 68 기 반기 2022.01.01 부터 2022.06.30 까지\n제 67 기 반기 2021.01.01 부터 2021.06.30 까지\n(단위 : 원)\n\u3000\n제 68 기 반기\n제 67 기 반기\n3개월\n누적\n3개월\n누적\n매출액\n57,468,342,225\n101,154,159,568\n36,635,668,632\n56,434,733,003\n매출원가\n46,806,326,513\n76,262,596,186\n27,918,312,077\n42,525,313,775\n매출총이익\n10,662,015,712\n24,891,563,382\n8,717,356,555\n13,909,419,228\n판매비와관리비\n6,294,534,297\n10,955,822,593\n6,088,297,556\n9,793,396,161\n영업이익(손실)\n4,367,481,415\n13,935,740,789\n2,629,058,999\n4,116,023,067\n금융수익\n49,698,304\n333,082,019\n92,858,044\n246,203,582\n금융비용\n2,075,954,172\n3,209,618,802\n293,446,092\n828,591,753\n기타영업외수익\n423,660,556\n910,359,736\n115,446,703\n550,383,229\n기타영업외비용\n85,333,342\n457,732,272\n56,242,867\n57,743,507\n법인세비용차감전순이익(손실)\n2,679,552,761\n11,511,831,470\n2,487,674,787\n4,026,274,618\n법인세비용\n1,368,477,868\n1,961,217,734\n360,597,302\n458,506,065\n당기순이익(손실)\n1,311,074,893\n9,550,613,736\n2,127,077,485\n3,567,768,553\n기타포괄손익\n(836,470,829)\n(836,470,829)\n(149,123,384)\n(149,123,384)\n\u3000당기손익으로 재분류되지 않는항목(세후기타포괄손익)\n(836,470,829)\n(836,470,829)\n(149,123,384)\n(149,123,384)\n\u3000\u3000보험수리적손익\n(836,470,829)\n(836,470,829)\n(149,123,384)\n(149,123,384)\n총포괄손익\n474,604,064\n8,714,142,907\n1,977,954,101\n3,418,645,169\n주당이익\n\u3000\n\u3000\n\u3000\n\u3000\n\u3000기본주당이익(손실) (단위 : 원)\n253\n1,840\n410\n687\n\u3000희석주당이익(손실) (단위 : 원)\n253\n1,840\n410\n687\n자본변동표\n제 68 기 반기 2022.01.01 부터 2022.06.30 까지\n제 67 기 반기 2021.01.01 부터 2021.06.30 까지\n(단위 : 원)\n\u3000\n자본\n자본금\n자본잉여금\n기타자본구성요소\n이익잉여금\n자본 \xa0합계\n2021.01.01 (기초자본)\n25,961,195,000\n22,160,818,218\n(645,351,382)\n3,726,348,092\n51,203,009,928\n당기순이익(손실)\n0\n0\n0\n3,567,768,553\n3,567,768,553\n보험수리적손익\n0\n0\n(149,123,384)\n0\n(149,123,384)\n2021.06.30 (기말자본)\n25,961,195,000\n22,160,818,218\n(794,474,766)\n7,294,116,645\n54,621,655,097\n2022.01.01 (기초자본)\n25,961,195,000\n22,160,818,218\n(441,878,560)\n5,577,568,518\n53,257,703,176\n당기순이익(손실)\n0\n0\n0\n9,550,613,736\n9,550,613,736\n보험수리적손익\n0\n0\n(836,470,829)\n0\n(836,470,829)\n2022.06.30 (기말자본)\n25,961,195,000\n22,160,818,218\n(1,278,349,389)\n15,128,182,254\n61,971,846,083\n현금흐름표\n제 68 기 반기 2022.01.01 부터 2022.06.30 까지\n제 67 기 반기 2021.01.01 부터 2021.06.30 까지\n(단위 : 원)\n\u3000\n제 68 기 반기\n제 67 기 반기\n영업활동현금흐름\n(23,356,467,788)\n(20,417,446,094)\n\u3000당기순이익(손실)\n9,550,613,736\n3,567,768,553\n\u3000당기순이익조정을 위한 가감\n4,143,866,734\n1,414,319,008\n\u3000\u3000감가상각비\n701,240,505\n691,082,396\n\u3000\u3000무형자산상각비\n270,340\n515,897\n\u3000\u3000대손상각비\n(68,327,376)\n(72,038,530)\n\u3000\u3000퇴직급여\n330,892,152\n319,540,536\n\u3000\u3000외화환산손실\n1,273,050,387\n214,490,732\n\u3000\u3000이자비용\n559,320,161\n255,692,794\n\u3000\u3000재고자산평가손실\n(448,221,947)\n(279,778,598)\n\u3000\u3000법인세비용\n1,961,217,734\n458,506,065\n\u3000\u3000외화환산이익\n(136,490,118)\n(144,653,653)\n\u3000\u3000유형자산처분이익\n(6,960,500)\n(114,763)\n\u3000\u3000이자수익\n(18,624,604)\n(1,098,868)\n\u3000\u3000무형자산처분이익\n0\n(2,200,000)\n\u3000\u3000무형자산손상차손환입\n(3,500,000)\n(25,625,000)\n\u3000영업활동으로인한자산ㆍ부채의변동\n(36,523,470,771)\n(24,925,724,688)\n\u3000\u3000매출채권의 증감\n(49,922,505,078)\n(35,607,287,924)\n\u3000\u3000미수금의 증감\n(1,231,272,288)\n(1,270,935,650)\n\u3000\u3000선급금의 증감\n333,831,042\n(21,516,869)\n\u3000\u3000선급비용의 증감\n63,362,897\n37,267,906\n\u3000\u3000환불자산의 증감\n(123,297,020)\n(139,138,063)\n\u3000\u3000재고자산의 증감\n11,879,888,915\n9,642,588,927\n\u3000\u3000매입채무의 증감\n(2,893,982,647)\n588,967,102\n\u3000\u3000미지급금 증감\n6,081,624,352\n1,759,686,766\n\u3000\u3000환불부채의 증감\n186,346,335\n190,271,773\n\u3000\u3000수입보증금의 증감\n70,000,000\n25,000,000\n\u3000\u3000예수금의 증감\n1,256,980\n997,850\n\u3000\u3000선수금의 증감\n30,984,894\n66,143,094\n\u3000\u3000장기미지급비용 증감\n(6,210,954)\n(1,899,261)\n\u3000\u3000기타충당부채의 증감\n(19,933,142)\n(12,252,034)\n\u3000\u3000퇴직금의 지급\n(1,012,485,750)\n(241,735,490)\n\u3000\u3000퇴직보험예치금의 증감\n5,873,379\n1,983,275\n\u3000\u3000선수수익의 증감\n29,280,275\n55,832,000\n\u3000\u3000장기미지급금의 증감\n3,767,039\n301,910\n\u3000이자의 수취\n17,778,514\n85,480\n\u3000이자의 지급\n(502,769,161)\n(234,163,721)\n\u3000법인세의 지급(환급)\n(42,486,840)\n(239,730,726)\n투자활동현금흐름\n(531,607,130)\n(676,033,500)\n\u3000차량운반구의 처분\n0\n1,000\n\u3000보증금의 감소\n100,000,000\n0\n\u3000구축물의 처분\n6,961,500\n0\n\u3000건물의 취득\n0\n(328,972,500)\n\u3000구축물의 취득\n(48,545,000)\n0\n\u3000기계장치의 취득\n(121,716,000)\n(30,800,000)\n\u3000집기비품의 취득\n(16,084,000)\n(17,800,000)\n\u3000건설중인자산의 취득\n(426,903,510)\n(163,300,000)\n\u3000산업재산권의 취득\n(320,120)\n(162,000)\n\u3000보증금의 증가\n(25,000,000)\n(135,000,000)\n재무활동현금흐름\n26,308,017,457\n21,976,930,366\n\u3000단기차입금의 증가\n90,068,608,380\n47,811,711,223\n\u3000단기차입금의 상환\n(63,677,878,923)\n(25,727,858,857)\n\u3000리스부채의 감소\n(82,712,000)\n(106,922,000)\n환율변동효과 반영전 현금및현금성자산의 순증가(감소)\n2,419,942,539\n883,450,772\n현금및현금성자산에 대한 환율변동효과\n(99,339,609)\n41,033,831\n현금및현금성자산의순증가(감소)\n2,320,602,930\n924,484,603\n기초현금및현금성자산\n661,565,383\n1,042,217,810\n기말현금및현금성자산\n2,982,168,313\n1,966,702,413\n5. 재무제표 주석\n제68(당)기 반기 \xa02022년 06월 30일 현재\n제67(전)기 \xa0 \xa0 \xa0 \xa0 2021년 12월 31일 현재\n주식회사 조비\n1. 일반사항\n주식회사 조비(이하 ""회사"")는 1955년 11월 15일에 비료 제조 및 판매를 목적으로 설립되었으며, 1976년 12월 28일 한국증권선물거래소에 주식을 상장하였습니다. 회사의 본사는 서울시 서초구에 소재하고 있으며, 울산시 남구 여천동에 생산공장이 소재하고 있습니다. 회사는 수차의 증자를 거쳐 당반기말 현재 자본금은 25,961,195천원이며, 주요 주주는 다음과 같습니다.\n주주명\n주식수(주)\n지분율(%)\n(주)경농\n2,832,703\n54.56\n(주)리더스케미컬\n124,322\n2.39\n기타주주\n2,235,214\n43.05\n합 계\n5,192,239\n100.00\n2. 중요한 회계정책반기재무제표는 기업회계기준서 제1034호 \'중간재무보고\'에 따라 작성되었으며 연차재무제표에서 요구되는 정보에 비하여 적은 정보를 포함하고 있습니다. \xa0반기재무제표는 보고기간말 현재 유효한 한국채택국제회계기준에 따라 작성되었으며, 반기재무제표를 작성하기 위하여 채택한 중요한 회계정책은 별도의 언급이 없는 한 전기 연차재무제표 작성시 채택한 회계정책과 동일하게 적용되었습니다. \xa0반기재무제표 작성을 위하여 채택한 중요한 회계정책은 다음과 같습니다. (1) 회계정책의 변경과 공시1) 회사가 채택한 제ㆍ개정 기준서\n회사가 2022년 1월 1일 이후 개시하는 회계기간부터 적용한 제ㆍ개정 기준서 및 해석서는 다음과 같습니다. \n(가) 기업회계기준서 제1103호 \'사업결합\' (개정) - 재무보고를 위한 개념체계 참조\n식별할 수 있는 취득 자산과 인수 부채는 재무보고를 위한 개념체계의 정의를 충족하도록 개정되었으나, 기업회계기준서 제1037호 \'충당부채, 우발부채 및 우발자산\' 및 해석서 제2121호 \'부담금\' 의 적용범위에 포함되는 부채 및 우발부채에 대해서는 해당 기준서를 적용하도록 예외를 추가하고, 우발자산이 취득일에 인식되지 않는다는 점을 명확히 하였습니다. 동 개정사항은 2022년 1월 1일 이후 시작하는 회계연도부터 적용됩니다. 상기 개정 내용이 재무제표에 미치는 유의적인 영향은 없습니다.\n(나) 기업회계기준서 제1016호 \'유형자산\' (개정) - 의도한 사용 전의 매각금액\n개정 기준서는 경영진이 의도한 방식으로 유형자산을 가동할 수 있는 장소와 상태에 이르게 하는 동안에 생산된 재화를 판매하여 얻은 매각금액과 그 재화의 원가는 당기손익으로 인식하도록 요구하며, 이로 인해 당기손익에 포함한 매각금액과 원가를 공시하도록 요구하고 있습니다. 동 개정사항은 2022년 1월 1일 이후 시작하는 회계연도부터 적용됩니다. 상기 개정 내용이 재무제표에 미치는 유의적인 영향은 없습니다.\n(다) 기업회계기준서 제1037호 \'충당부채, 우발부채 및 우발자산\' (개정) - 손실부담계약: 계약이행원가\n개정 기준서는 손실부담계약을 식별할 때 계약이행원가는 계약을 이행하는 데 드는 증분원가와 계약을 이행하는 데 직접 관련되는 그 밖의 원가 배분액으로 구성됨을 명확히 하였습니다. 동 개정사항은 2022년 1월 1일 이후 시작하는 회계연도부터 적용됩니다. 상기 개정 내용이 재무제표에 미치는 유의적인 영향은 없습니다.\n(라) 기업회계기준서 제 1116호 \'리스\' (개정) - \xa02021년 6월 30일 후에도 제공되는 코로나19 관련 임차료 할인 등코로나19의 직접적인 결과로 발생한 임차료 할인 등(rent concession)이 리스변경에 해당하는지 평가하지 않을 수 있도록 하는 실무적 간편법의 적용대상이 2022년 6월 30일 이전에 지급하여야 할 리스료에 영향을 미치는 리스료 감면으로 확대되었습니다. 리스이용자는 비슷한 상황에서 특성이 비슷한 계약에 실무적 간편법을 일관되게 적용해야 합니다. 동 개정사항은 2021년 4월 1일 이후 시작하는 회계연도부터 적용되며, 조기적용이 허용됩니다. 상기 개정 내용이 재무제표에 미치는 유의적인 영향은 없습니다.\xa0(마) 한국채택국제회계기준 2018-2020 연차개선\n 기업회계기준서 제1109호 \'금융상품\': 금융부채 제거 목적의 10% 테스트관련 수수료에 차입자와 대여자 사이에서 지급하거나 수취한 수수료(상대방을 대신하여 지급하거나 수취한 수수료 포함)만 포함된다는 개정내용을 포함하여 기업회계기준서 제1101호 \'한국채택국제회계기준의 최초 채택\': 최초채택기업인 종속기업, \xa0기업회계기준서 제1116호 \'리스\': 리스인센티브, 기업회계기준서 제1041호 \'농림어업\': 공정가치 측정에 대한 일부 개정내용이 있습니다. 동 연차개선은 2022년 1월 1일 이후 시작하는 회계연도부터 적용됩니다. 상기 개정 내용이 재무제표에 미치는 유의적인 영향은 없습니다.\n2) 공표되었으나 아직 시행되지 않은 제ㆍ개정 기준서 및 해석서당반기말 현재 제정ㆍ공표되었으나 시행일이 도래하지 않아 회사가 채택하지 않은 한국채택국제회계기준의 기준서 및 해석서는 다음과 같습니다.\n(가) 기업회계기준서 제1001호 \'재무제표 표시\' (개정) - 부채의 유동·비유동 분류\n부채의 분류는 기업이 보고기간 후 적어도 12개월 이상 부채의 결제를 연기할 권리의 행사 가능성에 영향을 받지 않으며, 부채가 비유동부채로 분류되는 기준을 충족한다면, 경영진이 보고기간 후 12개월 이내에 부채의 결제를 의도하거나 예상하더라도, 또는 보고기간말과 재무제표 발행승인일 사이에 부채를 결제하더라도 비유동부채로 분류합니다. 또한, 부채를 유동 또는 비유동으로 분류할 때 부채의 결제조건에 자기지분상품의 이전도 포함되나, 복합금융상품에서 자기지분상품으로 결제하는 옵션이 지분상품으로 분류되고 동 옵션을 부채와 분리하여 인식된 경우는 제외됩니다. 동개정사항은 2023년 1월 1일 이후 시작하는 회계연도부터 적용하며, 조기적용이 허용됩니다. 회사는 상기 개정 기준서의 적용이 재무제표에 미치는 영향이 유의적이지 아니할 것으로 예상하고 있습니다.\n(나) 기업회계기준서 제 1001호 \'재무제표 표시\' (개정)\n개정 기준서는 공시 대상 회계정책 정보를 \'유의적인\' 회계정책에서 \'중요한\' 회계정책으로 바꾸고 중요한 회계정책 정보의 의미를 설명하였습니다. 동 개정사항은 2023년 1월 1일 이후 시작하는 회계연도부터 적용되며, 조기적용이 허용됩니다. 회사는 상기 개정 기준서의 적용이 재무제표에 미치는 영향이 유의적이지 아니할 것으로 예상하고 있습니다. (다) 기업회계기준서 제1008호 \'회계정책, 회계추정의 변경 및 오류\' (개정)  개정 기준서는 \'회계추정치\'를 측정불확실성의 영향을 받는 재무제표상 화폐금액으로 정의하고, 회계추정치의 예를 보다 명확히 하였습니다. 또한 새로운 정보의 획득, 새로운 상황의 전개나 추가 경험의 축적으로 투입변수나 측정기법을 변경한 경우 이러한 변경이 전기오류수정이 아니라면 회계추정치의 변경임을 명확히 하였습니다.\n동 개정사항은 2023년 1월 1일 이후 시작하는 회계연도부터 전진 적용되며, 조기적용이 허용됩니다. 회사는 상기 개정 기준서의 적용이 재무제표에 미치는 영향이 유의적이지 아니할 것으로 예상하고 있습니다.  (라) 기업회계기준서 제 1012호 \'법인세\' (개정)  개정 기준서는 이연법인세 최초 인식 예외규정을 추가하여 단일 거래에서 자산과 부채를 최초 인식할 때 동일한 금액으로 가산할 일시적차이와 차감할 일시적차이가 생기는 경우 각각 이연법인세 부채와 자산을 인식하도록 하였습니다. 동 개정사항은 2023년 1월 1일 이후 시작하는 회계연도부터 적용되며, 조기적용이 허용됩니다.   \'단일 거래에서 생기는 자산과 부채에 관련되는 이연법인세\'는 비교 표시되는 가장 이른 기간의 시작일 이후에 이루어진 거래에 적용하며, 비교 표시되는 가장 이른 기간의 시작일에 이미 존재하는 (1) 사용권자산과 리스부채, (2) 사후처리 및 복구 관련 부채 및 이에 상응하여 자산 원가의 일부로 인식한 금액에 관련되는 모든 차감할 일시적 차이와 가산할 일시적 차이에 대해 이연법인세 자산과 부채를 인식하며, 최초 적용 누적 효과를 이익잉여금(또는 자본의 다른 구성요소) 기초 잔액을 조정하여 인식합니다.\n회사는 상기 개정 기준서의 적용이 재무제표에 미치는 영향이 유의적이지 아니할 것으로 예상하고 있습니다.\n(2) 재무제표 작성기준1) 회계기준재무제표는 주식회사 등의 외부감사에 관한 법률에서 규정하고 있는 국제회계기준위원회의 국제회계기준을 채택하여 정한 회계처리기준인 한국채택국제회계기준에 따라 작성되었습니다. 2) 측정기준재무제표는 금융상품 등 아래의 회계정책에서 별도로 언급하고 있는 사항을 제외하고는 역사적원가를 기준으로 작성되었습니다. \xa0 3) 기능통화와 표시통화재무제표는 회사의 기능통화이면서 표시통화인 ""원(KRW)""으로 표시되고 있으며 별도로 언급하고 있는 사항을 제외하고는 ""원(KRW)"" 단위로 표시되고 있습니다.\xa0\n(3) 외화환산기능통화로 외화거래를 최초로 인식하는 경우에 거래일의 외화와 기능통화 사이의 현물환율을 외화금액에 적용하여 기록하며, 보고기간말 화폐성 외화항목은 마감환율로 환산하며, 역사적원가로 측정하는 비화폐성 외화항목은 거래일의 환율로 환산하고, 공정가치로 측정하는 비화폐성 외화항목은 공정가치가 결정된 날의 환율로 환산하고 있습니다. 화폐성항목의 결제시점에 생기는 외환차이와 화폐성항목의 환산에 사용한 환율이 회계기간 중 최초로 인식한 시점이나 전기의 재무제표 환산시점의 환율과 다르기 때문에 생기는 외환차이는 그 외환차이가 생기는 회계기간의 손익으로 인식하고 있으며, 일정요건을 충족하는 위험회피회계를 적용하는 외환차이 등은 기타포괄손익으로 보고하고 있습니다.비화폐성항목에서 생긴 손익을 기타포괄손익으로 인식하는 경우에 그 손익에 포함된환율변동효과도 기타포괄손익으로 인식하며, 비화폐성항목에서 생긴 손익을 당기손익으로 인식하는 경우에는 그 손익에 포함된 환율변동효과도 당기손익으로 인식하고있습니다.\xa0\n(4) 현금및현금성자산회사는 보유현금과 요구불예금, 유동성이 매우 높은 단기 투자자산으로서 확정된 금액의 현금으로 전환이 용이하고 가치변동의 위험이 경미한 자산을 현금 및 현금성자산으로 분류하고 있습니다. 지분상품은 현금성자산에서 제외하고 있으며 다만 상환일이 정해져 있고 취득일로부터 상환일까지의 기간이 단기인 우선주와 같이 실질적인 현금성자산인 경우에는 현금성자산에 포함하고 있으며, 금융회사의 요구에 따라 즉시 상환하여야 하는 당좌차월은 현금및현금성자산의 구성요소에 포함하고 있습니다. \xa0\n(5) 금융상품1) 금융자산금융자산은 금융상품의 계약당사자가 되는 때에만 재무상태표에 인식하고 있으며, 금융자산의 정형화된 매입이나 매도는 매매일 또는 결제일에 인식하고 있습니다. 금융상품의 최초 인식시점에 사업모형과 금융자산의 계약상 현금흐름의 특성에 따라금융자산은 당기손익-공정가치측정금융자산, 기타포괄손익-공정가치측정금융자산,상각후원가측정금융자산으로 분류하고 있습니다.금융자산은 최초인식시 공정가치로 측정하고 있으며, 당기손익-공정가치금융자산이 아닌 경우 당해 금융자산의 취득과 직접 관련되는 거래원가는 최초인식하는 공정가치에 가산하여 측정하고 있습니다. (가) 당기손익-공정가치측정금융자산금융자산을 단기매매목적으로 보유하고 있거나, 당기손익-공정가치측정금융자산으로 지정하는 경우와 기타포괄손익-공정가치측정금융자산 또는 상각후원가측정금융자산으로 분류되지 않는 금융자산은 당기손익-공정가치측정금융자산으로 분류합니다.\xa0\n또한 당기손익-공정가치측정금융자산의 지정이 서로 다른 기준에 따라 자산이나 부채를 측정하거나, 그에 따른 평가손익 등을 인식함으로써 발생할 수 있는 인식과 측정상의 불일치를 제거하거나 상당히 감소시킬 수 있는 경우에는 당기손익-공정가치 측정금융자산으로 지정할 수 있습니다.\n당기손익-공정가치측정금융자산은 공정가치로 측정하며 공정가치 변동으로 인한 평가손익은 당기손익으로 인식하고 있습니다. 금융자산으로부터 획득한 배당금과 이자수익도 당기손익으로 인식합니다.\n(나) 기타포괄손익-공정가치측정금융자산\n채무증권 중 사업모형이 현금흐름 수취 및 매도 사업모형으로 분류되고 계약상 현금흐름이 원금과 이자만으로 구성되어 있는지에 대한 검토를 만족하는 금융자산이나 단기간 내 매도할 목적이 아닌 지분증권 중 기타포괄손익-공정가치측정금융자산으로 지정한 상품은 기타포괄손익-공정가치측정금융자산으로 분류하고 있습니다. 기타포괄손익-공정가치측정금융자산은 최초인식 후에 공정가치로 측정합니다. 공정가치의 변동으로 인하여 발생하는 손익은 유효이자율법에 따른 이자수익, 배당수익 및 손익으로 직접 인식되는 화폐성자산에 대한 외환차이를 제외하고는 자본의 기타포괄손익항목으로 인식하고 있습니다.\xa0\n기타포괄손익-공정가치측정금융자산을 처분하는 경우 기타포괄손익으로 인식한 누적손익은 해당 기간의 당기손익으로 인식합니다. 다만, 기타포괄손익-공정가치측정 금융자산으로 지정한 지분증권에서 발생한 누적평가손익은 처분시 해당기간의 당기손익으로 인식되지 않습니다.\n\xa0(다) 상각후원가측정금융자산사업모형이 현금흐름 수취로 분류되고 계약상현금흐름 특성 평가를 만족하는 금융자산은 상각후원가 측정 금융자산으로 분류합니다. 최초 인식 후에는 유효이자율법을 사용한 상각후원가로 측정하며, 이자수익은 유효이자율법을 사용하여 인식합니다. (라) 금융자산의 제거금융자산의 현금흐름에 대한 계약상 권리가 소멸하거나, 금융자산의 현금흐름에 대한 권리를 양도하고 금융자산의 소유에 따른 위험과 보상의 대부분을 이전할 때 금융자산을 제거하고 있습니다. 만약, 금융자산의 소유에 따른 위험과 보상의 대부분을 보유하지도 않고 이전하지도 아니한 경우, 회사가 금융자산을 통제하고 있지도 않다면 금융자산을 제거하고, 금융자산을 계속 통제하고 있다면 그 양도자산에 대하여 지속적으로 관여하는 정도까지 계속하여 인식하고, 관련 부채를 함께 인식하고 있습니다.\xa0\n\xa02) 금융자산(채무상품)의 기대신용손실당기손익-공정가치측정금융자산을 제외한 상각후원가측정금융자산 및 기타포괄손익-공정가치측정채무상품은 매 보고기간 말에 기대신용손실을 평가하고 있습니다. 손실충당금의 측정방식은 신용위험의 유의적인 증가 여부에 따라 결정됩니다. 금융자산의 최초 인식 후 신용위험의 유의적인 증가 여부에 따라 아래 표와 같이 3단계로 구분하여 12개월 기대신용손실이나 전체기간 기대신용손실에 해당하는 금액으로 손실충당금을 인식합니다.\n구 분\n손실충당금\nStage 1\n최초 인식 후 신용위험이 유의적으로 증가하지 않은 경우(주1)\n12개월 기대신용손실: 보고기간 말 이후 12개월 내에 발생 가능한 금융상품의 채무불이행 사건으로 인한 기대신용손실\nStage 2\n최초 인식 후 신용위험이 유의적으로 증가한 경우\n전체기간 기대신용손실: 기대존속기간에 발생할 수 있는 모든 채무불이행 사건으로 인한 기대신용손실\nStage 3\n신용이 손상된 경우\xa0\n(주1) 보고기간 말 신용위험이 낮은 경우에는 신용위험이 유의적으로 증가하지 않은 것으로 간주할 수 있음최초 인식 시점에 신용이 손상된 금융자산에 대하여 최초 인식 후 전체기간 기대신용손실의 누적변동분만을 손실충당금으로 계상합니다.한편, 매출채권, 계약자산, 리스채권 등에 대해서는 전체기간 기대신용손실에 해당하는 금액으로 손실충당금을 측정하는 간편법을 적용하고 있습니다. \n기대신용손실은 일정 범위의 발생 가능한 결과를 확률가중한 값으로, 화폐의 시간가치를 반영하고, 보고기간 말에 과거사건, 현재 상황과 미래 경제적 상황에 대한 예측에 대한 과도한 원가나 노력 없이 이용할 수 있는 정보를 반영해 측정합니다.\n3) 금융부채금융부채는 금융상품의 계약당사자가 되는 때에만 재무상태표에 인식하고 있으며, 금융부채의 최초 인식시 당기손익-공정가치측정금융부채 또는 기타금융부채로 분류하고 공정가치로 측정하고 있습니다. 당기손익-공정가치측정금융부채를 제외하고는 해당 금융부채의 발생과 직접 관련되는 거래비용은 최초 측정시 공정가치에 차감하고 있습니다.\n(가) 당기손익-공정가치측정부채당기손익-공정가치측정금융부채는 최초 인식시점에 당기손익-공정가치측정금융부채로 지정한 금융부채를 포함하고 있습니다. 당기손익-공정가치측정금융부채는 최초 인식 후 공정가치로 측정하며, 공정가치의 변동은 당기손익으로 인식하고 있습니다. 최초 인식시점에 발행과 관련하여 발생한 거래비용은 발생 즉시 당기손익으로 인식하고 있습니다. (나) 당기손익-공정가치측정부채로 분류되지 않는 금융부채당기손익-공정가치측정부채로 분류되지 않는 금융부채는 다음의 금융부채를 제외하고는 최초인식 후 유효이자율법을 사용하여 상각후원가로 측정하고 있습니다. 금융자산의 양도가 제거 조건을 충족하지 못하거나 지속적관여접근법이 적용되는 경우에 발생하는 금융부채의 경우, 양도자산을 상각후원가로 측정한다면 양도자산과 관련부채의 순장부금액이 양도자가 보유하는 권리와 부담하는 의무의 상각후원가가 되도록 관련부채를 측정하며, 양도자산을 공정가치로 측정한다면 양도자산과 관련부채의 순장부금액이 양도자가 보유하는 권리와 부담하는 의무의 독립적으로 측정된 공정가치가 되도록 관련부채를 측정하고 있습니다. 금융보증부채(금융자산의 양도가 제거 조건을 충족하지 못하거나 지속적관여접근법이 적용되는 경우에 발생하는 금융부채 제외)와 \xa0시장이자율보다 낮은 이자율로 대출하기로 한 약정은 기대신용손실모형에 따른 손실충당금과 최초인식금액에서 이익누계액을 차감한 금액 중 큰 금액으로 측정됩니다.\n(다) 금융부채의 제거금융부채(또는 금융부채의 일부)는 소멸한 경우(즉, 계약상 의무가 이행, 취소 또는 만료된 경우)에만 재무상태표에서 제거하고 있습니다. 기존 차입자와 대여자가 실질적으로 다른 조건으로 채무상품을 교환하거나 기존 금융부채(또는 금융부채의 일부)의 조건이 실질적으로 변경된 경우 최초의 금융부채를 제거하고 새로운 금융부채를 인식하고 있으며, 소멸하거나 제3자에게 양도한 금융부채(또는 금융부채의 일부)의 장부금액과 지급한 대가의 차액은 당기손익으로 인식하고 있습니다. 4) 금융자산과 금융부채의 상계회사는 인식한 자산과 부채에 대해 법적으로 집행가능한 상계권리를 현재 보유하고 있으면서 순액으로 결제하거나 자산을 실현하는 동시에 부채를 결제할 의도를 가지고 있는 경우에 금융자산과 금융부채를 상계하고 재무상태표에 순액으로 표시하고 있습니다. 5) 부채와 자본의 분류채무상품과 지분상품은 계약의 실질 및 금융부채와 지분상품의 정의에 따라 금융부채 또는 자본으로 분류하고 있습니다.6) 파생상품파생상품은 최초 인식시 계약일의 공정가치로 측정하고 이후 공정가치로 재측정하고있습니다. (가) 내재파생상품① 금융자산이 주계약인 복합계약내재파생상품을 포함하는 금융자산은 복합계약 전체를 고려하여 분류를 결정하고 내재파생상품을 분리하여 인식하지 않습니다. 계약상 현금흐름이 원금과 이자로만 구성되어 있는지를 판단할 때에도 해당 복합계약 전체를 고려합니다. \xa0② 그 밖의 복합계약(복합계약이 금융자산이 아닌 주계약을 포함하는 경우)내재파생상품의 경제적 특성 및 위험이 주계약의 경제적 특성 및 위험과 밀접하게 관련되어 있지 않고, 내재파생상품과 동일한 조건을 가진 별도의 금융상품 등이 파생상품의 정의를 충족하며 복합계약의 공정가치 변동이 당기손익으로 인식되지 아니하는 경우 주계약과 분리하여 별도의 파생상품으로 회계처리하고 있습니다.\n(나) 위험회피회계\n회사는 특정위험으로 인해 인식된 자산이나 부채 또는 미인식된 확정계약의 전체 또는 일부의 공정가치 변동에 대한 위험회피의 경우 공정가치위험회피회계를 적용하며특정위험으로 인해 인식된 자산이나 부채 또는 발생가능성이 매우 높은 예상거래의 현금흐름 변동에 대한 위험회피의 경우 현금흐름위험회피회계를 적용하고 있습니다.\n위험회피회계를 적용하기 위하여 회사는 위험회피관계, 위험관리목적, 위험회피전략,회피대상위험 및 위험회피효과 평가방법 등을 문서화하고 있습니다. 위험회피효과는 회피대상위험으로 인한 파생상품의 공정가치나 현금흐름의 변동이 위험회피대상항목의 공정가치나 현금흐름의 변동위험을 상쇄하는 효과를 의미합니다.\n(다) 공정가치위험회피위험회피수단으로 지정되고, 공정가치위험회피회계의 적용요건을 충족한 파생금융상품의 공정가치 변동은 당기손익으로 인식하고 있으며, 회피대상위험으로 인한 위험회피대상항목의 공정가치 변동도 당기손익으로 인식하고 있습니다. 단, 위험회피대상항목이 지분상품이며, 공정가치의 변동을 기타포괄손익으로 표시하기로 선택한 경우에는 위험회피수단의 손익 및 회피대상위험으로 인한 위험회피대상항목의 손익을 기타포괄손익으로 인식하고 있습니다. 공정가치위험회피회계는 위험회피수단이 소멸, 매각, 행사 또는 종료되거나 공정가치위험회피회계의 적용조건을 더 이상 충족하지 않을 경우 중단됩니다. 회피대상위험으로 인한 위험회피대상항목의 장부금액 조정액은 위험회피회계가 중단된 날부터 상각하여 당기손익으로 인식하고 있습니다.\n(라) 현금흐름위험회피위험회피수단으로 지정되고 현금흐름위험회피회계의 적용요건을 충족한 파생상품의 공정가치 변동분 중 위험회피에 효과적인 부분은 기타포괄손익으로 처리하며, 위험회피에 비효과적인 부분은 당기손익으로 인식하고 있습니다. 현금흐름위험회피회계는 위험회피수단이 소멸, 매각, 행사 또는 종료되거나, 현금흐름위험회피회계의 적용요건을 더 이상 충족하지 않을 경우 중단됩니다. 현금흐름위험회피회계를 중단하는 경우에 위험회피대상의 미래 현금흐름이 여전히 발생할 것으로 예상되는 경우에 현금흐름위험회피적립금 누계액은 미래 현금흐름이 생길 때까지 또는 현금흐름위험회피적립금이 차손이며 그 차손의 전부나 일부가 미래기간에 회복되지 않을 것으로 예상될 때까지 현금흐름위험회피적립금에 남겨두고 있습니다. 다만, 위험회피대상의 미래현금흐름이 더 이상 발생할 것으로 예상되지 않는 경우에는 현금흐름위험회피적립금 누계액은 즉시 당기손익으로 인식합니다.(마) 해외사업장순투자의 위험회피해외사업장에 대한 순투자 위험회피의 경우, 위험회피에 효과적인 부분은 기타포괄손익으로 인식하며, 위험회피에 비효과적인 부분은 당기손익으로 인식하고 있습니다. 위험회피에 효과적이어서 기타포괄손익으로 인식한 부분은 향후 그 해외사업장을 처분하거나 그 해외사업장의 일부를 처분하는 시점에 기업회계기준서 제1021호 \'환율변동효과\'에 따라 재분류조정으로 기타포괄손익에서 당기손익으로 재분류합니다.(6) 재고자산재고자산의 취득원가는 매입원가, 전환원가 및 재고자산을 현재의 장소에 현재의 상태로 이르게 하는 데 발생한 기타 원가 모두를 포함하고 있으며, 재고자산의 단위원가는 이동평균법(원재료, 상품)과 표준원가(반제품, 제품) (미착품의 경우 개별법)을 사용하여 결정하고 있습니다. \xa0재고자산은 취득원가와 순실현가능가치 중 낮은 금액으로 측정하고 있습니다. 순실현가능가치는 통상적인 영업과정의 예상 판매가격에서 예상되는 추가 완성원가와 판매비용을 차감한 금액으로서 \xa0매 후속기간에 순실현가능가치를 \xa0재평가하고 있습니다. 재고자산의 판매시 관련된 수익을 인식하는 기간에 재고자산의 장부금액을 비용으로인식하고 있으며 재고자산을 순실현가능가치로 감액한 평가손실과 모든 감모손실은 감액이나 감모가 발생한 기간에 비용으로 인식하며, 순실현가능가치의 상승으로 인한 재고자산 평가손실의 환입은 환입이 발생한 기간의 비용으로 인식된 재고자산 금액의 차감액으로 인식하고 있습니다.\xa0\n(7) 유형자산유형자산은 최초 인식시점에 원가로 측정하고 최초 인식 이후 취득원가에서 감가상각누계액과 손상차손누계액을 차감한 금액을 장부금액으로 표시하고 있습니다. 유형자산의 원가는 관세 및 환급불가능한 취득 관련 세금을 가산하고 매입할인과 리베이트 등을 차감한 구입가격, 경영진이 의도하는 방식으로 자산을 가동하는 데 필요한 장소와 상태에 이르게 하는 데 직접 관련되는 원가와 자산을 해체, 제거하거나 부지를 복구하는 데 소요될 것으로 최초에 추정되는 원가로 구성되고 있습니다. \xa0\n후속원가는 자산으로부터 발생하는 미래경제적효익이 유입될 가능성이 높으며, 자산의 원가를 신뢰성 있게 측정할 수 있는 경우 자산의 장부금액에 포함하거나 적절한 경우 별도의 자산으로 인식하고 있으며, 일상적인 수선ㆍ유지와 관련하여 발생하는 원가는 발생시점에 당기손익으로 인식하고 있습니다.유형자산 중 토지에 대해서는 감가상각을 하지 않으며, 토지를 제외한 유형자산은 아래의 내용연수와 감가상각방법을 적용하여 감가상각하고 있습니다.\xa0\n구 \xa0 \xa0 \xa0 \xa0분\n내 \xa0용 \xa0연 \xa0수\n감가상각방법\n건 \xa0 \xa0 \xa0 \xa0물\n17년 ~ 50년\n정액법\n구 \xa0 축 \xa0물\n5년 ~ 20년\n정액법\n기 계 장 치\n8년\n정액법\n차량운반구\n5년\n정액법\n공구기구비품\n5년\n정액법\n유형자산을 구성하는 일부의 원가가 당해 유형자산의 전체원가에 비교하여 유의적이라면 해당 유형자산을 감가상각할 때 그 부분은 별도로 구분하여 감가상각하고 있습니다. 유형자산의 감가상각방법, 잔존가치 및 내용연수는 매 보고기간말에 재검토하고 있으며, 이를 변경하는 것이 적절하다고 판단되는 경우 회계추정의 변경으로 회계처리하고 있습니다.유형자산의 장부금액은 처분하는 때, 사용이나 처분을 통하여 미래경제적효익이 기대되지않을 때 제거하고 있으며 제거로 인하여 발생하는 손익은 자산을 제거할 때 당기손익으로 인식하고 있습니다.\xa0\n(8) 무형자산회사는 자산에서 발생하는 미래경제적효익이 기업에 유입될 가능성이 높고 자산의 원가를신뢰성 있게 측정할 수 있는 경우에 무형자산으로 인식하고 있으며, 최초 인식 후에 무형자산은 원가에서 상각누계액과 손상차손누계액을 차감한 금액을 장부금액으로 하고 있습니다. \n1) 개별취득개별 취득하는 무형자산의 원가는 구입가격(매입할인과 리베이트를 차감하고 수입관세와환급받을 수 없는 제세금을 포함)과 자산을 의도한 목적에 사용할 수 있도록 준비하는 데 직접 관련되는 원가로 구성되고 있습니다. \n2) 내용연수 및 상각내용연수가 유한한 무형자산의 경우 상각대상금액은 자산이 사용가능한 때부터 내용연수동안 정액법으로 배분하고 있습니다. 상각대상금액은 잔존가치를 차감하여 결정하고 있으며, 잔존가치는 내용연수 종료 시점에 제 3자가 자산을 구입하기로 한 약정이 있거나, 무형자산의 활성시장이 있어 잔존가치를 그 활성시장에 기초하여 결정할 수 있고 그러한 활성시장이 내용연수 종료 시점에 존재할 가능성이 높은 경우를 제외하고는 영(0)으로 하고 있습니다. 내용연수가 유한한 무형자산의 상각기간과 상각방법은 매 보고기간말에 재검토하고 있으며 이를 변경하는 것이 적절하다고 판단되는 경우 회계추정의 변경으로 회계처리하고 있습니다.내용연수가 비한정인 무형자산은 상각하지 아니하며, 매 보고기간말 혹은 손상을 시사하는 징후가 있을 때 회수가능액과 장부금액을 비교하여 손상검사를 수행하고 있습니다. 무형자산의 내용연수가 비한정이라는 평가를 계속하여 정당화하는지를 매 보고기간말에 재검토하여 적절하지 않은 경우 회계추정의 변경으로 처리하고 있습니다. 회사의 회원권은 반영구적으로 사용할 목적으로 취득하였으며 장기간 보유할 것으로 예상되므로 비한정 내용연수를 적용하고 있습니다.\n무형자산은 아래의 내용연수와 상각방법을 적용하고 있습니다.\xa0\n구 \xa0 \xa0 \xa0 \xa0분\n내 용 연 수\n상각방법\n산업재산권\n5년\n정액법\n회 \xa0 원 \xa0 권\n비한정\n-\n3) 무형자산의 제거무형자산은 처분하는 때, 사용이나 처분으로부터 미래경제적효익이 기대되지 않을 때 재무상태표에서 제거하며 무형자산의 제거로 인하여 발생하는 이익이나 손실은 순매각가액과 장부금액의 차이로 결정하고 자산을 제거할 때 당기손익으로 인식하고있습니다. \n(9) 차입원가회사는 의도된 용도로 사용하거나 판매가능한 상태에 이르게 하는 데 상당한 기간을 필요로 하는 적격자산의 취득, 건설 또는 생산과 직접 관련된 차입원가는 당해 자산 원가의 일부로 자본화하고 있으며 기타 차입원가는 발생기간에 비용으로 인식하고 있습니다. 적격자산을 취득하기 위한 목적으로 특정하여 차입한 자금에 한하여 회계기간동안 그 차입금으로부터 실제 발생한 차입원가에서 당해 차입금의 일시적 운용에서 생긴 투자수익을 차감한 금액을 자본화가능차입원가로 결정하고 있습니다. 일반적인 목적으로 자금을 차입하고 이를 적격자산의 취득을 위해 사용하는 경우에 한하여 당해 자산관련 지출액에 자본화이자율을 적용하는 방식으로 자본화가능차입원가를 결정하고 있으며, 자본화이자율은 회계기간에 존재하는 기업의 차입금(적격자산을 취득하기 위해 특정 목적으로 차입한 자금 제외)에서 발생된 차입원가를 가중평균하여 산정하며 회계기간동안 자본화한 차입원가는 당해 기간동안 실제 발생한 차입원가를 초과할 수 없습니다. \n(10) 정부보조금회사는 정부보조금에 부수되는 조건의 준수와 보조금 수취에 대한 합리적인 확신이 있을 경우에만 정부보조금을 인식하고 있으며 시장이자율보다 낮은 이자율의 정부대여금의 효익은 정부보조금으로 처리하고 있습니다.수익관련정부보조금은 정부보조금으로 보전하려 하는 관련원가와 대응시키기 위해 필요한 기간에 걸쳐 체계적인 기준에 따라 정부보조금을 수익으로 인식하며, 자산관련정부보조금은 자산의 장부금액을 결정할 때 차감하여 표시하고 감가상각자산의 내용연수에 걸쳐 감가상각비를 감소시키는 방식으로 당기손익으로 인식하고 있습니다.이미 발생한 비용이나 손실에 대한 보전 또는 향후의 관련원가 없이 회사에 제공되는즉각적인 금융지원으로 수취하는 정부보조금은 정부보조금을 수취할 권리가 발생하는 기간에 수익으로 인식하며, \xa0비화폐성자산을 정부보조금으로 수취하는 경우 비화폐성자산의 공정가치를 평가하여 보조금과 자산 모두를 그 공정가치로 회계처리하고 있습니다.상환의무가 발생하게 된 정부보조금은 회계추정의 변경으로 회계처리하고 있습니다.(11) 리스\n리스는 리스제공자가 대가와 교환하여 식별되는 자산의 사용 통제권을 일정기간 동안 리스이용자에게 이전하는 계약입니다. 회사는 계약의 약정시점에, 계약 자체가 리스인지, 계약이 리스를 포함하는지를 판단합니다. \n리스이용자 및 리스제공자는 리스계약이나 리스를 포함하는 계약에서 계약의 각 리스요소를 리스가 아닌 요소(이하\'비리스요소\'라고 함)와 분리하여 리스로 회계처리합니다. 다만, 회사는 리스이용자로서의 회계처리에서 실무적 간편법을 적용하여 비리스요소를 리스요소와 분리하지 않고 각 리스요소와 관련 비리스요소를 하나의 리스요소로 회계처리합니다.\n회사는 리스개시일에 기초자산을 사용할 권리를 나타내는 사용권자산과 리스료를 지급할 의무를 나타내는 리스부채를 인식합니다. 다만 회사는 단기리스와 소액기초자산리스에 대하여 리스이용자의 인식, 측정 및 표시 규정을 적용하지 않는 예외규정을선택하였습니다.\n사용권자산은 리스개시일에 원가로 측정하고, 후속적으로 원가에서 감가상각누계액과 손상차손누계액을 차감하고, 리스부채의 재측정에 따른 조정을 반영하여 측정합니다. 또한 사용권자산은 리스개시일부터 사용권자산의 내용연수 종료일과 리스기간종료일 중 이른 날까지 감가상각합니다. 사용권자산은 재무상태표에 \'유형자산\'으로 분류합니다.\n리스부채는 리스개시일 현재 지급되지 않은 리스료의 현재가치로 측정됩니다. 리스의 내재이자율을 쉽게 산정할 수 있는 경우에는 그 이자율로 리스료를 할인하며 그 이자율을 쉽게 산정할 수 없는 경우에는 리스이용자의 증분차입이자율을 사용합니다. 리스부채는 후속적으로 리스부채에 대한 이자비용만큼 증가하고, 지급한 리스료를 반영하여 감소합니다. 잔존가치보증에 따라 지급할 것으로 예상되는 금액의 변동,지수나 요율(이율)의 변동, 리스기간의 변경, 매수선택권이나 연장선택권의 행사여부평가의 변동에 따라 미래 리스료가 변경되는 경우에 리스부채를 재측정합니다. 리스부채는 재무상태표에 \'유동성장기부채\' 또는 \'장기차입금\'으로 분류합니다.\n단기리스(리스개시일에 리스기간이 12개월 이하인 리스)와 소액자산리스의 경우 예외 규정을 선택하여 리스료를 리스기간에 걸쳐 정액기준으로 비용을 인식합니다.\xa0\n(12) 충당부채충당부채는 과거사건의 결과로 현재의무가 존재하고, 당해 의무를 이행하기 위하여 경제적효익을 갖는 자원이 유출될 가능성이 높으며 당해 의무의 이행에 소요되는 금액을 신뢰성 있게 추정할 수 있는 경우에 인식하고 있습니다. 충당부채로 인식하는 금액은 현재의무를 보고기간말에 이행하기 위하여 소요되는 지출에 대한 최선의 추정치로서 최선의 추정치를 구할 때에는 관련된 사건과 상황에 대한 불가피한 위험과 불확실성을 고려하고 있습니다. 화폐의 시간가치 효과가 중요한 경우 충당부채는 의무를 이행하기 위하여 예상되는 지출액의 현재가치로 평가하고 있으며 할인율은 부채의 고유한 위험과 화폐의 시간가치에 대한 현행 시장의 평가를 반영한 세전 이율이며 이 할인율에 반영되는 위험에는 미래 현금흐름을 추정할 때 고려된 위험은 반영하지 아니하고 있습니다. 현재의무를 이행하기 위하여 소요되는 지출 금액에 영향을 미치는 미래사건이 발생할 것이라는 충분하고 객관적인 증거가 있는 경우에는 그러한 미래사건을 감안하여 충당부채 금액을 추정하고 있으며, 자산의 예상처분이익은 충당부채를 측정하는 데 고려하지 아니하고 있습니다. 충당부채를 결제하기 위하여 필요한 지출액의 일부 또는 전부를 제 3자가 변제할 것이 예상되는 경우 회사가 의무를 이행한다면 변제를 받을 것이 거의 확실하게 되는 때에 한하여 변제금액을 인식하고 별도의 자산으로 회계처리하고 있으며 자산으로 인식하는 금액은 관련 충당부채 금액을 초과할 수 없습니다. 매 보고기간말마다 충당부채의 잔액을 검토하고, 보고기간말 현재 최선의 추정치를 반영하여 조정하며 의무이행을 위하여 경제적효익을 갖는 자원이 유출될 가능성이 더 이상 높지 아니한 경우에는 관련 충당부채를 환입하고 있습니다. 충당부채는 최초인식과 관련있는 지출에만 사용하고 있습니다. \n(13) 자기주식\n회사가 자기지분상품을 재취득하는 경우 이러한 지분상품은 자본에서 자기주식의 과목으로 하여 차감하고 있습니다. 자기지분상품을 매입 또는 매도하거나 발행 또는 소각하는 경우의 손익은 당기손익으로 인식하지 아니하고 있습니다. \n(14) 주식기준보상주식기준보상거래에서 제공받는 재화나 용역은 그 재화나 용역을 제공받는 날에 인식하고 있습니다. 주식결제형 주식기준보상거래로 재화나 용역을 제공받는 경우에는그에 상응한 자본의 증가를 인식하고, 현금결제형 주식기준보상거래로 재화나 용역을 제공받는 경우에는 그에 상응한 부채의 증가를 인식하고 있으며, 주식기준보상거래에서 제공받는 재화나 용역이 자산의 인식요건을 충족하지 못하는 경우에는 비용으로 인식하고 있습니다. (15) 수익회사는 기업회계기준서 제1115호 \'고객과의 계약에서 생기는 수익\'의 적용범위에 포함되는 고객과의 모든 계약에 5단계 수익인식모형(① 계약 식별 → ② 수행의무 식별 → ③ 거래가격 산정 → ④ 거래가격을 수행의무에 배분 →⑤ 수행의무 이행 시 수익 인식)을 적용하여 수익을 인식합니다. 1) 수행의무의 식별회사는 비료 등을 제조하여 고객에게 판매하는사업을 영위하고 있습니다. 회사는 ① 고객이 재화나 용역 그 자체에서 효익을 얻거나 고객이 쉽게 구할 수 있는 다른 자원과 함께하여 그 재화나 용역에서 효익을 얻을 수 있고, ② 고객에게 재화나 용역을 이전하기로 하는 약속을 계약 내의 다른 약속과 별도로 식별해 낼 수 있다면 구별되는 별도의 수행의무로 식별합니다. 회사는 고객과의 계약에서 고객의 발주 요청에 의한 재화의 공급 등을 수행의무로 인식합니다. 각각의 수행의무를 한 시점에 이행하는지 기간에 걸쳐 이행하는지에 따라 회사의 수익인식 시점이 변경되었습니다.\n2) 한 시점에 이행하는 수행의무\n재화의 판매에 따른수익은 자산을 이전하여 수행의무를 이행할 때 인식하고 있으며, 한 시점에 이행하는 수행의무는 고객에게재화나 용역에 대한 통제를 이전하는 시점에 이행되고 있습니다. 회사는 수행의무를 이행하는 시점을 판단하기 위한 통제 이전의 지표로 다음을 참고하고 있습니다. ① 기업은 자산에 대해 현재 지급청구권이 있다② 고객에게 자산의 법적 소유권이 있다③ 기업이 자산의 물리적 점유를 이전하였다④ 자산의 소유에 따른 유의적인 위험과 보상이 고객에게 있다⑤ 고객이 자산을 인수하였다\n3) 변동대가\n회사는 계약에서 약속한 대가에 변동금액이 포함된 경우에 고객에게 약속한 재화나 용역을 이전하고 그 대가로 받을 권리를 갖게 될 금액을 추정하고 있습니다. 대가는 할인(discount), 리베이트, 환불, 공제(credits), 가격할인(price concessions), 장려금(incentives), 성과보너스, 위약금이나 그 밖의 비슷한 항목 때문에 변동될 수 있습니다. 회사가 대가를 받을 권리가 미래 사건의 발생 여부에 달려있는 경우에도 약속한 대가는 변동될 수 있습니다. 예를 들면 반품권을 부여하여 제품을 판매하거나 특정 단계에 도달해야 고정금액의 성과보너스를 주기로 약속한 경우에 대가는 변동될 수 있습니다.\n4) 유의적인 금융요소회사는 거래가격을 산정할 때, 계약 당사자들 간에 합의한 지급시기 때문에 고객에게재화나 용역을 이전하면서 유의적인 금융 효익이 고객이나 기업에 제공되는 경우에는 화폐의 시간가치가 미치는 영향을 반영하여 약속된 대가를 조정하고 있습니다. 다만, 계약을 개시할 때 기업이 고객에게 약속한 재화나 용역을 이전하는 시점과 고객이 그에 대한 대가를 지급하는 시점 간의 기간이 1년 이내일 것이라고 예상한다면 유의적인 금융요소의 영향을 반영하여 약속한 대가(금액)를 조정하지 않는 실무적 간편법을 적용하고 있습니다.\n5) 거래가격의 배분\n회사는 하나의 계약에서 식별된 여러 수행의무에 상대적 개별 판매가격을 기초로 거래가격을 배분합니다. 회사는 각 수행의무의 개별 판매가격을 추정하기 위하여 \'시장평가 조정 접근법\'을 사용하며, 예외적으로 일부 거래에 대해서는 예상원가를 예측하고 적절한 이윤을 더하는 \'예상원가 이윤 가산 접근법\'을 사용합니다.\n(16) 종업원급여1) 단기종업원급여단기종업원급여는 임금, 사회보장분담금, 종업원이 관련 근무용역을 제공하는 회계기간의 말부터 12개월 이내에 결제될 유급연차휴가 또는 유급병가 등과 같은 단기유급휴가, 종업원이 관련 근무용역을 제공하는 회계기간의 말부터 12개월 이내에 지급될 이익분배금과 상여금 및 현직종업원을 위한 비화폐성급여를 포함하고 있습니다. 종업원이 회계기간에 근무용역을 제공한 때 근무용역과 교환하여 지급이 예상되는 단기종업원급여의 할인되지 않은 금액을 이미 지급한 금액을 차감한 후 미지급비용으로 인식하며, 이미 지급한 금액이 해당 급여의 할인되지 않은 금액보다 많은 경우에는 그 초과액 때문에 미래 지급액이 감소하거나 현금이 환급되는 만큼을 선급비용으로 인식하며, 다른 한국채택국제회계기준서에 따라 해당 급여를 자산의 원가에 포함하는 경우를 제외하고는 비용으로 인식하고 있습니다. \n2) 퇴직급여(확정급여제도)확정급여제도는 확정기여제도 이외의 모든 퇴직급여제도로서 순확정급여부채로 인식하는금액은 보고기간말 현재 확정급여채무의 현재가치에서 관련 확정급여채무를 직접 결제하는 데 사용할 수 있는 사외적립자산의 보고기간말 현재 공정가치를 차감한 금액이며, 확정급여채무는 매년 독립적인 보험계리법인에 의해 예측단위적립방식에 따라 산정하고 있습니다. 확정급여채무의 현재가치는 급여가 지급될 통화로 표시되고 관련 확정급여부채의 지급시점과 만기가 유사한 우량회사채의 시장수익률로 기대미래현금유출액을 할인하여 산정하고 있습니다.\n확정급여원가 중 근무원가와 순확정급여부채(자산)의 순이자는 당기손익으로 인식하며, 순확정급여부채(자산)의 재측정요소는 기타포괄손익으로 인식하고 있습니다. 한편, 기타포괄손익에 인식되는 순확정급여부채(자산)의 재측정요소는 후속기간에 당기손익으로 재분류하지 아니하고 있습니다. 부의 순확정급여부채인 순확정급여자산은 제도로부터 환급받거나 제도에 대한 미래기여금이 절감되는 방식으로 이용가능한 경제적효익의 현재가치의 합계를 한도로 인식하고 있습니다. 회사가 급여를 과거근무용역에 귀속시키는 확정급여제도를 새로 도입하거나 기존의 확정급여제도에서 과거근무용역에 대하여 지급해야 하는 급여를 변경하는 경우 발생하는 과거근무원가는 제도개정으로 인하여 발생하는 부채의 변동금액으로 측정하고 즉시 비용으로 인식하고 있습니다. (17) 자산손상재고자산, 기업회계기준서 제1115호 \'고객과의 계약에서 생기는 수익\'에 따라 인식하는 계약자산과 계약을 체결하거나 이행하기 위해 든 원가에서 생기는 자산, 이연법인세자산, 종업원급여에서 생기는 자산,금융자산, 공정가치로 측정되는 투자부동산, 매각예정비유동자산 등을 제외한 모든 자산의 손상은 아래의 방법으로 손상차손을 인식하고 있습니다. 내용연수가 비한정인 무형자산, 아직 사용할 수 없는 무형자산 및 사업결합으로 취득한 영업권에 대해서는 자산손상을 시사하는 징후가 있는지에 관계없이 \xa0매년 \xa0회수가능액을 추정하고 장부금액과 비교하여 손상검사를 하고 있으며, 그 외의 자산은 매 보고기간말마다 자산손상을 시사하는 징후가 있는지를 검토하고 그러한 징후가 있다면 개별 자산별로 회수가능액을 추정하며 개별 자산의 회수가능액을 추정할 수 없다면 그 자산이 속하는 현금창출단위의 회수가능액을 추정하고 있습니다. 자산의 회수가능액은 자산 또는 현금창출단위의 순공정가치와 사용가치 중 더 많은 금액으로 측정하고 있습니다. 자산의 회수가능액이 장부금액에 미달하는 경우 자산의 장부금액을 회수가능액으로 감소시키며, 손상차손은 즉시 당기손익으로 인식하고 있습니다.\n(18) 법인세법인세비용(수익)은 당기법인세비용(수익)과 이연법인세비용(수익)으로 구성되고 있습니다. 당기법인세와 이연법인세는 수익이나 비용으로 인식하여 당기손익에 포함하고 있으며, 동일 회계기간 또는 다른 회계기간에 자본에 직접 가감되는 항목과 관련된 당기법인세와이연법인세는 자본에 직접 가감하고 있습니다. 1) 당기법인세당기법인세는 회계기간의 과세소득(세무상결손금)에 대하여 납부할(환급받을) 법인세액이며, 과세소득(세무상결손금)은 과세당국이 제정한 법규에 따라 납부할(환급받을) 법인세를 산출하는 대상이 되는 회계기간의 이익(손실)으로서 포괄손익계산서의 손익과는 차이가 있습니다. 당기 및 과거기간의 당기법인세부채(자산)는 보고기간말까지 제정되었거나 실질적으로 제정된 세율(및 세법)을 사용하여, \xa0과세당국에 납부할(과세당국으로부터 환급받을) 것으로 예상되는 금액으로 측정하고 있습니다.당기 및 과거기간의 당기법인세 중 납부되지 않은 부분을 부채로 인식하며, 과거기간에 납부하여야 할 금액을 초과해서 납부하였다면 그 초과금액은 자산으로 인식하고 있으며, 과거 회계기간의 당기법인세에 대하여 소급공제가 가능한 세무상결손금과 관련된 혜택은 자산으로 인식하고 있습니다. \n2) 이연법인세회사는 모든 가산할 일시적차이에 대하여 이연법인세부채를 인식하고 있습니다. 다만 영업권을 최초로 인식하는 경우와 자산·부채가 최초로 인식되는 거래가 사업결합거래가 아니고 거래 당시의 회계이익이나 과세소득(세무상결손금)에 영향을 미치지 아니하는 거래인 경우 및 종속기업·지점 및 관계기업에 대한 투자자산 그리고 공동약정투자지분과 관련된 가산할 일시적차이에 대하여 지배기업· 투자자 또는 참여자가 일시적차이의 소멸시점을 통제할 수 있고 예측가능한 미래에 일시적차이가 소멸하지 않을 가능성이 높을 경우에 발생하는 이연법인세부채는 인식하지 아니하고 있습니다. \xa0 회사는 차감할 일시적차이가 사용될 수 있는 과세소득의 발생가능성이 높은 경우에 모든 차감할 일시적차이에 대하여 이연법인세자산을 인식하고 있습니다. 다만, 자산이나 부채를 최초로 인식할 때 발생하는 거래로 사업결합거래가 아니고 거래 당시 회계이익이나 과세소득(세무상결손금)에 영향을 미치지 않는 거래인 경우 \xa0및 \xa0종속기업·지점 및 관계기업에 대한 투자자산 그리고 공동약정투자지분과 관련된 모든 차감할 일시적차이에 대하여 일시적차이가 예측가능한 미래에 소멸할 가능성이 높지않거나 일시적차이가 사용될 수 있는 과세소득이 발생할 가능성이 높지 않은 경우에는 이연법인세자산은 인식하지 아니하고 있습니다. \xa0세무상결손금과 세액공제가 사용될 수 있는 미래 과세소득의 발생가능성이 높은 경우 그 범위 안에서 이월된 미사용 세무상결손금과 세액공제에 대하여 이연법인세자산을 인식하고 있습니다. 이연법인세자산의 장부금액은 매 보고기간말에 검토하며 이연법인세자산의 일부 또는 전부에 대한 혜택이 사용되기에 충분한 과세소득이 발생할 가능성이 더 이상 높지않다면 이연법인세자산의 장부금액을 감액시키고 감액된 금액은 사용되기에 충분한 과세소득이 발생할 가능성이 높아지면 그 범위 내에서 환입하고 있습니다. 이연법인세 자산과 부채는 보고기간말까지 실질적으로 제정된 세율(혹은 세법)에 근거하여 당해 자산이 실현되거나 부채가 결제될 회계기간에 적용될 것으로 기대되는 세율을 사용하여 측정하고 있으며 이연법인세 자산과 부채는 할인하지 아니하고 있습니다. 회사가 당기법인세자산과 당기법인세부채를 상계할 수 있는 법적으로 집행가능한 권리를 가지고 있으며 동일한 과세당국에 의해서 부과되는 법인세와 관련하여 이연법인세자산과 이연법인세부채를 상계하고 있습니다. \n(19) 주당이익회사는 기본주당이익과 희석주당이익을 보통주에 귀속되는 계속영업손익과 당기순손익에 대하여 계산하고 포괄손익계산서에 표시하고 있습니다. 기본주당이익은 보통주에 귀속되는 특정 회계기간의 당기순손익을 그 기간에 유통된보통주식수를 가중평균한 주식수로 나누어 계산하고 있으며, 보통주에 귀속되는 금액은 계속영업손익과 당기순손익 각각의 금액에서 자본으로 분류된 우선주에 대한 세후우선주 배당금,우선주 상환시 발생한 차액 및 유사한 효과를 조정한 금액입니다.\n희석주당이익은 모든 희석효과가 있는 잠재적보통주의 영향을 고려하여 보통주에 귀속되는 당기순손익 및 가중평균유통보통주식수를 조정하여 계산하고 있습니다. \xa0(20) 매각예정비유동자산비유동자산(또는 처분자산집단)의 장부금액이 계속사용이 아닌 매각거래를 통하여 주로 회수될 것이라면 이를 매각예정으로 분류하며 순공정가치와 장부금액 중 작은 금액으로 측정하고, 그 자산은 감가상각(또는 상각)하지 아니하고 있습니다. 매각예정으로 분류된 비유동자산은 다른 자산과 별도로 재무상태표에 표시하며 매각예정으로 분류된 처분자산집단에 포함되는 자산이나 부채는 다른 자산이나 부채와 별도로 재무상태표에 표시하고 있습니다. (21) 중단영업회사는 별도의 주요 사업계열이나 영업지역을 처분하거나 매각예정으로 분류되는 경우 등을 중단영업으로 분류하고 있으며, 중단영업이 있는 경우 세후 중단영업손익 등을 포괄손익계산서에 단일금액으로 표시하고 중단영업의 수익, 비용 및 세전 중단영업손익 등을 공시하고 있습니다. 또한, 회사는 비교표시되는 과거재무제표에 중단영업관련 공시사항을 다시 표시하고 있습니다.\n(22) 오류수정특정기간에 미치는 오류의 영향이나 오류의 누적효과를 실무적으로 결정할 수 없는 경우를 제외하고는 중요한 전기오류가 발견된 이후 최초로 발행되는 재무제표에 오류가 발생한 과거기간의 재무제표가 비교표시되는 경우 그 재무정보를 재작성하고 있습니다.\n(23) 중요한 회계추정 및 판단재무제표의 작성시 경영진은 회계정책의 적용이나 자산, 부채, 수익, 비용의 장부금액 및 우발부채의 금액에 영향을 미칠 수 있는 판단과 추정 및 가정을 하여야 합니다.보고기간말 현재 이러한 추정치는 경영진의 최선의 판단 및 추정에 따라 이루어지고 있으며 추정치와 추정에 대한 가정은 지속적으로 검토되고 있으나 향후 경영환경의 변화에 따라 실제 결과와는 중요하게 다를 수도 있습니다.\n회계정책을 적용하는 과정에서 추정에 관련된 공시와는 별도로 재무제표에 인식되는금액에 가장 유의적인 영향을 미칠 수 있는 미래에 대한 가정과 보고기간말의 추정 불확실성과관련하여 다음 회계연도에 자산과 부채의 장부금액에 대한 중요한 조정을 유발할 수 있는 유의적인 위험을 내포하고 있는 사항은 다음과 같습니다.\xa0\n1) 금융상품의 공정가치\n금융상품에 대한 활성시장이 없는 경우 공정가치는 평가기법을 사용하여 결정하고 있으며, 평가기법은 합리적인 판단력과 거래의사가 있는 독립된 당사자 사이의 최근 거래를 사용하는 방법, 실질적으로 동일한 다른 금융상품의 현행 공정가치를 참조하는 방법, 현금흐름할인방법과 옵션가격결정모형 등을 포함하고 있습니다. 회사는 주기적으로 평가기법을 조정하며 관측가능한 현행 시장거래의 가격을 사용하거나 관측가능한 시장자료에기초하여 그 타당성을 검토하는 등 다양한 평가기법의 선택과 가정에 대한 판단을 하고 있습니다. 2) 이연법인세\n이연법인세 자산과 부채는 보고기간말까지 제정되었거나 실질적으로 제정된 세율(및세법)에 근거하여 당해 자산이 실현되거나 부채가 결제될 회계기간에 적용될 것으로 기대되는 세율을 사용하여 추정하고 있으며 이연법인세자산의 장부금액은 이연법인세자산의일부 또는 전부에 대한 혜택이 사용되기에 충분한 과세소득이 발생할 가능성이 높은 경우 최선의 추정치로 인식하고 있습니다. 이러한 추정치는 미래의 실제 법인세부담과 다를 수 있습니다. 3) 확정급여채무확정급여채무의 현재가치를 계산하기 위하여 사용하는 보험수리적 가정은 퇴직급여의 궁극적인 원가를 결정하는 여러 가지 변수들에 대한 최선의 추정을 반영하는 것으로 여기에는 퇴직전이나 퇴직후의 사망률, 이직률, 신체장애율 및 조기퇴직률, 급여수령권을 갖는 피부양자가 있는 종업원의 비율, 의료급여제도의 경우 의료원가청구율, 할인율, 미래의 임금과 급여 수준 등이 포함되며, 이러한 가정에 따라 확정급여채무의 현재가치는 민감하게 변동될 수 있습니다. \n3. 금융상품의 범주 및 상계(1) 금융자산의 범주는 다음과 같습니다.\n<당반기말>\n\xa0(단위: 천원)\n구분\n당기손익-공정가치측정금융자산\n상각후원가측정금융자산\n기타포괄손익-공정가치측정금융자산\n합계\n현금및현금성자산\n-\n2,982,168\n-\n2,982,168\n매출채권\n-\n62,494,052\n-\n62,494,052\n단기기타채권\n-\n1,645,320\n-\n1,645,320\n장기기타채권\n-\n314,567\n-\n314,567\n장기기타금융자산\n-\n7,500\n1,554,000\n1,561,500\n합계\n-\n67,443,607\n1,554,000\n68,997,607\n<전기말>\n\xa0(단위: 천원)\n구분\n당기손익-공정가치측정금융자산\n상각후원가측정금융자산\n기타포괄손익-공정가치측정금융자산\n합계\n현금및현금성자산\n-\n\xa0661,565\n\xa0 \xa0 \xa0 \xa0 \xa0 \xa0 \xa0 \xa0 \xa0 \xa0 \xa0 \xa0 \xa0-\n661,565\n매출채권\n-\n12,503,220\n\xa0 \xa0 \xa0 \xa0 \xa0 \xa0 \xa0 \xa0 \xa0 \xa0 \xa0 \xa0 \xa0-\n12,503,220\n단기기타채권\n-\n418,291\n\xa0 \xa0 \xa0 \xa0 \xa0 \xa0 \xa0 \xa0 \xa0 \xa0 \xa0 \xa0 \xa0-\n418,291\n장기기타채권\n-\n388,721\n\xa0 \xa0 \xa0 \xa0 \xa0 \xa0 \xa0 \xa0 \xa0 \xa0 \xa0 \xa0 \xa0-\n388,721\n장기기타금융자산\n-\n7,500\n\xa0 \xa0 \xa0 \xa0 \xa0 \xa0 \xa0 \xa01,554,000\n1,561,500\n합계\n-\n13,979,297\n\xa0 \xa0 \xa0 \xa0 \xa0 \xa0 \xa0 \xa01,554,000\xa0\n15,533,297\n(2) 금융부채의 범주는 다음과 같습니다\n<당반기말>\n\xa0(단위: 천원)\n구분\n당기손익-공정가치측정금융부채\n상각후원가측정금융부채\n합계\n매입채무\n-\n6,600,129\n6,600,129\n단기기타채무\n-\n8,062,265\n8,062,265\n단기차입금\n-\n52,742,461\n52,742,461\n단기기타금융부채\n-\n179,015\n179,015\n유동성리스부채\n-\n205,000\n205,000\n장기기타채무\n-\n887,397\n887,397\n장기기타금융부채\n-\n27,487\n27,487\n비유동리스부채\n-\n365,636\n365,636\n합 계\n-\n69,069,390\n69,069,390\n<전기말>\n\xa0(단위: 천원)\n구분\n당기손익-공정가치측정금융부채\n상각후원가측정금융부채\n합계\n매입채무\n-\n9,609,917\n9,609,917\n단기기타채무\n-\n1,980,641\n1,980,641\n단기차입금\n-\n25,198,690\n25,198,690\n단기기타금융부채\n-\n99,297\n99,297\n유동성리스부채\n-\n103,392\n103,392\n장기기타채무\n-\n811,952\n811,952\n장기기타금융부채\n-\n33,698\n33,698\n비유동리스부채\n-\n94,029\n94,029\n합 계\n-\n37,931,616\n37,931,616\n(3) 금융상품 범주별 순손익은 다음과 같습니다.\n<당반기말>\n\xa0(단위: 천원)\n구분\n외환차익(차손)\n외화환산이익(손실)\n기타포괄손익\n대손상각비 환입\n이자수익(비용)\n<금융자산>\n\xa0상각후원가측정금융자산\xa0\n38,898\n(99,325)\n-\n68,327\n18,625\n\xa0기타포괄손익-공정가치측정 항목으로지정한 지분상품에 대한 투자\xa0\n-\n-\n-\n-\n-\n합계\n38,898\n(99,325)\n-\n68,327\n18,625\n<금융부채>\n\xa0상각후원가측정금융부채\xa0\n(1,084,331)\n(1,037,235)\n-\n-\n(559,320)\n합 계\n(1,084,331)\n(1,037,235)\n-\n-\n(559,320)\n<전반기말>\n\xa0(단위: 천원)\n구분\n외환차익(차손)\n외화환산이익(손실)\n기타포괄손익\n대손상각비 환입\n이자수익(비용)\n<금융자산>\n\xa0상각후원가측정금융자산\xa0\n4,365\n41,034\n-\n72,039\n1,098\n\xa0기타포괄손익-공정가치측정 항목으로지정한 지분상품에 대한 투자\xa0\n-\n-\n-\n-\n-\n합계\n4,365\n41,034\n-\n72,039\n1,098\n<금융부채>\n\xa0상각후원가측정금융부채\xa0\n(132,692)\n(110,870)\n-\n-\n(255,693)\n합 계\n(132,692)\n(110,870)\n-\n-\n(255,693)\n4. 공정가치(1) 금융상품 종류별 공정가치 평가방법 및 주요가정1) 유동자산ㆍ부채유동자산ㆍ부채는 만기가 단기이므로 그 공정가치가 장부가액에 근사합니다.2) 매출채권및기타채권매출채권및기타채권의 공정가치는 미래의 현금흐름을 보고기간 종료일 현재의 시장이자율로 할인한 현재가치로 평가합니다. 다만, 상기 현재가치와 명목금액과의 차이가 중요하지 않은 경우 명목금액으로 평가하였습니다. 매출채권및기타채권은 그 공정가치가 장부가액에 근사합니다.3) 지분증권과 채무증권에 대한 투자시장에서 거래되는 지분증권과 채무증권의 공정가치는 보고기간 종료일 현재 공시되는 마감 매수호가에 의해 결정되며, 시장성 없는 지분증권의 경우 EV/Sales Multiple 및 PBR Multiple을 통하여 보유지분가치를 공정가치로 평가하였습니다. 채무증권은 활성거래시장이 존재하지 않고, 공정가치를 신뢰성 있게 측정할 수 없어 취득원가를 장부금액으로 하였습니다.4) 비파생금융부채비파생금융부채의 공정가치는 원금 및 이자로부터의 현금흐름을 보고기간 종료일의 시장이자율로 할인한 현재가치에 근거하여 산정되고 있습니다. 다만, 상기 현재가치와 명목금액과의 차이가 중요하지 않은 경우 명목금액으로 평가하였습니다. 비파생금융부채는 그 공정가치가 장부가액에 근사합니다.\n(2) 금융상품 종류별 장부금액과 공정가치의 비교\n1) 금융상품의 종류별 장부금액과 공정가치의 비교내용은 다음과 같습니다.\n<당반기말>\n\xa0(단위: 천원)\n\xa0 종 \xa0류\n장부금액\n공정가치\n<금융자산>\n현금및현금성자산\n2,982,168\n(*1)\n기타금융자산\n322,067\n(*1)\n매출채권\n62,494,052\n(*1)\n기타채권\n1,645,320\n(*1)\n기타포괄손익-공정가치측정 금융자산\n1,554,000\n1,554,000\n합계\n68,997,607\n\u3000\n<금융부채>\n매입채무\n6,600,129\n(*1)\n단기차입금\n52,742,461\n(*1)\n단기미지급금\n8,062,265\n(*1)\n기타유동부채\n384,015\n(*2)\n장기미지급금\n10,397\n(*1)\n기타비유동부채\n1,270,123\n(*2)\n합계\n69,069,390\n\u3000\n(*1) 장부금액이 공정가치의 합리적인 근사치이므로 공정가치 공시대상에서 제외하였습니다.(*2) 리스부채는 기업회계기준서 제1107호 \'금융상품: 공시\'에 따라 공정가치 공시대상에\n서 제외하였습니다. \n<전기말>\n\xa0(단위: 천원)\n\xa0 종 \xa0류\n장부금액\n공정가치\n<금융자산>\n현금및현금성자산\n661,565\n(*1)\n기타금융자산\n396,221\n(*1)\n매출채권\n12,503,220\n(*1)\n기타채권\n418,291\n(*1)\n기타포괄손익-공정가치측정 금융자산\n1,554,000\n1,554,000\n합계\n15,533,297\n\u3000\n<금융부채>\n매입채무\n9,609,917\n(*1)\n단기차입금\n\xa025,198,690\n(*1)\n단기미지급금\n1,980,641\n(*1)\n기타유동부채\n\xa0 202,689\n(*2)\n장기미지급금\n\xa0 \xa0 \xa0 \xa0 \xa0 \xa0 \xa0 \xa0 \xa0 4,952\n(*1)\n기타비유동부채\n934,727\n(*2)\n합계\n37,931,616\n\u3000\n(*1) 장부금액이 공정가치의 합리적인 근사치이므로 공정가치 공시대상에서 제외하였습니다.(*2) 리스부채는 기업회계기준서 제1107호 \'금융상품: 공시\'에 따라 공정가치 공시대상에서 제외하였습니다.\n(3) 공정가치로 측정되는 자산·부채의 공정가치 측정치1) 공정가치 서열체계 및 측정방법\n공정가치란 측정일에 시장참여자 사이의 정상거래에서 자산을 매도할 때 받거나 부채를 이전할 때 지급하게 될 가격을 의미합니다. 공정가치 측정은 측정일에 현행 시장 상황에서자산을 매도하거나 부채를 이전하는 시장참여자 사이의 정상거래에서의 가격을 추정하는 것으로, 회사는 공정가치 평가시 시장정보를 최대한 사용하고, 관측 가능하지 않은 변수는최소한으로 사용하고 있습니다.\n회사는 공정가치로 측정되는 자산·부채를 공정가치 측정에 사용된 투입변수에 따라다음과 같은 공정가치 서열체계로 분류하였습니다. \n수준1 : 활성시장에서 공시되는 가격을 공정가치로 측정하는 자산·부채의 경우 동 자산·부채의 공정가치는 수준1로 분류됩니다. 당반기말 회사의 공정가치가 수준1로 분류되는 자산·부채는 없습니다.\n수준2 : 가치평가기법을 사용하여 자산·부채의 공정가치를 측정하는 경우, 모든 유의적인 투입변수가 시장에서 관측한 정보에 해당하면 자산·부채의 공정가치는 수준2로 분류됩니다. 당반기말 회사의 공정가치가 수준2로 분류되는 자산·부채는 없습니다.\n수준3 : 가치평가기법을 사용하여 자산·부채의 공정가치를 측정하는 경우, 하나 이상의 유의적인 투입변수가 시장에서 관측불가능한 정보에 해당하면 동 금융상품의 공정가치는 수준3으로 분류됩니다. 당반기말 회사의 공정가치가 수준3으로 분류되는 자산·부채는 비상장 지분증권 등이 있습니다.\n자산·부채의 공정가치는 자체적으로 개발한 내부평가모형을 통해 평가한 값을 사용하거나 독립적인 외부평가기관이 평가한 값을 제공받아 사용하고 있습니다.\n2) 재무상태표에 공정가치로 측정되는 자산·부채의 공정가치 서열체계별 공정가치 금액은 다음과 같습니다.\n<당반기말>\n\xa0(단위: 천원)\n구분\n장부금액\n공정가치\n수준1\n수준2\n수준3\n합계\n<자산>\n\xa0 기타포괄손익_공정가치측정금융자산 :\n\xa0 비상장주식\n1,554,000\n-\n-\n1,554,000\n1,554,000\n<전기말>\n\xa0(단위: 천원)\n구분\n장부금액\n공정가치\n수준1\n수준2\n수준3\n합계\n<자산>\n\xa0 기타포괄손익_공정가치측정금융자산 :\n\xa0 비상장주식\n1,554,000\n-\n-\n1,554,000\n1,554,000\n(4) 공정가치 서열체계 수준3 관련 공시1) 공정가치로 측정되는 자산·부채 중 공정가치 서열체계 수준3으로 분류된 자산·부채의 당반기 변동내역은 다음과 같습니다.\n<당반기>\n(단위 : 천원)\n구분\n금융자산\n기타포괄손익_공정가치측정 금융자산\n기초잔액\n1,554,000\n당해 기간의 총손익\n\u3000\n\xa0 \xa0기타포괄손익에 포함된 손익\n-\n기말잔액\n1,554,000\n<전기>\n(단위 : 천원)\n구분\n금융자산\n기타포괄손익_공정가치측정 금융자산\n기초잔액\n1,433,000\n당해 기간의 총손익\n\xa0 \xa0기타포괄손익에 포함된 손익\n121,000\n기말잔액\n1,554,000\n2) 재무상태표에서 공정가치로 측정된 자산·부채 중 공정가치 서열체계 수준3으로 분류된 항목의 가치평가기법 및 투입변수 및 투입변수에 대한 범위 등은 다음과 같습니다. \n<당반기말>\n\xa0(단위: 천원)\n구분\n공정가치\n가치평가기법\n투입변수\n투입변수 범위\n(가중평균)\n기타포괄손익-공정가치측정금융자산 :\n\xa0 (주) 울산방송\n1,554,000\n유사상장회사비교법(GPCM)\nPBR\n0.96\nEV/Sales\n1.77\n<전기말>\n\xa0(단위: 천원)\n구분\n공정가치\n가치평가기법\n투입변수\n투입변수 범위\n(가중평균)\n기타포괄손익-공정가치측정금융자산 :\n\xa0 (주) 울산방송\n1,554,000\n유사상장회사비교법(GPCM)\nPBR\n0.96\nEV/Sales\n1.77\n5. 현금및현금성자산\n현금및현금성자산의 내역은 다음과 같습니다.\n(단위: 천원)\n구 분\n이자율\n당반기말\n전기말\n현금\n-\n21\n329\n제예금\n0.1~1.0%\n2,982,147\n661,236\n합 계\n\u3000\n2,982,168\n661,565\n6. 사용이 제한된 예금사용이 제한된 예금 등의 내역은 다음과 같습니다.\n(단위: 천원)\n계정과목\n내역\n거래처\n당반기말\n전기말\n제한내용\n기타비유동금융자산\n장기금융상품\n신한은행 등\n7,500\n7,500\n당좌개설보증금\n7. 매출채권및기타채권(1) 매출채권및기타채권의 내역은 다음과 같습니다.\n(단위: 천원)\n구 분\n당반기말\n전기말\n채권액\n대손충당금\n장부금액\n채권액\n대손충당금\n장부금액\n매출채권\n63,334,288\n(840,236)\n62,494,052\n13,411,783\n(908,563)\n12,503,220\n단기대여금\n23,387\n(23,387)\n-\n23,387\n(23,387)\n-\n미수금\n1,678,197\n(32,877)\n1,645,320\n451,168\n(32,877)\n418,291\n합 계\n65,035,872\n(896,500)\n64,139,372\n13,886,338\n(964,827)\n12,921,511\n상기 매출채권및기타채권은 보고기간종료일로부터 1년 이내에 만기가 도래하고 있으며, 할인에 따른 효과가 중요하지 않으므로 공정가치는 장부금액과 유사한 것으로 판단하고 있습니다.\n(2) 회사는 매출채권에 대해 전체 기간 기대신용손실을 손실충당금으로 인식하는 간편법을 적용합니다.기대신용손실을 측정하기 위해 매출채권은 신용위험 특성과 연체일을 기준으로 구분하였습니다. 기대신용손실율은 2022년 6월 30일 기준으로부터 36개월 동안의 매출과 관련된 지불 정보와 관련 확인된 신용손실 정보를 근거로 산출하였습니다. \n(3) 회사가 인식한 매출채권에 대한 손실충당금은 다음과 같습니다.\xa0\n(단위: 천원)\n구분\n기대손실률\n총장부금액 매출채권\n손실충당금\n6개월 이하\n0.02%\n61,390,767\n10,619\n9개월 이하\n0.61%\n631,083\n3,838\n12개월 이하\n1.22%\n84,299\n1,030\n15개월 이하\n2.13%\n11\n-\n18개월 이하\n0.00%\n-\n-\n21개월 이하\n4.27%\n272,464\n11,629\n24개월 이하\n6.00%\n-\n-\n27개월 이하\n0.00%\n-\n-\n30개월 이하\n14.19%\n54,229\n7,692\n33개월 이하\n22.52%\n123,915\n27,908\n36개월 이하\n0.00%\n-\n-\n36개월 초과\n100.00%\n777,520\n777,520\n합 계\n63,334,288\n840,236\n(4) 회사는 당반기말 현재 NH농협은행과 300억원 한도의 전자외상매출채권담보대출약정을 맺고 있으며, 당반기말 현재 동 약정에 따른 대출잔액은 9,730,000천원이며, 전기말 현재 대출잔액은 없습니다.(주석16 참조).\n(5) 매출채권및기타채권에 대한 대손충당금의 변동내역은 다음과 같습니다.\n(단위: 천원)\n구 분\n당 반 기\n전 기\n기초금액\n964,827\n1,072,008\n설정액\n(68,327)\n(107,181)\n기말금액\n896,500\n964,827\n8. 기타유동자산\n기타유동자산의 내역은 다음과 같습니다.\xa0\n(단위: 천원)\n구 분\n당반기말\n전기말\n채권액\n대손충당금\n장부금액\n채권액\n대손충당금\n장부금액\n선급금\n1,146,938\n(392,523)\n754,415\n1,480,769\n(392,523)\n1,088,246\n선급비용\n48,271\n-\n48,271\n100,216\n-\n100,216\n환불자산\n837,277\n-\n837,277\n713,980\n-\n713,980\n합 계\n2,032,486\n(392,523)\n1,639,963\n2,294,965\n(392,523)\n1,902,442\n9. 재고자산(1) 재고자산의 내역은 다음과 같습니다.\n(단위: 천원)\n구 분\n당반기말\n전기말\n평가전금액\n평가충당금\n장부금액\n평가전금액\n평가충당금\n장부금액\n상품\n2,484,508\n(41,245)\n2,443,263\n2,987,478\n(80,546)\n2,906,932\n제품\n13,679,523\n(669,046)\n13,010,477\n17,068,886\n(1,187,260)\n15,881,626\n재공품\n1,635,403\n-\n1,635,403\n1,099,856\n-\n1,099,856\n원재료\n8,537,305\n(490,438)\n8,046,867\n14,346,296\n(381,145)\n13,965,151\n미착품\n879,682\n-\n879,682\n3,593,794\n-\n3,593,794\n합 계\n27,216,421\n(1,200,729)\n26,015,692\n39,096,310\n(1,648,951)\n37,447,359\n회사는 재고자산평가손실전입액(환입액)을 매출원가에서 가감하고 있습니다.\n(2) 재고자산의 저가법 평가내용은 다음과 같습니다.\n<당반기말>\n\xa0(단위: 천원)\n구분\n평가전금액\n순실현가치\n평가충당금\n당 기\n당기누계\n제품\n13,679,523\n13,010,477\n(518,214)\n669,046\n상품\n2,484,508\n2,443,263\n(39,301)\n41,245\n재공품\n1,635,403\n1,635,403\n-\n-\n원재료\n8,537,305\n8,046,867\n109,293\n490,438\n미착품\n879,682\n879,682\n-\n-\n합 계\n27,216,421\n26,015,692\n(448,222)\n1,200,729\n<전기말>\n\xa0(단위: 천원)\n구분\n평가전금액\n순실현가치\n평가충당금\n당 기\n당기누계\n제품\n17,068,886\n15,881,626\n122,852\n1,187,260\n상품\n2,987,478\n2,906,932\n41,807\n80,546\n재공품\n1,099,856\n1,099,856\n-\n-\n원재료\n14,346,296\n13,965,151\n(290,760)\n381,145\n미착품\n3,593,794\n3,593,794\n-\n-\n합 계\n39,096,310\n37,447,359\n(126,101)\n1,648,951\n(3) 재고자산 회전율 등은 다음과 같습니다.\n(단위: 천원)\n구 분\n당 반 기\n전 반 기\n매출액\n101,154,160\n56,434,733\n재고자산\n26,015,692\n18,929,527\n평균재고자산\n31,731,526\n23,610,933\n회전율(*1)\n3.19\n2.39\n자산총계\n145,907,510\n116,629,238\n총자산대비재고자산비율\n17.83%\n16.23%\n(*1)상기 회전율은 반기매출액 기준의 회전율입니다.\n10. 장기매출채권및기타채권\n장기매출채권및기타채권의 내역은 다음과 같습니다.\xa0\n(단위: 천원)\n구 분\n당반기말\n전기말\n보증금\n314,567\n388,721\n상기 보증금은 사택 및 사무실 건물 임차에 따른 임차보증금 등입니다.\n11. 기타금융자산(1) 기타금융자산의 내역은 다음과 같습니다.\n<당반기말>\n(단위: 천원)\n구 분\n내 역\n금 액\n기타비유동금융자산\n\xa0 기타포괄손익_공정가치측정 금융자산\n지분증권(비상장주식)\n1,554,000\n\xa0 상각후원가측정 금융자산\n장기금융상품(당좌개설보증금)\n7,500\n합 계\n\u3000\n1,561,500\n<전기말>\n(단위: 천원)\n구 분\n내 역\n금 액\n기타비유동금융자산\n\xa0 기타포괄손익_공정가치측정 금융자산\n지분증권(비상장주식)\n1,554,000\n\xa0 상각후원가측정 금융자산\n장기금융상품(당좌개설보증금)\n7,500\n합 계\n\u3000\n1,561,500\n(2) 기타포괄손익-공정가치측정 금융자산기타비유동금융자산 중 기타포괄손익-공정가치측정 금융자산은 전액 지분증권(비상장주식)으로서 관련 내역은 다음과 같습니다.\n(단위: 천원)\n구 분\n당반기말\n전기말\n주식수\n지분율\n취득원가\n장부금액\n주식수\n지분율\n취득원가\n장부금액\n(주)울산방송\n240,000\n4.00%\n1,200,000\n1,554,000\n240,000\n4.00%\n1,200,000\n1,554,000\n(주)파이오니아\n8,000\n6.10%\n160,000\n-\n8,000\n6.10%\n160,000\n-\n합 계\n248,000\n\u3000\n1,360,000\n1,554,000\n248,000\n\u3000\n1,360,000\n1,554,000\n회사는 단기매매항목이 아닌 투자목적으로 보유하는 지분상품에 대해 최초 적용일에기타포괄손익-공정가치측정 항목으로 지정하는 취소불가능한 선택권을 적용하였습니다. ㈜울산방송 주식은 EV/Sales Multiple 및 PBR을 통하여 보유지분가치를 평가하였습니다.\n12. 유형자산\n(1) 유형자산의 내용은 다음과 같습니다.\n<당반기말>\n(단위: 천원)\n구분\n취득원가\n감가상각누계액\n정부보조금\n장부금액\n토지\n33,718,285\n-\n-\n33,718,285\n건물\n9,566,041\n(3,838,503)\n-\n5,727,538\n구축물\n4,089,972\n(3,507,796)\n-\n582,176\n기계장치\n16,476,791\n(8,609,418)\n-\n7,867,373\n차량운반구\n118,510\n(107,879)\n-\n10,631\n공구와기구\n454,591\n(452,306)\n-\n2,285\n집기비품\n1,876,936\n(1,712,345)\n(20,302)\n144,289\n건설중인자산\n426,904\n-\n-\n426,904\n사용권자산_부동산\n95,514\n(48,599)\n-\n46,915\n사용권자산_차량운반구\n660,680\n(140,659)\n-\n520,021\n합계\n67,484,224\n(18,417,505)\n(20,302)\n49,046,417\n<전기말>\n(단위: 천원)\n구분\n취득원가\n감가상각누계액\n정부보조금\n장부금액\n토지\n33,718,285\n-\n-\n33,718,285\n건물\n9,566,041\n(3,680,721)\n-\n5,885,320\n구축물\n4,042,927\n(3,482,233)\n-\n560,694\n기계장치\n16,016,975\n(8,202,114)\n-\n7,814,861\n차량운반구\n118,510\n(101,911)\n-\n16,599\n공구와기구\n454,591\n(450,972)\n-\n3,619\n집기비품\n1,860,852\n(1,688,378)\n(15,053)\n157,421\n건설중인자산\n338,100\n-\n-\n338,100\n사용권자산_부동산\n95,514\n(22,195)\n-\n73,319\n사용권자산_차량운반구\n210,636\n(87,521)\n-\n123,115\n합계\n66,422,431\n(17,716,045)\n(15,053)\n48,691,333\n(2) 유형자산 장부금액의 변동내역은 다음과 같습니다.\n<당반기>\n(단위: 천원)\n구 분\n토지\n건물\n구축물\n기계장치\n차량운반구\n공구와기구\n집기비품\n건설중인자산\n사용권자산\n합 \xa0계\nI. 취득원가 또는 평가금액\n\xa0기초금액\n33,718,285\n9,566,041\n4,042,927\n16,016,975\n118,510\n454,591\n1,860,852\n338,100\n306,150\n66,422,431\n\xa0취득\n-\n-\n48,545\n121,716\n-\n-\n16,084\n426,904\n450,044\n1,063,293\n\xa0처분및폐기\n-\n-\n(1,500)\n-\n-\n-\n-\n-\n-\n(1,500)\n\xa0대체\n-\n-\n-\n338,100\n-\n-\n-\n(338,100)\n-\n-\n\xa0반기말금액\n33,718,285\n9,566,041\n4,089,972\n16,476,791\n118,510\n454,591\n1,876,936\n426,904\n756,194\n67,484,224\nII. 감가상각누계액과 손상차손누계액\n\xa0기초금액\n-\n3,680,721\n3,482,233\n8,202,114\n101,911\n450,972\n1,688,378\n-\n109,716\n17,716,045\n\xa0처분및폐기\n-\n-\n(1,499)\n-\n-\n-\n-\n-\n-\n(1,499)\n\xa0감가상각비\n-\n157,782\n27,062\n407,304\n5,968\n1,334\n23,967\n\u3000-\n79,542\n702,959\n\xa0반기말금액\n-\n3,838,503\n3,507,796\n8,609,418\n107,879\n452,306\n1,712,345\n-\n189,258\n18,417,505\nlll. 국고보조금\n\xa0기초금액\n-\n-\n-\n-\n-\n-\n15,053\n-\n-\n15,053\n\xa0취득\n-\n-\n-\n-\n-\n-\n6,968\n-\n-\n6,968\n\xa0감가상각비 차감\n-\n-\n-\n-\n-\n-\n(1,719)\n-\n-\n(1,719)\n\xa0반기말금액\n-\n-\n-\n-\n-\n-\n20,302\n-\n-\n20,302\nlV. 장부금액(III = I - II - lll)\n\xa0기초금액\n33,718,285\n5,885,320\n560,694\n7,814,861\n16,599\n3,619\n157,421\n338,100\n196,434\n48,691,333\n\xa0반기말금액\n33,718,285\n5,727,538\n582,176\n7,867,373\n10,631\n2,285\n144,289\n426,904\n566,936\n49,046,417\n<전기>\n(단위: 천원)\n구 분\n토지\n건물\n구축물\n기계장치\n차량운반구\n공구와기구\n집기비품\n건설중인자산\n사용권자산\n합 \xa0계\nI. 취득원가 또는 평가금액\n\xa0기초금액\n33,718,285\n8,659,249\n4,042,927\n15,499,175\n123,758\n454,591\n1,748,721\n274,200\n552,503\n65,073,409\n\xa0취득\n-\n645,792\n-\n504,600\n-\n-\n121,231\n338,100\n123,869\n1,733,592\n\xa0처분및폐기\n-\n-\n-\n-\n(5,248)\n-\n(9,100)\n-\n(370,222)\n(384,570)\n\xa0대체\n-\n261,000\n-\n13,200\n-\n-\n-\n(274,200)\n-\n-\n\xa0기말금액\n33,718,285\n9,566,041\n4,042,927\n16,016,975\n118,510\n454,591\n1,860,852\n338,100\n306,150\n66,422,431\nII. 감가상각누계액과 손상차손누계액\n\xa0기초금액\n-\n3,376,584\n3,429,263\n7,408,607\n93,293\n446,381\n1,662,789\n-\n267,994\n16,684,911\n\xa0처분및폐기\n-\n-\n-\n-\n(5,247)\n-\n(9,098)\n-\n(367,184)\n(381,529)\n\xa0감가상각비\n-\n304,137\n52,970\n793,507\n13,865\n4,591\n34,687\n-\n208,906\n1,412,663\n\xa0기말금액\n-\n3,680,721\n3,482,233\n8,202,114\n101,911\n450,972\n1,688,378\n-\n109,716\n17,716,045\nlll. 국고보조금\n\xa0기초금액\n-\n-\n-\n-\n-\n-\n-\n-\n-\n-\n\xa0취득\n-\n-\n-\n-\n-\n-\n16,038\n-\n-\n16,038\n\xa0감가상각비 차감\n-\n-\n-\n-\n-\n-\n(985)\n-\n-\n(985)\n\xa0기말금액\n-\n-\n-\n-\n-\n-\n15,053\n-\n-\n15,053\nlV. 장부금액(III = I - II - lll)\n\xa0기초금액\n33,718,285\n5,282,665\n613,664\n8,090,568\n30,465\n8,210\n85,932\n274,200\n284,509\n48,388,498\n\xa0기말금액\n33,718,285\n5,885,320\n560,694\n7,814,861\n16,599\n3,619\n157,421\n338,100\n196,434\n48,691,333\n(3) 유형자산의 취득과 관련된 차입금에서 발생된 차입원가로서 유형자산의 취득원가로 포함된 금액은 없습니다.\n(4) 담보제공 유형자산당반기말 현재 차입금 등 금융거래와 관련하여 회사 소유의 유형자산을 담보로 제공하고 있는 바, 그 내용은 다음과 같습니다.\n(단위: 천원)\n구 분\n설정권자\xa0\n설정금액\n관련차입금액\n비 고\n울산공장 토지및건물\nNH농협은행\n27,000,000\n19,700,000\n단기차입금\n우리은행\n21,700,000\n9,060,759\n외화단기차입금\n합 계\n\u3000\n48,700,000\n28,760,759\n\u3000\n13. 무형자산(1) 무형자산 장부금액의 변동내역은 다음과 같습니다.\n<당반기말>\n\xa0(단위: 천원)\n구분\n취득원가\n감가상각누계액\n손상차손누계액\n장부금액\n산업재산권\n87,774\n(86,400)\n-\n1,374\n회원권\n386,606\n-\n(180,472)\n206,134\n건설중인자산\n324\n-\n-\n324\n합계\n474,704\n(86,400)\n(180,472)\n207,832\n<전기말>\n\xa0(단위: 천원)\n구분\n취득원가\n감가상각누계액\n손상차손누계액\n장부금액\n산업재산권\n87,778\n(86,130)\n-\n1,648\n회원권\n386,606\n-\n(183,972)\n202,634\n합계\n474,384\n(86,130)\n(183,972)\n204,282\n(2) 무형자산 장부금액의 변동내역은 다음과 같습니다.\n<당반기>\n\xa0(단위: 천원)\n구 분\n산업재산권\n회원권 등\n건설중인자산\n합 계\nI. 취득원가\n\xa0 기초금액\n87,778\n386,606\n-\n474,384\n\xa0 취득\n320\n-\n-\n320\n\xa0 대체\n(324)\n-\n324\n-\n\xa0 반기말금액\n87,774\n386,606\n324\n474,704\nII. 상각누계액과 손상차손누계액\n\xa0 기초금액\n86,130\n183,972\n-\n270,102\n\xa0 대체\n(43)\n-\n-\n(43)\n\xa0 무형자산상각비\n313\n-\n-\n313\n\xa0 무형자산손상차손환입\n-\n(3,500)\n-\n(3,500)\n\xa0 반기말금액\n86,400\n180,472\n-\n266,872\nIII. 장부금액(III = I - II)\n\xa0 기초금액\n1,648\n202,634\n-\n204,282\n\xa0 반기말금액\n1,374\n206,134\n324\n207,832\n<전기>\n\xa0(단위: 천원)\n구 분\n산업재산권\n회원권 등\n합 계\nI. 취득원가\n\xa0 기초금액\n87,292\n394,606\n481,898\n\xa0 취득\n486\n-\n486\n\xa0 처분\n-\n(8,000)\n(8,000)\n\xa0 기말금액\n87,778\n386,606\n474,384\nII. 상각누계액과 손상차손누계액\n\xa0 기초금액\n85,122\n209,297\n294,419\n\xa0 처분\n-\n(2,200)\n(2,200)\n\xa0 무형자산상각비\n1,008\n-\n1,008\n\xa0 무형자산손상차손환입\n-\n(23,125)\n(23,125)\n\xa0 기말금액\n86,130\n183,972\n270,102\nIII. 장부금액(III = I - II)\n\xa0 기초금액\n2,170\n185,309\n187,479\n\xa0 기말금액\n1,648\n202,634\n204,282\n(3) 비한정 내용연수의 무형자산 손상\n회사는 비한정 내용연수를 가진 무형자산인 회원권에 대하여 손상검사를 수행하였으며, 당반기 중 인식한 무형자산손상차손환입액은 3,500천원이며, 전기 중 인식한 무형자산손상환입액은 23,125천원입니다.\n14. 리스회사가 리스이용자인 경우의 리스에 대한 정보는 다음과 같습니다.\n(1) 재무상태표에 인식된 금액\n리스와 관련해 재무상태표에 인식된 금액은 다음과 같습니다.\n(단위: 천원)\n구 분\n당반기말\n전기말\n사용권자산(*)\n\xa0 임차권\n46,915\n73,319\n\xa0 차량운반구\n520,021\n123,115\n합 \xa0계\n566,936\n196,434\n(*) 재무상태표의 유형자산 항목에 포함되어 표시되었습니다.(*) 당반기 중 증가된 사용권자산은 450,044천원입니다.\n(단위: 천원)\n구 분\n당반기말\n전기말\n리스부채\n\xa0 유동\n205,000\n103,392\n\xa0 비유동\n365,637\n94,029\n합 \xa0계\n570,637\n197,421\n(2) 손익계산서에 인식된 금액\n리스와 관련해서 손익계산서에 인식된 금액은 다음과 같습니다.\n(단위: 천원)\n구 분\n당반기\n전반기\n사용권자산의 감가상각비\n\xa0 임차권\n26,404\n24,976\n\xa0 차량운반구\n53,138\n78,631\n합계\n79,542\n103,607\n리스부채에 대한 이자비용(금융원가에 포함)\n5,883\n3,601\n리스자산 및 부채에 대한 처분수익(영업외수익에 포함)\n-\n115\n단기리스료(매출원가 및 관리비에 포함)\n32,796\n68\n당반기 중 리스의 총 현금유출은 115,507천원입니다.(3) 리스부채의 내역은 다음과 같습니다.\n\xa0 (단위: 천원)\n구분\n당반기말\n전기말\n최소리스료\n최소리스료의\xa0\n현재가치\n최소리스료\n최소리스료의 현재가치\n1년 이내\n220,166\n205,000\n107,126\n103,392\n1년 초과 5년 이내\n383,142\n365,637\n95,750\n94,029\n합계\n603,308\n570,637\n202,876\n197,421\n(4) 사용권자산 장부금액의 변동내역은 다음과 같습니다.\n\xa0 (단위: 천원)\n구 분\n당 반 기\n전 기\n기초장부금액\n196,434\n284,509\n취득\n450,044\n123,869\n처분\n-\n(3,038)\n감가상각\n(79,542)\n(208,906)\n기말장부금액\n566,936\n196,434\n(5) 리스부채의 변동내역은 다음과 같습니다.\n\xa0 (단위: 천원)\n구 분\n당 반 기\n전 기\n기초장부금액\n197,421\n288,169\n증가\n450,044\n121,415\n감소\n-\n(3,152)\n이자비용\n5,884\n6,826\n지급\n(82,712)\n(215,837)\n기말장부금액\n570,637\n197,421\n15. 매입채무및기타채무매입채무및기타채무의 내역은 다음과 같습니다.\n\xa0 (단위: 천원)\n구 분\n당반기말\n전기말\n매입채무\n6,600,129\n9,609,917\n미지급금\n8,062,265\n1,980,641\n합 계\n14,662,394\n11,590,558\n16. 장ㆍ단기차입금(1) 단기차입금의 내역은 다음과 같습니다.\n\xa0 (단위: 천원)\n구 분\n내 역\n차입처\n당반기말 이자율\n당반기말\n전기말\n원화차입금\n일반대출(주1)\nNH농협은행\n3.00%\n19,700,000\n6,500,000\n당좌대출\n신한은행\n-\n-\n2,062,355\n전자방식외담대\nNH농협은행\n3.05%~3.06%\n9,730,000\n-\n외화차입금\n수입금융 등\n우리은행 외\n1.04%~3.48%\n23,312,461\n16,636,335\n합 계\n\u3000\n\u3000\n\u3000\n52,742,461\n25,198,690\n(주1) 회사는 당반기 중 농림축산식품부가 실시하는 \'무기질비료 원료구입자금 지원사업’의 대상자로 선정되어 차입금 19,700,000천원에 대한 2022년 12월 31까지의 발생 이자를 전액 지원받게 되었습니다. 회사는 당반기 발생이자를 이자비용으로 계상하고, 동 금액을 국고보조금수익으로 인식하였습니다. (주석33참조)\n(2) 위 단기차입금과 관련하여 회사의 유형자산이 담보로 제공되어 있습니다.\n17. 기타부채기타부채의 내역은 다음과 같습니다.\n\xa0 (단위: 천원)\n구 분\n당반기말\n전기말\n유동\n비유동\n유동\n비유동\n미지급비용(주1)\n124,137\n27,487\n62,052\n33,698\n기타충당부채(주2)\n-\n470,182\n-\n490,115\n선수금\n162,746\n-\n131,761\n-\n선수수익(주3)\n36,576\n-\n20,200\n-\n예수금\n18,302\n-\n17,044\n-\n환불부채\n1,151,230\n-\n964,884\n-\n합 계\n1,492,991\n497,669\n1,195,941\n523,813\n(주1) 회사는 장기간 근속한 직원들에 대하여 장기종업원 인센티브를 부여하였는바, 향후 지급이 예상되는 금액의 경과기간 해당분을 장기미지급비용으로 계상하고 있으며, 지급이확정된 금액은 장기미지급비용에서 제외하고 있습니다. 당반기말 현재 비유동 미지급비용은 전액 장기종업원채무로서, 그 변동내역은 다음과 같습니다.\n\xa0 (단위: 천원)\n구 분\n당 반 기\n전 기\n기초금액\n33,698\n38,681\n설정액\n(6,211)\n1,017\n사용액\n-\n(6,000)\n기말금액\n27,487\n33,698\n(주2) 회사는 회사와 관련된 소송에 대하여 지불할 것으로 예상되는 배상액을 기타충당부채로 계상하였습니다(주석34 참조).\n(주3) 회사는 당반기와 전기 중 울산시 화학연구원과의 기술협력사업 협약서에 의하여 정부보조금 116,250천원을 수령하였으며, 이 중 당반기말 미 사용액 36,576천원을 선수수익으로 인식하였습니다.(주석33 참조)\n18. 장기매입채무및기타채무장기매입채무및기타채무의 내역은 다음과 같습니다.\n\xa0 (단위: 천원)\n구 분\n당반기말\n전기말\n수입보증금\n877,000\n807,000\n장기미지급금(주1)\n10,397\n4,952\n합 계\n887,397\n811,952\n(주1) 회사는 당반기 중 울산시 화학연구원과의 기술협력사업 협약서에 의하여 사업성공시 반환할 보조금을 장기미지급금으로 전액 인식하고 있습니다.(주석33 참조)\n19. 확정급여부채\n회사는 종업원을 위한 퇴직급여제도로 확정급여제도를 운영하고 있으며, 확정급여부채의 보험수리적 평가는 적격하고 독립적인 보험계리인에 의해서 예측단위적립방식을 사용하여 수행되었습니다.\n(1) 확정급여부채는 다음과 같습니다.\n\xa0 (단위: 천원)\n구 분\n당반기말\n전기말\n기말 확정급여채무의 현재가치\n5,998,266\n5,606,682\n기말 사외적립자산의 공정가치\n(76,759)\n(81,853)\n재무상태표에 인식한 확정급여부채\n5,921,507\n5,524,829\n(2) 확정급여채무의 변동은 다음과 같습니다.\n\xa0 (단위: 천원)\n구 분\n당 반 기\n전 기\n기초 확정급여채무의 현재가치\n5,606,682\n5,566,737\n당기근무원가\n265,945\n537,503\n이자원가\n65,940\n103,201\n총급여지급액\n(1,012,486)\n(460,372)\n보험수리적 손익(법인세효과 반영전)\n1,072,185\n(140,387)\n기말 확정급여채무의 현재가치\n5,998,266\n5,606,682\n(3) 사외적립자산의 공정가치 변동은 다음과 같습니다.\n\xa0 (단위: 천원)\n구 분\n당 반 기\n전 기\n기초 사외적립자산의 공정가치\n81,853\n87,458\n사외적립자산의 기대수익\n992\n1,622\n보험수리적 손익(법인세효과 반영전)\n(213)\n(524)\n퇴직급여지급액\n(5,873)\n(6,703)\n기말 사외적립자산의 공정가치\n76,759\n81,853\n(4) 포괄손익계산서에 반영된 금액은 다음과 같습니다.\n\xa0 (단위: 천원)\n구 분\n당 반 기\n전 반 기\n당기근무원가\n265,945\n268,751\n이자원가\n65,940\n51,600\n사외적립자산의기대수익\n(992)\n(811)\n보험수리적손익\n836,471\n149,123\n합 계\n1,167,364\n468,663\n(5) 기타포괄손익으로 인식되는 재측정요소는 다음과 같습니다.\n\xa0 (단위: 천원)\n구 분\n당 반 기\n전 반 기\n법인세차감전 재측정요소\n1,072,398\n191,183\n법인세효과\n(235,927)\n(42,060)\n법인세차감후 재측정요소\n836,471\n149,123\n(6) 사외적립자산의 구성내역별 공정가치는 다음과 같습니다.\n\xa0 (단위: 천원)\n구 분\n당반기말\n전기말\n채권 등\n76,759\n81,853\n(7) 적용된 주요 보험수리적가정은 다음과 같습니다.\n\u3000구 분\n당반기말\n전기말\n할인율\n4.18%\n2.55%\n사외적립자산의 기대수익률\n4.18%\n2.55%\n미래기대임금상승률\n3.28%\n3.27%\n보험수리적 가정은 시장상황의 변동 및 경제동향, 사망률 추세 등 실제상황의 변화와 상당히 다를 수 있습니다. 이러한 가정의 변화는 향후 확정급여부채 및 미래에 지급해야 할 퇴직급여에 영향을 미칠 수 있습니다. 회사는 이러한 보험수리적가정의 변화에 따른 손익을 전액 기타포괄손익으로 처리하고 있습니다.\n(7) 주요 가정의 변동에 따른 확정급여채무의 민감도 분석\n구 분\n주요 가정의 변동\n부채금액의 변동\n당반기말\n전기말\n할인율\n(+)1.0%\n6.9%감소\n5.8%감소\n(-)1.0%\n7.9%증가\n6.5%증가\n임금상승율\n(+)1.0%\n8.0%증가\n6.5%증가\n(-)1.0%\n7.1%감소\n5.9%감소\n20. 충당부채충당부채의 내역은 다음과 같습니다.\r\n\xa0 (단위: 천원)\n구분\n당반기\n전기\n소송배상 충당부채\n소송배상 충당부채\n충당부채변동내용 :\xa0\n\xa0 기초\n490,115\n502,367\n\xa0 설정\n-\n-\n\xa0 사용\n(19,933)\n(12,252)\n기말\n470,182\n490,115\n회사는 소송에 대하여 지불할 것으로 예상되는 배상액을 기타충당부채로 계상하였습니다. (주석 34 참조)\n21. 자본금\n자본금의 내역은 다음과 같습니다.\n구 분\n당반기말\n전기말\n\xa0 발행할주식의 총수\n10,000,000 주\n10,000,000 주\n\xa0 1주의 금액\n보 \xa0통 \xa0주\n5,000 원\n5,000 원\n우 \xa0선 \xa0주\n5,000 원\n5,000 원\n\xa0 발행한 주식의 수\n보 \xa0통 \xa0주\n\xa05,192,239 주\xa0\n\xa05,192,239 주\xa0\n우 \xa0선 \xa0주\n- 주\n- 주\n\xa0 자본금\n25,961,195,000 원\n25,961,195,000 원\n22. 자본잉여금자본잉여금의 내역은 다음과 같습니다.\n\xa0 (단위: 천원)\n구 분\n당반기말\n전기말\n주식발행초과금\n17,009,019\n17,009,019\n감자차익\n5,151,799\n5,151,799\n합 계\n22,160,818\n22,160,818\n23. 기타자본구성요소(1) 기타자본구성요소의 내역은 다음과 같습니다.\n\xa0 (단위: 천원)\n\u3000구 분\n당반기말\n전기말\n<자본조정>\n\u3000\n\xa0 \xa0자기주식\n(3,005)\n(3,005)\n<포괄손익누계액>\n\u3000\n\xa0 \xa0기타포괄손익_공정가치측정 금융자산 평가손익\n116,120\n116,120\n\xa0 \xa0보험수리적손익\n(1,391,464)\n(554,994)\n합 계\n(1,278,349)\n(441,879)\n(2) 기타포괄손익누계액의 내용은 다음과 같습니다.\n\xa0(단위: 천원)\n구분\n당반기말\n전기말\n기타포괄손익-공정가치측정 지분상품 평가손익\n116,120\n116,120\n순확정급여부채(자산) 채측정요소\n(1,391,464)\n(554,994)\n합 계\n(1,275,344)\n(438,874)\n(3) 기타포괄손익누계액의 변동내용은 다음과 같습니다.\n<당반기>\n\xa0(단위: 천원)\n구분\n기초\n증감\n법인세 효과\n기말\n기타포괄손익-공정가치측정 지분상품 평가손익\n116,120\xa0\n-\xa0\n-\xa0\n116,120\xa0\n순확정급여부채(자산) 채측정요소\n(554,994)\n(1,072,398)\n235,927\xa0\n(1,391,464)\n<전기>\n\xa0(단위: 천원)\n구분\n기초\n증감\n법인세 효과\n기말\n기타포괄손익-공정가치측정 지분상품 평가손익\n21,740\xa0\n121,000\xa0\n(26,620)\n116,120\xa0\n순확정급여부채(자산) 채측정요소\n(664,086)\n139,863\xa0\n(30,771)\n(554,994)\n24. 이익잉여금이익잉여금의 내역은 다음과 같습니다.\n\xa0 (단위: 천원)\n구 분\n당반기말\n전기말\n처분전이익잉여금\n15,128,182\n5,577,569\n25. 매출액 및 매출원가 (1) 매출액의 상세내역은 다음과 같습니다.\n\xa0 (단위: 천원)\n구 분\n당 반 기\n전 반 기\n3개월\n누적\n3개월\n누적\n제품매출액\n41,493,386\n76,761,238\n32,798,037\n47,305,231\n상품매출액\n2,729,472\n4,997,992\n2,552,703\n6,005,724\n기타매출액\n13,245,484\n19,394,930\n1,284,929\n3,123,778\n합 계\n57,468,342\n101,154,160\n36,635,669\n56,434,733\n(2) 매출원가의 내용은 다음과 같습니다.\n\xa0 (단위: 천원)\n구분\n당 반 기\n전 반 기\n3개월\n누적\n3개월\n누적\n<제품매출원가>\n\u3000\n\u3000\n\u3000\n\u3000\n\xa0 \xa0기초제품\n17,428,088\n17,068,886\n20,307,950\n18,887,283\n\xa0 \xa0당기제품제조원가\n29,317,648\n53,461,065\n16,780,708\n29,141,488\n\xa0 \xa0기말재고액\n(13,679,523)\n(13,679,523)\n(11,028,466)\n(11,028,466)\n\xa0 \xa0기타증감액\n(361,347)\n(1,083,723)\n(1,112,554)\n(1,311,192)\n\xa0 \xa0제품매출원가\n32,704,866\n55,766,705\n24,947,638\n35,689,113\n<상품매출원가>\n\xa0 \xa0기초제품\n3,919,339\n2,987,478\n4,507,059\n3,342,778\n\xa0 \xa0당기상품매입원가\n579,554\n3,003,040\n301,500\n3,798,797\n\xa0 \xa0기말재고액\n(2,484,508)\n(2,484,508)\n(3,071,045)\n(3,071,045)\n\xa0 \xa0기타증감액\n(101,730)\n(151,802)\n(17,065)\n61,705\n\xa0 \xa0상품매출원가\n1,912,655\n3,354,208\n1,720,449\n4,132,235\n<기타매출원가>\n\xa0 \xa0원재료매출원가\n12,188,806\n17,141,683\n1,250,225\n2,703,966\n합 계\n46,806,327\n76,262,596\n27,918,312\n42,525,314\n26. 판매비와 관리비판매비와 관리비의 상세내역은 다음과 같습니다.\xa0\n\xa0 (단위: 천원)\n구 분\n당 반 기\n전 반 기\n3개월\n누적\n3개월\n누적\n급여\n675,248\n1,279,332\n593,564\n1,226,723\n퇴직급여\n66,077\n131,388\n59,962\n128,122\n복리후생비\n63,396\n138,825\n63,263\n135,074\n여비교통비\n40,940\n75,783\n39,042\n79,893\n세금과공과\n32,590\n60,205\n26,435\n54,257\n감가상각비\n57,118\n87,746\n53,932\n108,006\n무형자산상각비\n85\n314\n252\n516\n수선비\n708\n1,338\n5\n445\n소모품비\n6,783\n50,211\n3,312\n53,904\n경상연구개발비\n29,798\n51,136\n(170)\n35,400\n운반보관비\n1,557,978\n2,824,599\n1,641,355\n2,628,916\n지급수수료\n177,439\n412,864\n115,424\n217,815\n지급임차료\n172,233\n323,404\n197,988\n298,876\n판매수수료\n2,945,268\n4,800,075\n3,000,834\n4,340,683\n대손상각비\n(52,971)\n(68,327)\n(45,165)\n(72,039)\n기타판매비와관리비\n521,844\n786,930\n338,265\n556,805\n합 계\n6,294,534\n10,955,823\n6,088,298\n9,793,396\n27. 비용의 성격별 분류\n비용의 성격별 분류는 다음과 같습니다.\n\xa0 (단위: 천원)\n구 분\n당 반 기\n전 반 기\n3개월\n누적\n3개월\n누적\n급여 등\n1,924,724\n3,661,696\n1,696,145\n3,336,959\n복리후생비\n191,021\n381,644\n184,751\n374,702\n전력비\n275,385\n542,681\n248,134\n498,054\n연료비\n493,246\n1,083,796\n275,522\n570,554\n수선비\n5,010\n14,682\n3,216\n5,614\n소모품비\n259,186\n496,863\n183,170\n376,772\n감가상각비\n363,785\n699,775\n349,266\n691,082\n세금과공과\n155,008\n192,494\n139,403\n180,194\n지급임차료\n252,614\n501,002\n299,520\n532,736\n지급수수료\n501,505\n1,067,852\n496,078\n912,998\n대손상각비\n(52,971)\n(68,327)\n(45,165)\n(72,039)\n운반보관비\n1,577,605\n2,874,178\n1,667,923\n2,663,907\n판매수수료\n2,945,268\n4,800,075\n3,000,834\n4,340,683\n기타비용\n658,011\n1,031,566\n426,258\n764,585\n원재료 사용액 및 상품 매입액\n37,778,216\n66,823,800\n14,418,994\n29,873,051\n재고자산의 변동 등\n5,773,248\n3,114,642\n10,662,560\n7,268,858\n합 계(주1)\n53,100,861\n87,218,419\n34,006,609\n52,318,710\n(주1) 손익계산서의 매출원가 및 판매비와관리비를 합한 금액입니다.\n28. 금융수익과 금융비용(1) 금융수익과 금융비용의 내역은 다음과 같습니다.\xa0\n\xa0 (단위: 천원)\n계정과목\n내 역\n당 반 기\n전 반 기\n3개월\n누적\n3개월\n누적\n금융수익\n이자수익\n18,202\n18,625\n593\n1,099\n외환차익(금융)\n88,183\n306,122\n97,370\n154,972\n외화환산이익(금융)\n(56,687)\n8,335\n(5,105)\n90,133\n합 계\n49,698\n333,082\n92,858\n246,204\n금융비용\n이자비용\n393,444\n559,320\n154,416\n255,693\n외환차손(금융)\n927,629\n1,379,859\n242,119\n361,855\n외화환산손실(금융)\n754,881\n1,270,440\n(103,089)\n211,044\n합 계\n2,075,954\n3,209,619\n293,446\n828,592\n(2) 금융수익의 상세내역은 다음과 같습니다.\n\xa0 (단위: 천원)\n구분\n당 반 기\n전 반 기\n3개월\n누적\n3개월\n누적\n금융수익-유효이자율법에 따른 이자수익\n\u3000\n\u3000\n\xa0 상각후원가금융자산 이자수익\n18,202\n18,625\n593\n1,099\n금융수익-기타\n\xa0 상각후원가금융부채 외환차익\n88,183\n306,122\n97,370\n154,972\n\xa0 상각후원가금융자산 외화환산이익\n-\n-\n(4,287)\n41,034\n\xa0 상각후원가금융부채 외화환산이익\n(56,687)\n8,335\n(818)\n49,099\n(3) 금융비용의 상세내역은 다음과 같습니다.\n\xa0 (단위: 천원)\n구분\n당 반 기\n전 반 기\n3개월\n누적\n3개월\n누적\n이자비용\n393,444\n559,320\n154,416\n255,693\n금융비용-기타\n\u3000\n\xa0 상각후원가금융부채 외환차손\n927,629\n1,379,859\n242,119\n361,855\n\xa0 상각후원가금융자산 외화환산손실\n(40,410)\n99,341\n-\n-\n\xa0 상각후원가금융부채 외화환산손실\n795,291\n1,171,099\n(103,089)\n211,044\n29. 기타영업외수익과 기타영업외비용기타영업외수익과 기타영업외비용의 상세내역은 다음과 같습니다.\n\xa0 (단위: 천원)\n계정과목\n내 역\n당 반 기\n전 반 기\n3개월\n누적\n3개월\n누적\n기타영업외수익\n외환차익(비금융)\n270,659\n283,247\n124,563\n128,928\n외화환산이익(비금융)\n(6,354)\n128,155\n(58,873)\n54,521\n임대료수익\n3,226\n5,116\n1,890\n3,780\n유형자산처분이익\n6,961\n6,961\n115\n115\n무형자산처분이익\n-\n-\n-\n2,200\n무형자산손상차손환입\n3,500\n3,500\n25,625\n25,625\n보조금수익\n69,625\n69,625\n-\n-\n잡이익\n76,044\n413,756\n22,127\n335,214\n합 계\n423,661\n910,360\n115,447\n550,383\n기타영업외비용\n외환차손(비금융)\n42,563\n254,943\n50,128\n50,372\n외화환산손실(비금융)\n1,188\n2,611\n3,446\n3,446\n잡손실\n41,582\n200,178\n2,669\n3,926\n합 계\n85,333\n457,732\n56,243\n57,744\n30. 법인세비용\n(1) 법인세비용의 구성요소는 다음과 같습니다.\n\xa0 (단위: 천원)\n구 분\n당 반 기\n전 반 기\n법인세부담액\n1,843,150\n408,574\n\xa0 일시적차이로 인한 이연법인세 변동\n(139,795)\n-\n\xa0 자본에 직접 반영된 법인세비용\n235,927\n42,060\n\xa0 법인세추납액(환급액) 등\n21,936\n7,872\n법인세비용\n1,961,218\n458,506\n(2) 자본에 직접 반영된 법인세비용은 다음과 같습니다.\n\xa0 (단위: 천원)\n구 분\n당 반 기\n전 반 기\n보험수리적손익\n235,927\n42,060\n합 계\n235,927\n42,060\n(3) 법인세비용과 회계이익의 관계는 다음과 같습니다.\n\xa0 (단위: 천원)\n구 분\n당 반 기\n전 반 기\n법인세비용차감전순이익\n11,511,831\n4,026,275\n적용세율에 따른 법인세\n2,510,603\n863,781\n조정사항\n(549,385)\n(405,275)\n\xa0 - 비공제비용\n2,852\n66\n\xa0 - 이연법인세자산(부채) 미인식 효과\n707,575\n148,526\n\xa0 - 이월결손금의 사용\n(1,483,363)\n(645,860)\n\xa0 - 기타(세율차이 등)\n223,551\n91,993\n법인세비용\n1,961,218\n458,506\n유효세율\n17.04%\n11.39%\n(4) 일시적차이 및 세무상이월결손금의 변동내역은 다음과 같습니다.\n<당반기>\n(단위: 천원)\n구 분\n계정과목\n기초금액\n증 가\n감 소\n기말금액\n일시적차이\n대손충당금\n1,209,102\n1,135,351\n1,209,102\n1,135,351\n제품평가손실충당금\n1,267,814\n-\n557,523\n710,291\n재고자산평가손실\n381,145\n109,293\n-\n490,438\n감가상각비(건물등)\n768,044\n48,436\n33,145\n783,335\n감가상각비(44기건물)\n(139,818)\n-\n-\n(139,818)\n감가상각비(기계장치외)\n(446,370)\n-\n-\n(446,370)\n무형자산손상차손\n183,972\n-\n3,500\n180,472\n퇴직급여채무\n5,606,682\n688,806\n297,222\n5,998,266\n퇴직보험료\n(81,853)\n(779)\n(5,873)\n(76,759)\n연월차미지급금\n126,739\n176,793\n126,739\n176,793\n미지급비용(장기종업원채무)\n33,698\n-\n6,211\n27,487\n미지급금(판매장려금)\n82,436\n553,290\n82,436\n553,290\n미지급금(기타장려금)\n-\n2,928,655\n-\n2,928,655\n미지급금(시료)\n-\n333,521\n-\n333,521\n미지급비용(판매수수료)\n-\n13,030\n-\n13,030\n반품충당부채\n127,262\n313,954\n127,262\n313,954\n미지급비용(손해배상금)\n490,115\n-\n19,933\n470,182\n토지재평가차액\n(32,298,288)\n-\n-\n(32,298,288)\n매출할인추정비용\n-\n4,659\n-\n4,659\n사용권자산\n(306,150)\n(756,194)\n(306,150)\n(756,194)\n사용권자산(상각부인액)\n109,716\n189,258\n109,716\n189,258\n리스부채\n197,421\n570,637\n197,421\n570,637\n보증금(사용권자산현재가치할인차금)\n-\n1,158\n-\n1,158\n매도가능금융자산손상차손\n160,000\n-\n-\n160,000\n매도가능금융자산(평가이익)\n(354,000)\n-\n-\n(354,000)\n소 계\n(22,882,333)\n6,309,868\n2,458,187\n(19,030,652)\n세무상이월결손금\n14,921,772\n-\n14,921,772\n-\n합 계\n(7,960,561)\n6,309,868\n17,379,959\n(19,030,652)\n법인세효과\n(1,751,324)\n1,623,351\n4,058,770\n(4,186,743)\n이연법인세자산(부채)\n(1,751,324)\n1,623,351\n4,058,770\n(4,186,743)\n인식한 이연법인세자산(부채)\n(5,459,990)\n-\n-\n(5,320,195)\n미인식한 이연법인세자산(부채)\n3,708,666\n-\n-\n1,133,452\n회사의 당반기말 현재 일시적차이의 법인세효과는 당해 일시적차이가 소멸되는 회계연도의 미래 예상세율을 적용하여 산정하였으며, 차기이후 발생할 예상 과세소득과 가산할 일시적차이(토지재평가차액 관련 가산할일시적차이 제외)를 한도로 차감할일시적차이에 대한 법인세 효과를 인식하였습니다.\n<전기>\n(단위: 천원)\n구 분\n계정과목\n기초금액\n증 가\n감 소\n기말금액\n일시적차이\n대손충당금\n1,375,840\n1,209,102\n1,375,840\n1,209,102\n제품평가손실충당금\n1,103,156\n164,658\n-\n1,267,814\n재고자산평가손실\n671,905\n-\n290,760\n381,145\n감가상각비(건물등)\n862,639\n168,039\n262,634\n768,044\n감가상각비(44기건물)\n(139,818)\n-\n-\n(139,818)\n감가상각비(기계장치외)\n(446,370)\n-\n-\n(446,370)\n무형자산손상차손\n209,298\n(25,326)\n-\n183,972\n퇴직급여채무\n5,566,738\n460,371\n420,427\n5,606,682\n퇴직보험료\n(87,458)\n(1,098)\n(6,703)\n(81,853)\n연월차미지급금\n297,564\n126,739\n297,564\n126,739\n미지급비용(장기종업원채무)\n38,730\n33,698\n38,730\n33,698\n미지급금(판매장려금)\n(15,842)\n98,278\n-\n82,436\n반품충당부채\n189,083\n(61,821)\n-\n127,262\n미지급비용(손해배상금)\n582,121\n-\n92,006\n490,115\n토지재평가차액\n(32,298,288)\n-\n-\n(32,298,288)\n사용권자산\n-\n(306,150)\n-\n(306,150)\n기타(사용권자산(상각부인액))\n-\n109,716\n-\n109,716\n리스부채\n-\n197,421\n-\n197,421\n매도가능금융자산손상차손\n160,000\n-\n-\n160,000\n매도가능금융자산(평가이익)\n(233,000)\n(121,000)\n-\n(354,000)\n소 계\n(22,163,702)\n2,052,627\n2,771,258\n(22,882,333)\n세무상이월결손금\n25,172,671\n-\n10,250,899\n14,921,772\n합 계\n3,008,969\n2,052,627\n13,022,157\n(7,960,561)\n법인세효과\n661,974\n942,361\n3,355,659\n(1,751,324)\n이연법인세자산(부채)\n661,974\n942,361\n3,355,659\n(1,751,324)\n인식한 이연법인세자산(부채)\n(5,275,588)\n-\n-\n(5,459,990)\n미인식한 이연법인세자산(부채)\n5,937,562\n-\n-\n3,708,666\n(5) 당반기말 현재 이연법인세자산으로 인식하지 않은 세무상이월결손금은 없습니다.\n31. 주당이익\n(1) 기본주당이익\n\xa0 (단위: 원, 주)\n구 분\n당 반 기\n전 반 기\n3개월\n누적\n3개월\n누적\n보통주 당기순이익\n1,311,074,893\n9,550,613,736\n2,127,077,485\n3,567,768,553\n가중평균유통보통주식수(주1)\n5,191,828\n5,191,828\n5,191,828\n5,191,828\n기본주당이익\n253\n1,840\n410\n687\n(주1) 가중평균유통보통주식수\xa0\n<당반기>\n(단위: 주)\n구 \xa0분\n3개월\n누적\n발행주식수\n가중치\n적수\n발행주식수\n가중치\n적수\n기초보통주식수\n5,192,239\n91\n472,493,749\n5,192,239\n181\n939,795,259\n자기주식\n(411)\n91\n(37,401)\n(411)\n181\n(74,391)\n합 계\n5,191,828\n-\n472,456,348\n5,191,828\n-\n939,720,868\n일 수\n\u3000\n\u3000\n91\n\u3000\n\u3000\n181\n가중평균유통보통주식수\n\u3000\n\u3000\n5,191,828\n\u3000\n\u3000\n5,191,828\n<전반기>\n(단위: 주)\n구 \xa0분\n3개월\n누적\n발행주식수\n가중치\n적수\n발행주식수\n가중치\n적수\n기초보통주식수\n5,192,239\n91\n472,493,749\n5,192,239\n181\n939,795,259\n자기주식\n(411)\n91\n(37,401)\n(411)\n181\n(74,391)\n합 계\n5,191,828\n-\n472,456,348\n5,191,828\n-\n939,720,868\n일 수\n\u3000\n\u3000\n91\n\u3000\n\u3000\n181\n가중평균유통보통주식수\n\u3000\n\u3000\n5,191,828\n\u3000\n\u3000\n5,191,828\n(2) 희석주당이익보통주청구가능증권이 없으므로 희석주당순이익은 기본주당순이익과 동일합니다.\n32. 특수관계자\n(1) 당반기말 현재 회사와 특수관계에 있는 기업 등은 다음과 같습니다.\n구 분\n특수관계자\n지배기업\n(주)경농\n기타특수관계(*1)\n(주)리더스케미컬, (주)동오홀딩스, (주)탑프레쉬, 글로벌아그로(주), (주)동오화학, 파인아그로케미칼(주),(주)동오네트웍스, (주)파이오니아, 재단법인 동오농촌재단\n(*1) 회사가 직접적으로 지분을 보유하고 있지 아니하나, 회사의 지배기업 및 지배기업의 대주주가 상기 회사의 대주주 또는 대표이사로서 유의적인 영향력을 행사할 수 있어 기타특수관계자로 분류하였습니다.(*2) 특수관계자였던 (주)동오라이프사이언스가 2022년 3월 29일 부로 청산이 완료되어 특수관계자에서 제외되었습니다.\n(2) 매출 및 매입거래\n<당반기>\n(단위: 천원)\n특수관계자\n\xa0매출 등\xa0\n\xa0매입 등\xa0\n\xa0매출\xa0\n기타 수익\n매출 등 합계\n\xa0원재료 매입\xa0\n\xa0기타 매입\xa0\n\xa0매입 등 합계\xa0\n(주)경농\n19,986\n-\n19,986\n2,125\n307,249\n309,374\n글로벌아그로(주)\n154,348\n3,780\n158,128\n16,500\n51,459\n67,959\n(주)리더스케미컬\n1,164,477\n-\n1,164,477\n721,335\n-\n721,335\n파인아그로케미칼㈜\n43,320\n-\n43,320\n-\n-\n-\n(주)탑프레쉬\n4,742\n-\n4,742\n-\n5,545\n5,545\n합 계\n1,386,873\n3,780\n1,390,653\n739,960\n364,253\n1,104,213\n<전반기>\n(단위: 천원)\n특수관계자\n\xa0매출 등\xa0\n\xa0매입 등\xa0\n\xa0매출\xa0\n기타 수익\n매출 등 합계\n\xa0원재료 매입\xa0\n\xa0기타 매입\xa0\n\xa0매입 등 합계\xa0\n(주)경농\n1,328,139\n-\n1,328,139\n-\n53,773\n53,773\n글로벌아그로(주)\n44,064\n3,780\n47,844\n-\n64,308\n64,308\n(주)리더스케미컬\n416,602\n-\n416,602\n661,153\n-\n661,153\n㈜동오라이프사이언스\n-\n-\n-\n-\n6,200\n6,200\n파인아그로케미칼㈜\n50,616\n-\n50,616\n-\n-\n-\n(주)탑프레쉬\n585\n-\n585\n-\n-\n-\n합 계\n1,840,006\n3,780\n1,843,786\n661,153\n124,281\n785,434\n(3) 상기 특수관계자와의 거래는 제3자와의 거래에서 결정되었을 정상적인 거래조건으로 이루어지고 있습니다.\n(4) 자금거래당반기와 전반기에는 회사와 특수관계자 사이의 자금거래 내역은 없습니다.\n(5) 채권ㆍ채무 잔액\n<당반기말>\n(단위: 천원)\n특수관계자 명칭\n채 권\n\u3000채 무\n매출채권\n임차보증금\n대여금\n기타채권\n채권합계\n매입채무\n기타채무(*1)\n채무합계\n(주)경농\n3,036\n80,725\n-\n-\n83,761\n2,338\n177,605\n179,943\n글로벌아그로(주)\n30,451\n-\n-\n-\n30,451\n-\n6,163\n6,163\n(주)리더스케미컬\n577,165\n-\n-\n-\n577,165\n190,939\n-\n190,939\n파인아그로케미칼㈜\n2,621\n-\n-\n-\n2,621\n-\n-\n-\n합 계\n613,273\n80,725\n-\n-\n693,998\n193,277\n183,768\n377,045\n(*1) 특수관계자와의 리스 거래와 관련하여 당반기말 현재 사용권자산 46,915천원, 리스부채 46,242천원을 인식하였으며, 당반기 중 사용권자산상각비 26,405천원, 이자비용 658천원을 인식하였습니다. 또한, 당반기 중 특수관계자에게 지급한 리스료는 26,082천원입니다.\n<전기말>\n(단위: 천원)\n특수관계자 명칭\n채 권\n\u3000채 무\n매출채권\n임차보증금\n대여금\n기타채권\n채권합계\n매입채무\n기타채무(*1)\n채무합계\n(주)경농\n1,455,168\n80,725\n-\n1,320\n1,537,213\n-\n187,815\n187,815\n글로벌아그로(주)\n-\n-\n-\n-\n-\n-\n13,350\n13,350\n(주)리더스케미컬\n175,378\n-\n-\n-\n175,378\n-\n-\n-\n(주)탑프레쉬\n-\n-\n-\n-\n-\n-\n1,936\n1,936\n합 계\n1,630,546\n80,725\n-\n1,320\n1,712,591\n-\n203,101\n203,101\n(*1) 특수관계자와의 리스 거래와 관련하여 전기말 현재 사용권자산 73,319천원, 리스부채 71,667천원을 인식하였으며, 전기 중 사용권자산상각비 51,450천원, 이자비용 1,080천원을 인식하였습니다. 또한, 전기 중 특수관계자에게 지급한 리스료는 50,376천원입니다.\n(6) 제공받은 지급보증 등\n당반기말 현재 회사의 금융기관 차입약정 등과 관련하여 특수관계자인 대표이사로부터 제공받은 지급보증의 내역은 다음과 같습니다.\n\xa0 (단위: 천원, 1USD)\n보증만료일\xa0\n보증내용\xa0\n금융기관 등\n여신한도액\n보증한도액\n2022.12.30\n당좌대출약정\n신한은행\n4,000,000\n4,800,000\n2023.01.23\n\xa0수입금융약정\xa0\nUSD 4,000,000.00\nUSD 4,800,000.00\n2022.08.23\n\xa0수입금융약정\xa0\nUSD 2,742,000.00\nUSD 3,290,400.00\n합 \xa0 \xa0 계\n4,000,000\n4,800,000\nUSD 6,742,000.00\nUSD 8,090,400.00\n(7) 주요 경영진에 대한 보상회사의 주요 경영진에 대한 보상내역은 다음과 같으며, 주요 경영진에는 회사의 기업활동의 계획ㆍ운영ㆍ통제에 대한 중요한 권한과 책임을 가지고 있는 등기이사 및 비등기 사외이사를 포함하였습니다.\n\xa0 (단위: 천원)\n구 분\n당 반 기\n전 반 기\n단기급여\n192,408\n185,008\n퇴직급여\n42,830\n15,097\n합 계\n235,238\n200,105\n33. 국고보조금(1) 회사는 당반기중 울산시 화학연구원과의 기술협력사업 협약서에 의하여 연구개발과제를 수행하고 있으며, 이와 관련하여 수령한 정부보조금은 이연수익으로 인식하고 있습니다. 국고보조금과 관련한 회계처리는 아래와 같습니다.\n\xa0 (단위: 천원)\n구 분\n당반기말\n전기말\n미수금(연구과제)\n12,457\n6,860\n선수수익(연구과제)\n36,576\n20,200\n장기미지급금(연구과제)\n10,397\n4,952\n(2) 회사는 당반기 중 농림축산식품부가 실시하는 \'무기질비료 원료구입자금 지원사업’의 대상자로 선정되어 차입금 19,700,000천원에 대한 2022년 12월 31까지의 발생 이자를 전액 지원받게 되었습니다. 회사는 당반기 발생이자를 이자비용으로 계상하고, 동 금액을 국고보조금수익으로 인식하였습니다. (주석33참조)\n\xa0 (단위: 천원)\n구분\n당반기말\n전반기말\n대출원금\n19,700,000\n-\n이자율\n3.00%\n-\n이자금액\n69,625\n-\n※ 자세한 사항은 2022.05.17 단기차입금증가결정 공시를 참조하시기 바랍니다.\n34.우발상황 및 약정사항(1) 진행중인 소송사건당반기말 현재 회사가 진행중인 소송사건의 내용은 다음과 같습니다.\n\xa0 (단위: 천원)\n법 원\n원 고\n피 고\n사건명\n소송가액\n진행상황\n서울중앙지방법원\n유덕상 외 4명\n회사 외 12명\n손해배상(기)\n437,910\n1심 진행중\n서울중앙지방법원\n김윤식 외 6명\n회사 외 12명\n손해배상(기)\n427,080\n1심 진행중\n서울중앙지방법원\n구종서 외 1명\n회사 외 12명\n손해배상(기)\n77,160\n1심 진행중\n합 계\n942,150\n당반기말 현재 이와 관련된 진행중인 상기 소송과 관련하여 회사는 법원의 최종판단 결과로 초래될 수도 있는 손실에 대한 충당부채를 470,182천원 설정하였습니다.\n(2) 주요약정사항당반기말 현재 차입금 등 관련 주요약정사항은 다음과 같습니다.\n\xa0 (단위: 천원, 1USD)\n약정내용\n금융기관\n한도약정금액\n당좌차월약정\n신한은행\n4,000,000\n전자외상매출채권담보대출약정\nNH농협은행\n30,000,000\n일반대출약정\nNH농협은행 외\n22,700,000\n수입금융약정\n우리은행 외\nUSD 30,242,000\n35. 제공받은 지급보증당반기말 현재 회사는 금융기관 차입약정 등과 관련하여 특수관계자인 대표이사로부터 4,000,000천원 및 USD 6,742,000의 여신 한도에 대한 지급보증을 제공받고 있습니다(주석32참조). 또한, 서울보증보험으로부터 1,409,319천원 한도의 계약이행보증 등에 대한 지급보증을 제공받고 있습니다.\n36. 보험가입자산당반기말 현재 회사의 주요 보험가입 내용은 다음과 같습니다.\n\xa0 (단위: 천원)\n보험종류\n부보자산\n보험금액\n부보처\n화재보험 등(*)\n건축물\n11,304,844\n현대해상화재보험\n기계장치 등\n7,142,704\n재고자산\n5,100,000\n가스사고배상책임보험\n-\n760,000\n현대해상화재보험\n생산물배상\n-\n200,000\n에이스아메리칸화재해상보험\n단체상해보험\n-\n18,236,000\n현대해상상해보험\n환경책임보험\n-\n30,000,000\nDB손해보험\n합 \xa0계\n72,743,548\n(*) 상기 보험금액은 금융기관 차입금 담보제공 등과 관련하여 NH농협은행이 7,800,000천원의 질권을 설정하고 있습니다.\n37. 영업부문정보(1) 영업부문별 정보회사는 기업회계기준서 제1108호 \'영업부문\'에 따른 영업부문이 하나만 존재하므로 관련된 공시사항을 생략하였습니다.\n(2) 지역별 매출액 정보지역별 매출액 정보는 다음과 같습니다.\n\xa0 (단위: 천원)\n구 분\n당 반 기\n전 반 기\n국내매출\n100,714,157\n56,020,524\n해외매출\n440,003\n414,209\n합 계\n101,154,160\n56,434,733\n(3) 주요 고객에 대한 정보회사 수익의 10% 이상을 차지하는 주요 고객에 대한 정보는 다음과 같습니다.\n\xa0 (단위: 천원)\n매출처\n구 분\n당 반 기\n전 반 기\n농협경제지주\n제/상품매출\n78,095,065\n48,222,874\n38. 영업의 계절적 특성\n회사 영업의 계절적 특성상 매년 상반기 중 매출액이 연간 매출총액의 60%~80% 정도 이루어지고 있어, 상반기의 경영실적과 하반기의 경영실적이 매우 상이할 수 있습니다. 연간과 상반기 6개월간의 주요 재무적 변동추세는 다음과 같습니다.\n\xa0 (단위: 천원)\n구 분\n당 반 기\n전 기\n전전기\n상반기 금액\n상반기 금액\n\xa0연간 금액\n상반기 금액\n연간 금액\n매출액\n101,154,160\n56,434,733\n84,597,515\n54,443,433\n73,654,579\n매출원가\n76,262,596\n42,525,314\n66,992,413\n39,733,361\n55,664,851\n매출총이익\n24,891,564\n13,909,419\n17,605,102\n14,710,072\n17,989,728\n매출채권및기타채권\n64,139,372\n44,525,318\n12,921,511\n42,073,674\n7,575,056\n재고자산\n26,015,692\n18,929,527\n37,447,359\n21,781,271\n28,292,338\n39. 현금흐름표에 관한 사항(1) 현금의 유입과 유출이 없는 주요 거래 내용은 다음과 같습니다.\n(단위: 천원)\n구 분\n당 반 기\n전 반 기\n리스부채의 유동성대체\n90,645\n23,466\n(2) 재무활동에서 발생한 부채의 변동내역은 다음과 같습니다.\n<당반기>\n(단위: 천원)\n구 분\n기 초\n재무활동현금흐름에서발생한 변동\n비현금변동\n당반기말\n유동성대체\n외화환산손익\n이자비용\n기타\n단기차입금\n25,198,690\n26,390,729\n-\n1,162,764\n-\n(9,722)\n52,742,461\n리스부채\n197,421\n(82,712)\n-\n-\n5,883\n450,044\n570,636\n합 계\n25,396,111\n26,308,017\n-\n1,162,764\n5,883\n440,322\n53,313,097\n<전기>\n\xa0(단위: 천원)\n구 분\n기 초\n재무활동현금흐름에서발생한 변동\n비현금변동\n전기말\n유동성대체\n외화환산손익\n이자비용\n기타\n단기차입금\n15,614,426\n9,356,664\n-\n227,600\n-\n-\n25,198,690\n리스부채\n288,169\n(215,837)\n-\n-\n6,826\n118,263\n197,421\n합 계\n15,902,595\n9,140,827\n-\n227,600\n6,826\n118,263\n25,396,111\n40. 위험관리\n회사는 신용위험, 유동성 위험과 시장위험(환율변동위험, 이자율변동위험)에 노출되어 있으며, 회사의 전반적인 위험관리는 회사의 재무성과에 잠재적으로 불리할 수 있는 효과를 최소화하는데 중점을 두고 있습니다. 재무위험관리는 회사의 재무부문에 의해 이루어지고 있으며, 각 업무 부서들과 긴밀히 협력하여 금융위험을 식별, 평가 및 회피하고 있습니다.재무위험관리의 대상이 되는 회사의 금융자산은 현금및현금성자산, 매출채권및기타채권, 기타금융자산 등으로 구성되어 있으며, 금융부채는 매입채무및기타채무, 장ㆍ단기차입금 등으로 구성되어 있습니다. \n(1) 시장위험\n1) 외환위험\n회사는 원자재 수입거래 등 장부통화와 다른 수입과 지출로 인해 자산과 부채에 외화포지션이 발생하며, 이에 따라 다양한 통화로부터의 환율변동위험에 노출되어 있습니다. 회사가 노출되어 있는 주요 통화는 미국달러입니다. 회사의 외환 위험관리의 목표는 환율 변동으로 인한 불확실성과 손익 변동을 최소화 함으로써 기업의 가치를 극대화하는데 있습니다.\n외화자산 및 부채의 내역은 다음과 같습니다.\n\xa0 \xa0 \xa0(단위: 천원,1USD,1JPY)\n계정과목\n당반기말\n전기말\n외 \xa0화\n원화 환산액\n외 \xa0화\n원화 환산액\n현금및현금성자산\nUSD 1,225,905.91\n1,584,974\nUSD 275,061.55\n326,085\n-\n-\nJPY 191,820.00\n1,976\n매출채권\n-\n-\nUSD 467,600.00\n554,340\n미수금\nUSD 9,000.00\n11,636\nUSD 29,440.00\n34,901\n선급금\nUSD 367,500.00\n475,141\nUSD 673,400.00\n798,316\n외화자산 계\n2,071,751\n\u3000\n1,715,618\n매입채무\nUSD 1,140,480.00\n1,474,527\nUSD 2,883,778.40\n3,418,719\nJPY 290,170,080.00\n2,746,315\nJPY 315,273,600.00\n3,248,075\n단기차입금\nUSD 17,886,984.94\n23,126,083\nUSD 12,863,543.30\n15,249,731\nJPY 19,692,320.00\xa0\n186,378\nJPY 134,590,440.00\n1,386,604\n외화부채 계\n27,533,303\n\u3000\n23,303,129\n순외화자산(부채)\n(25,461,552)\n\u3000\n(21,587,511)\n다른 모든 변수가 일정하고 외화에 대한 원화의 환율이 10% 변동하였을 경우, 외화환산손익의 변동은 다음과 같습니다.\n\xa0 (단위: 천원)\n구 분\n당반기말\n전기말\n10% 상승시\n10% 하락시\n10% 상승시\n10% 하락시\n외화환산손익\n(2,593,669)\n2,593,669\n(2,238,583)\n2,238,583\n상기 민감도 분석은 회사의 기능통화 이외의 외화로 표시된 화폐성 자산 및 부채를 대상으로 하였습니다.\n2) 이자율 위험\n이자율 위험은 미래 시장 이자율 변동에 따라 예금 또는 차입금 등에서 발생하는 이자비용이 변동될 위험으로서 이는 주로 변동금리부 조건의 차입금과 예금에서 발생하고 있습니다. 회사의 이자율위험관리의 목표는 이자율 변동으로 인한 불확실성과 순이자비용의 최소화를 추구함으로써 기업의 가치를 극대화하는데 있습니다.\xa0\n이를 위해 회사는 고정이자율차입금과 변동이자율차입금의 적절한 균형을 유지하고 있습니다. 위험회피활동은 이자율 현황과 정의된 위험성향을 적절히 조정하면서 정기적으로 평가되며, 재무상태보고서 항목의 포지션을 변경하거나 다른 이자율 주기를 통하여 이자비용의 변동을 막음으로써, 최적의 위험회피전략이 적용되도록 하고 있습니다. 다른 모든 변수가 일정하고 이자율이 100bp 변동시 변동금리부 차입금에서 발생하는 이자비용의 변동은 다음과 같습니다.\n\xa0 (단위: 천원)\n구 분\n당반기말\n전기말\n100bp 상승시\n100bp 하락시\n100bp 상승시\n100bp 하락시\n이자비용\n266,566\n(266,566)\n253,961\n(253,961)\n(2) 신용위험신용위험은 회사의 통상적인 거래 및 투자활동에서 발생하며 고객 또는 거래상대방이 계약조건상 의무사항을 지키지 못하였을 때 발생합니다. 은행 및 금융기관의 경우 신용등급이 우수한 금융기관과 거래하고 있으므로, 금융기관으로부터의 신용위험은제한적입니다. 일반거래처의 경우 고객의 재무상태, 과거 경험 등 기타 요소들을 고려하여 신용을 평가하게 됩니다. 이러한 신용위험을 관리하기 위하여 회사는 주기적으로 고객과 거래상대방의 재무상태와 과거 경험 및 기타 요소들을 고려하여 재무신용도를 평가하고 있으며 거래상대방에 대한 개별적인 위험한도 관리 정책을 보유하고 있습니다.\n당반기 중 매출채권 및 기타금융자산에 포함된 대여금이나 미수금 등에서 중요한 손상의 징후가 발견되지 않았으며 회사는 당반기말 현재 채무불이행 등이 발생할 징후는 낮은 것으로 판단하고 있습니다. 신용위험은 현금 및 현금성자산, 각종 예금 등과 같은 금융기관과의 거래에서도 발생할 수 있습니다. 이러한 위험을 줄이기 위해 회사는 신용도가 높은 금융기관들과 거래하고 있으므로 금융기관으로부터의 신용위험은 제한적입니다.\n1) 각 금융상품별 신용위험과 관련된 분류는 다음과 같습니다.\n<당반기말>\xa0\n\xa0(단위: 천원)\n구 분\n내 용\n연체되지도 않고 손상되지도 않은 금융상품\n개별적으로 손상된 금융상품\n합 계\n현금및현금성자산\n현금\n21\n-\n21\n제예금\n2,982,147\n-\n2,982,147\n매출채권및기타채권\n매출채권\n62,494,052\n840,236\n63,334,288\n단기대여금\n-\n23,387\n23,387\n미수금\n1,645,320\n32,877\n1,678,197\n장기매출채권및기타채권\n보증금\n314,567\n-\n314,567\n기타비유동금융자산\n장기금융상품\n7,500\n-\n7,500\n지분증권\n1,554,000\n160,000\n1,714,000\n합 \xa0 \xa0계\n68,997,607\n1,056,500\n70,054,107\n<전기말>\xa0\n\xa0(단위: 천원)\n구 분\n내 용\n연체되지도 않고 손상되지도 않은 금융상품\n개별적으로 손상된 금융상품\n합 계\n현금및현금성자산\n현금\n329\n-\n329\n제예금\n661,236\n-\n661,236\n매출채권및기타채권\n매출채권\n12,503,220\n908,563\n13,411,783\n단기대여금\n-\n23,387\n23,387\n미수금\n418,291\n-\n418,291\n장기매출채권및기타채권\n보증금\n388,721\n-\n388,721\n기타비유동금융자산\n장기금융상품\n7,500\n-\n7,500\n지분증권\n1,554,000\n160,000\n1,714,000\n합 \xa0 \xa0계\n15,533,297\n1,091,950\n16,625,247\n2) 상기 금융자산의 신용위험 최대 노출 금액은 장부금액과 동일합니다.\n(3) 유동성위험\n유동성위험은 회사 경영 환경 또는 금융시장의 악화로 인해 회사가 부담하고 있는 단기 채무를 적기에 이행하지 못할 위험으로 정의합니다. 회사는 유동성위험을 선제적으로 관리하기 위해 현금흐름 및 유동성 계획 등에 대해 주기적으로 예측하고 이에 따른 대응방안을수립하고 있습니다. 회사의 금융부채를 당반기말로부터 계약 만기일까지의 잔여기간에 따라 만기별로 구분한 내역은 다음과 같습니다. 아래 표에 표시된 현금흐름은 원리금이며, 할인하지 아니한 금액입니다.\n\xa0 (단위: 천원)\n구 분\n내 용\n1년미만\n1년~5년\n합 계\n매입채무및기타채무\n매입채무\n6,600,129\n-\n6,600,129\n미지급금\n8,062,265\n-\n8,062,265\n단기차입금\n단기차입금\n53,107,359\n-\n53,107,359\n리스부채\n리스부채\n220,166\n383,142\n603,308\n기타부채\n미지급비용\n124,137\n27,487\n151,624\n예수금\n18,302\n-\n18,302\n선수수익\n36,576\n-\n36,576\n기타충당부채\n-\n470,182\n470,182\n당기법인세부채\n미지급법인세\n1,840,412\n-\n1,840,412\n장기매입채무및기타채무\n수입보증금\n26,310\n982,240\n1,008,550\n장기미지급금\n-\n10,397\n10,397\n합 계\n70,035,656\n1,873,448\n71,909,104\n(4) 자본위험관리\n회사의 자본관리목적은 계속기업으로서 주주 및 이해당사자들에게 이익을 지속적으로 제공할 수 있는 능력을 보호하고 자본비용을 절감하기 위해 최적 자본구조를 유지하는 것입니다. 자본구조를 유지 또는 조정하기 위하여 회사는 주주에게 지급되는 배당을 조정하고 주요 자본관리지표로 부채비율을 이용하고 있습니다. 이 비율은 총부채를 총자본으로 나누어 산출하고 있으며 총부채 및 총자본은 재무제표상의 금액을 기준으로 계산합니다. 부채비율, 순차입금비율은 다음과 같습니다.\n\xa0 (단위: 천원)\n구 분\n당반기말\n전기말\n부채총계(A)\n83,935,664\n50,521,010\n자본총계(B)\n61,971,846\n53,257,703\n현금및현금성자산(C)\n2,982,168\n661,565\n차입금(장ㆍ단기차입금+리스부채)(D)\n53,313,097\n25,396,111\n부채비율(= A/B)(%)\n135.44%\n94.86%\n순차입금비율(= (D-C)/B)(%)\n81.22%\n46.44%\n6. 배당에 관한 사항\n(1) 배당에 관한 사항\n당사는 정관에 의거 이사회 및 주주총회 결의를 통하여 배당을 실시할 수 있습니다. 당사는 당반기 현재 자사주를 매입 및 소각할 계획은 없습니다. 당사는 과거 경영상황의 악화 등으로 인해 배당을 실시하지 않았으며, 회사의 지속적 성장을 위한 투자 및 경영환경 등을 고려하여, 충분한 이익잉여금이 준비될 때 주주가치 제고를 위해 배당을 실시할 예정입니다.당사의 배당 목표는 아래의 지표를 고려하여 결정합니다.① 직전결산기의 자본의 액\n② 직전결산기까지 적립된 자본준비금과 이익준비금의 합계액\n③ 직전결산기의 정기주주총회에서 이익배당하기로 정한 금액④ 배당에 따라 당해 결산기에 적립하여야 할 이익준비금의 합계액\n당사는 정관 제41조 및 제42조에서 이익배당에 관하여 다음과 같이 규정하고 있습니다.제 41 조 (이익배당)\xa0\n① 이익의 배당은 금전과 주식 및 기타 재산으로 할 수 있다.\xa0\n② 이익의 배당을 주식으로 하는 경우 회사가 수종의 주식을 발행한 때에는 주주총회의 결 \xa0 \xa0의로 그와 다른 종류의 주식으로도 할 수 있다.\xa0\n③ 제1항의 배당은 매 결산기 말 현재의 주주명부에 기재된 주주 또는 등록된 질권자에게 \xa0 \xa0 지급한다. \n제 42 조 (배당금 지급청구권의 소멸시효)\xa0\n① 배당금의 지급청구권은 5년간 이를 행사하지 아니하면 소멸 시효가 완성한다.\xa0\n② 제1항의 시효의 완성으로 인한 배당금은 이 회사에 귀속한다.\n(2) 주요배당지표\n구 \xa0 분\n주식의 종류\n당기\n전기\n전전기\n제68기\n제67기\n제66기\n주당액면가액(원)\n5,000\n5,000\n5,000\n(연결)당기순이익(백만원)\n-\n-\n-\n(별도)당기순이익(백만원)\n-\n-\n-\n(연결)주당순이익(원)\n-\n-\n-\n현금배당금총액(백만원)\n-\n-\n-\n주식배당금총액(백만원)\n-\n-\n-\n(연결)현금배당성향(%)\n-\n-\n-\n현금배당수익률(%)\n-\n-\n-\n-\n-\n-\n-\n-\n주식배당수익률(%)\n-\n-\n-\n-\n-\n-\n-\n-\n주당 현금배당금(원)\n-\n-\n-\n-\n-\n-\n-\n-\n주당 주식배당(주)\n-\n-\n-\n-\n-\n-\n-\n-\n(3) 과거 배당 이력\n(단위: 회, %)\n연속 배당횟수\n평균 배당수익률\n분기(중간)배당\n결산배당\n최근 3년간\n최근 5년간\n-\n-\n-\n-\n* 당사는 최근 5년간 배당을 하지 않아 해당 내용을 기재하지 않았습니다.\n7. 증권의 발행을 통한 자금조달에 관한 사항\n7-1. 증권의 발행을 통한 자금조달 실적\n[지분증권의 발행 등과 관련된 사항]\n증자(감자)현황\n(기준일 :\xa0\n2022년 06월 30일\n)\n(단위 : 백만원, 주)\n주식발행(감소)일자\n발행(감소)형태\n발행(감소)한 주식의 내용\n종류\n수량\n주당액면가액\n주당발행(감소)가액\n비고\n-\n-\n-\n-\n-\n-\n-\n- 당사는 공시대상기간 중 신규로 발행하였거나, 감소한 주식은 없으며, 작성기준일 현재 미상환전화사채 등 향후 자본금을 증가시킬 수 있는 사항은 없습니다.\n[채무증권의 발행 등과 관련된 사항]\n채무증권 발행실적\n(기준일 :\xa0\n2022년 06월 30일\n)\n(단위 : 백만원, %)\n발행회사\n증권종류\n발행방법\n발행일자\n권면(전자등록)총액\n이자율\n평가등급(평가기관)\n만기일\n상환여부\n주관회사\n-\n-\n-\n-\n-\n-\n-\n-\n-\n-\n합 \xa0계\n-\n-\n-\n-\n-\n-\n-\n-\n-\n기업어음증권 미상환 잔액\n(기준일 :\xa0\n2022년 06월 30일\n)\n(단위 : 백만원)\n잔여만기\n10일 이하\n10일초과30일이하\n30일초과90일이하\n90일초과180일이하\n180일초과1년이하\n1년초과2년이하\n2년초과3년이하\n3년 초과\n합 계\n미상환 잔액\n공모\n-\n-\n-\n-\n-\n-\n-\n-\n-\n사모\n-\n-\n-\n-\n-\n-\n-\n-\n-\n합계\n-\n-\n-\n-\n-\n-\n-\n-\n-\n단기사채 미상환 잔액\n(기준일 :\xa0\n2022년 06월 30일\n)\n(단위 : 백만원)\n잔여만기\n10일 이하\n10일초과30일이하\n30일초과90일이하\n90일초과180일이하\n180일초과1년이하\n합 계\n발행 한도\n잔여 한도\n미상환 잔액\n공모\n-\n-\n-\n-\n-\n-\n-\n-\n사모\n-\n-\n-\n-\n-\n-\n-\n-\n합계\n-\n-\n-\n-\n-\n-\n-\n-\n회사채 미상환 잔액\n(기준일 :\xa0\n2022년 06월 30일\n)\n(단위 : 백만원)\n잔여만기\n1년 이하\n1년초과2년이하\n2년초과3년이하\n3년초과4년이하\n4년초과5년이하\n5년초과10년이하\n10년초과\n합 계\n미상환 잔액\n공모\n-\n-\n-\n-\n-\n-\n-\n-\n사모\n-\n-\n-\n-\n-\n-\n-\n-\n합계\n-\n-\n-\n-\n-\n-\n-\n-\n신종자본증권 미상환 잔액\n(기준일 :\xa0\n2022년 06월 30일\n)\n(단위 : 백만원)\n잔여만기\n1년 이하\n1년초과5년이하\n5년초과10년이하\n10년초과15년이하\n15년초과20년이하\n20년초과30년이하\n30년초과\n합 계\n미상환 잔액\n공모\n-\n-\n-\n-\n-\n-\n-\n-\n사모\n-\n-\n-\n-\n-\n-\n-\n-\n합계\n-\n-\n-\n-\n-\n-\n-\n-\n조건부자본증권 미상환 잔액\n(기준일 :\xa0\n2022년 06월 30일\n)\n(단위 : 백만원)\n잔여만기\n1년 이하\n1년초과2년이하\n2년초과3년이하\n3년초과4년이하\n4년초과5년이하\n5년초과10년이하\n10년초과20년이하\n20년초과30년이하\n30년초과\n합 계\n미상환 잔액\n공모\n-\n-\n-\n-\n-\n-\n-\n-\n-\n-\n사모\n-\n-\n-\n-\n-\n-\n-\n-\n-\n-\n합계\n-\n-\n-\n-\n-\n-\n-\n-\n-\n-\n7-2. 증권의 발행을 통해 조달된 자금의 사용실적\n- 당사는 공시대상기간 중 회사채 발행 등을 통해 조달한 자금이 없습니다.-\n8. 기타 재무에 관한 사항\n(1) 대손충당금 설정현황\n(1)-1. 최근 사업연도의 계정과목별 대손충당금 설정내용\n(단위 : 천원)\n구분\n계정과목\n채권총액\n대손충당금\n설정률\n제68(당반)기\n매출채권\n63,334,288\n(840,236)\n1.33%\n미수금\n1,678,196\n(32,877)\n1.96%\n단기대여금\n23,387\n(23,387)\n100.00%\n선급금\n1,146,938\n(392,523)\n34.22%\n선급비용\n48,271\n-\n0.00%\n합계\n66,231,080\n(1,289,023)\n1.95%\n제67(전)기\n매출채권\n13,411,783\n(908,563)\n6.77%\n미수금\n451,168\n(32,877)\n7.29%\n단기대여금\n23,387\n(23,387)\n100.00%\n선급금\n1,480,769\n(392,523)\n26.51%\n선급비용\n100,216\n-\n0.00%\n합계\n15,467,323\n(1,357,350)\n8.78%\n제66(전전)기\n매출채권\n\xa0 \xa0 \xa0 8,138,131\n(1,048,621)\n12.89%\n미수금\n\xa0 \xa0 \xa0 \xa0 \xa0485,546\n\u3000-\n0.00%\n단기대여금\n\xa0 \xa0 \xa0 \xa0 \xa0 23,387\n(23,387)\n100.00%\n선급금\n\xa0 \xa0 \xa0 \xa0 \xa0438,523\n(392,523)\n89.51%\n선급비용\n\xa0 \xa0 \xa0 \xa0 \xa0 96,697\n\u3000-\n0.00%\n합계\n\xa0 \xa0 \xa0 9,182,284\n(1,464,531)\n15.95%\n상기 매출채권및기타채권은 보고기간종료일로부터 1년 이내에 만기가 도래하고 있으며, 할인에 따른 효과가 중요하지 않으므로 공정가치는 장부금액과 유사한 것으로 판단하고 있습니다.\n(1)-2. 대손충당금 변동현황\n\xa0 \xa0 \xa0 \xa0 \xa0 \xa0 \xa0 \xa0 \xa0 \xa0 \xa0 \xa0 \xa0 \xa0 \xa0 \xa0 \xa0 \xa0 \xa0 \xa0 \xa0 \xa0 \xa0 \xa0 \xa0 \xa0 \xa0 \xa0 \xa0 \xa0 \xa0 \xa0 \xa0 \xa0 \xa0 \xa0 \xa0 \xa0 \xa0 \xa0 \xa0 \xa0 \xa0 \xa0 \xa0 \xa0 \xa0 \xa0 \xa0 \xa0(단위 : 백만원)\n구 \xa0 \xa0분\n제68(당반)기\n제67(전)기\n제66(전전)기\n1. 기초 대손충당금 잔액합계\n1,357\n1,465\n1,759\n2. 순대손처리액(①-②±③)\n-\n-\n-\n\xa0 ①대손처리액(상각채권액)\n-\n-\n-\n\xa0 ②상각채권회수액\n-\n-\n-\n\xa0 ③기타증감액\n-\n-\n-\n3. 대손상각비 계상(환입)액\n(68)\n(108)\n(294)\n4. 기말 대손충당금 잔액합계\n1,289\n1,357\n1,465\n(1)-3. 매출채권관련 대손충당금 설정방침\n당사는 매출채권에 대해 전체 기간 기대신용손실을 손실충당금으로 인식하는 간편법을 적용합니다.기대신용손실을 측정하기 위해 매출채권은 신용위험 특성과 연체일을 기준으로 구분하였습니다. 기대신용손실율은 2022년 6월 30일 기준으로부터 36개월 동안의 매출과 관련된 지불 정보와 관련 확인된 신용손실 정보를 근거로 산출하였습니다. \n당반기말 현재 당사가 인식한 매출채권에 대한 손실충당금은 다음과 같습니다.\xa0\n(단위: 천원)\n구분\n기대손실률\n총장부금액 매출채권\n손실충당금\n6개월 이하\n0.02%\n61,390,767\n10,619\n9개월 이하\n0.61%\n631,083\n3,838\n12개월 이하\n1.22%\n84,299\n1,030\n15개월 이하\n2.13%\n11\n-\n18개월 이하\n0.00%\n-\n-\n21개월 이하\n4.27%\n272,464\n11,629\n24개월 이하\n6.00%\n-\n-\n27개월 이하\n0.00%\n-\n-\n30개월 이하\n14.19%\n54,229\n7,692\n33개월 이하\n22.52%\n123,915\n27,908\n36개월 이하\n0.00%\n-\n-\n36개월 초과\n100.00%\n777,520\n777,520\n합 계\n63,334,288\n840,236\n(1)-4. 당반기말 현재 경과기간별 매출채권잔액 현황\n(단위 : 천원)\n구분\n6월 이하\n6월초과 1년이하\n1년초과 3년이하\n3년초과\n계\n금액\n61,390,767\n715,382\n450,619\n777,520\n63,334,288\n구성비율\n96.93%\n1.13%\n0.71%\n1.23%\n100.00%\n(2) 재고자산 현황\n(2)-1. 재고자산의 사업부문별 보유현황\n(단위 : 천원)\n사업부문\n계정과목\n제68(당반)기\n제67(전)기\n제66(전전)기\n비료제조 및 판매(단일사업)\n제품\n13,679,523\n17,068,886\xa0\n\xa018,887,283\n평가손실충당금\n(669,046)\n(1,187,260)\n(1,064,408)\n상품\n2,484,508\n2,987,478\n3,342,778\n평가손실충당금\n(41,245)\n(80,546)\n(38,739)\n재공품\n1,635,403\n1,099,856\n\xa0 \xa0 \xa0216,490\n원재료\n8,537,305\n14,346,296\n7,549,713\n평가손실충당금\n(490,438)\n(381,145)\n(671,905)\n미착원료\n879,682\n3,593,794\n\xa071,126\n합계\n26,015,692\n37,447,359\n28,292,338\n총자산대비 재고자산 구성비율[재고자산합계÷기말자산총계×100]\n17.83%\n36.08%\n32.20%\n재고자산회전율(회수)[연환산 매출원가÷{(기초재고＋기말재고)÷2}]\n4.8회\n2.1회\n1.9회\n(2)-2. 재고자산의 실사내역 등1) 재고자산 실사일자당사는 매년 1회 재고자산 실사를 진행하고 있습니다. 당반기에는 재고자산 실사를 진행하지 않았습니다. 전기에는 2021년 12월 31일을 기준으로 하고, 2022년 1월 5일 재고실사진행 및 실사일과 대차대조표 일과의 차이기간 동안 발생한 입출고 내역을 파악하여 재고자산을 확정하였습니다 \xa0\n2) 재고실사시 전문가의 참여 또는 감사인의 입회여부 등전기 재고실사는 당사의 외부감사인인 삼덕회계법인 소속 공인회계사의 입회하에 실시하였으며, 당기말 재고실사는 외부감사인의 입회하에 이루어질 예정입니다.\n3) 장기체화재고 등 현황당사는 유효기간이 경과한 제품에 대하여 순실현가능가액을 산정하여 평가하고 있으며, 당반기말 현재 장기체화재고 평가내역은 아래와 같습니다.\n(단위 : 천원)\n계정과목\n취득원가\n보유금액\n평가충당금\n기말잔액\n비고\n상품\n2,484,508\n2,484,508\n(41,245)\n2,443,263\n-\n제품\n13,679,523\n13,679,523\n(669,046)\n13,010,477\n-\n재공품\n1,635,403\n1,635,403\n-\n1,635,403\n-\n원재료\n8,537,305\n8,537,305\n(490,438)\n8,046,867\n-\n미착품\n879,682\n879,682\n-\n879,682\n-\n합계\n27,216,421\n27,216,421\n(1,200,729)\n26,015,692\n-\n당사는 재고자산평가손실전입액(환입액)을 포괄손익계산서상 매출원가에서 가감하고 있습니다.\n(3) 공정가치 평가내역\n(3)-1. 금융상품 종류별 공정가치 평가방법 및 주요가정1) 유동자산ㆍ부채유동자산ㆍ부채는 만기가 단기이므로 그 공정가치가 장부가액에 근사합니다.2) 매출채권및기타채권매출채권및기타채권의 공정가치는 미래의 현금흐름을 보고기간 종료일 현재의 시장이자율로 할인한 현재가치로 평가합니다. 다만, 상기 현재가치와 명목금액과의 차이가 중요하지 않은 경우 명목금액으로 평가하였습니다. 매출채권및기타채권은 그 공정가치가 장부가액에 근사합니다.3) 지분증권과 채무증권에 대한 투자시장에서 거래되는 지분증권과 채무증권의 공정가치는 보고기간 종료일 현재 공시되는 마감 매수호가에 의해 결정되며, 시장성 없는 지분증권의 경우 EV/Sales Multiple 및 PBR Multiple을 통하여 보유지분가치를 공정가치로 평가하였습니다. 채무증권은 활성거래시장이 존재하지 않고, 공정가치를 신뢰성 있게 측정할 수 없어 취득원가를 장부금액으로 하였습니다.\n4) 비파생금융부채비파생금융부채의 공정가치는 원금 및 이자로부터의 현금흐름을 보고기간 종료일의 시장이자율로 할인한 현재가치에 근거하여 산정되고 있습니다. 다만, 상기 현재가치와 명목금액과의 차이가 중요하지 않은 경우 명목금액으로 평가하였습니다. 비파생금융부채는 그 공정가치가 장부가액에 근사합니다.\n(3)-2. 공정가치 측정\n회사는 공정가치측정에 사용된 투입변수의 유의성을 반영하는 공정가치 서열체계에 따라 공정가치측정치를 분류하고 있으며, 공정가치 서열체계의 수준은 다음과 같습니다.\xa0\n구 분\n투입변수의 유의성\n수준 1\n동일한 자산이나 부채에 대한 활성시장의 공시가격\n수준 2\n직접적으로 또는 간접적으로 관측가능한 자산이나 부채에 대한 투입변수\n수준 3\n관측가능한 시장자료에 기초하지 않은 자산이나 부채에 대한 투입변수\n(3)-3. 금융상품의 수준별 공정가치공정가치로 측정된 금융상품은 다음과 같습니다.\xa0\n\xa0 (단위: 천원)\n구 \xa0분\n수준 1\n수준 2\n수준 3\n합 계\n<당반기말>\n기타포괄손익_공정가치측정금융자산\n\xa0 \xa0비상장주식\n-\n-\n1,554,000\n1,554,000\n<전기말>\n기타포괄손익_공정가치측정금융자산\n\xa0 \xa0비상장주식\n-\n-\n1,554,000\n1,554,000\n(3)-4. 가치평가기법 및 투입변수 당반기말 현재 회사는 공정가치 서열체계에서 수준 3으로 분류되는 반복적인 공정가치측정치에 대해 다음의 가치평가기법과 투입변수를 사용하고 있습니다.\n\xa0 (단위: 천원)\n구분\n공정가치\nLevel\n가치평가기법\n투입변수 범위(가중평균)\n기타포괄손익_공정가치측정금융자산\n1,554,000\n3\n유사상장회사비교법(GPCM)\nSales배수\n1.77\nPBR배수\n0.96\n(3)-5. 반복적인 공정가치 측정치의 서열체계 수준 간 이동회사는 금융상품의 공정가치 서열체계의 수준 간 이동을 보고기간말에 인식합니다. 금융상품의 각 공정가치 서열체계의 수준 간 이동 내역은 다음과 같습니다.- 반복적인 측정치의 수준 1과 수준 2간의 이동 내역 당반기 중 수준 1과 수준 2간의 대체는 없습니다.- 반복적인 측정치의 수준 3의 변동 내역\xa0\n\xa0 (단위: 천원)\n구분\n당반기\n전기\n기타포괄손익_공정가치측정금융자산\n기타포괄손익_공정가치측정금융자산\n기초\n1,554,000\n1,433,000\n평가이익\n-\n121,000\n당기말\n1,554,000\n1,554,000\n(3)-6. 수준 3으로 분류된 공정가치 측정치의 가치평가과정 회사는 재무보고 목적의 공정가치 측정을 담당하는 별도 팀을 운영하고 있으며 이러한 공정가치 측정치는 Level 3으로 분류되는 공정가치 측정치를 포함하고 있습니다. 공정가치 측정을 담당하는 팀은 당사의 재무담당이사와 감사에게 직접 보고하며 매 분기 보고일정에 맞추어 공정가치 평가과정 및 그 결과에 대해 재무담당이사 및 감사와 협의합니다.\n(3)-7. 유형자산 재평가- 해당사항 없습니다. -\n']"
