text
"['\nI. 회사의 개요\n1. 회사의 개요\n(단위 : 백만원)\n상호\n설립일\n주소\n주요사업\n최근사업연도말자산총액\n지배관계 근거\n주요종속회사 여부\n동부엔지니어링㈜\n1989.11.20\n서울시 용산구 한강대로 372\n엔지니어링 서비스업\n39,766\n지분 50%초과보유\n해당없음\nDongbu Australia Pty, Ltd.\n1994.03.03\n311 Kent ST.Sydney NSW2000, Australia\n광산개발업\n10,117\n지분 50%초과보유\n해당없음\n동부자산관리㈜\n2016.10.24\n서울시 용산구 한강대로 372\n분할존속법인으로부터 이전받은 부인권 소송 등의 수행\n18,033\n지분 50%초과보유\n해당없음\n동부당진솔라㈜\n2011.12.26\n충남 당진시 송악읍 송악로 612\n발전업\n4,772\n지분 50%초과보유\n해당없음\n㈜더파크\n2016.03.25\n서울시 용산구 한강대로 372\n부동산업\n344\n지분 50%초과보유\n해당없음\n에스웨스트피에프브이㈜\n2019.06.18\n서울시 용산구 한강대로 372\n건설업\n-\n지분 50%초과보유\n해당없음\n코레이트에스에이치전문투자형사모부동산투자신탁\n2018.10.29\n서울특별시 영등포구 국제금융로 10\n부동산업 및 임대업\n3,408\n지분 50%초과보유\n해당없음\n※ 주요종속 회사여부 판단기준 : 최근사업연도말 자산총액이 지배회사의 자산총액의 10% 이상\n(1) 연결대상회사의 변동내용\n구분\n제51기 3분기\n제50기\n연결대상회사\n동부엔지니어링㈜Dongbu Australia Pty. Ltd.동부자산관리㈜동부당진솔라㈜㈜더파크에스웨스트피에프브이㈜코레이트에스에이치전문투자형사모부동산투자신탁\n동부엔지니어링㈜Dongbu Australia Pty. Ltd.동부자산관리㈜동부당진솔라㈜\n구 분\n자회사\n사 유\n신규연결\n㈜더파크\n신규취득으로 종속기업주식에 포함\n에스웨스트피에프브이㈜\n신규취득으로 종속기업주식에 포함\n코레이트에스에이치전문투자형사모부동산투자신탁\n지분 추가취득에 따라 관계기업에서 종속기업으로 포함\n연결제외\n-\n-\n-\n-\n나. 회사의 법적ㆍ상업적 명칭당사의 명칭은 「동부건설주식회사」라고 표기하며, 영문으로는 Dongbu\xa0 Corporation 이라고 표기합니다.\n다. 설립일자\n당사는\xa0토목공사,\xa0건축공사 및 전기ㆍ기계설치공사업\xa0등을\xa0주로\xa0영위할\xa0목적으로 1969년 1월 24일에 미륭건설주식회사로 설립되어 1978년 10월 한국거래소가 개설하는 유가증권시장에 상장된 법인으로서 1989년 3월 1일에 상호를 동부건설주식회사로 변경하였습니다. \n라. 본사의 주소, 전화번호, 홈페이지 주소\n(1) 본사주소 : 서울특별시 용산구 한강대로 372(2) 전화번호 : 02-3484-2114(3)\xa0홈페이지 : http://dbcon.dongbu.co.kr\n마. 중소기업 해당여부당사는 중소기업기본법 제2조에 의한 중소기업에 해당되지 않습니다.\n바. 주요 사업의 내용\n지배회사인 동부건설㈜는 토목공사ㆍ플랜트공사ㆍ건물 및 아파트 신축공사\xa0등의 건설업을 영위하고 있으며,\xa0연결대상 종속회사에 포함된 주요 회사들이 영위하는 사업으로는\xa0엔지니어링서비스업(동부엔지니어링㈜), 광산개발업(Dongbu Australia Pty, Ltd.)등이 있습니다. 기타 자세한 사항은 \'II. 사업의 내용\'을 참조하시기 바랍니다.\n사. 계열회사에 관한 사항당사에\xa0속한 종속회사는 아래와 같습니다.\n구분\n상장여부\n회\xa0 사\xa0 명\n사업자등록번호\n출자회사\n지분율\n국내법인\n비상장\n동부엔지니어링㈜\n201-81-45690\n동부건설㈜\n100.00%\n동부자산관리㈜\n665-86-00548\n동부당진솔라㈜\n311-81-40764\n㈜더파크\n397-86-00382\n에스웨스트피에프브이㈜\n739-88-01444\n93.00%\n코레이트에스에이치전문투자형사모부동산투자신탁\n547-85-01000\n55.07%\n해외법인\nDongbu Australia Pty, Ltd.\n441-84-59460\n100.00%\n아. 신용평가에 관한 사항최근 3년 이내에 회사채 및 기업어음 발행을 목적으로 또는 기타 수시평가에 의하여신용평가 전문기관으로부터 평가를 받은 내용은 아래와 같습니다.(1) 신용평가 현황1) 기업어음\n평가일\n평가대상(유가증권 등)\n신용등급\n평가회사(신용평가등급범위)\n평가구분\n2018-12-21\n기업어음\nA3\n서울신용평가(A1~D)\n정기평가\n2018-05-25\n기업어음\nA3\n서울신용평가(A1~D)\n본평가\n2) 기업신용등급(공공입찰용)\n평가일\n평가대상(유가증권 등)\n신용등급\n평가회사(신용평가등급범위)\n평가구분\n2019-06-12\n기업신용등급\ne-3+\n㈜이크레더블(e-1~e-10)\n수시평가\n2018-12-24\ne-3\n㈜이크레더블(e-1~e-10)\n수시평가\n2018-05-30\ne-3\n㈜이크레더블(e-1~e-10)\n수시평가\n2018-04-23\ne-3\n㈜이크레더블(e-1~e-10)\n정기평가\n2017-10-23\ne-3-\n㈜이크레더블(e-1~e-10)\n수시평가\n2017-04-06\ne-4+\n㈜이크레더블(e-1~e-10)\n정기평가\n3) 기업신용등급(민간입찰용)\n평가일\n평가대상(유가증권 등)\n신용등급\n평가회사(신용평가등급범위)\n평가구분\n2019-05-31\n기업신용등급\nA\n㈜이크레더블(AAA~D)\n수시평가\n(2) 신용등급 체계1) 기업어음\n구\xa0 분\n등 급 정 의\nA1\n적기 상환능력이 최상이며 상환능력의 안정성 또한 최상이어서, 투자위험도가 극히 낮음\nA2\n적기 상환능력이 우수하지만, 그 안정성은 A1등급에 비하여 다소 열등한 요소가 있음\nA3\n적기 상환능력은 양호하나, 장래의 급격한 환경변화에 따라 그 안정성이 다소 영향을 받을 가능성이 있음\nB\n적기 상환능력은 인정되지만, 그 안정성에 다소 투기적인 요소가 내포되어 있음\nC\n적기 상환능력이 의문시되어 투기적 요소가 강함\nD\n현재 채무불이행 상태에 있음\n※ A2부터 B까지는 당해 등급 내에서의 상대적 우열 정도에 따라 +또는 -부호를 부여할 수 있습니다.2) 기업신용등급(공공입찰용)\n구\xa0 분\n경영상태평가시 회사채 등급에 준하는 기업신용평가등급\n등 급 정 의\ne-1\nAAA\n환경변화에도 충분한 대처가 가능할 정도로 신용능력이 우수함\ne-2\nAA\n환경변화에 대한 적절한 대처능력을 보유할 정도로 신용능력이 양호함\ne-3\nA\n신용능력은 양호하나, 환경변화에 따른 대처능력이 제한적임\ne-4\nBBB\n신용능력은 적정하나, 안정성면에서는 불안한 요소가 내포되어 있음\ne-5\nBB\n신용능력에 당면문제는 없으나, 안정성면에서는 저하가능성이 내포되어 있음\ne-6\nB\n신용능력이 제한적이며, 안정성면에서는 저하가능성이 내포되어 있음\ne-7\nCCC\n신용능력이 미흡하여 신용위험이 발생할 가능성이 내포되어 있음\ne-8\nCC\n신용위험이 발생할 가능성이 높음\ne-9\nC\n신용위험이 발생할 가능성이 극히 높음\ne-10\nD\n현재 신용위험이 발생한 상태에 있음\n※ e-2(AA)부터 e-7(CCC)까지의 당해 등급 내에서의 상대적 위치에 따라 +또는 -부호를 부여할 수 있습니다.\n3) 기업신용등급(민간입찰용)\n구\xa0 분\n등 급 정 의\nAAA\n채무이행 능력이 최고 우량한 수준임\nAA\n채무이행 능력이 매우 우량하나, AAA 보다는 다소 열위한 요소가 있음\nA\n채무이행 능력이 우량하나, 상위 등급에 비해 경기침체 및 환경변화의 영향을 받기 쉬움\nBBB\n채무이행 능력이 양호하나, 장래경기침체 및 환경변화에 따라 채무이행 능력이 저하 될 가능성이 내포되어 있음\nBB\n채무이행 능력에 문제가 없으나, 경제여건 및 시장환경 변화에 따라 그 안정성면에서는 투기적인 요소가 내포되어 있음\nB\n채무이행 능력이 있으나, 장래의 경제 환경 악화시 채무불이행 가능성이 있어 그 안정성면에서 투기적임\nCCC\n현재시점에서 채무불이행이 발생할 가능성을 내포하고 있어 매우 투기적임\nCC\n채무불이행이 발생할 가능성이 높음\nC\n채무불이행이 발생할 가능성이 매우 높음\nD\n현재 채무불이행 상태에 있음\n※ AA부터 CCC까지의 당해 등급 내에서의 상대적 위치에 따라 +또는 -부호를 부여할 수 있습니다.\n자. 회사의 주권상장(또는 등록ㆍ지정)여부 및 특례상장에 관한 사항\n주권상장(또는 등록ㆍ지정)여부\n주권상장(또는 등록ㆍ지정)일자\n특례상장 등여부\n특례상장 등적용법규\n유가증권시장\xa0\n1978.10.30\n해당사항 없음\n해당사항 없음\n2. 회사의 연혁\n가. 본점소재지 및 그 변경\n서울특별시 용산구 한강대로 372 제D동(동자동)\n나. 경영진의 중요한 변동\n일자\n사내이사\n사외이사\n비고\n2015.01.28\n이순병\n-\n-\n2015.09.11\n이순병, 김경진, 박철\n나종영\n-\n2015.11.04\n김경진, 박철\n나종영\n-\n2016.07.08\n김경진, 박철, 홍문기\n-\n-\n2016.09.12\n김경진, 이중길, 박철, 홍문기\n-\n-\n2016.10.19\n이중길, 허상희, 한상규\n이관진\n-\n2017.03.24\n이중길, 허상희, 한상규\n이관진, 이태한\n-\n2018.12.19.\n허상희, 한상규\n이관진, 이태한\n-\n2019.03.20\n허상희, 한상규, 홍문기\n이관진, 이태한\n-\n2019.03.28\n허상희, 홍문기\n이관진, 이태한\n-\n※ 2019.03.20. 개최된 정기주주총회에서 홍문기 사내이사가 신규선임되었습니다.※ 2019.03.28. 한상규 사내이사는 일신상의 사유로 사임하였습니다.\n다. 최대주주의 변동\n최대주주명\n변동일자\n소유주식수\n지분율\n동부생명보험㈜\n2015년 07월 20일\n6,030,200 주\n10.38 %\n행복제일차(유)\n2015년 07월 30일\n1,361,952 주\n15.83 %\n행복제일차(유)(*1)\n2016년 09월 09일\n2,408,514 주\n16.94%\n행복제일차(유)(*2)\n2016년 09월 30일\n1,059,296 주\n15.39%\n키스톤에코프라임㈜(*3)\n2016년 10월 05일\n14,117,647 주\n67.19%\n※ 지분율은 총발행주식수 기준입니다.(*1) 2016년 09월 02일 인가받은 변경회생계획에 따라 09월 09일 회생채권의 출자전환으로 소유주식수가 변동하였습니다.(*2)\xa02016년 09월 02일 인가받은 변경회생계획안에 따라\xa009월 30일 차등감자(09월 09일 출자전환분-무상소각, 기존주식- 9: 7 감자)로 소유주식수가 변동하였습니다.(*3) 2016년 10월 05일 변경회생계획안에 따라 제3자배정 유상증자로 키스톤에코프라임㈜가 최대주주가 되었습니다.(지분율은 2016년 12월 31일 총발행주식수 대비 기준임)\n라. 회생\n일자\n내용\n2015.01.07\n회생절차 개시결정\n2015.04.03\n제1회 관계인 집회\n2015.05.21\n회생계획안 제출\n2015.07.03\n제2, 3회 관계인 집회\xa0\xa0 /\xa0\xa0 회생계획안 인가\n2015.08.10\n기업매각(M&A) 공고\n2015.10.08\n동부그룹으로부터 계열분리\n2015.10.30\nM&A 관련 우선협상대상자 선정\n2015.12.07\nM&A 관련\xa0우선협상대상자와 양해각서 체결 무산\n2016.03.07\n기업매각(M&A) 공고\n2016.05.12\nM&A 관련 우선협상대상자 선정\n2016.05.19\nM&A 관련 우선협상대상자와 양해각서 체결\n2016.06.27\nM&A 본계약 체결\n2016.09.02\n변경회생계획인가\n2016.10.27\n회생절차종결 결정\n마. 회사가 합병등을 한 경우 그 내용\n분할존속회사\n분할신설회사\n분할결정일\n분할기일\n분할목적 및 중요영향\n동부건설(주)\n동부자산관리(주)\n2016.09.02\n2016.09.03\n▷ 분할목적 : (1) 분할존속회사는 분할 이후 종결절차를 밟아 정상적으로 사업을 영위하고,\xa0 \xa0 \xa0 \xa0 \xa0 \xa0 \xa0 \xa0 \xa0 \xa0 \xa0 \xa0\xa0 분할신설회사는 회생절차에 남아 부인권 소송등을 계속 수행한 후 소송의\xa0 \xa0 \xa0 \xa0 \xa0 \xa0 \xa0 \xa0 \xa0 \xa0 \xa0 \xa0\xa0 결과에 따른 권리ㆍ의무를 분할존속회사에게 이전\xa0 \xa0 \xa0 \xa0 \xa0 \xa0 \xa0 \xa0 \xa0\xa0 (2) 사업부문별 특성에 적합한 의사결정 체제 확립과 경영자원의 효율적인 배\xa0 \xa0 \xa0 \xa0 \xa0 \xa0 \xa0 \xa0 \xa0 \xa0 \xa0 \xa0 분을 통해 사업경쟁력을 강화하여 성장잠재력을 확보하고 경영위험을 최\xa0 \xa0 \xa0 \xa0 \xa0 \xa0 \xa0 \xa0 \xa0 \xa0 \xa0 \xa0 소화 함\n▷ 중요영향 : 본 분할은 물적분할 방식으로 진행되므로 분할 자체로는 연결재무제표상에 미\xa0 \xa0 \xa0 \xa0 \xa0 \xa0 \xa0 \xa0 \xa0\xa0 치는 영향이 없습니다.\n바. 회사의 업종 또는 주된 사업의 변화\n회사명\n일자\n사업목적 추가\n동부건설\n2017.03.242018.03.23\n시설물 유지관리업환경관리대행업\n동부엔지니어링\n2015.12.172017.04.212017.05.152017.05.302018.03.16\n기술진단 전문기관 등록(하수관로 분야)자연환경보전사업 대행자 등록지하수개발이용시공업 등록토양환경평가기관 등록지하안전영향평가 전문기관\n사.\xa0그 밖에 경영활동과 관련된 중요한 사항의 발생내용\n회사명\n주요사업\n내 용\n동부건설\n건설업\n2015.01.02\xa0 ㈜동부택배 지분 매각2016.09.02\xa0 회사분할결정(분할존속회사:동부건설(주), 분할신설회사 : 동부자산관리(주))2016.09.12\xa0 대표이사 변경(김경진 → 김경진, 이중길)2016.10.05\xa0 최대주주 변경(행복제일차(유) 외 1인 → 키스톤에코프라임(주))2016.10.27\xa0 대표이사 변경(김경진, 이중길 → 이중길)2017.02.16\xa0 사모사채 824억원 중 224억원 조기상환2017.04.07\xa0\xa0㈜동부하이텍 주식 매각(856억원)2017.04.28\xa0 사모사채 824억원 중 600억원 조기상환(전액 상환)2018.12.19\xa0 대표이사 변경(이중길 → 허상희)\n동부엔지니어링\n엔지니어링 서비스업\n2016.01.11\xa0 대표이사 변경(이문규 → 노재화)2017.07.28\xa0\xa0자본금 무상감자(980,000주 → 196,000주)\n3. 자본금 변동사항\n가. 증자(감자)현황\n(기준일 :\xa0\n2019.09.30\n)\n(단위 : 원, 주)\n주식발행(감소)일자\n발행(감소)형태\n발행(감소)한 주식의 내용\n주식의 종류\n수량\n주당액면가액\n주당발행(감소)가액\n비고\n2015.07.09\n무상감자\n보통주\n36,707,792\n5,000\n-\n감자비율 : 73.36 %\n2015.07.09\n무상감자\n우선주\n1,887,590\n5,000\n-\n감자비율 : 56.47 %\n2015.07.20\n출자전환\n보통주\n43,299,934\n5,000\n5,000\n제3자배정 증자\n2015.07.30\n무상감자\n보통주\n48,321,552\n5,000\n-\n감자비율 : 85.33 %\n2015.07.30\n무상감자\n우선주\n1,163,889\n5,000\n-\n감자비율 : 80.00 %\n2015.10.01\n출자전환\n보통주\n1,079,462\n5,000\n5,000\n제3자배정 증자\n2015.10.14\n무상감자\n보통주\n863,576\n5,000\n-\n감자비율 : 80.00%\n2016.01.01\n출자전환\n보통주\n68,195\n5,000\n5,000\n제3자배정 증자\n2016.01.13\n무상감자\n보통주\n54,557\n5,000\n-\n감자비율 : 80.00%\n2016.07.01\n출자전환\n보통주\n111,496\n5,000\n5,000\n제3자배정 증자\n2016.07.14\n무상감자\n보통주\n89,199\n5,000\n-\n감자비율 : 80.00%\n2016.09.09\n출자전환\n보통주\n5,360,266\n5,000\n5,000\n제3자배정 증자\n2016.09.30\n무상감자\n보통주\n5,360,266\n5,000\n-\n감자비율 : 100.00%\n2016.09.30\n무상감자\n보통주\n1,906,505\n5,000\n-\n감자비율 : 22.27%\n2016.09.30\n무상감자\n우선주\n65,154\n5,000\n-\n감자비율 : 22.40%\n2016.10.04\n출자전환\n보통주\n69,244\n5,000\n5,000\n제3자배정 증자\n2016.10.04\n출자전환\n보통주\n370\n5,000\n5,000\n제3자배정 증자\n2016.10.05\n유상증자(제3자배정)\n보통주\n14,117,647\n5,000\n8,755\n제3자배정 증자\n2016.10.05\n무상감자\n보통주\n55,396\n5,000\n-\n감자비율 : 80.00%\n2016.10.06\n무상감자\n보통주\n3,079\n5,000\n-\n감자비율 : 22,23%\n2016.10.06\n무상감자\n보통주\n370\n5,000\n-\n감자비율 : 100.00%\n2017.01.02\n출자전환\n보통주\n218,693\n5,000\n5,000\n제3자배정 증자\n2017.01.02\n출자전환\n보통주\n34,562\n5,000\n5,000\n제3자배정 증자\n2017.01.03\n무상감자\n보통주\n174,958\n5,000\n-\n감자비율 : 80.00%\n2017.01.04\n무상감자\n보통주\n9,721\n5,000\n-\n감자비율 : 22.23%\n2017.01.04\n무상감자\n보통주\n34,562\n5,000\n-\n감자비율 : 100.00%\n2017.04.03\n출자전환\n보통주\n66,215\n5,000\n5,000\n제3자배정 증자\n2017.04.03\n출자전환\n보통주\n11,278\n5,000\n5,000\n제3자배정 증자\n2017.04.04\n무상감자\n보통주\n52,973\n5,000\n-\n감자비율 : 80.00%\n2017.04.05\n무상감자\n보통주\n2,944\n5,000\n-\n감자비율 : 22.23%\n2017.04.05\n무상감자\n보통주\n11,278\n5,000\n-\n감자비율 : 100.00%\n2017.07.03\n출자전환\n보통주\n159,167\n5,000\n5,000\n제3자배정 증자\n2017.07.03\n출자전환\n보통주\n60,437\n5,000\n5,000\n제3자배정 증자\n2017.07.04\n무상감자\n보통주\n127,336\n5,000\n-\n감자비율 : 80.00%\n2017.07.05\n무상감자\n보통주\n7,075\n5,000\n-\n감자비율 : 22.23%\n2017.07.05\n무상감자\n보통주\n60,437\n5,000\n-\n감자비율 : 100.00%\n2018.01.02\n출자전환\n보통주\n44,414\n5,000\n5,000\n제3자배정 증자\n2018.01.02\n출자전환\n보통주\n7,034\n5,000\n5,000\n제3자배정 증자\n2018.01.03\n무상감자\n보통주\n35,532\n5,000\n-\n감자비율 : 80.00%\n2018.01.04\n무상감자\n보통주\n1,975\n5,000\n-\n감자비율 : 22.24%\n2018.01.04\n무상감자\n보통주\n7,034\n5,000\n-\n감자비율 : 100.00%\n2018.04.02\n출자전환\n보통주\n3,685\n5,000\n5,000\n제3자배정 증자\n2018.04.02\n출자전환\n보통주\n774\n5,000\n5,000\n제3자배정 증자\n2018.04.03\n무상감자\n보통주\n2,948\n5,000\n-\n감자비율 : 80.00%\n2018.04.04\n무상감자\n보통주\n164\n5,000\n-\n감자비율 : 22.25%\n2018.04.04\n무상감자\n보통주\n774\n5,000\n-\n감자비율 : 100.00%\n2018.10.01\n출자전환\n보통주\n39,345\n5,000\n5,000\n제3자배정 증자\n2018.10.01\n출자전환\n보통주\n6,357\n5,000\n5,000\n제3자배정 증자\n2018.10.02\n무상감자\n보통주\n31,477\n5,000\n-\n감자비율 : 80.00%\n2018.10.04\n무상감자\n보통주\n1,749\n5,000\n-\n감자비율 : 22.23%\n2018.10.04\n무상감자\n보통주\n6,357\n5,000\n-\n감자비율 : 100.00%\n2019.04.01\n출자전환\n보통주\n61,681\n5,000\n5,000\n제3자배정 증자\n2019.04.01\n출자전환\n보통주\n10,022\n5,000\n5,000\n제3자배정 증자\n2019.04.02\n무상감자\n보통주\n49,346\n5,000\n-\n감자비율 : 80.00%\n2019.04.03\n무상감자\n보통주\n2,743\n5,000\n-\n감자비율 : 22.24%\n2019.04.03\n무상감자\n보통주\n10,022\n5,000\n-\n감자비율 : 100.00%\n2019.07.01\n출자전환\n보통주\n36,931\n5,000\n5,000\n제3자배정 증자\n2019.07.01\n출자전환\n보통주\n6,039\n5,000\n5,000\n제3자배정 증자\n2019.07.02\n무상감자\n보통주\n29,547\n5,000\n-\n감자비율 : 80.01%\n2019.07.03\n무상감자\n보통주\n1,644\n5,000\n-\n감자비율 : 22.26%\n2019.07.03\n무상감자\n보통주\n6,039\n5,000\n-\n감자비율 : 100.00%\n4. 주식의 총수 등\n가. 주식의 총수 현황\n(기준일 :\xa0\n2019.09.30\n)\n(단위 : 주)\n구\xa0 분\n주식의 종류\n비고\n보통주\n우선주(종류주식)\n합계\n\xa0Ⅰ. 발행할 주식의 총수\n-\n25,000,000\n200,000,000\n-\n\xa0Ⅱ. 현재까지 발행한 주식의 총수\n140,113,411\n3,342,365\n143,455,776\n-\n\xa0Ⅲ. 현재까지 감소한 주식의 총수\n119,230,927\n3,116,633\n122,347,560\n-\n\xa01. 감자\n119,230,927\n3,116,633\n122,347,560\n-\n\xa02. 이익소각\n-\n-\n-\n-\n\xa03. 상환주식의 상환\n-\n-\n-\n-\n\xa04. 기타\n-\n-\n-\n-\n\xa0Ⅳ. 발행주식의 총수 (Ⅱ-Ⅲ)\n20,882,484\n225,732\n21,108,216\n-\n\xa0Ⅴ. 자기주식수\n4,291\n452\xa0\n4,743\n-\n\xa0Ⅵ. 유통주식수 (Ⅳ-Ⅴ)\n20,878,193\n225,280\n21,103,473\n-\n※ 당사가 발행할 주식의 종류는 기명식 보통주식과 기명식 종류주식으로 하며 종류주식은 우선주식, 의결권 배제주식 및 의결권 제한주식, 상환주식, 전환주식 및 이들의 전부 또는 일부를 혼합한 주식으로 합니다.※ 상기 ""V.자기주식수""에는 동부건설(단주) 58주가 제외되어있습니다.나. 자기주식 취득 및 처분 현황당사는 당분기 중 자기주식을 취득 및 처분한 내역이 없습니다.\n(기준일 :\xa0\n2019.09.30\n)\n(단위 : 주)\n취득방법\n주식의 종류\n기초수량\n변동 수량\n기말수량\n비고\n취득(+)\n처분(-)\n소각(-)\n배당가능이익범위이내취득\n직접취득\n장내 직접 취득\n보통주\n\xa0-\n-\n-\n-\n-\n-\n우선주\n-\n-\n-\n-\n-\n-\n장외직접 취득\n보통주\n-\n-\n-\n-\n-\n-\n우선주\n-\n-\n-\n-\n-\n-\n공개매수\n보통주\n-\n-\n-\n-\n-\n-\n우선주\n-\n-\n-\n-\n-\n-\n소계(a)\n보통주\n-\n-\n-\n-\n-\n-\n우선주\n-\n-\n-\n-\n-\n-\n신탁계약에 의한취득\n수탁자 보유물량\n보통주\n-\n-\n-\n-\n-\n-\n우선주\n-\n-\n-\n-\n-\n-\n현물보유물량\n보통주\n-\n-\n-\n-\n-\n-\n우선주\n-\n-\n-\n-\n-\n-\n소계(b)\n보통주\n-\n-\n-\n-\n-\n-\n우선주\n-\n-\n-\n-\n-\n-\n기타 취득(c)\n보통주\n4,291\n-\n-\n-\n4,291\n-\n우선주\n452\n-\n-\n-\n452\n-\n총 계(a+b+c)\n보통주\n4,291\n-\n-\n-\n4,291\n-\n우선주\n452\n-\n-\n-\n452\n-\n다. 종류주식(명칭) 발행현황\n(단위 : 원)\n발행일자\n1990년 06월 21일\n주당 발행가액(액면가액)\n9,973\n5,000\n발행총액(발행주식수)\n33,332,737,925\n3,342,365\n현재 잔액(현재 주식수)\n1,128,660,000\n225,732\n주식의내용\n이익배당에 관한 사항\n- 비참가적 비누적적 우선주로서 이익배당우선권이 존재하며 보통주 액면금액 대비 1% 차등 배당되는 우선주임\n잔여재산분배에 관한 사항\n-\n상환에관한 사항\n상환조건\n-\n상환방법\n-\n상환기간\n-\n주당 상환가액\n-\n1년 이내상환 예정인 경우\n-\n전환에관한 사항\n전환조건\n-\n전환청구기간\n-\n전환으로 발행할주식의 종류\n-\n전환으로발행할 주식수\n-\n의결권에 관한 사항\n- 의결권 없음(배당을 받지 못하는 경우에는 의결권 부활)\n기타 투자 판단에 참고할 사항\n- 상기 발행일자는 최초 발행일자이며 세부 발행내역은 다음과 같음1990년 06월 21일\xa0: CB전환\xa0\xa0 29,850 주1991년 12월 21일 :\xa0CB전환\xa0\xa0 1,200,000 주1992년 02월 27일 :\xa0CB전환\xa0\xa0 306,905 주1992년 03월 21일 :\xa0CB전환\xa0\xa0 503,016 주1993년 11월 30일 :\xa0CB전환\xa0\xa0 556,035 주1997년 01월 04일 :\xa0CB전환\xa0\xa0\xa0746,559 주2015년 07월 10일 : 감\xa0 \xa0 자\xa0\xa0 -1,887,590 주2015년 07월 31일 : 감\xa0 \xa0 자\xa0\xa0 -1,163,889 주2016년\xa009월 30일 : 감\xa0 \xa0 자\xa0 -65,154 주- 상기 주당발행가액 = 발행총액 ÷ 발행주식수- 상기 \'발행총액\'은 발행가액 기준이며, \'현재잔액\'은 액면가액 기준임\n5. 의결권 현황\n당사의 발행주식수는 총 21,108,216주(보통주 20,882,484주,\xa0우선주 225,732주)이며,\xa0의결권 있는 주식수는 정관 및 기타 법률 등에 의하여 의결권 행사가 제한된\xa0230,081주를 제외한 20,878,135주 입니다.\n(기준일 :\xa0\n2019.09.30\n)\n(단위 : 주)\n구\xa0 \xa0\xa0 분\n주식의 종류\n주식수\n비고\n발행주식총수(A)\n보통주\n20,882,484\n-\n우선주\n225,732\n-\n의결권없는 주식수(B)\n보통주\n4,291\n상법 제369조2항 자기주식 등\n우선주\n225,732\xa0\n자기주식 452주 포함\n정관에 의하여 의결권 행사가 배제된 주식수(C)\n보통주\n-\n-\n우선주\n-\n-\n기타 법률에 의하여의결권 행사가 제한된 주식수(D)\n보통주\n58\n단주\n우선주\n-\n-\n의결권이 부활된 주식수(E)\n보통주\n-\n-\n우선주\n-\n-\n의결권을 행사할 수 있는 주식수(F = A - B - C - D + E)\n보통주\n20,878,135\n-\n우선주\n-\n-\n※ 우선주식에 대하여 소정의 배당을 하지 아니한다는 결의가 있는 경우에는 그 결의가 있는 총회의 다음 총회부터 그 우선적 배당을 한다는 결의가 있는 총회의 종료시까지 의결권이 있는 것으로 합니다.(정관 제7조의 3) ※ 2019.03.20. 개최된 정기주주총회에서 배당에 대한 결의가 있었으며, 정관 제7조의 3에 의거하여 정기주주총회 종료 후 우선주에 대한 의결권은 없습니다.\n6. 배당에 관한 사항 등\n가. 배당에 관한 사항\xa0\xa0\n동부건설㈜는 정관에 의거 이사회 결의 및 주주총회 결의를 통하여 배당을 실시하고 있으며, 배당가능이익 범위 내에서 회사의 지속적 성장을 위한 투자 및 주주가치 제고, 경영환경 등을 고려하여 적정수준의 배당을 결정하고 있습니다.\n배당과 관련한 회사의 정관 내용은 다음과 같습니다.\n구분\n내용\n제7조의2(우선주식)\n① 본회사는 참가적 우선주식 또는 비참가적 우선주식, 누적적 우선주식 또는 비누적적 우선주식을 발행할 수 있다. 위 우선주식은 배당에 있어 보통주식보다 우선적인 권리를 가진다.② 우선주식의 우선배당률에 대하여는 액면금액을 기준으로 하여 년1%이상으로 발행시에 이사회가 결정한다.③ 제2항의 우선주식에 대한 배당은 보통주식에 대한 배당을 하지 아니한 경우에는 우선주식에 대하여도 배당을 하지 아니할 수 있다.④ 우선주식의 존속기간은 이사회에서 정할 수 있고, 존속기간을 정한 경우 그 기간이 만료함과 동시에 보통주식으로 전환된다. 그러나 위 기간중 소정의 배당을 하지 못한 경우에는 소정의 배당을 완료할 때까지 그 기간을 연장한다. 이 경우 전환으로 인하여 발생하는 주식에 대한 이익의 배당에 관하여는 제11조의 2의 규정을 준용한다.\n제11조의2(신주의 배당기산일)\n회사가 유상증자, 무상증자 및 주식배당에 의하여 신주를 발행하는 경우 신주에 대한 이익의 배당에 관하여는 신주를 발행한 때가 속하는 영업년도의 직전영업년도말에 발행된 것으로 본다.\n제41조(주주배당금)\n① 주주배당금액은 금전과 주식으로 할 수 있다.② 제1항의 배당금은 매결산기말의 현재의 주주명부에 기재된 주주 또는 등록된 질권자에게 이를 지급한다.③ 제1항의 배당금은 지급개시일로부터 5년 이내에 지급의 청구가 없을 때에는 그 배당금은 청구권을 포기한 것으로 간주하여 이를 본회사의 소득으로 하며 미지급 배당금에는 이자를 부하지 아니한다.\xa0\n나. 최근 3사업 연도 배당에 관한 사항\n구\xa0\xa0 분\n주식의 종류\n당기\n전기\n전전기\n제51기 3분기\n제50기\n제49기\n주당액면가액(원)\n5,000\n5,000\n5,000\n(연결)당기순이익(백만원)\n29,084\n73,948\n96,280\n(별도)당기순이익(백만원)\n29,681\n73,837\n96,958\n(연결)주당순이익(원)\n1,380\n3,507\n4,572\n현금배당금총액(백만원)\n-\n6,338\n-\n주식배당금총액(백만원)\n-\n-\n-\n(연결)현금배당성향(%)\n-\n8.6\n-\n현금배당수익률(%)\n보통주\n-\n4.0\n-\n우선주\n-\n2.2\n-\n주식배당수익률(%)\n보통주\n-\n-\n-\n우선주\n-\n-\n-\n주당 현금배당금(원)\n보통주\n-\n300\n-\n우선주\n-\n350\n-\n주당 주식배당(주)\n보통주\n-\n-\n-\n우선주\n-\n-\n-\n※ (연결)당기순이익은 지배기업의 소유주지분 금액입니다.※ 제49기(전전기)는 종전 기준서인 K-IFRS 제1018호\'수익\', 제1011호\'건설계약\', 제1039호\'금융상품:인식과 측정\', 기업회계기준해석서 제2031호 \'수익:광고용역의 교환거래\', 제2113호\'고객충성제도\', 제2115호 \'부동산건설약정\', 제2118호 \'고객으로부터의 자산이전\'에 따라 작성되었으며, 제50기(전기)는 종전 기준서인 K-IFRS 제1017호\'리스\', 제2014호\'약정에 리스가 포함되어 있는지의 결정\', 제2015호\'운용리스: 인센티브\', 제2027호 \'법적 형식상의 리스를 포함하는 거래의 실질에 대한 평가\'에 따라 작성되었습니다.\n']"
