text
"[""\nIII. 재무에 관한 사항\n1. 요약재무정보\n가. 요약 연결재무정보\n요약 연결재무정보\n제 39 기 \xa0 \xa0 \xa0 \xa0 \xa02023.09.30 현재\n제 38 기 \xa0 \xa0 \xa0 \xa0 \xa02022.12.31 현재\n제 37 기 \xa0 \xa0 \xa0 \xa0 \xa02021.12.31 현재\n(단위 : 백만원)\n구 분\n제39기(2023년 9월말)\n제38기(2022년 12월말)\n제37기(2021년 12월말)\n[유동자산]\n473,341\n1,119,358\n711,541\n·현금및현금성자산\n128,636\n39,041\n16,578\n·매출채권및기타채권\n277,155\n995,042\n631,566\n·재고자산\n45,652\n60,023\n39,137\n·기타유동자산\n21,898\n25,252\n24,260\n[비유동자산]\n6,646,674\n6,358,772\n5,805,821\n·유형자산\n6,034,010\n5,799,527\n5,348,063\n·영업권이외의무형자산\n72,186\n76,916\n80,080\n·사용권자산\n142,116\n148,491\n147,527\n·관계기업및공동기업투자지분\n13,915\n15,772\n12,989\n·기타비유동자산\n384,447\n318,066\n217,162\n자산총계\n7,120,015\n7,478,130\n6,517,362\n[유동부채]\n1,591,230\n1,995,957\n1,514,682\n[비유동부채]\n3,795,592\n3,815,170\n3,179,501\n부채총계\n5,386,822\n5,811,127\n4,694,183\n[지배기업의 소유주에 귀속되는 자본]\n1,728,446\n1,662,207\n1,823,179\n·자본금\n57,894\n57,894\n57,894\n·주식발행초과금\n113,713\n113,713\n113,713\n·이익잉여금\n1,044,509\n1,229,630\n1,397,948\n·신종자본증권\n499,365\n249,803\n249,803\n·기타포괄손익누계액\n12,965\n11,167\n3,821\n[비지배지분]\n4,747\n4,796\n-\n자본총계\n1,733,193\n1,667,003\n1,823,179\n종속·관계·공동기업 투자주식의 평가방법\n지분법\n지분법\n지분법\n구 분\n제39기(2023.01.01 ~2023.09.30)\n제38기(2022.01.01 ~2022.12.31)\n제37기(2021.01.01 ~2021.12.31)\n매출액\n2,915,227\n4,173,027\n2,536,798\n영업이익\n(178,616)\n(403,894)\n39,686\n계속영업이익(손실)\n(180,680)\n(183,979)\n21,459\n당기순이익(손실)\n(180,680)\n(183,979)\n21,459\n지배기업소유주지분 당기순이익(손실)\n(180,630)\n(183,875)\n21,459\n비지배지분 당기순이익(손실)\n(50)\n(104)\n-\n기본주당순이익(손실)(원)\n(15,988)\n(16,347)\n1,399\n희석주당순이익(손실)(원)\n(15,988)\n(16,347)\n1,399\n연결에 포함된 회사수\n3\n3\n2\n주) ( )는 음의 표시임\n나. 요약 별도재무정보\n요약 별도재무정보\n제 39 기 \xa0 \xa0 \xa0 \xa0 \xa02023.09.30 현재\n제 38 기 \xa0 \xa0 \xa0 \xa0 \xa02022.12.31 현재\n제 37 기 \xa0 \xa0 \xa0 \xa0 \xa02021.12.31 현재\n(단위 : 백만원)\n구 분\n제39기(2023년 9월말)\n제38기(2022년 12월말)\n제37기(2021년 12월말)\n[유동자산]\n461,706\n1,107,492\n707,117\n·현금및현금성자산\n118,254\n28,179\n12,671\n·매출채권및기타채권\n277,107\n995,176\n631,647\n·재고자산\n45,652\n60,023\n39,137\n·기타유동자산\n20,693\n24,114\n23,662\n[비유동자산]\n6,650,760\n6,361,609\n5,807,961\n·유형자산\n6,030,385\n5,795,776\n5,347,152\n·영업권이외의무형자산\n71,993\n76,644\n79,794\n·사용권자산\n141,054\n147,156\n146,510\n·종속기업투자지분\n10,461\n9,949\n4,260\n·관계기업및공동기업투자지분\n13,915\n15,772\n12,989\n·기타비유동자산\n382,952\n316,312\n217,256\n자산총계\n7,112,466\n7,469,101\n6,515,078\n[유동부채]\n1,588,912\n1,992,458\n1,512,924\n[비유동부채]\n3,795,114\n3,814,437\n3,178,975\n부채총계\n5,384,026\n5,806,895\n4,691,899\n·자본금\n57,894\n57,894\n57,894\n·주식발행초과금\n113,713\n113,713\n113,713\n·이익잉여금\n1,044,503\n1,229,629\n1,397,948\n·신종자본증권\n499,365\n249,803\n249,803\n·기타포괄손익누계액\n12,965\n11,167\n3,821\n자본총계\n1,728,440\n1,662,206\n1,823,179\n종속·관계·공동기업 투자주식의 평가방법\n지분법\n지분법\n지분법\n구 분\n제39기(2023.01.01 ~2023.09.30)\n제38기(2022.01.01 ~2022.12.31)\n제37기(2021.01.01 ~2021.12.31)\n매출액\n2,915,167\n4,173,027\n2,536,798\n영업이익\n(179,231)\n(403,951)\n37,809\n계속영업이익(손실)\n(180,636)\n(183,876)\n21,459\n당기순이익(손실)\n(180,636)\n(183,876)\n21,459\n기본주당순이익(손실)(원)\n(15,989)\n(16,347)\n1,399\n희석주당순이익(손실)(원)\n(15,989)\n(16,347)\n1,399\n주) ( )는 음의 표시임\n2. 연결재무제표\n2-1.연결 재무상태표\n연결 재무상태표\n제 39 기 3분기말 2023.09.30 현재\n제 38 기말 \xa0 \xa0 \xa0 \xa0 \xa02022.12.31 현재\n(단위 : 원)\n\u3000\n제 39 기 3분기말\n제 38 기말\n자산\n\u3000\n\u3000\n\u3000유동자산\n473,341,156,960\n1,119,357,783,538\n\u3000\u3000현금및현금성자산\n128,636,545,897\n39,040,920,463\n\u3000\u3000유동금융자산\n13,195,018,655\n15,930,489,219\n\u3000\u3000매출채권및기타채권\n277,154,756,020\n995,041,964,200\n\u3000\u3000재고자산\n45,651,559,925\n60,022,548,457\n\u3000\u3000당기법인세자산\n258,246,703\n401,273,011\n\u3000\u3000유동비금융자산\n8,445,029,760\n8,920,588,188\n\u3000비유동자산\n6,646,674,227,775\n6,358,772,096,120\n\u3000\u3000비유동금융자산\n95,793,015,172\n91,721,603,507\n\u3000\u3000장기기타채권\n30,702,603,896\n19,380,266,022\n\u3000\u3000유형자산\n6,034,009,851,145\n5,799,526,887,532\n\u3000\u3000영업권 이외의 무형자산\n72,186,319,280\n76,916,015,909\n\u3000\u3000사용권자산\n142,115,608,833\n148,490,694,487\n\u3000\u3000관계기업및공동기업 투자지분\n13,915,051,493\n15,771,962,689\n\u3000\u3000순확정급여자산\n45,952,646,291\n53,780,925,714\n\u3000\u3000이연법인세자산\n193,565,604,106\n139,315,837,674\n\u3000\u3000비유동비금융자산\n18,433,527,559\n13,867,902,586\n\u3000자산총계\n7,120,015,384,735\n7,478,129,879,658\n부채\n\u3000\n\u3000\n\u3000유동부채\n1,591,230,290,703\n1,995,956,430,903\n\u3000\u3000매입채무및기타채무\n269,903,730,886\n1,079,270,211,554\n\u3000\u3000유동 리스부채\n9,745,991,424\n8,519,555,066\n\u3000\u3000유동금융부채\n1,199,778,261,963\n789,862,667,154\n\u3000\u3000유동비금융부채\n56,095,632,877\n53,773,438,898\n\u3000\u3000유동충당부채\n55,691,573,799\n64,445,122,972\n\u3000\u3000당기법인세부채\n15,099,754\n85,435,259\n\u3000비유동부채\n3,795,592,380,590\n3,815,170,347,398\n\u3000\u3000비유동매입채무및기타채무\n15,573,413\n0\n\u3000\u3000비유동 리스부채\n106,300,580,222\n111,750,942,970\n\u3000\u3000비유동금융부채\n2,642,604,965,817\n2,670,039,458,168\n\u3000\u3000비유동비금융부채\n1,046,651,671,138\n1,033,360,356,260\n\u3000\u3000비유동충당부채\n19,590,000\n19,590,000\n\u3000부채총계\n5,386,822,671,293\n5,811,126,778,301\n자본\n\u3000\n\u3000\n\u3000지배기업의 소유주에게 귀속되는 자본\n1,728,445,670,054\n1,662,206,626,412\n\u3000\u3000납입자본\n171,607,176,452\n171,607,176,452\n\u3000\u3000\u3000자본금, 보통주\n57,893,720,000\n57,893,720,000\n\u3000\u3000\u3000주식발행초과금\n113,713,456,452\n113,713,456,452\n\u3000\u3000이익잉여금(결손금)\n1,044,508,106,309\n1,229,630,353,248\n\u3000\u3000\u3000이익준비금\n28,946,860,000\n28,946,860,000\n\u3000\u3000\u3000기타법정적립금\n541,480,931,553\n541,480,931,553\n\u3000\u3000\u3000임의적립금\n659,202,434,491\n818,291,899,326\n\u3000\u3000\u3000미처분이익잉여금(미처리결손금)\n(185,122,119,735)\n(159,089,337,631)\n\u3000\u3000신종자본증권\n499,364,905,840\n249,802,525,840\n\u3000\u3000기타자본구성요소\n12,965,481,453\n11,166,570,872\n\u3000\u3000\u3000기타포괄손익누계액\n12,965,481,453\n11,166,570,872\n\u3000비지배지분\n4,747,043,388\n4,796,474,945\n\u3000자본총계\n1,733,192,713,442\n1,667,003,101,357\n자본과부채총계\n7,120,015,384,735\n7,478,129,879,658\n2-2.연결 포괄손익계산서\n연결 포괄손익계산서\n제 39 기 3분기 2023.01.01 부터 2023.09.30 까지\n제 38 기 3분기 2022.01.01 부터 2022.09.30 까지\n(단위 : 원)\n\u3000\n제 39 기 3분기\n제 38 기 3분기\n3개월\n누적\n3개월\n누적\n매출액\n607,336,687,738\n2,915,226,955,840\n710,814,566,143\n2,637,104,081,072\n매출원가\n628,516,289,748\n3,024,122,549,890\n741,797,872,637\n2,836,739,446,588\n매출총이익\n(21,179,602,010)\n(108,895,594,050)\n(30,983,306,494)\n(199,635,365,516)\n판매비와관리비\n23,192,687,569\n69,720,483,998\n26,452,091,575\n78,218,421,389\n영업이익(손실)\n(44,372,289,579)\n(178,616,078,048)\n(57,435,398,069)\n(277,853,786,905)\n기타수익\n9,885,596,124\n12,363,458,425\n4,579,329,122\n7,758,313,944\n기타비용\n3,667,255,723\n5,495,944,227\n1,957,136,219\n4,256,500,368\n기타이익(손실)\n(598,875,933)\n(2,217,049,589)\n(740,920,033)\n(2,219,965,683)\n금융수익\n1,213,567,699\n3,390,216,818\n2,451,351,481\n4,118,900,179\n금융원가\n21,946,366,802\n63,406,301,131\n16,550,518,993\n45,690,214,076\n관계기업과 공동기업 관련 손익\n99,525,671\n(65,911,196)\n(521,640,500)\n2,721,902,382\n법인세비용차감전순이익(손실)\n(59,386,098,543)\n(234,047,608,948)\n(70,174,933,211)\n(315,421,350,527)\n법인세비용(수익)\n(13,191,205,202)\n(53,367,851,702)\n(62,935,641,292)\n(82,577,547,155)\n분기순이익(손실)\n(46,194,893,341)\n(180,679,757,246)\n(7,239,291,919)\n(232,843,803,372)\n세후기타포괄손익\n2,079,276,448\n1,798,910,581\n2,112,880,124\n10,599,084,593\n\u3000후속적으로 당기손익으로 재분류되지 않는 기타포괄손익\n0\n0\n0\n0\n\u3000후속적으로 당기손익으로 재분류되는 기타포괄손익\n2,079,276,448\n1,798,910,581\n2,112,880,124\n10,599,084,593\n\u3000\u3000현금흐름위험회피로 인한 손익\n2,079,276,448\n1,798,910,581\n2,112,880,124\n10,599,084,593\n총포괄손익\n(44,115,616,893)\n(178,880,846,665)\n(5,126,411,795)\n(222,244,718,779)\n분기순손실의 귀속\n\u3000\n\u3000\n\u3000\n\u3000\n\u3000지배기업의 소유주에게 귀속되는 순손실\n(46,184,398,763)\n(180,630,325,689)\n(7,252,144,774)\n(232,775,636,004)\n\u3000비지배지분에 귀속되는 순손실\n(10,494,578)\n(49,431,557)\n12,852,855\n(68,167,368)\n총포괄손익의 귀속\n\u3000\n\u3000\n\u3000\n\u3000\n\u3000지배기업의 소유주에게 귀속되는 총포괄손익\n(44,105,122,315)\n(178,831,415,108)\n(5,139,264,650)\n(222,176,551,411)\n\u3000비지배지분에 귀속되는 총포괄손익\n(10,494,578)\n(49,431,557)\n12,852,855\n(68,167,368)\n지배기업 지분에 대한 주당이익(손실)\n\u3000\n\u3000\n\u3000\n\u3000\n\u3000기본주당이익(손실) (단위 : 원)\n(4,146.00)\n(15,988.00)\n(740.00)\n(20,445.0)\n\u3000희석주당이익(손실) (단위 : 원)\n(4,146.00)\n(15,988.00)\n(740.00)\n(20,445.0)\n2-3.연결 자본변동표\n연결 자본변동표\n제 39 기 3분기 2023.01.01 부터 2023.09.30 까지\n제 38 기 3분기 2022.01.01 부터 2022.09.30 까지\n(단위 : 원)\n\u3000\n자본\n지배기업의 소유주에게 귀속되는 지분\n비지배지분\n자본 합계\n납입자본\n이익잉여금\n신종자본증권\n기타자본구성요소\n지배기업의 소유주에게 귀속되는 지분 합계\n2022.01.01 (기초자본)\n171,607,176,452\n1,397,947,949,847\n249,802,525,840\n3,821,191,342\n1,823,178,843,481\n0\n1,823,178,843,481\n자본의 변동\n포괄손익의 변동\n분기순이익(손실)\n0\n(232,775,636,004)\n0\n0\n(232,775,636,004)\n(68,167,368)\n(232,843,803,372)\n기타포괄손익\n후속적으로 당기손익으로 재분류되지 않는 기타포괄손익\n0\n0\n0\n0\n0\n0\n0\n후속적으로 당기손익으로 재분류되는 기타포괄손익\n현금흐름위험회피로 인한 손익\n0\n0\n0\n10,599,084,593\n10,599,084,593\n0\n10,599,084,593\n자본에 직접 반영된 소유주와의 거래\n배당\n0\n(9,228,258,968)\n0\n0\n(9,228,258,968)\n0\n(9,228,258,968)\n신종자본증권 분배금\n0\n(3,948,232,500)\n0\n0\n(3,948,232,500)\n0\n(3,948,232,500)\n신종자본증권의 발행\n0\n0\n0\n0\n0\n0\n0\n연결대상범위의 변동\n0\n0\n0\n0\n0\n4,900,000,000\n4,900,000,000\n2022.09.30 (기말자본)\n171,607,176,452\n1,151,995,822,375\n249,802,525,840\n14,420,275,935\n1,587,825,800,602\n4,831,832,632\n1,592,657,633,234\n2023.01.01 (기초자본)\n171,607,176,452\n1,229,630,353,248\n249,802,525,840\n11,166,570,872\n1,662,206,626,412\n4,796,474,945\n1,667,003,101,357\n자본의 변동\n포괄손익의 변동\n분기순이익(손실)\n0\n(180,630,325,689)\n0\n0\n(180,630,325,689)\n(49,431,557)\n(180,679,757,246)\n기타포괄손익\n후속적으로 당기손익으로 재분류되지 않는 기타포괄손익\n0\n0\n0\n0\n0\n0\n0\n후속적으로 당기손익으로 재분류되는 기타포괄손익\n현금흐름위험회피로 인한 손익\n0\n0\n0\n1,798,910,581\n1,798,910,581\n0\n1,798,910,581\n자본에 직접 반영된 소유주와의 거래\n배당\n0\n0\n0\n0\n0\n0\n0\n신종자본증권 분배금\n0\n(4,491,921,250)\n0\n0\n(4,491,921,250)\n0\n(4,491,921,250)\n신종자본증권의 발행\n0\n0\n249,562,380,000\n0\n249,562,380,000\n0\n249,562,380,000\n연결대상범위의 변동\n0\n0\n0\n0\n0\n0\n0\n2023.09.30 (기말자본)\n171,607,176,452\n1,044,508,106,309\n499,364,905,840\n12,965,481,453\n1,728,445,670,054\n4,747,043,388\n1,733,192,713,442\n2-4.연결 현금흐름표\n연결 현금흐름표\n제 39 기 3분기 2023.01.01 부터 2023.09.30 까지\n제 38 기 3분기 2022.01.01 부터 2022.09.30 까지\n(단위 : 원)\n\u3000\n제 39 기 3분기\n제 38 기 3분기\n영업활동으로 인한 현금흐름\n(80,488,183,062)\n64,039,090,973\n\u3000분기순이익(손실)\n(180,679,757,246)\n(232,843,803,372)\n\u3000비현금항목의 조정\n238,908,307,415\n183,981,303,617\n\u3000\u3000법인세수익\n(53,367,851,702)\n(82,577,547,155)\n\u3000\u3000퇴직급여\n5,937,043,266\n11,837,684,210\n\u3000\u3000감가상각비\n224,437,391,726\n205,292,004,735\n\u3000\u3000무형자산상각비\n7,486,931,168\n7,251,219,419\n\u3000\u3000대손상각비\n303,429,057\n33,608\n\u3000\u3000대손충당금 환입\n0\n(50,303,803)\n\u3000\u3000기타의 대손상각비\n388,961,849\n0\n\u3000\u3000기타의 대손충당금환입\n(1,987,775,680)\n(294,160,162)\n\u3000\u3000외화환산손실\n374,262\n32,212,223\n\u3000\u3000외화환산이익\n(5,284,262)\n0\n\u3000\u3000유형자산처분손실\n2,331,634,626\n2,004,262,473\n\u3000\u3000유형자산처분이익\n(277,037,546)\n(422,421,244)\n\u3000\u3000무형자산처분손실\n140,983,048\n819,386\n\u3000\u3000공사부담금수익\n(34,031,067,653)\n(31,386,507,627)\n\u3000\u3000관계기업및공동기업투자평가이익\n(1,018,855,905)\n(4,560,051,389)\n\u3000\u3000관계기업및공동기업투자평가손실\n1,084,767,101\n1,838,149,007\n\u3000\u3000충당부채전입액\n27,466,850,299\n33,030,460,976\n\u3000\u3000유형자산손상차손\n0\n483,238,789\n\u3000\u3000당기손익-공정가치측정금융자산평가손실\n0\n88,745,616\n\u3000\u3000잡이익\n0\n(68,594,649)\n\u3000\u3000파생상품평가손실\n3,674,180\n0\n\u3000\u3000파생상품평가이익\n(364,141)\n(38,814,729)\n\u3000\u3000이자비용\n63,406,301,131\n45,601,468,460\n\u3000\u3000이자수익\n(3,390,211,178)\n(4,118,370,179)\n\u3000\u3000잡손실\n0\n38,305,652\n\u3000\u3000배당금수익\n0\n(530,000)\n\u3000\u3000리스변경이익\n(1,586,231)\n0\n\u3000자산 및 부채의 변동\n(70,302,107,518)\n161,238,400,152\n\u3000\u3000매출채권\n626,946,813,358\n242,892,650,505\n\u3000\u3000미수금\n77,026,028,200\n41,573,077,296\n\u3000\u3000선급금\n1,227,975,014\n8,022,603,309\n\u3000\u3000선급비용\n(1,752,096,721)\n4,759,734,936\n\u3000\u3000재고자산\n14,370,988,532\n15,709,900,588\n\u3000\u3000단기금융상품\n15,000\n0\n\u3000\u3000기타유동비금융자산\n0\n(177,594,560)\n\u3000\u3000매입채무\n(794,256,786,116)\n(165,597,071,694)\n\u3000\u3000미지급금\n(8,580,799,175)\n(12,487,109,968)\n\u3000\u3000미지급비용\n(598,649,735)\n(1,174,694,934)\n\u3000\u3000선수금\n(1,804,589,025)\n455,629,547\n\u3000\u3000선수수익\n65,379\n44,610,731\n\u3000\u3000예수금\n2,060,240,589\n(6,833,054,992)\n\u3000\u3000기타의유동부채\n34,214,851\n388,049,918\n\u3000\u3000충당부채\n(36,220,399,472)\n(41,887,381,302)\n\u3000\u3000공사부담금의 수령(이연수익)\n49,345,812,694\n74,650,985,413\n\u3000\u3000기타의비유동부채\n7,822,952\n(83,158,794)\n\u3000\u3000퇴직금의 지급\n1,891,236,157\n981,224,153\n\u3000이자의 수취\n2,719,972,651\n1,360,976,690\n\u3000이자의 지급\n(72,944,231,542)\n(49,627,404,567)\n\u3000배당금의 수취\n1,791,000,000\n1,262,000,000\n\u3000법인세의 환급(납부)\n18,633,178\n(1,332,381,547)\n투자활동으로 인한 현금흐름\n(446,986,351,871)\n(386,279,999,632)\n\u3000당기손익-공정가치측정금융자산의 취득\n(37,500,000)\n(10,839,367,626)\n\u3000단기금융상품의 처분\n900,000,000\n(900,000,000)\n\u3000단기금융상품의 취득\n(1,000,000,000)\n0\n\u3000유형자산의 처분\n1,006,249,143\n1,798,593,931\n\u3000유형자산의 취득\n(451,120,086,685)\n(358,793,609,979)\n\u3000무형자산의 처분\n147,681,818\n43,801,170\n\u3000무형자산의 취득\n(139,894,524)\n(1,220,250,621)\n\u3000장기보증금 감소\n9,513,780,130\n4,994,132,720\n\u3000장기보증금 증가\n(7,461,800,000)\n(9,431,515,270)\n\u3000장기대여금의 회수\n10,940,402,517\n10,002,504,553\n\u3000장기대여금의 대여\n(9,735,184,270)\n(18,164,288,510)\n\u3000관계기업투자지분의 취득\n0\n(3,770,000,000)\n재무활동으로 인한 현금흐름\n617,070,160,367\n330,283,881,537\n\u3000신종자본증권의 발행\n250,000,000,000\n0\n\u3000신종자본증권발행비의 지급\n(437,620,000)\n0\n\u3000단기차입금의 차입\n1,537,154,757,843\n450,000,000,000\n\u3000단기차입금의 상환\n(1,527,154,757,843)\n(580,288,013,825)\n\u3000유동성사채의 상환\n(160,000,000,000)\n(280,000,000,000)\n\u3000장기차입금의 차입\n2,550,000,000\n0\n\u3000사채의 발행\n530,000,000,000\n760,000,000,000\n\u3000사채발행비의 지급\n(960,043,200)\n(1,304,280,000)\n\u3000리스부채의 상환\n(8,240,926,433)\n(8,586,815,670)\n\u3000신종자본증권의 분배금\n(5,841,250,000)\n(5,208,750,000)\n\u3000배당금 지급\n0\n(9,228,258,968)\n\u3000연결범위의 변동\n0\n4,900,000,000\n현금및현금성자산의 증가\n89,595,625,434\n8,042,972,878\n기초현금및현금성자산\n39,040,920,463\n16,577,943,720\n분기말의 현금및현금성자산\n128,636,545,897\n24,620,916,598\n3. 연결재무제표 주석\n제 39(당) 기 3분기 : 2023년 9월 30일 현재\n제 38(전) 기 3분기 : 2022년 9월 30일 현재\n한국지역난방공사와 그 종속기업\n1. 일반사항 한국지역난방공사(이하 '지배기업')와 그 종속기업(이하 지배기업과 그 종속기업을 '연결실체')의 현황은 다음과 같습니다.1-1 지배기업의 개요지배기업은 집단에너지사업법에 의하여 1985년 11월 1일 설립되어 집단에너지 공급을 주요 사업으로 하고 있으며, 본사는 경기도 성남시에 소재하고 있습니다. 지배기업은 2010년 1월 29일자로 한국거래소에 상장되었으며, 보고기간종료일 현재 주요 주주는 대한민국 정부(34.5%), 한국전력공사(19.6%), 한국에너지공단(10.5%) 및 서울특별시(10.4%)입니다.\n1-2 종속기업 현황당분기말 현재 연결대상 종속기업의 현황은 다음과 같습니다.\n(단위:천원,주)\n기업명\n자본금\n발행주식수\n투자주식수\n지분율(%)\n지역난방안전(주)\xa0\n900,000\n180,000\n180,000\n100\n지역난방플러스(주)\n400,000\n80,000\n80,000\n100\n(주)힘이되는나무\n10,000,000\n2,000,000\n1,020,000\n51\n한편, 당분기 중 연결대상 종속기업의 변동은 없습니다.1-3 종속기업 요약 재무정보당분기말 현재 종속기업의 요약 재무정보는 다음과 같습니다.\n(단위:천원)\n기업명\n자산총액\n부채총액\n매출액\n분기순손익\n지역난방안전(주)\n7,138,535\n2,960,078\n12,196,206\n533,310\n지역난방플러스(주)\n4,035,270\n2,693,740\n12,176,267\n52,646\n(주)힘이되는나무\n9,688,309\n465\n-\n(100,881)\n2. 중요한 회계정책 및 재무제표 작성기준 \xa0 \n2-1 연결재무제표의 작성기준연결실체의 요약분기연결재무제표는 '주식회사 등의 외부감사에 관한 법률'에 따라 제정된 한국채택국제회계기준 기업회계기준서 제1034호에 따라 작성되었습니다.\xa0\n중간재무제표는 연차재무제표에 기재할 것으로 요구되는 모든 정보 및 주석사항을 포함하고 있지 아니하므로, 2022년 12월 31일로 종료되는 회계기간에 대한 연차재무제표의 정보도 함께 참고하여야 합니다.\n2-2 연결실체가 채택한 제ㆍ개정 기준서 및 해석서연결실체는 2023년 1월 1일로 개시하는 회계기간부터 다음의 제ㆍ개정 기준서 및 해석서를 신규로 적용하였습니다.\xa0\n(1) 기업회계기준서 제1001호 '재무제표 표시' - '회계정책'의 공시\n중요한 회계정책 정보를 정의하고 이를 공시하도록 하였습니다. 해당 기준서의 개정이 연결재무제표에 미치는 중요한 영향은 없습니다.\n(2) 기업회계기준서 제1001호 ' 재무제표 표시 ' - 행사가격 조정 조건이 있는 금융부채 평가손익 공시 발행자의 주가 변동에 따라 행사가격이 조정되는 조건이 있는 금융상품의 전부나 일부가 금융부채로 분류되는 경우 그 금융부채의 장부금액과 관련 손익을 공시하도록 하였습니다. 해당 기준서의 개정이 연결재무제표에 미치는 중요한 영향은 없습니다.\n(3) 기업회계기준서 제1008호 '회계정책, 회계추정의 변경 및 오류' - '회계추정'의 정의\xa0\n회계추정을 정의하고, 회계정책의 변경과 구별하는 방법을 명확히 하였습니다. 해당 기준서의 개정이 연결재무제표에 미치는 중요한 영향은 없습니다.\n(4) 기업회계기준서 제1012호 '법인세' - \xa0단일거래에서 생기는 자산과 부채에 대한 이연법인세 자산 또는 부채가 최초로 인식되는 거래의 최초 인식 예외 요건에 거래시점 동일한 가산할 일시적차이와 차감할 일시적차이를 발생시키지 않는 거래라는 요건을 추가하였습니다. 해당 기준서의 개정이 연결재무제표에 미치는 중요한 영향은 없습니다.\n(5) 기업회계기준서 제1117호 '보험계약' 제정\xa0\n기업회계기준서 제1117호 '보험계약'은 기업회계기준서 제1104호 '보험계약'을 대체합니다. 보험계약에 따른 모든 현금흐름을 추정하고 보고시점의 가정과 위험을 반영한 할인율을 사용하여 보험부채를 측정하고, 매 회계연도별로 계약자에게 제공한 서비스(보험보장)를 반영하여 수익을 발생주의로 인식하도록 합니다. 또한, 보험사건과 관계없이 보험계약자에게 지급하는 투자요소(해약/만기환급금)는 보험수익에서 제외하며, 보험손익과 투자손익을 구분 표시하여 정보이용자가 손익의 원천을 확인할 수 있도록 하였습니다. 해당 기준서의 제정이 연결재무제표에 미치는 중요한 영향은 없습니다.\n2-3 연결실체가 적용하지 않은 제ㆍ개정 기준서 및 해석서\xa0\n제정 또는 공표되었으나 시행일이 도래하지 않아 적용하지 아니한 제ㆍ개정 기준서 및 해석서는 다음과 같습니다.\n(1) 기업회계기준서 제1001호 '재무제표 표시' 개정 - 부채의 유동/비유동 분류, 약정사항이 있는 비유동부채\n보고기간말 현재 존재하는 실질적인 권리에 따라 유동 또는 비유동으로 분류되며, 부채의 결제를 연기할 수 있는 권리의 행사가능성이나 경영진의 기대는 고려하지 않습 니다. 또한, 부채의 결제에 자기지분상품의 이전도 포함되나, 복합금융상품에서 자기지분상품으로 결제하는 옵션이 지분상품의 정의를 충족하여 부채와 분리하여 인식된경우는 제외됩니다. 또한, 기업이 보고기간말 후에 준수해야하는 약정은 보고기간말에 해당 부채의 분류에 영향을 미치지 않으며, 보고기간 이후 12개월 이내 약정사항을 준수해야하는 부채가 보고기간말 현재 비유동부채로 분류된 경우 보고기간 이후 12개월 이내 부채가 상환될 수 있는 위험에 관한 정보를 공시해야 합니다. 동 개정사항은 2024년 1월 1일 이후 시작하는 회계연도부터 적용되며, 조기적용이 허용됩니다. 연결실체는 동 개정으로 인한 연결재무제표의 영향을 검토 중에 있습니다.\n2-4 회계정책\n요약분기연결재무제표의 작성에 적용된 유의적 회계정책과 계산방법은 주석 2-2에서 설명하는 제ㆍ개정 기준서의 적용으로 인한 변경 및 아래 문단에서 설명하는 사항을 제외하고는 전기 연결재무제표 작성에 적용된 회계정책이나 계산방법과 동일합니다.\n중간기간의 법인세비용은 전체 회계연도에 대해서 예상되는 최선의 가중평균연간법인세율, 즉 추정평균연간유효법인세율을 중간기간의 세전이익에 적용하여 계산합니다.\n2-5 중요한 회계추정 및 가정연결실체는 미래에 대하여 추정 및 가정을 하고 있습니다. 추정 및 가정은 지속적으로 평가되며, 과거 경험과 현재의 상황에서 합리적으로 예측가능한 미래의 사건과 같은 다른 요소들을 고려하여 이루어집니다. 이러한 회계추정은 실제 결과와 다를 수도있습니다.\n요약분기연결재무제표 작성시 사용된 중요한 회계추정 및 가정은 전기연결재무제표 작성에 적용된 회계추정 및 가정과 동일합니다.\n3. 영업부문별 보고 \xa0\n3-1 연결실체의 보고부문연결실체의 보고부문은 열과 전기, 냉수의 3개 영업부문으로 구성되어 있습니다. 그러나, 연결실체의 업종특성상 열과 전기, 냉수가 직접적으로 구분이 불가능하고 각 영업단위별로 요구되는 기술과 마케팅전략이 유사합니다. 또한, 연결실체의 회계시스템에서는 매출액부터 영업이익 단계까지만 구분이 가능합니다.3-2 부문당기손익 \xa0 \xa0당분기 및 전분기 중 부문당기손익은 다음과 같습니다.\n(1) 당분기\n(단위:천원)\n구 \xa0분\n외부고객으로부터의 수익\n보고부문영업이익(손실)\n감가상각비 및 무형자산상각비\n3개월\n9개월\n3개월\n9개월\n3개월\n9개월\n열 (*)\n134,425,561\n964,294,567\n(47,641,694)\n(187,969,634)\n51,172,935\n154,184,906\n전기 (*)\n458,587,492\n1,925,374,582\n2,923,034\n12,544,278\n24,673,410\n68,967,088\n냉수\n14,323,635\n25,557,807\n346,370\n(3,190,722)\n2,977,022\n8,772,329\n합 \xa0계\n607,336,688\n2,915,226,956\n(44,372,290)\n(178,616,078)\n78,823,367\n231,924,323\n(*) 당분기 중 자산을 의도한 방식으로 사용하기 전에 발생한 열 판매 매출액 2,213백만원 및 매출원가 2,991백만원과 전기 판매 매출액 7,813백만원 및 매출원가 10,397백만원이 포함되어 있습니다.(2) 전분기\n(단위:천원)\n구 \xa0분\n외부고객으로부터의 수익\n보고부문영업이익(손실)\n감가상각비 및 무형자산상각비\n3개월\n9개월\n3개월\n9개월\n3개월\n9개월\n열\n115,194,260\n804,326,502\n(66,888,948)\n(272,218,899)\n46,712,419\n140,257,640\n전기\n581,620,426\n1,807,710,789\n6,827,785\n(6,409,379)\n22,915,953\n64,230,556\n냉수\n13,999,878\n25,066,790\n2,625,765\n774,491\n2,742,398\n8,055,028\n합 \xa0계\n710,814,564\n2,637,104,081\n(57,435,398)\n(277,853,787)\n72,370,770\n212,543,224\n3-3 영업의 계절적 특성연결실체의 열 매출은 난방용 수요로 인하여 동절기에 높고, 하절기에 낮은 특성을 나타내고 있으며, 당기에도 동절기의 매출 및 영업이익이 하절기에 비하여 높을 것으로 기대됩니다.\n3-4 주요 고객에 대한 정보당분기 및 전분기 중 매출액의 10% 이상을 차지하는 외부 고객은 전기 제품과 관련된 고객이며, 동 고객으로부터의 매출액은 1,842,861백만원(전분기: 1,744,702백만원)입니다.\n3-5 지역정보연결실체의 수익은 전액 국내에서 발생하였습니다.\n4. 매출채권및기타채권 \xa0보고기간종료일 현재 매출채권및기타채권의 내역은 다음과 같습니다.\n(단위:천원)\n구 \xa0분\n당분기말\n전기말\n채권액\n대손충당금\n현재가치할인차금\n장부금액\n채권액\n대손충당금\n현재가치할인차금\n장부금액\n유동자산:\n\xa0 \xa0매출채권\n223,784,978\n(1,245,656)\n\u3000-\n222,539,322\n850,755,734\n(966,170)\n-\n849,789,564\n\xa0 \xa0기타채권(*)\n55,890,218\n(1,274,784)\n-\n54,615,434\n146,138,231\n(885,831)\n-\n145,252,400\n소 \xa0 계\n279,675,196\n(2,520,440)\n-\n277,154,756\n996,893,965\n(1,852,001)\n-\n995,041,964\n비유동자산:\n\xa0 \xa0기타채권(*)\n30,722,606\n-\n(20,002)\n30,702,604\n19,403,245\n-\n(22,979)\n19,380,266\n합 \xa0계\n310,397,802\n(2,520,440)\n(20,002)\n307,857,360\n1,016,297,210\n(1,852,001)\n(22,979)\n1,014,422,230\n(*) \xa0기타채권은 미수금과 미수수익, 보증금으로 구성되어 있습니다.\n5. 유형자산 \xa0 \xa0 \n5-1 유형자산의 변동내역 \xa0 \xa0당분기 및 전분기 중 유형자산 장부금액의 변동내역은 다음과 같습니다.(1) 당분기\n(단위:천원)\n구 \xa0분\n기초\n취득(*1)\n처분\n감가상각\n대체(*2)\n분기말\n토지\n1,052,884,397\n4,431\n(158,410)\n-\n-\n1,052,730,418\n건물\n548,360,161\n-\n(271,761)\n(14,670,230)\n17,098,164\n550,516,334\n구축물\n173,598,014\n48,220\n(20,680)\n(8,087,964)\n18,207,487\n183,745,077\n기계장치\n3,414,409,402\n8,579,969\n(2,275,329)\n(181,844,988)\n357,919,722\n3,596,788,776\n차량운반구\n1,341,461\n-\n-\n(445,066)\n-\n896,395\n건설중인자산\n580,627,617\n439,461,662\n(322,173)\n-\n(397,548,106)\n622,219,000\n집기와비품\n15,430,503\n557,863\n(6,960)\n(4,656,148)\n838,507\n12,163,765\n공구와기구\n12,761,296\n5,835,180\n(5,534)\n(4,286,346)\n578,221\n14,882,817\n기타의유형자산\n114,037\n-\n-\n(46,768)\n-\n67,269\n합 \xa0계\n5,799,526,888\n454,487,325\n(3,060,847)\n(214,037,510)\n(2,906,005)\n6,034,009,851\n(*1) 선급금 및 미지급금의 변동 9,255백만원, 차입원가 자본화 12,621백만원 등이 포함되어 있습니다.(*2) 유형자산 중 2,906백만원은 무형자산으로 대체되었습니다.\n(2) 전분기\n(단위:천원)\n구 \xa0분\n기초\n취득(*1)\n처분\n감가상각\n대체(*2)\n손상\n분기말\n토지\n1,029,014,929\n2,046,138\n(49,204)\n-\n20,974,332\n-\n1,051,986,195\n건물\n505,751,201\n-\n(209,265)\n(13,313,579)\n2,639,725\n-\n494,868,082\n구축물\n169,794,877\n57,372\n(658,338)\n(7,767,368)\n853,415\n-\n162,279,958\n기계장치\n3,182,090,451\n36,268,202\n(2,364,490)\n(164,659,768)\n254,391,381\n(389,087)\n3,305,336,689\n차량운반구\n1,748,846\n148,176\n(55,063)\n(447,221)\n16\n-\n1,394,754\n건설중인자산\n428,115,010\n318,463,209\n(27,098)\n-\n(281,179,825)\n(69,649)\n465,301,647\n집기와비품\n17,760,877\n1,788,687\n(9,685)\n(4,880,883)\n113,758\n(4,299)\n14,768,455\n공구와기구\n13,724,091\n3,292,507\n(7,291)\n(4,352,179)\n(33)\n(20,203)\n12,636,892\n기타의유형자산\n62,526\n85,400\n-\n(16,165)\n-\n-\n131,761\n합 \xa0계\n5,348,062,808\n362,149,691\n(3,380,434)\n(195,437,163)\n(2,207,231)\n(483,238)\n5,508,704,433\n(*1) 미지급금의 변동 3,546백만원, 차입원가 자본화 6,902백만원 등이 포함되어 있습니다.(*2) 유형자산 중 2,720백만원은 무형자산으로, 장기보증금에서 건설중인자산으로 268백만원, 저장품에서 기계장치로 219백만원이 대체되었습니다.\n5-2 담보로 제공된 자산당분기말 현재 개성공단 사업 관련 채무를 위하여 담보로 제공되어 있는 건설중인자산의 내역은 다음과 같습니다.\n(단위:천원)\n담보제공처\n담보제공자산\n대상채무(*1)\n장부금액(*2)\n채권최고액\n한국수출입은행\n토지이용권\n7,000,000\n6,482,000\n9,100,000\n(*1) 장기예수금으로 계상되어 있는 보험금 수령액입니다.(*2) 손상차손 반영 후의 장부금액입니다.\xa0\n6. 영업권이외의무형자산 당분기 및 전분기 중 영업권이외의무형자산 장부금액의 변동내역은 다음과 같습니 다.(1) 당분기\n(단위:천원)\n구 \xa0분\n기초\n취득\n처분\n상각\n대체(*)\n분기말\n소프트웨어\n12,913,496\n127,714\n(5)\n(3,625,994)\n2,849,894\n12,265,105\n라이선스와프랜차이즈\n180,490\n-\n-\n(11,163)\n56,111\n225,438\n산업재산권\n419,250\n12,181\n(102,160)\n(42,432)\n-\n286,839\n시설이용권\n59,653,410\n-\n-\n(3,724,740)\n-\n55,928,670\n회원권\n3,105,973\n-\n(186,500)\n-\n-\n2,919,473\n기타\n643,397\n-\n-\n(82,603)\n-\n560,794\n합 \xa0계\n76,916,016\n139,895\n(288,665)\n(7,486,932)\n2,906,005\n72,186,319\n(*) 전액 유형자산에서 대체되었습니다.\n(2) 전분기\n(단위:천원)\n구 \xa0분\n기초\n취득\n처분\n상각\n대체(*)\n분기말\n소프트웨어\n12,030,568\n712,676\n-\n(3,450,959)\n2,641,354\n11,933,639\n라이선스와프랜차이즈\n194,684\n-\n-\n(7,097)\n-\n187,587\n산업재산권\n410,796\n67,473\n-\n(56,000)\n-\n422,269\n시설이용권\n63,868,787\n47,654\n(44,621)\n(3,651,013)\n122,489\n60,343,296\n회원권\n2,778,125\n392,448\n-\n-\n-\n3,170,573\n기타\n797,314\n-\n-\n(86,152)\n(43,780)\n667,382\n합 \xa0계\n80,080,274\n1,220,251\n(44,621)\n(7,251,221)\n2,720,063\n76,724,746\n(*) 전액 유형자산에서 대체되었습니다.\n7. 리스\n7-1 사용권자산의 변동 내역당분기 및 전분기 중 사용권자산 장부금액의 변동내역은 다음과 같습니다.\n(1) 당분기\n(단위:천원)\n구 \xa0분\n기초\n감가상각\n증감\n분기말\n토지\n114,616,349\n(5,595,681)\n(38,039)\n108,982,629\n건물\n942,542\n(338,331)\n623,867\n1,228,078\n기계장치\n30,605,973\n(3,886,190)\n3,205,089\n29,924,872\n차량운반구\n2,325,830\n(579,681)\n233,881\n1,980,030\n합 \xa0 계\n148,490,694\n(10,399,883)\n4,024,798\n142,115,609\n한편, 당분기 중 신규로 취득한 리스자산은 426백만원입니다.\n(2) 전분기\n(단위:천원)\n구 \xa0분\n기초\n감가상각\n증감\n분기말\n토지\n110,098,353\n(5,293,526)\n1,790,167\n106,594,994\n건물\n1,230,870\n(303,021)\n99,710\n1,027,559\n기계장치\n35,905,927\n(4,055,189)\n112,747\n31,963,485\n차량운반구\n291,536\n(203,107)\n578,828\n667,257\n합 \xa0 계\n147,526,686\n(9,854,843)\n2,581,452\n140,253,295\n한편, 전분기 중 신규로 취득한 리스자산 취득금액은 721백만원입니다.\n7-2 리스부채당분기 및 전분기 중 리스부채 장부금액의 변동내역은 다음과 같습니다.\n(단위:천원)\n구 \xa0분\n당분기\n전분기\n기초\n120,270,498\n117,373,180\n이자비용\n2,260,908\n1,891,034\n지급리스료\n(10,501,835)\n(10,477,850)\n증감\n4,017,001\n2,578,957\n분기말\n116,046,572\n111,365,321\n한편, 당분기 중에 발생한 소액리스료와 단기리스료는 각각 357백만원(전분기: 669백만원)과 384백만원(전분기: 385백만원)이며, 동 비용은 매출원가, 판매비와관리비 및 건설중인자산에 반영되어 있습니다. 그리고 당분기 중 소액리스, 단기리스 및 리스부채로 발생한 총 현금유출액은 11,243백만원(전분기: 11,531백만원)입니다.\n8. 관계기업및공동기업투자지분\n8-1 관계기업및공동기업투자지분의 세부내역 보고기간종료일 현재 관계기업및공동기업투자지분의 세부내역은 다음과 같습니다.\n(단위:천원)\n기업명\n주요 영업활동\n소재지\n지분율(%)\n취득원가\n장부금액\n당분기말\n전기말\n관계기업:\n(주)휴세스(*1)\n집단에너지생산\n대한민국\n49\n24,500,000\n-\n-\n노을그린에너지(주)(*2,*3)\n연료전지발전\n대한민국\n15\n900,000\n-\n-\n(주)신안그린에너지(*2)\n풍력발전사업\n대한민국\n10\n4,173,000\n791,278\n1,188,970\n청정빛고을(주)(*2,*4)\n가연성폐기물 연료화사업\n대한민국\n17\n4,099,420\n-\n-\n(주)푸르메여주팜\n작물재배 및 포장판매\n대한민국\n30\n300,000\n414,140\n413,803\n코하이젠(주)\n수소연료공급시설 인프라 구축 및 운영\n대한민국\n28\n6,670,000\n4,534,352\n5,221,427\n소 \xa0계\n40,642,420\n5,739,770\n6,824,200\n공동기업:\n한국지역난방기술(주)\n기술용역사업\n대한민국\n50\n400,000\n8,175,281\n8,947,763\n합 \xa0계\n41,042,420\n13,915,051\n15,771,963\n(*1) 당분기말 현재 지분법적용중지로 인하여 인식하지 못한 지분법손실액은 17,830백만원입니다.(*2) 지분율이 20% 미만이나 의사결정기구에 참여하는 등 유의적인 영향력이 존재합니다.(*3) 당분기말 현재 지분법적용중지로 인하여 인식하지 못한 지분법손실액은 3,946백만원입니다.(*4) 당분기말 현재 지분법적용중지로 인하여 인식하지 못한 지분법손실액은 1,764백만원입니다.\n한편, 관계기업인 윈드밀파워(주) 지분의 장부금액은 '0'이며, 현재 매각예정자산으로 분류되어 있습니다.8-2 관계기업및공동기업투자지분의 변동내역 당분기 및 전분기 중 관계기업및공동기업투자지분의 변동내역은 다음과 같습니다.\n(1) 당분기\n(단위:천원)\n분 \xa0류\n기업명\n기초\n배당\n지분법손익\n분기말\n관계기업\n(주)신안그린에너지\n1,188,970\n-\n(397,692)\n791,278\n(주)푸르메여주팜\n413,803\n-\n337\n414,140\n코하이젠(주)\n5,221,427\n-\n(687,075)\n4,534,352\n공동기업\n한국지역난방기술(주)\n8,947,763\n(1,791,000)\n1,018,518\n8,175,281\n합 \xa0계\n15,771,963\n(1,791,000)\n(65,912)\n13,915,051\n(2) 전분기\n(단위:천원)\n분 \xa0류\n기업명\n기초\n취득\n배당\n지분법손익\n분기말\n관계기업\n노을그린에너지(주)\n2,450,591\n-\n-\n(1,247,363)\n1,203,228\n(주)신안그린에너지\n998,627\n-\n-\n(27,314)\n971,313\n(주)푸르메여주팜\n179,669\n-\n-\n184,668\n364,337\n코하이젠(주)\n2,283,511\n3,770,000\n-\n(563,473)\n5,490,038\n공동기업\n한국지역난방기술(주)\n7,076,365\n-\n(1,262,000)\n4,375,383\n10,189,748\n합 \xa0계\n12,988,763\n3,770,000\n(1,262,000)\n2,721,901\n18,218,664\n8-3 미실현손익의 변동내역\n당분기 및 전분기 중 내부거래로 인한 미실현손익의 변동내역은 다음과 같습니다.\n(1) 당분기\n(단위:천원)\n기업명\n기초\n증가\n감소\n분기말\n한국지역난방기술(주)\n5,819,518\n280,666\n(516,248)\n5,583,936\n(2) 전분기\n(단위:천원)\n기업명\n기초\n증가\n감소\n분기말\n한국지역난방기술(주)\n6,000,342\n770,592\n(605,590)\n6,165,344\n8-4 관계기업 및 공동기업의 요약 재무정보당분기 및 전분기 관계기업 및 공동기업의 요약 재무정보는 다음과 같습니다.\n(1) 당분기\n(단위:천원)\n분 \xa0류\n기업명\n자산총액\n부채총액\n매출액\n분기순손익\n관계기업\n(주)휴세스\n229,597,122\n233,011,738\n34,940,759\n1,320,681\n노을그린에너지(주)\n76,987,327\n105,298,877\n4,863,878\n(9,450,432)\n(주)신안그린에너지\n161,997,057\n155,286,381\n9,860,522\n(3,977,301)\n청정빛고을(주)\n30,247,589\n25,147,006\n6,558,562\n136,158\n(주)푸르메여주팜\n2,671,454\n530,055\n417,265\n503,373\n코하이젠(주)\n24,439,412\n8,021,930\n2,242,130\n(2,487,686)\n공동기업\n한국지역난방기술(주)\n39,342,772\n11,824,336\n30,506,331\n2,489,857\n(2) 전분기\n(단위:천원)\n분 \xa0류\n기업명\n자산총액\n부채총액\n매출액\n분기순손익\n관계기업\n(주)휴세스\n233,374,825\n239,228,110\n27,730,651\n(2,662,130)\n노을그린에너지(주)\n103,182,558\n95,787,707\n20,628,092\n(5,660,721)\n(주)신안그린에너지\n169,266,947\n160,755,753\n13,199,480\n(273,168)\n청정빛고을(주)\n33,716,861\n28,245,409\n1,775,786\n(2,557,414)\n(주)푸르메여주팜\n2,533,925\n890,551\n142,795\n651,093\n코하이젠(주)\n23,401,853\n3,524,128\n-\n(2,002,508)\n공동기업\n한국지역난방기술(주)\n46,918,007\n14,207,821\n40,469,674\n9,215,860\n9. 차입금 및 사채\n9-1 차입금 및 사채의 구성내역\n보고기간종료일 현재 유동ㆍ비유동금융부채에 포함된 차입금 및 사채의 구성내역은 다음과 같습니다.\n(단위:천원)\n구 \xa0분\n당분기말\n전기말\n유동부채\n\xa0 \xa0단기차입금\n540,000,000\n530,000,000\n\xa0 \xa0유동성사채\n660,000,000\n260,000,000\n\xa0 \xa0차감:사채할인발행차금\n(225,412)\n(137,333)\n소 \xa0계\n1,199,774,588\n789,862,667\n비유동부채\n\xa0 \xa0장기차입금\n5,500,000\n2,950,000\n\xa0 \xa0사채\n2,640,000,000\n2,670,000,000\n\xa0 \xa0차감:사채할인발행차금\n(2,895,034)\n(2,910,542)\n소 \xa0계\n2,642,604,966\n2,670,039,458\n합 \xa0계\n3,842,379,554\n3,459,902,125\n9-2 차입금의 구성내역보고기간종료일 현재 차입금의 구성내역은 다음과 같습니다.\n(단위:천원)\n구 \xa0분\n차입처\n이자율(%)\n만기\n당분기말\n전기말\n2023.9.30.\n단기차입금\n신한은행\n3M CD + 0.68\n2023.10.16\n100,000,000\n-\n하나은행\n-\n-\n-\n100,000,000\n3M CD + 0.16\n2023.10.19\n50,000,000\n50,000,000\n3M CD + 0.26\n2023.10.10\n150,000,000\n150,000,000\n3M CD + 0.33\n2023.10.10\n40,000,000\n40,000,000\n3M CD + 0.38\n2023.10.13\n100,000,000\n-\n3M CD + 0.39\n2023.11.09\n100,000,000\n-\n한양증권 외\n-\n-\n-\n110,000,000\n케이프증권 외\n-\n-\n-\n80,000,000\n장기차입금\n한국에너지공단\n2.25\n2030.09.15\n2,950,000\n2,950,000\n2.25\n2031.06.15\n2,550,000\n-\n합 \xa0계\n545,500,000\n532,950,000\n9-3 사채의 구성내역보고기간종료일 현재 사채의 구성내역은 다음과 같습니다.\n(단위:천원)\n종 \xa0류\n이자율(%)\n만기\n당분기말\n전기말\n2023.9.30.\n공모사채\n1.46~5.65\n\xa02024년~2039년\xa0\n3,300,000,000\n2,930,000,000\n\xa0 \xa0 \xa0 \xa0차감:사채할인발행차금\n(3,120,446)\n(3,047,875)\n소 \xa0 \xa0 \xa0 계\n3,296,879,554\n2,926,952,125\n\xa0 \xa0 \xa0 \xa0차감:유동성대체\n(660,000,000)\n(260,000,000)\n\xa0 \xa0 \xa0 \xa0차감:사채할인발행차금 유동성대체\n225,412\n137,333\n합 \xa0 \xa0 \xa0 계\n2,637,104,966\n2,667,089,458\n9-4 기한의 이익 상실보고기간종료일 현재 지배기업이 발행한 사채와 관련하여 다음과 같은 사유가 발생하는 경우 지배기업은 기한의 이익을 상실합니다.(1) 기한의 이익 즉시 상실 지배기업의 파산 또는 회생절차 개시의 신청, 휴업 혹은 폐업, 부채총액이 자산총액을 초과하여 채권을 재조정하는 경우 및 중요한 영업 정지 및 취소 처분을 받는 경우 등 12개 중 하나의 사유가 발생한 경우에 지배기업은 즉시 본 사채에 대한 기한의 이익을 상실합니다. (2) 기한의 이익 상실 선언에 의한 기한의 이익 상실 원금의 일부를 상환하여야 할 의무 또는 기한이 도래한 이자지급의무를 불이행하여, 통지한 변제유예기간 내에 변제하지 못한 경우, 재무비율 유지(부채비율 400% ~ 500%이하 유지)하지 못한 경우, 담보권 설정 제한을 위반한 경우 및 자산의 처분 제한(1회계연도 내 4조원 이상의 자산 매매, 양도, 임대 등)을 위반한 경우 등 7개 중 하나의 사유가 발생한 경우에 본 사채의 사채권자 및 사채관리회사는 지배기업에 본 사채에 대한 기한의 이익을 상실함을 선언할 수 있습니다.\n10. 비금융부채 \xa010-1 비금융부채의 구성내역 \xa0 \xa0 \xa0보고기간종료일 현재 비금융부채의 구성내역은 다음과 같습니다.\n(단위:천원)\n구 \xa0분\n당분기말\n전기말\n유동\n비유동\n유동\n비유동\n선수금\n230,794\n-\n2,035,383\n-\n선수수익\n11,705\n-\n11,640\n-\n예수금\n8,007,918\n7,000,000\n5,947,678\n7,000,000\n이연수익\n47,483,067\n1,039,620,163\n45,451,814\n1,026,336,671\n기타비금융부채\n362,149\n31,508\n326,924\n23,685\n합 \xa0계\n56,095,633\n1,046,651,671\n53,773,439\n1,033,360,356\n10-2 이연수익의 변동내역당분기 및 전분기 중 공사부담금 관련 이연수익의 변동내역은 다음과 같습니다.\n(단위:천원)\n구 \xa0분\n당분기\n전분기\n기 \xa0초\n1,071,788,485\n1,018,887,233\n증 \xa0가\n49,345,813\n74,650,986\n감 \xa0소\n(34,031,068)\n(31,386,508)\n소 \xa0계\n1,087,103,230\n1,062,151,711\n차감:유동성 대체\n(47,483,067)\n(44,644,670)\n합 \xa0계\n1,039,620,163\n1,017,507,041\n10-3 이연수익의 실현내역당분기 및 전분기 중 실현된 이연수익내역은 다음과 같습니다.\n(단위:천원)\n구 \xa0분\n당분기\n전분기\n수익으로 인식된 공사부담금\n34,031,068\n31,386,508\n감가상각비와 상계된 공사부담금\n17,739,160\n20,649,207\n합 \xa0계\n51,770,228\n52,035,715\n10-4 특정사업자 사업보조금당분기 및 전분기 중 예수금 계정 내의 정부 수탁사업과 관련한 특정사업자의 사업별보조금 증감 내역은 다음과 같습니다. (1) 당분기\n(단위:천원)\n부처\n세부 사업명\n사업내용\n수행기간\n예산액\n전기이월분(A)\n증가(B)\n감소(C)\n기타(D)\n차기이월분(E=A+B-C+D)\n교부 및 지급\n발생이자\n집행\n반환\n자기부담금\n지차제부담금\n국고보조금\n자기부담금\n지차제부담금\n국고보조금\n자기부담금\n지차제부담금\n국고보조금\n자기부담금\n지차제부담금\n국고보조금\n국토교통부\n태백뉴딜사업\n지역난방 탄소중립사업\n2019 ~2024\n20,585,000\n9,930\n-\n22,600\n-\n-\n154\n-\n-\n22,600\n-\n-\n10,084\n-\n-\n-\n(2) 전분기\n(단위:천원)\n부처\n세부 사업명\n사업내용\n수행기간\n예산액\n전기이월분(A)\n증가(B)\n감소(C)\n기타(D)\n차기이월분(E=A+B-C+D)\n교부 및 지급\n발생이자\n집행\n반환\n자기부담금\n지차제부담금\n국고보조금\n자기부담금\n지차제부담금\n국고보조금\n자기부담금\n지차제부담금\n국고보조금\n자기부담금\n지차제부담금\n국고보조금\n국토교통부\n태백뉴딜사업\n지역난방 탄소중립사업\n2019 ~2024\n20,585,000\n5,894,498\n-\n-\n-\n-\n2,487\n-\n-\n-\n-\n-\n-\n-\n-\n5,896,985\n11. 퇴직급여제도\n\xa0연결실체는 확정급여형퇴직연금제도와 확정기여형퇴직연금제도를 운영하고 있습니다. 확정기여형퇴직연금제도의 기여금 납부액은 당기근무원가에 반영하고 있습니다.확정급여채무의 현재가치와 관련하여 당기근무원가 및 과거근무원가는 예측단위적립방식을 사용하여 측정되었습니다.\xa0\n11-1 확정기여형퇴직연금제도 당분기 및 전분기 중 확정기여형퇴직연금제도로 인해 인식된 손익은 다음과 같습니다.\n(단위:천원)\n구 \xa0분\n당분기\n전분기\n매출원가\n1,906,705\n1,479,729\n판매비와관리비\n1,002,018\n598,784\n기타\n307,196\n166,787\n합 \xa0계\n3,215,919\n2,245,300\n11-2 순확정급여부채(자산)의 구성내역 보고기간종료일 현재 확정급여형퇴직연금제도와 관련하여 순확정급여부채(자산)의 구성항목은 다음과 같습니다.\n(단위:천원)\n구 \xa0분\n당분기말\n전기말\n기금이 적립되는 확정급여채무의 현재가치\n95,361,144\n91,862,012\n사외적립자산의 공정가치\n(141,297,344)\n(145,626,492)\n국민연금전환금\n(16,446)\n(16,446)\n연결재무상태표 상 순확정급여부채(자산)\n(45,952,646)\n(53,780,926)\n한편, 당분기 및 전분기 중 확정급여형퇴직연금제도로 인해 인식된 손익은 다음과 같습니다.\n(단위:천원)\n구 \xa0분\n당분기\n전분기\n당기근무원가\n8,042,700\n12,134,748\n순이자원가\n(2,105,657)\n(297,064)\n종업원 급여에 포함된 총 비용\n5,937,043\n11,837,684\n상기 손익은 연결재무제표에 다음과 같이 반영되었습니다.\n(단위:천원)\n구 \xa0분\n당분기\n전분기\n매출원가\n3,956,916\n7,673,305\n판매비와관리비\n1,275,268\n2,774,587\n기타\n704,859\n1,389,792\n합 \xa0계\n5,937,043\n11,837,684\n12. 파생상품12-1 파생상품의 구성내역 \xa0\n보고기간종료일 현재 파생상품의 구성내역은 다음과 같습니다.\n(단위:천원)\n구 \xa0분\n당분기말\n전기말\n유동\n비유동\n유동\n비유동\n파생상품자산:\n\xa0 \xa0통화선도\n364\n-\n-\n-\n\xa0 \xa0이자율스왑\n-\n16,857,031\n675,381\n13,861,267\n파생상품부채:\n\xa0 \xa0통화선도\n3,674\n-\n-\n-\n12-2 통화선도의 구성내역 \xa0 당분기말 현재 미결제된 통화선도계약의 구성내역은 다음과 같습니다.\n(단위:천원, 천JPY, 천USD)\n구 \xa0분\n계약처\n계약일\n만기일\n계약금액\n계약환율(원/JPY,USD)\n매도금액\n매입금액\n매매목적\n하나은행\n2023.09\n2023.10\n335,641\nJPY 36,924.21\n9.09\n2023.09\n2023.10\n77,163\nJPY 8,516.90\n9.06\n2023.09\n2023.10\n203,438\nJPY 22,454.54\n9.06\n2023.09\n2023.10\n10,508\nUSD 7.98\n1,316.60\n2023.09\n2023.10\n1,217\nUSD 0.92\n1,316.60\n2023.09\n2023.10\n9,210\nUSD 6.93\n1,328.50\n12-3 이자율스왑의 구성내역 당분기말 현재 미결제된 이자율스왑계약의 구성내역은 다음과 같습니다.\n(단위:천원)\n구 \xa0분\n계약처\n계약일\n만기일\n이자대상금액\n계약이자율(%)\n지급\n수취\n현금흐름위험회피\n하나은행\n2020.10\n2025.10\n150,000,000\n1.23\n3M CD + 0.26\n2020.11\n2025.11\n40,000,000\n1.38\n3M CD + 0.33\n2023.02\n2028.02\n100,000,000\n3.59\nCD 91D + 0.39\n2023.02\n2028.02\n100,000,000\n3.93\nCD 91D + 0.38\n신한은행\n2023.01\n2028.01\n100,000,000\n3.85\nCD 91D + 0.68\n12-4 파생상품 관련 손익당분기 및 전분기 중 상기 파생상품거래로 인한 손익의 내용은 다음과 같습니다.\n(단위:천원)\n구 \xa0분\n평가손익(I/S)\n거래손익(I/S)\n기타포괄손익\n당분기\n전분기\n당분기\n전분기\n당분기\n전분기\n통화선도\n(3,310)\n38,815\n395,466\n(379,902)\n-\n-\n이자율스왑\n-\n-\n-\n-\n2,320,383\n13,982,961\n합 \xa0계\n(3,310)\n38,815\n395,466\n(379,902)\n2,320,383\n13,982,961\n한편, 당분기 중 기타포괄손익으로 계상되어 있는 파생상품평가이익 1,799백만원(전분기: 파생상품평가이익 10,599백만원)은 자본에 직접 차감되는 법인세효과를 반영한 세후금액입니다.\n13. 충당부채 \xa013-1 충당부채의 구성내역 보고기간종료일 현재 충당부채의 구성내역은 다음과 같습니다.\n(단위:천원)\n구 \xa0분\n당분기말\n전기말\n유동\n비유동\n유동\n비유동\n종업원급여충당부채\n49,319,321\n-\n53,140,810\n-\n법적소송충당부채\n4,184,203\n-\n9,116,263\n-\n기타충당부채\n2,188,050\n19,590\n2,188,050\n19,590\n합 \xa0계\n55,691,574\n19,590\n64,445,123\n19,590\n13-2 충당부채의 변동내역당분기 및 전분기 중 충당부채의 변동내역은 다음과 같습니다.(1) 당분기\n(단위:천원)\n구 \xa0분\n기초\n전입\n사용\n분기말\n종업원급여충당부채\n53,140,810\n27,466,850\n(31,288,339)\n49,319,321\n법적소송충당부채\n9,116,263\n-\n(4,932,060)\n4,184,203\n기타충당부채\n2,207,640\n-\n-\n2,207,640\n합 \xa0계\n64,464,713\n27,466,850\n(36,220,399)\n55,711,164\n(2) 전분기\n(단위:천원)\n구 \xa0분\n기초\n전입\n사용\n분기말\n종업원급여충당부채\n42,894,955\n33,342,778\n(36,856,665)\n39,381,068\n법적소송충당부채\n9,339,286\n-\n(223,023)\n9,116,263\n기타충당부채\n7,308,062\n(312,318)\n(4,807,693)\n2,188,051\n합 \xa0계\n59,542,303\n33,030,460\n(41,887,381)\n50,685,382\n14. 우발부채 및 약정사항\n14-1 계류중인 소송사건\n당분기말 현재 연결실체가 피소되어 계류중인 소송사건은 6건(손해배상 청구소송 등, 관련 금액 85,167백만원)이 존재하며, 연결실체가 제소하여 계류중인 13건(손해배상 청구소송 등, 관련 금액 25,086백만원)의 소송사건이 존재합니다.\n상기 소송사건은 당분기말 현재 진행 중에 있으며, 연결실체는 1건의 소송사건에 대해 4,184백만원의 충당부채를 계상하고 있습니다. 연결실체는 그 외 소송의 최종결과가 연결재무제표에 미칠 영향을 합리적으로 예측할 수 없습니다.\n한편, 당분기말 현재 연결실체가 피소되어 계류중인 소송사건 중 관계기업인 청정빛고을(주)가 연결실체에 대해 제기한 연결실체의 연료 수급의무 불이행에 따른 손해배상 청구 소송사건과 관련하여 당초 소송가액 36,509백만원(2017년 12월부터 2020년 3월에 이르는 기간의 의무 불이행에 대한 손해배상청구 소송가액)에서 2020년 4월 이후부터 22년 4월에 이르는 기간의 의무 불이행에 대한 손해배상청구 소송가액을 더하여 총 68,008백만원으로 관련 소송금액이 증가하였습니다.\n14-2 금융거래 한도 당분기말 현재 연결실체의 주요 금융거래 한도내역은 다음과 같습니다.\n(단위:천원)\n금융기관\n한도금액\n실행금액\n내용\nKB국민은행\n100,000,000\n-\n운전자금대출\n30,000,000\n-\nKB상생결제론\n신한은행\n50,000,000\n-\n기업어음인수약정\n100,000,000\n100,000,000\n할인어음 약정한도\n하나은행\n440,000,000\n440,000,000\n할인어음 약정한도\n하나카드\n2,000,000\n595,256\n법인카드\nKB카드\n210,000\n110,967\n법인카드\n14-3 제공하거나 제공받은 지급보증당분기말 현재 연결실체는 서울보증보험주식회사로부터 8,376백만원의 지급보증을 제공받고 있으며, 연결실체는 특수관계자를 위하여 일부 주식을 질권으로 제공하고 있습니다(주석 23-5 참조).14-4 자본적지출 약정당분기말 현재 주요 자본적지출 약정의 총 계약금액은 901,101백만원이며, 이 중 집행되지 않은 약정금액은 390,627백만원입니다. \n15. 자본 \xa0 15-1 자본금\n보고기간종료일 현재 발행된 주식은 모두 보통주이며 액면금액은 주당 5,000원입니다. 지배기업의 수권주식수는 40,000,000주이고 발행주식수는 11,578,744주이며, 주주 유형별 자본금의 구성내역은 다음과 같습니다.\n(단위:천원)\n구 \xa0분\n당분기말\n전기말\n정부\n비정부\n합 \xa0계\n정부\n비정부\n합 \xa0계\n자본금\n20,000,000\n37,893,720\n57,893,720\n20,000,000\n37,893,720\n57,893,720\n한편, 당분기 및 전분기 중 발행주식수와 유통보통주식수의 변동내역은 없습니다.\n15-2 신종자본증권보고기간종료일 현재 연결실체가 발행한 신종자본증권의 내역은 다음과 같습니다.\n(단위:천원)\n구 \xa0분\n발행일\n만기일\n이자율(%)\n당분기말\n전기말\n제1회 사모신종자본증권\n2020.09.15\n2050.09.15\n2.778\n250,000,000\n250,000,000\n제2회 공모신종자본증권 (*)\n2023.09.13\n2053.09.13\n5.060\n250,000,000\n-\n소 \xa0 계\n500,000,000\n250,000,000\n\xa0 \xa0 \xa0 \xa0차감: 세후 발행원가\n(635,094)\n(197,474)\n합 \xa0계\n499,364,906\n249,802,526\n(*) 당분기 중 신규 발행되었습니다.\n한편, 신종자본증권의 주요 발행조건은 다음과 같습니다.\n구 \xa0분\n내 \xa0용\n제1회 사모신종자본증권\n제2회 공모신종자본증권\n사채순위\n보통주식보다 선순위이며, 그 외의 나머지 채무보다는 후순위\n보통주식보다 선순위이며, 그 외의 나머지 채무보다는 후순위\n만기\n발행일로부터 30년이나 공사 선택에 의해 만기연장 가능\n발행일로부터 30년이나 공사 선택에 의해 만기연장 가능\n이자율\n① 최초이자율 : 연 2.778%② 발행일로부터 5년 후 이자율: 5년째 되는 날의  \xa0 \xa02영업일 전 5년물 국고채 수익률 \xa0 \xa0 \xa0+ 가산금리(1.550%) + 1.0%③ 발행일로부터 6년 후 이자율 : 매 1년째 되는 날의  \xa0 \xa02영업일 전 5년물 국고채 수익률 \xa0 \xa0+ 가산금리(1.550%) + 1.0%④ 대주주 변경 시 이자율 : 대주주 변경 사유가 발생 \xa0 \xa0하였으나 발행회사가 본 사채를 중도상환 하지 않을 경우  \xa0 \xa0최초 이자율 + 1.0%\n① 최초이자율 : 연 5.060%② 발행일로부터 5년 후 이자율: 5년째 되는 날의  \xa0 \xa02영업일 전 5년물 국고채 수익률 \xa0 \xa0 \xa0+ 가산금리(1.167%) + 1.0%③ 발행일로부터 6년 후 이자율 : 매 1년째 되는 날의  \xa0 \xa02영업일 전 5년물 국고채 수익률 \xa0 \xa0+ 가산금리(1.167%) + 1.0%④ 대주주 변경 시 이자율 : 대주주 변경 사유가 발생 \xa0 \xa0하였으나 발행회사가 본 사채를 중도상환 하지 않을 경우  \xa0 \xa06.060%\n이자지급\n3개월 후급이나 공사의 선택에 의해 이자 지급 이연이 가능. 단, 이자 지급 이연 시 미지급 이자를 지급하기 전에는 보통주에 대한 배당결의 불가\xa0\n3개월 후급이나 공사의 선택에 의해 이자 지급 이연이 가능. 단, 이자 지급 이연 시 미지급 이자를 지급하기 전에는 보통주에 대한 배당결의 불가\xa0\n16. 고객과의 계약에서 생기는 수익 당분기 및 전분기 중 기타수익, 기타이익 및 금융수익을 제외한 영업으로부터 발생한수익의 내용은 다음과 같습니다.\n(단위:천원)\n구 \xa0분\n당분기\n전분기\n3개월\n누적\n3개월\n누적\n재화의 판매로 인한 수익\n\xa0 \xa0열판매로 인한 수익 (*1)\n124,202,220\n934,310,782\n105,851,487\n776,960,748\n\xa0 \xa0전기판매로 인한 수익 (*1)\n455,242,570\n1,913,057,099\n578,003,999\n1,799,292,942\n\xa0 \xa0냉수판매로 인한 수익\n13,505,541\n23,103,525\n13,181,786\n22,612,509\n소 \xa0계\n592,950,331\n2,870,471,406\n697,037,272\n2,598,866,199\n공사부담금수익\n11,576,871\n34,031,068\n10,686,423\n31,386,508\n기타수익 (*2)\n2,809,486\n10,724,482\n3,090,871\n6,851,374\n합 \xa0계\n607,336,688\n2,915,226,956\n710,814,566\n2,637,104,081\n(*1) 당분기 중 자산을 의도한 방식으로 사용하기 전에 발생한 열 판매 매출액 2,213백만원 및 전기 판매 매출액 7,813백만원이 포함되어 있습니다.(*2) 기타수익은 RPS전기판매수입입니다.\n17. 판매비와관리비당분기 및 전분기 중 판매비와관리비 내역은 다음과 같습니다.\n(단위:천원)\n구 \xa0분\n당분기\n전분기\n3개월\n누적\n3개월\n누적\n급여\n10,489,154\n30,135,984\n11,388,515\n34,771,746\n퇴직급여\n639,884\n2,276,342\n1,095,186\n3,452,001\n보험료\n735,495\n2,258,924\n716,177\n2,263,492\n감가상각비와 무형자산상각비\n2,637,846\n7,843,653\n2,561,574\n7,660,599\n지급수수료\n4,309,578\n13,338,828\n4,542,104\n13,603,495\n광고선전비\n443,913\n1,611,348\n564,900\n1,691,832\n교육훈련비\n252,760\n1,098,903\n292,544\n1,250,722\n세금과공과\n674,810\n1,476,397\n710,043\n1,641,785\n수선비\n143,628\n307,912\n100,621\n258,152\n경상개발비\n1,101,420\n3,205,024\n666,878\n3,143,722\n기타\n1,764,200\n6,167,169\n3,813,550\n8,480,875\n합 \xa0 계\n23,192,688\n69,720,484\n26,452,092\n78,218,421\n18. 비용의 성격별 분류 \xa0 당분기 및 전분기 중 발생한 비용의 성격별 분류 내역은 다음과 같습니다.\n(단위:천원)\n구 \xa0분\n당분기\n전분기\n판매비와관리비\n매출원가\n합 \xa0계\n판매비와관리비\n매출원가\n합 \xa0계\n사용된 원재료\n-\n2,597,127,387\n2,597,127,387\n-\n2,425,426,537\n2,425,426,537\n급여\n30,135,984\n91,419,910\n121,555,894\n34,771,746\n97,475,164\n132,246,910\n퇴직급여\n2,276,342\n5,877,561\n8,153,903\n3,452,001\n9,325,307\n12,777,308\n보험료\n2,258,924\n8,367,332\n10,626,256\n2,263,492\n9,115,690\n11,379,182\n감가상각비와 무형자산상각비\n7,843,653\n223,559,476\n231,403,129\n7,660,599\n204,571,035\n212,231,634\n지급수수료\n13,338,828\n15,203,489\n28,542,317\n13,603,495\n(3,785,397)\n9,818,098\n수선비\n307,912\n56,370,164\n56,678,076\n258,152\n68,808,009\n69,066,161\n기타\n13,558,841\n26,197,231\n39,756,072\n16,208,936\n25,803,102\n42,012,038\n합 \xa0계\n69,720,484\n3,024,122,550\n3,093,843,034\n78,218,421\n2,836,739,447\n2,914,957,868\n19. 금융수익 및 금융원가 \xa0 19-1 금융수익 당분기 및 전분기 중 금융수익의 내역은 다음과 같습니다.\xa0\n(단위:천원)\n구 \xa0분\n당분기\n전분기\n3개월\n누적\n3개월\n누적\n이자수익\n1,213,568\n3,390,211\n2,451,351\n4,118,370\n배당금수익\n\u3000-\n-\n-\n530\n기타\n\xa0 \xa0-\n6\n-\n-\n합 \xa0계\n1,213,568\n3,390,217\n2,451,351\n4,118,900\n19-2 금융원가 당분기 및 전분기 중 금융원가의 내역은 다음과 같습니다.\n(단위:천원)\n구 \xa0분\n당분기\n전분기\n3개월\n누적\n3개월\n누적\n이자비용\n21,946,367\n63,406,301\n16,461,773\n45,601,468\n기타\n\u3000-\n\u3000-\n88,746\n88,746\n합 \xa0계\n21,946,367\n63,406,301\n\xa0 \xa0 \xa0 16,550,519\n\xa0 \xa0 \xa0 45,690,214\n한편, 당분기 중 자본화된 이자비용은 12,621백만원(전분기: 6,902백만원)이며, 차입금에 대한 가중평균자본화이자율은 연 2.81%(전분기: 연 2.19%)입니다.\n20. 법인세비용(수익)\n당분기 및 전분기 중 법인세비용(수익)의 주요 구성내역은 다음과 같습니다.\n(단위:천원)\n구 \xa0분\n당분기\n전분기\n당기법인세효과 :\xa0\n\xa0 \xa0법인세 부담액\n54,053\n166,829\n\xa0 \xa0과거기간의 당기법인세에 대한 당기 인식 조정액\n148,126\n(475)\n\xa0 \xa0자본에 직접 가감되는 법인세\n1,349,328\n1,260,518\n이연법인세효과 :\n\xa0 \xa0일시적차이의 발생 및 소멸로 인한 금액\n(9,341,084)\n(4,036,581)\n\xa0 \xa0이월결손금의 발생 및 소멸로 인한 금액\n(45,578,274)\n(73,390,856)\n\xa0 \xa0이월세액공제의 당기 인식으로 인한 금액\n-\n(6,576,982)\n합 \xa0 계\n(53,367,851)\n(82,577,547)\n21. 주당손익당분기 및 전분기 중 기본주당손익의 산출내역은 다음과 같습니다.\n(단위:원,주)\n구 \xa0분\n당분기\n전분기\n3개월\n누적\n3개월\n누적\n분기순손실\n(46,184,398,763)\n(180,630,325,689)\n(7,252,144,774)\n(232,775,636,004)\n신종자본증권 분배금\n(1,821,568,750)\n(4,491,921,250)\n(1,316,077,500)\n(3,948,232,500)\n기본주당손실 계산에 사용된 순손실\n(48,005,967,513)\n(185,122,246,939)\n(8,568,222,274)\n(236,723,868,504)\n가중평균유통보통주식수\n11,578,744\n11,578,744\n11,578,744\n11,578,744\n기본주당손실\n(4,146)\n(15,988)\n(740)\n(20,445)\n한편, 희석효과가 있는 잠재적 보통주가 없으므로 희석주당손실과 기본주당손실이 동일합니다.\n22. 금융상품 \xa0\n22-1 금융자산보고기간종료일 현재 범주별 금융자산의 내역은 다음과 같습니다.\n(단위:천원)\n구 \xa0분\n당분기말\n전기말\n당기손익-공정가치측정\n위험회피수단지정파생상품\n상각후원가측정\n합 \xa0계\n당기손익-공정가치측정\n위험회피수단지정파생상품\n상각후원가측정\n합 \xa0계\n유동자산\n\xa0 \xa0현금및현금성자산\n-\n-\n128,636,546\n128,636,546\n-\n-\n39,040,920\n39,040,920\n\xa0 \xa0매출채권및기타채권\xa0\n-\n-\n277,154,756\n277,154,756\n-\n-\n995,041,964\n995,041,964\n\xa0 \xa0단기금융상품\n-\n-\n3,000,000\n3,000,000\n-\n-\n2,900,015\n2,900,015\n\xa0 \xa0유동파생상품자산\n364\n-\n-\n364\n-\n675,381\n-\n675,381\n\xa0 \xa0유동성장기대여금\n-\n-\n10,194,655\n10,194,655\n-\n-\n12,355,093\n12,355,093\n소 \xa0계\n364\n-\n418,985,957\n418,986,321\n-\n675,381\n1,049,337,992\n1,050,013,373\n비유동자산\n\xa0 \xa0당기손익 \xa0 \xa0 - 공정가치측정금융자산\n88,968\n-\n-\n88,968\n51,468\n-\n-\n51,468\n\xa0 \xa0대여금\n-\n-\n78,847,016\n78,847,016\n-\n-\n77,808,868\n77,808,868\n\xa0 \xa0장기기타채권\n-\n-\n30,702,604\n30,702,604\n-\n-\n19,380,266\n19,380,266\n\xa0 \xa0비유동파생상품자산\n-\n16,857,031\n-\n16,857,031\n-\n13,861,267\n-\n13,861,267\n소 \xa0계\n88,968\n16,857,031\n109,549,620\n126,495,619\n51,468\n13,861,267\n97,189,134\n111,101,869\n합 \xa0계\n89,332\n16,857,031\n528,535,577\n545,481,940\n51,468\n14,536,648\n1,146,527,126\n1,161,115,242\n22-2 금융부채보고기간종료일 현재 금융부채의 내역은 다음과 같습니다.\n(단위:천원)\n구 \xa0분\n당분기말\n전기말\n당기손익-공정가치측정\n상각후원가측정\n합 \xa0계\n상각후원가측정\n합 \xa0계\n유동부채\n\xa0 매입채무및기타채무\n-\n269,903,731\n269,903,731\n1,079,270,211\n1,079,270,211\n\xa0 단기차입금\n-\n540,000,000\n540,000,000\n530,000,000\n530,000,000\n\xa0 유동성사채\n-\n659,774,588\n659,774,588\n259,862,667\n259,862,667\n\xa0 유동파생상품부채\n3,674\n-\n3,674\n-\n-\n소 \xa0 계\n3,674\n1,469,678,319\n1,469,681,993\n1,869,132,878\n1,869,132,878\n비유동부채\n\xa0 매입채무및기타채무\n-\n15,573\n15,573\n-\n-\n\xa0 장기차입금\n-\n5,500,000\n5,500,000\n2,950,000\n2,950,000\n\xa0 사채\n-\n2,637,104,966\n2,637,104,966\n2,667,089,458\n2,667,089,458\n\xa0 비유동파생상품부채\n-\n-\n-\n-\n-\n소 \xa0 계\n-\n2,642,620,539\n2,642,620,539\n2,670,039,458\n2,670,039,458\n합 \xa0 계\n3,674\n4,112,298,858\n4,112,302,532\n4,539,172,336\n4,539,172,336\n한편, 당분기말 현재 금융부채의 잔존계약만기는 다음과 같습니다.\n(단위:천원)\n구 \xa0분\n3개월 이하\n3개월 ~ 1년\n1년 ~ 5년\n5년 초과\n합 \xa0계\n매입채무및기타채무\n269,903,731\n-\n15,573\n-\n269,919,304\n유동금융부채(*)\n640,000,000\n560,000,000\n-\n-\n1,200,000,000\n비유동금융부채(*)\n-\n-\n1,740,000,000\n905,500,000\n2,645,500,000\n합 \xa0계\n909,903,731\n560,000,000\n1,740,015,573\n905,500,000\n4,115,419,304\n(*) 파생상품부채와 이자비용에 대한 현금흐름은 제외하였습니다.\n22-3 금융상품 종류별 공정가치 \xa0 보고기간종료일 현재 금융상품의 종류별 장부금액 및 공정가치는 다음과 같습니다.\n(단위:천원)\n구 \xa0분\n당분기말\n전기말\n장부금액\n공정가치\n장부금액\n공정가치\n금융자산\n\xa0 \xa0현금및현금성자산\n128,636,546\n128,636,546\n39,040,920\n39,040,920\n\xa0 \xa0매출채권및기타채권\n\xa0 \xa0 \xa0 매출채권\n222,539,322\n222,539,322\n849,789,564\n849,789,564\n\xa0 \xa0 \xa0 미수금\n31,427,882\n31,427,882\n108,742,469\n108,742,469\n\xa0 \xa0 \xa0 미수수익\n113,183\n113,183\n64,220\n64,220\n\xa0 \xa0 \xa0 보증금\n53,776,973\n53,776,973\n55,825,977\n55,825,977\n\xa0 \xa0파생상품자산\n16,857,395\n16,857,395\n14,536,648\n14,536,648\n\xa0 \xa0단기금융상품\n3,000,000\n3,000,000\n2,900,015\n2,900,015\n\xa0 \xa0당기손익-공정가치측정금융자산\n88,968\n88,968\n51,468\n51,468\n\xa0 \xa0대여금\n89,041,670\n89,041,670\n90,163,961\n90,163,961\n합 \xa0계\n545,481,939\n545,481,939\n1,161,115,242\n1,161,115,242\n금융부채\n\xa0 \xa0차입금\n545,500,000\n545,500,000\n532,950,000\n532,950,000\n\xa0 \xa0사채\n3,296,879,554\n3,099,204,414\n2,926,952,125\n2,685,356,104\n\xa0 \xa0파생상품부채\n3,674\n3,674\n-\n-\n\xa0 \xa0매입채무및기타채무\n\xa0 \xa0 \xa0 매입채무\n209,145,557\n209,145,557\n1,003,402,343\n1,003,402,343\n\xa0 \xa0 \xa0 미지급금\n45,900,565\n45,900,565\n62,679,651\n62,679,651\n\xa0 \xa0 \xa0 미지급비용\n14,873,182\n14,873,182\n13,187,208\n13,187,208\n\xa0 \xa0 \xa0 기타\n-\n-\n1,009\n1,009\n합 \xa0계\n4,112,302,532\n3,914,627,392\n4,539,172,336\n4,297,576,315\n상기 금융자산과 금융부채의 공정가치는 해당 금융상품을 강제매각이나 청산이 아닌거래 의사가 있는 당사자간의 정상거래를 통해 거래되는 금액으로 계상되었으며, 공정가치 추정에 사용된 방법과 가정은 다음과 같습니다.\xa0\n\xad비슷한 금융상품에 대한 공시된 시장가격이나 딜러 공시가격의 사용\n\xad이자율스왑: 관측할 수 있는 수익률 곡선에 기초한 추정 미래현금흐름의 현재가치\n\xad통화선도: 재무상태표일 현재 선도환율에 기초한 추정 미래현금흐름의 현재가치\n파생상품을 제외한 여타의 금융상품은 장부금액이 공정가치의 합리적인 근사치 \xa0 \xa0 \xa0 입니다.\n22-4 공정가치서열체계 \xa0 \xa0 \xa0\xa0\n보고기간종료일 현재 금융상품의 장부금액과 공정가치의 차이는 없으며, 모든 금융상품은 다음의 세 가지 공정가치 서열체계 수준으로 분류됩니다.① 수준 1 : 활성시장의 (조정되지 않은) 공시가격을 이용하여 측정한 공정가치② 수준 2 : 직ㆍ간접적으로 관측가능한 투입변수를 이용하여 측정한 공정가치 ③ 수준 3 : 관측가능하지 않은 투입변수를 이용하여 측정한 공정가치 연결실체는 계속적으로 공정가치로 인식하는 금융상품에 대해 매 보고기간말 분류를재평가(측정치 전체에 유의적인 투입변수 중 가장 낮은 수준에 근거함)하여 수준간의이동이 있는지를 판단하고 있습니다.\n보고기간종료일 현재 금융상품의 공정가치 서열체계는 다음과 같습니다.\n(단위:천원)\n구 \xa0분\n당분기말\n전기말\n수준1\n수준2\n수준3\n합 \xa0계\n수준1\n수준2\n수준3\n합 \xa0계\n반복적으로 공정가치가 측정되는 자산과 부채\n\xa0 \xa0파생상품자산\n-\n16,857,395\n-\n16,857,395\n-\n14,536,648\n-\n14,536,648\n\xa0 \xa0파생상품부채\n-\n3,674\n-\n3,674\n-\n-\n-\n-\n공정가치가 공시되는 자산과 부채\xa0\n\xa0 \xa0당기손익-공정가치측정금융자산\n-\n-\n88,968\n88,968\n-\n-\n51,468\n51,468\n당분기 및 전기 중 공정가치 서열체계의 수준 1과 수준 2 사이의 유의적인 이동은 없었습니다. 연결실체가 보유하고 있는 파생상품은 장외파생상품으로 공정가치측정에 사용되는 모든 유의적인 투입변수가 관측가능하므로 해당 상품은 수준 2에 해당합니다.\n23. 특수관계자거래 \xa0 \xa023-1 특수관계자 현황 \xa0 \xa0 \xa0 \xa0\n당분기말 현재 연결실체의 특수관계자 현황은 다음과 같습니다.\n구 \xa0 분\n특수관계자의 명칭\n최상위 지배자\n대한민국 정부(*1)\n관계기업\n(주)휴세스, 윈드밀파워(주)(*2), 노을그린에너지(주), (주)신안그린에너지, 청정빛고을(주), (주)푸르메여주팜, 코하이젠(주)\n공동기업\n한국지역난방기술(주)\n(*1) 연결실체에 지배력을 행사하고 있으나, 당분기 및 전분기 중 유의적인 특수관계자 거래는 없습니다.(*2) 당분기말 현재 매각예정자산으로 분류되어 있습니다.\n23-2 특수관계자 거래 내역\n당분기 및 전분기 중 특수관계자와의 거래내역은 다음과 같습니다.\xa0\n(단위:천원)\n기업명\n거래내용\n수익 등\n비용 등\n당분기\n전분기\n당분기\n전분기\n한국지역난방기술(주)\n기타수익, 지급수수료,외주비\n12,532\n23,986\n1,818,848\n4,575,990\n(주)휴세스\n매출, 기타수익, 제조경비\n10,208\n37,799\n2,894,336\n1,931,786\n푸르메여주팜(주)\n기타비용 차감\n-\n-\n-\n(6,488)\n코하이젠(주)\n기타수익\n16,624\n75,995\n-\n-\n윈드밀파워(주)(*)\n지급수수료\n-\n-\n485,261\n572,667\n노을그린에너지(주)\n제조경비, 지급수수료\n-\n-\n3,922,649\n1,443,385\n(주)신안그린에너지\n지급수수료\n-\n-\n7,957\n25,868\n청정빛고을(주)\n연료비\n-\n-\n777,064\n227,827\n합 \xa0계\n39,364\n137,780\n9,906,115\n8,771,035\n(*) 당분기말 현재 매각예정자산으로 분류되어 있습니다.\n23-3 채권ㆍ채무 잔액 \xa0 \xa0 \xa0 \xa0 보고기간종료일 현재 특수관계자에 대한 채권ㆍ채무 잔액은 다음과 같습니다.\n(단위:천원)\n기업명\n채권ㆍ채무내용\n채권\n채무\n당분기말\n전기말\n당분기말\n전기말\n한국지역난방기술(주)\n미수금, 미지급금\n21,786\n-\n-\n751,927\n(주)휴세스\n미수금, 매입채무\n11,228\n-\n262,910\n20,512\n코하이젠(주)\n미수금\n16,624\n73,332\n-\n-\n윈드밀파워(주)(*1)\n미수금,미지급금\n-\n6,254\n34,780\n133,105\n노을그린에너지(주)\n미수금, 매입채무,미지급금\n9,403,544\n5,071,332\n-\n1,453,050\n(주)신안그린에너지\n미지급금\xa0\n-\n-\n-\n11,526\n청정빛고을(주)(*2)\n선급금\n1,133,005\n-\n-\n-\n합 \xa0계\n10,586,187\n5,150,918\n297,690\n2,370,120\n(*1) 당분기말 현재 매각예정자산으로 분류되어 있습니다.(*2) 당분기 중 청정빛고을(주)에 대한 선급금 관련 대손충당금 1,988백만원은 SRF소송 관련 불확실성의 해소로 전액 환입되었습니다.\n23-4 특수관계자와의 자금거래내역\xa0\n당분기 및 전분기 중 특수관계자와의 자금거래내역은 다음과 같습니다.\n(단위:천원)\n특수관계 구분\n기업명\n현금출자\n배당 수령\n당분기\n전분기\n당분기\n전분기\n관계기업\n코하이젠(주)\n-\n3,770,000\n-\n-\n공동기업\n한국지역난방기술(주)\n-\n-\n1,791,000\n1,262,000\n합 \xa0계\n-\n3,770,000\n1,791,000\n1,262,000\n23-5 지급보증 및 담보제공당분기말 현재 연결실체는 하기 특수관계자의 차입금에 대하여 주식질권설정계약을 체결하였습니다.\n(단위:천원)\n구 \xa0분\n기업명\n담보제공자산\n출자금액\n담보설정액\n제공처\n관계기업\n윈드밀파워(주)(*)\n윈드밀파워(주) 주식\n675,000\n주식담보\n농협은행\n노을그린에너지(주)\n노을그린에너지(주) 주식\n900,000\n하나은행\n(주)신안그린에너지\n(주)신안그린에너지 주식\n4,173,000\n새마을금고 외 2\n(*) 당분기말 현재 매각예정자산으로 분류되어 있습니다.\n23-6 주요 경영진에 대한 보상내역 당분기 및 전분기 중 지배기업의 주요경영진에 대한 보상내역은 다음과 같습니다.\n(단위:천원)\n구 \xa0분\n당분기\n전분기\n단기종업원급여\n527,998\n684,844\n퇴직급여\n49,625\n32,573\n합 \xa0계\n577,623\n717,417\n24. 현금흐름표 \xa024-1 비현금거래당분기 및 전분기의 현금흐름표에 포함되지 않는 주요 비현금 투자활동거래와 비현금 재무활동 거래는 다음과 같습니다.\n(단위:천원)\n구 \xa0 분\n당분기\n전분기\n건설중인자산의 본계정 대체\n397,548,106\n281,448,251\n저장품의 기계장치 대체\n-\n219,352\n장기보증금의 건설중인자산 대체\n-\n268,426\n기타무형자산의 소프트웨어 대체\n-\n43,780\n유형자산 취득금액 중 미지급금 변동\n(8,195,778)\n3,545,914\n유형자산 취득금액 중 선급금 변동\n1,060,023\n-\n사용권자산의 증감\n4,024,798\n2,581,452\n사채의 유동성 대체\n560,000,000\n159,964,191\n단기대여금의 장기대여금 대체\n2,208,227\n-\n대여금의 유동성 대체\n-\n1,659,183\n보증금의 유동성 대체\n-\n17,459,475\n단기보증금의 장기보증금 대체\n13,498,000\n-\n24-2 재무활동에서 생기는 부채의 변동 당분기 및 전분기 중 재무활동에서 생기는 부채의 변동 내역은 다음과 같습니다.(1) 당분기\n(단위:천원)\n구 \xa0분\n기 초\n재무활동\n기타 비금융변동(*)\n분기말\n단기차입금\n530,000,000\n10,000,000\n-\n540,000,000\n유동성사채\n259,862,667\n(160,000,000)\n559,911,921\n659,774,588\n장기차입금\n2,950,000\n2,550,000\n-\n5,500,000\n사채\n2,667,089,458\n529,039,957\n(559,024,449)\n2,637,104,966\n리스부채\n120,270,498\n(8,240,927)\n4,017,001\n116,046,572\n합 \xa0 계\n3,580,172,623\n373,349,030\n4,904,473\n3,958,426,126\n(*) 비현금변동과 현금흐름표에 영업활동으로 표시된 이자 지급액이 포함되어 있습니다.\n(2) 전분기\n(단위:천원)\n구 \xa0분\n기 초\n재무활동\n기타 비금융변동(*)\n분기말\n단기차입금\n470,288,014\n(130,288,014)\n-\n340,000,000\n미지급배당금\n-\n(9,228,259)\n9,228,259\n-\n유동성사채\n329,948,301\n(280,000,000)\n159,964,191\n209,912,492\n사채\n2,087,479,639\n758,695,720\n(159,279,242)\n2,686,896,117\n리스부채\n117,373,180\n(8,586,816)\n2,578,957\n111,365,321\n합 \xa0 계\n3,005,089,134\n330,592,631\n12,492,165\n3,348,173,930\n(*) 비현금변동과 현금흐름표에 영업활동으로 표시된 이자 지급액이 포함되어 있습니다.\n4. 재무제표\n4-1.재무상태표\n재무상태표\n제 39 기 3분기말 2023.09.30 현재\n제 38 기말 \xa0 \xa0 \xa0 \xa0 \xa02022.12.31 현재\n(단위 : 원)\n\u3000\n제 39 기 3분기말\n제 38 기말\n자산\n\u3000\n\u3000\n\u3000유동자산\n461,705,498,561\n1,107,491,690,523\n\u3000\u3000현금및현금성자산\n118,254,244,860\n28,178,878,027\n\u3000\u3000유동금융자산\n12,195,018,655\n15,030,489,219\n\u3000\u3000매출채권및기타채권\n277,106,812,595\n995,175,721,467\n\u3000\u3000재고자산\n45,651,559,925\n60,022,548,457\n\u3000\u3000당기법인세자산\n148,895,173\n235,596,585\n\u3000\u3000유동비금융자산\n8,348,967,353\n8,848,456,768\n\u3000비유동자산\n6,650,760,197,818\n6,361,609,677,851\n\u3000\u3000비유동금융자산\n95,704,046,872\n91,670,135,207\n\u3000\u3000장기기타채권\n30,381,606,305\n19,082,244,678\n\u3000\u3000유형자산\n6,030,384,515,468\n5,795,776,421,861\n\u3000\u3000영업권 이외의 무형자산\n71,993,317,130\n76,644,166,419\n\u3000\u3000사용권자산\n141,053,771,682\n147,156,112,317\n\u3000\u3000종속기업, 공동기업과 관계기업에 대한 투자자산\n24,375,839,344\n25,721,358,977\n\u3000\u3000\u3000종속기업에 대한 투자자산\n10,460,787,851\n9,949,396,288\n\u3000\u3000\u3000관계기업에 대한 투자자산\n5,739,770,206\n6,824,199,973\n\u3000\u3000\u3000공동기업에 대한 투자자산\n8,175,281,287\n8,947,762,716\n\u3000\u3000순확정급여자산\n45,086,462,616\n52,769,138,730\n\u3000\u3000이연법인세자산\n193,361,961,027\n138,930,162,152\n\u3000\u3000비유동비금융자산\n18,418,677,374\n13,859,937,510\n\u3000자산총계\n7,112,465,696,379\n7,469,101,368,374\n부채\n\u3000\n\u3000\n\u3000유동부채\n1,588,911,372,940\n1,992,457,833,109\n\u3000\u3000매입채무및기타채무\n270,375,040,646\n1,078,605,122,246\n\u3000\u3000유동 리스부채\n9,138,661,961\n7,907,607,606\n\u3000\u3000유동금융부채\n1,199,778,261,963\n789,862,667,154\n\u3000\u3000유동비금융부채\n55,193,019,026\n52,793,321,235\n\u3000\u3000유동충당부채\n54,426,389,344\n63,289,114,868\n\u3000비유동부채\n3,795,114,196,110\n3,814,437,036,057\n\u3000\u3000비유동매입채무및기타채무\n15,573,413\n0\n\u3000\u3000비유동 리스부채\n105,841,985,742\n111,037,221,629\n\u3000\u3000비유동금융부채\n2,642,604,965,817\n2,670,039,458,168\n\u3000\u3000비유동비금융부채\n1,046,651,671,138\n1,033,360,356,260\n\u3000부채총계\n5,384,025,569,050\n5,806,894,869,166\n자본\n\u3000\n\u3000\n\u3000납입자본\n171,607,176,452\n171,607,176,452\n\u3000\u3000자본금, 보통주\n57,893,720,000\n57,893,720,000\n\u3000\u3000주식발행초과금\n113,713,456,452\n113,713,456,452\n\u3000이익잉여금(결손금)\n1,044,502,563,584\n1,229,630,226,044\n\u3000\u3000이익준비금\n28,946,860,000\n28,946,860,000\n\u3000\u3000기타법정적립금\n541,480,931,553\n541,480,931,553\n\u3000\u3000임의적립금\n659,202,434,491\n818,291,899,326\n\u3000\u3000미처분이익잉여금(미처리결손금)\n(185,127,662,460)\n(159,089,464,835)\n\u3000신종자본증권\n499,364,905,840\n249,802,525,840\n\u3000기타자본구성요소\n12,965,481,453\n11,166,570,872\n\u3000\u3000기타포괄손익누계액\n12,965,481,453\n11,166,570,872\n\u3000자본총계\n1,728,440,127,329\n1,662,206,499,208\n자본과부채총계\n7,112,465,696,379\n7,469,101,368,374\n4-2. 포괄손익계산서\n포괄손익계산서\n제 39 기 3분기 2023.01.01 부터 2023.09.30 까지\n제 38 기 3분기 2022.01.01 부터 2022.09.30 까지\n(단위 : 원)\n\u3000\n제 39 기 3분기\n제 38 기 3분기\n3개월\n누적\n3개월\n누적\n매출액\n607,336,687,805\n2,915,167,027,857\n710,814,566,143\n2,637,104,081,072\n매출원가\n628,060,946,570\n3,024,424,855,450\n741,901,674,544\n2,837,751,848,883\n매출총이익\n(20,724,258,765)\n(109,257,827,593)\n(31,087,108,401)\n(200,647,767,811)\n판매비와관리비\n23,291,787,368\n69,973,522,043\n26,223,070,110\n78,368,593,980\n영업이익(손실)\n(44,016,046,133)\n(179,231,349,636)\n(57,310,178,511)\n(279,016,361,791)\n기타수익\n9,882,087,969\n12,401,615,592\n4,717,815,794\n7,931,870,599\n기타비용\n3,667,125,700\n5,439,403,730\n1,946,984,718\n4,245,520,402\n기타이익(손실)\n(598,875,933)\n(2,218,635,820)\n(891,450,937)\n(2,270,406,064)\n금융수익\n1,164,238,479\n3,219,382,298\n2,320,015,825\n3,979,807,863\n금융원가\n21,934,213,939\n63,366,908,634\n16,536,597,130\n45,663,108,764\n관계기업 및 공동기업 관련 손익\n(196,168,324)\n445,480,367\n(502,974,487)\n3,715,506,835\n법인세비용차감전순이익(손실)\n(59,366,103,581)\n(234,189,819,563)\n(70,150,354,164)\n(315,568,211,724)\n법인세비용(수익)\n(13,176,162,093)\n(53,554,078,353)\n(62,897,840,648)\n(82,791,172,820)\n분기순이익(손실)\n(46,189,941,488)\n(180,635,741,210)\n(7,252,513,516)\n(232,777,038,904)\n세후기타포괄손익\n2,079,276,448\n1,798,910,581\n2,112,880,124\n10,599,084,593\n\u3000후속적으로 당기손익으로 재분류되지 않는 기타포괄손익\n0\n0\n0\n0\n\u3000후속적으로 당기손익으로 재분류되는 기타포괄손익\n2,079,276,448\n1,798,910,581\n2,112,880,124\n10,599,084,593\n\u3000\u3000현금흐름위험회피로 인한 손익\n2,079,276,448\n1,798,910,581\n2,112,880,124\n10,599,084,593\n총포괄손익\n(44,110,665,040)\n(178,836,830,629)\n(5,139,633,392)\n(222,177,954,311)\n주당이익\n\u3000\n\u3000\n\u3000\n\u3000\n\u3000기본주당이익(손실) (단위 : 원)\n(4,147.00)\n(15,989.00)\n(740.00)\n(20,445.00)\n\u3000희석주당이익(손실) (단위 : 원)\n(4,147.00)\n(15,989.00)\n(740.00)\n(20,445.00)\n4-3. 자본변동표\n자본변동표\n제 39 기 3분기 2023.01.01 부터 2023.09.30 까지\n제 38 기 3분기 2022.01.01 부터 2022.09.30 까지\n(단위 : 원)\n\u3000\n자본\n납입자본\n이익잉여금\n신종자본증권\n기타자본구성요소\n자본 합계\n2022.01.01 (기초자본)\n171,607,176,452\n1,397,947,949,847\n249,802,525,840\n3,821,191,342\n1,823,178,843,481\n자본의 변동\n포괄손익의 변동\n분기순이익(손실)\n0\n(232,777,038,904)\n0\n0\n(232,777,038,904)\n기타포괄손익\n후속적으로 당기손익으로 재분류되지 않는 기타포괄손익\n0\n0\n0\n0\n0\n후속적으로 당기손익으로 재분류되는 기타포괄손익\n현금흐름위험회피로 인한 손익\n0\n0\n0\n10,599,084,593\n10,599,084,593\n자본에 직접 반영된 소유주와의 거래\n배당\n0\n(9,228,258,968)\n0\n0\n(9,228,258,968)\n신종자본증권 분배금\n0\n(3,948,232,500)\n0\n0\n(3,948,232,500)\n신종자본증권의 발행\n0\n0\n0\n0\n0\n2022.09.30 (기말자본)\n171,607,176,452\n1,151,994,419,475\n249,802,525,840\n14,420,275,935\n1,587,824,397,702\n2023.01.01 (기초자본)\n171,607,176,452\n1,229,630,226,044\n249,802,525,840\n11,166,570,872\n1,662,206,499,208\n자본의 변동\n포괄손익의 변동\n분기순이익(손실)\n0\n(180,635,741,210)\n0\n0\n(180,635,741,210)\n기타포괄손익\n후속적으로 당기손익으로 재분류되지 않는 기타포괄손익\n0\n0\n0\n0\n0\n후속적으로 당기손익으로 재분류되는 기타포괄손익\n현금흐름위험회피로 인한 손익\n0\n0\n0\n1,798,910,581\n1,798,910,581\n자본에 직접 반영된 소유주와의 거래\n배당\n0\n0\n0\n0\n0\n신종자본증권 분배금\n0\n(4,491,921,250)\n0\n0\n(4,491,921,250)\n신종자본증권의 발행\n0\n0\n249,562,380,000\n0\n249,562,380,000\n2023.09.30 (기말자본)\n171,607,176,452\n1,044,502,563,584\n499,364,905,840\n12,965,481,453\n1,728,440,127,329\n4-4. 현금흐름표\n현금흐름표\n제 39 기 3분기 2023.01.01 부터 2023.09.30 까지\n제 38 기 3분기 2022.01.01 부터 2022.09.30 까지\n(단위 : 원)\n\u3000\n제 39 기 3분기\n제 38 기 3분기\n영업활동으로 인한 현금흐름\n(80,857,823,925)\n62,995,345,282\n\u3000분기순이익(손실)\n(180,635,741,210)\n(232,777,038,904)\n\u3000비현금항목의 조정\n236,026,598,532\n180,631,209,127\n\u3000\u3000법인세수익\n(53,554,078,353)\n(82,791,172,820)\n\u3000\u3000퇴직급여\n4,821,980,742\n10,533,851,253\n\u3000\u3000감가상각비\n223,620,763,464\n204,672,276,611\n\u3000\u3000무형자산상각비\n7,405,144,374\n7,173,318,671\n\u3000\u3000대손상각비\n303,429,057\n33,608\n\u3000\u3000대손충당금 환입\n0\n(50,303,803)\n\u3000\u3000기타의 대손상각비\n388,961,849\n0\n\u3000\u3000기타의 대손충당금환입\n(1,987,775,680)\n(294,160,162)\n\u3000\u3000외화환산손실\n374,262\n32,212,223\n\u3000\u3000외화환산이익\n(5,284,262)\n0\n\u3000\u3000유형자산처분손실\n2,331,634,626\n1,996,780,430\n\u3000\u3000유형자산처분이익\n(277,037,546)\n(402,539,258)\n\u3000\u3000무형자산처분손실\n140,983,048\n819,386\n\u3000\u3000공사부담금수익\n(34,031,067,653)\n(31,386,507,627)\n\u3000\u3000종속기업, 관계기업및공동기업투자평가이익\n(1,581,696,641)\n(5,624,605,552)\n\u3000\u3000종속기업, 관계기업및공동기업투자평가이익\n1,136,216,274\n1,909,098,717\n\u3000\u3000파생상품평가이익\n(364,141)\n(38,814,729)\n\u3000\u3000파생상품평가손실\n3,674,180\n0\n\u3000\u3000당기손익-공정가치측정금융자산평가손실\n0\n88,745,616\n\u3000\u3000잡이익\n0\n(30,554,208)\n\u3000\u3000유형자산손상차손\n0\n483,238,789\n\u3000\u3000충당부채전입액\n27,163,208,956\n32,764,936,697\n\u3000\u3000이자비용\n63,366,908,634\n45,574,363,148\n\u3000\u3000이자수익\n(3,219,376,658)\n(3,979,807,863)\n\u3000자산 및 부채의 변동\n(67,725,397,375)\n163,078,028,782\n\u3000\u3000매출채권\n626,946,813,298\n242,892,650,563\n\u3000\u3000미수금\n77,192,895,220\n41,661,926,816\n\u3000\u3000선급금\n1,220,302,442\n8,047,928,528\n\u3000\u3000선급비용\n(1,713,608,053)\n4,782,859,336\n\u3000\u3000재고자산\n14,370,988,532\n15,709,900,588\n\u3000\u3000단기금융상품\n15,000\n0\n\u3000\u3000기타유동비금융자산\n0\n(178,603,040)\n\u3000\u3000매입채무\n(794,256,786,116)\n(165,597,071,694)\n\u3000\u3000미지급금\n(7,639,558,177)\n(12,940,997,383)\n\u3000\u3000미지급비용\n(403,300,735)\n(1,174,685,934)\n\u3000\u3000공사부담금의수령(이연수익)\n49,345,812,694\n74,650,985,413\n\u3000\u3000선수금\n(1,804,636,157)\n455,589,879\n\u3000\u3000선수수익\n65,379\n44,610,731\n\u3000\u3000예수금\n2,174,673,424\n(6,069,807,203)\n\u3000\u3000기타의유동부채\n(1,657,970)\n(2,685,140)\n\u3000\u3000기타의비유동부채\n7,822,952\n(83,158,794)\n\u3000\u3000충당부채\n(36,025,934,480)\n(41,849,203,544)\n\u3000\u3000퇴직금의 지급\n2,860,695,372\n2,727,789,660\n\u3000이자의 수취\n2,553,717,178\n1,229,428,611\n\u3000이자의 지급\n(72,904,839,045)\n(49,600,299,255)\n\u3000배당금의 수취\n1,791,000,000\n1,262,000,000\n\u3000법인세의 환급(납부)\n36,837,995\n(827,983,079)\n투자활동으로 인한 현금흐름\n(446,606,302,721)\n(386,805,762,604)\n\u3000당기손익-공정가치측정금융자산의 순증감\n0\n(9,730,215,206)\n\u3000유형자산의 처분\n1,006,249,143\n1,724,593,930\n\u3000유형자산의 취득\n(450,919,918,859)\n(356,328,104,549)\n\u3000무형자산의 처분\n147,681,818\n43,801,170\n\u3000무형자산의 취득\n(136,955,070)\n(1,137,671,442)\n\u3000보증금의 감소\n9,483,222,000\n5,052,132,720\n\u3000보증금의 증가\n(7,391,800,000)\n(9,398,515,270)\n\u3000장기대여금의 회수\n10,940,402,517\n10,002,504,553\n\u3000장기대여금의 대여\n(9,735,184,270)\n(18,164,288,510)\n\u3000관계기업및공동기업투자의 취득\n0\n(8,870,000,000)\n재무활동으로 인한 현금흐름\n617,539,493,479\n325,749,845,422\n\u3000신종자본증권의 발행\n250,000,000,000\n0\n\u3000신종자본증권발행비의 지급\n(437,620,000)\n0\n\u3000단기차입금의 차입\n1,537,154,757,843\n450,000,000,000\n\u3000단기차입금의 상환\n(1,527,154,757,843)\n(580,288,013,825)\n\u3000장기차입금의 차입\n2,550,000,000\n0\n\u3000유동성사채의 상환\n(160,000,000,000)\n(280,000,000,000)\n\u3000사채의 발행\n530,000,000,000\n760,000,000,000\n\u3000사채발행비의 지급\n(960,043,200)\n(1,304,280,000)\n\u3000신종자본증권의 분배금\n(5,841,250,000)\n(5,208,750,000)\n\u3000리스부채의 상환\n(7,771,593,321)\n(8,220,851,785)\n\u3000배당금 지급\n0\n(9,228,258,968)\n현금및현금성자산의 증가\n90,075,366,833\n1,939,428,100\n기초현금및현금성자산\n28,178,878,027\n12,671,548,485\n분기말의 현금및현금성자산\n118,254,244,860\n14,610,976,585\n5. 재무제표 주석\n제 39(당) 기 3분기 : 2023년 9월 30일 현재\n제 38(전) 기 3분기 : 2022년 9월 30일 현재\n한국지역난방공사\n1. 일반사항한국지역난방공사(이하 '공사')는 집단에너지사업법에 의하여 1985년 11월 1일 설립되어 집단에너지 공급을 주요 사업으로 하고 있으며, 본사는 경기도 성남시에 소재하고 있습니다. 공사는 2010년 1월 29일자로 한국거래소에 상장되었으며, 보고기간종료일 현재 주요 주주는 대한민국 정부(34.5%), 한국전력공사(19.6%), 한국에너지공단(10.5%) 및 서울특별시(10.4%)입니다.2. 중요한 회계정책 및 재무제표 작성기준\n2-1 재무제표의 작성기준공사의 요약분기재무제표는 '주식회사 등의 외부감사에 관한 법률'에 따라 제정된 한국채택국제회계기준 기업회계기준서 제1034호에 따라 작성되었습니다. 한편, 공사의 재무제표는 기업회계기준서 제1027호에 따른 별도재무제표입니다. \n중간재무제표는 연차재무제표에 기재할 것으로 요구되는 모든 정보 및 주석사항을 포함하고 있지 아니하므로, 2022년 12월 31일로 종료되는 회계기간에 대한 연차재무제표의 정보도 함께 참고하여야 합니다.\n2-2 공사가 채택한 제ㆍ개정 기준서 및 해석서공사는 2023년 1월 1일로 개시하는 회계기간부터 다음의 제ㆍ개정 기준서 및 해석서를 신규로 적용하였습니다.\xa0\n(1) 기업회계기준서 제1001호 '재무제표 표시' - '회계정책'의 공시\n중요한 회계정책 정보를 정의하고 이를 공시하도록 하였습니다. 해당 기준서의 개정이 재무제표에 미치는 중요한 영향은 없습니다.\n(2) 기업회계기준서 제1001호 '재무제표 표시' - 행사가격 조정 조건이 있는 금융부채 평가손익 공시 발행자의 주가 변동에 따라 행사가격이 조정되는 조건이 있는 금융상품의 전부나 일부가 금융부채로 분류되는 경우 그 금융부채의 장부금액과 관련 손익을 공시하도록 하였습니다. 해당 기준서의 개정이 재무제표에 미치는 중요한 영향은 없습니다.\n(3) 기업회계기준서 제1008호 '회계정책, 회계추정의 변경 및 오류' - '회계추정'의 정의\xa0\n회계추정을 정의하고, 회계정책의 변경과 구별하는 방법을 명확히 하였습니다. 해당 기준서의 개정이 재무제표에 미치는 중요한 영향은 없습니다.\n(4) 기업회계기준서 제1012호 '법인세' - \xa0단일거래에서 생기는 자산과 부채에 대한 이연법인세 자산 또는 부채가 최초로 인식되는 거래의 최초 인식 예외 요건에 거래시점 동일한 가산할 일시적차이와 차감할 일시적차이를 발생시키지 않는 거래라는 요건을 추가하였습니다. 해당 기준서의 개정이 재무제표에 미치는 중요한 영향은 없습니다.\n(5) 기업회계기준서 제1117호 '보험계약' 제정\xa0\n기업회계기준서 제1117호 '보험계약'은 기업회계기준서 제1104호 '보험계약'을 대체합니다. 보험계약에 따른 모든 현금흐름을 추정하고 보고시점의 가정과 위험을 반영한 할인율을 사용하여 보험부채를 측정하고, 매 회계연도별로 계약자에게 제공한 서비스(보험보장)를 반영하여 수익을 발생주의로 인식하도록 합니다. 또한, 보험사건과 관계없이 보험계약자에게 지급하는 투자요소(해약/만기환급금)는 보험수익에서 제외하며, 보험손익과 투자손익을 구분 표시하여 정보이용자가 손익의 원천을 확인할 수 있도록 하였습니다. 해당 기준서의 제정이 재무제표에 미치는 중요한 영향은 없습니다.\n2-3 공사가 적용하지 않은 제ㆍ개정 기준서 및 해석서\xa0\n제정 또는 공표되었으나 시행일이 도래하지 않아 적용하지 아니한 제ㆍ개정 기준서 및 해석서는 다음과 같습니다.\n(1) 기업회계기준서 제1001호 '재무제표 표시' 개정 - 부채의 유동/비유동 분류\n보고기간말 현재 존재하는 실질적인 권리에 따라 유동 또는 비유동으로 분류되며, 부채의 결제를 연기할 수 있는 권리의 행사가능성이나 경영진의 기대는 고려하지 않습니다. 또한, 부채의 결제에 자기지분상품의 이전도 포함되나, 복합금융상품에서 자기지분상품으로 결제하는 옵션이 지분상품의 정의를 충족하여 부채와 분리하여 인식된경우는 제외됩니다. 또한, 기업이 보고기간말 후에 준수해야하는 약정은 보고기간말에 해당 부채의 분류에 영향을 미치지 않으며, 보고기간 이후 12개월 이내 약정사항을 준수해야하는 부채가 보고기간말 현재 비유동부채로 분류된 경우 보고기간 이후 12개월 이내 부채가 상환될 수 있는 위험에 관한 정보를 공시해야 합니다. 동 개정사항은 2024년 1월 1일 이후 시작하는 회계연도부터 적용될 예정이며, 조기적용이 허용됩니다. 공사는 동 개정으로 인한 재무제표의 영향을 검토 중에 있습니다.\n2-4 회계정책\n요약분기재무제표의 작성에 적용된 유의적 회계정책과 계산방법은 주석 2-2에서 설명하는 제ㆍ개정 기준서의 적용으로 인한 변경 및 아래 문단에서 설명하는 사항을 제외하고는 전기 재무제표 작성에 적용된 회계정책이나 계산방법과 동일합니다.중간기간의 법인세비용은 전체 회계연도에 대해서 예상되는 최선의 가중평균연간법인세율, 즉 추정평균연간유효법인세율을 중간기간의 세전이익에 적용하여 계산합니다. \n2-5 중요한 회계추정 및 가정공사는 미래에 대하여 추정 및 가정을 하고 있습니다. 추정 및 가정은 지속적으로 평가되며, 과거 경험과 현재의 상황에서 합리적으로 예측가능한 미래의 사건과 같은 다른 요소들을 고려하여 이루어집니다. 이러한 회계추정은 실제 결과와 다를 수도 있습니다.\n요약분기재무제표 작성시 사용된 중요한 회계추정 및 가정은 전기재무제표 작성에 적용된 회계추정 및 가정과 동일합니다.\n3. 영업부문별 보고 \xa0 \n3-1 공사의 보고부문공사의 보고부문은 열과 전기, 냉수의 3개 영업부문으로 구성되어 있습니다. 그러나,공사의 업종특성상 열과 전기, 냉수가 직접적으로 구분이 불가능하고 각 영업단위별로 요구되는 기술과 마케팅전략이 유사합니다. 또한, 공사의 회계시스템에서는 매출액부터 영업이익 단계까지만 구분이 가능합니다.\n3-2 부문당기손익 \xa0 \xa0당분기 및 전분기 중 부문당기손익은 다음과 같습니다.\n(1) 당분기\n(단위:천원)\n구 \xa0분\n외부고객으로부터의 수익\n보고부문영업이익(손실)\n감가상각비 및 무형자산상각비\n3개월\n누적\n3개월\n누적\n3개월\n누적\n열 (*)\n134,425,561\n964,234,639\n(47,273,640)\n(188,617,126)\n50,980,506\n153,587,634\n전기 (*)\n458,587,492\n1,925,374,582\n2,896,617\n12,587,489\n24,580,326\n68,699,927\n냉수\n14,323,635\n25,557,807\n360,977\n(3,201,713)\n2,965,816\n8,738,347\n합 \xa0계\n607,336,688\n2,915,167,028\n(44,016,046)\n(179,231,350)\n78,526,648\n231,025,908\n(*) 당분기 중 자산을 의도한 방식으로 사용하기 전에 발생한 열 판매 매출액 2,213백만원 및 매출원가 2,991백만원과 전기 판매 매출액 7,813백만원 및 매출원가 10,397백만원이 포함되어 있습니다.(2) 전분기\n(단위:천원)\n구 \xa0분\n외부고객으로부터의 수익\n보고부문영업이익(손실)\n감가상각비 및 무형자산상각비\n3개월\n누적\n3개월\n누적\n3개월\n누적\n열\n115,194,260\n804,326,502\n(66,828,306)\n(273,357,896)\n46,547,399\n139,797,273\n전기\n581,620,426\n1,807,710,789\n6,878,306\n(6,436,197)\n22,835,571\n64,019,733\n냉수\n13,999,880\n25,066,790\n2,639,821\n777,731\n2,732,732\n8,028,589\n합 \xa0계\n710,814,566\n2,637,104,081\n(57,310,179)\n(279,016,362)\n72,115,702\n211,845,595\n3-3 영업의 계절적 특성\n공사의 열 매출은 난방용 수요로 인하여 동절기에 높고, 하절기에 낮은 특성을 나타내고 있으며, 당기에도 동절기의 매출 및 영업이익이 하절기에 비하여 높을 것으로 기대됩니다.\n3-4 주요 고객에 대한 정보당분기 및 전분기 중 매출액의 10% 이상을 차지하는 외부 고객은 전기 제품과 관련된 고객이며, 동 고객으로부터의 매출액은 1,842,861백만원(전분기: 1,744,702백만원)입니다.\n3-5 지역정보공사의 수익은 전액 국내에서 발생하였습니다.\n4. 매출채권및기타채권 \xa0\n보고기간종료일 현재 매출채권및기타채권의 내역은 다음과 같습니다.\n(단위:천원)\n구 \xa0분\n당분기말\n전기말\n채권액\n대손충당금\n장부금액\n채권액\n대손충당금\n장부금액\n유동자산:\n\xa0 \xa0매출채권\n223,784,978\n(1,245,656)\n222,539,322\n850,755,734\n(966,170)\n849,789,564\n\xa0 \xa0기타채권(*)\n55,842,275\n(1,274,784)\n54,567,491\n146,271,988\n(885,831)\n145,386,157\n소 \xa0계\n279,627,253\n(2,520,440)\n277,106,813\n997,027,722\n(1,852,001)\n995,175,721\n비유동자산:\n\xa0 \xa0기타채권(*)\n30,381,606\n-\n30,381,606\n19,082,245\n-\n19,082,245\n합 \xa0계\n310,008,859\n(2,520,440)\n307,488,419\n1,016,109,967\n(1,852,001)\n1,014,257,966\n(*) \xa0기타채권은 미수금과 미수수익, 보증금으로 구성되어 있습니다.\n5. 유형자산\n5-1 유형자산의 변동내역당분기 및 전분기 중 유형자산 장부금액의 변동내역은 다음과 같습니다.\n(1) 당분기\n(단위:천원)\n구 \xa0분\n기초\n취득(*1)\n처분\n감가상각\n대체(*2)\n분기말\n토지\n1,050,838,259\n1,404\n(158,410)\n-\n-\n1,050,681,253\n건물\n548,360,161\n-\n(271,761)\n(14,670,230)\n17,098,164\n550,516,334\n구축물\n173,598,014\n48,220\n(20,680)\n(8,087,964)\n18,207,487\n183,745,077\n기계장치\n3,414,399,946\n8,579,968\n(2,275,329)\n(181,839,501)\n357,919,722\n3,596,784,806\n차량운반구\n1,238,003\n-\n-\n(424,384)\n-\n813,619\n건설중인자산\n579,918,145\n439,428,302\n(322,173)\n-\n(397,548,106)\n621,476,168\n집기와비품\n15,137,805\n501,587\n(6,960)\n(4,554,553)\n838,507\n11,916,386\n공구와기구\n12,286,089\n5,726,475\n(5,534)\n(4,134,379)\n578,221\n14,450,872\n합 \xa0계\n5,795,776,422\n454,285,956\n(3,060,847)\n(213,711,011)\n(2,906,005)\n6,030,384,515\n(*1) 미지급금 및 선급금 등의 변동 9,255백만원, 차입원가 자본화 12,621백만원 등이 포함되어 있습니다.(*2) 유형자산 중 2,906백만원은 무형자산으로 대체되었습니다.\n(2) 전분기\n(단위:천원)\n구 \xa0분\n기초\n취득(*1)\n처분\n감가상각\n대체(*2)\n손상\n분기말\n토지\n1,029,014,929\n-\n(49,204)\n-\n20,974,332\n-\n1,049,940,057\n건물\n505,751,200\n-\n(209,265)\n(13,313,578)\n2,639,725\n-\n494,868,082\n구축물\n169,794,877\n57,372\n(658,338)\n(7,767,368)\n853,415\n-\n162,279,958\n기계장치\n3,182,073,678\n36,268,202\n(2,364,490)\n(164,654,280)\n254,391,381\n(389,087)\n3,305,325,404\n차량운반구\n1,639,915\n59,586\n(3)\n(418,835)\n16\n-\n1,280,679\n건설중인자산\n428,115,010\n318,463,209\n(27,098)\n-\n(281,179,825)\n(69,649)\n465,301,647\n집기와비품\n17,443,316\n1,685,480\n(9,607)\n(4,800,146)\n113,758\n(4,299)\n14,428,502\n공구와기구\n13,319,286\n3,150,337\n(830)\n(4,235,143)\n(33)\n(20,203)\n12,213,414\n합 \xa0계\n5,347,152,211\n359,684,186\n(3,318,835)\n(195,189,350)\n(2,207,231)\n(483,238)\n5,505,637,743\n(*1) 미지급금 등의 변동 3,546백만원, 차입원가 자본화 6,902백만원 등이 포함되어 있습니다.(*2) 유형자산 중 2,720백만원은 무형자산으로, 장기보증금에서 건설중인자산으로 268백만원, 저장품에서 기계장치로 219백만원이 대체되었습니다.\n5-2 담보로 제공된 자산\n당분기말 현재 개성공단 사업 관련 채무를 위하여 담보로 제공되어 있는 건설중인자산의 내역은 다음과 같습니다.\n(단위:천원)\n담보제공처\n담보제공자산\n대상채무(*1)\n장부금액(*2)\n채권최고액\n한국수출입은행\n토지이용권\n7,000,000\n6,482,000\n9,100,000\n(*1) 장기예수금으로 계상되어 있는 보험금 수령액입니다.(*2) 손상차손 반영 후의 장부금액입니다.\xa0\n6. 영업권이외의무형자산\n당분기 및 전분기 중 영업권이외의무형자산 장부금액의 변동내역은 다음과 같습니 다.\n(1) 당분기\n(단위:천원)\n구 \xa0분\n기초\n취득\n처분\n상각\n대체(*)\n분기말\n소프트웨어\n12,641,646\n124,774\n(5)\n(3,544,206)\n2,849,894\n12,072,103\n라이선스와프랜차이즈\n180,490\n-\n-\n(11,163)\n56,111\n225,438\n산업재산권\n419,250\n12,181\n(102,160)\n(42,432)\n-\n286,839\n시설이용권\n59,653,411\n-\n-\n(3,724,741)\n-\n55,928,670\n회원권\n3,105,973\n-\n(186,500)\n-\n-\n2,919,473\n기타\n643,396\n-\n-\n(82,602)\n-\n560,794\n합 \xa0계\n76,644,166\n136,955\n(288,665)\n(7,405,144)\n2,906,005\n71,993,317\n(*) 전액 유형자산에서 대체되었습니다.\n(2) 전분기\n(단위:천원)\n구 \xa0분\n기초\n취득\n처분\n상각\n대체(*)\n분기말\n소프트웨어\n11,788,422\n630,096\n-\n(3,373,058)\n2,597,574\n11,643,034\n산업재산권\n410,796\n67,473\n-\n(56,000)\n-\n422,269\n시설이용권\n63,868,787\n47,654\n(44,621)\n(3,651,013)\n122,489\n60,343,296\n회원권\n2,778,125\n392,448\n-\n-\n-\n3,170,573\n기타\n948,217\n-\n-\n(93,248)\n-\n854,969\n합 \xa0계\n79,794,347\n1,137,671\n(44,621)\n(7,173,319)\n2,720,063\n76,434,141\n(*) 유형자산에서 대체되었습니다.\n7. 리스\n7-1 사용권자산의 변동 내역\n당분기 및 전분기 중 사용권자산 장부금액의 변동내역은 다음과 같습니다.\n(1) 당분기\n(단위:천원)\n구 \xa0분\n기초\n감가상각\n증감\n분기말\n토지\n114,616,349\n(5,595,681)\n(38,039)\n108,982,629\n건물\n355,837\n(102,355)\n506,244\n759,726\n기계장치\n30,605,973\n(3,886,190)\n3,205,089\n29,924,872\n차량운반구\n1,577,953\n(325,527)\n134,118\n1,386,544\n합 \xa0계\n147,156,112\n(9,909,753)\n3,807,412\n141,053,771\n한편, 당분기 중 신규로 취득한 리스자산 취득금액은 259백만원입니다.\n(2) 전분기\n(단위:천원)\n구 \xa0분\n기초\n감가상각\n증감\n분기말\n토지\n110,098,353\n(5,293,527)\n1,790,167\n106,594,993\n건물\n505,700\n(134,210)\n29,406\n400,896\n기계장치\n35,905,927\n(4,055,189)\n112,747\n31,963,485\n합 \xa0계\n146,509,980\n(9,482,926)\n1,932,320\n138,959,374\n한편, 전분기 중 신규로 취득한 리스자산 취득금액은 11백만원입니다.\n7-2 리스부채당분기 및 전분기 중 리스부채 장부금액의 변동내역은 다음과 같습니다.\n(단위:천원)\n구 \xa0분\n당분기\n전분기\n기초\n118,944,829\n116,350,390\n이자비용\n2,221,516\n1,863,929\n지급리스료\n(9,993,109)\n(10,084,781)\n증감\n3,807,412\n1,932,320\n분기말\n114,980,648\n110,061,858\n한편, 당분기 중에 발생한 소액리스료와 단기리스료는 각각 324백만원(전분기: 364백만원)과 11백만원(전분기: 333백만원)이며, 동 비용은 매출원가, 판매비와관리비 및 건설중인자산에 반영되어 있습니다. 그리고 당분기 중 소액리스, 단기리스 및 리스부채로 발생한 총 현금유출액은 10,328백만원(전분기: 10,782백만원)입니다.\n8. 종속기업투자지분 \xa0\n8-1 종속기업투자지분의 세부내역 보고기간종료일 현재 종속기업투자지분의 세부내역은 다음과 같습니다.\n(단위:천원)\n기업명\n주요 영업활동\n소재지\n지분율(%)\n취득원가\n장부금액\n당분기말\n전기말\n지역난방안전(주)\n열수송관 점검, 진단\n대한민국\n100\n900,000\n4,178,458\n3,645,148\n지역난방플러스(주)\n경비업, 청소업\n대한민국\n100\n400,000\n1,341,530\n1,311,999\n(주)힘이되는나무\n바이오매스발전시설의 건설및 관리·운영\n대한민국\n51\n5,100,000\n4,940,800\n4,992,249\n합 \xa0계\n6,400,000\n10,460,788\n9,949,396\n8-2 종속기업투자지분의 변동내역당분기 및 전분기 중 종속기업투자지분의 변동내역은 다음과 같습니다.(1) 당분기\n(단위:천원)\n기업명\n기초\n지분법손익\n분기말\n지역난방안전(주)\n3,645,148\n533,310\n4,178,458\n지역난방플러스(주)\n1,311,999\n29,531\n1,341,530\n(주)힘이되는나무\n4,992,249\n(51,449)\n4,940,800\n합 \xa0계\n9,949,396\n511,392\n10,460,788\n(2) 전분기\n(단위:천원)\n기업명\n기초\n취득\n지분법손익\n분기말\n지역난방안전(주)\n3,468,984\n-\n179,191\n3,648,175\n지역난방플러스(주)\n790,937\n-\n885,363\n1,676,300\n(주)힘이되는나무\n-\n5,100,000\n(70,950)\n5,029,050\n합 \xa0계\n4,259,921\n5,100,000\n993,604\n10,353,525\n8-3 종속기업의 요약 재무정보 \xa0당분기 및 전분기 종속기업의 요약 재무정보는 다음과 같습니다. (1) 당분기\n(단위:천원)\n기업명\n자산\n부채\n매출\n분기순손익\n지역난방안전(주)\n7,138,535\n2,960,078\n12,196,206\n533,310\n지역난방플러스(주)\n4,035,270\n2,693,740\n12,176,267\n52,646\n(주)힘이되는나무\n9,688,309\n465\n-\n(100,881)\n(2) 전분기\n(단위:천원)\n기업명\n자산\n부채\n매출\n분기순손익\n지역난방안전(주)\n7,158,678\n3,510,503\n12,517,235\n179,191\n지역난방플러스(주)\n4,233,159\n2,556,859\n12,395,137\n850,002\n(주)힘이되는나무\n9,866,830\n5,947\n-\n(139,117)\n9. 관계기업및공동기업투자지분\n9-1 관계기업및공동기업투자지분의 세부내역 보고기간종료일 현재 관계기업및공동기업투자지분의 세부내역은 다음과 같습니다.\n(단위:천원)\n기업명\n주요 영업활동\n소재지\n지분율(%)\n취득원가\n장부금액\n당분기말\n전기말\n관계기업:\n(주)휴세스(*1)\n집단에너지생산\n대한민국\n49\n24,500,000\n-\n-\n노을그린에너지(주)(*2,*3)\n연료전지발전\n대한민국\n15\n900,000\n-\n-\n(주)신안그린에너지(*2)\n풍력발전사업\n대한민국\n10\n4,173,000\n791,278\n1,188,970\n청정빛고을(주)(*2,*4)\n가연성폐기물 연료화사업\n대한민국\n17\n4,099,420\n-\n-\n(주)푸르메여주팜\n작물재배 및 포장판매\n대한민국\n30\n300,000\n414,140\n413,803\n코하이젠(주)\n수소연료공급시설 인프라 구축 및 운영\n대한민국\n28\n6,670,000\n4,534,352\n5,221,427\n소 \xa0계\n40,642,420\n5,739,770\n6,824,200\n공동기업:\n한국지역난방기술(주)\n기술용역사업\n대한민국\n50\n400,000\n8,175,281\n8,947,763\n합 \xa0계\n41,042,420\n13,915,051\n15,771,963\n(*1) 당분기말 현재 지분법적용중지로 인하여 인식하지 못한 지분법손실액은 17,830백만원입니다.(*2) 지분율이 20% 미만이나 의사결정기구에 참여하는 등 유의적인 영향력이 존재합니다.(*3) 당분기말 현재 지분법적용중지로 인하여 인식하지 못한 지분법손실액은 3,946백만원입니다.(*4) 당분기말 현재 지분법적용중지로 인하여 인식하지 못한 지분법손실액은 1,764백만원입니다.\n한편, 관계기업인 윈드밀파워(주) 지분의 장부금액은 '0'이며, 현재 매각예정자산으로 분류되어 있습니다.9-2 관계기업및공동기업투자지분의 변동내역 당분기 및 전분기 중 관계기업및공동기업투자지분의 변동내역은 다음과 같습니다.\n(1) 당분기\n(단위:천원)\n분 \xa0류\n기업명\n기초\n배당\n지분법손익\n분기말\n관계기업\n(주)신안그린에너지\n1,188,970\n-\n(397,692)\n791,278\n(주)푸르메여주팜\n413,803\n-\n337\n414,140\n코하이젠(주)\n5,221,427\n-\n(687,075)\n4,534,352\n공동기업\n한국지역난방기술(주)\n8,947,763\n(1,791,000)\n1,018,518\n8,175,281\n합 \xa0계\n15,771,963\n(1,791,000)\n(65,912)\n13,915,051\n(2) 전분기\n(단위:천원)\n분 \xa0류\n기업명\n기초\n취득\n배당\n지분법손익\n분기말\n관계기업\n노을그린에너지(주)\n2,450,591\n-\n-\n(1,247,363)\n1,203,228\n(주)신안그린에너지\n998,627\n-\n-\n(27,314)\n971,313\n(주)푸르메여주팜\n179,669\n-\n-\n184,668\n364,337\n코하이젠(주)\n2,283,511\n3,770,000\n-\n(563,473)\n5,490,038\n공동기업\n한국지역난방기술(주)\n7,076,365\n-\n(1,262,000)\n4,375,383\n10,189,748\n합 \xa0계\n12,988,763\n3,770,000\n(1,262,000)\n2,721,901\n18,218,664\n9-3 미실현손익의 변동내역\n당분기 및 전분기 중 내부거래로 인한 미실현손익의 변동내역은 다음과 같습니다.\n(1) 당분기\n(단위:천원)\n기업명\n기초\n증가\n감소\n분기말\n한국지역난방기술(주)\n5,819,518\n280,666\n(516,248)\n5,583,936\n(2) 전분기\n(단위:천원)\n기업명\n기초\n증가\n감소\n분기말\n한국지역난방기술(주)\n6,000,342\n770,592\n(605,590)\n6,165,344\n9-4 관계기업 및 공동기업의 요약 재무정보당분기 및 전분기 관계기업 및 공동기업의 요약 재무정보는 다음과 같습니다.(1) 당분기\n(단위:천원)\n분 \xa0류\n기업명\n자산총액\n부채총액\n매출액\n분기순손익\n관계기업\n(주)휴세스\n229,597,122\n233,011,738\n34,940,759\n1,320,681\n노을그린에너지(주)\n76,987,327\n105,298,877\n4,863,878\n(9,450,432)\n(주)신안그린에너지\n161,997,057\n155,286,381\n9,860,522\n(3,977,301)\n청정빛고을(주)\n30,247,589\n25,147,006\n6,558,562\n136,158\n(주)푸르메여주팜\n2,671,454\n530,055\n417,265\n503,373\n코하이젠(주)\n24,439,412\n8,021,930\n2,242,130\n(2,487,686)\n공동기업\n한국지역난방기술(주)\n39,342,772\n11,824,336\n30,506,331\n2,489,857\n(2) 전분기\n(단위:천원)\n분 \xa0류\n기업명\n자산총액\n부채총액\n매출액\n분기순손익\n관계기업\n(주)휴세스\n233,374,825\n239,228,110\n27,730,651\n(2,662,130)\n노을그린에너지(주)\n103,182,558\n95,787,707\n20,628,092\n(5,660,721)\n(주)신안그린에너지\n169,266,947\n160,755,753\n13,199,480\n(273,168)\n청정빛고을(주)\n33,716,861\n28,245,409\n1,775,786\n(2,557,414)\n(주)푸르메여주팜\n2,533,925\n890,551\n142,795\n651,093\n코하이젠(주)\n23,401,853\n3,524,128\n-\n(2,002,508)\n공동기업\n한국지역난방기술(주)\n46,918,007\n14,207,821\n40,469,674\n9,215,860\n10. 차입금 및 사채\n10-1 차입금 및 사채의 구성내역\n보고기간종료일 현재 유동ㆍ비유동금융부채에 포함된 차입금 및 사채의 구성내역은 다음과 같습니다.\n(단위:천원)\n구 \xa0분\n당분기말\n전기말\n유동부채\n\u3000\n\xa0 \xa0단기차입금\n540,000,000\n530,000,000\n\xa0 \xa0유동성사채\n660,000,000\n260,000,000\n\xa0 \xa0차감:사채할인발행차금\n(225,412)\n(137,333)\n소 \xa0계\n1,199,774,588\n789,862,667\n비유동부채\n\xa0 \xa0장기차입금\n5,500,000\n2,950,000\n\xa0 \xa0사채\n2,640,000,000\n2,670,000,000\n\xa0 \xa0차감:사채할인발행차금\n(2,895,034)\n(2,910,542)\n소 \xa0계\n2,642,604,966\n2,670,039,458\n합 \xa0계\n3,842,379,554\n3,459,902,125\n10-2 장ㆍ단기차입금의 구성내역보고기간종료일 현재 장ㆍ단기차입금의 구성내역은 다음과 같습니다.\n(단위:천원)\n구 \xa0분\n차입처\n이자율(%)\n만기\n당분기말\n전기말\n2023.9.30\n단기차입금\n신한은행\n3M CD + 0.68\n2023.10.16\n100,000,000\n-\n하나은행\n-\n-\n-\n100,000,000\n3M CD + 0.16\n2023.10.19\n50,000,000\n50,000,000\n3M CD + 0.26\n2023.10.10\n150,000,000\n150,000,000\n3M CD + 0.33\n2023.10.10\n40,000,000\n40,000,000\n3M CD + 0.38\n2023.10.13\n100,000,000\n-\n3M CD + 0.39\n2023.11.09\n100,000,000\n-\n한양증권 외\n-\n-\n-\n110,000,000\n케이프증권 외\n-\n-\n-\n80,000,000\n장기차입금\n한국에너지공단\n2.25\n2030.09.15\n2,950,000\n2,950,000\n2.25\n2031.06.15\n2,550,000\n-\n합 \xa0계\n545,500,000\n532,950,000\n10-3 사채의 구성내역보고기간종료일 현재 사채의 구성내역은 다음과 같습니다.\n(단위:천원)\n종 \xa0류\n이자율(%)\n만기\n당분기말\n전기말\n2023.9.30\n공모사채\n1.46~5.65\n2024년~2039년\n3,300,000,000\n2,930,000,000\n\xa0 \xa0 \xa0 \xa0차감:사채할인발행차금\n(3,120,446)\n(3,047,875)\n소 \xa0 \xa0 \xa0 계\n3,296,879,554\n2,926,952,125\n\xa0 \xa0 \xa0 \xa0차감:유동성대체\n(660,000,000)\n(260,000,000)\n\xa0 \xa0 \xa0 \xa0차감:사채할인발행차금 유동성대체\n225,412\n137,333\n합 \xa0 \xa0 \xa0 계\n2,637,104,966\n2,667,089,458\n10-4 기한의 이익 상실보고기간종료일 현재 공사가 발행한 사채와 관련하여 다음과 같은 사유가 발생하는 경우 공사는 기한의 이익을 상실합니다.(1) 기한의 이익 즉시 상실 공사의 파산 또는 회생절차 개시의 신청, 휴업 혹은 폐업, 부채총액이 자산총액을 초과하여 채권을 재조정하는 경우 및 중요한 영업 정지 및 취소 처분을 받는 경우 등 \xa0 12개 중 하나의 사유가 발생한 경우에 공사는 즉시 본 사채에 대한 기한의 이익을 상실합니다. (2) 기한의 이익 상실 선언에 의한 기한의 이익 상실 원금의 일부를 상환하여야 할 의무 또는 기한이 도래한 이자지급의무를 불이행하여, 통지한 변제유예기간 내에 변제하지 못한 경우, 재무비율 유지(부채비율 400% ~ 500%이하 유지)하지 못한 경우, 담보권 설정 제한을 위반한 경우 및 자산의 처분 제한(1회계연도 내 4조원 이상의 자산 매매, 양도, 임대 등)을 위반한 경우 등 7개 중 하나의 사유가 발생한 경우에 본 사채의 사채권자 및 사채관리회사는 공사에 본 사채에 대한 기한의 이익을 상실함을 선언할 수 있습니다.\n11. 비금융부채 \xa011-1 비금융부채의 구성내역 \xa0 \xa0 \xa0보고기간종료일 현재 비금융부채의 구성내역은 다음과 같습니다.\n(단위:천원)\n구 \xa0분\n당분기말\n전기말\n유동\n비유동\n유동\n비유동\n선수금\n230,707\n-\n2,035,343\n-\n선수수익\n11,705\n-\n11,640\n-\n예수금\n7,414,013\n7,000,000\n5,239,339\n7,000,000\n이연수익\n47,483,067\n1,039,620,163\n45,451,814\n1,026,336,671\n기타비금융부채\n53,527\n31,508\n55,185\n23,685\n합 \xa0계\n55,193,019\n1,046,651,671\n52,793,321\n1,033,360,356\n11-2 이연수익의 변동내역당분기 및 전분기 중 공사부담금 관련 이연수익의 변동내역은 다음과 같습니다.\n(단위:천원)\n구 \xa0분\n당분기\n전분기\n기 \xa0초\n1,071,788,485\n1,018,887,233\n증 \xa0가\n49,345,813\n74,650,986\n감 \xa0소\n(34,031,068)\n(31,386,508)\n소 \xa0계\n1,087,103,230\n1,062,151,711\n차감:유동성 대체\n(47,483,067)\n(44,644,670)\n합 \xa0계\n1,039,620,163\n1,017,507,041\n11-3 이연수익의 실현내역당분기 및 전분기 중 실현된 이연수익의 내역은 다음과 같습니다.\n(단위:천원)\n구 \xa0분\n당분기\n전분기\n수익으로 인식된 공사부담금\n34,031,068\n31,386,508\n감가상각비와 상계된 공사부담금\n17,739,160\n20,649,207\n합 \xa0계\n51,770,228\n52,035,715\n11-4 특정사업자 사업보조금당분기 및 전분기 중 예수금 계정 내의 정부 수탁사업과 관련한 특정사업자의 사업별보조금 증감 내역은 다음과 같습니다. (1) 당분기\n(단위:천원)\n부처\n세부 사업명\n사업내용\n수행기간\n예산액\n전기이월분(A)\n증가(B)\n감소(C)\n기타(D)\n차기이월분(E=A+B-C+D)\n교부 및 지급\n발생이자\n집행\n반환\n자기부담금\n지차제부담금\n국고보조금\n자기부담금\n지차제부담금\n국고보조금\n자기부담금\n지차제부담금\n국고보조금\n자기부담금\n지차제부담금\n국고보조금\n국토교통부\n태백뉴딜사업\n지역난방 탄소중립사업\n2019 ~2024\n20,585,000\n9,930\n-\n22,600\n-\n-\n154\n-\n-\n22,600\n-\n-\n10,084\n-\n-\n-\n(2) 전분기\n(단위:천원)\n부처\n세부 사업명\n사업내용\n수행기간\n예산액\n전기이월분(A)\n증가(B)\n감소(C)\n기타(D)\n차기이월분(E=A+B-C+D)\n교부 및 지급\n발생이자\n집행\n반환\n자기부담금\n지차제부담금\n국고보조금\n자기부담금\n지차제부담금\n국고보조금\n자기부담금\n지차제부담금\n국고보조금\n자기부담금\n지차제부담금\n국고보조금\n국토교통부\n태백뉴딜사업\n지역난방 탄소중립사업\n2019 ~2024\n20,585,000\n5,894,498\n-\n-\n-\n-\n2,487\n-\n-\n-\n-\n-\n-\n-\n-\n5,896,985\n12. 퇴직급여제도\n\xa0공사는 확정급여형퇴직연금제도와 확정기여형퇴직연금제도를 운영하고 있습니다. 확정기여형퇴직연금제도의 기여금 납부액은 당기근무원가에 반영하고 있습니다. 확정급여채무의 현재가치와 관련하여 당기근무원가 및 과거근무원가는 예측단위적립방식을 사용하여 측정되었습니다.\xa0\n12-1 확정기여형퇴직연금제도 당분기 및 전분기 중 확정기여형퇴직연금제도로 인해 인식된 손익은 다음과 같습니다.\n(단위:천원)\n구 \xa0분\n당분기\n전분기\n매출원가\n1,834,162\n1,407,792\n판매비와관리비\n984,627\n598,784\n기타\n307,196\n166,787\n합 \xa0계\n3,125,985\n2,173,363\n12-2 순확정급여부채(자산)의 구성내역 보고기간종료일 현재 확정급여형퇴직연금제도와 관련하여 순확정급여부채(자산)의 구성항목은 다음과 같습니다.\n(단위:천원)\n구 \xa0분\n당분기말\n전기말\n기금이 적립되는 확정급여채무의 현재가치\n89,902,572\xa0\n87,271,536\n사외적립자산의 공정가치\n(134,972,589)\n(140,024,229)\n국민연금전환금\n(16,446)\n(16,446)\n재무상태표 상 순확정급여자산\n(45,086,463)\n(52,769,139)\n한편, 당분기 및 전분기 중 확정급여형퇴직연금제도로 인해 인식된 손익은 다음과 같습니다.\n(단위:천원)\n구 \xa0분\n당분기\n전분기\n당기근무원가\n6,871,494\xa0\n10,859,954\n순이자원가\n(2,049,514)\n(326,103)\n종업원급여에 포함된 총 비용\n4,821,980\n10,533,851\n상기 손익은 재무제표에 다음과 같이 반영되었습니다.\n(단위:천원)\n구 \xa0분\n당분기\n전분기\n매출원가\n2,900,219\n6,425,691\n판매비와관리비\n1,216,902\n2,718,368\n기타\n704,859\n1,389,792\n합 \xa0계\n4,821,980\n10,533,851\n13. 파생상품13-1 파생상품의 구성내역\xa0\n보고기간종료일 현재 파생상품의 구성내역은 다음과 같습니다.\n(단위:천원)\n구 \xa0분\n당분기말\n전기말\n유동\n비유동\n유동\n비유동\n파생상품자산:\n\xa0 \xa0통화선도\n364\n-\n-\n-\n\xa0 \xa0이자율스왑\n-\n16,857,031\n675,381\n13,861,267\n파생상품부채:\n\xa0 \xa0통화선도\n3,674\n-\n-\n-\n13-2 통화선도의 구성내역 당분기말 현재 미결제된 통화선도계약의 구성내역은 다음과 같습니다.\n(단위:천원, 천JPY, 천USD)\n구 \xa0분\n계약처\n계약일\n만기일\n계약금액\n계약환율(원/JPY,USD)\n매도금액\n매입금액\n매매목적\n하나은행\n2023.09\n2023.10\n335,641\nJPY 36,924.21\n9.09\n2023.09\n2023.10\n77,163\nJPY 8,516.90\n9.06\n2023.09\n2023.10\n203,438\nJPY 22,454.54\n9.06\n2023.09\n2023.10\n10,508\nUSD 7.98\n1,316.60\n2023.09\n2023.10\n1,217\nUSD 0.92\n1,316.60\n2023.09\n2023.10\n9,210\nUSD 6.93\n1,328.50\n13-3 이자율스왑의 구성내역 당분기말 현재 미결제된 이자율스왑계약의 구성내역은 다음과 같습니다.\n(단위:천원)\n구 \xa0분\n계약처\n계약일\n만기일\n이자대상금액\n계약이자율(%)\n지급\n수취\n현금흐름위험회피\n하나은행\n2020.10\n2025.10\n150,000,000\n1.23%\n3M CD + 0.26\n2020.11\n2025.11\n40,000,000\n1.38%\n3M CD + 0.33\n2023.02\n2028.02\n100,000,000\n3.59%\nCD 91D + 0.39\n2023.02\n2028.02\n100,000,000\n3.93%\nCD 91D + 0.38\n신한은행\n2023.01\n2028.01\n100,000,000\n3.85%\nCD 91D + 0.68\n13-4 파생상품 관련 손익당분기 및 전분기 중 상기 파생상품거래로 인한 손익의 내용은 다음과 같습니다.\n(단위:천원)\n구 \xa0분\n평가손익(I/S)\n거래손익(I/S)\n기타포괄손익\n당분기\n전분기\n당분기\n전분기\n당분기\n전분기\n통화선도\n(3,310)\n38,815\n395,466\n(379,902)\n-\n-\n이자율스왑\n-\n-\n-\n-\n2,320,383\n13,982,962\n합 \xa0계\n(3,310)\n38,815\n395,466\n(379,902)\n2,320,383\n13,982,962\n한편, 당분기 중 기타포괄손익으로 계상되어 있는 파생상품평가이익 1,799백만원(전분기: 파생상품평가이익 10,599백만원)은 자본에 직접 차감되는 법인세효과를 반영한 세후금액입니다.\n14. 충당부채 \xa014-1 충당부채의 구성내역 보고기간종료일 현재 충당부채의 구성내역은 다음과 같습니다.\n(단위:천원)\n구 \xa0분\n당분기말\n전기말\n유동\n비유동\n유동\n비유동\n종업원급여충당부채\n48,054,136\n-\n51,984,802\n-\n법적소송충당부채\n4,184,203\n-\n9,116,263\n-\n기타충당부채\n2,188,050\n-\n2,188,050\n-\n합 \xa0계\n54,426,389\n-\n63,289,115\n-\n14-2 충당부채의 변동내역당분기 및 전분기 중 충당부채의 변동내역은 다음과 같습니다.\n(1) 당분기\n(단위:천원)\n구 \xa0분\n기초\n전입\n사용\n분기말\n종업원급여충당부채\n51,984,802\n27,163,209\n(31,093,875)\n48,054,136\n법적소송충당부채\n9,116,263\n-\n(4,932,060)\n4,184,203\n기타충당부채\n2,188,050\n-\n-\n2,188,050\n합 \xa0계\n63,289,115\n27,163,209\n(36,025,935)\n54,426,389\n(2) 전분기\n(단위:천원)\n구 \xa0분\n기초\n전입(환입)\n사용\n분기말\n종업원급여충당부채\n41,959,015\n33,077,254\n(36,818,487)\n38,217,782\n법적소송충당부채\n9,339,286\n-\n(223,023)\n9,116,263\n기타충당부채\n7,308,062\n(312,318)\n(4,807,694)\n2,188,050\n합 \xa0계\n58,606,363\n32,764,936\n(41,849,204)\n49,522,095\n15. 우발부채 및 약정사항\n15-1 계류중인 소송사건\n당분기말 현재 공사가 피소되어 계류중인 소송사건은 6건(손해배상 청구소송 등, 관련 금액 85,167백만원)이 존재하며, 공사가 제소하여 계류중인 13건(손해배상 청구소송 등, 관련 금액 25,086백만원)의 소송사건이 존재합니다.\xa0\n상기 소송사건은 당분기말 현재 진행 중에 있으며, 공사는 1건의 소송사건에 대해 4,184백만원의 충당부채를 계상하고 있습니다. 공사는 그 외 소송의 최종결과가 재무제표에 미칠 영향을 합리적으로 예측할 수 없습니다.한편, 당분기말 현재 공사가 피소되어 계류중인 소송사건 중 관계기업인 청정빛고을(주)가 공사에 대해 제기한 공사의 연료 수급의무 불이행에 따른 손해배상 청구 소송사건과 관련하여 당초 소송가액 36,509백만원(2017년 12월부터 2020년 3월에 이르는 기간의 의무 불이행에 대한 손해배상청구 소송가액)에서 2020년 4월 이후부터 22년 4월에 이르는 기간의 의무 불이행에 대한 손해배상청구 소송가액을 더하여 총 68,008백만원으로 관련 소송금액이 증가하였습니다.\n15-2 금융거래 한도 당분기말 현재 공사의 주요 금융거래 한도내역은 다음과 같습니다.\n(단위:천원)\n금융기관\n한도금액\n실행금액\n내용\nKB국민은행\n100,000,000\n-\n운전자금대출\n30,000,000\n-\nKB상생결제론\n신한은행\n50,000,000\n-\n기업어음 인수약정\n100,000,000\n100,000,000\n할인어음 약정한도\n하나은행\n440,000,000\n440,000,000\n할인어음 약정한도\n하나카드\n2,000,000\n595,256\n법인카드\n15-3 제공하거나 제공받은 지급보증당분기말 현재 공사는 서울보증보험주식회사로부터 8,376백만원의 지급보증을 제공받고 있으며, 공사는 특수관계자를 위하여 일부 주식을 질권으로 제공하고 있습니다(주석 24-5 참조).15-4 자본적지출 약정당분기말 현재 주요 자본적지출 약정의 총 계약금액은 901,101백만원이며, 이 중 집행되지 않은 약정금액은 390,627백만원입니다.\xa0\n16. 자본16-1 자본금\n보고기간종료일 현재 발행된 주식은 모두 보통주이며 액면금액은 주당 5,000원입니다. 공사의 수권주식수는 40,000,000주이고 발행주식수는 11,578,744주이며, 주주 유형별 자본금의 구성내역은 다음과 같습니다.\n(단위:천원)\n구 \xa0분\n당분기말\n전기말\n정부\n비정부\n합 \xa0계\n정부\n비정부\n합 \xa0계\n자본금\n20,000,000\n37,893,720\n57,893,720\n20,000,000\n37,893,720\n57,893,720\n한편, 당분기 및 전분기 중 발행주식수와 유통보통주식수의 변동은 없습니다.\n16-2 신종자본증권보고기간종료일 현재 공사가 발행한 신종자본증권의 내역은 다음과 같습니다.\n(단위:천원)\n구 \xa0분\n발행일\n만기일\n이자율(%)\n당분기말\n전기말\n제1회 사모신종자본증권\n2020.09.15\n2050.09.15\n2.778\n250,000,000\n250,000,000\n제2회 공모신종자본증권 (*)\n2023.09.13\n2053.09.13\n5.060\n250,000,000\n-\n소 \xa0 계\n500,000,000\n250,000,000\n\xa0 \xa0 \xa0 \xa0차감: 세후 발행원가\n(635,094)\n(197,474)\n합 \xa0계\n499,364,906\n249,802,526\n(*) 당분기 중 신규 발행되었습니다.한편, 신종자본증권의 주요 발행조건은 다음과 같습니다.\n구 \xa0분\n내 \xa0용\n제1회 사모신종자본증권\n제2회 공모신종자본증권\n사채순위\n보통주식보다 선순위이며, 그 외의 나머지 채무보다는 후순위\n보통주식보다 선순위이며, 그 외의 나머지 채무보다는 후순위\n만기\n발행일로부터 30년이나 공사 선택에 의해 만기연장 가능\n발행일로부터 30년이나 공사 선택에 의해 만기연장 가능\n이자율\n① 최초이자율 : 연 2.778%② 발행일로부터 5년 후 이자율: 5년째 되는 날의  \xa0 \xa02영업일 전 5년물 국고채 수익률 \xa0 \xa0 \xa0+ 가산금리(1.550%) + 1.0%③ 발행일로부터 6년 후 이자율 : 매 1년째 되는 날의  \xa0 \xa02영업일 전 5년물 국고채 수익률 \xa0 \xa0+ 가산금리(1.550%) + 1.0%④ 대주주 변경 시 이자율 : 대주주 변경 사유가 발생 \xa0 \xa0하였으나 발행회사가 본 사채를 중도상환 하지 않을 경우  \xa0 \xa0최초 이자율 + 1.0%\n① 최초이자율 : 연 5.060%② 발행일로부터 5년 후 이자율: 5년째 되는 날의  \xa0 \xa02영업일 전 5년물 국고채 수익률 \xa0 \xa0 \xa0+ 가산금리(1.167%) + 1.0%③ 발행일로부터 6년 후 이자율 : 매 1년째 되는 날의  \xa0 \xa02영업일 전 5년물 국고채 수익률 \xa0 \xa0+ 가산금리(1.167%) + 1.0%④ 대주주 변경 시 이자율 : 대주주 변경 사유가 발생 \xa0 \xa0하였으나 발행회사가 본 사채를 중도상환 하지 않을 경우  \xa0 \xa06.060%\n이자지급\n3개월 후급이나 공사의 선택에 의해 이자 지급 이연이 가능. 단, 이자 지급 이연 시 미지급 이자를 지급하기 전에는 보통주에 대한 배당결의 불가\xa0\n3개월 후급이나 공사의 선택에 의해 이자 지급 이연이 가능. 단, 이자 지급 이연 시 미지급 이자를 지급하기 전에는 보통주에 대한 배당결의 불가\xa0\n17. 고객과의 계약에서 생기는 수익 당분기 및 전분기 중 기타수익, 기타이익 및 금융수익을 제외한 영업으로부터 발생한수익의 내용은 다음과 같습니다.\n(단위:천원)\n구 \xa0분\n당분기\n전분기\n3개월\n누적\n3개월\n누적\n재화의 판매로 인한 수익\n\xa0 \xa0열판매로 인한 수익 (*1)\n124,202,220\n934,250,854\n105,851,487\n776,960,748\n\xa0 \xa0전기판매로 인한 수익 (*1)\n455,242,570\n1,913,057,099\n578,003,999\n1,799,292,942\n\xa0 \xa0냉수판매로 인한 수익\xa0\n13,505,541\n23,103,525\n13,181,786\n22,612,509\n소 \xa0계\n592,950,331\n2,870,411,478\n697,037,272\n2,598,866,199\n공사부담금수익\n11,576,871\n34,031,068\n10,686,423\n31,386,508\n기타수익 (*2)\n2,809,486\n10,724,482\n3,090,871\n6,851,374\n합 \xa0계\n607,336,688\n2,915,167,028\n710,814,566\n2,637,104,081\n(*1) 당분기 중 자산을 의도한 방식으로 사용하기 전에 발생한 열 판매 매출액 2,213백만원 및 전기 판매 매출액 7,813백만원이 포함되어 있습니다.(*2) 기타수익은 RPS전기판매수입입니다.\n18. 판매비와관리비 당분기 및 전분기 중 판매비와관리비의 내역은 다음과 같습니다.\n(단위:천원)\n구 \xa0분\n당분기\n전분기\n3개월\n누적\n3개월\n누적\n급여\n10,179,578\n29,185,461\n11,049,754\n33,897,802\n퇴직급여\n656,347\n2,200,585\n1,075,853\n3,390,151\n보험료\n717,975\n2,202,484\n699,797\n2,217,537\n감가상각비와 무형자산상각비\n2,542,949\n7,569,444\n2,499,456\n7,489,282\n지급수수료\n4,912,520\n15,232,971\n4,858,104\n15,271,759\n광고선전비\n443,210\n1,609,964\n564,900\n1,687,272\n교육훈련비\n251,520\n1,091,258\n291,807\n1,246,142\n세금과공과\n655,198\n1,438,011\n699,876\n1,527,144\n수선비\n143,458\n307,742\n100,121\n254,792\n경상개발비\n1,101,420\n3,205,024\n666,878\n3,143,722\n기타\n1,687,612\n5,930,578\n3,716,524\n8,242,991\n합 \xa0계\n23,291,787\n69,973,522\n26,223,070\n78,368,594\n19. 비용의 성격별 분류 \xa0 당분기 및 전분기 중 발생한 비용의 성격별 분류 내역은 다음과 같습니다.\n(단위:천원)\n구 \xa0분\n당분기\n전분기\n판매비와관리비\n매출원가\n합 \xa0계\n판매비와관리비\n매출원가\n합 \xa0계\n사용된 원재료\n-\n2,597,127,387\n2,597,127,387\n-\n2,425,426,537\n2,425,426,537\n급여\n29,185,461\n75,306,000\n104,491,461\n33,897,802\n82,098,924\n115,996,726\n퇴직급여\n2,200,585\n4,748,322\n6,948,907\n3,390,151\n8,005,757\n11,395,908\n보험료\n2,202,484\n7,246,785\n9,449,269\n2,217,537\n7,978,168\n10,195,705\n감가상각비와 무형자산상각비\n7,569,444\n222,935,270\n230,504,714\n7,489,282\n204,044,724\n211,534,006\n지급수수료\n15,232,971\n24,374,897\n39,607,868\n15,271,759\n17,611,228\n32,882,987\n수선비\n307,742\n68,250,626\n68,558,368\n254,792\n69,001,702\n69,256,494\n기타\n13,274,835\n24,435,568\n37,710,403\n15,847,271\n23,584,809\n39,432,080\n합 \xa0계\n69,973,522\n3,024,424,855\n3,094,398,377\n78,368,594\n2,837,751,849\n2,916,120,443\n20. 금융수익 및 금융원가 20-1 금융수익 당분기 및 전분기 중 금융수익의 내역은 다음과 같습니다.\xa0\n(단위:천원)\n구 \xa0분\n당분기\n전분기\n3개월\n누적\n3개월\n누적\n이자수익\n1,164,238\n3,219,376\n2,320,016\n3,979,808\n기 \xa0타\n-\n6\n-\n-\n합 \xa0계\n1,164,238\n3,219,382\n2,320,016\n3,979,808\n20-2 금융원가 당분기 및 전분기 중 금융원가의 내역은 다음과 같습니다.\n(단위:천원)\n구 \xa0분\n당분기\n전분기\n3개월\n누적\n3개월\n누적\n이자비용\n21,934,214\n63,366,909\n16,447,851\n45,574,363\n당기손익인식금융자산평가손실\n-\n-\n88,746\n88,746\n합 \xa0계\n21,934,214\n63,366,909\n16,536,597\n45,663,109\n한편, 당분기 중 자본화된 이자비용은 12,621백만원(전분기: 6,902백만원)이며, 차입금에 대한 가중평균자본화이자율은 연 2.81%(전분기: 연 2.19%)입니다.\n21. 법인세비용(수익)\n당분기 및 전분기 중 법인세비용(수익)의 주요 구성내역은 다음과 같습니다.\n(단위:천원)\n구 \xa0분\n당분기\n전분기\n당기법인세효과 :\xa0\n\xa0 \xa0법인세 부담액\n49,859\n-\n\xa0 \xa0과거기간의 당기법인세에 대한 당기 인식 조정액\n148,126\n(475)\n\xa0 \xa0자본에 직접 가감되는 법인세\n1,349,328\n1,260,518\n이연법인세효과 :\n\xa0 \xa0일시적차이의 발생 및 소멸로 인한 금액\n(9,523,117)\n(4,083,377)\n\xa0 \xa0이월결손금의 발생 및 소멸로 인한 금액\n(45,578,274)\n(73,390,857)\n\xa0 \xa0이월세액공제의 당기 인식으로 인한 금액\n-\n(6,576,982)\n합 \xa0계\n(53,554,078)\n(82,791,173)\n22. 주당손익당분기 및 전분기 중 기본주당손익의 산출내역은 다음과 같습니다.\n(단위:원,주)\n구 \xa0분\n당분기\n전분기\n3개월\n누적\n3개월\n누적\n분기순손실\n(46,189,941,488)\n(180,635,741,210)\n(7,252,513,516)\n(232,777,038,904)\n신종자본증권 분배금\n(1,821,568,750)\n(4,491,921,250)\n(1,316,077,500)\n(3,948,232,500)\n기본주당이익 계산에 사용된 순손실\n(48,011,510,238)\n(185,127,662,460)\n(8,568,591,016)\n(236,725,271,404)\n가중평균유통보통주식수\n11,578,744\n11,578,744\n11,578,744\n11,578,744\n기본주당손실\n(4,147)\n(15,989)\n(740)\n(20,445)\n한편, 희석효과가 있는 잠재적 보통주가 없으므로 희석주당손실과 기본주당손실이 동일합니다.\n23. 금융상품 \xa0\n23-1 금융자산보고기간종료일 현재 범주별 금융자산의 내역은 다음과 같습니다.\n(단위:천원)\n구 \xa0분\n당분기말\n전기말\n당기손익-공정가치측정\n위험회피수단지정파생상품\n상각후원가측정\n합 \xa0계\n위험회피수단지정파생상품\n상각후원가측정\n합 \xa0계\n유동자산\n\xa0 \xa0현금및현금성자산\n-\n-\n118,254,245\n118,254,245\n-\n28,178,878\n28,178,878\n\xa0 \xa0매출채권및기타채권\n-\n-\n277,106,813\n277,106,813\n-\n995,175,721\n995,175,721\n\xa0 \xa0단기금융상품\n-\n-\n2,000,000\n2,000,000\n-\n2,000,015\n2,000,015\n\xa0 \xa0유동성장기대여금\n-\n-\n10,194,655\n10,194,655\n-\n12,355,093\n12,355,093\n\xa0 \xa0유동파생상품자산\n364\n-\n-\xa0\n364\n675,381\n-\n675,381\n소 \xa0계\n364\n-\n407,555,713\n407,556,077\n675,381\n1,037,709,707\n1,038,385,088\n비유동자산\n\xa0 \xa0대여금\n-\n-\n78,847,016\n78,847,016\n-\n77,808,868\n77,808,868\n\xa0 \xa0기타채권\n-\n-\n30,381,606\n30,381,606\n-\n19,082,245\n19,082,245\n\xa0 \xa0비유동파생상품자산\n-\n16,857,031\n-\n16,857,031\n13,861,267\n-\n13,861,267\n소 \xa0계\n-\n16,857,031\n109,228,622\n126,085,653\n13,861,267\n96,891,113\n110,752,380\n합 \xa0계\n364\n16,857,031\n516,784,335\n533,641,730\n14,536,648\n1,134,600,820\n1,149,137,468\n23-2 금융부채보고기간종료일 현재 금융부채의 내역은 다음과 같습니다.\n(단위:천원)\n구 \xa0분\n당분기말\n전기말\n당기손익-공정가치측정\n상각후원가측정\n합 \xa0계\n상각후원가측정\n합 \xa0계\n유동부채\n\xa0 \xa0매입채무및기타채무\n-\n270,375,041\n270,375,041\n1,078,605,122\n1,078,605,122\n\xa0 \xa0단기차입금\n-\n540,000,000\n540,000,000\n530,000,000\n530,000,000\n\xa0 \xa0유동성사채\n-\n659,774,588\n659,774,588\n259,862,667\n259,862,667\n\xa0 \xa0유동파생상품부채\n3,674\n-\n3,674\n-\n-\n소 \xa0계\n3,674\n1,470,149,629\n1,470,153,303\n1,868,467,789\n1,868,467,789\n비유동부채\n\xa0 \xa0매입채무및기타채무\n-\n15,573\n15,573\n-\n-\n\xa0 \xa0장기차입금\n-\n5,500,000\n5,500,000\n2,950,000\n2,950,000\n\xa0 \xa0사채\n-\n2,637,104,966\n2,637,104,966\n2,667,089,458\n2,667,089,458\n소 \xa0계\n-\n2,642,620,539\n2,642,620,539\n2,670,039,458\n2,670,039,458\n합 \xa0계\n3,674\n4,112,770,168\n4,112,773,842\n4,538,507,247\n4,538,507,247\n한편, 당분기말 현재 금융부채의 잔존계약만기는 다음과 같습니다.\n(단위:천원)\n구 \xa0분\n3개월 이하\n3개월 ~ 1년\n1년 ~ 5년\n5년 초과\n합 \xa0계\n매입채무및기타채무\n270,375,041\n-\n15,573\n-\n270,390,614\n유동금융부채(*)\n640,000,000\n560,000,000\n-\n-\n1,200,000,000\n비유동금융부채(*)\n-\n-\n1,740,000,000\n905,500,000\n2,645,500,000\n합 \xa0계\n910,375,041\n560,000,000\n1,740,015,573\n905,500,000\n4,115,890,614\n(*) 파생상품부채 및 이자비용에 대한 현금흐름은 제외하였습니다.\n23-3 금융상품 종류별 공정가치 \xa0 보고기간종료일 현재 금융상품의 종류별 장부금액 및 공정가치는 다음과 같습니다.\n(단위:천원)\n구 \xa0분\n당분기말\n전기말\n장부금액\n공정가치\n장부금액\n공정가치\n금융자산\n\xa0 \xa0현금및현금성자산\n118,254,245\n118,254,245\n28,178,878\n28,178,878\n\xa0 \xa0매출채권및기타채권\n\u3000\n\u3000\n\xa0 \xa0 \xa0 매출채권\n222,539,322\n222,539,322\n849,789,564\n849,789,564\n\xa0 \xa0 \xa0 미수금\n31,412,354\n31,412,354\n108,893,809\n108,893,809\n\xa0 \xa0 \xa0 미수수익\n100,300\n100,300\n46,728\n46,728\n\xa0 \xa0 \xa0 보증금\n53,436,443\n53,436,443\n55,527,865\n55,527,865\n\xa0 \xa0파생상품자산\n16,857,395\n16,857,395\n14,536,648\n14,536,648\n\xa0 \xa0단기금융상품\n2,000,000\n2,000,000\n2,000,015\n2,000,015\n\xa0 \xa0대여금\n89,041,671\n89,041,671\n90,163,961\n90,163,961\n합 \xa0계\n533,641,730\n533,641,730\n1,149,137,468\n1,149,137,468\n금융부채\n\xa0 \xa0차입금\n545,500,000\n545,500,000\n532,950,000\n532,950,000\n\xa0 \xa0사채\n3,296,879,554\n3,099,204,414\n2,926,952,125\n2,685,356,104\n\xa0 \xa0파생상품부채\n3,674\n3,674\n-\n-\n\xa0 \xa0매입채무및기타채무\n\u3000\n\u3000\n\xa0 \xa0 \xa0 매입채무\n209,145,557\n209,145,557\n1,003,402,343\n1,003,402,343\n\xa0 \xa0 \xa0 미지급금\n46,372,415\n46,372,415\n62,211,460\n62,211,460\n\xa0 \xa0 \xa0 미지급비용\n14,872,642\n14,872,642\n12,991,319\n12,991,319\n합 \xa0계\n4,112,773,842\n3,915,098,702\n4,538,507,247\n4,296,911,226\n상기 금융자산과 금융부채의 공정가치는 해당 금융상품을 강제매각이나 청산이 아닌거래 의사가 있는 당사자간의 정상거래를 통해 거래되는 금액으로 계상되었으며, 공정가치 추정에 사용된 방법과 가정은 다음과 같습니다.\xa0\n\xad비슷한 금융상품에 대한 공시된 시장가격이나 딜러 공시가격의 사용\n\xad이자율스왑: 관측할 수 있는 수익률 곡선에 기초한 추정 미래현금흐름의 현재가치\n\xad통화선도: 재무상태표일 현재 선도환율에 기초한 추정 미래현금흐름의 현재가치\n파생상품을 제외한 여타의 금융상품은 장부금액이 공정가치의 합리적인 근사치 \xa0 \xa0 \xa0 입니다.\n23-4 공정가치 서열체계\n보고기간종료일 현재 금융상품의 장부금액과 공정가치의 차이는 없으며, 모든 금융상품은 다음의 세 가지 공정가치 서열체계 수준으로 분류됩니다.① 수준 1: 활성시장의 (조정되지 않은) 공시가격을 이용하여 측정한 공정가치② 수준 2: 직ㆍ간접적으로 관측가능한 투입변수를 이용하여 측정한 공정가치 ③ 수준 3: 관측가능하지 않은 투입변수를 이용하여 측정한 공정가치공사는 계속적으로 공정가치로 인식하는 금융상품에 대해 매 보고기간말 분류를 재평가(측정치 전체에 유의적인 투입변수 중 가장 낮은 수준에 근거함)하여 수준간의 이동이 있는지를 판단하고 있습니다.\n보고기간종료일 현재 금융상품의 공정가치 서열체계는 다음과 같습니다.\n(단위:천원)\n구 \xa0분\n당분기말\n전기말\n수준1\n수준2\n수준3\n합 \xa0계\n수준1\n수준2\n수준3\n합 \xa0계\n반복적으로 공정가치가 측정되는 자산과 부채\n\xa0 \xa0파생상품자산\n-\n16,857,395\n-\n16,857,395\n-\n14,536,648\n-\n14,536,648\n\xa0 \xa0파생상품부채\n-\n3,674\n-\n3,674\n-\n-\n-\n-\n당분기 및 전기 중 공정가치 서열체계의 수준 1과 수준 2 사이의 유의적인 이동은 없었습니다. 공사가 보유하고 있는 파생상품은 장외파생상품으로 공정가치측정에 사용되는 모든 유의적인 투입변수가 관측가능하므로 해당 상품은 수준 2에 해당합니다.\n24. 특수관계자거래24-1 특수관계자 현황\n당분기말 현재 공사의 특수관계자 현황은 다음과 같습니다.\n구 \xa0분\n특수관계자의 명칭\n최상위 지배자\n대한민국 정부(*1)\n종속기업\n지역난방안전(주), 지역난방플러스(주), (주)힘이되는나무\n관계기업\n(주)휴세스, 윈드밀파워(주) (*2), 노을그린에너지(주), (주)신안그린에너지, 청정빛고을(주), (주)푸르메여주팜, 코하이젠(주)\n공동기업\n한국지역난방기술(주)\n(*1) 공사에 지배력을 행사하고 있으나, 당분기 및 전분기 중 유의적인 특수관계자 거래는 없습니다.(*2) 당분기말 현재 매각예정자산으로 분류되어 있습니다.\n24-2 특수관계자 거래내역\n당분기 및 전분기 중 특수관계자와의 거래내역은 다음과 같습니다.\xa0\n(단위:천원)\n기업명\n거래내용\n수익 등\n비용 등\n당분기\n전분기\n당분기\n전분기\n한국지역난방기술(주)\n기타수익, 지급수수료, 외주비\n12,532\n23,986\n1,818,848\n4,575,990\n(주)휴세스\n매출, 잡이익, 제조경비\n10,208\n37,799\n2,894,336\n1,931,786\n푸르메여주팜(주)\n기타비용 차감\n-\n-\n-\n(6,488)\n코하이젠(주)\n기타수익\n16,624\n75,995\n-\n-\n윈드밀파워(주)(*)\n지급수수료\n-\n-\n485,261\n572,667\n노을그린에너지(주)\n제조경비, 지급수수료\n-\n-\n3,922,649\n1,443,385\n(주)신안그린에너지\n지급수수료\n-\n-\n7,957\n25,868\n청정빛고을(주)\n연료비\n-\n-\n777,064\n227,827\n지역난방플러스(주)\n판매관리비, 제조원가, 기타수익\n21,835\n85,022\n12,176,267\n12,395,137\n지역난방안전(주)\n판매관리비, 제조원가, 기타수익\n44,057\n59,690\n12,151,807\n12,517,235\n(주)힘이되는나무\n기타수익\n16,522\n32,686\n-\n-\n합 \xa0계\n121,778\n315,178\n34,234,189\n33,683,407\n(*) 당분기말 현재 매각예정자산으로 분류되어 있습니다.\n24-3 채권ㆍ채무 잔액\n보고기간종료일 현재 특수관계자에 대한 채권ㆍ채무 잔액은 다음과 같습니다.\n(단위:천원)\n기업명\n채권ㆍ채무내용\n채권\n채무\n당분기말\n전기말\n당분기말\n전기말\n한국지역난방기술(주)\n미수금, 미지급금\n21,786\n-\n-\n751,927\n(주)휴세스\n미수금, 매입채무\n11,228\n-\n262,910\n20,512\n코하이젠(주)\n미수금\n16,624\n73,332\n-\n-\n윈드밀파워(주)(*1)\n미수금, 미지급금\n-\n6,254\n34,780\n133,105\n노을그린에너지(주)\n미수금, 매입채무, 미지급금\n9,403,544\n5,071,332\n-\n1,453,050\n(주)신안그린에너지\n미지급금\xa0\n-\n-\n-\n11,526\n청정빛고을(주) (*2)\n선급금\n1,133,005\n-\n-\n-\n(주)힘이되는나무\n미수금\n16,522\n74,959\n-\n-\n지역난방플러스(주)\n미수금, 미지급금, 보증금\n-\n83,103\n1,377,464\n1,389,782\n지역난방안전(주)\n미수금, 미지급금\n5,543\n75,081\n1,479,717\n2,419,660\n합 \xa0계\n10,608,252\n5,384,061\n3,154,871\n6,179,562\n(*1) 당분기말 현재 매각예정자산으로 분류되어 있습니다.(*2) 당분기 중 청정빛고을(주)에 대한 선급금 관련 대손충당금 1,988백만원은 SRF소송 관련 불확실성의 해소로 전액 환입되었습니다.\n24-4 특수관계자와의 자금거래내역\xa0\n당분기 및 전분기 중 특수관계자와의 자금거래내역은 다음과 같습니다.\n(단위:천원)\n특수관계 구분\n기업명\n현금출자\n배당 수령\n기타 (*)\n당분기\n전분기\n당분기\n전분기\n당분기\n전분기\n종속기업\n(주)힘이되는나무\n-\n5,100,000\n-\n-\n22,600\n-\n관계기업\n코하이젠(주)\n-\n3,770,000\n-\n-\n-\n-\n공동기업\n한국지역난방기술(주)\n-\n-\n1,791,000\n1,262,000\n-\n-\n합 \xa0계\n-\n8,870,000\n1,791,000\n1,262,000\n22,600\n-\n(*) 특정 사업 보조금과 관련하여 태백시로부터 사업 계약자인 공사가 수령한 보조금을 사업 수행자인 종속기업 (주)힘이되는나무에게 지급한 금액이 포함되어 있습니다.\xa0\n24-5 지급보증 및 담보제공당분기말 현재 공사는 하기 특수관계자의 차입금에 대하여 주식질권설정계약을 체결하였습니다.\n(단위:천원)\n구 \xa0분\n기업명\n담보제공자산\n출자금액\n담보설정액\n제공처\n관계기업\n윈드밀파워(주) (*)\n윈드밀파워(주) 주식\n675,000\n주식담보\n농협은행\n노을그린에너지(주)\n노을그린에너지(주) 주식\n900,000\n하나은행\n(주)신안그린에너지\n(주)신안그린에너지 주식\n4,173,000\n새마을금고 외 2\n(*) 당분기말 현재 매각예정자산으로 분류되어 있습니다.\n24-6 주요 경영진에 대한 보상내역 당분기 및 전분기 중 주요 경영진에 대한 보상내역은 다음과 같습니다.\n(단위:천원)\n구 \xa0분\n당분기\n전분기\n단기종업원급여\n527,998\n684,844\n퇴직급여\n49,625\n32,573\n합 \xa0계\n577,623\n717,417\n25. 현금흐름표 \xa025-1 비현금거래당분기 및 전분기 중 현금흐름표에 포함되지 않는 주요 비현금 투자활동거래와 비현금 재무활동거래는 다음과 같습니다.\n(단위:천원)\n구 \xa0 분\n당분기\n전분기\n건설중인자산의 본계정 대체\n397,548,106\n281,448,251\n저장품의 기계장치 대체\n-\n219,352\n장기보증금의 건설중인자산 대체\n-\n268,426\n유형자산 취득금액 중 미지급금 변동\n(8,194,578)\n3,545,914\n유형자산 취득금액 중 선급금 변동\n1,060,023\n-\n사용권자산의 증감\n3,807,412\n1,932,320\n사채의 유동성 대체\n560,000,000\n159,964,191\n대여금의 유동성 대체\n-\n1,659,183\n단기대여금의 장기대여금 대체\n2,208,227\n-\n보증금의 유동성 대체\n-\n17,459,475\n단기보증금의 장기보증금 대체\n13,498,000\n-\n25-2 재무활동에서 생기는 부채의 변동내역 당분기 및 전분기 중 재무활동에서 생기는 부채의 변동내역은 다음과 같습니다.(1) 당분기\n(단위:천원)\n구 \xa0분\n기 초\n재무활동\n기타 비금융변동(*)\n분기말\n단기차입금\n530,000,000\n10,000,000\n-\n540,000,000\n유동성사채\n259,862,667\n(160,000,000)\n559,911,921\n659,774,588\n장기차입금\n2,950,000\n2,550,000\n-\n5,500,000\n사채\n2,667,089,458\n529,039,957\n(559,024,449)\n2,637,104,966\n리스부채\n118,944,829\n(7,771,593)\n3,807,412\n114,980,648\n합 \xa0계\n3,578,846,954\n373,818,364\n4,694,884\n3,957,360,202\n(*) 비현금변동과 현금흐름표에 영업활동으로 표시된 이자 지급액이 포함되어 있습니다.\n(2) 전분기\n(단위:천원)\n구 \xa0분\n기 초\n재무활동\n기타 비금융변동(*)\n분기말\n단기차입금\n470,288,014\n(130,288,014)\n-\n340,000,000\n미지급배당금\n-\n(9,228,259)\n9,228,259\n-\n유동성사채\n329,948,301\n(280,000,000)\n159,964,191\n209,912,492\n사채\n2,087,479,639\n758,695,720\n(159,279,242)\n2,686,896,117\n리스부채\n116,350,390\n(8,220,852)\n1,932,320\n110,061,858\n합 \xa0계\n3,004,066,344\n330,958,595\n11,845,528\n3,346,870,467\n(*) 비현금변동과 현금흐름표에 영업활동으로 표시된 이자 지급액이 포함되어 있습니다.\n6. 배당에 관한 사항\n가. 배당에 관한 사항 당사는 기획재정부의 정부 출자기관 배당성향목표(당기순이익 중 배당금액의 비중) 하에서, 집단에너지사업의 효율적 수행을 통해 지속가능한 성장기반 구축을 위한 투자재원 확보, 재무구조의 건전성 유지 및 경영 환경 변화 등의 요인을 종합적으로 고려하여 결정할 예정입니다. 회사의 성장 잠재력을 훼손하지 않는 범위 내에서 주주들의 배당에 대한 기대에 부응할 수 있는 적정한 배당이 이루어질 수 있도록 노력할 것입니다. 현재 배당 이외의 자사주 매입 및 소각 계획 등은 없습니다.\n나. 한국지역난방공사 정관 제55조 (이익배당)① 이익의 배당은 금전과 주식으로 할 수 있다.\xa0\n② 이익의 배당을 주식으로 하는 경우 공사가 수종의 주식을 발행한 때에는 주주총회의 결의로 그와 다른 수종의 주식으로도 할 수 있다.\xa0\n③ 제1항의 배당은 매 결산기말 현재의 주주명부에 기재된 주주 또는 등록된 질권자에게 지급한다.\xa0\n④ 배당금의 지급청구권은 5년간 이를 행사하지 아니하면 소멸시효가 완성되며, 시효의 완성으로 인한 배당금은 공사에 귀속한다.\xa0\n다. 최근 3사업연도 배당에 관한 사항○ 주요 배당지표\n구 \xa0 분\n주식의 종류\n당기\n전기\n전전기\n제39기 3분기\n제38기\n제37기\n주당액면가액(원)\n5,000\n5,000\n5,000\n(연결)당기순이익(백만원)\n-180,680\n-183,979\n21,459\n(별도)당기순이익(백만원)\n-180,636\n-183,876\n21,459\n(연결)주당순이익(원)\n-15,988\n-16,347\n1,399\n현금배당금총액(백만원)\n-\n-\n9,228\n주식배당금총액(백만원)\n-\n-\n-\n(연결)현금배당성향(%)\n-\n-\n43.00\n현금배당수익률(%)\n보통주식\n-\n-\n2.1\n종류주식\n-\n-\n-\n주식배당수익률(%)\n보통주식\n-\n-\n-\n종류주식\n-\n-\n-\n주당 현금배당금(원)\n보통주식\n-\n-\n797\n종류주식\n-\n-\n-\n주당 주식배당(주)\n보통주식\n-\n-\n-\n종류주식\n-\n-\n-\n* 현금배당성향(%) : 현금배당총액/당기순이익 * 현금배당수익률(%) : 주당 현금배당금/ 과거 1주일간 배당부 종가의 평균 \xa0* 제38기는 배당 미시행\n○ 과거 배당 이력\n(단위: 회, %)\n연속 배당횟수\n평균 배당수익률\n분기(중간)배당\n결산배당\n최근 3년간\n최근 5년간\n-\n-\n1.5\n0.9\n주1) [연속 배당횟수] - 2017 사업연도까지 23회 연속 배당 시행, 2018~2019 사업연도에 배당 미시행- 2020~2021 사업연도에 배당 시행하였으나 2022 사업연도에 배당 미시행하여 '연속 배당횟수'를 0회로 기재주2) [평균 배당 수익률 산정 대상기간]- 최근 3년간 : 2020~2022 사업연도- 최근 5년간 : 2018~2022 사업연도\n7. 증권의 발행을 통한 자금조달에 관한 사항\n7-1. 증권의 발행을 통한 자금조달 실적\n[지분증권의 발행 등과 관련된 사항]\n○ 증자(감자)현황\n(기준일 :\xa0\n2023년 09월 30일\n)\n(단위 : 원, 주)\n주식발행(감소)일자\n발행(감소)형태\n발행(감소)한 주식의 내용\n종류\n수량\n주당액면가액\n주당발행(감소)가액\n비고\n2010년 01월 28일\n유상증자(일반공모)\n보통주\n2,895,000\n5,000\n45,000\n-\n7-1-2. 채무증권의 발행 등과 관련된 사항\n[채무증권의 발행 등과 관련된 사항]\n(1) 채무증권 발행실적□ 기업어음 발행실적\xa0\n(기준일 :\xa0\n2023년 09월 30일\n)\n(단위 : 백만원, %)\n발행회사\n증권종류\n발행방법\n발행일자\n권면(전자등록)총액\n이자율\n평가등급(평가기관)\n만기일\n상환여부\n주관회사\n한국지역난방공사\n기업어음증권\n사모\n2023년 01월 09일\n150,000\n4.18\nA1(한기평,한신평)\n2023년 04월 10일\n상환\n하나은행\n한국지역난방공사\n기업어음증권\n사모\n2023년 01월 09일\n40,000\n4.25\nA1(한기평,한신평)\n2023년 04월 10일\n상환\n하나은행\n한국지역난방공사\n기업어음증권\n사모\n2023년 01월 16일\n100,000\n4.56\nA1(한기평,한신평)\n2023년 04월 17일\n상환\n신한은행\n한국지역난방공사\n기업어음증권\n사모\n2023년 02월 09일\n50,000\n3.62\nA1(한기평,한신평)\n2023년 05월 09일\n상환\n하나은행\n한국지역난방공사\n기업어음증권\n사모\n2023년 02월 09일\n100,000\n3.85\nA1(한기평,한신평)\n2023년 05월 09일\n상환\n하나은행\n한국지역난방공사\n기업어음증권\n사모\n2023년 02월 28일\n100,000\n3.97\nA1(한기평,한신평)\n2023년 04월 13일\n상환\n하나은행\n한국지역난방공사\n기업어음증권\n사모\n2023년 04월 10일\n150,000\n3.79\nA1(한기평,한신평)\n2023년 07월 10일\n상환\n하나은행\n한국지역난방공사\n기업어음증권\n사모\n2023년 04월 10일\n40,000\n3.86\nA1(한기평,한신평)\n2023년 07월 10일\n상환\n하나은행\n한국지역난방공사\n기업어음증권\n사모\n2023년 04월 13일\n100,000\n3.81\nA1(한기평,NICE)\n2023년 07월 13일\n상환\n하나은행\n한국지역난방공사\n기업어음증권\n사모\n2023년 04월 17일\n100,000\n4.11\nA1(한기평,NICE)\n2023년 07월 17일\n상환\n신한은행\n한국지역난방공사\n기업어음증권\n사모\n2023년 05월 09일\n50,000\n3.71\nA1(한기평,NICE)\n2023년 08월 08일\n상환\n하나은행\n한국지역난방공사\n기업어음증권\n사모\n2023년 05월 09일\n100,000\n3.94\nA1(한기평,NICE)\n2023년 08월 08일\n상환\n하나은행\n한국지역난방공사\n기업어음증권\n사모\n2023년 07월 10일\n150,000\n4.01\nA1(한기평,NICE)\n2023년 10월 10일\n미상환\n하나은행\n한국지역난방공사\n기업어음증권\n사모\n2023년 07월 10일\n40,000\n4.08\nA1(한기평,NICE)\n2023년 10월 10일\n미상환\n하나은행\n한국지역난방공사\n기업어음증권\n사모\n2023년 07월 13일\n100,000\n4.13\nA1(한기평,NICE)\n2023년 10월 13일\n미상환\n하나은행\n한국지역난방공사\n기업어음증권\n사모\n2023년 07월 17일\n100,000\n4.43\nA1(한기평,NICE)\n2023년 10월 16일\n미상환\n신한은행\n한국지역난방공사\n기업어음증권\n사모\n2023년 08월 08일\n50,000\n3.88\nA1(한기평,NICE)\n2023년 10월 19일\n미상환\n하나은행\n한국지역난방공사\n기업어음증권\n사모\n2023년 08월 08일\n100,000\n4.11\nA1(한기평,NICE)\n2023년 11월 09일\n미상환\n하나은행\n합 \xa0계\n-\n-\n-\n1,620,000\n-\n-\n-\n-\n-\n□ 전자단기사채 발행실적\n(기준일 :\xa0\n2023년 09월 30일\n)\n(단위 : 백만원, %)\n발행회사\n증권종류\n발행방법\n발행일자\n권면(전자등록)총액\n이자율\n평가등급(평가기관)\n만기일\n상환여부\n주관회사\n한국지역난방공사\n전자단기사채\n공모\n2023년 01월 05일\n120,000\n2.91\nA1(한기평,한신평)\n2023년 01월 13일\n상환\n한양증권 외 2인\xa0\n한국지역난방공사\n전자단기사채\n공모\n2023년 01월 16일\n80,000\n3.51\nA1(한기평,한신평)\n2023년 02월 07일\n상환\nDB금융투자\n한국지역난방공사\n전자단기사채\n공모\n2023년 01월 16일\n100,000\n3.55\nA1(한기평,한신평)\n2023년 02월 23일\n상환\n교보증권 외 1인\n한국지역난방공사\n전자단기사채\n공모\n2023년 02월 14일\n100,000\n3.46\nA1(한기평,한신평)\n2023년 03월 07일\n상환\nDB금융투자 외 2인\n한국지역난방공사\n전자단기사채\n공모\n2023년 03월 14일\n100,000\n3.59\nA1(한기평,한신평)\n2023년 04월 05일\n상환\n한양증권 외 3인\n한국지역난방공사\n전자단기사채\n공모\n2023년 04월 03일\n50,000\n3.33\nA1(한기평,한신평)\n2023년 04월 13일\n상환\nKB증권\n한국지역난방공사\n전자단기사채\n공모\n2023년 04월 14일\n90,000\n3.40\nA1(한기평,NICE)\n2023년 05월 15일\n상환\n한양증권 외 2인\n한국지역난방공사\n전자단기사채\n공모\n2023년 05월 03일\n100,000\n3.50\nA1(한기평,NICE)\n2023년 05월 09일\n상환\n하나증권 외 3인\n한국지역난방공사\n전자단기사채\n공모\n2023년 05월 31일\n70,000\n3.69\nA1(한기평,NICE)\n2023년 06월 23일\n상환\nKB증권 외 2인\n한국지역난방공사\n전자단기사채\n공모\n2023년 07월 03일\n50,000\n3.61\nA1(한기평,NICE)\n2023년 07월 13일\n상환\nKB증권 외 2인\n한국지역난방공사\n전자단기사채\n공모\n2023년 07월 13일\n170,000\n3.72\nA1(한기평,NICE)\n2023년 08월 07일\n상환\nKB증권 외 4인\n한국지역난방공사\n전자단기사채\n공모\n2023년 07월 31일\n20,000\n3.51\nA1(한기평,NICE)\n2023년 08월 07일\n상환\nDB금융투자\n한국지역난방공사\n전자단기사채\n공모\n2023년 08월 07일\n170,000\n3.61\nA1(한기평,NICE)\n2023년 09월 15일\n상환\nKB증권 외 7인\n합 \xa0계\n-\n-\n-\n1,220,000\n-\n-\n-\n-\n-\n□ 회사채 발행실적\n(기준일 :\xa0\n2023년 09월 30일\n)\n(단위 : 백만원, %)\n발행회사\n증권종류\n발행방법\n발행일자\n권면(전자등록)총액\n이자율\n평가등급(평가기관)\n만기일\n상환여부\n주관회사\n한국지역난방공사\n회사채\n공모\n2023년 01월 31일\n100,000\n3.641\nAAA(한기평, 한신평)\n2026년 01월 31일\n미상환\nNH투자증권\n한국지역난방공사\n회사채\n공모\n2023년 01월 31일\n50,000\n3.710\nAAA(한신평, 한신평)\n2028년 01월 31일\n미상환\nNH투자증권\n한국지역난방공사\n회사채\n공모\n2023년 04월 14일\n50,000\n3.549\nAAA(한기평, NICE)\n2026년 04월 14일\n미상환\nDB금융투자\n한국지역난방공사\n회사채\n공모\n2023년 04월 14일\n60,000\n3.694\nAAA(한기평, NICE)\n2028년 04월 14일\n미상환\nDB금융투자\n한국지역난방공사\n회사채\n공모\n2023년 05월 15일\n100,000\n3.675\nAAA(한기평, NICE)\n2026년 05월 15일\n미상환\nSK증권\n한국지역난방공사\n회사채\n공모\n2023년 05월 15일\n90,000\n3.680\nAAA(한기평, NICE)\n2028년 05월 15일\n미상환\nSK증권\n한국지역난방공사\n회사채\n공모\n2023년 06월 23일\n40,000\n3.967\nAAA(한기평, NICE)\n2025년 06월 23일\n미상환\n교보증권\n한국지역난방공사\n회사채\n공모\n2023년 06월 23일\n40,000\n3.992\nAAA(한기평, NICE)\n2026년 06월 23일\n미상환\n교보증권\n합 \xa0계\n-\n-\n-\n530,000\n-\n-\n-\n-\n-\n□ 신종자본증권 발행실적\n(기준일 :\xa0\n2023년 09월 30일\n)\n(단위 : 백만원, %)\n발행회사\n증권종류\n발행방법\n발행일자\n권면(전자등록)총액\n이자율\n평가등급(평가기관)\n만기일\n상환여부\n주관회사\n한국지역난방공사\n신종자본증권\n공모\n2023년 09월 13일\n250,000\n5.060\nAA+(한기평, 한신평)\n2053년 09월 13일\n미상환\nNH투자증권\n합 \xa0계\n-\n-\n-\n530,000\n-\n-\n-\n-\n-\n주) 신종자본증권 이자율 관련 상세 사항(1) 최초 이자율 : 연 5.060%(2) 발행일로부터 5년 후 이자율 : 5년째 되는 날의 2영업일 전 5년물 국고채 수익률 + 1.167%(가산금리) + 1.0%(3) 발행일로부터 6년 후 이자율 : 매 1년째 되는 날의 2영업일 전 5년물 국고채 수익률 + 1.167%(가산금리) + 1.0%\n□ 조건부자본증권 발행실적 : 해당사항 없음\n(2) 채무증권 미상환 잔액□ 기업어음증권 미상환 잔액\n(기준일 :\xa0\n2023년 09월 30일\n)\n(단위 : 백만원)\n잔여만기\n10일 이하\n10일초과30일이하\n30일초과90일이하\n90일초과180일이하\n180일초과1년이하\n1년초과2년이하\n2년초과3년이하\n3년 초과\n합 계\n미상환 잔액\n공모\n-\n-\n-\n-\n-\n-\n-\n-\n-\n사모\n190,000\n250,000\n100,000\n-\n-\n-\n-\n-\n540,000\n합계\n190,000\n250,000\n100,000\n-\n-\n-\n-\n-\n540,000\n□ 단기사채 미상환 잔액 : 해당사항 없음\n(기준일 :\xa0\n2023년 09월 30일\n)\n(단위 : 백만원)\n잔여만기\n10일 이하\n10일초과30일이하\n30일초과90일이하\n90일초과180일이하\n180일초과1년이하\n합 계\n발행 한도\n잔여 한도\n미상환 잔액\n공모\n-\n-\n-\n-\n-\n-\n-\n-\n사모\n-\n-\n-\n-\n-\n-\n-\n-\n합계\n-\n-\n-\n-\n-\n-\n-\n-\n□ 회사채 미상환 잔액\n(기준일 :\xa0\n2023년 09월 30일\n)\n(단위 : 백만원)\n잔여만기\n1년 이하\n1년초과2년이하\n2년초과3년이하\n3년초과4년이하\n4년초과5년이하\n5년초과10년이하\n10년초과\n합 계\n미상환 잔액\n공모\n660,000\n260,000\n650,000\n490,000\n390,000\n440,000\n410,000\n3,300,000\n사모\n-\n-\n-\n-\n-\n-\n-\n-\n합계\n660,000\n260,000\n650,000\n490,000\n390,000\n440,000\n410,000\n3,300,000\n□ 신종자본증권 미상환 잔액\n(기준일 :\xa0\n2023년 09월 30일\n)\n(단위 : 백만원)\n잔여만기\n1년 이하\n1년초과5년이하\n5년초과10년이하\n10년초과15년이하\n15년초과20년이하\n20년초과30년이하\n30년초과\n합 계\n미상환 잔액\n공모\n-\n-\n-\n-\n-\n250,000\n-\n250,000\n사모\n-\n-\n-\n-\n-\n250,000\n-\n250,000\n합계\n-\n-\n-\n-\n-\n500,000\n-\n500,000\n□ 조건부자본증권 미상환 잔액 : 해당사항 없음\n(기준일 :\xa0\n2023년 09월 30일\n)\n(단위 : 백만원)\n잔여만기\n1년 이하\n1년초과2년이하\n2년초과3년이하\n3년초과4년이하\n4년초과5년이하\n5년초과10년이하\n10년초과20년이하\n20년초과30년이하\n30년초과\n합 계\n미상환 잔액\n공모\n-\n-\n-\n-\n-\n-\n-\n-\n-\n-\n사모\n-\n-\n-\n-\n-\n-\n-\n-\n-\n-\n합계\n-\n-\n-\n-\n-\n-\n-\n-\n-\n-\n(3) 사채관리계약 주요내용 및 충족여부 등\n(작성기준일 :\xa0\n2023년 09월 30일\n)\n(단위 : 백만원, %)\n채권명\n발행일\n만기일\n발행액\n사채관리계약체결일\n사채관리회사\n한국지역난방공사 제26회 무기명식 이권부 무보증 사채\n2015.10.29\n2025.10.29\n110,000\n2015.10.28\n한국예탁결제원\n한국지역난방공사 제27회 무기명식 이권부 무보증 사채\n2015.11.16\n2025.11.16\n60,000\n2015.11.13\n한국예탁결제원\n한국지역난방공사 제28회 무기명식 이권부 무보증 사채\n2016.02.26\n2026.02.26\n80,000\n2016.02.25\n한국예탁결제원\n한국지역난방공사 제30-2회 무기명식 이권부 무보증 사채\n2016.07.13\n2031.07.13\n90,000\n2016.07.12\n한국예탁결제원\n한국지역난방공사 제32-2회 무기명식 이권부 무보증 사채\n2016.10.20\n2026.10.20\n50,000\n2016.10.19\n한국예탁결제원\n한국지역난방공사 제35-2회 무기명식 이권부 무보증 사채\n2017.02.23\n2027.02.23\n70,000\n2017.02.22\n한국예탁결제원\n한국지역난방공사 제36-1회 무기명식 이권부 무보증 사채\n2017.06.29\n2024.06.29\n110,000\n2017.06.28\n한국예탁결제원\n한국지역난방공사 제36-2회 무기명식 이권부 무보증 사채\n2017.06.29\n2037.06.29\n100,000\n2017.06.28\n한국예탁결제원\n한국지역난방공사 제37-2회 무기명식 이권부 무보증 사채\n2017.09.22\n2027.09.22\n100,000\n2017.09.21\n한국예탁결제원\n한국지역난방공사 제38-2회 무기명식 이권부 무보증 사채\n2017.11.17\n2027.11.17\n70,000\n2017.11.16\n한국예탁결제원\n한국지역난방공사 제39-2회 무기명식 이권부 무보증 사채\n2018.04.06\n2028.04.06\n50,000\n2018.04.05\n한국예탁결제원\n한국지역난방공사 제39-3회 무기명식 이권부 무보증 사채\n2018.04.06\n2038.04.06\n50,000\n2018.04.05\n한국예탁결제원\n한국지역난방공사 제40-2회 무기명식 이권부 무보증 사채\n2018.04.27\n2038.04.27\n50,000\n2018.04.23\n한국예탁결제원\n한국지역난방공사 제41-2회 무기명식 이권부 무보증 사채\n2018.09.07\n2028.09.07\n50,000\n2018.09.06\n한국예탁결제원\n한국지역난방공사 제42-2회 무기명식 이권부 무보증 사채\n2019.03.08\n2029.03.08\n100,000\n2019.03.07\n한국예탁결제원\n한국지역난방공사 제43-1회 무기명식 이권부 무보증 사채\n2019.04.26\n2029.04.26\n100,000\n2019.04.25\n한국예탁결제원\n한국지역난방공사 제43-2회 무기명식 이권부 무보증 사채\n2019.04.26\n2039.04.26\n110,000\n2019.04.25\n한국예탁결제원\n한국지역난방공사 제44-2회 무기명식 이권부 무보증 사채\n2019.11.06\n2029.11.06\n50,000\n2019.11.05\n한국예탁결제원\n한국지역난방공사 제44-3회 무기명식 이권부 무보증 사채\n2019.11.06\n2039.11.06\n100,000\n2019.11.05\n한국예탁결제원\n한국지역난방공사 제45-2회 무기명식 이권부 무보증 사채\n2020.03.03\n2030.03.03\n50,000\n2022.03.02\n한국예탁결제원\n한국지역난방공사 제46-2회 무기명식 이권부 무보증 사채\n2021.07.13\n2024.07.12\n100,000\n2021.07.12\n한국예탁결제원\n한국지역난방공사 제47회 무기명식 이권부 무보증 사채\n2021.09.07\n2026.09.07\n90,000\n2021.09.06\n한국예탁결제원\n한국지역난방공사 제48회 무기명식 이권부 무보증 사채\n2021.10.20\n2023.10.23\n100,000\n2021.10.19\n한국예탁결제원\n한국지역난방공사 제49회 무기명식 이권부 무보증 사채\n2021.11.15\n2024.11.15\n90,000\n2021.11.12\n한국예탁결제원\n한국지역난방공사 제50-1회 무기명식 이권부 무보증 사채\n2022.02.23\n2024.02.23\n150,000\n2022.02.22\n한국예탁결제원\n한국지역난방공사 제50-2회 무기명식 이권부 무보증 사채\n2022.02.23\n2027.02.23\n100,000\n2022.02.22\n한국예탁결제원\n한국지역난방공사 제50-3회 무기명식 이권부 무보증 사채\n2022.02.23\n2032.02.23\n50,000\n2022.02.22\n한국예탁결제원\n한국지역난방공사 제51회 무기명식 이권부 무보증 사채\n2022.03.08\n2024.03.08\n100,000\n2022.03.07\n한국예탁결제원\n한국지역난방공사 제52회 무기명식 이권부 무보증 사채\n2022.04.14\n2027.04.14\n100,000\n2022.04.13\n한국예탁결제원\n한국지역난방공사 제53-1회 무기명식 이권부 무보증 사채\n2022.06.14\n2024.06.14\n100,000\n2022.06.13\n한국예탁결제원\n한국지역난방공사 제53-2회 무기명식 이권부 무보증 사채\n2022.06.14\n2027.06.14\n50,000\n2022.06.13\n한국예탁결제원\n한국지역난방공사 제54-1회 무기명식 이권부 무보증 사채\n2022.07.20\n2025.07.20\n90,000\n2022.07.19\n한국예탁결제원\n한국지역난방공사 제54-2회 무기명식 이권부 무보증 사채\n2022.07.20\n2027.07.20\n20,000\n2022.07.19\n한국예탁결제원\n한국지역난방공사 제55-1회 무기명식 이권부 무보증 사채\n2022.11.14\n2024.11.14\n40,000\n2022.11.11\n한국예탁결제원\n한국지역난방공사 제55-2회 무기명식 이권부 무보증 사채\n2022.11.14\n2025.11.14\n20,000\n2022.11.11\n한국예탁결제원\n한국지역난방공사 제55-3회 무기명식 이권부 무보증 사채\n2022.11.14\n2027.11.14\n20,000\n2022.11.11\n한국예탁결제원\n한국지역난방공사 제56-1회 무기명식 이권부 무보증 사채\n2023.01.31\n2026.01.31\n100,000\n2023.01.30\n한국예탁결제원\n한국지역난방공사 제56-2회 무기명식 이권부 무보증 사채\n2023.01.31\n2028.01.31\n50,000\n2023.01.30\n한국예탁결제원\n한국지역난방공사 제57-1회 무기명식 이권부 무보증 사채\n2023.04.14\n2026.04.14\n50,000\n2023.04.13\n한국예탁결제원\n한국지역난방공사 제57-2회 무기명식 이권부 무보증 사채\n2023.04.14\n2028.04.14\n60,000\n2023.04.13\n한국예탁결제원\n한국지역난방공사 제58-1회 무기명식 이권부 무보증 사채\n2023.05.15\n2026.05.15\n100,000\n2023.05.12\n한국예탁결제원\n한국지역난방공사 제58-2회 무기명식 이권부 무보증 사채\n2023.05.15\n2028.05.15\n90,000\n2023.05.12\n한국예탁결제원\n한국지역난방공사 제59-1회 무기명식 이권부 무보증 사채\n2023.06.23\n2025.06.23\n40,000\n2023.06.22\n한국예탁결제원\n한국지역난방공사 제59-2회 무기명식 이권부 무보증 사채\n2023.06.23\n2028.06.23\n40,000\n2023.06.22\n한국예탁결제원\n한국지역난방공사 제2회 공모 채권형 신종자본증권\n2023.09.13\n2053.09.13\n250,000\n2023.09.01\n하나증권 주식회사\xa0\n(이행현황기준일 :\xa0\n2023년 06월 30일\n)\n재무비율 유지현황\n계약내용\n부채비율 400% 이하(제25~45회)부채비율 500% 이하(제46~59회)\n이행현황\n이행 (부채비율 359.82%)\n담보권설정 제한현황\n계약내용\n사채 발행 이후 지급보증 및 담보권 설정 채무합계액이 직전 회계년도 자기자본의 200% 미만\n이행현황\n이행 (자기자본의 0.38%)\xa0\n자산처분 제한현황\n계약내용\n한 회계연도당 총액 4조원 이상 자산처분 제한\n이행현황\n이행 (처분총액 268,159천원)\xa0\n지배구조변경 제한현황\n계약내용\n사채 원리금지급의무 이행이 완료될 때까지 지배구조 변경 제한 (제38~59회 해당)\n이행현황\n이행 (최대주주:산업통상자원부 변경 없음)\n이행상황보고서 제출현황\n이행현황\n2023.9.4. 제출\n* 이행현황기준일은 이행현황 판단 시 적용한 회계감사인의 감사의견(확인 및 의견표시)이 표명된 가장 최근의 재무제표의 작성기준일임.\n(4) 자본으로 인정되는 채무증권의 발행 \xa0\xa0\n구분\n제1회 신종자본증권\n제2회 신종자본증권\n발행일\n2020년 9월 15일\n2023년 9월 13일\n발행금액\n2,500억원\n2,500억원\n발행목적\n* 재무구조 개선을 위한 차입금 상환 및 운영자금 등\n발행방법\n사모\n공모\n상장여부\n비상장\n상장\n미상환잔액\n2,500억원\n2,500억원\n자본인정에 관한 사항\n회계처리 근거\n* 한국채택국제회계기준 제1032호에 따라 자본으로의 분류요건을 충족\n신용평가기관의자본인정비율 등\n-\n미지급 누적이자\n-\n만기 및 조기상환 가능일\n* 만기일 : 2050년 9월 15일\n* 만기일 : 2053년 9월 13일\n* 발행일로부터 5년이 경과한 날 및 그 이후 매 이자지급일에 조기상환 가능\n발행금리\n(1) 최초 이자율 : 연 2.778%(2) 발행일로부터 5년 후 이자율 : 5년째 되는 날의 2영업일 전 5년물 국고채 수익률+1.550%(가산금리)+1.0%(3) 발행일로부터 6년 후 이자율 : 매 1년째 되는 날의 2영업일 전 5년물 국고채 수익률+1.550%(가산금리)+1.0%(4) 대주주 변경 시 이자율 : 대주주 변경 사유가 발생하였으나 발행회사가 본 사채를 중도상환 하지 않을 경우: 3.778%\n(1) 최초 이자율 : 연 5.060%(2) 발행일로부터 5년 후 이자율 : 5년째 되는 날의 2영업일 전 5년물 국고채 수익률+1.167%(가산금리)+1.0%(3) 발행일로부터 6년 후 이자율 : 매 1년째 되는 날의 2영업일 전 5년물 국고채 수익률+1.167%(가산금리)+1.0%(4) 대주주 변경 시 이자율 : 대주주 변경 사유가 발생하였으나 발행회사가 본 사채를 중도상환 하지 않을 경우: 6.060%\n우선순위\n* 후순위(보통주에 우선, 타 선순위채권보다 열위)\n부채분류 시 재무구조에 미치는 영향\n* 부채비율 상승(2023년 3분기말 기준 310.8%에서 477.1%로 상승, 연결재무제표 기준\n기타 중요한 발행 조건 등\n-\n7-2. 증권의 발행을 통해 조달된 자금의 사용실적\n(1) 최근 3사업연도간 공모자금의 사용내역\n(기준일 :\xa0\n2023년 09월 30일\n)\n(단위 : 백만원)\n구 분\n회차\n납입일\n증권신고서 등의 자금사용 계획\n실제 자금사용 내역\n차이발생 사유 등\n사용용도\n조달금액\n내용\n금액\n회사채(녹색채권)\n46\n2021년 07월 13일\n채무상환 및 운영자금 등\n160,000\n채무상환 및 시설자금 등\n160,000\n-\n회사채\n47\n2021년 09월 07일\n채무상환 및 운영자금 등\n90,000\n채무상환 및 운영자금 등\n90,000\n-\n회사채\n48\n2021년 10월 20일\n채무상환 및 운영자금 등\n100,000\n채무상환 및 운영자금 등\n100,000\n-\n회사채\n49\n2021년 11월 15일\n채무상환 및 운영자금 등\n90,000\n채무상환 및 운영자금 등\n90,000\n-\n회사채(지속가능채권)\n50-1\n2022년 02월 23일\n시설자금\n150,000\n시설자금\n150,000\n-\n회사채(지속가능채권)\n50-2\n2022년 02월 23일\n시설자금\n100,000\n시설자금\n100,000\n-\n회사채\n50-3\n2022년 02월 23일\n채무상환\n50,000\n채무상환\n50,000\n-\n회사채(녹색채권)\n51\n2022년 03월 08일\n시설자금\n100,000\n시설자금\n100,000\n-\n회사채\n52\n2022년 04월 14일\n운영자금 및 채무상환\n100,000\n운영자금 및 채무상환\n100,000\n-\n회사채\n53-1\n2022년 06월 14일\n운영자금\n100,000\n운영자금\n100,000\n-\n회사채\n53-2\n2022년 06월 14일\n운영자금\n50,000\n운영자금\n50,000\n-\n회사채\n54-1\n2022년 07월 20일\n채무상환\n90,000\n채무상환\n90,000\n-\n회사채\n54-2\n2022년 07월 20일\n운영자금 및 채무상환\n20,000\n운영자금 및 채무상환\n20,000\n-\n회사채\n55-1\n2022년 11월 14일\n운영자금\n40,000\n운영자금\n40,000\n-\n회사채\n55-2\n2022년 11월 14일\n운영자금\n20,000\n운영자금\n20,000\n-\n회사채\n55-3\n2022년 11월 14일\n운영자금\n20,000\n운영자금\n20,000\n-\n회사채\n56-1\n2023년 01월 31일\n운영자금\n100,000\n운영자금\n100,000\n-\n회사채\n56-2\n2023년 01월 31일\n운영자금\n50,000\n운영자금\n50,000\n-\n회사채\n57-1\n2023년 04월 14일\n운영자금\n50,000\n운영자금\n50,000\n-\n회사채\n57-2\n2023년 04월 14일\n운영자금\n60,000\n운영자금\n60,000\n-\n회사채\n58-1\n2023년 05월 15일\n운영자금\n100,000\n운영자금\n100,000\n-\n회사채\n58-2\n2023년 05월 15일\n채무상환\n90,000\n채무상환\n90,000\n-\n회사채\n59-1\n2023년 06월 23일\n채무상환\n40,000\n채무상환\n40,000\n-\n회사채\n59-2\n2023년 06월 23일\n운영자금 및 채무상환\n40,000\n운영자금 및 채무상환\n40,000\n-\n신종자본증권\n제2회\n2023년 09월 13일\n운영자금 및 채무상환\n250,000\n운영자금 및 채무상환\n250,000\n-\n주1) 2022년 2월 23일에 발행된 제50-1, 50-2회 회사채는 ESG채권(지속가능채권)으로, 친환경사업인 집단에너지시설 개체 및 증설공사 및 에너지복지요금을 위하여 발행되었으며, 당초 계획대로 집단에너지시설 공사 사업 및 에너지 복지요금 목적으로 사용되었습니다.주2) 2022년 3월 8일에 발행된 제51회 회사채는 ESG채권(녹색채권)으로, 친환경사업인 열수송관 공사를 위해 발행되었으며, 당초 계획대로 열수송관 유지보수, 증설 공사에 사용되었습니다. 주3) 본 ESG 채권들의 구체적인 자금사용내역은 당사의 홈페이지 및 한국거래소의 사회책임투자(SRI)채권 전용 세그먼트에 게시된 ESG채권 사후보고서를 참조하시기 바랍니다.\n(2) 최근 3사업연도간 동일 일괄신고서별 공모자금 사용내역 구분\n(단위: 백만원\n일괄신고서제출연도\n구분\n회차\n증권신고서 등의 자금사용 계획\n실제 자금사용 내역\n차이발생 사유 등\n사용용도\n조달금액\n내용\n금액\n2021년\n회사채\n제46,47,48,49회\n채무상환 및 운영,시설자금 등\n440,000\n채무상환 및 운영,시설자금 등\n440,000\n-\n2022년\n회사채\n제50,51,52,53,54,55회\n채무상환 및 운영,시설자금 등\n840,000\n채무상환 및 운영,시설자금 등\n840,000\n-\n2023년\n회사채\n제56,57,58,59회\n채무상환 및 운영자금 등\n530,000\n채무상환 및 운영자금 등\n530,000\n-\n주1) 사업연도별 동일한 일괄신고서를 통해 발행한 조달액을 합산 기재했습니다.주2) 공사가 발행한('23.9.13) 제2회 공모 채권형 신종자본증권은 증권신고서 제출을 통해 공모발행 하였습니다.\n8. 기타 재무에 관한 사항\n가. 재무제표 재작성 등 유의사항 \xa0 \xa0○ 해당사항 없음\n나. 대손충당금 설정현황 \xa0\n(1) 계정과목별 대손충당금 설정내용\xa0\n(단위: 백만원)\n구 \xa0분\n계정과목\n채권금액\n대손충당금\n대손충당금설정률\n2023년 3분기 말\n매출채권\n223,785\n(1,246)\n0.56%\n미수금\n32,703\n(1,275)\n3.90%\n합계\n256,488\n(2,521)\n0.98%\n2022년 말\n매출채권\n850,756\n(966)\n0.11%\n미수금\n109,628\n(886)\n0.81%\n합계\n960,384\n(1,852)\n0.19%\n2021년 말\n매출채권\n546,094\n(1,104)\n0.20%\n미수금\n74,758\n(941)\n1.26%\n합계\n620,852\n(2,045)\n0.33%\n주) ( )는 음의 표시임\n(2) 대손충당금 변동현황\xa0\n(단위: 백만원)\n구 \xa0 \xa0분\n2023년 3분기 말\n2022년 말\n2021년 말\n기초금액\n1,852\n2,045\n2,320\n손상된 채권에 대한 대손상각비\n692\n(195)\n(271)\n매출채권 및 기타채권 제각\n(23)\n2\n(4)\n미사용금액 환입\n-\n-\n-\n매각예정처분집단 분류\n-\n-\n-\n기말금액\n2,521\n1,852\n2,045\n주) ( )는 음의 표시임\n(3) 매출채권 관련 대손충당금 설정방침- \xa0산정대상기간 및 기준금액 : 당사는 보고기간 종료일 현재 회수기일을 초과한 매출채권, 대여금 및 미수금 등 채권 잔액에 대해 대손충당금을 설정하고 있습니다.- 대손처리기준 : 회수가능성에 대한 개별분석 및 과거의 대손경험률을 토대로 연령별로 분류하고 기간별 설정율을 적용하여 대손충당금으로 설정하고 있습니다.- 기간별 대손충당금 설정율 : 30일 이하(0.1%), 60일 이하(0.5%), 90일 이하(5%), 90일 초과(80%), 180일 초과(100%)\n(4) 경과기간별 매출채권 잔액 현황 \xa0\n\xa0 (단위 : 백만원)\n구 분\n2023년 3분기 말\n정상채권\n만기경과후 채권\n합계\n3개월 미만\n3개월~ 6개월\n6개월초과\n매출채권\n221,504\n1,002\n245\n1,034\n223,785\n설정률\n-\n0.1%~5%\n80%\n100%\n-\n구성비율\n99.0%\n0.4%\n0.1%\n0.5%\n100.0%\n다. 재고자산 현황 등\xa0\xa0 \xa0\xa0\n(1) 재고자산의 보유현황 \xa0 \xa0\n(단위 : 백만원)\n사업부문\n계정과목\n2023년3분기 말\n2022년 말\n2021년 말\n열,전기 및 냉수\n원재료\n39,013\n54,982\n34,897\n저장품\n6,636\n5,039\n4,239\n미착재고\n3\n2\n1\n소 \xa0 계\n45,652\n60,023\n39,137\n총자산대비 재고자산 구성비율(%)[재고자산합계÷기말자산총계×100\n0.64\n0.80%\n0.60%\n재고자산회전율(회수)[연환산매출원가÷{(기초재고＋기말재고)÷2}]\n76.31\n90.04\n61.17\n(2) 재고자산 실사내용 □ 실사내용(저장품) \xa0○ 해당사항 없음□ 전문가 또는 전문기관 또는 감사인의 입회여부 \xa0○ 해당사항 없음□ 재고자산의 담보 제공 현황 \xa0○ 해당사항 없음(3) 장기체화재고 및 진부화재고 현황 \xa0\xa0 \xa0○ 해당사항 없음 \xa0라.\xa0공정가치 평가절차 \xa0\n(1) 금융상품보고기간 종료일 현재 금융자산과 금융부채의 범주별 장부금액은 다음과 같습니다.\n(단위:천원)\n구 \xa0분\n2023년 3분기 말\n2022년 말\n2021년 말\n장부금액\n공정가치\n장부금액\n공정가치\n장부금액\n공정가치\n금융자산 :\n\xa0 현금및현금성자산\n128,636,546\n128,636,546\n39,040,920\n39,040,920\n16,577,944\n16,577,944\n\xa0 매출채권및기타채권\n\xa0 \xa0 매출채권\n222,539,322\n222,539,322\n849,789,564\n849,789,564\n544,990,228\n544,990,228\n\xa0 \xa0 미수금\n31,427,882\n31,427,882\n108,742,469\n108,742,469\n73,817,181\n73,817,181\n\xa0 \xa0 미수수익\n113,183\n113,183\n\xa064,220\n\xa064,220\n24,949\n24,949\n\xa0 \xa0 보증금\n53,776,973\n53,776,973\n55,825,977\n55,825,977\n52,103,304\n52,103,304\n\xa0단기금융상품\n3,000,000\n3,000,000\n2,900,015\n2,900,015\n2,000,015\n2,000,015\n\xa0당기손익-공정가치측정금융자산\n88,968\n88,968\n51,468\n51,468\n569,227\n569,227\n\xa0파생상품자산\n16,857,395\n16,857,395\n14,536,648\n14,536,648\n5,939,345\n5,939,345\n\xa0대여금\n89,041,670\n89,041,670\n90,163,961\n90,163,961\n73,202,072\n73,202,072\n합 \xa0 \xa0계\n545,481,939\n545,481,939\n1,161,115,242\n1,161,115,242\n769,224,265\n769,224,265\n금융부채 :\n\xa0 차입금\n545,500,000\n545,500,000\n532,950,000\n532,950,000\n470,288,014\n470,288,014\n\xa0 사채\n3,296,879,554\n3,099,204,414\n2,926,952,125\n2,685,356,104\n2,417,427,940\n2,404,994,843\n\xa0 파생상품부채\n3,674\n3,674\n\xa0-\n-\n901,394\n901,394\n\xa0 매입채무및기타채무\n\xa0 \xa0 매입채무\n209,145,557\n209,145,557\n1,003,402,343\n1,003,402,343\n507,422,624\n507,422,624\n\xa0 \xa0 미지급금\n45,900,565\n45,900,565\n62,679,651\n\xa062,679,651\n61,661,265\n61,661,265\n\xa0 \xa0 미지급비용\n14,873,182\n14,873,182\n\xa0 \xa0 13,187,208\n13,187,208\n10,311,639\n10,311,639\n\xa0 \xa0 보증금\n-\n-\n1,009\n1,009\n-\n-\n합 \xa0 \xa0계\n4,112,302,532\n3,914,627,392\n4,539,172,336\n4,297,576,315\n3,468,012,876\n3,455,579,779\n(2) 공정가치 서열체계 \xa0\xa0공정가치에는 다음의 수준이 있습니다. - 수준 1 : 활성시장의 (조정되지 않은) 공시가격을 이용하여 측정한 공정가치 - 수준 2 : 직·간접적으로 관측가능한 투입변수를 이용하여 측정한 공정가치 - 수준 3 : 관측가능하지 않은 투입변수를 이용하여 측정한 공정가치 보고서 작성 기준일 현재 공정가치로 측정되는 금융상품의 각 종류별로 공정가치수준별 측정치는 다음과 같습니다.\xa0\n(단위 : 천원)\n구 \xa0분\n2023년 3분기 말\n2022년 말\n2021년 말\n수준 1\n수준 2\n수준 3\n합계\n수준 1\n수준 2\n수준 3\n합계\n수준 1\n수준 2\n수준 3\n합계\n반복적으로 공정가치가 측정되는 자산과 부채\n\xa0 \xa0파생상품자산\n-\n16,857,395\n-\n16,857,395\n-\n\xa014,536,648\n-\n\xa014,536,648\n-\n5,939,345\n-\n5,939,345\n\xa0 \xa0파생상품부채\n-\n3,674\n-\n3,674\n-\n-\n-\n-\n-\n901,394\n-\n901,394\n\xa0공정가치가 공시되는 자산과 부채\xa0\n\xa0 \xa0당기손익-공정가치측정금융자산\n-\n-\n88,968\n88,968\n-\n-\n\xa051,468\n\xa051,468\n-\n517,759\n51,468\n569,227\n한편, 당기 및 전기 중 공정가치 서열체계 수준의 유의적인 이동은 없었습니다.\n(3) 가치평가기법 및 투입변수 \xa0\xa0\n당사는 공정가치 서열체계에서 수준 2와 수준3으로 분류되는 반복적인 공정가치측정치, 비반복적인 공정가치측정치, 공시되는 공정가치에 대해 다음의 가치평가기법과 투입변수를 사용하고 있습니다.\n(단위: 천원)\n구 \xa0 분\n보고기간 종료일 현재 기준\n공정가치\n수준\n가치평가기법\n투입변수\n공정가치가 공시되는 자산\n당기손익 - 공정가치측정금융자산(출자금)\n\xa088,968\n3\n과거 거래 이용법\n관측가능하지 않은 자산ㆍ부채에 대한 투입변수.,\n파생상품\n이자율스왑\n파생상품자산\n16,857,395\n2\nDCF모형\n할인율, 변동성 등\n파생상품부채\n3,674\n2\nDCF모형\n할인율, 변동성 등\n""]"
