text
"['\n사 업 보 고 서\n\xa0 \xa0 \xa0 \xa0 \xa0 \xa0 \xa0 \xa0 \xa0 \xa0 \xa0 \xa0 \xa0 \xa0 \xa0 \xa0 \xa0 \xa0 (제 34 기)\n사업연도\n2021년 01월 01일\n\xa0부터\n2021년 12월 31일\n\xa0까지\n금융위원회\n한국거래소 귀중\n2022년 \xa0 \xa0 3월 \xa0 \xa017일\n제출대상법인 유형 :\n주권상장법인\n면제사유발생 :\n해당사항 없음\n회 \xa0 \xa0 \xa0사 \xa0 \xa0 \xa0명 :\n(주)주연테크\n대 \xa0 표 \xa0 \xa0이 \xa0 사 :\n김희라\n본 \xa0점 \xa0소 \xa0재 \xa0지 :\n서울시 강서구 양천로 583, 비동 505호\n(전 \xa0화) 070-7600-3206\n(홈페이지) http://www.jooyon.co.kr\n작 \xa0성 \xa0책 \xa0임 \xa0자 :\n(직 \xa0책) 전 무 \xa0 \xa0 \xa0 \xa0 \xa0 \xa0 \xa0 \xa0 \xa0(성 \xa0명) 권상혁\n(전 \xa0화) 070-7600-3206\n']"
