text
"['\n5. 재무제표 주석\n1. 회사의 개요주식회사 크라운해태홀딩스(구, 주식회사 크라운제과, 이하 ""당사"")는 과자류의 제조 및 판매를 목적으로 1968년 9월 18일자로 설립되었으며, 서울특별시 용산구에 본점을 두고 있습니다. 당사는 1976년 6월 30일자로 한국거래소가 개설한 유가증권시장에 상장되었으며, 당분기말 현재 주요 주주는 주식회사 두라푸드 및 그 특수관계자 \xa0 (보통주\xa0지분율 55.02%, 우선주 지분율 1.75%)\xa0등으로 구성되어 있습니다.\n당사는 2017년 3월 1일을 분할기일로 하여, 식품사업부문을 인적분할의 방법으로 분할하였습니다. 분할존속회사인 당사의 명칭은 주식회사 크라운해태홀딩스로 변경하였으며, 투자사업을 담당하는 지주회사의 역할을 수행하고 있습니다.2. 재무제표 작성기준(1) 회계기준의 적용\n당사의 분기재무제표는 한국채택국제회계기준에 따라 작성되는 요약중간재무제표입니다. 동 재무제표는 기업회계기준서 제1034호 \'중간재무보고\'에 따라 작성되었으며, 연차재무제표에서 요구되는 정보에 비하여 적은 정보를 포함하고 있습니다. 선별적 주석은 직전 연차보고기간말 후 발생한 당사의 재무상태와 경영성과의 변동을 이해하는데 유의적인 거래나 사건에 대한 설명을 포함하고 있습니다.\n당사의 재무제표는 기업회계기준서 제1027호 \'별도재무제표\'에 따른 별도재무제표로서 지배기업, 관계기업의 투자자 또는 공동지배기업의 참여자가 투자자산을 피투자자의 보고된 성과와 순자산에 근거하지 않고 직접적인 지분 투자에 근거한 회계처리로 표시한 재무제표입니다.\n(2) 추정과 판단① 경영진의 판단 및 가정과 추정의 불확실성한국채택국제회계기준은 중간재무제표를 작성함에 있어서 회계정책의 적용이나, 중간보고기간말 현재 자산, 부채 및 수익, 비용의 보고금액에 영향을 미치는 사항에 대하여 경영진의 최선의 판단을 기준으로 한 추정치와 가정의 사용을 요구하고 있습니다. 중간보고기간말 현재 경영진의 최선의 판단을 기준으로 한 추정치와 가정이 실제환경과 다를 경우 이러한 추정치와 실제 결과는 다를 수 있습니다.추정치와 추정에 대한 기본 가정은 지속적으로 검토되고 있으며, 회계추정의 변경은 추정이 변경된 기간과 미래 영향을 받을 기간 동안 인식되고 있습니다.한편, 당분기 중 COVID-19의 확산은 국내외 경제에 중대한 영향을 미치고 있습니다. 이는 매출의 감소나 지연, 기존 채권의 회수 등에 부정적인 영향을 미칠 수 있으며 이로 인해 당사의 재무상태와 재무성과에도 부정적인 영향이 발생할 수 있습니다.재무제표 작성시 사용된 중요한 회계추정 및 가정은 COVID-19에 따른 불확실성의 변동에 따라 조정될 수 있으며, COVID-19로 인하여 당사의 사업, 재무상태 및 재무성과 등에 미칠 궁극적인 영향은 현재 재무제표에 반영된 추정치와 다를 수 있습니 다.상기 내용을 제외하고 분기재무제표에서 사용된 당사의 회계정책의 적용과 추정금액에 대한 경영진의 판단은 2021년 12월 31일로 종료되는 회계연도의 연차재무제표와동일한 회계정책과 추정의 근거를 사용하였습니다.\n② 공정가치 측정당사는 공정가치평가 정책과 절차를 수립하고 있습니다. 동 정책과 절차에는 공정가치 서열체계에서 수준 3으로 분류되는 공정가치를 포함한 모든 유의적인 공정가치 측정의 검토를 책임지는 평가부서의 운영을 포함하고 있으며, 그 결과는 재무담당임원에게 직접 보고되고 있습니다.평가부서는 정기적으로 관측가능하지 않은 유의적인 투입변수와 평가 조정을 검토하고 있습니다. 공정가치 측정에서 중개인 가격이나 평가기관과 같은 제3자 정보를 사용하는 경우, 평가부서에서 제3자로부터 입수한 정보에 근거한 평가가 공정가치 서열체계 내 수준별 분류를 포함하고 있으며 해당 기준서의 요구사항을 충족한다고 결론을 내릴 수 있는지 여부를 판단하고 있습니다.\n당사는 유의적인 평가 문제를 감사에 보고하고 있습니다.자산이나 부채의 공정가치를 측정하는 경우, 당사는 최대한 시장에서 관측가능한 투입변수를 사용하고 있습니다. 공정가치는 다음과 같이 가치평가기법에 사용된 투입변수에 기초하여 공정가치 서열체계 내에서 분류됩니다.\n- 수준 1: 측정일에 동일한 자산이나 부채에 대한 접근 가능한 활성시장의 조정되지 않은 공시가격- 수준 2: 수준 1의 공시가격 이외에 자산이나 부채에 대해 직접적으로 또는 간접적으로 관측가능한 투입변수- 수준 3: 자산이나 부채에 대한 관측가능하지 않은 투입변수자산이나 부채의 공정가치를 측정하기 위해 사용되는 여러 투입변수가 공정가치 서열체계 내에서 다른 수준으로 분류되는 경우, 당사는 측정치 전체에 유의적인 공정가치 서열체계에서 가장 낮은 수준의 투입변수와 동일한 수준으로 공정가치 측정치 전체를 분류하고 있으며, 변동이 발생한 보고기간 말에 공정가치 서열체계의 수준간 이동을 인식하고 있습니다.공정가치 측정 시 사용된 가정의 자세한 정보는 주석\xa029에\xa0포함되어 있습니다.\n3. 유의적인 회계정책당사는 2021년 12월 31일로 종료되는 회계연도의 연차재무제표를 작성할 때에 적용한 것과 동일한 회계정책을 적용하고 있으며, 2022년 1월 1일 이후 적용되는 기준들은 당사의 재무제표에 미치는 유의적인 영향이 없습니다.\n4. 영업부문당사는 기업회계기준서 제1108호 \'영업부문\'에 따라 영업부문과 관련된 공시사항을 분기연결재무제표에 공시하였습니다.\n5. 현금및현금성자산당분기말과 전기말 현재 현금및현금성자산의 구성내역은 다음과 같습니다.\n(단위: 천원)\n과 \xa0 \xa0목\n제 56(당) 기 1분기\n제 55(전) 기\n보유현금\n20,000\n20,000\n요구불예금\n33,147\n40,222\n합 \xa0 \xa0계\n53,147\n60,222\n6. 매출채권및기타채권\n당분기말과 전기말 현재 매출채권및기타채권의 내역은 다음과 같습니다.\n(단위: 천원)\n과 \xa0 \xa0목\n제 56(당) 기 1분기\n제 55(전) 기\n채권금액\n손상차손누계액\n장부금액\n채권금액\n손상차손누계액\n장부금액\n매출채권\n1,256,659\n-\n1,256,659\n1,114,260\n-\n1,114,260\n미수금\n476,533\n-\n476,533\n304,096\n-\n304,096\n미수수익\n4,738,541\n-\n4,738,541\n-\n-\n-\n합 \xa0 \xa0계\n6,471,733\n-\n6,471,733\n1,418,356\n-\n1,418,356\n7. 기타포괄손익-공정가치측정금융자산(1) 당분기말과 전기말 현재 기타포괄손익-공정가치측정금융자산의 장부금액은 다음과 같습니다.\n(단위: 천원)\n내 \xa0 \xa0역\n제 56(당) 기 1분기\n제 55(전) 기\n기타포괄손익-공정가치측정금융자산\n1,169,975\n1,195,671\n상기 금융자산은 단기매매항목이 아닌 지분상품으로 구성되어 있습니다. \n당사의 신용위험, 시장위험에 대한 노출과 공정가치 측정 정보는\xa0주석29에서\xa0설명하고 있습니다.\n(2) 당분기말과 전기말 현재 당사의 전략적인 목적에 따라 장기로 보유할 지분증권 중 기타포괄손익-공정가치 측정 항목으로 지정된 항목은 다음과 같습니다.① 제 56(당) 기\xa01분기\n(단위: 천원)\n내 \xa0 \xa0역\n장부금액\n공정가치\n배당금수익\n시장성있는 지분증권:\n\xa0 (주)농심\n319\n319\n4\n\xa0 (주)농심 홀딩스\n73\n73\n2\n\xa0 (주)오리온홀딩스\n43\n43\n2\n\xa0 (주)오리온\n533\n533\n5\n\xa0 롯데지주(주)\n550\n550\n25\n\xa0 롯데제과(주)\n235\n235\n3\n소 \xa0 \xa0계\n1,753\n1,753\n41\n시장성없는 지분증권:\n\xa0 (주)에브리데이리테일\n222\n222\n-\n\xa0 (주)연합뉴스TV\n200,000\n200,000\n-\n\xa0 (주)매일방송\n968,000\n968,000\n-\n소 \xa0 \xa0계\n1,168,222\n1,168,222\n-\n합 \xa0 \xa0계\n1,169,975\n1,169,975\n41\n② 제 55(전) 기\n(단위: 천원)\n내 \xa0 \xa0역\n장부금액\n공정가치\n배당금수익\n시장성있는 지분증권:\n\xa0 (주)농심\n319\n319\n4\n\xa0 (주)농심 홀딩스\n76\n76\n2\n\xa0 (주)오리온홀딩스\n48\n48\n2\n\xa0 (주)오리온\n621\n621\n5\n\xa0 롯데지주(주)\n508\n508\n17\n\xa0 롯데제과(주)\n241\n241\n3\n소 \xa0 \xa0계\n1,813\n1,813\n33\n시장성없는 지분증권:\n\xa0 (주)에브리데이리테일\n222\n222\n-\n\xa0 (주)이랜드리테일\n645\n645\n-\n\xa0 (주)연합뉴스TV\n200,000\n200,000\n-\n\xa0 (주)매일방송\n968,000\n968,000\n-\n\xa0 한국보건의료방송(구 메디코프)\n24,991\n24,991\n-\n소 \xa0 \xa0계\n1,193,858\n1,193,858\n-\n합 \xa0 \xa0계\n1,195,671\n1,195,671\n33\n(3) 당분기와 전기 중 기타포괄손익-공정가치측정금융자산의 변동내역은 다음과 같습니다.\n(단위: 천원)\n내 \xa0 \xa0역\n제 56(당) 기 1분기\n제 55(전) 기\n기초금액\n1,195,671\n\xa0 \xa0 \xa0 \xa0 \xa0 \xa0 \xa0 \xa0 \xa0 1,007,820\n공정가치 변동액\n(13,886)\n187,851\n처분\n(11,810)\n\xa0 \xa0 \xa0 \xa0 \xa0 \xa0 \xa0-\n기말금액\n1,169,975\n\xa01,195,671\n8.\xa0유동기타비금융자산\n당분기말과 전기말 현재 유동기타비금융자산의 내역은 다음과 같습니다.\n(단위: 천원)\n과 \xa0 \xa0목\n제 56(당) 기 1분기\n제 55(전) 기\n선급금\n74,978\n\xa0 \xa0 \xa0 \xa0 \xa0 \xa0 \xa0 \xa0 \xa0 \xa0 \xa0 67,978\n선급비용\n60,481\n\xa0 \xa0 \xa0 \xa0 \xa0 \xa0 \xa0 \xa0 \xa0 \xa0 \xa0 89,589\n합 \xa0 \xa0계\n135,459\n\xa0 \xa0 \xa0 \xa0 \xa0 \xa0 \xa0 \xa0 \xa0 \xa0 157,567\n9.\xa0종속기업투자자산당분기말과 전기말 현재 종속기업투자자산의 내역은 다음과 같습니다.\xa0\n(단위: 천원)\n종속기업명\n소재지\n주요 영업활동\n제 56(당) 기 1분기\n제 55(전) 기\n지분율(%)\n장부금액\n지분율(%)\n장부금액\n(주)크라운제과(*1)\n한국\n과자류 제조 및 판매\n41.17\n92,081,012\n41.17\n92,081,012\n해태제과식품(주)\n한국\n과자류 제조 및 판매\n65.84\n181,765,638\n65.84\n181,765,638\n(주)아트밸리\n한국\n임업 및 부동산임대업\n96.49\n70,549,248\n96.49\n70,549,248\n(주)영그린\n한국\n단미사료 제조 및 판매\n100.00\n3,976,125\n100.00\n3,976,125\n(주)씨에이치테크\n한국\n기계제작\n100.00\n3,286,126\n100.00\n3,286,126\n합 \xa0 계\n351,658,149\n351,658,149\n(*1) 당사는 (주)크라운제과의 소유지분율이 50% 미만이나 과거 주주총회 참석경험율 등을 고려시 과반수의 의결권을 행사할 수 있다고 판단하여, 상기 투자자산을 종속기업투자자산으로 분류하였습니다.\n10. 유형자산\n(1)\xa0당분기말과 전기말 현재 유형자산 장부금액의 내역은 다음과 같습니다.\xa0\n(단위: 천원)\n과 \xa0 \xa0목\n제 56(당) 기 1분기\n제 55(전) 기\n취득원가\n감가상각누계액\n장부금액\n취득원가\n감가상각누계액\n장부금액\n차량운반구\n131,463\n(2,191)\n129,272\n-\n-\n-\n공기구비품\n5,597,268\n(5,254,500)\n342,768\n5,582,676\n(5,220,341)\n362,335\n건설중인자산\n36,149\n-\n36,149\n36,408\n\u3000-\n36,408\n합 \xa0 \xa0계\n5,764,880\n(5,256,691)\n508,189\n5,619,084\n(5,220,341)\n398,743\n(2) 당분기와 전기 중 유형자산 장부금액의 변동내역은 다음과 같습니다.①\xa0제 56(당) 기 1분기\n(단위: 천원)\n과 \xa0 \xa0목\n기초금액\n취득액(자본적 지출 포함)\n처분액\n감가상각비\n기타 증(감)액(*)\n기말금액\n차량운반구\n-\n128,463\n-\n(2,191)\n3,000\n129,272\n공기구비품\n362,335\n14,593\n-\n(34,160)\n-\n342,768\n건설중인자산(*)\n36,408\n6,036\n-\n-\n(6,295)\n36,149\n합 \xa0 \xa0계\n398,743\n149,092\n-\n(36,351)\n(3,295)\n508,189\n(*) 기타증(감)액은 무형자산으로 대체되었습니다. \n②\xa0제 55(전) 기\n(단위: 천원)\n과 \xa0 \xa0목\n기초금액\n취득액(자본적 지출 포함)\n처분액\n감가상각비\n기타 증(감)액(*)\n기말금액\n공기구비품\n506,422\n38,737\n(34)\n(182,790)\n-\n362,335\n건설중인자산(*)\n12,276\n31,724\n-\n-\n(7,592)\n36,408\n합 \xa0 \xa0계\n518,698\n70,461\n(34)\n(182,790)\n(7,592)\n398,743\n(*) 기타증(감)액은 무형자산 및 비용으로 대체되었습니다.\n11. 리스(1) 리스이용자당사는 건물, 비품을 포함한 많은 자산을 리스하고 있습니다. \n① 당분기말과 전기말 현재 사용권자산 장부금액의 내역은 다음과 같습니다.\xa0\n(단위: 천원)\n과 \xa0 \xa0목\n제 56(당) 기 1분기\n제 55(전) 기\n취득원가\n상각누계액\n장부금액\n취득원가\n상각누계액\n장부금액\n건물\n2,320,457\xa0\n(1,850,470)\n469,987\xa0\n2,320,458\n(1,693,808)\n626,650\n②\xa0당분기와 전기 중 사용권자산의 변동내역은 다음과 같습니다.\xa0- 제 56(당) 기 1분기\n(단위: 천원)\n과 \xa0 \xa0목\n기초금액\n취득액\n상각비\n기말금액\n건물\n626,650\xa0\n\u3000-\n(156,663)\n469,987\n\xa0- 제 55(전) 기\n(단위: 천원)\n과 \xa0 \xa0목\n기초금액\n취득액\n상각비\n기말금액\n건물\n1,067,158\n\u3000186,142\n(626,650)\n\u3000626,650\n③\xa0당분기와 전분기의 리스와 관련해서 포괄손익계산서에 인식된 금액은 다음과 같습니다.\n(단위: 천원)\n구 \xa0 분\n제 56(당) 기 1분기\n제 55(전) 기 1분기\n사용권자산의 감가상각비\n156,662\n166,293\n리스부채에 대한 이자비용(금융원가에 포함)\n4,321\n5,591\n단기 및 소액리스료(매출원가 및 판매비와관리비에 포함)\n4,582\n4,513\n④\xa0당분기와 전분기 중 단기리스 및 소액리스를 포함한 리스의 총 현금유출은 각각 \xa0173,928천원과 173,859천원입니다.\n⑤ 연장선택권일부 부동산 리스는 당사가 계약의 해지불능기간 종료 전에\xa0리스기간을 2년 연장할 수 있는 선택권을 포함합니다.\xa0당사는 운영의 효율성을 위하여 가능하면 새로운 리스계약에 연장선택권을 포함하려고 노력합니다. 당사는 리스개시일에 연장선택권을 행사할 것이 상당히 확실한지 평가합니다. 당사는 당사가 통제 가능한 범위에 있는 유의적인 사건이 일어나거나 상황에 유의적인 변화가 있을 때 연장선택권을 행사할 것이 상당히 확실한지 다시 평가합니다.\n⑥\xa0당분기와 전기 중 리스부채의 유형별 변동내역은 다음과 같습니다.- 제 56(당) 기\xa01분기\n(단위 : 천원)\n과 \xa0 \xa0목\n기초금액\n취득액\n이자비용\n지급액\n기말금액\n건물\n667,138\n-\n4,321\n(169,346)\n502,113\n- 제 55(전) 기\n(단위 : 천원)\n과 \xa0 \xa0목\n기초금액\n취득액\n이자비용\n지급액\n기말금액\n건물\n1,129,592\n186,142\n28,790\n(677,386)\n667,138\n(2) 리스제공자당분기 중 당사가 제공하고 있는 리스는 없습니다.\n12. 무형자산\n(1) 당분기말과 전기말 현재 무형자산 장부금액의 내역은 다음과 같습니다.\n(단위: 천원)\n과 \xa0 \xa0목\n제 56(당) 기 1분기\n제 55(전) 기\n취득원가\n상각누계액\n장부금액\n취득원가\n상각누계액\n장부금액\n산업재산권\n504,606\n(300,491)\n204,115\n499,078\n(291,525)\n207,553\n기타의무형자산\n7,682\n(3,315)\n4,367\n7,683\n(3,203)\n4,480\n합 \xa0 \xa0계\n512,288\n(303,806)\n208,482\n506,761\n(294,728)\n212,033\n(2) 당분기와 전기 중 무형자산 장부금액의 변동내역은 다음과 같습니다.\n①\xa0제 56(당) 기 1분기\n(단위: 천원)\n과 \xa0 \xa0목\n기초금액\n취득액\n상각비\n기타 증(감)액(*)\n기말금액\n산업재산권\n207,553\n2,234\n(8,966)\n3,294\n204,115\n기타의무형자산\n4,480\n-\n(113)\n-\n4,367\n합 \xa0 \xa0계\n212,033\n2,234\n(9,079)\n3,294\n208,482\n(*) 기타증감액은 건설중인자산에서 대체되었습니다.②\xa0제 55(전) 기\n(단위: 천원)\n과 \xa0 \xa0목\n기초금액\n취득액\n상각비\n기타 증(감)액(*)\n기말금액\n산업재산권\n227,020\n8,652\n(35,555)\n7,436\n207,553\n기타의무형자산\n1\n4,891\n(412)\n\xa0-\n4,480\n합 \xa0 \xa0계\n227,021\n13,543\n(35,967)\n7,436\n212,033\n(*) 기타증감액은 건설중인자산에서 대체되었습니다.\n13. 단기차입금\xa0당분기말과 전기말 현재 단기차입금의 내역은 다음과 같습니다.\n(단위: 천원)\n차입 금융기관\n내 \xa0 \xa0역\n제 56(당) 기 1분기\n제 55(전) 기\n(주)우리은행\n운영자금\n\xa0 \xa0 \xa0 \xa0 \xa0 \xa0 \xa0 \xa0 \xa0 \xa0 7,700,000\xa0\n\xa0 \xa0 \xa0 \xa0 \xa0 \xa0 \xa0 \xa0 \xa0 7,700,000\n(주)신한은행\n운영자금\n\xa0 \xa0 \xa0 \xa0 \xa0 \xa0 \xa0 \xa0 \xa0 \xa010,000,000\xa0\n\xa0 \xa0 \xa0 \xa0 \xa0 \xa0 \xa0 \xa0 10,000,000\n(주)하나은행\n운영자금\n\xa0 \xa0 \xa0 \xa0 \xa0 \xa0 \xa0 \xa0 \xa0 \xa0 3,900,000\xa0\n\xa0 \xa0 \xa0 \xa0 \xa0 \xa0 \xa0 \xa0 \xa0 3,900,000\n(주)국민은행\n운영자금\n\xa0 \xa0 \xa0 \xa0 \xa0 \xa0 \xa0 \xa0 \xa0 \xa0 4,000,000\xa0\n\xa0 \xa0 \xa0 \xa0 \xa0 \xa0 \xa0 \xa0 \xa0 4,000,000\n한국산업은행\n운영자금\n\xa0 \xa0 \xa0 \xa0 \xa0 \xa0 \xa0 \xa0 \xa0 \xa020,000,000\xa0\n\xa0 \xa0 \xa0 \xa0 \xa0 \xa0 \xa0 \xa0 20,000,000\n합 \xa0 \xa0계\n\xa0 \xa0 \xa0 \xa0 \xa0 \xa0 \xa0 \xa0 \xa0 \xa045,600,000\xa0\n\xa0 \xa0 \xa0 \xa0 \xa0 \xa0 \xa0 \xa0 45,600,000\n당사는 상기 단기차입금과 관련하여\xa0연\xa02.15~3.79%의\xa0이자율을 부담하고 있습니다.\n14.\xa0기타채무당분기말과 전기말 현재 기타채무의 내역은 다음과 같습니다.\n(단위: 천원)\n내 \xa0 \xa0역\n제 56(당) 기 1분기\n제 55(전) 기\n미지급금\n674,008\n786,299\n미지급비용\n271,297\n261,466\n합 \xa0 \xa0계\n945,305\n1,047,765\n15.\xa0기타비금융부채당분기말과 전기말 현재 기타비금융부채의 내역은 다음과 같습니다.\n(단위: 천원)\n내 \xa0 \xa0역\n제 56(당) 기 1분기\n제 55(전) 기\n유동부채:\xa0\n\xa0 예수금\n136,872\n70,407\n\xa0 예수부가가치세\n223,646\n146,988\n소 \xa0 \xa0계\n360,518\n217,395\n비유동부채:\n\xa0 기타장기종업원급여부채\n189,521\n183,516\n소 \xa0 \xa0계\n189,521\n183,516\n합 \xa0 \xa0계\n550,039\n400,911\n16. 확정급여부채\xa0\n(1) 당분기와 전분기 중 확정급여제도와 관련하여 인식된 손익은 다음과 같습니다.\n(단위: 천원)\n과 \xa0 \xa0목\n제 56(당) 기 1분기\n제 55(전) 기 1분기\n당기근무원가\n179,202\n195,728\n확정급여채무의 이자원가\n79,081\n64,941\n사외적립자산의 이자수익\n(22,728)\n(18,777)\n합 \xa0 \xa0계\n235,555\n241,892\n(2) 당분기와 전기 중 순확정급여부채의 변동내역은 다음과 같습니다.\xa0\n(단위: 천원)\n구 \xa0 \xa0분\n확정급여채무\n사외적립자산\n순확정급여부채\n제 56(당) 기1분기\n제 55(전) 기\n제 56(당) 기1분기\n제 55(전) 기\n제 56(당) 기1분기\n제 55(전) 기\n기초금액\n9,436,033\n9,206,718\n(2,774,053)\n(2,728,105)\n6,661,980\n6,478,613\n당기근무원가\n179,202\n799,053\n-\n-\n179,202\n799,053\n이자원가(수익)\n79,081\n259,767\n(22,728)\n(75,110)\n56,353\n184,657\n확정급여부채의 재측정요소:(법인세차감전)\n- 보험수리적손익\n-\n(190,765)\n-\n-\n-\n(190,765)\n\xa0 \xa0(재무적 가정)\n-\n(190,995)\n-\n-\n-\n(190,995)\n\xa0 \xa0(경험조정)\n-\n230\n-\n-\n-\n230\n- 사외적립자산 재측정요소\n-\n-\n14,614\n60,693\n14,614\n60,693\n\xa0 \xa0(경험조정)\n-\n-\n14,614\n60,693\n14,614\n60,693\n관계사 전출입\n(58,088)\n(51,740)\n18,304\n6,769\n(39,784)\n(44,971)\n납부한 기여금\n-\n-\n(200,000)\n(200,000)\n급여 지급\n(64,496)\n(587,000)\n15,202\n161,700\n(49,294)\n(425,300)\n기말잔액\n9,571,732\n9,436,033\n(2,748,661)\n(2,774,053)\n6,823,071\n6,661,980\n(3) 당분기말과 전기말 현재 사외적립자산은 다음의 자산으로 구성되어 있습니다.\n(단위: 천원)\n과 \xa0 \xa0목\n제 56(당) 기 1분기\n제 55(전) 기\n단기금융기관예치금\n2,748,661\n2,774,053\n17. 우발부채와 약정사항\n(1) 당분기말 현재 당사가 금융기관과 체결한 주요 약정사항의 내역은 다음과 같습니 다.\n(단위: 천원)\n금융기관\n내 \xa0 \xa0역\n한도금액\n(주)우리은행\n일반자금대출\n15,000,000\xa0\n(주)신한은행\n일반자금대출\n10,000,000\xa0\n(주)하나은행\n일반자금대출\n10,000,000\xa0\n(주)국민은행\n일반자금대출\n10,000,000\xa0\n한국산업은행\n일반자금대출\n20,000,000\xa0\n합 \xa0 \xa0계\n65,000,000\xa0\n18. 자본금 및 자본잉여금\n(1) 당분기말 현재 당사의 자본금 내역은 다음과 같습니다.\xa0\n(단위: 원)\n내 \xa0 \xa0역\n보통주\n우선주\n발행할 주식의 총수(*1)\n30,000,000주\n발행한 주식의 수\n14,847,347주\n600,726주\n1주당 금액\n500\n500\n자본금\n7,423,673,500\n300,363,000\n(*1) 당사가 발행할 주식의 총수는 30,000,000주이며, 이 중 우선주로 발행할 수 있는 주식의 총수는\xa01,000,000주입니다.당사의 우선주는 참가적 비누적적 무의결권 주식으로서 배당의 경우에 액면가액을 기준으로 보통주식보다 연 1%를 금전으로 더 배당받게 되고, 보통주식에 대한 배당이 없을 경우에는 우선주식에 대하여 배당을 아니할 수 있으며, 이 경우 우선주식에 대한 배당이 있을 때까지 의결권을 행사할 수 있습니다.\n(2)\xa0당사가 당분기와 전분기 중 지급하여야 할 배당금의 내역은 다음과 같습니다.\xa0\n(단위: 원)\n내 \xa0 \xa0역\n제 56(당) 기 1분기\n제 55(전) 기\n보통주\n우선주\n보통주\n우선주\n배당받을 주식수\n14,572,735주\n570,627주\n14,572,735주\n570,627주\n주당 배당금\n100\n105\n100\n105\n배당금액\n1,457,273,500\n59,915,835\n1,457,273,500\n59,915,835\n(3) 당분기말과 전기말 현재 자본잉여금의 내역은 다음과 같습니다.\xa0\n(단위: 천원)\n과 \xa0 \xa0목\n제 56(당) 기 1분기\n제 55(전) 기\n주식발행초과금\n92,670,097\n\xa0 \xa0 \xa0 \xa0 \xa0 \xa0 \xa0 \xa0 \xa0 \xa092,670,097\n기타자본잉여금\n11,231,824\n\xa0 \xa0 \xa0 \xa0 \xa0 \xa0 \xa0 \xa0 \xa0 \xa011,231,824\n합 \xa0 \xa0계\n103,901,921\n\xa0 \xa0 \xa0 \xa0 \xa0 \xa0 \xa0 \xa0 \xa0103,901,921\n19.\xa0자기주식당분기말과 전기말 현재 당사가 보유한 자기주식의 내역은 다음과 같습니다.\xa0\n(단위: 천원)\n내 \xa0 \xa0역\n제 56(당) 기 1분기\n제 55(전) 기\n주식수\n금 \xa0액\n주식수\n금 \xa0액\n보통주\n464,612주\n3,630,619\n464,612주\n3,630,619\n우선주\n30,099주\n58,215\n30,099주\n58,215\n합 \xa0 \xa0계\n494,711주\n3,688,834\n494,711주\n3,688,834\n20. 기타포괄손익누계액\n당분기말과 전기말 현재 기타포괄손익누계액의 내역은 다음과 같습니다.\xa0\n(단위: 천원)\n과 \xa0 \xa0목\n제 56(당) 기 1분기\n제 55(전) 기\n기타포괄손익-공정가치측정금융자산평가손익\n(1,662,938)\n(1,637,900)\n기타포괄손익-공정가치측정금융자산처분손익\n12,378\xa0\n1,212\xa0\n합 \xa0 \xa0계\n(1,650,560)\n(1,636,688)\n21. 이익잉여금(1)\xa0당분기말과 전기말 현재 이익잉여금의 내역은 다음과 같습니다.\xa0\n(단위: 천원)\n과 \xa0 \xa0목\n제 56(당) 기 1분기\n제 55(전) 기\n법정적립금\n\xa0 \xa0 \xa0 \xa0 \xa0 \xa0 \xa0 \xa0 \xa0 \xa0 \xa0 \xa03,211,397\xa0\n\xa0 \xa0 \xa0 \xa0 \xa0 \xa0 \xa0 \xa0 \xa0 \xa0 3,061,578\xa0\n임의적립금\n\xa0 \xa0 \xa0 \xa0 \xa0 \xa0 \xa0 \xa0 \xa0 \xa0 147,480,259\xa0\n\xa0 \xa0 \xa0 \xa0 \xa0 \xa0 \xa0 \xa0 \xa0147,480,258\xa0\n미처분이익잉여금\n\xa0 \xa0 \xa0 \xa0 \xa0 \xa0 \xa0 \xa0 \xa0 \xa0 \xa045,472,019\xa0\n\xa0 \xa0 \xa0 \xa0 \xa0 \xa0 \xa0 \xa0 \xa0 \xa042,132,249\xa0\n합 \xa0 \xa0계\n\xa0 \xa0 \xa0 \xa0 \xa0 \xa0 \xa0 \xa0 \xa0196,163,675\xa0\n\xa0 \xa0 \xa0 \xa0 \xa0 \xa0 \xa0 \xa0192,674,085\xa0\n① 법정적립금(이익준비금)상법상 자본금의 50%에 달할 때까지 매결산기에 금전에 의한 이익배당액의 10% 이상을 이익준비금으로 적립하도록 규정되어 있으며, 동 이익준비금은 현금으로 배당할 수 없고, 주주총회의 결의에 의하여 이월결손금의 보전과 자본전입에만 사용될 수있습니다.\n② 임의적립금당사는 조세특례제한법의 규정에 따라 법인세 신고시 손금으로 신고조정하는 금액을그 종류에 따라 연구및인력개발준비금 등으로 적립하고 있습니다. 동 적립금 중 각각의 용도에 사용한 금액과 사용 후 잔액은 임의적립금으로 이입하여 배당에 사용할 수있습니다.\n22. 영업수익(1) 수익원천당사의 주요 수익은 자회사관리용역수익, 브랜드수익 및 배당금수익입니다.\n(단위: 천원)\n구 \xa0 \xa0분\n제 56(당) 기 1분기\n제 55(전) 기 1분기\n고객과의 계약에서 생기는 수익\xa0\n3,379,809\n3,307,962\n배당금수익\n4,738,500\n4,738,500\n합 \xa0 \xa0계\n8,118,309\n8,046,462\n(2) 수익의 구분매출 금액을 수익인식 시기에 따라 구분한 내역은 다음과 같습니다.\n(단위: 천원)\n구 \xa0 \xa0분\n제 56(당) 기 1분기\n제 55(전) 기 1분기\n기간에 걸쳐 이행:\n\xa0 \xa0자회사관리용역수익\n2,937,592\n2,875,837\n\xa0 \xa0브랜드수익\n442,217\n432,125\n소 \xa0 \xa0계\n3,379,809\n3,307,962\n이외 수익:\n\xa0 \xa0배당금수익\n4,738,500\n4,738,500\n합 \xa0 \xa0계\n8,118,309\n8,046,462\n(3) 계약잔액당분기말과 전기말 현재\xa0고객과의 계약에서 생기는 수취채권은 다음과 같습니다.\n(단위: 천원)\n구 분\n제 56(당) 기 1분기\n제 55(전) 기\xa0\n매출채권및기타채권에 포함되어 있는 수취채권\n1,256,659\n1,114,260\n(4) 수행의무와 수익인식 정책수익은 고객과의 계약에서 약속된 대가를 기초로 측정됩니다. 당사는 고객에게 재화나 용역에 대한 통제가 이전될 때 수익을 인식합니다. 고객과의 계약에서의 수행의무의 특성과 이행시기, 유의적인 지급조건과 관련 수익인식 정책은 다음과 같습니다.\n수익 구분\n재화나 용역의 특성, 수행의무 이행시기,유의적인 지급조건\n회계정책\n자회사관리용역수익 및 브랜드수익\n기업이 약속한 용역을 수행하는 대로 고객이 용역수행에서 제공하는 효익을 동시에 얻고 소비할 \xa0때, 고객에게 약속한 용역에 대한 수행의무를 이행하는 기간에 걸쳐 수익을 인식합니다.\n고객에게 별도로 구분되는 용역을 제공하고 있으며, 고객에게 약속한 용역에 대한 수행의무를 이행하는 기간에 걸쳐 수익을 인식합니다.\n(5) 주요 고객에 대한 정보당분기와 전분기 중 당사 매출액의 10% 이상을 차지하는 주요 고객들로부터의 매출액은 다음과 같습니다.\n(단위: 천원)\n구 \xa0 \xa0분\n제 56(당) 기 1분기\n제 55(전) 기 1분기\n(주)크라운제과\n4,009,995\n3,982,262\n해태제과식품(주)\n4,106,588\n4,062,596\n합 \xa0 \xa0계\n8,116,583\n8,044,858\n(6) 지역별 매출액당분기와 전분기 중 외부고객이 소재하는 지역별 매출액은 다음과 같습니다.\n(단위: 천원)\n구 \xa0 \xa0분\n제 56(당) 기 1분기\n제 55(전) 기 1분기\n국내\n8,118,309\n8,046,462\n23.\xa0영업비용(1) 당분기와 전분기의 성격별 비용 분류 내역은 다음과 같습니다.\n(단위: 천원)\n과 \xa0 \xa0목\n제 56(당) 기 1분기\n제 55(전) 기 1분기\n종업원급여\n2,181,191\n2,194,618\n감가상각비 및 무형자산상각비\n202,091\n220,882\n지급임차료\n352\n283\n광고선전비\n660,786\n715,995\n기타비용\n308,771\n197,668\n합 \xa0 \xa0계\n3,353,191\n3,329,446\n(2)\xa0당분기와 전분기의 영업비용의 내역은 다음과 같습니다.\n(단위: 천원)\n과 \xa0 \xa0목\n제 56(당) 기 1분기\n제 55(전) 기 1분기\n급여\n1,526,400\n1,556,556\n퇴직급여\n235,555\n241,892\n복리후생비\n419,236\n396,170\n여비교통비\n32,402\n22,924\n통신비\n40,562\n12,605\n지급임차료\n352\n283\n세금과공과\n7,091\n8,015\n감가상각비\n36,351\n45,804\n무형자산상각비\n9,078\n8,785\n사용권자산상각비\n\xa0 \xa0 \xa0 \xa0 \xa0 \xa0 \xa0 \xa0 \xa0 \xa0 \xa0 \xa0156,662\n166,293\n보험료\n6,554\n6,670\n광고선전비\n660,786\n715,995\n차량유지비\n18,974\n20,041\n운반비\n1,037\n637\n제수수료\n166,521\n103,937\n교육훈련비\n16,347\n300\n기타\n19,283\n22,539\n합 \xa0 \xa0계\n3,353,191\n3,329,446\n24. 기타영업외수익과 기타영업외비용\n(1)\xa0당분기와 전분기의 기타영업외수익의 내역은 다음과 같습니다.\n(단위: 천원)\n과 \xa0 \xa0목\n제 56(당) 기 1분기\n제 55(전) 기 1분기\n리스종료이익\n-\n62,434\n잡이익\n1,106\n891\n합 \xa0 \xa0계\n1,106\n63,325\n(2)\xa0당분기와 전분기의 기타영업외비용의 내역은 다음과 같습니다.\n(단위: 천원)\n과 \xa0 \xa0목\n제 56(당) 기 1분기\n제 55(전) 기 1분기\n기부금\n56,120\n61,500\n합 \xa0 \xa0계\n56,120\n61,500\n25. 금융수익과 금융비용(1) 당분기와 전분기의 금융수익의 내역은 다음과 같습니다.\n(단위: 천원)\n과 \xa0 \xa0목\n제 56(당) 기 1분기\n제 55(전) 기 1분기\n유효이자율법으로 측정하는 금융수익\n40\n25\n기타금융수익-배당금수익\n41\n32\n합 \xa0 \xa0계\n81\n57\n(2) 당분기와 전분기의 금융비용의 내역은 다음과 같습니다.\n(단위: 천원)\n과 \xa0 \xa0목\n제 56(당) 기 1분기\n제 55(전) 기 1분기\n이자비용\n294,542\n260,752\n(3) 당분기와 전분기의 금융상품 범주별 순손익의 내역은 다음과 같습니다.\n(단위: 천원)\n과 \xa0 \xa0목\n제 56(당) 기 1분기\n제 55(전) 기 1분기\n유효이자율법으로 측정하는 금융수익:\n\xa0 상각후원가로 측정하는 금융자산\n40\n25\n기타금융수익:\n\xa0 기타포괄손익-공정가치측정금융자산\n41\n32\n소 \xa0 \xa0계\n81\n57\n금융비용:\n\xa0 상각후원가로 측정하는 금융부채\n(294,542)\n(260,752)\n기타포괄손익:\xa0\n\xa0 기타포괄손익-공정가치측정금융자산 \xa0(법인세효과반영전)\n(13,886)\n70\n소 \xa0 \xa0계\n(308,428)\n(260,682)\n합 \xa0 \xa0계\n(308,347)\n(260,625)\n26. 법인세법인세비용은 당기법인세비용에서 과거기간 당기법인세에 대하여 당분기에 인식한 조정사항, 일시적차이의 발생과 소멸로 인한 이연법인세비용(수익) 및 당기손익 이외로 인식되는 항목과 관련된 법인세비용(수익)을 조정하여 산출하였습니다. 당분기 유효세율은 법인세수익 등이 발생하였으므로 유효세율을 계산하지 않았습니다. 한편, 전분기 법인세비용의 평균 유효세율은 2.16%입니다\n27. 주당이익\n(1) 당분기와 전분기의 기본주당이익의 내역은 다음과 같습니다.\n(단위: 원)\n내 \xa0 \xa0역\n제 56(당) 기 1분기\n제 55(전) 기 1분기\n보통주 기본주당이익\n334\n292\n우선주 기본주당이익\n334\n292\n(2) 당분기와 전분기의 보통주 기본주당이익의 계산내역은 다음과 같습니다.\n(단위: 주, 원)\n내 \xa0 \xa0역\n제 56(당) 기 1분기\n제 55(전) 기 1분기\n분기순이익\n4,999,177,720\n4,361,808,118\n차감: 우선주 배당금 및 귀속잔여이익\n(190,770,864)\n(166,448,554)\n보통주이익\n4,808,406,856\n4,195,359,564\n가중평균유통보통주식수(*)\n14,382,735\n14,382,735\n보통주 기본주당이익\n334\n292\n(*) 당분기와 전분기의 가중평균유통보통주식수의 산출내역은 다음과 같습니다.\xa0\n(단위: 주)\n내 \xa0 \xa0역\n제 56(당) 기 1분기\n제 55(전) 기 1분기\n발행보통주식수\n14,847,347\n14,847,347\n평균자기주식수\n(464,612)\n(464,612)\n보통주 가중평균유통보통주식수\n14,382,735\n14,382,735\n(3) 당분기와 전분기의 우선주 기본주당이익의 계산내역은 다음과 같습니다.\n(단위: 주, 원)\n내 \xa0 \xa0역\n제 56(당) 기 1분기\n제 55(전) 기 1분기\n우선주 배당금 및 귀속잔여이익\n190,770,864\n166,448,554\n가중평균유통우선주식수(*)\n570,627\n570,627\n우선주 기본주당이익\n334\n292\n(*) 당분기와 전분기의 가중평균유통우선주식수의 산출내역은 다음과 같습니다.\xa0\n(단위: 주)\n내 \xa0 \xa0역\n제 56(당) 기 1분기\n제 55(전) 기 1분기\n발행우선주식수\n600,726\n600,726\n평균자기주식수\n(30,099)\n(30,099)\n우선주 가중평균유통우선주식수\n570,627\n570,627\n28. 특수관계자(1) 당분기말 현재 당사와 지배ㆍ종속관계에 있는 특수관계자의 내역은 다음과 같습니다.\n특수관계\n특수관계자명\n최대주주\n(주)두라푸드\n종속기업\n(주)크라운제과, 해태제과식품(주), (주)아트밸리, (주)씨에이치테크, (주)영그린,(주)빨라쪼, (주)코디서비스코리아, PALAZZO DEL FREDDO GIOVANNI FASSI S.R.L., 훼미리식품(주)\n기타\n해태가루비(주), 글리코해태(주)\n(2)\xa0당분기와 전분기 중 특수관계자와의 거래내역은 다음과 같습니다.\n① 제 56(당) 1분기- 수익\n(단위: 천원)\n특수관계 구분\n특수관계자명\n매출\n기타\n종속기업\n(주)크라운제과\n4,009,995\n-\n해태제과식품(주)\n4,106,588\n-\n(주)아트밸리\n1,726\n750\n(주)코디서비스코리아\n-\n3,258\n합 \xa0 \xa0계\n8,118,309\n4,008\n(*)당사는 자회사외 발생 비용에 대하여 정산을 수행하고 있으며, 해당 거래 금액에는 정산에 따른 비용 차감금액이 포함되어 있습니다.\n- 비용\n(단위: 천원)\n특수관계 구분\n특수관계자명\n광고선전비\n기타\n최대주주\n(주)두라푸드(*)\n-\n566,134\n\xa0 \xa0 종속기업\n(주)크라운제과\n347\n1,049\n해태제과식품(주)\n998\n199,947\n(주)아트밸리\n562,435\n-\n합 \xa0 \xa0계\n563,780\n767,130\n(*)기타는 배당금이 포함된 금액 입니다. \n② 제 55(전) 기 1분기\n- 수익\n(단위: 천원)\n특수관계 구분\n특수관계자명\n매출\n기타\n종속기업\n(주)크라운제과\n3,982,262\n-\n해태제과식품(주)\n4,062,597\n-\n(주)아트밸리\n1,603\n750\n(주)코디서비스코리아\n-\n3,258\n합 \xa0 \xa0계\n8,046,462\n4,008\n(*)당사는 자회사외 발생 비용에 대하여 정산을 수행하고 있으며, 해당 거래 금액에는 정산에 따른 비용 차감금액이 포함되어 있습니다.\n- 비용\n(단위: 천원)\n특수관계 구분\n특수관계자명\n광고선전비\n기타\n최대주주\n(주)두라푸드(*)\n-\n566,134\n종속기업\n(주)크라운제과\n-\n1,043\n해태제과식품(주)\n882\n184,073\n(주)아트밸리\n429,422\n-\n합 \xa0 \xa0계\n430,304\n751,250\n(*)기타는 배당금이 포함된 금액 입니다.\xa0\n(3) 당분기말과 전기말 현재 특수관계자에 대한 채권ㆍ채무내역은 다음과 같습니다.\n①\xa0제 56(당) 기\xa01분기\n(단위: 천원)\n특수관계 구분\n특수관계자명\n채권\n채무\n매출채권\n기타\n기타채무(*)\n최대주주\n두라푸드\n-\n-\n566,134\n종속기업\n(주)크라운제과\n1,036,546\n1,257,082\n230\n해태제과식품(주)\n219,435\n3,696,249\n504,933\n(주)아트밸리\n678\n291,715\n241,332\n(주)코디서비스코리아\n-\n1,195\n-\n합 \xa0 \xa0계\n1,256,659\n5,246,241\n1,312,629\n(*)기타채무는 리스부채와 미지급배당금이 포함된 금액입니다.②\xa0제 55(전) 기\n(단위: 천원)\n특수관계 구분\n특수관계자명\n채권\n채무\n매출채권\n기타\n기타채무(*)\n종속기업\n(주)크라운제과\n\xa0 \xa0 \xa0 \xa0 \xa0 \xa0 \xa0 \xa0 \xa0 \xa0 845,644\n\xa0 \xa0 \xa0 \xa0 \xa0 \xa0 \xa0 \xa0 \xa0 \xa010,872\n56,300\n해태제과식품(주)\n\xa0 \xa0 \xa0 \xa0 \xa0 \xa0 \xa0 \xa0 \xa0 \xa0 268,086\n\xa0 \xa0 \xa0 \xa0 \xa0 \xa0 \xa0 \xa0 \xa0 348,203\n670,868\n(주)아트밸리\n\xa0 \xa0 \xa0 \xa0 \xa0 \xa0 \xa0 \xa0 \xa0 \xa0 \xa0 \xa0 \xa0 530\n\xa0 \xa0 \xa0 \xa0 \xa0 \xa0 \xa0 \xa0 \xa0 \xa0 \xa0 \xa0275\n321,505\n(주)코디서비스코리아\n\u3000-\n\xa0 \xa0 \xa0 \xa0 \xa0 \xa0 \xa0 \xa0 \xa0 \xa0 \xa01,195\n\u3000-\n합 \xa0 \xa0계\n\xa0 \xa0 \xa0 \xa0 \xa0 \xa0 \xa0 \xa0 \xa0 1,114,260\n\xa0 \xa0 \xa0 \xa0 \xa0 \xa0 \xa0 \xa0 \xa0 360,545\n1,048,673\n(*)기타채무는 리스부채가 포함된 금액입니다.\n(4) 당분기와 전분기의 주요 경영진에 대한 보상내역은 다음과 같습니다.\xa0\n(단위: 천원)\n내 \xa0 \xa0역\n제 56(당) 기 1분기\n제 55(전) 기 1분기\n단기급여\n685,855\n688,297\n퇴직급여\n124,111\n126,813\n합 \xa0 계\n809,966\n815,110\n당사의 주요 경영진에는 당사의 기업활동의 계획ㆍ운영ㆍ통제에 대한 중요한 권한과책임을 가지고 있는 이사ㆍ감사 및 사외이사를 포함하였습니다.(5) 당분기말 현재 당사가 특수관계자를\xa0위하여 제공하고 있는 담보 및 지급보증과 특수관계자로부터 제공받고 있는 담보 및 지급보증은 없습니다.\n29. 위험관리\n당사는 금융상품과 관련하여 신용위험, 유동성위험 및 시장위험에 노출되어 있습니다. 당사의 위험관리 정책은 당사의 재무적 성과에 영향을 미치는 잠재적 위험을 식별하여 당사가 허용가능한 수준으로 감소, 제거 및 회피하는 것을 그 목적으로 하고 있습니다. 당사의 위험관리 체계를 구축하고 감독할 책임은 이사회에 있으며, 당사의이사회는 위험에 대한 당사의 노출정도와 발생형태를 분석하고, 위험관리정책 및 절차를 수립하며, 위험관리의 효과성에 대한 사후평가를 수행하고 있습니다. 당사의 위험관리 정책 및 절차는 시장상황 및 사업활동의 변동을 반영하기 위하여 정기적으로 검토되고 있으며, 당분기의 위험관리는 전기 대비 중요한 변동이 없습니다.\n(1) 신용위험당사는 고객이나 거래상대방이 금융상품에 대한 계약상의 의무를 이행하지 않아 재무적 손실을 입을 신용위험에 노출되어 있습니다. 신용위험관리를 위하여 당사는 거래상대방의 신용위험을 평가하여 신용거래한도를 결정하고 있으며, 담보수취 및 지급보증 등의 신용보강 정책을 운영하고 있습니다.당분기말과 전기말 현재 당사의 신용위험에 대한 최대 노출정도는 다음과 같습니다.\n(단위: 천원)\n과 \xa0 \xa0목\n제 56(당) 기 1분기\n제 55(전) 기\n현금및현금성자산\n\xa0 \xa0 \xa0 \xa0 \xa0 \xa0 \xa0 \xa0 \xa0 \xa0 \xa0 \xa0 \xa0 \xa033,147\n\xa0 \xa0 \xa0 \xa0 \xa0 \xa0 \xa0 \xa0 \xa0 \xa0 \xa0 \xa0 40,222\n매출채권\n\xa0 \xa0 \xa0 \xa0 \xa0 \xa0 \xa0 \xa0 \xa0 \xa0 \xa0 \xa01,256,659\n\xa0 \xa0 \xa0 \xa0 \xa0 \xa0 \xa0 \xa0 \xa0 \xa0 1,114,260\n미수금\n\xa0 \xa0 \xa0 \xa0 \xa0 \xa0 \xa0 \xa0 \xa0 \xa0 \xa0 \xa0 \xa0476,533\n\xa0 \xa0 \xa0 \xa0 \xa0 \xa0 \xa0 \xa0 \xa0 \xa0 \xa0 \xa0304,096\n미수수익\n\xa0 \xa0 \xa0 \xa0 \xa0 \xa0 \xa0 \xa0 \xa0 \xa0 \xa0 \xa04,738,541\n\u3000-\n합 \xa0 \xa0 계\n\xa0 \xa0 \xa0 \xa0 \xa0 \xa0 \xa0 \xa0 \xa0 \xa0 \xa0 \xa06,504,880\n\xa0 \xa0 \xa0 \xa0 \xa0 \xa0 \xa0 \xa0 \xa0 \xa0 1,458,578\n당분기말과 전기말 현재 당사의 매출채권및기타채권의 발생일 기준 연령분석은 다음과같습니다.\n(단위: 천원)\n내 \xa0 \xa0역\n제 56(당) 기 1분기\n제 55(전) 기\n미손상금액:\n3개월 이하\n\xa0 \xa0 \xa0 \xa0 \xa0 \xa0 \xa0 \xa0 \xa0 \xa0 \xa0 \xa06,471,733\n\xa0 \xa0 \xa0 \xa0 \xa0 \xa0 \xa0 \xa0 \xa0 \xa0 1,418,356\n3개월 초과 6개월 이하\n-\n-\n6개월 초과 1년 이하\n-\n-\n1년 초과\n-\n-\n합 \xa0 \xa0계\n\xa0 \xa0 \xa0 \xa0 \xa0 \xa0 \xa0 \xa0 \xa0 \xa0 \xa0 \xa06,471,733\n\xa0 \xa0 \xa0 \xa0 \xa0 \xa0 \xa0 \xa0 \xa0 \xa0 1,418,356\n당분기말 현재 당사의 매출채권에 대한 기대신용손실과 신용위험 익스포저에 대한 정보는 다음과 같습니다.\n(단위: 천원)\n구 \xa0 \xa0분\n가중평균채무불이행\n신용손상여부\n장부금액\n손실충당금\n미손상채권:\n3개월 이하\n0%\nNO\n1,256,659\n-\n합 \xa0 \xa0계\n1,256,659\n-\n당사의 매출채권은\xa0전액 특수관계자에 대한 매출채권으로 구성되어 있으며, 매출채권은 발생월로부터 익월에 회수가 되고 있으므로 가중평균채무불이행률은0% 입니다.한편, 당사는 기업회계기준서 제1109호에 명시되어 있는 기대신용손실 측정원칙과 일관된다고 판단하여 기대신용손실 측정 시 충당금 설정율표를 사용하는 실무적 간편법을 사용하고 있습니다. 충당률의 설정은 연체가 발생하지 않은 매출채권을 포함한\xa0모든 매출채권의 잔액에 적용하고 있습니다.당분기말 현재, 매출채권에 대한 손상차손누계액은 없습니다.\n(2) 유동성위험당사는 금융부채와 관련된 약정을 이행하지 못할 유동성 위험에 노출되어 있습니다. 유동성위험관리를 위하여 당사는 영업, 투자 및 재무 관련 장단기 현금흐름을 예측하고 이에 따른 대응방안을 수립하고 있습니다. 예측하지 못한\xa0유동성 위험과 관련하여당사는 적정 규모의 현금및현금성자산을 보유하고 있으며,\xa0(주)우리은행 등과 차입약정 한도를 유지하고 있습니다.\n당분기말과 전기말 현재 금융부채의 잔존계약 만기분석은 다음과 같습니다.\n① 제 56(당) 기 1분기\n(단위: 천원)\n과 \xa0 \xa0목\n장부금액\n계약상현금흐름\n잔존계약 만기\n3개월 이하\n4개월~1년\n1년 초과\n기타채무\n945,305\n945,305\n674,008\n271,297\n-\n차입금\n45,600,000\n46,223,598\n4,204,177\n42,019,421\n-\n리스부채\n502,113\n508,038\n169,346\n338,692\n-\n합 \xa0 \xa0계\n47,047,418\n47,676,941\n5,047,531\n42,629,410\n-\n② 제 55(전) 기\n(단위: 천원)\n과 \xa0 \xa0목\n장부금액\n계약상현금흐름\n잔존계약 만기\n3개월 이하\n4개월~1년\n1년 초과\n기타채무\n1,047,765\n1,047,765\n786,299\n261,466\n-\n차입금\n45,600,000\n46,369,348\n255,035\n46,114,313\n-\n리스부채\n667,138\n677,385\n169,346\n508,039\n-\n합 \xa0 \xa0계\n47,314,903\n48,094,498\n1,210,680\n46,883,818\n-\n(*) 계약상 현금흐름은 피보증인의 청구에 의하여 지급하여야 할 최대 금액이며, 이는 부채로 인식한 금액보다 유의적으로 클 수 있습니다.\n(3) 시장위험① 환위험당사는 외화자금의 대여 및 차입 거래 등과 관련하여 환율변동위험에 노출되어 있습니다. 환위험 관리를 위하여 당사는 외화자산 및 부채의 결제주기를 대응시키고 있으며, 각 외화별 환율변동 추세에 대한 분석 및 예측을 통하여 환율 변동으로 인한 불확실성과 손익 변동을 최소화하고 있습니다.\n당분기말과 전기말 현재 기능통화 이외의 외화로 표시된 화폐성 자산 및 부채의 장부금액은 없습니다.\n② 이자율 위험당사는 차입금의 차입 등과 관련하여 이자율 위험에 노출되어 있습니다. 이자율 위험관리를 위하여 당사는 고정이자율과 변동이자율 차입금의 적정 균형을 유지하고 있으며, 장기적으로 이자발생 차입부채의 규모를 감소시키고 있습니다. 또한 당사는 국내외 이자율 변동 추세에 대한 분석 및 예측을 통하여 시장이자율 변동으로 인한 금융부채의 공정가치나 미래현금흐름 변동위험을 최소화하고 있습니다.\n당분기말과 전기말 현재 이자발생 금융부채의 내역은 다음과 같습니다.\xa0\n(단위: 천원)\n과 \xa0 \xa0목\n제 56(당) 기 1분기\n제 55(전) 기\n변동이자율:\n\xa0 단기차입금\n45,600,000\n45,600,000\n고정이자율:\n\xa0 리스부채(유동성 포함)\n502,113\n667,138\n합 \xa0 \xa0계\n46,102,113\n46,267,138\n당분기말과 전기말 현재 다른 모든 변수가 일정하고 각 변동이자율부 금융부채의 이자율이 1% 변동시 이자율변동이 당분기와 전기의 법인세비용차감전순이익에 미치는 영향은 다음과 같습니다.\xa0\n(단위: 천원)\n변동이자율부 금융부채\n제 56(당) 기 1분기\n제 55(전) 기\n100 bp상승시\n100 bp하락시\n100 bp상승시\n100 bp하락시\n단기차입금\n(456,000)\n456,000\n(456,000)\n456,000\n(4) 자본위험당사의 자본위험관리는 건전한 자본구조의 유지를 통한 주주이익 극대화를 목적으로하고 있습니다. 당사는 시장상황 및 사업활동의 변동을 반영하여 부채비율의 적정성을 주기적으로 검토하고 필요한 경우 재무구조를 개선하여 최적 자본구조를 유지하고 있습니다. 당분기말과 전기말 현재 당사가 자본으로 관리하고 있는 항목의 내역은 다음과 같습니다.\n(단위: 천원)\n과 \xa0 \xa0목\n제 56(당) 기 1분기\n제 55(전) 기\n차입금 총계(A)\n46,102,113\n46,267,138\n현금및현금성자산 (B)\n53,147\n60,222\n순차입금 (C=A-B)\n46,048,966\n46,206,916\n자본 총계 (D)\n302,450,238\n298,974,521\n순차입금비율 (E=C/D)\n15.2%\n15.5%\n(5) \xa0범주별 금융상품① 당분기말 현재 범주별 금융상품의 장부금액은 다음과 같습니다.\n(단위: 천원)\n구 \xa0 \xa0분\n기타포괄손익-공정가치측정지분상품\n상각후원가(*2)\n합계\n공정가치로 측정되는 금융자산:\n\xa0 \xa0 \xa0기타포괄손익-공정가치측정금융자산\n969,753\n-\n969,753\n공정가치로 측정되지 않는 금융자산:\n\xa0 \xa0 \xa0현금및현금성자산\n-\n53,147\n53,147\n\xa0 \xa0 \xa0매출채권및기타채권\n-\n6,471,733\n6,471,733\n\xa0 \xa0 \xa0기타포괄손익-공정가치측정금융자산(*1)\n200,222\n-\n200,222\n소 \xa0 \xa0계\n200,222\n6,524,880\n6,725,102\n합 \xa0 \xa0계\n1,169,975\n6,524,880\n7,694,855\n공정가치로 측정되지 않는 금융부채:\n\xa0 \xa0 \xa0기타채무\n-\n945,305\n945,305\n\xa0 \xa0 \xa0차입금\n-\n45,600,000\n45,600,000\n\xa0 \xa0 \xa0리스부채\n-\n502,113\n502,113\n합 \xa0 \xa0계\n-\n47,047,418\n47,047,418\n(*1) 기타포괄손익-공정가치측정금융자산 중 시장성없는 지분증권의 일부는 활성시장에서 공시되는 시장가격이 없고 공정가치를 신뢰성 있게 측정할 수 없거나, 공정가치와 취득원가와의 차이가 중요하지 아니한 경우, 취득원가를 장부금액으로 계상하였습니다.(*2) 상각후원가로 측정하는 금융자산과 금융부채는 장부금액이 공정가치의 합리적인 근사치이거나 활성시장에서 공시되는 시장가격이 없어 공정가치를 신뢰성있게 측정할 수 없으므로, 공정가치 측정을 수행하지 아니하였습니다.\n② 전기말 현재 범주별 금융상품의 장부금액은 다음과 같습니다.\n(단위: 천원)\n구 \xa0 \xa0분\n기타포괄손익-공정가치측정지분상품\n상각후원가(*2)\n합계\n공정가치로 측정되는 금융자산:\n\xa0 \xa0 \xa0기타포괄손익-공정가치측정금융자산\n\xa0 \xa0 \xa0 \xa0 \xa0 \xa0 \xa0 \xa0 \xa0 \xa0 969,813\n-\n\xa0 \xa0 969,813\n공정가치로 측정되지 않는 금융자산:\n\xa0 \xa0 \xa0현금및현금성자산\n-\n60,222\n60,222\n\xa0 \xa0 \xa0매출채권및기타채권\n-\n1,418,356\n1,418,356\n\xa0 \xa0 \xa0기타포괄손익-공정가치측정금융자산(*1)\n225,858\n\u3000-\n225,858\n소 \xa0 \xa0계\n\xa0 \xa0 \xa0 \xa0 \xa0 \xa0 \xa0 \xa0 \xa0 \xa0225,858\n\xa0 \xa0 \xa0 \xa0 \xa0 \xa0 \xa0 \xa0 1,478,578\n\xa0 \xa0 \xa0 \xa0 \xa0 \xa0 \xa01,704,436\n합 \xa0 \xa0계\n\xa0 \xa0 \xa0 \xa0 \xa0 \xa0 \xa0 \xa0 1,195,671\n\xa0 \xa0 \xa0 \xa0 \xa0 \xa0 \xa0 \xa0 1,478,578\n\xa0 \xa0 \xa0 \xa0 \xa0 \xa0 \xa02,674,249\n공정가치로 측정되지 않는 금융부채:\n\xa0 \xa0 \xa0기타채무\n-\n1,047,765\n1,047,765\n\xa0 \xa0 \xa0차입금\n-\n45,600,000\n45,600,000\n\xa0 \xa0 \xa0리스부채(유동성 포함)\n-\n667,138\n667,138\n합 \xa0 \xa0계\n-\n47,314,903\n47,314,903\n(*1) 기타포괄손익-공정가치측정금융자산 중 시장성없는 지분증권의 일부는 활성시장에서 공시되는 시장가격이 없고 공정가치를 신뢰성 있게 측정할 수 없거나, 공정가치와 취득원가와의 차이가 중요하지 아니한 경우, 취득원가를 장부금액으로 계상하였습니다.(*2) 상각후원가로 측정하는 금융자산과 금융부채는 장부금액이 공정가치의 합리적인 근사치이거나 활성시장에서 공시되는 시장가격이 없어 공정가치를 신뢰성있게 측정할 수 없으므로, 공정가치 측정을 수행하지 아니하였습니다.\n(6) 공정가치\n① 당분기말과 전기말 현재 공정가치로 측정하는 금융상품의 범주별 장부금액과 공정가치는 다음과 같습니다.\n(단위: 천원)\n내 \xa0 \xa0역\n제 56(당) 기 1분기\n제 55(전) 기\n장부금액\n공정가치\n장부금액\n공정가치\n금융자산:\n\xa0기타포괄손익-공정가치측정금융자산(*)\n969,753\n969,753\n969,813\n969,813\n(*) 기타포괄손익-공정가치측정금융자산의 공정가치는 시장성 있는 지분증권과 시장성 없는 지분증권이 포함되어 있습니다.\n② 공정가치 서열체계\n당사는 공정가치로 측정되는 금융상품에 대하여 공정가치 측정에 사용된 투입변수에따라 공정가치 측정치를 다음과 같은 서열체계로 분류하고 있습니다.\n구 \xa0 \xa0분\n투입변수\n수준 1\n동일한 자산이나 부채에 대한 활성시장의 공시가격\n수준 2\n직접적으로 또는 간접적으로 관측가능한, 자산이나 부채에 대한 투입변수\n수준 3\n관측가능한 시장자료에 기초하지 않은, 자산이나 부채에 대한 투입변수\n당분기말과 전기말 현재 공정가치로 측정된 금융상품의 각 종류별 공정가치 수준은 다음과 같습니다.\nⅰ)\xa0제 56(당) 기 1분기\n(단위: 천원)\n구 \xa0 \xa0분\n수준1\n수준2\n수준3\n합 \xa0 \xa0계\n기타포괄손익-공정가치측정금융자산\n1,753\n-\n968,000\n969,753\nⅱ)\xa0제 55(전) 기\n(단위: 천원)\n구 \xa0 \xa0분\n수준1\n수준2\n수준3\n합 \xa0 \xa0계\n기타포괄손익-공정가치측정금융자산\n1,813\n-\n968,000\n969,813\n③\xa0당분기와 전기 중 공정가치 서열체계 수준3으로 분류되는 금융자산의 공정가치 변동내역은 다음과 같습니다.\n(단위: 천원)\n구분\n제 56(당) 기 1분기\n제 55(전) 기\n기초\n968,000\n780,000\n금융자산평가손익\n-\n188,000\n기말\n968,000\n968,000\n30. 비현금거래(1) 당분기와 전분기의 현금흐름표에 포함되지 않는 중요한 비현금 투자활동거래는 다음과 같습니다.\n(단위: 천원)\n구분\n제 56(당) 기 1분기\n제 55(전) 기 1분기\n유형자산과 미지급금의 증가(감소)\n16,950\n(3,381)\n미지급배당금의 증가\n\xa0 \xa0 \xa0 \xa0 \xa0 \xa0 \xa0 \xa0 \xa0 \xa0 \xa0 \xa01,498,189\n\xa0 \xa0 \xa0 \xa0 \xa0 \xa0 \xa0 \xa0 \xa0 \xa0 1,498,189\n(2) 당분기와 전기 중 재무활동에서 생기는 부채의 조정내용은 다음과 같습니다. ①\xa0제 56(당) 기 1분기\n(단위: 천원)\n구 \xa0 \xa0분\n기초금액\n현금흐름\n비현금 변동\n기말금액\n부채감소\n부채인식\n상각 등\n단기차입금\n45,600,000\n-\n-\n-\n-\n45,600,000\n리스부채(유동성포함)(*)\n667,138\n(169,346)\n-\n-\n4,321\n502,113\n합 \xa0 \xa0 계\n46,267,138\n(169,346)\n-\n-\n4,321\n46,102,113\n②\xa0제 55(전) 기\n(단위: 천원)\n구 \xa0 \xa0분\n기초금액\n현금흐름\n비현금 변동\n기말금액\n부채인식\n상각 등\n단기차입금\n47,940,000\n(2,340,000)\n-\n-\n45,600,000\n리스부채\n1,129,592\n(677,386)\n186,142\n28,790\n667,138\n합 \xa0 \xa0 계\n49,069,592\n(3,017,386)\n186,142\n28,790\n46,267,138\n']"
