text
"['\n3. 연결재무제표 주석\n주석\n제 44(당)기 2019년 01월 01일부터 2019년 12월 31일까지\n제 43(전)기 2018년 01월 01일부터 2018년 12월 31일까지\n진원생명과학주식회사와 그 종속기업\n1. 일반사항(1) 지배기업한국채택국제회계기준 제 1110호 ""연결재무제표""에 의한 지배회사인 진원생명과학주식회사(이하 ""당사"")는 1976년에 설립되어 1987년 11월에 한국거래소에 주식을 상장하였습니다. 연결재무제표는 당사와 당사의 종속기업(이하 통칭하여 ""연결실체"") 대한 지분으로 구성되어 있으며, 제약사업과 패브릭사업을 영위하고 있습니다.제약사업부분은 바이오의약품 CMO사업과 신약 개발사업으로 구분합니다.\xa0바이오의약품 CMO사업은 임상시험에 필요한 유전자치료제 및 DNA백신의 원료인 국제규격(cGMP) 플라스미드(Plasmid) DNA 제품을 2008년 6월, 미국에 설립한 현지법인인 VGXI,Inc.,에서 생산하여 판매하고 있습니다.\r\n신약 개발사업은 핵산 기반 바이오 신약과 항염증 치료 신약으로 나눌 수 있습니다. 핵산기반 바이오 신약은 DNA 기반 의약품과 RNA 기반 의약품으로 나눌 수 있으며, 치료 목적에 따라 핵산 백신, 핵산기반 단백질의약품, 핵산기반 단클론항체 의약품으로 구성되어 있습니다. 항염증 치료 신약은 천연물유래 성분 의약품과 화학합성의약품으로 나눌 수 있습니다. 당사는 핵산기반 바이오 신약의 개발을 위하여 국내외 기업 및 전문연구기관과 적극적이고 지속적인 협력연구를 진행 중에 있습니다. 지카 DNA 백신의 개발을 위해 이노비오(Inovio), 미국 위스타(Wistar) 백신연구소, 캐나다 라발(Laval) 대학교와 협력하고, 메르스 DNA 백신의 개발을 위해 이노비오(Inovio), 미국 국방부 월터리드 미육군연구소(WRAIR), 국제백신연구소(IVI), 서울대병원, 분당서울대병원과 협력하고, C형간염 예방 및 치료 DNA 백신 개발을 위해 세브란스병원, 부산대병원, 한국과학기술원과 협력하고 있으며, 대상포진 DNA 백신과 중증열성 혈소판 감소 증후군 DNA 백신 개발을 위해 한국과학기술원과 협력하고, DNA 기반 단백질의약품 및 단클론 항체의약품 개발을 위해 강원대학교, 건국대 의학전문대학원과 협력하고 있으며, RNA 기반 의약품의 개발을 위해 미국 휴스턴 매소디스트 병원연구소(Houston Methodist Research Institute)와 협력하고 있습니다. 또한, 항염증 치료 신약의 개발을 위하여, 국외 전문연구기관과 협력연구를 진행 중에 있습니다. 천연물유래 성분 축농증 치료제의 개발을 위해 미국 펜실베니아 대학과 협력하고, 저분자량 화학합성 성분 당뇨병성 신장질환 치료제 개발을 위해 이탈리아 카타리나 대학과 협력하고 있습니다.\n패브릭사업부문은 의류용 심지제품을 2003년 3월 베트남에 설립한 현지법인인 Dong-Il Interlining, Ltd.에서 제조하여 판매하고 있습니다.한편, 당기말 현재 주요 주주현황은 다음과 같습니다.\n주 주 명\n주 식 수\n지 분 율\nVGX Pharmaceuticals, LLC. (*)\n1,644,155\n7.50%\n기\xa0\xa0 타\n20,282,002\n92.50%\n합\xa0 \xa0\xa0 계\n21,926,157\n100.00%\n(*) Inovio Pharmaceuticals Inc.가\xa0지분 100%를 보유하고 있습니다.(2) 연결대상 종속기업의 개요1) 당기말 현재 연결대상 종속기업의 개요는 다음과 같습니다.\r\n회사명\n주요 영업활동\n소재지\n지분율\nVGXI, Inc.\nCMO 제조 및 생산\n미국\n100%\nDong-Il Interlining, Ltd\n심지 제조 및 생산\n베트남\n100%\n2) 연결대상 종속기업의 당기말과 전기말 현재 요약재무상태표와 동일로 종료되는 회계연도의 요약포괄손익계산서는 다음과 같습니다.\n(단위: 원)\n회\xa0 사\xa0 명\n당기\n전기\nVGXI, Inc.\n자산\n20,538,125,107\n13,177,724,090\n부채\n8,568,928,316\n3,860,542,059\n자본\n11,969,196,791\n9,317,182,031\n매출액\n23,019,547,939\n17,632,371,845\n당기순손익\n2,336,930,632\n2,783,991,645\nDong-Il Interlining, Ltd\n자산\n8,132,797,503\n7,727,073,791\n부채\n5,804,699,246\n5,458,361,130\n자본\n2,328,098,257\n2,268,712,661\n매출액\n12,938,361,901\n11,433,068,551\n당기순손익\n(21,312,351)\n(480,224,120)\n2. 연결재무제표 작성기준 및 중요한 회계정책2.1. 연결재무제표 작성기준당사와 당사의 종속기업(이하 \'연결실체\')의 연결재무제표는 한국채택국제회계기준에 따라 작성되었습니다. 한국채택국제회계기준은 국제회계기준위원회(""IASB"")가 발표한 기준서와 해석서 중 대한민국이 채택한 내용을 의미합니다.한국채택국제회계기준은 재무제표 작성 시 중요한 회계추정의 사용을 허용하고 있으며, 회계정책을 적용함에 있어 경영진의 판단을 요구하고 있습니다. 보다 복잡하고 높은 수준의 판단이 필요한 부분이나 중요한 가정 및 추정이 필요한 부분은 주석 3에서 설명하고 있습니다.(1) 연결실체가 채택한 제ㆍ개정 기준서연결실체는 2019년 1월 1일로 개시하는 회계기간부터 다음의 제ㆍ개정 기준서 및 해석서를 신규로 적용하였습니다.\n1) 기업회계기준서 제1116호 \'리스\' (제정)연결실체는 2019년 1월 1일을 최초적용일로 하여 기업회계기준서 제1116호 \'리스\'를 적용하였습니다. 기준서 제1116호의 경과규정에 따라 비교 표시된 재무제표는 재작성되지 않았으며, 종전 장부금액과 최초적용일의 장부금액의 차이는 2019년 1월 1일에 이익잉여금으로 인식하였습니다. 동 기준서의 주요 내용 및 연결실체의 재무제표에 미치는 영향은 다음과 같습니다.\r\n연결실체는 계약의 약정시점에 계약 자체가 리스인지, 계약이 리스를 포함하는지를 판단하며 최초 적용일에도 이 기준서에 따라 계약이 리스이거나 리스를 포함하고 있는지를 식별합니다. 다만 연결실체는 최초 적용일 이전 계약에 대해서는 최초 적용일에 계약이 리스인지 등에 대해 다시 판단하지 않는 실무적 간편법을 적용하였습니다.\n리스이용자는 기초자산을 사용할 권리를 나타내는 사용권자산과 리스료를 지급할 의무를 나타내는 리스부채를 인식해야 합니다. 다만 연결실체는 단기리스와 소액 기초자산리스에 대하여 리스이용자의 인식, 측정 및 표시규정을 적용하지 않는 예외규정을 선택하였습니다.\n변경된 리스의 정의는 주로 통제모형과 관련되어 있습니다. 동 기준서는 계약에서 대가와 교환하여 식별되는 자산의 사용 통제권을 일정 기간 이전하게 하는지 여부에 기초하여 계약이 리스를 포함하는지를 판단합니다.\xa0\n(가) 리스이용자의 회계처리\n① 제1017호에서 운용리스로 회계처리 되었던 계약\n동 기준서의 적용으로 인해 기업회계기준서 제1017호에서 재무상태표에 계상되지 않았던 운용리스의 회계처리가 변경되며 동 기준서의 최초 적용일에 연결실체는 다음과 같이 회계처리합니다.\n- 최초인식시점에 지급되지 않은 리스료의 현재가치 측정금액을 재무상태표에서 사용권자산과 리스부채로 인식\n- 사용권자산의 감가상각비와 리스부채의 이자비용을 포괄손익계산서에 인식\n② 제1017호에서 금융리스로 회계처리 되었던 계약\n금융리스에서의 자산과 관련하여 동 기준서와 기업회계기준서 제1017호와의 주된 차이는 리스이용자가 리스제공자에게 제공하는 잔존가치보증의 측정에서 발생합니다. 동 기준서에서는 기업회계기준서 제1017호에서 요구되었던 최대보증액이 아니라 잔존가치보증에 따라 지급할 것으로 예상되는 금액을 리스부채의 측정치에 포함하여 인식합니다. 최초 적용일에 연결실체는 유형자산에 포함되어 있는 금융리스자산을 별도 항목인 사용권자산으로 구분하여 표시하였습니다.\n(나) 리스제공자의 회계처리\n리스제공자는 계속적으로 리스를 금융리스 또는 운용리스로 분류하고 두 유형의 리스를 다르게 회계처리합니다. 동 기준서에 따르면 중간리스제공자는 상위리스와 전대리스를 두 개의 별도 계약으로 회계처리하며, 전대리스를 상위리스에서 생기는 리스자산에 따라 금융리스 또는 운용리스로 분류합니다(기업회계기준서 제1017호에서는 기초자산에 따라 분류).2) 기업회계기준서 제1109호 \'금융상품\' (개정)\n동 개정사항은 중도상환특성이 원금과 원금잔액에 대한 이자로만 구성된 계약상 현금흐름의 요건을 충족하는지 평가할 때 옵션을 행사하는 당사자가 조기상환의 원인과 관계없이 합리적인 보상을 지급하거나 수취할 수 있다는 점을 명확히 하고 있습니다. 동 개정사항이 연결실체의 재무제표에 미치는 중요한 영향은 없습니다.\xa0\n3) 기업회계기준서 제1028호 \'관계기업과 공동기업에 대한 투자\' (개정)\n동 개정사항은 장기투자지분에 기업회계기준서 제1109호(손상규정 포함)를 적용하여야 한다는 점을 명확히 합니다. 또한 장기투자지분에 기업회계기준서 제1109호를 적용할 때, 기업회계기준서 제1028호에 따른 장부금액 조정사항(즉 기업회계기준서 제1028호에 따라 피투자기업의 손실을 배분하거나 손상평가함에 따라 발생하는 장기투자지분 장부금액의 조정)은 고려하지 않아야 합니다. 동 개정사항이 연결실체의 재무제표에 미치는 중요한 영향은 없습니다.\n4) 한국채택국제회계기준 2015-2017 연차개선\n① 기업회계기준서 제1012호 법인세\n동 개정사항은 분배가능한 이익을 창출하는 거래를 최초에 어떻게 인식하였는지에 따라 배당의 세효과를 당기손익, 기타포괄손익 또는 자본으로 인식한다는 점을 명확히 하고 있습니다.\n② 기업회계기준서 제1023호 차입원가\n동 개정사항은 관련된 자산이 의도된 용도로 사용되거나 판매가능한 상태에 이른 이후에도 특정 차입금의 잔액이 존재하는 경우, 그 차입금은 일반차입금의 자본화이자율을 계산할 때 일반차입금의 일부가 된다는 점을 명확히 하고 있습니다.\n③ 기업회계기준서 제1103호 사업결합\n동 개정사항은 기업이 공동영업인 사업에 대한 지배력을 보유하게 되었을 때, 공동영업에 대한 이전보유지분을 공정가치로 재측정하는 것을 포함하여 단계적으로 이루어진 사업결합에 대한 요구사항을 적용해야 한다는 점을 명확히 하고 있습니다. 재측정 대상 이전보유지분은 공동영업과 관련하여 인식되지 않은 자산, 부채 및 영업권을 포함해야 합니다.\n④ 기업회계기준서 제1111호 공동약정\n동 개정사항은 사업을 구성하는 공동영업에 참여는 하지만 공동지배력은 보유하고 있지 않던 당사자가 해당 공동영업에 대한 공동지배력을 보유하게 되는 경우 기업이 보유한 공동영업에 대한 이전보유지분을 재측정하지 않는다는 것을 명확히 하고 있습니다.\n상기 개정사항들이 연결실체의 재무제표에 미치는 중요한 영향은 없습니다.\n5) 기업회계기준서 제1019호 \'종업원급여\' (개정)\n동 개정사항은 보고기간 중 제도의 개정, 축소, 청산이 일어났을 때의 회계처리에 대해 명확히 하고 있습니다. 보고기간 중 확정급여제도의 정산, 축소, 청산이 발생한 경우, 사외적립자산의 현재 공정가치와 현재의 보험수리적 가정을 적용하여 제도의 개정, 축소, 청산 전후의 제도와 사외적립자산에서 제공된 급여를 반영하여 순확정급여부채(자산)을 재측정합니다. 제도의 개정, 축소, 청산 후 잔여 연차 보고기간 동안의 당기근무원가와 순이자는 재측정한 순확정급여부채(자산) 금액과 이를 측정하기 위해 사용된 사외적립자산 금액 및 보험수리적 가정을 사용하여 측정합니다.\n개정사항은 제도의 개정, 축소, 청산이 발생하여 과거근무원가와 정산손익을 인식할 때, 자산인식상한효과와의 관계를 명확히 하였습니다. 과거근무원가와 정산손익을 인식할 때 자산인식상한효과는 고려하지 않고 이 금액은 당기손익으로 인식합니다. 과거근무원가와 정산손익 인식 후, 제도의 개정, 축소, 청산 후의 자산인식상한효과를 결정하고 그 변동을 기타포괄손익으로 인식합니다.\n동 개정사항은 동 기준서에 대한 이번 개정사항이 최초로 적용되는 회계연도 및 그 이후에 발생하는 제도의 개정, 축소 및 정산에만 전진적으로 적용됩니다. 동 개정사항이 연결실체의 재무제표에 미치는 중요한 영향은 없습니다.6) 기업회계기준서 제1115호 \'고객과의 계약에서 생기는 수익\' (개정)\n동 개정사항은 \'원가 기준 투입법 적용 계약의 추가 공시\'와 관련하여 문단 한129.1에서 언급하는 \'계약\'의 의미를 \'개별 계약\'으로 개정함으로써 기업회계기준서 제1115호를 적용하더라도 공시범위가 축소되지 않도록 하는 것을 주요 내용으로 하고 있습니다. 또한 기업회계기준서 제1115호는 계약의 유형을 구분하지 않으므로, 종전의수익 기준서인 기업회계기준서 제1011호 문단 한45.1의 적용대상에 해당하지 않았던 용역계약도 기업회계기준서 제1115호 문단 한129.1의 적용대상에 해당할 수 있으며, 이에 따라 종전의 수익 기준서에 비해 문단 한129.1에 따른 공시대상 계약의 범위가 넓어질 수 있음을 명확히 하였습니다. 동 개정사항이 연결실체의 재무제표에 미치는 중요한 영향은 없습니다.\n7) 기업회계기준해석서 제2123호 \'법인세 처리의 불확실성\' (제정)\n동 해석서는 법인세 처리에 불확실성이 있을 때 어떻게 회계처리하는지를 규정하고 있으며, 다음의 사항을 요구하고 있습니다.\n① 기업은 불확실한 법인세 처리 각각을 개별적으로 고려할지 아니면 하나 이상의 다른 불확실한 법인세 처리와 함께 고려할지를 판단하여야 합니다.\n②\xa0 기업은 법인세 신고에 사용하였거나 사용하려는 불확실한 법인세 처리를 과세당국이 수용할 가능성이 높은지를 판단하여 다음과 같이 세소득(세무상결손금), 세무기준액, 미사용 세무상결손금, 미사용 세액공제, 세율을 산정합니다.\n- 수용할 가능성이 높다면 법인세 신고에 사용하였거나 사용하려는 법인세 처리와 일관되게 산정합니다.\n- 수용할 가능성이 높지 않다면 불확실성의 영향을 반영하여 산정합니다.\n동 해석서가 연결실체의 재무제표에 미치는 중요한 영향은 없습니다.당기부터 새로 도입된 기준서 및 해석서로 인한 회계정책 변경이 재무제표에 미치는 영향은 다음과 같습니다.\n(단위 : 천원)\n구분\n2019년 1월 1일\n변경 전\n조정\n변경 후\n사용권자산\n-\n3,941,264\n3,941,264\n보증금\n-\n(38,555)\n(38,555)\n자산총계\n49,295,861\n3,902,708\n53,198,569\n리스부채\n-\n4,176,499\n4,176,499\n미지급비용\n-\n(273,791)\n(273,791)\n부채총계\n19,885,704\n3,902,708\n23,788,412\n자본총계\n29,410,157\n-\n29,410,157\n2019년 1월 1일 현재 재무상태표에 인식된 리스부채에 적용된 리스이용자의 가중평균 증분차입이자율은 4%입니다.상기 회계정책의 변경이 최초 적용일 현재 자본에 미치는 영향은 없습니다.(2) 재무제표 발행승인일 현재 제정ㆍ공표되었으나, 아직 시행일이 도래하지 아니하였으며 연결실체가 조기 적용하지 아니한 한국채택국제회계기준의 내역은 다음과 같습니다.1) 기업회계기준서 제1103호 사업의 정의(개정)\n동 개정사항은 사업이 일반적으로 산출물을 보유하지만 활동과 자산의 통합된 집합이 사업의 정의를 만족하기 위해서 산출물이 필수적이지 않다는 점을 명확히 합니다.취득한 활동과 자산의 집합이 사업으로 간주되기 위해서는 최소한 산출물의 창출에 함께 유의적으로 기여할 수 있는 능력을 가진 투입물과 실질적인 과정을 포함해야 합니다. 또한 실질적인 과정이 취득되었는지 여부를 결정하는데 도움이 되는 판단지침을 제시하고 있습니다.\n동 개정사항은 취득한 활동과 자산의 집합이 사업이 아닌지 여부를 간략하게 평가할 수 있는 선택적 집중테스트를 도입하였습니다. 해당 선택적 집중테스트에서 만약 취득한 총자산의 공정가치가 실질적으로 식별가능한 단일자산 또는 식별가능한 유사한 자산집단에 집중되어 있다면 이는 사업이 아닙니다.\n동 개정사항은 취득일이 2020 년 1 월 1 일 이후 최초로 시작하는 회계연도의 개시일이후인 모든 사업결합 및 자산취득에 전진적으로 적용되며 조기적용이 허용됩니다.\n\xa02) 기업회계기준서에서 \'개념체계\'에 대한 참조(개정)2018년 12월 21일 발표과 함께 도입된 전면개정된 \'개념체계\'(2018)와 함께, 국제회계기준위원회는 \'기업회계기준서에서 개념체계의 참조에 대한 개정\'도 발표하였습니다. 동 문서는 기업회계기준서 제1102호, 제1103호, 제1106호, 제1114호, 제1001호, 제1008호, 제1034호, 제1037호, 제1038호, 제2112호, 제2119호, 제2120호, 제2122호 및 제2032호에 대한 개정을 포함하고 있습니다.그러나 모든 개정사항은 그러한 참조나 인용과 관련된 문구가 전면개정된 \'개념체계\'(2018)을 참조하도록 하는 것은 아닙니다. 일부 문구는 참조하는 \'개념체계\'가 \'재무제표의 작성과 표시를 위한 개념체계\'(2007)인지, \'개념체계\'(2010)인지, 또는 신규로개정된 \'개념체계’(2018)인지를 명확히 하기 위해 개정되었으며, 다른 일부 문구는 기업회계기준서상의 정의가 전면개정 \'개념체계\'(2018)에서 개발된 새로운 정의로 변경되지 않았다는 점을 명시하기 위해서 개정되었습니다.동 개정사항은 실제로 변경이 있는 경우 2020년 1월 1일 이후 최초로 시작되는 회계연도부터 전진적으로 적용되며, 조기적용이 허용됩니다.연결실체는 상기에 열거된 제ㆍ개정사항이 재무제표에 미치는 영향이 중요하지 않을것으로 판단하고 있습니다\n2.2. 중요한 회계정책당기재무제표의 작성에 적용된 유의적 회계정책과 계산방법은 주석 2에서 설명하는 제ㆍ개정 기준서의 적용으로 인한 변경 및 아래 문단에서 설명하는 사항을 제외하고는 전기 연결재무제표 작성시 적용된 회계정책이나 계산방법과 동일합니다.(1) 금융자산1) 분류\r\n연결실체는 다음의 측정 범주로 금융자산을 분류합니다.\n-\n공정가치 측정 금융자산 (기타포괄손익 또는 당기손익에 공정가치 변동 인식)\n-\n상각후원가 측정 금융자산\n금융자산은 금융자산의 관리를 위한 사업모형과 금융자산의 계약상 현금흐름 특성에근거하여 분류합니다.공정가치로 측정하는 금융자산의 손익은 당기손익 또는 기타포괄손익으로 인식합니다. 채무상품에 대한 투자는 해당 자산을 보유하는 사업모형에 따라 당기손익 또는 기타포괄손익으로 인식합니다. 연결실체는 금융자산을 관리하는 사업모형을 변경하는 경우에만 채무상품을 재분류합니다.\xa0\n단기매매항목이 아닌 지분상품에 대한 투자는 최초 인식시점에 후속적인 공정가치 변동을 기타포괄손익으로 표시할 것을 지정하는 취소불가능한 선택을 할 수 있습니다. 지정되지 않은 지분상품에 대한 투자의 공정가치 변동은 당기손익으로 인식합니다.2) 측정\n연결실체는 최초 인식시점에 금융자산을 공정가치로 측정하며, 당기손익-공정가치 측정 금융자산이 아닌 경우에 해당 금융자산의 취득이나 해당 금융부채의 발행과 직접 관련되는 거래원가는 공정가치에 가산합니다. 당기손익-공정가치 측정 금융자산의 거래원가는 당기손익으로 비용처리합니다. 내재파생상품을 포함하는 복합계약은 계약상 현금흐름이 원금과 이자로만 구성되어 있는지를 결정할 때 해당 복합계약 전체를 고려합니다.- 채무상품금융자산의 후속적인 측정은 금융자산의 계약상 현금흐름 특성과 그 금융자산을 관리하는 사업모형에 근거합니다. 연결실체는 채무상품을 다음의 세 범주로 분류합니다.① 상각후원가 측정 금융자산계약상 현금흐름을 수취하기 위해 보유하는 것이 목적인 사업모형 하에서 금융자산을 보유하고, 계약상 현금흐름이 원리금만으로 구성되어 있는 자산은 상각후원가로 측정합니다. 상각후원가로 측정하는 금융자산으로서 위험회피관계의 적용 대상이 아닌 금융자산의 손익은 해당 금융자산을 제거하거나 손상할 때 당기손익으로 인식합니다. 유효이자율법에 따라 인식하는 금융자산의 이자수익은 \'금융수익\'에 포함됩니다.② 기타포괄손익-공정가치 측정 금융자산계약상 현금흐름의 수취와 금융자산의 매도 둘 다를 통해 목적을 이루는 사업모형 하에서 금융자산을 보유하고, 계약상 현금흐름이 원리금만으로 구성되어 있는 금융자산은 기타포괄손익-공정가치로 측정합니다. 손상차손(환입)과 이자수익 및 외환손익을 제외하고는, 기타포괄손익-공정가치로 측정하는 금융자산의 손익은 기타포괄손익으로 인식합니다. 금융자산을 제거할 때에는 인식한 기타포괄손익누계액을 자본에서 당기손익으로 재분류합니다. 유효이자율법에 따라 인식하는 금융자산의 이자수익은\xa0 \'금융수익\'에 포함됩니다. 외환손익은 \'금융수익\' 또는 \'금융비용\'으로 표시하고 손상차손은 \'기타비용\'으로 표시합니다.\xa0\n③ 당기손익-공정가치측정 금융자산상각후원가 측정이나 기타포괄손익-공정가치 측정 금융자산이 아닌 채무상품은 당기손익-공정가치로 측정됩니다. 위험회피관계가 적용되지 않는 당기손익-공정가치 측정 채무상품의 손익은 당기손익으로 인식하고 발생한 기간에 손익계산서에 \'기타수익\' 또는 \'기타비용\'으로 표시합니다.- 지분상품연결실체는 모든 지분상품에 대한 투자를 후속적으로 공정가치로 측정합니다. 공정가치 변동을 기타포괄손익으로 표시할 것을 선택한 지분상품에 대해 기타포괄손익으로 인식한 금액은 해당 지분상품을 제거할 때에도 당기손익으로 재분류하지 않습니다. 이러한 지분상품에 대한 배당수익은 연결실체가 배당을 받을 권리가 확정된 때에 손익계산서에 \'기타수익\'으로 인식합니다.당기손익-공정가치로 측정하는 금융자산의 공정가치 변동은 손익계산서에 \'기타수익\' 또는 \'기타비용\'으로 표시합니다. 기타포괄손익-공정가치로 측정하는 지분상품에 대한 손상차손(환입)은 별도로 구분하여 인식하지 않습니다.\xa0 3) 손상연결실체는 미래전망정보에 근거하여 상각후원가로 측정하거나 기타포괄손익-공정가치로 측정하는 채무상품에 대한 기대신용손실을 평가합니다. 손상 방식은 신용위험의 유의적인 증가 여부에 따라 결정됩니다. 단, 매출채권에 대해 연결실체는 채권의 최초 인식시점부터 전체기간 기대신용손실을 인식하는 간편법을 적용합니다.(2) 금융부채1) 분류 및 측정모든 금융부채는 다음을 제외하고는 후속적으로 상각후원가로 측정되도록 분류합니다. ㆍ당기손익-공정가치 측정 금융부채. 파생상품부채를 포함한 이러한 부채는 후속적\xa0\xa0 으로 공정가치로 측정합니다.\nㆍ금융자산의 양도가 제거 조건을 충족하지 못하거나 지속적 관여 접근법이 적용되\xa0\xa0 는 경우에 생기는 금융부채. 이러한 금융부채는 주석 2.2. 나의 내용을 적용하여 \xa0\xa0 측정합니다.\nㆍ금융보증계약. 최초 인식시 공정가치로 측정되며, 이후에 이러한 계약의 발행자는 \xa0\xa0 해당 계약을 후속적으로 다음 중 큰 금액으로 측정합니다.\n\xa0\xa0 - 기대신용손실에 따라 산정한 손실충당금\n\xa0\xa0 - 최초 인식금액에서 기업회계기준서 제1115호에 따라 인식한 이익누계액을 \xa0 \xa0 \xa0 차감한 금액ㆍ시장이자율보다 낮은 이자율로 대출하기로 한 약정. 최초 인식 후에 이러한 약정의\xa0\xa0 발행자는 후속적으로 해당 약정을 다음 중 큰 금액으로 측정합니다.\n\xa0\xa0 - 기대신용손실에 따라 산정한 손실충당금\n\xa0\xa0 - 최초 인식금액에서 기업회계기준서 제1115호에 따라 인식한 이익누계액을 \xa0 \xa0 \xa0 차감한 금액\nㆍ기업회계기준서 제1103호를 적용하는 사업결합에서 취득자가 인식하는 조건부 \xa0\xa0 대가. 이러한 조건부 대가는 후속적으로 당기손익-공정가치로 측정합니다.\n(3) 금융상품의 상계\n금융자산과 금융부채는 인식한 자산과 부채에 대해 법적으로 집행가능한 상계 권리를 현재 보유하고 있고 순액으로 결제하거나 자산을 실현하는 동시에 부채를 결제할 의도를 가지고 있는 경우 상계하고 재무상태표에 순액으로 표시됩니다.(4) 수익인식연결실체는 2018년 1월 1일부터 기준서 제1115호 \'고객과의 계약에서 생기는 수익\'을 적용하였습니다. 제1115호에 따르면 모든 유형의 계약에 5단계 수익인식모형(① 계약 식별 → ② 수행의무 식별 → ③ 거래가격 산정 → ④ 거래가격을 수행의무에 배분 →⑤ 수행의무 이행 시 수익 인식)을 적용하여 수익을 인식합니다.1) 수행의무의 식별연결실체는 Incoterms Group C 조건(무역조건 CIF 등) 따라 다양한 제품 및 상품을 수출하고 있습니다. 고객에게 통제가 이전된 이후 매도인이 운송서비스를 제공하므로 해당 운송서비스(보험 포함)를 별도의 수행의무로 인식합니다.2) 기간에 걸쳐 이행하는 수행의무기업회계기준서 제1115호에 따르면 기업이 수행하여 만들어지거나 가치가 높아지는대로 고객이 통제하는 자산을 기업이 만들거나 그 자산가치를 높이는 경우 진행기준을 적용하여 수익을 인식하여야 합니다. 연결실체는 CMO매출거래에 대하여는 진행기준에 의하여 수익을 인식하고 있으며, 진행률은 총예정원가에 대한 실제누적발생원가의 비율에 따라 산정하고 있습니다.3) 변동대가\n연결실체는 받을 권리를 갖게 될 대가를 더 잘 예측할 것으로 예상하는 기대값 방법을 사용하여 변동 대가를 추정하고, 반품기한이 경과할 때 이미 인식한 누적 수익금액 중 유의적인 부분을 되돌리지 않을 가능성이 매우 높은 금액까지만 변동대가를 거래가격에 포함하여 수익을 인식합니다. 기업이 받았거나 받을 대가 중에서 권리를 갖게 될 것으로 예상하지 않는 금액은 환불부채로 인식하고, 고객이 반품 권리를 행사할 때 고객으로부터 제품을 회수할 권리를 가지므로 그 자산을 환불자산으로 인식하고 해당 금액만큼 매출원가를 조정합니다. 제품을 회수할 권리는 제품의 과거 장부금액에서 제품을 회수하는데 드는 원가를 차감하여 측정합니다.4) 거래가격의 배분연결실체는 하나의 계약에서 식별된 여러 수행의무에 상대적 개별 판매가격을 기초로 거래가격을 배분합니다. 각 수행의무의 개별 판매가격을 추정하기 위하여 \'시장평가 조정 접근법\' 등을 사용합니다. (5) 부문별보고\n영업부문은 최고영업의사결정자에게 보고되는 내부 보고자료와 동일한 방식으로 보고하고 있습니다. 최고영업의사결정자는 영업부문에 배부될 자원과 영업부문의 성과를 평가하는데 책임이 있으며, 전략적 의사결정을 수행하는 이사회를 최고의사결정자로 보고 있습니다.\n(6) 연결기준\n1) 종속기업\n종속기업은 당사가 재무 및 영업 정책을 결정할 수 있는 능력이 있는 모든 회사(특수목적기업을 포함)이며, 일반적으로는 과반수 의결권을 보유하고 있는 경우가 해당됩니다. 현재 시점에서 행사 또는 전환가능한 잠재적 의결권의 존재 여부 및 그 영향은 또한 지배 여부 평가시 고려됩니다. 종속기업은 당사가 지배하게 되는 시점부터 연결대상에 포함되며, 지배력을 상실하는 시점부터 연결대상에서 제외됩니다. 연결실체의 사업결합은 취득법으로 회계처리됩니다. 이전대가는 취득과 관련하여 취득일에 제공한 자산, 발행한 지분증권, 인수하거나 발생시킨 부채의 공정가치의 합으로 측정하고 있습니다. 이전대가는 조건부 대가 지급 약정으로부터 발생하는 자산 및부채의 공정가치를 포함하고 있습니다. 사업결합으로 취득한 식별 가능한 자산, 부채및 우발부채는 취득일의 공정가치로 최초 측정하고 있으며 취득건별로 판단하여 연결실체는 비지배지분을 피취득자의 순자산중 비례적 지분으로 측정하고 있습니다.이전대가와 취득자가 이전에 보유하고 있던 피취득자에 대한 지분의 취득일의 공정가치 합계액이 취득한 식별가능한 순자산의 공정가액 중 지배지분을 초과하는 금액은 영업권으로 인식합니다. 만일 전자가 후자보다 작다면, 그 차액은 손익계산서에 직접 인식됩니다.\n연결실체 내 회사간에 발생하는 거래와 이로 인한 잔액 및 미실현손익은 제거됩니다.2) 비지배지분\n당기순손익과 기타포괄손익의 각 구성요소는 당사의 소유주와 비지배지분에 귀속되며, 비지배지분이 부(-)의 잔액이 되더라도 총포괄손익은 당사의 소유주와 비지배지분에 귀속시키고 있습니다. 또한 지배력을 상실하지 않는 종속기업에 대한 당사의 소유지분 변동은 자본거래로 회계처리하고 있습니다.\n(7) 외화환산\n1) 기능통화와 표시통화\n연결실체는 당사의 기능통화 및 표시통화인 원화로 재무제표를 작성하여 보고하고 있습니다.\n2) 외화거래와 기말잔액의 환산\n① 외화거래\n개별기업들의 재무제표 작성에 있어서 그 기업의 기능통화 외의 통화(외화)로 이루어진 거래는 거래일의 환율을 적용하여 기록하고 있습니다. 매 보고기간 말에 화폐성 외화항목은 보고기간 말의 마감환율로 환산하고 있습니다. 공정가치로 측정하는 비화폐성 외화항목은 공정가치가 결정된 날의 환율로 환산하고, 역사적원가로 측정하는 비화폐성항목은 거래일의 환율로 환산하고 있습니다.\n화폐성항목의 결제시점에 생기는 외환차이와 해외사업장순투자 환산차이 또는 현금흐름위험회피로 지정된 금융부채에서 발생한 환산차이를 제외한 화폐성항목의 환산으로 인해 발생한 외환차이는 모두 당기손익으로 인식하고 있습니다. 비화폐성항목에서 발생한 손익을 기타포괄손익으로 인식하는 경우에는 그 손익에 포함된 환율변동효과도 기타포괄손익으로 인식하고, 당기손익으로 인식하는 경우에는 환율변동효 과도 당기손익으로 인식하고 있습니다.② 해외사업장\n해외사업장의 기능통화가 연결실체의 표시통화와 다른 경우에는 경영성과와 재무상태를 다음의 방법으로 표시통화로 환산하고 있습니다.\xa0\n해외사업장의 기능통화가 초인플레이션 경제의 통화가 아닌 경우 재무상태표(비교표시하는 재무상태표 포함)의 자산과 부채는 해당 보고기간말의 마감환율로 환산하고, 포괄손익계산서(비교표시하는 포괄손익계산서 포함)의 수익과 비용은 보고기간의 평균환율로 환산하고, 환산에서 생기는 외환차이는 기타포괄손익으로 인식합니다.\xa0 \xa0 \xa0\xa0\n해외사업장의 취득으로 생기는 영업권과 자산ㆍ부채의 장부금액에 대한 공정가치 조정액은 해외사업장의 자산ㆍ부채로 보아 해외사업장의 기능통화로 표시하고, 해외사업장의 다른 자산ㆍ부채와 함께 마감환율을 적용하여 원화로 환산하고 있습니다.(8) 공동지배기업투자\n공동지배기업은 연결실체가 계약상의 약정에 의하여 경제활동에 대한 지배력을 공유하고 있는 피투자기업으로, 경제활동에 대한 전략적 재무정책과 영업정책에 관한 의사결정에 지배력을 공유하고 있는 당사자(참여자) 전체의 동의가 필요합니다.공동지배기업 투자지분은 최초에 취득원가로 인식하고, 취득후에는 지분법을 사용하여 회계처리하고 있습니다. 즉, 취득일 이후에 발생한 피투자자의 당기순손익 및 자본변동분 중 연결실체의 지분에 해당하는 금액을 장부금액에 가감하고, 피투자자에게 받은 분배액은 투자지분의 장부금액에서 차감하고 있습니다. 연결실체와 관계기업간의 내부거래에서 발생한 미실현이익은 연결실체지분만큼 제거하고 있습니다. 미실현손실 또한 거래가 이전된 자산에 대한 손상의 증거를 제공하지 않는 한 제거하고있습니다.\n투자지분의 장부금액이 영(0)으로 감소된 이후 추가 손실분에 대하여 법적의무 또는 의제의무가 있거나 피투자자를 대신하여 지불하여야 하는 경우를 제외하고는 손실을인식하지 않고 있습니다.\xa0\n(9) 유형자산\n연결실체의 모든 유형자산은 역사적 원가에서 감가상각누계액을 차감하여 표시하고 있습니다. 역사적 원가는 자산의 취득에 직접적으로 관련된 지출을 포함하며, 외화로취득하는 자산에 대하여 요건을 충족하는 현금흐름위험회피 손익 중 자본에서 전입된 금액을 포함할 수도 있습니다. 경영진은 취득한 자산이 손익에 영향을 미칠 때까지 이러한 손익을 자본으로 인식할 수 있으며, 이러한 경우 취득자산이 손익에 영향을 미치는 시점에서 당기손익으로 재분류하고 있습니다.후속원가는 자산으로부터 발생하는 미래경제적효익이 연결실체에 유입될 가능성이 높으며 그 원가를 신뢰성 있게 측정할 수 있는 경우에 한하여 자산의 장부금액에 포함하거나 적절한 경우 별도의 자산으로 인식하고 있으며 대체된 부분의 장부금액은 제거하고 있습니다. 그 외의 모든 수선 및 유지비는 발생한 기간의 비용으로 인식하고 있습니다.\xa0\n유형자산의 감가상각액은 자산의 취득원가에서 잔존가치를 차감한 금액에 대하여 다음의 추정 경제적 내용연수에 걸쳐 정액법에 따라 산정하고 있습니다.\n구\xa0 \xa0 \xa0 \xa0 \xa0\xa0 분\n내\xa0 용\xa0 연\xa0 수\n건\xa0 \xa0 \xa0 \xa0 물\n30년\n구\xa0 축\xa0\xa0 물\n5 ~ 10년\n기\xa0 계\xa0 장\xa0 치\n3 ~ 10년\n차 량 운 반 구\n5년\n공구와 기구, 비품\n3 ~ 7년\n리스개량자산\n5 ~ 6년\n사용권자산\n3~ 6년\n연결실체는 매 재무제표일에 자산의 잔존가치와 경제적 내용연수를 검토하고 필요한경우 이를 조정하고 있으며, 자산의 장부금액이 추정 회수가능액을 초과하는 경우 자산의 장부금액을 회수가능액으로 즉시 감소시키고 있습니다.(10) 투자부동산\n연결실체는 임대수익이나 시세차익을 얻기 위하여 보유하는 부동산을 투자부동산으로 분류하고 있습니다. 투자부동산은 최초 인식시점에 거래원가를 포함하여 원가로 측정하고 있습니다. 연결실체의 투자부동산 중 토지에 대하여는 감가상각을 하지 않으며, 건물은 내용연수 40년을 적용하여 정액법으로 상각하고 있습니다.(11) 무형자산\n무형자산은 최초 인식할 때 원가로 측정하며, 최초 인식 후에 원가에서 상각누계액과손상차손누계액을 차감한 금액을 장부금액으로 인식하고 있습니다.연결실체는 무형자산에 대해 당해 자산의 제작원가 또는 구입원가에 취득부대비용을가산한 가액을 취득원가로 산정하고 있으며, 사용이 가능한 시점부터 경제적 내용연수를 적용하여 정액법에 의하여 산정된 상각액을 직접 차감한 잔액으로 표시하고 있습니다. 무형자산의 상각기간과 상각방법은 매 회계연도 말에 재검토하고 있습니다.\n(12) 비금융자산의 손상\xa0 \xa0 \xa0 \xa0 \xa0 \xa0 \xa0 \xa0 \xa0 \xa0 \xa0 \xa0 \xa0 \xa0 \xa0 \xa0 \xa0 \xa0 \xa0\n종업원급여에서 발생한 자산, 재고자산, 이연법인세자산 및 매각예정으로 분류되는 비유동자산을 제외한 모든 비금융자산에 대해서는 매 보고기간말마다 자산손상을 시사하는 징후가 있는지를 검토하며, 만약 그러한 징후가 있다면 당해 자산의 회수가능액을 추정하고 있습니다. 단, 사업결합으로 취득한 영업권 및 내용연수가 비한정인 무형자산, 아직 사용할 수 없는 무형자산에 대해서는 자산손상을 시사하는 징후와 관계없이 매 회계기간마다 회수가능액과 장부금액을 비교하여 손상검사를 하고 있습니다.\n회수가능액은 개별 자산별로, 또는 개별 자산의 회수가능액을 추정할 수 없다면 그 자산이 속하는 현금창출단위별로 회수가능액을 추정하고 있습니다. 회수가능액은 사용가치와 순공정가치 중 큰 금액으로 결정하고 있습니다. 사용가치는 자산이나 현금창출단위에서 창출될 것으로 기대되는 미래현금흐름을 화폐의 시간가치 및 미래현금흐름을 추정할 때 조정되지 아니한 자산의 특유위험에 대한 현행 시장의 평가를 반영한 세전할인율로 할인하여 추정합니다.\n자산이나 현금창출단위의 회수가능액이 장부금액에 미달하는 경우 자산의 장부금액을 감소시키며 즉시 당기손익으로 인식하고 있습니다.\n(13) 재고자산\n연결실체는 재고자산을 총평균법에 의해 산정된 취득원가로 평가하고 있으며, 연중 계속기록법에 의하여 수량 및 금액을 계산하고 매 회계연도의 결산기에 실지재고조사를 실시하여 그 기록을 조정하고 있습니다. 다만, 재고자산의 순실현가능금액이 취득원가보다 하락한 경우에는 시가를 재무상태표가액으로 하고 있습니다. 한편, 감액된 재고자산의 시가가 장부금액보다 상승한 경우에는 최초의 장부금액을 초과하지 않는 범위내에서 평가손실을 환입하고 있습니다.\n(14) 현금및현금성자산\n현금및현금성자산은 보유중인 현금, 은행예금, 기타 취득 당시 만기일이 3개월 이내에 도래하는 매우 유동적인 단기 투자자산을 포함하고 있습니다.\n(15) 보통주자본금\n보통주는 자본으로 분류하고 있으며, 신주 및 옵션의 발행과 관련된 직접비용은 수취대가에서 법인세비용을 차감한 순액으로 자본에 차감하여 표시하고 있습니다.\xa0\n연결실체가 연결실체의 보통주(자기주식)를 취득하는 경우, 직접거래원가(법인세 비용을 차감한 순액)를 포함하는 지급 대가는 그 보통주가 소각되거나 재발행될 때까지연결실체의 자본에서 차감하여 표시하고 있습니다. 이러한 자기주식이 재발행되는 경우, 수취한 대가(직접 거래 원가 및 관련 법인세효과를 차감한 순액)는 연결실체의 주주에게 귀속되는 자본에 포함하고 있습니다.(16) 차입금\n차입금은 최초에 거래비용을 차감한 순공정가치로 인식하며, 후속적으로 상각후원가로 표시하고 있습니다. 거래비용 차감 후 수취한 금액과 상환금액의 차이는 유효이자율법으로 상각하여 차입기간 동안 포괄손익계산서에 금융원가로 인식하고 있습니다.\n차입금약정의 체결에 따라 지급되는 수수료는 약정의 일부 또는 전부에 대한 차입이 이루어질 가능성이 높은 경우 차입금에 대한 거래원가로 인식하며, 차입금이 인출될 때까지 해당 금액은 비용인식이 이연됩니다. 약정의 일부 또는 전부에 대한 차입이 이루어질 가능성이 높다는 증거가 없는 경우, 지급금액은 유동성서비스에 대한 선급비용으로 계상하고 해당 약정 기간 동안 상각합니다.\n차입금은 연결실체가 보고기간말 이후 12개월 이상 결제를 이연할 수 있는 무조건적인 권리를 가지고 있지 않는 한 유동부채로 분류하고 있습니다. 이 때, 계약 상대방의선택에 따라 지분상품의 발행으로 결제할 수 있는 부채의 조건은 유동분류에 영향을 미치지 않습니다.\n(17) 복합금융상품회사가 발행한 복합금융상품은 보유자의 선택에 의해 지분상품으로 전환될 수 있는 전환사채 입니다.동 복합금융상품의 부채요소는 최초에 동일한 조건의 전환권이 없는 금융부채의 공정가치로 인식되며, 자본요소는 복합금융상품 전체의 공정가치와 부채요소의 공정가치의 차이로 최초 인식됩니다. 복합금융상품의 발행과 직접적으로 관련된 거래원가는 부채요소와 자본요소의 최초 인식 금액에 비례하여 배분됩니다.회사는 금융감독원 질의회신 ""회제이-00094"" 에 의거하여 전환권대가를 자본으로 인식하였으며, 동 회계처리는 ""주식회사 외부감사에 관한 법률"" 제13조 제1항 제1호의 한국채택국제회계기준에 한하여 효력이 있습니다.(18) 당기법인세 및 이연법인세\n법인세비용은 당기법인세와 이연법인세로 구성되어 있습니다. 1) 당기법인세\n당기 법인세부담액은 당기의 과세소득을 기초로 산정됩니다. 과세소득은 포괄손익계산서상의 이익에서 다른 과세기간에 가산되었거나 차감될 손익 및 비과세항목이나 손금불인정항목을 제외하므로 과세소득과 포괄손익계산서상 손익은 차이가 발생합니다. 연결실체의 당기법인세와 관련된 부채는 확정되었거나 실질적으로 확정된 세율을 사용하여 계산됩니다.\n2) 이연법인세\n이연법인세는 재무제표상 자산과 부채의 장부금액과 과세소득 산출시 사용되는 세무기준액과의 차이를 바탕으로 인식되며, 자산부채법을 사용하여 회계처리합니다. 이연법인세부채는 모든 가산할 일시적차이에 대하여 인식하며, 이연법인세자산은 차감할 일시적차이가 사용될 수 있는 과세소득의 발생가능성이 높은 경우에 모든 차감할 일시적차이에 대하여 인식합니다.\n그러나 일시적차이가 영업권으로부터 발생하거나, 자산과 부채의 최초 인식시 회계이익이나 과세소득에 영향을 미치지 아니하는 거래에서 발생(사업결합제외)하는 이연법인세자산(부채)은 인식하지 아니합니다.\n이연법인세자산의 장부금액은 매 보고기간말에 검토하고, 이연법인세자산으로 인한 혜택이 사용되기에 충분한 과세소득이 발생할 가능성이 더 이상 높지 않은 경우 이연법인세자산의 장부금액을 감소시킵니다.\n이연법인세자산과 부채는 재무제표일 현재 제정되었거나 실질적으로 제정된 세율에 근거하여 당해 자산이 실현되었거나 부채가 지급될 회계기간에 적용될 것으로 기대되는 세율을 사용하여 측정합니다. 이연법인세자산과 이연법인세부채를 측정할 때에는 재무제표일 현재 연결실체가 관련 자산과 부채의 장부금액을 회수하거나 결제할 것으로 예상되는 방식에 따라 법인세효과를 반영하였습니다.이연법인세자산과 부채는 동일 과세당국이 부과하는 법인세이고, 연결실체가 인식된금액을 상계할 수 있는 법적 권한을 가지고 있으며 당기 법인세부채와 자산을 순액으로 결제할 의도가 있는 경우에만 상계합니다.\n(19) 퇴직급여채무\n보고기간 말 현재 확정급여제도와 관련된 퇴직급여채무는 확정급여채무의 현재가치에서 사외적립자산의 공정가치를 차감하여 인식하고 있습니다. 퇴직급여채무는 매년독립적인 계리사에 의해 예측단위적립방식으로 계산되고 있습니다. 퇴직급여부채의 현재가치는 확정급여제도에서 지급될 미래 현금흐름을 관련 퇴직급여의 만기와 유사한 만기를 가지는 퇴직금이 지급되는 통화로 표시된 우량회사채의 이자율을 사용하여 추정 미래 현금흐름을 할인한 후 결정되고 있습니다. 보험수리적 가정의 변동과 경험적 조정에서 발생하는 손익은 발생한 기간에 전액 기타포괄손익으로 인식하고 있습니다.\n확정급여채무의 현재가치에서 사외적립자산의 공정가치를 차감하여 산출된 순액이 자산일 경우, 미인식과거근무원가 누계액과 제도로부터 환급받거나 제도에 대한 미래 기여금이 절감되는 방식으로 이용가능한 경제적효익의 현재가치를 가산한 금액을한도로 자산으로 인식하고 있습니다.퇴직급여를 새로 도입하거나 변경함에 따라 종업원의 과거 근무용역에 대한 확정급여채무의 현재가치의 변동액인 과거근무원가는 관련 급여가 가득되기까지의 평균기간에 정액법을 적용하여 비용으로 인식하고 있습니다. 단, 확정급여제도를 새로 도입하거나 개정하는 즉시 관련 급여가 가득되는 경우에는 해당 과거근무원가는 즉시 인식하고 있습니다.\n(20) 충당부채\n과거사건의 결과로 현재의 법적의무나 의제의무가 존재하고, 그 의무를 이행하기 위한 자원의 유출가능성이 높으며, 당해 금액의 신뢰성 있는 추정이 가능한 경우 연결실체는 충당부채를 인식하고 있습니다.\xa0\n다수의 유사한 의무가 있는 경우, 그 의무의 이행에 필요한 자원의 유출 가능성은 그 유사한 의무 전체에 대하여 판단하고 있습니다. 비록 개별항목의 의무이행에 필요한 자원의 유출 가능성이 낮더라도 유사한 의무 전체를 이행하기 위하여 필요한 자원의 유출 가능성이 높은 경우에는 충당부채를 인식하고 있습니다.충당부채는 의무를 이행하기 위하여 예상되는 지출액의 현재가치로 측정하며, 현재가치 평가에 사용하는 할인율은 그 부채의 고유한 위험과 화폐의 시간가치에 대한 현행 시장의 평가를 반영한 세전 이자율입니다. 시간경과로 인한 충당부채의 증가는 이자비용으로 인식하고 있습니다.\n(21) 주식기준보상\n연결실체는 제공받는 재화나 용역의 대가로 종업원에게 주식이나 주식선택권을 부여하는 주식결제형 주식보상거래에 대하여, 제공받는 재화나 용역의 공정가치 또는 제공받는 재화나 용역의 공정가치를 신뢰성있게 측정할 수 없다면 부여한 지분상품의 공정가치에 기초하여 재화나 용역의 공정가치를 간접측정하고 그 금액을 가득기간 동안에 종업원급여비용과 자본으로 인식하고 있습니다. 주식선택권의 가득조건이 용역제공조건 또는 시장조건이 아닌 가득조건인 경우에는 궁극적으로 가득되는 주식선택권의 실제수량에 기초하여 결정되도록 인식된 종업원비용을 조정하고 있습니다.(22) 정부보조금\r\n연결실체는 정부보조금에 부수되는 조건의 준수와 보조금의 수취에 대한 합리적인 확신이 있을 때 정부보조금을 인식하고 있습니다.자산관련 정부보조금은 자산의 장부금액을 결정할 때 차감하여 표시하고, 관련 감가상각자산의 내용연수에 걸쳐 감가상각비를 감소시키는 방식으로 당기손익으로 인식하고 있습니다.수익관련 정부보조금은 보전하려 하는 관련원가가 비용으로 인식되는 기간에 걸쳐 관련 비용에서 차감하는 방법으로 인식하고 있습니다. 다만 이미 발생된 비용이나 손실에 대한 보전 또는 향후의 관련원가 없이 기업에 제공되는 보조금은 기타수익과 같이 일반계정으로 표시하여 당기손익으로 인식하고 있습니다.\n3. 중요한 회계추정 및 가정한국채택국제회계기준에서는 재무제표를 작성함에 있어서 회계정책의 적용이나, 보고기간말 현재 자산, 부채 및 수익, 비용의 보고금액에 영향을 미치는 사항에 대하여 경영진의 최선의 판단을 기준으로 한 추정치와 가정의 사용을 요구하고 있습니다.\xa0추정 및 판단은 지속적으로 평가되며, 과거 경험 및 현재의 상황에서 합리적으로 예측가능한 미래의 사건과 같은 다른 요소들을 고려하여 이루어집니다.\xa0\xa0보고기간말 현재경영진의 최선의 판단을 기준으로 한 추정치와 가정이 실제 환경과 다를 경우 이러한추정치와 실제 결과는 다를 수 있습니다.\n다음 회계연도의 자산 및 부채 장부금액에 중대한 조정을 미칠 수 있는 유의적인 위험에 대한 추정 및 가정은 다음과 같습니다.1) 금융자산의 손상기준서 제1109호의 금융자산의 손실충당금은 채무불이행위험과 기대신용률에 대한가정에 근거하였습니다. 연결실체는 이러한 가정을 세우고 손상 계산을 위한 투입요소를 선택할 때 보고기간말의 미래 전망에 대한 추정 및 과거 경험, 현재 시장 상황에근거하여 판단합니다.\n2) 법인세 연결실체는 여러 다른 국가의 법인세법을 적용받고 있습니다. 이러한 여러 국가의 법인세에 대한 충당금을 결정하는 경우에는 유의적인 판단이 요구됩니다. 최종 법인세의 결정을 불확실하게 하는 여러 종류의 거래와 계산방식이 존재합니다. 연결실체는 추가적인 세금이 부과될지에 대한 추정에 기초하여, 예상되는 세무감사 사항에 대한 부채를 인식하고 있습니다. 이러한 사항들에 대한 최종 법인세금액이 최초에 인식한 금액과 차이가 있을 경우, 그 차이는 그러한 결정이 이루어진 기간의 당기법인세와 이연법인세자산과 부채에 영향을 주게 될 것입니다.3) 금융상품의 공정가치활성시장에서 거래되지 않는 금융상품(예: 장외파생상품)의 공정가치는 평가기법을 사용하여 결정하고 있습니다. 연결실체는 보고기간말 현재 주요한 시장상황에 기초하여,\xa0다양한 평가기법의 선택 및 가정에 대한 판단을 하고 있습니다.\n4. 사업부문별 정보(1) 보고부문 구분기준과 수익을 창출하는 생산물과 용역의 유형연결실체의 한국채택국제회계기준 제1108호(영업부문)에 의거하여 구분된 보고부문은 다음과 같습니다.(가) 연결실체가 적용한 보고부문 식별 기준은 다음과 같습니다.\n구분기준\n구\xa0 \xa0 분\n관리목적상 연결실체는 제품 및 제품공정의 특성을 고려하여 최고경영자의 의사결정을 위해 제공되는 수준으로 2개의 부문으로 구분하였습니다. 각 부문은 연결실체의 주된 부문정보를 보고하는 기준이 되며 각 보고부문별 회계정책은 유의적인 회계정책의 요약에 기술된 회계정책과 동일합니다.\n제약사업\n패브릭사업\n(나) 보고부문이 수익을 창출하는 제품과 용역의 유형은 다음과 같습니다.\xa0\n구\xa0 \xa0 분\n제품 및 용역의 유형\n제약사업\nContract Manufacturing Organization(CMO) 생산, 판매\n패브릭사업\n의류용 심지제품 제조, 판매\n(2) 각 보고부문의 영업부문수익 및 성과당기와 전기 중에 각 보고부문과 관련된 수익과 성과는 다음과 같습니다.\xa0\n(단위: 원)\n구\xa0 \xa0 분\n제약사업\n패브릭사업\n계\n<당기>\n총매출액\n24,562,471,460\n16,678,779,997\n41,241,251,457\n\xa0 외부고객으로부터의 수익\n24,562,471,460\n16,678,779,997\n41,241,251,457\n\xa0 타부문으로부터의 수익\n-\n-\n-\n영업이익(손실)\n(6,306,171,488)\n(1,902,824,788)\n(8,208,996,276)\n당기순이익(손실)\n(4,983,919,142)\n(2,634,643,647)\n(7,618,562,789)\n<전기>\n총매출액\n18,746,129,371\n15,546,438,268\n34,292,567,639\n\xa0 외부고객으로부터의 수익\n18,746,129,371\n15,546,438,268\n34,292,567,639\n\xa0 타부문으로부터의 수익\n-\n-\n-\n영업이익(손실)\n(7,550,922,416)\n(3,708,127,337)\n(11,259,049,753)\n당기순이익(손실)\n(7,732,532,341)\n(4,165,110,440)\n(11,897,642,781)\n(3) 부문자산과 부채\n(단위: 원)\n구\xa0 \xa0 분\n제약사업\n패브릭사업\n계\n<당기말>\n부문자산\n18,781,290,745\n32,371,021,435\n51,152,312,180\n공통자산\n-\n-\n-\n총자산\n18,781,290,745\n32,371,021,435\n51,152,312,180\n\xa0\xa0 유형자산\n8,345,843,244\n1,658,090,736\n10,003,933,980\n\xa0\xa0 무형자산\n351,011,643\n227,854,597\n578,866,240\n\xa0\xa0 투자부동산\n-\n2,830,160,167\n2,830,160,167\n부문부채\n21,914,879,324\n5,177,266,321\n27,092,145,645\n공통부채\n-\n-\n-\n총부채\n21,914,879,324\n5,177,266,321\n27,092,145,645\n\u3000\n<전기말>\n부문자산\n23,926,135,882\n25,369,725,370\n49,295,861,252\n공통자산\n-\n-\n-\n총자산\n23,926,135,882\n25,369,725,370\n49,295,861,252\n\xa0\xa0 유형자산\n4,953,747,942\n1,158,145,201\n6,111,893,143\n\xa0\xa0 무형자산\n294,527,303\n229,454,132\n523,981,435\n\xa0\xa0 투자부동산\n-\n2,884,194,029\n2,884,194,029\n부문부채\n16,795,992,560\n3,089,711,539\n19,885,704,099\n공통부채\n-\n-\n-\n총부채\n16,795,992,560\n3,089,711,539\n19,885,704,099\n(4) 기타부문정보연결실체는 영업의 특성상 부문별 별도의 비유동자산, 관계기업투자를 보유하고 있지 아니하며, 또한 부문별로 구분 가능한 중요한 비현금항목은 없습니다.(5) 기업전체 수준에서의 공시(가) 당기와 전기 중 제품과 용역별 외부고객으로부터의 수익은 다음과 같습니다\n(단위: 원)\n구\xa0 \xa0 분\n당기\n전기\n계속영업\n상품매출\n4,549,228,717\n4,612,619,685\n제품매출\n12,129,551,280\n10,933,818,583\nCMO매출\n23,588,355,672\n18,092,083,589\n로열티등\n197,797,377\n157,868,579\n기타\n776,318,411\n496,177,203\n합\xa0 \xa0 계\n41,241,251,457\n34,292,567,639\n(나) 지역에 대한 정보는 다음과 같습니다.\xa0\n(단위: 원)\n구\xa0 \xa0 분\n외부고객으로부터의 수익\n비유동자산\n당기\n전기\n당기말\n전기말\n국내\n3,594,079,799\n3,178,561,215\n4,718,360,436\n3,732,926,518\n해외\n37,647,171,658\n31,114,006,424\n9,838,014,803\n7,379,592,808\n합\xa0 \xa0 계\n41,241,251,457\n34,292,567,639\n14,556,375,239\n11,112,519,326\n(다) 주요 고객에 대한 매출 정보는 다음과 같습니다.\xa0\n(단위: 원)\n구\xa0 \xa0 분\n보고부문\n금\xa0 \xa0 액\nA 사\n제약사업\n2,522,223,492\nB 사\n패브릭사업등\n673,978,632\nC 사\n패브릭사업등\n3,489,316,788\n5. 재무위험관리연결실체는 여러 활동으로 인하여 신용위험 및 유동성 위험과 시장위험 (외환위험, 가격위험, 현금흐름 및 공정가치 이자율 위험)과 같은 다양한 금융 위험에 노출되어 있습니다. 연결실체의 전반적인 위험관리는 연결실체의 재무성과에 잠재적으로 불리할 수 있는 효과를 최소화하는데 중점을 두고 있습니다.위험관리는 재경본부에 의해 이루어지고 있습니다. 연결실체의 재경본부는 영업부서들과 긴밀히 협력하여 금융위험을 식별, 평가 및 회피하고 있습니다.(1) 신용위험연결실체는 신용위험을 전사 차원에서 관리하고 있습니다. 신용위험은 보유하고 있는 수취채권 및 확정계약을 포함한 거래처에 대한 신용위험 뿐만 아니라 현금및현금성자산, 은행 및 금융기관 예치금으로부터 발생하고 있습니다. 은행 및 금융기관의 경우, 독립적인 신용등급기관으로부터의 신용등급이 최소 A이상인 경우에 한하여 거래를 하고 있습니다. 일반거래처의 경우 고객의 재무상태, 과거 경험 등 기타 요소들을 고려하여 신용을 평가하게 됩니다.\n연결실체의 금융자산 중 신용위험의 최대노출정도는 다음과 같습니다.\n(단위: 원)\n구\xa0 \xa0 분\n당기말\n전기말\n현금성자산 (현금제외)\n16,898,974,737\n8,360,652,296\n매출채권및기타채권\n9,418,761,800\n7,433,114,364\n기타금융자산(유동)\n827,590,222\n14,416,475,835\n기타금융자산(비유동)\n498,156,505\n599,679,904\n합\xa0 \xa0 계\n27,643,483,264\n30,809,922,399\n(2) 유동성위험연결실체의 유동성위험 관리는 충분한 현금 및 단기의 기간별 예금등 금융상품, 시장성 있는 유가증권의 유지, 적절하게 약정된 신용한도금액으로부터의 자금 여력 및 시장포지션을 결제할 수 있는 능력 등을 포함하고 있습니다. 지배기업의 자금을 관리하는 재경본부는 영업활동 및 금융상품의 관리를 통하여 연결실체의 신용한도 내에서 자금여력을 관리하고 있습니다.(가) 연결실체의 금융자산 중 매출채권 및 대여금을 보고기간종료일로부터 계약 만기일까지의 잔여기간에 따라 만기별로 구분한 내역은 다음과 같습니다.\n(단위: 원)\n구\xa0 \xa0 분\n6개월이하\n6개월초과~1년이내\n1년초과~3년이내\n3년초과\n합\xa0 \xa0 계\n<당기말>\n매출채권\n9,058,038,031\n89,707,633\n602,568,596\n-\n9,750,314,260\n단기대여금\n42,666,667\n122,666,667\n-\n-\n165,333,334\n장기대여금\n-\n-\n182,666,666\n-\n182,666,666\n합\xa0 \xa0 계\n9,100,704,698\n212,374,300\n785,235,262\n-\n10,098,314,260\n<전기말>\n매출채권\n5,131,188,410\n161,646,885\n2,280,023,407\n962,013\n7,573,820,715\n단기대여금\n2,240,000\n260,000,000\n-\n-\n262,240,000\n장기대여금\n-\n-\n30,750,000\n-\n30,750,000\n합\xa0 \xa0 계\n5,133,428,410\n421,646,885\n2,310,773,407\n962,013\n7,866,810,715\n(나) 연결실체의 금융부채를 보고기간종료일로부터 계약 만기일까지의 잔여기간에 따라 만기별로 구분한 내역은 다음과 같습니다.\xa0\n(단위: 원)\n구\xa0 \xa0 분\n1년이내\n1년초과~2년이내\n2년초과~5년이내\n5년초과\n합\xa0 \xa0 계\n<당기말>\n매입채무및기타채무\n2,344,673,307\n-\n-\n-\n2,344,673,307\n단기차입금\n1,173,666,807\n-\n-\n-\n1,173,666,807\n전환사채\n10,093,780,615\n-\n-\n-\n10,093,780,615\n기타금융부채\n2,164,172,703\n1,783,123,095\n255,385,082\n1,200,000\n4,203,880,880\n합\xa0 \xa0 계\n15,776,293,432\n1,783,123,095\n255,385,082\n1,200,000\n17,816,001,609\n<전기말>\n매입채무및기타채무\n1,652,297,055\n-\n-\n-\n1,652,297,055\n단기차입금\n1,195,024,542\n-\n-\n-\n1,195,024,542\n전환사채\n11,192,598,999\n-\n-\n-\n11,192,598,999\n기타금융부채\n1,121,254,879\n265,131,542\n-\n1,200,000\n1,387,586,421\n합\xa0 \xa0 계\n15,161,175,475\n265,131,542\n-\n1,200,000\n15,427,507,017\n(3) 시장위험(가) 외환위험연결실체는 수출 및 수입 거래와 관련하여 USD 환율변동위험에 노출되어 있습니다.당기말과 전기말 현재 기능통화 이외의 외화로 표시된 화폐성자산 및 부채의 장부금액은 다음과 같습니다.① 외화자산과 부채의 내역당기말과 전기말 현재 당사의 외화자산과 외화부채의 주요내역은 다음과 같습니다.\n(단위: 1USD, 1EUR, 1GBP, 원)\n계정과목\n당기말\n전기말\n외화\n원화환산액\n외화\n원화환산액\n현금및현금성자산\nUSD\n759,511\n879,362,309\nUSD\n862,595\n964,467,279\nEUR\n\xa038,409\n49,832,989\nEUR\n-\n-\n매출채권\nUSD\n2,899,939\n3,357,549,834\nUSD\n2,880,523\n3,220,712,651\n미수금\nUSD\n103,000\n119,253,400\nUSD\n535,115\n598,312,082\n미수수익\nUSD\n13,628\n15,778,209\nUSD\n13,628\n15,237,198\n선급비용\nUSD\n27,008\n31,269,399\nUSD\n42,650\n47,687,093\n장기대여금\nUSD\n689,107\n797,848,548\nUSD\n673,465\n753,001,089\n자산 합계\nUSD\n4,492,194\n5,201,061,699\nUSD\n5,007,975\n5,599,417,392\nEUR\n38,409\n49,832,989\nEUR\n-\n-\n매입채무\nUSD\n1,214,162\n1,405,756,714\nUSD\n1,045,403\n1,168,865,351\nEUR\n-\n-\nEUR\n31,000\n39,653,960\nGBP\n-\n-\nGBP\n1,439\n2,043,897\n미지급금\nUSD\n531,272\n615,107,195\nUSD\n516,898\n577,943,183\n부채 합계\nUSD\n1,745,434\n2,020,863,909\nUSD\n1,562,301\n1,746,808,534\nEUR\n-\n-\nEUR\n31,000\n39,653,960\nGBP\n-\n-\nGBP\n1,439\n2,043,897\n② 해외지점 외화표시재무제표의 환산당기말과 전기말 현재 당사의 해외지점 외화표시 재무제표의 환산내역은 다음과 같습니다.\n(단위: 1USD, 원)\n구\xa0 \xa0 분\n당기말\n전기말\n외화\n원화환산액\n외화\n원화환산액\n자산\nUSD\n8,914,756\n10,391,915,835\nUSD\n4,506,448\n5,060,347,377\n부채\nUSD\n8,101,602\n9,380,035,328\nUSD\n4,186,583\n4,681,018,106\n해외사업환산이익(손실)\n-\n\xa0-\n64,028,341\n-\n-\n27,381,140\n③\xa0당기말과 전기말 현재 각 외화에 대한 원화환율 10% 변동시 환율변동이 당기손익에 미치는 영향은 다음과 같습니다.\n(단위: 원)\n구\xa0 \xa0 분\n당기말\n전기말\n10% 상승시\n10% 하락시\n10% 상승시\n10% 하락시\n본점\nUSD\n318,019,779\n(318,019,779)\n385,260,886\n(385,260,886)\nEUR\n38,409\n(38,409)\n(3,965,396)\n3,965,396\nGBP\n-\n-\n(204,390)\n204,390\n해외지점\nUSD\n94,146,891\n(94,146,891)\n35,764,174\n(35,764,174)\n합\xa0 \xa0 계\nUSD\n412,166,670\n(412,166,670)\n421,025,060\n(421,025,060)\nEUR\n38,409\n(38,409)\n(3,965,396)\n3,965,396\nGBP\n-\n-\n(204,390)\n204,390\n(나) 가격위험연결실체는 재무상태표상 기타포괄손익-공정가치측정금융자산으로 분류되는 지분증권의 가격위험에 노출되어 있습니다. 연결실체의 시장성있는 지분증권에 대한 투자는 비경상적인 경영진의 판단에 따라 이루어지고 있으며, 연결실체는 지분증권에 대한 별도의 투자정책을 보유하고 있지 않습니다.보고기간종료일 현재 연결실체가 보유하고 있는 시장성 있는 지분상품은 기타포괄손익-공정가치측정금융자산으로 분류하고 있으며 지분상품의 공정가치의 변동은 기타포괄손익으로 인식하고 있습니다.(다) 이자율위험연결실체의 자산 중 이자부자산의 비중은 중요하지 않으며,\xa0 연결실체의 수익 및 영업현금흐름은 시장이자율로부터 실질적으로 독립적입니다. 연결실체의 이자율 위험은 차입금에서 비롯됩니다. 변동이자율로 발행된 단기차입금으로 인하여 연결실체는 현금흐름 이자율위험에 노출되어 있습니다. 연결실체는 이자율 위험에 대해 다양한 방법의 분석을 수행하고 있습니다. 연결실체는 이자율변동 위험을 최소화하기 위해 재융자, 기존 차입금의 갱신, 대체적인 융자 및 위험회피 등 다양한 방법을 검토하여 연결실체 입장에서 가장 유리한 자금조달 방안에 대한 의사결정을 수행하고 있습니다.연결실체의 당기말과 전기말 현재 각 차입금에 대한 이자율이 1% 변동시 이자율변동이 당기손익 및 자본에 미치는 영향은 다음과 같습니다.\n(단위: 원)\n구\xa0 \xa0 분\n당기말\n전기말\n1% 상승시\n1% 하락시\n1% 상승시\n1% 하락시\n손익\n자본\n손익\n자본\n손익\n자본\n손익\n자본\n단기차입금\n(11,736,668)\n(11,736,668)\n11,736,668\n11,736,668\n(11,950,245)\n(11,950,245)\n11,950,245\n11,950,245\n(4) 자본위험관리연결실체의 자본관리 목적은 계속기업으로서 주주 및 이해당사자들에게 이익을 지속적으로 제공할 수 있는 능력을 보호하고 자본비용을 절감하기 위해 최적 자본구조를 유지하는 것입니다.자본구조를 유지 또는 조정하기 위하여 연결실체는 주주에게 지급되는 배당을 조정하고, 주주에게 자본금을 반환하며, 부채감소를 위한 신주 발행 및 자산 매각 등을 실시하고 있습니다. 산업내의 타사와 마찬가지로 연결실체는 자본조달비율에 기초하여 자본을 관리하고 있습니다. 자본조달비율은 순차입금을 총자본으로 나누어 산출하고 있습니다. 순차입금은 차입금총계(재무상태표에 표시된 것)에서 현금및현금성자산과 단기금융자산을 차감한 금액이며 총자본은 재무상태표의 \'자본\'에 순차입금을 가산한 금액입니다.\n당기말과 전기말 현재 자본조달비율은 다음과 같습니다.\n(단위: 원)\n구\xa0 \xa0 분\n당기말\n전기말\n\xa0차입금총계:\xa0\n11,267,447,422\n12,387,623,541\n\xa0차감: 현금및현금성자산과 단기금융자산\xa0\n\xa0(17,384,944,928)\n(22,378,482,910)\n\xa0순차입금:\xa0\n-\n-\n\xa0총자본\xa0\n24,060,166,535\n29,410,157,153\n\xa0자본조달비율\xa0\n0%\n0%\n당기말과 전기말 현재 연결실체의 순차입금은 (-)금액으로서 자본조달비율 계산시에는 0의 금액으로 하였습니다.\n6. 범주별 금융상품 및 신용도(1) 연결실체의 범주별 금융상품의 내역은 다음과 같습니다.(가) 금융자산① 당기말\n(단위: 원)\n구\xa0 \xa0 분\n당기손익-공정가치측정 금융자산\n상각후원가측정 금융자산\n기타포괄손익-공정가치 측정 금융자산\n합\xa0 \xa0 계\n현금및현금성자산\n-\n16,921,587,637\n-\n16,921,587,637\n매출채권및기타채권\n-\n9,418,761,800\n-\n9,418,761,800\n기타금융자산(유동)\n-\n827,590,222\n-\n827,590,222\n기타금융자산(비유동)\n-\n\xa0498,156,505\n-\n\xa0498,156,505\n기타포괄손익-공정가치측정금융자산\n-\n-\n281,168,257\n281,168,257\n합\xa0 \xa0 계\n-\n27,666,096,164\n281,168,257\n27,947,264,421\n②\xa0전기말\n(단위: 원)\n구\xa0 \xa0 분\n당기손익-공정가치측정 금융자산\n상각후원가측정 금융자산\n기타포괄손익-공정가치 측정 금융자산\n합\xa0 \xa0 계\n현금및현금성자산\n-\n8,378,482,910\n-\n8,378,482,910\n매출채권및기타채권\n-\n7,433,114,364\n-\n7,433,114,364\n기타금융자산(유동)\n-\n14,416,475,835\n-\n14,416,475,835\n기타금융자산(비유동)\n-\n599,679,904\n-\n599,679,904\n기타포괄손익-공정가치측정금융자산\n-\n-\n329,623,916\n329,623,916\n합\xa0 \xa0 계\n-\n30,827,753,013\n329,623,916\n31,157,376,929\n(나) 금융부채① 당기말\n(단위: 원)\n구\xa0 \xa0 분\n당기손익-공정가치측정 금융부채\n상각후원가측정 금융부채\n합\xa0 \xa0 계\n차입금\n100,000,000\n1,073,666,807\n1,173,666,807\n전환사채\n-\n10,093,780,615\n10,093,780,615\n매입채무및기타채무\n-\n2,344,673,307\n2,344,673,307\n기타금융부채(유동)\n-\n2,164,172,703\n2,164,172,703\n기타금융부채(비유동)\n-\n2,039,708,177\n2,039,708,177\n합\xa0 \xa0 계\n100,000,000\n17,716,001,609\n17,816,001,609\n②\xa0전기말\n(단위: 원)\n구\xa0 \xa0 분\n당기손익-공정가치측정 금융부채\n상각후원가측정 금융부채\n합\xa0 \xa0 계\n차입금\n-\n1,195,024,542\n1,195,024,542\n전환사채\n-\n11,192,598,999\n11,192,598,999\n매입채무및기타채무\n-\n\xa0 1,652,297,055\n1,652,297,055\n기타금융부채(유동)\n-\n1,121,254,879\n1,121,254,879\n기타금융부채(비유동)\n-\n266,331,542\n266,331,542\n합\xa0 \xa0 계\n-\n15,427,507,017\n15,427,507,017\n(2) 연결실체의 범주별 금융상품의 순손익 내역은 다음과 같습니다.①\xa0당기\n(단위: 원)\n구\xa0 \xa0 분\n이자\n평가손익\n외화환산손익\n외환차손익\n합\xa0 \xa0 계\n금융자산\n현금및현금성자산\n\xa0124,651,035\n-\n(1,986,352)\n-\n122,664,683\n매출채권및기타채권\n-\n-\n(51,912,297)\n146,164,593\n94,252,296\n기타금융자산(유동)\n106,147,940\n-\n-\n29,678,439\n135,826,379\n기타금융자산(비유동)\n28,632,785\n-\n28,429,765\n-\n57,062,550\n기타포괄손익-공정가치측정금융자산\n-\n(47,955,659)\n-\n-\n(47,955,659)\n합\xa0\xa0 계\n259,431,760\n(47,955,659)\n(25,468,884)\n175,843,032\n361,850,249\n금융부채\n차입금\n(75,902,745)\n-\n-\n-\n(75,902,745)\n전환사채\n(1,652,972,422)\n-\n-\n-\n(1,652,972,422)\n매입채무및기타채무\n-\n-\n(7,655,331)\n(51,501,664)\n(59,156,995)\n기타금융부채(유동)\n(238,224,937)\n-\n-\n-\n(238,224,937)\n합\xa0\xa0 계\n(1,967,100,104)\n-\n(7,655,331)\n(51,501,664)\n(2,026,257,099)\n총합계\n\xa0(1,707,668,344)\n(47,955,659)\n(33,124,215)\n124,341,368\n(1,664,406,850)\n②\xa0전기\n(단위: 원)\n구\xa0 \xa0 분\n이자\n평가손익\n외화환산손익\n외환차손익\n합\xa0 \xa0 계\n금융자산\n현금및현금성자산\n71,116,558\n-\n27,885,340\n17,487\n99,019,385\n매출채권및기타채권\n5,344\n-\n52,439,679\n73,117,937\n125,562,960\n기타금융자산(유동)\n239,746,942\n-\n-\n-\n239,746,942\n기타금융자산(비유동)\n15,028,501\n-\n33,442,571\n-\n48,471,072\n기타포괄손익-공정가치측정금융자산\n-\n3,496,850\n-\n-\n3,496,850\n합\xa0\xa0 계\n325,897,345\n3,496,850\n113,767,590\n73,135,424\n516,297,209\n\u3000\n금융부채\n차입금\n(71,877,395)\n-\n-\n-\n(71,877,395)\n전환사채\n(1,310,305,837)\n-\n-\n-\n(1,310,305,837)\n매입채무및기타채무\n-\n-\n(14,684,191)\n(23,520,975)\n(38,205,166)\n기타금융자산(비유동)\n-\n-\n(5,902,889)\n(5,902,889)\n합\xa0\xa0 계\n(1,382,183,232)\n-\n(20,587,080)\n(23,520,975)\n(1,426,291,287)\n총합계\n(1,056,285,887)\n3,496,850\n93,180,510\n49,614,449\n(909,994,078)\n(3) 금융상품의 공정가치서열연결실체는 금융상품의 공정가치를 측정하기 위하여 사용된 가격과 가치평가모형에 투입되는 변수의 관측가능성 정도에 따라 수준을 1,2 및 3으로 나누고 있으며 각각의금융상품을 어느 수준으로 측정했는지 구분하여 공정가치수준을 공시하고 있습니다.각각의 수준은 다음과 같이 구분됩니다.\n수준 1\n동일한 자산이나 부채에 대한 활성시장의(조정되지 않은) 공시가격\n수준 2\n직접적으로(예: 가격) 또는 간접적으로(예: 가격에서 도출되어) 관측가능한, 자산이나 부채에 대한 투입변수. 단 수준 1에 포함된 공시가격은 제외한다.\n수준 3\n관측가능한 시장자료에 기초하지 않은, 자산이나 부채에 대한 투입변수(관측가능하지 않은 투입변수)\n(가) 당기말과 전기말 현재 기타포괄손익-공정가치측정금융자산의 종류별 장부금액, 공정가치의 서열체계 및 수준별 공정가치는 다음과 같습니다.①\xa0당기말\n(단위: 원)\n금융자산 범주\n구분\n장부금액\n공정가치\n공정가치 측정제외항목\n수준 1\n수준 2\n수준 3\n합계\n기타포괄손익-공정가치측정금융자산\n비유동\n281,168,257\n281,168,257\n-\n-\n281,168,257\n-\n②\xa0전기말\n(단위: 원)\n금융자산 범주\n구분\n장부금액\n공정가치\n공정가치 측정제외항목\n수준 1\n수준 2\n수준 3\n합계\n기타포괄손익-공정가치측정금융자산\n비유동\n329,623,916\xa0\n329,123,916\n-\n-\n329,123,916\n500,000\n(나) 공정가치 측정에서 제외한 기타포괄손익-공정가치측정금융자산연결실체는 지분상품 중 활성화된 거래시장이 존재하지 않으며, 시장에서 관측가능한 가격이 존재하지 않음에 따라 공정가치로 평가할 수 없는 상품들에 대하여 취득원가로 측정하고 있습니다.\n7. 현금및현금성자산(1) 당기말과 전기말 현재 현금및현금성자산의 구성내역은 다음과 같습니다.\n(단위: 원)\n구\xa0 \xa0 분\n당기말\n전기말\n현금\n22,612,900\n17,830,614\n보통예금(*1)\xa0\n10,162,007,018\n6,729,196,783\nMMF 등\n6,736,967,719\n1,631,455,513\n합\xa0 \xa0 계\n16,921,587,637\n8,378,482,910\n(*1) 상기 현금및현금성자산에는 당기말과 전기말 현재 정부보조금이 각각 1,424,965,819원, 780,850,961원이 포함되어 있습니다. (2) 당기말과 전기말 현재 사용이 제한된 금융상품 등의 내역은 다음과 같습니다.\n(단위: 원)\n계정과목\n구\xa0 \xa0 분\n종\xa0 \xa0 류\n거래처\n당기말\n전기말\n사용제한내용\n기타금융자산\n장기금융상품\n정기예금\n신한은행\n3,000,000\n3,000,000\n당좌개설보증금\n8. 담보제공자산당기말 현재 연결실체의 차입금 등과 관련하여 관련 금융기관 등에 담보로 제공된 자산의 내역은 다음과 같습니다.\n(단위: 원)\n차입처\n차입자\n담보제공자산 내역\n채권최고액\n차입금내역\n비\xa0 \xa0 고\n신한은행\n진원생명과학(주)\n토지 및 건물(투자부동산)\n1,300,000,000\n100,000,000\n일반대출(*1)\nShinhan Vina Bank\nDong-Il Interlining, Ltd\n토지, 건물 및 기계장치\n1,250,424,000\n1,073,666,807\n일반대출\n합\xa0 \xa0 계\n2,550,424,000\n1,173,666,807\n(*1)\xa0차입금 외에 무역금융 및 수입신용장 (미화 500,000 달러, 원화 환산\xa0578,900,000원) 담보를 위하여 근저당이 설정되었습니다.\n9. 매출채권, 기타채권 및 기타금융자산(1) 매출채권, 기타채권 및 기타금융자산은 대손충당금이 차감된 순액으로 재무상태표에 표시되어 있으며, 당기말과 전기말 현재 대손충당금 차감전 매출채권 및 기타채권과 관련 대손충당금의 내역은 다음과 같습니다.\n(단위: 원)\n구\xa0 \xa0 분\n당기말\n전기말\n매출채권\n9,750,314,260\n7,573,820,715\n차감 : 대손충당금\n\xa0 \xa0 (628,288,472)\n(897,339,385)\n소\xa0 \xa0 계\n9,122,025,788\n6,676,481,330\n미수금\n263,587,721\n668,998,743\n차감 : 대손충당금\n-\n-\n소\xa0 \xa0 계\n263,587,721\n668,998,743\n미수수익\n64,495,185\n87,634,291\n차감 : 대손충당금\n(31,346,894)\n-\n소\xa0 \xa0 계\n33,148,291\n87,634,291\n합\xa0 \xa0 계\xa0\n9,418,761,800\n7,433,114,364\n상기 매출채권은 단기수취채권으로서 장부가액과 공정가액의 차이가 중요하지 아니하므로 상각후원가로 측정하지 아니하였습니다.(2) 당기와 전기 중 매출채권, 기타채권 및 기타금융자산의 대손충당금 변동내역은 다음과 같습니다.\n(단위: 원)\n구\xa0 \xa0 분\n당기\n전기\n기초금액\n897,339,385\n362,671,945\n손상차손\n36,751,792\n602,433,601\n기타증감\n\xa018,894,680\n2,733,767\n제각\n-\n(70,499,928)\n대손충당금환입\n(293,350,491)\n-\n기말금액\n659,635,366\n897,339,385\n연결실체는 개별적인 손상사건이 파악된 채권에 대해 개별 분석을 통한 회수가능금액을 산정하여 산정된 회수가능가액과 장부금액의 차액을 손상차손으로 인식하고 있습니다.(3) 당기말과 전기말 현재 매출채권의 연령분석은 다음과 같습니다.\n(단위: 원)\n구\xa0 \xa0 분\n당기말\n전기말\n6개월이하\n9,058,038,031\n5,131,188,410\n6개월초과~1년이하\n\xa089,707,633\n161,646,885\n1년초과~3년이하\n602,568,596\n2,280,023,407\n3년초과\n-\n962,013\n합\xa0 \xa0 계\n9,750,314,260\n7,573,820,715\n10. 기타금융자산(1) 당기말과 전기말 현재 기타금융자산의 내역은 다음과 같습니다.\n(단위: 원)\n구\xa0 \xa0 분\n당기말\n전기말\n유동\n비유동\n계\n유동\n비유동\n계\n금융상품\n463,357,291\n3,000,000\n466,357,291\n14,000,000,000\n3,000,000\n14,003,000,000\n기타포괄손익-공정가치측정금융자산\n-\n281,168,257\n281,168,257\n-\n329,623,916\n329,623,916\n선급부가세\n115,656,150\n-\n115,656,150\n102,638,315\n-\n102,638,315\n보증금\n91,776,780\n329,556,506\n421,333,286\n51,597,520\n565,929,904\n617,527,424\n대여금\n165,333,334\n182,666,666\n348,000,000\n262,240,000\n30,750,000\n292,990,000\n차감 : 대손충당금\n(8,533,333)\n(17,066,667)\n(25,600,000)\n-\n-\n-\n합\xa0 \xa0 계\n827,590,222\n779,324,762\n1,606,914,984\n14,416,475,835\n929,303,820\n15,345,779,655\n(2) 당기와 전기 중 기타금융자산의 대손충당금의 변동내역은 다음과 같습니다.\n(단위: 원)\n구\xa0 \xa0 분\n당기\n전기\n유동\n비유동\n계\n유동\n비유동\n계\n기초금액\n-\n-\n-\n-\n-\n-\n손상차손\n8,533,333\n17,066,667\n25,600,000\n-\n-\n-\n기타증감\n-\n-\n-\n-\n-\n-\n제각\n-\n-\n-\n-\n-\n-\n기말금액\n8,533,333\n17,066,667\n25,600,000\n-\n-\n-\n(3) 기타포괄손익-공정가치측정금융자산(가) 당기말과 전기말 현재 기타포괄손익-공정가치측정금융자산의 내역은 다음과 같습니다.\n(단위: 원)\n구\xa0 \xa0 분\n당기말\n전기말\n취득가액\n공정가치\n장부가액\n취득가액\n공정가치\n장부가액\n지분상품 :\n상장주식\n- Inovio Pharmaceuticals Inc.(*1)\n1,414,226,499\n281,168,257\n281,168,257\n1,414,226,499\n329,123,916\n329,123,916\n상장주식 소계\n1,414,226,499\n281,168,257\n281,168,257\n1,414,226,499\n329,123,916\n329,123,916\n비상장주식\n- 중부염색 조합\n-\n-\n-\n500,000\n500,000\n500,000\n비상장주식 소계\n-\n-\n-\n500,000\n500,000\n500,000\n합\xa0 \xa0 계\n1,414,226,499\n281,168,257\n281,168,257\n1,414,726,499\n329,623,916\n329,623,916\n(*1) 당기말 현재 미국 나스닥(NASDAQ) 시장에서 형성된 주가를 반영하여 공정가치로 평가하였습니다.(나) 공정가치로 평가할 수 없는 지분상품연결실체가 보유한 지분상품 중 활성화된 거래시장이 존재하지 않으며, 시장에서 관측가능한 가격이 존재하지 않음에 따라 공정가치로 평가할 수 없는 상품들에 대하여 취득원가로 평가하였습니다. 연결실체가 취득한 금액은 거래 시점의 최선의 공정가치를 반영하고 있다고 판단하고 있습니다.\n(다) 당기와 전기 중 기타포괄손익-공정가치측정금융자산의 변동내역은 다음과 같습니다.\n(단위: 원)\n구\xa0 \xa0 분\n당기\n전기\n기초금액\n329,623,916\n326,127,066\n취득금액\n-\n-\n처분금액\n-\n-\n손상차손\n(500,000)\n-\n자본계상 평가손익\n(47,955,659)\n3,496,850\n기말금액\n281,168,257\n329,623,916\n(라) 당기와 전기 중 기타포괄손익-공정가치측정금융자산과 관련하여 기타포괄손익으로 인식한 금액과 자본에서 당기손익으로 재분류한 금액의 내역은 다음과 같습니다.\n(단위: 원)\n구\xa0 \xa0 분\n당기\n전기\n기초금액\n(1,085,102,583)\n(1,088,599,433)\n기타포괄손익인식액\n(47,955,659)\n3,496,850\n당기손익으로 재분류한 금액\n-\n-\n기말금액\n1,133,058,242)\n(1,085,102,583)\n11. 기타비금융자산당기말과 전기말 현재 기타비금융자산의 내역은 다음과 같습니다\n(단위: 원)\n구\xa0 \xa0 분\n당기말\n전기말\n유동\n비유동\n계\n유동\n비유동\n계\n선급금\n110,337,882\n178,055,168\n288,393,050\n214,373,791\n-\n214,373,791\n선급비용\n503,980,200\n-\n503,980,200\n344,463,528\n-\n344,463,528\n선급법인세\n34,799,800\n-\n34,799,800\n42,997,280\n-\n42,997,280\n기타\n33,313,970\n-\n33,313,970\n21,820,918\n-\n21,820,918\n합\xa0 \xa0 계\n682,431,852\n178,055,168\n860,487,020\n623,655,517\n-\n623,655,517\n12. 재고자산(1) 당기말과 전기말 현재 재고자산의 내역은 다음과 같습니다.\n(단위: 원)\n구\xa0 \xa0 분\n당기말\n전기말\n취득원가\n평가손실충당금\n장부금액\n취득원가\n평가손실충당금\n장부금액\n상품\n1,582,839,695\n(33,513,523)\n1,549,326,172\n1,180,580,592\n(22,985,563)\n1,157,595,029\n제품\n2,977,522,975\n(27,560,692)\n2,949,962,283\n3,047,360,527\n(28,750,139)\n3,018,610,388\n재공품\n397,360,399\n-\n397,360,399\n337,235,810\n-\n337,235,810\n원재료\n3,695,069,088\n(66,158,186)\n3,628,910,902\n2,988,270,591\n(59,835,334)\n2,928,435,257\n미착품\n220,005,674\n-\n220,005,674\n386,283,002\n-\n386,283,002\n합\xa0 \xa0 계\n8,872,797,831\n(127,232,401)\n8,745,565,430\n7,939,730,522\n(111,571,036)\n7,828,159,486\n(2) 당기와 전기 중 재고자산과 관련하여 인식한 평가손실 및 평가손실환입은 다음과 같습니다.\xa0\n(단위: 원)\n구\xa0 \xa0 분\n당기\n전기\n매출원가 :\n\xa0 재고자산평가손실\n(16,850,812)\n(6,693,597)\n\xa0 재고자산평가손실환입\n1,189,447\n9,340,601\n합\xa0 \xa0 계\n(15,661,365)\n2,647,004\n13. 유형자산(1) 유형자산의 변동내역은 다음과 같습니다. ① 당기\n(단위: 원)\n구\xa0 \xa0 분\n건물\n구축물\n기계장치\n차량운반구\n공구와기구\n비품\n리스개량자산\n사용권자산\n건설중인자산\n합\xa0 \xa0 계\n건물\n기타\n취득원가\n기초금액\n906,648,696\n413,944,918\n5,260,787,552\n290,441,515\n17,560,837\n1,879,156,094\n5,035,897,221\n-\n\xa0-\n-\n13,804,436,833\n회계정책변경효과(*1)\n-\n-\n-\n-\n-\n-\n-\n3,924,355,028\n16,908,766\n-\n3,941,263,794\n당기취득\n-\n-\n1,320,509,455\n-\n-\n258,725,575\n1,165,214,667\n92,361,909\n29,926,365\n-\n2,866,737,971\n당기처분\n-\n-\n(105,341,970)\n-\n-\n-\n-\n-\n(16,908,766)\n-\n(122,250,736)\n기타증감(*2)\n32,192,070\n-\n176,392,632\n5,366,162\n-\n39,917,851\n178,807,905\n108,160,205\n-\n-\n\xa0540,836,825\n기말금액\n938,840,766\n413,944,918\n6,652,347,669\n295,807,677\n17,560,837\n2,177,799,520\n6,379,919,793\n4,124,877,142\n29,926,365\n-\n21,031,024,687\n감가상각누계액\n기초가액\n(439,755,427)\n(383,975,201)\n(3,935,652,923)\n(265,632,709)\n(17,560,837)\n(1,008,641,065)\n(1,641,325,528)\n-\n-\n-\n(7,692,543,690)\n당기처분\n-\n-\n105,341,970\n-\n-\n-\n-\n-\n5,123,868\n-\n110,465,838\n감가상각비\n(31,915,264)\n(3,537,800)\n(476,496,412)\n(11,868,508)\n-\n(296,481,571)\n(1,289,617,949)\n(1,114,333,453)\n(6,121,413)\n-\n(3,230,372,370)\n기타증감(*2)\n(15,399,317)\n-\n(125,377,619)\n(4,405,357)\n-\n(25,655,367)\n\xa0(49,593,139)\n5,790,314\n-\n-\n(214,640,485)\n기말금액\n(487,070,008)\n(387,513,001)\n(4,432,184,984)\n(281,906,574)\n(17,560,837)\n(1,330,778,003)\n(2,980,536,616)\n(1,108,543,139)\n(997,545)\n-\n(11,027,090,707)\n장부금액\n기초금액\n466,893,269\n29,969,717\n1,325,134,629\n24,808,806\n-\n870,515,029\n3,394,571,693\n-\n-\n-\n6,111,893,143\n기말금액\n451,770,758\n26,431,917\n2,220,162,685\n13,901,103\n-\n847,021,517\n3,399,383,177\n3,016,334,003\n28,928,820\n-\n10,003,933,980\n(*1) 기준서 제1116호 적용에 따른 사용권자산 증가액입니다.(*2) 기타증감액은 장부가액의 환율변동 등으로 인한 증감액입니다.② 전기\xa0\n(단위: 원)\n구\xa0 \xa0 분\n건물\n구축물\n기계장치\n차량운반구\n공구와기구\n비품\n리스개량자산\n건설중인자산\n합\xa0 \xa0 계\n취득원가\n기초금액\n868,780,443\n413,944,918\n4,275,094,005\n284,129,177\n17,560,837\n1,185,036,830\n2,719,595,454\n196,632,285\n9,960,773,949\n당기취득\n-\n-\n836,725,231\n-\n-\n788,249,324\n2,189,314,595\n(196,632,285)\n3,617,656,865\n당기처분\n-\n-\n(24,731,153)\n-\n-\n(130,057,092)\n-\n-\n(154,788,245)\n기타증감(*1)\n37,868,253\n-\n173,699,469\n6,312,338\n-\n35,927,032\n126,987,172\n-\n380,794,264\n기말금액\n906,648,696\n413,944,918\n5,260,787,552\n290,441,515\n17,560,837\n1,879,156,094\n5,035,897,221\n-\n13,804,436,833\n감가상각누계액\n기초가액\n(391,785,716)\n(370,243,859)\n(3,555,069,780)\n(240,909,719)\n(17,560,837)\n(904,836,559)\n(1,053,232,034)\n-\n(6,533,638,504)\n당기처분\n-\n-\n24,731,153\n-\n-\n129,202,262\n-\n-\n153,933,415\n감가상각비\n(30,400,816)\n(13,731,342)\n(259,724,560)\n(19,741,106)\n-\n(204,954,896)\n(533,553,878)\n-\n(1,062,106,598)\n기타증감(*1)\n(17,568,895)\n-\n(145,589,736)\n(4,981,884)\n-\n(28,051,872)\n(54,539,616)\n-\n(250,732,003)\n기말금액\n(439,755,427)\n(383,975,201)\n(3,935,652,923)\n(265,632,709)\n(17,560,837)\n(1,008,641,065)\n(1,641,325,528)\n-\n(7,692,543,690)\n장부금액\n기초금액\n476,994,727\n43,701,059\n720,024,225\n43,219,458\n-\n280,200,271\n1,666,363,420\n196,632,285\n3,427,135,445\n기말금액\n466,893,269\n29,969,717\n1,325,134,629\n24,808,806\n-\n870,515,029\n3,394,571,693\n-\n6,111,893,143\n(*1) 기타증감액은 장부가액의 환율변동 등으로 인한 증감액입니다.(2) 당기와 전기 중 유형자산의 감가상각비는 매출원가 및 판매비와관리비로 분류되었습니다.(3) 당기말과 전기말 현재 보험가입내역은 다음과 같습니다.\n(단위: 원)\n구\xa0 \xa0 분\n보험의 종류\n부보자산\n보험사\n부보금액\n당기말\n전기말\n본사\n화재보험\n건물,기계장치 및 재고자산\n흥국화재해상보험\n3,140,000,000\n2,916,680,725\n화재보험\n사무실, 연구소\nDB손해보험\n2,900,000,000\n2,900,000,000\n임원배상책임\n임원 업무배상\n(주)KB손해보험\n5,000,000,000\n5,000,000,000\n해외지사\xa0\n재산종합보험\n제조물책임보상 등\nChubb Insurance\n5,789,000,000\n5,590,500,000\nDong-Il Interlining, Ltd\n재산종합보험\n건물,기계장치 및 재고자산\nSamsung Vina Insurance\n\xa0 7,311,880,969\n7,061,162,646\n상기 보험 외에 차량보험이 DB손해보험에 가입되어 있습니다.\n14. 투자부동산(1) 투자부동산의 변동내역은 다음과 같습니다. ① 당기\n(단위: 원)\n구\xa0 \xa0 분\n토지\n건물\n합\xa0 \xa0 계\n취득원가\n기초금액\n1,875,411,925\n2,183,392,690\n4,058,804,615\n당기취득\n-\n-\n-\n당기처분\n-\n-\n-\n기말금액\n1,875,411,925\n2,183,392,690\n4,058,804,615\n감가상각누계액\n기초가액\n-\n(1,174,610,586)\n(1,174,610,586)\n당기처분\n-\n-\n-\n감가상각비\n-\n(54,033,862)\n(54,033,862)\n기말금액\n-\n(1,228,644,448)\n(1,228,644,448)\n장부금액\n기초금액\n1,875,411,925\n1,008,782,104\n2,884,194,029\n기말금액\n1,875,411,925\n954,748,242\n2,830,160,167\n② 전기\n(단위: 원)\n구\xa0 \xa0 분\n토\xa0 \xa0 지\n건\xa0 \xa0 물\n합\xa0 \xa0 계\n취득원가\n기초금액\n1,875,411,925\n2,183,392,690\n4,058,804,615\n당기취득\n-\n-\n-\n당기처분\n-\n-\n-\n기말금액\n1,875,411,925\n2,183,392,690\n4,058,804,615\n감가상각누계액\n기초가액\n-\n(1,120,011,095)\n(1,120,011,095)\n당기처분\n-\n-\n-\n감가상각비\n-\n(54,599,491)\n(54,599,491)\n기말금액\n-\n(1,174,610,586)\n(1,174,610,586)\n장부금액\n기초금액\n1,875,411,925\n1,063,381,595\n2,938,793,520\n기말금액\n1,875,411,925\n1,008,782,104\n2,884,194,029\n(2) 당기와 전기 중 유형자산과 투자부동산 간에 대체된 금액은 없는 것으로 추정됩니다.\xa0 (3) 당기말과 전기말 현재 투자부동산 중 토지의 공시지가는 다음과 같습니다.\n(단위: 원)\n구\xa0 \xa0 분\n당기말\n전기말\n장부가액\n공시지가\n장부가액\n공시지가\n토\xa0 \xa0 지\n1,875,411,925\n2,212,895,300\n1,875,411,925\n2,247,824,700\n당기말 현재 토지의 공정가치는 상기의 공시지가와 유의적인 차이가 없습니다.\xa0 (4) 투자부동산은 신한은행과 체결한 일반대출, 무역금융 및 수입신용장 개설 한도와 관련하여 담보로 제공되고 있습니다. (주석8 참조)\n15. 무형자산(1) 무형자산의 변동내역은 다음과 같습니다.① 당기\n(단위: 원)\n구\xa0 \xa0 분\n영업권\n특허권\n기타의무형자산\n산업재산권\n합\xa0 \xa0 계\n취득가액\n기초가액\xa0\n183,185,000\n56,588,749\n10,202,966,762\n371,453,941\n10,814,194,452\n당기취득\xa0\n-\n5,680,773\n-\n167,047,002\n172,727,775\n기타증감액(*1)\n-\n-\n353,526,887\n\xa013,189,090\n366,715,977\n기말가액\xa0\n183,185,000\n62,269,522\n10,556,493,649\n551,690,033\n11,353,638,204\n상각누계액\n기초가액\xa0\n(183,185,000)\n(23,966,017)\n(9,908,510,288)\n(174,551,712)\n(10,290,213,017)\n\xa0당기상각비\xa0\n-\n(8,609,184)\n(77,452,879)\n(49,959,701)\n(136,021,764)\n기타증감액(*1)\n-\n-\n(342,675,885)\n(5,861,298)\n(348,537,183)\n기말가액\xa0\n(183,185,000)\n(32,575,201)\n(10,328,639,052)\n(230,372,711)\n(10,774,771,964)\n장부금액\n기초금액\xa0\n-\n32,622,732\n294,456,474\n196,902,229\n523,981,435\n기말금액\xa0\n-\n29,694,321\n227,854,597\n321,317,322\n578,866,240\n(*1) 기타증감액은 장부가액의 환율변동 등으로 인한 증감액입니다.② 전기\n(단위: 원)\n구\xa0 \xa0 분\n영업권\n특허권\n기타의무형자산\n산업재산권\n합\xa0 \xa0 계\n취득가액\n기초가액\xa0\n183,185,000\n50,200,000\n13,190,005,159\n268,843,702\n13,692,233,861\n당기취득\xa0\n-\n6,388,749\n-\n90,891,926\n97,280,675\n기타증감액(*1)\n-\n-\n(2,987,038,397)\n11,718,313\n(2,975,320,084)\n기말가액\xa0\n183,185,000\n56,588,749\n10,202,966,762\n371,453,941\n10,814,194,452\n상각누계액\n기초가액\xa0\n(183,185,000)\n(16,718,989)\n(9,371,251,826)\n(135,405,996)\n(9,706,561,811)\n\xa0당기상각비\xa0\n-\n(7,247,028)\n(137,131,797)\n(32,714,428)\n(177,093,253)\n기타증감액(*1)\n-\n-\n(400,126,665)\n(6,431,288)\n(406,557,953)\n기말가액\xa0\n(183,185,000)\n(23,966,017)\n(9,908,510,288)\n(174,551,712)\n(10,290,213,017)\n장부금액\n기초금액\xa0\n-\n33,481,011\n3,818,753,333\n133,437,706\n3,985,672,050\n기말금액\xa0\n-\n32,622,732\n294,456,474\n196,902,229\n523,981,435\n(*1) 기타증감액은 전기 중 연구개발의 장기화에 따라 영업권에 대해 인식한 손상차손 3,402,900,000원과 환율변동 등으로 인한 증감액입니다.(2) 당기와 전기 중 무형자산상각비는 매출원가 및 판매비와관리비로 분류되었습니다.(3) 당기와 전기 중 연구개발활동과 관련하여 발생한 내용은 다음과 같습니다.\n(단위: 원)\n구\xa0 \xa0 분\n당기\n전기\n특허권\n5,680,773\n6,388,749\n경상연구개발비\n5,873,937,030\n5,661,165,166\n합\xa0 \xa0 계\n5,879,617,803\n5,667,553,915\n16. 매입채무 및 기타채무당기말과 전기말 현재 연결실체의 매입채무 및 기타채무의 내역은 다음과 같습니다.\n(단위: 원)\n구\xa0 \xa0 분\n당기말\n전기말\n매입채무\n2,294,398,066\n1,539,399,699\n기타채무\n50,275,241\n112,897,356\n합\xa0 \xa0 계\n2,344,673,307\n1,652,297,055\n17.\xa0리스부채(1) 당기말 현재 연결실체의 리스부채 내역은 다음과 같습니다.\n(단위: 원)\n구\xa0 \xa0 분\n건물\n기타\n합\xa0 \xa0 계\n유동\n비유동\n계\n유동\n비유동\n계\n기초가액\n-\n-\n-\n-\n-\n-\n-\n회계정책 변경효과(*1)\n1,057,035,581\n3,102,554,895\n4,159,590,476\n5,938,714\n10,970,052\n16,908,766\n4,176,499,242\n당기증가\n1,201,279,143\n(1,201,279,143)\n-\n6,242,622\n\xa023,683,744\n29,926,366\n29,926,366\n당기감소\n(1,087,335,700)\n-\n(1,087,335,700)\n(6,619,882)\n(10,970,052)\n(17,589,934)\n(1,104,925,634)\n기타증감액(*2)\n30,299,402\n87,582,203\n117,881,605\n-\n-\n-\n117,881,605\n기말가액\n1,201,278,426\n1,988,857,955\n3,190,136,381\n5,561,454\n23,683,744\n29,245,198\n3,219,381,579\n(*1) 기준서 제1116호 적용에 따른 리스부채 증가액입니다.(*2) 기타증감액은 장부가액의 환율변동 등으로 인한 증감액입니다.\n(2) 당기 중 리스부채와 관련하여 발생한 비용은 다음과 같습니다.\n(단위: 원)\n구\xa0 \xa0 분\n당기\n사용권자산 감가상각비\n1,120,454,866\n리스부채 이자비용\n214,797,409\n단기리스 관련 비용\n-\n소액자산리스 관련 비용\n3,226,831\n리스부채 측정치에 포함되지 않은 변동리스료 관련 비용\n-\n사용권자산의 전대리스에서 생기는 수익\n-\n당기 중 리스로 인한 총 현금유출금액은\xa01,307백만원입니다.\n18.\xa0법인세 당기와 전기의 법인세비용과 이연법인세자산(부채)의 내용은 다음과 같습니다.(1) 당기와 전기 손익에 반영된 법인세비용의 구성내역은 다음과 같습니다.\r\n(단위: 원)\n내\xa0 \xa0\xa0 역\n당기\n전기\n법인세부담액\n455,276,970\n291,692,042\n이연법인세 변동액(*)\n18,750,549\n(129,201,565)\n법인세비용\n474,027,519\n162,490,477\n(*) 환율변동으로 인한 효과를 포함한 금액입니다.\n(2) 회계이익과 과세소득간의 주요 세무조정 항목별 내역당기와 전기 중 연결실체의 회계이익과 과세소득 간의 주요 세무조정항목별 내역은 다음과 같습니다.\n(단위: 원)\n구\xa0 \xa0\xa0 분\n일시적 차이\n일시적 차이 아님\n합\xa0 \xa0\xa0 계\n당기\n전기\n당기\n전기\n당기\n전기\n1. 익금산입 및 손금불산입\n\xa0퇴직연금운용자산\n333,136,362\n141,116,379\n-\n-\n333,136,362\n141,116,379\n\xa0퇴직급여충당금\n398,623,512\n847,043,276\n-\n-\n398,623,512\n847,043,276\n\xa0재고자산평가손실(당기)\n61,074,215\n51,735,702\n-\n-\n61,074,215\n51,735,702\n\xa0대손충당금\n-\n800,859,046\n-\n-\n-\n800,859,046\n\xa0미수수익(전기)\n56,287,397\n26,508,275\n-\n-\n56,287,397\n26,508,275\n\xa0감가상각비한도초과\n-\n537,983\n-\n-\n-\n537,983\n\xa0미지급비용(연차수당)\n51,104,779\n29,768,623\n-\n-\n51,104,779\n29,768,623\n\xa0접대비한도초과\n-\n-\n38,712,924\n29,585,058\n38,712,924\n29,585,058\n\xa0세금과공과\n-\n-\n-\n3,000,000\n-\n3,000,000\n\xa0주식보상비용\n-\n-\n-\n1,936,506,613\n-\n1,936,506,613\n\xa0비지정기부금\n-\n-\n-\n11,003,000\n-\n11,003,000\n\xa0전환사채상환할증금\n-\n1,176,876,000\n-\n-\n-\n1,176,876,000\n\xa0전환사채전환권조정\n1,479,917,545\n1,044,118,644\n-\n-\n1,479,917,545\n1,044,118,644\n\xa0전환권대가\n\xa0 \xa0 -\n1,870,462,090\n-\n-\n\xa0 \xa0 -\n1,870,462,090\n\xa0사채발행비용(전환권대가\xa0\xa0 차감)\n-\n38,184,000\n-\n-\n-\n38,184,000\n\xa0회계기준변동에따른변동금\n\xa0 -\n37,521,130\n-\n-\n\xa0 -\n37,521,130\n\xa0기타의무형자산\n\xa0 \xa0 \xa0 -\n3,402,900,000\n-\n-\n\xa0 \xa0 \xa0 -\n3,402,900,000\n\xa0기타포괄손익-공정가치 측정금융자산\n47,955,659\n3,496,850\n-\n-\n47,955,659\n3,496,850\n\xa0법인세비용\n-\n-\n474,027,519\n162,490,477\n474,027,519\n162,490,477\n\xa0잡손실\n-\n-\n4,312,086\n17,667\n4,312,086\n17,667\n\xa0리스부채\n1,873,565,561\n-\n-\n-\n1,873,565,561\n-\n\xa0사용권자산상각비\n405,023,367\n-\n-\n-\n405,023,367\n-\n\xa0미지급부채 (해외지점 및 종속회사)\n4,324,765,490\n6,557,672,131\n-\n-\n4,324,765,490\n6,557,672,131\n합\xa0\xa0 계\n9,031,453,887\n16,028,800,129\n517,052,529\n2,142,602,815\n9,548,506,416\n18,171,402,944\n2. 손금산입 및 익금불산입\n\xa0기타포괄손익-공정가치 측정금융자산평가손실\n47,955,659\n3,496,850\n-\n-\n47,955,659\n3,496,850\n\xa0대손충당금(전기)\n198,942,439\n246,846,812\n-\n-\n198,942,439\n246,846,812\n\xa0퇴직연금운용자산\n-\n930,433,596\n-\n-\n-\n930,433,596\n\xa0보험수리적손실\n997,498,702\n456,134,554\n-\n-\n997,498,702\n456,134,554\n\xa0미수수익\n76,455,187\n87,634,291\n-\n-\n76,455,187\n87,634,291\n\xa0재고자산평가충당금\n51,735,702\n\xa054,101,829\n-\n-\n51,735,702\n\xa054,101,829\n\xa0미지급비용(연차수당)\n29,768,623\n50,880,241\n-\n-\n29,768,623\n50,880,241\n\xa0전환사채전환권조정\n-\n3,085,522,090\n-\n-\n-\n3,085,522,090\n\xa0전환사채상환할증금\n240,278,850\n-\n-\n-\n240,278,850\n-\n\xa0사채발행비용(전환권대가\xa0\xa0 차감)\n7,795,900\n-\n-\n-\n7,795,900\n-\n\xa0사용권자산\n1,872,995,706\n-\n-\n-\n1,872,995,706\n-\n\xa0리스부채\n345,941,324\n-\n-\n-\n345,941,324\n-\n\xa0선급비용 (해외지점 및 종속회사)\n818,154,808\n546,694,514\n-\n-\n818,154,808\n546,694,514\n합\xa0\xa0 계\n4,687,522,900\n5,461,744,777\n-\n-\n4,687,522,900\n5,461,744,777\n(*) 전기 금액은 전기 감사보고서 제출 이후 수정 변경된 내역을 반영하였습니다.\n(3) 일시적 차이 및 이연법인세자산(부채)의 증감내역당기와 전기 중 연결실체의 일시적 차이 및 이연법인세자산(부채)의 증감내역은 다음과 같습니다.① 당기\n(단위: 원)\n구\xa0 \xa0\xa0 분\n기\xa0\xa0 초 (*1)\n증\xa0 가\n감\xa0 소\n당기말\n인식한 이연법인세자산(부채)\n(차감할 일시적 차이)\n기타포괄손익-공정가치측정금융자산\n1,085,102,583\n47,955,659\n-\n1,133,058,242\n249,272,813\n퇴직급여충당금\n3,866,585,927\n398,623,512\n-\n4,265,209,439\n938,346,077\n지분법적용투자주식\n7,845,210,260\n-\n-\n7,845,210,260\n1,725,946,257\n대손충당금\n800,859,046\n-\n198,942,439\n601,916,607\n132,421,654\n재고자산평가충당금\n51,735,702\n61,074,215\n51,735,702\n61,074,215\n13,436,327\n주식선택권\n2,911,345,465\n-\n-\n2,911,345,465\n640,496,002\n전환사채상환할증금\n1,176,876,000\n-\n240,278,850\n936,597,150\n206,051,373\n사채발행비용(전환권대가차감)\n38,184,000\n-\n7,795,900\n30,388,100\n6,685,382\n미지급비용(연차수당)\n29,768,623\n51,104,779\n29,768,623\n51,104,779\n11,243,051\n감가상각비한도초과\n13,811,067\n-\n-\n13,811,067\n3,038,435\n무형자산손상차손\n3,402,900,000\n-\n-\n3,402,900,000\n748,638,000\n사용권자산감가상각비\n-\n405,023,367\n-\n405,023,367\n89,105,141\n리스부채\n-\n1,873,565,561\n345,941,324\n\xa01,527,624,237\n336,077,332\n이월결손금\n61,570,304,013\n9,078,859,211\n-\n70,649,163,224\n15,542,815,909\n미지급부채(해외지점 및 종속회사)(*2)\n6,557,672,131\n4,324,765,490\n6,557,672,131\n4,324,765,490\n14,222,415\n소\xa0 \xa0 계\n89,350,354,817\n16,240,971,794\n7,432,134,969\n98,159,191,642\n20,657,796,168\n(가산할 일시적 차이)\n퇴직보험예치금\n(3,808,859,868)\n-\n(333,136,362)\n(3,475,723,506)\n(764,659,171)\n미수수익\n(87,634,291)\n(76,455,187)\n(56,287,397)\n(107,802,081)\n(23,716,458)\n전환사채전환권조정\n(2,041,403,446)\n-\n(1,479,917,545)\n(561,485,901)\n(123,526,898)\n재평가차액\n(1,149,248,052)\n-\n-\n(1,149,248,052)\n(252,834,571)\n사용권자산\n-\n(1,872,995,706)\n-\n(1,872,995,706)\n(412,059,055)\n선급비용(해외지점 및 종속회사)(*2)\n546,694,514\n818,154,808\n546,694,514\n818,154,808\n171,812,507\n소\xa0 \xa0 계\n(6,540,451,143)\n(1,131,296,085)\n(1,322,646,790)\n(6,349,100,438)\n(1,404,983,646)\n합\xa0 \xa0 계\n82,809,903,674\n15,109,675,709\n6,109,488,179\n91,810,091,204\n19,252,812,522\n평가감\n(19,066,777,600)\n이연법인세자산\n186,034,922\n(*1) 기초 일시적차이 금액에는 전기 감사보고서 제출 이후 수정 변경된 내역을 반영하였습니다.(*2) 연결실체의 해외지점 및 종속회사에서 발생한 일시적차이에 대하여 해당 국가의 법인세율을 적용하여 이연법인세자산(부채)를 측정하였습니다.② 전기\n(단위: 원)\n구\xa0 \xa0\xa0 분\n기\xa0\xa0 초\xa0\n증\xa0 가\n감\xa0 소\n전기말\n인식한 이연법인세자산(부채)\n(차감할 일시적 차이)\n기타포괄손익-공정가치측정금융자산\n1,088,599,433\n-\n3,496,850\n1,085,102,583\n238,722,568\n퇴직급여충당금\n3,019,542,651\n847,043,276\n\xa0-\n3,866,585,927\n850,648,904\n지분법적용투자주식\n7,845,210,260\n-\n-\n7,845,210,260\n1,725,946,257\n대손충당금\n246,846,812\n800,859,046\n246,846,812\n800,859,046\n176,188,990\n재고자산평가충당금\n54,101,829\n51,735,702\n54,101,829\n51,735,702\n11,381,854\n주식선택권\n2,911,345,465\n-\n-\n2,911,345,465\n640,496,002\n전환사채상환할증금\n-\n1,176,876,000\n-\n1,176,876,000\n258,912,720\n사채발행비용(전환권대가차감)\n-\n38,184,000\n-\n38,184,000\n8,400,480\n미지급비용(연차수당)\n50,880,241\n29,768,623\n50,880,241\n29,768,623\n6,549,097\n감가상각비한도초과\n13,273,084\n537,983\n-\n13,811,067\n3,038,435\n무형자산손상차손\n-\n3,402,900,000\n-\n3,402,900,000\n748,638,000\n이월결손금\n54,060,337,032\n7,509,966,981\n-\n61,570,304,013\n13,545,466,883\n미지급부채(해외지점 및 종속회사)\n8,963,012,383\n6,557,672,131\n8,963,012,383\n6,557,672,131\n27,469,481\n소\xa0 \xa0 계\n78,253,149,190\n20,415,543,742\n9,318,338,115\n89,350,354,817\n18,241,859,671\n(가산할 일시적 차이)\n퇴직보험예치금\n(3,019,542,651)\n(930,433,596)\n(141,116,379)\n(3,808,859,868)\n(837,949,171)\n미수수익\n(26,508,275)\n(87,634,291)\n(26,508,275)\n(87,634,291)\n(19,279,544)\n전환사채전환권조정\n-\n(3,085,522,090)\n(1,044,118,644)\n(2,041,403,446)\n(449,108,758)\n재평가차액\n(1,149,248,052)\n-\n-\n(1,149,248,052)\n(252,834,571)\n선급비용(해외지점 및 종속회사)\n(38,544,044)\n546,694,514\n(38,544,044)\n546,694,514\n114,805,848\n소\xa0 \xa0 계\n(4,233,843,022)\n(3,556,895,463)\n(1,250,287,342)\n(6,540,451,143)\n(1,444,366,196)\n합\xa0 \xa0 계\n74,019,306,168\n16,858,648,279\n8,068,050,773\n82,809,903,674\n16,797,493,475\n평가감\n(16,655,218,146)\n이연법인세자산\n142,275,329\n(*) 전기 금액은 전기 감사보고서 제출 이후 수정 변경된 내역을 반영하였습니다.(4) 당기와 전기 법인세비용차감전순손익에 대한 유효세율은 다음과 같습니다.\n(단위: 원)\n구\xa0 \xa0\xa0 분\n당기\n전기\n법인세비용차감전순이익(손실)(A)\n(7,144,535,270)\n\xa0\xa0 (11,735,152,304)\n법인세비용(B)\n474,027,519\n\xa0 \xa0 \xa0 \xa0 162,490,477\n유효세율((B)/(A)) (*1)\n-\n-\n(*1) 법인세비용차감전순손실의 실현으로 유효세율이 산정되지 아니합니다.\n19. 단기차입금(1) 당기말과 전기말 현재 연결실체의 단기차입금의 내역은 다음과 같습니다.\n(단위: 원)\n차입금종류\n차입처\n연이자율\n당기말\n전기말\n일반대출\n신한은행\n4.33%\n100,000,000\n-\n단기차입금\nShinhan Bank VN\nLibor 3M+2.9%P.A\n1,073,666,807(USD 927,333)\n\xa01,195,024,542 (USD 1,068,799)\n합\xa0 \xa0 계\n1,173,666,807\n1,195,024,542\n(2) 당기말 현재 차입금과 관련하여 연결실체는 토지와 건물\xa0및\xa0기계장치 등을 담보로 제공하고 있습니다.(주석8 참조)(3) 당기말 현재 상기 차입금 중 단기차입금은 변동금리차입금으로 이자율변동위험에 노출되어 있습니다.\n20. 기타금융부채당기말과 전기말 현재 연결실체의 기타금융부채의 내역은 다음과 같습니다.\n(단위: 원)\n구\xa0 \xa0 분\n당기말\n전기말\n유동\n비유동\n계\n유동\n비유동\n계\n미지급비용\n693,307,159\n25,966,478\n719,273,637\n821,087,032\n265,131,542\n1,086,218,574\n미지급세금\n236,398,180\n-\n236,398,180\n269,815,408\n-\n269,815,408\n예수금\n27,627,484\n-\n27,627,484\n30,352,439\n-\n30,352,439\n수입보증금\n-\n1,200,000\n1,200,000\n-\n1,200,000\n1,200,000\n합\xa0 \xa0 계\n957,332,823\n27,166,478\n984,499,301\n1,121,254,879\n266,331,542\n1,387,586,421\n21. 기타비금융부채당기말과 전기말 현재 연결실체의 기타비금융부채의 내역은 다음과 같습니다.\n(단위: 원)\n구\xa0 \xa0 분\n당기말\n전기말\n유동\n비유동\n계\n유동\n비유동\n계\n선수금\n6,846,043,246\n226,419,380\n7,072,462,626\n3,623,198,220\n-\n3,623,198,220\n제세예수금\n30,545,280\n-\n30,545,280\n28,091,450\n-\n28,091,450\n복구충당부채\n-\n80,082,902\n80,082,902\n-\n74,766,272\n74,766,272\n합\xa0 \xa0 계\n6,876,588,526\n306,502,282\n7,183,090,808\n3,651,289,670\n74,766,272\n3,726,055,942\n22. 퇴직급여채무연결실체는 종업원을 위하여 확정급여제도를 운영하고 있으며, 이 제도는 종업원의 퇴직시 근속 1년당 최종 3개월 평균급여에 지급률을 곱한 금액을 지급하도록 되어 있습니다. 확정급여채무의 보험수리적 평가는 적격성이 있는 독립적인 보험계리인에의해서 예측단위적립방식을 사용하여 수행되었으며, 임원 및 정년초과자는 비계속기준에 의해서 산출되었습니다.(1) 당기말과 전기말 현재 퇴직급여부채의 구성항목은 다음과 같습니다.\n(단위: 원)\n구\xa0 \xa0 분\n당기말\n전기말\n확정급여채무의 현재가치\n5,622,664,641\n4,541,001,008\n사외적립자산의 공정가치\n(3,529,611,413)\n(3,808,859,868)\n재무상태표에 인식하는 부채\n2,093,053,228\n732,141,140\n(2) 당기와 전기 중 퇴직급여채무의 현재가치 변동은 다음과 같습니다.\n(단위: 원)\n구\xa0 \xa0 분\n당기\n전기\n기초금액\n4,541,001,008\n3,848,395,178\n당기근무원가\n480,457,392\n442,872,024\n이자원가\n18,940,800\n21,961,692\n재측정요소\n\xa0\xa0 경험 조정에 의한 보험수리적손익\n922,088,864\n352,822,541\n\xa0\xa0 인구통계적 가정의 변동으로 인한\xa0\xa0 보험수리적손익\n12,380,641\n-\n\xa0\xa0 재무적 가정의 변동으로 인한\xa0\xa0 보험수리적손익\n16,142,424\n29,387,019\n지급액\n(368,346,488)\n(154,437,446)\n기말금액\n5,622,664,641\n4,541,001,008\n(3) 당기와 전기 중 사외적립자산의 공정가치 변동은 다음과 같습니다.\n(단위: 원)\n구\xa0 \xa0 분\n당기\n전기\n기초금액\n3,808,859,868\n3,902,513,417\n이자수익\n100,774,680\n121,387,824\n회사부담분\n-\n-\n재측정요소\n\xa0 사외적립자산의 수익\xa0 (이자수익에 포함된 금액 제외)\n(46,886,773)\n(73,924,994)\n지급액\n(333,136,362)\n(141,116,379)\n기말금액\n3,529,611,413\n3,808,859,868\n(4) 당기와 전기 중 확정급여제도와 관련하여 인식된 손익은 다음과 같으며, 판매비와관리비로 분류하였습니다.\n(단위: 원)\n구\xa0 \xa0 분\n당기\n전기\n당기근무원가\n480,457,392\n442,872,024\n이자원가\n18,940,800\n21,961,692\n이자수익\n(100,774,680)\n(121,387,824)\n합\xa0 \xa0 계\n398,623,512\n343,445,892\n(5) 당기와 전기 중 기타포괄손익으로 인식된 보험수리적손익은 다음과 같습니다.\n(단위: 원)\n구\xa0 \xa0 분\n당기\n전기\n법인세 차감전 보험수리적손익\n(997,498,702)\n(456,134,554)\n법인세효과\n-\n-\n법인세 차감후 보험수리적손익\n(997,498,702)\n(456,134,554)\n(6) 사외적립자산은 당기말 현재\xa0정기예금으로 구성되어 있습니다.(7) 당기말과 전기말 현재 보험수리적평가를 위하여 사용된 주요 추정은 다음과 같습니다.\n구\xa0 \xa0 분\n당기말\n전기말\n할인율\n2.67%\n3.14%\n기대임금상승율\n4.00%\n4.00%\n확정급여채무의 현재가치계산을 위하여 사용된 할인율은 퇴직급여의 미래 현금흐름을 예측하고, 현금흐름별로 해당하는 수익률곡선에 의해 산출된 현재가치와 일치하는 단일의 할인률을 적용하였으며, 할인률 산정을 위해 사용된 수익률은 기준일 현재공모부보증(AA+)를 참조하였습니다.(8) 주요 가정의 변동에 따른 당기 확정급여채무의 민감도 분석은 다음과 같습니다.①\xa0 임금인상률의 변화에 따른 민감도 분석\r\n(단위: 원)\n구\xa0 \xa0\xa0 분\n현재\n1.0% 증가\n1.0% 감소\n확정급여채무의 현재가치\n5,622,664,642\n5,681,320,852\n5,571,703,156\n②\xa0 할인율의 변화에 따른 민감도 분석\n(단위: 원)\n구\xa0 \xa0\xa0 분\n현재\n1.0% 증가\n1.0% 감소\n확정급여채무의 현재가치\n5,622,664,642\n5,571,419,127\n5,682,942,710\n23.\xa0전환사채(1) 당기말 현재 연결실체가 발행한 전환사채(사모)의 내역은 다음과 같습니다.\n\u3000구\xa0 \xa0 분\n2 회\n3회\n발행일\n2016년 05월 19일\n2018년 04월 12일\n만기일\n2020년 11월 19일\n2022년 10월 12일\n권면총액\n250 억원\n120 억원\n이자율\n표면이자율\n2.0%\n2.0%\n만기이자율\n4.0%\n4.0%\n행사대상 주식의 종류\n기명식 보통주\n기명식 보통주\n전환청구가능기간\n시작일\n2017년 05월 19일\n2019년 04월 13일\n종료일\n2020년 10월 19일\n2022년 09월 12일\n행사조건\n전환비율\n100%\n100%\n최초 전환가액\n15,587 원\n6,953 원\n당기말 전환가액\n10,130 원\n4,852 원\n조기상환청구권 행사 (*1)\n248 억원\n24 억원\n매도청구권 (*2)\n-\n-\n전환주식(예정) (*3)\n권면총액\n2 억원\n96 억원\n행사가능주식수\n19,743 주\n1,968,261 주\n(*1) 3회차 사채의 사채권자는 본 사채의 발행일로부터 18개월이 되는 2019년 10월 12일 및 이후 매 3개월에 해당되는 날에 조기상환을 청구할 수 있습니다.\n(*2) 3회차 사채의 발행회사는 본 사채 발행일 이후 1년이 되는 날부터 1년 6개월이 되는 날까지 매 1개월에 해당하는 날에 사채권자가 보유하고 있는 본 사채를 발행회사 또는 발행회사가 지정하는 자에게 매도하여 줄 것을 사채권자에게 청구할 수 있습니다.(*3) 당기말 현재 2회차 사채총액 250억원 중 248억원이 상환되어 잔액 2억원이 남아있습니다. 3회차 중 8천만원이 주식전환되었고, 24억여원이 상환되어 당기말 현재 96억여원이 남아있으며, 만기전 조기상환을 청구할 수 있습니다.(2) 당기말과 전기말 현재 전환사채 내역은 다음과 같습니다.\n(단위 : 원)\n구\xa0 \xa0 분\n내\xa0 \xa0 역\n당기말\n전기말\n제2회 무기명식 이권부 무보증 사모 전환사채\n전환사채\n200,000,000\n200,000,000\n사채상환할증금\n19,614,746\n19,614,746\n사채전환권조정\n(13,664,338)\n(27,833,072)\n사채할인발행차금\n(555,902)\n(1,132,322)\n합\xa0 \xa0 계\n205,394,506\n190,649,352\n제3회 무기명식 이권부 무보증 사모 전환사채\n전환사채\n9,550,000,000\n12,000,000,000\n사채상환할증금\n936,597,150\n1,176,876,000\n사채전환권조정\n(561,485,901)\n(2,041,403,446)\n사채할인발행차금\n(36,725,140)\n(133,522,907)\n합\xa0 \xa0 계\n9,888,386,109\n11,001,949,647\n(3) 당기와 전기 중 전환가능주식의 변동내역은 다음과 같습니다.\n구\xa0 \xa0 분\n내\xa0 \xa0 역\n당기\n전기\n제2회 무기명식 이권부 무보증 사모 전환사채\n기초\n19,743 주\n29,615 주\n수량 조정 (*)\n-\n(9,872) 주\n당기 전환\n-\n-\n기말\n19,743 주\n19,743 주\n제3회 무기명식 이권부 무보증 사모 전환사채\n기초\n2,458,009 주\n1,725,873 주\n수량 조정 (*)\n(473,315) 주\n732,136 주\n당기 전환\n(16,433) 주\n-\n기말\n1,968,261 주\n2,458,009 주\n(*) 전환사채의 조기상환, 주식의 주가하락 및 취소 등에 따라 조정된 수량입니다.\n24. 주식기준보상당기말 현재 연결실체가 임직원에게 부여한 주식기준보상약정과 관련된 중요사항은 다음과 같습니다.\n구\xa0 \xa0 분\n3 차\n4 차\n부여일\n2014년 03월 11일\n2016년 03월 25일\n부여방법\n정기주주총회 결의\n정기주주총회 결의\n주식수\n부여주식 총수\n3,096,000 주\n1,608,000 주\n철회 및 소멸\n-\n-\n행사분\n77,200 주\n-\n액면병합조정주식수\n(2,476,800) 주\n-\n당기말 주식수\n542,000 주\n1,608,000 주\n공정가치산정\n적용방법\n블랙-숄즈모형\n블랙-숄즈모형\n무위험이자율\n2.945% (3년 및 5년만기 국공채이자율)\n1.608% (5년만기 국고채수익률)\n기대행사기간\n3.5년\n5년\n예상주가변동성\n72.37% (과거 3.5년 주별 종가변동성)\n93.096% (과거 5년 주별 종가변동성)\n행사가격\n부여시 행사가격\n1,272 원\n15,818 원\n액면병합전 행사가격\n1,019 원\n-\n당기말 행사가격(*1)\n4,686 원\n14,581 원\n가득기간\n조건\n용역제공 2년\n용역제공 2년\n시작일\n2014년 3월 27일\n2016년 3월 25일\n종료일\n2016년 3월 26일\n2018년 3월 24일\n약정만기\n시작일\n2016년 3월 27일\n2018년 3월 25일\n종료일\n2021년 3월 26일\n2023년 3월 25일\n결제방식\n신주교부 , 자기주식교부\n신주교부 , 자기주식교부\n보상원가\n최초 부여시\n1,751,900,067 원\n17,031,936,000 원\n잔여분\n-\n-\n(*1) 행사가액은 주가하락 및 주식액면병합, 유상증자 등에 따라 조정된 행사가액입니다.\n25. 매출현황(1) 당기와 전기의 매출내역은 다음과 같습니다.\n(단위: 원)\n구\xa0 \xa0 분\n당기\n전기\n상품매출\n4,549,228,717\n4,612,619,685\n제품매출\n12,129,551,280\n10,933,818,583\nCMO매출\n23,588,355,672\n18,092,083,589\n로열티등\n197,797,377\n157,868,579\n기타\n776,318,411\n496,177,203\n합\xa0 \xa0 계\n41,241,251,457\n34,292,567,639\n(2) 연결실체의 CMO매출과 관련한 계약잔액의 증감과 채권·채무의 내역은 다음과 같습니다.(가) 계약잔액의 증감\n\xa0 (단위: USD)\n구\xa0 \xa0 분\n당기\n전기\n기초계약잔액\n5,920,605\n8,335,174\n증가\n31,013,041\n14,028,295\n감소\n\xa0 20,236,225\n16,442,864\n기말계약잔액\n16,697,421\n5,920,605\n(나) 채권채무내역\n(단위: USD)\n당기말\n전기말\n선수금\n매출채권\n선수금\n매출채권\n청구분\n미청구분\n청구분\n미청구분\n4,432,945\n3,109,746\n3,130,839\n1,463,411\n2,279,377\n1,732,530\n(다) 원가 기준 투입법 적용 계약현황원가 기준 투입법 적용 계약현황의 기준은 보고기간 말 현재 각 계약수익 금액이 직전 사업연도 매출액의 5% 이상인 계약이며, 당기말 현재 이와 같은 용역계약은 다음과 같습니다.①\xa0당기\n(단위: USD)\n회사명\n품목 (*1)\n발주처 (*1)\n계약일\n공사기한\n수주총액\n진행률\n미청구공사\n공사미수금\n총액\n손상차손 누계액\n총액\n대손충당금\n진원생명과학(주)\n임상용 Plasmid DNA\nA 회사\n2018-07-02\n2020-03-31\n3,779,500\n100.0%\n-\n-\n-\n-\n진원생명과학(주)\n임상용 Plasmid DNA\nB 회사\n2018-11-15\n2019-12-31\n2,502,750\n100.0%\n300,188\n-\n315,375\n-\n진원생명과학(주)\n임상용 Plasmid DNA\nC 회사\n2019-02-12\n2019-12-31\n1,749,600\n79.9%\n370,227\n-\n100,000\n-\n진원생명과학(주)\n임상용 Plasmid DNA\nD 회사\n2019-03-01\n2020-12-31\n3,663,000\n80.4%\n1,267,244\n-\n305,250\n-\n진원생명과학(주)\n임상용 Plasmid DNA\nE 회사\n2019-03-06\n2020-03-31\n2,191,100\n70.6%\n365,118\n-\n56,250\n-\n진원생명과학(주)\n임상용 Plasmid DNA\nF 회사\n2019-04-16\n2020-12-31\n3,663,000\n0.5%\n-\n-\n-\n-\n진원생명과학(주)\n임상용 Plasmid DNA\nG 회사\n2019-09-04\n2021-02-28\n3,190,000\xa0\n0.0%\n-\n-\n-\n-\n진원생명과학(주)\n임상용 Plasmid DNA\nH 회사\n2019-11-12\n2021-03-31\n3,177,000\n0.0%\n-\n-\n합\xa0 \xa0 계\n23,915,950\n-\n2,302,776\n-\n776,875\n-\n(*1) 계약서 상의 비밀조약에 의하여 품목 및 발주처에 대한 상세기재를 하지 않았습니다.②\xa0전기\n(단위: USD)\n회사명\n품목 (*1)\n발주처 (*1)\n계약일\n공사기한\n수주총액\n진행률\n미청구공사\n공사미수금\n총액\n손상차손 누계액\n총액\n대손충당금\n진원생명과학(주)\n임상용 Plasmid DNA\n가 회사\n2017-10-23\n2018-04-23\n3,192,500\n100.0%\n98,250\n-\n-\n-\n진원생명과학(주)\n임상용 Plasmid DNA\n나 회사\n2017-11-07\n2018-06-30\n2,127,500\n100.0%\n-\n-\n-\n-\n진원생명과학(주)\n임상용 Plasmid DNA\n다 회사\n2018-07-02\n2020-03-31\n3,784,500\n11.3%\n-\n-\n315,375\n-\n진원생명과학(주)\n임상용 Plasmid DNA\n라 회사\n2018-11-15\n2019-10-31\n1,892,250\n0.0%\n-\n-\n\xa0 \xa0 \xa0 \xa0\xa0 -\n-\n합 계\n10,996,750\n98,250\n-\n315,375\n-\n(*1) 당사는 계약서상의 비밀조약에 의하여 품목 및 발주처에 대한 상세기재를 하지 않았으며, 전기의 발주처명을 영어 알파벳에서 당기의 발주처 영어 알파벳과 혼동을 주지 않기 위하여 한글명으로 변경 하였습니다.\n26. 자본금(1) 당기말과 전기말 현재 연결실체의 자본금 내역은 다음과 같습니다.\n\xa0(단위: 주,원)\n구\xa0 \xa0 분\n당기말\n전기말\n발행할 주식의 수\n300,000,000\n300,000,000\n1주의 액면금액\n1,000\n1,000\n발행한 주식의 수\n보통주 21,926,157\n보통주 21,174,063\n자본금\n21,926,157,000\n21,174,063,000\n(2) 당기와 전기 중 유통주식수 및 자본금의 변동내역은 다음과 같습니다.\n(단위: 원)\n구\xa0 \xa0 분\n당기\n전기\n보통주\n보통주 자본금\n보통주\n보통주 자본금\n기초\n21,174,063 주\n21,174,063,000\n21,174,063 주\n21,174,063,000\n유상증자\n735,661 주\n735,661,000\n-\n-\n전환사채 주식전환\n16,433 주\n16,433,000\n-\n-\n기말\n21,926,157 주\n21,926,157,000\n21,174,063 주\n21,174,063,000\n(3) 당기말과 전기말 현재 회사가 보유하고 있는 자기주식은 174,179주 (2,371,473,420원)입니다.\n27. 주식발행초과금당기와 전기 중 주식발행초과금의 변동내역은 다음과 같습니다.\n(단위: 원)\n구\xa0 \xa0 분\n당기\n전기\n기초\n39,380,535,508\n39,380,535,508\n유상증자\n2,208,031,050\n-\n전환사채 주식전환\n71,655,522\n-\n기말\n41,660,222,080\n39,380,535,508\n28. 기타자본구성요소와 기타포괄손익누계액(1) 기타자본구성요소\n(단위: 원)\n구\xa0 \xa0 분\n당기말\n전기말\n신주인수권대가\n2,063,517,465\n2,063,517,465\n전환권대가\n1,527,531,103\n1,909,417,113\n자기주식\n(2,371,473,420)\n(2,371,473,420)\n기타자본조정\n1,134,965,792\n918,417,592\n주식선택권\n22,011,435,449\n22,011,435,449\n합\xa0 \xa0 계\n24,365,976,389\n24,531,314,199\n(2) 기타포괄손익누계액\n(단위: 원)\n구\xa0 \xa0 분\n당기말\n전기말\n해외사업환산손익\n(483,226,620)\n(930,810,390)\n기타포괄손익-공정가치측정금융자산평가손익\n(1,133,058,242)\n(1,085,102,583)\n합\xa0 \xa0 계\n(1,616,284,862)\n(2,015,912,973)\n29. 이월결손금의 변동당기와 전기 중 이월결손금의 변동내역은 다음과 같습니다.\n(단위: 원)\n구\xa0 \xa0 분\n당기\n전기\n기초금액\n(53,659,842,581)\n(42,344,730,350)\n회계기준변경에 따른 변동금액\n-\n1,038,665,104\n당기순이익(손실)\n(7,618,562,789)\n(11,897,642,781)\n재측정요소\n(997,498,702)\n(456,134,554)\n결손금처리액\n-\n-\n기말금액\n(62,275,904,072)\n(53,659,842,581)\n지배기업의 당기 결손금의 처리예정일은 2020년\xa03월 11일이며, 전기 결손금의 처리확정일은 2019년 3월 11일입니다.\r\n30. 금융수익 및 금융비용당기와 전기 중 인식한 순금융손익의 내역은 다음과 같습니다.\n\xa0(단위: 원)\n구\xa0 \xa0 분\n당기\n전기\n금융수익\n금융비용\n계\n금융수익\n금융비용\n계\n이자수익\n259,431,760\n-\n259,431,760\n334,894,886\n-\n334,894,886\n이자비용\n-\n(1,967,100,104)\n(1,967,100,104)\n-\n(1,391,180,773)\n(1,391,180,773)\n합\xa0 \xa0 계\n259,431,760\n(1,967,100,104)\n(1,707,668,344)\n334,894,886\n(1,391,180,773)\n(1,056,285,887)\n31. 기타수익 및 기타비용당기와 전기 중 인식한 기타수익 및 기타비용의 내역은 다음과 같습니다.\n(단위: 원)\n구\xa0 \xa0 분\n당기\n전기\n기타수익\n기타비용\n계\n기타수익\n기타비용\n계\n외환차익\n294,982,916\n-\n294,982,916\n154,179,634\n-\n154,179,634\n외화환산이익\n38,208,528\n-\n38,208,528\n119,466,777\n-\n119,466,777\n유형자산처분이익\n-\n-\n-\n1,255,170\n-\n1,255,170\n기타수익(*)\n2,661,275,490\n-\n2,661,275,490\n3,845,210,179\n-\n3,845,210,179\n사채상환이익\n152,868,063\n-\n152,868,063\n-\n-\n-\n잡이익\n32,430,246\n-\n32,430,246\n29,844,049\n-\n29,844,049\n외환차손\n-\n(170,641,548)\n(170,641,548)\n-\n(104,565,185)\n(104,565,185)\n외화환산손실\n-\n(71,332,743)\n(71,332,743)\n-\n(26,286,267)\n(26,286,267)\n손상차손\n-\n(500,000)\n(500,000)\n-\n(3,402,900,000)\n(3,402,900,000)\n기타의대손상각비\n-\n(56,946,894)\n(56,946,894)\n-\n-\n-\n기부금\n-\n(25,091,246)\n(25,091,246)\n-\n(11,003,000)\n(11,003,000)\n사채상환손실\n-\n-\n-\n-\n(2,355,630)\n(2,355,630)\n잡손실\n-\n(83,123,462)\n(83,123,462)\n-\n(22,662,391)\n(22,662,391)\n합\xa0 \xa0 계\n3,179,765,243\n(407,635,893)\n2,772,129,350\n4,149,955,809\n(3,569,772,473)\n580,183,336\n(*) 연결실체가 연구개발하고 있는 의약품들에 대한 국내외 연구보조금 및 정부과제 수행 연구보조금입니다.\n32. 판매비와 관리비당기와 전기의 판매비와관리비의 내역은 다음과 같습니다.\n(단위: 원)\n구\xa0 \xa0 분\n당기\n전기\n급여\n10,297,942,770\n8,986,440,019\n퇴직급여\n398,623,512\n343,445,892\n주식보상비용\n-\n1,936,506,613\n복리후생비\n970,131,364\n882,382,411\n여비교통비\n370,801,458\n264,655,607\n접대비\n145,729,771\n127,929,274\n통신비\n63,026,147\n80,448,072\n수도광열비\n87,740,431\n84,835,483\n교육훈련비\n3,068,050\n11,348,451\n세금과공과\n183,059,471\n131,799,569\n감가상각비\n1,364,700,989\n834,742,947\n지급임차료\n168,243,706\n604,766,528\n수선비\n22,243,580\n25,163,651\n보험료\n52,087,055\n54,854,642\n차량유지비\n87,596,531\n97,475,344\n경상연구개발비\n5,873,937,030\n5,661,165,166\n운반비\n126,792,496\n120,303,754\n도서인쇄비\n7,809,067\n8,112,590\n회의비\n9,589,466\n11,367,066\n사무용품비\n72,075,072\n77,060,352\n소모품비\n21,668,846\n20,785,609\n지급수수료\n606,483,034\n529,727,843\n무형자산상각비\n124,381,536\n167,939,417\n견본비\n10,325,884\n37,985,617\n물류비\n15,489,512\n8,004,096\n광고선전비\n209,119,655\n138,461,834\n대손상각비\n(287,945,593)\n593,978,601\n수출제비용\n84,438,464\n111,353,327\n잡비\n9,187,723\n3,110,449\n합\xa0 \xa0 계\n21,098,347,027\n21,956,150,224\n33. 비용의 성격별 분류당기와 전기 중 발생한 비용의 성격별 분류는 다음과 같습니다.\n(단위: 원)\n구\xa0 \xa0 분\n당기\n전기\n상품의 매출원가\n4,181,216,683\n4,016,014,625\n원재료 사용액\n13,874,455,553\n12,808,792,573\n관세환급금\n-\n(8,837,938)\n타계정으로 대체액\n(4,354,610)\n(15,014,117)\n제품의 변동\n156,283,783\n(65,046,373)\n외주가공비\n472,406,367\n440,604,126\n급여\n15,291,850,341\n12,678,578,797\n퇴직급여\n398,623,512\n343,445,892\n주식보상비용\n-\n1,936,506,613\n지급수수료\n1,017,162,850\n822,531,802\n여비교통비\n385,601,554\n271,273,636\n복리후생비\n2,444,147,521\n1,981,000,152\n지급임차료\n168,243,706\n1,104,134,734\n접대비\n145,729,771\n127,929,274\n감가상각비\n2,251,593,136\n1,071,293,473\n경상연구개발비\n5,873,937,030\n5,661,165,166\n교육훈련비\n7,993,854\n11,348,451\n세금과공과\n333,303,620\n187,219,215\n무형자산상각비\n1,103,208,055\n167,939,417\n운반비\n326,563,365\n274,207,117\n기타\n1,022,281,642\n1,736,530,757\n합\xa0 \xa0 계\n49,450,247,733\n45,551,617,392\n34. 주당이익(손실)(1) 기본주당순손익주당손익은 보통주 1주 또는 보통주 및 희석성잠재적보통주 1주에 대한 순손익을 계산한 것으로, 연결실체의 1주당 순손익의 산출내역은 다음과 같습니다.\n(단위: 원)\n구\xa0 \xa0 분\n당기\n전기\n당기순이익(손실)\n(7,618,562,789)\n(11,897,642,781)\n보통주 당기순이익(손실)\n(7,618,562,789)\n(11,897,642,781)\n가중평균 유통 보통주식수(*1)\n21,404,976\n20,999,884\n기본주당순이익(손실)\n(356)\n(567)\n(*1) 가중평균 유통 보통주식수의 산정 내역\n①\xa0당기\n(단위: 주)\n구\xa0 \xa0 분\n발행주식수\n자기주식수\n유통주식수\n적수\n가중평균유통주식수\n기초보통주식수\n21,174,063\n(174,179)\n20,999,884\n2,191,374,592\n21,070,910\n전환사채 주식전환\n16,433\n-\n21,016,317\n1,771,341,442\n21,087,398\n유상증자\n735,661\n-\n21,751,978\n3,850,100,106\n21,751,978\n기말보통주식수\n21,926,157\n(174,179)\n21,751,978\n7,812,816,139\n21,404,976\n②\xa0전기\n(단위: 주)\n구\xa0 \xa0 분\n발행주식수\n자기주식수\n유통주식수\n적수\n가중평균유통주식수\n기초보통주식수\n21,174,063\n(174,179)\n20,999,884\n7,664,957,660\n20,999,884\n기말보통주식수\n21,190,496\n(174,179)\n21,016,317\n7,664,957,660\n20,999,884\n(2) 희석주당순손익(가) 당기와 전기 중 잠재적 보통주를 포함하는 희석주당이익(손실)은 반희석화 효과로 인하여 계산하지 아니하였습니다.(나) 당기말 현재 반희석효과로 희석주당순이익을 계산할 때 고려하지 않았지만 향후 희석효과가 발생할 가능성이 있는 잠재적보통주의 내역은 다음과 같습니다.(주석23,24 참조)\n구\xa0 \xa0 분\n행사금액(*1)\n청구 및 전환 기간\n부여주식수\n행사주식\n기타 (*2)\n행사가능 주식수\n주식선택권\n4,686 원\n2016/03/27~2021/03/26\n3,096,000 주\n77,200 주\n(2,476,800)주\n542,000 주\n주식선택권\n14,581 원\n2018/03/25~2023/03/25\n1,608,000 주\n-\n-\n1,608,000 주\n전환사채\n10,130 원\n2017/05/19~2020/10/19\n1,603,900 주\n-\n(1,584,157)주\n19,743 주\n전환사채\n4,852 원\n2019/04/13~2022/09/12\n1,725,873 주\n16,433 주\n258,821 주\n1,968,261 주\n합\xa0 \xa0 계\n8,033,773 주\n93,633 주\n(3,802,136)주\n4,138,004 주\n(*1)\xa0행사금액은 부여 후 액면병합, 주가하락 등을 반영하여 조정하였습니다.(*2) 주식 액면병합, 취소, 주가하락 및 유상증자 등에 따른 행사가액 조정분을 반영하였습니다.\n35. 특수관계자와의 거래(1) 특수관계자 현황\n회\xa0 사\xa0 명\n당사와의 관계\n\xa0Inovio Pharmaceuticals Inc.\xa0\n최대주주의 지주회사\n\xa0VGX Pharmaceuticals, LLC.\xa0\n최대주주\n\xa0535 Penn Investments, LLC.\n기타\n(2) 주요 경영진에 대한 보상연결실체의 주요 경영진에 대한 보상내역은 다음과 같으며, 주요 경영진에는 연결실체의 기업활동의 계획, 운영, 통제에 대한 중요한 권한과 책임을 가지고 있는 등기이사 및 비등기 이사를 포함하였습니다.\n(단위: 원)\n구\xa0 \xa0 분\n당기\n전기\n급여\n3,515,233,663\n5,104,559,237\n퇴직급여\n336,533,262\n348,599,555\n주식보상비용\n-\n1,646,273,271\n합\xa0 \xa0 계\n3,851,766,925\n7,099,432,063\n(3) 특수관계자와의 주요거래 및 채권ㆍ채무잔액의 내역(가) 거래내역①\xa0당기\r\n(단위: 원)\n회사명\n당사와의 관계\n매출\n선급금\n기타\n계\n매입\n기타\n계\nInovio Pharmaceuticals Inc.\n최대주주의지주회사\n-\n-\n54,174,645\n54,174,645\n-\n-\n-\nVGX Pharmaceuticals, LLC.\n최대주주\n2,522,223,492\n-\n-\n2,522,223,492\n-\n5,632,275,595\n5,632,275,595\n535 Penn Investments, LLC.\n기타\n-\n-\n-\n-\n-\n232,253,058\n232,253,058\n합\xa0 \xa0 계\n2,522,223,492\n-\n54,174,645\n2,576,398,137\n-\n5,864,528,653\n5,864,528,653\n② 전기\n(단위: 원)\n회사명\n당사와의\xa0관계\n매출\n선급금\n기타\n계\n매입\n기타\n계\nInovio Pharmaceuticals Inc.\n최대주주의지주회사\n44,699,686\n-\n63,319,883\n108,019,569\n190,422,290\n-\n190,422,290\nVGX Pharmaceuticals, LLC.\n최대주주\n7,039,590,059\n-\n-\n7,039,590,059\n26,662,500\n8,359,761,688\n8,386,424,188\n535 Penn Investments, LLC.\n기타\n-\n36,442,761\n-\n36,442,761\n-\n-\n-\n합\xa0 \xa0 계\n7,084,289,745\n36,442,761\n63,319,883\n7,184,052,389\n217,084,790\n8,359,761,688\n8,576,846,478\n(나) 채권ㆍ채무① 당기말\r\n(단위: 원)\n회사명\n당사와의 관계\n매출\n선급금\n기타\n채권 계\n매입\n기타\n채무 계\nInovio Pharmaceuticals Inc.\n최대주주의지주회사\n-\n-\n-\n-\n475,970,283\n5,632,305\n481,602,588\nVGX Pharmaceuticals, LLC.\n최대주주\n-\n-\n-\n-\n-\n1,630,873,005\n1,630,873,005\n535 Penn Investments, LLC.\n기타\xa0\n-\n-\n38,347,204\n38,347,204\n-\n-\n-\n합\xa0 \xa0 계\n-\n-\n38,347,204\n38,347,204\n475,970,283\n1,636,505,310\n2,112,475,593\n당기말 현재 특수관계자 채권과 관련하여 인식한 대손상각비 및 대손충당금은 없습니다.②\xa0전기말\r\n(단위: 원)\n회사명\n당사와의\xa0관계\n매출\n선급금\n기타\n채권 계\n매입\n기타\n채무 계\nInovio Pharmaceuticals Inc.\n최대주주의지주회사\n-\n-\n-\n-\n459,649,658\n59,806,950\n519,456,608\nVGX Pharmaceuticals, LLC.\n최대주주\n507,041,780\n-\n-\n507,041,780\n-\n704,575,501\n704,575,501\n535 Penn Investments, LLC.\n기타\xa0\n-\n37,032,311\n-\n37,032,311\n-\n-\n-\n합\xa0 \xa0 계\n507,041,780\n37,032,311\n-\n544,074,091\n459,649,658\n764,382,451\n1,224,032,109\n(다) 임직원 대여연결실체는\xa0임직원에게\xa0자금대여를 하고 있으며, 당기말 현재 관련 대여금 잔액은\xa0\xa0 348백만원입니다.\n36. 현금흐름표(1) 연결실체는 현금흐름표상의 영업활동으로 인한 현금흐름을 간접법으로 작성하였으며, 현금의 유입과 유출이 없는 중요한 거래내역은 다음과 같습니다.\n(단위: 원)\n구\xa0 \xa0 분\n당기\n전기\n회계기준변경에 따른 변동금액\n-\n1,038,665,104\n전환사채의 전환\n80,000,000\n-\n(2) 현금의 정의현금흐름표상의 현금은 재무상태표의 현금및현금성자산 당기말\xa016,921,587,637원, 전기말 8,378,482,910원입니다.(3) 당기 중 재무활동에서 발생한 부채의 변동내역은 다음과 같습니다.\r\n(단위: 원)\n구\xa0 \xa0 분\n전기말\n현금흐름\n회계정책의 변경(*1)\n비현금변동\n당기말\n상각등\n기타 (*2)\n전환사채\n11,192,598,999\n(2,442,901,200)\n-\n1,602,831,375\n(258,748,559)\n10,093,780,615\n단기차입금\n1,195,024,542\n(63,789,069)\n-\n-\n42,431,334\n1,173,666,807\n리스부채\n-\n(1,093,140,735)\n4,176,499,242\n18,141,467\n117,881,605\n3,219,381,579\n(*1) 기준서 제1116호 적용에 따른 리스부채 증가액입니다.(*2) 전환권대가 및 외화환산 등으로 인한 변동금액입니다.\n37. 약정사항(1) 연결실체는 신약개발과 관련하여 아래와 같이 정부보조금을 수령하였으며, 당기와 전기 중 정부보조금의 증감내역은 다음과 같습니다.\n(단위:원)\n구\xa0 \xa0 분\n현금및현금성자산\xa0\n당기\n전기\n기초\xa0\n780,850,961\n2,423,955\n증가 (*)\n1,319,181,818\n1,391,909,092\n자산취득\xa0\n-\n-\n사용금액 (*)\n(668,874,667)\n(616,111,448)\n기타\n(6,192,293)\n2,629,362\n기말\xa0\n1,424,965,819\n780,850,961\n(*) 부가가치세는 제외하였습니다.(2) 연결실체는 연구개발에 따른 보조금 지원 및 상호 협력하고 이에 연구비를 지원받는 계약을 체결하였습니다.\n38. 재무제표일 이후 사건(1) 당사는 당기 이후 주주배정방법으로 아래와 같이 유상증자를 결정하였습니다.\n1. 신주의 종류와 수\n보통주식 (주)\n11,000,000\n기타주식 (주)\n-\n2. 1주당 액면가액 (원)\n1,000\n3. 증자전\n보통주식 (주)\n21,926,157\n\xa0\xa0 발행주식총수(주)\n기타주식 (주)\n-\n4. 자금조달의 목적\n시설자금 (원)\n-\n영업양수자금 (원)\n-\n운영자금 (원)\n9,036,000,000\n채무상환자금 (원)\n10,000,000,000\n타법인 증권취득자금 (원)\n-\n기타자금 (원)\n764,000,000\n5. 증자방식\n주주배정후 실권주 일반공모\n6. 신주 발행가액\n확정발행가\n보통주식 (원)\n\xa0 \xa0 \xa0 \xa0 \xa0 \xa0 \xa0 \xa0 \xa0 \xa0 \xa0 \xa0 \xa0 \xa0 \xa0 \xa0 \xa0 \xa0 \xa0 \xa0 \xa0 \xa0 \xa0\xa0 1,800\n기타주식 (원)\n-\n예정발행가\n보통주식 (원)\n-\n확정예정일\n2020년 01월 13일\n기타주식 (원)\n-\n확정예정일\n-\n7. 발행가 산정방법\n공시 참조 (23. 기타 투자판단 참고사항)\n8. 신주배정기준일\n2019년 12월 11일\n9. 1주당 신주배정주식수 (주)\n0.50570114\n10. 우리사주조합원 우선배정비율 (%)\n-\n11. 청약예정일\n우리사주조합\n시작일\n-\n종료일\n-\n구주주\n시작일\n2020년 01월 16일\n종료일\n2020년 01월 17일\n12. 납입일\n2020년 01월 28일\n13. 실권주 처리계획\n공시 참조 (23. 기타 투자판단 참고사항)\n14. 신주의 배당기산일\n2020년 01월 01일\n15. 신주권교부예정일\n-\n16. 신주의 상장예정일\n2020년 02월 07일\n17. 대표주관회사(직접공모가 아닌 경우)\n한양증권(주)\n18. 신주인수권양도 여부\n예\n\xa0\xa0 - 신주인수권증서의 상장 여부\n예\n\xa0\xa0 - 신주인수권증서의 매매 및 매매의 중개를\xa0 \xa0 \xa0 담당할 금융투자업자\xa0\n한양증권(주)\n19. 이사회결의일(결정일)\n2019년 11월 22일\n\xa0\xa0 - 사외이사\xa0 \xa0 \xa0 참석여부\n참석 (명)\n1\n불참 (명)\n0\n\xa0\xa0 - 감사(감사위원) 참석 여부\n참석\n20. 증권신고서 제출대상 여부\n예\n21. 제출을 면제받은 경우 그 사유\n-\n22. 공정거래위원회 신고대상 여부\n미해당\n(2) 당사는 이번 유상증자 신규취득으로 인해 최대주주가 브이지엑스파마수티컬스㈜외 5명에서 대표이사 박영근외 7명으로 변경되었습니다.(3) 당사 3회차 전환사채의 잔액 95.5억원 가운데 90억원이 조기상환 청구되어 2020년 1월 13일에 상환되었으며,\xa02회차 전환사채의 잔액 2억원이 조기상환 청구되어 2020년 2월 19일에 상환되었습니다.(4) 당사는 당사에 대한 특정 언론의 기사 내용에 대해 해당 언론사를 상대로 법원에 손해배상 소장을 제출하였습니다.(5) 연결실체의 재무제표는 2020년 3월 11일 이사회에서 확정될 예정입니다.\n']"
