text
"[""\n5. 재무제표 주석\n제 9(당)기 3분기 : 2020년 1월 1일부터 2020년 9월 30일까지\n제 8(전)기 3분기 : 2019년 1월 1일부터 2019년 9월 30일까지\n한국타이어앤테크놀로지주식회사\n1.\xa0일반사항한국타이어앤테크놀로지주식회사는 2012년 9월 1일에 한국테크놀로지그룹주식회사(구, 한국타이어월드와이드주식회사)의 타이어사업부문이 인적분할하여 설립한 분할신설회사로서 자동차 타이어 튜브 및 동 부속품의 제조ㆍ재생 가공판매업 등을 주 영업목적으로 하고 있습니다. 현재 경기도 성남시 분당구에 본사가 위치하고 있으며,대전과 금산에 2개의 생산공장을 보유하고 있습니다. 회사는 2012년 10월 4일에 한국거래소가 개설한 유가증권시장에 주권을 재상장하였습니다.회사는 2019년 2월 28일자 이사회에서 회사명을 한국타이어주식회사에서 한국타이어앤테크놀로지주식회사로 변경하는 결의를 하였으며, 2019년 3월 28일자 주주총회에서 동 결의안이 원안대로 승인되어, 2019년 5월 8일자로 회사명을 변경하였습니다.\n보고기간말 현재 주요 주주현황은 다음과 같습니다.\n\xa0주주명\n당분기말\n전기말\n소유주식수(주)\n지분율(%)\n소유주식수(주)\n지분율(%)\n한국테크놀로지그룹주식회사\n37,995,959\n30.67\n37,995,959\n30.67\n조양래\n7,019,903\n5.67\n7,019,903\n5.67\n조현범\n2,561,241\n2.07\n2,561,241\n2.07\n조현식\n799,241\n0.65\n799,241\n0.65\n기타(*)\n75,498,725\n60.94\n75,498,725\n60.94\n합\xa0\xa0 계\n123,875,069\n100\n123,875,069\n100\n(*) 보고기간말 현재 회사가 보유하고 있는 자기주식은 1,886,316주입니다.\n2. 중요한 회계정책\n\xa0\n2.1 재무제표 작성기준\n회사의 2020년 9월 30일로 종료하는 9개월 보고기간에 대한 요약분기재무제표는 기업회계기준서 제1034호 '중간재무보고'에 따라 작성되었습니다. 이 요약분기재무제표는 보고기간말인 2020년 9월 30일 현재 유효하거나 조기 도입한 한국채택국제회계기준에 따라 작성되었습니다.\n2.1.1 회사가 채택한 제ㆍ개정 기준서 및 해석서\n회사는 2020년 1월 1일로 개시하는 회계기간부터 다음의 제ㆍ개정 기준서 및 해석서를 신규로 적용하였습니다.(1) 기업회계기준서 제1001호 '재무제표 표시', 제1008호 '회계정책, 회계추정의 변경 및 오류' 개정 - 중요성의 정의'중요성의 정의'를 명확히 하고 기준서 제1001호와 제1008호를 명확해진 정의에 따라 개정하였습니다. 중요성 판단 시 중요한 정보의 누락이나 왜곡표시뿐만 아니라 중요하지 않은 정보로 인한 영향과 회사가 공시할 정보를 결정할 때 정보이용자의 특성을 고려하도록 하였습니다. 해당 기준서의 개정이 재무제표에 미치는 중요한 영향은 없습니다.(2) 기업회계기준서 제1103호 '사업결합' 개정 - 사업의 정의개정된 사업의 정의에서는, 취득한 활동과 자산의 집합을 사업으로 판단하기 위해서는 산출물의 창출에 함께 유의적으로 기여할 수 있는 능력을 가진 투입물과 실질적인과정을 반드시 포함하도록 하였고 원가 감소에 따른 경제적 효익은 제외하였습니다. 이와 함께 취득한 총자산의 대부분의 공정가치가 식별가능한 단일 자산 또는 자산집합에 집중되어 있는 경우, 취득한 활동과 자산의 집합은 사업이 아닌, 자산 또는 자산의 집합으로 결정할 수 있는 선택적 집중테스트가 추가되었습니다. 해당 기준서의 개정이 재무제표에 미치는 중요한 영향은 없습니다.(3) 기업회계기준서 제1109호 '금융상품', 제1039호 '금융상품: 인식과 측정', 제1107호 '금융상품: 공시' 개정 - 이자율지표 개혁개정 기준서에서는 이자율지표 개혁 움직임으로 인한 불확실성이 존재하는 동안 위험회피회계 적용과 관련하여 미래 전망 분석 시 예외규정을 적용토록 하고 있습니다.예외규정에서는 기존 이자율지표를 준거로 하는 예상현금흐름의 발생가능성이 매우 높은지, 위험회피대상항목과 위험회피수단 사이의 경제적 관계가 있는지, 양자간에 높은 위험회피효과가 있는지를 평가할 때, 위험회피대상항목과 위험회피수단이 준거로 하고 있는 이자율지표는 이자율지표 개혁의 영향으로 바뀌지 않는다고 가정합니다. 해당 기준서의 개정이 재무제표에 미치는 중요한 영향은 없습니다.2.1.2 회사가 적용하지 않은 제ㆍ개정 기준서 및 해석서제정 또는 공표되었으나 2020년 1월 1일 이후 시작하는 회계연도에 시행일이 도래하지 않았고, 조기 적용하지 않은 제ㆍ개정 기준서 및 해석서는 없습니다.(1) 기업회계기준서 제 1116호 '리스' 개정 - 코로나19 (Covid-19) 관련 임차료 면제ㆍ할인ㆍ유예에 대한 실무적 간편법실무적 간편법으로, 리스이용자는 코로나19의 직접적인 결과로 발생한 임차료 할인 등(rent concession)이 리스변경에 해당하는지 평가하지 않을 수 있습니다. 이러한 선택을 한 리스이용자는 임차료 할인 등으로 인한 리스료 변동을 그러한 변동이 리스변경이 아닐 경우에 이 기준서가 규정하는 방식과 일관되게 회계처리하여야 합니다. 동 개정사항은 2020년 6월 1일 이후 시작하는 회계연도부터 적용되며, 조기도입이 가능합니다. 회사는 동 개정으로 인해 재무제표에 중요한 영향은 없을 것으로 예상하고 있습니다.2.2 회계정책분기재무제표의 작성에 적용된 유의적 회계정책과 계산방법은 주석 2.1.1에 설명하는 제ㆍ개정 기준서의 적용으로 인한 변경 및 아래 문단에서 설명하는 사항을 제외하고는 전기 재무제표 작성에 적용된 회계정책이나 계산방법과 동일합니다.2.2.1 법인세비용중간기간의 법인세비용은 전체 회계연도에 대해서 예상되는 최선의 가중평균연간법인세율, 즉 추정평균연간유효법인세율을 중간기간의 세전이익에 적용하여 계산합니다.\n3. 중요한 회계추정 및 가정회사는 미래에 대하여 추정 및 가정을 하고 있습니다. 추정 및 가정은 지속적으로 평가되며, 과거 경험과 현재의 상황에서 합리적으로 예측가능한 미래의 사건과 같은 다른 요소들을 고려하여 이루어집니다. 이러한 회계추정은 실제 결과와 다를 수도있습니다.2020년도 중 COVID-19의 확산은 국내외 경제에 중대한 영향을 미치고 있습니다. 이는 생산성 저하와 매출의 감소나 지연, 기존 채권의 회수 등에 부정적인 영향을 미칠 수 있습니다. 이로 인해 회사의 재무상태와 재무성과에도 부정적인 영향이 발생할수 있으며, 이러한 영향은 2020년 연차재무제표에도 지속될 것으로 예상됩니다.중간기간의 재무제표 작성시 사용된 중요한 회계추정 및 가정은 COVID-19에 따른 불확실성의 변동에 따라 조정될 수 있으며, COVID-19로 인하여 연결회사의 사업, 재무상태 및 경영성과 등에 미칠 궁극적인 영향은 현재 예측할 수 없습니다.분기재무제표 작성시 사용된 중요한 회계추정 및 가정은 법인세비용을 결정하는데 사용된 추정의 방법을 제외하고는 전기 재무제표 작성에 적용된 회계추정 및 가정과 동일합니다.\n4. 공정가치보고기간 중, 회사의 금융자산과 금융부채의 공정가치에 영향을 미치는 사업환경 및 경제적인 환경의 유의적인 변동은 없습니다.\n4.1 금융상품 종류별 공정가치\n보고기간말 현재 회사의 금융상품의 종류별 장부금액 및 공정가치는 다음과 같습니다.\n(단위: 천원)\n구분\n당분기말\n전기말\n장부금액\n공정가치\n장부금액\n공정가치\n금융자산\n\xa0기타포괄손익-공정가치 금융자산\n10,985,006\n10,985,006\n11,984,032\n11,984,032\n\xa0당기손익-공정가치 금융자산\n142,799,984\n142,799,984\n8,140,000\n8,140,000\n\xa0파생금융자산\n38,690,639\n38,690,639\n32,930,999\n32,930,999\n금융부채\n\xa0사채\n767,135,575\n785,052,921\n595,498,204\n618,096,646\n\xa0파생금융부채\n6,449,161\n6,449,161\n934,000\n934,000\n매출채권, 미수금 등의 금융자산과 상각후 원가로 인식되는 금융부채는 장부금액이 공정가치의 합리적인 근사치이므로 별도의 공정가치 공시를 생략하였습니다.\n4.2 공정가치 서열체계\n공정가치로 측정되거나 공정가치가 공시되는 항목은 공정가치 서열체계에 따라 구분하며, 정의된 수준들은 다음과 같습니다.\n\xa0\n- 동일한 자산이나 부채에 대한 활성시장의 (조정되지 않은) 공시가격(수준 1)- 직접적으로(예: 가격) 또는 간접적으로(예: 가격에서 도출되어) 관측 가능한, 자산이나 부채에 대한 투입 변수를 이용하여 산정한 공정가치. 단 수준 1에 포함된 공시가격은 제외함(수준 2)\n- 관측 가능한 시장자료에 기초하지 않은, 자산이나 부채에 대한 투입 변수(관측 가능하지 않은 투입 변수)를 이용하여 산정한 공정가치 (수준 3)\n보고기간말 현재 회사의 공정가치로 측정되는 자산과 부채의 공정가치 서열체계 구분은 다음과 같습니다.\n당분기말 -\n(단위: 천원)\n구분\n수준 1\n수준 2\n수준 3\n합계\n반복적인 공정가치 측정치\n\xa0 기타포괄손익-공정가치 지분상품\n10,985,006\n-\n-\n10,985,006\n\xa0 당기손익-공정가치 금융자산\n-\n133,118,984\n9,681,000\n142,799,984\n\xa0 파생금융자산\n-\n38,690,639\n-\n38,690,639\n\xa0 파생금융부채\n-\n5,515,161\n934,000\n6,449,161\n전기말 -\n(단위: 천원)\n구분\n수준 1\n수준 2\n수준 3\n합계\n반복적인 공정가치 측정치\n\xa0 기타포괄손익-공정가치 금융자산\n11,984,032\n-\n-\n11,984,032\n\xa0 당기손익-공정가치 금융자산\n-\n-\n8,140,000\n8,140,000\n\xa0 파생금융자산\n-\n32,930,999\n-\n32,930,999\n\xa0 파생금융부채\n-\n-\n934,000\n934,000\n4.3 반복적인 공정가치 측정치의 서열체계 수준 간 이동회사는 공정가치 서열체계의 수준 간 이동을 이동을 발생시킨 사건이나 상황의 변동이 일어난 날짜에 인식합니다. 보고기간 중 각 공정가치 서열체계의 수준 간 이동 내역은 없습니다.\n4.4 가치평가기법 및 투입변수\n회사는 공정가치 서열체계에서 수준 2와 수준 3으로 분류되는 금융상품의 공정가치에 대하여 다음의 가치평가기법과 투입변수를 사용하고 있습니다.\n당분기말 -\n(단위: 천원)\n구분\n공정가치\n수준\n가치평가기법\n투입변수\n파생금융자산\n\xa0 통화스왑\n38,690,639\n2\n현금흐름할인모형\n환율,할인율\n파생금융부채\n\xa0 통화스왑\n5,515,161\n2\n현금흐름할인모형\n환율,할인율\n\xa0 풋옵션\n934,000\n3\n옵션가격결정모형\n기초자산가격, 신용위험이 반영된 할인율,기초자산의 변동성\n당기손익-공정가치 금융자산\n\xa0 MMDA 등\n133,118,984\n2\n현금흐름할인모형\n환율,할인율\n\xa0 수익증권\n9,681,000\n3\n거래원가\n-\n차입금\n\xa0 사채\n791,063,315\n2\n현금흐름할인모형\n신용위험이 반영된 할인율\n전기말 -\n(단위: 천원)\n구분\n공정가치\n수준\n가치평가기법\n투입변수\n파생금융자산\n\xa0 통화스왑\n28,787,418\n2\n현금흐름할인모형\n환율,할인율\n\xa0 통화선도\n4,143,581\n2\n현금흐름할인모형\n환율,할인율\n파생금융부채\n\xa0 풋옵션\n934,000\n3\n옵션가격결정모형\n기초자산가격,신용위험이 반영된 할인율,기초자산의 변동성\n당기손익-공정가치 금융자산\n\xa0 수익증권\n8,140,000\n3\n거래원가\n-\n5. 영업의 계절적 특성회사의 매출 및 영업이익은 연간 비교적 균등하게 발생하고 있습니다. 전기 1년 동안전체 누적매출의 77.4%가 중간기간에 발생하였으며, 22.6%가 잔여기간에 발생하였습니다.\n6. 영업부문 정보(1) 회사는 기업회계기준서 제1108호 '영업부문'에 따른 보고부문은 단일부문으로 영업부문별 정보를 공시하지 아니합니다.\n(2) 지역에 대한 정보회사는 5개의 주요 지역에서 영업하고 있습니다. 구매 고객 지역을 기준으로 산정한 보고기간 중 지역부문별 매출액은 다음과 같습니다.\n(단위: 천원)\n지역부문\n당분기\n전분기\n금액\n비율(%)\n금액\n비율(%)\n북미\n669,573,960\n31.16%\n814,066,782\n33.16%\n중남미\n99,622,451\n4.64%\n135,426,397\n5.52%\n아주\n187,785,017\n8.74%\n246,145,706\n10.03%\n구주\n615,902,138\n28.66%\n650,471,754\n26.50%\n대한민국\n575,907,796\n26.80%\n608,500,404\n24.79%\n합계\n2,148,791,362\n100.00%\n2,454,611,043\n100.00%\n(3) 당기와 전기 중 회사 매출액의 10% 이상을 차지하는 외부고객은 없습니다.\n7. 금융자산\n7.1 당기손익-공정가치 금융자산\n(1) 당기손익-공정가치 지분상품보고기간말 현재 회사가 보유하고 있는 당기손익-공정가치 지분상품은 없습니다.(2) 당기손익-공정가치 채무상품\n(단위: 천원)\n구분\n당분기말\n전기말\n유동항목\n\xa0MMDA 등\n133,118,984\n-\n비유동항목\n\xa0수익증권\n9,681,000\n8,140,000\n합계\n142,799,984\n8,140,000\n7.2 기타포괄손익-공정가치 금융자산\n(1) 기타포괄손익-공정가치 지분상품\n(단위: 천원)\n구분\n당분기말\n전기말\n비유동항목\n\xa0 상장주식 등(*)\n10,985,006\n11,984,032\n합계\n10,985,006\n11,984,032\n(*) 위 상장주식 등의 처분시에는 관련 기타포괄손익누계액은 이익잉여금으로 재분류되며 당기손익으로 재분류되지 않습니다.\n(2) 기타포괄손익-공정가치 채무상품\n\xa0\n보고기간말 현재 회사가 보유하고 있는 기타포괄손익-공정가치 채무상품은 없습니다. 채무상품의 처분시에는 관련 기타포괄손익누계액은 당기손익으로 재분류됩니다.\n8. 파생금융상품\n(1) 보고기간말 현재 파생금융상품 중 당기손익-공정가치 금융자산(부채)의 내역은 다음과 같습니다.\n(단위: 천원)\n구분\n당분기말\n전기말\n자산\n부채\n자산\n부채\n통화스왑\n-\n5,515,161\n4,143,581\n-\n풋옵션(*)\n-\n934,000\n-\n934,000\n합계\n-\n6,449,161\n4,143,581\n934,000\n(*) 회사는 모델솔루션(주) 투자와 관련하여 모네홀딩스와 주주간 계약을 체결하였으며(주석 26 참조), 주주간 계약상 풋옵션과 관련하여 파생상품 부채를 인식하고 있습니다.\n(2) 보고기간말 현재 현재 현금흐름위험회피회계 적용 파생금융상품의 내역은 다음과 같습니다.\n(단위: 천원)\n구분\n당분기말\n전기말\n자산\n부채\n자산\n부채\n현금흐름위험회피(통화스왑)\n38,690,639\n-\n28,787,418\n-\n9. 매출채권및기타채권\xa0\n(1) 보고기간말 현재 매출채권및기타채권의 내역은 다음과 같습니다.\n(단위: 천원)\n구분\n당분기말\n전기말\n채권총액\n대손충당금\n채권순액\n채권총액\n대손충당금\n채권순액\n유동\n매출채권\n837,725,088\n(2,482,843)\n835,242,245\n704,160,364\n(852,958)\n703,307,406\n미수금\n78,066,516\n(301,618)\n77,764,898\n201,469,474\n(105,078)\n201,364,396\n미수수익\n89,635,039\n-\n89,635,039\n8,590,564\n-\n8,590,564\n금융리스채권\n315,882\n-\n315,882\n-\n-\n-\n소계\n1,005,742,525\n(2,784,461)\n1,002,958,064\n914,220,402\n(958,036)\n913,262,366\n비유동\n금융리스채권\n9,887,113\n-\n9,887,113\n-\n-\n-\n소계\n9,887,113\n-\n9,887,113\n-\n-\n-\n합계\n1,015,629,638\n(2,784,461)\n1,012,845,177\n914,220,402\n(958,036)\n913,262,366\n(2) 보고기간 중 매출채권및기타채권의 대손충당금의 변동내역은 다음과 같습니다.\n당분기 -\xa0\n(단위: 천원)\n구분\n매출채권\n미수금\n합계\n기초\n852,958\n105,078\n958,036\n충당금전입(환입)\n1,629,885\n196,540\n1,826,425\n회수/제각\n-\n-\n-\n기말\n2,482,843\n301,618\n2,784,461\n전분기 -\xa0\n(단위: 천원)\n구분\n매출채권\n미수금\n합계\n기초\n2,172,509\n107,212\n2,279,721\n충당금전입(환입)\n(1,204,616)\n23,842\n(1,180,774)\n회수/제각\n-\n(240)\n(240)\n기말\n967,893\n130,814\n1,098,707\n(3) 신용위험 및 대손충당금상기 매출채권과 기타채권은 대여금 및 수취채권으로 분류되며 상각후원가로 측정됩니다. 보고기간 중 매출채권과 기타채권의 손실충당금의 변동내역은 유의적이지 않습니다. 회사는 매출채권 등의 회수가능성을 판단하는 데 있어서 신용공여 개시일부터 보고기간 종료일까지의 매출채권에 대한 신용등급의 변화를 고려하고 있습니다.\n10. 재고자산\n보고기간말 현재 재고자산 내역은 다음과 같습니다.\n(단위: 천원)\n과목\n취득원가\n저가법 평가액\n재고자산평가충당금\n평가손실(충당금환입)\n당분기말\n전기말\n당분기말\n전기말\n당분기말\n전기말\n당분기\n전분기\n제품\n185,389,505\n168,709,115\n179,526,634\n163,214,390\n5,862,871\n5,494,725\n368,146\n(557,061)\n상품\n15,564,478\n13,452,688\n15,045,791\n12,810,396\n518,687\n642,292\n(123,605)\n502,958\n재공품\n15,579,785\n19,628,681\n15,579,785\n19,628,681\n-\n-\n-\n-\n원재료\n50,744,774\n77,413,194\n50,744,774\n77,413,194\n-\n-\n-\n-\n저장품\n7,645,322\n7,602,013\n7,645,322\n7,602,013\n-\n-\n-\n-\n미착품\n56,529,410\n77,493,871\n56,529,410\n77,493,871\n-\n-\n-\n-\n합계\n331,453,274\n364,299,562\n325,071,716\n358,162,545\n6,381,558\n6,137,017\n244,541\n(54,103)\n회사는 재고자산을 순실현가능가치로 감액한 평가손실과 모든 감모손실은 감액이나 감모가 발생한 기간의 비용으로 인식하고 있습니다. 또한 재고자산의 순실현가능가치의 상승으로 인한 재고자산평가손실의 환입은 환입이 발생한 기간의 비용으로 인식된 재고자산의 매출원가에서 차감하고 있습니다.\n11. 유형자산\n(1) 보고기간 중 유형자산 장부금액의 주요 변동은 다음과 같습니다.\n당분기 -\n(단위: 천원)\n구분\n기초\n취득\n처분\n감가상각\n기타증감(*1)\n기말\n토지\n316,651,963\n2,919,393\n-\n-\n13,754,886\n333,326,242\n건물\n601,923,403\n442,516\n(502,283)\n(16,809,161)\n831,840\n585,886,315\n구축물\n23,054,803\n71,717\n(150,350)\n(1,098,570)\n1,815\n21,879,415\n기계장치\n242,806,203\n10,426,804\n(709,931)\n(74,695,427)\n12,453,879\n190,281,528\n차량운반구\n12,929,557\n1,130,778\n(28,965)\n(2,962,699)\n699,135\n11,767,806\n공구와기구\n20,983,689\n4,946,839\n(165,445)\n(8,575,215)\n8,022,280\n25,212,148\n몰드\n138,355,407\n31,187,225\n(3,848,901)\n(24,829,502)\n-\n140,864,229\n임차자산개량권\n-\n19,806,547\n-\n(564,605)\n25,361,875\n44,603,817\n미착기계\n5,934,654\n722,492\n-\n-\n(3,489,549)\n3,167,597\n건설중인자산\n102,629,426\n49,293,989\n-\n-\n(46,236,884)\n105,686,531\n운용리스자산\n6,066\n19,895\n(8,885)\n-\n17,076\n사용권자산\n24,162,631\n119,388,158\n(8,558,135)\n(7,732,315)\n-\n127,260,339\n합계\n1,489,437,802\n240,356,353\n(13,964,010)\n(137,276,379)\n11,399,277\n1,589,953,043\n(*1) 건설중인자산 및 미착기계에서 유형자산 본계정 대체액 49,726,433천원, 유형자산에서 무형자산으로의 대체액 9,006천원, 유형자산에서 금융리스채권으로의 대체액 3,137,093천원, 투자부동산에서 유형자산으로의 대체액 752,206천원, 대여금에서 유형자산 본계정으로 대체액 13,793,169천원으로 구성되어 있습니다.\n전분기 -\n(단위: 천원)\n구분\n기초\n회계정책변경\n변경 후 기초\n취득\n처분\n감가상각\n기타증감(*2)\n기말\n토지\n322,858,686\n-\n322,858,686\n1,500\n(6,170,078)\n-\n-\n316,690,108\n건물\n630,853,397\n-\n630,853,397\n823,025\n(7,783,494)\n(17,082,560)\n6,821,944\n613,632,312\n구축물\n22,773,569\n-\n22,773,569\n499,100\n-\n(1,022,434)\n318,540\n22,568,775\n기계장치\n258,293,438\n-\n258,293,438\n18,697,876\n(589,484)\n(81,454,262)\n49,204,866\n244,152,434\n차량운반구\n8,351,811\n-\n8,351,811\n268,311\n(50,907)\n(1,915,667)\n1,197,300\n7,850,848\n공구와기구\n29,175,773\n-\n29,175,773\n2,119,470\n(567,483)\n(9,209,918)\n1,010,743\n22,528,585\n몰드\n137,738,854\n-\n137,738,854\n27,549,665\n(4,967,240)\n(23,809,754)\n-\n136,511,525\n미착기계\n7,664,320\n-\n7,664,320\n2,352,736\n-\n-\n(6,814,792)\n3,202,264\n건설중인자산\n87,237,935\n-\n87,237,935\n47,027,622\n-\n-\n(51,813,515)\n82,452,042\n사용권자산\n-\n18,084,759\n18,084,759\n2,137,737\n(224,877)\n(4,650,597)\n-\n15,347,022\n합계\n1,504,947,783\n18,084,759\n1,523,032,542\n101,477,042\n(20,353,563)\n(139,145,192)\n(74,914)\n1,464,935,915\n(*2) 건설중인자산 및 미착기계에서 유형자산 본계정 대체액 58,553,393천원, 유형자산에서 무형자산으로의 대체액 74,914천원으로 구성되어 있습니다.\n(2) 담보로 제공된 자산당분기말 현재 유형자산(토지, 건물, 기계장치) 중 일부는 여신한도 등과 관련하여 담보로 제공되고 있습니다(주석 26 참조).\n12. 투자부동산보고기간 중 투자부동산 장부금액의 변동내역은 다음과 같습니다.\n당분기 -\n(단위: 천원)\n구분\n기초\n취득\n처분\n감가상각비\n대체(*1)\n기말\n토지\n75,409,728\n-\n-\n-\n38,283\n75,448,011\n건물\n22,412,719\n34,516\n-\n(742,166)\n(790,489)\n20,914,580\n사용권자산\n662,783\n-\n-\n(159,758)\n(841)\n502,184\n합계\n98,485,230\n34,516\n-\n(901,924)\n(753,047)\n96,864,775\n(*1) 투자부동산에서 유형자산으로의 대체액 752,206천원이 포함되어 있습니다.\n전분기 -\n(단위: 천원)\n구분\n기초\n회계정책변경\n변경 후 기초\n취득\n처분\n감가상각비\n대체\n기말\n토지\n82,858,717\n-\n82,858,717\n-\n(7,448,989)\n-\n-\n75,409,728\n건물\n23,942,167\n-\n23,942,167\n63,452\n(586,563)\n(758,515)\n-\n22,660,541\n사용권자산\n-\n901,754\n901,754\n-\n-\n(137,837)\n-\n763,917\n합계\n106,800,884\n901,754\n107,702,638\n63,452\n(8,035,552)\n(896,352)\n-\n98,834,186\n투자부동산의 당분기말 현재 장부가액에 대한 공정가치는 277,698,247천원입니다.\n13. 리스(1) 재무상태표에 인식된 금액리스와 관련해서 재무상태표에 인식된 금액은 다음과 같습니다.\n(단위 : 천원)\n구분\n당분기말\n전기말\n사용권자산(*)\n\xa0 토지\n9,035,134\n10,168,172\n\xa0 건물\n115,447,265\n12,223,757\n\xa0 기계장치\n932,299\n426,508\n\xa0 차량운반구\n2,347,825\n2,006,977\n합계\n127,762,523\n24,825,414\n(*) 재무상태표의 '유형자산' 및 '투자부동산' 항목에 포함되었습니다.\xa0 \xa0\xa0 당기 중 증가된 사용권자산은 119,388,158천원입니다.\n(단위 : 천원)\n구분\n당분기말\n당기초\n리스부채(*)\n\xa0 유동\n5,909,644\n4,355,337\n\xa0 비유동\n73,399,611\n20,737,207\n합계\n79,309,255\n25,092,544\n(*) 재무상태표의 '차입금' 항목에 포함되었습니다.\n(2) 손익계산서에 인식된 금액리스와 관련해서 손익계산서에 인식된 금액은 다음과 같습니다.\n(단위 : 천원)\n구분\n당분기\n전분기\n3개월\n누적\n3개월\n누적\n사용권자산의 감가상각비\n\xa0 토지\n85,755\n256,319\n128,337\n379,175\n\xa0 건물\n1,839,726\n6,449,053\n1,138,183\n3,687,586\n\xa0 기계장치\n86,371\n218,795\n20,365\n57,424\n\xa0 차량운반구\n292,486\n808,149\n247,032\n664,249\n합계\n2,304,338\n7,732,315\n1,533,917\n4,788,434\n리스부채에 대한 이자비용(금융원가에 포함)\n565,655\n1,519,610\n88,207\n316,228\n단기리스료\n128\n12,558\n125,350\n366,212\n소액리스료\n58,373\n152,203\n69,679\n162,469\n리스부채 측정치에 포함되지 않은 변동리스료\n232,497\n1,083,485\n620,714\n1,785,365\n당기 중 리스의 총 현금유출금액은\xa0\xa07,881,036천원\xa0입니다.\r\n14.\xa0무형자산\n보고기간 중 무형자산의 변동내역은 다음과 같습니다.\n당분기 -\n(단위: 천원)\n구분\n기초\n취득\n처분\n상각\n대체(*1)\n기말\n산업재산권\n2,273,271\n435,287\n-\n(867,005)\n992,392\n2,833,945\n기타무형자산\n23,979,622\n515,085\n(48,291)\n(7,049,308)\n2,463,016\n19,860,124\n건설중인자산\n5,147,083\n2,722,941\n(47,638)\n-\n(3,446,402)\n4,375,984\n합계\n31,399,976\n3,673,313\n(95,929)\n(7,916,313)\n9,006\n27,070,053\n(*1) 건설중인자산에서 무형자산 본계정 대체액 3,446,402천원, 유형자산에서 무형자산으로의 대체액 9,006천원으로 구성되어 있습니다.\n전분기 -\n(단위: 천원)\n구분\n기초\n취득\n처분\n상각\n대체(*2)\n기말\n산업재산권\n2,569,454\n107,715\n(5,041)\n(855,898)\n407,110\n2,223,340\n기타무형자산\n28,514,512\n1,689,146\n-\n(6,693,027)\n2,464,214\n25,974,845\n건설중인자산\n4,384,801\n2,527,936\n(84,279)\n-\n(2,796,410)\n4,032,048\n합계\n35,468,767\n4,324,797\n(89,320)\n(7,548,925)\n74,914\n32,230,233\n15. 관계기업투자\xa0및 종속기업투자15.1 관계기업투자보고기간말 현재 관계기업투자의 내역은 다음과 같습니다.\n(단위: 천원)\n회사명\n결산월\n소재지\n주식수(주)\n당분기말\n전기말\n지분율(%)\n취득원가\n장부가액\n지분율(%)\n취득원가\n장부가액\n한온시스템㈜(*1)\n12월\n대한민국\n104,031,000\xa0\n19.49\n1,061,740,386\n1,061,740,386\n19.49\n1,061,740,386\n1,061,740,386\n㈜피치스그룹코리아(*2)\n12월\n대한민국\n974\xa0\n6.26\n519,142\n519,142\n6.26\n519,142\n519,142\n합계\n1,062,259,528\n1,062,259,528\n1,062,259,528\n1,062,259,528\n(*1) 상기 관계기업투자의 공시되는 시장가격은 당분기말 현재 1,284,782,850천원(전기말 1,159,945,650천원)입니다. 한편, 당분기말 현재 상기 관계기업으로부터 수령한 배당금은 22,470,696천원(전분기: 24,967,440천원)입니다.(*2) 계약상 이사선임 등 경영과 관련된 주요권한을 행사할 수 있으므로, 관계기업투자주식으로 분류하였습니다.\n15.2\xa0종속기업투자\n(1) 당분기말 현재 회사가 직접 지분을 보유하고 있는 종속기업의 세부내역은 다음과 같습니다.\n종속기업명\n주요영업활동\n영업소재지\n㈜한국엔지니어링웍스\n타이어 및 튜브 제조기계 제조\n대한민국\nHankook Tire America Corp.\n타이어 제품의 판매\n미국\nHankook Tyre U.K. Ltd.\n〃\n영국\nJiangsu Hankook Tire Co., Ltd.\n타이어 제품의 제조 및 판매\n중국\nHankook Tire China Co., Ltd.\n〃\n〃\nHankook Tire Netherlands B.V.\n타이어 제품의 판매\n네덜란드\nHankook Tire Japan Corp.\n〃\n일본\nHankook Tire Canada Corp.\n〃\n캐나다\nHankook Reifen Deutschland GmbH\n〃\n독일\nHankook Tire France SARL\n〃\n프랑스\nHankook Espana S.A.\n〃\n스페인\nHankook Tyre Australia Pty., Ltd.\n〃\n호주\nHankook Tire Europe Holdings B.V.\n유럽지역 지배구조 구축\n네덜란드\nHankook Tire DE Mexico, S.A. DE C.V.\n타이어 제품의 판매\n멕시코\nChongqing Hankooktire Co., Ltd.\n타이어 제품의 제조 및 판매\n중국\nPT. HANKOOKTIRE INDONESIA\n〃\n인도네시아\n㈜한국프리시전웍스\n타이어 금형의 제조 및 판매\n대한민국\nHankook Tire Singapore PTE., Ltd.\n무역 및 컨설팅\n싱가폴\nHankook Tire Malaysia SDN.BHD.\n타이어 제품의 판매\n말레이시아\nHankook Tire Thailand Co., Ltd.\n〃\n태국\nHankook Tire de Colombia Ltda.\n〃\n콜롬비아\nHankook Tire Australia Retail Pty Ltd.\n〃\n호주\nHankook Tires India LLP\n〃\n인도\nHankook Tire Latam, S.A.\n〃\n파나마\nHankook Tire Latin America Distribution Center, S.A.\n〃\n파나마\nHankook Tire Middle East and Africa FZE\n〃\nUAE\nHankook Tire Vietnam Co.,Ltd.\n〃\nVietnam\nHankook Tire Indonesia Sales\n〃\nIndonesia\n티앤에이 주식회사\n타이어 제품의 판매\n대한민국\n한국동그라미파트너스㈜\n시설관리용역, 제과 및 제빵업\n대한민국\n케이씨지 제1호 사모투자 합자회사\n경영참여형 사모투자집합기구\n대한민국\n모델솔루션 주식회사\n시작품제작, 금형 사출 제작\n대한민국\n(2) 보고기간말 현재 종속기업투자의 내역은 다음과 같습니다.\n당분기말 -\xa0\n(단위: 천원)\n회사명\n소유지분율 및의결권비율(%)\n취득원가\n장부금액\n㈜한국엔지니어링웍스(구, ㈜대화산기)\n95.00\n1,900,000\n1,900,000\nHankook Tire America Corp.\n100.00\n197,054,823\n197,054,823\nHankook Tyre U.K. Ltd.\n100.00\n30,649\n30,649\nJiangsu Hankook Tire Co., Ltd.(*1)(*2)\n34.67\n71,170,379\n71,170,379\nHankook Tire China Co., Ltd.(*1)(*3)\n98.00\n216,936,318\n216,936,318\nHankook Tire Netherlands B.V.(*1)\n100.00\n1,738,031\n1,738,031\nHankook Tire Japan Corp.\n100.00\n1,647,432\n-\nHankook Tire Canada Corp.\n100.00\n30,950\n30,950\nHankook Reifen Deutschland GmbH(*1)\n100.00\n126,995\n126,995\nHankook Tire France SARL(*1)\n100.00\n1,601,630\n1,601,630\nHankook Espana S. A.(*1)\n100.00\n76,873\n76,873\nHankook Tyre Australia Pty., Ltd.(*1)\n100.00\n1,554,999\n1,554,999\nHankook Tire Europe Holdings B.V.\n100.00\n240,408,421\n240,408,421\nHankook Tire DE Mexico, S.A. DE C.V.(*3)\n99.99\n330,339\n330,339\nChongqing Hankooktire Co., Ltd.(*1)\n100.00\n232,293,000\n232,293,000\nPT. HANKOOKTIRE INDONESIA\n99.99\n296,226,785\n296,226,785\n㈜한국프리시전웍스(구, ㈜엠케이테크놀로지)\n50.10\n11,322,600\n11,322,600\nHankook Tire Singapore PTE., Ltd.(*1)\n100.00\n1,118,960\n1,118,960\nHankook Tire Malaysia SDN.BHD.\n100.00\n429,920\n-\nHankook Tire Thailand Co., Ltd.\n99.99\n3,770,823\n1,670,823\nHankook Tire de Colombia Ltda.\n99.99\n106,084\n106,084\nHankook Tyre Australia Retail Pty., Ltd.\n100.00\n61,527,879\n61,527,879\nHankook Tires India LLP\n99.99\n1,482,073\n317,073\nHankook Tire Latam, S.A.\n100.00\n56,535\n56,535\nHankook Tire Latin America Distribution Center, S.A.\n100.00\n336,810\n-\nHankook Tire Middle East and Africa FZE(*1)\n100.00\n579,100\n579,100\nHankook Tire Vietnam Co.,Ltd.(*1)\n100.00\n1,068,295\n1,068,295\nPT. Hankook Tire Sales Indonesia(*4)\n99.00\n221,944\n221,944\n한국동그라미파트너스㈜\n100.00\n900,000\n379,000\n케이씨지 제1호 사모투자 합자회사(*1)\n80.00\n14,243,852\n14,243,852\n모델솔루션 주식회사\n75.00\n68,915,664\n68,915,664\n티앤에이 주식회사(*5)\n100.00\n2,000,000\n2,000,000\n합계\n1,431,208,163\n1,425,008,000\n전기말 -\xa0\n(단위: 천원)\n회사명\n소유지분율 및의결권비율(%)\n취득원가\n장부금액\n㈜한국엔지니어링웍스(구, ㈜대화산기)\n95.00\n1,900,000\n1,900,000\nHankook Tire America Corp.\n100.00\n197,054,823\n197,054,823\nHankook Tyre U.K. Ltd.\n100.00\n30,649\n30,649\nJiangsu Hankook Tire Co., Ltd.\n34.67\n71,170,379\n71,170,379\nHankook Tire China Co., Ltd.\n96.37\n207,659,518\n207,659,518\nHankook Tire Netherlands B.V.\n100.00\n1,738,031\n1,738,031\nHankook Tire Japan Corp.\n100.00\n1,647,432\n-\nHankook Tire Canada Corp.\n100.00\n30,950\n30,950\nHankook Reifen Deutschland GmbH\n100.00\n126,995\n126,995\nHankook Tire France SARL\n100.00\n1,601,630\n1,601,630\nHankook Espana S. A.\n100.00\n76,873\n76,873\nHankook Tyre Australia Pty., Ltd.\n100.00\n1,554,999\n1,554,999\nHankook Tire Europe Holdings B.V.\n100.00\n240,408,421\n240,408,421\nHankook Tire DE Mexico, S.A. DE C.V.(*3)\n99.99\n330,339\n-\nChongqing Hankooktire Co., Ltd.\n100.00\n232,293,000\n232,293,000\nPT. HANKOOKTIRE INDONESIA\n99.99\n296,226,785\n296,226,785\n㈜한국프리시전웍스(구, ㈜엠케이테크놀로지)\n50.10\n11,322,600\n11,322,600\nHankook Tire Singapore PTE., Ltd.\n100.00\n1,118,960\n1,118,960\nHankook Tire Malaysia SDN.BHD.\n100.00\n429,920\n-\nHankook Tire Thailand Co., Ltd.\n99.99\n3,770,823\n1,670,823\nHankook Tire de Colombia Ltda.\n99.99\n106,084\n-\nHankook Tyre Australia Retail Pty., Ltd.\n100.00\n61,527,879\n61,527,879\nHankook Tires India LLP\n99.99\n1,482,073\n1,482,073\nHankook Tire Latam, S.A.\n100.00\n56,535\n56,535\nHankook Tire Latin America Distribution Center, S.A.\n100.00\n336,810\n336,810\nHankook Tire Middle East and Africa FZE\n100.00\n579,100\n579,100\nHankook Tire Vietnam Co.,Ltd.\n100.00\n1,068,295\n1,068,295\nPT. Hankook Tire Sales Indonesia(*4)\n99.00\n221,944\n221,944\n한국동그라미파트너스㈜\n100.00\n900,000\n900,000\n케이씨지 제1호 사모투자 합자회사\n80.00\n19,000,000\n19,000,000\n모델솔루션 주식회사\n75.00\n68,915,664\n68,915,664\n합계\n1,424,687,511\n1,420,073,736\n(*1) 종속기업 중 일부는 주권을 미발행하였습니다.(*2) 종속기업인 Hankook Tire America Corp.와 Hankook Tire China Co., Ltd.를 통한 유효지분율은 100%입니다.(*3) Hankook Tire America Corp.를 통한 지분율은 100%입니다.(*4) 종속기업인 PT. HANKOOKTIRE INDONESIA를 통한 유효지분율은 100%입니다.(*5) 당기 중 티앤에이 주식회사를 신규 설립하였습니다.\r\n16. 차입금(1) 보고기간말 현재 차입금의 구성내역은 다음과 같습니다.\n(단위: 천원)\n구분\n당분기말\n전기말\n유동\n비유동\n유동\n비유동\n단기차입금\n263,623,648\n-\n263,171,646\n-\n리스부채\n5,909,644\n73,399,611\n4,355,337\n20,737,207\n사채\n-\n767,135,575\n249,969,832\n345,528,372\n합계\n269,533,292\n840,535,186\n517,496,815\n366,265,579\n(2) 보고기간말 현재 단기차입금의 내역은 다음과 같습니다.\n(단위: 천원)\n내역\n차입처\n이자율(%)(2020.09.30)\n당분기말\n전기말\n매출채권의 양도(*1)\n우리은행 등\n6.05%(*2)\n195,152,648\n263,171,646\n은행 차입금\nBank Mendes Gans(BMG)\n0.60%\n54,776,800\n-\n관계사 차입금\nHankook Tire Europe Holdings B.V\n0.21%\n13,694,200\n-\n합계\n263,623,648\n263,171,646\n(*1) 제거의 요건을 충족하지 못하는 매출채권의 양도와 관련하여 인식한 금융부채로 회사의 매출채권에 의하여 담보되어 있습니다(주석 26 (4) 참조).(*2) 매출채권의 양도와 관련하여 인식한 금융부채에 대한 가중평균차입이자율입니다.\n(3) 보고기간말 현재 사채의 내역은 다음과 같습니다.\n(단위: 천원)\n구분\n발행일\n상환일\n이자율(%)(2020.09.30)\n당분기말\n전기말\n유동\n비유동\n유동\n비유동\n제83-2회 무보증\n2015.03.12\n2020.03.12\n2.23%\n-\n-\n250,000,000\n-\n제84-1회 무보증\n2020.03.05\n2023.03.05\n1.38%\n-\n150,000,000\n-\n-\n제84-2회 무보증\n2020.03.05\n2025.03.05\n1.48%\n-\n150,000,000\n-\n-\n외화 장기 사채(*)\n2018.01.30\n2023.01.30\n3.50%\n-\n352,050,000\n-\n347,340,000\n쇼군본드\n2020.05.15\n2023.05.15\n1.47%\n-\n117,350,000\n-\n-\n차감: 사채할인발행차금\n-\n(2,264,425)\n(30,168)\n(1,811,628)\n합계\n-\n767,135,575\n249,969,832\n345,528,372\n(*) 회사는 상기 차입금의 이자율 및 환율 변동에 따른 현금흐름위험회피를 위하여 통화스왑 계약을 체결하고 있습니다(주석 8 참조).\n17. 순확정급여부채가. 확정급여제도\n(1) 보고기간 중 손익계산서에 반영된 금액은 다음과 같습니다.\n(단위: 천원)\n구분\n당분기\n전분기\n3개월\n누적\n3개월\n누적\n당기근무원가\n12,617,773\n37,705,763\n11,881,574\n35,644,722\n순이자원가\n(11,427)\n(34,280)\n(157,481)\n(472,444)\n종업원 급여에 포함된 총 비용\n12,606,346\n37,671,483\n11,724,093\n35,172,278\n총 비용 중 23,614,932천원(전분기: 21,962,469천원)은 매출원가에 포함되었으며, 13,817,150천원(전분기: 13,209,809천원)는 판매관리비 및 경상연구개발비에 포함되었습니다.(2) 보고기간말 현재 순확정급여부채 산정내역은 다음과 같습니다.\n(단위: 천원)\n구분\n당분기말\n전기말\n확정급여채무의 현재가치\n449,119,993\n428,555,938\n사외적립자산의 공정가치\n(407,860,798)\n(428,605,302)\n순확정급여부채\n41,259,195\n(49,364)\n나. 확정기여제도당분기 중 확정기여제도와 관련하여 비용으로 인식한 금액은 2,545,204천원(전분기: 2,320,569천원)입니다.\n18. 충당부채\n보고기간 중 충당부채의 변동내역은 다음과 같습니다.\n당분기 -\n(단위: 천원)\n구분\n기초\n손익반영\n사용액\n기말\n제조물배상충당부채\n8,049,366\n2,025,029\n(2,141,281)\n7,933,114\n판매보증충당부채\n54,308,089\n4,005,279\n(5,137,977)\n53,175,391\n기타충당부채\n284,913\n523,259\n(673,973)\n134,199\n합계\n62,642,368\n6,553,567\n(7,953,231)\n61,242,704\n전분기 -\xa0\n(단위: 천원)\n구분\n기초\n손익반영\n사용액\n기말\n제조물배상충당부채\n9,231,830\n(85,687)\n(530,775)\n8,615,368\n판매보증충당부채\n51,687,823\n9,591,359\n(7,554,909)\n53,724,273\n기타충당부채\n8,561,006\n52,804\n(7,951,553)\n662,257\n합계\n69,480,659\n9,558,476\n(16,037,237)\n63,001,898\n19.\xa0판매비와관리비\xa0\n보고기간의 판매비와관리비의 내역은 다음과 같습니다.\n(단위: 천원)\n구분\n당분기\n전분기\n3개월\n누적\n3개월\n누적\n급여\n20,063,516\n66,702,451\n21,447,018\n60,687,507\n퇴직급여\n2,680,879\n8,095,570\n2,873,594\n8,560,830\n도급용역\n8,485,471\n27,188,821\n8,446,872\n26,090,923\n복리후생비\n4,094,776\n11,613,288\n4,222,693\n11,299,495\n수도광열비\n591,228\n1,445,890\n449,002\n1,382,681\n소모품비\n495,347\n1,370,954\n208,114\n553,159\n수선비\n1,224,627\n3,115,439\n1,050,907\n3,552,396\n시험분석비\n417,117\n1,070,985\n628,995\n1,270,932\n해외지사유지비\n401,313\n1,299,745\n628,234\n2,336,965\n여비교통비\n321,050\n1,097,991\n592,962\n2,313,019\n교육훈련비\n238,468\n652,260\n378,415\n1,180,607\n통신비\n306,840\n917,623\n316,415\n908,740\n접대비\n296,982\n794,254\n402,664\n1,244,972\n차량유지비\n301,107\n885,637\n335,736\n988,038\n도서인쇄비\n161,270\n490,243\n279,510\n713,000\n창고사용료\n214,133\n695,248\n182,979\n574,678\n지급수수료\n14,813,433\n34,367,035\n11,829,915\n34,836,705\n지급임차료\n32,601\n454,055\n34,678\n254,786\n감가상각비\n5,357,881\n15,535,798\n4,279,680\n13,305,545\n투자부동산감가상각비\n299,343\n901,492\n294,273\n896,352\n무형자산상각비\n2,065,795\n6,285,371\n2,026,692\n6,008,263\n보험료\n1,486,769\n4,340,252\n1,351,043\n3,657,933\n세금과공과\n1,120,378\n6,890,349\n1,416,004\n7,447,750\n대손상각비(환입)\n806,070\n1,629,885\n(172,223)\n(1,204,617)\n회의비\n2,488\n3,415\n9,780\n140,575\n브랜드로열티\n9,303,319\n22,767,247\n13,245,866\n38,414,941\n업무지원용역수수료\n1,552,711\n4,288,284\n1,631,057\n4,928,643\n운반비\n10,549,285\n29,416,814\n8,913,274\n28,067,392\n광고선전비\n27,720,364\n62,581,750\n38,974,286\n105,966,851\n기타수출제비\n2,179,255\n6,178,264\n2,540,273\n7,769,649\n포장비\n629,120\n1,724,073\n603,478\n1,907,896\n판매파열품비\n1,471,725\n6,030,308\n2,759,898\n9,505,672\n해외시장개척비\n-\n3,130\n15,307\n35,134\n잡비\n59,203\n168,294\n72,573\n218,566\n합계\n119,743,864\n331,002,215\n132,269,964\n385,815,978\n20. 금융손익보고기간의 금융이익의 내역은 다음과 같습니다.\n(단위: 천원)\n구분\n당분기\n전분기\n3개월\n누적\n3개월\n누적\n이자수익\n3,286,830\n9,653,750\n5,195,010\n16,052,594\n파생상품평가이익\n4,143,581\n4,143,581\n-\n(1,614,933)\n파생상품거래이익\n-\n-\n(4,200)\n2,100\n당기손익-공정가치 측정 채무상품 평가이익\n18,484\n18,484\n-\n-\n외화환산이익\n(3,306,580)\n19,660,153\n6,444,247\n22,097,553\n외환차익\n16,987,514\n39,249,668\n6,395,959\n18,706,409\n합계\n21,129,829\n72,725,636\n18,031,016\n55,243,723\n보고기간의 금융원가의 내역은 다음과 같습니다.\n(단위: 천원)\n구분\n당분기\n전분기\n3개월\n누적\n3개월\n누적\n이자비용\n7,189,855\n20,619,734\n7,964,657\n25,146,986\n파생상품평가손실\n(4,406,009)\n4,612,236\n7,437,121\n18,776,370\n파생상품거래손실\n4,061,281\n4,061,281\n3,290,516\n8,722,648\n외화환산손실\n(6,528,002)\n2,447,137\n(4,353,605)\n4,385,785\n외환차손\n17,979,702\n40,585,049\n18,052,030\n49,771,370\n기타포괄손익-공정가치측정채무상품처분손실\n83,077\n86,472\n66\n1,948\n합계\n18,379,904\n72,411,909\n32,390,785\n106,805,107\n21. 기타영업외손익보고기간의 기타영업외수익의 세부내역은 다음과 같습니다.\n(단위: 천원)\n구분\n당분기\n전분기\n3개월\n누적\n3개월\n누적\n수입임대료\n539,438\n1,237,081\n163,757\n533,256\n수입기술료\n35,410,008\n89,434,853\n34,686,415\n104,029,468\n수입수수료\n6,812,247\n20,094,095\n7,307,505\n24,285,016\n유형자산처분이익\n116,612\n362,463\n2,293,852\n22,862,598\n투자부동산처분이익\n-\n-\n8,044,071\n31,099,041\n리스자산처분이익\n7,062\n210,220\n-\n2,088\n잡이익\n737,546\n3,420,585\n1,046,179\n2,270,872\n외환차익\n9,925,864\n40,360,473\n26,911,381\n60,917,806\n외화환산이익\n(5,972,495)\n2,047,458\n(4,673,443)\n10,758,105\n수입배당금\n7,303,608\n30,131,559\n8,322,480\n31,341,219\n종속회사주식처분이익\n-\n2,270,252\n-\n-\n종속기업투자주식손상차손환입\n436,423\n436,423\n-\n-\n합계\n55,316,313\n190,005,462\n84,102,197\n288,099,469\n보고기간의 기타영업외비용의 세부내역은 다음과 같습니다.\n(단위: 천원)\n구분\n당분기\n전분기\n3개월\n누적\n3개월\n누적\n유형자산처분손실\n997,689\n2,564,497\n2,917,801\n6,320,247\n투자부동산처분손실\n-\n-\n1,465\n69,881\n사용권자산처분손실\n7,734\n252,867\n-\n-\n무형자산처분손실\n-\n48,291\n5,041\n5,041\n기타충당부채전입액(환입액)\n(12,040)\n523,258\n17,795\n52,805\n기부금\n-\n1,300\n107,109\n161,159\n기타의대손상각비\n149,433\n195,580\n46,112\n23,363\n잡손실\n619,238\n760,296\n88,943\n441,263\n외환차손\n16,761,655\n31,580,870\n7,387,107\n16,469,643\n외화환산손실\n9,307,008\n24,509,279\n(1,034,242)\n5,410,009\n종속기업투자주식손상차손\n2,022,810\n2,022,810\n-\n-\n합계\n29,853,527\n62,459,048\n9,537,131\n28,953,411\n22. 법인세비용법인세비용은 전체 회계연도에 대해서 예상되는 최선의 가중평균 연간법인세율의 추정에 기초하여 인식하였습니다. 2020년 12월 31일로 종료하는 회계연도의 예상평균연간법인세율은 27.3%(*)(전분기: 24.9%)입니다.\n(*) 2020년 3월 25일에 과거 과세기간에 대한 세무조사 재조사 결과 통지에 따라 당분기 손익계산서에 인식한 전기이전분 법인세추납세액의 효과(66,309,460천원) 및 2020년 미환류소득에 대한 법인세비용 효과(9,094,839천원)는 예상평균연간법인세율산출시 제외함.\n23. 비용의 성격별 분류\n보고기간 중 발생한 비용의 성격별로 분류한 내역은 다음과 같습니다.\n(단위: 천원)\n계정과목\n당분기\n전분기\n3개월\n누적\n3개월\n누적\n재고자산의 변동\n\xa0제품\n4,974,890\n(16,312,244)\n2,494,820\n(698,731)\n\xa0상품\n(1,279,639)\n(2,235,395)\n(2,790,245)\n(4,147,065)\n\xa0재공품\n4,198,951\n4,048,896\n(3,241,646)\n(2,771,173)\n\xa0저장품\n210,945\n(43,309)\n178,782\n349,818\n\xa0원재료\n15,900,805\n26,668,420\n(3,620,535)\n(91,008)\n원재료 등의 구매\n282,809,642\n872,451,279\n354,123,109\n1,052,627,227\n종업원급여\n151,772,060\n456,693,999\n151,388,382\n470,094,617\n감가상각비(*)\n44,867,824\n138,018,546\n45,284,579\n140,041,544\n무형자산상각비\n2,632,437\n7,916,313\n2,535,821\n7,548,925\n지급수수료\n22,297,574\n56,103,805\n18,996,560\n55,809,343\n기타\n176,272,815\n504,485,402\n210,104,869\n599,789,056\n합계\n704,658,304\n2,047,795,712\n775,454,496\n2,318,552,553\n(*) 투자부동산감가상각비가 포함되어 있습니다.24. 영업으로부터 창출된 현금흐름\n(1) 보고기간 중 현금의 유입과 유출이 없는 거래 중 중요한 사항은 다음과 같습니다.\n(단위: 천원)\n내역\n당분기\n전분기\n건설중인자산의 본계정 대체\n53,172,836\n61,424,717\n대여금의 유형자산 대체\n13,793,168\n-\n당기중 고정자산 취득관련 미지급금의 순증감\n1,325,318\n(2,360,984)\n자본화된 차입원가\n2,584,221\n1,538,036\n사용권자산의 증가\n119,793,344\n2,137,737\n리스부채의 증가\n59,390,487\n2,137,737\n(2) 당분기 중 재무활동에서 생기는 부채의 조정내용은 다음과 같습니다.\n당분기 -\n(단위: 천원)\n구분\n단기차입금 등\n사채(유동)\n사채(비유동)\n임대보증금(유동)\n임대보증금(비유동)\n리스부채(유동)\n리스부채(비유동)\n미지급배당금\n합계\n기초금액\n263,171,646\n249,969,832\n345,528,372\n2,543,147\n225,724\n4,355,337\n20,737,207\n20,584\n886,551,849\n신규 증가\n-\n-\n-\n-\n-\n-\n59,390,487\n-\n59,390,487\n처분\n-\n-\n-\n-\n-\n(92,164)\n-\n-\n(92,164)\n외환차이\n(15,797,246)\n-\n(730,000)\n-\n-\n(4,634)\n326,948\n-\n(16,204,932)\n현금흐름\n16,249,248\n(250,000,000)\n421,765,592\n-\n28,959,300\n(6,636,006)\n-\n(68,116,260)\n142,221,874\n유동성대체\n-\n-\n-\n507,300\n(507,300)\n5,909,644\n(5,909,644)\n-\n-\n사채할인발행차금 상각 등\n-\n30,168\n571,611\n-\n-\n-\n1,519,612\n-\n2,121,391\n기타변동(배당선언 등)\n-\n-\n-\n-\n-\n2,377,467\n(2,664,999)\n68,118,975\n67,831,443\n기말금액\n263,623,648\n-\n767,135,575\n3,050,447\n28,677,724\n5,909,644\n73,399,611\n23,299\n1,141,819,948\n(*) 유동성장기차입금이 포함되어 있습니다.\n전분기 -\n(단위: 천원)\n구분\n단기차입금 등\n사채(유동)\n사채(비유동)\n리스부채(유동)\n리스부채(비유동)\n미지급배당금\n합계\n기초금액\n543,863,284\n-\n582,893,733\n-\n-\n17,978\n1,126,774,995\n회계정책의 변경\n-\n-\n-\n5,803,922\n13,182,591\n-\n18,986,513\n신규 증가\n-\n-\n-\n-\n2,137,737\n-\n2,137,737\n처분\n-\n-\n-\n(224,127)\n-\n-\n(224,127)\n외환차이\n1,453,442\n-\n24,960,000\n38,316\n107,504\n-\n26,559,262\n현금흐름\n(234,692,901)\n-\n-\n(5,019,112)\n-\n(55,731,100)\n(295,443,113)\n유동성대체\n-\n249,932,293\n(249,932,293)\n4,814,481\n(4,814,481)\n-\n-\n사채할인발행차금 상각\n-\n-\n518,881\n-\n315,755\n-\n834,636\n기타변동(배당선언 등)\n-\n-\n-\n-\n-\n55,733,706\n55,733,706\n기말금액\n310,623,825\n249,932,293\n358,440,321\n5,413,480\n10,929,106\n20,584\n935,359,609\n25.\xa0배당금2019년 12월 31일로 종료하는 회계기간에 대한 보통주 배당금 68,118,975천원은 2020년 4월에 지급되었습니다(전기 지급액: 55,733,706천원).\n26. 우발상황과 주요 약정사항(1) 당분기말 현재 유형자산(토지, 건물, 기계장치) 중 일부는 여신한도 등과 관련하여 담보로 제공되어 있으며 그 내역은 다음과 같습니다.\n(단위: 천원, 천USD)\n담보제공처\n담 보 제 공 자 산\n채권최고액\n산업은행 외\n토지ㆍ건물 ㆍ기계장치\nKRW\n260,140,000\nUSD\n153,200\n(2) 회사는 건물, 재고자산, 기계장치 등에 대하여 종합보험 등에 가입하고 있습니다.\n(단위: 천원)\n구\xa0 \xa0 분\n부보자산\n부보금액\n보험금수익자\n재산종합보험\n건물 등\n1,337,106,917\n회사\n재고자산\n320,956,636\n기계장치 등\n5,478,322,350\n합계\n7,136,385,903\n한편, 차입금 등의 담보로 제공된 건물 및 기계장치의 보험금 수익권에는 산업은행 (122,000,000천원 및 USD 110,000천) 및 우리은행(138,140,000천원 및\xa0 USD 43,200천)의 여신한도 등과 관련하여 질권이 설정되어 있습니다.\n또한, 회사는 제조물의 결함으로 인한 생명, 신체 또는 재산상의 손해를 입은 자에 대한 손해배상책임을 제조업자 또는 공급업자에게 부과하는 제조물책임법이 2002년 7월 1일부터 시행됨에 따라, 제조물책임보험계약을 체결하고 있으며, 제조물 배상 책임 소송과 관련하여 일부 예상되는 추정손실 7,933,114천원을 제조물배상충당부채로 계상하고 있습니다(주석 18 참조).\n(3) 회사는 인도 현지에 타이어를 공급하기 위한 목적으로 신한은행 뉴델리지점을 통해 인도표준협회에 USD 80,000의 지급보증을 제공하고 있으며, UN사 타이어 공급 목적으로 신한은행 GS타워지점을 통해 UN사에 USD 144,792의 지급보증을 제공하고 있습니다.\n(4) 보고기간말 현재 금융기관에 양도한 매출채권 중 만기가 미도래한 내역은 다음과 같습니다.\n(단위: 천원)\n구\xa0 분\n당분기말\n전기말\n매출채권 담보차입\n195,152,648\n263,171,646\n회사는 금융기관에 양도한 상환청구권이 있는 매출채권 중 만기가 미도래한 금액을 단기차입금으로 계상하고 있습니다(주석 16참조).(5) 회사는 타이어 제품의 주된 원재료인 생고무의 확보를 위하여 Southland 외 여러업체들과 원재료 구매 계약을 체결하고 있으며, 동 계약은 연단위로 매년 갱신되고 있습니다. 또한, 특수관계자인 한국테크놀로지그룹㈜와 상표권 라이선스 및 기획, 투자 등에 관한 업무지원을 제공받는 수급계약과 재무, 회계, 법무등의 제반 업무지원을 제공하는 공급계약을 체결하고 있습니다. 또한, 당분기말 현재 회사는 특수관계자인 ㈜한국네트웍스와 정보시스템\xa0 위탁관리를 제공받는 공급계약을 체결하고 있습니다.\n(6) 보고기간 말 현재 회사의 주요 자금조달약정 내역은 다음과 같습니다.\n당분기-\n(단위: 천원)\n구\xa0 분\n당분기말\n전기말\n매출채권 담보차입 등여신한도약정\n총약정한도액\n2,418,047,000\n2,260,039,000\n사용금액\n707,586,705\n497,807,099\n미사용한도\n1,710,460,295\n1,762,231,901\n(7) 이행보증 등과 관련하여 서울보증보험으로부터 12,854,285천원(전기말: 12,185,285천원)의 지급보증을 제공받고 있습니다.\n(8) 당기말 현재 종속기업 등을 위하여\xa0878,789,087천원(전기말: 801,205,391천원)의 지급보증을 제공하고 있습니다(주석 27의 4) 참조).(9) 계류중인 소송사건회사는 보고기간말 현재 근로자(또는 퇴직자)와 3건의 연장근무수당 등과 관련된 임금의 추가지급청구소송을 진행 중이며, 회사가 일부패소 또는 전부패소한 부분에 대해서 2심 항소심 등을 진행 중에 있습니다. 이와 관련하여 하급심 판결금액에 따라 회사가 지급의무를 부담하는 원리금의 합계 금액 134,200천원을 충당부채에 계상하고 있으며, 소송결과에 따른 최종 부담금액은 회사가 추정한 금액과 달라질 수 있습니다.\n상기 사건 이외에, 보고기간말 현재 다수의 소송이 진행 중에 있습니다. 동 소송의 최종 결과 및 영향은 합리적으로 예측할 수 없으며, 회사의 경영진은 회사의 재무상태에 중요한 영향을 미치지 않을 것으로 판단하고 있습니다.\n(10) 타법인 주식인수 공동투자약정회사는 한온시스템주식회사의 최대주주인 비상장 외국법인인 VIHI LLC가 보유하고있는 한온시스템주식회사 주식 20,806,200주(지분율 19.49%)를 양수하였습니다.\n1) 주식매매계약의 내용\xa0\n\xa0\xa0 -매도인 : Visteon Corp. 및 VIHI LLC.\xa0\xa0\n\xa0\xa0 -매수인 : 한앤코 오토홀딩스 유한회사\xa0 및 한국타이어앤테크놀로지주식회사\n\xa0\xa0 -매매계약 체결일: 2014.12.17\n\xa0\xa0 -거래종결일: 2015.6.10\n\xa0\xa0 -매수인별 매수대상주식수\xa0\n\xa0 \xa0 \xa0 \xa0 가. 한앤코 오토홀딩스 유한회사 : 53,913,800주 (지분율 50.50%)\n\xa0 \xa0 \xa0 \xa0 나. 한국타이어앤테크놀로지주식회사 : 20,806,200주\xa0 (지분율 19.49%)\n2) 주주간 계약의 체결\xa0\n상기 주식매수계약의 매수인인 회사와 한앤코 오토홀딩스 유한회사는 다음 내용을 포함하는 주주간 계약을 체결하였습니다.- 한앤코 오토홀딩스 유한회사의 동반매도요구권 (Drag-along right)- 회사의 우선매수권 (Right of first refusal)- 회사의 동반매각참여권(Tag-along right)(11) 타법인 주식인수 관련 약정회사는 모델솔루션㈜의 주주인 외국법인인 Laird Holding Limited 와 국내 PEF 모네홀딩스가 보유하고 있는 모델솔루션㈜의 주식 140,735주(지분율 75%) 를 모네홀딩스(주식 45,035주)와 Laird Holding Limited(주식 95,700주)로부터 양수하였습니다. 또한 모델솔루션㈜ 투자와 관련하여 회사와 모네홀딩스는 주주간 계약을 체결하였습니다.\n1) 주식매매계약의 내용- 매도인 : Laird Holding Limited , 모네홀딩스 (국내 PEF)- 매수인 : 한국타이어앤테크놀로지주식회사- 매매계약 체결일 : 2018년 5월 31일\n2) 주주간 계약의 체결\n구분\n내역\n주식양도의제한\n1. 한국타이어앤테크놀로지는 최대주주 지위를 유지하지 않게 되는 주식 양도의 경우 모네홀딩스의 사전 서면 동의가 필요함. 단 모델솔루션㈜ IPO 이후 1년이 지난 경우에는 제외함2. 모네홀딩스는 한국타이어앤테크놀로지의 사전 동의 없이 회사의 동종업체 또는 경쟁업체에주식양도가 제한됨\n동반매도권(Tag-along)\n모네홀딩스는 한국타이어앤테크놀로지의 주식양도에 대해 동반매도권을 가짐. 단 전략적 목적으로 회사가 영위하는 사업과 시너지가 있는 사업을 영위하는 전략적투자자에게 발행주식총수의 15% 미만 양도 또는 모델솔루션㈜의 IPO 이후 1년 이내 한국타이어앤테크놀로지가 최대주주 지위를 유지하는 주식양도의 경우는 제외함\n우선매수권(RoFO)\n한국타이어앤테크놀로지는 모네홀딩스가 제3자에게 주식을 매각하는 경우 우선매수권을 가짐\n공동매도요구권(Drag-along)\n모네홀딩스는 한국타이어앤테크놀로지가 고의로 모델솔루션㈜의 IPO를 회피하는 경우 한국타이어앤테크놀로지가 보유한 주식 전부를 모델솔루션㈜와 동일한 거래조건으로 공동 매도하도록 요구하는 공동매도요구권을 가짐\n풋옵션(*)\n모네홀딩스는 양사 합의 한 기간 이내 IPO가 이루어지지 않는 경우, 한국타이어앤테크놀로지에 대해 모네홀딩스가 보유한 회사 주식 전부를 매도할수 있는 풋옵션을 가지며 그 매매대금은 18년 5월 31일 체결된 주식매매계약에서 정하는 1주당 매매대금에 모네홀딩스 보유 회사 주식수를 곱한 금액으로 함\xa0\n(*) 회사는 상기 주주간 계약상의 풋옵션과 관련하여, 당분기말 현재 934,000천원의 파생상품 부채를 인식하고 있습니다(주석 8 참조).\n27. 특수관계자 거래\xa0(1) 당분기말 현재 회사의 특수관계자 현황은 다음과 같습니다.\n구분\n특수관계자의 명칭\n특수관계자 개인\n조양래, 조현식, 조현범\n지주회사(*1)\n한국테크놀로지그룹㈜\n지주회사의 종속기업 및 관계기업(*2)\n㈜한국아트라스비엑스, ㈜아트라스비엑스모터스포츠, Atlasbx America Corporation, 한국카앤라이프㈜, 에이치케이모터즈㈜, 한오토모빌레㈜, ㈜한국네트웍스, Hankook Networks America, Inc, 웨이버스㈜\n국내 종속기업\n㈜한국엔지니어링웍스, ㈜한국프리시전웍스, 한국동그라미파트너스㈜, 케이씨지 제1호 사모투자 합자회사, 모델솔루션㈜, 티앤에이㈜\n국내 종속기업의 관계기업\n㈜대명테크원\n해외 종속기업\nHankook Tire America Corp., Hankook Tyre U.K. Ltd., Jiangsu Hankook Tire Co., Ltd., Hankook Tire China Co., Ltd., Shanghai Hankook Tire Sales Co., Ltd., Hankook Tire Netherlands B.V., Hankook Tire Japan Corp., Hankook Tire Canada Corp., Hankook Reifen Deutschland GmbH, Hankook Tire France SARL, Hankook Tire Italia S.R.L., Hankook Espana S.A., Hankook Tyre Australia Pty., Ltd., Hankook Tire Hungary Ltd., Hankook Tire Europe Holdings B.V, Hankook Tire Europe GmbH,Hankook Tire Budapest Kereskedelmi Kft, Hankook Tire DE Mexico, S.A. DE C.V., Chongqing Hankooktire Co., Ltd., Hankook Tire Rus LLCPT. HANKOOKTIRE INDONESIA, MK Mold (Jiaxing) Co., LTD, Hankook Tire Singapore PTE., Ltd., Hankook Tire Malaysia SDN.BHD., Hankook Tire Sweden AB,Beijing Jielun Trading Company Co.,Ltd., Hankook Lastikleri A.S., Hankook Tire Polska Sp. z o.o., Hankook Tire Thailand Co.,Ltd., Hankook Tire de Colombia Ltda., Hankook Tire America Holdings I, LLC, Hankook Tire America Holdings II, LLC,Hankook Tire Manufacturing Tenessee LP, Hankook Tire Ceska Republika s.r.o. MK Technology (CHONGQING) Mould Co., Ltd., Hankook Tyre Australia Retail Pty.,Ltd.,JAX Quickfit Franchising Systems Unit Trust., JAX Quickfit Franchising Systems Pty Ltd., JAX Quickfit Properties Pty Ltd.,Hankook Tires India LLP,Hankook Tire Latam, S.A.,Hankook Tire Latin America Distribution Center, S.A., Hankook Tire Ukraine LLC, ModelSolution Inc. Reifen-Muller KG, Reifen-Muller Runderneuerung BV, RM Verwaltungs GmbH, RU Verwaltungs GmbH, Hankook Tire D.O.O. Beograd, HANKOOK TIRE MIDDLE EAST AND AFRICA FZE, Hankook Tire Vietnam Co. LTD, PT. HankookTire Sales Indonesia, Hankook Tire Austria GmbH\n국내 관계기업\n한온시스템㈜, ㈜피치스그룹코리아\n기타(*3)\n신양관광개발㈜, 신양월드레저㈜, 에프더블유에스투자자문㈜, Daehwa Eng'& Machinery Jiaxing Co., Ltd.,\xa0 아노텐금산㈜, 아름일렉트로닉스㈜(구, 와이케이티㈜), 에스피팀㈜, ㈜세일환경, ㈜두원홀딩스, ㈜아름덴티스트리, ㈜에스아이카본, 농업회사법인장지㈜\n(*1) 회사에 유의적 영향력을\xa0 행사하는 기업에 해당합니다.(*2) 웨이버스㈜의 경우 회계기준상 지주회사의 종속회사 항목에 기재하였으나, 공정거래위원회로부터 2026년 6월 27일까지 계열편입 유예를 적용받아 보고기간 말 현재 공정거래법상 계열회사에 포함되지 않습니다. 에이치케이모터즈(주)가 2020년 4월 1일자 작스모터스(주)를 흡수합병하였고, 합병 후 존속법인 상호는 에이치케이모터즈(주)입니다.(*3) 기준서 제 1024호 특수관계자 범위에 포함되지 않으나 독점규제 및 공정거래법에 따른 동일한 공시대상기업집단 소속회사입니다.\n(2) 회사와 특수관계자 사이의 거래 내용은 다음과 같습니다.1) 보고기간 중 특수관계자 거래 내역은 다음과 같습니다.\n가. 매출 등\n(단위: 천원)\n특수관계 구분\n회사명\n당분기\n전기\n매출\n기타(*)\n계\n매출\n기타(*)\n계\n지주회사\n한국테크놀로지그룹㈜\n-\n626,757\n626,757\n-\n1,093,908\n1,093,908\n지주회사의 종속기업\n㈜한국아트라스비엑스\n-\n1,140,491\n1,140,491\n-\n729,755\n729,755\n한국카앤라이프㈜\n126,083\n78,162\n204,245\n-\n118,843\n118,843\n지주회사의 관계기업\n㈜한국네트웍스\n-\n162,391\n162,391\n-\n36,753\n36,753\n종속기업\nHankook Tire America Corp.\n633,147,190\n319,907\n633,467,097\n761,103,945\n201,767\n761,305,712\nHankook Tire Canada Corp.\n36,535,785\n25,301\n36,561,086\n71,332,004\n27,438\n71,359,442\nHankook Tire DE Mexico, S.A. DE C.V.,\n51,553,033\n28,767\n51,581,800\n58,276,273\n30,054\n58,306,327\nHankook Tire de Colombia Ltda.\n13,284,688\n22,797\n13,307,485\n26,601,693\n23,250\n26,624,943\nHankook Tire Manufacturing Tenessee LP\n-\n8,132,105\n8,132,105\n-\n18,384,295\n18,384,295\nHankook Tire Netherlands B.V.,\n51,898,611\n33,942\n51,932,553\n39,553,611\n29,488\n39,583,099\nHankook Tyre U.K. Ltd.,\n38,322,383\n35,428\n38,357,811\n55,852,372\n37,446\n55,889,818\nHankook Reifen Deutschland GmbH\n132,726,043\n69,359\n132,795,402\n111,284,426\n63,442\n111,347,868\nHankook Tire France SARL,\n39,930,248\n44,894\n39,975,142\n46,984,227\n42,913\n47,027,140\nHankook Tire Italia S.R.L.\n31,973,309\n31,732\n32,005,041\n48,459,745\n32,689\n48,492,434\nHankook Espana S.A.\n21,417,694\n25,103\n21,442,797\n28,349,197\n22,731\n28,371,928\nHankook Tire Europe GmbH,\n-\n107,118\n107,118\n-\n301,796\n301,796\nHankook Tire Hungary Ltd.,\n-\n28,002,438\n28,002,438\n-\n33,509,401\n33,509,401\nHankook Tire Budapest Kereskedelmi Kft\n23,608,752\n24,946\n23,633,698\n25,787,868\n22,455\n25,810,323\nHankook Tire Rus LLC,\n75,732,979\n84,309\n75,817,288\n105,478,028\n71,161\n105,549,189\nHankook Tire Sweden AB\n35,609,158\n20,121\n35,629,279\n26,372,260\n19,482\n26,391,742\nHankook Lastikleri A.S.\n46,116,044\n21,875\n46,137,919\n33,595,726\n20,674\n33,616,400\nHankook Tire Polska Sp. z o.o.\n42,261,036\n27,002\n42,288,038\n41,219,354\n22,904\n41,242,258\nHankook Tire Ceska Republika s.r.o.\n13,057,562\n18,084\n13,075,646\n12,070,376\n17,912\n12,088,288\nHankook Tire Ukraine LLC\n-\n14,457\n14,457\n-\n-\n-\nHankook Tire Austria GmbH\n6,625,402\n951\n6,626,353\n-\n-\n-\nHankook Tire d.o.o. Beograd\n-\n687\n687\n-\n-\n-\nHankook Tire Japan Corp.\n16,355,260\n39,401\n16,394,661\n17,651,798\n37,952\n17,689,750\nHankook Tyre Australia Pty.\n12,333,884\n36,028\n12,369,912\n23,340,095\n35,489\n23,375,584\nPT. HANKOOKTIRE INDONESIA\n1,080,464\n21,321,274\n22,401,738\n1,949,472\n24,231,870\n26,181,342\nHankook Tire Thailand Co., Ltd\n4,908,330\n16,770\n4,925,100\n5,319,146\n18,578\n5,337,724\nHankook Tire Malaysia SDN.BHD.\n430,972\n22,212\n453,184\n1,638,961\n21,897\n1,660,858\nHankook Tire Middle East and Africa FZE\n17,036,794\n2,885\n17,039,679\n13,005,477\n11,454\n13,016,931\nHankook Tire Vietnam Co.\n793,090\n585\n793,675\n-\n-\n-\nPT.HankookTire Sales Indonesia\n556,200\n4,549\n560,749\n-\n-\n-\nHankook Tire Singapore PTE., Ltd.\n-\n365,630\n365,630\n-\n223,535\n223,535\nHankook Tire China Co., Ltd.,\n-\n21,503,563\n21,503,563\n-\n25,021,631\n25,021,631\nJiangsu Hankook Tire Co., Ltd.,\n-\n19,736,632\n19,736,632\n-\n22,779,360\n22,779,360\nShanghai Hankook Tire Sales Co., Ltd.,\n5,716,222\n153,367\n5,869,589\n152,977\n153,388\n306,365\nChongging Hankooktire Co., Ltd\n-\n13,491,204\n13,491,204\n-\n19,235,802\n19,235,802\nHankook Tire Latin America Distribution Center, S.A.\n14,431,602\n11,203\n14,442,805\n33,278,335\n11,377\n33,289,712\nHankook Tires India LLP\n321,584\n11,108\n332,692\n528,430\n7,387\n535,817\n㈜한국프리시전웍스\n-\n2,726,795\n2,726,795\n-\n7,826\n7,826\n모델솔루션㈜\n-\n-\n-\n-\n23,398\n23,398\n㈜한국엔지니어링웍스\n-\n8,031\n8,031\n-\n8,031\n8,031\n한국동그라미파트너스㈜\n-\n563\n563\n-\n563\n563\n티앤에이㈜\n1,054,977\n-\n1,054,977\n-\n-\n-\n합계\n1,368,945,379\n118,550,924\n1,487,496,303\n1,589,185,796\n146,690,095\n1,735,875,891\n(*) 기타에는 수입기술료, 수입수수료, 대여금에 대한 이자수익 등이 포함되어 있습니다. 단, 배당금수익은 포함되어 있지 않습니다(주석 27 3) 참조).\n나. 매입 등\n(단위: 천원)\n특수관계 구분\n회사명\n당분기\n전기\n매입\n기타(*)\n계\n매입\n기타(*)\n계\n지주회사(*1)\n한국테크놀로지그룹㈜\n-\n27,719,502\n27,719,502\n-\n44,314,060\n44,314,060\n지주회사의 종속기업\n㈜한국아트라스비엑스\n2,703,857\n-\n2,703,857\n2,968,585\n-\n2,968,585\n㈜아트라스비엑스모터스포츠\n-\n996,525\n996,525\n-\n947,890\n947,890\n에이치케이모터즈㈜\n-\n116,011\n116,011\n-\n1,946,974\n1,946,974\n한국카앤라이프㈜\xa0\n-\n43,816\n43,816\n-\n597\n597\n웨이버스\n-\n176,000\n176,000\n-\n-\n-\n지주회사의 관계기업\n㈜한국네트웍스\n-\n17,490,844\n17,490,844\n-\n15,672,261\n15,672,261\n종속기업\nHankook Tire America Corp.\n-\n2,327,013\n2,327,013\n-\n-\n-\nHankook Tire Canada Corp.\n-\n733,303\n733,303\n-\n-\n-\nHankook Tire DE Mexico, S.A. DE C.V.,\n-\n12,355\n12,355\n-\n-\n-\nHankook Tire de Colombia Ltda.\n-\n129,084\n129,084\n-\n67,813\n67,813\nHankook Tire Europe Holdings B.V.\n-\n3,005\n3,005\n-\n-\n-\nHankook Tire Netherlands B.V.,\n-\n258,681\n258,681\n4,285\n-\n4,285\nHankook Tyre U.K. Ltd.,\n-\n357,376\n357,376\n-\n179,642\n179,642\nHankook Reifen Deutschland GmbH\n-\n1,565,209\n1,565,209\n-\n-\n-\nHankook Tire France SARL,\n-\n688,410\n688,410\n-\n167,192\n167,192\nHankook Tire Italia S.R.L.\n-\n847,849\n847,849\n-\n154,037\n154,037\nHankook Espana S.A.\n-\n98,753\n98,753\n1,088\n86,538\n87,626\nHankook Tire Europe GmbH,\n277,261\n1,023,128\n1,300,389\n-\n2,613,665\n2,613,665\nHankook Tire Hungary Ltd.,\n1,887,208\n11,243\n1,898,451\n1,518,788\n-\n1,518,788\nHankook Tire Budapest Kereskedelmi Kft\n-\n141,972\n141,972\n-\n354,288\n354,288\nHankook Tire Rus LLC,\n-\n133,159\n133,159\n-\n24,965\n24,965\nHankook Tire Sweden AB\n-\n462,900\n462,900\n-\n586,455\n586,455\nHankook Lastikleri A.S.\n-\n282,259\n282,259\n-\n68,603\n68,603\nHankook Tire Polska Sp. z o.o.\n-\n101,297\n101,297\n-\n-\n-\nHankook Tire Ceska Republika s.r.o.\n-\n403,563\n403,563\n-\n-\n-\nHankook Tire Ukraine LLC\n-\n1,124,880\n1,124,880\n-\n1,011,810\n1,011,810\nHankook Tire Austria GmbH\n-\n240,675\n240,675\n-\n-\n-\nHankook Tire d.o.o. Beograd\n-\n424,028\n424,028\n-\n-\n-\nHankook Tire Japan Corp.\n-\n1,544,563\n1,544,563\n-\n-\n-\nHankook Tyre Australia Pty.\n-\n477,827\n477,827\n-\n395,602\n395,602\nPT. HANKOOKTIRE INDONESIA\n76,626,496\n460\n76,626,956\n66,212,942\n-\n66,212,942\nHankook Tire Thailand Co., Ltd\n-\n118,808\n118,808\n-\n122,451\n122,451\nHankook Tire Malaysia SDN.BHD.\n-\n201,193\n201,193\n-\n109,729\n109,729\nHankook Tire Middle East and Africa FZE\n-\n239,193\n239,193\n-\n490,503\n490,503\nHankook Tire Vietnam Co.\n-\n164,327\n164,327\n-\n-\n-\nPT.HankookTire Sales Indonesia\n-\n26,156\n26,156\n-\n-\n-\nHankook Tire Singapore PTE., Ltd.\n-\n126,285\n126,285\n-\n-\n-\nHankook Tire China Co., Ltd.,\n7,567,112\n-\n7,567,112\n5,026,960\n3,215,534\n8,242,494\nJiangsu Hankook Tire Co., Ltd.,\n92,849,216\n-\n92,849,216\n103,514,251\n-\n103,514,251\nShanghai Hankook Tire Sales Co., Ltd.,\n-\n1,052,580\n1,052,580\n-\n-\n-\nChongging Hankooktire Co., Ltd\n42,579,065\n107\n42,579,172\n46,725,612\n-\n46,725,612\nHankook Tire Latin America Distribution Center, S.A.\n-\n262,910\n262,910\n-\n392,848\n392,848\nHankook Tire LATAM S.A.\n-\n633,775\n633,775\n-\n293,512\n293,512\nHankook Tires India LLP\n-\n58,991\n58,991\n-\n74,724\n74,724\n㈜한국프리시전웍스\n18,939,865\n1,118,767\n20,058,632\n21,201,604\n-\n21,201,604\n모델솔루션㈜\n-\n209,000\n209,000\n-\n-\n-\n㈜한국엔지니어링웍스\n27,500,067\n4,087,314\n31,587,381\n23,550,539\n24,224\n23,574,763\n한국동그라미파트너스㈜\n-\n3,407,038\n3,407,038\n-\n3,168,401\n3,168,401\n티앤에이㈜\n38,087\n19,452\n57,539\n-\n-\n-\n관계기업\n피치스그룹코리아\n-\n4,500\n4,500\n-\n-\n-\n기타\n신양관광개발㈜\n-\n76,524\n76,524\n-\n37,800\n37,800\n합계\n270,968,234\n71,742,610\n342,710,844\n270,724,654\n76,522,118\n347,246,772\n(*1) 지주회사인 한국테크놀로지그룹㈜와 업무지원계약 및 브랜드 사용계약을 체결하고 있습니다.\n2) 보고기간말 현재 특수관계자 채권 및 채무잔액은 다음과 같습니다.\xa0가. 채권 등\n(단위: 천원)\n특수관계 구분\n회사명\n당분기말\n전기말\n매출채권\n미수금 등(*)\n계\n매출채권\n미수금 등(*)\n계\n지주회사\n한국테크놀로지그룹㈜\n-\n296,597\n296,597\n-\n2,722,610\n2,722,610\n지주회사의 종속기업\n㈜한국아트라스비엑스\n-\n406,760\n406,760\n-\n321,022\n321,022\n한국카앤라이프㈜\xa0\n-\n27,320\n27,320\n-\n10,141\n10,141\n지주회사의 관계기업\n㈜한국네트웍스\n-\n58,533\n58,533\n-\n14,923\n14,923\n종속기업\nHankook Tire America Corp.\n263,146,529\n15,005\n263,161,534\n262,315,303\n215,198\n262,530,501\nHankook Tire Canada Corp.\n15,691,494\n50,181\n15,741,675\n19,399,063\n2,088\n19,401,151\nHankook Tire DE Mexico, S.A. DE C.V.,\n21,935,274\n119,737\n22,055,011\n39,512,131\n39,078\n39,551,209\nHankook Tire de Colombia Ltda.\n7,510,730\n28,701\n7,539,431\n10,897,326\n1,044\n10,898,370\nHankook Tire Manufacturing Tennessee LP\n2,311,344\n3,966,394\n6,277,738\n-\n5,370,448\n5,370,448\nHankook Tire Netherlands B.V.,\n33,479,971\n40,181\n33,520,152\n14,496,832\n30,285\n14,527,117\nHankook Tyre U.K. Ltd.,\n19,443,964\n49,692\n19,493,656\n11,905,147\n38,467\n11,943,614\nHankook Reifen Deutschland GmbH\n81,751,651\n58,331\n81,809,982\n36,881,331\n130,399\n37,011,730\nHankook Tire France SARL,\n28,957,528\n20,119\n28,977,647\n11,016,951\n3,899\n11,020,850\nHankook Tire Italia S.R.L.\n17,741,990\n6,884\n17,748,874\n13,907,436\n3,899\n13,911,335\nHankook Espana S.A.\n11,925,375\n128,135\n12,053,510\n9,309,737\n40,139\n9,349,876\nHankook Tire Europe GmbH,\n-\n-\n-\n-\n277,876\n277,876\nHankook Tire Hungary Ltd.,\n-\n28,371,521\n28,371,521\n-\n44,148,988\n44,148,988\nHankook Tire Budapest Kereskedelmi Kft\n9,516,015\n-\n9,516,015\n7,042,628\n1,772\n7,044,400\nHankook Tire Rus LLC,\n52,777,356\n309,971\n53,087,327\n49,831,989\n130,669\n49,962,658\nHankook Tire Sweden AB\n28,934,571\n-\n28,934,571\n3,735,927\n19,976\n3,755,903\nHankook Lastikleri A.S.\n26,760,969\n44,450\n26,805,419\n14,670,403\n43,352\n14,713,755\nHankook Tire Polska Sp. z o.o.\n21,533,233\n76,273\n21,609,506\n9,632,764\n23,036\n9,655,800\nHankook Tire Ceska Republika s.r.o.\n6,815,282\n1,642\n6,816,924\n2,279,035\n1,546\n2,280,581\nHankook Tire Ukraine LLC\n-\n60,902\n60,902\n-\n39,181\n39,181\nHankook Tire Austria GmbH\n4,117,833\n952\n4,118,785\n763,621\n4,501\n768,122\nHankook Tire d.o.o. Beograd\n-\n-\n-\n-\n354\n354\nHankook Tire Japan Corp.\n7,743,965\n-\n7,743,965\n8,857,041\n2,783\n8,859,824\nHankook Tyre Australia Pty.\n7,197,999\n-\n7,197,999\n17,528,711\n3,479\n17,532,190\nPT. HANKOOKTIRE INDONESIA\n-\n18,862,088\n18,862,088\n479,235\n29,122,158\n29,601,393\nHankook Tire Thailand Co., Ltd\n3,770,303\n-\n3,770,303\n1,150,753\n1,405\n1,152,158\nHankook Tire Malaysia SDN.BHD.\n207,167\n21,485\n228,652\n405,904\n1,392\n407,296\nHankook Tire Middle East and Africa FZE\n12,571,584\n1,090,044\n13,661,628\n15,571,931\n1,061,052\n16,632,983\nHankook Tire Vietnam Co.\n296,996\n-\n296,996\n-\n348\n348\nPT.HankookTire Sales Indonesia\n545,648\n2,902\n548,550\n-\n1,392\n1,392\nHankook Tire Singapore PTE., Ltd.\n-\n138,701\n138,701\n-\n126,694\n126,694\nHankook Tire China Co., Ltd.,\n-\n20,223,199\n20,223,199\n87,154\n31,006,157\n31,093,311\nJiangsu Hankook Tire Co., Ltd.,\n513\n18,359,844\n18,360,357\n76,407\n27,388,605\n27,465,012\nShanghai Hankook Tire Sales Co., Ltd.,\n2,300,663\n173,870\n2,474,533\n1,253,601\n303,179\n1,556,780\nChongging Hankooktire Co., Ltd\n-\n12,464,944\n12,464,944\n-\n19,244,112\n19,244,112\nHankook Tire Latin America Distribution Center, S.A.\n4,137,801\n85,295\n4,223,096\n17,405,496\n26,904\n17,432,400\nHankook Tire LATAM S.A.\n-\n793\n793\n-\n1,478\n1,478\nHankook Tires India LLP\n39,808\n9,782\n49,590\n470,837\n9,084\n479,921\n㈜한국프리시전웍스\xa0\n-\n305,774\n305,774\n-\n44,637\n44,637\n모델솔루션㈜\n-\n-\n-\n-\n43,099\n43,099\n㈜한국엔지니어링웍스\xa0\n-\n-\n-\n-\n30,092\n30,092\n한국동그라미파트너스㈜\n-\n-\n-\n-\n619\n619\n티앤에이㈜\n-\n105,516\n105,516\n-\n-\n-\n기타\n신양관광개발㈜\n-\n400,000\n400,000\n-\n400,000\n400,000\n합계\n693,163,556\n106,382,518\n799,546,074\n580,884,694\n162,453,560\n743,338,254\n(*) 미수금 등에는 미수금, 미수수익 등이 포함되어 있습니다. 단, 대여금은 포함되어 있지 않습니다(주석 27.3) 참조).\n나.\xa0채무 등\n(단위: 천원)\n특수관계 구분\n회사명\n당분기말\n전기말\n매입채무\n미지급금 등(*)\n계\n매입채무\n미지급금 등(*)\n계\n지주회사\n한국테크놀로지그룹㈜\n24,145,314\n-\n24,145,314\n-\n17,241,712\n17,241,712\n지주회사의 종속기업\n㈜한국아트라스비엑스\n15,155,473\n435,546\n15,591,019\n2,418,970\n191,028\n2,609,998\n㈜아트라스비엑스모터스포츠\n204,930\n-\n204,930\n-\n26,398\n26,398\n에이치케이모터즈㈜\n102,300\n-\n102,300\n-\n1,243,932\n1,243,932\n한국카앤라이프㈜\xa0\n8,922\n-\n8,922\n-\n-\n-\n웨이버스\n13,200\n-\n13,200\n-\n-\n-\n지주회사의 관계기업\n㈜한국네트웍스\n10,725,074\n-\n10,725,074\n-\n6,478,979\n6,478,979\n종속기업\nHankook Tire America Corp.\n-\n192,399\n192,399\n-\n679,423\n679,423\nHankook Tire Canada Corp.\n-\n215,307\n215,307\n-\n225,210\n225,210\nHankook Tire DE Mexico, S.A. DE C.V.,\n-\n1,033\n1,033\n-\n-\n-\nHankook Tire de Colombia Ltda.\n-\n8,262\n8,262\n-\n5,952\n5,952\nHankook Tire Latin America Distribution Center, S.A.\n-\n72,363\n72,363\n-\n13,465\n13,465\nHankook Tire LATAM S.A.\n-\n65,796\n65,796\n-\n64,276\n64,276\nHankook Tire Europe Holdings B.V.\n-\n13,697,203\n13,697,203\n-\n-\n-\nHankook Tire Netherlands B.V.,\n-\n2,419\n2,419\n3,432\n-\n3,432\nHankook Tyre U.K. Ltd.,\n-\n57,513\n57,513\n-\n74,946\n74,946\nHankook Reifen Deutschland GmbH\n-\n15,217\n15,217\n-\n162,822\n162,822\nHankook Tire France SARL,\n-\n41,322\n41,322\n-\n526,209\n526,209\nHankook Tire Italia S.R.L.\n-\n38,283\n38,283\n-\n16,951\n16,951\nHankook Espana S.A.\n-\n11,849\n11,849\n-\n19,310\n19,310\nHankook Tire Hungary Ltd.,\n433,167\n-\n433,167\n698,208\n-\n698,208\nHankook Tire Budapest Kereskedelmi Kft\n-\n27,771\n27,771\n-\n-\n-\nHankook Tire Rus LLC,\n-\n20,312\n20,312\n-\n-\n-\nHankook Tire Sweden AB\n-\n11,642\n11,642\n-\n78,551\n78,551\nHankook Lastikleri A.S.\n-\n40,740\n40,740\n-\n-\n-\nHankook Tire Polska Sp. z o.o.\n-\n7,026\n7,026\n-\n-\n-\nHankook Tire Ceska Republika s.r.o.\n-\n102,017\n102,017\n-\n-\n-\nHankook Tire Ukraine LLC\n-\n82,288\n82,288\n-\n-\n-\nHankook Tire Austria GmbH\n-\n987\n987\n-\n-\n-\nHankook Tire d.o.o. Beograd\n-\n81,753\n81,753\n-\n-\n-\nHankook Tire Japan Corp.\n-\n151,125\n151,125\n-\n114\n114\nHankook Tyre Australia Pty.\n-\n62,061\n62,061\n-\n40,735\n40,735\nPT. HANKOOKTIRE INDONESIA\n3,214,063\n728\n3,214,791\n9,206,740\n-\n9,206,740\nHankook Tire Thailand Co., Ltd\n-\n22,840\n22,840\n-\n3,201\n3,201\nHankook Tires India LLP\n-\n18,396\n18,396\n-\n7,522\n7,522\nHankook Tire Malaysia SDN.BHD.\n-\n5,073\n5,073\n-\n11,268\n11,268\nHankook Tire Middle East and Africa FZE\n-\n41,729\n41,729\n-\n44,151\n44,151\nHankook Tire Vietnam Co.\n-\n1,875\n1,875\n-\n173,846\n173,846\nPT.HankookTire Sales Indonesia\n-\n2,198\n2,198\n-\n-\n-\nHankook Tire Singapore PTE., Ltd.\n-\n39,156\n39,156\n-\n45,039\n45,039\nHankook Tyre Australia Retail Pty., LTD.\n-\n1,892\n1,892\n-\n-\n-\nHankook Tire China Co., Ltd.,\n716,544\n-\n716,544\n759,753\n-\n759,753\nJiangsu Hankook Tire Co., Ltd.,\n8,590,629\n1,893\n8,592,522\n16,494,556\n-\n16,494,556\nShanghai Hankook Tire Sales Co., Ltd.,\n-\n190,226\n190,226\n-\n-\n-\nChongging Hankooktire Co., Ltd\n4,077,044\n-\n4,077,044\n5,874,961\n-\n5,874,961\n㈜한국프리시전웍스\xa0\n-\n1,873,586\n1,873,586\n-\n2,424,526\n2,424,526\n모델솔루션㈜\n-\n229,900\n229,900\n-\n38,984\n38,984\n㈜한국엔지니어링웍스\xa0\n2,069,757\n6,923,850\n8,993,607\n2,108,711\n6,951,733\n9,060,444\n한국동그라미파트너스㈜\n225,314\n-\n225,314\n-\n482,146\n482,146\n티앤에이㈜\n150,000\n3,410\n153,410\n-\n-\n-\n기타\n신양관광개발㈜\n45,773\n-\n45,773\n-\n82,583\n82,583\n합계\n69,877,504\n24,798,986\n94,676,490\n37,565,331\n37,355,012\n74,920,343\n(*) 미지급금 등에는 미지급금, 미지급비용, 임대보증금 등이 포함되어 있습니다.\n3) 보고기간 중 특수관계자와의 주요 자금 거래는 다음과 같습니다.가. 자금 대여\n당분기 -\n(단위: 천원)\n특수관계 구분\n회사명\n기초\n증가\n감소\n환율변동\n기말\n종속기업\nHankook Tire Manufacturing Tennessee LP.\n243,138,000\n-\n-\n3,297,000\n246,435,000\n합계\n243,138,000\n-\n-\n3,297,000\n246,435,000\n전분기 -\n(단위: 천원)\n특수관계 구분\n회사명\n기초\n증가\n감소\n환율변동\n기말\n종속기업\nChongqing Hankook Tire Co., Ltd.\n174,641,480\n-\n(111,165,080)\n2,246,400\n65,722,800\nHankook Tire China Co., Ltd.\n24,414,000\n-\n(24,414,000)\n-\n-\nHankook Tire Manufacturing Tennessee LP.\n234,801,000\n-\n-\n17,472,000\n252,273,000\n합계\n433,856,480\n-\n(135,579,080)\n19,718,400\n317,995,800\n나. 배당금 수익/지급 및 현금 출자 등\n(단위: 천원)\n특수관계 구분\n회사명\n당분기\n전분기\n배당금 수익\n배당금 지급\n리스부채상환\n현금 출자 등\n배당금 수익\n배당금 지급\n리스부채상환\n현금 출자 등\n지주회사\n한국테크놀로지그룹㈜\n-\n20,897,777\n948,793\n-\n-\n16,833,895\n2,105,451\n-\n관계기업\n한온시스템㈜\n22,470,696\n-\n-\n-\n24,967,440\n-\n-\n-\n종속기업\n㈜한국프리시전웍스\n4,108,200\n-\n-\n-\n4,108,200\n-\n-\n-\n모델솔루션㈜\n2,587,163\n-\n-\n-\n1,516,857\n-\n-\n-\n케이씨지 제1호 사모투자 합자회사\n736,000\n-\n-\n(4,756,148)\n591,200\n-\n-\n-\nHankook Tire Middle East and Africa FZE\n-\n-\n-\n-\n-\n-\n-\n579,100\nHankook Tire China Co., Ltd.\n-\n-\n-\n9,276,800\n-\n-\n-\n-\nHankook Tire Vietnam Co.,Ltd.\n-\n-\n-\n-\n-\n-\n-\n1,068,295\nPT. Hankook Tire Sales Indonesia\n-\n-\n-\n-\n-\n-\n-\n221,944\n티앤에이 주식회사\n-\n-\n-\n2,000,000\n-\n-\n-\n-\n기타\n신양관광개발\n-\n-\n36,876\n-\n-\n-\n-\n-\n합계\n29,902,059\n20,897,777\n985,669\n6,520,652\n31,183,697\n16,833,895\n2,105,451\n1,869,339\n다. 임대차보증금의 수령 등\n(단위: 천원)\n특수관계구분\n회사명\n당분기\n전분기\n수령/회수\n상환/지급\n수령/회수\n상환/지급\n지주회사\n한국테크놀로지그룹㈜\n11,545,890\n-\n34,200\n-\n지주회사의 관계기업\n㈜한국네트웍스\n5,474,300\n-\n-\n-\n지주회사의 종속기업\n㈜한국아트라스비엑스\n14,080,000\n-\n-\n-\n종속기업\n티앤에이㈜\n150,000\n-\n-\n-\n합계\n31,250,190\n-\n34,200\n-\n라. 자금 차입\n당분기 -\n(단위: 천원)\n특수관계 구분\n회사명\n기초\n증가\n감소\n환율변동\n기말\n종속기업(*)\nHankook Tire Europe Holdings B.V.\n-\n14,033,100\n-\n(338,900)\n13,694,200\n합계\n-\n14,033,100\n-\n(338,900)\n13,694,200\n(*) 전분기에는 특수관계자와의 차입 거래는 존재하지 않습니다.\n4) 당분기말 현재 회사가 종속기업을 포함하는 특수관계자를 위하여 제공하고 있는 지급보증한도는 다음과 같습니다.\n(단위: 천원 및 통화 각 1단위)\n특수관계 구분\n채무자\n한도금액\n통화\n당분기말\n전기말\n외화금액\n원화상당액\n외화금액\n원화상당액\n종속기업\nHankook Tire Europe GmbH\nEUR\n15,000,000\n20,541,300\n125,000,000\n162,178,750\nHankook Tire Europe GmbH 외 16개\nUSD\n20,000,000\n23,470,000\n20,000,000\n23,156,000\nHankook Reifen Deutschland GmbH\nEUR\n50,000,000\n68,471,000\n-\n-\nHankook Tire Hungary Ltd.(*)\nHUF\n9,214,435,200\n34,461,988\n9,214,435,200\n36,120,586\nHankook Tire Singapore PTE., Ltd.\nUSD\n278,000,000\n326,233,000\n298,000,000\n345,024,400\nHankook Tire Manufacturing Tennessee\nUSD\n320,000,000\n375,520,000\n170,000,000\n196,826,000\nHankook Tire Malaysia SDN.BHD.\nMYR\n150,000\n42,156\n150,000\n42,291\nHankook Lastikleri A.S.\nTRY\n260,000\n39,143\n260,000\n50,614\nHankook Tire Rus LLC\nRUB\n2,025,000,000\n30,010,500\n2,025,000,000\n37,806,750\n합계\nUSD\n618,000,000\n725,223,000\n488,000,000\n565,006,400\nEUR\n65,000,000\n89,012,300\n125,000,000\n162,178,750\nHUF\n9,214,435,200\n34,461,988\n9,214,435,200\n36,120,586\nRUB\n2,025,000,000\n30,010,500\n2,025,000,000\n37,806,750\nTRY\n260,000\n39,143\n260,000\n50,614\nMYR\n150,000\n42,156\n150,000\n42,291\n합계\n-\n878,789,087\n-\n801,205,391\n(*) 상기 지급보증금액에는 아래와 같이 헝가리정부에 제공된 Direct Suretyship의 내용이 포함되어 있습니다.\n구분\n내용\n보증금액\nHUF 9,214,435,200 + 발생이자\n보증기간\n2014년 2월 27일부터 2023년 9월 30일까지\n주요 내용\n투자계약서에 명시된 투자계획을 성실히 이행하고 이를 미이행할 시에는 헝가리정부로부터\xa0 Hankook Tire Hungary Ltd.가 수취한 보조금의 일부 또는 전부를 회사가 환급할 것을 확약함.\n5) 보고기간 중 주요경영진에 대한 보상내역은 다음과 같습니다.\r\n(단위 : 천원)\n구분\n당분기\n전분기\n급여\n12,930,142\n8,782,232\n퇴직급여\n1,619,153\n1,155,487\n합계\n14,549,295\n9,937,719\n""]"
