text
"['\n3. 연결재무제표 주석\n1. 일반적 사항(1) 개요지배기업인 주식회사 케이씨씨(이하 ""당사"")는 1958년 8월 12일에 설립되어 1973년 6월 25일 당사의 주식을 한국거래소에 상장하였으며, 2005년 2월 25일 당사의 상호를 주식회사 금강고려화학에서 주식회사 케이씨씨로 변경하였습니다. 2016년 3월 31일 종료하는 회계기간에 대한 분기연결재무제표는 당사와 당사의 종속기업(이하\xa0 ""연결실체""), 연결실체의 관계기업 및 공동기업에 대한 지분으로 구성되어 있습니다. \n당사의 본사 및 공장 소재지와 주요 사업 내용 등은 다음과 같습니다.\n1) 본사 및 공장 소재지 \xa0\xa0① 본사 및 본부영업소 : 서울특별시 서초구 사평대로 344\xa0 ② 서울영업소 : 서울특별시 서초구 강남대로 587\xa0\xa0③ 여주공장\xa0등\xa018개\xa0공장,\xa0중앙연구소 및\xa018개 영업소가 지방에\xa0소재하고\xa0있습니다.\n2) 주요사업 내용 : 건축자재, 유리, PVC, 자동차용도료, 선박용도료, 유기실리콘 등\xa0 \xa0 \xa0 \xa0 \xa0 \xa0 \xa0 \xa0 \xa0 \xa0 \xa0 \xa0 \xa0 \xa0\xa0 의 제조ㆍ판매, 홈씨씨 등 유통사업 및 시공공사\n3) 대표이사 : 정몽진, 정몽익\n4) 주요 주주 및 지분율\n주주명\n소유주식수(주)\n지분율(%)\n정몽진 외\n3,919,352\n37.13\n(2) 종속기업의 현황당분기말 현재 종속기업의 현황은 다음과 같습니다.\n회사명\n소재지\n업종\n결산일\n자본(백만원)\n투자주식수(주)\n투자비율(%)\n전기투자비율(%)\n당사\n종속기업\n합계\n< 연결대상 종속기업 >\nKCC-SINGAPORE\n싱가폴\n도료\n12월 31일\n88,304\n47,101,125\n-\n47,101,125\n100\n100\nKCC Paints Sdn.Bhd\n말레이시아\n도료\n12월 31일\n13,464\n-\n2,550,000\n2,550,000\n51\n51\nKCC Coating Sdn.Bhd\n말레이시아\n도료\n12월 31일\n9,982\n-\n510,000\n510,000\n51\n51\nKCC-HK(홍콩)\n홍콩\n기타\n12월 31일\n167,343\n1,129,886,970\n-\n1,129,886,970\n100\n100\n금강화공유한공사(곤산)\n중국\n도료\n12월 31일\n206,618\n-\n85,000,000\n85,000,000\n100\n100\n금강화공유한공사(북경)\n중국\n도료\n12월 31일\n185,428\n-\n20,000,000\n20,000,000\n100\n100\n금강화공유한공사(광주)\n중국\n도료\n12월 31일\n72,741\n-\n39,990,000\n39,990,000\n100\n100\n원연투자관리(상해)유한공사\n중국\n기타\n12월 31일\n196,624\n-\n-\n-\n100\n100\nKCC-TURKEY\n터키\n도료\n12월 31일\n31,639\n3,426,426\n-\n3,426,426\n100\n100\nKCC-INDIA\n인도\n도료\n3월 31일\n28,138\n-\n7,972,249\n7,972,249\n100\n100\nKCC-VIETNAM\n베트남\n도료\n12월 31일\n33,716\n-\n29,500,000\n29,500,000\n100\n100\nKCC-HANOI\n베트남\n도료\n12월 31일\n7,066\n-\n-\n-\n100\n100\nKCC-INDONESIA\n인도네시아\n판매법인\n12월 31일\n865\n-\n2,500,000\n2,500,000\n100\n100\nBasildon Chemical Co.Limited\n영국\n실리콘\n12월 31일\n27,287\n100,000\n-\n100,000\n100\n100\nKCC-EUROPE\n독일\n판매법인\n12월 31일\n1,554\n-\n-\n-\n100\n100\nKCC-JAPAN\n일본\n판매법인\n12월 31일\n3,623\n330,000\n-\n330,000\n100\n100\n(단위:백만원)\n회사명\n자산총계\n부채총계\n자본총계\n매출액\n분기순손익\n총포괄손익\nKCC-SINGAPORE\n93,049\n4,745\n88,304\n7,922\n1,239\n(209)\nKCC Paints Sdn.Bhd\n21,508\n8,044\n13,464\n6,611\n344\n1,263\nKCC Coating Sdn.Bhd\n11,675\n1,693\n9,982\n1,021\n(6)\n673\nKCC-HK(홍콩)\n167,357\n14\n167,343\n-\n-\n(3,712)\n금강화공유한공사(곤산)\n230,052\n23,434\n206,618\n32,958\n1,671\n713\n금강화공유한공사(북경)\n199,877\n14,449\n185,428\n26,757\n3,945\n3,022\n금강화공유한공사(광주)\n78,262\n5,521\n72,741\n11,095\n222\n(107)\n원연투자관리(상해)유한공사\n197,062\n438\n196,624\n-\n14\n(782)\nKCC-TURKEY\n43,588\n11,949\n31,639\n8,355\n551\n978\nKCC-INDIA\n30,181\n2,043\n28,138\n9,201\n775\n364\nKCC-VIETNAM\n37,926\n4,210\n33,716\n8,324\n861\n577\nKCC-HANOI\n7,318\n252\n7,066\n37\n(372)\n(382)\nKCC-INDONESIA\n3,077\n2,212\n865\n356\n(49)\n(28)\nBasildon Chemical Co.Limited\n29,498\n2,211\n27,287\n7,308\n894\n(372)\nKCC-EUROPE\n1,716\n162\n1,554\n399\n25\n56\nKCC-JAPAN\n3,672\n49\n3,623\n581\n29\n218\n합\xa0 \xa0 계\n1,155,818\n81,426\n1,074,392\n120,925\n10,143\n2,272\n2. 재무제표의 작성기준(1) 회계기준의 적용\n연결실체의 분기연결재무제표는 한국채택국제회계기준에 따라 작성되는 요약연결중간재무제표입니다. 동 분기연결재무제표는 기업회계기준서 제1034호 \'중간재무보고\'에 따라 작성되었으며, 연차연결재무제표에서 요구되는 정보에 비하여 적은 정보를 포함하고 있습니다.\xa0선별적 주석에는 직전 연차보고기간말 후 발생한 연결실체의 재무상태와 경영성과의 변동을 이해하는 데 유의적인 거래나 사건에 대한 설명을 포함하고 있습니다.(2) 추정과 판단① 경영진의 판단 및 가정과 추정의 불확실성한국채택국제회계기준에서는\xa0중간재무제표를 작성함에 있어서\xa0\xa0회계정책의 적용이나, 중간보고기간말 현재 자산, 부채 및 수익, 비용의 보고금액에 영향을 미치는 사항에 대하여 경영진의 최선의 판단을 기준으로 한 추정치와 가정의 사용을 요구하고 있습니다. 중간보고기간말 현재 경영진의 최선의 판단을 기준으로 한 추정치와 가정이 실제환경과 다를 경우 이러한 추정치와 실제결과는 다를 수 있습니다.분기연결재무제표에서 사용된 연결실체의 회계정책의\xa0적용과 추정금액에\xa0대한\xa0경영진의 판단은 2015년 12월 31일로 종료되는 회계연도의 연차연결재무제표와 동일한 회계정책과 추정의 근거를 사용하였습니다.② 공정가치 측정연결실체는 공정가치평가 정책과 절차를 수립하고 있습니다. 동 정책과 절차에는 공정가치 서열체계에서 수준 3으로 분류되는 공정가치를 포함한 모든 유의적인 공정가치 측정의 검토를 책임지는 평가부서의 운영을 포함하고 있으며, 그 결과는 담당임원에게 직접 보고되고 있습니다.\n평가부서는 정기적으로 관측가능하지 않은 유의적인 투입변수와 평가 조정을 검토하고 있습니다. 공정가치 측정에서 중개인 가격이나 평가기관과 같은 제3자 정보를 사용하는 경우, 평가부서에서 제3자로부터 입수한 정보에 근거한 평가가 공정가치 서열체계 내 수준별 분류를 포함하고 있으며 해당 기준서의 요구사항을 충족한다고 결론을 내릴 수 있는지 여부를 판단하고 있습니다.\n자산이나 부채의 공정가치를 측정하는 경우, 연결실체는 최대한 시장에서 관측가능한 투입변수를 사용하고 있습니다. 공정가치는 다음과 같이 가치평가기법에 사용된 투입변수에 기초하여 공정가치 서열체계 내에서 분류됩니다.ㆍ 수준 1: 측정일에 동일한 자산이나 부채에 대한 접근 가능한 활성시장의 조정되지\xa0 \xa0 \xa0 \xa0 \xa0 \xa0 \xa0 \xa0 않은 공시가격ㆍ 수준 2: 수준 1의 공시가격 이외에 자산이나 부채에 대해 직접적으로 또는 간접적\xa0 \xa0 \xa0 \xa0 \xa0 \xa0 \xa0 \xa0\xa0 으로 관측가능한 투입변수ㆍ 수준 3: 자산이나 부채에 대한 관측가능하지 않은 투입변수자산이나 부채의 공정가치를 측정하기 위해 사용되는 여러 투입변수가 공정가치 서열체계 내에서 다른 수준으로 분류되는 경우, 연결실체는 측정치 전체에 유의적인 공정가치 서열체계에서 가장 낮은 수준의 투입변수와 동일한 수준으로 공정가치 측정치 전체를 분류하고 있으며, 변동이 발생한 보고기간 말에 공정가치 서열체계의 수준간 이동을 인식하고 있습니다.공정가치 측정 시 사용된 가정의 자세한 정보는 주석 18에 포함되어 있습니다.\n3. 유의적인 회계정책\n(1) 연결실체는 다음에서 설명하고 있는 사항을 제외하고 2015년 12월 31일로 종료하는회계연도의 연차재무제표를 작성할 때 적용한 것과 동일한 회계정책을 적용하고있습니다. 다음에서 설명하고 있는 회계정책의 변경사항은 2016년 12월 31일로 종료하는 회계연도의 연차재무제표에도 반영될 것입니다.\n- 기업회계기준서 제1001호 \'재무제표 표시\' 개정\n- 기업회계기준서 제1016호 \'유형자산\' 개정\n- 기업회계기준서 제1038호 \'무형자산\' 개정- 기업회계기준서 제1110호 \'연결재무제표\', 제 1112호 \'타 기업에 대한 지분의 \xa0\xa0 공시\' 및 제 1028호 \'관계기업과 공동기업에 대한 투자\' 개정\n- 기업회계기준서 제1027호 \'별도재무제표\' 개정- 기업회계기준서 제1011호 \'건설계약\' 개정\n- 기업회계기준서 제1111호 \'공동약정\' 개정\n- 한국채택국제회계기준 연차개선 2012-2014\n연결실체는 상기 회계정책 변경에 따른 분기재무제표에 미치는 영향은 유의적이지 않다고 판단하고 있습니다.\xa0\n\xa0\n(2) 연결실체는 제정 또는 공표됐으나 2016년 1월 1일 이후 시작하는 회계연도에 시행일이 도래하지 않았고, 조기 적용하지 않은 제ㆍ개정 기준서 및 해석서는 다음과 같습니다.\xa0\n- 기준서 제1109호 \'금융상품\'\n- 기업회계기준서 제1115호 \'고객과의 계약에서 생기는 수익\'\n4.\xa0현금및현금성자산당분기말과 전기말 현재 현금및현금성자산의 내역은 다음과 같습니다.\xa0\n(단위:천원)\n구\xa0 분\n당분기말\n전기말\n보유현금\n402,112\n498,937\n요구불예금\n368,270,092\n377,999,379\n단기투자자산\n59,876,737\n66,023,921\n합 계\n428,548,941\n444,522,237\n상기 현금성자산은 만기가 짧고 현행시장이자율을 반영하는 변동이자율조건으로서 장부금액과 공정가치와의 차이가 중요하지 아니합니다.\n5.\xa0매출채권(1) 매출채권은 대손충당금이 차감된 순액으로 재무상태표에 표시되었는 바, 당분기말과 전기말 현재 대손충당금 차감전 총액 기준에 의한 매출채권과 대손충당금의 내역은 다음과 같습니다.\n(단위:천원)\n구\xa0 분\n당분기말\n전기말\n총장부금액\n대손충당금\n현재가치할인차금\n순장부금액\n총장부금액\n대손충당금\n현재가치할인차금\n순장부금액\n매출채권(유동)\xa0\n857,760,434\n(5,615,660)\n-\xa0\n852,144,774\n884,936,328\n(5,864,455)\n-\n879,071,873\n장기매출채권\n20,718,185\n(18,199,812)\n(164,740)\n2,353,633\n26,735,208\n(18,598,013)\n(205,441)\n7,931,754\n합 계\n878,478,619\n(23,815,472)\n(164,740)\n854,498,407\n911,671,536\n(24,462,468)\n(205,441)\n887,003,627\n(2) 당분기와 전분기 중 대손충당금의 변동내역은 다음과 같습니다.\n(단위:천원)\n구\xa0 분\n당분기\n전분기\n기초금액\xa0\n24,462,468\n28,679,524\n설정액\n4,368,571\n3,027,691\n제각액 등\n(5,015,567)\n(600,557)\n기말금액\n23,815,472\n31,106,658\n(3) 당분기말과 전기말 현재 유효이자율법을 사용하여 상각후원가로 측정한 매출채권의 내역은 다음과 같습니다.\n(단위:천원)\n구\xa0 분\n유효이자율(%)\n당분기말\n전기말\n명목가치\n현재가치할인차금\n차감후장부금액\n명목가치\n현재가치할인차금\n차감후장부금액\n장기매출채권\n2.19 ~ 4.07\n20,718,185\n(164,740)\n20,553,445\n26,735,208\n(205,441)\n26,529,767\n상기 장기매출채권을 제외한 매출채권은 단기 수취채권으로서 장부금액과 공정가치의 차이가 중요하지 않습니다.\n(4) 당분기말과 전기말 현재 연체되었으나 손상되지 아니한 매출채권의 약정회수기일기준 연령분석은 다음과 같습니다.\n(단위:천원)\n구\xa0 분\n당분기말\n전기말\n30일 이내\n44,338,847\n52,654,045\n30 ~ 60일\n28,175,788\n26,519,073\n60 ~ 150일\n29,397,173\n22,234,584\n합\xa0 계\n101,911,808\n101,407,702\n연결실체의 매출채권은 다수의 거래처에 분산되어 있으며, 상기 매출채권의 일부에 대해서 담보 혹은 지급보증을 제공받고 있습니다.\n6. 기타채권(1) 당분기말과 전기말 현재 기타채권의 내역은 다음과 같습니다.\n(단위:천원)\n구\xa0 분\n당분기말\n전기말\n유동\n비유동\n유동\n비유동\n대여금\n5,900,000\n18,046,751\n6,000,000\n14,268,120\n미수금\n24,630,008\n30,000,000\n18,443,528\n30,000,000\n미수수익\n727,023\n-\n609,465\n-\n보증금\n160,774\n10,683,224\n173,538\n10,675,429\n미수법인세환급액\n1,075,923\n-\n1,100,905\n-\n기타의투자자산\n-\n308,106\n-\n305,262\n장기선급비용\n-\n7,229,320\n-\n7,529,143\n합 계\n32,493,728\n66,267,401\n26,327,436\n62,777,954\n(2)\xa0당분기말과\xa0전기말 현재 대손충당금 차감전 총액기준에 의한 기타채권 관련 대손충당금 내역은 다음과 같습니다.\n(단위:천원)\n구\xa0 분\n당분기말\n전기말\n기타채권 총장부금액\n98,761,129\n89,105,390\n대손충당금\n-\n-\n기타채권 순장부금액\n98,761,129\n89,105,390\n7.\xa0재고자산(1) 당분기말과 전기말 현재 재고자산의 내역은 다음과 같습니다.\n(단위:천원)\n구\xa0 분\n당분기말\n전기말\n취득원가\n평가손실충당금\n장부금액\n취득원가\n평가손실충당금\n장부금액\n제품\n277,846,012\n(8,670,645)\n269,175,367\n264,641,367\n(9,364,569)\n255,276,798\n반제품\n54,383,624\n(731,478)\n53,652,146\n54,883,021\n(1,028,433)\n53,854,588\n상품\n22,332,318\n-\n22,332,318\n23,152,279\n-\n23,152,279\n재공품\n20,189,111\n(1,384,864)\n18,804,247\n25,071,343\n(1,688,352)\n23,382,991\n원재료\n115,771,851\n-\n115,771,851\n110,077,949\n-\n110,077,949\n저장품\n35,533,015\n-\n35,533,015\n34,406,268\n-\n34,406,268\n미착품\n26,537,744\n-\n26,537,744\n26,528,116\n-\n26,528,116\n합\xa0 계\n552,593,675\n(10,786,987)\n541,806,688\n538,760,343\n(12,081,354)\n526,678,989\n(2) 당분기 및 전분기 중 매출원가로 인식한 재고자산평가손실은 다음과 같습니다.\n(단위:천원)\n구\xa0 분\n당분기\n전분기\n매출원가:\n\xa0 재고자산평가손실\n10,786,987\n11,582,453\n\xa0 재고자산평가손실환입\n(12,081,354)\n(11,152,174)\n합\xa0 계\n(1,294,367)\n430,279\n8.\xa0매도가능금융자산\n(1) 당분기와 전기 중 매도가능금융자산의 변동은 다음과 같습니다.\n(단위:천원)\n구\xa0 분\n당분기\n전기\n기초가액\n3,090,955,730\n2,913,127,979\n취득금액\n-\n1,511,039,496\n평가손익(법인세차감전)(주1)\n143,359,715\n(602,270,917)\n처분금액\n(1)\n(731,175,933)\n기타\n1\n235,105\n기말금액\n3,234,315,445\n3,090,955,730\n재무상태표 :\n\xa0 비유동\n3,234,315,445\n3,090,955,730\n(주1)\xa0전기\xa0중 처분으로 인한 매도가능금융자산평가이익 감소가\xa0117,253백만원 포함되어 있습니다.(2) 당분기말과 전기말 현재 매도가능금융자산의 내역은 다음과 같습니다.\n(단위:천원)\n구\xa0 \xa0 \xa0 \xa0 분\n당분기말\n전기말\n취득원가\n장부금액\n장부금액\n상장주식\n1,596,386,181\n3,187,243,152\n3,043,883,437\n비상장주식 등\n50,624,687\n47,072,293\n47,072,293\n합\xa0 계\n1,647,010,868\n3,234,315,445\n3,090,955,730\n(3) 당분기말과 전기말 현재 상장주식의 내역은 다음과 같습니다.\n(단위:천원)\n회\xa0 사\xa0 명\n당분기말\n전기말\n보유주식수(주)\n지분율(%)\n취득원가\n장부가액(시가)\n장부가액\n현대중공업㈜\n5,327,600\n7.01\n367,021,314\n567,389,400\n467,763,280\n현대모비스㈜\n923\n0.00\n25,815\n229,827\n227,520\n현대산업개발㈜\n1,787,463\n2.37\n14,022,659\n82,133,925\n69,353,564\n현대종합상사㈜\n1,587,475\n12.00\n31,068,211\n36,511,925\n45,401,785\n현대씨앤에프㈜\n1,092,100\n12.00\n25,354,292\n26,811,055\n33,527,470\n㈜코엔텍\n1,000,000\n2.00\n500,000\n2,725,000\n2,600,000\n쌍용자동차㈜\n1,255\n0.00\n3,138\n10,366\n9,726\n㈜한라(주1)\n3,703,703\n11.06\n49,999,991\n15,703,701\n15,814,812\n㈜동양\n744\n0.00\n1,861\n2,597\n2,061\n남광토건㈜\n195\n0.00\n20,482\n2,106\n844\n㈜웅진홀딩스\n1,159\n0.00\n3,183\n3,506\n3,825\n삼성물산㈜\n17,009,518\n8.97\n1,081,114,728\n2,432,361,073\n2,381,332,520\n㈜한라홀딩스\n432,100\n4.00\n27,226,383\n23,333,400\n27,827,240\n동부건설㈜\n2,038\n0.02\n24,124\n25,271\n18,790\n합\xa0 계\n1,596,386,181\n3,187,243,152\n3,043,883,437\n취득원가와 시가의 차액은 자본항목에 직접 반영되는 법인세효과를 감안한 후 기타자본항목(매도가능금융자산평가손익)으로 계상하고 있습니다.(주1)\xa0연결실체는 전기 이전 ㈜한라의 지분 13.51%를 50,000백만원에 취득하였습니다. 연결실체는 전기 이전에 ㈜한라의 지분증권은 공정가치가 취득원가 이하로 유의적, 지속적으로 하락하여 30,814백만원을 손상차손으로 인식하였습니다.당분기에는 전기말 대비 공정가치의 하락으로 111백만원의 평가손실을 기타포괄손익누계액으로 인식하였습니다.\n연결실체는 매도가능지분상품 중 상장주식에 대하여는 활성거래시장에서 거래되는 시장가격으로 공정가치를 측정하였으며, 활성거래시장이 존재하지 않고 공정가치를 신뢰성 있게 측정할 수 없거나 공정가치와 취득원가와의 차이가 중요하지 않은 매도가능지분상품 중 비상장주식에 대하여는 취득원가를 공정가치로 측정하였습니다.\n9.\xa0만기보유금융자산\n(1) 당분기와 전기 중 만기보유금융자산의 변동은 다음과 같습니다.\xa0\n(단위:천원)\n구\xa0 분\n당분기\n전기\n기초가액\n3,608,070\n4,138,516\n취득금액\n108,743\n777,130\n만기도래\n(76,488)\n(1,077,005)\n손상차손\n-\n(244,061)\n기타\n3,978\n13,490\n기말금액\n3,644,303\n3,608,070\n재무상태표 :\n\xa0 유동\n343,034\n278,252\n\xa0 비유동\n3,301,269\n3,329,818\n합\xa0 계\n3,644,303\n3,608,070\n(2) 당분기말과 전기말 현재 만기보유금융자산의 내역은 다음과 같습니다.\n(단위:천원)\n구\xa0 분\n당분기말\n전기말\n국공채\n3,644,303\n3,608,070\n(3) 만기에 대한 정보\n당분기말 현재 만기보유금융자산의 만기에 대한 정보는 다음과 같습니다.\n(단위:천원)\n만 기\n장부금액\n1년 내\n343,034\n1년 초과 5년 내\n3,200,171\n5년 초과\n101,098\n합\xa0 계\n3,644,303\n10.\xa0지분법적용 투자지분(1) 당분기말과 전기말 현재 지분법적용 투자지분의 내역은 다음과 같습니다.\n(단위:천원)\n관계기업명\n소재지\n구분\n당분기말\n전기말\n주식수(주)\n지분율(%)\n취득원가\n기초\n지분법손익\n기타증감(주1)\n분기말\n장부금액\n㈜케이씨씨건설\n국내\n관계기업\n7,711,010\n\xa036.03\n54,645,808\n81,476,177\n2,100,240\n(27,937)\n83,548,480\n81,476,177\n코리아오토글라스㈜\n국내\n관계기업\n3,980,000\n\xa019.90\n19,900,000\n39,309,593\n2,525,554\n(414,707)\n41,420,440\n39,309,593\n㈜동신포리마\n국내\n관계기업\n200,000\n\xa026.01\n2,824,849\n8,534,664\n217,619\n-\n8,752,283\n8,534,664\n㈜금강레저\n국내\n관계기업\n82,000\n\xa020.50\n3,034,000\n5,412,807\n(41,480)\n(116,339)\n5,254,988\n5,412,807\nPOLYSILICON TECHNOLOGY COMPANY\n사우디아라비아\n공동기업\n461,625\n\xa050.00\n143,262,308\n144,155,491\n-\n736,725\n144,892,216\n144,155,491\n㈜인스파이어인티그레이티드리조트\n국내\n관계기업\n477,369\n\xa040.66\n48,271,724\n-\n(78,541)\n47,060,742\n46,982,201\n-\n합\xa0 \xa0 계\n271,938,689\n278,888,732\n4,723,392\n47,238,484\n330,850,608\n278,888,732\n(주1)\xa0기타증감은 지분법적용에 따른 자본의 변동, 배당, 처분 및 취득 등을 포함합니다.\xa0당분기 중 관계기업인 코리아오토글라스㈜와 ㈜금강레저는 지배기업에 각각 398백만원, 62백만원의 배당을 선언하였습니다. 또한 지배기업은\xa0당분기 중\xa0 POLYSILICON TECHNOLOGY COMPANY에\xa0 USD 2,500,000을 추가로 출자 하였으며, 신사업 진출을 위해 ㈜인스파이어인티그레이티드리조트 주식을 48,272백만원에 취득하였습니다.\n(2) 당분기말 현재 시장성 있는 관계기업투자주식의 시장가격은 다음과 같습니다.\n(단위:천원)\n회사명\n시장가격\n장부금액\n㈜케이씨씨건설\n59,220,557\n83,548,480\n코리아오토글라스㈜\n67,461,000\n41,420,440\n합계\n126,681,557\n124,968,920\n(3) 피투자기업의 요약재무정보① 공동기업의 당분기말과 전기말 현재 요약 재무정보는 다음과 같습니다.\n(단위:천원)\n구\xa0 분\n유동자산\n비유동자산\n자산총계\n유동부채\n비유동부채\n부채총계\n매출액\n당기순손익\n<POLYSILICON TECHNOLOGY COMPANY>(주1)\n당분기말\n26,048,578\n614,158,334\n640,206,912\n4,031,072\n347,204,270\n351,235,342\n-\n-\n전기말\n22,362,177\n608,999,588\n631,361,765\n1,654,713\n341,468,402\n343,123,115\n-\n-\n(주1) POLYSILICON TECHNOLOGY COMPANY는 당분기말 현재 출자금은 납입하였으나 건축물 및 설비 등이 건설중에 있습니다.\n② 관계기업의 당분기말과 전기말 현재 요약 재무정보는 다음과 같습니다.\n(단위:천원)\n구\xa0 분\n자산총계\n부채총계\n매출액\n당기순손익\n<㈜케이씨씨건설>\n당분기말\n887,730,471\n580,518,209\n231,365,142\n8,425,165\n전기말\n838,081,525\n539,220,775\n969,647,511\n(85,255,298)\n<㈜동신포리마>\n당분기말\n72,432,994\n38,789,611\n23,469,208\n836,518\n전기말\n70,632,000\n37,825,136\n93,876,833\n3,346,072\n<㈜금강레저>\n당분기말\n66,639,297\n41,005,212\n1,067,376\n(202,345)\n전기말\n67,805,038\n41,401,104\n9,710,741\n1,508,451\n<코리아오토글라스㈜>\n당분기말\n326,079,528\n117,623,897\n112,639,521\n11,856,315\n전기말\n339,674,957\n140,991,687\n437,146,857\n31,044,244\n<㈜인스파이어인티그레이티드리조트>\n당분기말\n116,506,244\n956,774\n-\n(193,117)\n11. 파생상품\n(1)\xa0연결실체는\xa0제61회\xa0무보증\xa0해외사채(USD 1.69억)와\xa0장기차입금(USD 1.01억)의환율변동위험 및 제64회 무보증 국내사채(1,100억원)의 재무위험을 회피하기 위하여통화스왑계약을 체결하였습니다.또한, 연결실체는 장기차입금(1,000억원)의 이자율변동위험을 회피하기 위하여 이자율스왑 계약을 체결하였습니다. 연결실체의 위험관리정책에 따른 파생상품계약은 위험회피효과를 제공하지만 기업회계기준서 제1039호에 따른 특정 요건을 충족시키지 아니하므로 위험회피회계를 적용하지 아니합니다. 따라서 통화스왑 및 기타 파생상품과 관련한 평가손익을 당기손익으로 인식하였습니다.당분기말과 전기말 현재 연결실체가 보유하고 있는 파생상품의 내역은 다음과 같습니다.\n구\xa0 분\n거래목적\n파생상품종류\n계약내용\n당분기말\n전기말\n제61회 무보증 해외사채 및  장기차입금\n공정가액위험회피\n통화스왑\n거래처 : STANDARD CHARTERED BANK계약기간 : 2013.06.19 - 2018.06.19통화스왑: 1억불과 1,157억원\xa0 \xa0 \xa0 \xa0 \xa0\xa0 (약정환율 KRW 1,157.00 : USD1)이자율스왑: USD(1.35%+Libor(3M))과 KRW 2.590%\n거래처 : STANDARD CHARTERED BANK계약기간 : 2013.06.19 - 2018.06.19통화스왑 : 1억불과 1,157억원\xa0 \xa0 \xa0 \xa0 \xa0 \xa0 (약정환율 KRW 1,157.00 : USD1)이자율스왑 : USD(1.35%+Libor(3M))과 KRW 2.590%\n거래처 : JP MORGAN CHASE BANK\xa0 \xa0 \xa0 \xa0 \xa0 계약기간 : 2013.06.19 - 2018.06.19통화스왑: 0.7억불과 809.9억원\xa0 \xa0 \xa0 \xa0 \xa0\xa0 (약정환율 KRW 1,157.00 : USD1)이자율스왑: USD(1.35%+Libor(3M))과 KRW 2.590%\n거래처 : JP MORGAN CHASE BANK\xa0 \xa0 \xa0 \xa0 \xa0 계약기간 : 2013.06.19 - 2018.06.19통화스왑 : 0.7억불과 809.9억원\xa0 \xa0 \xa0 \xa0 \xa0 \xa0 (약정환율 KRW 1,157.00 : USD1)이자율스왑 : USD(1.35%+Libor(3M))과 KRW 2.590%\n거래처 : JP MORGAN CHASE BANK계약기간 : 2013.06.19 - 2018.06.19통화스왑: 1억불과 1,157억원\xa0 \xa0 \xa0 \xa0 \xa0\xa0 (약정환율 KRW 1,157.00 : USD1)이자율스왑: USD(1.35%+Libor(3M))과 KRW 2.600%\n거래처 : JP MORGAN CHASE BANK계약기간 : 2013.06.19 - 2018.06.19통화스왑 : 1억불과 1,157억원\xa0 \xa0 \xa0 \xa0 \xa0 \xa0 (약정환율 KRW 1,157.00 : USD1)이자율스왑 : USD(1.35%+Libor(3M))과 KRW 2.600%\n제64회무보증 국내사채\n공정가액위험회피\n통화스왑\n거래처 : JP MORGAN CHASE BANK계약기간 : 2013.09.12 - 2020.09.12통화스왑: 1천1백억원과 1백억엔\xa0\xa0 \xa0 \xa0 \xa0 \xa0 \xa0\xa0 (약정환율 KRW 10.97 : JPY1)이자율스왑: KRW 3.870%과 JPY 1.740%\n거래처 : JP MORGAN CHASE BANK계약기간 : 2013.09.12 - 2020.09.12통화스왑: 1천1백억원과 1백억엔\xa0\xa0 \xa0 \xa0 \xa0 \xa0 \xa0\xa0 (약정환율 KRW 10.97 : JPY1)이자율스왑: KRW 3.870%과 JPY 1.740%\n장기차입금\n공정가액 위험회피\n이자율스왑\n거래처 : 신한은행계약기간 : 2015.06.23 - 2017.06.23이자율스왑: KRW CD(91일)+0.2%과 KRW 1.950%원금 : KRW 1,000억원\xa0\n거래처 : 신한은행계약기간 : 2015.06.23 - 2017.06.23이자율스왑: KRW CD(91일)+0.2%과 KRW 1.950%원금 : KRW 1,000억원\xa0\n(2) 당분기 중 상기 파생상품의 평가손익 변동 내역은 다음과 같습니다.\n(단위:천원)\n구\xa0 분\n내\xa0 역\n기초\n평가손실\n당분기말\n통화스왑\n통화스왑(자산)\n18,059,926\n(8,920,996)\n9,138,930\n통화스왑(부채)\n-\n(3,136,177)\n(3,136,177)\n기타파생상품\n이자율스왑(부채)\n(184,636)\n(145,092)\n(329,728)\n합\xa0 계\n17,875,290\n(12,202,265)\n5,673,025\n12. 유형자산당분기와 전분기 중 유형자산의 주요 변동은 다음과 같습니다.\xa0\n(단위:천원)\n구\xa0 \xa0\xa0 분\n당분기\n전분기\n기초순장부금액\n2,514,703,812\n2,563,047,914\n취득 및 자본적지출(주1)\n73,846,536\n88,536,085\n처분 및 폐기\n(290,951)\n(94,662)\n감가상각\n(47,334,635)\n(35,901,835)\n순외화차이\n(93,551)\n(1,593,620)\n기타\n(3,963,326)\n85,435\n분기말순장부금액\n2,536,867,885\n2,614,079,317\n(주1)\xa0취득 금액에는\xa0전분기\xa07,724천원의 정부보조금으로 인한 유형자산의 취득 금액이 차감되어 있습니다.\xa0당분기에는 정부보조금으로 인한 유형자산의 취득 금액이 없습니다.차입금에서 발생한 차입원가는 당분기 717,200천원(자본화 이자율 2.56%)과 전분기1,945,913천원(자본화 이자율 2.94%)이며, 연결실체는 이를 자본화하여 유형자산의취득원가에 포함하였습니다.\n13. 무형자산\n(1) 당분기 중 무형자산의 주요 변동은 다음과 같습니다.\n(단위:천원)\n구\xa0 분\n영업권\n영업권이외의무형자산\n합계\n기초순장부금액\n21,920,380\n19,414,005\n41,334,385\n취득\n-\n913,003\n913,003\n처분 및 폐기\n-\n(13,784)\n(13,784)\n상각\n-\n(480,248)\n(480,248)\n순외화차이\n-\n(23,899)\n(23,899)\n분기말순장부금액\n21,920,380\n19,809,077\n41,729,457\n(2) 전분기 중 무형자산의 주요 변동은 다음과 같습니다.\n(단위:천원)\n구\xa0 분\n영업권\n영업권이외의무형자산\n합계\n기초순장부금액\n21,920,380\n9,732,833\n31,653,213\n취득\n-\n27,031\n27,031\n처분 및 폐기\n-\n(526)\n(526)\n상각\n-\n(139,322)\n(139,322)\n순외화차이\n-\n(9,929)\n(9,929)\n분기말순장부금액\n21,920,380\n9,610,087\n31,530,467\n14. 투자부동산\n(1) 당분기와 전분기 중 투자부동산의 주요 변동은 다음과 같습니다.\n(단위:천원)\n구\xa0 \xa0\xa0 분\n당분기\n전분기\n기초순장부금액\n443,022,217\n200,063,091\n감가상각\n(110,534)\n(188,099)\n분기말순장부금액\n442,911,683\n199,874,992\n(2) 투자부동산 관련 손익연결실체가 보유한 투자부동산과 관련하여 감가상각비를 제외한 당분기와 전분기에 손익으로 인식한 내역은 다음과 같습니다.\xa0\n(단위:천원)\n구\xa0 분\n당분기\n전분기\n임대수익\n363,396\n419,035\n운영비용\n(243,749)\n(211,117)\n합\xa0 계\n119,647\n207,918\n15. 담보제공자산 등\n(1) 당분기말 현재 연결실체의 채무를 위하여 담보로 제공되어 있는 자산의 내역은 다음과 같습니다.\xa0\n(단위:천원)\n담보제공자산\n담보설정금액\n차입금종류\n차입금액\n담보권자\n천안공장토지 외\n21,013,200\n시설/주택자금대출\n11,674,277\n㈜국민은행\n본사사옥토지 및 건물\n2,163,784\n근저당/전세권\n-\n㈜국민은행 외\n잠원사옥토지 및 건물\n3,757,920\n근저당/전세권\n-\n㈜KEB하나은행\n인천영업소토지 외\n240,000\n근저당/전세권\n-\n이준승\n원주영업소토지 외\n1,427,350\n근저당/전세권\n-\n농협은행㈜ 외\n합\xa0 \xa0 계\n28,602,254\n11,674,277\n\u3000\n(2) 당분기말과 전기말 현재 사용이 제한된 예금의 내용은 다음과 같습니다.\n\xa0(단위:천원)\n계정과목\n예금종류\n금융기관명\n금액\n사용제한내용\n당분기말\n전기말\n단기금융상품\n외화표시예금(주1)\n㈜KEB 하나은행\n46,939,453\n96,081,627\n에스크로계좌\n기타채권(비유동)\n별단예금\n㈜KEB 하나은행 외\n9,000\n9,000\n당좌개설보증금\n별단예금(주2)\n농협 서산시지부\n99,984\n97,140\n특별수선충당금\n장기금융상품\n농협은행㈜\n199,122\n199,122\n질권설정\n합\xa0 \xa0\xa0 계\n47,247,559\n96,386,889\n(주1) 타법인 주식 취득을 위하여 에스크로 계좌에 예치한 금액으로 특정 조건이 충족 될 시에만 주금으로 납입됩니다.(주2) 대죽1공장 사원아파트 관련하여 미래에 발생될 수선비를 농협은행에 예치한 금액입니다. \n16.\xa0차입금\n(1) 당분기말과 전기말 현재 차입금의 내역은 다음과 같습니다.\xa0\n(단위:천원)\n구\xa0 분\n당분기말\n전기말\n유동성 차입금\n\xa0단기차입금\n922,725,784\n810,166,473\n\xa0유동성장기부채\n740,965\n5,423,747\n소\xa0 \xa0\xa0 계\n923,466,749\n815,590,220\n비유동성 차입금\n\xa0장기차입금\n228,585,812\n233,529,456\n\xa0사채\n592,961,269\n595,858,989\n소\xa0 \xa0\xa0 계\n821,547,081\n829,388,445\n합\xa0 \xa0\xa0 계\n1,745,013,830\n1,644,978,665\n(2) 단기차입금① 당분기말과 전기말 현재 단기차입금의 내역은 다음과 같습니다.\xa0\n(단위:천원)\n차입처\n내역\n이자율(%)\n당분기말\n전기말\n삼성카드(주1)\n거래정산 서비스 잔액\n1.75\n59,610,424\n75,433,743\n㈜국민은행\n당좌차월\n2.76 ~ 4.15\n25,974,598\n-\nKTB투자증권 외\n기업어음\n1.65 ~ 1.76\n656,000,000\n521,000,000\n도쿄미스비시은행\n일반운영자금\n1.71 ~ 1.73\n79,000,000\n100,000,000\n㈜신한은행 외\nBanker\'s Usance\nLIBOR(6M) + 0.35 ~ 0.55\n44,465,762\n55,132,730\nJP Morgan Chase Bank. N.A\n외화일반차입금\nLIBOR(3M) + 0.95\n57,675,000\n58,600,000\n합\xa0 계\n922,725,784\n810,166,473\n(주1)\xa0연결실체는 삼성카드와 대리점매출채권을\xa0담보로 차입하는 거래를\xa0약정하였습니다.\xa0해당\xa0차입거래는\xa0대리점이 카드이용대금을 3개월 이상 연체하는 경우, 카드이용대금에 대한\xa0일체의\xa0대위변제의무가 있는 채무거래 입니다.\xa0해당 이자율은 차입거래발생 시 적용되는 요율입니다.\n② 당분기 중 신규로 발행하거나 상환된 단기차입금 내역은 다음과 같습니다.\n(단위:천원)\n구분\n차입기관\n명목 이자율(%)\n액면금액\n장부금액\n만기\n기초\n㈜국민은행 외\nLIBOR(6M) + 0.30 ~ 1.91\n810,166,473\n810,166,473\n신규차입\n\xa0 단기차입금\n㈜신한은행 외\nLIBOR(6M) + 0.35 ~ 4.15\n2,609,238,549\n2,609,238,549\n2016년\n상환\n\xa0 단기차입금\n㈜신한은행 외\nLIBOR(6M) + 0.30 ~ 1.91\n(2,494,717,828)\n(2,494,717,828)\n2016년\n외화환산\n\xa0 외화환산이익\n(1,961,410)\n(1,961,410)\n당분기말\n㈜신한은행 외\nLIBOR(6M) + 0.35 ~ 4.15\n922,725,784\n922,725,784\n(3) 장기차입금① 당분기말과 전기말 현재 장기차입금의 내역은 다음과 같습니다.\xa0\n(단위:천원)\n차입처\n내역\n이자율(%)\n당분기말\n전기말\n㈜국민은행(주1)\n주택자금대출\n2.50 ~ 3.00\n11,674,277\n11,734,623\n㈜신한은행\n원화시설차입\n4.00\n1,149,000\n1,149,000\n기업어음인수약정\nCD(91) + 0.20\n100,000,000\n100,000,000\n광물자원공사\n시설자금대출\n1.80 ~ 2.60\n-\n7,697,580\nSumitomo Mitsui Banking Corporation\n외화장기차입금\nLIBOR(3M) + 1.15\n34,605,000\n35,160,000\n㈜KEB하나은행 외\nLIBOR(3M) + 1.35\n81,898,500\n83,212,000\n소\xa0 \xa0\xa0 계\n229,326,777\n238,953,203\n유동성 대체\n(740,965)\n(5,423,747)\n합\xa0 \xa0\xa0 계\n228,585,812\n233,529,456\n(주1) 상기 원화장기차입금과 관련하여 연결실체의 유형자산이 담보로 제공되어 있으며(주석 15 참조), 상기 주택자금대출은 원금분할 상환됩니다.\n② 당분기 중 신규로 발행하거나 상환된 장기차입금 내역은 다음과 같습니다.\n(단위:천원)\n구분\n차입기관\n명목 이자율(%)\n액면 금액\n장부금액\n만기\n기초\n㈜국민은행 외\nLIBOR(3M) + 1.15 ~ 4.00\n238,953,203\n238,953,203\n상환\n\xa0 장기차입금(유동성포함)\n㈜국민은행 외\n1.80 ~ 2.60\n(7,757,926)\n(7,757,926)\n2016 ~ 2018년\n외화환산\n\xa0 외화환산이익\n(1,868,500)\n(1,868,500)\n당분기말\n㈜국민은행 외\nLIBOR(3M) + 1.15 ~ 4.00\n229,326,777\n229,326,777\n③ 당분기말 현재 장기차입금의 연도별 상환계획은 다음과 같습니다.\n(단위:천원)\n상환계획\n장기차입금\n2016. 4.1 ~ 2017. 3.31\n740,965\n2017. 4.1 ~ 2018. 3.31\n101,242,050\n2018. 4.1 ~ 2019. 3.31\n118,067,417\n2019. 4.1 ~ 2020. 3.31\n1,750,308\n2020. 4.1 ~ 2021. 3.31\n1,245,538\n2021. 4.1 그 이후\n6,280,499\n\xa0합\xa0 \xa0 \xa0\xa0 계\n229,326,777\n(4) 사채① 당분기말과 전기말 현재 연결실체가 발행한 사채의 내역은 다음과 같습니다.\n(단위:천원)\n구분\n상환일\n연이자율(%)\n당분기말\n전기말\n제60회 무보증국내사채\n2018.06.10\n3.17\n200,000,000\n200,000,000\n제61회 무보증해외사채\n2018.06.19\nLIBOR(3M) + 1.35\xa0\n194,941,500\n198,068,000\n제62회 무보증국내사채\n2020.08.09\n3.88\n50,000,000\n50,000,000\n제63회 무보증국내사채\n2020.08.21\n3.91\n40,000,000\n40,000,000\n제64회 무보증국내사채\n2020.09.12\n3.87\n110,000,000\n110,000,000\n소\xa0 계\n594,941,500\n598,068,000\n사채할인발행차금\n(1,980,231)\n(2,209,011)\n합\xa0 계\n592,961,269\n595,858,989\n② 당분기 중 신규로 발행하거나 상환된 사채의 내역은 다음과 같습니다.\n(단위:천원)\n구분\n차입기관\n명목 이자율(%)\n액면 금액\n장부금액\n만기\n기초\n㈜삼성증권 외\nLIBOR(3M) + 1.35 ~ 3.91\n598,068,000\n595,858,989\n사채할인발행차금 상각\n\xa0 사채할인발행차금\n-\n205,287\n외화환산\n\xa0 외화환산이익\n(3,126,500)\n(3,103,007)\n당분기말\n㈜삼성증권 외\nLIBOR(3M) + 1.35 ~ 3.91\n594,941,500\n592,961,269\n③ 당분기말 현재 사채의 연도별 상환계획은 다음과 같습니다.\n(단위:천원)\n상환계획\n사채\n2016. 4.1 ~ 2017. 3.31\n-\n2017. 4.1 ~ 2018. 3.31\n-\n2018. 4.1 ~ 2019. 3.31\n394,941,500\n2019. 4.1 ~ 2020. 3.31\n-\n2020. 4.1 ~ 2021. 3.31\n200,000,000\n2021. 4.1 그 이후\n-\n\xa0합\xa0 \xa0 \xa0\xa0 계\n594,941,500\n17. 기타부채\n당분기말과 전기말 현재 기타부채의 내역은 다음과 같습니다.\n(단위:천원)\n구\xa0 분\n당분기말\n전기말\n유동\n비유동\n유동\n비유동\n미지급금\n235,305,856\n-\n217,736,496\n-\n선수금\n18,216,768\n-\n10,297,105\n-\n예수금\n2,885,331\n-\n9,745,038\n-\n미지급비용\n16,248,285\n-\n17,585,181\n-\n수입보증금\n11,461,071\n-\n12,646,199\n-\n임대보증금\n-\n26,368,966\n-\n26,647,041\n금융보증부채\n1,131,528\n3,100,949\n1,158,376\n3,388,051\n합\xa0 계\n285,248,839\n29,469,915\n269,168,395\n30,035,092\n18. 금융상품 및 금융위험 관리\n(1) 당분기말과 전기말 현재 금융상품의 범주별 분류내역은 다음과 같습니다.① 당분기말\xa0\n(단위:천원)\n구\xa0 분\n당기손익인식금융자산\n대여금및수취채권\n매도가능금융자산\n만기보유금융자산\n당기손익인식금융부채\n상각후원가측정금융부채\n합계\n<금융자산>\n현금및현금성자산\n-\n428,146,829\n-\n-\n-\n-\n428,146,829\n단기금융상품\n-\n168,639,453\n-\n-\n-\n-\n168,639,453\n매출채권\n-\n852,144,774\n-\n-\n-\n-\n852,144,774\n기타채권\n-\n31,417,805\n-\n-\n-\n-\n31,417,805\n유동만기보유금융자산\n-\n-\n-\n343,034\n-\n-\n343,034\n장기매출채권\n-\n2,353,633\n-\n-\n-\n-\n2,353,633\n비유동기타채권\n-\n59,038,081\n-\n-\n-\n-\n59,038,081\n매도가능금융자산\n-\n-\n3,234,315,445\n-\n-\n-\n3,234,315,445\n만기보유금융자산\n-\n-\n-\n3,301,269\n-\n-\n3,301,269\n비유동파생상품자산\n9,138,930\n-\n-\n-\n-\n-\n9,138,930\n금융자산 계\n9,138,930\n1,541,740,575\n3,234,315,445\n3,644,303\n-\n-\n4,788,839,253\n<금융부채>\n매입채무\xa0\n-\n-\n-\n-\n-\n218,749,502\n218,749,502\n단기차입금\xa0\n-\n-\n-\n-\n-\n923,466,749\n923,466,749\n기타부채\xa0\n-\n-\n-\n-\n-\n264,146,740\n264,146,740\n장기차입금\n-\n-\n-\n-\n-\n821,547,081\n821,547,081\n비유동기타부채\xa0\n-\n-\n-\n-\n-\n29,469,915\n29,469,915\n비유동파생상품부채\xa0\n-\n-\n-\n-\n3,465,905\n-\n3,465,905\n금융부채 계\n-\n-\n-\n-\n3,465,905\n2,257,379,987\n2,260,845,892\n② 전기말\n(단위:천원)\n구\xa0 분\n당기손익인식금융자산\n대여금및수취채권\n매도가능금융자산\n만기보유금융자산\n당기손익인식금융부채\n상각후원가측정금융부채\n합계\n<금융자산>\n현금및현금성자산\n-\n444,023,300\n-\n-\n-\n-\n444,023,300\n단기금융상품\n-\n130,000,000\n-\n-\n-\n-\n130,000,000\n매출채권\n-\n879,071,873\n-\n-\n-\n-\n879,071,873\n기타채권\n-\n25,226,531\n-\n-\n-\n-\n25,226,531\n유동만기보유금융자산\n-\n-\n-\n278,252\n-\n-\n278,252\n유동파생상품자산\n-\n-\n-\n-\n-\n-\n-\n장기매출채권\n-\n7,931,754\n-\n-\n-\n-\n7,931,754\n비유동기타채권\n-\n55,248,812\n-\n-\n-\n-\n55,248,812\n매도가능금융자산\n-\n-\n3,090,955,730\n-\n-\n-\n3,090,955,730\n만기보유금융자산\n-\n-\n-\n3,329,818\n-\n-\n3,329,818\n비유동파생상품자산\n18,059,926\n-\n-\n-\n-\n-\n18,059,926\n금융자산 계\n18,059,926\n1,541,502,270\n3,090,955,730\n3,608,070\n-\n-\n4,654,125,996\n<금융부채>\n매입채무\n-\n-\n-\n-\n-\n226,439,376\n226,439,376\n단기차입금\n-\n-\n-\n-\n-\n815,590,220\n815,590,220\n기타부채\n-\n-\n-\n-\n-\n249,126,253\n249,126,253\n유동파생상품부채\n-\n-\n-\n-\n-\n-\n-\n장기차입금\n-\n-\n-\n-\n-\n829,388,445\n829,388,445\n비유동기타부채\n-\n-\n-\n-\n-\n30,035,091\n30,035,091\n비유동파생상품부채\n-\n-\n-\n-\n184,636\n-\n184,636\n금융부채 계\n-\n-\n-\n-\n184,636\n2,150,579,385\n2,150,764,021\n(2) 당분기와 전분기에 발생한 금융상품 범주별 순손익은 다음과 같습니다.\n(단위:천원)\n구\xa0 분\n당분기\n전분기\n당기손익인식금융자산\n\xa0평가손익\n(8,920,996)\n809,413\n\xa0거래손익\n109,866\n624,063\n매도가능금융자산\n\xa0평가손익(세후)\n108,666,664\n(52,789,996)\n\xa0배당금수익\n11,564,079\n4,572,280\n\xa0처분손익\n(1)\n18,713,850\n만기보유금융자산\n\xa0이자수익\n22,408\n60,199\n대여금및수취채권\n\xa0이자수익\n2,215,268\n4,939,439\n\xa0손상차손\n(4,368,571)\n(3,027,691)\n\xa0외환차이\n(5,194,337)\n(2,414,429)\n당기손익인식금융부채\n\xa0평가손익\n(3,281,270)\n1,496,783\n\xa0거래손익\n(30,247)\n(1,082,237)\n상각후원가측정금융부채\n\xa0이자비용\xa0\n(11,239,265)\n(6,503,875)\n\xa0외환차이\n\xa06,177,512\n(3,194,115)\n(3) 금융위험관리연결실체의 재무위험관리 목적과 정책은 2015년 12월 31일로 종료되는 회계연도와 동일합니다.\n(4) 공정가치\xa0\n① 당분기말과 전기말 현재 금융상품의 장부금액과 공정가치는 다음과 같습니다.\n(단위: 천원)\n구\xa0 분\n당분기말\n전기말\n장부금액\n공정가치\n장부금액\n공정가치\n금융자산:\n공정가치로 인식된 금융자산\n매도가능금융자산(주1)\n3,187,243,152\n3,187,243,152\n3,043,883,437\n3,043,883,437\n비유동파생상품자산(주2)\n9,138,930\n9,138,930\n18,059,926\n18,059,926\n소 계\n3,196,382,082\n3,196,382,082\n3,061,943,363\n3,061,943,363\n상각후 원가로 인식된 금융자산\n현금및현금성자산\n428,146,829\n428,146,829\n444,522,237\n444,522,237\n단기금융상품\n168,639,453\n168,639,453\n130,000,000\n130,000,000\n대여금및수취채권(주3,4)\n946,030,216\n946,030,216\n968,579,874\n968,579,874\n유동만기보유금융자산\n343,034\n343,034\n278,252\n278,252\n만기보유금융자산\n3,301,269\n3,301,269\n3,329,818\n3,329,818\n소 계\n1,546,460,801\n1,546,460,801\n1,546,710,181\n1,546,710,181\n금융자산 합계\n4,742,842,883\n4,742,842,883\n4,608,653,544\n4,608,653,544\n금융부채:\n공정가치로 인식된 금융부채\n비유동파생상품부채(주2)\n3,465,905\n3,465,905\n184,636\n184,636\n상각후 원가로 인식된 금융부채\n매입채무(주4)\n218,749,502\n218,749,502\n226,439,376\n226,439,376\n단기차입금(유동성장기차입금포함)\n923,466,749\n923,466,749\n815,590,220\n815,590,220\n장기차입금\n228,585,812\n223,914,371\n233,529,456\n228,168,872\n사채(유동성사채포함)\n592,961,270\n612,248,304\n595,858,989\n611,715,076\n기타부채(주4)\n293,616,655\n293,616,655\n279,161,344\n279,161,344\n소 계\n2,257,379,988\n2,271,995,581\n2,150,579,385\n2,161,074,888\n금융부채 합계\n2,260,845,893\n2,275,461,486\n2,150,764,021\n2,161,259,524\n상기 금융상품의 공정가치는 아래에서 설명하고 있는 방법에 근거하여 결정되었습니다.\n(주1) 지분증권에 대한 투자시장에서 거래되는 매도가능금융자산의 공정가치는 보고기간 종료일 현재 공시되는 마감 매수호가에 의해 결정되며, 시장성 없는 투자자산의 공정가치는 외부평가기관 등의 공정가치 평가 결과에 의해 산정되고 있습니다.\xa0\xa0\n매도가능금융자산 중 공정가치를 신뢰성 있게 측정할 수 없어 원가를 장부금액으로 하는\xa0당분기말\xa0현재\xa047,072백만원과 전기말 현재 47,072백만원의\xa0비상장\xa0매도가능금융자산은 포함되지 아니하였습니다.(주2) 파생상품1) 통화스왑: 실제 시장에서 호가되는 swap rate와 spot rate을 이용하여 고정금리이\xa0 \xa0 \xa0 \xa0 \xa0 \xa0 \xa0 \xa0 \xa0 \xa0 자와 변동금리이자에 대한 현금흐름의 현재가치 차액을 계산하고\xa0 \xa0 \xa0 \xa0 \xa0 \xa0 \xa0 \xa0 \xa0 \xa0 \xa0 \xa0 \xa0\xa0 보고기간 종료일 현재의 선도환율을 이용하여 만기 교환될 원금을 현재\xa0 \xa0 \xa0 \xa0 \xa0 \xa0 \xa0 \xa0 \xa0\xa0 가치로 할인한 금액으로 추정하고 있습니다. 2) 선물환: 계약환율과 보고기간 종료일 현재의 선도환율을 고려하여 해당 금액을 현\xa0 \xa0 \xa0 \xa0 \xa0 \xa0 \xa0\xa0 재가치로 할인하여 측정하고 있습니다. (주3) 매출채권 및 기타채권 매출채권 및 기타채권의 공정가치는 미래의 현금흐름을 보고기간 종료일 현재의 시장이자율로 할인한 현재의 가치로 평가합니다. 한편, 유동성채권은 그 공정가치가 장부가액에 근사합니다.(주4) 유동자산ㆍ부채유동자산ㆍ부채는\xa0만기가 단기이므로 그 공정가치가 장부가액에 근사합니다.\n② 공정가치 평가 기준 정보할인된 현금흐름 추정에 이용되는 이자율은 보고기간 종료일 현재 CD 및 Libor 금리에 가산금리를 가산하여 산정하였습니다.\n구\xa0 분\n당분기말\n전기말\n평가기준\n이자율(%)\n평가기준\n이자율(%)\n장기차입금\nCD\n3.61\n\xa0CD\xa0\n3.67\n해외사채\nLibor\n1.83\n\xa0Libor\xa0\n1.81\n국내사채\n동일 신용등급의 무보증 회사채수익률\n2.02\n\xa0동일 신용등급  무보증 회사채수익률\n2.39\n③ 공정가치 서열체계연결실체는 공정가치측정에 사용된 투입변수의 유의성을 반영하는 공정가치 서열체계에 따라 공정가치측정치를 분류하고 있으며, 공정가치 서열체계의 수준은 다음과 같습니다.\n구\xa0 분\n투입변수의 유의성\n수준 1\n동일한 자산이나 부채에 대한 활성시장의 공시가격\n수준 2\n직접적으로 또는 간접적으로 관측가능한 자산이나 부채에 대한 투입변수\n수준 3\n관측가능한 시장자료에 기초하지 않은 자산이나 부채에 대한 투입변수\n당분기말과 전기말 현재 금융상품의 수준별 공정가치 측정치는 다음과 같습니다.\n(단위:천원)\n구\xa0 분\n수준1\n수준2\n수준3\n합계\n당분기말:\n금융자산\n매도가능금융자산\n3,187,243,152\n-\n-\n3,187,243,152\n비유동파생상품자산\n-\n9,138,930\n-\n9,138,930\n합 계\n3,187,243,152\n9,138,930\n-\n3,196,382,082\n금융부채\n비유동파생상품부채\n-\n3,465,905\n-\n3,465,905\n전기말:\n금융자산\n매도가능금융자산\n3,043,883,437\n-\n-\n3,043,883,437\n비유동파생상품자산\n-\n18,059,926\n-\n18,059,926\n합 계\n3,043,883,437\n18,059,926\n-\n3,061,943,363\n금융부채\n비유동파생상품부채\n-\n184,636\n-\n184,636\n활성시장에서 거래되는 금융상품의 공정가치는 보고기간말 현재 고시되는 시장가격에 기초하여 산정됩니다. 거래소, 판매자, 중개인, 산업집단, 평가기관 또는 감독기관을 통해 공시가격이 용이하게 그리고 정기적으로 이용가능하고, 그러한 가격이 독립된 당사자 사이에서 정기적으로 발생한 실제 시장거래를 나타낸다면, 이를 활성시장으로 간주하며, 이러한 상품들은 \'수준 1\'에 포함됩니다. \'수준 1\'에 포함된 상품들은 매도가능으로 분류된 상장된 지분상품으로 구성됩니다.\n연결실체는 활성시장에서 거래되지 아니하는 금융상품의 공정가치에 대하여 평가기법을 사용하여 결정하고 있습니다. 연결실체는 다양한 평가기법을 활용하고 있으며 보고기간말에 현재 시장 상황에 근거하여 가정을 수립하고 있습니다. 이러한 평가기법은 관측가능한 시장정보를 최대한 사용하고 기업특유정보를 최소한으로 사용합니다. 이때, 해당상품의 공정가치 측정에 요구되는 모든 유의적인 투입변수가 관측가능하다면 해당상품은 \'수준 2\'에 포함됩니다. \n금융상품의 공정가치를 측정하는 데에 사용되는 평가기법에는 다음이 포함됩니다.\n\xa0 - 통화스왑: 실제 시장에서 호가되는 swap rate와 spot rate을 이용하여 고정금리이\xa0 \xa0 \xa0 \xa0 \xa0 \xa0 \xa0 \xa0 \xa0 \xa0 자와 변동금리이자에 대한 현금흐름의 현재가치 차액을 계산하고\xa0 \xa0 \xa0 \xa0 \xa0 \xa0 \xa0 \xa0 \xa0 \xa0 \xa0 \xa0 \xa0\xa0 보고기간 종료일 현재의 선도환율을 이용하여 만기 교환될 원금을 현\xa0 \xa0 \xa0 \xa0 \xa0 \xa0 \xa0 \xa0 \xa0 \xa0 \xa0 재가치로 할인하여 측정 - 선물환: 계약환율과 보고기간 종료일 현재의 선도환율을 고려하여 해당 금액을 현\xa0 \xa0 \xa0 \xa0 \xa0 \xa0 \xa0\xa0 재가치로 할인하여 측정\n상기 금융상품은 매 분기마다 한국자산평가㈜ 등으로부터 공정가치평가를 받고 있습니다.만약 하나 이상의 유의적인 투입변수가 관측가능한 시장정보에 기초한 것이 아니라면 해당 상품은 \'수준 3\'에 포함됩니다. \n유동자산으로 분류된 매출채권 및 기타채권의 경우 장부가액을 공정가치의 합리적인근사치로 추정하고 있습니다.④ 수준 1과 수준 2 사이에서 이동한 금액당분기와 전기 중 수준 1과 수준 2 사이에서 이동한 금액은 없습니다.⑤ 수준 3 에서의 이동당분기와 전기 중 수준 3으로 또는 수준 3으로부터의 이동금액은 없습니다.\xa0\n(5) 금융자산의 양도 등당분기말 현재 전체가 제거되지 않은 금융자산의 내역은 다음과 같습니다.\n(단위:천원)\n구\xa0 분\n매출채권(주1)\n자산의 장부금액\xa0\n59,610,424\n관련부채의 장부금액\xa0\n59,610,424\n양도자산에 한하여 소구권이 있는 부채:\n59,610,424\n자산의 공정가치\xa0\n59,610,424\n관련 부채의 공정가치\xa0\n59,610,424\n순포지션\xa0\n-\n(주1)\xa0연결실체는 삼성카드와 대리점 매출채권을 담보로 차입하는 거래를 하기로\xa0약정하였습니다.\xa0해당\xa0차입거래는\xa0대리점이\xa0카드이용대금을\xa03개월\xa0이상\xa0연체하는 경우,카드이용대금에 대한\xa0일체의\xa0대위변제의무가 있는 채무거래입니다.\n19.\xa0종업원급여\n(1) 당분기말과 전기말 현재 확정급여부채(자산) 및 기타장기종업원급여와 관련된 부채의 내역은 다음과 같습니다.\n(단위:천원)\n구\xa0 분\n당분기말\n전기말\n적립형 의무의 현재가치\xa0\n266,308,432\n262,409,997\n사외적립자산의 공정가치\xa0\n(236,624,375)\n(239,235,524)\n국민연금전환금\xa0\n(318,726)\n(328,604)\n기타장기종업원급여의 현재가치\n3,446,585\n3,440,460\n종업원급여의 부채 인식액\n32,811,916\n26,286,329\n(2) 당분기와 전기 중 확정급여채무의 현재가치 변동은 다음과 같습니다.\n(단위:천원)\n구\xa0 분\n당분기\n전기\n기초금액\xa0\n262,409,997\n226,045,528\n당기 비용으로 인식 :\xa0\n\xa0 당기근무원가\xa0\n9,359,447\n34,596,963\n\xa0 이자원가\xa0\n1,669,590\n6,632,025\n기타포괄손익으로 인식 :\xa0\n\xa0 보험수리적손실\n-\n7,313,885\n\xa0 \xa0 - 인구통계적 가정\n-\n266,571\n\xa0 \xa0 - 재무적 가정\n-\n8,485,720\n\xa0 \xa0 - 경험조정\n-\n(1,438,406)\n기타 :\n\xa0 관계사 전출입\n90\n1,895,036\n\xa0 기타증감\n52,185\n-\n지급액\xa0\n(7,182,877)\n(14,073,440)\n기말금액\n266,308,432\n262,409,997\n(3) 당분기와 전기 중 기타장기종업원급여의 현재가치 변동은 다음과 같습니다.\n(단위:천원)\n구\xa0 분\n당분기\n전기\n기초금액\n3,440,460\n3,447,899\n당기근무원가\xa0\n61,330\n244,060\n이자원가\xa0\n21,847\n100,679\n지급액\n(77,052)\n(339,822)\n보험수리적손실\n\xa0 \xa0 \xa0 \xa0 \xa0 \xa0 \xa0 \xa0 \xa0 \xa0 \xa0 \xa0 \xa0 -\n(12,356)\n기말금액\n3,446,585\n3,440,460\n(4) 당분기와 전분기 중 당기손익으로 인식된 비용은 다음과 같습니다.\n(단위:천원)\n구\xa0 분\n당분기\n전분기\n<확정급여부채>\n당기근무원가\n9,359,447\n8,649,438\n이자원가\n1,669,590\n1,658,263\n이자수익\n(1,517,477)\n(1,392,686)\n소 계\n9,511,560\n8,915,015\n<기타장기종업원급여>\n당기근무원가\n61,330\n61,015\n이자원가\n21,847\n25,170\n소 계\n83,177\n86,185\n합 계\n9,594,737\n9,001,200\n한편, 연결실체는\xa0전기 이전부터 일부 임직원에 적용되는 확정기여형 퇴직급여제도에 따라 당분기와 전분기에 각각 퇴직급여\xa0307,678천원과\xa0199,492천원을 당기손익으로 추가 계상하였습니다.\n20. 충당부채\n(1) 연결실체의 당분기와 전기 중 주요 충당부채 변동내역은 다음과 같습니다.\n(단위:천원)\n구\xa0 분\n당분기\n전기\n기초\n전입(환입)\n지급\n기말\n기초\n전입(환입)\n지급\n기말\n하자보수충당부채\n4,420,013\n1,092,126\n(1,810,921)\n3,701,218\n2,684,943\n9,284,916\n(7,549,845)\n4,420,014\n산림훼손복구충당부채\n4,771,663\n(479,355)\n-\n4,292,308\n4,538,418\n291,744\n(58,500)\n4,771,662\n합 계\n9,191,676\n612,771\n(1,810,921)\n7,993,526\n7,223,361\n9,576,660\n(7,608,345)\n9,191,676\n(2) 연결실체는 제품ㆍ상품 매출, 수출제품의 하자로 인한 사고 보상 및 시공공사수입과 관련하여 예상되는 비용을 과거의 경험률을 바탕으로 추정하여 하자보수충당부채를 설정하였습니다.\n(3) 연결실체는 광산개발과정에서 훼손되는 산림의 복구에 충당하기 위하여 산림훼손허가지역의 복구 시 예상되는 복구비 총액을 생산량비례법에 따라서 산림훼손복구충당부채를 설정하고 있습니다.\n21.\xa0우발부채와 약정사항\n(1) 당분기말 현재 계류중인 소송사건의 내용은 다음과 같습니다.\n\xa0(단위:천원)\n소송내용\n\xa0소송액\xa0\n원고\n피고\n계류법원\n연결실체 전망\n<연결실체가 피고인 사건>\n공사대금 외\n10,727,124\n㈜서비데코 외\n㈜케이씨씨 외\n서울중앙지법 외\n승소예상\n<연결실체가 원고인 사건>\n물품대금 외\n7,167,073\n㈜케이씨씨 외\n㈜동아창호 외\n서울중앙지법 외\n승소예상\n(2) 연결실체는 당분기말 현재 AXALTA(미국) 등과 도료제조기술 등을 이전 받는 계약을 체결하였으며, KCC-TURKEY 등에 도료제조기술 등을 제공하는 계약을 체결하였습니다. 이에 따라 관련 제품의 매출액 또는 특허권 사용에 따라 일정액의 기술도입료를 지급하거나 수령하고 있습니다.\n(3) 구매카드전용 약정계약 등연결실체는 씨티은행 등과 협력회사로부터 제공받은 물품 및 서비스의 대가를 연결실체의 구매전용카드로 지급하기로 약정한 한도 금액이 2,060억원이며 수입거래와 관련한 수입신용장 등의 한도 금액 약 3,538억원이 있습니다. 또한 KEB하나은행 등 금융기관과 총 600억원 한도의 당좌차월 약정 계약이 있습니다. 연결실체는 삼성카드와 대리점 매출채권을 담보로 차입하는 거래를 약정하였습니다. 해당 차입거래는 대리점이 카드이용대금을 3개월 이상 연체하는 경우, 카드이용대금에 대한 일체의 대위변제의무가 있는 채무거래 입니다.\n22. 자본금과 자본잉여금연결실체의 정관에 의한 발행할 주식의 총수는 24,000,000주(1주의 금액 : 5,000원) 입니다. 당분기말 현재 납입자본금은 56,434,870천원이며, 전기 이전 730,461주의 자기주식을 이익소각함에 따라 발행주식(보통주식 10,556,513주)의 액면총액(52,782,565천원)은 납입자본금과 상이합니다. 당분기 중 자본금과 자본잉여금의 변동은 없습니다.\n23. 자본조정연결실체는 전기 이전 자사주식의 가격안정과 주식배당 및 무상증자시 발행한 단주의 처리를 위하여 기명보통주식 723,065주를 시가로 취득하여 자본조정계정으로 계상하고 있습니다.\xa0\n24. 기타포괄손익누계액당분기말과 전기말 현재 기타포괄손익누계액의 내역은 다음과 같습니다.\xa0\n(단위:천원)\n구\xa0 분\n당분기말\n전기말\n매도가능금융자산평가손익\n1,229,227,210\n1,120,560,546\n관계기업 및 공동기업투자주식의 자본변동\n(215,324)\n1,958,163\n해외사업환산손익\n(29,701,262)\n(28,706,599)\n합\xa0 \xa0 \xa0 \xa0 \xa0 계\n1,199,310,624\n1,093,812,110\n25. 이익잉여금당분기말과 전기말 현재 이익잉여금의 내역은 다음과 같습니다.\n(단위:천원)\n구\xa0 분\n당분기말\n전기말\n법정적립금(주1)\n29,728,977\n29,637,695\n임의적립금(주2)\n4,031,582,239\n3,968,587,023\n미처분이익잉여금\n280,449,654\n364,721,130\n합\xa0 계\n4,341,760,870\n4,362,945,848\n(주1) 법정적립금은 이익준비금으로서 상법상 회사는 자본금의 50%에 달할 때까지 매결산기에 금전에 의한 이익배당액의 10%이상을 이익준비금으로 적립하도록 규정되어 있으며, 동 이익준비금은 현금으로 배당할 수 없으며, 주주총회의 결의에 의하여 이월결손금의 보전과 자본전입에만 사용될 수 있습니다.\n(주2) 임의적립금당분기말과 전기말 현재 임의적립금의 내역은 다음과 같습니다.\n(단위:천원)\n구\xa0 분\n당분기말\n전기말\n재무구조개선적립금\n1,598,621\n1,598,621\n기업합리화적립금\n30,806,048\n30,806,048\n기업발전적립금\n3,180,000\n3,180,000\n연구및인력개발준비금\n47,296,673\n77,296,673\n특별상각준비금\n1,807,582\n1,812,367\n시설적립금\n1,976,160,000\n1,913,160,000\n별도적립금\n806,524,013\n776,524,012\n재평가적립금\n1,164,209,302\n1,164,209,302\n합\xa0 계\n4,031,582,239\n3,968,587,023\n26. 영업이익\n(1) 매출액당분기와 전분기 중 매출액 내역은 다음과 같습니다.\n(단위:천원)\n구\xa0 분\n당분기\n전분기\n제품매출액\n658,146,515\n\xa0624,112,092\n상품매출액\n95,077,718\n111,206,624\n기타매출액\n1,023,219\n1,585,525\n시공공사수입금\n32,373,239\n33,243,065\n합\xa0 계\n786,620,691\n770,147,306\n(2) 매출원가 당분기와 전분기 중 매출원가 내역은 다음과 같습니다.\n(단위:천원)\n구\xa0 분\n당분기\n전분기\n제품매출원가\n439,773,480\n443,801,624\n상품매출원가\n92,939,415\n103,517,323\n기타매출원가\n1,068,137\n1,516,745\n시공공사원가\n31,324,584\n32,151,666\n합\xa0\xa0 계\n565,105,616\n580,987,358\n(3) 판매비와관리비당분기와 전분기 중 판매비와관리비의 내역은 다음과 같습니다.\n(단위:천원)\n구\xa0 분\n당분기\n전분기\n급여\n35,272,723\n32,658,678\n퇴직급여원가\n4,205,449\n3,880,911\n복리후생비\n5,693,176\n4,904,904\n광고선전비\n6,666,636\n5,067,627\n감가상각비(투자부동산포함)\n4,224,873\n2,915,189\n영업권이외의 무형자산상각비\n309,069\n53,224\n운반비\n26,743,078\n24,308,504\n지급수수료\n10,218,925\n7,732,561\n기술개발비\n16,930,329\n16,554,011\n대손상각비\n4,368,571\n3,027,691\n하자보수충당부채전입액\n1,092,126\n844,151\n산림훼손복구충당부채전입액\n-\n52,898\n기타판관비\n20,121,261\n19,471,050\n합\xa0 계\n135,846,216\n121,471,399\n27. 기타영업외손익\n(1)\xa0기타이익당분기와 전분기 중 기타이익의 내역은 다음과 같습니다.\n(단위:천원)\n구\xa0 분\n당분기\n전분기\n수입임대료\n1,074,677\n991,906\n수입로열티\n861,982\n979,239\n유형자산처분이익\n76,988\n57,538\n잡이익\n4,155,968\n4,726,604\n합\xa0 계\n6,169,615\n6,755,287\n(2) 기타손실당분기와 전분기 중 기타손실의 내역은 다음과 같습니다.\n(단위:천원)\n구\xa0 분\n당분기\n전분기\n운휴자산상각비\n1,036\n147,755\n유형자산처분손실\n857\n164,219\n무형자산처분손실\n11,648\n\xa0 \xa0 \xa0 \xa0 \xa0 \xa0 \xa0 \xa0 \xa0 \xa0 \xa0 \xa0 \xa0 \xa0 \xa0 526\n기부금\n386,693\n1,103,727\n잡손실\n9,198,503\n7,030,345\n합\xa0 계\n9,598,737\n8,446,572\n28. 비용의 성격별 분류당분기와 전분기 중 비용의 성격별 분류는 다음과 같습니다.\n(단위:천원)\n구\xa0 분\n당분기\n전분기\n재고자산의 변동\n(15,118,071)\n(27,732,265)\n원재료와 상품매입액\n368,184,874\n409,992,333\n급여\n81,697,217\n77,155,960\n퇴직급여원가\n9,819,238\n9,114,507\n기타장기종업원급여\n83,177\n86,185\n복리후생비\n15,502,518\n14,189,801\n감가상각비(투자부동산 및 운휴자산포함)\n47,445,170\n36,089,934\n영업권이외의 무형자산상각비\n480,248\n139,322\n운반비\n28,383,189\n25,723,344\n광고선전비\n6,666,636\n5,067,627\n지급수수료\n32,053,745\n29,110,000\n기타비용\n135,352,629\n131,968,581\n합\xa0 계(주1)\n710,550,570\n710,905,329\n(주1) 연결포괄손익계산서의 매출원가, 판매비와관리비, 기타손실을 합한 금액입니다.\n29. 순금융수익(원가)\n당분기와 전분기 중 순금융수익(원가)의 내역은 다음과 같습니다.\xa0\n(단위:천원)\n구\xa0 분\n당분기\n전분기\n금융수익:\n\xa0이자수익\n2,237,676\n4,999,638\n\xa0배당금수익\n11,564,079\n4,572,280\n\xa0매도가능금융자산처분이익\n-\n18,713,850\n\xa0파생상품평가이익\n-\n51,887\n\xa0파생상품거래이익\n596,560\n653,922\n\xa0통화스왑평가이익\n-\n2,254,308\n\xa0외환차익\n8,114,613\n2,660,713\n\xa0외화환산이익\n8,185,001\n2,012,457\n\xa0금융수익 소계\n30,697,929\n35,919,055\n금융원가:\n\xa0이자비용\xa0\n(11,239,265)\n(6,503,875)\n\xa0매도가능금융자산처분손실\n(1)\n-\n\xa0파생상품평가손실\n(145,092)\n-\n\xa0파생상품거래손실\n(516,941)\n(1,112,096)\n\xa0통화스왑평가손실\n(12,057,173)\n-\n\xa0외환차손\n(3,168,226)\n(3,208,321)\n\xa0외화환산손실\n(12,148,213)\n(7,073,392)\n\xa0금융원가 소계\n(39,274,911)\n(17,897,684)\n순금융수익(원가)\n(8,576,982)\n18,021,371\n30. 법인세\n당분기와 전분기 중 법인세비용의 구성요소는 다음과 같습니다.\n(단위:천원)\n구\xa0 분\n당분기\n전분기\n당기 법인세 부담액\n16,134,208\n24,075,236\n법인세 추납액(환급액)\n612,179\n497,859\n일시적차이로 인한 이연법인세 변동액\n35,139,677\n(18,010,461)\n= 총법인세효과\n51,886,064\n6,562,634\n당기손익 이외로 인식되는 항목과 관련된 \xa0 법인세비용(수익)\n(32,185,260)\n16,122,591\n= 계속사업손익에 반영된 법인세비용\n19,700,804\n22,685,225\n법인세비용의 평균유효세율은 당분기 25.13%와 전분기 26.20%입니다.\n31. 주당손익\n주당손익의 계산내역은 다음과 같습니다.\n(1) 기본주당이익\n① 기본주당이익\n(단위:천원)\n내역\n당분기\n전분기\n지배기업법인세차감후이익\n58,615,901\n64,484,451\n가중평균유통보통주식수\n9,833,448주\n9,796,935주\n기본주당이익\n5,983원\n6,582원\n② 가중평균유통보통주식수 계산 내역\n1) 당분기\n(단위:주)\n내\xa0 \xa0 역\n주식수\n가중치(일)\n적수\n기초\n9,833,448\n91\n894,843,768\n일수\n÷ 91\n가중평균유통보통주식수\n9,833,448\n2) 전분기\n(단위:주)\n내\xa0 \xa0 역\n주식수\n가중치(일)\n적수\n기초\n9,796,935\n90\n881,724,150\n일수\n÷ 90\n가중평균유통보통주식수\n9,796,935\n(2) 희석주당이익당분기 및 전분기에는 희석효과가 발생할 가능성이 있는 잠재적보통주가 존재하지 않으므로 희석주당이익을 계산하지 않았습니다.\n32. 특수관계자\n(1) 당분기말 현재 연결실체와 특수관계에 있는 회사의 내역은 다음과 같습니다.\n회사명\n구분\n㈜케이씨씨건설과 그 종속기업\n관계기업\n㈜금강레저\n㈜동신포리마\n㈜인스파이어인티그레이티드리조트\xa0\n코리아오토글라스㈜\nPOLYSILICON TECHNOLOGY COMPANY\n공동지배기업\n케이퓨처파트너스㈜\n기타\n(2) 당분기\xa0중 연결실체의 특수관계자와의 거래 내역은 다음과 같습니다.\n(단위:천원)\n특수관계자 구분\n회사명\n제품 및 상품매출\n임대료수입\n기타\n매출 계\n자재매입\n유형자산취득\n기타\n매입 계\n관계기업\n㈜금강레저\n-\n-\n23,974\n23,974\n-\n-\n41,000\n41,000\n㈜케이씨씨건설\n2,343,997\n143,972\n105,943\n2,593,912\n\u3000-\n43,430,933\n-\n43,430,933\n코리아오토글라스㈜\n33,508,606\n186,095\n170,620\n33,865,321\n323,990\n36,000\n3,710\n363,700\n공동지배기업\nPOLYSILICON TECHNOLOGY COMPANY\n\u3000-\n908\n442,620\n443,528\n\u3000-\n\u3000-\n\u3000-\n-\n합\xa0 계\n35,852,603\n330,975\n743,157\n36,926,735\n323,990\n43,466,933\n44,710\n43,835,633\n연결실체는 그 밖의 특수관계자간의 거래로 가평광산과 영월광산에 채굴대가로 당분기 중 1,245,311천원을 지급하였습니다.(3) 전분기\xa0중 연결실체의 특수관계자와의 거래 내역은 다음과 같습니다.\n(단위:천원)\n특수관계자구분\n회사명\n제품 및 상품매출\n임대료 수입\n기타\n매출 계\n자재매입\n유형자산취득\n기타\n매입 계\n관계기업\n㈜금강레저\n-\n-\n28,200\n28,200\n-\n-\n42,000\n42,000\n㈜케이씨씨건설\n2,738,201\n153,911\n39,088\n2,931,200\n-\n61,669,791\n500\n61,670,291\n공동지배기업\n코리아오토글라스㈜\n34,535,510\n355,538\n83,944\n34,974,992\n245,556\n46,909\n-\n292,465\nPOLYSILICON TECHNOLOGY COMPANY\n-\n1,817\n610,252\n612,069\n-\n-\n-\n-\n합\xa0 계\n37,273,711\n511,266\n761,484\n38,546,461\n245,556\n61,716,700\n42,500\n62,004,756\n(4) 당분기 및 전분기에 발생한 특수관계자에 대한 자금거래내역은 다음과 같습니다.\n(단위:천원)\n특수관계자 구분\n회사명\n현금출자\n자금대여\n당분기\n전분기\n당분기\n전분기\n공동지배기업\nPOLYSILICON TECHNOLOGY COMPANY\n3,033,110\n-\n3,499,633\n-\n관계기업\n㈜인스파이어인티그레이티드리조트\n48,271,724\n-\n-\n-\n합\xa0 \xa0 \xa0 \xa0 \xa0 계\n51,304,834\n-\n3,499,633\n-\n(5) 당분기말 현재 특수관계자에 대한 채권ㆍ채무내역은 다음과 같습니다.\n(단위:천원)\n특수관계자 구분\n회사명\n채권\n채무\n매출채권\n미수금 등\n장기대여금\n매입채무\n미지급금\n수입보증금\n장기임대보증금\n관계기업\n㈜금강레저\n-\n4,507,565\n-\n-\n-\n-\n1,251,875\n㈜케이씨씨건설\n897,028\n29,330\n-\n-\n440,000\n-\n8,496,500\n코리아오토글라스㈜\n14,240,622\n3,029,623\n-\n138,944\n134,281\n300,000\n7,640,380\n공동지배기업\nPOLYSILICON TECHNOLOGY \xa0 COMPANY\n-\n477,369\n3,499,633\n-\n-\n-\n-\n기타\n케이퓨처파트너스㈜\n-\n-\n-\n-\n-\n-\n8,088\n합\xa0 \xa0 \xa0 \xa0 \xa0 계\n15,137,650\n8,043,887\n3,499,633\n138,944\n574,281\n300,000\n17,396,843\n당분기말 현재 특수관계자에 대한 채권과 관련하여 대손충당금을 설정하지 않고 있으며, 이와 관련하여 당분기 중 인식된 대손상각비는 없습니다.\xa0\n(6) 전기말 현재 특수관계자에 대한 채권ㆍ채무내역은 다음과 같습니다.\n(단위:천원)\n특수관계자 구분\n회사명\n채권\n채무\n매출채권\n미수금 등\n매입채무\n미지급금\n수입보증금\n장기임대보증금\n관계기업\n㈜금강레저\n-\n4,512,096\n-\n-\n-\n1,231,000\n㈜케이씨씨건설\n1,460,970\n616,372\n-\n255,530\n-\n8,496,500\n코리아오토글라스㈜\n13,575,250\n3,563,923\n149,641\n186,464\n300,000\n7,640,380\n공동지배기업\nPOLYSILICON TECHNOLOGY COMPANY\n-\n245,243\n-\n-\n-\n-\n합\xa0 \xa0 \xa0 \xa0 \xa0 계\n15,036,220\n8,937,634\n149,641\n441,994\n300,000\n17,367,880\n전기말 현재 특수관계자에 대한 채권과 관련하여 대손충당금을 설정하지 않고 있으며 이와 관련하여 전기 중 인식된 대손상각비는 없습니다.\xa0\n(7) 당분기말 현재 연결실체가 특수관계자를 위하여 제공하고 있는 담보 및 보증의 내역은 다음과 같습니다.\n(단위:천원)\n특수관계자구분\n내역\n제공받은회사\n지급보증액\n지급보증기간\n관계기업\n지급보증\n코리아오토글라스㈜\n\xa0 \xa0 \xa0\xa0 2,754,225\n2011.6.15~2020.11.30\n(8)\xa02013년 2월말 연결실체의 공동기업인 POLYSILICON TECHNOLOGY COMPANY(이하 ""PTC"")와 SIDF(Saudi Industrial Development Fund)와의 차입약정계약이 체결되었습니다. 총 차입한도는 USD 160,000,000이며, 연결실체는 이중 USD 80,000,000을 한도로 지급보증을 제공하고 있습니다. 당분기말 현재 USD 160,000,000의 차입이 이루어졌으며, 연결실체는 이중 USD 80,000,000의 차입금에 대하여 4,232백만원의 금융보증부채를 인식하였습니다.\n연결실체는 PTC가 자금이 부족한 경우에 한하여, 프로젝트 완료를 위해 PTC의 다른\xa0주주와\xa0함께\xa0그\xa0지분비율에 따라 자금을 지원할 보충적 의무를 부담하고 있습니다.또한, 연결실체는 PTC의 공장이 완공되어 정상가동할 경우 PTC로부터 연간 3,000톤의 Polysilicon 구매약정을 체결하였습니다.\n(9) 장기대여금 14,583백만원은 종업원에게 대여한 주택자금융자금 등 입니다. 당분기 중 관계기업인 코리아오토글라스㈜와 ㈜금강레저는 지배기업에\xa0각각 398백만원, 62백만원의\xa0배당금을 선언하였습니다.\n(10) 연결실체는 기업활동의 계획, 운영, 통제에 대하여 중요한 권한과 책임을 가진 등기부등본상에\xa0등재되어\xa0있는\xa0사내이사와\xa0사외이사\xa0등을\xa0주요\xa0경영진으로\xa0판단하였으며, 당분기 주요경영진에 대한 보상내역은 다음과 같습니다.\r\n(단위:천원)\n분\xa0 류\n보상금액\n단기급여\n814,147\n퇴직급여\n69,655\n합 계\n883,802\n33. 부문정보\n(1) 영업부문\n연결실체는 수익을 창출하는 용역의 성격에 따라 주요 영업부문을 건자재, 도료, 기타 부문으로 구분하고 있습니다. 각 영업부문은 별도로 요구되는 기술과 마케팅전략이 다르므로 분리되어 운영되고 있습니다. 연결실체는 부문에 배분될 자원에 대한 의사결정을 하고 부문의 성과를 평가하기 위하여 최고 영업의사결정자가 주기적으로 검토하는 내부보고 자료에 기초하여 부문을 구분하고 있습니다. \n연결실체의 당기 영업부문의 경영성과, 주요재무현황 및 내부거래의 제거현황은 다음과 같습니다.\n1) 연결실체의 부문별 내역은 다음과 같습니다.\n구\xa0 분\n영\xa0 업\n건자재 부문\nPVC, 유리 등\n도료 부문\n도료\n기타 부문\n무기/유기실리콘, AM, 장섬유, 홈씨씨상품, 시공수익\n2) 당분기와 전분기 부문 매출액 등은 다음과 같습니다.\n① 당분기\n(단위:천원)\n구\xa0 분\n건자재\n도료\n기타\n연결조정\n미배분\n합계\n총매출액\n312,085,522\n361,986,940\n157,290,397\n(44,742,168)\n-\n786,620,691\n내부매출액\n-\n(44,663,404)\n(78,764)\n44,742,168\n-\n-\n외부매출액\n312,085,522\n317,323,536\n157,211,633\n-\n-\n786,620,691\n감가상각비\n17,121,496\n21,055,056\n9,748,865\n-\n-\n47,925,417\n영업이익\n44,708,999\n37,467,202\n380,859\n3,111,799\n-\n85,668,859\n관계기업손익에 대한 지분\n-\n-\n-\n-\n4,723,392\n4,723,392\n순금융수익(원가)\n-\n-\n-\n-\n(8,576,982)\n(8,576,982)\n기타영업외수익(비용)\n-\n-\n-\n-\n(3,429,122)\n(3,429,122)\n법인세비용\n-\n-\n-\n-\n19,700,804\n19,700,804\n분기순손익\n-\n-\n-\n-\n-\n58,685,343\n② 전분기\n(단위:천원)\n구\xa0 분\n건자재\n도료\n기타\n연결조정\n미배분\n합계\n총매출액\n283,694,931\n384,314,355\n158,378,308\n(56,240,288)\n-\n770,147,306\n내부매출액\n(6,625,907)\n(49,544,093)\n(70,288)\n56,240,288\n-\n-\n외부매출액\n277,069,024\n334,770,262\n158,308,020\n-\n-\n770,147,306\n감가상각비\n17,292,142\n11,796,554\n7,140,560\n-\n-\n36,229,256\n영업이익\n26,794,672\n44,445,770\n(5,287,214)\n1,735,321\n-\n67,688,549\n관계기업손익에 대한 지분\n-\n-\n-\n-\n2,556,643\n2,556,643\n순금융수익(원가)\n-\n-\n-\n-\n18,021,371\n18,021,371\n기타영업외수익(비용)\n-\n-\n-\n-\n(1,691,284)\n(1,691,284)\n법인세비용\n-\n-\n-\n-\n22,685,225\n22,685,225\n분기순손익\n-\n-\n-\n-\n-\n63,890,053\n3) 당분기말과 전기말 현재 부문 자산 및 부채는 다음과 같습니다.\n① 당분기말\n(단위:천원)\n구\xa0 분\n건자재\n도료\n기타\n합계\n자산:\n부문자산\n1,471,767,541\n2,342,177,968\n887,673,060\n4,701,618,569\n공통자산\n5,140,912,235\n연결조정\n(950,641,893)\n총자산\n8,891,888,911\n부채:\n공통부채\n(2,981,617,591)\n연결조정\n43,290,078\n총부채\n(2,938,327,513)\n순자산\n5,953,561,398\n② 전기말\n(단위:천원)\n구\xa0 분\n건자재\n도료\n기타\n합계\n자산:\n부문자산\n1,470,147,981\n2,369,151,533\n851,232,538\n4,690,532,052\n공통자산\n4,919,776,139\n연결조정\n(941,897,037)\n총자산\n8,668,411,154\n부채:\n공통부채\n(2,847,367,274)\n연결조정\n47,609,607\n총부채\n(2,799,757,667)\n순자산\n5,868,653,487\n부문별 자산은 주로 재고자산 및 유형자산으로 구성되며 현금및현금성자산, 이연법인세자산 및 금융자산 등은 배분되지 아니하였습니다. 부문별 부채는 배분되지 아니하였습니다.\xa0\n(2) 당분기 중 지역별 매출액은 다음과 같습니다.\n(단위:천원)\n지\xa0 역\n금\xa0 액\n한\xa0 국\n682,088,776\n중\xa0 국\n64,446,406\n기타 아시아지역\n24,631,485\n기\xa0 타\n15,454,024\n합\xa0 계\n786,620,691\n(3) 주요 고객 부문연결실체는 전 세계에 다양하게 분포된 거래처와 거래하기 때문에 연결실체 매출액의 10% 이상인 단일 고객은 없습니다. 따라서, 주요 고객별 매출정보는 공시하지 아니합니다.\n34. 중요도급공사의 개요 및 공사계약잔액\n(1) 당분기 중 중요 도급공사의 개요 및 공사계약잔액은 다음과 같습니다.\n(단위:천원)\n발주처\n계약내용\n기초\n신규(추가)계약\n당분기수익인식액\n당분기말\n서울시 도시기반시설본부\n대림/IT콤플렉스 유리공사(코팅유리)\n28,967\n-\n789\n28,178\n(주)생보부동산신탁\n대림/광주역동\n3,202,501\n515,002\n1,919,543\n1,797,960\n송도국제도시개발(유)\n포코T인천아트센터\n179,420\n-\n90,500\n88,920\n에이엠플러스피에프브이위례(주)\n포코/위례와이즈더샵\n310,653\n-\n99,429\n211,224\n대우건설\n대우/용산푸르지오써밋커튼월\n8,168,761\n-\n573,688\n7,595,073\n달성태양광발전소\n달성/달성태양광발전사업\n283\n-\n283\n-\nLH\n한세/세종시방음벽공사\n1,652,235\n-\n640,458\n1,011,777\n용산역\n삼성/용산3구역 래미안 신축공사 커튼월\n7,963,590\n-\n1,849,640\n6,113,950\n(주)제이피홀딩스피에프브이\n롯데/독산동1차\n325,615\n256,664\n86,942\n495,337\n대우건설\n대우/세종시P3\n3,507,588\n-\n1,474,481\n2,033,107\nDSR C타워\n삼성/DSR C타워커튼월\n8,996,655\n-\n1,270,618\n7,726,037\n인천공항\n한진/제2여객터미널커튼월\n4,227,972\n-\n111,972\n4,116,000\n오엠시솔라에너지\n오엠/오엠시태양광발전사업PV\n1,644,491\n-\n9,898\n1,634,593\n서초삼호아파트재건축조합\n대우/서초푸르지오써밋\n3,542,705\n-\n1,164,547\n2,378,158\n기\xa0 \xa0 \xa0 타\n65,384,677\n78,224,080\n23,080,451\n120,528,306\n합\xa0 \xa0 \xa0 계\n109,136,113\n78,995,746\n32,373,239\n155,758,620\n(2) 당분기말 현재 중요 도급공사의 수익인식누계액, 공사대금회수액 및 공사대금청구액 등의 내역은 다음과 같습니다.\n(단위:천원)\n공사명\n공사수익누계\n당분기공사수익\n청구누계액\n당분기청구액\n회수누계액\n미회수잔액\n대림/IT콤플렉스 유리공사(코팅유리)\n642,083\n789\n650,106\n12,810\n650,106\n-\n대림/광주역동\n4,018,721\n1,919,543\n5,680,000\n8,555\n4,929,663\n750,337\n포코T인천아트센터\n5,207,280\n90,500\n5,130,000\n90,500\n5,130,000\n-\n포코/위례와이즈더샵\n2,098,776\n99,429\n2,228,478\n93,216\n2,228,478\n-\n대우/용산푸르지오써밋커튼월\n1,824,928\n573,688\n9,009,000\n570,161\n8,704,702\n304,298\n달성/달성태양광발전사업\n1,750,000\n283\n1,654,167\n-\n1,634,367\n19,800\n한세/세종시방음벽공사\n15,302,631\n640,458\n14,700,000\n682,557\n14,700,000\n-\n삼성/용산3구역 래미안 신축공사 커튼월\n3,396,050\n1,849,640\n9,350,000\n1,849,640\n8,555,250\n794,750\n롯데/독산동1차\n3,388,590\n86,942\n3,728,000\n62,946\n3,728,000\n-\n대우/세종시P3\n2,992,761\n1,474,481\n4,910,000\n685,410\n3,854,858\n1,055,142\n삼성/DSR C타워커튼월\n1,611,963\n1,270,618\n9,237,000\n1,420,000\n7,851,000\n1,386,000\n한진/제2여객터미널커튼월\n1,184,000\n111,972\n5,115,000\n-\n5,115,000\n-\n오엠/오엠시태양광발전사업PV\n1,595,407\n9,898\n3,203,000\n-\n2,989,800\n213,200\n대우/서초푸르지오써밋\n2,223,343\n1,164,547\n4,506,000\n491,569\n4,078,973\n427,027\n소\xa0 \xa0 계\n47,236,533\n9,292,788\n79,100,751\n5,967,364\n74,150,197\n4,950,554\n기\xa0 \xa0 타\n192,374,909\n23,080,451\n191,854,718\n17,557,006\n176,141,857\n15,712,861\n합\xa0 \xa0 계\n239,611,442\n32,373,239\n270,955,469\n23,524,370\n250,292,054\n20,663,415\n(3) 당분기말 현재 진행중인 도급공사와 관련된 누적공사원가 등의 내역은 다음과 같습니다.\n(단위:천원)\n구\xa0 \xa0 분\n누적공사원가\n누적공사이익\n대림/IT콤플렉스 유리공사(코팅유리)\n604,623\n37,460\n대림/광주역동\n3,883,146\n135,575\n포코T인천아트센터\n5,032,475\n174,805\n포코/위례와이즈더샵\n2,006,110\n92,666\n대우/용산푸르지오써밋커튼월\n1,423,787\n401,141\n달성/달성태양광발전사업\n1,654,167\n95,833\n한세/세종시방음벽공사\n13,684,817\n1,617,814\n삼성/용산3구역 래미안 신축공사 커튼월\n3,230,323\n165,727\n롯데/독산동1차\n3,238,971\n149,619\n대우/세종시P3\n2,884,237\n108,524\n삼성/DSR C타워커튼월\n1,520,285\n91,678\n한진/제2여객터미널커튼월\n1,007,926\n176,074\n오엠/오엠시태양광발전사업PV\n1,576,325\n19,082\n대우/서초푸르지오써밋\n2,137,841\n85,502\n소\xa0 \xa0\xa0 계\n43,885,033\n3,351,500\n기\xa0 \xa0\xa0 타\n184,582,423\n7,792,486\n합\xa0 \xa0\xa0 계\n228,467,456\n11,143,986\n(4)\xa0연결실체는 수주공사와 관련하여 입찰, 공사이행 및 선수금에 대한 지급보증을 위하여 건설공제조합 및 금융기관으로부터\xa079,668백만원 (전기말: 83,170백만원)의 지급보증을 받아 발주처에 제공하고 있습니다. \n35. 현금흐름표 \n(1) 연결실체의 현금흐름표는 간접법에 의해 작성되었으며, 당분기 중 현금의 유입과유출이 없는 주요한 거래는 다음과 같습니다.\n\xa0(단위:천원)\n구 분\n금액\n건설중인자산의 본계정 대체\n39,058,944\n(2) 연결실체는 거래가 빈번하여 총금액이 크고 단기간에 만기가 도래하는 단기차입금 및 단기금융상품으로 인한 현금의 유입과 유출항목은 순증감액으로 기재하였습니다.\n']"
