text
"['\n7. 기타 참고사항\n- 그 밖에 투자의사결정에 필요한 사항\n가. 규제사항2000년대 중반 이후, SSM이 대도시를 비롯, 지방 중소도시로 확대되면서 중소유통점들과의 갈등이 확산되었습니다. 이에 중소유통점은 정부와 지자체에 지원 강화와 SSM에 대한 규제 강화를 요구하였고, SSM 측은 오히려 차별적 규제를 완화해 줄 것을 요구하였습니다. 이러한 양측의 대립은 2010년 11월 유통산업발전법(유통법)과 대중소기업상생협력촉진에 관한 법률(상생법) 개정에서 SSM의 개점을 제한하면서 일단락되었으나, 여전히 사회적으로 SSM 규제에 대한 찬반 논란은 분분한 상황입니다.\n유통법은 동네 재래시장을 전통상업보존구역으로 정해 그 경계로부터 1,000m이내에 대규모 점포 또는 준대규모점포가 들어서는 것을 제한(제8조)하고 있습니다. 기존에는 대형할인점과 같은 대규모점포의 입점만을 제한하고 있었으나, 개정안을 통해 준대규모점포의 범위를 지정(제2조)하여 SSM까지도 제한 대상에 포함하였습니다. 지방자치단체는 조례를 제정하여 전통상업보존구역에서의 SSM의 설립을 제한하거나 입점 조건을 부여할 수 있습니다. 지자체 조례의 공통적인 주요 내용으로는 유통기업상생발전협의회 구성 및 운영, 전통상업보존구역 설정, 대규모점포 등의 개설 등록 등입니다.\n상생법은 해당 업종의 중소기업 상당수가 공급하는 물품 또는 용역에 대한 수요를 감소시켜 중소기업의 경영안정에 현저하게 나쁜 영향을 미치거나 미칠 우려가 있다고 인정할 때에는 사업조정신청(제32조)을 할 수 있도록 규정하고 있습니다.\n사업조정제도란 대기업의 사업진출로 당해업종의 상당수 중소기업이 수요의 감소 등으로 경영안정에 현저하게 나쁜 영향을 미치거나 미칠 우려가 있는 경우 대기업 등에게 사업의 인수, 개시 또는 확장의 시기를 연기하거나 생산품목, 생산수량, 생산시설 등을 축소할 것을 권고할 수 있는 제도입니다. 기존에는 대기업 등이 직영 운영하는 경우에만 사업조정신청의 대상이 되었으나,\xa0 개정안에서는 체인점포까지도 조정신청대상에 포함함으로써 2010년 12월 이후부터는 가맹형태로 SSM을 개점하더라도 대기업의 지분이 51%를 넘으면 사업조정신청 대상에 포함되게 됩니다.\n현행 유통산업발전법은 점포개설 등록신청을 30일전 지방자치단체장에게 사전 예고 하도록 하고 있습니다. 또한 지방자치단체 조례를 통해, 월2회 의무휴업일로 지정하고 자정부터 오전 10시 영업시간제한을 설정할 수 있도록 하고 있습니다.\xa0\xa0\n당해 법률로 인하여 업계 전반에 걸쳐 SSM의 개점은 일정부분 어려워졌으며, 당사 역시 당초 예상에 비해 신규개점 점포수가 감소하였습니다. 다만, 신도시나 택지개발지구, 또는 아파트 밀집지역 등 당해 법률이 적용되지 않는 지역에 대한 상권개발이 가능하다는 점, 당해 법률이 신규 개점 시에만 적용되며 기존에 이미 개점하여 영업하고 있는 점포에 소급적용되지는 않는다는 점 등의 예외사항은 두고 있습니다.SSM 업계는 다양한 점포 운영 모델 개발 및 출점, 인터넷쇼핑몰 강화 등을 통해 향후 성장성 확보를 위해 노력하고 있으며, 지역 상권의 고객접점 강화, 저비용/ 고효율운영시스템, 체계적인 인재육성 등으로 내실을 강화하고 있습니다.또한, 최근 공정위는 대규모 유통업 분야에서 판매장려금의 부당성 심사에 관한 지침을 의결하였으며, 동 심사지침은 \'13.10.8 이후 체결되는 판매장려금에 관한 약정부터 적용됩니다. 주요 내용은 1)판매장려금 항목은 판매촉진 목적과의 관련성이 있어야 하며, 2)판매장려금은 직매입 거래의 속성상 인정되지 아니하는 행위와 관련되어 수령 되어서는 아니되며, 3)판매장려금은 대규모유통업자와 납품업자 양자 이익에 균형되게 기여하여야 하며, 4)법령에 규정된 판매장려금 결정절차를 보다 구체화하고 법 위반에 해당될 수 있는 절차사항들을 제시하고 있습니다.한편, 편의점 산업은 프랜차이즈 체인 방식으로 운영됨에 따라 가맹사업자를 위한 소상공인 창업지원제도와 가맹점 운영자에 대한 지원제도 등의 지원이 있으며, 정보공개서 등록제도 등의 규제가 있습니다.또한, 가맹사업법은 계약 체결시 영업지역을 설정하여 계약서에 기재하고 예상매출액의 범위/산출 근거 등을 제공토록 하고 있습니다.지난 2013년 6월 공정거래위원회는 오전1시 부터 오전 6시까지의 심야시간대에 6개월 동안 영업손실이 발생한 편의점 가맹점에 대하여 영업시간 단축을 허용하지 않는 행위를 금지하는 내용으로 가맹사업법을 개정하였습니다.\xa0\xa0\n이와 더불어 2015년 7월 21일부로 부가통신사업자(VAN사)가 대형 신용카드 가맹점에 리베이트를 지급하는 것을 금지하는 여신전문금융법이 시행되었습니다. 담배 흡연 경고그림 도입 의무화법은 2014년 12월 국회에서 통과되어 1년 6개월의유예기간 후 2016년 12월 23일 시행되었습니다.\'20년 ~ \'21년은 최저임금 인상이 소폭으로 인상 되었지만, \'18년 최저임금 16.4% 상승에 이어, \'19년도에도 10.9%가 인상됨에 따라 현재 가맹점의 인건비 부담이 과중되고\xa0있습니다. 따라서 당사는 최저수입보장 확대 지원, 심야시간 운영점포 전기료 100% 지원, 매출 활성화 솔루션 구축비 투자, 모든 브랜드 편의점 근접 출점 자제, 사회 공익활동 확대 등 경영주와의 상생지원안을 발표하고 실천중에 있습니다.또한 당사는 2019년부터 가맹점 수익 증대 및 안정화를 위해 가맹점 이익 배분율을 상향하는 새로운 가맹계약 타입을 도입하였습니다. 지원금을 직접 지급하는 대신 이익 배분율을 조정하여 가맹점주에게 매출 증가에 대한 동기를 부여하고, 점포의 수익성을 높이는 방안으로 본사와 가맹점의 동반 성장을 위해 노력하고 있습니다.이와 더불어 인력 운영의 질적 개선 및 시스템 자동화를 통한 업무효율화를 더욱 강화해 나갈 것입니다.\xa0\nTV쇼핑 방송프로그램 사업자는 사업을 영위하기 위하여 ""방송법""에 의거 과학기술정보통신부의 승인을 얻어야 하고, TV쇼핑 방송프로그램 사업자는 ""상품소개 및 판매방송 심의에 관한 규정""에 따라 심의 규정을 준수해야 합니다.\n또한 인터넷쇼핑몰 영업을 위해서는 공정거래위원회 소관 ""전자상거래 등에서의 소비자보호에 관한 법률""에 따라 통신판매업 신고 과학기술정보통신부 소관 ""전기통신사업법""에 의거 부가통신사업 신고를 해야 합니다.상품판매와 관련하여 표시광고 및 소비자보호에 있어 표시광고의 공정화에 관한 법률, 전자상거래등에서의 소비자보호에 관한 법률, 대규모유통업법에서의 거래 공정화에 관한 법률, 독점규제 및 공정거래에 관한 법률, 약관의 규제에 관한 법률, 식품위생법, 개인정보보호법, 소비자기본법 등 관련 법규의 제한을 받고 있습니다.\n나. 코로나19로\xa0인한 업태별 영향\'20년 신종코로나바이러스감염증(코로나19) 확산에 따라 사회적 거리두기, 재택근무등이 시행되며 고객들의 생활/소비패턴에도 영향을 미쳤습니다.편의점의 경우 코로나19\xa0장기화로 인한 재택근무 증가, 학교 등교 제한, 관광지 상권의 객수 감소 영향 등 매출이 회복되고 있지 않습니다.  수퍼 상품의 대부분은 식료품 및 생활용품 등 필수재로 구성되어 있으며, 코로나19 초기에는 경기침체에도 불구하고 비교적 안정적인 매출을 기록하였습니다. 하지만 코로나19가 장기화되면서 소비패턴이 온라인 주문으로 변화되면서 최근 수퍼 매출에 영향을 미치고 있습니다.또한, 코로나19의 전세계적인 확산에 따른 외국인 입국 제한, 여행 수요 감소, 컨벤션 및 연회 행사 취소 등으로 호텔 투숙률이 급감하였습니다. 해외 여행 금지/국가간 이동제한 등 조치가 지속되며 호텔 부문에 악영향을 미치고 있습니다. 홈쇼핑의 경우, 코로나 첫해에는 컨택트 소비가 줄어 들고 언택트 소비가 증가하면서, 당사를 비롯한 모든 온라인 쇼핑 사업자들의 매출이 크게 증가 하였습니다.\xa0판매 상품군에서\xa0여행상품은 거의 매출이 발생하지 않았고, 기존 의류와 이미용의 수요가 줄어들고, 건강식품 및 일반식품의 수요가 크게 증가하였고, 주방용품 등 생활용품의 수요가 증가하였습니다. 그러나, 2021년의 경우 코로나 확진자수 증가에도 불구하고, 백신 보급 및 전년도(2020년) 매출 증가에 따른 영향(기고효과) 등으로, 언택트 소비가 크게 증가하지 않는 추세입니다.다. 업계별 현황\n□\xa0편의점(Convenience Store)\n1) 산업의 특성편의점이란 그 명칭 그대로 ""고객에게 편의(convenience)를 제공함을 목적으로 하는 소형 소매점""으로 정의되는데, 여기에서 편의란 수퍼마켓이나 대규모소매점, 전문점 등 기존의 소매업태에서는 제공할 수 없는 4가지 편리함, 즉 ① 쇼핑시간의 편리함(24시간 연중무휴), ② 쇼핑장소의 편리함(근거리 위치), ③ 쇼핑의 상품적 편리함(간편식품, 일용 잡화류 등 다품종 소량판매), ④ 각종 생활서비스 제공의 편리함(공공요금 수납, ATM기 등)을 일컫습니다. 편의점은 이와 같은 각종 편의를 제공하기 위하여 주로 역 주변, 도로변 등 이용하기 편리한 곳에 입점하여 연중무휴 24시간 영업체제로 생필품을 판매하기 때문에 맞벌이 부부, 1인가구 등 목적구매의 성향이 두드러진 고객을 겨냥하여 운영되는 소매업태입니다.\n편의점은 기존 시장기능의 불충분성을 보완하고자 태동한 소매업태로서, 다양한 상품구색을 갖추나 잘 팔리는 상품위주로 압축 판매하고, 프레쉬푸드와 생활서비스상품(공공요금수납 등) 또한 취급하며, 보통 프랜차이즈 체인 방식으로 운영되는 등 기존 대규모 소매점이나 전문점, 수퍼마켓 등과는 다른 특징을 지니고 있습니다.\n2) 산업의 성장성2020년 편의점 시장의 총 매출 규모는 전년대비 2.4% 성장한 약 26.7조원으로 추정됩니다.\xa0코로나19 확산에 따른 경기악화, 소비부진의 영향 등으로 소매업 전반이 어려움을 겪은 가운데 대형마트, SSM 등 주요 오프라인 업태는 성장이 미미했던 반면, 편의점은 상대적으로 안정적인 성장률을 기록하였습니다.\n연도\n점포수\n매출액\n실적(개)\n성장률\n실적(조원)\n성장률\n2016\n33,000\n13.8%\n20.3\n18.2%\n2017\n39,300\n19.1%\n23.0\n13.3%\n2018\n42,000\n6.9%\n25.0\n8.7%\n2019\n44,500\n6.0%\n26.1\n4.4%\n2020\n47,500\n6.7%\n26.7\n2.4%\n(출처: 산업통상자원부, 회사추정치)이처럼 편의점 업계의 성장 요인은 다양한 포맷의 특화 점포 개발, 간편식/HMR 강화 를 통한 편의점의 food점化 등 소비트렌드 변화에 대한 적절한 대응 때문입니다. 또한, 다른 자영업종에 비해 적은 투자비로 사업 안정성을 보장 받을 수 있다는 점에서 창업시장에서 인기를 끌고 있으며, 편의점을 생계형이 아니라 사업 확장의 수단으로 활용하는 사례도 늘어나고 있습니다.한편, 다른 자영업을 운영하다 도산 위험을 직면한 가맹점주들도 상대적으로 사업의 안정성이 보장되는 편의점으로 업종을 바꾸는 사례가 점차 늘고 있습니다. 향후 국내 편의점 시장은 외형 성장이 아니라 기존 가맹점 수익확대에 역량을 집중할 것으로 예상됩니다.\xa0또한, 한국형 모델을 토대로 비대면 일상화 시대에 맞는 다양한 포맷의 편의점을 개발함과 동시에 편의점의 서비스 플랫폼化 및 food점化에도 한층 다가설 것으로 전망됩니다.3) 경기변동의 특성통상 유통업은 경기변동 및 소비심리에 매우 민감하게 반응하나, 편의점 산업은 주로소용량 식품 및 생활필수품 등을 판매함으로써 고가의 상품을 취급하는 타 유통업태보다 상대적으로 경기에 둔감한 편입니다.\xa0\n4) 경쟁요소국내 프랜차이즈 체인 편의점社는\xa0GS25, CU, 세븐일레븐, 이마트24, 미니스톱\xa0등이있습니다. 편의점은 대부분 프랜차이즈 체인으로 운영되는 바, 브랜드의 인지도는 중요 경쟁력 요소 중 하나입니다. 따라서 신규 사업자의 진출이 쉽지 않습니다. 한편, 현재 편의점 시장은 \'3강2중\'의 모습을 보이고 있는데, 상위 3개사의 (GS25, CU, 세븐일레븐) 시장점유율이 지속적으로 높아지고 있습니다. 또한, 신세계그룹의 이마트24와 미니스톱의 4위 경쟁 강도도 높아지고 있습니다.프랜차이즈 산업 특성상 다수의 점포를 운영해야만 수익을 낼 수 있는 구조입니다. 이를 위해서 물류센터, 점포 운영 정보시스템 구축이 필수적으로 선행되어야 하며, 이에 따른 대규모 투자에 따라 소규모 자본으로는 시장 진입이 어렵고, 대형유통업체들이 수십 년 간의 영업 노하우로 시장을 선점하고 있기 때문에 기존 업체의 인수합병을 제외한 신규진입은 어려운 산업입니다. 편의점 산업에서 타사 및 타업태 대비 차별성을 부각시키는 주요 경쟁력은 Merchandising(MD) 역량 확보, 다양한 컨셉의 점포 출점, 서비스 역량 확보, 신규 서비스 상품의 지속적인 개발/도입 등이 있습니다.5) 관련 법령 또는 정부의 규제 등편의점 산업은 프랜차이즈 체인 방식으로 운영됨에 따라 가맹사업자를 위한 소상공인 창업지원제도와 가맹점 운영자에 대한 지원제도 등의 지원이 있으며, 정보공개서 등록제도 등의 규제가 있습니다. 그러나, 가맹점 수요가 늘어나면서 동일 상권 내 경쟁사 편의점들이 중복 출점하는 문제가 발생했고, 가맹점 수익도 악화되기 시작했습니다. 이러한 편의점 업계의 과밀화 해소를 위해, 2018년 7월 25일자 국내 주요 프렌차이즈 편의점 업체가 속해 있는 한국편의점산업협회는 공정거래위원회에 신규 출점시거리제한 관련 내용을 담은 자율규약 제정안을 제출하여 심사를 요청하였습니다. 공정거래위원회는 제출안에 대한 심사를 거쳐, 동년 11월 30일자 소회의를 통해 승인하였고, 이 후 한국편의점산업협회에 속한 편의점 업체는 상기 자율규약의 적용을 받고\xa0 있습니다. 또한, 2018년 4월 3일자 공정거래위원회는 오전0시 또는 오전 1시부터 오전 6시까지의 심야시간대에 3개월 동안 영업손실이 발생한 편의점 가맹점에 대하여 영업시간 단축을 허용하지 않는 행위를 금지하는 내용으로 가맹사업거래의 공정화에 관한 법률(이하 ""가맹사업법"")시행령을 개정하였습니다. 최근 최저임금 상승에 따른\xa0가맹점의 인건비 부담이 가중되고 있습니다. 따라서 당사는 최저수입보장 확대 지원, 심야시간 운영점포 전기료 지원, 매출 활성화 솔루션 구축비 투자, 모든 브랜드 편의점 근접 출점 자제, 사회 공익활동 확대 등 경영주와의 상생지원안을 발표하고 실천 중에 있습니다.또한 당사는 \'19년부터 가맹점 수익 증대 및 안정화를 위해 가맹점 이익 배분율을 상향하는 새로운 가맹계약 타입을 도입하였습니다. 지원금을 직접 지급하는 대신 이익 배분율을 조정하여 가맹점주에게 매출 증가에 대한 동기를 부여하고, 점포의 수익성을 높이는 방안으로 본사와 가맹점의 동반 성장을 위해 노력하고 있습니다.이와 더불어 인력 운영의 질적 개선 및 시스템 자동화를 통한 업무효율화를 더욱 강화해 나갈 것입니다. \n□ 수퍼마켓(Supermarket)\n1) 산업의 특성수퍼마켓이란 편의점과 대형할인점의 중간규모로 주로 식료품과 생활필수품을 판매하는 유통업태의 일종입니다. 대형할인점 등과 같은 대규모 점포와는 달리, 수퍼마켓에 대한 명확한 법적 규정이 없기 때문에 동네 구멍가게부터 대형 기업형 수퍼마켓까지를 통칭하는 포괄적인 의미로 사용되고 있습니다. 최근 이슈가 되고 있는 기업형 수퍼마켓은 유통대기업 등이 체인점 방식으로 운영하는 수퍼마켓으로, SSM(Super Supermarket)으로 칭하기도 합니다. SSM은 일반적으로 대형할인점보다는 작고 자영업자가 운영하는 일반 수퍼마켓보다는 규모가 큰 수퍼마켓을 의미하나 반드시 이와 같지는 않으며, 일반 수퍼마켓의 매장면적이 대부분 660㎡이하인데 반해, SSM의매장면적은 330㎡에서 3,000㎡로 다양하게 나타나고 있습니다. 2010년 개정된 유통산업발전법에서는 SSM을 따로 정의하고 있지는 않으나 매장면적이 3,000㎡ 이하인 대기업 직영 수퍼마켓 또는 대기업 체인 및 프랜차이즈형 수퍼마켓을 준대규모 점포로 규정함으로서 간접적으로 SSM에 대한 정의를 내리고 있습니다.\n1970년대 국내 처음 등장한 수퍼마켓은 근거리 고객을 대상으로 합리적인 가격, 생필품 중심의 상품 구색, 쾌적한 쇼핑환경 제공 등을 강점으로 내세워 소비자들을 유인하여 왔습니다. 할인점에 비해 부지 소요면적이 작고 출점 비용이 적게 들며 소규모 상권에도 입점이 가능해 대형할인점이 수요를 흡수하지 못하는 틈새시장을 공략하고 있습니다.수퍼마켓은 효율적인 상품 공급망을 통해 안전하고 안정적인 상품 가격을 유지하여 국가 소비 경제의 선순환 역할을 담당하고 있습니다. 또한 중소제조업체와 지방의 특산물을 전국적으로 제공할 수 있는 유통경로를 제공하고 있어 지역경제 발전에도 이바지하고 있습니다.2) 산업의 성장성2020년 전체 수퍼마켓 시장규모는 약 40조원으로 추정됩니다. 이중 20개점 이상 점포를 운영하는 SSM의 비중은 2014년부터 정체되어 있습니다.\xa0 \xa0 \xa0 \xa0 \xa0 \xa0 \xa0 \xa0 \xa0 \xa0 \xa0 \xa0 \xa0 \xa0 \xa0 \xa0 \xa0 \xa0 \xa0 \xa0 \xa0 \xa0 \xa0 \xa0 \xa0 \xa0 \xa0 \xa0 \xa0 \xa0 \xa0 \xa0 \xa0 \xa0 \xa0 \xa0 \xa0 \xa0 \xa0 \xa0 \xa0 \xa0 \xa0 \xa0 \xa0 \xa0 \xa0\xa0 (단위:조원)\xa0\n구 분\n2016년\n2017년\n2018년\n2019년\n2020년\n수퍼마켓 전체시장 판매액\n37.8\n38.8\n40.0\n39.2\n40.3\nSSM 판매액\n7.4\n7.5\n7.6\n7.5\n7.1\nSSM 비중\n20%\n19%\n19%\n19%\n18%\n(출처: 산업통상자원부, 통계청, 회사추정치)3) 경기변동의 특성수퍼마켓의 판매 상품 비중은 식품류가 높은 비중을 차지하고 있습니다. 식품류는 경기변동의 영향을 상대적으로 적게 받으나, 비식품류는 소비자 소득 변화, 소비 심리 등에 따라 매출에 영향을 받습니다. 뿐만 아니라, 최근 대체 채널 (온라인 플랫폼 등)의 다양화 추세 역시 매출에 영향을 미치고 있습니다. 4) 경쟁요소수퍼마켓은 대기업 운영, 중소기업 운영, 개인 운영으로 크게 구분됩니다. 여전히 개인 운영 수퍼마켓이 큰 비중을 차지하나, 기업에서 운영하는 수퍼마켓의 비중도 증가하였습니다. 현재 SSM시장은 GS수퍼(GS THE FRESH), 롯데슈퍼, 홈플러스익스프레스, 이마트에브리데이 등 4개 업체와 기타 중소유통업체가 운영하는 다수의 시장참여자로 구성되고 있습니다.\xa0 \xa0\n수퍼마켓 산업이 타 업태 대비 차별성을 부각시키는 주요 경쟁수단은 입지, 가격정책, 규모의 경제, 비용구조의 효율화, Merchandising(MD), 편의시설, 고객서비스 등이 있습니다.하지만, 2013년부터 본격적으로 주말 의무휴업/영업시간 축소 및 신규출점 제한 규제, 온라인 플랫폼과의 경쟁 그리고 소비 침체가 맞물려 고전을 하고 있습니다.따라서 당사 수퍼사업부는 \'19년 말부터 부진점 정리, 본부 집중화, 포장상품 전환 등체인오퍼레이션 체제를 구축하여 수익성 개선 활동을 진행하고 있습니다.또한, 최근 새벽 배송 등 온라인 업체들과의 경쟁이 가속화됨에 따라 온라인 플랫폼 및\xa0배달서비스, 전용 어플리케이션 서비스 등을 지속 강화하여, 당사만의 차별화 전략을 갖추기 위해 노력하고 있습니다.5) 관련 법령 또는 정부의 규제 등\n2000년대 중반 이후, SSM이 대도시를 비롯, 지방 중소도시로 확대되면서 중소유통점들과의 갈등이 확산되었습니다. 이에 중소유통점은 정부와 지자체에 지원 강화와 SSM에 대한 규제 강화를 요구하였고, SSM 측은 오히려 차별적 규제를 완화해 줄 것을 요구하였습니다. 이러한 양측의 대립은 2010년 11월 유통산업발전법(유통법)과 대중소기업상생협력촉진에 관한 법률(상생법) 개정에서 SSM의 개점을 제한하면서 일단락되었으나, 여전히 사회적으로 SSM규제에 대한 찬반 논란은 분분한 상황입니다.유통법은 동네 재래시장을 전통상업보존구역으로 정해 그 경계로부터 1,000m이내에 대규모 점포 또는 준대규모점포가 들어서는 것을 제한(제8조)하고 있습니다. 기존에는 대형할인점과 같은 대규모점포의 입점만을 제한하고 있었으나, 개정안을 통해 준대규모점포의 범위를 지정(제2조)하여 SSM까지도 제한 대상에 포함하였습니다. 지방자치단체는 조례를 제정하여 전통상업보존구역에서의 SSM의 설립을 제한하거나 입점 조건을 부여할 수 있습니다. 지자체 조례의 공통적인 주요 내용으로는 유통기업상생발전협의회 구성 및 운영, 전통상업보존구역 설정, 대규모점포 등의 개설 등록 등입니다. \n상생법은 해당 업종의 중소기업 상당수가 공급하는 물품 또는 용역에 대한 수요를 감소시켜 중소기업의 경영안정에 현저하게 나쁜 영향을 미치거나 미칠 우려가 있다고 인정할 때에는 사업조정신청(제32조)을 할 수 있도록 규정하고 있습니다.\n사업조정제도란 대기업의 사업진출로 당해업종의 상당수 중소기업이 수요의 감소 등으로 경영안정에 피해를 입거나 입을 우려가 있는 경우 대기업 등에게 사업의 인수, 개시 또는 확장의 시기를 연기하거나 생산품목, 생산수량, 생산시설 등을 축소할 것을 권고할 수 있는 제도입니다. 기존에는 대기업 등이 직영 운영하는 경우에만 사업조정신청의 대상이 되었으나, 개정안에서는 체인점포까지도 조정신청대상에 포함함으로써 2010년 12월 이후부터는 가맹형태로 SSM을 개점하더라도 대기업의 지분이 51%를 넘으면 사업조정신청 대상에 포함되었습니다.\n현행 유통산업발전법은 준대규모점포를 개설하려는 자는 영업을 시작하기 30일 전까지 개설 지역 및 시기 등을 포함한 개설계획을 지방자치단체장에게 사전 예고하도록 하고 있습니다. 또한 지방자치단체의 조례를 통해 영업시간 제한 및 의무휴업일을 지정할 수 있도록 하고 있어, 상기 법령에 따라\xa0 대다수의 지방자치단체는 자정부터 오전 10시까지의 영업시간 제한 및 월 2회 의무휴업일 부과를 시행하고 있습니다.또한 공정위는 대규모 유통업 분야에서 판매장려금의 부당성 심사에 관한 지침을 의결하였으며, 동 심사지침은 \'13.10.8 이후 체결되는 판매장려금에 관한 약정부터 적용 되었습니다. 주요 내용은 1)판매장려금 항목은 판매촉진 목적과의 관련성이 있어야 하며, 2)판매장려금은 직매입 거래의 속성상 인정되지 아니하는 행위와 관련되어 수령 되어서는 아니 되며, 3)판매장려금은 대규모유통업자와 납품업자 양자 이익에 균형되게 기여하여야 하며, 4)법령에 규정된 판매장려금 결정절차를 보다 구체화하고 법 위반에 해당될 수 있는 절차사항들을 제시하고 있습니다.\n□ 홈쇼핑\n(1) TV쇼핑\n1) 산업의 특성\n1995년 시작된 케이블TV산업은 현재 약 298여개의 프로그램을 공급하는 209개 프로그램 공급자(PP; Program Provider), 91개의 케이블TV방송국(SO; System Operator), 전송망사업자(NO; Network Operator)로 구성되어 있으며,\xa0현재\xa0케이블TV 시청 가입자는 약\xa01,313만입니다.\xa0 여기에 위성방송 가입자\xa0392만과 IPTV 가입자\xa01,912만을 포함하면 TV쇼핑 프로그램을 시청 가능한 가입자는 총\xa03,616만에\xa0달합니다.\xa0\xa0\xa0 TV쇼핑 회사로는 당사와 CJ ENM, 현대홈쇼핑, 우리홈쇼핑(롯데홈쇼핑), NS쇼핑, 홈앤쇼핑, 아임쇼핑의 총 7개 회사가 현재 영업 중 입니다.최근에는 디지털 방송의 양방향성을 활용한 T커머스 시장이 활성화되고 있으며, 현재 T커머스 사업자로는 당사와 CJ ENM, 현대홈쇼핑,우리홈쇼핑(롯데홈쇼핑), NS쇼핑 등 TV쇼핑 5개사와 KTH 등 비 홈쇼핑 5개사를 포함해 총 10개 사업자가 영업 중입니다.또한, 주요 TV쇼핑 업체들은 국내 시장에서의 영업 노하우와 경험을 바탕으로 적극적인 해외시장 개척을 통하여 외형확대와 수익 다각화를 시도하고 있습니다.\n\xa0\nTV쇼핑은 TV 영상 매체를 이용하여 상품정보를 시청자에게 제공하고 이를 통해 상품을 판매하는 유통 산업입니다. 상품의 특성과 용도에 대한 자세한 설명을 통해 시청자로부터 전화, 인터넷, 모바일로 주문을 받고 엄격한 품질관리를 통과한 상품을 고객이 희망하는 장소까지 배송해줍니다. TV쇼핑 사업을 영위하기 위해서는 전략적인 상품 소싱, 체계적인 물류시스템, 효율적인 고객 데이터 관리와 다양한 서비스 제공이 필수적입니다. TV쇼핑은 유통업 특성상 국내 산업 전반에 미치는 영향이 크며 방송의 특징인 신뢰성과 공익성이 강조되는 산업입니다.\n2) 산업의 성장성TV쇼핑 초기 시장은 비대면 거래라는 한계에도 불구하고 케이블TV 가시청 가구 증가에 힘입어 비약적인 성장을 이루었습니다. 2000년대 중반부터 케이블TV 가입자수가 한계에 이르고 전반적으로 소비심리가 위축되는 환경 속에서도, 홈쇼핑 업체들은 상품과 서비스의 질을 끌어올리는 혁신활동을 통해 지속적인 성장을 이끌어냈습니다.\xa0 특히, 국내 디지털 케이블TV의 보급이 확대됨에 따라 고화질의 쇼핑 방송을 통해 생생한 쇼핑 경험을 제공하게 된 점은 기회 요인으로 작용하고 있습니다. 반면, 개별 TV쇼핑 업체들 간의 경쟁은 더욱 심화되었고, 모바일 미디어의 급속한 성장 이후 TV 시청률이 하락한 것은 TV쇼핑 산업계에게 새로운 도전이 되고 있습니다. 이밖에도 고객들이 모바일 쇼핑으로 점차 이전함에 따라서 시장 성장이 둔화된 모습을 보이고 있습니다.\r\n3) 경기변동의 특성\nTV쇼핑 사업의 계절적 특징은 일반적으로 1년중 연말효과로 4분기가 분기 중 가장 실적이 좋고, 여름휴가 등으로 인해 3분기가 가장 약세입니다.\xa0 다른 유통업과 마찬가지로, TV쇼핑 사업은 경기상황에 따른 소비자의 구매력에 영향을 받을 수도 있으나, 소비심리 변화에 따라 적절한 상품을 선정할 수 있어 그 영향을 최소화 할 수 있습니다.\xa0 또한 특수한 계절적, 사업 환경적 이슈에 따라 매출폭이 변동될 수 있습니다. 최근 코로나19 영향속에서 건강식품 부문의 매출은 크게 증가하였으나, 이미용이나 여행상품 등의 매출은 부진한 상황입니다. 4) 시장여건\n최근 코로나19 영향으로 인한 국내 경제 성장율 부진 등으로 소비심리가 약세인 가운데,\xa0 TV쇼핑 산업은 경쟁 심화 및 시청률 하락 등으로 T커머스 쇼핑을 제외하고는 역신장 하고 있는\xa0 상황입니다.\xa0\n5)\xa0 회사의 경쟁우위요소\nTV쇼핑은 당사만의 시그니처 브랜드/상품 개발, 컨텐츠 제작 및 마케팅/서비스를 통해 차별화된 고객 경험을 제공하고 있습니다. 이를 위해 직매입 고도화, PB개발, 베스트 파트너 Lock In 프로그램 등을 통해 식품/패션/뷰티의 전략 카테고리를 지속 육성하고, 기존의 브랜드 PGM을 고도화 하는 컨텐츠의 브랜딩화 및 새로운 포맷의 고객向 컨텐츠를 개발하며, VIP 전담 마케팅/서비스 제공 및 선물하기/SNS마케팅 등 고객 경험을 제고하는 서비스를 확대하고 있습니다. 또한 멀티 물류센터 운영을 통해 배송서비스도 한층 더 업그레이드 하였습니다.\n\xa0\n\xa0\n(2)\xa0모바일/인터넷 쇼핑\n1) 산업의 특성\r\n\xa0모바일/인터넷 쇼핑이란 모바일, 컴퓨터 등 정보통신기기를 통하여 재화나 용역을 판매하고 구매하는 활동을 말합니다. 고객의 입장에서는, 시공의 제약 없이 언제 어디서나 다양한 상품정보를 얻을 수 있을 뿐만 아니라 가격 비교까지 손쉽게 할 수 있으며, 주문부터 배송까지 원스톱으로 진행되어 쇼핑의 편리함을 누릴 수 있습니다. 또한 오프라인 매장과 비교하여 저렴한 가격은 가장 큰 매력입니다. 이런 장점들로 인해 1990년대 중반 인터넷 쇼핑, 2000년대 중반 모바일 쇼핑이 처음 등장한 이후 시장규모는 꾸준히 증가하고 있습니다.  인터넷 쇼핑 시장은 다수의 온라인 쇼핑 전문기업은 물론, 백화점과 할인점 등 오프라인 유통업체, GS샵을 필두로 한 홈쇼핑 회사 등이 함께 경쟁하고 있습니다. 이와 함께 2000년대 초반 가격경쟁력을 앞세운 옥션, G마켓, 11번가와 같은 오픈마켓 회사들의 성장세가 지속되었습니다. 2010년 이후에는 쿠팡, 위메프, 티몬 등의 회사 성장세가 두드러졌고, 쿠팡이 2018년 투자유치에 성공하여 공격적인 마케팅을 유지하고 있으며, 최근 코로나19 영향으로 생필품\xa0 상품 매출을 중심으로 외형성장을 키우고 있는 상황입니다. 또한, 네이버 및 카카오와 같은 인터넷 포털 회사가 시장 영향력을 바탕으로 네이버페이와 카카오페이 등 결제 수단을 앞세워 상품중개를 활발히 하며 그 영향력을\xa0 키워가고 있습니다. 2) 산업의 성장성\n\xa01990년대 중반 형성되기 시작한 인터넷쇼핑 시장은 그간 꾸준한 성장세를 보여왔습니다.\xa0 통계청 자료(온라인 쇼핑 동향)에 의하면, 인터넷 쇼핑을 통한 연간 거래액은 2002년 6.0조원에서, 2006년 13.5조원, 2010년 25.2조원, 2015년 54조원, 2019년 135조원,\xa02020년 159조원,\xa02021년\xa08월 누적 123.4조원으로\xa0 매년 큰 폭의 성장을 하고 있습니다.\xa0 2000년대 후반부터 스마트폰의 확산에 따라 시작된 모바일쇼핑은 오픈마켓을 중심으로 급격한 성장세를 보이고 있습니다. 통계청의 온라인 쇼핑동향 자료에 의하면, 2010년 0.3조원, 2012년 1.8조원, 2015년 24조원, 2019년 87조원, 2020년 127조원,\xa02021년 8월 누적 87.7조원으로\xa0시장규모가 대폭 성장하고 있습니다.\r\n3) 경기변동의 특성\n\xa0모바일/인터넷 쇼핑 시장은 경기 상황에 따른 소비자의 소비 심리에 따라 영향을 받을 수 있으나, 타 오프라인 유통채널 대비 가격경쟁력으로 경기변동에 대처가 가능합니다.\xa0\n4) 시장여건\n\xa0국내 인터넷 쇼핑시장은 2009년 6월 미국 이베이가 G마켓을 인수하면서 옥션과\xa0\xa0 함께 오픈마켓 시장에서\xa0 11번가와 경쟁하고 있습니다. 최근에는 쿠팡과 같은 회사들이 공격적으로 외형을 키워나가고 있습니다. 당사와 CJ ENM 등의 홈쇼핑 계열 종합몰, 롯데닷컴 등의 백화점 계열의 종합몰, 인터파크 등의 순수 온라인 계열의 종합몰과 기타 전문몰 등도 함께 경쟁하고 있습니다. 모바일 쇼핑 시장은 스마트폰 등 모바일 기기의 발전 및 보급화에 힘입어 모바일에 적합한 쇼핑 환경을 구축한 쿠팡 등의\xa0 회사들이 급격하게 성장하고 있습니다. 당사는 TV쇼핑과 인터넷 및 모바일 채널 간 시너지 강화 활동, 차별화된 상품 소싱, 합리적 가격 및 고객 중심적인 쇼핑 환경 구축 등을 바탕으로 고객만족을 위한 고급화, 차별화된 고객 서비스를 통해 경쟁력을 강화하고 있습니다.\n5) 회사의 경쟁우위요소<모바일쇼핑/ 인터넷 쇼핑>\r\n\xa0\n당사의 강점인 방송상품과 Brand 상품을 중심으로한 상품 차별화를 바탕으로 모바일커머스 성장 전략을 수행하고 있습니다.\n당사는 매출 확대 및 고객 활성화를 위하여 다음과 같은 활동을 하고 있습니다.\n-. Brand社와 Relationship 강화를 통한 상품 차별화 진행\n-. 고객 Engagement 향상을 위한 멤버십 서비스 등 마케팅 활동 진행\n-. 고객 Context에 맞는 상품 큐레이션을 통한 고객 활동성 증대\n-. 데이터에 기반한 영업 활동 분석 및 판매 활동 전개\xa0\n앞으로도 모바일 쇼핑에 적합한 판매방식 및 상품 차별화를 강화하고, 고객 관점의 개인화된 서비스 및 관계지향 마케팅 활동을 확대할 예정입니다.\n□ 부동산 개발사업1) 산업의 특징 부동산 산업은 토지 확보 후 개발을 기획하여 실물자산 건축 후 영업 또는 매각을 하는 산업입니다. 오피스, 리테일, 물류센터, 호텔 등의 수익형 부동산과 주거시설 등을 개발할 수 있으며, 개발 단계에서는 안정적인 사업을 위해 펀드, 리츠, PFV 등 특수목적회사를 설립하여 개발하기도 합니다.2) 산업의 성장성 부동산 산업은 용도별로 다양한 성장 추이를 보이고 있습니다. 아파트 등 주거시설은 지속적인 수요와 공급의 증가를 보이고 있으며, 최근에는 노후화된 주거시설을 재개발함으로써 부동산의 부가가치를 상승시키고 있습니다. 상업시설의 경우 대형 상업시설이 시장을 주도하고 있으며, 코로나19 이후에는 온라인 시장의 발달과 언택트 비즈니스가 주목받으며 온라인 물류센터와 데이터센터의 수요 및 성장세가 급증하고 있습니다.\xa0뿐만 아니라 최근 기준금리 인하로 대출금리 등 금융 비용이 감소하고 시장의 유동성이 풍부하여 실물자산인 부동산이 투자자들의 투자처로 각광받고 있는 것도 산업의 발달에 긍정적 영향을 주고 있습니다.\r\n3) 경기변동의 특성부동산 산업은 경제상황, 정부의 정책, 금융 환경 등에 직접적인 영향을 받는 산업입니다.4) 경쟁우위요소\xa0\n\xa0GS리테일은 개발 기획, Project Management/인허가, MD기획, 상업시설 운영, 자산관리 및 매각 등 부동산 개발 전 영역 업무를 수행합니다. 복합상업, 주거, 물류, 호텔 등 다양한 용도의 부동산 개발 경험을 바탕으로 재무적, 전략적 파트너들과의 네트워크 및 높은 신용도의 경쟁력을 보유하고 있습니다. 또한 당사의 유통 플랫폼 운영 경험과 지하철 역사, 병원 부속, 종합 쇼핑몰 등의 다양한 상업시설 운영 Know-how를 통해 부동산 산업에서 성장하고 있습니다.\n□ 호텔업\n1) 산업의 특성호텔산업은 경제성장에 따른 부의 확대와 국제교류 증가에 따라 성장하는 대표적인 서비스 업종의 하나로서, 고부가가치 산업이며 고용효과가 큰 자본집약적 산업입니다. 반면 매출 규모에 비해 초기 시설투자 자금과 자본적 지출 규모가 큰 산업으로 타산업 대비 총자산회전율이 낮으며, 이에 따른 감가상각비 부담으로 다소 낮은 수준의영업이익률을 실현합니다.2) 산업의 성장성2010년대 이후, 중국인의 소득수준 향상에 따른 여행객수의 증가와 한류 열풍으로 외래 방문객이 증가하였으며, 호텔산업에 우호적인 정부 정책 등 긍정적인 영업환경이 지속되었습니다. 허나, 2020년 신종코로나바이러스감염증(코로나19)의 세계적인 확산으로 외국인 입국 제한,\xa0여행 수요 감소, 컨벤션 및 연회 행사 취소 등으로 호텔 투숙률이 급감하는 모습을 보였습니다.\xa0코로나19 사태가 장기적으로 지속된다면\'21년 호텔 산업의 성장성은 제한될 가능성이 있습니다.3) 경기변동의 특성호텔산업은 소득수준의 변화, 환율, 경제상황 등 여행수요에 영향을 미치는 국내외 경기변동에 직간접적으로 영향을 받고 있습니다. 국내외 환경변화에 따라 수요의 변화가 발생할 수 있으며, 국가간 이동제한 등 글로벌 이슈에 민감하게 반응할 수 있습니다. 2020년 신종코로나바이러스감염증(코로나19)로 인한 해외 여행 금지, 국가간 이동제한 등으로 관광객이 급감하면서 외국인 관광객 의존도가 높은 호텔업이 심각한 피해를 입고 있습니다. 코로나19 사태가 장기화 되면서 코로나19 대응 메뉴얼 및 위생관리를 철저하게 하고 있지만, 코로나19로 인한 불안감으로 인한 시장 침체는 장기화 될 수 있습니다.\n4) 경쟁우위요소호텔산업의 경쟁요인은 서비스, 시설, 위치라고 할 수 있습니다. 입지상의 강점과 차별적인 영업전략 및 우수한 대외인지도를 바탕으로 확고한 수요기반을 확보하고, 지속적인 개보수 추진, 서비스 품질 향상 노력, 경영효율화 등을 통해 경쟁력을 키워나가고 있습니다. 또한 다양해지는 고객 Needs에 부합하기 위해 명동 관광특구 내 나인트리 비즈니스 호텔을 운영하고 있습니다. 뿐만 아니라, \'16.8월 완공된 파르나스타워는 글로벌 규격의 프라임 오피스 및 현대적인 쇼핑몰 아케이드가 결합된 복합타워로써 강남 업무 지구의 새로운 랜드마크 빌딩으로 위상을 높이고 있습니다. 또한,\xa0\'20년 1월부터 약 11개월 간 진행한 그랜드 인터컨티넨탈 서울 파르나스호텔은 객실 레노베이션을 완료하고 \'20년 12월 재개관하였습니다.\xa0레노베이션을 통해 호텔 경쟁력을 강화하고, 럭셔리 호텔의 독자적인 브랜드 이미지 구축을 통해 한 단계 더 성장하는 파르나스 호텔을 기대할 수 있습니다.\n라.\xa0영업의 개황\n당사는 1971년 전선/케이블 판매업 중심의 금성전공㈜ 설립 이후 1980년 럭키체인㈜를 흡수합병한 이래 편의점, 수퍼마켓, 단체급식, 빌딩임대 사업을 영위하다 1991년 ㈜LG유통으로 상호를 변경하고, 할인점, 백화점 사업을 개점 후 분리시키는 등 유통 사업 전반에 걸쳐 사업을 확장시켜 나갔습니다. 이후 단체급식 및 빌딩임대사업을분리시키고 2002년 ㈜LG수퍼센타와 ㈜LG백화점을 통합하며 선진 유통구조를 가지는 종합 유통회사로 발돋움하게 되었습니다. 2004년 ㈜LG의 분할에 따라 최대주주가 ㈜GS홀딩스로 변동되었고, 2005년 현재의 ㈜GS리테일로 상호를 변경한 이후에도 편의점, 수퍼마켓, 할인점 및 백화점 사업을 영위하며 국내 선진 유통회사로 자리매김 해왔습니다. 당사는 미래성장 및 국내 선진 유통기업으로의 재도약을 위하여 2010년 할인점, 백화점 사업을 매각하고 편의점 및 수퍼마켓 사업에 역량을 집중하고 있습니다. 또한 2015년에는 파르나스호텔㈜지분 67.56%를 취득하여 관광호텔업도 영위하게 되었으며, 2017년에는 헬스 앤 뷰티 (Health & Beauty) 사업의 경쟁력 강화를 위해 ㈜왓슨스코리아를 합병하였습니다. 2018년에는 물류 경쟁력을 갖추기 위하여 (주)지에스네트웍스를 출범 하였으며, 2020년에는 축산물의 제조, 가공 및 유통 경쟁력 강화를 위해 자회사 (주)후레쉬미트를 설립하였습니다. 2021년에는 온오프라인 사업의 시너지 극대화를 위하여 계열회사인 (주)GS홈쇼핑을 흡수합병하여, TV쇼핑사업 및 온라인 사업을 영위하게 되었습니다.\xa0\n당사의 공시대상 사업부문은 기업회계기준서 제1108호(영업부문)에 따라 다음과같이 구분합니다.\n사업부문\n주요 재화 및 용역\n주요 상표\n편의점\n일반소매용품, 프랜차이즈\nGS25\n수퍼마켓\n가공 및 신선식품\nGS수퍼(GS THE FRESH)\n홈쇼핑\n생활용품, 가전, 이미용, 의류, 식품, 무형상품\nGS SHOP, GS MY SHOP, Shoppy\n개발주)\n부동산 개발\n-\n호텔\n호텔 및 임대\n인터컨티넨탈, 나인트리\n공통 및 기타주)\nLCD TV 광고, 택배주선, 헬스 앤 뷰티 , e-커머스사업 등\nlalavla,GS Fresh 등\n주) 별도의 영업 부문으로 공시되었던 헬스 앤 뷰티 부문은 제50기 3분기부터 기업회계기준서 제 1108호 영업부문의 양적 기준에 따라 공통 및 기타로 분류 하였습니다. 또한, 제50기 반기부터 \'공통 및 기타\' 부문에서 개발사업을 구분하였습니다.\n□\xa0편의점(Convenience Store,브랜드명 : GS25)\n1) 영업개황\n편의점사업부는 1990년 LG25라는 독자개발 브랜드로 출범한 이래 현재까지 편의점시장의 선두자리를 지속적으로 유지해 오고 있으며, 한강 입지 등 특수 상권에서도\xa0 점포를 운영하고 있습니다. 향후 편의점 사업부는 고매출점 중심의 출점과 더불어 Fresh Food, HMR (Home Meal Replacement) 및 차별화 상품 강화 등 소비트렌드 및 인구구조 변화에 적극적 대응을 통한 기존점 매출 활성화, 그리고 가맹점과의 상생경영 확대를 실행해 나갈 예정입니다.2) 시장점유율\'20년\xa0GS25의 운영점포 수는 편의점 전체 운영점의 약 31% 수준으로, 최근 3년간 비슷한 수준을 유지하고 있습니다.\xa0현재 편의점 시장에서는 CU와 당사가 업계 1위를 차지하기 위해 경쟁하고 있으며, 세븐일레븐, 이마트24, 미니스톱과도 경쟁구도에 있습니다.\n3) 시장의 특성과거 편의점의 소비자층은 가격에 대한 민감도는 상대적으로 덜하면서 서비스, 깨끗한 매장 환경, 다양한 간편식, 24시간 영업 등에 대한 니즈와 소비 욕구를 지닌 20~30대였으나 최근 수년간 40대 이상 고객의 비중이 꾸준히 증가하였습니다. 향후에도 고령화의 가속화 및 소비트렌드의 변화로 중장년층 소비자 구성비는 더욱 증가할 것으로 기대됩니다.최근 편의점은 다각화된 소비계층 및 소비트렌드에 맞추어 다양하게 변신하고 있습니다. 주택가에서는 생활밀착형 점포로서 1차 상품(농ㆍ축수산물)의 구색을 강화한 편의점을 출점하고, 도심지에서는 커피 및 카운터 F/F 등을 취급하는 새로운 컨셉의 편의점을 출점하는 것이 그 사례입니다. 최근에는 MZ세대의 주소비 계층 급부상에 대응하여, 플랫폼 서비스 강화 및 스마트 스토어 개발 등을 추진하고 있습니다.\n편의점 사업부의 매출구성비가 가장 높은 상품은 담배로 전체 매출의 약 40%를 차지하고 있습니다. 그 다음으로 음료제품, 과자류, 주류, 즉석먹거리 상품순으로 매출 구성비가 높습니다. 담배의 경우 저마진 상품으로 이익이 많지 않기 때문에 담배를 제외한 여타 상품군의 판매 비중을 늘리는 것이 본사와 가맹점 모두에게 유리합니다. 수요변동의 내적요인으로는 매장 출점수와 상관관계가 가장 크며, 상품의 종류와 수량, 구색 등의 정량적 요인과 상품의 품질, 판매사원의 노하우, 매장서비스 등의 질적요인도 있습니다. 외적요인으로는 유행 및 계층의 변화, 경기적 상황, 소비심리의 고저, 소비트렌드 변화, 기업이미지 등이 주요한 수요의 변동요인입니다.\n□ 수퍼마켓(Supermarket, 브랜드명 : GS수퍼(GS THE FRESH))1) 영업개황수퍼사업부는 2005년 코오롱마트 인수 및 적극적이고 지속적인 우량 점포 출점 전개가속화로 1974년 1호점 개점 이래 업계를 리딩하고 있습니다.수퍼사업부는 일상생활에 필수불가결한 생필품 및 식료품 소매유통업을 영위하고 있고, 중소유통업체와 경쟁관계에 있는 사업부 특성상 영업활동이 정부의 유통산업정책 및 정책방향에 큰 영향을 받습니다. 신규매장 개점 및 주말의무휴업, 영업시간제한 등의 규제가 주요 이슈가 되었습니다. 유통법에 따라 회사는 준대규모 점포의 개설 및 영업에 있어서 전통시장 1,000m 범위 내에 수퍼 점포를 개점하는 데에 제한이있으며, 상생법에 의거하여 회사의 사업 개시ㆍ확장 등이 중소기업의 경영안정에 현저하게 나쁜 영향을 미치거나 미칠 우려가 있다고 인정될 경우 사업 조정 권고를 받을 수 있습니다.향후 수퍼사업부는 경기침체와 신규출점이 제한적인 상황에서 기존점의 수익성 증대를 위한 소용량, 편의성, 식품 전문성 등 MD 역량을 차별화해 나갈 것이며, 신선식품의 선도 강화, 조리식품 및 PB상품을 확대해 나갈 것입니다.2) 시장점유율\'20년 GS수퍼의 운영점포 수는 전체 SSM 운영점의 약 28% 수준으로, 최근 3년간 비슷한 수준을 유지하고 있습니다. 당사의 GS수퍼(GS THE FRESH) 이외에도 롯데슈퍼, 홈플러스익스프레스, 이마트에브리데이 등 대형 유통업체들이 SSM 사업을 운영하고 있습니다.3) 시장의 특성수퍼마켓 사업은 불특정 다수의 최종소비자를 대상으로 하는 소매유통업입니다. 식료품등 생활필수품을 판매하는 업종의 특성상 전국 모든 소비자가 당사의 잠재 고객입니다. 당사의 영업망은 전국에 분포하고 있으며 수도권에 약 60%가 있습니다.수퍼사업부의 주요 고객층은 지역별, 연령별로 집중되는 특성을 보이는데 특히 수도권 중장년 여성이 주요 고객층을 형성하고 있습니다.수퍼사업부에서 판매비중이 가장 큰 식품류는 생활유지에 필수적이고 종류가 다양하기 때문에 외부 요인에 의해 수요가 민감하게 반응하지 않았으나, 최근에는 대체채널(온라인 플랫폼 등) 다양화 및 일반 소비자의 체감경기 악화 등 외부 요인에 영향을 받고 있습니다.□ 홈쇼핑(브랜드명 : GS SHOP, GS MY SHOP, Shoppy)\n1) 영업개황\n\xa0TV쇼핑은 TV 영상 매체를 이용하여 상품정보를 시청자에게 제공하고 이를 통해 상품을 판매하는 유통 산업입니다. 상품의 특성과 용도에 대한 자세한 설명을 통해 시청자로부터 전화, 인터넷, 모바일로 주문을 받고 엄격한 품질관리를 통과한 상품을 고객이 희망하는 장소까지 배송해줍니다. TV쇼핑 사업을 영위하기 위해서는 전략적인 상품 소싱, 체계적인 물류시스템, 효율적인 고객 데이터 관리와 다양한 서비스 제공이 필수적입니다.모바일/인터넷 쇼핑이란 모바일, 컴퓨터 등 정보통신기기를 통하여 재화나 용역을 판매하고 구매하는 활동을 말합니다. 고객의 입장에서는, 시공의 제약 없이 언제 어디서나 다양한 상품정보를 얻을 수 있을 뿐만 아니라 가격 비교까지 손쉽게 할 수 있으며, 주문부터 배송까지 원스톱으로 진행되어 쇼핑의 편리함을 누릴 수 있습니다. 또한 오프라인 매장과 비교하여 저렴한 가격은 가장 큰 매력입니다.2) 시장점유율\n\xa0 \xa0 \xa0 \xa0 \xa0 \xa0 \xa0 \xa0 \xa0 \xa0 \xa0 \xa0 \xa0 \xa0 \xa0 \xa0 \xa0 \xa0 \xa0 \xa0 \xa0 \xa0 \xa0 \xa0 \xa0 \xa0 \xa0 \xa0 \xa0 \xa0 \xa0 \xa0 \xa0 \xa0 \xa0 \xa0 \xa0 \xa0 \xa0 \xa0 \xa0 \xa0 \xa0 \xa0 \xa0 \xa0 \xa0 \xa0 \xa0 \xa0 (단위:억원,%)\n구\xa0 분\n2020년\n2019년\n2018년\nGS리테일 홈쇼핑부문\n44,988\n20.5\n42,822\n20.6\n42,480\n21.1\n롯데홈쇼핑\n45,425\n20.7\n41,371\n19.9\n38,903\n19.4\n현대홈쇼핑\n40,413\n18.4\n39,126\n18.8\n37,208\n18.5\nCJ ENM(쇼핑)\n38,818\n17.7\n40,449\n19.5\n40,171\n20.0\n홈앤쇼핑\n25,131\n11.4\n23,254\n11.2\n22,431\n11.2\nNS쇼핑\n15,155\n6.9\n13,558\n6.5\n13,406\n6.6\n공영홈쇼핑\n9,642\n4.4\n7,156\n3.4\n6,372\n3.2\n주1) 상기 자료는 각사 별도기준 취급액 실적/ 한국온라인쇼핑협회(KOLSA) 자료 및\xa0 \xa0 \xa0\xa0 내부추정자료 입니다.주2) CJ ENM은 홈쇼핑사업 부문만 표시 하였습니다.\n3) 시장의 특성최근 코로나19 영향으로 인한 국내 경제 성장율 부진 등으로 소비심리가 약세인 가운데,\xa0 TV쇼핑 산업은 경쟁 심화 및 시청률 하락 등으로 T커머스 쇼핑을 제외하고는 역신장 하고 있는\xa0 상황입니다.\xa0\n모바일 쇼핑 시장은 스마트폰 등 모바일 기기의 발전 및 보급화에 힘입어 모바일에 적합한 쇼핑 환경을 구축한 쿠팡 등의\xa0 회사들이 급격하게 성장하고 있습니다. 당사는 TV쇼핑과 인터넷 및 모바일 채널 간 시너지 강화 활동, 차별화된 상품 소싱, 합리적 가격 및 고객 중심적인 쇼핑 환경 구축 등을 바탕으로 고객만족을 위한 고급화, 차별화된 고객 서비스를 통해 경쟁력을 강화하고 있습니다.□ 부동산 개발사업1) 영업 개황 당사는 부동산개발과 상업시설 운영을 전문으로 하는 개발사업을 영위하고 있습니다. 개발 기획, 인허가,\xa0 MD기획, 상업시설 운영, 자산관리 및 매각 등 부동산 全 영역에서 업무를 수행하고 있으며, 광범위한 영역의 부동산 개발ㆍ운영 경험과 상업시설 노하우 등 시장과 차별화된 핵심 역량을 보유하고 있습니다.또한 높은 신용도를 기반으로 수도권 및 주요 대도시 핵심상권을 주요 시장으로 선점하여 개발을 수행하고 있으며,\xa0\'21년 3분기 작성기준일 기준 운영ㆍ개발 중인\xa0사업장은 51개입니다.2) 사업의 전망당사는 편의점 및 수퍼 등 소매업 점포 개발 및 운영에 대한 경험이 풍부합니다. 당사의 점포 개발 및 운영에 대한 축적된 노하우가\xa0 부동산 개발사업에 강점으로 작용할 수 있다는 판단하에 개발사업의 추진이 시작되었으며, 내부 자산에 대한 개발경험을 토대로 현재는 다양한 형태의 신규입지를 확보하여 사업기반을 구축하였습니다. 저금리로 시장 유동성이 증가하고 복합문화공간 등 새로운 상업공간 개발 시도가 확산되는 등 부동산 간접투자에 대한 수요는 지속적으로 증가할 것으로 예상됩니다. □ 파르나스호텔㈜ - 주요종속회사 (브랜드명: 인터컨티넨탈) 1) 영업 개황호텔은 일반적으로 일정한 지불 능력이 있는 여행자에게 객실, 식음료 및 기타 서비스상품을 제공하고 그에 대한 대가를 받는 상업시설을 가르킵니다. 우리나라 관광진흥법에서는 \'관광객의 숙박에 적합한 시설을 갖추어 이를 관광객에게 제공하거나 숙박에 딸리는 음식.운동.오락.휴양.공연 또는 연수에 적합한 시설 등을 함께 갖추어 이를 이용하게 하는 업\'으로 정의하고 있습니다. 주요 종속회사인 파르나스호텔㈜은 서울 삼성역 인근에 2개의 특1급 호텔(그랜드 인터컨티넨탈 서울 파르나스, 인터컨티넨탈 서울 코엑스) 및 비즈니스 호텔(나인트리)을 운영하고 있습니다.2) 사업의 전망\n88서울올림픽, 제3차 ASEM 서울 회의, 2002년 한일월드컵, G20 Seoul Summit 2010, 2012서울 핵안보정상회의 등 국제행사 본부호텔로서 뿐 아니라 대규모 국제행사를 성공적으로 치러 내면서 월드트래블 어워드에서 \'한국을 대표하는 호텔\', \'한국 CEO가 가장 선호하는 호텔\'로 선정되었으며, 브랜드 어워드에서 \'럭셔리 호텔\' 부문을 수상하며 그 위상을 인정받고 있습니다. \n또한 품질경영에도 앞장서 아태지역 특급 호텔 최초로 TQCSI(Total Quality Certification Services International Pty. Ltd)로부터 위해요소중점관리기준(HACCP) 인증을 받아 유지하고 있으며, 한국서비스품질지수(KS-SQI) 호텔 부문 5년 연속 1위, 세계적인 환경벤치마킹시스템\'EarthCheck\'에서 실버 레벨을 3년 연속 획득하며 글로벌 환경 기업의 리더로 모범을 보이고 있습니다.\n강남의 호텔 랜드마크로서 CEO가 가장 선호하는 호텔이라는 명성을 얻고 있는 그랜드 인터컨티넨탈 서울 파르나스 및 인터컨티넨탈 서울 코엑스는 20년간 축적한 노하우를 토대로 책임경영체제를 구축하여 시너지를 창출하고 있습니다. 또한 2016년 8월에는 파르나스타워 준공, 2020년 1월에는 나인트리호텔 4호점을 개장하며 사업을 확장하였습니다.파르나스타워는 글로벌 규격의 프라임 오피스 및 현대적인 쇼핑몰 아케이드가 결합된 복합타워로서 강남 업무지구의 새로운 랜드마크 빌딩이 되는 동시에 대표적인 호텔전문기업으로서 회사의 기업가치를 높이고 있습니다.또한 2020년 1월부터 약 11개월 간의 그랜드 인터컨티넨탈 서울 파르나스호텔의 객실 레노베이션 공사를 마무리하고 \'20년 12월 재개관하였으며, 이를 통해 럭셔리 호텔의 고급화 이미지를 구축하고, 호텔 경쟁력을 높여 한 단계 더 성장하는 호텔이 될\xa0것으로 기대되고 있습니다.하지만, 2020년 신종코로나바이러스감염증(코로나19)로 인한 해외 여행 금지, 국가간 이동제한 등으로 관광객이 급감하면서 외국인 관광객 의존도가 높은 호텔업이 심각한 피해를 입고 있습니다. 코로나19 사태가 장기화 되면서 코로나19 대응 메뉴얼 및 위생관리를 철저하게 하고 있지만, 코로나로 인한 불안감으로 인한 시장 침체는 장기화 될 수 있습니다.□ ㈜지에스네트웍스 - 주요종속회사1) 영업 개황물류 시장은 1-2인 가구 증가, 온라인 쇼핑의 생활화 등으로 지난 10년간 지속 성장을 거듭해 왔습니다. 국내 육상운송업 및 창고ㆍ운송 관련 서비스업 시장은\xa0\'20년 기준 약 100조원 규모로 향후에도 고성장할 것으로 예상됩니다.당사는 물류산업의 전략적 중요성 증가에 따라, 기업의 핵심 경쟁력을 확보하고 최상의 서비스를 제공하기 위하여 \'18년 1월 물류 전문 자회사인 ㈜지에스네트웍스를 설립하였습니다. ㈜지에스네트웍스는 성장을 위한 기반 시설 확충 및 사업 경쟁력 확보를 위해 \'19년 유상증자를 실시하였습니다. 해당 유상증자에 당사는 현금 및 현물출자 방식으로 참여하였습니다. 자세한 내용은 \'18.12.20 공시된 \'특수관계인에 대한 출자\', \'19.12.23일 공시된 \'타법인주식및출자증권취득결정\' 등을 참고하시기 바랍니다. 또한 \'20.7.1일 당사의 물류 전문 자회사인 ㈜지에스네트웍스는 택배주선업 자회사인 CVSnet㈜를 흡수합병하였습니다. 합병 이후\xa0 당사의 지분율은 99.2% 입니다. 본 합병 이후 ㈜GS네트웍스는 합병 시너지를 활용한 물류센터 운영체계 고도화, 수익모델 다각화를 통해 온/오프라인 종합 물류 플랫폼 운영社 로써의 성장을 기대할 수 있습니다. 합병에 대한 자세한 사항은 \'20.4.27일 ㈜GS네트웍스와 CVSnet㈜가 공시한 ""회사합병결정""을 참고하시기 바랍니다.2) 사업의 전망물류산업은 차량 수급, 인력 등의 확보가 사업의 안정적 운영에 중요한 요소입니다. 이러한 확보를 근간으로 시설ㆍ장비ㆍ인력ㆍ조직ㆍ정보망 등을 연계하여 물류공동화를 확립하는 등 물류체계의 혁신을 통해 효율성 및 안정성을 지속 발전시켜 나아가는 것이 물류 사업의 주된 과제입니다.㈜지에스네트웍스는 기존 2자 물류 영업을 통해 축적한 노하우를 바탕으로 기존 Cost Center에서 Profit Center로의 전환, 본격적인 3PL 확대 및 채널다각화 등을 통한 물류 전문 기업 달성을 목표로 하고 있습니다. 구체적으로 기존 수익 활동인 보관/회송 물류, 연계/통합 배송 등 효율화를 통한 수익개선을 실현하고 있으며, 택배, 온라인, 수ㆍ출입업, 신사업 등 진출을 통한 시너지 강화 및 수익 창출을 위해 노력하고 있습니다.특히 1~2인 가구의 증가, MZ세대의 주소비계층으로의 부상 등 다양한 사회적 변화로 온라인 유통시장의 중요성이 증가하고 있습니다. ㈜지에스네트웍스는 물류전문기업으로써 시장 변화에 능동적으로 대응하고, 지속적인 물류의 혁신 및 최상의 서비스를 제공할 것입니다.□ 지에스파크이십사(주) - 주요종속회사1) 영업 개황\n\xa0 \xa0 지에스파크이십사(주)는 2006.3월에 설립되어 국내 최초로 주차장 브랜드 ""GS타임즈""를 런칭하여 국내 주차장 운영시장에 무인주차 시스템 도입을 선도해 왔습니다.유인으로 운영되던 국내 주차장은 장비의 발전과 함께 빠르게 무인화로 전환되었으며, 운영 장비도 주차권 발권 형태에서 번호 인식시스템으로 발전하고 있습니다.\xa0\xa0 \xa0 최근 주차장 운영 시장은\xa0 코로나 펜더믹의 영향을 직접적으로 받고 있어 업계 전체가\xa0매출감소로 인한\xa0 어려움을 겪고 있는 상황입니다.\xa0 이러한 가운데서도 당사는 전년 동기 대비 운영 주차장 수를 108% 증가하였으며 이를 통해 매출도 향상되고 있으며, 카셰어링, 모바일플랫폼과의 제휴도 확대하고 있습니다.2) 사업의 전망\n\xa0\xa0  주차장 운영시장은 모바일 예약, 결제 등의 플랫폼 서비스가 결합되면서\xa0 그 범위를 확대하고 있습니다. 장비제조사, 건물관리회사, 주차장 운영 전문 업체가 경쟁하던 시장에 플랫폼 업체가 진입하면서 시장의 판도가 변화하고 있습니다.\xa0 \xa0 주차장 시장은 플랫폼 업체, 장비제조사, 운영사들의 전략적 제휴가 활발해지고 있으며, 고객에게 보다 손쉽게 노출되면서 위치 검색, 예약, 주차, 편리한 결제 서비스 및 세차, 경정비, 택배 수령 등의 부가적인 서비스까지 제공하는 종합 서비스 산업으로 발전하고 있습니다.\xa0\xa0 이에 발맞추어 당사도 운영 주차장의 증가를 통한 오프라인 거점 확보와 플랫폼 업체와의 다양한 제휴를 통해 종합적인 서비스를 제공할 수 있도록 노력하고 있으며, 지속적인 발전을 통해 주차장 시장을 선도해 나갈 것입니다.\n□ 공통 및 기타1) e-커머스사업(GS Fresh)당사는 온라인시장 성장에 따라 e-커머스 관련 사업을 운영하고 있습니다. 편의점, 수퍼 등 오프라인 플랫폼의 다양한 상품들을 모바일 어플리케이션 \'GS Fresh Mall\' 및 인터넷 홈페이지(http://gsfresh.com)를 통해 고객들이 손쉽게 구매할 수 있도록 제공하고 있으며, 온라인 전용 센터를 운영하고 있습니다.\n또한 \'17년 12월 셰프의 레시피를 쉽게 따라할 수 있도록 조리방법과 손질된 식재료를 제공하는 ""심플리쿡 사업""을 런칭하여 당사의 주력분야인 食문화를 강화하고 있습니다. 2) 헬스 앤 뷰티 (브랜드명: lalavla(랄라블라))① 영업 개황국내 헬스 앤 뷰티 (Health & Beauty) 시장은 의약품을 판매 할 수 없다는 점에서 해외 Drugstore와는 상이한 오프라인 소매업태로 건강기능식품 및 화장품 등을 주력 상품으로 내세우고 있습니다. 당사의 lalavla를 비롯하여 CJ 올리브영 등이 헬스 앤 뷰티 사업을 진행하고 있습니다. 당사는 2018년 10~30대 여성 고객에게 어필하고 새로운 시장 도약을 위해 브랜드명을 ""왓슨스""에서 ""lalavla(랄라블라)""로 변경 하였습니다.② 사업의 전망헬스 앤 뷰티는 K-뷰티,헬스, 웰빙에 대한 관심 확대와 더불어 합리적 소비를 지향하는 현 추세를 반영한 소매업태입니다. 따라서 lalavla는 10~30대 젊은 여성 고객층을 타겟으로 역세권 등 주요 상권에 우량점 확보 및 MD차별화를 통한 독점 브랜드 확보를 가속화할 것입니다. 또한 lalavla는 자사 온라인쇼핑몰을 통해 신규고객 확보에 전력을 다하고 있습니다. 다만, 2020년부터 최근까지 신종코로나바이러스감염증(코로나19)으로 인해 외국인 고객뿐만 아니라, 내국인 객수도 빠지고 있어, 주요 상권을 중심으로 매출이 다소 부진한 모습을 보였습니다.3) 기타 종속회사① ㈜후레쉬서브당사는 2007년 3월 경쟁이 심화되고 있는 사업부인 편의점 GS25의 경쟁력을 확보하고자 F/F상품 제조업체인 ㈜후레쉬서브를 설립하였습니다. 이를 통하여 최근 부각되고 있는 식품의 안정성 보장 및 차별화된 고품질의 F/F를 제공하고자 합니다.\xa0또한\'20년 12월 양념 소스류 개발 전문 회사인 (주)에피스 (주)후레쉬서브와 합병하여\xa0양념 소스류 개발력 확보 및 안정적 공급으로\xa0차별화된 F/F 상품을 제공하여경쟁력을 강화하고자 합니다.② ㈜지에스넷비전당사는 2008년 3월 편의점 경쟁력 확보 및 급성장이 예상되는 옥외 디지털 광고시장에 적극적으로 진출하고자 LCD TV광고 운영사업에 진출하였습니다. 전국의 GS25를 거점으로 차별화된 광고 비즈니스에 집중하고, 점진적으로 부가가치가 높은 새로운 수익 사업으로의 확대를 목표로 하고 있습니다.③ PT. GS Retail Indonesia 당사는 인도네시아에 \'16년 10월 수퍼마켓 1호점 오픈을 시작으로 본\xa0분기보고서\xa0 작성기준일 현재 5개 점포를 운영중에 있습니다.④ (주)어바웃펫당사는 반려용품 상품력 강화 및 온라인 플랫폼 구축을 위해 ㈜어바웃펫의 지분을취득하였습니다. 본 분기보고서 작성기준일 현재 ㈜어바웃펫에 대한 지분율은\xa059.3%입니다.\xa0\'20년 11월 당해 종속회사는 (주)여울 및 (주)옴므를 흡수합병 하였으며 이를 통해 반려용품 사업 강화를 추진하고 있으며,\xa0\'21년 3월 (주)펫츠비에서 (주)어바웃펫으로 상호를 변경 하였습니다.\xa0⑤ ㈜후레쉬미트당사는 축산물의 제조, 가공 및 유통 경쟁력 강화를 위해, 2020년 11월 ㈜하림의 계열사인 ㈜선진과 합작하여, 종합 축산 제조 가공 전문 회사인 ㈜후레쉬미트를 설립하였습니다. 본 분기보고서 작성기준일 현재 ㈜후레쉬미트에 대한 지분율은 51% 입니다. ㈜후레쉬미트는 신선하고 안전한 축산제품을 합리적인 가격으로 고객에게 제공함으로써 경쟁사와 차별화된 고객가치를 전달할 수 있을 것으로 기대하고 있습니다.\n⑥ (주)지에스텔레서비스당사는\xa0국내 대표 홈쇼핑업체인 구 (주)GS홈쇼핑에서 2002년 10월 콜센터 아웃소싱 및 텔레마케팅 시장에 진출하기 위하여 (주)지에스텔레서비스를 설립하였습니다.\xa0\xa0\xa0 TV, 모바일 등 다양한 채널의 주문 및 고객상담응대에 있어\xa0국내 최고 수준의 서비스와 운영스킬을 보유하고 있으며, ALL-IP 기반 차세대 콜 인프라를 구축하며 콜센터 전문 업체로서의 핵심 역량 강화를 지속하고 있습니다.\xa0 \xa0\xa0\xa0⑦ (주)텐바이텐당사는 인터넷/모바일을 중심으로 오프라인까지 다양한 쇼핑 플랫폼을 통하여, 디자인 감성 상품과 감성마케팅 전략을 중점으로 한 디자인 쇼핑몰을 설립하였습니다. 높은 고객로열티와 독창적인 브랜드 이미지를 바탕으로 텐바이텐만의 감성채널 서비스 제공을 통해 경쟁력을 강화하고 있습니다. ⑧ GSL Labs당사는 기존 사업 및 신사업을 위한 Insight 제공 및 Sensing, Design Thinking 기반의 임직원 교육, 미국 현지 투자 자문 및 직접 투자를 위해 2016년 11월 GSL Labs를 설립 하였습니다.마. 사업부문별 주요 재무정보\n(단위: 백만원)\n사업부문\n회사명\n구분\n제51기 3분기(2021년 3분기말)주1)\n제50기(2020년)\n제49기(2019년)\n비고\n금액\n비중\n금액\n비중\n금액\n비중\n편의점\n㈜GS리테일\xa0\n총자산\n1,649,845\n17.59%\n1,818,079\n25.3%\n1,842,779\n26.1%\n-\n매출액\n5,389,158\n75.78%\n6,971,532\n78.7%\n6,856,418\n76.1%\n영업이익\n182,428\n99.79%\n229,182\n90.7%\n256,475\n107.4%\n수퍼마켓\n㈜GS리테일\n총자산\n1,031,029\n10.99%\n1,029,216\n14.3%\n1,060,739\n15.1%\n매출액\n922,304\n12.97%\n1,273,907\n14.4%\n1,475,468\n16.4%\n영업이익\n28,004\n15.32%\n31,525\n12.5%\n-28,916\n-12.1%\n홈쇼핑주2)\n㈜GS리테일\n총자산\n360,753\n3.85%\n-\n-\n-\n-\n매출액\n293,083\n4.12%\n-\n-\n-\n-\n영업이익\n27,859\n15.24%\n-\n-\n-\n-\n헬스 앤 뷰티주3)\n㈜GS리테일\n총자산\n-\n0.00%\n-\n-\n-\n-\n매출액\n-\n0.00%\n-\n-\n-\n-\n영업이익\n-\n0.00%\n-\n-\n-\n-\n개발사업주4)\n㈜GS리테일\n총자산\n1,186,556\n12.65%\n-\n-\n120,334\n1.7%\n매출액\n48,500\n0.68%\n-\n-\n162,781\n1.8%\n영업이익\n23,757\n13.00%\n-\n-\n-15,927\n-6.7%\n호텔\n파르나스호텔㈜피엔에스\n총자산\n2,220,315\n23.68%\n2,145,760\n29.9%\n2,114,579\n30.0%\n주요종속회사\n매출액\n147,220\n2.07%\n165,965\n1.9%\n305,589\n3.4%\n영업이익\n-7,184\n-3.93%\n-17,708\n-7.0%\n63,821\n26.7%\n공통 및기타\n㈜GS리테일㈜후레쉬서브㈜지에스넷비전GS Retail VietnamPT.GS Retail Indonesia㈜지에스네트웍스㈜어바웃펫 등\xa0\r\n총자산\n2,929,623\n31.24%\n1,161,546\n16.2%\n1,911,227\n27.1%\n-\n매출액\n310,887\n4.37%\n353,550\n4.0%\n206,673\n2.3%\n영업이익\n-72,060\n-39.42%\n-57,111\n-22.6%\n-36,617\n-15.3%\n계\n총자산\n9,378,121\n100.00%\n7,177,767\n100.0%\n7,049,658\n100.0%\n-\n매출액\n7,111,152\n100.00%\n8,862,319\n100.0%\n9,006,929\n100.0%\n영업이익\n182,804\n100.00%\n252,567\n100.0%\n238,836\n100.0%\n주1) \'21년 7월 (주)GS리테일이 (주)GS홈쇼핑을 흡수 합병함에 따라, 제51기 3분기말 매출액은 (주)GS홈쇼핑을 포함한 매출액입니다. 제50기, 제49기는 (주)GS홈쇼핑 매출액이 포함되지 않은 합병 전 (주)GS리테일 매출액 입니다.주2) \'21년 7월 (주)GS리테일이 (주)GS홈쇼핑을 흡수 합병함에 따라,\xa0 제 51기 3분기홈쇼핑 부문의 실적은 합병기일(\'21.07.01) 이후부터 반영된 매출액 입니다.주3)\xa0제51기 분기, 제50기 헬스 앤 뷰티 부문은 기업회계기준서 제1108호 영업부문의 양적 기준에 따라 \'공통 및 기타\'로 포함 되어 별도로 구분 표기하지 않았으나, 제49기에는 헬스 앤 뷰티 사업부를 구분 표기 하였습니다.주4) 제51기 분기, 제50기 개발사업 부문은 기업회계기준서 제1108호 영업부문의 양적 기준에 따라 공통 및 기타부문에서 개발사업을 구분 표기하였으나, 제49기에는 개발사업 부문을 별도 표기하지 않았습니다.주5)\xa0\'19.1.1일부로 리스회계기준서(K-IFRS 제1116호)를\xa0적용함에 따라 제51기\xa0분기,\xa0제50기, 제49기 사업부문별 주요 재무정보는 리스회계기준서(K-IFRS 제1116호)를 적용하여 작성하였습니다.바. 신규사업 진행상황당사는 매년 사업계획에 따라 내부 유보자금 및 영업에서 창출된 현금의 대부분을 기존사업 신규점 확장, 기존점 보완 및 미래성장 동력 사업에 사용하고 있습니다.당사는 주력분야인 食문화를 선도하는 플랫폼 사업을 강화하기 위해 \'18년 셰프의 레시피를 쉽게 따라할 수 있도록 조리방법과 손질된 식재료를 제공하는 ""심플리쿡 사업""을 런칭하였습니다.이와 함께 국내 오가닉 시장 경쟁력 확보를 위해 \'18년 7월 미국 온라인 유기농 업체인 \'Thrive market\' 에 지분투자 339억원 및 전략적 제휴를 추진 하였습니다. 또한, 반려용품 상품력 강화 및 온라인 플랫폼 구축을 위해 \'18년 8월부터 (주)펫츠비에 지분 투자를 진행하였습니다. \'21년 3월 (주)펫츠비는 (주)어바웃펫으로 상호를 변경하였으며, 본 분기보고서 작성기준일 현재 (주)어바웃펫에 대한 당사 지분율은\xa0 59.3% 입니다. 또한 다양한 플랫폼 사업 확대를 위해 \'19년 1월 주차장 운영업체인 지에스파크이십사㈜ 지분 50.0%를 취득 하였고 \'21.9월 추가적으로 50.0%의 지분을 취득하였습니다.그리고 \'18.1월 베트남에 Master Franchise 형태의 편의점을 출점하였습니다. 베트남의 소비시장은 급격히 성장하고 있으며 편의점 채널에 우호적인 환경이 조성되어 있습니다. 이에 따라 당사는 차별화된 서비스와 상품개발 노하우를 활용하여 경쟁력을 강화해 나갈 계획입니다. 당사는 Digital Tech 진화, 소비형태 변화 등 급변하는 경영환경에 대응하여 고객의 라이프 스타일을 선도하는 온·오프라인 통합 커머스 플랫폼 기업으로 성장함으로써기업가치 및 주주가치를 제고하고, 급격히 성장하는 온라인 시장의 경쟁력을 강화해 나가기 위하여 2020년 11월 10일 (주)GS홈쇼핑과 합병계약을 체결하였습니다. 합병 후 존속회사는 (주)GS리테일이며, (주)GS홈쇼핑은 합병으로 소멸합니다.\xa0\xa0\'21년 1월 GS25 편의점의 몽골 진출을 위해, 현지 법인인 숀콜라이 그룹 및 그 자회사 APU와 체결한 Joint Venture Agreement에 따라, 합작법인 Digital Concept LLC에 대한 출자를 진행하였습니다. 합작법인에 대한 당사의 지분율은 10% 입니다. 몽골 시장 환경의 특성은 10대 자원 부국으로서, 자원 개발을 통한 경제 성장이 활발하며, 특히 편의점에 적합한 40대 이하 젊은 층의 인구 구성비가 높고, 소매 유통 시장이 지속 성장 중에 있습니다. 당사의 차별화된 역량을 바탕으로 Master Franchise 사업을 추진하여, 로열티 수익을 확보함과 동시에 해외 사업 경쟁력을 지속 강화해\xa0나갈 계획입니다.당사는 본 3분기 작성기준일 이후인 \'21년 10월 퀵-커머스 경쟁에서 경쟁 우위를 차지하고 기존 오프라인 사업과의 시너지를 위해 배달서비스 플랫폼인 요기요의 지분을 30% 인수 하였습니다사.\xa0\xa0벤처투자 현황\n국, 내외 외부환경 및 트렌드의 변화는 당사의 주요사업 영역에 지대한 영향을 미치고 있으며, 시장환경 변화에 따른 기민한 대응과 기존사업 고도화의 필요성이 더욱 강조되고 있습니다. \n이에 당사는 그간 다양한 벤처생태계 파트너사와 직, 간접 투자사로 구성된 투자 플랫폼을 구축/강화해 왔으며, 이를 기반으로 Core 사업과의 시너지, 신사업 개발을 적극적 추진하고 있습니다. 또한 투자사 지원과 GWG (Grow with GS) 행사를 통한 네트워크 강화 활동을 지속적으로 전개하고 있습니다. 당사의 단계별 주요 투자 및 사업개발 활동은 다음과 같습니다. \n[ 단계별 주요 투자 및 사업개발 내용 ]\n투자활동 단계\n주요 활동\n시장 진입 및 탐색\n- 지역 내 대표적인 VC펀드를 통한 지역 거점확보- 주요 VC투자자 간 네트워크 확보 및 시장 이해도 제고\nEco-System 구축\n- 선별적 직접투자를 통한 자체 네트워크 구축- 사업개발 영역 발굴 및 가능성 검증- 투자회사 및 당사 간 협업/시너지 강화- \'GWG (Grow with GS)\' 행사를 통해 투자회사에 대한 역량 및 네트워킹 강화\n사업개발\n- 신사업 방향성 수립 및 연계투자 확대- 지역별 사업파트너 발굴 및 사업개발 본격화- 유망 기업에 대한 지분확대\n[ 당사의 벤처투자 목적 ]\n벤처투자 목적\n국내는 물론 미국, 중국, 동남아시아, MENA 지역의 약 700여개 초기 스타트업 회사에 대한 직/간접 투자를 하였으며 누적 투자금액으로는 약 5,300억원을 집행하였습니다. 주요 투자 카테고리를 보면, 버티컬 커머스, 미디어 콘텐츠, 마케팅 등 당사의 주요사업과 직, 간접적인 영향이 있는 산업은 물론 블록체인, 소셜커머스, 인공지능(AI), 바이오/헬스케어 등 다양한 영역에 대하여 유망 기업에 대한 탐색 및 투자활동을 전개하고 있습니다. \n당사의 주요 투자회사는 다음과 같습니다. \n[ 주요 투자회사 ]\n투자회사명\n주요 사업\n텐바이텐\n디자인문구/라이프스타일 상품 판매\n(주)버즈니\n홈쇼핑 메타서비스 제공업, \'홈쇼핑모아\' 앱 운영\n(주)스포카\n오프라인매장 멤버십서비스 \'도도포인트\' 운영\n(주)헬로마켓\nC2C 중고거래 플랫폼 \'헬로마켓\' 운영\n(주)제로웹\n모바일홈페이지 제작, 오프라인데이터 활용 솔루션 개발\n(주)다노\n다이어트식품 커머스, 모바일 다이어트 코칭서비스 운영\n(주)에이비일팔공\n디지털마케팅 성과분석서비스, \'AirBridge\' B2B제공\nODK Media, Inc.\xa0\n한국 방송컨텐츠 미주지역 스트리밍서비스 제공\n(주)어메이저\n한류 관련 컨텐츠 기반 SNS\n픽스리\n이미지 수집 기술 기반 마케팅툴 개발 (B2B)\n(주)펫프렌즈\n반려동물 용품 배달 서비스\n(주)바램시스템\n반려동물 관련 로봇/CCTV 개발\n(주)두번째\n인테리어 (도배,장판,필름 시공)\n(주)얌테이블\n수산물 가공, 온라인커머스\n(주)쿠캣\n식품 비디오커머스\nLuxstay Pte. Ltd.\n베트남 공유숙박업체\nEyewa Limited\xa0\n중동 Eyewear 온라인커머스\n(주)레페리\n뷰티 콘텐츠 인플루언서 매니지먼트\nEcomobi\n소셜미디어를 통한 상품판매 플랫폼\n(주)프레시지\n밀키트 제작 및 판매\n구하다\n블록체인 기반 품질이력관리 솔루션 및 명품구매 플랫폼\n아.\xa0\xa0지식재산권 보유 현황\n현재 회사가 체결한 지식재산권에 대한 주요 사용계약은 다음과 같습니다.-.\xa0 상표 관리정책 등 지식재산권 보유 관련<상표권 및 디자인권>현재 국내외에 약 798여건의 등록 상표 및 25건의 등록 디자인을 보유 중입니다.<특허권>\n발명의 명칭\xa0\n특허권자\xa0\n등록번호\xa0\n홈쇼핑 데이터 방송의 카테고리별 상품 분류 방법(A method for classifing goods by category of the homeshopping data broadcasting)\xa0\n주식회사 지에스리테일\n10-1232818\n과열방지 온도조절 회로 및 그 방법(OVERHEATING PREVENTIVE TEMPERATURE CONTROL CIRCUIT AND\xa0 THE METHOD)\n주식회사 지에스리테일| 장영숙 | (주)일월\xa0\n10-0920647\n쇼핑몰 서버, 배송업체 서버 및 그 제어 방법(A shopping mall server, a delivery enterprise server and controlling method thereof)\xa0\n주식회사 지에스리테일\n10-1669760\n상품체적정보를 활용한 피킹 방법 및 차량 적재율의 관리시스템\n주식회사 지에스리테일\n10-1136235\n하이브리드 카드와 하이브리드 카드 결제 시스템 및 이의 동작 방법\n주식회사 지에스리테일\n10-1030896\n휴대 단말을 이용한 온라인 상품 관리 방법 및  시스템\n주식회사 지에스리테일\n10-1056290\n과자류 입체 형상 포장 용기 및 이를 이용한  과자류 번들 제품\n주식회사 지에스리테일\n10-1018133\n롤 케이지용 상온 유지 보온 팩\n주식회사 지에스리테일\n10-1272363\n냉장 유통 차량에 사용되는 상온 유지 팩\n주식회사 지에스리테일\n10-1282512\n일회용 도시락 용기\n주식회사 지에스리테일\n10-1636752\nNFC태그를 이용한 편의점용 인쇄 광고 시스템\n주식회사 지에스리테일\n10-1657756\n실시간 가변바코드 및 임시성로그인정보를 이용한 온오프라인 결제시스템\n주식회사 지에스리테일/ 주식회사 해피머니아이엔씨\n10-1675293\n충전권 서비스 시스템\n주식회사 지에스리테일/ 주식회사 해피머니아이엔씨\n10-1762392\n배송박스 적재 자동화 장치\n주식회사 지에스리테일\n10-1772294\n냉온 전환을 위한 로터리식 캠스위치를 구비한  냉장 및 온장 겸용 개방형 쇼케이스\n주식회사 지에스리테일/ 주식회사 크리콤\n10-1892600\n카드 픽업 서비스 제공 방법\n주식회사 지에스리테일\n10-1877175\n편의점 신선식품 예약판매 시스템 및 편의점  신선식품 예약판매 방법\n주식회사 지에스리테일\n10-2083634\n주거래 카드 정보를 이용하여 결제하는 서버 및  클라이언트\n주식회사 지에스리테일\n10-2074443\n덕트 차단판의 중앙 핸들링 앤 슬라이딩 구조를  구비한 냉장 및 온장 겸용 개방형 쇼케이스\n주식회사 지에스리테일/ 주식회사 크리콤\n10-1935425\n모바일 어플리케이션을 이용한 도시락 상품 판매 시스템 및 그 방법\n주식회사 지에스리테일\n10-2173368\n도시락 케이스\n주식회사 지에스리테일\n10-2159063\n데이터베이스의 보안 접근 및 쿼리 수행 방법과  이를 구현하는 서버\n주식회사 지에스리테일\n10-2185555\n<""GS심볼"" 및 ""GS"" 상표 사용 계약>① 계약상대방(상표권자): 주식회사 지에스 (서울시 강남구 역삼동 679)② 계약기간: 2021년 1월 1일부터 2021년 12월 31일까지 1년간 (자동연장)③ 계약의 목적물: ""GS심볼"" 및 ""GS""에 대한 상표권\n④ 계약의 내용: 위 상표권의 사용권 및 재사용권 부여⑤ 계약금액: 사용료 = (매출액-광고선전비) × 0.2%⑥ 대금수수 방법: 매년 6월말과 12월말에 현금으로 지급\n']"
