text
"[""\nIII. 재무에 관한 사항\n1. 요약재무정보\n가. 요약연결 재무정보\n(단위 : 백만원)\n구분\n제22기 반기\n제21기\n제20기\n[유동자산]\n352,940\xa0\n322,300\xa0\n350,494\xa0\n당좌자산\n265,445\xa0\n241,129\xa0\n272,300\xa0\n재고자산\n87,495\xa0\n81,171\xa0\n78,195\xa0\n[매각예정비유동자산]\n-\xa0\n-\xa0\n18,003\xa0\n[비유동자산]\n1,448,140\xa0\n1,438,103\xa0\n1,355,652\xa0\n투자자산\n1,070,723\xa0\n1,083,360\xa0\n1,048,526\xa0\n유형자산\n264,022\xa0\n266,675\xa0\n262,403\xa0\n무형자산\n12,356\xa0\n24,267\xa0\n29,191\xa0\n사용권자산\n76,948\xa0\n40,684\xa0\n-\xa0\n기타비유동자산\n24,090\xa0\n23,116\xa0\n15,531\xa0\n자산총계\n1,801,080\xa0\n1,760,403\xa0\n1,724,149\xa0\n[유동부채]\n732,480\xa0\n494,542\xa0\n288,541\xa0\n[매각예정비유동부채]\n-\xa0\n-\xa0\n1,798\xa0\n[비유동부채]\n222,751\xa0\n379,767\xa0\n568,562\xa0\n부채총계\n955,231\xa0\n874,308\xa0\n858,901\xa0\n[자본금]\n55,086\xa0\n55,086\xa0\n55,086\xa0\n[연결자본잉여금]\n262,015\xa0\n262,015\xa0\n262,015\xa0\n[연결기타자본]\n(27,427)\n(21,376)\n(35,062)\n[연결기타포괄손익누계액]\n(48,749)\n(52,676)\n(56,016)\n[연결이익잉여금]\n604,900\xa0\n643,029\xa0\n639,211\xa0\n[소수주주지분]\n24\xa0\n17\xa0\n14\xa0\n자본총계\n845,849\xa0\n886,095\xa0\n865,248\xa0\n매출액\n292,465\xa0\n798,365\xa0\n886,548\xa0\n영업이익\n(1,765)\n75,418\xa0\n57,949\xa0\n계속사업이익\n(15,624)\n42,471\xa0\n26,315\xa0\n연결총당기순이익\n(15,624)\n41,063\xa0\n13,104\xa0\n지배회사지분순이익\n(15,630)\n41,061\xa0\n13,110\xa0\n소수주주지분순이익\n6\xa0\n2\xa0\n(6)\n주당순이익(원)\n(1,510)\n3,921\xa0\n1,232\xa0\n연결에 포함된 회사수\n8\xa0\n8\xa0\n9\xa0\n주1) [( )는 음(-)의 수치임]\n나. 요약 별도재무정보\n(단위 : 백만원)\n구분\n제22기 반기\n제21기\n제20기\n[유동자산]\n280,727\xa0\n252,612\xa0\n285,440\xa0\n당좌자산\n219,365\xa0\n188,846\xa0\n226,370\xa0\n재고자산\n61,362\xa0\n63,766\xa0\n59,070\xa0\n[비유동자산]\n1,194,028\xa0\n1,171,273\xa0\n1,119,152\xa0\n투자자산\n1,024,383\xa0\n1,030,271\xa0\n1,007,795\xa0\n유형자산\n61,890\xa0\n62,719\xa0\n63,155\xa0\n사용권자산\n63,738\xa0\n26,097\xa0\n무형자산\n11,292\xa0\n23,323\xa0\n28,423\xa0\n기타비유동자산\n32,725\xa0\n28,863\xa0\n19,779\xa0\n자산총계\n1,474,755\xa0\n1,423,885\xa0\n1,404,592\xa0\n[유동부채]\n480,861\xa0\n246,983\xa0\n208,021\xa0\n[비유동부채]\n167,184\xa0\n328,003\xa0\n361,754\xa0\n부채총계\n648,045\xa0\n574,986\xa0\n569,775\xa0\n[자본금]\n55,086\xa0\n55,086\xa0\n55,086\xa0\n[자본잉여금]\n262,015\xa0\n262,015\xa0\n262,015\xa0\n[기타자본]\n(4,240)\n1,811\xa0\n(11,876)\n[기타포괄손익누계액]\n(49,344)\n(52,808)\n(55,356)\n[이익잉여금]\n563,193\xa0\n582,795\xa0\n584,948\xa0\n자본총계\n826,710\xa0\n848,899\xa0\n834,817\xa0\n종속ㆍ관계ㆍ공동기업 투자주식의 평가방법\n원가법지분법\n원가법지분법\n원가법지분법\n매출액\n235,060\xa0\n620,603\xa0\n676,635\xa0\n영업이익\n5,247\xa0\n65,530\xa0\n51,559\xa0\n계속사업이익\n3,159\xa0\n34,380\xa0\n8,369\xa0\n당기순이익\n3,159\xa0\n34,380\xa0\n8,369\xa0\n주당순이익(원)\n305\xa0\n3,283\xa0\n787\xa0\n주1) [( )는 음(-)의 수치임]\n2. 연결재무제표\n연결 재무상태표\n제 22 기 반기말 2020.06.30 현재\n제 21 기말\xa0 \xa0 \xa0 \xa0 2019.12.31 현재\n(단위 : 원)\n\u3000\n제 22 기 반기말\n제 21 기말\n자산\n\u3000\n\u3000\n\u3000유동자산\n352,939,972,902\n322,300,306,463\n\u3000\u3000현금및현금성자산 (주6)\n150,228,270,581\n113,213,849,133\n\u3000\u3000매출채권 (주6,8,26)\n98,518,641,079\n115,772,342,841\n\u3000\u3000리스채권 (주6,15,26)\n604,155,262\n1,173,971,491\n\u3000\u3000기타수취채권 (주6,8,26)\n10,162,680,888\n6,364,724,205\n\u3000\u3000파생상품자산 (주5,6,12)\n2,607,662,585\n270,371,942\n\u3000\u3000재고자산 (주11)\n87,495,258,949\n81,171,466,237\n\u3000\u3000기타자산 (주9)\n3,323,303,558\n4,333,580,614\n\u3000비유동자산\n1,448,140,397,909\n1,438,103,084,333\n\u3000\u3000기타수취채권 (주5,6,8,10)\n18,219,285,286\n17,850,277,741\n\u3000\u3000당기손익-공정가치금융자산 (주5,6,8)\n8,844,216,521\n4,095,895,207\n\u3000\u3000기타포괄손익-공정가치금융자산 (주5,6,8)\n6,621,610,170\n8,212,084,300\n\u3000\u3000파생상품자산 (주5,6,12)\n19,263,391,708\n15,832,589,120\n\u3000\u3000공동기에 대한 투자자산 (주7,13)\n72,696,038,244\n79,089,417,017\n\u3000\u3000관계기업에 대한 투자자산 (주7,13)\n817,097,641,802\n833,515,478,087\n\u3000\u3000유형자산 (주7,14)\n264,021,765,231\n266,675,244,279\n\u3000\u3000사용권자산 (주7,15)\n76,948,363,407\n40,683,860,197\n\u3000\u3000무형자산 (주7,14)\n12,356,199,461\n24,267,329,505\n\u3000\u3000투자부동산 (주7,14)\n146,200,872,132\n142,614,958,838\n\u3000\u3000이연법인세자산\n5,759,117,808\n5,264,029,817\n\u3000\u3000기타비유동자산\n111,896,139\n1,920,225\n\u3000자산총계\n1,801,080,370,811\n1,760,403,390,796\n부채\n\u3000\n\u3000\n\u3000유동부채\n732,479,940,172\n494,541,506,576\n\u3000\u3000매입채무 (주6,26)\n92,407,281,626\n117,638,996,740\n\u3000\u3000기타지급채무 (주6,26)\n31,809,376,034\n33,535,047,158\n\u3000\u3000단기차입금 (주6,18)\n104,501,781,251\n41,326,917,975\n\u3000\u3000유동성사채 (주6,18)\n288,887,306,834\n195,918,352,510\n\u3000\u3000유동성장기차입금 (주6,18)\n186,382,068,738\n79,342,771,026\n\u3000\u3000파생상품부채 (주5,6,12)\n10,193,310\n0\n\u3000\u3000충당부채 (주17)\n705,499,889\n583,356,319\n\u3000\u3000당기법인세부채\n4,828,193,190\n3,791,276,976\n\u3000\u3000리스부채 (주6,15,26)\n18,086,234,075\n15,438,759,127\n\u3000\u3000기타부채 (주9)\n4,862,005,225\n6,966,028,745\n\u3000비유동부채\n222,750,853,088\n379,766,568,650\n\u3000\u3000사채 (주5,6,18)\n58,801,120,707\n151,597,710,447\n\u3000\u3000장기차입금 (주5,6,18)\n34,170,654,340\n138,912,101,484\n\u3000\u3000순확정급여부채 (주16)\n12,521,040,650\n11,611,862,103\n\u3000\u3000충당부채 (주17)\n2,278,259,683\n2,023,039,791\n\u3000\u3000이연법인세부채\n35,429,070,277\n38,193,458,523\n\u3000\u3000기타지급채무 (주5,6)\n1,555,055,542\n1,251,041,402\n\u3000\u3000파생상품부채 (주5,6,12)\n13,466,671,346\n7,639,834,273\n\u3000\u3000리스부채 (주6,15,26)\n61,665,427,249\n25,670,072,082\n\u3000\u3000기타부채\n2,863,553,294\n2,867,448,545\n\u3000부채총계\n955,230,793,260\n874,308,075,226\n자본\n\u3000\n\u3000\n\u3000지배기업 소유주지분\n845,825,086,207\n886,077,855,236\n\u3000\u3000자본금 (주19)\n55,086,180,000\n55,086,180,000\n\u3000\u3000주식발행초과금 (주19)\n262,014,747,501\n262,014,747,501\n\u3000\u3000기타자본 (주19)\n(27,426,592,414)\n(21,375,963,414)\n\u3000\u3000기타포괄손익누계액 (주19)\n(48,748,873,177)\n(52,676,399,416)\n\u3000\u3000이익잉여금\n604,899,624,297\n643,029,290,565\n\u3000비지배지분 (주1)\n24,491,344\n17,460,334\n\u3000자본총계\n845,849,577,551\n886,095,315,570\n자본과부채총계\n1,801,080,370,811\n1,760,403,390,796\n연결 포괄손익계산서\n제 22 기 반기 2020.01.01 부터 2020.06.30 까지\n제 21 기 반기 2019.01.01 부터 2019.06.30 까지\n(단위 : 원)\n\u3000\n제 22 기 반기\n제 21 기 반기\n3개월\n누적\n3개월\n누적\n매출 및 지분법손익 (주7,26,27)\n112,960,200,701\n292,464,514,321\n196,213,633,360\n391,116,327,344\n\u3000재화의 판매\n94,254,705,834\n203,259,000,234\n133,388,335,172\n254,769,904,217\n\u3000용역의 제공\n40,351,092,812\n93,625,799,421\n53,898,302,624\n111,854,551,635\n\u3000로열티 수익\n5,082,900,391\n11,221,940,061\n6,683,098,125\n12,654,807,225\n\u3000지분법손익\n(26,728,498,336)\n(15,642,225,395)\n2,243,897,439\n11,837,064,267\n매출원가 (주15,26)\n116,087,985,843\n257,935,171,369\n165,352,709,469\n325,921,957,216\n매출총이익\n(3,127,785,142)\n34,529,342,952\n30,860,923,891\n65,194,370,128\n판매비와관리비 (주15,20)\n16,049,005,356\n36,358,960,405\n17,603,759,500\n35,158,954,793\n대손상각비(환입)\n(30,533,283)\n(64,366,632)\n(4,000,000)\n(4,000,000)\n영업이익(손실) (주7)\n(19,146,257,215)\n(1,765,250,821)\n13,261,164,391\n30,039,415,335\n기타수익 (주21)\n1,577,671,468\n9,666,718,530\n1,434,324,654\n4,996,961,753\n기타비용 (주21)\n6,872,906,466\n13,308,499,635\n2,125,971,043\n6,775,902,643\n유효이자율법에 따른 이자수익 (주15)\n386,512,530\n708,481,231\n352,924,158\n628,359,882\n기타금융수익\n290,271,956\n1,260,828,109\n(97,315,260)\n32,400,000\n금융비용 (주15)\n6,669,580,156\n14,448,044,546\n6,936,921,913\n13,615,199,175\n법인세비용차감전순이익(손실)\n(30,434,287,883)\n(17,885,767,132)\n5,888,204,987\n15,306,035,152\n법인세비용(수익)\n(3,317,137,760)\n(2,261,948,240)\n1,545,797,850\n4,919,334,264\n계속영업 반기순이익(손실)\n(27,117,150,123)\n(15,623,818,892)\n4,342,407,137\n10,386,700,888\n중단영업 반기순손실\n0\n0\n(94,893,523)\n(922,226,175)\n반기순이익(손실)\n(27,117,150,123)\n(15,623,818,892)\n4,247,513,614\n9,464,474,713\n법인세효과차감후기타포괄손익\n(7,697,924,190)\n2,372,849,873\n1,182,210,786\n10,019,388,008\n\u3000후속적으로 당기손익으로 재분류될수 있는 항목\n(7,890,544,386)\n5,216,634,082\n1,637,690,852\n12,050,762,285\n\u3000\u3000해외사업장환산외환차이 (주19)\n(1,378,275,171)\n(220,772,476)\n309,135,196\n782,282,538\n\u3000\u3000관계기업의 기타포괄손익에 대한 지분 해당액 (주19)\n(6,814,459,088)\n5,621,371,569\n1,598,922,285\n12,253,698,409\n\u3000\u3000현금흐름위험회피\n302,189,873\n(183,965,011)\n(270,366,629)\n(985,218,662)\n\u3000후속적으로 당기손익으로 재분류될수 없는 항목\n192,620,196\n(2,843,784,209)\n(455,480,066)\n(2,031,374,277)\n\u3000\u3000기타포괄손익-공정가치 지분상품 평가손익 (주19)\n742,451,653\n(1,287,879,242)\n(230,459,090)\n(1,117,435,406)\n\u3000\u3000관계기업의 순확정급여부채의 재측정요소\n(549,831,457)\n(1,555,904,967)\n(225,020,976)\n(913,938,871)\n반기총포괄이익(손실)\n(34,815,074,313)\n(13,250,969,019)\n5,429,724,400\n19,483,862,721\n반기순이익(손실)의 귀속\n\u3000\n\u3000\n\u3000\n\u3000\n\u3000지배기업의 소유주지분\n(27,104,599,762)\n(15,629,621,301)\n4,270,534,962\n9,491,449,187\n\u3000\u3000계속영업이익(손실)\n(27,104,599,762)\n(15,629,621,301)\n4,365,428,485\n10,413,675,362\n\u3000\u3000중단영업손실\n0\n0\n(94,893,523)\n(922,226,175)\n\u3000비지배지분\n(12,550,361)\n5,802,409\n(23,021,348)\n(26,974,474)\n\u3000\u3000계속영업이익(손실)\n(12,550,361)\n5,802,409\n(23,021,348)\n(26,974,474)\n반기총포괄손익(손실)의 귀속\n\u3000\n\u3000\n\u3000\n\u3000\n\u3000지배기업의 소유주지분\n(34,801,404,392)\n(13,258,000,029)\n5,452,433,278\n19,510,028,120\n\u3000비지배지분 (주1)\n(13,669,921)\n7,031,010\n(22,708,878)\n(26,165,399)\n지배기업의 소유주지분에 대한 주당이익(손실) (주22)\n\u3000\n\u3000\n\u3000\n\u3000\n\u3000계속영업 보통주 주당이익(손실) (단위 : 원)\n(2,642)\n(1,510)\n417\n994\n\u3000중단영업 보통주 주당손실 (단위 : 원)\n0\n0\n(9)\n(88)\n연결 자본변동표\n제 22 기 반기 2020.01.01 부터 2020.06.30 까지\n제 21 기 반기 2019.01.01 부터 2019.06.30 까지\n(단위 : 원)\n\u3000\n자본\n지배기업의 소유주지분\n비지배지분\n자본 합계\n자본금\n주식발행초과금\n기타자본\n기타포괄손익누계액\n이익잉여금\n지배기업의 소유주지분 합계\n2019.01.01 (기초자본)\n55,086,180,000\n262,014,747,501\n(35,062,119,148)\n(56,015,764,180)\n639,210,574,674\n865,233,618,847\n14,175,309\n865,247,794,156\n반기총포괄이익\n\u3000\n\u3000\n\u3000\n\u3000\n\u3000\n\u3000\n\u3000\n\u3000\n반기순이익(손실)\n\u3000\n\u3000\n\u3000\n\u3000\n9,491,449,187\n9,491,449,187\n(26,974,474)\n9,464,474,713\n기타포괄손익-공정가치 지분상품 평가손익\n\u3000\n\u3000\n\u3000\n(1,117,435,406)\n\u3000\n(1,117,435,406)\n0\n(1,117,435,406)\n현금흐름위험회피\n\u3000\n\u3000\n\u3000\n(985,218,662)\n\u3000\n(985,218,662)\n0\n(985,218,662)\n관계기업의 기타포괄손익 변동\n\u3000\n\u3000\n\u3000\n12,253,698,409\n\u3000\n12,253,698,409\n0\n12,253,698,409\n관계기업 등의 순확정급여부채의 재측정요소\n\u3000\n\u3000\n\u3000\n\u3000\n(913,938,871)\n(913,938,871)\n0\n(913,938,871)\n해외사업장환산차이\n\u3000\n\u3000\n\u3000\n781,473,463\n\u3000\n781,473,463\n809,075\n782,282,538\n소유주와의 거래\n\u3000\n\u3000\n\u3000\n\u3000\n\u3000\n\u3000\n\u3000\n\u3000\n배당금\n\u3000\n\u3000\n\u3000\n\u3000\n(21,030,124,000)\n(21,030,124,000)\n\u3000\n(21,030,124,000)\n자기주식의 취득\n\u3000\n\u3000\n(1,906,083,700)\n\u3000\n\u3000\n(1,906,083,700)\n0\n(1,906,083,700)\n자기주식의 소각\n\u3000\n\u3000\n15,592,239,434\n\u3000\n(15,592,239,434)\n0\n0\n0\n2019.06.30 (기말자본)\n55,086,180,000\n262,014,747,501\n(21,375,963,414)\n(45,083,246,376)\n611,165,721,556\n861,807,439,267\n(11,990,090)\n861,795,449,177\n2020.01.01 (기초자본)\n55,086,180,000\n262,014,747,501\n(21,375,963,414)\n(52,676,399,416)\n643,029,290,565\n886,077,855,236\n17,460,334\n886,095,315,570\n반기총포괄이익\n\u3000\n\u3000\n\u3000\n\u3000\n\u3000\n\u3000\n\u3000\n\u3000\n반기순이익(손실)\n\u3000\n\u3000\n\u3000\n\u3000\n(15,629,621,301)\n(15,629,621,301)\n5,802,409\n(15,623,818,892)\n기타포괄손익-공정가치 지분상품 평가손익\n\u3000\n\u3000\n\u3000\n(1,287,879,242)\n\u3000\n(1,287,879,242)\n0\n(1,287,879,242)\n현금흐름위험회피\n\u3000\n\u3000\n\u3000\n(183,965,011)\n\u3000\n(183,965,011)\n0\n(183,965,011)\n관계기업의 기타포괄손익 변동\n\u3000\n\u3000\n\u3000\n5,621,371,569\n\u3000\n5,621,371,569\n0\n5,621,371,569\n관계기업 등의 순확정급여부채의 재측정요소\n\u3000\n\u3000\n\u3000\n\u3000\n(1,555,904,967)\n(1,555,904,967)\n0\n(1,555,904,967)\n해외사업장환산차이\n\u3000\n\u3000\n\u3000\n(222,001,077)\n\u3000\n(222,001,077)\n1,228,601\n(220,772,476)\n소유주와의 거래\n\u3000\n\u3000\n\u3000\n\u3000\n\u3000\n\u3000\n\u3000\n\u3000\n배당금\n\u3000\n\u3000\n\u3000\n\u3000\n(20,944,140,000)\n(20,944,140,000)\n\u3000\n(20,944,140,000)\n자기주식의 취득\n\u3000\n\u3000\n(6,050,629,000)\n\u3000\n\u3000\n(6,050,629,000)\n0\n(6,050,629,000)\n자기주식의 소각\n\u3000\n\u3000\n0\n\u3000\n0\n0\n0\n0\n2020.06.30 (기말자본)\n55,086,180,000\n262,014,747,501\n(27,426,592,414)\n(48,748,873,177)\n604,899,624,297\n845,825,086,207\n24,491,344\n845,849,577,551\n연결 현금흐름표\n제 22 기 반기 2020.01.01 부터 2020.06.30 까지\n제 21 기 반기 2019.01.01 부터 2019.06.30 까지\n(단위 : 원)\n\u3000\n제 22 기 반기\n제 21 기 반기\n영업활동현금흐름\n9,527,128,919\n29,343,931,050\n\u3000영업으로부터 창출된 현금흐름 (주24,28)\n6,492,203,551\n31,532,670,350\n\u3000이자의 수취\n548,682,248\n523,651,131\n\u3000이자의 지급\n(10,376,650,565)\n(10,157,003,072)\n\u3000배당금의 수취\n13,828,096,421\n14,195,496,028\n\u3000법인세의 납부\n(965,202,736)\n(6,750,883,387)\n투자활동현금흐름\n(2,946,194,662)\n(1,432,284,642)\n\u3000금융기관예치금의 순증감\n(4,055,183,072)\n3,059,032,182\n\u3000대여금의 증가\n(60,997,975)\n(1,168,478,092)\n\u3000대여금의 감소\n91,948,521\n1,285,148,970\n\u3000당기손익-공정가치금융자산의 취득\n(4,665,816,072)\n(2,000,000,000)\n\u3000기타포괄손익-공정가치금융자산의 취득\n(108,575,000)\n0\n\u3000사업의 양도로 인한 현금의 순증감\n0\n14,962,705,632\n\u3000유형자산의 취득\n(2,150,402,416)\n(17,248,485,314)\n\u3000유형자산의 처분\n64,562,495\n94,354,965\n\u3000무형자산의 취득\n(719,389,852)\n(416,562,985)\n\u3000무형자산의 처분\n8,657,658,709\n\u3000\n재무활동현금흐름\n29,272,988,782\n(30,955,968,739)\n\u3000단기차입금의 증가\n120,634,057,294\n1,257,402,172\n\u3000단기차입금의 상환\n(58,000,000,000)\n(8,479,273,220)\n\u3000장기차입금의 증가\n954,436,814\n6,000,000,000\n\u3000리스부채의 원금상환\n(7,339,383,389)\n(6,390,370,551)\n\u3000파생금융상품의 정산\n18,647,063\n(407,519,440)\n\u3000자기주식의 취득\n(6,050,629,000)\n(1,906,083,700)\n\u3000배당금의 지급\n(20,944,140,000)\n(21,030,124,000)\n현금및현금성자산의 환율변동효과\n1,160,498,409\n1,243,208,775\n현금의 증감\n37,014,421,448\n(1,801,113,556)\n기초의 현금\n113,213,849,133\n85,620,326,675\n반기말의 현금\n150,228,270,581\n83,819,213,119\n3. 연결재무제표 주석\n제22(당)기 반기말 : 2020년 6월 30일 현재\n제21(전)기 반기말 : 2019년 6월 30일 현재\n주식회사 한라홀딩스와 그 종속기업\n1. 일반사항\n주식회사 한라홀딩스(이하 '지배기업')와 그 종속기업(이하, 회사와 종속기업을 포괄하여 '연결회사')은 자동차부품의 제조 및 판매를 주요 사업목적으로 1999년 11월에 설립되어 2010년 5월 19일자로 발행 주식을 한국거래소가 개설한 유가증권시장에 상장하였습니다.회사는 2014년 7월 28일 주주총회 결의에 따라, 2014년 9월 1일(분할기일)에 투자사업을 영위하는 주식회사 한라홀딩스와 자동차 부품 제조ㆍ판매업 등을 영위하는 주식회사 만도로 인적분할하였습니다. 분할 이후 회사의 주식은 2014년 10월 6일에 유가증권시장에 변경상장되었습니다. 회사는 2015년 7월 1일(합병기일)에 종속기업인 한라마이스터 유한회사를 합병하였습니다.\n당반기말 현재 연결대상 종속기업의 현황은 다음과 같습니다.\n종속기업명\n약칭(*1)\n업종\n소유지분율(%)\n소재지\n결산월\n회사 소유\n종속기업소유\n비지배지분 소유\n계\nUriman, Inc.\nURIMAN\n자동차부품 및 용품 판매\n100\n-\n-\n100\n미국\n12월\nMeister Logistics Corporation America\nMLCA\n자동차부품 및 용품 유통\n100\n-\n-\n100\n미국\n12월\n\xa0\xa0 Halla Meister Global Transportation, LLC.\nHMGT\n자동차부품 및 용품 유통\n-\n51\n49\n100\n미국\n12월\nHalla Meister Shanghai Trading Co., Ltd.\nHMTC\n자동차부품 및 용품 유통\n100\n-\n-\n100\n중국\n12월\nHalla Meister(Suzhou) Logistics Co., Ltd.\nHMLC\n자동차부품 및 용품 유통\n100\n-\n-\n100\n중국\n12월\nHALLA CORPORATION EUROPE OTOMOTiV YEDEK PARCALARI SANAYi VE TiCARET ANONiM SiRKETi (*2)\nHCE\n자동차부품 및 용품 유통\n100\n-\n-\n100\n터키\n12월\n주식회사 위코(구, 우리엔지니어링㈜)\nWECO\n자동차부품의 제조 및 판매\n100\n-\n-\n100\n한국\n12월\n주식회사 제이제이한라\nJJH\n부동산 개발 및 투자\n100\n-\n-\n100\n한국\n12월\n(*1) 이하 약칭 사용(*2) 전기 중 100%출자하여 신규 설립하였습니다.연결대상 종속기업의 요약재무정보는 다음과 같습니다(단위:천원).\n종속기업명\n제22(당)기 반기\n자산\n부채\n자본\n누적비지배지분\nURIMAN\n52,255,245\xa0\n35,684,229\xa0\n16,571,017\xa0\n-\xa0\nMLCA와 그 종속기업\n10,814,034\xa0\n5,194,340\xa0\n5,619,695\xa0\n24,491\xa0\nHMTC\n2,198,160\xa0\n2,371,393\xa0\n(173,234)\n-\xa0\nHMLC\n26,658,463\xa0\n20,204,243\xa0\n6,454,220\xa0\n-\xa0\nHCE\n14,503,946\xa0\n11,536,209\xa0\n2,967,739\xa0\n-\xa0\nWECO\n14,028,814\xa0\n8,789,517\xa0\n5,239,297\xa0\n-\xa0\nJJH\n327,210,587\xa0\n332,753,530\xa0\n(5,542,943)\n-\xa0\n종속기업명\n제21(전)기\n자산\n부채\n자본\n누적비지배지분\nURIMAN\n48,738,527\xa0\n32,907,390\xa0\n15,831,137\xa0\n-\xa0\nMLCA와 그 종속기업\n11,428,823\xa0\n6,119,078\xa0\n5,309,745\xa0\n17,460\xa0\nHMTC\n3,634,521\xa0\n3,666,345\xa0\n(31,824)\n-\xa0\nHMLC\n21,889,978\xa0\n15,601,495\xa0\n6,288,483\xa0\n-\xa0\nHCE\n7,060,688\xa0\n3,886,094\xa0\n3,174,594\xa0\n-\xa0\nWECO\n12,295,857\xa0\n6,678,398\xa0\n5,617,459\xa0\n-\xa0\nJJH\n329,355,234\xa0\n327,419,359\xa0\n1,935,875\xa0\n-\xa0\n종속기업명\n제22(당)기 반기\n매출액\n당기순손익\n총포괄손익\n비지배지분에 대한 귀속\n당기순이익\n총포괄손익\nURIMAN\n22,226,201\xa0\n936,885\xa0\n739,879\xa0\n-\xa0\n-\xa0\nMLCA와 그 종속기업\n10,867,523\xa0\n113,811\xa0\n308,721\xa0\n5,802\xa0\n7,031\xa0\nHMTC\n3,252,292\xa0\n(138,529)\n(141,409)\n-\xa0\n-\xa0\nHMLC\n25,240,583\xa0\n33,102\xa0\n242,158\xa0\n-\xa0\n-\xa0\nHCE\n4,975,970\xa0\n129,690\xa0\n129,690\xa0\n-\xa0\n-\xa0\nWECO\n12,170,906\xa0\n(295,044)\n(295,044)\n-\xa0\n-\xa0\nJJH\n6,521,414\xa0\n(7,478,818)\n(7,478,818)\n-\xa0\n-\xa0\n종속기업명\n제21(전)기 반기\n매출액\n당기순손익\n총포괄손익\n비지배지분에 대한 귀속\n당기순이익\n총포괄손익\nURIMAN과 그 종속기업\n28,180,683\xa0\n(262,665)\n267,957\xa0\n-\n-\nMLCA와 그 종속기업\n17,468,241\xa0\n104,571\xa0\n274,248\xa0\n(26,974)\n(26,165)\nHMTC\n5,537,061\xa0\n(434,509)\n(414,914)\n-\n-\nHMLC\n23,750,841\xa0\n568,164\xa0\n749,860\xa0\n-\n-\nWECO\n16,861,991\xa0\n297,834\xa0\n297,834\xa0\n-\n-\nJJH\n6,945,191\xa0\n(4,433,359)\n(4,433,359)\n-\n-\n2. 유의적 회계정책\n2.1 연결재무제표 작성 기준 연결회사의 2020년 6월 30일로 종료하는 6개월 보고기간에 대한\xa0요약 반기연결재무제표는 기준서 제1034호 '중간재무보고'에 따라 작성되었습니다. 이\xa0요약 반기연결재무제표는보고기간말인 2020년 6월 30일 현재 유효한 한국채택국제회계기준에 따라 작성되었습니다.\n2.1.1 연결회사가 채택한 제ㆍ개정 기준서 및 해석서\n연결회사는 2020년 1월 1일로 개시하는 회계기간부터 다음의 제ㆍ개정 기준서 및 해석서를 신규로 적용하였습니다.\n(1) 기준서 제1001호 '재무제표 표시', 제1008호 '회계정책, 회계추정의 변경 및 오류' 개정 - 중요성의 정의'중요성의 정의'를 명확히 하고 기준서 제1001호와 제1008호를 명확해진 정의에 따라 개정하였습니다. 중요성 판단 시 중요한 정보의 누락이나 왜곡표시뿐만 아니라 중요하지 않은 정보로 인한 영향과 연결회사가 공시할 정보를 결정할 때 정보이용자의 특성을 고려하도록 하였습니다. 해당\xa0기준서의 개정이 재무제표에 미치는 중요한 영향은 없습니다.(2) 기준서 제1103호 '사업결합' 개정 - 사업의 정의개정된 사업의 정의에서는, 취득한 활동과 자산의 집합을 사업으로 판단하기 위해서는 산출물의 창출에 함께 유의적으로 기여할 수 있는 능력을 가진 투입물과 실질적인과정을 반드시 포함하도록 하였고 원가 감소에 따른 경제적 효익은 제외하였습니다. 이와 함께 취득한 총자산의 대부분의 공정가치가 식별가능한 단일 자산 또는 자산집합에 집중되어 있는 경우, 취득한 활동과 자산의 집합은 사업이 아닌, 자산 또는 자산의 집합으로 결정할 수 있는 선택적 집중테스트가 추가되었습니다.\xa0해당\xa0기준서의 개정이 재무제표에 미치는 중요한 영향은 없습니다.\n(3)\xa0기준서 제1109호 '금융상품', 제1039호 '금융상품: 인식과 측정', 제1107호 '금융상품: 공시' 개정 - 이자율지표 개혁\n개정 기준서에서는 이자율지표 개혁 움직임으로 인한 불확실성이 존재하는 동안 위험회피회계 적용과 관련하여 미래 전망 분석 시 예외규정을 적용토록 하고 있습니다.예외규정에서는 기존 이자율지표를 준거로 하는 예상현금흐름의 발생가능성이 매우 높은지, 위험회피대상항목과 위험회피수단 사이의 경제적 관계가 있는지, 양자간에 높은 위험회피효과가 있는지를 평가할 때, 위험회피대상항목과 위험회피수단이 준거로 하고 있는 이자율지표는 이자율지표 개혁의 영향으로 바뀌지 않는다고 가정합니다.\xa0해당\xa0기준서의 개정이 재무제표에 미치는 중요한 영향은 없습니다.\n2.1.2 연결회사가 적용하지 않은\xa0제ㆍ개정\xa0기준서 및 해석서제정 또는 공표되었으나 시행일이 도래하지 않아 적용하지 아니한 제개정 기준서 및 해석서는 다음과 같습니다.(1) 기준서 제 1116호 '리스' 개정 - 코로나19 (Covid-19) 관련 임차료 면제ㆍ할인ㆍ유예에 대한 실무적 간편법실무적 간편법으로, 리스이용자는 코로나19의 직접적인 결과로 발생한 임차료 할인 등(rent concession)이 리스변경에 해당하는지 평가하지 않을 수 있습니다. 이러한 선택을 한 리스이용자는 임차료 할인 등으로 인한 리스료 변동을 그러한 변동이 리스변경이 아닐 경우에 이 기준서가 규정하는 방식과 일관되게 회계처리하여야 합니다. 동\xa0개정사항은 2020년 6월 1일 이후 시작하는 회계연도부터 적용되며, 조기도입이 가능합니다. 연결회사는 동 개정으로 인해 재무제표에 중요한 영향은 없을 것으로 예상하고 있습니다.2.2\xa0회계정책\n요약 반기연결재무제표의\xa0작성에\xa0적용된 유의적 회계정책과 계산방법은\xa0주석 2.1.1에서 설명하는 제ㆍ개정 기준서의 적용으로 인한 변경을 제외하고는 전기연결재무제표 작성에 적용된 회계정책이나 계산방법과 동일합니다.2.2.1 법인세비용중간기간의 법인세비용은 전체 회계연도에 대해서 예상되는 최선의 가중평균연간법인세율, 즉 추정평균연간유효법인세율을 중간기간의 세전이익에 적용하여 계산합니다.\xa0\n3. 중요한 회계추정 및 가정\n요약 반기연결재무제표 작성시 회사의 경영진은 회계정책의 적용 및 연결재무제표에 인식되는 자산과 부채, 이익과 비용의 금액에 영향을 미치는 다양한 판단, 추정 및 가정을 하고있습니다. 추정 및 가정은 지속적으로 평가되며, 과거 경험 및 현재의 상황에서 합리적으로 예측 가능한 미래의 사건과 같은 다른 요소들을 고려하여 이루어집니다. 이러한 회계추정은 실제 결과와 다를 수도 있습니다. 요약 반기연결재무제표 작성시 사용된 중요한 회계추정 및 가정은 전기 연결재무제표 작성시 적용된 회계추정 및 가정과 동일합니다.\n2020년도 중 COVID-19의 확산은 국내외 경제에 중대한 영향을 미치고 있습니다. 이는 생산성 저하와 매출의 감소나 지연, 기존 채권의 회수 등에 부정적인 영향을 미칠 수 있습니다. 이로 인해 회사의 재무상태와 재무성과에도 부정적인 영향이 발생할 수 있으며, 이러한 영향은 2020년 연차재무제표에도 지속될 것으로 예상됩니다.\n요약반기연결의 재무제표 작성시 사용된 중요한 회계추정 및 가정은 COVID-19에 따른 불확실성의 변동에 따라 조정될 수 있으며, COVID-19로 인하여 회사의 사업, 재무상태 및 경영성과 등에 미칠 궁극적인 영향은 현재 예측할 수 없습니다.\n4. 재무위험관리4.1 재무위험요소\n연결회사는 여러 활동으로 인하여 시장위험, 신용위험 및 유동성위험과 같은 다양한 재무위험에 노출되어 있습니다. 연결회사의 전반적인 위험관리정책은 금융시장의 예측불가능성에 초점을 맞추고 있으며, 재무성과에 잠재적으로 불리할 수 있는 효과를 최소화하는데 중점을 두고 있습니다.위험관리는 이사회에서 승인한 정책에 따라 중앙 자금부서(회사 재무팀)에 의해 이루어지고 있습니다.요약 반기연결재무제표는 연차연결재무제표에서 요구되는 모든 재무위험관리와 공시사항을 포함하지 않으며, 재무위험요소에 대한 연결회사의 위험관리 정책은 전기말 이후 중요한 변동 사항이 없습니다. 전기의 재무위험관리 정책은 2019년 12월 31일의 연차연결재무제표에 공시되어 있습니다.\n4.2 자본위험관리연결회사는 부채비율을 기준으로 하여 자본을 관리하고 있으며, 자본위험관리 목표 및 정책은 전기말 이후 중요한 변동 사항이 없습니다.연결회사의 부채비율은 다음과 같습니다(단위:천원).\r\n구분\n제22(당)기 반기\n제21(전)기\n부채 총계(A)\n955,230,793\xa0\n874,308,075\xa0\n자본 총계(B)\n845,849,578\xa0\n886,095,316\xa0\n부채 비율(A/B)\n112.9%\n98.7%\n5. 공정가치5.1 금융상품 종류별 공정가치\n금융자산의 종류별 장부금액 및 공정가치는 다음과 같습니다(단위:천원).\n금융자산\n\xa0제22(당)기 반기\xa0\n제21(전)기\n\xa0장부금액\xa0\n\xa0공정가치\xa0\n장부금액\n공정가치\n\xa0[유동성 항목]\xa0\n\u3000\n\u3000\n\u3000\n\u3000\n\xa0\xa0 파생상품자산\xa0\n2,607,663\xa0\n2,607,663\xa0\n270,372\xa0\n270,372\xa0\n\xa0[비유동성 항목]\xa0\n\u3000\n\u3000\n\u3000\n\u3000\n\xa0\xa0 기타수취채권\xa0\n18,219,285\xa0\n18,219,285\xa0\n17,850,278\xa0\n17,850,278\xa0\n\xa0\xa0 당기손익-공정가치금융자산\xa0\n8,844,217\xa0\n8,844,217\xa0\n4,095,895\xa0\n4,095,895\xa0\n\xa0\xa0 기타포괄손익-공정가치금융자산\xa0\n6,621,610\xa0\n6,621,610\xa0\n8,212,084\xa0\n8,212,084\xa0\n\xa0\xa0 파생상품자산\xa0\n19,263,392\xa0\n19,263,392\xa0\n15,832,589\xa0\n15,832,589\xa0\n합\xa0 \xa0\xa0 계\n55,556,167\xa0\n55,556,167\xa0\n46,261,218\xa0\n46,261,218\xa0\n금융부채의 종류별 장부금액 및 공정가치는 다음과 같습니다(단위:천원).\n금융부채\n\xa0제22(당)기 반기\xa0\n제21(전)기\n\xa0장부금액\xa0\n\xa0공정가치\xa0\n장부금액\n공정가치\n\xa0[유동성 항목]\xa0\n\u3000\n\u3000\n\u3000\n\u3000\n\xa0\xa0 파생상품부채\xa0\n10,193\xa0\n10,193\xa0\n-\xa0\n-\xa0\n\xa0[비유동성 항목]\xa0\n\u3000\n\u3000\n\u3000\n\u3000\n\xa0\xa0 사채 및 차입금\xa0\n92,971,775\xa0\n92,880,457\xa0\n290,509,812\xa0\n323,349,787\xa0\n\xa0\xa0 기타지급채무\xa0\n1,555,056\xa0\n1,555,056\xa0\n1,251,041\xa0\n1,251,041\xa0\n\xa0\xa0 파생상품부채\n13,466,671\xa0\n13,466,671\xa0\n7,639,834\xa0\n7,639,834\xa0\n합\xa0 \xa0\xa0 계\n108,003,695\xa0\n107,912,377\xa0\n299,400,687\xa0\n332,240,662\xa0\n상각후원가로 측정하는 금융자산 및 금융부채 중 단기성으로 장부금액이 공정가치의 합리적인 근사치인 금액은 공정가치 공시에서 제외하였습니다.5.2 공정가치 서열체계공정가치로 측정되거나 공정가치가 공시되는 금융상품은 공정가치 서열체계에 따라 아래와 같은 수준별로 구분됩니다.\xa0\n수준\n내용\n수준1\n\xa0측정일에 동일한 자산이나 부채에 대해 접근할 수 있는 활성시장의 (조정되지 않은) 공시가격\n수준2\n\xa0수준 1의 공시가격 외에 자산이나 부채에 대해 직접적으로나 간접적으로 관측할 수 있는 투입변수\n수준3\n\xa0자산이나 부채에 대한 관측할 수 없는 투입변수\n공정가치로 측정되는 연결회사의 금융자산 및 금융부채는 모두 반복적인 공정가치 측정치에 해당됩니다. 공정가치로 측정되거나 공정가치가 공시되는 금융자산과 금융부채의 공정가치 서열체계 구분은 다음과 같습니다(단위:천원).\n구분\n제22(당)기 반기\n수준1\n수준2\n수준3\n합계\n[반복적인 공정가치 측정치]\n\u3000\n\u3000\n\u3000\n\u3000\n\xa0 파생상품자산\n-\xa0\n2,607,663\xa0\n19,263,392\xa0\n21,871,055\xa0\n\xa0 당기손익-공정가치금융자산\n-\xa0\n-\xa0\n8,844,216\xa0\n8,844,216\xa0\n\xa0 기타포괄손익-공정가치금융자산\n5,212,006\xa0\n-\xa0\n1,409,604\xa0\n6,621,610\xa0\n\xa0 파생상품부채\n-\xa0\n10,193\xa0\n13,466,671\xa0\n13,476,864\xa0\n[공시되는 공정가치]\n\u3000\n\u3000\n\u3000\n\u3000\n\xa0 기타수취채권\n-\xa0\n-\xa0\n18,219,285\xa0\n18,219,285\xa0\n\xa0 사채 및 차입금\n-\xa0\n-\xa0\n92,880,457\xa0\n92,880,457\xa0\n\xa0 기타지급채무\n-\xa0\n-\xa0\n1,555,056\xa0\n1,555,056\xa0\n구분\n제21(전)기\n수준1\n수준2\n수준3\n합계\n[반복적인 공정가치 측정치]\n\xa0 파생상품자산\n-\xa0\n1,930,213\xa0\n14,172,748\xa0\n16,102,961\xa0\n\xa0 당기손익-공정가치금융자산\n-\xa0\n-\xa0\n4,095,895\xa0\n4,095,895\xa0\n\xa0 기타포괄손익-공정가치금융자산\n6,911,055\xa0\n-\xa0\n1,301,029\xa0\n8,212,084\xa0\n\xa0 파생상품부채\n-\xa0\n-\xa0\n7,639,834\xa0\n7,639,834\xa0\n[공시되는 공정가치]\n\u3000\n\u3000\n\u3000\n\u3000\n\xa0 기타수취채권\n-\xa0\n-\xa0\n17,850,278\xa0\n17,850,278\xa0\n\xa0 사채 및 차입금\n-\xa0\n-\xa0\n323,349,787\xa0\n323,349,787\xa0\n\xa0 기타지급채무\n-\xa0\n-\xa0\n1,251,041\xa0\n1,251,041\xa0\n연결회사는 반복적인 공정가치 측정치의 서열체계 수준 간 이동을 보고기간 말에 인식하고 있으며,\xa0반복적인 측정치의 수준3의 변동내역은 다음과 같습니다(단위:천원).\n구분\n제22(당)기 반기\n당기손익-\n공정가치금융자산\n기타포괄손익손익-\n공정가치금융자산\n파생금융자산\n파생금융부채\n\xa0기초\n4,095,895\xa0\n1,301,029\xa0\n14,172,748\xa0\n7,639,834\xa0\n\xa0당기손익인식액\n82,506\xa0\n-\xa0\n5,090,644\xa0\n5,826,837\xa0\n\xa0취득\n4,665,816\xa0\n108,575\xa0\n-\xa0\n-\xa0\n\xa0반기말\n8,844,217\xa0\n1,409,604\xa0\n19,263,392\xa0\n13,466,671\xa0\n구분\n제21(전)기 반기\n당기손익-공정가치금융자산\n기타포괄손익손익-공정가치금융자산\n파생금융자산\n파생금융부채\n\xa0기초\n637,194\xa0\n3,821,793\xa0\n14,368,644\xa0\n11,520,123\xa0\n\xa0당기손익인식액\n(32,684)\n-\xa0\n(1,948,827)\n(913,966)\n\xa0취득\n2,000,000\xa0\n-\xa0\n-\xa0\n-\xa0\n\xa0재분류\n-\xa0\n(2,520,764)\n-\xa0\n-\xa0\n\xa0반기말\n2,604,510\xa0\n1,301,029\xa0\n12,419,817\xa0\n10,606,157\xa0\n5.3 가치평가기법 및 투입변수수준2와 3으로 분류되는 공정가치 측정치는 금융자산, 통화선도계약\xa0및 통화스왑 계약, 옵션 등과 관련된 파생금융상품으로 구성됩니다.지분상품의 공정가치는 회사가 자체적으로 개발한 내부평가 모형을 통해 평가한 값이나 독립적인 외부평가기관이 평가하여 제공한 값에 의해 측정됩니다. 회사는 현금흐름할인기법을 활용하고 있으며 보고기간말 현재 시장상황에 근거하여 가정을 수립하고 있습니다. 채무상품의 공정가치는 유사한 위험 및 만기구조를 갖는 채무증권의 시장에서 관측가능한수익률을 사용하여 현재가치로 측정됩니다. 당반기말 채무상품의 공정가치 측정시 사용된주요 관측가능한 투입변수는 신용위험이 반영된 할인율 입니다.통화선도 및 통화스왑 계약관련 파생상품의 공정가치는 보고기간말 현재의 환율 및 시장이자율에 근거하여 현재가치로 측정됩니다.옵션관련 파생금융상품의 공정가치는 이항모형과 정규분포가정에 근거하여 산출된 기대 옵션가치에 회사의 지분율을 고려하여 측정되며 이와 관련된 관측불가능한 투입변수는 향후 기대 EBITDA 배수와 그 표준편차 입니다. 당반기말 한라스택폴 매각관련 파생금융상품의 공정가치 측정시 사용된 유의적이지만 관측 불가능한 투입변수는 EBITDA 배수\xa06.5 및 표준편차(자산,부채,각각) 6.9, 9.0입니다.공시되는 공정가치 중 수준2와 수준3으로 분류되는 공정가치의 현재가치 측정치에 활용되는 이자율은 가중평균차입이자율, 공모사채 내부수익율 등을 고려하여 측정됩니다.\xa0 5.4 수준3으로 분류된 공정가치 측정치의 가치평가과정회사의 재무부서는 매분기말 외부전문 평가기관의 평가보고서를 수령하여 검토하고 있으며 이러한 평가보고서는 수준3으로 분류되는 공정가치 측정치를 포함하고 있습니다.\xa0회사의 재무부서는 매 분기 보고 일정에 맞추어 공정가치 평가과정 및 그 결과에 대해 최고재무책임자에\xa0보고합니다.\n5.5 수준3으로 분류된 공정가치 측정치의 민감도 분석\n\xa0\n금융상품의 민감도 분석은 통계적 기법을 이용한 관측 불가능한 투입 변수의 변동에 따른 금융상품의 가치변동에 기초하여 유리한 변동과 불리한 변동으로 구분하여 이루어집니다.그리고 공정가치가 두 개 이상의 투입 변수에 영향을 받는 경우에는 가장 유리하거나 또는가장 불리한 금액을 바탕으로 산출됩니다.\n민감도 분석 대상인 수준3으로 분류되는 각 상품별 투입 변수의 변동이 연결회사의 당기손익 및 기타포괄손익(법인세효과 차감전)에 미치는 효과는 다음과 같습니다(단위:천원).\n구분\n제22(당)기 반기\n제21(전)기\n유리한 변동\n불리한 변동\n유리한 변동\n불리한 변동\n파생상품자산(*)\n1,112,213\xa0\n(1,292,789)\n1,543,336\xa0\n(1,658,115)\n파생상품부채(*)\n2,434,060\xa0\n(2,514,641)\n1,657,407\xa0\n(1,750,635)\n(*) 파생상품자산의 변동은 EBITDA 배수 6.3~6.8과 표준편차 6.2~7.6, 파생상품부채의 변동은 EBITDA 배수 6.3~6.8과 표준편차 8.1~9.9에 의해 산출되었습니다. \n6. 범주별 금융상품\n범주별 금융자산의 세부 내역은 다음과 같습니다(단위:천원).\n구분\n제22(당)기 반기\n상각후원가로 측정하는 금융자산\n당기손익-공정가치금융자산\n기타포괄손익-공정가치금융자산\n기타금융자산\n파생금융자산\n합계\n당기손익인식\n위험회피목적\n[유동성 항목]\n\u3000\n\u3000\n\u3000\n\u3000\n\u3000\n\u3000\n\u3000\n\xa0\xa0 현금및현금성자산\xa0\n150,228,271\xa0\n-\xa0\n-\xa0\n-\xa0\n-\xa0\n-\xa0\n150,228,271\xa0\n\xa0\xa0 매출채권\xa0\n98,518,641\xa0\n-\xa0\n-\xa0\n-\xa0\n-\xa0\n-\xa0\n98,518,641\xa0\n\xa0\xa0 리스채권\n-\xa0\n-\xa0\n-\xa0\n604,155\xa0\n-\xa0\n-\xa0\n604,155\xa0\n\xa0\xa0 기타수취채권\xa0\n10,162,681\xa0\n-\xa0\n-\xa0\n-\xa0\n-\xa0\n-\xa0\n10,162,681\xa0\n\xa0\xa0 파생상품자산\n-\xa0\n-\xa0\n-\xa0\n-\xa0\n-\xa0\n2,607,663\xa0\n2,607,663\xa0\n\xa0소계\n258,909,593\xa0\n-\xa0\n-\xa0\n604,155\xa0\n-\xa0\n2,607,663\xa0\n262,121,411\xa0\n[비유동성 항목]\xa0\n\u3000\n\u3000\n\u3000\n\u3000\n\u3000\n\u3000\n\u3000\n\xa0\xa0 기타수취채권\xa0\n18,219,285\xa0\n-\xa0\n-\xa0\n-\xa0\n-\xa0\n-\xa0\n18,219,285\xa0\n\xa0\xa0 공정가치금융자산\n-\xa0\n8,844,217\xa0\n6,621,610\xa0\n-\xa0\n-\xa0\n-\xa0\n15,465,827\xa0\n\xa0\xa0 파생상품자산\xa0\n-\xa0\n-\xa0\n-\xa0\n-\xa0\n19,263,392\xa0\n-\xa0\n19,263,392\xa0\n\xa0소계\n18,219,285\xa0\n8,844,217\xa0\n6,621,610\xa0\n-\xa0\n19,263,392\xa0\n-\xa0\n52,948,504\xa0\n\xa0합계\n277,128,878\xa0\n8,844,217\xa0\n6,621,610\xa0\n604,155\xa0\n19,263,392\xa0\n2,607,663\xa0\n315,069,915\xa0\n구분\n제21(전)기\n상각후원가로 측정하는 금융자산\n당기손익-공정가치금융자산\n기타포괄손익-공정가치금융자산\n기타금융자산\n파생금융자산\n합계\n당기손익인식\n위험회피목적\n[유동성 항목]\n\u3000\n\u3000\n\u3000\n\u3000\n\u3000\n\u3000\n\u3000\n\xa0\xa0 현금및현금성자산\xa0\n113,213,849\xa0\n-\xa0\n-\xa0\n-\xa0\n-\xa0\n-\xa0\n113,213,849\xa0\n\xa0\xa0 매출채권\xa0\n115,772,343\xa0\n-\xa0\n-\xa0\n-\xa0\n-\xa0\n-\xa0\n115,772,343\xa0\n\xa0\xa0 리스채권\n-\xa0\n-\xa0\n-\xa0\n1,173,971\xa0\n-\xa0\n-\xa0\n1,173,971\xa0\n\xa0\xa0 기타수취채권\xa0\n6,364,724\xa0\n-\xa0\n-\xa0\n-\xa0\n-\xa0\n-\xa0\n6,364,724\xa0\n\xa0\xa0 파생상품자산\n-\xa0\n-\xa0\n-\xa0\n-\xa0\n37,867\xa0\n232,505\xa0\n270,372\xa0\n\xa0소계\n235,350,916\xa0\n-\xa0\n-\xa0\n1,173,971\xa0\n37,867\xa0\n232,505\xa0\n236,795,259\xa0\n[비유동성 항목]\xa0\n\u3000\n\u3000\n\u3000\n\u3000\n\u3000\n\u3000\n\u3000\n\xa0\xa0 기타수취채권\xa0\n17,850,278\xa0\n-\xa0\n-\xa0\n-\xa0\n-\xa0\n-\xa0\n17,850,278\xa0\n\xa0\xa0 공정가치금융자산\n-\xa0\n4,095,895\xa0\n8,212,084\xa0\n-\xa0\n-\xa0\n-\xa0\n12,307,979\xa0\n\xa0\xa0 파생상품자산\xa0\n-\xa0\n-\xa0\n-\xa0\n-\xa0\n15,832,589\xa0\n-\xa0\n15,832,589\xa0\n\xa0소계\n17,850,278\xa0\n4,095,895\xa0\n8,212,084\xa0\n-\xa0\n15,832,589\xa0\n-\xa0\n45,990,846\xa0\n\xa0합계\n253,201,194\xa0\n4,095,895\xa0\n8,212,084\xa0\n1,173,971\xa0\n15,870,456\xa0\n232,505\xa0\n282,786,105\xa0\n범주별 금융부채의 세부 내역은 다음과 같습니다(단위:천원).\r\n구분\n제22(당)기 반기\n상각후원가로측정하는 금융부채\n기타금융부채\n파생금융부채\n합계\n당기손익인식\n위험회피목적\n[유동성 항목]\n\u3000\n\u3000\n\u3000\n\u3000\n\u3000\n\xa0 매입채무\n92,407,282\xa0\n-\xa0\n-\xa0\n-\xa0\n92,407,282\xa0\n\xa0 기타지급채무\xa0\xa0\n31,809,376\xa0\n-\xa0\n-\xa0\n-\xa0\n31,809,376\xa0\n\xa0 단기차입금\n104,501,781\xa0\n-\xa0\n-\xa0\n-\xa0\n104,501,781\xa0\n\xa0 사채 및 유동성장기차입금\n475,269,376\xa0\n-\xa0\n-\xa0\n-\xa0\n475,269,376\xa0\n\xa0 파생상품부채\n-\xa0\n-\xa0\n-\xa0\n10,193\xa0\n10,193\xa0\n\xa0 리스부채\xa0\n-\xa0\n18,086,234\xa0\n-\xa0\n-\xa0\n18,086,234\xa0\n소계\n703,987,815\xa0\n18,086,234\xa0\n-\xa0\n10,193\xa0\n722,084,242\xa0\n[비유동성 항목]\n\u3000\n\u3000\n\u3000\n\u3000\n\u3000\n\xa0 사채 및 장기차입금\n92,971,775\xa0\n-\xa0\n-\xa0\n-\xa0\n92,971,775\xa0\n\xa0 기타지급채무\n1,555,056\xa0\n-\xa0\n-\xa0\n-\xa0\n1,555,056\xa0\n\xa0 파생상품부채\n-\xa0\n-\xa0\n13,466,671\xa0\n-\xa0\n13,466,671\xa0\n\xa0 리스부채\n-\xa0\n61,665,427\xa0\n-\xa0\n-\xa0\n61,665,427\xa0\n소계\n94,526,831\xa0\n61,665,427\xa0\n13,466,671\xa0\n-\xa0\n169,658,929\xa0\n합계\n798,514,646\xa0\n79,751,661\xa0\n13,466,671\xa0\n10,193\xa0\n891,743,171\xa0\n구분\n제21(전)기\n상각후원가로측정하는 금융부채\n기타금융부채\n파생금융부채\n합계\n당기손익인식\n[유동성 항목]\n\u3000\n\u3000\n\u3000\n\xa0 매입채무\n117,638,997\xa0\n-\xa0\n-\xa0\n117,638,997\xa0\n\xa0 기타지급채무\n33,535,047\xa0\n-\xa0\n-\xa0\n33,535,047\xa0\n\xa0 단기차입금\n41,326,918\xa0\n-\xa0\n-\xa0\n41,326,918\xa0\n\xa0 사채 및 유동성장기차입금\n275,261,124\xa0\n-\xa0\n-\xa0\n275,261,124\xa0\n\xa0 리스부채\n-\xa0\n15,438,759\xa0\n-\xa0\n15,438,759\xa0\n소계\n467,762,086\xa0\n15,438,759\xa0\n-\xa0\n483,200,845\xa0\n[비유동성 항목]\n\u3000\n\u3000\n\u3000\n\u3000\n\xa0 사채 및 장기차입금\n290,509,812\xa0\n-\xa0\n-\xa0\n290,509,812\xa0\n\xa0 기타지급채무\n1,251,041\xa0\n-\xa0\n-\xa0\n1,251,041\xa0\n\xa0 파생상품부채\n-\xa0\n-\xa0\n7,639,834\xa0\n7,639,834\xa0\n\xa0 리스부채\n-\xa0\n25,670,072\xa0\n-\xa0\n25,670,072\xa0\n소계\n291,760,853\xa0\n25,670,072\xa0\n7,639,834\xa0\n325,070,759\xa0\n합계\n759,522,939\xa0\n41,108,831\xa0\n7,639,834\xa0\n808,271,604\xa0\n금융상품 범주별 순손익(법인세효과 차감전)의 내역은 다음과 같습니다(단위:천원).\n구분\n제22(당)기 반기\n상각후원가로 측정하는 금융자산\n당기손익 -공정가치금융자산\n기타포괄손익 -공정가치금융자산\n상각후원가로 측정하는 금융부채\n기타금융상품\n파생금융상품\n합계\n당기손익인식\n위험회피목적\n[당기손익]\n\u3000\n\u3000\n\u3000\n\u3000\n\u3000\n\u3000\n\u3000\n\u3000\n\xa0 외환차이로 인한 이익\n3,824,035\xa0\n-\xa0\n-\xa0\n124,379\xa0\n-\xa0\n-\xa0\n-\xa0\n3,948,414\xa0\n\xa0 외환차이로 인한 손실\n(2,261,265)\n-\xa0\n-\xa0\n(1,125,754)\n-\xa0\n-\xa0\n-\xa0\n(3,387,019)\n\xa0 이자수익\n691,502\xa0\n-\xa0\n-\xa0\n-\xa0\n16,980\xa0\n-\xa0\n-\xa0\n708,482\xa0\n\xa0 이자비용\n-\xa0\n-\xa0\n-\xa0\n(12,523,513)\n(823,864)\n-\xa0\n-\xa0\n(13,347,377)\n\xa0 대손상각비 환입\n64,367\xa0\n-\xa0\n-\xa0\n-\xa0\n-\xa0\n-\xa0\n-\xa0\n64,367\xa0\n\xa0 공정가치금융자산평가손익\n-\xa0\n82,505\xa0\n-\xa0\n-\xa0\n-\xa0\n-\xa0\n-\xa0\n82,505\xa0\n\xa0 파생상품거래손익\n-\xa0\n-\xa0\n-\xa0\n-\xa0\n-\xa0\n18,647\xa0\n-\xa0\n18,647\xa0\n\xa0 파생상품평가손익\n-\xa0\n-\xa0\n-\xa0\n-\xa0\n-\xa0\n173,761\xa0\n-\xa0\n173,761\xa0\n\xa0 배당금수익\n-\xa0\n10,500\xa0\n249,755\xa0\n-\xa0\n-\xa0\n-\xa0\n-\xa0\n260,255\xa0\n소계\n2,318,639\xa0\n93,005\xa0\n249,755\xa0\n(13,524,888)\n(806,884)\n192,408\xa0\n-\xa0\n(11,477,965)\n[기타포괄손익]\xa0\n\u3000\n\u3000\n\u3000\n\u3000\n\u3000\n\u3000\n\u3000\n\u3000\n\xa0 공정가치금융자산평가손익\xa0\n-\xa0\n-\xa0\n(1,699,049)\n-\xa0\n-\xa0\n-\xa0\n-\xa0\n(1,699,049)\n\xa0 현금흐름위험회피\xa0\n-\xa0\n-\xa0\n-\xa0\n-\xa0\n-\xa0\n-\xa0\n(242,698)\n(242,698)\n소계\n-\xa0\n-\xa0\n(1,699,049)\n-\xa0\n-\xa0\n-\xa0\n(242,698)\n(1,941,747)\n\xa0합계\xa0\n2,318,639\xa0\n93,005\xa0\n(1,449,294)\n(13,524,888)\n(806,884)\n192,408\xa0\n(242,698)\n(13,419,712)\n구분\n제21(전)기 반기\n상각후원가로 측정하는 금융자산\n당기손익 -공정가치금융자산\n기타포괄손익 -공정가치금융자산\n상각후원가로 측정하는 금융부채\n기타금융상품\n파생금융상품\n합계\n당기손익인식\n위험회피목적\n[당기손익]\n\u3000\n\u3000\n\u3000\n\u3000\n\u3000\n\u3000\n\u3000\n\u3000\n\xa0 외환차이로 인한 이익\n2,470,537\xa0\n-\xa0\n-\xa0\n70,760\xa0\n-\xa0\n-\xa0\n-\xa0\n2,541,297\xa0\n\xa0 외환차이로 인한 손실\n(1,281,472)\n-\xa0\n-\xa0\n(986,578)\n-\xa0\n-\xa0\n-\xa0\n(2,268,050)\n\xa0 이자수익\n620,032\xa0\n-\xa0\n-\xa0\n-\xa0\n8,328\xa0\n-\xa0\n-\xa0\n628,360\xa0\n\xa0 이자비용\n-\xa0\n-\xa0\n-\xa0\n(12,735,759)\n-\xa0\n-\xa0\n-\xa0\n(12,735,759)\n\xa0 대손상각비 환입\n4,000\xa0\n-\xa0\n-\xa0\n-\xa0\n-\xa0\n-\xa0\n-\xa0\n4,000\xa0\n\xa0 공정가치금융자산평가손익\n-\xa0\n(32,684)\n-\xa0\n-\xa0\n-\xa0\n-\xa0\n-\xa0\n(32,684)\n\xa0 파생상품거래손익\n-\xa0\n-\xa0\n-\xa0\n-\xa0\n-\xa0\n135,414\xa0\n-\xa0\n135,414\xa0\n\xa0 파생상품평가손익\n-\xa0\n-\xa0\n-\xa0\n-\xa0\n-\xa0\n(212,566)\n-\xa0\n(212,566)\n\xa0 배당금수익\n-\xa0\n-\xa0\n260,255\xa0\n-\xa0\n-\xa0\n-\xa0\n-\xa0\n260,255\xa0\n당기손익 합계\n1,813,097\xa0\n(32,684)\n260,255\xa0\n(13,651,577)\n8,328\xa0\n(77,152)\n-\xa0\n(11,679,733)\n[기타포괄손익]\n\u3000\n\u3000\n\u3000\n\u3000\n\u3000\n\u3000\n\u3000\n\u3000\n\xa0 공정가치금융자산평가손익\n-\xa0\n-\xa0\n(1,474,189)\n-\xa0\n-\xa0\n-\xa0\n-\xa0\n(1,474,189)\n\xa0 현금흐름위험회피\n-\xa0\n-\xa0\n-\xa0\n-\xa0\n-\xa0\n-\xa0\n(1,299,761)\n(1,299,761)\n\xa0기타포괄손익 합계\xa0\n-\xa0\n-\xa0\n(1,474,189)\n-\xa0\n-\xa0\n-\xa0\n(1,299,761)\n(2,773,950)\n\xa0총포괄손익 합계\xa0\n1,813,097\xa0\n(32,684)\n(1,213,934)\n(13,651,577)\n8,328\xa0\n(77,152)\n(1,299,761)\n(14,453,683)\n7. 영업부문\n경영진은 영업전략을 수립하는 이사회에서 검토되는 보고 정보에 기초하여 영업부문을 결정하고 있습니다.\xa0이사회는 지주/유통ㆍ물류서비스부문과 기타사업부문으로 구분하여 경영성과를 검토하고 있습니다.이사회는 영업손익에 근거하여 영업부문의 성과를 평가하고 있으며, 이러한 영업손익은 연결재무제표상의 영업손익과 동일한 방식으로 산출됩니다.\n이사회에 보고된 보고부문 정보는 다음과 같습니다(단위:천원).\n구분\n제22(당)기 반기\n지주/유통ㆍ물류서비스부문\n기타사업부문\n합계\n매출 및 지분법손익\n286,921,783\xa0\n6,521,414\xa0\n293,443,197\xa0\n부문간 내부수익\n(26,483)\n(952,200)\n(978,683)\n외부고객으로부터의 수익 및 지분법손익\n286,895,300\xa0\n5,569,214\xa0\n292,464,514\xa0\n영업이익(손실)\n(1,728,886)\n(36,365)\n(1,765,251)\n감가상각비 및 무형자산상각비\n3,832,969\xa0\n1,127,129\xa0\n4,960,098\xa0\n구분\n제21(전)기 반기\n지주/유통ㆍ물류서비스부문(*1)\n기타사업부문(*1)\n합계\n매출 및 지분법손익\n385,502,589\xa0\n6,945,191\xa0\n392,447,780\xa0\n부문간 내부수익\n(27,971)\n(900,000)\n(927,971)\n외부고객으로부터의 수익 및 지분법손익\n385,474,619\xa0\n6,045,191\xa0\n391,519,810\xa0\n영업이익\n27,254,437\xa0\n1,875,576\xa0\n29,130,013\xa0\n감가상각비 및 무형자산상각비\n3,572,303\xa0\n1,100,307\xa0\n4,672,610\xa0\n(*1) 연결포괄손익계산서에는 OSPS, OSU의 매출, 영업이익, 감가상각비 및 무형자산상각비 금액이 중단영업손익으로 표시되어 있습니다.보고부문별 자산과 부채의 총액은 이사회에 정기적으로 제공되지 않아 보고부문 정보에 포함하지 않았습니다.부문간 매출 거래는 독립된 당사자간의 거래 조건에 따라 이루어졌으며, 외부고객으로부터의 수익은 포괄손익계산서와 동일한 방식으로 산출되었습니다.연결회사 전체 수준에서의 외부고객으로부터의 수익은 자동차 부품의 제조 및 용품 공급과 관련된 재화의 판매, 물류서비스를 포함한 기타 용역의 제공 및 기술 사용의 대가로서 수취하는 로열티 수익 등으로 구성되어 있습니다.\n연결회사 전체 외부고객으로부터의 수익 및 지분법손익 중 10% 이상을 차지하는 주요 고객들로부터의 수익 현황은 다음과 같습니다(단위:천원).\n구분\n제22(당)기 반기\n제21(전)기 반기\n매출액\n비중\n매출액\n비중\n주요고객1\n76,270,634\xa0\n26%\n164,032,632\xa0\n42%\n연결회사의 지역별 매출액 및 지역별 비유동자산 금액에 관한 정보는 다음과 같습니다(단위:천원).\n구분\n제22(당)기 반기\n한국\n중국\n미국 등\n합계\n외부고객으로부터의 수익\n242,157,899\xa0\n28,275,698\xa0\n37,673,143\xa0\n308,106,740\xa0\n지분법손익\n(15,642,225)\n-\xa0\n-\xa0\n(15,642,225)\n구분\n제21(전)기 반기\n한국\n중국\n미국\n합계\n외부고객으로부터의 수익(*1)\n304,769,180\xa0\n29,143,667\xa0\n45,769,898\xa0\n379,682,745\xa0\n지분법손익\n11,837,064\xa0\n-\xa0\n-\xa0\n11,837,064\xa0\n(*1) 연결포괄손익계산서에는 OSPS, OSU의 매출액은 중단영업손익으로 표시되어 있습니다.\n구분\n제22(당)기 반기\n한국\n중국\n미국 등\n합계\n관계기업 등에 대한 투자자산\n889,793,680\xa0\n-\xa0\n-\xa0\n889,793,680\xa0\n유형자산\n248,401,798\xa0\n4,063,970\xa0\n11,555,997\xa0\n264,021,765\xa0\n무형자산\n11,526,694\xa0\n336,596\xa0\n492,909\xa0\n12,356,199\xa0\n사용권자산\n65,549,987\xa0\n2,894,329\xa0\n8,504,047\xa0\n76,948,363\xa0\n투자부동산\n146,200,872\xa0\n-\xa0\n-\xa0\n146,200,872\xa0\n구분\n제21(전)기\n한국\n중국\n미국 등\n합계\n관계기업 등에 대한 투자자산\n912,604,895\xa0\n-\xa0\n-\xa0\n912,604,895\xa0\n유형자산\n251,007,866\xa0\n3,638,844\xa0\n12,028,534\xa0\n266,675,244\xa0\n무형자산\n23,577,978\xa0\n134,439\xa0\n554,913\xa0\n24,267,330\xa0\n사용권자산\n28,325,093\xa0\n3,275,275\xa0\n9,083,492\xa0\n40,683,860\xa0\n투자부동산\n142,614,959\xa0\n-\xa0\n-\xa0\n142,614,959\xa0\n8. 금융자산8.1 당기손익-공정가치 금융자산(1) 당기손익-공정가치금융자산(단위:천원)\n구분\n제22(당)기 반기\n제21(전)기\n비유동항목\n\u3000\n\u3000\n\xa0 사모투자신탁\n2,003,801\xa0\n1,940,627\xa0\n\xa0 전환상환우선주\n5,999,065\xa0\n1,499,929\xa0\n\xa0 기타\n841,351\xa0\n655,339\xa0\n합계\n8,844,217\xa0\n4,095,895\xa0\n(2) 당기손익으로 인식된 금액(단위:천원)\n구분\n제22(당)기 반기\n제21(전)기 반기\n당기손익-공정가치 지분상품 관련 손익\n93,005\xa0\n(32,684)\n8.2 기타포괄손익-공정가치금융자산(1) 기타포괄손익-공정가치 지분상품(단위:천원)\n구분\n제22(당)기 반기\n제21(전)기\n비유동항목\n\u3000\n\u3000\n\xa0 상장주식\n\u3000\n\u3000\n\xa0 \xa0 현대종합상사 주식회사\n3,479,214\xa0\n4,735,964\xa0\n\xa0 \xa0 현대코퍼레이션홀딩스 주식회사\n1,732,792\xa0\n2,175,091\xa0\n\xa0 비상장주식\n\u3000\n\u3000\n\xa0 \xa0 립하이 주식회사\n1,108,604\xa0\n1,000,029\xa0\n\xa0 \xa0 기타\n301,000\xa0\n301,000\xa0\n합계\n6,621,610\xa0\n8,212,084\xa0\n위 지분상품의 처분시에는 관련 기타포괄손익누계액은 이익잉여금으로 재분류되며 당기손익으로 재분류되지 않습니다.당반기에 기타포괄손익-공정가치 지분상품의 매각은 없습니다.8.3 매출채권 및 기타상각후원가측정 금융자산(1) 매출채권 및 손실충당금(단위:천원)\n\xa0구분\n제22(당)기 반기\n제21(전)기\n매출채권\xa0\n99,078,618\xa0\n116,409,595\xa0\n손실충당금\xa0\n(559,977)\n(637,252)\n매출채권(순액)\xa0\n98,518,641\xa0\n115,772,343\xa0\n(2) 기타 상각후원가 측정 금융자산(단위:천원)\n구분\n제22(당)기 반기\n제21(전)기\n유동\n비유동\n합계\n유동\n비유동\n합계\n금융기관예치금\n5,526,709\xa0\n806,000\xa0\n6,332,709\xa0\n815,718\xa0\n1,473,553\xa0\n2,289,271\xa0\n미수금\n2,254,287\xa0\n23,069,753\xa0\n25,324,040\xa0\n3,297,951\xa0\n23,064,753\xa0\n26,362,704\xa0\n미수수익\n40,365\xa0\n-\xa0\n40,365\xa0\n26,264\xa0\n-\xa0\n26,264\xa0\n대여금\n12,801,690\xa0\n71,500\xa0\n12,873,190\xa0\n12,757,190\xa0\n146,950\xa0\n12,904,140\xa0\n보증금\n1,973,278\xa0\n11,305,702\xa0\n13,278,980\xa0\n1,922,863\xa0\n10,198,692\xa0\n12,121,555\xa0\n총 장부금액\n22,596,329\xa0\n35,252,955\xa0\n57,849,284\xa0\n18,819,986\xa0\n34,883,948\xa0\n53,703,934\xa0\n\xa0차감: 손실충당금\n(12,455,262)\n(17,033,670)\n(29,488,932)\n(12,455,262)\n(17,033,670)\n(29,488,932)\n상각후원가\n10,141,067\xa0\n18,219,285\xa0\n28,360,352\xa0\n6,364,724\xa0\n17,850,278\xa0\n24,215,002\xa0\n9.\xa0계약자산과 계약부채(1) 연결회사가 인식하고 있는 계약자산과 계약부채는 아래와 같습니다(단위:천원).\n구분\n제22(당)기 반기\n제21(전)기\n기타자산-IT수익\n-\xa0\n40,003\xa0\n계약자산 합계\n-\xa0\n40,003\xa0\n기타부채-변동대가\n119,316\xa0\n110,240\xa0\n기타부채-운송용역\n14,019\xa0\n3,545\xa0\n기타부채-복합운송\n322,442\xa0\n1,531,685\xa0\n기타부채-IT수익\n-\xa0\n356,774\xa0\n기타부채-골프텔분양수익\n2,863,553\xa0\n2,867,448\xa0\n계약부채 합계\n3,319,330\xa0\n4,869,692\xa0\n(2) 계약부채에 대해 인식한 수익전기에서 이월된 계약부채와 관련하여 당반기에 수익으로 인식한 금액은 다음과 같습니다(단위:천원).\n구분\n제22(당)기 반기\n기초의 계약부채 잔액 중 당기에 인식한 수익\n\u3000\n\xa0 변동대가\n110,240\xa0\n\xa0 운송용역\n3,545\xa0\n\xa0 복합운송\n1,531,685\xa0\n\xa0 IT수익\n356,774\xa0\n\xa0 골프텔분양수익\n3,895\xa0\n10. 사용이 제한된 금융기관예치금사용이 제한된 금융기관예치금의 세부 내역은 다음과 같습니다(단위:천원).\n구분\n거래처\n제22(당) 반기\n제21(전)기\n제한 사유\n유동성\n우리은행\n813,126\xa0\n810,605\xa0\n차입금 관련 근질권설정 및 당좌개설보증금\nQNB FINANSBANK\n262,740\xa0\n-\xa0\n예금담보\n비유동성\n제주은행\n800,000\xa0\n800,000\xa0\n서울보증보험에 담보 제공\n우리은행 등\n6,000\xa0\n6,000\xa0\n당좌개설보증금\nQNB FINANSBANK\n-\xa0\n292,005\xa0\n예금담보\n합계\n1,881,866\xa0\n1,908,610\xa0\n\u3000\n11. 재고자산재고자산의 세부 내역은 다음과 같습니다(단위:천원).\n구분\n제22(당)기 반기\n제21(전)기\n취득가액\n평가손실누계\n장부가액\n취득가액\n평가손실누계\n장부가액\n상품\n79,004,369\xa0\n(912,505)\n78,091,864\xa0\n71,999,411\xa0\n(747,437)\n71,251,974\xa0\n제품\n997,465\xa0\n(30,067)\n967,398\xa0\n594,469\xa0\n(30,067)\n564,402\xa0\n재공품\n1,060,466\xa0\n-\xa0\n1,060,466\xa0\n766,563\xa0\n-\xa0\n766,563\xa0\n원재료\n5,087,766\xa0\n-\xa0\n5,087,766\xa0\n4,840,523\xa0\n-\xa0\n4,840,523\xa0\n저장품\n65,408\xa0\n-\xa0\n65,408\xa0\n106,125\xa0\n-\xa0\n106,125\xa0\n미착품\n2,222,357\xa0\n-\xa0\n2,222,357\xa0\n3,641,878\xa0\n-\xa0\n3,641,878\xa0\n합계\n88,437,831\xa0\n(942,572)\n87,495,259\xa0\n81,948,969\xa0\n(777,504)\n81,171,465\xa0\n당반기 중 비용으로 인식되어 매출원가에 포함된 재고자산의 원가는 197,152,218 천원(전반기: 240,739,214 천원)입니다. 당반기 중 인식한 재고자산 평가손실액은 165,068천원이며(전반기: 357,050천원) 포괄손익계산서의 매출원가에 포함되어 있습니다.\n12. 파생금융상품\n(1) 통화선도 및 스왑계약\n회사의 파생금융상품 중 통화선도 계약과 관련된 세부 내역은 다음과 같습니다(단위:천원,천USD).\n계약처(*)\nPosition\n매도금액(단위:천)\n매입금액(단위:천)\n약정환율\n계약만기일\n[현금흐름위험회피]\n신한은행\n매도\n\xa0USD\xa0\n\xa0 \xa0 \xa0 \xa0\xa0 7,650\xa0\nKRW\n\xa0 \xa0 \xa0\xa0 9,168,610\xa0\n1191.30~1204.45\n2020.07.31 ~ 2020.12.31\n국민은행\n매도\n\xa0USD\xa0\n\xa0 \xa0 \xa0 \xa0 \xa0 \xa0 700\xa0\nKRW\n\xa0 \xa0 \xa0 \xa0 \xa0 838,320\xa0\n1197.60\n2020.07.31\n(*) 회사는 당반기말 현재 파생금융상품 거래와 관련하여 국민은행과 USD 52,000천, 신한은행과 USD 5,000천의 한도 계약을 체결하고 있습니다.현금흐름위험회피와 관련하여 위험회피대상인 발생가능성이 매우 높은 예상거래는 향후 6개월 동안 다양한 일자에 발생할 것으로 예상되며, 현금흐름위험회피를 적용하였으나 더이상 발생할 것으로 기대되지 않는 예상거래는 없습니다.현금흐름위험회피와 관련하여 당반기 중 기타포괄손익으로 인식된 평가이익은 257,043천원(전반기 평가손실: 330,269천원)입니다. 기타포괄손익에서 당기손익으로 재분류된 평가손실 499,741천원(전반기 평가손실: 969,492천원)은 매출액으로 인식되었습니다. 연결회사의 통화스왑과 관련되어 있는 파생금융상품의 세부 내역은 다음과 같습니다(단위: 천원, 천USD).\n계약처\n원금\n이자\n계약만기일\n지급(KRW)\n수취(USD)\n지급(KRW)\n수취(USD)\n[당기손익인식]\n국민은행\n23,485,000\n22,000\n고정금리 연3.48%\n변동 금리\xa0\nLibor(3M)+1.55%\n2021.03.26\n연결회사는 외화차입금에 대한 이자율 및 환율변동위험을 회피하기 위하여 통화스왑계약을 체결하였습니다. 당반기말 현재 미결제약정 통화스왑 계약대상차입금은 USD 22,000천입니다. 해당 통화스왑계약과 관련하여 파생상품평가이익 909,954천원을 기타수익으로 인식하였습니다.파생금융상품의 공정가치 평가 내역은 다음과 같습니다(단위:천원).\n구분\n제22(당)기 반기\n제21(전)기\n자산\n부채\n자산\n부채\n[유동성 항목]\n\u3000\n\u3000\n\xa0현금흐름위험회피\n\u3000-\xa0\n\xa0 \xa0 \xa0 \xa0 \xa0 \xa0 10,193\xa0\n232,505\xa0\n\u3000-\xa0\n\xa0당기손익인식\n\xa0 \xa0 \xa0 \xa0\xa0 2,607,663\xa0\n\xa0 \xa0 \xa0 \xa0 \xa0 \xa0 \xa0 \xa0 \xa0 \xa0 -\xa0\n37,867\xa0\n-\xa0\n[비유동성 항목]\n\u3000\n\u3000\n\xa0당기손익인식\n\u3000-\xa0\n\xa0 \xa0 \xa0 \xa0 \xa0 \xa0 \xa0 \xa0 \xa0 -\xa0\n\xa01,659,841\xa0\n-\xa0\n(2) 옵션계약\n2017년 중 회사는 한라스택폴 주식회사의 지분매각과 관련하여 매수자와 잔여지분에 대해 다음과 같이 옵션계약을 체결하였습니다.\n구분\n풋옵션\n콜옵션\n행사가능기간\n매각일로부터 5년 이후 4년간\n풋옵션 행사기간 만료 후 4년간\n행사금액(*1)\n지분율*(EBITDA*8.5-Net Debt)\n지분율*(EBITDA*8.5-Net Debt)\n옵션 보유자\n(주)한라홀딩스\nStackpole(*2)\n기타\n·매각일이후 5년의 기간동안 제3자에게 지분을 양도할 수 없음·해당기간 이후 각 주주가 제3자에게 보유지분 매각을 원하는 경우 다른 주주는 해당 지분에 대한 \xa0\xa0 우선매수청구권을 행사할 수 있음·Stackpole이 보유지분을 제3자에게 매각하여 대주주 지위를 상실하는 경우 회사는 공동매각권을 \xa0\xa0 행사할 수 있음·Stackpole이 보유지분을 전량 제3자에게 매각하는 경우 Stackpole은 공동매각청구권을 행사할 수 있음\n(*1) 행사시점 직전년도 연결재무제표상 금액기준(*2) 한라스택폴 주식회사의 기존 지분을 보유하고 있는 STACKPOLE INVESTMENT LIMITED와 당 지분매각의 직접당사자인 JOHNSON ELECTRIC INTERNATIONAL(UK) LIMITED를 통칭해당 파생금융상품의 공정가치 평가 내역은 다음과 같습니다(단위:천원).\n구분\n제22(당)기 반기\n제21(전)기\n자산\n부채\n자산\n부채\n[비유동성 항목]\n\u3000\n\u3000\n\u3000\n\u3000\n당기손익인식\n19,263,392\xa0\n13,466,671\xa0\n14,172,748\xa0\n7,639,834\xa0\n당반기 중 당기손익으로 인식된 파생상품 평가이익 5,090,644원 및 파생상품 평가손실 5,826,837원이 기타수익 및 기타비용으로 인식되었습니다.\xa0 \xa0 \n13. 관계기업 및 공동기업에 대한 투자자산\n관계기업 및 공동기업에 대한 투자자산을 구성하는 관계기업 및 공동기업 현황은 다음과 같습니다.\n구분\n기업명\n약칭(*1)\n소재국가\n소유지분율(%)\n결산월\n제22(당)기 반기\n제21(전)기\n관계기업\n주식회사 만도\nMANDO\n한국\n\xa0 \xa0 \xa0 \xa0 \xa0 \xa0 \xa0 \xa0 30.25\xa0\n\xa0 \xa0 \xa0 \xa0 \xa0 \xa0 \xa0 \xa0 30.25\xa0\n12월\n주식회사 한라(*2)\nHL\n한국\n\xa0 \xa0 \xa0 \xa0 \xa0 \xa0 \xa0 \xa0 15.85\xa0\n\xa0 \xa0 \xa0 \xa0 \xa0 \xa0 \xa0 \xa0 15.85\xa0\n12월\n한라스택폴 주식회사\nHSC\n한국\n\xa0 \xa0 \xa0 \xa0 \xa0 \xa0 \xa0 \xa0 20.00\xa0\n\xa0 \xa0 \xa0 \xa0 \xa0 \xa0 \xa0 \xa0 20.00\xa0\n3월\n주식회사 제이디테크\nJDT\n한국\n\xa0 \xa0 \xa0 \xa0 \xa0 \xa0 \xa0 \xa0\xa0 35.09\xa0\n\xa0 \xa0 \xa0 \xa0 \xa0 \xa0 \xa0 \xa0\xa0 35.09\xa0\n12월\n주식회사 에이엠티엔지니어링\nAMT\n한국\n\xa0 \xa0 \xa0 \xa0 \xa0 \xa0 \xa0 \xa0\xa0 22.22\xa0\n\xa0 \xa0 \xa0 \xa0 \xa0 \xa0 \xa0 \xa0\xa0 22.22\xa0\n12월\n주식회사 와이드\nWD\n한국\n\xa0 \xa0 \xa0 \xa0 \xa0 \xa0 \xa0 \xa0 19.24\n\xa0 \xa0 \xa0 \xa0 \xa0 \xa0 19.24\xa0\n12월\n공동기업\n만도헬라일렉트로닉스 주식회사\nMHE\n한국\n\xa0 \xa0 \xa0 \xa0 \xa0 \xa0 \xa0 \xa0 50.00\n\xa0 \xa0 \xa0 \xa0 \xa0 \xa0 \xa0 \xa0 50.00\n12월\n(*1) 이하 약칭 사용(*2) 보통주 지분율은 15.85%이며, 우선주 지분율은 100%이나, 우선주의 전환비율 및 HL가 보유한 자기주식을 고려하여 지분법에 적용한 지분율은 보통주 6.94%, 우선주 57.33%입니다.\n관계기업 및 공동기업에 대한 투자자산의 장부금액 변동 내역은 다음과 같습니다(단위:천원).\n기업명\n제22(당)기 반기\n기초\n배당금\n당기손익 중 지분 해당액\n기타포괄손익에  대한 지분\n재측정요소에  대한 지분\n이익잉여금 변동에 대한 지분\n기말\nMANDO\n609,464,390\xa0\n(7,811,788)\n(34,978,004)\n6,785,246\xa0\n-\xa0\n-\xa0\n573,459,844\xa0\nMHE\n79,089,417\xa0\n(5,001,120)\n(2,242,550)\n589,725\xa0\n260,568\xa0\n-\xa0\n72,696,040\xa0\nHL(보통주)\n16,707,461\xa0\n-\xa0\n1,812,817\xa0\n(2,646)\n(236,375)\n9,453\xa0\n18,290,710\xa0\nHL(우선주)\n152,809,020\xa0\n-\xa0\n19,148,360\xa0\n(21,846)\n(1,951,707)\n78,049\xa0\n170,061,876\xa0\nHSC\n49,015,502\xa0\n(604,800)\n700,369\xa0\n257,779\xa0\n284,108\xa0\n-\xa0\n49,652,958\xa0\nJDT\n2,167,222\xa0\n(150,134)\n(427,242)\n346,499\xa0\n-\xa0\n-\xa0\n1,936,345\xa0\nAMT\n530,875\xa0\n-\xa0\n(5,458)\n-\xa0\n-\xa0\n-\xa0\n525,417\xa0\nWD\n2,821,007\xa0\n-\xa0\n349,483\xa0\n-\xa0\n-\xa0\n\u3000\n3,170,490\xa0\n합계\n912,604,894\xa0\n(13,567,842)\n(15,642,225)\n7,954,757\xa0\n(1,643,406)\n87,502\xa0\n889,793,680\xa0\n기업명\n제21(전)기 반기\n기초\n기타포괄손익손익공정가치금융자산에서의 재분류\n배당금\n당기손익 중 지분 해당액\n기타포괄손익에  대한 지분\n재측정요소에  대한 지분\n기말\nMANDO\n590,093,038\xa0\n-\xa0\n(7,101,625)\n8,001,515\xa0\n12,350,317\xa0\n-\xa0\n603,343,245\xa0\nMHE\n74,201,321\xa0\n-\xa0\n(6,000,240)\n5,874,331\xa0\n587,369\xa0\n-\xa0\n74,662,781\xa0\nHL(보통주)\n17,047,129\xa0\n-\xa0\n-\xa0\n(908,391)\n21,186\xa0\n(99,350)\n16,060,574\xa0\nHL(우선주)\n145,354,603\xa0\n-\xa0\n-\xa0\n(2,370,928)\n174,930\xa0\n(820,321)\n142,338,284\xa0\nHSC\n46,573,613\xa0\n-\xa0\n(604,800)\n1,347,526\xa0\n355,206\xa0\n5,732\xa0\n47,677,277\xa0\nJDT\n2,208,997\xa0\n-\xa0\n(228,576)\n11,699\xa0\n-\xa0\n-\xa0\n1,992,120\xa0\nAMT\n542,552\xa0\n-\xa0\n-\xa0\n(15,844)\n-\xa0\n-\xa0\n526,708\xa0\nWD\n-\xa0\n2,677,302\xa0\n-\xa0\n(102,840)\n-\xa0\n-\xa0\n2,574,462\xa0\n합계\n876,021,253\xa0\n2,677,302\xa0\n(13,935,241)\n11,837,068\xa0\n13,489,008\xa0\n(913,939)\n889,175,451\xa0\n주요 관계기업에 대한 요약 재무정보는 다음과 같습니다(단위:천원).\n기업명\n제22(당)기 반기\n제21(전)기\n자산\n부채\n자본\n자산\n부채\n자본\nMANDO\n4,523,434,972\xa0\n3,048,574,631\xa0\n1,474,860,341\xa0\n4,594,167,211\xa0\n3,008,702,949\xa0\n1,585,464,262\xa0\nMHE\n442,320,521\xa0\n296,925,907\xa0\n145,394,614\xa0\n472,719,782\xa0\n329,075,123\xa0\n143,644,659\xa0\nHL\n1,683,355,871\xa0\n1,395,125,428\xa0\n288,230,443\xa0\n1,588,187,042\xa0\n1,327,117,098\xa0\n261,069,944\xa0\nHSC\n207,680,839\xa0\n40,534,413\xa0\n167,146,426\xa0\n204,940,569\xa0\n42,240,192\xa0\n162,700,377\xa0\n기업명\n제22(당)기 반기\n제21(전)기 반기\n매출액\n당기손익\n총포괄손익\n매출액\n당기손익\n총포괄손익\nMANDO\n2,323,512,729\xa0\n(102,318,584)\n(74,296,081)\n2,878,680,703\xa0\n51,311,375\xa0\n94,583,892\xa0\nMHE\n279,152,576\xa0\n(4,246,719)\n(2,546,135)\n307,384,717\xa0\n11,968,614\xa0\n13,143,352\xa0\nHL\n754,965,246\xa0\n30,466,623\xa0\n27,160,499\xa0\n584,057,433\xa0\n(7,828,215)\n(8,894,671)\nHSC\n75,252,685\xa0\n4,787,825\xa0\n7,667,869\xa0\n85,029,060\xa0\n8,023,595\xa0\n9,794,262\xa0\n당반기말 현재 회사는 피투자회사의 최근 검토받은 재무제표 또는 가결산 재무제표를 기준으로 지분법을 적용하였습니다.\n관계기업 및 공동기업의 재무정보 금액을 관계기업 및 공동기업에 대한 지분의 장부금액으로 조정한 내역은 다음과 같습니다(단위:천원).\n기업명\n제22(당)기 반기\n지배자산 순자산\n지분율(%)\n순자산 지분금액\n영업권 등\n미실현이익\n기타(*3)\n장부금액\nMANDO(*1)\n1,206,303,437\xa0\n30.33\xa0\n365,906,268\xa0\n209,096,032\xa0\n(1,542,456)\n-\xa0\n573,459,844\xa0\nMHE\n145,392,076\xa0\n50.00\xa0\n72,696,040\xa0\n-\xa0\n-\xa0\n-\xa0\n72,696,040\xa0\nHL(보통주)(*2)\n288,210,299\xa0\n6.94\xa0\n20,012,505\xa0\n512,534\xa0\n(656,258)\n(1,578,071)\n18,290,710\xa0\nHL(우선주)(*2)\n288,210,299\xa0\n57.33\xa0\n165,240,024\xa0\n-\xa0\n(5,418,619)\n10,240,471\xa0\n170,061,876\xa0\nHSC\n170,546,439\xa0\n20.00\xa0\n34,109,287\xa0\n15,543,671\xa0\n-\xa0\n-\xa0\n49,652,958\xa0\nJDT\n5,784,753\xa0\n35.09\xa0\n2,029,740\xa0\n-\xa0\n-\xa0\n(93,395)\n1,936,345\xa0\nAMT\n1,561,958\xa0\n22.22\xa0\n347,102\xa0\n178,315\xa0\n-\xa0\n-\xa0\n525,417\xa0\nWD\n16,475,787\xa0\n19.24\xa0\n3,170,490\xa0\n-\xa0\n-\xa0\n-\xa0\n3,170,490\xa0\n기업명\n제21(전)기\n지배지분순자산\n지분율(%)\n순자산지분금액\n영업권 등\n미실현이익\n기타(*3)\n장부금액\nMANDO(*1)\n1,317,435,852\xa0\n30.33\xa0\n399,615,903\xa0\n211,468,355\xa0\n(1,619,868)\n-\xa0\n609,464,390\xa0\nMHE\n158,178,834\xa0\n50.00\xa0\n79,089,417\xa0\n-\xa0\n-\xa0\n-\xa0\n79,089,417\xa0\nHL(보통주)(*2)\n261,050,786\xa0\n6.94\xa0\n18,126,626\xa0\n558,935\xa0\n(663,689)\n(1,314,411)\n16,707,461\xa0\nHL(우선주)(*2)\n261,050,786\xa0\n57.33\xa0\n149,668,622\xa0\n-\xa0\n(5,479,972)\n8,620,370\xa0\n152,809,020\xa0\nHSC\n166,073,176\xa0\n20.00\xa0\n33,214,636\xa0\n15,800,867\xa0\n-\xa0\n-\xa0\n49,015,502\xa0\nJDT\n6,322,081\xa0\n35.09\xa0\n2,218,276\xa0\n-\xa0\n-\xa0\n(51,054)\n2,167,222\xa0\nAMT\n1,586,518\xa0\n22.22\xa0\n352,560\xa0\n178,315\xa0\n-\xa0\n-\xa0\n530,875\xa0\nWD\n14,659,664\xa0\n19.24\xa0\n2,821,007\xa0\n-\xa0\n-\xa0\n-\xa0\n2,821,007\xa0\n(*1) 당반기 및 전기말 현재 관계기업에 대한 명목지분율은 30.25%이고, 보유 자기주식을고려한 연결회사의 유효지분율은 30.33%입니다.(*2)\xa0보통주 지분율은 15.85%이며, 우선주 지분율은 100%이나, 우선주의 전환비율 및 HL이 보유한 자기주식을 고려하여 지분법에 적용한 지분율은 보통주 6.94%, 우선주 57.33%입니다.(*3) 배당에 대한 권리가 우선하는 우선주에 대해 잔여재산 배분우선권 등을 고려하여 우선주 배당금액을 인식한 효과입니다.\n시장성있는 관계기업의 공정가치는 다음과 같습니다(단위:천원).\n기업명\n제22(당)기 반기\n제21(전)기\n공정가치\n장부가액\n공정가치\n장부가액\nMANDO\n317,442,638\xa0\n573,459,844\xa0\n499,954,400\xa0\n609,464,390\xa0\nHL(보통주)\n17,436,219\xa0\n18,290,710\xa0\n18,483,624\xa0\n16,707,461\xa0\n14. 유형자산, 무형자산 및 투자부동산유형자산, 무형자산 및 투자부동산의 장부금액 변동 내역은 다음과 같습니다(단위:천원).\n구분\n제22(당)기 반기\n제21(전)기 반기\n유형자산\n무형자산\n투자부동산\n유형자산\n무형자산\n투자부동산\n기초 장부금액\n266,675,244\xa0\n24,267,330\xa0\n142,614,959\xa0\n262,403,195\xa0\n29,191,085\xa0\n142,631,081\xa0\n취득 및 후속지출\n1,919,010\xa0\n346,706\xa0\n313,879\xa0\n5,622,456\xa0\n438,079\xa0\n-\xa0\n처분 및 폐기\n(61,402)\n(11,185,964)\n-\xa0\n(62,176)\n-\xa0\n-\xa0\n상각\n(3,854,126)\n(1,079,587)\n(26,386)\n(3,499,307)\n(1,165,242)\n(8,061)\n손상\n(1,173,249)\n-\xa0\n-\xa0\n-\xa0\n-\xa0\n-\xa0\n대체\n-\xa0\n-\xa0\n3,298,420\xa0\n-\xa0\n-\xa0\n-\xa0\n외화환산차이\n516,287\xa0\n7,715\xa0\n-\xa0\n353,789\xa0\n18,719\xa0\n-\xa0\n반기말 장부금액\n264,021,765\xa0\n12,356,200\xa0\n146,200,872\xa0\n264,817,957\xa0\n28,482,641\xa0\n142,623,020\xa0\n취득원가\n330,300,141\xa0\n23,666,392\xa0\n146,372,291\xa0\n324,884,945\xa0\n40,586,041\xa0\n142,759,992\xa0\n상각 및 손상차손누계액\n(66,278,376)\n(11,310,192)\n(171,419)\n(60,066,988)\n(12,103,400)\n(136,972)\n15.\xa0리스(1) 연결재무상태표에 인식된 금액\n리스와 관련해 연결재무상태표에\xa0인식된 금액은 다음과 같습니다(단위:천원).\n구\xa0\xa0 분\n제22(당)기 반기\n제21(전)기\n리스채권\n\xa0유동\n604,155\xa0\n1,173,971\xa0\n구\xa0\xa0 분\n제22(당)기 반기\n제21(전)기\n사용권자산\n\xa0부동산\n75,274,969\xa0\n38,476,535\xa0\n\xa0차량운반구\n1,672,444\xa0\n2,203,662\xa0\n\xa0비품\n950\xa0\n3,663\xa0\n합계\n76,948,363\xa0\n40,683,860\xa0\n구\xa0\xa0 분\n제22(당)기 반기\n제21(전)기\n리스부채\n\xa0유동\n18,086,234\xa0\n15,438,759\xa0\n\xa0비유동\n61,665,427\xa0\n25,670,072\xa0\n합계\n79,751,661\xa0\n41,108,831\xa0\n당기 중 증가된 사용권자산은 46,804,039천원이며, 이 중 3,298,420천원은 투자부동산으로 재분류되었습니다(주석14참조).(2) 연결손익계산서에 인식된 금액리스와 관련해서 연결손익계산서에 인식된 금액은 다음과 같습니다(단위:천원).\n구\xa0\xa0 분\n제22(당)기 반기\n제21(전)기 반기\n사용권자산의 감가상각비 (매출원가 및 관리비에 포함)\n\u3000\n\u3000\n\xa0부동산\n6,864,512\xa0\n6,017,998\xa0\n\xa0차량운반구\n646,397\xa0\n728,152\xa0\n\xa0비품\n2,864\xa0\n-\xa0\n합계\n7,513,773\xa0\n6,746,150\xa0\n리스부채에 대한 이자비용 (금융비용에 포함)\n822,899\xa0\n577,149\xa0\n전대리스 순투자에 대한 이자수익 (유효이자율법에 따른 이자수익에 포함)\n16,980\xa0\n8,328\xa0\n단기리스가 아닌 소액자산 리스료 (관리비에 포함)\n29,483\xa0\n24,757\xa0\n당반기 중 리스의 총 현금유출은 8,191,765천원 입니다.16.\xa0순확정급여부채\n연결재무상태표에 인식된 순확정급여부채는 다음과 같습니다(단위:천원).\n구\xa0\xa0 분\n제22(당)기 반기\n제21(전)기\n기금이 적립된 확정급여채무의 현재가치\n20,692,058\xa0\n20,018,941\xa0\n사외적립자산의 공정가치\n(8,171,017)\n(8,407,079)\n재무상태표상 부채\n12,521,041\xa0\n11,611,863\xa0\n확정급여채무의 변동 내역은 다음과 같습니다(단위:천원).\n구분\n제22(당)기 반기\n제21(당)기 반기\n기초금액\n20,018,941\xa0\n17,055,395\xa0\n당기근무원가\n1,609,467\xa0\n1,758,436\xa0\n이자원가\n162,086\xa0\n166,344\xa0\n계열사 전입\n63,032\xa0\n-\xa0\n계열사 전출\n(754,253)\n(139,948)\n급여지급액\n(407,215)\n(2,096,450)\n반기말 금액\n20,692,058\xa0\n16,743,777\xa0\n사외적립자산 공정가치의 변동 내역은 다음과 같습니다(단위:천원).\n구분\n제22(당)기 반기\n제21(전)기 반기\n기초금액\n8,407,079\xa0\n6,178,500\xa0\n추가납입\n-\xa0\n1,000,000\xa0\n이자수익\n76,844\xa0\n50,370\xa0\n계열사 전입\n50,170\xa0\n-\xa0\n계열사 전출\n(179,820)\n(106,673)\n급여지급액\n(183,256)\n(1,189,386)\n반기말 금액\n8,171,017\xa0\n5,932,811\xa0\n17. 충당부채\n연결회사는 판매한 제품 및 상품과 관련하여 보증수리기간 내의 경상적 부품수리 및 비경상적인 부품개체 그리고 판매한 제품 및 상품의 하자로 인한 사고의 보상을 위하여 장래에예상되는 보증수리비를 판매보증충당부채로 설정하고 있습니다. 또한, 소송 혹은 분쟁, 리스계약에 따른 원상복구의무 등과 관련하여 경제적 효익이 내재된 자원이 유출될 가능성이 높고 그 금액을 신뢰성 있게 추정할 수 있는 경우 그 금액을 기타의 충당부채로 인식하고 있습니다.\n연결회사는 보고기간 말로부터 1년 이내에 지급될 것으로 예상되는 충당부채는 유동성으로, 그 이후에 지급될 것으로 예상되는 충당부채는 비유동성으로 분류하고 있습니다.\n충당부채 장부금액의 변동 내역은 다음과 같습니다(단위:천원).\n구분\n제22(당)기 반기\n제21(전)기 반기\n판매보증충당부채\n기타충당부채\n합계\n판매보증충당부채\n기타충당부채\n합계\n기초 장부금액(변경전)\n388,253\xa0\n2,218,143\xa0\n2,606,396\xa0\n432,312\xa0\n239,933\xa0\n672,245\xa0\n회계정책 변경효과\n-\xa0\n-\xa0\n-\xa0\n-\xa0\n1,323,020\xa0\n1,323,020\xa0\n기초 장부금액(변경후)\n388,253\xa0\n2,218,143\xa0\n2,606,396\xa0\n432,312\xa0\n1,562,953\xa0\n1,995,265\xa0\n충당부채 전입\n153,125\xa0\n294,375\xa0\n447,500\xa0\n177,955\xa0\n12,536\xa0\n190,491\xa0\n충당부채 환입\n-\xa0\n-\xa0\n-\xa0\n-\xa0\n(42,758)\n(42,758)\n사용액\n(83,343)\n-\xa0\n(83,343)\n(113,135)\n-\xa0\n(113,135)\n외화환산차이\n7,532\xa0\n5,675\xa0\n13,207\xa0\n7,942\xa0\n-\xa0\n7,942\xa0\n기말 장부금액\n465,567\xa0\n2,518,193\xa0\n2,983,760\xa0\n505,074\xa0\n1,532,731\xa0\n2,037,805\xa0\n유동성 항목\n465,567\xa0\n239,933\xa0\n705,500\xa0\n505,074\xa0\n239,933\xa0\n745,007\xa0\n비유동성 항목\n-\xa0\n2,278,260\xa0\n2,278,260\xa0\n-\xa0\n1,292,799\xa0\n1,292,799\xa0\n18. 사채 및 차입금사채의 세부 내역은 다음과 같습니다(단위:천원).\n종류\n발행일\n만기일\n이자율(%)\n제22(당)기 반기\n제21(전)기\n유동성\n비유동성\n유동성\n비유동성\n제6-3회 공모사채\n2013.12.6\n2020.12.6\n4.48\n69,000,000\xa0\n-\xa0\n69,000,000\xa0\n-\xa0\n제7-3회 공모사채\n2016.3.4\n2021.3.4\n3.40\n36,000,000\xa0\n-\xa0\n-\xa0\n36,000,000\xa0\n제9회 공모사채\n2017.7.12\n2020.7.12\n3.11\n47,000,000\xa0\n-\xa0\n47,000,000\xa0\n-\xa0\n제10회 공모사채\n2018.03.14\n2021.03.14\n3.44\n57,000,000\xa0\n-\xa0\n-\xa0\n57,000,000\xa0\n제11회 공모사채\n2019.09.27\n2022.09.27\n2.19\n-\xa0\n59,000,000\xa0\n-\xa0\n59,000,000\xa0\n제2회 이익참가부사채(*)\n2016.03.10\n2022.03.10\n5.00\n80,000,000\xa0\n-\xa0\n80,000,000\xa0\n-\xa0\n소계\n289,000,000\xa0\n59,000,000\xa0\n196,000,000\xa0\n152,000,000\xa0\n차감: 사채할인발행차금\n(112,693)\n(198,879)\n(81,647)\n(402,290)\n차감계\n288,887,307\xa0\n58,801,121\xa0\n195,918,353\xa0\n151,597,710\xa0\n(*) 해당 사채의 보유자는 매년 지급 받은 이자 및 이익배당액의 합산액이 사채 액면의 15%가 될 때까지 발행회사의 배당가능이익에 대하여 발행회사 주주에 우선하여 누적적으로이익배당에 참가할 수 있습니다. 약정에 따라 선순위 차입금이 상환되는 경우 채권자가 조기상환청구권을 행사할 수 있음을 고려하여 유동성 사채로 분류하였습니다.\n단기차입금의 세부 내역은 다음과 같습니다(단위:천).\n종류\n차입처\n이자율(%)\n제22(당)기 반기\n제21(전)기\n운영자금대출\n우리은행 등\n1.81~3.66\n66,454,351\xa0\n7,946,103\xa0\n신한은행(중국)\n4.09\xa0\n2,200,509 (CNY 12,970)\n403,493 (CNY 2,434)\n국민은행(중국)\n3.61\xa0\n1,312,655 (CNY 7,737)\n-\xa0\n신한은행(미국)\n1.82~2.61\n3,118,458 (USD 2,597)\n2,428,138(USD 2,097)\nComerica Bank\n1.82~1.83\n14,115,808 (USD 11,756)\xa0\n13,249,184 (USD 11,443)\n주식회사 한라\n4.60\xa0\n17,300,000\xa0\n17,300,000\xa0\n합계\n104,501,781\xa0\n41,326,918\xa0\n장기차입금의 세부 내역은 다음과 같습니다(단위:천).\n종류\n차입처\n이자율(%)\n제22(당)기 반기\n제21(전)기\n유동성\n비유동성\n유동성\n비유동성\n일반차입금\n산업은행 등\n2.32~3.65\n106,415,400\xa0\n30,000,000\xa0\n-\xa0\n135,471,600\xa0\n일반차입금\n신한은행(중국)\n4.50\n-\xa0\n3,562,860 (CNY 21,000)\xa0\n-\xa0\n3,148,496(CNY 18,997)\n운영자금대출\nQNB Finans Bank\n-\xa0\n262,740 (TRY 1,500)\xa0\n\u3000-\xa0\n-\xa0\n292,005(TRY 1,500)\nPPP loan\nComerica Bank\n1.00\n\u3000-\xa0\n607,794 (USD 506)\xa0\n-\xa0\n-\n인수금융대출(*1)\n세인트포제일차 주식회사 등\n3.89\n80,000,000\xa0\n-\xa0\n80,000,000\xa0\n-\xa0\n소계\n186,678,140\xa0\n34,170,654\xa0\n80,000,000\xa0\n138,912,101\xa0\n차감: 현재가치할인차금\n(296,071)\n-\xa0\n(657,229)\n-\xa0\n차감계\n186,382,069\xa0\n34,170,654\xa0\n79,342,771\xa0\n138,912,101\xa0\n(*1) 동 차입금과 관련하여 회사가 보유하고 있는 JJH 주식, JJH의 예금계좌와 JJH가 보유한부동산담보신탁 1순위 수익권이 담보로 제공(채권최고액 143,000,000천원)되어 있습니다.\xa0 또한, JJH의 유형자산과 투자부동산을 목적물로 하는 공동 1순위 근저당권(채권최고액 1,000,000천원)이 설정되어 있으며, 동 차입금의 상환 및 책임의 이행을 보장하기 위하여 JJH의 유형자산과 투자부동산에 대해 (주)하나자산신탁과 부동산담보신탁 계약을 체결하고있습니다.아울러 해당 차입금과 관련하여 대주에게 지급하는 이자소득에 부과되는 법인세 및 지방소득세의 원천징수세액에 상당하는 금원을 대주에게 대여하는 후순위대출약정을 체결하고 있으며, 당반기말 현재 JJH가 본 약정에 따라 대주에게 대여한 금액은 331,985천원(전기말: 331,985천원)입니다.차입금에 대한 담보제공 내역은 다음과 같습니다(단위:천원).\n구분\n제22(당)기 반기\n장부금액\n담보설정금액\n관련 차입금\n관련 금액\n담보권자\n\xa0토지/건물\xa0\n8,241,971\xa0\n7,670,000\xa0\n일반회전자금\n5,900,000\xa0\n신한은행\n\xa0토지/건물\xa0\n42,423,006\xa0\n54,000,000\xa0\n시설대금\n30,000,000\xa0\n산업은행\n\xa0토지/건물\xa0\n2,760,849\xa0\n2,760,849\xa0\nLine of Credit\n3,118,458\xa0\nShinhan Bank\n\xa0재고/설비/매출채권\xa0\n28,053,613\xa0\n28,053,613\xa0\nLine of Credit\n10,513,708\xa0\nComerica Bank\xa0\n단기금융상품\n262,740\xa0\n262,740\xa0\n일반회전자금\n262,740\xa0\nQNB Finans Bank\n\xa0종속기업주식(*1)\xa0\n-\xa0\n50,000,000\xa0\n인수금융대출\n80,000,000\xa0\n세인트포제일차  주식회사 등\n구분\n제21(전)기\n장부금액\n담보설정금액\n관련 차입금\n관련 금액\n담보권자\n\xa0토지/건물\xa0\n8,314,905\xa0\n7,670,000\xa0\n\xa0일반회전자금\xa0\n5,900,000\xa0\n\xa0신한은행\xa0\n\xa0토지/건물\xa0\n42,790,976\xa0\n54,000,000\xa0\n\xa0시설대금\xa0\n30,000,000\xa0\n\xa0산업은행\xa0\n\xa0토지/건물\xa0\n2,714,012\xa0\n2,714,012\xa0\nLine of Credit\n2,428,138\xa0\nShinhan Bank\n\xa0재고/설비/매출채권\xa0\n28,661,412\xa0\n28,661,412\xa0\n\xa0Line of Credit\xa0\n10,354,684\xa0\n\xa0Comerica Bank\xa0\xa0\n\xa0장기금융상품\n292,005\xa0\n292,005\xa0\n\xa0일반회전자금\n292,005\xa0\n\xa0QNB Finans Bank\n\xa0종속기업주식(*1)\xa0\n-\xa0\n50,000,000\xa0\n\xa0인수금융대출\xa0\n80,000,000\xa0\n\xa0세인트포제일차 주식회사 등\xa0\n(*1) 회사가 보유한 JJH 발행 주식으로 별도재무제표상 장부금액은 19,134,919천원이며 연결재무상태표 상 회사의 투자와 종속기업의 자본이 상계되었습니다.\n19. 자본금, 기타자본 및 기타포괄손익누계액\n당반기 중 연결회사의 자본금 및 주식발행초과금의 변동내역은 없습니다.\n기타자본의 세부내역은 다음과 같습니다(단위:천원).\n구분\n제22(당)기 반기\n제21(전)기\n자기주식\n(6,050,629)\n-\xa0\n자기주식처분이익\n2,734,106\xa0\n2,734,106\xa0\n분할차손\n(22,790,837)\n(22,790,837)\n기타\n(1,319,232)\n(1,319,232)\n합계\n(27,426,592)\n(21,375,963)\n연결회사의 소유주 지분에 대한 법인세효과 차감 후 기타포괄손익누계액의 변동내역은 다음과 같습니다(단위:천원).\n구분\n제22(당)기 반기\n기초\n당기변동액\n당기손익으로재분류\n기말\n기타포괄손익-공정가치금융자산\n(6,186,437)\n(1,287,879)\n-\xa0\n(7,474,316)\n현금흐름위험회피\n176,238\xa0\n194,839\xa0\n(378,803)\n(7,726)\n해외사업환산차이\n687,619\xa0\n(222,002)\n-\xa0\n465,617\xa0\n관계기업 등의 기타포괄손익\n(47,353,820)\n5,621,372\xa0\n-\xa0\n(41,732,448)\n합계\n(52,676,400)\n4,306,330\xa0\n(378,803)\n(48,748,873)\n구분\n제21(전)기 반기\n기초\n당기변동액\n당기손익으로재분류\n기말\n기타포괄손익-공정가치금융자산\n(3,700,703)\n(1,117,435)\n-\xa0\n(4,818,138)\n현금흐름위험회피\n245,892\xa0\n(250,344)\n(734,875)\n(739,327)\n해외사업환산차이\n204,739\xa0\n781,473\xa0\n-\n986,212\xa0\n관계기업 등의 기타포괄손익\n(52,765,693)\n12,253,699\xa0\n-\xa0\n(40,511,994)\n합계\n(56,015,765)\n11,667,393\xa0\n(734,875)\n(45,083,247)\n20. 판매비와관리비판매비와관리비의 세부 내역은 다음과 같습니다(단위:천원).\n구분\n제21(당)기 반기\n제21(전)기 반기\n3개월\n누적\n3개월\n누적\n급여\n5,650,085\xa0\n12,542,091\xa0\n6,571,224\xa0\n13,299,145\xa0\n퇴직급여\n\xa0 \xa0 \xa0 \xa0 \xa0 \xa0 \xa0 \xa0 594,354\xa0\n1,190,554\xa0\n744,152\xa0\n1,295,559\xa0\n복리후생비\n\xa0 \xa0 \xa0 \xa0 \xa0 \xa0\xa0 1,152,639\xa0\n2,498,129\xa0\n1,278,971\xa0\n2,634,934\xa0\n여비교통비\n\xa0 \xa0 \xa0 \xa0 \xa0 \xa0 \xa0 \xa0 \xa0 92,817\xa0\n384,847\xa0\n274,287\xa0\n683,955\xa0\n통신비\n\xa0 \xa0 \xa0 \xa0 \xa0 \xa0 \xa0 \xa0 \xa0 72,980\xa0\n113,931\xa0\n38,928\xa0\n82,027\xa0\n수도광열비\n\xa0 \xa0 \xa0 \xa0 \xa0 \xa0 \xa0 \xa0 \xa0 88,427\xa0\n207,732\xa0\n87,766\xa0\n241,484\xa0\n세금과공과\n\xa0 \xa0 \xa0 \xa0 \xa0 \xa0 \xa0 \xa0 \xa0 65,874\xa0\n160,053\xa0\n(658,903)\n(936,173)\n임차료\n\xa0 \xa0 \xa0 \xa0 \xa0 \xa0 \xa0 \xa0 348,523\xa0\n576,333\xa0\n279,960\xa0\n583,974\xa0\n유형자산 감가상각비\n\xa0 \xa0 \xa0 \xa0 \xa0 \xa0 \xa0 \xa0 597,984\xa0\n1,159,017\xa0\n502,095\xa0\n990,501\xa0\n투자부동산 감가상각비\n\xa0 \xa0 \xa0 \xa0 \xa0 \xa0 \xa0 \xa0 \xa0\xa0 4,031\xa0\n8,061\xa0\n4,031\xa0\n8,061\xa0\n사용권자산 감가상각비\n\xa0 \xa0 \xa0 \xa0 \xa0 \xa0 \xa0 \xa0 241,624\xa0\n1,635,847\xa0\n746,808\xa0\n1,618,166\xa0\n수선비\n\xa0 \xa0 \xa0 \xa0 \xa0 \xa0 \xa0 \xa0 \xa0 88,181\xa0\n182,065\xa0\n114,689\xa0\n276,749\xa0\n보험료\n\xa0 \xa0 \xa0 \xa0 \xa0 \xa0 \xa0 \xa0 120,287\xa0\n237,530\xa0\n108,655\xa0\n214,718\xa0\n접대비\n\xa0 \xa0 \xa0 \xa0 \xa0 \xa0 \xa0 \xa0 191,312\xa0\n393,542\xa0\n103,531\xa0\n254,786\xa0\n광고선전비\n\xa0 \xa0 \xa0 \xa0 \xa0 \xa0 \xa0 \xa0 933,137\xa0\n1,698,222\xa0\n1,012,217\xa0\n1,703,069\xa0\n해외시장개척비\n\xa0 \xa0 \xa0 \xa0 \xa0 \xa0 \xa0 \xa0 \xa0\xa0 5,118\xa0\n5,118\xa0\n-\xa0\n-\xa0\n수출경비\n\xa0 \xa0 \xa0 \xa0 \xa0 \xa0 \xa0 \xa0 149,851\xa0\n334,410\xa0\n233,486\xa0\n468,467\xa0\n포장비\n\xa0 \xa0 \xa0 \xa0 \xa0 \xa0 \xa0 \xa0 310,309\xa0\n621,372\xa0\n343,230\xa0\n625,390\xa0\n운반비\n\xa0 \xa0 \xa0 \xa0 \xa0 \xa0 \xa0 \xa0 560,774\xa0\n1,178,907\xa0\n673,767\xa0\n1,355,687\xa0\n연구개발비\n\xa0 \xa0 \xa0 \xa0 \xa0 \xa0 \xa0 \xa0 174,675\xa0\n403,007\xa0\n173,362\xa0\n179,212\xa0\n지급수수료\n\xa0 \xa0 \xa0 \xa0 \xa0 \xa0\xa0 3,851,494\xa0\n9,190,779\xa0\n4,136,357\xa0\n7,795,459\xa0\n사무용품비\n\xa0 \xa0 \xa0 \xa0 \xa0 \xa0 \xa0 \xa0 \xa0 22,582\xa0\n42,858\xa0\n22,858\xa0\n37,436\xa0\n소모품비\n\xa0 \xa0 \xa0 \xa0 \xa0 \xa0 \xa0 \xa0 \xa0 91,599\xa0\n186,403\xa0\n74,282\xa0\n258,920\xa0\n도서인쇄비\n\xa0 \xa0 \xa0 \xa0 \xa0 \xa0 \xa0 \xa0 \xa0 25,586\xa0\n52,347\xa0\n15,669\xa0\n36,940\xa0\n교육훈련비\n\xa0 \xa0 \xa0 \xa0 \xa0 \xa0 \xa0 \xa0 123,212\xa0\n264,742\xa0\n121,951\xa0\n250,711\xa0\n차량유지비\n\xa0 \xa0 \xa0 \xa0 \xa0 \xa0 \xa0 \xa0 \xa0 63,913\xa0\n126,885\xa0\n58,229\xa0\n119,984\xa0\n보증수리비\n\xa0 \xa0 \xa0 \xa0 \xa0 \xa0 \xa0 \xa0 108,687\xa0\n153,125\xa0\n86,680\xa0\n177,955\xa0\n무형자산상각비\n\xa0 \xa0 \xa0 \xa0 \xa0 \xa0 \xa0 \xa0 311,897\xa0\n772,857\xa0\n434,094\xa0\n876,117\xa0\n기타\n\xa0 \xa0 \xa0 \xa0 \xa0 \xa0 \xa0 \xa0 \xa0\xa0 7,053\xa0\n38,196\xa0\n21,384\xa0\n25,722\xa0\n합계\n16,049,005\xa0\n36,358,960\xa0\n17,603,760\xa0\n35,158,955\xa0\n21. 기타수익 및 기타비용기타수익 및 기타비용의 세부 내역은 다음과 같습니다(단위:천원).\n구분\n제22(당)기 반기\n제21(전)기 반기\n3개월\n누적\n3개월\n누적\n[기타수익]\n\u3000\n\u3000\n\u3000\n\u3000\n\xa0외환차이\n515,218\xa0\n2,687,586\xa0\n1,240,173\xa0\n2,508,897\xa0\n\xa0배당금수익\n-\xa0\n260,255\xa0\n-\xa0\n260,255\xa0\n\xa0유형자산처분이익\n2,222\xa0\n4,571\xa0\n1,271\xa0\n69,888\xa0\n\xa0파생상품거래이익\n-\xa0\n35,552\xa0\n64,060\xa0\n135,414\xa0\n\xa0파생상품평가이익\n967,644\xa0\n6,000,598\xa0\n39,956\xa0\n1,736,261\xa0\n\xa0공정가치금융자산평가이익\n(45,225)\n82,505\xa0\n-\xa0\n18,147\xa0\n\xa0기타\n137,812\xa0\n595,652\xa0\n88,865\xa0\n268,100\xa0\n기타수익 합계\n1,577,671\xa0\n9,666,719\xa0\n1,434,325\xa0\n4,996,962\xa0\n[기타비용]\n\u3000\n\u3000\n\u3000\n\u3000\n\xa0외환차이\n1,342,362\xa0\n2,286,352\xa0\n648,795\xa0\n1,388,611\xa0\n\xa0공정가치금융자산평가손실\n-\xa0\n-\xa0\n50,831\xa0\n50,831\xa0\n\xa0유형자산손상차손\n-\xa0\n1,173,249\xa0\n-\xa0\n-\xa0\n\xa0유형자산처분손실\n1,336\xa0\n1,409\xa0\n2,725\xa0\n37,709\xa0\n\xa0무형자산처분손실\n856,963\xa0\n856,964\xa0\n-\xa0\n-\xa0\n\xa0파생상품거래손실\n16,905\xa0\n16,905\xa0\n-\xa0\n-\xa0\n\xa0파생상품평가손실\n4,243,222\xa0\n5,826,837\xa0\n797,137\xa0\n1,948,827\xa0\n\xa0기타충당부채전입액\n9,469\xa0\n18,537\xa0\n-\xa0\n-\xa0\n\xa0기부금\n285,600\xa0\n2,807,120\xa0\n495,500\xa0\n2,991,860\xa0\n\xa0기타\n117,049\xa0\n321,127\xa0\n130,983\xa0\n358,065\xa0\n기타비용 합계\n6,872,906\xa0\n13,308,500\xa0\n2,125,971\xa0\n6,775,903\xa0\n22. 주당이익기본주당이익은 연결회사의 소유주지분에 귀속되는 보통주반기순이익을 연결회사가 매입하여 자기주식으로 보유하고 있는 보통주를 제외한 가중평균유통보통주식수로 나누어 산정하였습니다.\n주당이익의 계산내역은 다음과 같습니다.\n구분\n제22(당)기 반기\n제21(전)기 반기\n3개월\n누적\n3개월\n누적\n소유주지분 계속영업손익(단위:원)\n(27,104,599,762)\n(15,629,621,301)\n4,365,428,485\xa0\n10,413,675,362\xa0\n소유주지분 중단영업손실(단위:원)\n-\xa0\n-\xa0\n(94,893,523)\n(922,226,175)\n합계\n(27,104,599,762)\n(15,629,621,301)\n4,270,534,962\xa0\n9,491,449,187\xa0\n가중평균유통보통주식수(단위:주)\n10,260,751\xa0\n10,347,999\xa0\n10,472,070\xa0\n10,472,893\xa0\n기본주당손익(단위:원)\n\u3000\n\u3000\n\u3000\n\u3000\n계속영업 보통주 주당손익\n(2,642)\n(1,510)\n417\xa0\n994\xa0\n중단영업 보통주 주당손실\n-\xa0\n-\xa0\n(9)\n(88)\n당기순이익 보통주 주당손익\n(2,642)\n(1,510)\n408\xa0\n906\xa0\n가중평균유통보통주식수의 산정 내역은 다음과 같습니다(단위:주).\n구분\n제22(당)기 반기\n제21(전)기 반기\n3개월\n누적\n3개월\n누적\n기초 유통보통주식수\n10,260,942\xa0\n10,472,070\xa0\n10,472,070\xa0\n10,515,062\xa0\n기말 유통보통주식수\n10,250,752\xa0\n10,250,752\xa0\n10,472,070\xa0\n10,472,070\xa0\n가중평균유통보통주식수\n10,260,751\xa0\n10,347,999\xa0\n10,472,070\xa0\n10,472,893\xa0\n연결회사는 희석성 잠재적 보통주가 없으므로 희석주당이익은 기본주당이익과 동일합니다.23. 배당금2019년 12월 31일로 종료하는 회계기간에 대한 배당금 20,944,140천원은 2020년 4월에 지급되었습니다(전기 배당금 지급액: 21,030,124천원).24. 현금흐름정보영업으로부터 창출된 현금은 다음과 같습니다(단위:천원).\n구분\n제22(당)기 반기\n제21(전)기 반기\n법인세비용차감전순이익\n\u3000\n(17,885,767)\xa0\n\u3000\n14,383,809\xa0\xa0\n조정항목:\n\u3000\n44,479,211\xa0\xa0\n\u3000\n14,822,818\xa0\xa0\n지분법손익\n15,642,225\xa0\xa0\n\u3000\n(11,837,064)\xa0\n\u3000\n중단영업처분이익(*)\n-\xa0\n\u3000\n(311,640)\xa0\n\u3000\n공정가치금융자산평가손익\n(82,505)\xa0\n\u3000\n32,684\xa0\xa0\n\u3000\n감가상각비(*)\n3,880,511\xa0\xa0\n\u3000\n3,507,369\xa0\xa0\n\u3000\n무형자산상각비(*)\n1,079,587\xa0\xa0\n\u3000\n1,165,242\xa0\xa0\n\u3000\n사용권자산상각비\n7,513,773\xa0\xa0\n\u3000\n6,746,150\xa0\xa0\n\u3000\n퇴직급여(*)\n1,694,709\xa0\xa0\n\u3000\n1,874,410\xa0\xa0\n\u3000\n대손상각비(환입)(*)\n(64,367)\xa0\n\u3000\n(4,000)\xa0\n\u3000\n판매보증수리비\n153,125\xa0\xa0\n\u3000\n177,955\xa0\xa0\n\u3000\n재고자산평가손실\n165,068\xa0\xa0\n\u3000\n357,050\xa0\xa0\n\u3000\n파생상품평가손익\n(173,761)\xa0\n\u3000\n212,566\xa0\xa0\n\u3000\n파생상품거래손익\n(18,647)\xa0\n\u3000\n(135,414)\xa0\n\u3000\n유형자산처분손익\n(3,161)\xa0\n\u3000\n(32,179)\xa0\n\u3000\n유형자산손상차손\n1,173,249\xa0\xa0\n\u3000\n-\xa0\n\u3000\n무형자산처분손익\n856,964\xa0\xa0\n\u3000\n-\xa0\n\u3000\n외화환산손익\n265,263\xa0\xa0\n\u3000\n1,210,265\xa0\xa0\n\u3000\n기타충당부채전입액\n18,537\xa0\xa0\n\u3000\n12,280\xa0\xa0\n\u3000\n배당금수익\n(260,255)\xa0\n\u3000\n(260,255)\xa0\n\u3000\n이자수익\n(708,481)\xa0\n\u3000\n(628,360)\xa0\n\u3000\n이자비용\n13,347,377\xa0\xa0\n\u3000\n12,735,759\xa0\xa0\n\u3000\n운전자본의변동\n\u3000\n(20,101,241)\xa0\n\u3000\n2,326,043\xa0\xa0\n매출채권의증감\n16,590,050\xa0\xa0\n\u3000\n28,647,769\xa0\xa0\n\u3000\n기타수취채권의증감\n(716,343)\xa0\n\u3000\n763,977\xa0\xa0\n\u3000\n재고자산의증감\n(6,512,549)\xa0\n\u3000\n(2,454,777)\xa0\n\u3000\n기타자산의증감\n1,077,431\xa0\xa0\n\u3000\n(797,106)\xa0\n\u3000\n매입채무의증감\n(23,642,985)\xa0\n\u3000\n(26,342,625)\xa0\n\u3000\n기타지급채무의증감\n(4,277,163)\xa0\n\u3000\n4,076,053\xa0\xa0\n\u3000\n퇴직급여의순지급액\n(785,530)\xa0\n\u3000\n(940,338)\xa0\n\u3000\n사외적립자산의적립\n-\xa0\n\u3000\n(1,000,000)\xa0\n\u3000\n충당부채의증감\n(83,343)\xa0\n\u3000\n(113,135)\xa0\n\u3000\n기타부채의증감\n(1,750,809)\xa0\n\u3000\n486,225\xa0\xa0\n\u3000\n영업으로부터창출된현금\n\u3000\n6,492,203\xa0\xa0\n\u3000\n31,532,670\xa0\xa0\n(*) 전반기 연결포괄손익계산서에는 OSPS, OSU의 조정항목이 중단영업손익으로 표시되어있습니다.\n연결회사는 거래가 빈번하여 회전율이 높고 금액이 크며 만기가 짧은 금융기관예치금과\xa0관련된 현금의 유입과 유출을 순증감액으로 표시하였습니다.\n현금의 유입과 유출이 없는 중요한 거래는 다음과 같습니다(단위:천원).\n중요한 거래 내용\n제22(당)기 반기\n제21(전)기 반기\n사채 및 차입금의 유동성대체\n200,177,460\xa0\n-\xa0\n사용권자산의 취득\n46,804,038\xa0\n2,983,443\xa0\n유무형자산 취득관련 미지급금\n259,502\xa0\n132,091\xa0\n자기주식 소각\n-\xa0\n15,592,239\xa0\n25. 우발상황 및 약정사항\n회사의 주요 약정 사항은 다음과 같습니다(단위:천).\n약정 은행\n약정내용\n약정한도\n제22(당)기 반기\n제21(전)기\nKEB하나은행\n포괄여신한도\nKRW\n5,000,000\xa0\nKRW\n5,000,000\xa0\n\xa0 기업일반자금회전대출(*)\nKRW\n3,000,000\xa0\nKRW\n3,000,000\xa0\n\xa0 수입신용장발행(*)\nKRW\n1,000,000\xa0\nKRW\n1,000,000\xa0\n기업일반자금대출\nKRW\n30,000,000\xa0\nKRW\n30,000,000\xa0\n기업당좌대출\nKRW\n100,000\xa0\nKRW\n100,000\xa0\n외상채권담보대출\nKRW\n20,000,000\xa0\nKRW\n20,000,000\xa0\n전자방식외상매출채권담보대출\nKRW\n10,000\xa0\nKRW\n10,000\xa0\ne 구매론(현대모비스)\nKRW\n59,900,000\xa0\nKRW\n59,900,000\xa0\n농협은행\n일반자금대출\nKRW\n5,000,000\xa0\nKRW\n5,000,000\xa0\n신한은행\n기업일반회전자금대출\nKRW\n5,900,000\xa0\nKRW\n5,900,000\xa0\n우리은행\n당좌대출\n-\n-\xa0\nKRW\n10,000,000\xa0\n기업일반자금대출\nKRW\n15,000,000\xa0\n-\n-\xa0\n일반자금대출\nKRW\n47,000,000\xa0\n-\n-\xa0\n국민은행\n기업일반자금대출\nKRW\n10,000,000\xa0\nKRW\n10,000,000\xa0\n외상매출채권전자대출\nKRW\n15,000,000\xa0\nKRW\n15,000,000\xa0\n산업은행\n기업일반자금대출\nKRW\n15,000,000\xa0\nKRW\n15,000,000\xa0\n일반대차입\nKRW\n50,000,000\xa0\nKRW\n50,000,000\xa0\n일반대차입\nKRW\n30,000,000\xa0\nKRW\n30,000,000\xa0\n한국수출입은행\n수출성장자금대출\nKRW\n10,000,000\xa0\n-\n-\xa0\n(*) 포괄여신한도에 포함되어 있습니다.종속기업의 주요 약정사항은 다음과 같습니다(단위:천).\n종속기업\n약정처\n약정 내용\n약정한도\n제22(당)기 반기\n제21(전)기\nMLCA\nComerica Bank\n운영자금대출\nUSD\n3,000\xa0\nUSD\n3,000\xa0\nURIMAN\nShinhan Bank\nLine of Credit\nUSD\n4,000\xa0\nUSD\n4,000\xa0\nComerica Bank\nLine of Credit\nUSD\n15,000\xa0\nUSD\n15,000\xa0\nComerica Bank\nPPP loan\nUSD\n506\xa0\nUSD\n-\nWECO\n우리은행\n일반자금대출\nKRW\n3,000,000\xa0\nKRW\n3,000,000\xa0\n상업어음할인\nKRW\n4,000,000\xa0\nKRW\n4,000,000\xa0\nJJH\n세인트포제일차 주식회사 등\n인수금융대출\nKRW\n110,000,000\xa0\nKRW\n110,000,000\xa0\nHCE\nQNB Finans Bank\n일반자금대출\nTRY\n1,500\xa0\nTRY\n1,500\xa0\nHMLC\nShinhan Bank\n운영자금대출\nCNY\n13,000\xa0\n-\n-\n시설자금대출\nCNY\n21,000\xa0\n-\n-\nKookmin Bank\n운영자금대출\nCNY\n15,000\xa0\n-\n-\n시설자금대출\nCNY\n16,000\xa0\n-\n-\n연결회사가 지급보증을 제공받고 있는 내역은 다음과 같습니다(단위:천원).\n보증회사\n지급보증한도\n비\xa0 고\n제22(당)기 반기\n제21(전)기\n우리은행\n6,000,000\xa0\n6,000,000\xa0\n물품대금지급 보증 등\nKEB하나은행\n1,000,000\xa0\n1,000,000\xa0\n서울보증보험\n10,249,902\xa0\n9,890,842\xa0\n이행보증 등\n국민은행\nUSD 22,000\xa0\nUSD 22,000\xa0\n포괄외화지급보증\n회사는 브랜드 및 상표권 사용과 관련하여 주식회사 만도 등 주요 특수관계자와 로열티 계약을 체결하고 있으며 거래당사자 매출의 일정부분을 수수료로 수취하고 있습니다.당반기말 현재 회사는 평택냉장물류창고와 관련하여 발생한 영업손실을 관계회사 HL로부터 보전받는 계약을 체결하고 있습니다.회사는 물품대금지급 관련 현대모비스(주)에 회사가 발행한 약속어음 70,000,000천원을 담보로 제공하고 있습니다.회사는 물품대금의 회수와 관련하여 수원화성오산축산업협동조합 및 에이지팜주식회사 등에 대해 소송금액 20,506,540천원의 소송을 원고로서 제기하였으며, 향후 소송의 결과에 따라 회수가능할 것으로 추정되는 금액과 관련 기타수취채권의 장부금액 간의 차이를 대손충당금으로 설정하였습니다.\xa0아울러 회사는 해당 소송 결과에 따른 손실예상액 중 일부를 한라엔컴(주)으로부터 보전받는 약정을 체결하고 있습니다. 상기 소송 외에도 당반기말 현재 계류 중인 소송사건이 일부 존재하나, 이러한 우발상황으로부터 발생할 것으로 예상되는 중요한 부채는 없습니다. \n종속기업 JJH의 인수금융 차입금 80,000,000천원(주석 18 참조)과 관련하여 회사가 보유하고 있는 JJH 주식이 질권 설정되어 있으며, 회사는 동 차입금 원금 및 이자에 대하여 자금보충약정을 제공하고 있습니다. 동 자금보충약정으로부터 유의적인 부채가 발생할 가능성이 높지 않기 때문에 회사는 충당부채를 인식하지 않고 있습니다.\xa0또한, 동 차입금의 원리금 상환을 담보하기 위하여\xa0JJH의 유형자산, 투자부동산을 목적물로 하여 공동 1순위 근저당권(채권 최고액 1,000,000천원)이 설정되어 있으며,\xa0JJH의 예금계좌와\xa0JJH가 보유한 부동산담보신탁1순위 수익권(채권 최고액 143,000,000천원)을 담보로 제공하였습니다. 아울러 해당 차입금과 관련하여 대주에게 지급하는 이자소득에 부과되는 법인세 및 지방소득세의 원천징수세액에 상당하는 금원을 대주에게 대여하는 후순위대출약정을 체결하고 있으며, 당반기말 현재 JJH가 본 약정에 따라 대주에게 대여한 금액은\xa0331,985천원(전기말:331,985천원)입니다.\xa0상기 이외에 동 차입금 관련 주요 대출 약정사항은 아래와 같습니다.\n구분\n내용\n주요준수사항\n·회사는 (주)제이제이한라('대상회사')에 대한 67% 이상 지분율을 보유해야 함\n·차주는 대주의 서면동의 없이 어떠한 금융부채도 부담할 수 없음·담보물, 혹은 차주의 재산의 중요한 일부에 대해 50억원 초과하는 금액을 압류명령, 강제집행\xa0 \xa0 등의 절차가 실효되거나 중단(중지)되지 않는 경우 기한의 이익 상실이유를 구성함.\xa0\n26. 특수관계자 거래\xa0\n당반기말과 전기말 현재 회사의 지배기업 및 최상위 지배기업은 없으며, 공동기업 및 관계기업 현황은 다음과 같습니다.\n구분\n기업명\n약칭(*1)\n소재국가\n소유지분율(%)\n결산월\n제22(당)기 반기\n제21(전)기\n공동기업\n만도헬라일렉트로닉스 주식회사\nMHE\n한국\n50.00\xa0\n50.00\xa0\n12월\n관계기업\n주식회사 만도\nMANDO\n한국\n30.25\xa0\n30.25\xa0\n12월\n주식회사 한라\nHL\n한국\n15.85\xa0\n15.85\xa0\n12월\n한라스택폴 주식회사\nHSC\n한국\n20.00\xa0\n20.00\xa0\n3월\n주식회사 제이디테크\nJDT\n한국\n35.09\xa0\n35.09\xa0\n12월\n주식회사 에이엠티엔지니어링\nAMT\n한국\n22.22\xa0\n22.22\xa0\n12월\n주식회사 와이드\nWD\n한국\n19.24\xa0\n19.24\xa0\n12월\n주식회사 마이셰프(*2)\nMY\n한국\n10.51\xa0\n10.33\xa0\n3월\n비마이카 주식회사(*2)\nBE\n한국\n2.40\xa0\n-\n12월\n(*1) 이하 약칭 사용(*2) 경영진 교류 등으로 회사가 유의적인 영향력을 행사함에 따라 해당 전환상환우선주를 당기손익-공정가치 금융상품으로 인식하였으나, 특수관계자에 포함하였습니다(주석8참조).\n당반기말 현재 연결회사의 기타 특수관계자 현황은 다음과 같습니다.\n구분\n제22(당)기 반기\n제21(전)기\n약칭(*1)\n비고\n기타특수관계자\n만도헬라전자소주유한공사\n만도헬라전자소주유한공사\nMHES\nMHE의 종속기업\nMando-Hella Electronics Automotive India Private Limited\nMando-Hella Electronics Automotive India Private Limited\nMHEAI\nMando China Holdings Limited\nMando China Holdings Limited\nMCH\nMANDO의 종속기업 및 공동기업\nMando Suzhou Chassis System Co., Ltd.\nMando Suzhou Chassis System Co., Ltd.\nMSC\nMando(Beijing) Automotive Chassis System Co., Ltd.\nMando(Beijing) Automotive Chassis System Co., Ltd.\nMBC\nMando(Tianjin) Automotive Parts Co., Ltd.\nMando(Tianjin) Automotive Parts Co., Ltd.\nMTC\nMando(Harbin) Automotive Chassis System Co., Ltd.\nMando(Harbin) Automotive Chassis System Co., Ltd.\nMHC\nMando(Ningbo) Automotive Parts Co., Ltd.\nMando(Ningbo) Automotive Parts Co., Ltd.\nMNC\nMando(Shenyang) Automotive Parts Co., Ltd.\nMando(Shenyang) Automotive Parts Co., Ltd.\nMSYC\nMando(Beijing) R&D Center\nMando(Beijing) R&D Center\nMRC\nMando(Beijing) Trading Co., Ltd.\nMando(Beijing) Trading Co., Ltd.\nMBTC\nMando Chongqing Chassis System Co., Ltd\nMando Chongqing Chassis System Co., Ltd\nMCC\nMando Corporation Mexico\nMando Corporation Mexico\nMCM\nMando America Corporation\nMando America Corporation\nMCA\nAlabama Plating Technology LLC\nAlabama Plating Technology LLC\nAPT\nMando Automotive India Limited\nMando Automotive India Limited\nMAIL\nMando Softtech India Private, Ltd.\nMando Softtech India Private, Ltd.\nMSI\nMando Corporation Europe GmbH\nMando Corporation Europe GmbH\nMCE\nMando Corporation do Brasil Industry and Commercial Auto Parts Ltda.\nMando Corporation do Brasil Industry and Commercial Auto Parts Ltda.\nMCB\nMando Corporation Poland\nMando Corporation Poland\nMCP\n목포신항만운영 주식회사\n목포신항만운영 주식회사\nMPO\nHL의 종속기업\n주식회사 한라세라지오\n주식회사 한라세라지오\nHLC\nHalla Corporation America\nHalla Corporation America\nHCA\n한라오엠에스 주식회사\n한라오엠에스 주식회사\nHLO\n주식회사 한라지엘에스 등\n주식회사 한라지엘에스 등\n-\nHalla Stackpole(Beijing) Automotive Co., Ltd.\nHalla Stackpole(Beijing) Automotive Co., Ltd.\nHSBC\nHSC의 종속기업\n기타(*2)\n만도브로제 주식회사\n만도브로제 주식회사\nMBCO\n-\nMando Brose(Zhangjiagang) Electric Motors Co.,Ltd\nMando Brose(Zhangjiagang) Electric Motors Co.,Ltd\nMBZ\n평택동부도로 주식회사\n평택동부도로 주식회사\nPEC\n-\n한라개발 주식회사\nHLD\n(*1) 이하 약칭 사용(*2) 기준서 제1024호에 따른 특수관계자 범위에 포함되지 않으나 독점규제법상에 따른 공시대상기업집단 소속회사임에 따라 특수관계자 공시에 포함하였습니다.연결회사와 특수관계자간의 중요한 매출 거래 내역은 다음과 같습니다(단위:천원).\n구분\n제22(당)기 반기\n재화의 판매\n용역의 제공\n로열티 수익\n기타\n관계기업 및공동기업\nMANDO\n5,358,009\xa0\n30,319,415\xa0\n9,335,560\xa0\n9,499,352\xa0\nHL\n359,939\xa0\n3,100,463\xa0\n1,421,536\xa0\n3,559,366\xa0\nJDT\n-\xa0\n4,500\xa0\n-\xa0\n-\xa0\nMHE\n11,745\xa0\n1,576,102\xa0\n-\xa0\n-\xa0\nHSC\n4,002\xa0\n57,349\xa0\n-\xa0\n-\xa0\n기타 특수관계자\nMANDO의 종속기업 및 공동기업\n41,117,533\xa0\n25,119,688\xa0\n-\xa0\n-\xa0\nHL의 종속기업\n5,533\xa0\n274,247\xa0\n159,378\xa0\n-\xa0\nMHE의 종속기업\n-\xa0\n131,218\xa0\n-\xa0\n-\xa0\nHSC의 종속기업\n-\xa0\n328,911\xa0\n-\xa0\n-\xa0\n합계\n46,856,761\xa0\n60,911,893\xa0\n10,916,474\xa0\n13,058,718\xa0\n구분\n제21(전)기 반기\n재화의 판매\n용역의 제공\n로열티 수익\n기타\n관계기업 및공동기업\nMANDO\n8,421,115\xa0\n50,487,319\xa0\n11,183,861\xa0\n2,502,466\xa0\nHL\n8,815,714\xa0\n3,568,372\xa0\n1,106,437\xa0\n954,668\xa0\nJDT\n-\xa0\n4,500\xa0\n-\xa0\n3,175\xa0\nMHE\n49,559\xa0\n2,360,755\xa0\n-\xa0\n-\xa0\nHSC\n4,700\xa0\n57,716\xa0\n-\xa0\n-\xa0\n기타 특수관계자\nMANDO의 종속기업 및 공동기업\n50,369,860\xa0\n35,568,963\xa0\n-\xa0\n4,767\xa0\nHL의 종속기업\n8,640\xa0\n245,222\xa0\n117,889\xa0\n-\xa0\nMHE의 종속기업\n-\xa0\n108,385\xa0\n-\xa0\n-\xa0\nHSC의 종속기업\n-\xa0\n518,277\xa0\n-\xa0\n-\xa0\n합계\n67,669,588\xa0\n92,919,509\xa0\n12,408,187\xa0\n3,465,076\xa0\n연결회사와 특수관계자간의 중요한 매입 거래 내역은 다음과 같습니다(단위:천원).\n구분\n제22(당)기 반기\n재화의 매입\n제공받은 용역\n기타\n관계기업 및공동기업\nMANDO\n4,465,547\xa0\n117,206\xa0\n1,128,130\xa0\nHL\n8,347\xa0\n-\xa0\n240,579\xa0\nJDT\n-\xa0\n1,384,279\xa0\n-\xa0\nMHE\n30,340\xa0\n-\xa0\n-\xa0\nHSC\n890,621\xa0\n-\xa0\n-\xa0\nMY\n-\xa0\n-\xa0\n5,420\xa0\n기타 특수관계자\nMANDO의 종속기업 및 공동기업\n4,627,347\xa0\n-\xa0\n-\xa0\nHL의 종속기업\n-\xa0\n569,585\xa0\n687,267\xa0\n합계\n10,022,202\xa0\n2,071,070\xa0\n2,061,396\xa0\n구분\n제21(전)기 반기\n재화의 매입\n제공받은 용역\n유무형자산 취득\n기타\n관계기업 및공동기업\nMANDO\n6,248,714\xa0\n110,207\xa0\n-\xa0\n1,103,545\xa0\nHL\n-\xa0\n27,700\xa0\n134,700\xa0\n455,934\xa0\nJDT\n-\xa0\n1,733,181\xa0\n-\xa0\n-\xa0\nMHE\n-\xa0\n-\xa0\n-\xa0\n15,698\xa0\nHSC\n391,179\xa0\n-\xa0\n-\xa0\n-\xa0\n기타 특수관계자\nMANDO의 종속기업 및 공동기업\n12,383,292\xa0\n36,915\xa0\n-\xa0\n270,260\xa0\nHL의 종속기업\n-\xa0\n1,888,742\xa0\n-\xa0\n633,080\xa0\n합계\n19,023,185\xa0\n3,796,745\xa0\n134,700\xa0\n2,478,517\xa0\n연결회사와 특수관계자간의 중요한 자금 거래 내역은 다음과 같습니다(단위:천원).\n구분\n제22(당)기 반기\n제21(전)기 반기\n배당금\n이자수익\n이자비용\n배당금\n이자수익\n이자비용\n관계기업 및 공동기업\nMANDO\n7,811,787\xa0\n13,594\xa0\n12,194\xa0\n7,101,625\xa0\n8,328\xa0\n5,519\xa0\nHL\n-\xa0\n-\xa0\n2,384,797\xa0\n-\xa0\n-\xa0\n2,378,191\xa0\nJDT\n150,134\xa0\n-\xa0\n-\xa0\n228,576\xa0\n-\xa0\n-\xa0\nHSC\n604,800\xa0\n-\xa0\n-\xa0\n604,800\xa0\n-\xa0\n-\xa0\nMHE\n5,001,120\xa0\n88\xa0\n-\xa0\n6,000,240\xa0\n-\xa0\n-\xa0\n기타 특수관계자\nMANDO의 종속기업 및 공동기업\n-\xa0\n810\xa0\n-\xa0\n-\xa0\n-\xa0\n-\xa0\nHL의 종속기업\n-\xa0\n-\xa0\n63\xa0\n-\xa0\n-\xa0\n1,912\xa0\n합계\n13,567,841\xa0\n14,492\xa0\n2,397,054\xa0\n13,935,241\xa0\n8,328\xa0\n2,385,622\xa0\n연결회사의 특수관계자에 대한 채권의 잔액은 다음과 같습니다(단위:천원).\n구분\n제22(당)기 반기\n제21(전)기\n매출채권\n리스채권\n기타채권\n매출채권\n리스채권\n기타채권\n관계기업 및공동기업\nMANDO\n16,837,651\xa0\n479,721\xa0\n500,000\xa0\n25,507,173\xa0\n950,961\xa0\n662,880\xa0\nHL\n1,348,888\xa0\n-\xa0\n-\xa0\n1,960,377\xa0\n-\xa0\n169,676\xa0\nJDT\n1,650\xa0\n-\xa0\n-\xa0\n825\xa0\n-\xa0\n-\xa0\nMHE\n955,949\xa0\n3,271\xa0\n-\xa0\n1,430,496\xa0\n6,021\xa0\n-\xa0\nHSC\n285\xa0\n-\xa0\n-\xa0\n18,266\xa0\n-\xa0\n-\xa0\n기타 특수관계자\nMANDO의 종속기업 및 공동기업\n20,870,024\xa0\n35,655\xa0\n-\xa0\n28,201,344\xa0\n51,651\xa0\n-\xa0\nHL의 종속기업\n103,019\xa0\n-\xa0\n-\xa0\n76,255\xa0\n-\xa0\n-\xa0\nMHE의 종속기업\n42,268\xa0\n-\xa0\n-\xa0\n35,060\xa0\n-\xa0\n-\xa0\nHSC의 종속기업\n242,182\xa0\n-\xa0\n-\xa0\n277,731\xa0\n-\xa0\n-\xa0\n합계\n40,401,916\xa0\n518,647\xa0\n500,000\xa0\n57,507,527\xa0\n1,008,633\xa0\n832,556\xa0\n연결회사의 특수관계자에 대한 채무의 잔액은 다음과 같습니다(단위:천원).\n구분\n제22(당)기 반기\n제21(전)기\n매입채무\n리스부채\n차입금 등\n기타채무\n매입채무\n리스부채\n차입금 등\n기타채무\n관계기업 및공동기업\nMANDO\n1,097,017\xa0\n768,278\xa0\n-\xa0\n149,366\xa0\n1,434,646\xa0\n940,278\xa0\n-\xa0\n491,065\xa0\nHL\n-\xa0\n-\xa0\n97,300,000\xa0\n22,430,566\xa0\n-\xa0\n-\xa0\n97,300,000\xa0\n20,121,805\xa0\nJDT\n213,823\xa0\n-\xa0\n-\xa0\n-\xa0\n301,296\xa0\n-\xa0\n-\xa0\n-\xa0\nMHE\n33,374\xa0\n-\xa0\n-\xa0\n-\xa0\n-\xa0\n-\xa0\n-\xa0\n-\xa0\nHSC\n54,083\xa0\n-\xa0\n-\xa0\n-\xa0\n176,433\xa0\n-\xa0\n-\xa0\n199,653\xa0\n기타 특수관계자\nMANDO의 종속기업 및 공동기업\n667,180\xa0\n-\xa0\n-\xa0\n556,912\xa0\n4,019,585\xa0\n-\xa0\n-\xa0\n496,002\xa0\nHL의 종속기업\n-\xa0\n3,026\xa0\n-\xa0\n123,759\xa0\n184,797\xa0\n132,053\xa0\n-\xa0\n284,308\xa0\n합계\n2,065,477\xa0\n771,304\xa0\n97,300,000\xa0\n23,260,603\xa0\n6,116,757\xa0\n1,072,331\xa0\n97,300,000\xa0\n21,592,833\xa0\n당반기말 현재 회사는 평택냉장물류창고와 관련하여 발생한 영업손실을 관계회사 HL로부터보전받는 계약을 체결하고 있습니다(주석 25 참조).\n연결회사는 연결회사 활동의 계획, 운영 및 통제에 대한 중요한 권한과 책임을 가진 회사의 이사(비상임 포함) 및 감사를 주요 경영진으로 판단하고 있습니다.주요 경영진에 대한 보상 내역은 다음과 같습니다(단위:천원).\n구분\n제22(당)기 반기\n제21(전)기 반기\n단기종업원급여\n1,166,918\xa0\n1,230,981\xa0\n퇴직급여\n254,546\xa0\n350,812\xa0\n합계\n1,421,464\xa0\n1,581,793\xa0\n27. 고객과의 계약에서 생기는 수익\n연결회사는 수익과 관련해 손익계산서에 다음 금액을 인식하였습니다(단위:천원).\n구분\n제22(당)기 반기\n제21(전)기 반기\n고객과의 계약에서 생기는 수익\n307,268,594\xa0\n378,542,418\xa0\n기타 원천으로부터의 수익\n\u3000\n\u3000\n- 임대수익\n838,145\xa0\n736,845\xa0\n- 지분법손익\n(15,642,225)\n11,837,064\xa0\n총 수익\n292,464,514\xa0\n391,116,327\xa0\n27.1 고객과의 계약에서 생기는 수익의 구분연결회사는 다음의 주요 매출유형과 지역별로 재화나 용역을 기간에 걸쳐 이전하거나 한 시점에 이전함으로써 수익을 창출합니다(단위:천원).\n제22(당)기 반기\n상품매출\n제품매출\n물류매출\nIT매출\n기타매출\n합계\n한국\n중국\n미국 등\n한국\n미국 등\n한국\n중국\n미국 등\n한국\n한국\n유형별 수익\xa0\n178,873,346\xa0\n3,252,292\xa0\n27,136,872\xa0\n12,170,906\xa0\n75,006\xa0\n37,624,421\xa0\n25,240,583\xa0\n10,857,815\xa0\n9,383,780\xa0\n22,951,268\xa0\n327,566,289\xa0\n유형간 수익\n(12,313,121)\n(163,805)\n(353,639)\n(6,437,932)\n-\xa0\n-\xa0\n(53,372)\n(42,912)\n(6,433)\n(926,483)\n(20,297,697)\n고객과의 계약에서 생기는 수익\n166,560,226\xa0\n3,088,487\xa0\n26,783,233\xa0\n5,732,974\xa0\n75,006\xa0\n37,624,421\xa0\n25,187,211\xa0\n10,814,903\xa0\n9,377,348\xa0\n22,024,785\xa0\n307,268,594\xa0\n수익인식 시점\n\u3000\n\u3000\n\u3000\n\u3000\n\u3000\n\u3000\n\u3000\n\u3000\n\u3000\n\u3000\n\u3000\n- 한 시점에 인식\n166,560,226\xa0\n3,088,487\xa0\n26,783,233\xa0\n5,732,974\xa0\n75,006\xa0\n-\xa0\n-\xa0\n-\xa0\n26,483\xa0\n2,654,800\xa0\n204,921,209\xa0\n- 기간에 걸쳐 인식\n-\xa0\n-\xa0\n-\xa0\n-\xa0\n-\xa0\n37,624,421\xa0\n25,187,211\xa0\n10,814,903\xa0\n9,350,865\xa0\n19,369,985\xa0\n102,347,385\xa0\n제21(전)기 반기\n상품매출\n제품매출\n물류매출\nIT매출\n기타매출\n합계\n한국\n중국\n미국\n한국\n미국\n한국\n중국\n미국\n한국\n한국\n유형별 수익\xa0\n205,589,887\xa0\n5,537,061\xa0\n31,952,728\xa0\n16,861,991\xa0\n606,172\xa0\n54,406,577\xa0\n23,750,841\xa0\n13,090,024\xa0\n15,195,775\xa0\n22,248,436\xa0\n389,239,492\xa0\n유형간 수익\n(1,566,396)\n(88,307)\n(40,741)\n(7,606,896)\n(168,347)\n(160,314)\n(55,927)\n(73,421)\n(27,971)\n(908,755)\n(10,697,075)\n고객과의 계약에서 생기는 수익\n204,023,491\xa0\n5,448,754\xa0\n31,911,987\xa0\n9,255,095\xa0\n437,825\xa0\n54,246,263\xa0\n12,064,993\xa0\n6,174,566\xa0\n15,167,804\xa0\n21,339,681\xa0\n360,070,459\xa0\n수익인식 시점\n\u3000\n\u3000\n\u3000\n\u3000\n\u3000\n\u3000\n\u3000\n\u3000\n\u3000\n\u3000\n-\xa0\n- 한 시점에 인식\n204,023,491\xa0\n5,448,754\xa0\n31,911,987\xa0\n9,255,095\xa0\n437,825\xa0\n-\xa0\n-\xa0\n-\xa0\n1,898,629\xa0\n4,413,830\xa0\n257,389,611\xa0\n- 기간에 걸쳐 인식\n-\xa0\n-\xa0\n-\xa0\n-\xa0\n-\xa0\n54,246,263\xa0\n12,064,993\xa0\n6,174,566\xa0\n13,269,175\xa0\n16,925,851\xa0\n102,680,848\xa0\n28.\xa0중단영업URIMAN법인은 2018년 12월 1일 이사회 결의를 통하여 종속기업인 OSPS와 OSU의 매각을 결정하였으며, 이로 인해 관련된 영업에 대한 손익은 중단영업으로 표시하였습니다. 동 거래는 사업양도의 형식으로 전기 중 완료 되었습니다.\n(1) 중단영업의 손익(단위:천원)\n구분\n제21(전)기 반기\n매출액\n403,483\xa0\n매출원가\n(343,352)\n매출총이익(손실)\n60,131\xa0\n판매비와관리비\n(969,534)\n영업손실\n(909,403)\n기타비용\n(324,463)\n세전중단영업손실\n(1,233,866)\n세후중단영업손실\n(1,233,866)\n중단영업처분이익\n311,640\xa0\n중단영업으로부터의 순손실\n(922,226)\n(2) 처분자산집단처분이익연결회사는 2019년 1월 15일 기준으로 자동차 부품 유통사업을 Elliott Auto Supply Co., Inc.에 양도하였습니다.- 사업양도의 총처분대가 및 양도한 사업의 자산·부채 (단위 : 천원)\n구분\n금액\n총처분대가\n\u3000\n\xa0 현금및현금성자산\n14,962,706\xa0\n\xa0 기타수취채권\n1,706,700\xa0\n양도한 사업의 자산\n\u3000\n\xa0 매출채권\n2,720,461\xa0\n\xa0 재고자산\n14,208,843\xa0\n\xa0 기타유동자산\n208,264\xa0\n\xa0 유형자산\n1,017,819\xa0\n양도한 사업의 부채\n\u3000\n\xa0 매입채무\n1,797,621\xa0\n중단영업처분이익\n311,640\xa0\n(3) 중단영업의 현금흐름(단위 : 천원)\n구분\n제21(전)기 반기\n영업현금흐름\n(919,534)\n투자현금흐름\n-\xa0\n재무현금흐름\n44,839\xa0\n현금및현금성자산에 대한 환율변동효과\n(8,235)\n총현금흐름\n(882,930)\n4. 재무제표\n재무상태표\n제 22 기 반기말 2020.06.30 현재\n제 21 기말\xa0 \xa0 \xa0 \xa0 2019.12.31 현재\n(단위 : 원)\n\u3000\n제 22 기 반기말\n제 21 기말\n자산\n\u3000\n\u3000\n\u3000유동자산\n280,727,195,825\n252,611,806,838\n\u3000\u3000현금및현금성자산 (주6)\n125,163,828,960\n89,360,721,310\n\u3000\u3000매출채권 (주6,7,26)\n82,495,256,469\n91,258,877,385\n\u3000\u3000리스채권 (주6,15,26)\n604,155,262\n1,173,971,491\n\u3000\u3000기타수취채권 (주6,7,26)\n6,940,001,698\n4,430,152,457\n\u3000\u3000파생상품자산 (주5,6,11)\n2,607,662,585\n270,371,942\n\u3000\u3000재고자산 (주10)\n61,361,837,498\n63,765,800,264\n\u3000\u3000기타자산 (주8)\n1,554,453,353\n2,351,911,989\n\u3000비유동자산\n1,194,027,846,535\n1,171,273,343,300\n\u3000\u3000기타수취채권 (주5,6,7,9)\n32,723,853,832\n28,862,525,495\n\u3000\u3000당기손익-공정가치금융자산 (주5,6,7)\n89,617,307,361\n84,453,371,939\n\u3000\u3000기타포괄손익-공정가치금융자산 (주5,6,7)\n6,621,610,170\n8,212,084,300\n\u3000\u3000파생상품자산 (주5,6,11)\n19,263,391,708\n15,832,589,120\n\u3000\u3000종속기업에 대한 투자자산 (주12)\n62,974,450,326\n62,974,450,326\n\u3000\u3000공동기업에 대한 투자자산 (주12)\n29,258,493,929\n29,258,493,929\n\u3000\u3000관계기업에 대한 투자자산 (주13)\n802,072,700,169\n818,237,995,977\n\u3000\u3000유형자산 (주14)\n61,890,215,288\n62,718,759,429\n\u3000\u3000사용권자산 (주15)\n63,738,463,869\n26,097,011,330\n\u3000\u3000무형자산 (주14)\n11,292,421,867\n23,323,157,335\n\u3000\u3000투자부동산 (주14)\n14,574,938,016\n11,302,904,120\n\u3000자산총계\n1,474,755,042,360\n1,423,885,150,138\n부채\n\u3000\n\u3000\n\u3000유동부채\n480,861,004,842\n246,984,218,050\n\u3000\u3000매입채무 (주6,26)\n73,213,917,323\n93,873,436,047\n\u3000\u3000기타지급채무 (주6,26)\n6,093,052,481\n10,006,272,623\n\u3000\u3000단기차입금 (주6,18)\n62,900,000,000\n5,900,000,000\n\u3000\u3000유동성사채 (주6,18)\n208,887,306,834\n115,918,352,510\n\u3000\u3000유동성장기차입금 (주6,18)\n106,415,400,000\n0\n\u3000\u3000파생상품부채 (주5,6,11)\n10,193,310\n0\n\u3000\u3000충당부채 (주17)\n403,920,124\n404,810,221\n\u3000\u3000당기법인세부채\n4,780,735,419\n3,791,257,073\n\u3000\u3000리스부채 (주6,15,26)\n14,599,421,248\n11,655,185,652\n\u3000\u3000기타부채 (주8)\n3,557,058,103\n5,434,903,924\n\u3000비유동부채\n167,183,544,469\n328,002,471,747\n\u3000\u3000사채 (주5,6,18)\n58,801,120,707\n151,597,710,447\n\u3000\u3000장기차입금 (주5,6,18)\n30,000,000,000\n135,471,600,000\n\u3000\u3000순확정급여부채 (주16)\n9,415,892,545\n8,695,270,300\n\u3000\u3000충당부채 (주17)\n2,072,128,821\n1,779,704,152\n\u3000\u3000이연법인세부채\n851,185,156\n7,451,255,379\n\u3000\u3000기타지급채무 (주5,6)\n1,525,055,542\n1,221,041,402\n\u3000\u3000파생상품부채 (주5,6,11)\n13,466,671,346\n7,639,834,273\n\u3000\u3000리스부채 (주6,15,26)\n51,051,490,352\n14,146,055,794\n\u3000부채총계\n648,044,549,311\n574,986,689,797\n자본\n\u3000\n\u3000\n\u3000자본금 (주19)\n55,086,180,000\n55,086,180,000\n\u3000주식발행초과금 (주19)\n262,014,747,501\n262,014,747,501\n\u3000기타자본 (주19)\n(4,240,028,573)\n1,810,600,427\n\u3000기타포괄손익누계액 (주19)\n(49,343,966,893)\n(52,808,003,473)\n\u3000이익잉여금\n563,193,561,014\n582,794,935,886\n\u3000자본총계\n826,710,493,049\n848,898,460,341\n자본과부채총계\n1,474,755,042,360\n1,423,885,150,138\n포괄손익계산서\n제 22 기 반기 2020.01.01 부터 2020.06.30 까지\n제 21 기 반기 2019.01.01 부터 2019.06.30 까지\n(단위 : 원)\n\u3000\n제 22 기 반기\n제 21 기 반기\n3개월\n누적\n3개월\n누적\n매출 및 지분법손익 (주26,27)\n85,381,977,220\n235,060,388,709\n149,066,318,586\n303,452,497,673\n\u3000재화의 판매\n85,181,841,232\n179,892,420,162\n110,942,494,021\n209,289,540,346\n\u3000용역의 제공\n19,411,904,328\n52,087,386,961\n31,955,030,094\n69,287,980,915\n\u3000로열티 수익\n5,082,900,391\n11,221,940,061\n6,683,098,125\n12,654,807,225\n\u3000지분법손익\n(24,294,668,731)\n(13,142,478,475)\n(514,303,654)\n6,219,929,187\n\u3000배당수익\n0\n5,001,120,000\n0\n6,000,240,000\n매출원가 (주15,26)\n91,503,607,573\n203,565,697,069\n127,701,787,548\n250,283,707,595\n매출총이익\n(6,121,630,353)\n31,494,691,640\n21,364,531,038\n53,168,790,078\n판매비와관리비 (주15,20)\n11,953,339,536\n26,312,176,284\n13,140,476,914\n26,044,939,000\n대손상각비(환입)\n(30,533,283)\n(64,366,632)\n(4,000,000)\n(4,000,000)\n영업이익(손실)\n(18,044,436,606)\n5,246,881,988\n8,228,054,124\n27,127,851,078\n기타수익 (주21)\n1,217,261,174\n8,959,429,084\n2,509,593,195\n8,650,876,802\n기타비용 (주21)\n6,053,201,309\n10,771,951,153\n2,004,681,886\n6,707,852,336\n유효이자율법에 따른 이자수익 (주15)\n1,319,885,148\n2,595,468,214\n1,274,172,759\n2,509,597,621\n기타금융수익\n(111,132,974)\n316,328,911\n(97,315,260)\n32,400,000\n금융비용 (주15)\n3,966,474,854\n9,217,204,590\n4,436,806,519\n8,640,150,343\n법인세비용차감전순이익(손실)\n(25,638,099,421)\n(2,871,047,546)\n5,473,016,413\n22,972,722,822\n법인세비용(수익)\n(7,242,634,881)\n(6,030,285,273)\n1,196,129,011\n4,599,679,024\n반기순이익(손실)\n(18,395,464,540)\n3,159,237,727\n4,276,887,402\n18,373,043,798\n법인세효과차감후기타포괄손익\n(6,427,920,553)\n1,647,563,981\n914,551,780\n8,603,576,573\n\u3000후속적으로 당기손익으로 재분류될수 있는 항목\n(6,620,540,749)\n4,751,915,822\n1,370,031,847\n10,634,950,846\n\u3000\u3000관계기업의 기타포괄손익에 대한 지분 해당액 (주19)\n(6,922,730,622)\n4,935,880,833\n1,640,398,476\n11,620,169,508\n\u3000\u3000현금흐름위험회피 (주19)\n302,189,873\n(183,965,011)\n(270,366,629)\n(985,218,662)\n\u3000후속적으로 당기손익으로 재분류될수 없는 항목\n192,620,196\n(3,104,351,841)\n(455,480,067)\n(2,031,374,273)\n\u3000\u3000기타포괄손익-공정가치 지분상품 평가손익 (주19)\n742,451,653\n(1,287,879,242)\n(230,459,090)\n(1,117,435,406)\n\u3000\u3000관계기업의 순확정급여부채의 재측정요소\n(549,831,457)\n(1,816,472,599)\n(225,020,977)\n(913,938,867)\n반기총포괄이익(손실)\n(24,823,385,093)\n4,806,801,708\n5,191,439,182\n26,976,620,371\n지배기업의 소유주지분에 대한 주당이익(손실)\n\u3000\n\u3000\n\u3000\n\u3000\n\u3000기본주당이익(손실) (단위 : 원) (주22)\n(1,793)\n305\n408\n1,754\n자본변동표\n제 22 기 반기 2020.01.01 부터 2020.06.30 까지\n제 21 기 반기 2019.01.01 부터 2019.06.30 까지\n(단위 : 원)\n\u3000\n자본\n자본금\n주식발행초과금\n기타자본\n기타포괄손익누계액\n이익잉여금\n자본 합계\n2019.01.01 (기초자본)\n55,086,180,000\n262,014,747,501\n(11,875,555,307)\n(55,356,183,599)\n584,948,189,238\n834,817,377,833\n반기총포괄이익\n\u3000\n\u3000\n\u3000\n\u3000\n\u3000\n\u3000\n반기순이익(손실)\n\u3000\n\u3000\n\u3000\n\u3000\n18,373,043,798\n18,373,043,798\n기타포괄손익-공정가치 지분상품 평가손익\n\u3000\n\u3000\n\u3000\n(1,117,435,406)\n\u3000\n(1,117,435,406)\n현금흐름위험회피\n\u3000\n\u3000\n\u3000\n(985,218,662)\n\u3000\n(985,218,662)\n관계기업의 기타포괄손익 변동\n\u3000\n\u3000\n\u3000\n11,620,169,508\n\u3000\n11,620,169,508\n관계기업의 순확정급여부채의 재측정요소 등\n\u3000\n\u3000\n\u3000\n\u3000\n(913,938,867)\n(913,938,867)\n소유주와의 거래\n\u3000\n\u3000\n\u3000\n\u3000\n\u3000\n\u3000\n배당금\n\u3000\n\u3000\n\u3000\n\u3000\n(21,030,124,000)\n(21,030,124,000)\n자기주식의 취득\n\u3000\n\u3000\n(1,906,083,700)\n\u3000\n\u3000\n(1,906,083,700)\n자기주식의 소각\n\u3000\n\u3000\n15,592,239,434\n\u3000\n(15,592,239,434)\n\u3000\n2019.06.30 (기말자본)\n55,086,180,000\n262,014,747,501\n1,810,600,427\n(45,838,668,159)\n565,784,930,735\n838,857,790,504\n2020.01.01 (기초자본)\n55,086,180,000\n262,014,747,501\n1,810,600,427\n(52,808,003,473)\n582,794,935,886\n848,898,460,341\n반기총포괄이익\n\u3000\n\u3000\n\u3000\n\u3000\n\u3000\n\u3000\n반기순이익(손실)\n\u3000\n\u3000\n\u3000\n\u3000\n3,159,237,727\n3,159,237,727\n기타포괄손익-공정가치 지분상품 평가손익\n\u3000\n\u3000\n\u3000\n(1,287,879,242)\n\u3000\n(1,287,879,242)\n현금흐름위험회피\n\u3000\n\u3000\n\u3000\n(183,965,011)\n\u3000\n(183,965,011)\n관계기업의 기타포괄손익 변동\n\u3000\n\u3000\n\u3000\n4,935,880,833\n\u3000\n4,935,880,833\n관계기업의 순확정급여부채의 재측정요소 등\n\u3000\n\u3000\n\u3000\n\u3000\n(1,816,472,599)\n(1,816,472,599)\n소유주와의 거래\n\u3000\n\u3000\n\u3000\n\u3000\n\u3000\n\u3000\n배당금\n\u3000\n\u3000\n\u3000\n\u3000\n(20,944,140,000)\n(20,944,140,000)\n자기주식의 취득\n\u3000\n\u3000\n(6,050,629,000)\n\u3000\n\u3000\n(6,050,629,000)\n자기주식의 소각\n\u3000\n\u3000\n0\n\u3000\n0\n\u3000\n2020.06.30 (기말자본)\n55,086,180,000\n262,014,747,501\n(4,240,028,573)\n(49,343,966,893)\n563,193,561,014\n826,710,493,049\n현금흐름표\n제 22 기 반기 2020.01.01 부터 2020.06.30 까지\n제 21 기 반기 2019.01.01 부터 2019.06.30 까지\n(단위 : 원)\n\u3000\n제 22 기 반기\n제 21 기 반기\n영업활동현금흐름\n12,278,243,641\n42,008,617,079\n\u3000영업으로부터 창출된 현금흐름 (주24)\n7,510,335,806\n41,859,684,814\n\u3000이자의 수취\n367,842,303\n414,941,746\n\u3000이자의 지급\n(8,462,848,056)\n(7,843,509,381)\n\u3000배당금의 수취\n13,828,096,421\n14,195,496,028\n\u3000법인세의 납부\n(965,182,833)\n(6,617,996,128)\n투자활동현금흐름\n(1,081,082,400)\n(15,608,670,596)\n\u3000금융기관예치금의 순증감\n(4,070,892,699)\n144,667,138\n\u3000대여금의 증가\n(53,180,000)\n(109,713,823)\n\u3000대여금의 감소\n85,630,546\n194,664,701\n\u3000당기손익-공정가치금융자산의 취득\n(4,665,816,072)\n(2,000,000,000)\n\u3000기타포괄손익-공정가치금융자산의 취득\n(108,575,000)\n0\n\u3000유형자산의 취득\n(527,064,951)\n(13,588,457,359)\n\u3000유형자산의 처분\n3,510,000\n78,622,747\n\u3000무형자산의 취득\n(402,352,933)\n(328,454,000)\n\u3000무형자산의 처분\n8,657,658,709\n0\n재무활동현금흐름\n24,289,692,312\n(27,770,121,034)\n\u3000단기차입금의 증가\n115,000,000,000\n0\n\u3000단기차입금의 상환\n(58,000,000,000)\n(5,000,000,000)\n\u3000장기차입금의 증가\n0\n6,000,000,000\n\u3000리스부채의 원금상환\n(5,734,185,751)\n(5,426,393,894)\n\u3000파생금융상품의 정산\n18,647,063\n(407,519,440)\n\u3000자기주식의 취득\n(6,050,629,000)\n(1,906,083,700)\n\u3000배당금의 지급\n(20,944,140,000)\n(21,030,124,000)\n현금및현금성자산의 환율변동효과\n316,254,097\n(27,835,227)\n현금의 증감\n35,803,107,650\n(1,398,009,778)\n기초의 현금\n89,360,721,310\n73,209,407,358\n반기말의 현금\n125,163,828,960\n71,811,397,580\n5. 재무제표 주석\n제22(당)기 반기말 : 2020년 6월 30일 현재\n제21(전)기 반기말 : 2019년 6월 30일 현재\n주식회사 한라홀딩스\n1. 일반사항\n주식회사 한라홀딩스(이하 '회사')는 자동차부품의 제조 및 판매를 주요 사업목적으로 1999년 11월에 설립되어 2010년 5월 19일자로 발행 주식을 한국거래소가 개설한 유가증권시장에 상장하였습니다. 회사는 2014년 7월 28일 주주총회 결의에 따라, 2014년 9월 1일(분할기일)에 투자사업을 영위하는 주식회사 한라홀딩스와 자동차부품제조ㆍ판매업 등을 영위하는 주식회사 만도로 인적분할하였습니다. 분할 이후 회사의 주식은 2014년 10월 6일에 유가증권시장에 재상장되었습니다. 회사는 2015년 7월 1일(합병기일)에 종속기업인 한라마이스터 유한회사를 합병하였습니다. 이에 따라 한라마이스터 유한회사가 영위하던 자동차 부품 및 용품 판매업 등이 회사의 사업부문으로 추가되었습니다.2. 유의적 회계정책\n요약 반기재무제표의 작성에 적용된 유의적 회계정책은 아래와 같습니다. 이러한 정책은 별도의 언급이 없다면, 표시된 회계기간에 계속적으로 적용되었습니다.2.1 재무제표 작성 기준 회사의 2020년 6월 30일로 종료하는 6개월 보고기간에 대한\xa0요약 반기재무제표는 기준서 제1034호 '중간재무보고'에 따라 작성되었습니다. 이\xa0요약 반기재무제표는 보고기간말인 2020년 6월 30일 현재 유효한 한국채택국제회계기준에 따라 작성되었습니다.\n2.1.1 회사가 채택한 제ㆍ개정 기준서\n회사는 2020년 1월 1일로 개시하는 회계기간부터 다음의 제ㆍ개정 기준서를 신규로 적용하였습니다.\n(1) 기준서 제1001호 '재무제표 표시', 제1008호 '회계정책, 회계추정의 변경 및 오류' 개정 - 중요성의 정의'중요성의 정의'를 명확히 하고 기준서 제1001호와 제1008호를 명확해진 정의에 따라 개정하였습니다. 중요성 판단 시 중요한 정보의 누락이나 왜곡표시뿐만 아니라 중요하지 않은 정보로 인한 영향과 회사가 공시할 정보를 결정할 때 정보이용자의 특성을 고려하도록 하였습니다. 해당\xa0기준서의 개정이 재무제표에 미치는 중요한 영향은 없습니다.(2) 기준서 제1103호 '사업결합' 개정 - 사업의 정의개정된 사업의 정의에서는, 취득한 활동과 자산의 집합을 사업으로 판단하기 위해서는 산출물의 창출에 함께 유의적으로 기여할 수 있는 능력을 가진 투입물과 실질적인 과정을 반드시 포함하도록 하였고 원가 감소에 따른 경제적 효익은 제외하였습니다. 이와 함께 취득한 총자산의 대부분의 공정가치가 식별가능한 단일 자산 또는 자산집합에 집중되어 있는 경우, 취득한 활동과 자산의 집합은 사업이 아닌, 자산 또는 자산의 집합으로 결정할 수 있는 선택적 집중테스트가 추가되었습니다.\xa0해당\xa0기준서의 개정이 재무제표에 미치는 중요한 영향은 없습니다.\n(3)\xa0기준서 제1109호 '금융상품', 제1039호 '금융상품: 인식과 측정', 제1107호 '금융상품: 공시' 개정 - 이자율지표 개혁\n개정 기준서에서는 이자율지표 개혁 움직임으로 인한 불확실성이 존재하는 동안 위험회피회계 적용과 관련하여 미래 전망 분석 시 예외규정을 적용토록 하고 있습니다.예외규정에서는 기존 이자율지표를 준거로 하는 예상현금흐름의 발생가능성이 매우 높은지, 위험회피대상항목과 위험회피수단 사이의 경제적 관계가 있는지, 양자간에 높은 위험회피효과가있는지를 평가할 때, 위험회피대상항목과 위험회피수단이 준거로 하고 있는 이자율지표는이자율지표 개혁의 영향으로 바뀌지 않는다고 가정합니다.\xa0해당\xa0기준서의 개정이 재무제표에 미치는 중요한 영향은 없습니다.2.1.2 회사가 적용하지 않은\xa0제ㆍ개정\xa0기준서 및 해석서제정 또는 공표되었으나 시행일이 도래하지 않아 적용하지 아니한 제개정 기준서 및 해석서는 다음과 같습니다.(1) 기준서 제 1116호 '리스' 개정 - 코로나19 (Covid-19) 관련 임차료 면제ㆍ할인ㆍ유예에 대한 실무적 간편법실무적 간편법으로, 리스이용자는 코로나19의 직접적인 결과로 발생한 임차료 할인 등(rent concession)이 리스변경에 해당하는지 평가하지 않을 수 있습니다. 이러한 선택을 한 리스이용자는 임차료 할인 등으로 인한 리스료 변동을 그러한 변동이 리스변경이 아닐 경우에 이 기준서가 규정하는 방식과 일관되게 회계처리하여야 합니다.\xa0동 개정사항은 2020년6월 1일 이후 시작하는 회계연도부터 적용되며, 조기도입이 가능합니다.\xa0 회사는 동 개정으로 인해 재무제표에 중요한 영향은 없을 것으로 예상하고 있습니다.\n2.2\xa0회계정책\n요약 반기재무제표의\xa0작성에\xa0적용된 유의적 회계정책과 계산방법은\xa0주석 2.1.1에서 설명하는 제ㆍ개정 기준서의 적용으로 인한 변경을 제외하고는 전기재무제표 작성에 적용된 회계정책이나 계산방법과 동일합니다.2.2.1 법인세비용중간기간의 법인세비용은 전체 회계연도에 대해서 예상되는 최선의 가중평균연간법인세율, 즉 추정평균연간유효법인세율을 중간기간의 세전이익에 적용하여 계산합니다.\xa0\n3. 중요한 회계추정 및 가정\n요약 반기재무제표 작성시 회사의 경영진은 회계정책의 적용 및 재무제표에 인식되는 자산과 부채, 이익과 비용의 금액에 영향을 미치는 다양한 판단, 추정 및 가정을 하고 있습니다. 추정 및 가정은 지속적으로 평가되며, 과거 경험 및 현재의 상황에서 합리적으로 예측 가능한 미래의 사건과 같은 다른 요소들을 고려하여 이루어집니다. 이러한 회계추정은 실제 결과와 다를 수도 있습니다. 요약 반기재무제표 작성시 사용된 중요한 회계추정 및 가정은 전기 재무제표 작성시 적용된 회계추정 및 가정과 동일합니다.\n2020년도 중 COVID-19의 확산은 국내외 경제에 중대한 영향을 미치고 있습니다. 이는 생산성 저하와 매출의 감소나 지연, 기존 채권의 회수 등에 부정적인 영향을 미칠 수 있습니다. 이로 인해 회사의 재무상태와 재무성과에도 부정적인 영향이 발생할 수 있으며, 이러한 영향은 2020년 연차재무제표에도 지속될 것으로 예상됩니다. 요약 반기재무제표 작성시 사용된 중요한 회계추정 및 가정은 COVID-19에 따른 불확실성의 변동에 따라 조정될수 있으며, COVID-19로 인하여 회사의 사업, 재무상태 및 경영성과 등에 미칠 궁극적인 영향은 현재 예측할 수 없습니다.\n4. 재무위험관리\xa04.1 재무위험요소 회사는 여러 활동으로 인하여 시장위험, 신용위험 및 유동성위험과 같은 다양한 재무위험에 노출되어 있습니다. 회사의 전반적인 위험관리정책은 금융시장의 예측불가능성에 초점을 맞추고 있으며, 재무성과에 잠재적으로 불리할 수 있는 효과를 최소화하는데 중점을 두고 있습니다.\xa0\n위험관리는 이사회에서 승인한 정책에 따라 중앙 자금부서(회사 재무팀)에 의해 이루어지고 있습니다. 요약 반기재무제표는 연차재무제표에서 요구되는 모든 재무위험관리와 공시사항을 포함하지 않으며, 재무위험요소에 대한 회사의 위험관리 정책은 전기말 이후 중요한 변동 사항이 없습니다. 전기의 재무위험관리 정책은 2019년 12월 31일의 연차재무제표에 공시되어 있습니다.\xa0\n\xa0 4.2 자본위험관리 회사는 부채비율을 기준으로 하여 자본을 관리하고 있으며, 자본위험관리목표 및 정책은 전기말 이후 중요한 변동 사항이 없습니다.\n\xa0\n회사의 부채비율은 다음과 같습니다(단위: 천원).\n구\xa0 \xa0\xa0 분\n제22(당)기 반기\n제21(전)기\n부 채 총 계(A)\n648,044,549\xa0\n574,986,690\xa0\n자 본 총 계(B)\n826,710,493\xa0\n848,898,460\xa0\n부채비율(A/B)\n78.4%\n67.7%\n5. 공정가치5.1 금융상품 종류별 공정가치금융자산 및 금융부채의 종류별 장부금액 및 공정가치는 다음과 같습니다(단위: 천원).\n\xa0금융자산\xa0\n\xa0제22(당)기 반기\xa0\n\xa0제21(전)기\xa0\n\xa0장부금액\xa0\n\xa0공정가치\xa0\n\xa0장부금액\xa0\n\xa0공정가치\xa0\n\xa0[유동성 항목]\xa0\n\u3000\n\u3000\n\u3000\n\u3000\n\xa0\xa0 파생상품자산\xa0\n2,607,663\xa0\n2,607,663\xa0\n270,372\xa0\n270,372\xa0\n\xa0[비유동성 항목]\xa0\n\u3000\n\u3000\n\u3000\n\u3000\n\xa0\xa0 기타수취채권\xa0\n32,723,854\xa0\n32,723,854\xa0\n28,862,525\xa0\n28,862,525\xa0\n\xa0\xa0 당기손익-공정가치금융자산\xa0\n89,617,307\xa0\n89,617,307\xa0\n84,453,372\xa0\n84,453,372\xa0\n\xa0\xa0 기타포괄손익-공정가치금융자산\xa0\n6,621,610\xa0\n6,621,610\xa0\n8,212,084\xa0\n8,212,084\xa0\n\xa0\xa0 파생상품자산\xa0\n19,263,392\xa0\n19,263,392\xa0\n15,832,589\xa0\n15,832,589\xa0\n합\xa0 \xa0\xa0 계\n150,833,826\xa0\n150,833,826\xa0\n137,630,942\xa0\n137,630,942\xa0\n\xa0금융부채\xa0\n\xa0제22(당)기 반기\xa0\n\xa0제21(전)기\xa0\n\xa0장부금액\xa0\n\xa0공정가치\xa0\n\xa0장부금액\xa0\n\xa0공정가치\xa0\n\xa0[유동성 항목]\xa0\n\u3000\n\u3000\n\u3000\n\u3000\n\xa0\xa0 파생상품부채\xa0\n10,193\xa0\n10,193\xa0\n-\xa0\n-\xa0\n\xa0[비유동성 항목]\xa0\n\u3000\n\u3000\n\u3000\n\u3000\n\xa0\xa0 사채 및 차입금\xa0\n88,801,121\xa0\n88,709,803\xa0\n287,069,310\xa0\n319,909,286\xa0\n\xa0\xa0 기타지급채무\xa0\n1,525,056\xa0\n1,525,056\xa0\n1,221,041\xa0\n1,221,041\xa0\n\xa0\xa0 파생상품부채\xa0\n13,466,671\xa0\n13,466,671\xa0\n7,639,834\xa0\n7,639,834\xa0\n합\xa0 \xa0\xa0 계\n103,803,041\xa0\n103,711,723\xa0\n295,930,185\xa0\n328,770,161\xa0\n상각후원가로 측정하는 금융자산 및 금융부채 중 단기성으로 장부금액이 공정가치의 합리적인 근사치인 금액은 공정가치 공시에서 제외하였습니다.\n5.2 공정가치 서열체계공정가치로 측정되거나 공정가치가 공시되는 금융상품은 공정가치 서열체계에 따라 아래와 같은 수준별로 구분됩니다.\n수준\n내용\n수준1\n\xa0측정일에 동일한 자산이나 부채에 대해 접근할 수 있는 활성시장의 (조정되지 않은) 공시가격\n수준2\n\xa0수준 1의 공시가격 외에 자산이나 부채에 대해 직접적으로나 간접적으로 관측할 수 있는 투입변수\n수준3\n\xa0자산이나 부채에 대한 관측할 수 없는 투입변수\n공정가치로 측정되는 회사의 금융자산 및 금융부채는 모두 반복적인 공정가치 측정치에 해당됩니다. 공정가치로 측정되거나 공정가치가 공시되는 금융자산과 금융부채의 공정가치 서열체계 구분은 다음과 같습니다(단위: 천원).\n구분\n제22(당)기 반기\n수준1\n수준2\n수준3\n합계\n[반복적인 공정가치 측정치]\n\u3000\n\u3000\n\u3000\n\u3000\n\xa0 파생상품자산\n-\xa0\n2,607,663\xa0\n19,263,392\xa0\n21,871,055\xa0\n\xa0 당기손익-공정가치금융자산\n-\xa0\n80,773,091\xa0\n8,844,216\xa0\n89,617,307\xa0\n\xa0 기타포괄손익-공정가치금융자산\n5,212,006\xa0\n-\xa0\n1,409,604\xa0\n6,621,610\xa0\n\xa0 파생상품부채\n-\xa0\n10,193\xa0\n13,466,671\xa0\n13,476,864\xa0\n[공시되는 공정가치]\n\u3000\n\u3000\n\u3000\n\u3000\n\xa0 기타수취채권\n-\xa0\n-\xa0\n32,723,854\xa0\n32,723,854\xa0\n\xa0 사채 및 차입금\n-\xa0\n-\xa0\n88,709,803\xa0\n88,709,803\xa0\n\xa0 기타지급채무\n-\xa0\n-\xa0\n1,525,056\xa0\n1,525,056\xa0\n구분\n제21(전)기\n수준1\n수준2\n수준3\n합계\n[반복적인 공정가치 측정치]\n\u3000\n\u3000\n\u3000\n\u3000\n\xa0 파생상품자산\n-\xa0\n1,930,213\xa0\n14,172,748\xa0\n16,102,961\xa0\n\xa0 당기손익-공정가치금융자산\n-\xa0\n80,357,477\xa0\n4,095,895\xa0\n84,453,372\xa0\n\xa0 기타포괄손익-공정가치금융자산\n6,911,055\xa0\n-\xa0\n1,301,029\xa0\n8,212,084\xa0\n\xa0 파생상품부채\n-\xa0\n-\xa0\n7,639,834\xa0\n7,639,834\xa0\n[공시되는 공정가치]\n\u3000\n\u3000\n\u3000\n\u3000\n\xa0 기타수취채권\n-\xa0\n-\xa0\n28,862,525\xa0\n28,862,525\xa0\n\xa0 사채 및 차입금\n-\xa0\n-\xa0\n319,909,286\xa0\n319,909,286\xa0\n\xa0 기타지급채무\n-\xa0\n-\xa0\n1,221,041\xa0\n1,221,041\xa0\n회사는 반복적인 공정가치 측정치의 서열체계 수준 간 이동을 보고기간 말에 인식하고 있으며,\xa0당반기 중 반복적인 측정치의 수준3의 변동내역은 다음과 같습니다(단위:천원).\n구분\n제22(당)기 반기\n당기손익-공정가치금융자산\n기타포괄손익손익-공정가치금융자산\n파생금융자산\n파생금융부채\n기초\n4,095,895\xa0\n1,301,029\xa0\n14,172,748\xa0\n7,639,834\xa0\n당기손익인식액\n82,505\xa0\n-\xa0\n5,090,644\xa0\n5,826,837\xa0\n취득\n4,665,816\xa0\n108,575\xa0\n-\xa0\n-\xa0\n반기말\n8,844,216\xa0\n1,409,604\xa0\n19,263,392\xa0\n13,466,671\xa0\n구분\n제21(전)기 반기\n당기손익-공정가치금융자산\n기타포괄손익손익-공정가치금융자산\n파생금융자산\n파생금융부채\n기초\n637,193\xa0\n3,821,794\xa0\n14,368,644\xa0\n11,520,123\xa0\n당기손익인식액\n(32,684)\n-\xa0\n(1,948,827)\n(913,966)\n취득\n2,000,000\xa0\n-\xa0\n-\xa0\n-\xa0\n재분류\n-\xa0\n(2,520,764)\n-\xa0\n-\xa0\n반기말\n2,604,509\xa0\n1,301,030\xa0\n12,419,817\xa0\n10,606,157\xa0\n5.3 가치평가기법 및 투입변수수준2와 3으로 분류되는 공정가치 측정치는 지분상품,채무상품, 통화선도계약, 옵션과 관련된 파생금융상품으로 구성됩니다.지분상품의 공정가치는 회사가 자체적으로 개발한 내부평가 모형을 통해 평가한 값이나 독립적인 외부평가기관이 평가하여 제공한 값에 의해 측정됩니다. 회사는 현금흐름할인기법을 활용하고 있으면 보고기간말 현재 시장상황에 근거하여 가정을 수립하고 있습니다. 채무상품의 공정가치는 유사한 위험 및 만기구조를 갖는 채무증권의 시장에서 관측가능한수익률을 사용하여 현재가치로 측정됩니다. 당반기말 채무상품의 공정가치 측정시 사용된주요 관측가능한 투입변수는 신용위험이 반영된 할인율입니다.옵션관련 파생금융상품의 공정가치는 이항모형과 정규분포가정에 근거하여 산출된 기대 옵션가치에 회사의 지분율을 고려하여 측정되며 이와 관련된 관측불가능한 투입변수는 향후 기대 EBITDA 배수와 그 표준편차 입니다. 당반기말 한라스택폴 매각관련 파생금융상품의 공정가치 측정시 사용된 유의적이지만 관측 불가능한 투입변수는\xa0EBITDA 배수 6.5 및 표준편차(자산,부채 각각) 6.9, 9.0 입니다.공시되는 공정가치 중 수준2와 수준3으로 분류되는 공정가치의 현재가치 측정치에 활용되는 이자율은 가중평균차입이자율, 공모사채 내부수익율 등을 고려하여 측정됩니다.5.4 수준3으로 분류된 공정가치 측정치의 가치평가과정회사의 재무부서는 매분기말 외부전문 평가기관의 평가보고서를 수령하여 검토하고 있으며 이러한 평가보고서는 수준3으로 분류되는 공정가치 측정치를 포함하고 있습니다.\xa0회사의 재무부서는 최고재무책임자와 최고경영진에 보고하며, 매 분기 보고 일정에 맞추어 공정가치 평가과정 및 그 결과에 대해 최고재무책임자 및 최고경영진과 협의합니다.\n5.5 수준3으로 분류된 공정가치 측정치의 민감도 분석\n\xa0\n금융상품의 민감도 분석은 통계적 기법을 이용한 관측 불가능한 투입 변수의 변동에 따른 금융상품의 가치변동에 기초하여 유리한 변동과 불리한 변동으로 구분하여 이루어집니다.그리고 공정가치가 두 개 이상의 투입 변수에 영향을 받는 경우에는 가장 유리하거나 또는가장 불리한 금액을 바탕으로 산출됩니다.\n민감도 분석 대상인 수준3으로 분류되는 각 상품별 투입 변수의 변동이 회사의 당기손익 및 기타포괄손익(법인세효과 차감전)에 미치는 효과는 다음과 같습니다(단위:천원).\n구분\n제22(당)기 반기\n제21(전)기\n유리한 변동\n불리한 변동\n유리한 변동\n불리한 변동\n파생상품자산(*)\n1,112,213\xa0\n(1,292,789)\n1,543,336\xa0\n(1,658,115)\n파생상품부채(*)\n2,434,060\xa0\n(2,514,641)\n1,657,407\xa0\n(1,750,635)\n(*) 파생상품자산의 변동은 EBITDA 배수 6.3~6.8과 표준편차 6.2~7.6, 파생상품부채의 변동은 EBITDA 배수 6.3~6.8과 표준편차 8.1~9.9에 의해 산출되었습니다.\n6. 범주별 금융상품범주별 금융자산의 세부 내역은 다음과 같습니다(단위: 천원).\n구분\n제22(당)기 반기\n상각후원가로 측정하는 금융자산\n당기손익 -공정가치금융자산\n기타포괄손익 -공정가치금융자산\n기타금융자산\n파생금융자산\n합계\n당기손익인식\n위험회피목적\n[유동성 항목]\n\u3000\n\u3000\n\u3000\n\u3000\n\u3000\n\u3000\n\u3000\n\xa0\xa0 현금및현금성자산\n125,163,829\xa0\n-\xa0\n-\xa0\n-\xa0\n-\xa0\n-\xa0\n125,163,829\xa0\n\xa0\xa0 매출채권\n82,495,256\xa0\n-\xa0\n-\xa0\n-\xa0\n-\xa0\n-\xa0\n82,495,256\xa0\n\xa0\xa0 리스채권\xa0\n-\xa0\n-\xa0\n-\xa0\n604,155\xa0\n-\xa0\n-\xa0\n604,155\xa0\n\xa0\xa0 기타수취채권\xa0\n6,940,002\xa0\n-\xa0\n-\xa0\n-\xa0\n-\xa0\n-\xa0\n6,940,002\xa0\n\xa0\xa0 파생상품자산\xa0\n-\xa0\n-\xa0\n-\xa0\n-\xa0\n-\xa0\n2,607,663\xa0\n2,607,663\xa0\n소계\n214,599,087\xa0\n-\xa0\n-\xa0\n604,155\xa0\n-\xa0\n2,607,663\xa0\n217,810,905\xa0\n[비유동성 항목]\n\u3000\n\u3000\n\u3000\n\u3000\n\u3000\n\u3000\n\u3000\n\xa0\xa0 기타수취채권\n32,723,854\xa0\n-\xa0\n-\xa0\n-\xa0\n-\xa0\n-\xa0\n32,723,854\xa0\n\xa0\xa0 공정가치금융자산\n-\xa0\n89,617,307\xa0\n6,621,610\xa0\n-\xa0\n-\xa0\n-\xa0\n96,238,917\xa0\n\xa0\xa0 파생상품자산\n-\xa0\n-\xa0\n-\xa0\n-\xa0\n19,263,392\xa0\n-\xa0\n19,263,392\xa0\n소계\n32,723,854\xa0\n89,617,307\xa0\n6,621,610\xa0\n-\xa0\n19,263,392\xa0\n-\xa0\n148,226,163\xa0\n합계\n247,322,941\xa0\n89,617,307\xa0\n6,621,610\xa0\n604,155\xa0\n19,263,392\xa0\n2,607,663\xa0\n366,037,068\xa0\n구분\n제21(전)기\n상각후원가로 측정하는 금융자산\n당기손익 -공정가치금융자산\n기타포괄손익 -공정가치금융자산\n기타금융자산\n파생금융자산\n합계\n당기손익인식\n위험회피목적\n[유동성 항목]\n\u3000\n\u3000\n\u3000\n\u3000\n\u3000\n\u3000\n\u3000\n\xa0\xa0 현금및현금성자산\n89,360,721\xa0\n-\xa0\n-\xa0\n-\xa0\n-\xa0\n-\xa0\n89,360,721\xa0\n\xa0\xa0 매출채권\n91,258,877\xa0\n-\xa0\n-\xa0\n-\xa0\n-\xa0\n-\xa0\n91,258,877\xa0\n\xa0\xa0 리스채권\xa0\n-\xa0\n-\xa0\n-\xa0\n1,173,971\xa0\n-\xa0\n-\xa0\n1,173,971\xa0\n\xa0\xa0 기타수취채권\xa0\n4,430,152\xa0\n-\xa0\n-\xa0\n-\xa0\n-\xa0\n-\xa0\n4,430,152\xa0\n\xa0\xa0 파생상품자산\xa0\n-\xa0\n-\xa0\n-\xa0\n-\xa0\n-\xa0\n270,372\xa0\n270,372\xa0\n소계\n185,049,750\xa0\n-\xa0\n-\xa0\n1,173,971\xa0\n-\xa0\n270,372\xa0\n186,494,093\xa0\n[비유동성 항목]\n\u3000\n\u3000\n\u3000\n\u3000\n\u3000\n\u3000\n\u3000\n\xa0\xa0 기타수취채권\n28,862,525\xa0\n-\xa0\n-\xa0\n-\xa0\n-\xa0\n-\xa0\n28,862,525\xa0\n\xa0\xa0 공정가치금융자산\n-\xa0\n84,453,372\xa0\n8,212,084\xa0\n-\xa0\n-\xa0\n-\xa0\n92,665,456\xa0\n\xa0\xa0 파생상품자산\n-\xa0\n-\xa0\n\u3000\n\u3000\n15,832,589\xa0\n-\xa0\n15,832,589\xa0\n소계\n28,862,525\xa0\n84,453,372\xa0\n8,212,084\xa0\n-\xa0\n15,832,589\xa0\n-\xa0\n137,360,570\xa0\n합계\n213,912,275\xa0\n84,453,372\xa0\n8,212,084\xa0\n1,173,971\xa0\n15,832,589\xa0\n270,372\xa0\n323,854,663\xa0\n범주별 금융부채의 세부 내역은 다음과 같습니다(단위:천원).\n구분\n제22(당)기 반기\n상각후원가로 측정하는 금융부채\n기타금융부채\n파생금융부채\n파생상품부채\n합계\n당기손익인식\n당기손익인식\n[유동성 항목]\n\u3000\n\u3000\n\u3000\n\u3000\n\u3000\n\xa0 매입채무\n73,213,917\xa0\n-\xa0\n-\xa0\n-\xa0\n73,213,917\xa0\n\xa0 기타지급채무\n6,093,052\xa0\n-\xa0\n-\xa0\n-\xa0\n6,093,052\xa0\n\xa0 단기차입금\n62,900,000\xa0\n-\xa0\n-\xa0\n-\xa0\n62,900,000\xa0\n\xa0 사채 및 유동성장기차입금\n315,302,707\xa0\n-\xa0\n-\xa0\n-\xa0\n315,302,707\xa0\n\xa0 파생상품부채\n-\xa0\n-\xa0\n-\xa0\n10,193\xa0\n10,193\xa0\n\xa0 리스부채\n-\xa0\n14,599,421\xa0\n-\xa0\n-\xa0\n14,599,421\xa0\n소계\n457,509,676\xa0\n14,599,421\xa0\n-\xa0\n10,193\xa0\n472,119,290\xa0\n[비유동성 항목]\n\u3000\n\u3000\n\u3000\n\u3000\n\u3000\n\xa0 사채 및 장기차입금\n88,801,121\xa0\n-\xa0\n-\xa0\n-\xa0\n88,801,121\xa0\n\xa0 기타지급채무\n1,525,056\xa0\n-\xa0\n-\xa0\n-\xa0\n1,525,056\xa0\n\xa0 파생상품부채\n-\xa0\n-\xa0\n13,466,671\xa0\n-\xa0\n13,466,671\xa0\n\xa0 리스부채\n-\xa0\n51,051,490\xa0\n-\xa0\n-\xa0\n51,051,490\xa0\n소계\n90,326,177\xa0\n51,051,490\xa0\n13,466,671\xa0\n-\xa0\n154,844,338\xa0\n합계\n547,835,853\xa0\n65,650,911\xa0\n13,466,671\xa0\n10,193\xa0\n626,963,628\xa0\n구분\n제21(전)기\n상각후원가로 측정하는 금융부채\n기타금융부채\n파생금융부채\n합계\n당기손익인식\n[유동성 항목]\n\u3000\n\u3000\n\u3000\n\u3000\n\xa0 매입채무\n93,873,436\xa0\n-\xa0\n-\xa0\n93,873,436\xa0\n\xa0 기타지급채무\n10,006,273\xa0\n-\xa0\n-\xa0\n10,006,273\xa0\n\xa0 단기차입금\n5,900,000\xa0\n-\xa0\n-\xa0\n5,900,000\xa0\n\xa0 사채\n115,918,353\xa0\n-\xa0\n-\xa0\n115,918,353\xa0\n\xa0 리스부채\n-\xa0\n11,655,186\xa0\n-\xa0\n11,655,186\xa0\n소계\n225,698,062\xa0\n11,655,186\xa0\n-\xa0\n237,353,248\xa0\n[비유동성 항목]\n\u3000\n\u3000\n\u3000\n\u3000\n\xa0 사채 및 장기차입금\n287,069,310\xa0\n-\xa0\n-\xa0\n287,069,310\xa0\n\xa0 기타지급채무\n1,221,041\xa0\n-\xa0\n-\xa0\n1,221,041\xa0\n\xa0 파생상품부채\n-\xa0\n-\xa0\n7,639,834\xa0\n7,639,834\xa0\n\xa0 리스부채\n-\xa0\n14,146,056\xa0\n-\xa0\n14,146,056\xa0\n소계\n288,290,351\xa0\n14,146,056\xa0\n7,639,834\xa0\n310,076,241\xa0\n합계\n513,988,413\xa0\n25,801,242\xa0\n7,639,834\xa0\n547,429,489\xa0\n금융상품 범주별 순손익(법인세효과 차감전)의 내역은 다음과 같습니다(단위: 천원).\n구분\n제22(당)기 반기\n상각후원가로 측정하는 금융자산\n당기손익 -공정가치금융자산\n기타포괄손익 -공정가치금융자산\n상각후원가로 측정하는 금융부채\n기타금융상품\n파생금융상품\n합계\n당기손익인식\n위험회피목적\n[당기손익]\n\u3000\n\u3000\n\u3000\n\u3000\n\u3000\n\u3000\n\u3000\n\u3000\n\xa0 외환차이로 인한 이익\n2,334,011\xa0\n-\xa0\n-\xa0\n124,379\xa0\n-\xa0\n-\xa0\n-\xa0\n2,458,390\xa0\n\xa0 외환차이로 인한 손실\n(1,028,683)\n-\xa0\n-\xa0\n(1,125,754)\n-\xa0\n-\xa0\n-\xa0\n(2,154,437)\n\xa0 이자수익\n589,418\xa0\n1,989,071\xa0\n-\xa0\n-\xa0\n16,980\xa0\n-\xa0\n-\xa0\n2,595,469\xa0\n\xa0 이자비용\n-\xa0\n-\xa0\n-\xa0\n(7,764,994)\n(508,336)\n-\xa0\n-\xa0\n(8,273,330)\n\xa0 대손상각비 환입\n64,367\xa0\n-\xa0\n-\xa0\n-\xa0\n-\xa0\n-\xa0\n-\xa0\n64,367\xa0\n\xa0 공정가치금융자산평가손익\n-\xa0\n498,119\xa0\n-\xa0\n-\xa0\n-\xa0\n-\xa0\n-\xa0\n498,119\xa0\n\xa0 파생상품거래손익\n-\xa0\n-\xa0\n-\xa0\n-\xa0\n-\xa0\n18,647\xa0\n-\xa0\n18,647\xa0\n\xa0 파생상품평가손익\n-\xa0\n-\xa0\n-\xa0\n-\xa0\n-\xa0\n173,761\xa0\n-\xa0\n173,761\xa0\n\xa0 배당금수익\n-\xa0\n10,500\xa0\n249,755\xa0\n-\xa0\n-\xa0\n-\xa0\n-\xa0\n260,255\xa0\n\xa0 \xa0 \xa0 \xa0 \xa0\xa0 당기손익 합계\n1,959,113\xa0\n2,497,690\xa0\n249,755\xa0\n(8,766,369)\n(491,356)\n192,408\xa0\n-\xa0\n(4,358,759)\n\xa0[기타포괄손익]\xa0\n\u3000\n\u3000\n\u3000\n\u3000\n\u3000\n\u3000\n\u3000\n\u3000\n\xa0\xa0 공정가치금융자산평가손익\xa0\n-\xa0\n-\xa0\n(1,699,049)\n-\xa0\n-\xa0\n-\xa0\n-\xa0\n(1,699,049)\n\xa0\xa0 현금흐름위험회피\xa0\n-\xa0\n-\xa0\n-\xa0\n-\xa0\n-\xa0\n-\xa0\n(242,698)\n(242,698)\n\xa0 \xa0 \xa0 \xa0 기타포괄손익 합계\n-\xa0\n-\xa0\n(1,699,049)\n-\xa0\n-\xa0\n-\xa0\n(242,698)\n(1,941,747)\n\xa0 \xa0 \xa0 \xa0\xa0 총포괄손익 합계\n1,959,113\xa0\n2,497,690\xa0\n(1,449,294)\n(8,766,369)\n(491,356)\n192,408\xa0\n(242,698)\n(6,300,506)\n구분\n제21(전)기 반기\n상각후원가로측정하는 금융자산\n당기손익 -공정가치금융자산\n기타포괄손익 -공정가치금융자산\n상각후원가로 측정하는 금융부채\n기타금융상품\n파생금융상품\n합계\n당기손익인식\n위험회피목적\n[당기손익]\n\u3000\n\u3000\n\u3000\n\u3000\n\u3000\n\u3000\n\u3000\n\u3000\n\xa0 외환차이로 인한 이익\n2,463,313\xa0\n-\xa0\n-\xa0\n70,760\xa0\n-\xa0\n-\xa0\n-\xa0\n2,534,073\xa0\n\xa0 외환차이로 인한 손실\n(1,274,937)\n-\xa0\n-\xa0\n(986,578)\n-\xa0\n-\xa0\n-\xa0\n(2,261,515)\n\xa0 이자수익\n517,708\xa0\n1,983,562\xa0\n-\xa0\n-\xa0\n8,328\xa0\n-\xa0\n-\xa0\n2,509,598\xa0\n\xa0 이자비용\n-\xa0\n-\xa0\n-\xa0\n(7,361,653)\n(399,262)\n-\xa0\n-\xa0\n(7,760,915)\n\xa0 대손상각비 환입\n4,000\xa0\n-\xa0\n-\xa0\n-\xa0\n-\xa0\n-\xa0\n-\xa0\n4,000\xa0\n\xa0 공정가치금융자산평가손익\n-\xa0\n1,741,038\xa0\n-\xa0\n-\xa0\n-\xa0\n-\xa0\n-\xa0\n1,741,038\xa0\n\xa0 파생상품거래손익\n-\xa0\n-\xa0\n-\xa0\n-\xa0\n-\xa0\n135,414\xa0\n-\xa0\n135,414\xa0\n\xa0 파생상품평가손익\n-\xa0\n-\xa0\n-\xa0\n-\xa0\n-\xa0\n(212,566)\n-\xa0\n(212,566)\n\xa0 배당금수익\n-\xa0\n-\xa0\n260,255\xa0\n-\xa0\n-\xa0\n-\xa0\n-\xa0\n260,255\xa0\n\xa0 \xa0 \xa0 \xa0 \xa0\xa0 당기손익 합계\n1,710,084\xa0\n3,724,600\xa0\n260,255\xa0\n(8,277,471)\n(390,934)\n(77,152)\n-\xa0\n(3,050,618)\n\xa0[기타포괄손익]\xa0\n\u3000\n\u3000\n\u3000\n\u3000\n\u3000\n\u3000\n\u3000\n\u3000\n\xa0\xa0 공정가치금융자산평가손익\xa0\n-\xa0\n-\xa0\n(1,474,189)\n-\xa0\n-\xa0\n-\xa0\n-\xa0\n(1,474,189)\n\xa0\xa0 현금흐름위험회피\xa0\n-\xa0\n-\xa0\n-\xa0\n-\xa0\n-\xa0\n-\xa0\n(1,299,761)\n(1,299,761)\n\xa0 \xa0 \xa0 \xa0 기타포괄손익 합계\n-\xa0\n-\xa0\n(1,474,189)\n-\xa0\n-\xa0\n-\xa0\n(1,299,761)\n(2,773,950)\n\xa0 \xa0 \xa0 \xa0\xa0 총포괄손익 합계\n1,710,084\xa0\n3,724,600\xa0\n(1,213,934)\n(8,277,471)\n(390,934)\n(77,152)\n(1,299,761)\n(5,824,568)\n7. 금융자산7.1 당기손익-공정가치 금융자산(1) 당기손익-공정가치 금융자산(단위: 천원)\n구분\n제22(당)기 반기\n제21(전)기\n비유동항목\n\u3000\n\u3000\n\xa0 이익참가부사채\n80,773,091\xa0\n80,357,477\xa0\n\xa0 사모투자신탁\xa0\n2,003,801\xa0\n1,940,628\xa0\n\xa0 전환상환우선주\n5,999,065\xa0\n1,499,929\xa0\n\xa0 기타\n841,352\xa0\n655,339\xa0\n합계\n89,617,309\xa0\n84,453,373\xa0\n(2) 당기손익으로 인식된 금액(단위: 천원)\n구분\n제22(당)기 반기\n제21(전)기 반기\n당기손익-공정가치 채무상품 관련 손익\n2,404,686\xa0\n3,757,284\xa0\n당기손익-공정가치 지분상품 관련 손익\n93,005\xa0\n(32,684)\n7.2 기타포괄손익-공정가치 금융자산기타포괄손익-공정가치 지분상품의 내역은 다음과 같습니다(단위: 천원).\n구분\n제22(당)기 반기\n제21(전)기\n비유동항목\n\u3000\n\u3000\n\xa0상장주식\n\u3000\n\u3000\n\xa0\xa0 현대종합상사 주식회사\n3,479,214\xa0\n4,735,964\xa0\n\xa0\xa0 현대코퍼레이션홀딩스 주식회사\n1,732,792\xa0\n2,175,091\xa0\n\xa0비상장주식\n\u3000\n\u3000\n\xa0\xa0 립하이 주식회사\n1,108,604\xa0\n1,000,029\xa0\n\xa0\xa0 기타\n301,000\xa0\n301,000\xa0\n합계\n6,621,610\xa0\n8,212,084\xa0\n위 지분상품의 처분시에는 관련 기타포괄손익누계액은 이익잉여금으로 재분류되며 당기손익으로 재분류되지 않습니다.당반기에 기타포괄손익-공정가치 지분상품의 매각은 없습니다.7.3 매출채권 및 기타상각후원가측정 금융자산(1) 매출채권 및 손실충당금(단위: 천원)\n\xa0구분\n제22(당)기 반기\n제21(전)기\n매출채권\xa0\n83,031,219\xa0\n91,865,818\xa0\n손실충당금\xa0\n(535,963)\n(606,941)\n매출채권(순액)\xa0\n82,495,256\xa0\n91,258,877\xa0\n(2) 기타 상각후원가 측정 금융자산(단위: 천원)\n구분\n제22(당)기 반기\n제21(전)기\n유동\n비유동\n합계\n유동\n비유동\n합계\n금융기관예치금\n4,446,441\xa0\n4,000\xa0\n4,450,441\xa0\n\u3000-\xa0\n379,548\xa0\n379,548\xa0\n미수금\n1,658,890\xa0\n23,069,753\xa0\n24,728,643\xa0\n2,598,652\xa0\n23,064,755\xa0\n25,663,407\xa0\n미수수익\n18,670\xa0\n16,581,778\xa0\n16,600,448\xa0\n20,500\xa0\n14,514,999\xa0\n14,535,499\xa0\n대여금\n544,000\xa0\n71,500\xa0\n615,500\xa0\n501,001\xa0\n146,950\xa0\n647,951\xa0\n보증금\n772,000\xa0\n10,030,493\xa0\n10,802,493\xa0\n1,810,000\xa0\n7,789,945\xa0\n9,599,945\xa0\n총 장부금액\n7,440,001\xa0\n49,757,524\xa0\n57,197,525\xa0\n4,930,153\xa0\n45,896,197\xa0\n50,826,350\xa0\n\xa0차감: 손실충당금\n(500,000)\n(17,033,671)\n(17,533,671)\n(500,000)\n(17,033,671)\n(17,533,671)\n상각후원가\n6,940,001\xa0\n32,723,853\xa0\n39,663,854\xa0\n4,430,153\xa0\n28,862,526\xa0\n33,292,679\xa0\n8.\xa0계약자산과 계약부채(1) 회사가 인식하고 있는 계약자산과 계약부채는 아래와 같습니다(단위: 천원).\n구분\n제22(당)기 반기\n제21(전)기\n기타자산 - IT수익\n-\xa0\n40,003\xa0\n계약자산 합계\n-\xa0\n40,003\xa0\n기타부채 - 변동대가\n119,316\xa0\n110,240\xa0\n기타부채 - 운송용역\n14,019\xa0\n3,545\xa0\n기타부채 - 복합운송\n322,442\xa0\n1,531,685\xa0\n기타부채 - IT수익\n-\xa0\n356,774\xa0\n계약부채 합계\n455,777\xa0\n2,002,244\xa0\n(2) 계약부채에 대해 인식한 수익전기에서 이월된 계약부채와 관련하여 당반기에 수익으로 인식한 금액은 다음과 같습니다(단위: 천원).\n구분\n제22(당)기 반기\n기초의 계약부채 잔액 중 당기에 인식한 수익\n\u3000\n\xa0 변동대가\n110,240\xa0\n\xa0 운송용역\n3,545\xa0\n\xa0 복합운송\n1,531,685\xa0\n\xa0 IT수익\n356,774\xa0\n9. 사용이 제한된 금융기관예치금사용이 제한된 금융기관예치금의 세부 내역은 다음과 같습니다(단위: 천원).\n구분\n거래처\n제22(당)기 반기\n제21(전)기\n제한 사유\n비유동성\n우리은행\n2,000\xa0\n2,000\xa0\n당좌개설보증금\nKEB하나은행\n2,000\xa0\n2,000\xa0\n당좌개설보증금\n합계\n4,000\xa0\n4,000\xa0\n10. 재고자산재고자산의 세부 내역은 다음과 같습니다(단위: 천원).\n구 분\n제22(당)기 반기\n제21(전)기\n취득가액\n평가손실누계\n장부가액\n취득가액\n평가손실누계\n장부가액\n상 품\n61,324,702\xa0\n(684,829)\n60,639,873\xa0\n62,132,640\xa0\n(527,653)\n61,604,987\xa0\n미 착 품\n721,965\xa0\n-\xa0\n721,965\xa0\n2,160,814\xa0\n-\xa0\n2,160,814\xa0\n합 계\n62,046,668\xa0\n(684,829)\n61,361,839\xa0\n64,293,454\xa0\n(527,653)\n63,765,801\xa0\n당반기 중 비용으로 인식되어 매출원가에 포함된 재고자산의 원가는 160,597,061천원(전반기: 196,342,562천원)입니다.회사는 당반기 재고자산평가손실 157,176천원(전반기: 276,352천원)을 인식하였습니다. 해당 금액은 포괄손익계산서의 매출원가에 포함되어 있습니다.\n11. 파생금융상품(1) 통화선도 및 스왑계약\n회사의 파생금융상품 중 통화선도 계약과 관련된 세부 내역은 다음과 같습니다(단위:천원,천USD).\n계약처(*)\nPosition\n매도금액(단위:천)\n매입금액(단위:천)\n약정환율\n계약만기일\n[현금흐름위험회피]\n신한은행\n매도\n\xa0USD\xa0\n\xa0 \xa0 \xa0 \xa0\xa0 7,650\xa0\nKRW\n\xa0 \xa0 \xa0\xa0 9,168,610\xa0\n1191.30~1204.45\n2020.07.31 ~ 2020.12.31\n국민은행\n매도\n\xa0USD\xa0\n\xa0 \xa0 \xa0 \xa0 \xa0 \xa0 700\xa0\nKRW\n\xa0 \xa0 \xa0 \xa0 \xa0 838,320\xa0\n1197.60\n2020.07.31\n(*) 회사는 당반기말 현재 파생금융상품 거래와 관련하여 국민은행과 USD 52,000천, 신한은행과 USD 5,000천의 한도 계약을 체결하고 있습니다.현금흐름위험회피와 관련하여 위험회피대상인 발생가능성이 매우 높은 예상거래는 향후 6개월 동안 다양한 일자에 발생할 것으로 예상되며, 현금흐름위험회피를 적용하였으나 더이상 발생할 것으로 기대되지 않는 예상거래는 없습니다.현금흐름위험회피와 관련하여 당반기 중 기타포괄손익으로 인식된 평가이익은 257,043천원(전반기 평가손실: 330,269천원)입니다. 기타포괄손익에서 당기손익으로 재분류된 평가손실 499,741천원(전반기 평가손실: 969,492천원)은 매출액으로 인식되었습니다. 회사의 통화스왑과 관련되어 있는 파생금융상품의 세부 내역은 다음과 같습니다(단위: 천원, 천USD).\n계약처\n원금\n이자\n계약만기일\n지급(KRW)\n수취(USD)\n지급(KRW)\n수취(USD)\n[당기손익인식]\n국민은행\n23,485,000\n22,000\n고정금리 연3.48%\n변동 금리\xa0\nLibor(3M)+1.55%\n2021.03.26\n회사는 외화차입금에 대한 이자율 및 환율변동위험을 회피하기 위하여 통화스왑계약을 체결하였습니다. 당반기말 현재 미결제약정 통화스왑 계약대상차입금은 USD 22,000천입니다. 해당 통화스왑계약과 관련하여 파생상품평가이익 909,954천원을 기타수익으로 인식하였습니다.파생금융상품의 공정가치 평가 내역은 다음과 같습니다(단위:천원).\n구분\n제22(당)기 반기\n제21(전)기\n자산\n부채\n자산\n부채\n[유동성 항목]\n\u3000\n\u3000\n\xa0현금흐름위험회피\n\u3000-\xa0\n\xa0 \xa0 \xa0 \xa0 \xa0 \xa0 10,193\xa0\n232,505\xa0\n\u3000-\xa0\n\xa0당기손익인식\n\xa0 \xa0 \xa0 \xa0\xa0 2,607,663\xa0\n\xa0 \xa0 \xa0 \xa0 \xa0 \xa0 \xa0 \xa0 \xa0 \xa0 -\xa0\n37,867\xa0\n-\xa0\n[비유동성 항목]\n\u3000\n\u3000\n\xa0당기손익인식\n\u3000-\xa0\n\xa0 \xa0 \xa0 \xa0 \xa0 \xa0 \xa0 \xa0 \xa0 -\xa0\n\xa01,659,841\xa0\n-\xa0\n(2) 옵션계약\n2017년 중 회사는 한라스택폴 주식회사의 지분매각과 관련하여 매수자와 잔여지분에 대해 다음과 같이 옵션계약을 체결하였습니다.\n구분\n풋옵션\n콜옵션\n행사가능기간\n매각일로부터 5년 이후 4년간\n풋옵션 행사기간 만료 후 4년간\n행사금액(*1)\n지분율*(EBITDA*8.5-Net Debt)\n지분율*(EBITDA*8.5-Net Debt)\n옵션 보유자\n(주)한라홀딩스\nStackpole(*2)\n기타\n·매각일이후 5년의 기간동안 제3자에게 지분을 양도할 수 없음·해당기간 이후 각 주주가 제3자에게 보유지분 매각을 원하는 경우 다른 주주는 해당 지분에 대한 \xa0\xa0 우선매수청구권을 행사할 수 있음·Stackpole이 보유지분을 제3자에게 매각하여 대주주 지위를 상실하는 경우 회사는 공동매각권을 \xa0\xa0 행사할 수 있음·Stackpole이 보유지분을 전량 제3자에게 매각하는 경우 Stackpole은 공동매각청구권을 행사할 수 있음\n(*1) 행사시점 직전년도 연결재무제표상 금액기준(*2) 한라스택폴 주식회사의 기존 지분을 보유하고 있는 STACKPOLE INVESTMENT LIMITED와 당 지분 매각의 직접당사자인 JOHNSON ELECTRIC INTERNATIONAL(UK) LIMITED를 통칭해당 파생금융상품의 공정가치 평가 내역은 다음과 같습니다(단위:천원).\n구분\n제22(당)기 반기\n제21(전)기\n자산\n부채\n자산\n부채\n[비유동성 항목]\n\u3000\n\u3000\n\u3000\n\u3000\n\xa0당기손익인식\n19,263,392\xa0\n13,466,671\xa0\n14,172,748\xa0\n7,639,834\xa0\n당반기 중 당기손익으로 인식된 파생상품 평가이익 5,090,644천원 및 파생상품 평가손실 5,826,837천원 기타수익 및 기타비용으로 인식되었습니다.\n12. 종속기업 및 공동기업에 대한 투자자산종속기업 및 공동기업에 대한 투자자산의 세부 내역은 다음과 같습니다(단위: 천원).\n피투자기업명\n약칭(*)\n소재국가\n지분율 (%)\n장부금액\n제22(당)기 반기\n제21(전)기\n[종속기업]\n\u3000\n\u3000\nUriman, Inc.\nURIMAN\n미국\n100.0\n30,165,662\xa0\n30,165,662\xa0\nHalla Meister Shanghai Trading Co., Ltd.\nHMTC\n중국\n100.0\n1,085,350\xa0\n1,085,350\xa0\nHalla Meister (Suzhou) Logistics Co., Ltd.\nHMLC\n중국\n100.0\n2,487,761\xa0\n2,487,761\xa0\n주식회사 위코(구, 우리엔지니어링㈜)\nWECO\n한국\n100.0\n3,729,991\xa0\n3,729,991\xa0\nMeister Logistics Corporation America.\nMLCA\n미국\n100.0\n2,831,368\xa0\n2,831,368\xa0\n주식회사 제이제이한라(구, 주식회사 에니스)(*1)\nJJH\n한국\n100.0\n19,134,919\xa0\n19,134,919\xa0\nHALLA CORPORATION EUROPE OTOMOTiV YEDEK PARCALARI SANAYi VE TiCARETANONiM SiRKETi(*2)\nHCE\n터키\n100.0\n3,539,400\xa0\n3,539,400\xa0\n[공동기업]\u3000\n\u3000\n\u3000\n만도헬라일렉트로닉스 주식회사\nMHE\n한국\n50.0\n29,258,494\xa0\n29,258,494\xa0\n합계\n\u3000\n\u3000\n\u3000\n92,232,945\xa0\n92,232,945\xa0\n(*) 이하 약칭사용(*1) 회사가 보유한 JJH주식은 JJH의 차입금 80,000,000천원과 관련하여 담보로 제공되어\xa0 있습니다(주석 25 참조). (*2) 전기 중 100% 출자하여 신규설립하였습니다.\n13. 관계기업에 대한 투자자산\n관계기업에 대한 투자자산을 구성하는 관계기업 현황은 다음과 같습니다.\n기업명\n약칭(*)\n소재국가\n소유지분율(%)\n결산월\n제22(당)기 반기\n제21(전)기\n주식회사 만도\nMANDO\n한국\n30.25\n30.25\n12월\n주식회사 한라(*1)\nHL\n한국\n15.85\n15.85\n12월\n한라스택폴 주식회사\nHSC\n한국\n20.00\n20.00\n3월\n주식회사 제이디테크\xa0\nJDT\n한국\n35.09\n35.09\n12월\n주식회사 에이엠티엔지니어링\nAMT\n한국\n22.22\n22.22\n12월\n주식회사 와이드\nWD\n한국\n19.24\n19.24\n12월\n(*) 이하 약칭 사용(*1) 보통주 지분율은 15.85%이며, 우선주 지분율은 100%이나, 우선주의 전환비율 및 HL가 보유한 자기주식을 고려하여 지분법에 적용한 지분율은 보통주 6.94%, 우선주 57.33%입니다.관계기업에 대한 투자자산의 장부금액 변동 내역은 다음과 같습니다(단위:천원).\n기업명\n제22(당)기 반기\n기초\n배당금\n당기손익 중 지분 해당액\n기타포괄손익에 대한 지분\n재측정요소에대한 지분\n이익잉여금\n변동에 대한 지분\n기말\nMANDO\n609,464,390\xa0\n(7,811,788)\n(34,978,004)\n6,785,246\xa0\n-\xa0\n-\xa0\n573,459,844\xa0\nHL(보통주)\n16,707,461\xa0\n-\xa0\n1,812,817\xa0\n(2,646)\n(236,375)\n9,453\xa0\n18,290,710\xa0\nHL(우선주)\n152,809,020\xa0\n-\xa0\n19,148,360\xa0\n(21,846)\n(1,951,707)\n78,049\xa0\n170,061,876\xa0\nHSC\n33,738,021\xa0\n(604,800)\n957,565\xa0\n253,124\xa0\n284,108\xa0\n-\xa0\n34,628,018\xa0\nJDT\n2,167,222\xa0\n(150,134)\n(427,242)\n346,499\xa0\n-\xa0\n-\xa0\n1,936,345\xa0\nAMT\n530,875\xa0\n-\xa0\n(5,458)\n-\xa0\n-\xa0\n-\xa0\n525,417\xa0\nWD\n2,821,007\xa0\n-\xa0\n349,483\xa0\n-\xa0\n-\xa0\n\u3000-\xa0\n3,170,490\xa0\n합계\n818,237,996\xa0\n(8,566,722)\n(13,142,479)\n7,360,377\xa0\n(1,903,974)\n87,502\xa0\n802,072,700\xa0\n기업명\n제21(전)기 반기\n기초\n기타포괄손익공정가치금융자산에서의 재분류\n배당금\n당기손익 중 지분 해당액\n기타포괄손익에 대한 지분\n재측정요소에  대한 지분\n기말\nMANDO\n590,093,038\xa0\n-\xa0\n(7,101,625)\n8,001,515\xa0\n12,350,317\xa0\n-\xa0\n603,343,245\xa0\nHL(보통주)\n17,047,129\xa0\n-\xa0\n-\xa0\n(908,391)\n21,186\xa0\n(99,350)\n16,060,574\xa0\nHL(우선주)\n145,354,603\xa0\n-\xa0\n-\xa0\n(2,370,928)\n174,930\xa0\n(820,321)\n142,338,284\xa0\nHSC\n30,781,740\xa0\n-\xa0\n(604,800)\n1,604,719\xa0\n355,207\xa0\n5,732\xa0\n32,142,598\xa0\nJDT\n2,208,997\xa0\n-\xa0\n(228,576)\n11,699\xa0\n-\xa0\n-\xa0\n1,992,120\xa0\nAMT\n542,552\xa0\n-\xa0\n-\xa0\n(15,844)\n-\xa0\n-\xa0\n526,708\xa0\nWD\n-\xa0\n2,677,302\xa0\n-\xa0\n(102,840)\n-\xa0\n-\xa0\n2,574,462\xa0\n합계\n786,028,059\xa0\n2,677,302\xa0\n(7,935,001)\n6,219,930\xa0\n12,901,640\xa0\n(913,939)\n798,977,991\xa0\n주요 관계기업에 대한 요약 재무정보는 다음과 같습니다(단위:천원).\n기업명\n제22(당)기 반기\n제21(전)기\n자산\n부채\n자본\n자산\n부채\n자본\nMANDO\n4,523,434,972\xa0\n3,048,574,631\xa0\n1,474,860,341\xa0\n4,594,167,211\xa0\n3,008,702,949\xa0\n1,585,464,262\xa0\nHL\n1,683,355,871\xa0\n1,395,125,428\xa0\n288,230,443\xa0\n1,588,187,042\xa0\n1,327,117,098\xa0\n261,069,944\xa0\nHSC\n207,680,839\xa0\n40,534,413\xa0\n167,146,426\xa0\n204,940,569\xa0\n42,240,192\xa0\n162,700,377\xa0\n기업명\n제22(당)기 반기\n제21(전)기 반기\n매출액\n당기손익\n총포괄손익\n매출액\n당기손익\n총포괄손익\nMANDO\n2,323,512,729\xa0\n(102,318,584)\n(74,296,081)\n2,878,680,703\xa0\n51,311,375\xa0\n94,583,892\xa0\nHL\n754,965,246\xa0\n30,466,623\xa0\n27,160,499\xa0\n584,057,433\xa0\n(7,828,215)\n(8,894,671)\nHSC\n75,252,685\xa0\n4,787,825\xa0\n7,667,869\xa0\n85,029,060\xa0\n8,023,595\xa0\n9,794,262\xa0\n당반기말 현재 회사는 피투자회사의 최근 검토받은 재무제표 또는 가결산 재무제표를 기준으로 지분법을 적용하였습니다.\n관계기업의 재무정보 금액을 관계기업에 대한 지분의 장부금액으로 조정한 내역은 다음과같습니다(단위:천원).\n기업명\n제22(당)기 반기\n지배지분순자산\n지분율(%)\n순자산지분금액\n영업권 등\n미실현이익\n기타(*3)\n장부금액\nMANDO(*1)\n1,206,303,437\xa0\n30.33\xa0\n365,906,268\xa0\n209,096,032\xa0\n(1,542,456)\n-\xa0\n573,459,844\xa0\nHL(보통주)(*2)\n288,210,299\xa0\n6.94\xa0\n20,012,505\xa0\n512,534\xa0\n(656,258)\n(1,578,071)\n18,290,710\xa0\nHL(우선주)(*2)\n288,210,299\xa0\n57.33\xa0\n165,240,024\xa0\n-\xa0\n(5,418,619)\n10,240,471\xa0\n170,061,876\xa0\nHSC\n170,523,160\xa0\n20.00\xa0\n34,104,632\xa0\n523,386\xa0\n-\xa0\n-\xa0\n34,628,018\xa0\nJDT\n5,784,753\xa0\n35.09\xa0\n2,029,740\xa0\n-\xa0\n-\xa0\n(93,395)\n1,936,345\xa0\nAMT\n1,561,958\xa0\n22.22\xa0\n347,102\xa0\n178,315\xa0\n-\xa0\n-\xa0\n525,417\xa0\nWD\n16,475,787\xa0\n19.24\xa0\n3,170,490\xa0\n-\xa0\n-\xa0\n-\xa0\n3,170,490\xa0\n기업명\n제21(전)기\n지배지분순자산\n지분율(%)\n순자산지분금액\n영업권 등\n미실현이익\n기타(*3)\n장부금액\nMANDO(*1)\n1,317,435,852\xa0\n30.33\xa0\n399,615,903\xa0\n211,468,355\xa0\n(1,619,868)\n-\xa0\n609,464,390\xa0\nHL(보통주)(*2)\n261,050,786\xa0\n6.94\xa0\n18,126,626\xa0\n558,935\xa0\n(663,689)\n(1,314,411)\n16,707,461\xa0\nHL(우선주)(*2)\n261,050,786\xa0\n57.33\xa0\n149,668,622\xa0\n-\xa0\n(5,479,972)\n8,620,370\xa0\n152,809,020\xa0\nHSC\n166,073,176\xa0\n20.00\xa0\n33,214,636\xa0\n523,385\xa0\n-\xa0\n-\xa0\n33,738,021\xa0\nJDT\n6,322,081\xa0\n35.09\xa0\n2,218,276\xa0\n-\xa0\n-\xa0\n(51,054)\n2,167,222\xa0\nAMT\n1,586,518\xa0\n22.22\xa0\n352,560\xa0\n178,315\xa0\n-\xa0\n-\xa0\n530,875\xa0\nWD\n14,659,664\xa0\n19.24\xa0\n2,821,007\xa0\n-\xa0\n-\xa0\n-\xa0\n2,821,007\xa0\n(*1) 당반기 및 전기말 현재 관계기업에 대한 명목지분율은 30.25%이고, 보유 자기주식을고려한 회사의 유효지분율은 30.33%입니다.(*2) 보통주 지분율은 15.85%이며, 우선주 지분율은 100%이나, 우선주의 전환비율 및 HL이 보유한 자기주식을 고려하여 지분법에 적용한 지분율은 보통주 6.94%, 우선주 57.33%입니다.(*3) 배당에 대한 권리가 우선하는 우선주에 대해 잔여재산 배분우선권 등을 고려하여 우선주 배당금액을 인식한 효과입니다.\n시장성있는 관계기업의 공정가치는 다음과 같습니다(단위:천원).\n기업명\n제22(당)기 반기\n제21(전)기\n공정가치\n장부가액\n공정가치\n장부가액\nMANDO\n317,442,638\xa0\n573,839,149\xa0\n499,954,400\xa0\n609,464,390\xa0\nHL(보통주)\n17,436,219\xa0\n18,290,710\xa0\n18,483,624\xa0\n16,707,461\xa0\n14. 유형자산, 무형자산 및 투자부동산유형자산, 무형자산 및 투자부동산의 장부금액 변동 내역은 다음과 같습니다(단위: 천원).\n구분\n제22(당)기 반기\n제21(전)기 반기\n유형자산\n무형자산\n투자부동산\n유형자산\n무형자산\n투자부동산\n기초 장부금액\n62,718,759\xa0\n23,323,157\xa0\n11,302,904\xa0\n63,155,205\xa0\n28,422,928\xa0\n11,319,026\xa0\n취득 및 후속지출\n420,415\xa0\n62,500\xa0\n-\xa0\n1,932,787\xa0\n349,970\xa0\n-\xa0\n처분 및 폐기\n(3)\n(11,185,964)\n-\xa0\n(44,439)\n-\xa0\n-\xa0\n대체\n-\xa0\n-\xa0\n3,298,420\xa0\n-\xa0\n-\xa0\n-\xa0\n상각\n(1,248,956)\n(907,272)\n(26,386)\n(1,341,825)\n(1,039,102)\n(8,061)\n반기말 장부금액\n61,890,215\xa0\n11,292,422\xa0\n14,574,938\xa0\n63,701,728\xa0\n27,733,796\xa0\n11,310,965\xa0\n취득원가\n78,066,414\xa0\n21,657,478\xa0\n14,746,357\xa0\n78,176,334\xa0\n39,214,681\xa0\n11,447,937\xa0\n상각 및 손상차손 누계액\n(16,176,199)\n(10,365,056)\n(171,419)\n(14,474,606)\n(11,480,885)\n(136,972)\n15. 리스(1) 재무상태표에 인식된 금액\n리스와 관련해 재무상태표에 인식된 금액은 다음과 같습니다.\n(단위: 천원)\n구 분\n제22(당)기 반기\n제21(전)기\n리스채권\n유동\n604,155\xa0\n1,173,971\xa0\n(단위: 천원)\n구 분\n제22(당)기 반기\n제21(전)기\n사용권자산\n부동산\n62,806,066\xa0\n24,845,559\xa0\n차량운반구\n932,398\xa0\n1,251,452\xa0\n합계\n63,738,464\xa0\n26,097,011\xa0\n(단위: 천원)\n구 분\n제22(당)기 반기\n제21(전)기\n리스부채\n유동\n14,598,457\xa0\n11,655,185\xa0\n비유동\n51,052,455\xa0\n14,146,056\xa0\n합계\n65,650,912\xa0\n25,801,241\xa0\n당반기 중 증가된 사용권자산은 46,776,711천원이며, 이 중 3,298,420천원은 투자부동산으로 재분류되었습니다(주석14참조).(2) 손익계산서에 인식된 금액\n구 분\n제22(당)기 반기\n제21(전)기 반기\n사용권자산의 감가상각비(매출원가 및 관리비에 포함)\n\xa0부동산\n5,356,079\xa0\n5,017,207\xa0\n\xa0차량운반구\n401,332\xa0\n581,268\xa0\n합계\n5,757,411\xa0\n5,598,475\xa0\n리스부채에 대한 이자비용(금융비용에 포함)\n508,336\xa0\n399,262\xa0\n전대리스 순투자에 대한 이자수익(유효이자율법에 따른 이자수익에 포함)\n16,980\xa0\n8,328\xa0\n단기리스가 아닌 소액자산 리스료(관리비에 포함)\n6,155\xa0\n6,406\xa0\n당기 중 리스의 총 현금유출은 6,248,677천원입니다.\n16. 순확정급여부채재무상태표에 인식된 순확정급여부채는 다음과 같습니다(단위: 천원).\n구분\n제22(당)기 반기\n제21(전)기\n기금이 적립된 확정급여채무의 현재가치\n17,585,795\xa0\n17,101,234\xa0\n사외적립자산의 공정가치\n(8,169,902)\n(8,405,964)\n재무상태표상 부채\n9,415,893\xa0\n8,695,270\xa0\n확정급여채무의 변동 내역은 다음과 같습니다(단위: 천원).\n구분\n제22(당)기 반기\n제21(전)기 반기\n기초금액\n17,101,234\xa0\n14,674,670\xa0\n당기근무원가\n1,383,360\xa0\n1,556,974\xa0\n이자원가\n144,639\xa0\n150,111\xa0\n급여지급액\n(352,217)\n(1,966,111)\n계열사 전입\n63,032\xa0\n-\xa0\n계열사 전출\n(754,253)\n(139,948)\n반기말 금액\n17,585,795\xa0\n14,275,696\xa0\n사외적립자산 공정가치의 변동 내역은 다음과 같습니다(단위: 천원).\n구분\n제22(당)기 반기\n제21(전)기 반기\n기초금액\n8,405,964\xa0\n6,177,396\xa0\n추가납입액\n-\xa0\n1,000,000\xa0\n이자수익\n76,844\xa0\n50,370\xa0\n급여지급액\n(183,256)\n(1,189,387)\n계열사 전입\n50,170\xa0\n-\xa0\n계열사 전출\n(179,820)\n(106,673)\n반기말 금액\n8,169,902\xa0\n5,931,706\xa0\n17. 충당부채\n회사는 판매한 제품 및 상품과 관련하여 보증수리기간 내의 경상적 부품수리 및 비경상적인 부품개체 그리고 판매한 제품 및 상품의 하자로 인한 사고의 보상을 위하여 장래에 예상되는 보증수리비를 판매보증충당부채로 설정하고 있습니다. 또한, 소송 혹은 분쟁, 리스계약에 따른 원상복구의무 등과 관련하여 경제적 효익이 내재된 자원이 유출될 가능성이 높고 그 금액을 신뢰성 있게 추정할 수 있는 경우 그 금액을 기타의 충당부채로 인식하고 있습니다.\n회사는 보고기간 말로부터 1년 이내에 지급될 것으로 예상되는 충당부채는 유동성으로, 그 이후에 지급될 것으로 예상되는 충당부채는 비유동성으로 분류하고 있습니다.\n충당부채 장부금액의 변동 내역은 다음과 같습니다(단위:천원).\n구분\n22(당)기 반기\n21(전)기 반기\n판매보증충당부채\n기타충당부채\n합계\n판매보증충당부채\n기타충당부채\n합계\n기초 장부금액(변경전)\n164,877\xa0\n2,019,637\xa0\n2,184,514\xa0\n217,358\xa0\n239,933\xa0\n457,291\xa0\n회계정책 변경효과\n-\xa0\n-\xa0\n-\xa0\n-\xa0\n1,112,075\xa0\n1,112,075\xa0\n기초 장부금액(변경후)\n164,877\xa0\n2,019,637\xa0\n2,184,514\xa0\n217,358\xa0\n1,352,008\xa0\n1,569,366\xa0\n충당부채 전입\n31,047\xa0\n292,425\xa0\n323,472\xa0\n1,720\xa0\n10,537\xa0\n12,257\xa0\n충당부채 환입\n\u3000-\xa0\n\u3000-\xa0\n\u3000-\xa0\n-\xa0\n(42,758)\n(42,758)\n사용액\n(31,937)\n-\xa0\n(31,937)\n(23,312)\n-\xa0\n(23,312)\n반기말 장부금액\n163,987\xa0\n2,312,062\xa0\n2,476,049\xa0\n195,766\xa0\n1,319,787\xa0\n1,515,553\xa0\n유동성 항목\n163,987\xa0\n239,933\xa0\n403,920\xa0\n195,766\xa0\n239,933\xa0\n435,699\xa0\n비유동성 항목\n-\xa0\n2,072,129\xa0\n2,072,129\xa0\n-\xa0\n1,079,855\xa0\n1,079,855\xa0\n18. 사채 및 차입금\n사채의 세부 내역은 다음과 같습니다(단위:천원).\n종류\n발행일\n만기일\n이자율\n제22(당)기 반기\n제21(전)기\n\xa0(%)\n유동성\n비유동성\n유동성\n비유동성\n제6-3회 공모사채\n2013.12.6\n2020.12.6\n4.48\n69,000,000\xa0\n-\xa0\n69,000,000\xa0\n-\xa0\n제7-3회 공모사채\n2016.3.4\n2021.3.4\n3.40\n36,000,000\xa0\n-\xa0\n-\xa0\n36,000,000\xa0\n제9회 공모사채\n2017.7.12\n2020.7.12\n3.11\n47,000,000\xa0\n-\xa0\n47,000,000\xa0\n-\xa0\n제10회 공모사채\n2018.3.14\n2021.3.14\n3.44\n57,000,000\xa0\n-\xa0\n-\xa0\n57,000,000\xa0\n제11회 공모사채\n2019.9.27\n2022.9.27\n2.19\n-\xa0\n59,000,000\xa0\n-\xa0\n59,000,000\xa0\n소계\n209,000,000\xa0\n59,000,000\xa0\n116,000,000\xa0\n152,000,000\xa0\n차감: 사채할인발행차금\n(112,693)\n(198,879)\n(81,647)\n(402,290)\n차감계\n208,887,307\xa0\n58,801,121\xa0\n115,918,353\xa0\n151,597,710\xa0\n단기차입금의 세부 내역은 다음과 같습니다 (단위:천원).\n차입금종류\n차입처\n이자율(%)\n제22(당)기 반기\n제21(전)기\n일반회전자금\n신한은행\n1.81\xa0\n5,900,000\xa0\n5,900,000\xa0\n우리은행\n3.30\xa0\n47,000,000\xa0\n-\xa0\n한국수출입은행\n1.90\xa0\n10,000,000\xa0\n-\xa0\n합계\n62,900,000\xa0\n5,900,000\xa0\n장기차입금의 세부 내역은 다음과 같습니다(단위:천원).\n종류\n차입처\n이자율(%)\n제22(당)기 반기\n제21(전)기\n유동성\n비유동성\n유동성\n비유동성\n일반차입금\n산업은행\n3.40\xa0\n50,000,000\xa0\n-\xa0\n-\xa0\n50,000,000\xa0\n역외대출\n국민은행\n2.78\xa0\n26,415,400\xa0\n-\xa0\n-\xa0\n25,471,600\xa0\n시설대금\n산업은행\n3.00\xa0\n12,000,000\xa0\n-\xa0\n-\xa0\n12,000,000\xa0\n시설대금\n산업은행\n2.80\xa0\n12,000,000\xa0\n-\xa0\n-\xa0\n12,000,000\xa0\n시설대금\n산업은행\n2.32\xa0\n6,000,000\xa0\n-\xa0\n-\xa0\n6,000,000\xa0\n일반차입금\n하나은행\n3.65\xa0\n-\xa0\n30,000,000\xa0\n-\xa0\n30,000,000\xa0\n소계\n106,415,400\xa0\n30,000,000\xa0\n-\xa0\n135,471,600\xa0\n차감: 현재가치할인차금\n-\xa0\n-\xa0\n-\xa0\n-\xa0\n차감계\n106,415,400\xa0\n30,000,000\xa0\n-\xa0\n135,471,600\xa0\n차입금에 대한 담보제공 내역은 다음과 같습니다(단위:천원).\n종류\n제22(당)기 반기\n장부금액\n담보설정금액\n관련 차입금\n관련 금액\n담보권자\n토지/건물\n8,241,971\xa0\n7,670,000\xa0\n일반회전자금\n5,900,000\xa0\n신한은행\n토지/건물\n42,423,006\xa0\n54,000,000\xa0\n시설대금\n30,000,000\xa0\n산업은행\n종류\n제21(전)기\n장부금액\n담보설정금액\n관련 차입금\n관련 금액\n담보권자\n토지/건물\n8,314,905\xa0\n7,670,000\xa0\n일반회전자금\n5,900,000\xa0\n신한은행\n토지/건물\n42,790,976\xa0\n54,000,000\xa0\n시설대금\n30,000,000\xa0\n산업은행\n19. 자본금, 기타자본 및 기타포괄손익누계액당반기 중 회사의 자본금 및 주식발행초과금의 변동내역은 없습니다.당반기말과 전기말 현재 회사의 자본금 내역은 다음과 같습니다.\n구분\n제22(당)기 반기\n제21(전)기\n발행할 주식의 총 수\n100,000,000주\n100,000,000주\n발행한 주식의 총 수(*)\n10,472,070주\n10,472,070주\n1주당 액면금액\n5,000원\n5,000원\n(*) 회사는 상법 제343조 제 1항의 단서 규정에 근거하여 545,166주의 자기주식을 이익소각의 형태로 소각하였습니다. 이로 인해 자본금이 발행주식의 액면총액과 일치하지 아니합니다.기타자본의 세부내역은 다음과 같습니다(단위: 천원).\n구분\n제22(당)기 반기\n제21(전)기\n자기주식\n(6,050,629)\n-\xa0\n자기주식처분손익\n2,734,106\xa0\n2,734,106\xa0\n기타\n(923,506)\n(923,506)\n합계\n(4,240,029)\n1,810,600\xa0\n법인세효과 차감 후 기타포괄손익누계액의 변동내역은 다음과 같습니다(단위: 천원).\n구분\n제22(당)기 반기\n기초\n당기변동액\n당기손익으로 재분류\n기말\n기타포괄손익_공정가치금융자산\n(6,186,436)\n(1,287,880)\n\u3000-\xa0\n(7,474,316)\n현금흐름위험회피\n176,238\xa0\n194,839\xa0\n(378,804)\n(7,727)\n관계기업의 기타포괄손익\n(46,797,805)\n4,935,881\xa0\n\u3000-\xa0\n(41,861,924)\n합계\n(52,808,003)\n3,842,840\xa0\n(378,804)\n(49,343,967)\n구분\n제21(전)기 반기\n기초\n당기변동액\n당기손익으로 재분류\n기말\n기타포괄손익_공정가치금융자산\n(3,700,703)\n(1,117,435)\n-\xa0\n(4,818,138)\n현금흐름위험회피\n245,892\xa0\n(250,344)\n(734,875)\n(739,327)\n관계기업의 기타포괄손익\n(51,901,373)\n11,620,170\xa0\n-\xa0\n(40,281,203)\n합계\n(55,356,184)\n10,252,391\xa0\n(734,875)\n(45,838,668)\n20.\xa0판매비와 관리비\n판매비와관리비는 다음과 같습니다(단위:천원).\n구분\n제22(당)기 반기\n제21(전)기 반기\n3개월\n누적\n3개월\n누적\n급여\n3,231,635\xa0\n7,419,257\xa0\n4,244,732\xa0\n8,587,800\xa0\n퇴직급여\n529,052\xa0\n1,059,950\xa0\n694,290\xa0\n1,204,935\xa0\n복리후생비\n681,695\xa0\n1,426,575\xa0\n537,342\xa0\n1,221,888\xa0\n여비교통비\n62,960\xa0\n226,694\xa0\n190,228\xa0\n532,455\xa0\n통신비\n18,186\xa0\n35,471\xa0\n15,617\xa0\n34,767\xa0\n수도광열비\n40,547\xa0\n106,536\xa0\n50,981\xa0\n160,619\xa0\n세금과공과\n24,035\xa0\n57,457\xa0\n21,252\xa0\n62,273\xa0\n임차료\n180,180\xa0\n320,527\xa0\n73,803\xa0\n245,124\xa0\n유형자산 감가상각비\n387,873\xa0\n768,667\xa0\n376,814\xa0\n748,235\xa0\n무형자산상각비\n268,106\xa0\n691,924\xa0\n420,946\xa0\n854,475\xa0\n투자부동산 감가상각비\n4,031\xa0\n8,061\xa0\n4,031\xa0\n8,061\xa0\n사용권자산 감가상각비\n502,793\xa0\n1,005,463\xa0\n191,441\xa0\n470,492\xa0\n수선비\n76,518\xa0\n159,963\xa0\n91,517\xa0\n242,987\xa0\n보험료\n28,821\xa0\n71,762\xa0\n41,375\xa0\n77,733\xa0\n접대비\n221,312\xa0\n404,787\xa0\n84,543\xa0\n201,425\xa0\n광고선전비\n1,282,788\xa0\n2,371,681\xa0\n1,443,346\xa0\n2,506,424\xa0\n해외시장개척비\n\xa0 \xa0 \xa0 \xa0 \xa0 \xa0 \xa0 \xa0 \xa0 \xa0 \xa0 \xa0 -\xa0\n\xa0 \xa0 \xa0 \xa0 \xa0 \xa0 \xa0 \xa0 \xa0 \xa0 \xa0 \xa0 -\xa0\n79,606\xa0\n79,606\xa0\n수출경비\n127,630\xa0\n312,405\xa0\n149,692\xa0\n384,391\xa0\n포장비\n12,230\xa0\n30,719\xa0\n13,483\xa0\n28,606\xa0\n운반비\n455,076\xa0\n897,000\xa0\n450,148\xa0\n950,016\xa0\n연구개발비\n174,465\xa0\n401,860\xa0\n172,222\xa0\n176,565\xa0\n지급수수료\n3,396,919\xa0\n7,995,441\xa0\n3,583,197\xa0\n6,696,349\xa0\n사무용품비\n3,132\xa0\n5,893\xa0\n1,754\xa0\n3,750\xa0\n소모품비\n49,046\xa0\n120,155\xa0\n49,059\xa0\n225,097\xa0\n도서인쇄비\n21,665\xa0\n44,953\xa0\n14,887\xa0\n34,811\xa0\n교육훈련비\n122,673\xa0\n264,209\xa0\n120,869\xa0\n249,390\xa0\n차량유지비\n35,492\xa0\n73,718\xa0\n25,468\xa0\n54,946\xa0\n보증수리비\n14,480\xa0\n31,048\xa0\n(2,166)\n1,720\xa0\n합계\n11,953,340\xa0\n26,312,176\xa0\n13,140,477\xa0\n26,044,940\xa0\n21. 기타수익 및 기타비용\n기타수익 및 기타비용의 세부 내역은 다음과 같습니다(단위:천원).\n구분\n제22(당)기 반기\n제21(전)기 반기\n3개월\n누적\n3개월\n누적\n[기타수익]\n\u3000\n\u3000\n\u3000\n\u3000\n외환차이\n100,380\xa0\n2,142,061\xa0\n1,234,472\xa0\n2,501,673\xa0\n배당금수익\n-\xa0\n260,255\xa0\n-\xa0\n260,255\xa0\n공정가치금융자산평가이익\n171,161\xa0\n498,119\xa0\n1,119,480\xa0\n1,791,869\xa0\n유형자산처분이익\n2,210\xa0\n3,507\xa0\n-\xa0\n68,617\xa0\n파생상품거래이익\n-\xa0\n35,552\xa0\n64,060\xa0\n135,414\xa0\n파생상품평가이익\n967,645\xa0\n6,000,598\xa0\n39,957\xa0\n1,736,261\xa0\n종속기업투자주식손상차손환입\n-\xa0\n-\xa0\n-\xa0\n1,874,000\xa0\n기타\n(24,134)\n19,337\xa0\n51,625\xa0\n282,788\xa0\n기타수익 합계\n1,217,262\xa0\n8,959,429\xa0\n2,509,594\xa0\n8,650,877\xa0\n[기타비용]\n\u3000\n\u3000\n\u3000\n\u3000\n외환차이\n673,098\xa0\n1,210,562\xa0\n649,662\xa0\n1,382,280\xa0\n공정가치금융자산평가손실\n-\xa0\n-\xa0\n50,831\xa0\n50,831\xa0\n유형자산처분손실\n-\xa0\n-\xa0\n145\xa0\n34,433\xa0\n무형자산처분손실\n856,963\xa0\n856,963\xa0\n-\xa0\n-\xa0\n파생상품거래손실\n16,905\xa0\n16,905\xa0\n-\xa0\n-\xa0\n파생상품평가손실\n4,243,221\xa0\n5,826,837\xa0\n797,138\xa0\n1,948,827\xa0\n기부금\n285,600\xa0\n2,805,120\xa0\n493,500\xa0\n2,988,860\xa0\n리스복구충당부채전입액\n16,587\xa0\n16,587\xa0\n10,295\xa0\n10,295\xa0\n기타\n(39,174)\n38,977\xa0\n3,111\xa0\n292,326\xa0\n기타비용 합계\n6,053,200\xa0\n10,771,951\xa0\n2,004,682\xa0\n6,707,852\xa0\n22. 주당손익기본주당손익은 회사의 보통주반기순손익을 회사가 매입하여 자기주식으로 보유하고 있는 보통주를 제외한 가중평균 유통보통주식수로 나누어 산정하였습니다. 주당손익의 계산내역은 다음과 같습니다.\n구분\n제22(당)기 반기\n제21(전)기 반기\n3개월\n누적\n3개월\n누적\n보통주당기순손익(단위:원)\n(18,395,464,540)\n3,159,237,727\xa0\n4,276,887,402\xa0\n18,373,043,798\xa0\n가중평균 유통보통주식수(단위:주)\n10,260,751\xa0\n10,347,999\xa0\n10,472,070\xa0\n10,472,893\xa0\n기본주당손익(단위:원)\n(1,793)\n305\xa0\n408\xa0\n1,754\xa0\n가중평균유통보통주식수의 산정 내역은 다음과 같습니다(단위:주).\n구분\n제22(당)기 반기\n제21(전)기 반기\n3개월\n누적\n3개월\n누적\n기초 유통보통주식수\n10,260,942\xa0\n10,472,070\xa0\n10,472,070\xa0\n10,515,062\xa0\n기말 유통보통주식수\n10,250,752\xa0\n10,250,752\xa0\n10,472,070\xa0\n10,472,070\xa0\n가중평균 유통보통주식수\n10,260,751\xa0\n10,347,999\xa0\n10,472,070\xa0\n10,472,893\xa0\n회사는 희석성 잠재적 보통주가 없으므로 희석주당손익은 기본주당손익과 동일합니다.23. 배당금2019년 12월 31일로 종료하는 회계기간에 대한 배당금 20,944,140천원은 2020년 4월에 지급되었습니다(전기 배당금 지급액: 21,030,124천원).\n24. 현금흐름정보영업으로부터 창출된 현금은 다음과 같습니다(단위: 천원).\n구분\n제22(당)기 반기\n제21(전)기 반기\n법인세비용차감전 순이익\n\u3000\n(2,871,048)\n\u3000\n22,972,723\xa0\n조정 항목:\n\u3000\n24,309,182\xa0\n\u3000\n341,305\xa0\n\xa0지분법손익\n13,142,478\xa0\n\u3000\n(6,219,929)\n\u3000\n\xa0종속기업투자주식손상차손(환입)\n-\xa0\n\u3000\n(1,874,000)\n\u3000\n\xa0공정가치금융자산평가손익\n(498,119)\n\u3000\n(1,741,038)\n\u3000\n\xa0감가상각비\n1,275,342\xa0\n\u3000\n1,349,886\xa0\n\u3000\n\xa0무형자산상각비\n907,272\xa0\n\u3000\n1,039,102\xa0\n\u3000\n\xa0사용권자산상각비\n5,757,411\xa0\n\u3000\n5,598,476\xa0\n\u3000\n\xa0퇴직급여\n1,451,155\xa0\n\u3000\n1,656,715\xa0\n\u3000\n\xa0대손상각비(환입)\n(64,367)\n\u3000\n(4,000)\n\u3000\n\xa0판매보증수리비\n31,047\xa0\n\u3000\n1,720\xa0\n\u3000\n\xa0재고자산평가손실\n157,176\xa0\n\u3000\n276,352\xa0\n\u3000\n\xa0파생상품평가손익\n(173,761)\n\u3000\n212,566\xa0\n\u3000\n\xa0파생상품거래손익\n(18,647)\n\u3000\n(135,414)\n\u3000\n\xa0유형자산처분손익\n(3,507)\n\u3000\n(34,184)\n\u3000\n\xa0무형자산처분손실\n856,964\xa0\n\u3000\n-\xa0\n\u3000\n\xa0외화환산손익\n1,055,664\xa0\n\u3000\n1,213,936\xa0\n\u3000\n\xa0기타충당부채전입액\n16,587\xa0\n\u3000\n10,295\xa0\n\u3000\n\xa0배당금수익\n(5,261,375)\n\u3000\n(6,260,495)\n\u3000\n\xa0이자수익\n(2,595,468)\n\u3000\n(2,509,598)\n\u3000\n\xa0이자비용\n8,273,330\xa0\n\u3000\n7,760,915\xa0\n\u3000\n운전자본의 변동:\n\u3000\n(13,927,798)\n\u3000\n18,545,657\xa0\n\xa0매출채권의 증감\n8,412,510\xa0\n\u3000\n36,431,113\xa0\n\u3000\n\xa0기타수취채권의 증감\n(871,547)\n\u3000\n1,007,089\xa0\n\u3000\n\xa0재고자산의 증감\n2,246,786\xa0\n\u3000\n(6,059,855)\n\u3000\n\xa0기타자산의 증감\n662,037\xa0\n\u3000\n(505,947)\n\u3000\n\xa0매입채무의 증감\n(20,656,946)\n\u3000\n(14,462,038)\n\u3000\n\xa0기타지급채무의 증감\n(1,089,580)\n\u3000\n3,981,921\xa0\n\u3000\n\xa0퇴직급여의 순지급액\n(730,532)\n\u3000\n(809,999)\n\u3000\n\xa0사외적립자산의 적립\n-\xa0\n\u3000\n(1,000,000)\n\u3000\n\xa0충당부채의 증감\n(31,937)\n\u3000\n(23,312)\n\u3000\n\xa0기타부채의 증감\n(1,868,589)\n\u3000\n(13,315)\n\u3000\n영업으로부터 창출된 현금흐름\n\u3000\n7,510,336\xa0\n\u3000\n41,859,685\xa0\n회사는 거래가 빈번하여 회전율이 높고 금액이 크며 만기가 짧은 금융기관예치금과 관련된 현금의 유입과 유출을 순증감액으로 표시하였습니다.현금의 유입과 유출이 없는 중요한 거래는 다음과 같습니다(단위:천원).\n중요한 거래 내용\n제22(당)기 반기\n제21(전)기 반기\n사채 및 차입금의 유동성대체\n199,762,626\xa0\n-\xa0\n사용권자산의 취득\n46,776,711\xa0\n1,966,630\xa0\n유무형자산 취득관련 미지급금\xa0\n33,245\xa0\n102,451\xa0\n자기주식 소각\n-\xa0\n15,592,239\xa0\n25. 우발상황 및 약정사항\n회사의 주요 약정 사항은 다음과 같습니다(단위:천원).\n약정 은행\n약정내용\n약정한도\n제22(당)기 반기\n제21(전)기\nKEB하나은행\n포괄여신한도\nKRW\n5,000,000\xa0\nKRW\n5,000,000\xa0\n\xa0 기업일반자금회전대출(*)\xa0\nKRW\n3,000,000\xa0\nKRW\n3,000,000\xa0\n\xa0 수입신용장발행(*)\xa0\nKRW\n1,000,000\xa0\nKRW\n1,000,000\xa0\n기업일반자금대출\nKRW\n30,000,000\xa0\nKRW\n30,000,000\xa0\n기업당좌대출\nKRW\n100,000\xa0\nKRW\n100,000\xa0\n외상채권담보대출\nKRW\n20,000,000\xa0\nKRW\n20,000,000\xa0\n전자방식외상매출채권담보대출\nKRW\n10,000\xa0\nKRW\n10,000\xa0\ne 구매론(현대모비스)\nKRW\n59,900,000\xa0\nKRW\n59,900,000\xa0\n농협은행\n일반자금대출\nKRW\n5,000,000\xa0\nKRW\n5,000,000\xa0\n신한은행\n기업일반회전자금대출\nKRW\n5,900,000\xa0\nKRW\n5,900,000\xa0\n우리은행\n당좌대출\n-\n-\xa0\nKRW\n10,000,000\xa0\n일반자금대출\nKRW\n15,000,000\xa0\n-\n-\xa0\n일반자금대출\nKRW\n47,000,000\xa0\n-\n-\xa0\n국민은행\n기업일반자금대출\nKRW\n10,000,000\xa0\nKRW\n10,000,000\xa0\n외상매출채권전자대출\nKRW\n15,000,000\xa0\nKRW\n15,000,000\xa0\n산업은행\n기업일반자금대출\nKRW\n15,000,000\xa0\nKRW\n15,000,000\xa0\n일반대차입\nKRW\n50,000,000\xa0\nKRW\n50,000,000\xa0\n일반대차입\nKRW\n30,000,000\xa0\nKRW\n30,000,000\xa0\n한국수출입은행\n수출성장자금대출\nKRW\n10,000,000\xa0\n-\n-\xa0\n(*) 포괄여신한도에 포함되어 있습니다.지급보증을 제공받고 있는 내역은 다음과 같습니다(단위:천원, 천USD).\n보증회사\n지급보증한도\n비\xa0 고\n제22(당)기 반기\n제21(전)기\n우리은행\n6,000,000\xa0\n6,000,000\xa0\n물품대금지급 보증 등\nKEB하나은행\n1,000,000\xa0\n1,000,000\xa0\n서울보증보험\n1,229,578\xa0\n1,275,949\xa0\n이행보증 등\n국민은행\nUSD 22,000\xa0\nUSD 22,000\xa0\n포괄외화지급보증\n종속기업에 대해 지급보증을 제공하고 있는 내역은 다음과 같습니다(단위:천).\n제공받는자\n지급보증처\n지급보증한도\n제22(당)기 반기\n제21(전)기\nMLCA\nComerica Bank\nUSD 3,000\xa0\nUSD 3,000\xa0\nHMLC\n신한은행(무석지점)\nCNY 34,000\xa0\nCNY 34,000\xa0\nHMLC\n국민은행(상해지점)\nCNY 34,100\xa0\n-\xa0\xa0\n회사는 브랜드 및 상표권 사용과 관련하여 주식회사 만도 등 주요 특수관계자와 로열티 계약을 체결하고 있으며 거래당사자 매출의 일정부분을 수수료로 수취하고 있습니다.당반기말 현재 회사는 평택냉장물류창고와 관련하여 발생한 영업손실을 관계회사 HL로부터보전받는 계약을 체결하고 있습니다.회사는 물품대금자금 관련하여 현대모비스㈜에 회사가 발행한 약속어음 70,000,000천원을 담보로 제공하고 있습니다.\n회사는 물품대금의 회수와 관련하여 수원화성오산축산업협동조합 및 에이지팜주식회사등에 대해 소송금액 20,506,540천원의 소송을 원고로서 제기하였으며, 향후 소송의 결과에 따라 회수가능할 것으로 추정되는 금액과 관련 기타수취채권의 장부금액 간의 차이를 대손충당금으로 설정하였습니다.\xa0아울러 회사는 해당 소송 결과에 따른 손실예상액 중 일부를 한라엔컴(주)으로부터 보전받는 약정을 체결하고 있습니다. 상기 소송 외에도 당반기말 현재 계류 중인 소송사건이 일부 존재하나, 이러한 우발상황으로부터 발생할 것으로 예상되는 중요한 부채는 없습니다. 종속기업 JJH의 차입금 80,000,000천원과 관련하여 회사가 보유하고 있는 JJH 주식이 질권설정되어 있으며(주석 12 참조), 회사는 동 차입금 원금 및 이자에 대하여 자금보충약정을제공하고 있습니다. 회사는 동 자금보충약정으로부터 유의적인 부채가 발생할 가능성이 높지 않기 때문에 충당부채를 인식하지 않고 있습니다.\n회사가 보유하고 있는 JJH발행 제1회 이익참가부 사채는 만기일 이전에 회사가 사채의 전부 또는 일부를 조기상환 청구할 수 있습니다. 동 사채는 발행회사인 JJH의 차입금 80,000,000천원이 상환된 이후 원금을 상환받을 수 있습니다.\n26. 특수관계자 거래\n당반기말과 전기말 현재 회사의 지배기업 및 최상위 지배기업은 없으며, 종속기업, 공동기업 및 관계기업 현황은 다음과 같습니다.\n구분\n기업명\n약칭(*1)\n소재국가\n소유지분율(%)\n결산월\n제22(당)기 반기\n제21(전)기\n종속기업\nUriman, Inc.\nURIMAN\n미국\n100\xa0\n100\xa0\n12월\nMeister Logistics Corporation America\nMLCA\n미국\n100\xa0\n100\xa0\n12월\nHalla Meister Shanghai Trading Co., Ltd.\nHMTC\n중국\n100\xa0\n100\xa0\n12월\nHalla Meister(Suzhou) Logistics Co., Ltd.\nHMLC\n중국\n100\xa0\n100\xa0\n12월\nHALLA CORPORATION EUROPE OTOMOTiV YEDEK\xa0\nPARCALARI SANAYi VE TiCARET ANONiM SiRKETi\xa0\nHCE\n터키\n100\xa0\n100\xa0\n12월\n주식회사 위코(구, 우리엔지니어링㈜)\nWECO\n한국\n100\xa0\n100\xa0\n12월\n주식회사 제이제이한라\nJJH\n한국\n100\xa0\n100\xa0\n12월\n공동기업\n만도헬라일렉트로닉스 주식회사\nMHE\n한국\n50.00\xa0\n50.00\xa0\n12월\n관계기업\n주식회사 만도\nMANDO\n한국\n30.25\xa0\n30.25\xa0\n12월\n주식회사 한라\nHL\n한국\n15.85\xa0\n15.85\xa0\n12월\n한라스택폴 주식회사\nHSC\n한국\n20.00\xa0\n20.00\xa0\n3월\n주식회사 제이디테크\nJDT\n한국\n35.09\xa0\n35.09\xa0\n12월\n주식회사 에이엠티엔지니어링\nAMT\n한국\n22.22\xa0\n22.22\xa0\n12월\n주식회사 와이드\nWD\n한국\n19.24\xa0\n19.24\xa0\n12월\n주식회사 마이셰프(*2)\nMY\n한국\n10.51\xa0\n10.33\xa0\n3월\n비마이카 주식회사(*2)\nBE\n한국\n2.40\xa0\n-\n12월\n(*1) 이하 약칭 사용(*2) 경영진 교류 등으로 회사가 유의적인 영향력을 행사함에 따라 해당 전환상환우선주를 당기손익-공정가치 금융상품으로 인식하였으나, 특수관계자에 포함하였습니다(주석7참조).\n당반기말과 전기말 현재 회사가 중간지배기업을 통해 보유하고 있는 종속기업 현황은 다음과 같습니다.\n중간지배기업명\n종속기업명\n약칭(*1)\n소재국가\n중간지배기업소유지분율(%)\n제22(당)기 반기\n제21(전)기\nMLCA\nHalla Meister Global Transportation, LLC.\nHMGT\n미국\n51\xa0\n51\xa0\n당반기말 현재 회사의 기타 특수관계자 현황은 다음과 같습니다.\n구분\n제22(당)기 반기\n제21(전)기\n약칭(*1)\n비고\n기타특수관계자\n만도헬라전자소주유한공사\n만도헬라전자소주유한공사\nMHES\nMHE의 종속기업\nMando-Hella Electronics Automotive India Private Limited\nMando-Hella Electronics Automotive India Private Limited\nMHEAI\nMando China Holdings Limited\nMando China Holdings Limited\nMCH\nMANDO의 종속기업\nMando Suzhou Chassis System Co., Ltd.\nMando Suzhou Chassis System Co., Ltd.\nMSC\nMando(Beijing) Automotive Chassis System Co., Ltd.\nMando(Beijing) Automotive Chassis System Co., Ltd.\nMBC\nMando(Tianjin) Automotive Parts Co., Ltd.\nMando(Tianjin) Automotive Parts Co., Ltd.\nMTC\nMando(Harbin) Automotive Chassis System Co., Ltd.\nMando(Harbin) Automotive Chassis System Co., Ltd.\nMHC\nMando(Ningbo) Automotive Parts Co., Ltd.\nMando(Ningbo) Automotive Parts Co., Ltd.\nMNC\nMando(Shenyang) Automotive Parts Co., Ltd.\nMando(Shenyang) Automotive Parts Co., Ltd.\nMSYC\nMando(Beijing) R&D Center\nMando(Beijing) R&D Center\nMRC\nMando(Beijing) Trading Co., Ltd.\nMando(Beijing) Trading Co., Ltd.\nMBTC\nMando Chongqing Chassis System Co., Ltd\nMando Chongqing Chassis System Co., Ltd\nMCC\nMando Corporation Mexico\nMando Corporation Mexico\nMCM\nMando America Corporation\nMando America Corporation\nMCA\nAlabama Plating Technology LLC\nAlabama Plating Technology LLC\nAPT\nMando Automotive India Limited\nMando Automotive India Limited\nMAIL\nMando Softtech India Private, Ltd.\nMando Softtech India Private, Ltd.\nMSI\nMando Corporation Europe GmbH\nMando Corporation Europe GmbH\nMCE\nMando Corporation do Brasil Industry and Commercial Auto Parts Ltda.\nMando Corporation do Brasil Industry and Commercial Auto Parts Ltda.\nMCB\nMando Corporation Poland\nMando Corporation Poland\nMCP\n목포신항만운영 주식회사\n목포신항만운영 주식회사\nMPO\nHL의 종속기업\n주식회사 한라세라지오\n주식회사 한라세라지오\nHLC\nHalla Corporation America\nHalla Corporation America\nHCA\n한라오엠에스 주식회사\n한라오엠에스 주식회사\nHLO\n주식회사 한라지엘에스 등\n주식회사 한라지엘에스 등\n-\nHalla Stackpole(Beijing) Automotive Co., Ltd.\nHalla Stackpole(Beijing) Automotive Co., Ltd.\nHSBC\nHSC의 종속기업\n기타(*2)\n만도브로제 주식회사\n만도브로제 주식회사\nMBCO\n-\nMando Brose(Zhangjiagang) Electric Motors Co.,Ltd\nMando Brose(Zhangjiagang) Electric Motors Co.,Ltd\nMBZ\n평택동부도로 주식회사\n평택동부도로 주식회사\nPEC\n-\n한라개발 주식회사\nHLD\n(*1) 이하 약칭 사용(*2) 기준서 제1024호에 따른 특수관계자 범위에 포함되지 않으나 독점규제법상에 따른 공시대상기업집단 소속회사임에 따라 특수관계자 공시에 포함하였습니다.회사와 특수관계자간의 중요한 매출 거래 내역은 다음과 같습니다(단위:천원).\n구분\n제22(당)기 반기\n재화의 판매\n용역의 제공\n로열티 수익\n기타\n종속기업\nURIMAN\n1,519,552\xa0\n-\xa0\n-\xa0\n1,709\xa0\nHMTC\n132,890\xa0\n-\xa0\n-\xa0\n-\xa0\nWECO\n466\xa0\n5,967\xa0\n-\xa0\n9,629\xa0\nJJH\n752\xa0\n25,731\xa0\n-\xa0\n-\xa0\nHCE\n10,556,149\xa0\n-\xa0\n-\xa0\n102,821\xa0\n관계기업 및 공동기업\nMANDO\n2,575,468\xa0\n30,303,403\xa0\n9,335,560\xa0\n9,499,352\xa0\nHL\n359,939\xa0\n3,099,713\xa0\n1,421,536\xa0\n3,559,366\xa0\nJDT\n-\xa0\n4,500\xa0\n-\xa0\n-\xa0\nHSC\n4,002\xa0\n57,349\xa0\n-\xa0\n-\xa0\nMHE\n11,745\xa0\n1,460,772\xa0\n-\xa0\n-\xa0\n기타 특수관계자\nMHE의 종속기업\n-\xa0\n131,219\xa0\n-\xa0\n-\xa0\nMANDO의 종속기업 및 공동기업\n41,117,532\xa0\n335,854\xa0\n-\xa0\n-\xa0\nHL의 종속기업\n5,533\xa0\n274,247\xa0\n159,377\xa0\n-\xa0\n합계\n56,284,028\xa0\n35,698,755\xa0\n10,916,473\xa0\n13,172,877\xa0\n구분\n제21(전)기 반기\n재화의 판매\n용역의 제공\n로열티 수익\n기타\n종속기업\nURIMAN\n1,359,111\xa0\n-\xa0\n-\xa0\n-\xa0\nHMTC\n207,284\xa0\n-\xa0\n-\xa0\n-\xa0\nMLCA\n-\xa0\n160,314\xa0\n-\xa0\n-\xa0\nWECO\n2,999\xa0\n5,756\xa0\n-\xa0\n-\xa0\nJJH\n3,777\xa0\n24,193\xa0\n-\xa0\n-\xa0\n관계기업 및 공동기업\nMANDO\n2,677,541\xa0\n50,480,082\xa0\n11,183,861\xa0\n2,502,466\xa0\nHL\n8,815,714\xa0\n3,566,942\xa0\n1,106,437\xa0\n954,668\xa0\nJDT\n-\xa0\n4,500\xa0\n-\xa0\n3,175\xa0\nHSC\n4,700\xa0\n57,716\xa0\n-\xa0\n-\xa0\nMHE\n49,559\xa0\n2,001,320\xa0\n-\xa0\n-\xa0\n기타 특수관계자\nMHE의 종속기업\n-\xa0\n108,385\xa0\n-\xa0\n-\xa0\nMANDO의 종속기업 및 공동기업\n50,369,860\xa0\n366,266\xa0\n-\xa0\n-\xa0\nHL의 종속기업\n8,640\xa0\n245,221\xa0\n117,889\xa0\n-\xa0\n합계\n63,499,185\xa0\n57,020,695\xa0\n12,408,187\xa0\n3,460,309\xa0\n회사와 특수관계자간의 중요한 매입 거래 내역은 다음과 같습니다(단위:천원).\n구분\n제22(당)기 반기\n재화의 매입\n제공받은 용역\n기타\n종속기업\nURIMAN\n-\xa0\n-\xa0\n(190)\nHMTC\n163,805\xa0\n-\xa0\n-\xa0\nMLCA\n-\xa0\n-\xa0\n(283)\nWECO\n6,436,828\xa0\n-\xa0\n30,743\xa0\nJJH\n-\xa0\n-\xa0\n972,847\xa0\n관계기업 및 공동기업\nMANDO\n2,935,972\xa0\n634,495\xa0\n595,427\xa0\nHL\n-\xa0\n-\xa0\n237,929\xa0\nMHE\n30,340\xa0\n-\xa0\n-\xa0\nJDT\n-\xa0\n1,384,279\xa0\n-\xa0\nHSC\n751,979\xa0\n-\xa0\n-\xa0\nMY\n-\xa0\n-\xa0\n5,420\xa0\n기타 특수관계자\nMANDO의 종속기업 및 공동기업\n2,637,815\xa0\n-\xa0\n-\xa0\nHL의 종속기업\n-\xa0\n569,585\xa0\n687,267\xa0\n합계\n12,956,739\xa0\n2,588,359\xa0\n2,529,160\xa0\n구분\n제21(전)기 반기\n재화의 매입\n제공받은 용역\n기타\n종속기업\nURIMAN\n168,347\xa0\n-\xa0\n-\xa0\nHMTC\n88,307\xa0\n-\xa0\n-\xa0\nMLCA\n-\xa0\n73,421\xa0\n-\xa0\nWECO\n7,606,896\xa0\n-\xa0\n-\xa0\nJJH\n-\xa0\n-\xa0\n900,000\xa0\n관계기업 및 공동기업\nMANDO\n4,029,348\xa0\n457,828\xa0\n736,469\xa0\nHL\n-\xa0\n176,143\xa0\n294,650\xa0\nJDT\n-\xa0\n1,733,181\xa0\n-\xa0\nHSC\n142,323\xa0\n-\xa0\n-\xa0\nMHE\n-\xa0\n-\xa0\n-\xa0\n기타 특수관계자\nMANDO의 종속기업 및 공동기업\n8,493,082\xa0\n28,684\xa0\n243,404\xa0\nHL의 종속기업\n-\xa0\n1,257,782\xa0\n633,080\xa0\n합계\n20,528,303\xa0\n3,727,039\xa0\n2,807,603\xa0\n회사와 특수관계자간의 중요한 자금 거래내역은 다음과 같습니다(단위:천원).\n구분\n제22(당)기 반기\n\u3000제21(전)기 반기\n배당금\n이자수익\n이자비용\n배당금\n이자수익\n이자비용\n종속기업\nJJH\n-\xa0\n1,989,071\xa0\n-\xa0\n-\xa0\n1,983,562\xa0\n-\xa0\n관계기업 및 공동기업\nMANDO\n7,811,788\xa0\n13,594\xa0\n12,194\xa0\n7,101,625\xa0\n8,328\xa0\n20,599\xa0\nJDT\n150,134\xa0\n-\xa0\n-\xa0\n228,576\xa0\n-\xa0\n-\xa0\nHSC\n604,800\xa0\n-\xa0\n-\xa0\n604,800\xa0\n-\xa0\n-\xa0\nMHE\n5,001,120\xa0\n88\xa0\n-\xa0\n6,000,240\xa0\n-\xa0\n-\xa0\n기타 특수관계자\nMANDO의 종속기업 및 공동기업\n-\xa0\n810\xa0\n-\xa0\n-\xa0\n-\xa0\n-\xa0\nHL의 종속기업 및 관계기업\n-\xa0\n-\xa0\n63\xa0\n-\xa0\n-\xa0\n1,912\xa0\n합계\n13,567,842\xa0\n2,003,563\xa0\n12,257\xa0\n13,935,241\xa0\n1,991,890\xa0\n22,511\xa0\n회사의 특수관계자에 대한 채권의 잔액은 다음과 같습니다(단위:천원).\n구분\n제22(당)기 반기\n\u3000제21(전)기\n매출채권\n리스채권\n기타채권\n매출채권\n리스채권\n기타채권\n종속기업\nURIMAN\n2,230,656\xa0\n-\xa0\n-\xa0\n1,711,305\xa0\n-\xa0\n-\xa0\nHMTC\n85,580\xa0\n-\xa0\n-\xa0\n128,151\xa0\n-\xa0\n-\xa0\nWECO\n1,215\xa0\n-\xa0\n-\xa0\n1,029\xa0\n-\xa0\n-\xa0\nJJH\n8,651\xa0\n-\xa0\n17,243,866\xa0\n8,602\xa0\n-\xa0\n15,254,795\xa0\nHCE\n11,097,547\xa0\n-\xa0\n21,614\xa0\n3,353,136\xa0\n-\xa0\n-\xa0\n관계기업 및 공동기업\nMANDO\n16,409,285\xa0\n479,721\xa0\n500,000\xa0\n24,419,232\xa0\n950,961\xa0\n1,236,340\xa0\nHL\n1,348,888\xa0\n-\xa0\n-\xa0\n1,960,377\xa0\n-\xa0\n169,676\xa0\nJDT\n1,650\xa0\n-\xa0\n-\xa0\n825\xa0\n-\xa0\n-\xa0\nHSC\n285\xa0\n-\xa0\n-\xa0\n18,266\xa0\n-\xa0\n-\xa0\nMHE\n915,198\xa0\n3,271\xa0\n-\xa0\n1,351,943\xa0\n6,021\xa0\n-\xa0\n기타 특수관계자\nMHE의 종속기업\n42,268\xa0\n-\xa0\n-\xa0\n35,060\xa0\n-\xa0\n-\xa0\nMANDO의 종속기업 및 공동기업\n12,254,748\xa0\n35,655\xa0\n-\xa0\n16,375,672\xa0\n51,651\xa0\n-\xa0\nHL의 종속기업\n103,019\xa0\n-\xa0\n-\xa0\n76,255\xa0\n-\xa0\n-\xa0\n합계\n44,498,990\xa0\n518,647\xa0\n17,765,480\xa0\n49,439,853\xa0\n1,008,633\xa0\n16,660,811\xa0\n당반기 말 현재 회사는 JJH가 발행한 사채 80,773,091천원(전기말: 80,357,477천원)을 당기손익-공정가치금융자산으로 인식하고 있습니다.\n회사의 특수관계자에 대한 채무의 잔액은 다음과 같습니다(단위:천원).\n구분\n제22(당)기 반기\n\u3000제21(전)기\n매입채무\n리스부채\n기타채무\n매입채무\n리스부채\n기타채무\n종속기업\nHMTC\n204\xa0\n-\xa0\n-\xa0\n204\xa0\n-\xa0\n-\xa0\nMLCA\n-\xa0\n-\xa0\n-\xa0\n12,360\xa0\n-\xa0\n-\xa0\nWECO\n890,793\xa0\n-\xa0\n-\xa0\n1,307,067\xa0\n-\xa0\n-\xa0\nJJH\n-\xa0\n-\xa0\n165,000\xa0\n-\xa0\n-\xa0\n165,000\xa0\n관계기업 및 공동기업\nMANDO\n605,556\xa0\n768,278\xa0\n89,366\xa0\n891,258\xa0\n940,278\xa0\n431,065\xa0\nHL\n-\xa0\n-\xa0\n37,827\xa0\n-\xa0\n-\xa0\n78,882\xa0\nMHE\n33,374\xa0\n-\xa0\n-\xa0\n301,296\xa0\n-\xa0\n-\xa0\nJDT\n213,823\xa0\n-\xa0\n-\xa0\n132,498\xa0\n-\xa0\n199,653\xa0\nHSC\n38,164\xa0\n-\xa0\n-\xa0\n-\xa0\n-\xa0\n-\xa0\n기타 특수관계자\nMANDO의 종속기업 및 공동기업\n44,589\xa0\n-\xa0\n556,912\xa0\n1,866,765\xa0\n-\xa0\n496,001\xa0\nHL의 종속기업\n-\xa0\n3,026\xa0\n123,759\xa0\n184,797\xa0\n132,053\xa0\n178,983\xa0\n합계\n1,826,503\xa0\n771,304\xa0\n972,864\xa0\n4,696,245\xa0\n1,072,331\xa0\n1,549,584\xa0\n회사가 특수관계자의 자금조달 등을 위하여 제공하고 있는 지급보증 내역은 주석 25에 공시된 바와 같으며, 특수관계자로부터 제공받고 있는 담보 및 지급보증은 없습니다.당반기말 현재 회사는 평택냉장물류창고와 관련하여 발생한 영업손실을 관계회사 HL로부터보전받는 계약을 체결하고 있습니다(주석 25 참조).회사가 보유한 JJH주식 19,134,919천원은 JJH의 차입금 80,000,000천원과 관련하여 담보로 제공되어 있습니다(주석 18,25 참조).회사는 회사 활동의 계획, 운영 및 통제에 대한 중요한 권한과 책임을 가진 이사(비상임 포함) 및 감사를 주요 경영진으로 판단하고 있습니다.주요 경영진에 대한 보상 내역은 다음과 같습니다(단위:천원).\n구분\n제22(당)기 반기\n제21(전)기 반기\n단기종업원급여\n1,166,918\xa0\n1,230,981\xa0\n퇴직급여\n254,546\xa0\n350,812\xa0\n합계\n1,421,464\xa0\n1,581,793\xa0\n27. 고객과의 계약에서 생기는 수익\n회사는 수익과 관련해 손익계산서에 다음 금액을 인식하였습니다(단위:천원).\n구분\n제22(당)기 반기\n제21(전)기 반기\n고객과의 계약에서 생기는 수익\n242,406,147\xa0\n290,528,575\xa0\n기타 원천으로부터의 수익\n\u3000\n\u3000\n- 임대수익\n795,600\xa0\n703,754\xa0\n- 지분법손익\n(13,142,478)\n6,219,929\xa0\n- 배당수익\n5,001,120\xa0\n6,000,240\xa0\n총 수익\n235,060,389\xa0\n303,452,498\xa0\n27.1 고객과의 계약에서 생기는 수익의 구분회사는 다음의 주요 매출유형과 지역별로 재화나 용역을 기간에 걸쳐 이전하거나 한 시점에 이전함으로써 수익을 창출합니다(단위:천원).\n제22(당)기 반기\n상품매출\n물류매출\nIT매출\n기타매출\n합계\n한국\n한국\n한국\n한국\n외부고객으로부터 수익\n178,968,092\xa0\n37,624,421\xa0\n9,383,780\xa0\n16,429,854\xa0\n242,406,147\xa0\n수익인식 시점\n\u3000\n\u3000\n\u3000\n\u3000\n\u3000\n- 한 시점에 인식\n178,968,092\xa0\n-\xa0\n924,328\xa0\n20,543\xa0\n179,912,963\xa0\n- 기간에 걸쳐 인식\n-\xa0\n37,624,421\xa0\n8,459,452\xa0\n16,409,311\xa0\n62,493,184\xa0\n제21(전)기 반기\n상품매출\n물류매출\nIT매출\n기타매출\n합계\n한국\n한국\n한국\n한국\n외부고객으로부터 수익\n205,589,887\xa0\n54,406,577\xa0\n15,195,775\xa0\n15,336,336\xa0\n290,528,575\xa0\n수익인식 시점\n\u3000\n\u3000\n\u3000\n\u3000\n\u3000\n- 한 시점에 인식\n205,589,887\xa0\n-\xa0\n1,926,600\xa0\n50,981\xa0\n207,567,468\xa0\n- 기간에 걸쳐 인식\n-\xa0\n54,406,577\xa0\n13,269,175\xa0\n15,285,355\xa0\n82,961,107\xa0\n6. 기타 재무에 관한 사항\n가. 재무제표 재작성 등 유의사항해당사항 없습니다.\n나. 대손충당금 설정현황(1) 계정과목별 대손충당금 설정내역계정과목별 대손충당금 설정내용은 다음과 같습니다. 당사는 외상매출금 등에 대하여 대손충당금을 설정하고 있으며, 당기말 현재 대손충당금 총액은 30,049백만원 입니다.\n(단위 : 백만원)\n\xa0구분\xa0\n\xa0계정과목\xa0\n\xa0채권 총액\xa0\n\xa0대손충당금\xa0\n\xa0대손충당금 설정률\xa0\n2020년 반기\n\xa0매출채권\xa0\n99,079\xa0\n560\xa0\n0.6%\n\xa0기타수취채권\xa0\n22,596\xa0\n12,455\xa0\n55.1%\n\xa0기타장기수취채권\n35,253\xa0\n17,034\xa0\n48.3%\n\xa0합계\xa0\n156,928\xa0\n30,049\xa0\n19.1%\n2019년\n\xa0매출채권\xa0\n116,410\xa0\n637\xa0\n0.5%\n\xa0기타수취채권\xa0\n35,854\xa0\n29,489\xa0\n82.2%\n\xa0기타장기수취채권\n17,850\xa0\n-\xa0\n0.0%\n\xa0합계\xa0\n170,114\xa0\n30,126\xa0\n17.7%\n(2) 대손충당금 변동현황대손충당금 변동현황은 다음과 같습니다.\xa0당기 대손충당금 설정액은 77백만원\xa0감소하였습니다.\n(단위 : 백만원)\n구분\n2020년 반기\n2019년\n1. 기초 대손충당금 잔액합계\n30,126\xa0\n\xa0 \xa0 \xa0 \xa0 \xa0 29,907\xa0\n2. 연결범위 변동\n-\xa0\n\xa0 \xa0 \xa0 \xa0 \xa0 \xa0 \xa0 \xa0\xa0 -\xa0\n3. 순대손처리액(①－②±③)\n(77)\n\xa0 \xa0 \xa0 \xa0 \xa0 \xa0 \xa0 219\xa0\n① 대손처리액(상각채권액)\n-\xa0\n\xa0 \xa0 \xa0 \xa0 \xa0 \xa0 \xa0 288\xa0\n② 상각채권회수액\n71\xa0\n\xa0 \xa0 \xa0 \xa0 \xa0 \xa0 \xa0\xa0 70\xa0\n③ 기타증감액\n(6)\n\xa0 \xa0 \xa0 \xa0 \xa0 \xa0 \xa0 \xa0 -\xa0\n4. 대손상각비 계상(환입)액\n-\xa0\n\xa0 \xa0 \xa0 \xa0 \xa0 \xa0 \xa0 \xa0\xa0 -\xa0\n5. 기말 대손충당금 잔액합계\n30,049\xa0\n\xa0 \xa0 \xa0 \xa0 \xa0 30,126\xa0\n(3) 매출채권 관련 대손충당금 설정 방침가) 대손충당금 설정율 :\xa00.6%나) 기준금액 :\xa099,079 백만원다) 대손처리기준당사는 매출채권에 대해 전체기간 기대신용손실을 대손충당금으로 인식하는 간편법을 적용하였습니다. 기대신용손실을 측정하기 위해 매출채권은 신용위험특성과 발생일을 기준으로 구분하였습니다. 기대신용손실에는 미래전망정보가 포함됩니다. 상각후원가로 측정하는 기타수취채권은 모두 신용위험이 낮은 것으로 판단되며, 회사는 상각후 원가를 측정하는 기타수취채권에 대하여 채무불이행 위험이 낮고 단기간내에 계약상 현금흐름을 지급할 수 있는 발행자의 충분한 능력이 있는 경우 신용위험이 낮은 것으로 간주합니다.(4) 당기말 현재 경과기간별 매출채권 현황\n(단위 : 백만원)\n구분\n3개월 이하\n3개월 초과6개월 이하\n6개월 초과1년 이하\n1년 초과또는 손상\n계\n금액\n96,251\xa0\n264\xa0\n1,973\xa0\n591\xa0\n99,079\xa0\n구성비율\n97.1%\n0.3%\n2.0%\n0.6%\n100.0%\n다. 재고자산 현황 등(1)\xa0 재고자산의 사업부문별\xa0 보유현황재고자산의 보유현황은 다음과 같습니다. 당사 재고자산은 상품과 제품, 재공품, 원재료, 저장품, 미착품으로 이루어져 있으며, 당기말 현재 재고자산 총액은\xa087,495백만원\xa0입니다.\n(단위 : 백만원)\n구분\n2020년 반기\n2019년\n비고\n한라홀딩스\n상 품\n78,092\xa0\n71,252\xa0\n-\n제 품\n967\xa0\n564\xa0\n-\n재 공 품\n1,060\xa0\n767\xa0\n-\n원 재 료\n5,056\xa0\n4,810\xa0\n-\n저 장 품\n-\xa0\n-\xa0\n-\n미 착 품\n2,222\xa0\n3,642\xa0\n-\n건설중인재고자산\n-\xa0\n-\xa0\n합 계\n87,398\xa0\n81,035\xa0\n-\n기타(제이제이한라)\n상 품\n-\xa0\n-\xa0\n-\n제 품\n-\xa0\n-\xa0\n-\n재 공 품\n-\xa0\n-\xa0\n-\n원 재 료\n32\xa0\n31\xa0\n-\n저 장 품\n65\xa0\n106\xa0\n-\n미 착 품\n-\xa0\n-\xa0\n-\n건설중인재고자산\n-\xa0\n-\xa0\n합 계\n97\xa0\n137\xa0\n-\n합계\n상 품\n78,092\xa0\n71,252\xa0\n-\n제 품\n967\xa0\n564\xa0\n-\n재 공 품\n1,060\xa0\n767\xa0\n-\n원 재 료\n5,088\xa0\n4,841\xa0\n-\n저 장 품\n65\xa0\n106\xa0\n-\n미 착 품\n2,222\xa0\n3,642\xa0\n-\n건설중인재고자산\n-\xa0\n-\xa0\n합 계\n87,495\xa0\n81,171\xa0\n-\n비율\n총자산대비 재고자산 구성비율(%) *1)\n4.9%\n4.6%\n-\n재고자산회전율(회수) *2)\n3.1\xa0\n8.0\xa0\n-\n주1) 총자산대비 재고자산 구성비율(%) = 재고자산 ÷ 기말자산총계 × 100\n주2) 재고자산 회전율(회수) = 연 환산 매출원가 / {(기초재고 + 기말재고) / 2}주3)\xa0당기 자동차소결부품부문(한라스택폴 주식회사와 그 종속회사)를 매각하였으며, 보고기준일 현재 자동차소결부품부문은 당사의 사업부문이 아닙니다.\n(2) 재고자산의 실사내역 등가) 실사일자\n당사의 정기재물조사는 매 사업연도 종료일 기준 연1회 외부감사인 입회 하에 실시하고 있으며 분기 말은 장부금액을 기준으로 대체합니다. 당사 내부의 재고관리 지침에 따라 전품목을 연간 수시로 실시하는 정기재물 조사제도를 운영하고 있습니다.나) 재고실사 시 전문가의 참여 또는 감사인의 입회여부 등\n당사는 매 사업연도 종료일 기준 재물조사 시 외부감사인 입회 하에 실시하고 있습니다.\n다) 재고자산 순 실현가치 평가\n당사는 재고자산의 시가가 취득원가보다 하락한 경우에는 시가(제품, 상품 및 재공품의 시가는 순실현가능가액, 원재료의 시가는 현행대체원가)를 보고기간종료일 현재의 재무상태표가액으로 하고 있습니다.\n(단위 : 백만원)\n계정과목\n취득가액\n평가손실누계액\n장부가액\n비고\n상품\n79,004\xa0\n(913)\n78,092\xa0\n-\n제품\n997\xa0\n(30)\n967\xa0\n-\n재공품\n1,060\xa0\n-\xa0\n1,060\xa0\n-\n원재료\n5,088\xa0\n-\xa0\n5,088\xa0\n-\n저장품\n65\xa0\n-\xa0\n65\xa0\n-\n미착품\n2,222\xa0\n-\xa0\n2,222\xa0\n-\n합계\n88,438\xa0\n(943)\n87,495\xa0\n-\n라. 공정가치평가 내역Ⅲ.재무에 관한 사항, 3.연결재무제표 주석, 5.공정가치를 참조하시기 바랍니다.\n마. 채무증권 발행실적 등 (1) 채무증권 발행실적\n(기준일 :\xa0\n2020년 06월 30일\n)\n(단위 : 백만원, %)\n발행회사\n증권종류\n발행방법\n발행일자\n권면(전자등록)총액\n이자율\n평가등급(평가기관)\n만기일\n상환여부\n주관회사\n(주)한라홀딩스\n회사채\n공모\n2016.03.04\n44,000\n2.76%\nA+(한기평/한신평/NICE)\n2017.09.04\n상환\nKB투자증권/한국투자증권/대우증권\n(주)한라홀딩스\n회사채\n공모\n2016.03.04\n20,000\n2.86%\nA+(한기평/한신평/NICE)\n2018.03.04\n상환\nKB투자증권/한국투자증권/대우증권\n(주)한라홀딩스\n회사채\n공모\n2016.03.04\n36,000\n3.40%\nA+(한기평/한신평/NICE)\n2021.03.04\n미상환\nKB투자증권/한국투자증권/대우증권\n(주)한라홀딩스\n회사채\n공모\n2016.11.01\n20,000\n3.26%\nA0(한기평/한신평)\n2018.11.01\n상환\nKB투자증권/한국투자증권/대우증권\n(주)한라홀딩스\n회사채\n공모\n2016.11.01\n40,000\n3.54%\nA0(한기평/한신평)\n2019.11.01\n상환\nKB투자증권/한국투자증권/대우증권\n(주)한라홀딩스\n회사채\n공모\n2017.07.12\n47,000\n3.11%\nA0(한기평/한신평)\n2020.07.12\n미상환\nKB증권\n(주)한라홀딩스\n회사채\n공모\n2018.03.14\n57,000\n3.44%\nA0(한기평/NICE)\n2021.03.14\n미상환\nKB증권/한국투자증권\n(주)한라홀딩스\n회사채\n공모\n2019.09.27\n59,000\n2.19%\nA0(한기평/NICE)\n2022.09.27\n미상환\n한국투자증권/KB증권/키움증권\n(주)제이제이한라\n회사채\n사모\n2016.03.10\n80,000\n5.00%\n-\n2021.03.10\n미상환\n-\n합\xa0 계\n-\n-\n-\n403,000\n-\n-\n-\n-\n-\n주)\n보고기준일 현재 채무증권 미상환 잔액은 공시대상 기간 전 발행액 69,000백만원을 포함하여(주)한라홀딩스 268,000백만원, (주)제이제이한라 80,000백만원 입니다.\n(2) 사채관리계약 주요내용 및 충족여부 등\n(작성기준일 :\xa0\n2020년 06월 30일\n)\n(단위 : 백만원, %)\n채권명\n발행일\n만기일\n발행액\n사채관리계약체결일\n사채관리회사\n제6-3회 무보증사채\n2013.12.06\n2020.12.06\n69,000\n2013.12.06\n한국증권금융\n(이행현황기준일 :\xa0\n2020년 06월 30일\n)\n재무비율 유지현황\n계약내용\n부채비율 400% 이하 유지\n이행현황\n78.4%\n담보권설정 제한현황\n계약내용\n자기자본의 300% 이하\n이행현황\n자기자본의 0%\n자산처분 제한현황\n계약내용\n자산총계의 50% 이하\n이행현황\n자산처분 없음\n지배구조변경 제한현황\n계약내용\n-\n이행현황\n-\n이행상황보고서 제출현황\n이행현황\n2020.04.22\n* 이행현황기준일은 이행현황 판단 시 적용한 회계감사인의 감사의견(확인 및 의견표시)이 표명된 가장 최근의 재무제표의 작성기준일이며, 지배구조변경 제한현황은 공시서류작성기준일임.\n(작성기준일 :\xa0\n2020년 06월 30일\n)\n(단위 : 백만원, %)\n채권명\n발행일\n만기일\n발행액\n사채관리계약체결일\n사채관리회사\n제7-3회 무보증사채\n2016.03.04\n2021.03.04\n36,000\n2016.03.04\n한국증권금융\n(이행현황기준일 :\xa0\n2020년 06월 30일\n)\n재무비율 유지현황\n계약내용\n부채비율 400% 이하 유지\n이행현황\n78.4%\n담보권설정 제한현황\n계약내용\n자기자본의 300% 이하\n이행현황\n자기자본의 0%\n자산처분 제한현황\n계약내용\n자산총계의 50% 이하\n이행현황\n자산처분 없음\n지배구조변경 제한현황\n계약내용\n-\n이행현황\n-\n이행상황보고서 제출현황\n이행현황\n2020.04.22\n* 이행현황기준일은 이행현황 판단 시 적용한 회계감사인의 감사의견(확인 및 의견표시)이 표명된 가장 최근의 재무제표의 작성기준일이며, 지배구조변경 제한현황은 공시서류작성기준일임.\n(작성기준일 :\xa0\n2020년 06월 30일\n)\n(단위 : 백만원, %)\n채권명\n발행일\n만기일\n발행액\n사채관리계약체결일\n사채관리회사\n제9회 무보증 사채\n2017.07.12\n2020.07.12\n47,000\n2017.07.12\n한국증권금융\n(이행현황기준일 :\xa0\n2020년 06월 30일\n)\n재무비율 유지현황\n계약내용\n부채비율 300% 이하 유지\n이행현황\n78.4%\n담보권설정 제한현황\n계약내용\n자기자본의 200% 이하\n이행현황\n자기자본의 0%\n자산처분 제한현황\n계약내용\n자산총계의 50% 이하\n이행현황\n자산처분 없음\n지배구조변경 제한현황\n계약내용\n-\n이행현황\n-\n이행상황보고서 제출현황\n이행현황\n2020.04.22\n* 이행현황기준일은 이행현황 판단 시 적용한 회계감사인의 감사의견(확인 및 의견표시)이 표명된 가장 최근의 재무제표의 작성기준일이며, 지배구조변경 제한현황은 공시서류작성기준일임.\n(작성기준일 :\xa0\n2020년 06월 30일\n)\n(단위 : 백만원, %)\n채권명\n발행일\n만기일\n발행액\n사채관리계약체결일\n사채관리회사\n제10회 무보증 사채\n2018.03.14\n2021.03.14\n57,000\n2018.03.02\n한국증권금융\n(이행현황기준일 :\xa0\n2020년 06월 30일\n)\n재무비율 유지현황\n계약내용\n부채비율 200% 이하 유지\n이행현황\n78.4%\n담보권설정 제한현황\n계약내용\n자기자본의 200% 이하\n이행현황\n자기자본의 0%\n자산처분 제한현황\n계약내용\n자산총계의 50% 이하\n이행현황\n자산처분 없음\n지배구조변경 제한현황\n계약내용\n최대주주변경\n이행현황\n-\n이행상황보고서 제출현황\n이행현황\n2020.04.22\n* 이행현황기준일은 이행현황 판단 시 적용한 회계감사인의 감사의견(확인 및 의견표시)이 표명된 가장 최근의 재무제표의 작성기준일이며, 지배구조변경 제한현황은 공시서류작성기준일임.\n(작성기준일 :\xa0\n2020년 06월 30일\n)\n(단위 : 백만원, %)\n채권명\n발행일\n만기일\n발행액\n사채관리계약체결일\n사채관리회사\n제11회 무보증 사채\n2019.09.27\n2022.09.27\n59,000\n2019.09.17\n한국증권금융\n(이행현황기준일 :\xa0\n2020년 06월 30일\n)\n재무비율 유지현황\n계약내용\n부채비율 200% 이하 유지\n이행현황\n78.4%\n담보권설정 제한현황\n계약내용\n자기자본의 200% 이하\n이행현황\n자기자본의 0%\n자산처분 제한현황\n계약내용\n자산총계의 50% 이하\n이행현황\n자산처분 없음\n지배구조변경 제한현황\n계약내용\n최대주주변경\n이행현황\n-\n이행상황보고서 제출현황\n이행현황\n2020.04.22\n* 이행현황기준일은 이행현황 판단 시 적용한 회계감사인의 감사의견(확인 및 의견표시)이 표명된 가장 최근의 재무제표의 작성기준일이며, 지배구조변경 제한현황은 공시서류작성기준일임.\n(3) 기업어음증권 미상환 잔액\n(기준일 :\xa0\n2020년 06월 30일\n)\n(단위 : 백만원)\n잔여만기\n10일 이하\n10일초과30일이하\n30일초과90일이하\n90일초과180일이하\n180일초과1년이하\n1년초과2년이하\n2년초과3년이하\n3년 초과\n합 계\n미상환 잔액\n공모\n-\n-\n-\n-\n-\n-\n-\n-\n-\n사모\n-\n-\n-\n-\n-\n-\n-\n-\n-\n합계\n-\n-\n-\n-\n-\n-\n-\n-\n-\n(4) 전자단기사채 미상환 잔액\n(기준일 :\xa0\n2020년 06월 30일\n)\n(단위 : 백만원)\n잔여만기\n10일 이하\n10일초과30일이하\n30일초과90일이하\n90일초과180일이하\n180일초과1년이하\n합 계\n발행 한도\n잔여 한도\n미상환 잔액\n공모\n-\n-\n-\n-\n-\n-\n-\n-\n사모\n-\n-\n-\n-\n-\n-\n-\n-\n합계\n-\n-\n-\n-\n-\n-\n-\n-\n(5) 회사채 미상환 잔액\n(기준일 :\xa0\n2020년 06월 30일\n)\n(단위 : 백만원)\n잔여만기\n1년 이하\n1년초과2년이하\n2년초과3년이하\n3년초과4년이하\n4년초과5년이하\n5년초과10년이하\n10년초과\n합 계\n미상환 잔액\n공모\n209,000\n-\n59,000\n-\n-\n-\n-\n268,000\n사모\n80,000\n-\n-\n-\n-\n-\n-\n80,000\n합계\n289,000\n-\n59,000\n-\n-\n-\n-\n348,000\n주)\n상기 사모사채 미상환 잔액 800억원은 당사의 종속회사 (주)제이제이한라가 발행한 사채 입니다.\n(6)\xa0신종자본증권 미상환 잔액\n(기준일 :\xa0\n2020년 06월 30일\n)\n(단위 : 백만원)\n잔여만기\n1년 이하\n1년초과5년이하\n5년초과10년이하\n10년초과15년이하\n15년초과20년이하\n20년초과30년이하\n30년초과\n합 계\n미상환 잔액\n공모\n-\n-\n-\n-\n-\n-\n-\n-\n사모\n-\n-\n-\n-\n-\n-\n-\n-\n합계\n-\n-\n-\n-\n-\n-\n-\n-\n(7) 조건부자본증권 미상환 잔액\n(기준일 :\xa0\n2020년 06월 30일\n)\n(단위 : 백만원)\n잔여만기\n1년 이하\n1년초과2년이하\n2년초과3년이하\n3년초과4년이하\n4년초과5년이하\n5년초과10년이하\n10년초과20년이하\n20년초과30년이하\n30년초과\n합 계\n미상환 잔액\n공모\n-\n-\n-\n-\n-\n-\n-\n-\n-\n-\n사모\n-\n-\n-\n-\n-\n-\n-\n-\n-\n-\n합계\n-\n-\n-\n-\n-\n-\n-\n-\n-\n-\n""]"
