text
"['\n5. 재무제표 주석\n제 60 기: 2019년 12월 31일 현재\n제 59 기: 2018년 12월 31일 현재\n부광약품주식회사\n1. 회사의 개요 \n부광약품주식회사(이하 ""회사"")는 1960년 10월 17일에 설립되어, 1988년 8월 5일에 주식을 한국거래소가 개설하는 유가증권시장에 상장하였습니다. 회사는 의약품 제조 및 판매를 주요 사업으로 하고 있습니다. 회사의 본사는 서울시 동작구에 소재하고 있으며 경기도 안산에 공장을 두고 있습니다.\n당기말 현재 자본금은\xa031,766백만원이며,\xa0주요 주주 현황은 다음과 같습니다.\n주\xa0 \xa0\xa0 주\n보유주식수\n지분율(%)\n비고\n김동연\n6,106,724\n9.61\n대주주\n김상훈\n4,742,640\n7.47\n특수관계자\n국민연금공단\n4,270,115\n6.72\n-\n김은미\n2,100,671\n3.31\n특수관계자\n김은주\n1,989,782\n3.13\n특수관계자\nOCI주식회사\n1,964,021\n3.09\n-\n김동환 외\n538,118\n0.85\n특수관계자\n자기주식\n2,580,397\n4.06\n-\n기타\n39,238,899\n61.76\n-\n합\xa0 \xa0\xa0 계\n63,531,367\n100\n-\n2. 중요한 회계정책\n\xa0\n다음은 재무제표의 작성에 적용된 주요한 회계정책입니다. 이러한 정책은 별도의 언급이 없다면, 표시된 회계기간에 계속적으로 적용됩니다.\n2.1 재무제표 작성 기준\n\xa0\n회사의 재무제표는 한국채택국제회계기준(이하 기업회계기준)에 따라 작성되었습니다. 한국채택국제회계기준은 국제회계기준위원회(""IASB"")가 발표한 기준서와 해석서중 대한민국이 채택한 내용을 의미합니다.\n재무제표는 다음을 제외하고는 역사적 원가에 기초하여 작성하였습니다.\n- 특정 금융자산과 금융부채(파생상품 포함), 공정가치로 측정하는 특정 유형자산과 투자부동산 유형\n- 순공정가치로 측정하는 매각예정자산\n- 확정급여제도와 공정가치로 측정하는 사외적립자산\n한국채택국제회계기준은 재무제표 작성 시 중요한 회계추정의 사용을 허용하고 있으며, 회계정책을 적용함에 있어 경영진의 판단을 요구하고 있습니다. 보다 복잡하고 높은 수준의 판단이 필요한 부분이나 중요한 가정 및 추정이 필요한 부분은 주석 3에서 설명하고 있습니다.2.2 회계정책과 공시의 변경\n2.2.1 회사가 채택한 제ㆍ개정 기준서 및 해석서\n회사는 2019년 1월 1일로 개시하는 회계기간부터 다음의 제ㆍ개정 기준서 및 해석서를 신규로 적용하였습니다.\n(1) 기업회계기준서 제1116호 \'리스\' 제정\n\xa0\n기업회계기준서 제1116호 \'리스\'는 단일 리스이용자 모형을 도입하여 리스기간이 12개월을 초과하고 기초자산이 소액이 아닌 모든 리스에 대하여 리스이용자가 자산과 부채를 인식하도록 요구합니다. 리스이용자는 사용권자산과 리스료 지급의무를 나타내는 리스부채를 인식해야 합니다.\n\xa0\n회사는 기업회계기준서 제1116호의 도입 결과 회계정책을 변경하였습니다.\xa0기업회계기준서 제1116호의 경과 규정에 따라 변경된 회계정책을 소급 적용하였고, 최초 적용으로 인한 누적효과는 최초 적용일인 2019년 1월 1일에 반영하였습니다. 비교 표시된전기 재무제표는 재작성되지 않았습니다. 리스기준서와 새로운 회계정책의 도입 영향은 주석 37에서 보여주고 있습니다.\n(2) 기업회계기준서 제1109호 \'금융상품\' 개정 - 부(-)의 보상을 수반하는 중도상환특성\n\xa0\n부의 보상을 수반하는 일부 중도상환 가능한 금융자산을 상각후원가로 측정될 수 있도록 개정하였으며, 상각후원가로 측정되는 금융부채가 조건변경 되었으나 제거되지는 않은 경우 변경으로 인한 효과는 당기손익으로 인식되어야 합니다.\xa0해당 기준서의개정이 재무제표에 미치는 중요한 영향은 없습니다.\n(3) 기업회계기준서 제1019호 \'종업원급여\' 개정 - 제도의 개정, 축소, 정산\n\xa0\n확정급여제도의 변경으로 제도의 개정, 축소, 정산이 되는 경우 제도의 변경 이후 회계기간의 잔여기간에 대한 당기근무원가 및 순이자를 산정하기 위해 순확정급여부채(자산)의 재측정에 사용된 가정을 사용합니다. 또한, 자산인식상한의 영향으로 이전에 인식하지 않은 초과적립액의 감소도 과거근무원가나 정산손익의 일부로 당기손익에 반영합니다.\xa0해당 기준서의 개정이 재무제표에 미치는 중요한 영향은 없습니다.\n(4) 기업회계기준서 제1028호 \'관계기업과 공동기업에 대한 투자\' 개정 - 관계기업과 공동기업에 대한 장기투자지분\n\xa0\n관계기업이나 공동기업에 대한 다른 금융상품(지분법을 적용하지 않는 금융상품)이 기업회계기준서 제1109호의 적용 대상임을 명확히 하였으며, 관계기업이나 공동기업에 대한 순투자의 일부를 구성하는 장기투자지분의 손상 회계처리에 대해서는 기업회계기준서 제1109호를 우선하여 적용하도록 개정하였습니다.\xa0해당 기준서의 개정이재무제표에 미치는 중요한 영향은 없습니다.\n(5) 기업회계기준해석서 제2123호 \'법인세 처리의 불확실성\' 제정\n\xa0\n제정된 해석서는 기업이 적용한 법인세 처리를 과세당국이 인정할지에 대한 불확실성이 존재하는 경우 당기법인세와 이연법인세의 인식 및 측정에 적용하며, 법인세 처리 불확실성의 회계단위와 재평가가 필요한 상황 등에 대한 지침을 포함하고 있습니다.\xa0해당 해석서의 제정이 재무제표에 미치는 중요한 영향은 없습니다.\n(6) 연차개선 2015-2017\n① 기업회계기준서 제1103호 \'사업결합\' 개정\n\xa0\n공동영업과 관련된 자산에 대한 권리와 부채에 대한 의무를 보유하다가 해당 공동영업(사업의 정의 충족)에 대한 지배력을 획득하는 것은 단계적으로 이루어지는 사업결합이므로 취득자는 공동영업에 대하여 이전에 보유하고 있던 지분 전부를 재측정합니다.\xa0해당 기준서의 개정이 재무제표에 미치는 중요한 영향은 없습니다.\n② 기업회계기준서 제1111호 \'공동약정\' 개정\n\xa0\n공동영업에 참여는 하지만 공동지배력을 보유하지 않은 공동영업 당사자가 공동영업에 대한 공동지배력을 획득하는 경우 공동영업에 대하여 이전에 보유하고 있던 지분은 재측정하지 않습니다.\xa0해당 기준서의 개정이 재무제표에 미치는 중요한 영향은 없습니다.\n\xa0\n③ 기업회계기준서 제1012호 \'법인세\' 개정\n\xa0\n기업회계기준서 제1012호 문단 57A의 규정(배당의 세효과 인식시점과 인식항목을 규정)은 배당의 법인세효과 모두에 적용되며, 배당의 법인세효과를 원래 인식하였던 항목에 따라 당기손익, 기타포괄손익 또는 자본으로 인식하도록 개정되었습니다.\xa0해당 기준서의 개정이 재무제표에 미치는 중요한 영향은 없습니다.\n④ 기업회계기준서 제1023호 \'차입원가\'\n적격자산을 의도된 용도로 사용(또는 판매) 가능하게 하는 데 필요한 대부분의 활동이 완료되면, 해당 자산을 취득하기 위해 특정 목적으로 차입한 자금을 일반차입금에포함한다는 사실을 명확히 하였습니다.\xa0해당 기준서의 개정이 재무제표에 미치는 중요한 영향은 없습니다.\n2.2.2 회사가 적용하지 않은 제ㆍ개정 기준서 및 해석서\n\xa0\n제정 또는 공표되었으나 시행일이 도래하지 않아 회사가 조기 적용하지 아니한 제ㆍ개정 기준서\xa0및 해석서는 다음과 같습니다.(1) 기업회계기준서 제1001호 \'재무제표 표시\', 제1008호 \'회계정책, 회계추정의 변경 및 오류\' 개정 - 중요성의 정의\'중요성의 정의\'를 명확히 하고 기준서 제1001호와 제1008호를 명확해진 정의에 따라개정하였습니다. 중요성 판단 시 중요한 정보의 누락이나 왜곡표시뿐만 아니라 중요하지 않은 정보로 인한 영향과 회사가 공시할 정보를 결정할 때 정보이용자의 특성을고려하도록 하였습니다. 동 개정사항은 2020년 1월 1일 이후 시작하는 회계연도부터적용되며, 조기도입이 가능합니다. 회사는 동 개정으로 인해 재무제표에 중요한 영향은 없을 것으로 예상하고 있습니다.\n(2) 기업회계기준서 제1103호 \'사업결합\' 개정 - 사업의 정의개정된 사업의 정의에서는, 취득한 활동과 자산의 집합을 사업으로 판단하기 위해서는 산출물의 창출에 함께 유의적으로 기여할 수 있는 능력을 가진 투입물과 실질적인과정을 반드시 포함하도록 하였고 원가 감소에 따른 경제적 효익은 제외하였습니다. 이와 함께 취득한 총자산의 대부분의 공정가치가 식별가능한 단일 자산 또는 자산집합에 집중되어 있는 경우, 취득한 활동과 자산의 집합은 사업이 아닌, 자산 또는 자산의 집합으로 결정할 수 있는 선택적 집중테스트가 추가되었습니다. 동 개정사항은 2020년 1월 1일 이후 시작하는 회계연도부터 적용되며, 조기도입이 가능합니다. 회사는동 개정으로 인해 재무제표에 중요한 영향은 없을 것으로 예상하고 있습니다.\n2.3 종속기업, 관계기업 및 공동기업회사의 재무제표는 한국채택국제회계기준 제1027호 \'별도재무제표\'에 따른 별도재무제표입니다. 종속기업, 공동기업 및 관계기업 투자는 직접적인 지분투자에 근거하여 원가로 측정하고 있으며, 다만 한국채택국제회계기준으로의 전환일 시점에는 전환일시점의 장부금액을 간주원가로 사용했습니다. 또한, 종속기업, 공동기업 및 관계기업으로부터 수취하는 배당금은 배당에 대한 권리가 확정되는 시점에 당기손익으로 인식하고 있습니다. 종속기업 취득시 회사가 지불할 조건부대가는 취득일에 공정가치로 인식합니다. 부채로 계상된 조건부대가의 후속적인 공정가치의 변동은 종속기업투자의 원가로 인식됩니다.2.4 외화환산(1) 기능통화와 표시통화회사는 재무제표에 포함되는 항목들을 영업활동이 이루어지는 주된 경제 환경에서의통화(""기능통화"")를 적용하여 측정하고 있습니다. 회사의 기능통화는 대한민국 원화이며, 재무제표는 대한민국 원화로 표시되어 있습니다.\n(2) 외화거래와 보고기간말의 환산외화거래는 거래일의 환율 또는 재측정되는 항목인 경우 평가일의 환율을 적용한 기능통화로 인식됩니다. 외화거래의 결제나 화폐성 외화 자산ㆍ부채의 환산에서 발생하는 외환차이는 당기손익으로 인식됩니다. 외환차이는 손익계산서에 금융수익 또는금융비용으로 표시됩니다.비화폐성 금융자산ㆍ부채로부터 발생하는 외환차이는 공정가치 변동손익의 일부로보아 당기손익-공정가치 측정 지분상품으로부터 발생하는 외환차이는 당기손익으 로, 기타포괄손익-공정가치 측정 지분상품의 외환차이는 기타포괄손익에 포함하여 인식됩니다.2.5 금융자산(1) 분류회사는 다음의 측정 범주로 금융자산을 분류합니다.- 당기손익-공정가치 측정 금융자산- 기타포괄손익-공정가치 측정 금융자산- 상각후원가 측정 금융자산금융자산은 금융자산의 관리를 위한 사업모형과 금융자산의 계약상 현금흐름 특성에근거하여 분류합니다.공정가치로 측정하는 금융자산의 손익은 당기손익 또는 기타포괄손익으로 인식합니다. 채무상품에 대한 투자는 해당 자산을 보유하는 사업모형에 따라 그 평가손익을 당기손익 또는 기타포괄손익으로 인식합니다. 회사는 금융자산을 관리하는 사업모형을 변경하는 경우에만 채무상품을 재분류합니다.단기매매항목이 아닌 지분상품에 대한 투자는 최초 인식시점에 후속적인 공정가치변동을 기타포괄손익으로 표시할 것을 지정하는 취소불가능한 선택을 할 수 있습니다. 지정되지 않은 지분상품에 대한 투자의 공정가치 변동은 당기손익으로 인식합니다.\n(2) 측정회사는 최초 인식시점에 금융자산을 공정가치로 측정하며, 당기손익-공정가치 측정 금융자산이 아닌 경우에 해당 금융자산의 취득과 직접 관련되는 거래원가는 공정가치에 가산합니다. 당기손익-공정가치 측정 금융자산의 거래원가는 당기손익으로 비용처리합니다.내재파생상품을 포함하는 복합계약은 계약상 현금흐름이 원금과 이자로만 구성되어있는지를 결정할 때 해당 복합계약 전체를 고려합니다.① 채무상품금융자산의 후속적인 측정은 금융자산의 계약상 현금흐름 특성과 그 금융자산을 관리하는 사업모형에 근거합니다. 회사는 채무상품을 다음의 세 범주로 분류합니다.(가) 상각후원가계약상 현금흐름을 수취하기 위해 보유하는 것이 목적인 사업모형 하에서 금융자산을 보유하고, 계약상 현금흐름이 원리금만으로 구성되어 있는 자산은 상각후원가로측정합니다. 상각후원가로 측정하는 금융자산으로서 위험회피관계의 적용 대상이 아닌 금융자산의 손익은 해당 금융자산을 제거하거나 손상할 때 당기손익으로 인식합니다. 유효이자율법에 따라 인식하는 금융자산의 이자수익은 \'금융수익\'에 포함됩니다.(나) 기타포괄손익-공정가치 측정 금융자산계약상 현금흐름의 수취와 금융자산의 매도 둘 다를 통해 목적을 이루는 사업모형 하에서 금융자산을 보유하고, 계약상 현금흐름이 원리금만으로 구성되어 있는 금융자산은 기타포괄손익-공정가치로 측정합니다. 손상차손(환입)과 이자수익 및 외환손익을 제외하고는, 공정가치로 측정하는 금융자산의 평가손익은 기타포괄손익으로 인식합니다. 금융자산을 제거할 때에는 인식한 기타포괄손익누계액을 자본에서 당기손익으로 재분류합니다. 유효이자율법에 따라 인식하는 금융자산의 이자수익은 \'금융수익\'에 포함됩니다. 외환손익은 \'금융수익 또는 금융비용\'으로 표시하고 손상차손은\'금융비용\'으로 표시합니다.(다) 당기손익-공정가치 측정 금융자산상각후원가 측정이나 기타포괄손익-공정가치 측정 금융자산이 아닌 채무상품은 당기손익-공정가치로 측정됩니다. 위험회피관계가 적용되지 않는 당기손익-공정가치측정 채무상품의 손익은 당기손익으로 인식하고 발생한 기간에 손익계산서에 \'금융수익 또는 금융비용\'으로 표시합니다.② 지분상품회사는 모든 지분상품에 대한 투자를 후속적으로 공정가치로 측정합니다. 공정가치 변동을 기타포괄손익으로 표시할 것을 선택한 장기적 투자목적 또는 전략적 투자목적의 지분상품에 대해 기타포괄손익으로 인식한 금액은 해당 지분상품을 제거할 때에도 당기손익으로 재분류하지 않습니다. 이러한 지분상품에 대한 배당수익은 회사가 배당을 받을 권리가 확정된 때 \'금융수익\'으로 당기손익으로 인식합니다.당기손익-공정가치로 측정하는 금융자산의 공정가치 변동은 손익계산서에 \'금융수익 또는 금융비용\'으로 표시합니다. 기타포괄손익-공정가치로 측정하는 지분상품에대한 손상차손(환입)은 별도로 구분하여 인식하지 않습니다.(3) 손상회사는 미래전망정보에 근거하여 상각후원가로 측정하거나 기타포괄손익-공정가치로 측정하는 채무상품에 대한 기대신용손실을 평가합니다. 손상 방식은 신용위험의 유의적인 증가 여부에 따라 결정됩니다. 단, 매출채권에 대해 회사는 채권의 최초 인식시점부터 전체기간 기대신용손실을 인식하는 간편법을 적용합니다. (4) 인식과 제거금융자산의 정형화된 매입 또는 매도는 매매일에 인식하거나 제거합니다. 금융자산은 현금흐름에 대한 계약상 권리가 소멸하거나 금융자산을 양도하고 소유에 따른 위험과 보상의 대부분을 이전한 경우에 제거됩니다.회사가 금융자산을 양도한 경우라도 채무자의 채무불이행시의 소구권 등으로 양도한금융자산의 소유에 따른 위험과 보상의 대부분을 회사가 보유하는 경우에는 이를 제거하지 않고 그 양도자산 전체를 계속하여 인식하되, 수취한 대가를 금융부채로 인식합니다. 해당 금융부채는 재무상태표에 ""차입금""으로 분류하고 있습니다.(5) 금융상품의 상계금융자산과 부채는 인식한 자산과 부채에 대해 법적으로 집행가능한 상계권리를 현재 보유하고 있고, 순액으로 결제하거나 자산을 실현하는 동시에 부채를 결제할 의도를 가지고 있을 때 상계하여 재무상태표에 순액으로 표시합니다. 법적으로 집행가능한 상계권리는 미래사건에 좌우되지 않으며, 정상적인 사업과정의 경우와 채무불이행의 경우 및 지급불능이나 파산의 경우에도 집행가능한 것을 의미합니다.2.6 파생상품파생상품은 파생상품 계약 체결 시점에 공정가치로 최초 인식되며 이후 공정가치로 재측정됩니다. 위험회피회계의 적용 요건을 충족하지 않는 파생상품의 공정가치변동은 거래의 성격에 따라\xa0""금융수익 또는 금융비용""으로 손익계산서에 인식됩니다.\n2.7 매출채권\n\xa0\n출채권은 공정가치로 인식할 때에 유의적인 금융요소를 포함하지 않는 경우에는 무조건적인 대가의 금액으로 최초 인식합니다. 매출채권은 후속적으로 유효이자율법을적용한 상각후원가에 손실충당금을 차감하여 측정됩니다.\xa0\n2.8 재고자산\xa0 재고자산은 원가와 순실현가능가치 중 작은 금액으로 표시되고, 재고자산의 원가는 미착품을 제외하고는 총평균법에 따라 결정됩니다.\n2.9 유형자산\n토지는 독립적인 외부평가인이 평가한 금액에 기초하여 공정가치로 측정됩니다. 재평가는 보고기간말에 자산의 장부금액이 공정가치와 중요하게 차이가 나지 않도록 주기적으로 수행됩니다.\n기타의 유형자산(건물, 기계장치, 공기구비품 등)은 역사적 원가에서 감가상각누계액과 손상차손누계액을 차감하여 표시하고 있습니다. 역사적원가는 자산의 취득에 직접적으로 관련된 지출을 포함합니다.\n자산의 장부금액이 재평가로 인하여 증가된 경우에 그 증가액은 기타포괄손익으로 인식되고 이연법인세를 차감하여 재평가잉여금의 과목으로 자본에 가산됩니다. 그러나 동일한 자산에 대하여 이전에 당기손익으로 인식한 재평가감소액이 있다면 그 금액을 한도로 재평가증가액만큼 당기손익으로 인식됩니다. 자산의 장부금액이 재평가로 인하여 감소된 경우에 그 감소액은 당기손익으로 인식되나, 그 자산에 대한 재평가잉여금의 잔액이 있다면 그 금액을 한도로 재평가감소액을 기타포괄손익으로 인식됩니다.\n토지를 제외한 자산은 취득원가에서 잔존가치를 제외한 금액에 대하여 다음의 추정 경제적 내용연수에 걸쳐 정액법으로 상각됩니다.\n\xa0\n과\xa0 \xa0\xa0 목\n추정 내용연수\n건 물\n15 ~ 30년\n구축물\n10 ~ 15년\n기계장치\n4년\n차량운반구\n4년\n공구기구\n4년\n비\xa0 품\n4년\n회사는 매 회계연도 말에 유형자산의 감가상각방법, 잔존가치와 경제적 내용연수를 검토하여 필요한 경우 조정하고, 자산의 장부금액이 추정 회수가능액을 초과하는 경우 자산의 장부금액을 회수가능액으로 조정하고 있습니다. 자산의 처분손익은 처분대가와 자산의 장부금액의 차이로 결정되며, 손익계산서의 ""기타수익 및 기타비용""으로 표시됩니다.유형자산 항목과 관련하여 자본에 계상된 재평가잉여금은 그 자산이 제거될 때 이익잉여금으로 대체됩니다\n2.10 차입원가 적격자산을 취득 또는 건설하는데 발생한 차입원가는 해당 자산을 의도된 용도로 사용할 수 있도록 준비하는 기간 동안 자본화되고, 적격자산을 취득하기 위한 특정목적차입금의 일시적 운용에서 발생한 투자수익은 당 회계기간 동안 자본화 가능한 차입원가에서 차감됩니다. 기타 차입원가는 발생기간에 비용으로 인식됩니다.\xa0 2.11 정부보조금정부보조금은 보조금의 수취와 정부보조금에 부가된 조건의 준수에 대한 합리적인 확신이 있을 때 공정가치로 인식됩니다. 자산관련보조금은 자산의 장부금액을 계산할 때 차감하여 표시되며, 수익관련보조금은 이연하여 정부보조금의 교부 목적과 관련된 비용에서 차감하여 표시됩니다. \n2.12 무형자산무형자산은 역사적 원가로 최초 인식되고, 원가에서 상각누계액과 손상차손누계액을차감한 금액으로 표시됩니다.내부적으로 창출한 무형자산인 개발비는 기술적 실현가능성, 미래경제적효익 등을 포함한 자산 인식요건이 충족된 시점 이후에 발생한 지출금액의 합계입니다. 회원권은 이용 가능 기간에 대하여 예측가능한 제한이 없으므로 내용연수가 한정되지 않아 상각되지 않습니다. 한정된 내용연수를 가지는 다음의 무형자산은 추정내용연수동안정액법으로 상각됩니다.\xa0\n과\xa0 \xa0\xa0 목\n추정 내용연수\n산업재산권\n5 ~ 10년\n개발비\n5 ~ 10년\n기타의 무형자산\n5 ~ 10년\n2.13 비금융자산의 손상내용연수가 비한정인 무형자산에 대하여는 매년, 상각대상 자산에 대하여는 자산손상을 시사하는 징후가 있을 때 손상검사를 수행하고 있습니다. 손상차손은 회수가능액(사용가치 또는 처분부대원가를 차감한 공정가치 중 높은 금액)을 초과하는 장부금액만큼 인식되고 비금융자산에 대한 손상차손은 매 보고기간말에 환입가능성이 검토됩니다.\n2.14 매입채무와 기타 채무\n\xa0\n매입채무와 기타 채무는 회사가 보고기간말 전에 재화나 용역을 제공받았으나 지급되지 않은 부채입니다. 매입채무와 기타 채무는 지급기일이 보고기간 후 12개월 후가아니라면 유동부채로 표시되었습니다. 해당 채무들은 최초에 공정가치로 인식되고 후속적으로 유효이자율법을 적용한 상각후원가로 측정됩니다.\n2.15 금융부채\xa0\xa0(1) 분류 및 측정\n\xa0\n회사의 당기손익-공정가치 측정 금융부채는 단기매매목적의 금융상품입니다. 주로 단기간 내에 재매입할 목적으로 부담하는 금융부채는 단기매매금융부채로 분류됩니다. 또한, 위험회피회계의 수단으로 지정되지 않은 파생상품이나 금융상품으로부터 분리된 내재파생상품도 단기매매금융부채로 분류됩니다.\n\xa0\n당기손익-공정가치 측정 금융부채, 금융보증계약, 금융자산의 양도가 제거조건을 충족하지 못하는 경우에 발생하는 금융부채를 제외한 모든 비파생금융부채는 상각후원가로 측정하는 금융부채로 분류되고 있으며, 재무상태표 상 ""매입채무"", ""차입금"" 및 ""기타금융부채""\xa0등으로 표시됩니다. \n(2) 제거\n\xa0\n금융부채는 계약상 의무가 이행, 취소 또는 만료되어 소멸되거나 기존 금융부채의 조건이 실질적으로 변경된 경우에 재무상태표에서 제거됩니다. 소멸하거나 제3자에게 양도한 금융부채의 장부금액과 지급한 대가(양도한 비현금자산이나 부담한 부채를 포함)의 차액은 당기손익으로 인식합니다.\n2.16 충당부채 과거사건의 결과로 현재의 법적의무나 의제의무가 존재하고, 그 의무를 이행하기 위한 자원의 유출가능성이 높으며, 당해 금액의 신뢰성 있는 추정이 가능한 경우 충당부채로 인식하고 있습니다. 충당부채는 의무를 이행하기 위하여 예상되는 지출액의 현재가치로 측정되며, 시간경과로 인한 충당부채의 증가는 이자비용으로 인식됩니 다.2.17 당기법인세 및 이연법인세\xa0 법인세비용은 당기법인세와 이연법인세로 구성됩니다. 법인세는 기타포괄손익이나 자본에 직접 인식된 항목과 관련된 금액은 해당 항목에서 직접 인식하며, 이를 제외하고는 당기손익으로 인식됩니다. 당기법인세비용은 보고기간말 현재 제정됐거나 실질적으로 제정된 세법을 기준으로 측정됩니다. 경영진은 적용 가능한 세법 규정이 해석에 따라 달라질 수 있는 상황에 대하여 회사가 세무신고 시 적용한 세무정책에 대하여 주기적으로 평가하고 있습니다. 회사는 세무당국에 납부할 것으로 예상되는 금액에 기초하여 당기법인세비용을 인식합니다.\n이연법인세는 자산과 부채의 장부금액과 세무기준액의 차이로 발생하는 일시적 차이에 대하여 장부금액을 회수하거나 결제할 때의 예상 법인세효과로 인식됩니다. 다만,사업결합 이외의 거래에서 자산ㆍ부채를 최초로 인식할 때 발생하는 이연법인세자산과 부채는 그 거래가 회계이익이나 과세소득에 영향을 미치지 않는다면 인식되지 않습니다. 이연법인세자산은 차감할 일시적 차이가 사용될 수 있는 미래 과세소득의 발생가능성이 높은 경우에 인식됩니다.종속기업, 관계기업 및 공동기업 투자지분과 관련된 가산할 일시적 차이에 대해 소멸시점을 통제할 수 있고 예측가능한 미래에 일시적 차이가 소멸하지 않을 가능성이 높은 경우를 제외하고 이연법인세부채를 인식하고 있습니다. 또한 이러한 자산으로부터 발생하는 차감할 일시적 차이에 대하여 일시적 차이가 예측가능한 미래에 소멸할 가능성이 높고 일시적 차이가 사용될 수 있는 과세소득이 발생할 가능성이 높은 경우에만 이연법인세자산을 인식하고 있습니다.이연법인세 자산과 부채는 법적으로 당기법인세자산과 당기법인세부채를 상계할 수 있는 권리를 회사가 보유하고 있고, 이연법인세 자산과 부채가 동일한 과세당국에 의해서 부과되는 법인세와 관련된 경우에 상계합니다. 당기법인세 자산과 부채는 법적으로 상계할 수 있는 권리를 회사가 보유하고 있고, 순액으로 결제할 의도가 있거나 자산을 실현하는 동시에 부채를 결제하려는 의도가 있는 경우에 상계합니다.\n2.18 종업원급여\xa0\xa0\xa0(1) 퇴직급여 회사는 확정급여제도를 운영하고 있습니다. 일반적으로 확정급여제도는 연령, 근속연수나 급여수준 등의 요소에 의하여 종업원이 퇴직할 때 지급받을 퇴직연금급여의 금액이 확정됩니다. 확정급여제도와 관련하여 재무상태표에 계상된 부채는 보고기간말 현재 확정급여채무의 현재가치에서 사외적립자산의 공정가치를 차감한 금액입니다. 확정급여채무는 매년 독립된 보험계리인에 의해 예측단위적립방식에 따라 산정되며, 확정급여채무의 현재가치는 그 지급시점과 만기가 유사한 우량회사채의 이자율로 기대미래현금유출액을 할인하여 산정됩니다. 한편, 순확정급여부채와 관련한 재측정요소는 기타포괄손익으로 인식됩니다.제도개정, 축소 또는 정산이 발생하는 경우, 과거근무원가 또는 정산으로 인한 손익은 당기손익으로 인식됩니다.  (2) 주식기준보상 \n임직원에게 부여한 주식결제형 주식기준보상은 부여일에 지분상품의 공정가치로 측정되며, 가득기간에 걸쳐 종업원 급여비용으로 인식됩니다. 가득될 것으로 예상되는 지분상품의 수량은 매 보고기간말에 비시장성과조건을 고려하여 재측정되며, 당초 추정치로부터의 변동액은 당기손익과 자본으로 인식됩니다.\n\xa0\n주식선택권의 행사시점에 신주를 발행할 때 직접적으로 관련되는 거래비용을 제외한순유입액은 자본금(명목가액)과 주식발행초과금으로 인식됩니다. (3) 장기종업원급여회사는 장기 근속 임직원에게 장기종업원급여를 제공하고 있습니다. 이 급여를 받을 수 있는 권리는 주로 10년 이상의 장기간 근무한 임직원에게만 주어집니다. 기타장기종업원급여는 확정급여제도와 동일한 방법으로 측정되며, 근무원가, 기타장기종업원급여부채의 순이자 및 재측정요소는 당기손익으로 인식됩니다. 또한, 이러한 부채는 매년 독립적이고 적격한 보험계리사에 의해 평가됩니다. \n2.19 수익인식\xa0\xa0\n1) 수행의무의 식별회사는 일반의약품 및 전문의약품을 고객에게 제공하는 사업을 영위하고 있습니다. 기업회계기준서 제1115호 적용 시 고객과의 계약에서 제품의 판매의 단일 수행의무를 식별합니다. 해당 수행의무는 재화 및 용역의 인도 시점에 이행하는 의무입니다.\n2) 변동대가회사는 받을 권리를 갖게 될 대가를 더 잘 예측할 것으로 예상하는 기댓값 방법을 사용하여 변동 대가를 추정하고, 반품기한이 경과할 때 이미 인식한 누적 수익금액 중 유의적인 부분을 되돌리지 않을 가능성이 매우 높은 금액까지만 변동대가를 거래가격에 포함하여 수익을 인식합니다. 기업이 받았거나 받을 대가 중에서 권리를 갖게 될 것으로 예상하지 않는 금액은 환불부채로 계상합니다.3) 반품회사는 고객에게 환불할 것으로 예상되는 총액을 환불부채로 인식하고 수익을 조정하며, 고객이 반품 권리를 행사할 때 고객으로부터 제품을 회수할 권리를 가지므로 그 자산을 인식하고 해당 금액만큼 매출원가를 조정합니다. 제품을 회수할 권리는 제품의 과거 장부금액에서 제품을 회수하는데 드는 원가를 차감하여 측정합니다.\n2.20 리스\n\xa0\n회사는 영업소 사무실, 통근버스, 물류용 파렛트, 복사기를 리스하고 있습니다. 리스계약은 일반적으로 1~2년의 고정기간으로 체결되지만 연장선택권이 있을 수 있습니다.\n\xa0\n계약에는 리스요소와 비리스요소가 모두 포함될 수 있습니다. 그러나,\xa0회사가 리스이용자인 리스의 경우 리스요소와 비리스요소를 분리하지 않고 하나의 리스요소로 회계처리하는 실무적 간편법을 적용하였습니다.\n\xa0\n리스조건은 개별적으로 협상되며 다양한 계약조건을 포함합니다. 리스계약에 따라 부과되는 다른 제약은 없지만 리스자산을 차입금의 담보로 제공할 수는 없습니다.\n\xa0\n2018년 회계연도까지는 유형자산의 리스를 금융리스 또는 운용리스로 분류하였습니다. 운용리스에 따른 리스료(리스제공자로부터 받은 인센티브를 제외한 순액)는 리스기간에 걸쳐 정액으로 당기손익으로 인식하였습니다.\n\xa0\n2019년 1월 1일부터 회사는 리스된 자산을 사용할 수 있는 리스개시일에 사용권자산과 이에 대응하는 부채를 인식합니다.\n\xa0회사는 계약이 집행가능한 기간 내에서 해지불능기간에 리스이용자가 연장선택권을 행사할 것이 상당히 확실한 경우의 그 대상기간과 종료선택권을 행사하지 않을 것이 상당히 확실한 경우의 그 대상기간을 포함하여 리스기간을 산정합니다. 회사는 리스이용자와 리스제공자가 각각 다른 당사자의 동의 없이 종료할 수 있는 권리가 있는 경우 계약을 종료할 때 부담할 경제적 불이익을 고려하여 집행가능한 기간을 산정합니다. \n리스에서 생기는 자산과 부채는 최초에 현재가치기준으로 측정합니다. 리스부채는 다음 리스료의 순현재가치를 포함합니다.\n-\n받을 리스 인센티브를 차감한 고정리스료(실질적인 고정리스료 포함)\n-\n개시일 현재 지수나 요율을 사용하여 최초 측정한, 지수나 요율(이율)에 따라 달라지는 변동리스료\n-\n잔존가치보증에 따라 회사(리스이용자)가 지급할 것으로 예상되는 금액\n-\n회사(리스이용자)가 매수선택권을 행사할 것이 상당히 확실한 경우에 그 매수선택권의 행사가격\n-\n리스기간이 회사(리스이용자)의 종료선택권 행사를 반영하는 경우에 그 리스를 종료하기 위하여 부담하는 금액\n리스의 내재이자율을 쉽게 산정할 수 있는 경우 그 이자율로 리스료를 할인합니다. 내재이자율을 쉽게 산정할 수 없는 경우에는 리스이용자가 비슷한 경제적 환경에서 비슷한 기간에 걸쳐 비슷한 담보로 사용권자산과 가치가 비슷한 자산을 획득하는 데 필요한 자금을 차입한다면 지급해야 할 이자율인 리스이용자의 증분차입이자율을 사용합니다.\n\xa0\n회사는 증분차입이자율을 다음과 같이 산정합니다.\n-\n가능하다면 개별 리스이용자가 받은 최근 제3자 금융 이자율에 제3자 금융을 받은 이후 재무상태의 변경을 반영\n각 리스료는 리스부채의 상환과 금융원가로 배분합니다. 금융원가는 각 기간의 리스부채 잔액에 대하여 일정한 기간 이자율이 산출되도록 계산된 금액을 리스기간에 걸쳐 당기손익으로 인식합니다.\xa0\n\xa0\n사용권자산은 다음 항목들로 구성된 원가로 측정합니다.\n-\n리스부채의 최초 측정금액\n-\n받은 리스 인센티브를 차감한 리스개시일이나 그 전에 지급한 리스료\n-\n리스이용자가 부담하는 리스개설직접원가\n-\n복구원가의 추정치\n사용권자산은 리스개시일부터 사용권자산의 내용연수 종료일과 리스기간 종료일 중 이른 날까지의 기간동안 감가상각합니다. 회사가 매수선택권을 행사할 것이 상당히 확실한(reasonably certain) 경우 사용권자산은 기초자산의 내용연수에 걸쳐 감가상각합니다.\xa0\n\xa0\n단기리스와 모든 소액자산 리스와 관련된 리스료는 정액 기준에 따라 당기손익으로 인식합니다.\xa0단기리스는 리스기간이 12개월 이하인 리스이며, 소액리스자산은 물류용 파렛트, 사무용 복사기로 구성되어 있습니다.\n- 연장선택권 및 종료선택권\n\xa0\n회사 전체에 걸쳐\xa0일부 부동산 등의 리스계약에\xa0연장선택권 및 종료선택권을\xa0포함하고 있습니다. 이러한 조건들은 계약 관리 측면에서 운영상의 유연성을 극대화하기 위해 사용됩니다. 보유하고 있는 일부 리스계약의 연장선택권 및 종료선택권은 해당 리스제공자가 아니라 회사가 행사할 수 있습니다.\xa02.21 영업부문\xa0\xa0회사는 기업회계기준서 제1108호에 따라 영업부문과 관련된 공시사항을 연결재무제표에 공시하고 있으며, 동 재무제표에는 별도로 공시하지 않았습니다.\n2.22 재무제표 승인회사의 재무제표는\xa02020년 1월 23일자로 이사회에서 승인되었으며,\xa0정기주주총회에서 수정승인될 수 있습니다. 3. 중요한 회계추정 및 가정\n재무제표 작성에는 미래에 대한 가정 및 추정이 요구되며 경영진은 회사의 회계정책을 적용하기 위해 판단이 요구됩니다. 추정 및 가정은 지속적으로 평가되며, 과거 경험과 현재의 상황에 비추어 합리적으로 예측가능한 미래의 사건을 고려하여 이루어집니다. 회계추정의 결과가 실제 결과와 동일한 경우는 드물 것이므로 중요한 조정을유발할 수 있는 유의적인 위험을 내포하고 있습니다.\n\xa0\n다음 회계연도에 자산 및 부채 장부금액의 조정에 영향을 미칠 수 있는 경영진 판단과 유의적 위험에 대한 추정 및 가정은 다음과 같습니다. 일부 항목에 대한 유의적인 판단 및 추정에 대한 추가적인 정보는 개별 주석에 포함되어 있습니다.\n\xa0\n(1) 법인세\n\xa0\n회사의 과세소득에 대한 법인세는 다양한 국가의 세법 및 과세당국의 결정을 적용하여 산정되므로 최종 세효과를 산정하는 데에는 불확실성이 존재합니다(주석22참조).회사는 특정 기간동안 과세소득의 일정 금액을 투자, 임금증가 등에 사용하지 않았을때 세법에서 정하는 방법에 따라 산정된 법인세를 추가로 부담합니다. 따라서, 해당 기간의 당기법인세와 이연법인세를 측정할 때 이에 따른 세효과를 반영하여야 하고, 이로 인해 회사가 부담할 법인세는 각 연도의 투자, 임금증가 등의 수준에 따라 달라지므로 최종 세효과를 산정하는데에는 불확실성이 존재합니다.\n(2) 금융상품의 공정가치\n\xa0\n활성시장에서 거래되지 않는 금융상품의 공정가치는 원칙적으로 평가기법을 사용하여 결정됩니다. 회사는 보고기간말 현재 중요한 시장상황에 기초하여 다양한 평가기법의 선택 및 가정에 대한 판단을 하고 있습니다(주석 5 참조).\n\xa0 (3) 금융자산의 손상\n\xa0\n금융자산의 손실충당금은 부도위험 및 기대손실률 등에 대한 가정에 기초하여 측정됩니다. 회사는 이러한 가정의 설정 및 손상모델에 사용되는 투입변수의 선정에 있어서 회사의 과거 경험, 현재 시장 상황, 재무보고일 기준의 미래전망정보 등을 고려하여 판단합니다(주석 4.1.2 참조).\n(4) 순확정급여부채\n\xa0\n순확정급여부채의 현재가치는 보험수리적방식에 의해 결정되는 다양한 요소들 특히 할인율의 변동에 영향을 받습니다(주석 21 참조).\xa0\n(5) 수익인식 \n회사는 고객에게 제품 판매 후 고객이 반품할 것으로 예상되는 제품에 대하여 환불부채와 회수할 재화에 대한 권리를 인식하고 있습니다. 판매시점에 포트폴리오 수준에서 누적된 경험에 기초하여 기댓값 방법으로 반품율을 예측하고 있으며, 회사의 수익은 예측된 반품율의 변동에 영향을 받습니다.\xa0\n(6) 리스 \n리스기간을 산정할 때에 경영진은 연장선택권을 행사하거나 종료선택권을 행사하지 않을 경제적 유인이 생기게 하는 관련되는 사실 및 상황을 모두 고려합니다. 연장선택권의 대상 기간(또는 종료선택권의 대상 기간)은 리스이용자가 연장선택권을 행사할 것(또는 행사하지 않을 것)이 상당히 확실한 경우에만 리스기간에 포함됩니다.\xa0\n리스의 경우 일반적으로 가장 관련된 요소는 다음과 같습니다.\n- 종료하기 위해(연장하지 않기 위해) 유의적인 벌과금을 부담해야 한다면 일반적으로 회사가 연장선택권을 행사하는 것이(종료선택권을 행사하지 않는 것이) 상당히 확실합니다.\n- 리스개량에 유의적인 잔여 가치가 있을 것으로 예상되는 경우 일반적으로 회사가 연장선택권을 행사하는 것이(종료선택권을 행사하지 않는 것이) 상당히 확실합니다.\n- 위 이외의 경우 회사는 과거 리스 지속기간과 원가를 포함한 그 밖의 요소와 리스된 자산을 대체하기 위해 요구되는 사업 중단을 고려합니다.\n\xa0\xa0\n선택권이 실제로 행사되거나(행사되지 않거나) 회사가 선택권을 행사할(행사하지 않을) 의무를 부담하게 되는 경우에 리스기간을 다시 평가합니다. 리스이용자가 통제할수 있는 범위에 있고 리스기간을 산정할 때에 영향을 미치는 유의적인 사건이 일어나거나 상황에 유의적인 변화가 있을 때에만 회사는 연장선택권을 행사할 것(또는 행사하지 않을 것)이 상당히 확실한지의 판단을 변경합니다.\n\xa0\n4. 재무위험관리\n\xa0\n4.1 재무위험관리요소\xa0\n\xa0\n회사는 여러 활동으로 인하여 시장위험(외환위험, 이자율위험, 가격위험), 신용위험 및 유동성위험과 같은 다양한 재무위험에 노출되어 있습니다. 회사의 전반적인 위험관리정책은 금융시장의 변동성에 초점을 맞추고 있으며 재무성과에 미치는 부정적인영향을 최소화하는데 중점을 두고 있습니다. \xa0\n위험관리는 이사회에서 승인한 정책에 따라 이루어지고 있습니다. 이사회는 전반적인 위험관리에 대한 문서화된 정책, 외환위험, 이자율 위험, 신용 위험, 파생금융상품과 비파생금융상품의 이용 및 유동성을 초과하는 투자와 같은 특정 분야에 관한 문서화된 정책을 검토하고 승인합니다.\n4.1.1 시장위험\xa0\n\xa0\xa0\n(1) 외환위험 \n회사는\xa0국제적으로 영업활동을 영위하고 있어\xa0외환위험,\xa0특히 주로 유로화와 관련된 환율변동위험에 노출되어 있습니다. 외환위험은 인식된 자산과 부채, 해외사업장에 대한 순투자와 관련하여 발생하고 있습니다.\xa0\n경영진은 기능통화에 대한 외환 위험을 관리하도록 하는 정책을 수립하고 있습니다.\n보고기간말 현재 다른 모든 변수가 일정하고 유로화에 대한 원화환율이 10% 변동시 회사의 세후 이익 및 자본에 미치는 영향은 아래 표와 같습니다.\xa0\n(단위: 원)\n구\xa0 \xa0\xa0 분\n세후 이익에 대한 영향\n자본에 대한 영향\n당기\n전기\n당기\n전기\n유로화/원\n상승시\n(594,202,310)\n(323,260,535)\n(594,202,310)\n(323,260,535)\n하락시\n594,202,310\n323,260,535\n594,202,310\n323,260,535\n\xa0(2) 이자율위험이자율위험은 미래의 시장이자율 변동에 따라 예금 또는 차입금 등에서 발생하는 이자수익 및 이자비용이 변동될 위험으로서 이는 주로 변동금리부 조건의 예금에서 발생하고 있습니다.\n보고기간말 현재 다른 모든 변수가 일정하고 이자율의 0.1% 변동시 회사의 세후 이익 및 자본에 미치는 영향은 아래 표와 같습니다.\n(단위: 원)\n구\xa0 \xa0\xa0 분\n세후 이익에 대한 영향\n자본에 대한 영향\n당기\n전기\n당기\n전기\n상승시\n11,628,129\n41,578,835\n11,628,129\n41,578,835\n하락시\n(11,628,129)\n(41,578,835)\n(11,628,129)\n(41,578,835)\n(3) 가격위험\n회사는 재무상태표상 기타포괄손익-공정가치금융자산 또는 당기손익-공정가치금융자산으로 분류되는 회사 보유 지분증권의 가격위험에 노출돼 있습니다.\xa0\xa0\n\xa0\n회사가 보유하고 있는 상장주식은 공개시장에서 거래되고 있으며, KOSDAQ 주가지수 또는 NASDAQ 주가지수에 속해 있습니다.\n보고기간말 현재 다른 모든 변수가 일정하고 주가지수의 10% 변동 시 회사의 세후 이익 및 자본에 미치는 영향은 아래 표와 같습니다.\n(단위: 원)\n지수\xa0\n세후 이익에 대한 영향\xa0\n자본에 대한 영향\xa0\n당기\n전기\xa0\n당기\n전기\xa0\nKOSDAQ\n상승시\n-\n-\n1,951,092,000\n6,618,462,997\n하락시\n-\n-\n(1,951,092,000)\n(6,618,462,997)\nNASDAQ\n상승시\n191,647,179\n928,609,532\n191,647,179\n928,609,532\n하락시\n(191,647,179)\n(928,609,532)\n(191,647,179)\n(928,609,532)\n\xa0당기손익-공정가치 지분증권의 손익은 당기손익에 영향을 미치고 기타포괄손익-공정가치 지분증권의 손익은 자본에 영향을 미칩니다.\n4.1.2 신용위험\xa0\n\xa0\n신용위험은 고객에 대한 신용거래 및 채권 뿐 아니라 현금성자산, 채무상품의 계약 현금흐름, 유리한 파생상품 및 예치금 등에서도 발생합니다. (1) 위험관리회사는 신용위험을 회사 전체 관점에서 관리합니다. 은행 및 금융기관의 경우 제1금융권 등 우량 기관과만 거래합니다. 기업 고객의 경우 외부 신용등급을 확인할 수 있는 경우 동 정보를 사용하고 그 외의 경우에는 내부적으로 고객의 재무상태와 과거 경험 등을 근거로 신용등급을 평가합니다. 고객별 한도는 내부 및 외부 신용등급에 따라 영업본부가 정한 한도를 적용합니다. 경영진은 이러한 고객별 한도의 준수 여부를 정기적으로 검토합니다. 회사의 신용위험은 개별 고객, 산업, 지역 등에 대한 유의적인 집중은 없습니다.(2) 신용보강일부 매출채권에 대해서는 거래상대방이 계약을 불이행하는 경우 이행을 요구할 수 있는 보증 및 담보 등의 신용보강을 제공받고 있습니다. (3) 금융자산의 손상회사는 기대신용손실 모형이 적용되는 다음의 금융자산을 보유하고 있습니다. - 재화 및 용역의 제공에 따른 매출채권(주석 8.(2) 참조)-\xa0상각후원가로 측정하는 기타금융자산(주석 10 참조)- 당기손익-공정가치 측정 금융자산(주석 13 참조)현금성자산도 손상 규정의 적용대상에 포함되나 식별된 기대신용손실은 유의적이지 않습니다.4.1.3 유동성 위험\xa0\n회사는 미사용 차입금 한도를 적정 수준으로 유지하고, 영업 자금 수요를 충족시키기위해 차입금 한도나 약정을 위반하는 일이 없도록 유동성에 대한 예측을 항시 모니터링하고 있습니다. 유동성을 예측하는데 있어 회사의 자금조달 계획, 약정 준수, 회사 내부의 목표재무비율 및 통화에 대한 제한과 같은 외부 법규나 법률 요구사항도 고려하고 있습니다.\n회사의 유동성 위험 분석내역은 다음과 같습니다. 유동성 위험분석에 포함된 금액은 계약상의 할인되지 않은 현금흐름입니다.\n(단위: 원)\n당기말\n3개월 미만\n3개월~1년 이하\n1년 초과\n합계\n매입채무\n9,138,206,688\n-\n-\n9,138,206,688\n기타유동금융부채\n12,194,429,974\n\xa0294,122,942\n-\n12,488,552,916\n리스부채\n107,303,820\n321,911,460\n1,743,856,060\n2,173,071,340\n파생상품부채\n-\n-\n814,903,893\n814,903,893\n(단위: 원)\n전기말\n3개월 미만\n3개월~1년 이하\n합계\n매입채무\n4,218,144,588\n-\n4,218,144,588\n기타유동금융부채\n10,990,043,859\n534,150,000\n11,524,193,859\n4.2 자본위험관리\xa0\n\xa0\n회사의 자본관리 목적은 계속기업으로서 주주 및 이해당사자들에게 이익을 지속적으로 제공할 수 있는 능력을 보호하고 자본비용을 절감하기 위해 최적 자본구조를 유지하는 것입니다.\xa0\n\xa0\n회사는 부채비율에 기초하여 자본을 관리하고 있습니다. 부채비율은 부채총계를 자본총계로 나누어 산출하고 있으며 총부채 및 총자본은 재무제표의 공시된 숫자로 계산합니다.\xa0\xa0\n(단위: 원)\n구\xa0 \xa0\xa0 분\n당기말\n전기말\n부채총계\n57,161,964,780\n80,168,476,223\n자본총계\n342,942,039,726\n426,394,421,079\n부채비율\n17%\n19%\n4.3 금융자산과 금융부채의 상계\n(1) 실행가능한 일괄상계약정 또는 이와 유사한 약정의 적용을 받는 인식된 금융자산의 종류별 내역\n(단위: 원)\n구\xa0 \xa0\xa0 분\n당기말\n자산 총액\n상계된부채총액\n재무상태표표시 순액\n상계되지 않은 금액\n순액\n현금담보\n기타담보\n매출채권\n64,809,108,102\n-\n64,809,108,102\n102,288,619\n18,276,529,181\n46,430,290,302\n(단위: 원)\n구\xa0 \xa0\xa0 분\n전기말\n자산 총액\n상계된부채총액\n재무상태표표시 순액\n상계되지 않은 금액\n순액\n현금담보\n기타담보\n매출채권\n53,464,889,953\n-\n53,464,889,953\n113,934,991\n19,749,265,381\n33,601,689,581\n(2) 실행가능한 일괄상계약정 또는 이와 유사한 약정의 적용을 받는 인식된 금융부채의 종류별 내역\n(단위: 원)\n구\xa0 \xa0\xa0 분\n당기말\n부채총액\n상계된자산총액\n재무상태표표시 순액\n상계되지 않은 금액\n순액\n매출채권\n기타유동금융부채\n153,000,000\n-\n153,000,000\n102,288,619\n50,711,381\n(단위: 원)\n구\xa0 \xa0\xa0 분\n전기말\n부채총액\n상계된자산총액\n재무상태표표시 순액\n상계되지 않은 금액\n순액\n매출채권\n기타유동금융부채\n212,000,000\n-\n212,000,000\n113,934,991\n98,065,009\n5. 공정가치\n5.1 금융상품 종류별 공정가치\n금융상품의 종류별 장부금액 및 공정가치는 다음과 같습니다.\n(단위: 원)\n구\xa0 \xa0 \xa0 분\n당기말\n전기말\n장부금액\n공정가치\n장부금액\n공정가치\n금융자산\n\xa0당기손익-공정가치금융자산\n20,420,648,030\n20,420,648,030\n28,760,006,185\n28,760,006,185\n\xa0기타포괄손익-공정가치금융자산\xa0\n26,043,647,946\n26,043,647,946\n85,352,364,700\n85,352,364,700\n금융부채\n\xa0기타유동금융부채\n5,152,989,756\n5,152,989,756\n4,028,397,189\n4,028,397,189\n\xa0파생상품부채\n814,903,893\n814,903,893\n-\n-\n상기 외 금융자산과 금융부채는 장부금액이 공정가치의 합리적인 근사치이므로 공정가치 공시에서 제외하였습니다.\n5.2 금융상품 공정가치 서열 체계\n공정가치로 측정되는 금융상품은 공정가치 서열체계에 따라 구분되며 정의된 수준들은 다음과 같습니다.\n- 측정일에 동일한 자산이나 부채에 대해 접근할 수 있는 활성시장의(조정하지 않은) 공시가격 (수준 1)- 수준 1의 공시가격 외에 자산이나 부채에 대해 직접적으로나 간접적으로 관측할 수 있는 투입변수 (수준 2)- 자산이나 부채에 대한 관측할 수 없는 투입변수 (수준 3)\n공정가치로 측정되는 금융상품의 공정가치 서열체계 구분은 다음과 같습니다.\n(단위: 원)\n구\xa0 \xa0\xa0 분\n당기말\n수준 1\n수준 2\n수준 3\n합\xa0 \xa0\xa0 계\n공정가치로 측정되는 금융자산\n\xa0당기손익-공정가치금융자산\n2,528,326,901\n-\n17,892,321,129\n20,420,648,030\n\xa0기타포괄손익-공정가치금융자산\n25,740,000,000\n-\n303,647,946\n26,043,647,946\n공정가치로 측정되는 금융부채\n\xa0기타유동금융부채\n-\n-\n5,152,989,756\n5,152,989,756\n\xa0파생상품부채\n-\n-\n814,903,893\n814,903,893\n(단위: 원)\n구\xa0 \xa0\xa0 분\n전기말\n수준 1\n수준 2\n수준 3\n합\xa0 \xa0\xa0 계\n공정가치로 측정되는 금융자산\n\xa0당기손익-공정가치금융자산\n12,250,785,378\n-\n16,509,220,807\n28,760,006,185\n\xa0기타포괄손익-공정가치금융자산\n84,852,089,700\n-\n500,275,000\n85,352,364,700\n공정가치로 측정되는 금융부채\n\xa0기타유동금융부채\n-\n-\n4,028,397,189\n4,028,397,189\n5.3 반복적인 공정가치 측정치의 서열체계 수준 간 이동회사는 공정가치 서열체계의 수준 간 이동을 보고기간 말에 인식합니다. 당기 중 반복적인 측정치의 수준 1과 수준 2간의 대체는 없으며, 반복적인 측정치의 수준 3의 변동 내역은 다음과 같습니다.\n(단위: 원)\n구\xa0 \xa0 분\n당기\n전기\n당기손익-공정가치금융자산\n기타포괄손익-공정가치금융자산\n당기손익-공정가치금융자산\n기타포괄손익-공정가치금융자산\n기초금액\n16,509,220,807\n500,275,000\n14,474,959,419\n500,275,000\n수준3으로의 이동\n-\n-\n-\n-\n총손익\n\xa0 당기손익인식액\n(2,068,132,217)\n-\n(696,843,766)\n-\n\xa0 기타포괄손익인식액\n-\n(196,352,054)\n-\n-\n매입금액\n3,451,232,539\n-\n3,627,708,509\n-\n매도금액\n-\n(275,000)\n(896,603,355)\n-\n기말금액\n17,892,321,129\n303,647,946\n16,509,220,807\n500,275,000\n(단위: 원)\n구\xa0 \xa0 분\n당기\n전기\n기타유동금융부채\n파생상품부채\n기타유동금융부채\n기초금액\n4,028,397,189\n-\n4,028,680,621\n설정\n1,067,055,733\n814,903,893\n-\n외화환산\n57,536,834\n-\n(283,432)\n기말금액\n5,152,989,756\n814,903,893\n4,028,397,189\n5.4 가치평가기법 및 투입변수\n당기말 현재 회사는 공정가치 서열체계에서 수준 3으로 분류되는 반복적인 공정가치측정치에 대해 다음의 가치평가기법을 사용하고 있습니다.\xa0\n(단위:원)\n구\xa0 \xa0\xa0 분\n공정가치\n수준\n가치평가기법\n당기손익-공정가치금융자산\n\xa0시장성없는 지분증권, 수익증권\n17,892,321,129\n3\n현금흐름할인법, 순자산가치법\n기타포괄손익-공정가치금융자산\n\xa0시장성없는 지분증권\n\xa0303,647,946\n3\n현금흐름할인법\n기타유동금융부채\n\xa0조건부대가\n5,152,989,756\n3\n현금흐름할인법\n파생상품부채\n\xa0주주간-풋옵션계약\n814,903,893\n3\n옵션모델\n5.5 수준 3으로 분류된 공정가치 측정치의 가치평가과정회사의 재무부서는 재무보고 목적의 공정가치의 측정을 담당하고 있으며 이러한 공정가치 측정치는 수준 3으로 분류되는 공정가치 측정치를 포함하고 있습니다. 회사의 재무부서는 공정가치 측정내역 및 결과에 대하여 회사의 경영진에게 매 분기 보고하고 있습니다5.6 수준 3으로 분류된 반복적인 공정가치 측정치의 민감도 분석금융상품의 민감도 분석은 통계적 기법을 이용한 관측 불가능한 투입변수의 변동에따른 금융상품의 가치 변동에 기초하여 유리한 변동과 불리한 변동으로 구분하여 이루어집니다. 그리고 공정가치가 두 개 이상의 투입변수에\xa0 영향을 받는 경우에는 가장 유리하거나 또는 가장 불리한 금액을 바탕으로 산출됩니다. 6. 범주별 금융상품\n(1) 금융상품 범주별 장부금액\n(단위: 원)\n재무상태상 자산\n당기말\n상각후원가 측정금융자산\n당기손익공정가치 측정 금융자산\n기타포괄손익공정가치 측정 금융자산\n합계\n현금및현금성자산\n30,779,531,985\n-\n-\n30,779,531,985\n매출채권\n101,469,251,960\n-\n-\n101,469,251,960\n기타유동금융자산\n86,429,432\n-\n-\n86,429,432\n장기매출채권\n8,045,486,389\n-\n-\n8,045,486,389\n당기손익-공정가치금융자산\n-\n20,420,648,030\n-\n20,420,648,030\n기타포괄손익-공정가치금융자산\n-\n-\n26,043,647,946\n26,043,647,946\n기타비유동금융자산\n1,650,958,614\n-\n-\n1,650,958,614\n합\xa0 \xa0\xa0 계\n142,031,658,380\n20,420,648,030\n26,043,647,946\n188,495,954,356\n(단위: 원)\n재무상태상 자산\n전기말\n상각후원가 측정금융자산\n당기손익공정가치 측정 금융자산\n기타포괄손익공정가치 측정 금융자산\n합계\n현금및현금성자산\n98,384,086,395\n-\n-\n98,384,086,395\n매출채권\n86,483,805,123\n-\n-\n86,483,805,123\n기타유동금융자산\n117,191,267\n-\n-\n117,191,267\n장기매출채권\n16,780,186,819\n-\n-\n16,780,186,819\n당기손익-공정가치금융자산\n-\n28,760,006,185\n-\n28,760,006,185\n기타포괄손익-공정가치금융자산\n-\n-\n85,352,364,700\n85,352,364,700\n기타비유동금융자산\n2,138,821,219\n-\n-\n2,138,821,219\n합\xa0 \xa0\xa0 계\n203,904,090,823\n28,760,006,185\n85,352,364,700\n318,016,461,708\n(단위: 원)\n재무상태상 부채\n당기말\n상각후원가측정 금융부채\n당기손익-공정가치측정 금융부채\n합\xa0\xa0 계\n매입채무\n9,138,206,688\n-\n9,138,206,688\n기타유동금융부채\n7,335,563,160\n5,152,989,756\n12,488,552,916\n파생상품부채\n-\n814,903,893\n814,903,893\n합\xa0 \xa0\xa0 계\n16,473,769,848\n5,967,893,649\n22,441,663,497\n(단위: 원)\n재무상태상 부채\n전기말\n상각후원가측정 금융부채\n당기손익-공정가치측정 금융부채\n합\xa0\xa0 계\n매입채무\n4,218,144,588\n-\n4,218,144,588\n기타유동금융부채\n7,495,796,670\n4,028,397,189\n11,524,193,859\n합\xa0 \xa0\xa0 계\n11,713,941,258\n4,028,397,189\n15,742,338,447\n(2) 금융상품 범주별 순손익\n(단위: 원)\n구\xa0 \xa0\xa0 분\n당기\n전기\n당기손익-공정가치 측정 금융자산\n\xa0 평가손익\n(11,790,590,694)\n3,473,097,607\n\xa0 처분손익\n-\n622,873,743\n\xa0 배당금수익\n-\n6,023,764,170\n기타포괄손익-공정가치 측정 금융자산\n\xa0 평가손익\n168,504,346\n(34,084,856,400)\n\xa0 처분손익\n(26,205,535,912)\n(2,118,161,078)\n\xa0 배당금수익\n22,000\n-\n상각후원가 측정 금융자산\n\xa0 대손상각비\n(1,126,014,150)\n(672,948,976)\n\xa0 이자수익\n1,976,317,136\n928,681,737\n\xa0 외환손익\n(64,809,826)\n-\n상각후원가 측정 금융부채\n\xa0 이자비용\n(19,594,518)\n-\n\xa0 외환손익\n198,955,207\n24,276,146\n당기손익-공정가치 측정 금융부채\n\xa0 파생상품평가손실\n(814,903,893)\n-\n\xa0 외환손익\n(57,536,834)\n283,432\n7. 현금및현금성자산\n(1) 현금및현금성자산의 내역\n(단위: 원)\n구\xa0 \xa0\xa0 분\n당기말\n전기말\n현금\n14,884,580\n15,044,386\n보통예금\n15,764,647,405\n15,617,247,066\nMMT\n-\n37,685,749,022\n정기예금\n15,000,000,000\n45,066,045,921\n합\xa0 \xa0\xa0 계\n30,779,531,985\n98,384,086,395\n8. 매출채권\n(1) 매출채권 및 손실충당금의 내역\n(단위: 원)\n구\xa0 \xa0\xa0 분\n당 기 말\n전 기 말\n유동\n비유동\n유동\n비유동\n매출채권\n103,103,766,429\n9,090,909,091\n87,591,769,022\n18,181,818,182\n차감: 손실충당금\n(1,634,514,469)\n(291,818,182)\n(1,107,963,899)\n-\n차감: 현재가치할인차금\n-\n(753,604,520)\n-\n(1,401,631,363)\n매출채권(순액)\n101,469,251,960\n8,045,486,389\n86,483,805,123\n16,780,186,819\n매출채권은 정상적인 영업 과정에서 판매된 재화나 용역에 대하여 고객이 지불해야 할 금액입니다. 최초 인식시점에 매출채권이 유의적인 금융요소를 포함하지 않는 경우에는 거래가격을 공정가치로 측정합니다. 회사는 계약상 현금 흐름을 회수하는 목적으로 매출채권을 보유하고 있으므로 유효이자율법을 사용하여 상각후원가로 측정하고 있습니다. (2) 매출채권 손실충당금의 측정회사는 매출채권에 대해 전체 기간 기대신용손실을 손실충당금으로 인식하는 간편법을 적용합니다. 기대신용손실을 측정하기 위해 매출채권은 신용위험 특성과 경과일을 기준으로 구분하였습니다. 기대신용손실률은 2019년 12월 31일 및 2018년 12월 31일 기준으로부터 각 3년이상 기간 동안의 매출과 관련된 지불 정보와 관련 확인된 신용손실 정보를 근거로 산출하였습니다. \n기초와 기말의 매출채권의 경과기간별 손실충당금 내역은 다음과 같습니다.\xa0\n(단위: 원)\n\u3000구\xa0 \xa0 분\n6개월 이하\n6개월 초과\n1년 초과\n2년 초과\n계\n당기말\n기대 손실률\n1.23%\n1.69%\n7.21%\n100.00%\n\u3000\n총 장부금액\xa0\n93,112,095,455\n13,809,213,482\n5,093,117,831\n180,248,752\n112,194,675,520\n손실충당금\n(1,145,756,074)\n(232,916,706)\n(367,411,119)\n(180,248,752)\n(1,926,332,651)\n당기초\xa0\n기대 손실률\n0.69%\n0.42%\n0.49%\n95.29%\n\u3000\n총 장부금액\xa0\xa0\n90,373,753,493\n13,725,987,331\n1,230,985,485\n442,860,895\n105,773,587,204\n손실충당금\n(622,053,625)\n(57,879,808)\n(6,031,829)\n(421,998,637)\n(1,107,963,899)\n(3) 매출채권 손실충당금의 변동내역\n(단위: 원)\n구\xa0 \xa0 분\n당기\n전기\n기초\xa0\n1,107,963,899\n412,219,827\n당기손익으로 인식된 손실충당금의 증가\xa0\n1,126,014,150\n672,948,976\n회수가 불가능하여 당기중 제각된 금액\n(310,992,152)\n(10,762,020)\n환입된 미사용 금액\xa0\n3,346,754\n33,557,116\n기말\xa0\n1,926,332,651\n1,107,963,899\n매출채권은 회수를 더 이상 합리적으로 예상할 수 없는 경우 제각됩니다. 매출채권에 대한 손상은 손익계산서상 대손상각비로 순액으로 표시되고 있습니다. 제각된 금액의 후속적인 회수는 동일한 계정과목에 대한 차감으로 인식하고 있습니다.\n당기말 현재\xa0매출채권의 신용위험의 최대노출금액은 장부금액 전액이며, 회사는 거래처의 매출채권에 대하여\xa0담보가액\xa022,650백만원(전기말:\xa024,540백만원)\xa0등의 신용보강을 제공받고 있습니다.\n9. 계약자산과 계약부채\n(단위: 원)\xa0\n구 분\n당기말\n전기말\n유동\n비유동\n합계\n비유동\n계약자산 - 예상 고객반품\n931,951,671\n252,555,341\n1,184,507,012\n1,216,204,130\n계약부채 - 반품충당부채\n4,022,942,813\n2,034,882,774\n6,057,825,587\n4,974,293,553\n계약부채 - 수금할인 변동대가\n611,041,167\n-\n611,041,167\n-\n10. 기타금융자산\n(단위: 원)\n구\xa0 \xa0\xa0 분\n당기말\n전기말\n유동\n비유동\n유동\n비유동\n미수금\n47,913,677\n-\n23,277,745\n-\n미수수익\n38,515,755\n-\n93,913,522\n-\n장기금융상품(*)\n-\n3,000,000\n-\n3,000,000\n보증금\n-\n1,899,001,219\n-\n2,135,821,219\n\xa0 현재가치할인차금\n-\n(251,042,605)\n-\n-\n합\xa0 \xa0\xa0 계\n86,429,432\n1,650,958,614\n117,191,267\n2,138,821,219\n(*) 장기금융상품은 당좌개설보증금이며, 사용이 제한되어 있습니다. 상각후원가로 측정하는 기타금융자산은 모두 신용위험이 낮은 것으로 판단되며, 따라서 손실충당금은 12개월 기대신용손실로 인식하였습니다. 기타금융자산은 채무불이행 위험이 낮고 단기간 내에 계약상 현금흐름을 지급할 수 있는 발행자의 충분한 능력이 있는 경우 신용위험이 낮은 것으로 간주합니다. 기타금융자산과 관련하여 회사가 보유하고 있는 담보는 없습니다.11. 기타유동자산\n(단위: 원)\n구\xa0 \xa0\xa0 분\n당기말\n전기말\n선급금\n170,513,935\n150,064,593\n선급비용\n209,047,263\n206,846,967\n합\xa0 \xa0\xa0 계\n379,561,198\n356,911,560\n12. 재고자산\n(단위: 원)\n구\xa0 \xa0\xa0 분\n당기말\n전기말\n상품\n5,963,660,465\n5,567,238,035\n제품\n16,375,032,897\n14,956,429,778\n반제품\n-\n55,447,950\n재공품\n6,420,833,469\n4,016,222,719\n원재료\n15,634,702,715\n9,225,054,211\n저장품\n24,243,304\n6,126,811\n미착품\n68,498,849\n750,283,980\n평가손실충당금\n(1,067,241,467)\n(24,119,924)\n합\xa0 \xa0\xa0 계\n43,419,730,232\n34,552,683,560\n당기 중 회사는 재고자산평가손실 1,043백만원(전기: 2백만원 환입)을 인식하였으며,손익계산서의 \'매출원가\'에 가산(차감)되었습니다.\n13. 당기손익-공정가치금융자산\n(1) 당기손익-공정가치금융자산\n(단위: 원)\n구\xa0 \xa0\xa0 분\n당기말\n전기말\n\xa0 지분상품\n\xa0 \xa0 Acer Therapeutics Inc.\n2,528,326,901\n12,250,785,378\n\xa0 \xa0 CytoSite BioPharma Inc.\xa0\n1,294,199,391\n847,122,345\n\xa0 수익증권\n\xa0 \xa0 메디카제일호사모펀드\n-\n978,945,000\n\xa0 \xa0 TVM Life Science Ventures Ⅶ, L.P\n13,887,437,032\n14,683,153,462\n\xa0 \xa0 TVM Life Science Innovation II SCSp\n970,575,475\n-\n\xa0 \xa0 KDB 오픈이노베이션 제2호\n300,000,000\n-\n\xa0 채무상품\n\xa0 \xa0 ASLAN Pharmaceuticals\xa0\n1,440,109,231\n-\n합\xa0 \xa0 \xa0\xa0 계\n20,420,648,030\n28,760,006,185\n(2) 당기손익으로 인식된 금액\n(단위: 원)\n구 분\n당기\n전기\n당기손익-공정가치금융자산 평가손익\n(11,790,590,694)\n3,473,097,607\n당기손익-공정가치금융자산 처분손익\n-\n622,873,743\n배당금수익\n-\n6,023,764,170\n합\xa0 \xa0 \xa0\xa0 계\n(11,790,590,694)\n10,119,735,520\n(3) 회사는 당기손익-공정가치금융자산에 대한 신용위험에 노출되어 있습니다. 당기말 현재 회사의 관련 최대노출금액은 해당 채무증권의 장부금액(당기말: 1,440백만원)입니다.\n14.\xa0기타포괄손익-공정가치금융자산\n(1) 기타포괄손익-공정가치금융자산\n\xa0(단위: 원)\n구\xa0 \xa0\xa0 분\n당기말\n전기말\n\xa0지분상품\n\xa0 (주)안트로젠\n25,740,000,000\n84,852,089,700\n\xa0 (주)이랜드리테일\n-\n275,000\n\xa0 (주)연합뉴스티브이\n303,647,946\n500,000,000\n합\xa0 \xa0 \xa0\xa0 계\n26,043,647,946\n85,352,364,700\n위 지분상품을 처분하는 경우 관련 기타포괄손익누계액은 당기손익으로 재분류되지 않습니다. \n(2) 기타포괄손익으로 인식된 금액(법인세효과 반영전)\n(단위: 원)\n구 분\n당기\n전기\n기타포괄손익-공정가치금융자산 처분손익\n(26,205,535,912)\n(2,118,161,078)\n기타포괄손익-공정가치금융자산 평가손익\n168,504,346\n(34,084,856,400)\n합\xa0 \xa0 \xa0\xa0 계\n(26,037,031,566)\n(36,203,017,478)\n15. 유형자산\n(1) 유형자산의 내역\n(단위: 원)\n구\xa0 \xa0\xa0 분\n당기말\n원가\n상각누계액\n장부금액\n토지\n75,114,951,000\n\xa0 \xa0 \xa0 \xa0 \xa0 \xa0 \xa0 \xa0 \xa0 \xa0 \xa0\xa0 -\xa0\n75,114,951,000\n건물\n50,321,067,558\n(19,818,064,407)\n30,503,003,151\n구축물\n1,662,203,273\n(793,610,754)\n868,592,519\n기계장치\n37,172,408,511\n(32,138,803,491)\n5,033,605,020\n차량운반구\n1,822,489,336\n(1,379,657,244)\n442,832,092\n공구기구\n5,097,779,631\n(4,531,440,662)\n566,338,969\n비품\n2,168,804,942\n(1,703,618,979)\n465,185,963\n건설중인자산\n130,200,000\n\xa0 \xa0 \xa0 \xa0 \xa0 \xa0 \xa0 \xa0 \xa0 \xa0 \xa0\xa0 -\xa0\n130,200,000\n사용권자산\n2,690,228,795\n(438,635,309)\n2,251,593,486\n합\xa0 \xa0\xa0 계\n176,180,133,046\n(60,803,830,846)\n115,376,302,200\n(단위: 원)\n구\xa0 \xa0\xa0 분\n전기말\n원가\n상각누계액\n장부금액\n토지\n75,114,951,000\n-\n75,114,951,000\n건물\n50,314,481,728\n(18,101,422,666)\n32,213,059,062\n구축물\n1,662,203,273\n(745,906,492)\n916,296,781\n기계장치\n34,648,334,640\n(30,202,259,601)\n4,446,075,039\n차량운반구\n1,715,974,874\n(1,237,847,220)\n478,127,654\n공구기구\n5,124,375,202\n(4,177,394,400)\n946,980,802\n비품\n2,036,360,643\n(1,558,183,379)\n478,177,264\n건설중인자산\n494,250,000\n-\n494,250,000\n합\xa0 \xa0\xa0 계\n171,110,931,360\n(56,023,013,758)\n115,087,917,602\n(2) 유형자산의 변동내역1) 당기\n(단위: 원)\n구\xa0 \xa0\xa0 분\n기초순장부가액\n회계정책의 변경\n취득\n처분\n본계정대체\n감가상각비\n기말순장부가액\n토지\n75,114,951,000\n-\n-\n-\n-\n-\n75,114,951,000\n건물\n32,213,059,062\n-\n6,585,830\n-\n-\n(1,716,641,741)\n30,503,003,151\n구축물\n916,296,781\n-\n-\n-\n-\n(47,704,262)\n868,592,519\n기계장치\n4,446,075,039\n-\n2,672,627,150\n(43,000)\n477,450,000\n(2,562,504,169)\n5,033,605,020\n차량운반구\n478,127,654\n-\n224,196,274\n(42,333,493)\n-\n(217,158,343)\n442,832,092\n공구기구\n946,980,802\n-\n146,057,083\n(15,000)\n-\n(526,683,916)\n566,338,969\n비품\n478,177,264\n-\n259,202,654\n(46,000)\n-\n(272,147,955)\n465,185,963\n건설중인자산\n494,250,000\n-\n113,400,000\n-\n(477,450,000)\n-\n130,200,000\n사용권자산\n-\n2,520,138,889\n1,165,768,002\n(995,678,096)\n-\n(438,635,309)\n2,251,593,486\n합\xa0 \xa0\xa0 계\n115,087,917,602\n2,520,138,889\n4,587,836,993\n(1,038,115,589)\n-\n(5,781,475,695)\n115,376,302,200\n2) 전기\n(단위: 원)\n구\xa0 \xa0\xa0 분\n기초순장부가액\n취득\n처분\n재평가이익(*)\n본계정대체\n감가상각비\n기말순장부가액\n토지\n14,968,229,794\n-\n-\n60,146,721,206\n-\n-\n75,114,951,000\n건물\n32,702,619,569\n238,000,000\n-\n-\n985,682,120\n(1,713,242,627)\n32,213,059,062\n구축물\n821,001,043\n100,100,000\n-\n-\n42,900,000\n(47,704,262)\n916,296,781\n기계장치\n4,952,899,487\n1,623,322,099\n(3,000)\n-\n22,500,000\n(2,152,643,547)\n4,446,075,039\n차량운반구\n645,104,758\n170,478,808\n(6,500,500)\n-\n-\n(330,955,412)\n478,127,654\n공구기구\n1,306,390,117\n276,143,689\n-\n-\n-\n(635,553,004)\n946,980,802\n비품\n587,281,665\n202,845,308\n(2,897,316)\n-\n-\n(309,052,393)\n478,177,264\n건설중인자산\n1,051,082,120\n494,250,000\n-\n-\n(1,051,082,120)\n-\n494,250,000\n합\xa0 \xa0\xa0 계\n57,034,608,553\n3,105,139,904\n(9,400,816)\n60,146,721,206\n-\n(5,189,151,245)\n115,087,917,602\n(*)\xa0회사의 토지는 2018년 8월 31일을 기준일로 하여 독립된 평가기관에 의하여 재평가 되었습니다. 평가는 비교표준지 공시지가를 기준하여 평가한 금액과 독립적인 제3자와의 거래조건에 따른 거래사례비교법에 의해 평가한 금액에 근거하여 수행되었습니다. 이연법인세를 차감한 후의 재평가잉여금 46,914백만원은 기타포괄손익으로 인식하고 자본항목 중 기타자본항목으로 표시하고 있으며, 동 금액은 주주에 대한 배당금의 재원으로 사용할 수 없습니다. 토지를 역사적원가로 인식하는 경우 장부가액은\xa014,968백만원입니다.\n(3) 토지의 공정가치 서열체계 구분\n(단위:원)\n당기말\n수준 1\n수준 2\n수준 3\n합 계\n토지\n-\n-\n75,114,951,000\n75,114,951,000\n(4) 토지의 반복적인 측정치의 수준 3의 변동내역\n(단위: 원)\n구\xa0 \xa0\xa0 분\n당기말\n전기말\n기초금액\n75,114,951,000\n-\n수준 3으로의 이동\n-\n14,968,229,794\n기타포괄손익인식액\n-\n60,146,721,206\n기말금액\n75,114,951,000\n75,114,951,000\n미실현손익(법인세효과 반영후)\n46,914,442,541\n46,914,442,541\n(5) 가치평가기법 및 투입변수\n구\xa0 \xa0\xa0 분\n공정가치\n수\xa0 준\n가치평가기법\n투입변수\n토지\n75,114,951,000원\n3\n비교표준지 공시지가 기준법\n공시지가 시점수정요인,지역요인, 개별요인 등\n(6) 감가상각비가 포함되어 있는 계정과목별 금액\n(단위: 원)\n구\xa0 \xa0\xa0 분\n당기\n전기\n매출원가\n4,486,734,526\n4,175,308,015\n판매비와관리비\n1,010,886,184\n729,116,600\n경상연구개발비\n283,854,985\n284,726,630\n합\xa0 \xa0\xa0 계\n5,781,475,695\n5,189,151,245\n당기 감가상각비에는 사용권자산 감가상각비가 포함되어 있습니다.\n16.\xa0리스(1) 재무상태표에 인식된 금액\n\xa0\n리스와 관련해 재무상태표에 인식된 금액은 다음과 같습니다.\n(단위: 원)\n구 분\n당기말\n당기초\n사용권자산\n부동산\n1,787,872,048\n1,969,469,682\n차량운반구\n463,721,437\n550,669,206\n합 계\n2,251,593,486\n2,520,138,889\n(단위: 원)\n구 분\n당기말\n당기초\n리스부채\n유동\n422,457,337\n400,409,627\n비유동\n1,609,980,819\n1,828,858,812\n합 계\n2,032,438,156\n2,229,268,439\n당기 중 증가된 사용권자산은 1,166백만원입니다.\n(2) 손익계산서에 인식된 금액\n\xa0\n리스와 관련해서 손익계산서에 인식된 금액은 다음과 같습니다.\n(단위: 원)\n구 분\n당기\n사용권자산의 감가상각비\n\xa0 부동산\n351,687,540\n\xa0 차량운반구\n86,947,769\n합 계\n438,635,309\n리스부채에 대한 이자비용(금융원가에 포함)\n68,119,349\n단기리스료(매출원가 및 관리비에 포함)\n-\n단기리스가 아닌 소액자산 리스료(관리비에 포함)\n117,979,110\n리스부채 측정치에 포함되지 않은 변동리스료(관리비에 포함)\n16,468,068\n당기 중 리스의 총 현금유출은 550백만원입니다.\n(3) 운용리스 이용 내역 - 전기회사는 전기에 각 영업소 사무실, 통근버스, 산업용파레트, 사무용 복사기를 운용리스로 이용하고 있습니다. 리스계약은 일반적으로 1~2년의 고정기간으로 체결되지만일부 연장선택권이 있을 수 있습니다. 리스조건은 개별적으로 협상되며 다양한 계약조건을 포함합니다. 2019년 1월 1일부터 회사는 단기리스와 소액 기초자산 리스를 제외한 이러한 리스에 대하여 사용권자산을 인식하였습니다(주석 37\xa0참조).\xa0\n취소불능 운용리스에 대해 지급이 약정된 최소리스료는 다음과 같습니다.\n(단위: 원)\xa0\n구 분\n전기말\n1년 이내\n547,194,390\n1년 초과 ~ 5년 이내\n1,708,898,520\n5년 초과\n475,654,120\n합 계\n2,731,747,030\n운용리스와 관련한 리스료 내역은 다음과 같습니다.\n(단위: 원)\xa0\n구 분\n전기\n최소리스료\n\xa0410,457,031\n17. 무형자산\n(1) 무형자산의 내역\n(단위: 원)\n구\xa0 \xa0\xa0 분\n당기말\n원가\n상각누계액\n손상차손누계액\n장부금액\n산업재산권\n831,007,573\n(668,317,374)\n-\n162,690,199\n회원권\n1,407,577,554\n-\n(435,014,398)\n972,563,156\n기타의무형자산\n5,651,898,850\n-\n-\n5,651,898,850\n합\xa0 \xa0\xa0 계\n7,890,483,977\n(668,317,374)\n(435,014,398)\n6,787,152,205\n(단위: 원)\n구\xa0 \xa0\xa0 분\n전기말\n원가\n상각누계액\n손상차손누계액\n장부금액\n산업재산권\n807,617,933\n(640,561,277)\n-\n167,056,656\n회원권\n1,407,577,554\n-\n(435,014,398)\n972,563,156\n기타의무형자산\n4,287,946,760\n-\n-\n4,287,946,760\n합\xa0 \xa0\xa0 계\n6,503,142,247\n(640,561,277)\n(435,014,398)\n5,427,566,572\n(2) 무형자산의 변동내역\n1) 당기\n(단위: 원)\n구\xa0 \xa0\xa0 분\n기초\n취득\n상각비\n기말\n산업재산권\n167,056,656\n23,389,640\n(27,756,097)\n162,690,199\n회원권\n972,563,156\n-\n-\n972,563,156\n기타의무형자산\n4,287,946,760\n1,363,952,090\n-\n5,651,898,850\n합\xa0 \xa0\xa0 계\n5,427,566,572\n1,387,341,730\n(27,756,097)\n6,787,152,205\n2) 전기\n(단위: 원)\n구\xa0 \xa0\xa0 분\n기초\n취득\n대체(*)\n상각비\n손상\n기말\n산업재산권\n183,858,389\n11,419,760\n-\n(28,221,493)\n-\n167,056,656\n개발비\n3,872,712,433\n-\n(2,499,111,498)\n(1,373,600,935)\n-\n-\n국고보조금\n(346,466,700)\n-\n346,466,700\n-\n-\n-\n회원권\n1,407,577,554\n-\n-\n-\n(435,014,398)\n972,563,156\n기타의무형자산\n4,244,170,050\n393,627,000\n(349,850,290)\n-\n-\n4,287,946,760\n합\xa0 \xa0\xa0 계\n9,361,851,726\n405,046,760\n(2,502,495,088)\n(1,401,822,428)\n(435,014,398)\n5,427,566,572\n(*) 매출원가로 대체하였습니다.\n(3) 무형자산상각비가 포함되어 있는 계정과목별 금액\n(단위: 원)\n구\xa0 \xa0\xa0 분\n당기\n전기\n판매비와관리비\n27,756,097\n28,221,493\n경상연구개발비\n\xa0 \xa0 \xa0 \xa0 \xa0 \xa0 \xa0 \xa0 \xa0 \xa0\xa0 -\xa0\n1,373,600,935\n합\xa0 \xa0\xa0 계\n27,756,097\n1,401,822,428\n(4) 연구 및 개발활동과 관련하여 지출한 비용\n(단위: 원)\n구\xa0 \xa0\xa0 분\n당기\n전기\n매출원가\n\xa0 연구비\n4,247,499,226\n4,562,355,110\n경상연구개발비\n\xa0 연구비\n3,077,377,844\n3,254,395,597\n\xa0 경상개발비\n12,519,440,684\n20,979,442,039\n소\xa0 \xa0 계\n15,596,818,528\n24,233,837,636\n합\xa0 \xa0 계\n19,844,317,754\n28,796,192,746\n18. 종속기업, 관계기업 및 공동기업 투자주식\n(1) 종속기업, 관계기업 및 공동기업 투자주식현황\n(단위: 원)\n구\xa0 \xa0\xa0 분\n종\xa0 \xa0\xa0 목\n소재국가\n당기말\n전기말\n지분율(%)\n장부금액\n지분율(%)\n장부금액\n종속기업\nContera Pharma A/S(*1)\n덴마크\n94.38\n14,722,207,903\n96.26\n13,655,152,170\n부광메디카(주)\n대한민국\n100\n19,500,000,000\n100\n14,500,000,000\n다이나세라퓨틱스(주)\n대한민국\n100\n3,500,000,000\n100\n3,500,000,000\n소\xa0 \xa0\xa0 계\n37,722,207,903\n31,655,152,170\n공동기업\n비앤오바이오(주)\n대한민국\n50.00\n870,000,000\n50.00\n250,000,000\nJaguAHR Therapeutics(*2)\n싱가포르\n45.00\n2,961,750,000\n-\n-\n소\xa0 \xa0\xa0 계\n3,831,750,000\n250,000,000\n관계기업\n덴탈플랫폼출자조합제1호(*3)\n대한민국\n50.00\n\xa01,387,529,400\n-\n-\n\xa0 ProteKt Therapeutics(*4)\n이스라엘\n17.67\n1,519,310,000\n-\n-\n소\xa0 \xa0\xa0 계\n2,906,839,400\n-\n합\xa0 \xa0\xa0 계\n44,460,797,303\n31,905,152,170\n(*1)\xa0당기 중 불균등유상증자로 인하여 지분율이 하락하였으며, 비지배지분과의 주주간약정과 관련하여 파생상품부채를 인식하였습니다(주석 35 참조).\xa0(*2)\xa0당기 중 신규 설립하였습니다.(*3)\xa0당기 중 신규 설립하였으며, 손상차손 612백만원을 인식하였습니다.(*4) 당기 중 신규 취득하였으며, 지분율이 20%이하이나 임원 선임을 통해 피투자회사에 대한 유의적인 영향력을 보유하는 것으로 판단됩니다. \n(2) 종속기업, 관계기업 및 공동기업투자주식의 변동내역1) 당기\n(단위: 원)\xa0\n구\xa0 \xa0\xa0 분\n종속기업\n공동기업\n관계기업\n합\xa0\xa0 계\n기초금액\n31,655,152,170\n250,000,000\n-\n31,905,152,170\n\xa0 취득\n5,000,000,000\n3,581,750,000\n3,519,310,000\n12,101,060,000\n\xa0 손상\n-\n-\n(612,470,600)\n(612,470,600)\n\xa0 기타(*)\n1,067,055,733\n-\n-\n1,067,055,733\n기말금액\n37,722,207,903\n3,831,750,000\n2,906,839,400\n44,460,797,303\n(*)\xa0당기 중 종속기업인 Contera Pharma A/S와 관련된 조건부대가의 변동을 장부가액에 가산하였습니다(주석 35 참조). 2) 전기\n(단위: 원)\xa0\n구\xa0 \xa0\xa0 분\n종속기업\n공동기업\n관계기업\n합\xa0\xa0 계\n기초금액\n31,655,152,170\n2,500,172,193\n34,155,324,363\n\xa0 취득\n-\n250,000,000\n-\n250,000,000\n\xa0 처분(*)\n-\n-\n(35,109,589)\n(35,109,589)\n\xa0 대체(*)\n-\n-\n(2,465,062,604)\n(2,465,062,604)\n기말금액\n31,655,152,170\n250,000,000\n-\n31,905,152,170\n(*)\xa0전기 중 관계기업인 (주)안트로젠의 지분 일부를 처분함에 따라\xa0잔여지분은 관계기업에서 기타포괄손익-공정가치금융자산으로 재분류되었습니다.\n19. 기타유동금융부채\n(단위: 원)\n구\xa0 \xa0\xa0 분\n당기말\n전기말\n미지급금\n10,481,866,761\n9,787,664,343\n미지급비용\n1,723,686,155\n1,429,529,516\n예수보증금\n283,000,000\n307,000,000\n합\xa0 \xa0\xa0 계\n12,488,552,916\n11,524,193,859\n20. 기타유동부채\n(단위: 원)\n구\xa0 \xa0\xa0 분\n당기말\n전기말\n예수금\n567,420,556\n776,812,066\n부가세예수금\n2,752,906,500\n2,742,751,654\n합\xa0 \xa0\xa0 계\n3,320,327,056\n3,519,563,720\n21. 순확정급여부채회사는 최종임금기준 확정급여제도를 운영하고 있습니다. 연금의 수준은 종업원의 근무기간 및 최종 임금에 근거하여 산출되며, 연금의 대부분은 기금에 적립되어 외부전문 신탁사에 의해 운영되고 있습니다.(1) 순확정급여부채 산정내역\n(단위: 원)\n구\xa0 \xa0\xa0 분\n당기말\n전기말\n확정급여채무의 현재가치\n31,175,687,434\n28,022,019,909\n사외적립자산의 공정가치\n(29,590,688,338)\n(24,132,283,121)\n재무상태표상 순확정급여부채\n1,584,999,096\n\xa03,889,736,788\n(2) 확정급여채무의 변동내역\n(단위: 원)\n구\xa0 \xa0\xa0 분\n당기\n전기\n기초금액\n28,022,019,909\n23,471,278,181\n\xa0당기근무원가\n3,936,802,062\n3,272,695,011\n\xa0이자비용\xa0\n814,419,672\n844,966,647\n\xa0과거근무원가\n795,507,749\n\xa0재측정요소:\n\xa0 인구통계적가정의 변동으로 인한 보험수리적손익\n1,386,694\n-\n\xa0 재무적가정의 변동으로 인한 보험수리적손익\n(223,470,330)\n1,112,996,366\n\xa0 경험적조정으로 인한 보험수리적손익\n(32,499,013)\n(13,442,195)\n\xa0제도에서의 지급액:\n\xa0 급여의 지급\n(1,676,352,210)\n(1,461,981,850)\n\xa0 계열사로부터의 전출입으로 인한 효과\n333,380,650\n-\n기말금액\n31,175,687,434\n28,022,019,909\n(3) 사외적립자산의 변동내용\xa0\n(단위: 원)\n구\xa0 \xa0\xa0 분\n당기\n전기\n기초금액\n24,132,283,121\n21,765,344,066\n\xa0이자수익\n694,338,540\n694,620,894\n\xa0재측정요소:\n\xa0 사외적립자산의 수익\n(303,509,793)\n(386,787,839)\n\xa0기여금:\n\xa0 사용자\n6,000,000,000\n3,500,000,000\n\xa0제도에서의 지급:\n\xa0 급여의 지급\n(1,265,804,180)\n(1,440,894,000)\n\xa0 계열사로부터의 전출입으로 인한 효과\n333,380,650\n-\n기말금액\n29,590,688,338\n24,132,283,121\n(4) 사외적립자산의 구성내역\xa0\n(단위: 원)\n구\xa0 \xa0\xa0 분\n당기말\n전기말\n금액\n구성비(%)\n금액\n구성비(%)\n예적금\n5,432,106,571\n18.36\n\xa02,945,008,985\n12.20\n지분상품\n15,698,333,709\n53.05\n14,049,047,521\n58.22\n채무상품\n7,785,803,820\n26.31\n5,675,960,922\n23.52\n기타\n674,444,238\n2.28\n1,462,265,693\n6.06\n합\xa0 \xa0\xa0 계\n29,590,688,338\n100\n24,132,283,121\n100\n(5) 주요 보험수리적 가정 \n구\xa0 \xa0\xa0 분\n당기\n전기\n할인율\n3.19%\n3.10%\n임금상승률\n4.67%\n4.72%\n(6) 주요 가정의 변동에 따른 당기 확정급여채무의 민감도 분석\n구\xa0 \xa0\xa0 분\n확정급여채무에 대한 영향\n가정의 변동폭\n가정의 증가\n가정의 감소\n할인율\n1.00%\n(7.26%)\n8.36%\n임금상승률\n1.00%\n8.37%\n(7.39%)\n할인율인 우량채 수익률의 하락은 확정급여채무의 증가를 통해 가장 유의적인 위험에 노출되어 있습니다.\n상기의 민감도 분석은 다른 가정은 일정하다는 가정하에 산정되었으나, 실무적으로는 여러 가정이 서로 관련되어 변동됩니다. 주요 보험수리적가정의 변동에 대한 확정급여채무의 민감도는 재무상태표에 인식된 확정급여채무 산정시 사용한 예측단위접근법과 동일한 방법을 사용하여 산정하였습니다. 민감도분석에 사용된 방법 및 가정은\xa0전기와 동일합니다.\n(7) 미래현금흐름에 대한 확정급여제도의 영향당기말 현재 할인되지 않은 연금 급여지급액의 만기분석은 아래와 같습니다.\n(단위: 원)\n구\xa0 \xa0\xa0 분\n1년 미만\n1년~2년 미만\n2년~5년 미만\n5년 이상\n합계\n급여지급액\n4,350,950,456\n3,220,337,167\n10,350,030,847\n17,384,812,486\n35,306,130,956\n확정급여채무의 가중평균만기는\xa08.14년(전기: 8.52년)이며, 2020년 12월 31일로 종료하는 회계연도의 예상기여금은\xa0약 6,000백만원입니다.\xa0\n22. 법인세비용 및 이연법인세 (1) 법인세비용 내역\n(단위: 원)\n구\xa0 \xa0\xa0 분\n당기\n전기\n당기법인세\n\xa0 당기손익에 대한 당기법인세\n14,668,209,896\n18,629,480,194\n\xa0 전기법인세의 조정사항\n-\n3,929,284,420\n총당기법인세\n14,668,209,896\n22,558,764,614\n이연법인세\n\xa0 일시적차이의 증감\n(16,111,152,787)\n29,531,971,615\n\xa0 기타포괄손익에 직접 반영된 이연법인세\n5,769,890,782\n(5,410,446,312)\n\xa0 회계정책의 변경효과\n-\n121,964,245\n총이연법인세\n(10,341,262,005)\n24,243,489,548\n법인세비용\n4,326,947,891\n46,802,254,162\n(2) 법인세비용차감전순이익과 법인세비용 간의 관계\n(단위: 원)\n구\xa0 \xa0\xa0 분\n당기\n전기\n법인세비용차감전순이익\n854,155,829\n197,872,071,986\n적용세율에 따른 세부담액(*)\n165,914,282\n47,423,041,421\n조정사항:\n\xa0 비과세수익으로 인한 효과\n-\n(150,480)\n\xa0 비공제비용으로 인한 효과\n767,147,164\n1,109,852,340\n\xa0 세액공제\n(844,502,671)\n(2,152,105,821)\n\xa0 전기법인세의 조정사항\n-\n3,076,257,951\n\xa0 미환류소득에 대한 법인세\n2,645,011,360\n-\n\xa0 미인식이연법인세자산의 변동\n134,743,532\n(195,946,873)\n\xa0 기타\n1,458,634,224\n(2,458,694,376)\n법인세비용\n4,326,947,891\n46,802,254,162\n(*) 가중평균적용세율은\xa019.42%(전기:\xa023.97%)입니다.\n(3) 기타포괄손익의 각 구성항목과 관련된 법인세 효과\n(단위: 원)\xa0\n구\xa0 \xa0\xa0 분\n당기\n전기\n반영 전\n법인세효과\n반영 후\n반영 전\n법인세효과\n반영 후\n이연법인세\n\xa0순확정급여부채 재측정요소\n(48,927,144)\n10,763,972\n(38,163,172)\n(1,486,342,010)\n326,995,242\n(1,159,346,768)\n\xa0기타포괄손익-공정가치금융자산 평가손실\n168,504,346\n(582,612,881)\n(414,108,535)\n(34,084,856,400)\n7,498,668,408\n(26,586,187,992)\n\xa0기타포괄손익-공정가치금융자산 처분손실\n(26,205,535,912)\n6,341,739,691\n(19,863,796,221)\n(2,118,161,078)\n512,594,980\n(1,605,566,098)\n\xa0유형자산재평가이익\n-\n-\n-\n60,146,721,206\n(13,232,278,665)\n46,914,442,541\n\xa0지분법자본변동\n-\n-\n-\n17,414,988\n(3,831,297)\n13,583,691\n합\xa0 \xa0\xa0 계\n(26,085,958,710)\n5,769,890,782\n(20,316,067,928)\n22,474,776,706\n(4,897,851,332)\n17,576,925,374\n(4) 자본에 직접 반영된 법인세 효과\n(단위: 원)\xa0\n구\xa0 \xa0\xa0 분\n당기\n전기\n당기법인세\n\xa0 자기주식처분이익\n-\n3,116,765,112\n\xa0 주식매수선택권\n76,227,256\n78,034,281\n합\xa0 \xa0\xa0 계\n76,227,256\n3,194,799,393\n(5) 이연법인세자산과 부채의 내역의 회수 및 결제시기\n(단위: 원)\n구\xa0 \xa0\xa0 분\n당기말\n전기말\n이연법인세자산\n\xa0 12개월 후에 결제될 이연법인세자산\n3,845,168,110\n2,915,938,539\n\xa0 12개월 이내에 결제될 이연법인세자산\n1,984,964,311\n418,583,524\n소\xa0 \xa0\xa0 계\n5,830,132,421\n3,334,522,063\n이연법인세부채\n\xa0 12개월 후에 결제될 이연법인세부채\n(16,875,606,834)\n(18,318,829,884)\n\xa0 12개월 이내에 결제될 이연법인세부채\n(5,966,237,186)\n(18,273,300,097)\n소\xa0 \xa0\xa0 계\n(22,841,844,020)\n(36,592,129,981)\n미인식된 이연법인세자산(부채)\n134,743,532\n-\n이연법인세자산(부채) 순액\n(17,146,455,131)\n(33,257,607,918)\n(6) 동일과세당국과 관련된 금액을 상계하기 이전의 이연법인세자산과 부채의 변동1) 당기\n(단위: 원)\n구\xa0 \xa0\xa0 분\n기초\n손익계산서\n기타포괄손익\n기말\n이연법인세부채\n이자수익\n(20,660,975)\n12,187,509\n-\n(8,473,466)\n종속기업투자\n(1,973,907,519)\n-\n-\n(1,973,907,519)\n압축기장충당금\n(1,669,420,650)\n-\n-\n(1,669,420,650)\n유형자산재평가이익\n(13,232,278,665)\n-\n-\n(13,232,278,665)\n기타포괄손익-공정가치금융자산\n(18,252,639,122)\n6,535,748,592\n5,759,126,810\n(5,957,763,720)\n당기손익-공정가치금융자산\n(1,443,223,050)\n1,443,223,050\n\u3000-\n-\n소\xa0 \xa0\xa0 계\n(36,592,129,981)\n7,991,159,151\n5,759,126,810\n(22,841,844,020)\n이연법인세자산\n손실충당금\n26,322,489\n220,355,749\n-\n246,678,238\n재고자산평가충당금\n-\n234,793,123\n-\n234,793,123\n당기손익-공정가치금융자산\n-\n1,150,706,903\n-\n1,150,706,903\n관계기업투자주식\n146,965,359\n134,743,532\n-\n281,708,891\n순확정급여채무\n897,143,221\n137,144,873\n10,763,972\n1,045,052,066\n매출채권\n140,785,806\n(6,356,749)\n-\n134,429,057\n환불자산및환불부채\n826,779,673\n245,350,414\n-\n1,072,130,087\n파생상품부채\n-\n179,278,856\n-\n179,278,856\n무형자산\n95,703,168\n-\n-\n95,703,168\n미지급비용\n251,475,229\n45,458,577\n-\n296,933,806\n국고보조금\n164,739,512\n126,589,119\n-\n291,328,631\n감가상각비\n254,845,188\n16,781,989\n-\n271,627,177\n기타\n529,762,418\n-\n-\n529,762,418\n소\xa0 \xa0\xa0 계\n3,334,522,063\n2,484,846,386\n10,763,972\n5,830,132,421\n실현가능성이 불확실한 부분\n-\n\u3000(134,743,532)\n-\n(134,743,532)\n순\xa0 \xa0\xa0 액\n(33,257,607,918)\n10,341,262,005\n5,769,890,782\n(17,146,455,131)\n2) 전기\n(단위: 원)\n구\xa0 \xa0\xa0 분\n기초\n회계정책변경효과(*)\n손익계산서\n기타포괄손익\n기말\n이연법인세부채\n이자수익\n(4,145,712)\n-\n(16,515,263)\n-\n(20,660,975)\n종속기업투자\n(1,973,907,519)\n-\n-\n-\n(1,973,907,519)\n압축기장충당금\n(1,669,420,650)\n-\n-\n-\n(1,669,420,650)\n유형자산재평가이익\n-\n-\n-\n(13,232,278,665)\n(13,232,278,665)\n기타포괄손익-공정가치금융자산\n-\n-\n(25,751,307,530)\n7,498,668,408\n(18,252,639,122)\n매도가능금융자산 평가손익\n(829,223,221)\n829,223,221\n-\n-\n-\n당기손익-공정가치금융자산\n-\n(829,223,221)\n(613,999,829)\n-\n(1,443,223,050)\n소\xa0 \xa0\xa0 계\n(4,476,697,102)\n-\n(26,381,822,622)\n(5,733,610,257)\n(36,592,129,981)\n이연법인세자산\n손실충당금\n35,152,539\n-\n(8,830,050)\n-\n26,322,489\n매출채권\n-\n121,964,245\n18,821,561\n-\n140,785,806\n관계기업투자주식\n199,129,469\n-\n(48,332,813)\n(3,831,297)\n146,965,359\n순확정급여채무\n-\n-\n570,147,979\n326,995,242\n897,143,221\n환불자산및환불부채\n274,761,215\n-\n552,018,458\n-\n826,779,673\n무형자산\n-\n-\n95,703,168\n-\n95,703,168\n미지급비용\n161,151,661\n-\n90,323,568\n-\n251,475,229\n국고보조금\n208,078,754\n-\n(43,339,242)\n-\n164,739,512\n감가상각비\n68,734,034\n-\n186,111,154\n-\n254,845,188\n기타\n-\n-\n529,762,418\n-\n529,762,418\n소\xa0 \xa0\xa0 계\n947,007,672\n121,964,245\n1,942,386,201\n323,163,945\n3,334,522,063\n실현가능성이 불확실한 부분\n(195,946,873)\n-\n195,946,873\n-\n-\n순\xa0 \xa0\xa0 액\n(3,725,636,303)\n121,964,245\n(24,243,489,548)\n(5,410,446,312)\n(33,257,607,918)\n(*) 전기 중 기준서 제1109호, 1115호의 적용에 따른 회계정책 변경으로 인한 조정효과는 기초이익잉여금에 반영되었습니다. \n(7) 이연법인세자산으로 인식하지 않은 가산할 일시적 차이의 변동 내역\n(단위: 원)\n구\xa0 \xa0\xa0 분\n당기말\n전기말\n사\xa0 \xa0\xa0 유\n관계기업투자주식\n612,470,600\n-\n처분하지 않을 예정\n23. 자본금과 주식발행초과금\n(1) 자본금의 내역\n구\xa0 \xa0\xa0 분\n당기말\n전기말\n발행할 주식의 총수\n80,000,000주\n80,000,000주\n1주당 액면금액\n500원\n500원\n발행한 주식의 수\n\xa063,531,367주\n48,870,283주\n보통주자본금\n31,765,683,500원\n24,435,141,500원\n(2) 자본금 및 주식발행초과금의 변동내역\n(단위: 원)\n구\xa0 \xa0\xa0 분\n주식수(단위: 주)\n보통주\n주식발행초과금\n합\xa0 \xa0\xa0 계\n2018.01.01\n44,564,484\n22,282,242,000\n2,581,379,750\n24,863,621,750\n\xa0 주식배당으로 인한 발행\n4,305,799\n2,152,899,500\n-\n2,152,899,500\n2018.12.31\n48,870,283\n24,435,141,500\n2,581,379,750\n27,016,521,250\n2019.01.01\n48,870,283\n24,435,141,500\n2,581,379,750\n27,016,521,250\n\xa0 주식배당으로 인한 발행\n14,661,084\n\xa07,330,542,000\n-\n\xa07,330,542,000\n2019.12.31\n\xa063,531,367\n31,765,683,500\n2,581,379,750\n34,347,063,250\n24. 기타자본항목(1) 기타자본항목의 내역\n(단위: 원)\n구\xa0 \xa0\xa0 분\n당기말\n전기말\n자기주식처분이익\n23,018,905,016\n23,018,905,016\n자기주식\n(50,159,725,029)\n-\n기타포괄손익-공정가치금융자산 처분손익\n(21,469,362,319)\n(1,605,566,098)\n기타포괄손익-공정가치금융자산 평가손익\n(27,000,296,527)\n(26,586,187,992)\n주식선택권\n514,681,692\n244,421,426\n유형자산재평가이익\n46,914,442,541\n46,914,442,541\n기타\n981,036,962\n981,036,962\n합\xa0 \xa0\xa0 계\n(27,200,317,664)\n42,967,051,855\n(2) 기타포괄손익누계액의 변동내역1) 당기\n(단위: 원)\n구\xa0 \xa0\xa0 분\n기초\n증감\n기말\n기타포괄손익-공정가치금융자산 처분손익\n(1,605,566,098)\n(19,863,796,221)\n(21,469,362,319)\n기타포괄손익-공정가치금융자산 평가손익\n(26,586,187,992)\n(414,108,535)\n(27,000,296,527)\n유형자산재평가손익\n46,914,442,541\n-\n46,914,442,541\n합\xa0 \xa0\xa0 계\n18,722,688,451\n(20,277,904,756)\n(1,555,216,305)\n상기 기타포괄손익누계액의 증감은 법인세 효과가 차감된 후의 금액입니다. 회사는 특정 지분상품투자의 공정가치를 기타포괄손익으로 인식하도록 지정하였습니다(주석14 참조).\xa0\n2) 전기\n(단위: 원)\n구\xa0 \xa0\xa0 분\n기초\n회계정책\n변경의 효과\n증감\n기말\n기타포괄손익-공정가치금융자산 처분손익\n-\n-\n(1,605,566,098)\n(1,605,566,098)\n기타포괄손익-공정가치금융자산 평가손익\n-\n-\n(26,586,187,992)\n(26,586,187,992)\n매도가능금융자산 평가손익\n2,939,973,238\n(2,939,973,238)\n-\n-\n유형자산재평가손익\n-\n-\n46,914,442,541\n46,914,442,541\n지분법자본변동\n(13,583,691)\n-\n13,583,691\n-\n합\xa0 \xa0\xa0 계\n2,926,389,547\n(2,939,973,238)\n18,736,272,142\n18,722,688,451\n(3) 자기주식의 변동내역\n(단위: 주, 원)\n구\xa0 \xa0\xa0 분\n당기\n전기\n주식수\n장부금액\n주식수\n장부금액\n기초금액\n-\n-\n1,506,491\n29,648,520,084\n매입\n2,580,397\n50,159,725,029\n4,295\n109,959,680\n처분\n-\n-\n(1,510,786)\n(29,758,479,764)\n기말금액\n2,580,397\n50,159,725,029\n-\n-\n전기 중 자기주식을 전량 처분하였으며, 이로 인하여 자기주식처분이익(법인세효과반영 전) 12,879백만원을 인식하였습니다.\n25. 주식기준보상\n(1) 회사는 주주총회 결의에 의거 임직원에게 주식선택권을 부여하였는 바, 주요사항은 다음과 같습니다.\n구\xa0 \xa0\xa0 분\n내\xa0 \xa0\xa0 역\n부여일\n2018년 3월 16일\n부여주식수\n150,000주\n부여방법\n신주교부, 자기주식교부, 차액보상 중 이사회가 결정\n행사가격\n19,370원\n행사가능기간\n2020년 3월 16일 ~ 2027년 3월 15일\n(2) 주식선택권의 수량과 가중평균 행사가격의 변동 내역은 다음과 같습니다.\n구\xa0 \xa0\xa0 분\n주식선택권 수량(단위: 주)\n가중평균 행사가격(단위: 원)\n당기\n전기\n당기(*1)\n전기\n기초\n160,000\n-\n25,030\n-\n부여\n-\n160,000\n-\n25,030\n취소(*2)\n(10,000)\n-\n19,370\n-\n기말\n150,000\n160,000\n19,370\n25,030\n(*1) 당기 중 발생한 주식배당으로 인하여 행사가격이 희석되었습니다.(*2) 퇴직으로 인해 주식매수선택권 부여 취소되었습니다.(3) 회사는 주식선택권의 보상원가를 이항모형을 이용한 공정가액접근법을 적용하여산정하였으며, 보상원가를 산정하기 위한 제반 가정 및 변수는 다음과 같습니다.\n무위험이자율\n기대행사기간\n예상주가변동성\n기대배당수익률\n기대권리소멸율\n2.72%\n7년\n10.85%\n0.80%\n0.00%\n(4) 당기 중 회사가 인식한 주식보상비용은 346백만원(전기: 322백만원)이며, 임직원 퇴직으로 인하여 주식선택권 10,000주가 소멸되었습니다.\n26. 이익잉여금(1) 이익잉여금의 구성내역\n(단위: 원)\n구\xa0 \xa0\xa0 분\n당기말\n전기말\n법정적립금\xa0\n\xa0\xa0 이익준비금(주1)\n16,000,000,000\n13,000,000,000\n임의적립금\n\xa0\xa0 기업합리화적립금(주2)\n7,613,625,329\n7,613,625,329\n\xa0\xa0 기타임의적립금\n182,853,041,337\n182,853,041,337\n미처분이익잉여금\n129,328,627,474\n152,944,181,308\n합\xa0 \xa0\xa0 계\n335,795,294,140\n356,410,847,974\n(주1) 회사는 대한민국에서 제정되어 시행 중인 상법의 규정에 따라 납입금의 50%에달할 때까지 매 결산기마다 현금에 의한 이익배당액의 10% 이상을 이익준비금으로 적립하고 있습니다. 동 이익준비금은 현금으로 배당할 수 없으나, 자본전입 또는 결손보전이 가능하며, 자본준비금과 이익준비금의 총액이 자본금의 1.5배를 초과하는 경우 주주총회의 결의에 따라 그 초과한 금액 범위에서 자본준비금과 이익준비금을 감액할 수 있습니다.(주2) 회사는 2002년까지 조세특례제한법에 따른 세액공제 상당액을 기업합리화적립금으로 계상하였으며, 동 적립금은 이월결손금의 보전 및 자본전입에만 사용될 수 있었습니다. 그러나 2002년 12월 11일에 조세특례제한법이 개정되었으며, 동 개정시에 관련조항이 삭제됨으로 인하여 기업합리화적립금은 임의적립금으로 변경되었습니다.\n(2) 이익잉여금처분계산서\n(단위: 원)\n구\xa0 \xa0\xa0 분\n당기\n전기\n미처분이익잉여금\n129,328,627,474\n152,944,181,308\n\xa0 전기이월미처분이익잉여금\n132,839,582,708\n526,155,703\n\xa0 당기순이익(손실)\n(3,472,792,062)\n151,069,817,824\n\xa0 회계정책의 변경효과\n-\n2,507,554,549\n\xa0 순확정급여부채의 재측정요소\n(38,163,172)\n(1,159,346,768)\n이익잉여금처분액\n40,717,897,335\n20,104,598,600\n\xa0 이익준비금\n2,000,000,000\n3,000,000,000\n\xa0 이익소각\n25,003,929,335\n-\n\xa0 배당금\n13,713,968,000\n17,104,598,600\n\xa0 \xa0 현금배당\n\xa0 \xa0 주당배당금(률)\xa0\xa0\xa0 \xa0 당기 200원 (40%)\xa0\xa0\xa0 전기 200원 (40%)\n12,190,194,000\n9,774,056,600\n\xa0 \xa0 주식배당\n\xa0 \xa0 주당배당금(률)\xa0\xa0\xa0 \xa0\xa0당기\xa0 25원\xa0\xa0 (5%)\xa0 \xa0\xa0전기 150원 (30%)\n1,523,774,000\n7,330,542,000\n차기이월미처분이익잉여금\n88,610,730,139\n132,839,582,708\n당기의 이익잉여금처분계산서는\xa02020년 3월 13일\xa0주주총회에서 처분될 예정입니다.(전기 처분 확정일: 2019년 3월 15일)\n27. 판매비와관리비\xa0\n(단위: 원)\n구\xa0 \xa0 \xa0 \xa0\xa0 분\n당기\n전기\n급여\n23,992,502,899\n24,046,478,328\n퇴직급여\n2,754,623,689\n3,297,960,385\n복리후생비\n3,052,781,743\n2,673,808,820\n회의비\n229,579,385\n280,607,270\n여비교통비\n2,515,358,403\n2,607,793,841\n통신비\n92,478,579\n125,313,134\n수도광열비\n129,586,305\n137,021,949\n세금과공과\n1,188,685,133\n1,046,843,760\n지급임차료\n9,502,978\n460,037,057\n감가상각비(*)\n1,010,886,184\n729,116,600\n수선비\n786,398,404\n385,452,455\n보험료\n236,664,939\n186,948,058\n접대비\n84,495,650\n60,835,000\n교육훈련비\n297,341,860\n258,112,711\n광고선전비\n11,464,253,677\n9,451,931,614\n견본비\n127,255,387\n352,754,988\n도서인쇄비\n220,305,837\n213,306,948\n소모품비\n177,488,271\n116,496,768\n차량유지비\n103,758,236\n99,752,816\n운반및포장비\n1,749,045,701\n1,527,150,526\n지급수수료\n1,568,903,414\n2,783,529,259\n노무용역비\n1,288,815,224\n1,175,229,675\n대손상각비\n1,126,014,150\n672,948,976\n무형자산상각비\n27,756,097\n28,221,493\n잡비\n34,346,927\n33,286,091\n합\xa0 \xa0\xa0 계\n54,268,829,072\n52,750,938,522\n(*) 당기 감가상각비에는 사용권자산 감가상각비 439백만원이 포함되어 있습니다.\n28. 경상연구개발비\n(단위: 원)\n구\xa0 \xa0\xa0 분\n당기\n전기\n연구비\n3,077,377,844\n3,254,395,596\n경상개발비\n12,519,440,684\n20,979,442,039\n합\xa0 계\n15,596,818,528\n24,233,837,635\n29. 비용의 성격별 분류\xa0\n(단위: 원)\n구\xa0 \xa0\xa0 분\n당기\n전기\n제품과 재공품의 변동\n(3,219,441,901)\n1,131,051,440\n원재료 및 상품의 사용액\n56,742,044,728\n49,051,756,199\n종업원급여\n44,797,986,596\n43,920,418,626\n감가상각비\n5,781,475,695\n5,189,151,245\n광고선전비\n11,492,193,677\n9,470,461,614\n무형자산상각비\n27,756,097\n1,401,822,428\n지급수수료\n2,576,316,614\n4,371,229,788\n노무용역비\n10,016,907,602\n18,618,820,980\n외주가공비\n8,573,055,590\n7,528,008,908\n여비교통비\n3,105,779,934\n3,114,628,131\n수도광열비\n1,819,780,592\n1,751,113,411\n세금과공과\n2,021,778,396\n1,751,664,791\n운반및포장비\n1,876,923,105\n1,603,976,245\n기타비용\n8,121,479,190\n9,097,392,185\n매출원가, 판매비와관리비 및 경상연구개발비 합계\n153,734,035,915\n158,001,495,991\n30. 기타수익 및 기타비용(1) 기타수익의 내역\n(단위: 원)\n구\xa0 \xa0\xa0 분\n당기\n전기\n임대료수익\n30,000,000\n23,000,000\n관계기업투자주식처분이익\n-\n156,095,163,938\n유형자산처분이익\n25,461,839\n22,594,684\n기타의영업외수익\xa0\n353,471,970\n114,409,422\n\xa0합\xa0 \xa0 \xa0 계\xa0\n408,933,809\n156,255,168,044\n(2) 기타비용의 내역\n(단위: 원)\n구\xa0 \xa0\xa0 분\n당기\n전기\n기부금\n463,310,364\n325,103,468\n유형자산처분손실\n15,844,142\n208,864\n무형자산손상차손\n-\n435,014,398\n관계기업투자주식손상차손\n612,470,600\n-\n기타의영업외비용\n81,953,026\n3,234,548,605\n합\xa0 \xa0\xa0 계\n1,173,578,132\n3,994,875,335\n31. 금융수익 및 금융비용(1) 금융수익의 내역\n(단위: 원)\n구\xa0 \xa0 \xa0 분\n당기\n전기\n이자수익(*1)\n1,976,317,136\n928,681,737\n배당금수익(*2)\n22,000\n6,023,764,170\n당기손익-공정가치금융자산 평가이익\n933,804,068\n5,050,548,363\n당기손익-공정가치금융자산 처분이익\n-\n622,873,743\n외환차익\n163,437,014\n54,012,427\n외화환산이익\n29,222,987\n539,553\n합\xa0 \xa0 \xa0 계\n3,102,803,205\n12,680,419,993\n(*1) 이자수익당기손익-공정가치 측정 금융자산에서 생기는 이자수익은 해당 자산에서 생기는 순 공정가치 평가이익(손실)에 포함합니다. 유효이자율법을 사용한 상각후원가 측정 금융자산과 기타포괄손익-공정가치 측정 금융자산에서 생기는 이자수익은 당기손익 항목인 금융수익으로 인식합니다. 현금관리목적으로 보유하는 금융자산에서 생기는 이자수익은 당기손익 항목인 금융수익으로 표시합니다. 당기 중 상각후원가 측정 금융자산에서 생긴 총 이자수익은 1,976백만원(전기: 929백만원)입니다.(*2) 배당금수익배당금수익은 당기손익-공정가치 측정 금융자산과 기타포괄손익-공정가치 측정 금융자산에서 생긴 수익입니다. 배당금수익은 배당을 받을 권리가 확정된 시점에서 금융수익으로 인식합니다. 해당 금융자산을 취득하기 이전의 이익을 지급받는 경우에도 배당이 명확하게 투자원가의 회수를 나타내지 않는다면 이를 당기손익 항목인 기타수익으로 인식합니다.\n(2) 금융비용의 내역\n(단위: 원)\n구\xa0 \xa0 \xa0 분\n당기\n전기\n당기손익-공정가치금융자산 평가손실\n12,724,394,762\n1,577,450,756\n파생상품평가손실\n814,903,893\n-\n이자비용(*)\n87,713,867\n-\n외환차손\n55,635,901\n29,992,402\n외화환산손실\n60,415,553\n-\n합\xa0 \xa0 \xa0 계\n13,743,063,976\n1,607,443,158\n(*) 기업회계기준서 1116호 도입에 따라 리스부채에 대한 유효이자율법으로 산출된 이자비용(68백만원)이 포함되어 있습니다. \n32. 주당순이익(1) 기본주당순이익기본주당순이익은 회사의 보통주당기순이익을 회사가 매입하여 자기주식으로 보유하고 있는 보통주를 제외한 당기의 가중평균 유통보통주식수로 나누어 산정하였습니다. 당기의 주식배당에 따른 전기의 가중평균유통보통주식수 변경효과를 고려하여 전기 기본주당순이익을 재계산하였습니다.\n(단위: 원)\n구\xa0 \xa0\xa0 분\n당기\n전기\n보통주 당기순이익(손실)\n(3,472,792,062)\n151,069,817,824\n÷ 가중평균 유통보통주식수\n\xa0\xa0 62,104,490주\n62,911,532주\r\n기본주당순이익(손실)\n(56)\n2,401\n\xa0당기 가중평균유통보통주식수\xa0:\xa022,668,138,668\xa0 /\xa0365일 =\xa062,104,490주(전기 가중평균유통보통주식수\xa0:\xa0\xa022,962,709,180 /\xa0365일 =\xa062,911,532주)\n(2)\xa0희석주당순이익희석주당이익은 모든 희석성 잠재적보통주가 보통주로 전환된다고 가정하여 조정한 가중평균 유통보통주식수를 적용하여 산정하고 있습니다. 회사가 보유하고 있는 희석성 잠재적보통주로는 주식선택권이 있으며(주석 25 참조), 주식선택권은 보통주로전환된 것으로 보며 당기순이익에 주식보상비용에서 법인세 효과를 차감한 가액을 보통주 당기순이익에 가산하였습니다. 당기말 현재 회사가 보유중인 희석성 잠재적보통주인 주식선택권은 반희석효과로 인하여 회사의 희석주당순이익은 기본주당순이익과 동일합니다.\n33.\xa0배당금2018년 12월 31일로 종료하는 회계기간에 대한 현금배당금\xa0 9,774백만원과 주식배당금 7,331백만원은 2019년 3월에 지급되었습니다.(전기 현금배당금: 8,612백만원, 주식배당금: 2,153백만원)당 회계연도에 대한 현금배당금 및 주식배당금은 각각 12,190백만원과 1,524백만원이며 2020년 3월 13일로 예정된 정기주주총회에서 의안으로 상정될 예정입니다. 당기의 재무제표는 이러한 미지급배당금을 반영하고 있지 않습니다.\n34. 영업으로부터 창출된 현금\n\xa0\n(1) 영업으로부터 창출된 현금\n(단위: 원)\n구\xa0 \xa0\xa0 분\n당기\n전기\n법인세비용차감전순이익\n854,155,829\n197,872,071,986\n조정항목:\n\xa0 주식보상비용\n346,487,521\n322,455,707\n\xa0 감가상각비(*)\n5,781,475,695\n5,189,151,245\n\xa0 무형자산상각비\n27,756,097\n1,401,822,428\n\xa0 대손상각비\n1,126,014,150\n672,948,976\n\xa0 파생상품평가손실\n814,903,893\n-\n\xa0 유형자산처분이익\n(25,461,839)\n(22,594,684)\n\xa0 유형자산처분손실\xa0\n15,844,142\n208,864\n\xa0 무형자산손상차손\n-\n435,014,398\n\xa0 이자비용\n87,713,867\n-\n\xa0 관계기업투자주식손상차손\n612,470,600\n-\n\xa0 관계기업투자주식처분이익\n-\n(156,095,163,938)\n\xa0 당기손익-공정가치금융자산 평가이익\n(933,804,068)\n(5,050,548,363)\n\xa0 당기손익-공정가치금융자산 평가손실\n12,724,394,762\n1,577,450,756\n\xa0 당기손익-공정가치금융자산 처분이익\n-\n(622,873,743)\n\xa0 이자수익\n(1,976,317,136)\n(928,681,737)\n\xa0 외화환산이익\n(29,222,987)\n(539,553)\n\xa0 배당금수익\n(22,000)\n(6,023,764,170)\n\xa0 외화환산손실\n60,415,553\n-\n영업활동으로 인한 자산부채의 변동\n\xa0 매출채권의 증가\n(16,111,460,987)\n(25,577,476,178)\n\xa0 장기매출채권의 감소(증가)\n9,382,727,273\n(16,780,186,819)\n\xa0 기타유동금융자산의 증가\n(24,635,932)\n(22,827,745)\n\xa0 기타유동자산의 증가\n(49,464,232)\n(94,381,605)\n\xa0 재고자산의 감소(증가)\n(8,867,046,672)\n7,551,647,899\n\xa0 계약자산의 감소(증가)\n31,697,118\n(357,618,609)\n\xa0 매입채무의 증가(감소)\n4,948,899,507\n(846,993,828)\n\xa0 기타유동금융부채의 증가\n12,189,590\n998,576,845\n\xa0 기타유동부채의 증가\n(199,236,664)\n1,101,984,802\n\xa0 순확정급여부채의 증가(감소)\n(2,353,664,836)\n697,460,663\n\xa0 계약부채의 증가\n1,694,573,201\n2,866,793,417\n영업으로부터 창출된 현금\n7,951,381,445\n8,263,937,014\n(*) 당기 감가상각비에는 사용권자산 감가상각비 439백만원이 포함되어 있습니다.(2) 현금의 유입ㆍ유출이 없는 거래 중 중요한 사항\n(단위: 원)\n구\xa0 \xa0\xa0 분\n당기\n전기\n매출채권의 제각\n310,992,152\n10,762,020\n건설중인 자산의 본계정대체\n477,450,000\n1,051,082,120\n종속기업투자주식의 취득\n1,067,055,733\n-\n유형자산 취득 미지급금\n27,250,000\n199,673,100\n유형자산 취득 선급금 대체\n6,585,830\n-\n무형자산 취득 선급금 대체\n20,198,440\n-\n관계기업투자주식의 대체\n-\n2,465,062,604\n(3) 재무활동에서 생기는 부채의 조정내역\xa0\n(단위: 원)\n구\xa0 \xa0\xa0 분\n유동 리스부채\n비유동 리스부채\n당기초\n400,409,627\n1,828,858,812\n현금흐름\n(415,272,581)\n-\n비금융변동(*)\n437,320,291\n(218,877,993)\n당기말\n422,457,337\n1,609,980,819\n(*) 비금융변동에는 리스부채에 대한 유동성대체 및 리스계약 변경으로 인한 당기 리스부채 증감 내역이 포함되어 있습니다.\n35. 우발상황 및 약정사항(1) 회사가 금융기관과 체결하고 있는 약정사항의 내역\n(단위: 원, USD)\n금융기관\n약정사항\n당기말\n전기말\n한도금액\n사용금액\n한도금액\n사용금액\n신한은행\n당좌차월\n3,500,000,000\n-\n3,500,000,000\n-\n일반자금대출\n25,000,000,000\n-\n25,000,000,000\n-\n수입신용장\nUSD 1,300,000\n-\nUSD 1,300,000\nUSD 48,000\nKEB하나은행\n일반자금대출\n10,000,000,000\n-\n10,000,000,000\n-\n수입신용장\nUSD 3,000,000\nUSD 2,400,212\nUSD 3,000,000\nUSD 245,639\n국민은행\n일반자금대출\n40,000,000,000\n-\n10,000,000,000\n-\n상기 약정 이외에 회사는 국민은행과 기업구매론약정(당기말: 한도\xa010,000백만원,\xa0전기말: 한도 10,000백만원)을 맺고 있습니다.\n(2) 회사가 타인으로부터 제공받는 지급보증의 내역\n(단위: 원)\n금융기관\n약정사항\n보증금액\n당기말\n전기말\n서울보증보험\n납품계약이행보증\n10,000,000\n34,489,821\n공탁보증\n4,550,000\n56,500,000\n인허가보증\n12,925,000\n12,925,000\n합\xa0 \xa0\xa0 계\n27,475,000\n103,914,821\n(3) 당기말 현재 회사는 원고로서 진행중인 소송은 물품대금 변제에 대한 시효연장 청구소송 등\xa0총\xa012건(전기말: 11건)으로 소송가액은\xa036백만원(전기말: 57백만원)입니다.\xa0또한 피고로서 진행중인 소송은 1건으로 소송가액은 668백만원입니다.\xa0\xa0(4) 회사는 종속기업인 Contera Pharma A/S와 관련하여 개발 중인 의약품의 허가신청, 시판 승인 및 상용화 조건 달성 여부에 따라 조건부대가를 지급하는 약정을 체결하였습니다. 당기말 현재 회사는 미래에 지불할 가능성이 있는 금액(당기말: 5,153백만원, 전기말:\xa04,028백만원)을 기타유동금융부채로 계상하고 있습니다.(5) 회사는 공동기업인 비앤오바이오(주)를 설립 시 합작투자계약에 의거하여, 설립이후 3년간 주식 또는 신주인수권의 전부 또는 일부를 제3자에게 양도할 수 없습니 다. 또한, 회사는 3년 경과 이후 이사회 결의에 의거 제3자에게 주식 또는 신주인수권을 양도할 수 있으며, 이 경우 상대주주는 우선적으로 해당 주식을 매수할 수 있는 권리를 보유하고 있습니다.(6) 회사는 공동기업인 JaguAHR Therapeutics를 설립 시 합작투자계약에 의거하여, 설립이후 후보물질 선정 및 이사회결의를 통해 USD 2,500,000을 추가로 납입할 수 있으며, 납입완료시 지분율 65%를 확보하여 최대주주가 될 수 있습니다. 다만, 현재 그 납입시기 및 가능성에 대한 합리적인 추정이 불가합니다.(7) 회사가 당기말 현재 보유 중인 당기손익-공정가치측정 금융자산 중 CytoSite BioPharma Inc.에 대한 투자 약정금액은 총\xa0USD\xa01,499,988이며, 현재까지\xa0USD\xa01,124,997에 대한 납입이 완료되었습니다. 잔여금액\xa0USD\xa0375,001는 향후 피투자회사의 마일스톤 달성 여부 등에 따라 추가 납입예정이나, 현재 시점에 그 납입시기를 예상할 수 없습니다.\xa0 (8) 회사가 당기말 현재 보유 중인 당기손익-공정가치측정 금융자산 중 TVM Life Science Innovation II SCSP 에 대한 투자 약정금액은 총 USD 3,000,000이며, 현재까지 USD 309,902에 대한 납입이 완료되었습니다. 잔여금액 USD 2,690,098는 향후 업무집행사원의 출자이행요청에 따라 추가 납입예정이나, 현재 시점에 그 납입시기를 예상할 수 없습니다. (9)\xa0회사가 당기말 현재 보유 중인 당기손익-공정가치측정 금융자산 중\xa0 KDB오픈이노베이션 제2호에 대한 투자 약정금액은 총 5억원이며, 현재까지 3억원 납입이\xa0완료되었습니다. 잔여금액 2억원은 향후 업무집행사원의 출자이행요청에 따라 납입할 예정입니다. (10) 회사가 당기말 현재 보유 중인\xa0\xa0당기손익-공정가치측정 금융자산 중 ASLAN Pharmaceuticals에 대한 채무상품은 전환권이 포함된 대여금입니다. 회사는 대여금 만기전 전환요건 충족시 보통주로 전환가능한 전환옵션을 보유하고 있습니다. 다만, 현재 전환가능성 및 전환가격은 예상 할 수 없습니다. (11) 회사는 당기 중 종속기업인 Contera Pharma A/S의 유상증자를 실시하였으며, 상대주주와 주주간 계약을 체결하였습니다. 본 계약에 의거하여 중대한 사유가 발생될 경우, 상대주주는 회사를 상대로 청산요구권을 행사 할 수 있으며, 상대주주의 청산요구권 행사시 회사는 상대주주가 보유한 종속기업 지분 전체에 대해 회사 및 회사가 지정한 제 3자에게 매도할 것을 청구할 수 있는 권리가 있습니다. 또한 회사는 종속기업이 보유한 지적재산권 및 기술 등의 권리를 제 3자에 매각, 기술이전시 상대주주가 보유한 종속기업 지분 중 일부에 대해\xa0 회사 및 회사가 지정한 제3자에게 매도할 것을 청구할 수 있는 권리가 있습니다. 상대주주는 회사가 종속기업의 지분을 제 3자에게 매각하고자 할 경우, 동일한 조건으로 우선적으로 매도할 수 있는 권리를 보유하고 있습니다.\xa0당기말 현재 회사는 상기 약정과 관련하여 파생상품부채 815백만원을 인식하고 있습니다.\n36. 특수관계자거래\n(1) 종속기업 현황\n기업명\n지분율(%)\n당기말\n전기말\nContera Pharma A/S\n94.38\n96.26\n부광메디카(주)\n100\n100\n다이나세라퓨틱스(주)\n100\n100\n(2) 회사와 매출 등 거래 또는 채권ㆍ채무 잔액이 있는 기타특수관계자\n구분\n당기말\n전기말\n공동기업\n비앤오바이오(주)\n비앤오바이오(주)\nJaguAHR Therapeutics\n-\n관계기업\n덴탈플랫폼투자조합제1호\n-\n\xa0 ProteKt Therapeutics\n-\n(3) 매출 및 매입 등 거래\n(단위: 원)\n구\xa0 \xa0\xa0 분\n기업명\n매출 등\n매입 등\n유무형자산 취득\n유형자산 매각\n당기\n전기\n당기\n전기\n당기\n전기\n당기\n종속기업\nContera Pharma A/S\n-\n-\n-\n-\n-\n388,756,099\n-\n부광메디카(주)\n58,451,526\n(1,113,823,510)\n4,530,042,940\n5,580,459,403\n50,000,000\n-\n6,200,000\n다이나세라퓨틱스(주)\n12,000,000\n12,000,000\n-\n-\n-\n-\n-\n공동기업\n비앤오바이오(주)\n47,424,000\n25,184,700\n-\n-\n-\n-\n-\n합\xa0 \xa0\xa0 계\n117,875,526\n(1,076,638,810)\n4,530,042,940\n5,580,459,403\n50,000,000\n388,756,099\n6,200,000\n(4) 채권ㆍ채무의 주요 잔액\xa0\n(단위: 원)\n구\xa0 \xa0\xa0 분\n기업명\n당기말\n채권\n채무\n기타채권\n매입채무\n기타채무\n종속기업\n부광메디카(주)\n250,000\n868,938,180\n30,000,000\n다이나세라퓨틱스(주)\n200,000\n-\n30,000,000\n공동기업\n비앤오바이오(주)\n3,214,200\n-\n30,000,000\n합\xa0 \xa0\xa0 계\n3,664,200\n868,938,180\n90,000,000\n(단위: 원)\n구\xa0 \xa0\xa0 분\n기업명\n전기말\n채권\n채무\n매출채권\n기타채권\n기타채무\n종속기업\n부광메디카(주)\n258,528,825\n250,000\n30,000,000\n다이나세라퓨틱스(주)\n-\n200,000\n30,000,000\n공동기업\n비앤오바이오(주)\n-\n15,640,000\n30,000,000\n합\xa0 \xa0\xa0 계\n258,528,825\n16,090,000\n90,000,000\n(5) 특수관계자와의 자금 거래\n(단위: 원)\n구\xa0 \xa0\xa0 분\n기업명\n당기\n현금출자\n현금배당\n주식배당\n종속기업\n부광메디카(주)\n5,000,000,000\n-\n-\n공동기업\n비앤오바이오(주)\n620,000,000\n-\n-\n공동기업\nJaguAHR Therapeutics\n2,961,750,000\n-\n-\n관계기업\n덴탈플랫폼투자조합1호\n2,000,000,000\n-\n-\n관계기업\n\xa0 ProteKt Therapeutics\n1,519,310,000\n-\n-\n주요 경영진 등\n-\n2,941,150,000\n4,411,723주\n합\xa0 \xa0 \xa0 계\n12,101,060,000\n2,941,150,000\n4,411,723주\n(단위: 원)\n구\xa0 \xa0\xa0 분\n기업명\n전기\n현금출자\n현금배당\n주식배당\n주식매수선택권\n공동기업\n비앤오바이오(주)\n250,000,000\n-\n-\n-\n주요 경영진 등\n-\n3,040,930,000\n1,520,463주\n100,000주\n합\xa0 \xa0\xa0 계\n250,000,000\n3,040,930,000\n1,520,463주\n100,000주\n(6) 주요 경영진에 대한 보상내역주요 경영진은 등기이사, 미등기이사(상무)와 감사위원회 위원을 포함하고 있습니 다. 종업원 용역의 대가로서 주요 경영진에게 지급되었거나 지급된 보상금액은 다음과 같습니다.\n(단위: 원)\n구\xa0 \xa0\xa0 분\n당기\n전기\n단기종업원 급여\n4,282,668,587\n4,312,722,271\n퇴직급여\n716,644,576\n1,525,846,000\n주식보상비용\n328,619,486\n201,534,817\n합\xa0 \xa0\xa0 계\n5,327,932,649\n6,040,103,088\n37.\xa0회계정책의 변경 \xad기업회계기준서 제1116호 \'리스\'의 적용주석 2.2에서 설명한 것처럼 회사는 기업회계기준서 제1116호를 2019년 1월 1일부터 소급하여 적용하였으나 기준서의 경과 규정에 따라 허용되는 방법으로 전기재무제표를 재작성하지 않았습니다.\xa0따라서 새로운 리스 기준에 따른 재분류와 조정은 2019년1월 1일의 개시 재무상태표에 인식되었습니다.\xa0기업회계기준서 제1116호 \'리스\'의 채택에 따라 인식된 조정내역은 다음과 같습니다.회사는 기업회계기준서 제1116호의 적용으로\xa0종전에 기업회계기준서 제1017호의 원칙에 따라 \'운용리스\'로 분류하였던 리스와 관련하여 리스부채를 인식하였습니다. 해당 리스부채는 2019년 1월 1일 현재 리스이용자의 증분차입이자율로 할인한 나머지 리스료의 현재가치로 측정되었습니다. 2019년 1월 1일 현재 리스부채의 측정에 사용된 리스이용자의 가중평균\xa0증분차입이자율은\xa02.98%입니다.(1) 실무적 간편법의 사용회사는 기업회계기준서 제1116호를 최초 적용하면서 기준서에서 허용하는 다음의 실무적 간편법을 사용하였습니다.\n\xad\n특성이 상당히 비슷한 리스 포트폴리오에 단일 할인율의 적용\n\xad\n리스가 손실부담계약인지에 대한 종전 평가에 의존한 사용권자산의 손상검토- 최초 적용일 현재 손실부담계약은 없습니다.\n\xad\n최초 적용일 현재 12개월 이내에 리스기간이 종료되는 운용리스를 단기리스와 같은 방식으로 회계처리\n\xad\n최초 적용일의 사용권자산 측정에 리스개설직접원가를 제외\n\xad\n연장선택권이나 종료선택권이 있는 계약의 리스기간 결정에 사후판단 사용\n또한 회사는 최초 적용일 현재 계약이 리스에 해당하는지 또는 리스가 내재되었는지를 재평가하지 않았습니다. 대신 최초 적용일 이전에 체결된 계약에 대하여 기업회계기준서 제1017호와 기업회계기준해석서 제2104호 \'약정에 리스가 포함되어 있는지의 결정\'을 적용하여 종전에 리스로 식별된 계약에 기업회계기준서 제1116호를 적용하였습니다.(2) 리스부채의 측정\n(단위: 원)\n구\xa0 \xa0 분\n2019년\n전기말 운용리스약정\n2,549,317,520\n최초 적용일 현재 리스이용자의 증분차입이자율을 사용한 할인액\n2,347,247,549\n가산: 전기말에 인식된 금융리스부채\n-\n(차감): 정액 기준으로 비용 인식되는 단기리스료\xa0\n-\n(차감): 정액 기준으로 비용 인식되는 소액자산리스료\n(117,979,110)\n(차감): 용역계약으로 재검토된 계약\n-\n가산(차감): 연장선택권과 종료선택권에 대한 회계처리 차이로 인한 조정\n-\n가산(차감): 변동리스료에 영향을 미치는 지수나 요율의 변동과 관련된 조정\n-\n최초 적용일 현재 인식된 리스부채\n2,229,268,439\n인식된 리스부채의 유동분류\n유동 리스부채\n400,409,627\n비유동 리스부채\n1,828,858,812\n합계\n2,229,268,439\n(3) 사용권 자산의 측정사용권자산은 리스부채와 동일한 금액에 전기말 현재 재무상태표에 인식된 리스와 관련하여 선급하거나 미지급한 리스료 금액을 조정하여 측정하였습니다. 최초 적용일 현재 사용권자산의 조정이 요구되는 손실부담리스는 없었습니다.(4) 최초 적용일 현재 재무상태표에 인식된 조정회계정책의 변경으로 최초 적용일 현재 재무상태표의 다음 항목이 조정되었습니다.\n\xad\n사용권자산: 2,520백만원 증가\n\xad\n보증금현재가치할인차금: 291백만원 증가\n\xad\n리스부채: 2,229백만원 증가\n최초 적용일 현재\xa0이익잉여금에 미치는 영향은 없습니다. \n(5) 리스제공자 회계처리\n\xa0\n회사는 기업회계기준서 제1116호의 적용에 따라 리스제공자로서 보유하는 자산에 대한 회계처리를 조정할 필요가 없었습니다.\n38.\xa0보고기간 후 사건회사는 보고기간일 이후 자기주식\xa01,740,937주(취득금액 25,003,929,335원)를 취득하였으며, 2020년 2월 12일 이사회결의에 따라 자기주식 1,740,937주를\xa0 소각하였습니다. 그\xa0결과, 총 발행주식수는 63,531,367주에서 61,790,430주로 감소하였으며, 자본금의 변동은 없습니다.\xa0\n']"
